	PolII mean gb	PolII mean promoter
ENSMUSG00000020986	-0.09285488743981	0.2781222724188745
ENSMUSG00000017969	-0.0441421242219675	0.0579842164671071
ENSMUSG00000115244	-0.3698696219434327	-0.4101252064800016
ENSMUSG00000015443	-0.5518522234346357	-0.7487629755414759
ENSMUSG00000112192	-0.2753177226484877	-0.3027737967298124
ENSMUSG00000019494	0.1320649179528862	-0.0734855162747662
ENSMUSG00000116482	-0.2676615760361961	0.4375948863156583
ENSMUSG00000101922	-0.4101006413019698	-0.2347582169652601
ENSMUSG00000103094	-0.0679016360728615	-0.4994660447682865
ENSMUSG00000074785	-0.2466293147715951	0.0401846945557073
ENSMUSG00000002052	-0.0238183599270832	0.2419352789764252
ENSMUSG00000041870	-0.0706575168416645	0.3704993962460926
ENSMUSG00000103143	-0.5390591807464671	-0.5966461211203095
ENSMUSG00000042770	-0.1237373462260783	0.4252759797937605
ENSMUSG00000121296	-0.4140247390404646	-0.3912314282769193
ENSMUSG00000006526	-0.0469295425599328	0.4261841974510488
ENSMUSG00000002881	-0.2303747241615837	0.3899648058129394
ENSMUSG00000020780	-0.0418094168714718	0.4749131989994686
ENSMUSG00000115735	-0.6157403017739091	-0.7518398064172622
ENSMUSG00000040584	-0.2162207267387619	-0.149741433825681
ENSMUSG00000047517	-0.3290657606825072	-0.4466782794185507
ENSMUSG00000120898	-2.0	-2.0
ENSMUSG00000105219	-0.3401668655052038	-0.383268711055938
ENSMUSG00000091936	-0.4763882633911617	-0.511656327746954
ENSMUSG00000072813	-0.5812303211361249	-0.5181849839294966
ENSMUSG00000087687	-0.1482888754224315	0.2374527479390255
ENSMUSG00000024642	-0.0079545016831512	0.4951303811719946
ENSMUSG00000073574	-0.4704400439837396	-0.3398419168092973
ENSMUSG00000121384	-2.0	-2.0
ENSMUSG00000086052	-0.3949057941132468	-0.336893928270339
ENSMUSG00000027804	-0.0583945632197105	0.4035000625522406
ENSMUSG00000085009	-0.0180934559680178	-0.0663002736474526
ENSMUSG00000028597	-0.0848870099467522	0.3754075333087854
ENSMUSG00000015165	0.0274833417267017	0.0213132000864032
ENSMUSG00000085934	-0.556828920543076	-0.414634712960417
ENSMUSG00000021033	-0.0424182829598163	0.4391330304040517
ENSMUSG00000085526	-0.3338738099324504	0.4568040547779177
ENSMUSG00000072723	-0.3594939172686018	-0.099146188039211
ENSMUSG00000103909	-2.0	-2.0
ENSMUSG00000099800	-2.0	-2.0
ENSMUSG00000039878	0.0325317320867945	0.0867449004762539
ENSMUSG00000052833	-0.0099177122846004	0.4133789024285011
ENSMUSG00000071649	-0.2195810042740051	0.3853967608752184
ENSMUSG00000016087	-0.3638887892415848	-0.166029211655413
ENSMUSG00000051184	-0.1352501226395264	0.2659714184422048
ENSMUSG00000111327	-0.2284482341436304	-0.1542995895930856
ENSMUSG00000044641	-0.0591451761026978	0.444819273727736
ENSMUSG00000117039	-0.3158755910013133	-0.4363653960976767
ENSMUSG00000118018	-0.5300366772831689	-0.4308160508902466
ENSMUSG00000049719	-0.2317590861469521	-0.2149254057858643
ENSMUSG00000044213	-0.7657583126387413	-0.7313855732462053
ENSMUSG00000109471	-0.1844450959006587	-0.3659816516888529
ENSMUSG00000111378	-0.3179208402648317	-0.2776695315729674
ENSMUSG00000120686	-0.4058451278806009	0.4771160431546101
ENSMUSG00000102125	-2.0	-2.0
ENSMUSG00000028417	-0.2375052439860344	-0.0216518256978718
ENSMUSG00000121761	-0.3845640449596761	-0.2219405402164136
ENSMUSG00000112265	-0.213454845745841	0.043524096257638
ENSMUSG00000044199	-0.1675153573694226	-0.0244710490717915
ENSMUSG00000072769	-0.2024446872485852	-0.1619579357727241
ENSMUSG00000055933	-0.4714229017027804	-0.4949990373931052
ENSMUSG00000032978	-0.2775618831277741	-0.2257509926752856
ENSMUSG00000051111	-0.3385326164636744	0.0792518855381582
ENSMUSG00000026409	-0.0800302699014727	-0.0722332033939196
ENSMUSG00000003234	-0.1565680030746482	0.3045883191906332
ENSMUSG00000032451	-0.3266800766607735	-0.4332986170914192
ENSMUSG00000018589	-0.7783209363252707	-0.4878283631821323
ENSMUSG00000022722	-0.1919798073274626	0.539457507916469
ENSMUSG00000086613	-0.3802008882545701	-0.3235567990348912
ENSMUSG00000118216	-0.1870346647590444	-0.2678250510286099
ENSMUSG00000030560	-0.3172022570610112	0.2789444200219141
ENSMUSG00000068745	-0.0855180600977089	-0.234636825100935
ENSMUSG00000037138	-0.3626437815232687	-0.3996939696303817
ENSMUSG00000087357	-0.4193983463728141	-0.248323436686677
ENSMUSG00000032496	-0.3248967134941815	-0.3286742088507774
ENSMUSG00000036817	-0.0259444868867749	0.4295911252387872
ENSMUSG00000053461	-0.3090634148111936	-0.3770320580940137
ENSMUSG00000078683	-0.1994187286923815	-0.4214712684312419
ENSMUSG00000024338	-0.2927435659417459	-0.0522753198685737
ENSMUSG00000120614	-0.177098817517603	-0.2448307982012279
ENSMUSG00000074570	-0.1989970136916085	0.178740465659463
ENSMUSG00000085298	-0.1886417933497741	0.1488185146020183
ENSMUSG00000086474	-0.2533323352143651	-0.2770758222999349
ENSMUSG00000063380	-0.6061826770646885	-0.6038899627993847
ENSMUSG00000069208	-0.1011554038467331	0.4751462318257443
ENSMUSG00000110016	-0.3928687272412623	-0.0087551348302616
ENSMUSG00000115774	-0.2395898820818241	-0.5283465666788334
ENSMUSG00000071660	-0.1492938620367479	0.469161386159718
ENSMUSG00000024269	-0.1475867415693648	0.4893959217271294
ENSMUSG00000030695	0.0720586335467094	-0.1343078452017325
ENSMUSG00000118114	-0.6184245764485565	-0.8741675369814556
ENSMUSG00000050379	-0.3859378111006017	0.1858719008041012
ENSMUSG00000043456	-0.2758165712131837	-0.1495292331785392
ENSMUSG00000075702	0.1611837623976464	-0.0851834502134433
ENSMUSG00000032463	-0.0932498288880798	0.5301328193902881
ENSMUSG00000115591	-0.4053725742000301	-0.3087147822203773
ENSMUSG00000108102	-0.3076431496816572	-0.4699591878361246
ENSMUSG00000020420	-0.1217435728473843	0.2607337782293378
ENSMUSG00000096175	-2.0	-2.0
ENSMUSG00000086239	-0.2396764504766768	-0.0789743626968638
ENSMUSG00000101565	-0.3198952044687549	-0.3282079190771897
ENSMUSG00000078898	-2.0	-2.0
ENSMUSG00000033540	-0.0773881894816242	0.4648872946389179
ENSMUSG00000087652	-0.0356290990449096	0.0564554669926825
ENSMUSG00002075770	-0.1845666420678904	-0.5306769878731851
ENSMUSG00000109656	-0.1737472378475816	0.0428149974067894
ENSMUSG00000114457	-0.2610912326185824	0.0917078180368527
ENSMUSG00000096528	-0.2169434060491938	-0.145545788837322
ENSMUSG00000103273	-2.0	-2.0
ENSMUSG00000020788	-0.025808227918369	0.310779568040474
ENSMUSG00000121496	-0.116563888713755	0.540688276555489
ENSMUSG00000020752	-0.0134442130207442	0.3044241721586806
ENSMUSG00000092473	-0.4977428070712305	-0.4788946465893322
ENSMUSG00000097433	-0.0139833405140098	-0.0739772170485262
ENSMUSG00000027244	-0.0481092297322478	0.4084278927265642
ENSMUSG00000024218	0.0048408403833366	0.2357879360722279
ENSMUSG00000038664	-0.0809256750140855	0.5585818628321135
ENSMUSG00000027947	-0.0544292052020851	0.371814760574064
ENSMUSG00000040489	-0.3021637668644081	0.2732726502619927
ENSMUSG00000109761	-0.3348244145920204	-0.2590439328489543
ENSMUSG00000121333	-2.0	-2.0
ENSMUSG00000018548	-0.0175088705804289	0.4203433030609033
ENSMUSG00000070604	-0.001301182652958	-0.1698572733426242
ENSMUSG00000020180	-0.0204395162055815	0.4617973578149387
ENSMUSG00000091345	-0.3258624288679114	-0.4049305664016963
ENSMUSG00000044528	-0.4093921991254445	0.1600792023942555
ENSMUSG00000097181	-0.458234149360131	-0.4657299194636914
ENSMUSG00000048231	-0.3129970586472438	-0.4793598088808435
ENSMUSG00000103932	-0.5667467957925186	-0.4797929840353684
ENSMUSG00000060407	-0.2748703769112158	-0.4882746173129534
ENSMUSG00000121634	-0.4041289476332079	-0.3646527959220789
ENSMUSG00000008763	-0.1120846464254882	0.5153194997950737
ENSMUSG00000085683	-0.3213951348638115	-0.4120262933694056
ENSMUSG00000031479	-0.0652471065404999	0.4583220210091425
ENSMUSG00000000416	-0.4829060214063903	0.0653916166479651
ENSMUSG00000102300	-0.2535236701122805	-0.1090303394244657
ENSMUSG00000023886	-0.3689661629729984	0.0474438782650437
ENSMUSG00000030858	-0.2846434012840685	-0.4070050078033762
ENSMUSG00000079641	0.0352513406077396	0.1900553429336866
ENSMUSG00000094592	-0.3864514840379976	-0.5924411214946319
ENSMUSG00000106427	0.0654138071968316	-0.1082047181958472
ENSMUSG00000108584	0.0324124421155504	-0.0118041473434385
ENSMUSG00000042348	-0.0095506761680928	0.5331604645619192
ENSMUSG00000032482	-0.0163931956817478	-0.0675515022555004
ENSMUSG00000001507	-0.0296646555109616	0.2909578969835717
ENSMUSG00000026830	-0.438601154937255	-0.4187753391677539
ENSMUSG00000086968	-0.15768925320417	0.2317587179807368
ENSMUSG00000042626	-0.1052486423719202	0.2563621811699008
ENSMUSG00000102013	-0.3338462681730097	-0.3264647171489669
ENSMUSG00000049028	-0.3463778984575423	-0.5384126425188831
ENSMUSG00000074607	-0.2205196728006638	-0.0578554758705679
ENSMUSG00000075463	-0.0694813015181245	0.3372211827020438
ENSMUSG00000034570	-0.1043277787892967	-0.5411549777286312
ENSMUSG00000086513	-0.3456049214356573	-0.8128133067195337
ENSMUSG00000090485	-0.3216140235674906	-0.2682256478253238
ENSMUSG00000029490	-0.2782424593105445	0.3069947054748634
ENSMUSG00000079700	-0.3880234097194455	-0.3028468834830587
ENSMUSG00000106473	-0.3686256424739734	-0.2625376376092961
ENSMUSG00000034587	-0.1744557494278293	0.3625929192856875
ENSMUSG00000026027	-0.2015771254336384	0.5358609916936934
ENSMUSG00000107385	-0.0836646168663148	0.3146290548271656
ENSMUSG00000097495	0.402265510382613	-0.3409644759462412
ENSMUSG00000018822	-0.1943700280914228	0.0724945927703765
ENSMUSG00000024426	-0.1797327114536425	0.3499054886249966
ENSMUSG00000102416	-0.241103240077573	-0.2517300851835344
ENSMUSG00000099752	-0.3671873189475122	-0.3925396366045343
ENSMUSG00000029075	-0.0658775276812885	0.1893709294744455
ENSMUSG00000051497	-0.4534158831179318	-0.4591641353113437
ENSMUSG00000061013	-0.3584572803535856	0.1825110882018613
ENSMUSG00000046994	-0.1778048434767724	0.4072991065033921
ENSMUSG00000110282	-0.1472119617432205	-0.088515541163012
ENSMUSG00000013584	-0.4198519775359961	-0.0034934938794565
ENSMUSG00000026309	-0.0226651479262925	0.4399831743934008
ENSMUSG00000028793	-0.0381364832372164	0.4689162674295026
ENSMUSG00000111551	-0.1213070480768683	-0.1682855505468387
ENSMUSG00000073096	-0.0852537339017137	0.4627273377720989
ENSMUSG00000101361	-0.2215742175277169	-0.2766017998462763
ENSMUSG00000037434	-0.0608943726679698	0.3122273016660483
ENSMUSG00000049010	-0.2075193592904677	-0.2007460423322467
ENSMUSG00000017692	-0.2185324318122132	0.0850103554136496
ENSMUSG00000120164	-0.3169340406295123	-0.3905349593706428
ENSMUSG00000120585	-0.0002320621015401	0.1302275946443193
ENSMUSG00000025900	-0.4459658457646668	-0.3945225419253221
ENSMUSG00000027371	-0.064327109118882	0.3902064349954856
ENSMUSG00000042207	-0.0080962448690766	0.2170815748648156
ENSMUSG00000105835	-0.0227599650153282	0.4814589679873189
ENSMUSG00000030717	-0.0116323710223953	0.3833948659136311
ENSMUSG00000112527	-0.1640855551085048	-0.0931303400415217
ENSMUSG00000099962	-2.0	-2.0
ENSMUSG00000106378	-0.3632068207066343	-0.4357866899482484
ENSMUSG00000043385	-0.4824003563116192	-0.4929413989041372
ENSMUSG00000036557	-0.2386700659970372	-0.192617475302419
ENSMUSG00000007817	-0.1401639084516885	0.0978845179775672
ENSMUSG00000100068	-0.100992180306126	-0.2179770962226643
ENSMUSG00000025905	-0.5406343548820187	-0.345864674720431
ENSMUSG00000054648	-0.0398120578521677	0.4891214104126644
ENSMUSG00000113037	-0.253538463545619	-0.2014612222299918
ENSMUSG00000107396	-0.2369288735207865	-0.4107379988145388
ENSMUSG00000060803	-0.0691594287106753	0.247930570907334
ENSMUSG00000100607	-2.0	-2.0
ENSMUSG00000116665	-0.358721861991706	-0.3001196442837139
ENSMUSG00000044595	0.2516698485864996	0.1376148629991349
ENSMUSG00000108800	-0.2903005374426973	0.38825427938703
ENSMUSG00000104046	-0.231984414201108	-0.3567833082232472
ENSMUSG00000093942	-0.1969858720608575	-0.6105480489809946
ENSMUSG00000001440	-0.0285262582932885	0.3756723911922447
ENSMUSG00000106579	-0.7979794688641981	-0.7338035941113698
ENSMUSG00000090622	-2.0	-2.0
ENSMUSG00000009549	-0.3021705596213855	0.4241979829878581
ENSMUSG00000023004	-0.0174197135667721	0.2706392471757857
ENSMUSG00000106989	0.00473577674062	-0.1144136611593588
ENSMUSG00000094991	-0.6526852877335055	-0.6760441499014755
ENSMUSG00000103624	-0.3874642916427089	0.1175274207081476
ENSMUSG00000121364	-0.6175893874945291	-0.7510757628022328
ENSMUSG00000118085	0.2278687157122835	-0.0421276204510012
ENSMUSG00000021786	-2.0	-2.0
ENSMUSG00000072487	-0.1354663741848245	-0.0444760908874324
ENSMUSG00000075576	-0.1151985208653832	0.4110443055946148
ENSMUSG00000096618	-2.0	-2.0
ENSMUSG00000099568	-0.0742340449541112	0.0294547201854254
ENSMUSG00000104235	-0.4049374072504348	-0.4842829543055725
ENSMUSG00000120038	-0.056962346871971	-0.1468260558908087
ENSMUSG00000037235	-0.1542111129390078	0.4429974780474409
ENSMUSG00000120930	-0.6099502725649085	0.5003287045676562
ENSMUSG00000027508	-0.241888127446803	0.2888669065787719
ENSMUSG00000034258	-0.2041106714820481	0.4278715447681151
ENSMUSG00000071748	-0.0679695839721348	0.290909978934313
ENSMUSG00000027661	-0.3222545695642696	-0.2434835635960301
ENSMUSG00000102440	-0.0259410752812261	0.0905435138900964
ENSMUSG00000028278	-0.1776910593948336	0.0761775077654526
ENSMUSG00000116800	-0.487680959597852	-0.4597581438848899
ENSMUSG00000029602	-0.1026631583715412	0.0559217004797224
ENSMUSG00000022428	-0.1653254068319641	0.3991474045932928
ENSMUSG00000109001	-0.4334906224020754	-0.5055952019537883
ENSMUSG00000037514	-0.032468778137126	0.5108105992471119
ENSMUSG00000038456	-0.0130777662416804	0.4560260570684323
ENSMUSG00000079428	-0.4828347281510807	-0.794768561179997
ENSMUSG00000026955	-0.2079148063806453	0.4519874228510564
ENSMUSG00000048763	-0.262578816277616	-0.3139011227196367
ENSMUSG00000001227	-0.1106550383140429	0.0417867667350022
ENSMUSG00000095927	-2.0	-2.0
ENSMUSG00000036751	-0.0635659860251502	0.3501095649008677
ENSMUSG00000005237	-0.1202470374671264	-0.2908119859091514
ENSMUSG00000087411	-0.1676465669995056	0.2045893098801516
ENSMUSG00000019802	-0.068862832284543	0.4768745053704903
ENSMUSG00000049562	-0.0324507134118331	0.3283563588866775
ENSMUSG00000021468	-0.0204722024192053	0.4716158437221027
ENSMUSG00000100544	-2.0	-2.0
ENSMUSG00000109868	-0.1794394269673222	-0.2817717619131548
ENSMUSG00000026896	-0.5025514450189008	-0.4652372343404529
ENSMUSG00000112151	-0.3144008050141925	-0.3459644581972382
ENSMUSG00000032011	-0.0982331503357698	0.1325849682719298
ENSMUSG00000116061	-0.2822499668233247	0.2685983757563454
ENSMUSG00000116672	-0.3139705582684672	-0.1354752732911168
ENSMUSG00000102243	-0.1868292164462822	-0.1382046129772606
ENSMUSG00000019732	-0.1409005086210717	0.4658157402668739
ENSMUSG00000031512	-0.1697607035863934	-0.1754365761035616
ENSMUSG00000075200	-0.3998178260550099	-0.6379139244154323
ENSMUSG00000089991	-0.4068090006966375	-0.6101870683686198
ENSMUSG00000026235	-0.0062227287524391	0.4004378224539611
ENSMUSG00000025921	-0.128045356642662	-0.126148917934209
ENSMUSG00000004069	-0.0538217610158864	0.4026062730888098
ENSMUSG00000063881	-0.3902425742068482	-0.6237359571585548
ENSMUSG00000097415	-0.0546779770535478	0.3615586170302821
ENSMUSG00000087603	-0.3421382936970862	-0.2778574041600662
ENSMUSG00000052387	-0.4005088426958725	-0.0451248467310478
ENSMUSG00000097384	-0.21414263971898	-0.3526999841408707
ENSMUSG00000101768	-0.2650471145782738	-0.2548204904608852
ENSMUSG00000046574	-0.0331064855228174	0.2622227284501054
ENSMUSG00000013668	-0.4605791128951386	-0.4465386134503948
ENSMUSG00000040701	-0.1328014218930363	0.2062134398632664
ENSMUSG00000060332	-0.2960285592626635	-0.3398865590934014
ENSMUSG00000109651	-0.2514953636676562	-0.5475805392549862
ENSMUSG00000021193	-0.0349005090086649	0.4869133894493162
ENSMUSG00000024644	-0.0467910857717188	0.3242425230687946
ENSMUSG00000021087	-0.277890179044942	0.1699951880940524
ENSMUSG00000064129	-0.6752010209691041	-1.0347691274100903
ENSMUSG00000118667	-0.0341923094622256	0.2638901807563027
ENSMUSG00000032548	-0.3321769804523438	0.1574480640239831
ENSMUSG00000029767	-0.0509922430764905	0.5436921549588941
ENSMUSG00000018537	-0.0673383522823482	0.1011804724532287
ENSMUSG00000060530	-0.2974895055822831	-0.3420121036053828
ENSMUSG00000018907	-0.2011932023257203	-0.3034314966759416
ENSMUSG00000026353	-0.0423899357624612	0.4250285535201047
ENSMUSG00000095199	-2.0	-2.0
ENSMUSG00000028159	-0.0215321491688904	0.2676297261875568
ENSMUSG00000018486	-0.284592884069959	-0.1878384226704106
ENSMUSG00000073879	-0.3640490348394932	-0.2043952388500323
ENSMUSG00000102263	-0.3139716321012357	-0.6481110097139805
ENSMUSG00000052334	-2.0	-2.0
ENSMUSG00000041895	-0.1021540574525101	0.4420757029622014
ENSMUSG00000040713	-0.112500065040799	0.4848764273244625
ENSMUSG00000066363	-0.3362396340322594	-0.4344336197927166
ENSMUSG00000050619	-0.0431749555343764	0.4215588500275297
ENSMUSG00000095964	-0.8648883479849762	-0.785236397919165
ENSMUSG00000103977	-2.0	-2.0
ENSMUSG00000066272	-0.643142318967943	-0.3943935309510751
ENSMUSG00000047123	-0.0245249939763991	0.2084607057616654
ENSMUSG00000074807	-0.0371377334108095	0.5376199033506457
ENSMUSG00000046435	-0.6265454311789321	-0.5264031198966118
ENSMUSG00000051054	0.0710943371248156	0.0123764595581091
ENSMUSG00000106726	-0.2977006334010491	-0.5024624057598931
ENSMUSG00000037972	0.0106603054508976	-0.2014608078520998
ENSMUSG00000105728	-0.166406323756312	-0.0185269732804938
ENSMUSG00000023903	-0.1354511867979138	0.0192828281086349
ENSMUSG00000038791	-1.7783802708095933	-2.0
ENSMUSG00000113410	-0.4319861195699745	-0.6178849368701245
ENSMUSG00000029616	-0.0115494965161283	0.2989835633878601
ENSMUSG00000048442	0.0395748775316213	-0.0373750883341929
ENSMUSG00000074991	-0.4782527616913734	-0.5703132727363256
ENSMUSG00000113616	-0.5339537204102772	-0.367604080290186
ENSMUSG00000082376	-2.0	-2.0
ENSMUSG00000081357	-0.7032579157151201	-0.6396187117615583
ENSMUSG00000085275	-0.3256597740192605	0.0261949305376537
ENSMUSG00000086356	-0.2732525841205419	-0.2651257948523091
ENSMUSG00000024914	-0.2796375770062062	0.3164048421250401
ENSMUSG00000045576	-0.0948500530623296	0.5157851220575201
ENSMUSG00000110964	-0.2305244517562336	-0.342663400518138
ENSMUSG00000058071	-0.760740773201077	-0.8412210865012767
ENSMUSG00000089706	-0.3251902798346853	-0.3413104882451928
ENSMUSG00000094328	-2.0	-2.0
ENSMUSG00000030814	-0.0839208118285499	0.3554986443639994
ENSMUSG00000050241	-0.6537279057553417	-0.6953087435931808
ENSMUSG00000076752	-0.4707660465831805	-0.4541218957866527
ENSMUSG00000117955	-0.2833418666708686	-0.1963828531062276
ENSMUSG00000061479	-0.1311664877966382	0.448454634386098
ENSMUSG00000040697	-0.0371032955469388	0.2823923313892061
ENSMUSG00000040423	-0.0396799435691738	0.4844498942023829
ENSMUSG00000072647	0.1664905023332792	-0.0909805381038414
ENSMUSG00000031446	-0.0396095244221515	0.4769443160617469
ENSMUSG00000036693	-0.0666507162150672	0.4869940582206983
ENSMUSG00000079524	0.0203068266622544	-0.0118083422125034
ENSMUSG00000025809	-0.0601987971055873	0.5420798914879018
ENSMUSG00000059366	-0.5290062936995364	-0.5856066552529456
ENSMUSG00000025991	-0.483921768207578	-0.4083900389395725
ENSMUSG00000118396	-0.2462991537457564	-0.2900428369779022
ENSMUSG00000037016	-0.3779856532807467	0.1165340272009569
ENSMUSG00000021234	-0.067081007363229	0.4116698657624321
ENSMUSG00000024524	-0.2740785716992995	-0.1648126138869959
ENSMUSG00000001767	-0.0534983146938433	0.3783702796675983
ENSMUSG00000001249	-0.2442649029670448	0.0490338737951458
ENSMUSG00000109323	-0.2539865539854425	-0.0570009018388962
ENSMUSG00000106719	-0.1401011823148939	-0.1261240657495381
ENSMUSG00000100765	-2.0	-2.0
ENSMUSG00000061510	-0.5137417314378501	0.0206016528132113
ENSMUSG00000111524	-0.3508817777739825	-0.3101553620511437
ENSMUSG00000121553	-2.0	-2.0
ENSMUSG00000026234	-0.0249205495148468	0.3725677433911274
ENSMUSG00000031533	-0.0587576747882571	0.4221480989601216
ENSMUSG00000032191	-0.0742643427357432	0.1692496874049153
ENSMUSG00000047215	-0.0303156722404821	0.189970102594055
ENSMUSG00000100832	-0.5330363415199291	-0.6085980478309588
ENSMUSG00000054200	-0.2976022092141724	0.0373995628787968
ENSMUSG00000121480	-0.0511695688403336	-0.1530279954270623
ENSMUSG00000109383	-0.287056996164318	0.4201208480857029
ENSMUSG00000110634	-0.2733317873265349	-0.187357059138941
ENSMUSG00000044827	-0.2521500787402548	-0.4078185997876858
ENSMUSG00000110106	-0.2559546744579132	-0.182805095509901
ENSMUSG00000059473	-0.3562029855702824	-0.401961243215464
ENSMUSG00000055385	-0.3321389087392621	-0.2535813050567853
ENSMUSG00000021732	-0.4771839713711004	0.1010855081464764
ENSMUSG00000026605	-0.0189240868863946	0.4158737420479467
ENSMUSG00000101172	-0.0614871795602512	0.269980609607763
ENSMUSG00000007209	-0.1090359217793458	-0.170771382701858
ENSMUSG00000087252	-0.64773873696191	0.4300047109272543
ENSMUSG00000003273	-0.0919670971016945	-0.0196297023060259
ENSMUSG00000009418	-0.09239550712946	0.4313515394015179
ENSMUSG00000004044	-0.0261018186769357	0.4225094074997562
ENSMUSG00000052922	-0.2460010754431048	0.0046263907697704
ENSMUSG00000043987	-0.054888549764465	0.394589652476937
ENSMUSG00000054894	-0.1751782900373955	0.4746544180791919
ENSMUSG00000118279	-0.2423522748381434	-0.3089754740664123
ENSMUSG00000084875	-0.880304758373608	-0.9462121991865856
ENSMUSG00000085196	0.0050087348094717	0.2786694768219446
ENSMUSG00000096294	-2.0	-2.0
ENSMUSG00000046679	-0.0779488702849437	0.4215456880232022
ENSMUSG00000094986	-0.7529203852379074	-0.6333154241401808
ENSMUSG00000043122	-0.1417054013882648	-0.2418456812051291
ENSMUSG00000006777	-0.3119897470082614	-0.2698927774550558
ENSMUSG00000028707	-0.133739369370498	0.1593686476082014
ENSMUSG00000017720	-0.0554396553057352	-0.2497803565278686
ENSMUSG00000039457	-0.2413564846254235	-0.0032880381964568
ENSMUSG00000113395	-0.1554691465369984	-0.3593603774673067
ENSMUSG00000025171	-0.0392627340043339	0.3843713376009909
ENSMUSG00000025503	-0.0952697441237539	0.4601644834738901
ENSMUSG00000094441	-0.034458900860056	0.525605527448729
ENSMUSG00000015357	-0.0438470391389946	0.4660058846343132
ENSMUSG00000103000	-0.3048085922480898	-0.2605112000099771
ENSMUSG00000042895	0.0195925479250073	-0.0948996553659618
ENSMUSG00000012428	-0.4502683723126404	0.0042073242576626
ENSMUSG00000067909	-2.0	-2.0
ENSMUSG00000030960	-0.0564695746680523	0.4931068485139844
ENSMUSG00000120648	-0.2427096725163997	-0.0154945594472268
ENSMUSG00000118522	-0.3222813859114352	-0.3932964735041142
ENSMUSG00000034263	-0.0278582819894325	0.4283713228695344
ENSMUSG00000090118	0.0239303353511466	-0.3570453301543942
ENSMUSG00000104901	-0.5938755787201396	0.1691687361606564
ENSMUSG00000001496	-0.2126874800250642	-0.1745319478987333
ENSMUSG00000027287	-0.054782511622834	0.2801383902676684
ENSMUSG00000121330	-2.0	-2.0
ENSMUSG00000083193	-0.0439119022164445	-0.035876668176023
ENSMUSG00000031936	-0.3571514127830312	-0.2179103831415047
ENSMUSG00000112593	0.1924910687710554	-0.1032498589316573
ENSMUSG00000099899	-0.4304773553642627	-0.3162411582842057
ENSMUSG00000030245	-0.041270457149022	0.38888662789972
ENSMUSG00000022383	-0.1962923495934878	0.3649608959097427
ENSMUSG00000106780	-1.184043902989241	-1.1047907858262862
ENSMUSG00000078531	-0.4988742697829128	-0.2554710751855102
ENSMUSG00000040774	-0.1273594529612812	0.5487796777747264
ENSMUSG00000026229	-0.0166921318049555	0.3624496752314499
ENSMUSG00000102561	-0.5228585944838722	-0.2852034988219209
ENSMUSG00000107244	-0.5293484645717489	-0.5182186679136616
ENSMUSG00000086407	-2.0	-2.0
ENSMUSG00000027656	-0.3087089295487695	-0.4571077540733848
ENSMUSG00000086999	-0.328788822534313	0.279820653441204
ENSMUSG00000027132	-0.0280622640105563	0.3516057782953218
ENSMUSG00000003200	-0.0332152364970118	0.1517804122731348
ENSMUSG00000105549	-0.1838880528296627	-0.205045285307373
ENSMUSG00000085919	-0.2928614374910108	-0.3053353199563112
ENSMUSG00000024165	-0.0768502096542949	0.4348795050941162
ENSMUSG00000025930	-0.0436258088104966	0.3929757265409357
ENSMUSG00000031146	-0.2244753272531485	0.2050678808967672
ENSMUSG00000120951	-2.0	-2.0
ENSMUSG00000045251	-0.0043975322601036	0.3989765607861814
ENSMUSG00000001482	-0.0291582914726431	0.3842333078476437
ENSMUSG00000115668	-0.4567837594631431	-0.9715199261879426
ENSMUSG00000117117	-0.4267391007570872	-0.2574945060280819
ENSMUSG00000047502	-0.2152493730452942	-0.1533027336766693
ENSMUSG00000101774	-2.0	-2.0
ENSMUSG00000118414	-0.4317133033800761	-0.3318195364141386
ENSMUSG00000066682	-0.3412397810922098	-0.3415787464505526
ENSMUSG00000006395	0.1234020931856338	0.2387519481098375
ENSMUSG00000034656	-0.0420543153757354	-0.2096699025381126
ENSMUSG00000119948	-0.3577440703364484	0.4588368990997953
ENSMUSG00000107479	-0.3442336375153971	-0.4214575373248488
ENSMUSG00000116380	-0.052885302696842	-0.2425118072979694
ENSMUSG00000099564	-0.1628034873288251	-0.049379707592785
ENSMUSG00000025127	-0.2535893879531651	-0.2428828595691058
ENSMUSG00000024347	-0.2254005626463147	-0.0536055137522419
ENSMUSG00000027488	-0.0550366128579421	0.3826699754879924
ENSMUSG00000096225	-0.3949180855061784	-0.2627599533785769
ENSMUSG00000120457	-0.3530004346107105	-0.0316246577314267
ENSMUSG00000026088	-0.0758418162588356	0.3788334306781538
ENSMUSG00000022378	-0.4683581253699597	0.4000016543481515
ENSMUSG00000112859	-0.4384571490008388	-0.5956302687408508
ENSMUSG00000085463	-0.2817461705161627	-0.4346594690874876
ENSMUSG00000033214	-0.0156016890245681	0.342688703404338
ENSMUSG00000038387	-0.2979354936261333	-0.0946230786395685
ENSMUSG00000074183	-0.2645681441980072	-0.2775269936389791
ENSMUSG00000028567	-0.0543194402995912	0.4456720662127998
ENSMUSG00000090021	-0.3419752406413311	-0.2518479588845933
ENSMUSG00000118061	0.0503442532667575	0.0148051309842895
ENSMUSG00000102466	-0.2382281749524826	0.2568124820591814
ENSMUSG00000029864	-0.2831382702985756	0.1756295033965952
ENSMUSG00000017764	-0.0491135266185171	0.2530732764584252
ENSMUSG00000023764	-2.0	-2.0
ENSMUSG00000120134	-0.4514017775814199	-0.2761286386916515
ENSMUSG00000024670	-0.2776106014428817	-0.1302487289329919
ENSMUSG00000120813	-0.1556631383263149	0.3304300083534694
ENSMUSG00000048537	-0.0377569454019069	0.2564209007033634
ENSMUSG00000005986	-0.1107249723997643	0.2332017801235426
ENSMUSG00000087178	-0.0938599495350155	0.4705298540971555
ENSMUSG00000116618	-0.0351577404909706	0.4516314123023444
ENSMUSG00000031139	-0.193857756988191	0.4184772941016601
ENSMUSG00000100080	-1.1255378970502503	-2.0
ENSMUSG00000103354	-0.5119077907305747	-0.4851039155518752
ENSMUSG00000006412	-0.1127407463737132	0.2783232076465465
ENSMUSG00000037747	-0.1925983925351599	0.4751217997943842
ENSMUSG00000094789	-2.0	-2.0
ENSMUSG00000112343	-0.3668219117798044	-0.2414771948212352
ENSMUSG00000086741	-0.0177620641471193	0.1698542264879257
ENSMUSG00000109161	-0.5761854253099071	-0.4578413595812295
ENSMUSG00000033589	-0.1122011440195501	0.0072108493727131
ENSMUSG00000085623	-0.0685867815542949	0.3156420878243078
ENSMUSG00000079477	-0.0158121540502335	0.4512978480579197
ENSMUSG00000021612	-0.3644464901843177	-0.3546164455044849
ENSMUSG00000085380	-0.6462224040074823	-0.5107766482103918
ENSMUSG00000106290	-0.627626045643224	-0.3522703196157153
ENSMUSG00000059256	-0.6516288488084828	-0.7903360640708575
ENSMUSG00000074885	-0.3188974151728589	-0.2303215788498334
ENSMUSG00000036356	-0.3741153161248329	-0.1669495787962959
ENSMUSG00000112609	-0.5470185217071485	-2.0
ENSMUSG00000026656	-0.0619704835885335	-0.2337126999855985
ENSMUSG00000070417	-0.5350052122910616	-0.6540999451665708
ENSMUSG00000112485	-0.5343353055659628	-0.4121056600307632
ENSMUSG00000006311	0.4196233778033895	-0.0663414577476404
ENSMUSG00000110958	-0.4149112467366899	-0.4371271152344614
ENSMUSG00000117794	-0.1232094071388999	-0.1841884331057467
ENSMUSG00000064181	-0.0200754907206837	0.3890951733541857
ENSMUSG00000034801	-0.267869792114893	0.3447902273298436
ENSMUSG00000030047	-0.3050487317085669	-0.4109163000130572
ENSMUSG00000078902	-2.0	-2.0
ENSMUSG00000030247	-0.3735762725123849	-0.2735132268828656
ENSMUSG00000027087	-0.3990203559301243	-2.0
ENSMUSG00000099780	-2.0	-2.0
ENSMUSG00000034484	-0.0327673761373204	0.4419978582340017
ENSMUSG00000097445	-0.0372093615606512	0.1873582530343717
ENSMUSG00000022443	-0.0330012292664295	-2.0
ENSMUSG00000087452	-0.4191874310902816	-0.3403250571684105
ENSMUSG00000115157	-0.2174489805726107	-0.1504061663065051
ENSMUSG00000087364	-0.124186264325975	-0.1882676579037997
ENSMUSG00000062342	-2.0	-2.0
ENSMUSG00000121322	-0.6545690208492164	-0.600050839773211
ENSMUSG00000024650	-0.4649424639460642	-0.3189920776128074
ENSMUSG00000087530	-0.2597943165972983	0.1795018099559947
ENSMUSG00000027447	-0.2195857566591239	0.3742654060036901
ENSMUSG00000032724	-0.2352215057266416	0.4830535499496201
ENSMUSG00000049571	-0.2818709843777461	0.2806546155885882
ENSMUSG00000091601	-0.3486072233388941	-0.4398974721843459
ENSMUSG00000027187	-0.0499263958410591	0.4599985689607617
ENSMUSG00000031325	-0.3478457507971262	-0.2845977348056842
ENSMUSG00000099633	-2.0	-2.0
ENSMUSG00000022849	-0.0087886373901967	0.233580871206785
ENSMUSG00000062199	-0.6700564933270606	-0.8879429034931731
ENSMUSG00000111831	-0.2262461648859815	-0.0750352043852092
ENSMUSG00000014402	-0.0375132265220398	0.4875843238992114
ENSMUSG00000087086	-0.4797586392019617	-0.3621043848667709
ENSMUSG00000098098	0.0156627335912007	-0.0710999828712146
ENSMUSG00000035356	-0.230756971449515	-2.0
ENSMUSG00000061584	-0.333367994674451	-0.418221864385358
ENSMUSG00000120743	-0.398134833439892	-0.3487431195957478
ENSMUSG00000036655	-0.3257805831762239	-0.6167043754527295
ENSMUSG00000098875	-0.3208927637742165	-0.2272390857193634
ENSMUSG00000100789	-0.1828318245976285	-0.0984589689114328
ENSMUSG00000099695	-2.0	-2.0
ENSMUSG00000048078	-0.0822351465266706	-0.1499822005245228
ENSMUSG00000073876	-0.3938330400815931	-0.4025694194878422
ENSMUSG00000105437	-0.2990980406668813	-0.4006657295365486
ENSMUSG00000038583	-0.2881310464985884	-0.3087605630891429
ENSMUSG00000079293	-0.561383297503918	-0.6439192376801871
ENSMUSG00000034755	-0.8253766442818837	-0.5265486508427911
ENSMUSG00000107846	-0.1974000272536119	-0.2513128212968575
ENSMUSG00000022490	-0.0624821079826533	0.22984304134481
ENSMUSG00000041997	-0.0140363570851712	0.41791058211218
ENSMUSG00000041488	-0.1532563756299165	0.205368953108402
ENSMUSG00000094303	-1.078378023336496	-0.9129152892377188
ENSMUSG00000064252	-0.4611775228940096	-0.3849735900355833
ENSMUSG00000057738	-0.0180480907705115	0.357090581309345
ENSMUSG00000118015	-0.4890438646830686	-0.2406017281241231
ENSMUSG00000099716	-2.0	-2.0
ENSMUSG00000097689	-0.5557516645305554	-0.3683999942562061
ENSMUSG00000027345	-0.3575663464306832	-0.1883814328244606
ENSMUSG00000107495	-0.1851267251049015	-0.2505979570519114
ENSMUSG00000110368	-0.2678136250871742	-0.2317376112712957
ENSMUSG00000038335	-0.0578123103028841	0.3866958248729877
ENSMUSG00000091557	-2.0	-2.0
ENSMUSG00000121806	-2.0	-2.0
ENSMUSG00000000127	-0.1511228405596866	0.4580153423390587
ENSMUSG00000094893	-0.17790635880622	-0.1362304627950892
ENSMUSG00000045078	-0.0075542960106084	0.4374956173740033
ENSMUSG00000021843	-0.1020935108623659	0.2044116762810956
ENSMUSG00000035953	0.0746197206511197	0.1513349091305885
ENSMUSG00000086485	0.013398745836899	-0.0566908160165158
ENSMUSG00000028019	-0.0952116637641963	0.3673100660548564
ENSMUSG00000032020	-0.289823886353065	0.1730177644449346
ENSMUSG00000025949	-0.0639535764886003	0.5033065629851178
ENSMUSG00000062070	-0.0519135625022138	0.4546403124797804
ENSMUSG00000021213	-0.4960895280903415	-0.3543973295753951
ENSMUSG00000074758	-0.2147895055734395	-0.0774406122661712
ENSMUSG00000026380	-0.0115678720604052	0.3854925915230169
ENSMUSG00000064284	-0.1985667891477932	0.48212778570901
ENSMUSG00000005225	-0.0822152034075713	0.3118466418678515
ENSMUSG00000040359	-0.1460211081693888	0.5638430838714147
ENSMUSG00000024253	-0.174880008661542	0.3121124613926003
ENSMUSG00000100175	-0.2700921979856616	-0.2605105670369821
ENSMUSG00000114656	-0.0304071440355927	-0.1132088695272427
ENSMUSG00000021675	-0.097822119966201	-0.2060253236396594
ENSMUSG00000030779	-0.031881170839991	0.4809263282846876
ENSMUSG00000031299	-0.0210146609466894	0.3115055007212088
ENSMUSG00000090975	-2.0	-2.0
ENSMUSG00000021624	-0.1809444596496529	-0.0661731031788745
ENSMUSG00000117067	-0.568727189846073	-0.4728913073982341
ENSMUSG00000035614	-0.0570611229685995	0.4613172077579838
ENSMUSG00000106065	-0.6225492024771088	-0.7206895335368193
ENSMUSG00000059895	0.0085266761046326	-0.1655336437490646
ENSMUSG00000115678	-0.1546382371972933	-0.283041941286493
ENSMUSG00000111610	-0.2310673886461521	-0.0552061291920474
ENSMUSG00000116539	-0.3940402341065294	-0.2020609649931115
ENSMUSG00000016984	-0.096633998020157	0.5282498420560452
ENSMUSG00000072501	-0.1069988912943394	0.4802030502214642
ENSMUSG00000110741	-0.51732760990496	-0.5068808727405818
ENSMUSG00000114115	-0.4509434972250202	-0.3642706446725599
ENSMUSG00000006731	0.0291523629060002	0.2705372307316329
ENSMUSG00000041729	-0.0289170282592085	0.2697851101908786
ENSMUSG00000110389	-0.558446249046543	-0.358567357674774
ENSMUSG00000026473	-0.0950150918078464	0.4904776357987118
ENSMUSG00000034438	-0.3236514029152479	0.0390966310602547
ENSMUSG00000014633	-0.0563185501688608	0.4477996925006319
ENSMUSG00000045474	-0.3706338325170886	-0.7588180912723596
ENSMUSG00000020063	-0.0760513171607708	0.2984827862127134
ENSMUSG00000058833	-0.6209270144382423	0.1928756428669253
ENSMUSG00000118537	-0.4100064132344762	0.5451071217390726
ENSMUSG00000055866	-0.2903593504958425	0.1260403160546848
ENSMUSG00000099896	-2.0	-2.0
ENSMUSG00000030281	-0.123396663189116	0.2607001346610529
ENSMUSG00000050890	-0.1421832939778597	0.4802849749769269
ENSMUSG00000085368	-0.1457561609119289	-0.2677658325061764
ENSMUSG00000081471	-0.6014751647720136	-0.5195276622770054
ENSMUSG00000000385	-0.3614382668417462	-0.1873781861965501
ENSMUSG00000066797	-0.3266194505137813	-0.3462207833441095
ENSMUSG00000000402	-0.4891492147442173	-0.3108005720040097
ENSMUSG00000110229	-0.3027741106800137	-0.2865652383481888
ENSMUSG00000116908	-0.2780425570928334	0.3937359063596672
ENSMUSG00000103657	-0.1208942528906437	-0.0214981966171564
ENSMUSG00000044548	-0.0443847824406391	0.3497428573171862
ENSMUSG00000020827	-0.0327200774147453	0.4448922487779692
ENSMUSG00000031340	-0.5263507290177217	0.199410291685419
ENSMUSG00000093825	-0.8842291118567905	-1.61966319295449
ENSMUSG00000073769	-0.3784807817977597	-0.3549699518232638
ENSMUSG00000059857	-0.422678504561184	-0.2098793035247322
ENSMUSG00000087393	-0.5094536674354173	-0.3543614233399191
ENSMUSG00000037736	-0.363624653658639	-0.0588629971531136
ENSMUSG00000087633	-0.099348897374468	0.4059689205340223
ENSMUSG00000115329	-0.3060795078832513	-0.272233537541494
ENSMUSG00000045306	-2.0	-2.0
ENSMUSG00000105190	-0.535414691801695	-0.8842431507507458
ENSMUSG00000038248	-0.2994669197030411	0.1668610563947321
ENSMUSG00000030512	-0.0801980243294	0.4468722335978413
ENSMUSG00000001761	-0.1158311059010642	0.5247457539254785
ENSMUSG00000053395	-0.1019334491951221	0.0240229674641615
ENSMUSG00000072605	-2.0	-2.0
ENSMUSG00000039988	-0.2501059142781855	-2.0
ENSMUSG00000104861	-0.3773073767609547	-0.5014523723551907
ENSMUSG00000112721	-0.2178626142636915	-0.1852876382229782
ENSMUSG00000019892	-0.5289991875815572	-0.3012711829201133
ENSMUSG00000086267	-0.2654088098395881	-0.2301319326315411
ENSMUSG00000071177	-0.5359574961796484	-0.5480150313949796
ENSMUSG00000031698	-0.3298139129283203	-0.2382919190842551
ENSMUSG00000079657	0.1847680642587122	-0.2956596710105912
ENSMUSG00000110591	-2.0	-2.0
ENSMUSG00000054006	-0.3346710291708677	-0.3134917145523151
ENSMUSG00000067203	-0.1525171701424935	-0.0423674317037125
ENSMUSG00000111052	-0.3126653108509996	-0.3023386706605575
ENSMUSG00000017176	-0.0224238055584558	0.4272815725055895
ENSMUSG00000033342	-0.4773768688018542	-2.0
ENSMUSG00000106847	-0.1084964398049662	0.1816515416130869
ENSMUSG00000079703	-2.0	-2.0
ENSMUSG00000090016	-0.3077094925067215	-0.2080895231179942
ENSMUSG00000035245	-0.176822574913612	0.3473389938965732
ENSMUSG00000017677	-0.0628094064793895	0.443115223949056
ENSMUSG00000027601	-0.0072669696520808	0.2772185173537617
ENSMUSG00000109315	-0.5271575776591768	-0.5338731793316663
ENSMUSG00000115615	-0.3515833880335459	-0.6918989387003481
ENSMUSG00000038530	-0.4838551775327286	-0.4153637908722909
ENSMUSG00000032040	-0.1643133593659299	-2.0
ENSMUSG00000030801	-0.0597687888095791	0.3965037697605815
ENSMUSG00000115756	-0.5182834080759444	-1.6765136709302435
ENSMUSG00000107559	-0.2061032192127334	-0.3481529484825558
ENSMUSG00000020992	-0.0818168478188286	-0.405004055996215
ENSMUSG00000111757	-0.125004059410776	-0.0996253327122921
ENSMUSG00000084921	-0.1999031961369659	0.2232061415793436
ENSMUSG00000063019	-0.0241927006245944	0.3964214955589643
ENSMUSG00000049739	-0.0444103738098006	0.1674762515408657
ENSMUSG00000100282	-0.2888319491272379	-0.4499630478277845
ENSMUSG00000059495	-0.0219302856727205	0.4017733225143644
ENSMUSG00000026276	-0.0551909400388505	0.5210101311211487
ENSMUSG00000005763	-0.2365278304521268	-0.3376029713945488
ENSMUSG00000075599	-0.2507723076142374	-0.2432061901104333
ENSMUSG00000121521	-0.9348349113494848	-0.7932880265620311
ENSMUSG00000022433	-0.012491843467521	0.2286856878036357
ENSMUSG00000101776	-0.2584412537837738	-0.679223260278471
ENSMUSG00000090248	-0.3167070513255635	-0.0309249468301244
ENSMUSG00000114988	-0.306360797975162	-0.3321239795666955
ENSMUSG00000041189	-0.0756484409418948	0.3339157776029031
ENSMUSG00000025240	-0.0972003273076606	0.4661027074281459
ENSMUSG00000118518	-0.0018468063506391	0.0257694115223229
ENSMUSG00000063975	-0.4930319670375193	-0.5027830380900864
ENSMUSG00000026698	-0.0106730124853218	0.3554361940693501
ENSMUSG00000117652	-0.4142492360850777	-0.405975153193055
ENSMUSG00000028730	-0.271051276935859	0.3400393780187654
ENSMUSG00000045071	-0.0888921647926346	0.5550506540018845
ENSMUSG00000104965	-0.1144488742079108	-0.1782199502941751
ENSMUSG00000039354	-0.0437932341594847	0.4969902237793622
ENSMUSG00000060131	-0.5234434054975714	-0.2247699173018181
ENSMUSG00000114300	-0.538397639127032	-0.4444096018490364
ENSMUSG00000114200	-0.2606712135255107	-0.3463337601243515
ENSMUSG00000085407	-0.3291460038539574	-0.184912071972
ENSMUSG00000092201	-0.4432325705383707	-0.328501937883829
ENSMUSG00000087410	-0.4018576990600736	-0.3359711694964641
ENSMUSG00000112112	-0.569546634209925	-0.4460094563228362
ENSMUSG00000115449	-0.755461539787872	-0.3986251706800043
ENSMUSG00000121715	-0.7326789938548846	-0.6402248299898621
ENSMUSG00000030499	-0.1044811021080818	0.3763385771112557
ENSMUSG00000109282	-0.2378113926995312	-0.1373832934659735
ENSMUSG00000105717	0.1502982707993786	-0.0474485434633584
ENSMUSG00000046846	-0.2618083572018988	0.1258699723136139
ENSMUSG00000062797	-0.050049675909522	0.3836344320817638
ENSMUSG00000108861	-0.2537850430465733	-0.1239663115849032
ENSMUSG00000086134	-0.0349306307347614	-0.0081970504734472
ENSMUSG00000089773	-0.5852931233159792	-0.2989154473129486
ENSMUSG00000111086	-0.2989640276321574	-0.4534703655517625
ENSMUSG00000085085	-0.1482117683902648	0.4534464686007738
ENSMUSG00000099380	-2.0	-2.0
ENSMUSG00000091680	0.1311076668905297	0.0292204197700779
ENSMUSG00000116716	-0.3595276862909506	-0.3934653688847019
ENSMUSG00000003429	-0.2583185856712441	0.18282592455184
ENSMUSG00000050395	-0.4110480765371623	-0.354627451372045
ENSMUSG00000029120	-0.2415015650570139	0.0415853112581112
ENSMUSG00000050088	-0.0186468217957859	0.4198371682577247
ENSMUSG00000121351	-0.2013131763623681	-0.3691553413008061
ENSMUSG00000024561	-0.0671364584887817	0.4121435732187773
ENSMUSG00000036769	-0.5133947049836305	0.5246575029916268
ENSMUSG00000066197	-0.1937491875063612	0.3361978774182786
ENSMUSG00000118021	0.1265464684443456	0.0235129581811017
ENSMUSG00000018727	-0.0713225622039095	0.3717411433809668
ENSMUSG00000086129	-0.3358815613231259	-0.5175397642325142
ENSMUSG00000072473	-0.1560236388487549	-0.1372911783218444
ENSMUSG00000100512	-0.1071922924850401	-0.0765108141290014
ENSMUSG00000118117	-0.371244577901028	-0.4915710220988159
ENSMUSG00000019813	-0.0527136495265342	0.4499782828656371
ENSMUSG00000110636	-0.2846601301335135	0.4815314849492425
ENSMUSG00000055134	-0.2168253324985102	0.2816477660999142
ENSMUSG00000045817	-0.2328909066113685	0.3923412839992969
ENSMUSG00000022994	-0.0832752414280018	-0.2606511096776275
ENSMUSG00000097683	-0.0227375401861292	0.3127784339171168
ENSMUSG00000107498	-0.2802500362061146	-0.7178188847323027
ENSMUSG00000014195	-0.0182556685184002	0.2033848603001913
ENSMUSG00000029433	-0.09670659369054	0.4734349975984033
ENSMUSG00000027340	-0.2569625717034863	0.473270279708683
ENSMUSG00000067367	-0.062853372768047	0.4424311629909929
ENSMUSG00000021282	-0.1535790066098247	0.4282051181128304
ENSMUSG00000015337	0.0444085899234858	0.3805415417941916
ENSMUSG00000021930	-0.3680931628541891	0.406503732230371
ENSMUSG00000042942	-0.3520860285970716	-0.0434693921572151
ENSMUSG00000029101	-0.1009328913085591	0.4600491630430116
ENSMUSG00000052767	-0.361363926410624	-0.287007543020374
ENSMUSG00000042510	-0.2564905488417064	0.073435252021174
ENSMUSG00000000915	-0.0441677012957498	0.3879088895091733
ENSMUSG00000040771	-0.2044850824167665	0.4105140470867983
ENSMUSG00000016559	0.0853369671104461	-0.8862915643096346
ENSMUSG00000047649	0.046824915625606	0.1577685503506139
ENSMUSG00000113082	-0.4333859973743912	-0.4293067175165858
ENSMUSG00000019302	-0.0563941053050489	0.5285835277498743
ENSMUSG00000038780	-0.0350576356088466	0.4836720082213823
ENSMUSG00000111149	-0.3046561638325017	0.284131023661445
ENSMUSG00000032281	-0.2765348047875819	-0.2632364548930734
ENSMUSG00000037295	-0.022591578271489	0.3870365514418829
ENSMUSG00000029701	-0.0178264942135881	0.3661303403212733
ENSMUSG00000005102	-0.0400716442925038	0.5163552729090107
ENSMUSG00000021645	-0.0797370120294369	0.4636021680436533
ENSMUSG00000061829	-0.3850475519673411	-0.6127870244752394
ENSMUSG00000047807	-0.330338052890391	-0.2921655807632276
ENSMUSG00000031808	-0.01320068667122	0.2199856311281305
ENSMUSG00000030693	0.0699974291368748	0.0811152619883321
ENSMUSG00000101210	0.3332807798291201	-0.179219823158455
ENSMUSG00000114057	-0.5282844718003389	-0.6288002061695841
ENSMUSG00000025081	-0.3146384578257221	-0.2362145046276355
ENSMUSG00000094118	-0.8481651489403348	-1.2081266910405757
ENSMUSG00000050335	-2.0	-2.0
ENSMUSG00000105183	-0.3638084878750039	-0.1695386232693436
ENSMUSG00000086939	-0.2945949327664299	-0.1077162420149054
ENSMUSG00000093697	-0.1365504395621226	-0.3096890687004244
ENSMUSG00000120355	-0.3281623531568705	-0.3355699780225361
ENSMUSG00000116338	-0.2798223325299315	-0.1906055507061315
ENSMUSG00000026915	-0.0636327560836844	0.5048602615741188
ENSMUSG00000032601	-0.0337607145496243	0.3994317641784248
ENSMUSG00000099548	-2.0	-2.0
ENSMUSG00000021147	-0.0180794203208176	0.5058079786075909
ENSMUSG00000112895	-0.425204259694892	-0.4367173589459841
ENSMUSG00000002797	-0.033884936108508	0.4810761185480646
ENSMUSG00000040752	-0.5734562084319039	-0.9764551178328535
ENSMUSG00000053838	-0.0351979584503657	0.593161965153088
ENSMUSG00000086998	-0.0957619543007101	0.1960409272765657
ENSMUSG00000102331	-0.4656771004974707	-0.712847958874498
ENSMUSG00000107966	-0.2058419472979644	-0.2515751919552386
ENSMUSG00000086480	-0.2492072084028462	0.4649233271365089
ENSMUSG00000115791	-0.4898809144086253	-0.4753211916272089
ENSMUSG00000043468	-0.4537229295708191	-0.3110408487287699
ENSMUSG00000110944	-0.2347699389440426	-0.2971643110797892
ENSMUSG00000038750	-2.0	-2.0
ENSMUSG00000085519	-0.3954033342834235	-0.3755407667139222
ENSMUSG00000052909	-0.366609724463571	-0.2023264762848305
ENSMUSG00000035517	-0.3359675923453348	-0.3439894518686897
ENSMUSG00000115908	-0.2091965259718719	-0.2945738802592145
ENSMUSG00000089699	-0.504388789027291	-0.4219352635748875
ENSMUSG00000022303	-0.1584961224806327	-0.0160068597105273
ENSMUSG00000078865	-2.0	-2.0
ENSMUSG00000116737	-0.0928143374948111	0.158370815993049
ENSMUSG00000097836	-0.3909313304949851	-0.0055403059709918
ENSMUSG00000111204	-0.1423868711302006	-0.0203520312314749
ENSMUSG00000042505	-0.1617394306876725	0.460112276920854
ENSMUSG00000040105	-0.1485789742422051	0.3441941430501825
ENSMUSG00000025133	-0.0193600692820677	0.4601449142787169
ENSMUSG00000031283	-0.8095793786316916	-0.4787997852347803
ENSMUSG00000116223	-0.3873723055155792	0.27265137933192
ENSMUSG00000049436	-0.3257905141907118	-0.3719057339545803
ENSMUSG00000072875	-0.1545473482499517	0.3192622522558596
ENSMUSG00000105244	-0.1510094410001817	-0.399475126678918
ENSMUSG00000024177	-0.2464256730416012	0.3697574596803121
ENSMUSG00000040560	-0.1514198860254893	0.5117248479759617
ENSMUSG00000031844	-0.2748313852768851	-0.2444895102003228
ENSMUSG00000026156	-0.3246005943518342	-0.5633605589965061
ENSMUSG00000022995	-0.0298867942741919	0.326656137411898
ENSMUSG00000036749	-0.3724547267152641	-0.3742991218529097
ENSMUSG00000045435	-0.169412229413679	0.4043892778449687
ENSMUSG00000105179	0.0378661479059327	-0.1295114682199137
ENSMUSG00000027282	-0.0776260632305009	0.5118782830444765
ENSMUSG00000102930	0.0636000847366207	-0.033102829713195
ENSMUSG00000085841	-0.1306455213965359	-0.3514512827129521
ENSMUSG00000090527	-0.481605573349707	-0.532670464902838
ENSMUSG00000112041	-0.0869626396032232	-0.1281858178442272
ENSMUSG00000051344	-0.2021240420836081	0.4487285749951302
ENSMUSG00000102365	-0.7002296765200751	0.3987390698400134
ENSMUSG00000027605	-0.1138200475517361	0.2659370481730075
ENSMUSG00000024791	-0.1178739662867897	0.3694069791605181
ENSMUSG00000056008	0.0322431230681831	-0.4067939302999134
ENSMUSG00000086598	-0.1348549085644466	0.0267191174967024
ENSMUSG00000094475	-2.0	-2.0
ENSMUSG00000062647	0.1207055156582739	0.1622464845946513
ENSMUSG00000081670	-0.0329409738099253	-0.4490653614207881
ENSMUSG00000114091	-0.4017397216864969	-0.8498511378353252
ENSMUSG00000007021	-0.1518320746322556	-0.2255090197270831
ENSMUSG00000096872	-2.0	-2.0
ENSMUSG00000090942	-0.5381567256422463	-0.4717385762739136
ENSMUSG00000038508	0.4016841183046828	0.0182879726406423
ENSMUSG00000054236	-0.4224307234235641	-0.67067877478549
ENSMUSG00000099985	-2.0	-2.0
ENSMUSG00000046352	-0.4560575469548527	-0.2173055553111009
ENSMUSG00000061313	-0.0499095389151706	0.438874468906445
ENSMUSG00000085084	-0.5843783336289093	0.3089652306726606
ENSMUSG00000062687	-0.4776246330605567	-0.2835106855812546
ENSMUSG00000034918	-0.2629425982439822	-0.0637867585295979
ENSMUSG00000035064	-0.1040493283320903	0.3633874423718659
ENSMUSG00000034681	-0.0908074968401581	0.3483340746990289
ENSMUSG00000014599	-0.1822822244491326	0.0888332362358506
ENSMUSG00000032316	-0.047347502695613	0.4637673089626756
ENSMUSG00000116180	-0.2279642000860443	0.0962851524662912
ENSMUSG00000038084	-0.03193866177061	0.4776739045808313
ENSMUSG00000051728	0.0936323369375426	-0.251833688260781
ENSMUSG00000097228	-0.5756591843484697	-0.0862742865616454
ENSMUSG00000036606	-0.0229154146409278	0.3135491835207254
ENSMUSG00000058267	-0.063786346066864	0.4169056621648178
ENSMUSG00000045210	-0.0204505327325448	0.4484787579913586
ENSMUSG00000079103	-0.3315628284022263	-0.3427903537763032
ENSMUSG00000067522	-0.4386473232389007	-0.5175944207663176
ENSMUSG00000103881	-0.5310919940951212	-0.5849143513154287
ENSMUSG00000121132	0.6090284974940487	-0.3762284227551437
ENSMUSG00000030865	-0.4375639014794034	-0.419889000212353
ENSMUSG00000021279	-0.0156829991068798	0.5082894102175216
ENSMUSG00000015461	-0.125094879063747	0.3867468083003524
ENSMUSG00000108846	-0.6461764053781136	-0.3261803939624865
ENSMUSG00000022354	-0.1874364915100396	0.338472032303496
ENSMUSG00000050628	-0.0323581551837364	0.0839442146315283
ENSMUSG00000023999	-0.3596648763407922	0.2591681189979636
ENSMUSG00000111353	-0.3532732709846652	-0.2123032428864792
ENSMUSG00000085995	-0.1980881951980019	-0.2753471953042057
ENSMUSG00000117745	-0.3717228768495003	0.3260112479170214
ENSMUSG00000089862	-0.3089737048176665	0.4567294128789634
ENSMUSG00000023170	0.1766329206425258	0.1352032781427997
ENSMUSG00000083250	-0.7196461186475295	-1.1227992951104964
ENSMUSG00000100380	-0.924387351972936	-0.5350653574893411
ENSMUSG00000059105	-0.6311269993383914	-0.4006043313340395
ENSMUSG00000029647	-0.0159776618131471	0.4642632499740476
ENSMUSG00000113346	0.1237628137640864	0.2772634745673838
ENSMUSG00000117528	0.1681835820332727	-0.3042429490497585
ENSMUSG00000113069	-0.5147099597995523	-0.4619030453638866
ENSMUSG00000073889	-0.0598563116437076	-0.3803070055163659
ENSMUSG00000056643	-0.2279004858648277	-0.0849212286412434
ENSMUSG00000034472	-0.1813057434024922	0.3774760007992861
ENSMUSG00000096111	-0.090894972574597	0.0310957404586447
ENSMUSG00000073969	-0.4432451035801568	-0.4223616217905081
ENSMUSG00000007777	-0.2682056583340545	0.3728059927354599
ENSMUSG00000095941	-0.3458242284898747	-0.1606428931371407
ENSMUSG00000109039	-0.4249487020885956	-0.4334211523422203
ENSMUSG00000099400	-0.3167090324649584	-0.5330719087200086
ENSMUSG00000022760	-0.0970790950448639	0.3233820595961156
ENSMUSG00000029185	-0.1738911032796405	0.3922843005986933
ENSMUSG00000103183	0.0556161342384867	0.0153555633573036
ENSMUSG00000116491	0.0396880943711305	-0.0454074937670222
ENSMUSG00000074365	-0.3503118121928004	-2.0
ENSMUSG00000113366	-0.5785102549458003	-0.4315032906430128
ENSMUSG00000023341	-0.4367954797354821	-0.1862490627621605
ENSMUSG00000047394	-0.2660072840182384	0.0644168041767263
ENSMUSG00000035569	-0.0825511047119325	0.3704538719977231
ENSMUSG00000110399	-0.3050057773096941	-0.1222654847015091
ENSMUSG00000109548	-0.510411601537005	-0.6559851172468975
ENSMUSG00000103805	-0.8929594382367589	-0.6792858037654759
ENSMUSG00000000078	-0.0463098782496039	0.5220334810572811
ENSMUSG00000033965	-0.6760549434722845	-0.4301461734479151
ENSMUSG00000006392	-0.072980910693167	0.3523538858525433
ENSMUSG00000047384	-0.2298325045313166	-0.0493513889233403
ENSMUSG00000029678	-0.4976075703313322	-0.5195544111214144
ENSMUSG00000039115	-0.0820508649917044	0.1988235162877499
ENSMUSG00000118665	-0.0194602536540056	0.4432892790855366
ENSMUSG00000106749	-0.429314653557708	-0.3598551971510699
ENSMUSG00000074698	-0.026521248890368	0.4014711940569614
ENSMUSG00000108087	-0.4006980490169581	-0.3898487278445325
ENSMUSG00000106779	-2.0	-2.0
ENSMUSG00000048915	-0.4011095185593573	-0.2500538518894434
ENSMUSG00000108600	-0.3521573514753324	-0.52782446060077
ENSMUSG00000020402	-0.0462725796230201	0.4200802394055457
ENSMUSG00000031481	-0.2769246046983348	-0.4275357340362136
ENSMUSG00000099723	-2.0	-2.0
ENSMUSG00000103928	0.0195972804645177	-0.1127752046626944
ENSMUSG00000038150	-0.1575259368623569	0.4390878406571752
ENSMUSG00000099945	-0.6790227004592241	-0.2800675816523055
ENSMUSG00000118154	-0.4569755151792381	-0.4663878391913113
ENSMUSG00000111410	-0.1848772374181289	-0.2916387663368542
ENSMUSG00000068234	-0.453065168056404	-0.3320913237907814
ENSMUSG00000055254	-0.2639338465128025	-0.0244148276001567
ENSMUSG00000121659	-0.2695323385053391	0.44168288412267
ENSMUSG00000030653	-0.2117289381361617	-0.1376297051388119
ENSMUSG00000052423	-2.0	-2.0
ENSMUSG00000103786	-0.4741819301117196	-0.4518749246563561
ENSMUSG00000032602	-0.0537611026226158	0.3890522665708633
ENSMUSG00000094396	-0.5760696276826113	-0.7175519116352278
ENSMUSG00000026415	-0.393223649581839	-0.3565372756349892
ENSMUSG00000053414	-0.0077587739550711	0.4355169297302039
ENSMUSG00000114000	-0.5229120424670253	-0.5662051488741606
ENSMUSG00000025933	-0.1481762133408393	0.3651883681270993
ENSMUSG00000034271	-0.0173472982677291	0.36553702744685
ENSMUSG00000120192	-0.4641865566002079	-0.0784104844306817
ENSMUSG00000040760	-0.0558725087887849	0.502565034381803
ENSMUSG00000118249	-0.1576238194060367	0.4778317580445769
ENSMUSG00000100850	-0.3305228227487575	-0.1205781490943402
ENSMUSG00000094588	-0.532352831865415	-0.4523641187904704
ENSMUSG00000116830	-0.366442775621103	-0.2583554297050346
ENSMUSG00000002948	-0.1944979184785851	0.5349303252222682
ENSMUSG00000036565	-0.0275451772579959	0.4237902853462879
ENSMUSG00000038496	-0.3546557534551189	0.2197269975339623
ENSMUSG00000108520	0.1637547835691715	-0.288469458282311
ENSMUSG00000117524	-0.549191258934072	-0.4768143170106563
ENSMUSG00000120256	-0.2646614356694762	-0.1460544203171275
ENSMUSG00000094383	-0.7912045799284386	-0.8721438095440848
ENSMUSG00000036721	0.0157153456032421	0.4590406874167385
ENSMUSG00000121799	-0.5210357516607154	-0.431533554372035
ENSMUSG00000033022	-0.0863778091012411	0.2611919480675166
ENSMUSG00000085539	-0.3067654719379209	-0.2412311305523581
ENSMUSG00000112689	-0.1950847125673677	-0.1620964338773591
ENSMUSG00000046598	-0.0694027217584836	-0.1364971531944489
ENSMUSG00000102158	-0.3524097135421831	-0.4525708992009545
ENSMUSG00000025176	-0.1450116499031334	0.4019179390536628
ENSMUSG00000096530	-0.5987334562889207	-0.5825532524581292
ENSMUSG00000083940	-0.3670247991604675	-0.2734920305716245
ENSMUSG00000105963	-0.5220055337005406	-0.5536265785212336
ENSMUSG00000018259	-0.70031457467873	-0.3536843180157448
ENSMUSG00000049806	-0.462993177918819	-0.708178884019004
ENSMUSG00000050270	-0.1867308013316247	0.2949527161267671
ENSMUSG00000115184	-0.4194301282584539	-0.4522294776386636
ENSMUSG00000060657	-0.0135120377878899	0.2442825649150717
ENSMUSG00000064147	-0.1895401755658852	0.084586286251514
ENSMUSG00000084806	-0.7050471957903455	-0.530736300741596
ENSMUSG00000115424	-0.4254698697725134	-0.2477483652747193
ENSMUSG00000030671	-0.4259872625654914	0.3385783578649235
ENSMUSG00000060317	-0.4093228673648397	-0.4434591755693728
ENSMUSG00000058355	-0.043887397248594	0.4561290806005297
ENSMUSG00000104768	-0.3531868771064758	-0.272655602683888
ENSMUSG00000025871	-0.0623845280611665	0.4371976743338843
ENSMUSG00000013663	-0.0174160970356765	0.3371820230540177
ENSMUSG00000047473	-0.052293336780871	0.2983971553327725
ENSMUSG00000048970	-0.4163748516287925	0.4364021270198565
ENSMUSG00000067704	-0.407866563140089	-0.352562277019172
ENSMUSG00000022679	-0.04747344398378	0.4380078932243872
ENSMUSG00000112619	-0.3010402451346984	-0.272509657631045
ENSMUSG00000024104	-0.031016640344319	0.5060231176626723
ENSMUSG00000086555	-0.3117088835053859	-0.0737271283949021
ENSMUSG00000100667	-2.0	-2.0
ENSMUSG00000056459	-0.0825245297503539	0.3806630348049636
ENSMUSG00000113665	-0.207248177564271	0.0869681286998757
ENSMUSG00000092490	-2.0	-2.0
ENSMUSG00000030741	-0.093243799834432	0.2922370151601158
ENSMUSG00000107000	-0.0063196632106339	-0.0063387882909005
ENSMUSG00000038665	-0.3193032385818027	-0.0827293985762318
ENSMUSG00000039349	-0.2604002855761772	0.1234645218970258
ENSMUSG00000110909	-2.0	-2.0
ENSMUSG00000058351	-0.0210704576176534	0.155839891117014
ENSMUSG00000007850	-0.13023759160339	0.4496687373616433
ENSMUSG00000023938	-0.0703106696621269	0.3684620553099413
ENSMUSG00000037416	-0.0779755824848759	0.5382559391912205
ENSMUSG00000090385	-2.0	-2.0
ENSMUSG00000103834	-0.3652018131195539	-0.3009179621393534
ENSMUSG00000112164	-0.4474859188694728	-0.5374627506804509
ENSMUSG00000020212	-0.0804496729951745	0.5149985473830768
ENSMUSG00000043336	-0.1164396281310359	-0.1978643011221295
ENSMUSG00000059623	-0.6939496781892127	-2.0
ENSMUSG00000040528	-0.0054446007446265	-0.1212690352347145
ENSMUSG00000038403	0.2522596561290791	-0.2952640095710547
ENSMUSG00000079055	-0.3546679396422537	-0.2534107894517418
ENSMUSG00000093865	-0.3790361380890338	-0.4149950111198587
ENSMUSG00000048758	-0.2321336602397136	0.1087537181868544
ENSMUSG00000060565	-0.2708857729065853	-0.1432348816664033
ENSMUSG00000028825	-0.0730355788187909	-0.239078379942194
ENSMUSG00000070369	-0.3057253415726076	-0.3130314349596508
ENSMUSG00000110865	-0.4330833394187405	-0.5934489197628882
ENSMUSG00000030800	-0.0306553886228482	-0.0196373358658255
ENSMUSG00000059183	-0.0798948392910712	0.3878715547474639
ENSMUSG00000100287	-0.1363044015483471	-0.2359744391623144
ENSMUSG00000025404	-0.0132087453070862	0.4363468252013517
ENSMUSG00000115644	-0.5362076715442087	-0.8474876541431717
ENSMUSG00000061637	-0.7315430671301864	-0.8845758922388766
ENSMUSG00000000103	-2.0	-2.0
ENSMUSG00000029359	-0.069506070848548	-0.052251700133219
ENSMUSG00000112522	-0.2494859123027037	-0.313565733579272
ENSMUSG00000021115	-0.010832476478384	0.408217571425279
ENSMUSG00000054069	-0.1778017042056683	-0.2175851422747708
ENSMUSG00000026222	-2.0	-2.0
ENSMUSG00000105176	0.0390522547006927	-0.1948793668818409
ENSMUSG00000037104	-0.0330172550642523	0.4511509494085505
ENSMUSG00000051648	-0.1747707550798476	0.4719160006230908
ENSMUSG00000048856	-0.2566296395181098	0.0319982193395682
ENSMUSG00000031696	-0.0328757611501701	0.4534299577347413
ENSMUSG00000016524	-0.3410134431543198	-0.5198727942570586
ENSMUSG00000038602	-0.4848367027842276	-2.0
ENSMUSG00000106821	-1.2102050135571871	-0.8173581585597869
ENSMUSG00000112089	-0.6348022657195439	-0.0205299328279148
ENSMUSG00000085279	-0.048102243346842	-0.1315166153991864
ENSMUSG00000086703	-0.3800461578037447	-0.4793385936126128
ENSMUSG00000018334	-0.0615255078485453	0.5490888856604493
ENSMUSG00000054757	-0.4886213284476575	-0.743780222602861
ENSMUSG00000045098	-0.0183342152911251	0.4099655674658966
ENSMUSG00000053963	-0.2940834574669469	-0.1868111475225188
ENSMUSG00000086868	-0.3584664011755686	-0.0934931064192559
ENSMUSG00000108546	-0.0978523679440803	0.0041036559849018
ENSMUSG00000040681	0.0514882470499318	0.4277285062938798
ENSMUSG00000086214	-0.4855175956458861	-0.609944328673188
ENSMUSG00000087103	-0.3396780145025799	-0.227191012500812
ENSMUSG00000055780	-0.5923698320441442	-0.3742765017381528
ENSMUSG00000115697	-0.4321030932773878	-0.3385411388986907
ENSMUSG00000076757	-0.3745177751424015	-0.4531290254469136
ENSMUSG00000113898	0.1722963652340057	0.0579525981150959
ENSMUSG00000017868	-0.2063543111419322	-0.1387515888469872
ENSMUSG00000051159	-0.514738374198505	-0.6648391258910052
ENSMUSG00000050075	-0.4285979606198734	-0.5340380788514458
ENSMUSG00000086460	-0.2281877141791947	-0.1037161291182913
ENSMUSG00000102581	-0.3498158845547771	-0.5060785120623773
ENSMUSG00000101659	-0.5139068857076332	-0.5270122810018821
ENSMUSG00000023932	-0.0194713362099571	0.3755348608498983
ENSMUSG00000094743	-0.6956896039165533	-0.6849999486534558
ENSMUSG00000066235	-0.0052791895131255	0.3875692027478571
ENSMUSG00000037924	-0.4199456252033711	-0.4065985057562714
ENSMUSG00000015672	-0.1407224864860952	0.4140550141523563
ENSMUSG00000037638	-0.0723318931160823	0.0639882479672883
ENSMUSG00000083253	-0.7014032984635016	-0.94841687097214
ENSMUSG00000095831	-0.6543839948278901	-0.7470697248490842
ENSMUSG00000042524	-0.0686183155169701	0.3896784267890968
ENSMUSG00000000339	-0.0394619667319842	0.3543635602483486
ENSMUSG00000050157	0.1063078723479598	0.1375199472761812
ENSMUSG00000089655	-0.2825200626255462	-0.2723747224367818
ENSMUSG00000056411	0.3336979039440662	0.2759500003286518
ENSMUSG00000025132	-0.1899148713318774	0.2922857619030735
ENSMUSG00000081683	-0.1001595883074183	0.3340184343220724
ENSMUSG00000026821	-0.0277137369414941	0.3101786499402121
ENSMUSG00000117277	-0.5097127618410345	-0.8332661342896833
ENSMUSG00000051669	-0.4081906044690808	-0.3484014243941633
ENSMUSG00000086501	-0.2761386286857869	-0.5103263649762192
ENSMUSG00000089940	-0.4422426395396501	0.1189270738716212
ENSMUSG00000101770	-2.0	-2.0
ENSMUSG00000034127	-0.2651425882200223	-0.1618139344955274
ENSMUSG00000025757	-0.3759387180555807	0.3073021666665068
ENSMUSG00000101014	-0.2994996356419615	-0.5901784218708644
ENSMUSG00000040624	-0.2395405729578514	0.3276275620602968
ENSMUSG00000048249	-0.0379677166739835	0.5445777309558527
ENSMUSG00000028187	-0.0786662003701193	0.5320704318659047
ENSMUSG00000045246	-0.0193318256436195	-0.1461317532549143
ENSMUSG00000087157	-0.3499949366241464	-0.0783663712278096
ENSMUSG00000054453	-0.6027707309239632	-1.0246912820143914
ENSMUSG00000025321	-0.560671096392664	-0.069611585673783
ENSMUSG00000037263	-0.2979815494005904	-0.2242253301796172
ENSMUSG00000033688	-0.2714874656878704	-0.0203419274425465
ENSMUSG00000097784	-0.401675324163939	0.4011992020729116
ENSMUSG00000121368	-0.5146210347448478	-0.589540972252857
ENSMUSG00000117877	-2.0	-2.0
ENSMUSG00000031543	-0.2329516443880054	-0.1870074085462638
ENSMUSG00000034509	-0.2438513965213978	0.4927081588327944
ENSMUSG00000027628	-0.0417977493738577	0.3581123381197108
ENSMUSG00000031792	-0.0726890870120885	0.4196137927680251
ENSMUSG00000083946	-0.6687863195584492	-0.8122963499935356
ENSMUSG00000048503	-0.2265729836925669	0.4452485277059964
ENSMUSG00000120753	-0.4706879890346395	-0.4692482404948628
ENSMUSG00000056755	-0.4811826863869379	-0.293435314251894
ENSMUSG00000066500	-0.1675902199357887	0.1820778152149121
ENSMUSG00000022057	-0.771017584096197	-0.8779416762861564
ENSMUSG00000109431	-0.5007798974875661	-0.4215689345674082
ENSMUSG00000032735	-0.3029168419915604	-0.0681373155480092
ENSMUSG00000100487	-0.2178405247274972	-0.226835040596098
ENSMUSG00000030346	-0.0611207797902107	0.440182132211306
ENSMUSG00000112524	-0.3580868592980041	-0.6670745953659009
ENSMUSG00000100908	-0.028347091260745	0.2025949976321841
ENSMUSG00000114138	-0.015715059093291	0.0577010894466261
ENSMUSG00000101425	-2.0	-2.0
ENSMUSG00000029248	-0.2773948668803675	-0.0423540255846767
ENSMUSG00000078546	-0.1956558089362046	0.4540270072494199
ENSMUSG00000031644	-0.16841264091847	0.5420417458467446
ENSMUSG00000060780	-0.3651424101119315	-0.3762455674355719
ENSMUSG00000040865	-0.0046442475337553	0.1906599007536595
ENSMUSG00000087149	-0.63775848980545	-0.8557646431108663
ENSMUSG00000083817	-2.0	-2.0
ENSMUSG00000117323	-0.1608491479880388	-0.6203210589160709
ENSMUSG00000105730	-0.1883216604220045	-0.2314835478373028
ENSMUSG00000085074	-0.4163386030472383	-0.3435692730049749
ENSMUSG00000006930	-0.044428654282514	0.4361788731248692
ENSMUSG00000021730	-0.5554743096346263	0.0040684633685458
ENSMUSG00000031226	-0.1186175118538051	0.3651120451805125
ENSMUSG00000057406	-0.1049259133632425	0.4342296386568812
ENSMUSG00000022602	0.0182758139930943	0.335465924531786
ENSMUSG00000006611	-0.2445177105717488	-0.051242669622447
ENSMUSG00000099747	-0.4475974295000589	-0.4520479221572002
ENSMUSG00000117072	-2.0	-2.0
ENSMUSG00000044337	-0.2275861621938039	0.3581165269480165
ENSMUSG00000091993	0.3239472399816225	0.2704976288516985
ENSMUSG00000102425	0.0970760554726399	0.2645675595295361
ENSMUSG00000102780	-0.0930071179655684	-0.7136010657321904
ENSMUSG00000023473	-0.0439860021189646	0.059022390094627
ENSMUSG00000116789	-0.0743959668183753	-0.1554056613196705
ENSMUSG00000072969	-0.265508044736485	0.4631258043917029
ENSMUSG00000039737	-0.0386076699960261	0.34709924116989
ENSMUSG00000049648	-0.528738250424949	-0.4268398156032451
ENSMUSG00000121901	-0.1766957397341687	0.2604363283241144
ENSMUSG00000121085	-0.2254875597165206	-0.2231064037290482
ENSMUSG00000021081	-0.3568235634170934	-0.2909581034993329
ENSMUSG00000060275	-0.1664753881890406	0.3910996135269483
ENSMUSG00000032368	-2.0	-2.0
ENSMUSG00000109643	-0.3873928629363628	-0.4871221084134337
ENSMUSG00000100708	-2.0	-2.0
ENSMUSG00000036510	-0.576286781753023	-0.3383186634609264
ENSMUSG00000092368	-0.0282487292042411	0.1987814203093277
ENSMUSG00000028188	-0.2655402209175461	0.389553054421646
ENSMUSG00000056822	-0.5014119724403638	-0.6106329812751913
ENSMUSG00000045482	-0.0147174462989222	0.5235539822959118
ENSMUSG00000073925	-0.7516826731822194	-0.5394214584957165
ENSMUSG00000118427	0.0220033548174988	-0.0532122198366799
ENSMUSG00000087369	-0.7727394389691088	-0.823047607562987
ENSMUSG00000054727	-0.7498478789560996	-0.7121678257505217
ENSMUSG00000057400	-0.3401220043198478	-0.2843370594621057
ENSMUSG00000043354	-0.5533789644083102	-0.5850090133499617
ENSMUSG00000022905	-0.025927429127023	0.4597476195339351
ENSMUSG00000056228	-0.0378698052451055	0.2481091768125089
ENSMUSG00000068600	-0.1474446213360321	-0.1684167370979185
ENSMUSG00000045287	-0.1942295415798449	-0.3062623257175377
ENSMUSG00000111811	-0.4564267623402101	-0.2227437387483286
ENSMUSG00000113967	-0.5162086254494901	-0.3954640015313658
ENSMUSG00000121854	-0.3670562465951036	-0.5086220834683995
ENSMUSG00000120384	-0.5527368200810661	-2.0
ENSMUSG00000102451	-0.1807664985289496	-0.2382232141270896
ENSMUSG00000103553	-0.1714463059603181	-0.5038428102091121
ENSMUSG00000102144	-0.2510942742894933	-0.4358345740397753
ENSMUSG00000105356	-0.3242385173418875	-0.3398690815674923
ENSMUSG00000002396	-2.0	-2.0
ENSMUSG00000093634	-0.6363949011918218	-0.7681508736280069
ENSMUSG00000001630	-0.1013169338568062	0.5242423715231878
ENSMUSG00000000154	-0.083059493153932	0.2067200679289838
ENSMUSG00000091867	-0.3359995994819955	-0.2405770909257232
ENSMUSG00000109964	-0.3383604990763196	-0.2994709008760705
ENSMUSG00000051768	-0.0031888029891778	0.2063740827528154
ENSMUSG00000031576	-0.2328325528860485	-0.5735128125548286
ENSMUSG00000034007	-0.3021862356199127	0.4839320284408254
ENSMUSG00000037202	-0.0451005623212913	-0.2029897873369687
ENSMUSG00000085776	-0.1708563344069924	0.3683932600719776
ENSMUSG00000114813	-0.324425843048549	-0.2130629779169825
ENSMUSG00000035860	-0.3440843742605312	-0.4594072248370629
ENSMUSG00000020658	-0.2394095615393177	0.0920875447862474
ENSMUSG00000034211	-0.0505676395091297	0.300531573993735
ENSMUSG00000072946	-0.0915303157404475	0.4951087146420353
ENSMUSG00000037344	-0.0683997610153737	0.2514761509258281
ENSMUSG00000115616	-0.0185995855652255	-0.2326247407122384
ENSMUSG00000019762	-0.4321399770634588	-0.1482509922854364
ENSMUSG00000048096	-0.1716722015009318	0.0310601618441146
ENSMUSG00000068940	0.0049810002059574	-0.2092709141116593
ENSMUSG00000045795	-0.0539839187995906	0.5100962755773636
ENSMUSG00000116428	-0.3742419569273933	-0.1528003526834166
ENSMUSG00000084795	-0.3904446470223909	-0.2641726927377437
ENSMUSG00000117038	-0.423184525488595	-0.2071121114237176
ENSMUSG00000032377	-0.5566412435615955	-0.2320253146668375
ENSMUSG00000050824	-0.2237836371566594	-0.144788775587823
ENSMUSG00000045382	-0.1978679997805201	0.3987796431848448
ENSMUSG00000090961	-0.3263212341369148	-0.6603093551540072
ENSMUSG00000074811	-0.0340640542160513	0.2457514641162315
ENSMUSG00000026496	-0.0107781577669632	0.3606036365931486
ENSMUSG00000063777	-0.7296051665251237	-0.8300088051883859
ENSMUSG00000057858	-0.1427636621861481	0.4933925184728691
ENSMUSG00000085745	-0.3068982167311873	-0.2017323100899339
ENSMUSG00000121859	-0.8650481036442567	-0.3750820922880841
ENSMUSG00000103132	-0.0387990992098822	0.0372191026957426
ENSMUSG00000068428	-0.4553508862782229	-2.0
ENSMUSG00000059089	-0.2014540397358312	-0.1632893696496863
ENSMUSG00000112783	-0.6670931587014772	-0.6289473290605104
ENSMUSG00000047225	-0.4666548221653378	-0.5326988944681652
ENSMUSG00000013878	-0.173387135231064	0.514414920580369
ENSMUSG00000120108	-0.4219306739491597	-0.2143617118833622
ENSMUSG00000030796	-0.0531380996647884	0.3618973665960588
ENSMUSG00000082373	-0.396421549900499	-0.3735173551878329
ENSMUSG00000098684	-0.3342297616110422	-0.2173185920141404
ENSMUSG00000070923	0.0880496466333467	0.2824988527181748
ENSMUSG00000034227	-0.1254960332669344	0.2191395262747252
ENSMUSG00000045140	-0.3590211485039128	0.4971636061472979
ENSMUSG00000075297	-0.3664487333683883	-2.0
ENSMUSG00000034765	-0.3465813900202101	0.480973107420373
ENSMUSG00000043110	-0.0923170750991131	0.1204737028993756
ENSMUSG00000012819	-0.2231772596194901	-0.0789075877868713
ENSMUSG00000032013	-0.2884178190982	-0.1358851857313462
ENSMUSG00000037628	-0.1679891508991778	0.1797359251550096
ENSMUSG00000019960	-0.1547792581087771	0.3184264871263003
ENSMUSG00000044574	-0.1447885331318112	0.0100730803107745
ENSMUSG00000024903	-0.3551379583408912	-0.2885671845226464
ENSMUSG00000060583	-0.6064574709423469	-0.4545856965519451
ENSMUSG00000043257	-0.1225571223893065	0.3206961827037022
ENSMUSG00000045092	-0.383673442626923	0.4150903244676621
ENSMUSG00000075524	-0.0549783476544227	-0.2542845500560757
ENSMUSG00000030866	-0.1723393562399381	-0.2577037203790421
ENSMUSG00000072980	-0.1705132829648063	0.4741189012459493
ENSMUSG00000101848	-0.3442829555460943	-0.270219370317792
ENSMUSG00000069607	-0.1460053040294925	0.011942669354994
ENSMUSG00000035355	-0.1237587127594181	0.1903985463564838
ENSMUSG00000104234	-0.5168045292069814	-0.6756998439609249
ENSMUSG00000120408	-0.2629628084495626	0.0028876439963142
ENSMUSG00000021476	-0.0462583760659852	0.4605394395315437
ENSMUSG00000060268	-0.1807447688212287	0.1640690438382053
ENSMUSG00000118361	-0.6090998497129575	-0.5197308338602286
ENSMUSG00000026670	-0.1396845174234536	0.4614183835030428
ENSMUSG00000037798	-0.4164253781368435	-0.4976362807118437
ENSMUSG00000058728	-0.4021122756719636	-0.3388806572077679
ENSMUSG00000032878	-0.4116491747121844	0.2568071927719141
ENSMUSG00000042976	-0.2453081875792558	-0.1955745865463563
ENSMUSG00000046942	-0.4567613810448875	-0.0286189311155134
ENSMUSG00000035834	-0.0552225025105799	0.4924214791991249
ENSMUSG00000102813	0.0373703946261187	-0.1907251951800184
ENSMUSG00000024663	-0.154696649275365	-0.423847868302637
ENSMUSG00000102091	-2.0	-2.0
ENSMUSG00000113685	-0.4025406693026218	-2.0
ENSMUSG00000115914	-0.3574905489264289	-0.3031032203951591
ENSMUSG00000086942	-0.0272673493331787	0.3556380715077945
ENSMUSG00000059811	-0.0227256417673538	0.3985909623016326
ENSMUSG00000060429	-0.1998116809039215	0.0109255006970382
ENSMUSG00000038079	-0.1289392968717262	0.5034188549840339
ENSMUSG00000084108	-0.2020107588576316	-0.3828452705085084
ENSMUSG00000038295	0.0028836749471439	-0.4097298759138918
ENSMUSG00000102346	-2.0	-2.0
ENSMUSG00000112937	-0.3804766593563104	-0.2732851762834722
ENSMUSG00000109003	-0.6085221874822928	-0.3867541514707723
ENSMUSG00000022774	-0.0023488378673215	0.279305489862132
ENSMUSG00000026843	-0.0154050049976066	0.3105021382267949
ENSMUSG00000038975	0.0197787386032514	0.2074210718516931
ENSMUSG00000042050	-0.3279490853665422	0.4640464424374782
ENSMUSG00000044562	0.0619104333089247	-0.0346848231946166
ENSMUSG00000074003	-0.3608327747322425	-0.316999457186191
ENSMUSG00000114089	-0.2965968376892859	-0.2311502040510737
ENSMUSG00000094233	-2.0	-2.0
ENSMUSG00000019794	-0.0561535415280921	0.4487567013246841
ENSMUSG00000001158	-0.1282633009365884	0.4533853141020139
ENSMUSG00000105940	-1.10993830307825	-0.7362928407389567
ENSMUSG00000047261	-0.3244788294573342	-0.0889715797763887
ENSMUSG00000028838	-0.0249922146866336	0.3017095688556036
ENSMUSG00000071281	-0.0130812573106254	0.195795630573513
ENSMUSG00000106609	-0.6354550454147425	-0.4753718487641166
ENSMUSG00000117341	-0.3717983167782218	-0.0259174713932093
ENSMUSG00000037139	-0.1254364336238346	-0.338692108410207
ENSMUSG00000033545	-0.0329346020264747	0.4148512272387061
ENSMUSG00000047420	-0.4148002639995166	-0.4295180057166849
ENSMUSG00000024505	-0.1572419027663313	0.5603359216558242
ENSMUSG00000026784	-0.029213379197392	0.4738920253090988
ENSMUSG00000045812	-0.204792443428229	-0.1272478993867489
ENSMUSG00000121453	-2.0	-2.0
ENSMUSG00000059277	-0.1233283509500661	0.4494706851848976
ENSMUSG00000031824	-0.1819399355704292	0.352876448554683
ENSMUSG00000104667	-0.0976217531185575	0.2285666524078222
ENSMUSG00000111160	-0.0420005406690407	-0.0799423448350469
ENSMUSG00000024370	-0.0432004757100228	0.4406276435989833
ENSMUSG00000094729	-2.0	-2.0
ENSMUSG00000086190	-0.3439689126953547	-0.385064205151196
ENSMUSG00000101288	-0.3683717964707086	-0.508866440725188
ENSMUSG00000112809	-0.5102372079950623	-0.3266692038718042
ENSMUSG00000058070	-0.2488704607541669	-0.2896720573572487
ENSMUSG00000112228	-0.5227135710735642	-0.4509319666783794
ENSMUSG00000085600	-0.448817687983198	-0.4230476346594019
ENSMUSG00000043794	-0.3123568352453902	0.3897641124996707
ENSMUSG00000070844	-2.0	-2.0
ENSMUSG00000085742	0.0636652027867874	-0.0946745993122448
ENSMUSG00000094616	-2.0	-2.0
ENSMUSG00000062785	0.0177331585240289	0.1461322545184278
ENSMUSG00000021290	-0.1023161792622716	0.3650545974151106
ENSMUSG00000029861	-0.0209836658934022	-0.0596258794113596
ENSMUSG00000010054	-0.347802217575373	0.3158112848265113
ENSMUSG00000111363	-0.4628898994594735	-0.569971409344737
ENSMUSG00000109506	-0.3600591338258833	-0.3084471429593211
ENSMUSG00000002257	-0.0383704945969584	0.3164574471084411
ENSMUSG00000111883	-0.4477302523826035	-0.369554834906527
ENSMUSG00000030852	-0.0285381311840313	-0.0901956595457377
ENSMUSG00000084009	-0.6055752882975164	-0.6383899303998608
ENSMUSG00000095718	-0.7342095032773331	-0.8601151230442751
ENSMUSG00000039608	-0.620611620602259	-0.5164557780517858
ENSMUSG00000040250	-0.0833765780685803	0.5606090633744474
ENSMUSG00000110037	-0.4201887465626159	-0.2803126380958954
ENSMUSG00000030286	-0.0681009394207149	0.4451740543514688
ENSMUSG00000097050	0.0506967567251993	0.173996389701055
ENSMUSG00000039050	-0.0383560727401722	0.3947664302427144
ENSMUSG00000097772	-0.0904820534224628	0.3436877918288681
ENSMUSG00000086867	-0.0609498389934279	-0.2124957440033522
ENSMUSG00000109697	-0.3548934851350652	-0.2838834204908019
ENSMUSG00000082294	-0.471043983717551	-0.520939785997274
ENSMUSG00000021566	-0.275725605364107	-0.2812047840981807
ENSMUSG00000026925	-0.0418278751103415	0.3999584284248625
ENSMUSG00000117885	-0.7309777587730062	-0.3486333524410599
ENSMUSG00000101797	-0.5843095226933416	-0.3064341391444986
ENSMUSG00000112812	-0.5136249840214334	-0.5523570704792926
ENSMUSG00000037363	-0.1549023322383157	0.4012395462437695
ENSMUSG00000036687	-0.0661387118362056	-0.0178869513387454
ENSMUSG00000097638	-0.1394564560514101	-0.535107970341612
ENSMUSG00000090290	-0.0323288663448401	0.4713779745031096
ENSMUSG00000020393	-0.2266627043866719	0.3885720597839212
ENSMUSG00000024767	-0.1715986951928524	0.3751172479741827
ENSMUSG00000055128	-0.5070879834881421	0.0297279110047275
ENSMUSG00000017007	-0.2011858862242406	-0.1813257869070897
ENSMUSG00000047511	-2.0	-2.0
ENSMUSG00000030954	-0.4474035639774518	-0.3154030827782679
ENSMUSG00000101706	-2.0	-2.0
ENSMUSG00000087056	-0.3619324629758104	-0.3229172540474653
ENSMUSG00000085428	-0.260392533700542	-0.3420684063199288
ENSMUSG00000110178	-0.4160791289082098	-0.271255772039566
ENSMUSG00000054510	-0.4678497230303572	-0.2475627828639585
ENSMUSG00000079146	-0.0740374698877067	-0.0728640960534871
ENSMUSG00000028593	-0.4060784669123801	-0.5303629592487368
ENSMUSG00000117731	-0.0666451466032439	-0.2170689570214939
ENSMUSG00000028882	-0.0650017917637023	0.439436596225378
ENSMUSG00000095514	-0.3357588507153128	-0.1914880295712077
ENSMUSG00000025588	-0.4189243582559913	-0.1123590841374958
ENSMUSG00000057270	-0.6297587857406067	-0.6740420987177898
ENSMUSG00000033053	-0.4015557540928564	-0.0844926334895227
ENSMUSG00000069223	-0.1219843719982715	-0.1739968942165573
ENSMUSG00000093483	-0.256783051579315	0.3906885838569392
ENSMUSG00000075161	-0.6914918883113427	-0.7836992629502747
ENSMUSG00000099541	-2.0	-2.0
ENSMUSG00000116812	-2.0	-2.0
ENSMUSG00000027219	-0.4004306498392909	-0.9711797906431644
ENSMUSG00000031665	-0.0305427104862801	0.2377944909087021
ENSMUSG00000085379	-0.0665143319006344	0.3214861662621481
ENSMUSG00000104350	-0.5102773404340519	-0.3953092196679088
ENSMUSG00000060508	-0.2697779864029597	-0.2049706426555587
ENSMUSG00000113918	-0.1398629535294728	-0.0200083613471317
ENSMUSG00000078998	-0.2797852758821705	-0.279336066712718
ENSMUSG00000057443	-0.3801354378828107	-0.7304514731112882
ENSMUSG00000032264	-0.0568856333622731	0.4659426114543012
ENSMUSG00000034738	-0.2010985166503371	-0.2251245061535192
ENSMUSG00000117896	-0.3694423645590777	-0.2433883985195016
ENSMUSG00000121230	0.0303777824750143	0.3586436159836675
ENSMUSG00000087390	-0.5184981509547127	-0.2184818651696925
ENSMUSG00000107862	-0.0609023673770346	-0.2034969912926365
ENSMUSG00000020755	-0.0253555062238094	0.3129293128651884
ENSMUSG00000048636	-0.076583230791377	0.305174605724375
ENSMUSG00000038152	-0.494677776649271	0.0828529857802345
ENSMUSG00000026797	-0.0274298797617262	0.389123184586745
ENSMUSG00000102742	-0.0274708688640618	0.1040871167596675
ENSMUSG00000073411	-0.0876668590870521	0.4403075769707239
ENSMUSG00000097892	-0.2684906881585025	0.2120895440278053
ENSMUSG00000102501	-0.3555563093253493	-0.3461854889454143
ENSMUSG00000114701	-0.1877803310604145	-0.2733482490650507
ENSMUSG00000086207	-0.5958651361770043	-0.4407554426545125
ENSMUSG00000106408	-0.425993285081024	-0.4395694271179385
ENSMUSG00000112532	-0.114806649129448	0.186605200029075
ENSMUSG00000090965	-0.4113491934974245	-0.2552998317718134
ENSMUSG00000115423	-0.2003715329349963	0.5514429223309807
ENSMUSG00000015143	-0.0048732713507134	0.4206210467605421
ENSMUSG00000024400	-0.0138118659152543	0.4600527766805012
ENSMUSG00000044597	-0.9386958547913792	-0.6100274444005094
ENSMUSG00000021671	-0.036941833523737	0.4835176901735968
ENSMUSG00000102875	0.0407256495825804	-0.0068992537501255
ENSMUSG00000024759	-0.0725621879495855	0.4944064674443491
ENSMUSG00000097589	-0.2423484807737858	0.1944173154852027
ENSMUSG00000003863	-0.0245497171342919	-0.1252946564525559
ENSMUSG00000016179	-0.3017463033699598	-0.4833755552929444
ENSMUSG00000038668	-0.2384462065793839	0.4585293751537371
ENSMUSG00000042097	-0.0345275492556578	0.4254667235434063
ENSMUSG00000097196	-0.300165914940079	0.4966061580396208
ENSMUSG00000041984	-0.3466009533796176	-0.2286489248905397
ENSMUSG00000058006	-0.0088639832759033	0.3237560431714601
ENSMUSG00000059901	-0.0556953263560782	0.3714081418798521
ENSMUSG00000030770	-0.2486708472316054	0.2258728266409319
ENSMUSG00000057816	-0.4701276192434264	-0.1730010691490254
ENSMUSG00000079629	-0.7671746440786495	-0.5578706613506886
ENSMUSG00000070837	-0.3699681542287521	-0.1721310588261862
ENSMUSG00000066150	-0.0519894320518689	0.471548103859313
ENSMUSG00000108111	-0.1158450553643768	-0.0890933420840641
ENSMUSG00000023391	-0.2552660602210155	0.0983909655601588
ENSMUSG00000032409	-0.1001921874711199	0.5179373933380726
ENSMUSG00000111535	-0.3329976394880716	-0.3468702996009987
ENSMUSG00000105646	-0.423812350421057	-0.4498612309498302
ENSMUSG00000022307	-0.1545012290743716	0.4592262780000377
ENSMUSG00000110653	-0.15987796496897	0.2422834582915742
ENSMUSG00000104138	-0.3603834410841375	-0.4067642342839817
ENSMUSG00000094752	-0.7827809772425945	-0.8280696366673492
ENSMUSG00000100739	-2.0	-2.0
ENSMUSG00000001583	0.0026648897252567	0.11176280692192
ENSMUSG00000044966	-0.3880771110551848	0.5076222069708453
ENSMUSG00000102628	-0.2873521702197057	0.2345380360165737
ENSMUSG00000070438	-0.4876414468506939	-0.3402322646868925
ENSMUSG00000102187	-0.5923937184830019	-0.3054846522896396
ENSMUSG00000047146	-0.0019158100061215	0.0229843080832422
ENSMUSG00000030075	-0.5046352449639268	-0.3885333094725414
ENSMUSG00000103307	-0.6315498436274508	-0.6263958859185629
ENSMUSG00000035845	-0.0646748535918051	0.2966318492033482
ENSMUSG00000039621	-0.0760437630263738	0.4313599037464352
ENSMUSG00000084925	-0.067855937187519	0.4098513263177771
ENSMUSG00000099654	-2.0	-2.0
ENSMUSG00000043421	-0.0762241668158451	0.4050935316485834
ENSMUSG00000030614	-0.2371422049003718	0.5423336118526803
ENSMUSG00000105331	-0.363435682565888	-0.3862716801255837
ENSMUSG00000113985	-0.4874215226618705	-0.7054058411515778
ENSMUSG00000009292	-0.2527171788585243	-0.0937536581601412
ENSMUSG00000097320	-0.0493698785670127	0.281507421666807
ENSMUSG00000039691	-2.0	-2.0
ENSMUSG00000006728	0.0119779056367739	0.0074285523843643
ENSMUSG00000085872	-0.2938006086735207	-0.3335512874508199
ENSMUSG00000033364	-0.0207670357760271	-0.2763056547409402
ENSMUSG00000027478	-0.0421174756689706	0.3515528173685827
ENSMUSG00000001270	0.0685796661928768	0.2845895325050586
ENSMUSG00000050613	-0.6620609835943928	-0.4302198463656821
ENSMUSG00000101067	-0.5764584148591317	-0.4199956093453723
ENSMUSG00000068220	0.1174581015579561	0.1386594626900579
ENSMUSG00000039137	-0.0317221989626168	0.4072287149188852
ENSMUSG00000105795	-0.0223024531618277	0.0052178464918439
ENSMUSG00000037535	-2.0	-2.0
ENSMUSG00000121229	-0.4395070546318531	-0.2343208673566971
ENSMUSG00000100627	-0.1544390007454439	0.1812322884482107
ENSMUSG00000048007	-0.1247725783761395	0.3837640372358116
ENSMUSG00000034327	-0.3263302568289145	0.4202700441248105
ENSMUSG00000106035	0.0213874575847556	0.4023208896215054
ENSMUSG00000030701	-0.0164171895978626	0.2238545465879801
ENSMUSG00000100410	-0.3858902873318372	-0.4893265970105019
ENSMUSG00000119987	-0.3440212693687431	-0.6281740226635073
ENSMUSG00000047344	-0.7347311226882203	-0.4308056983375241
ENSMUSG00000006705	-0.0195013150325696	0.3100059675589281
ENSMUSG00000108460	0.0217682205201606	0.0549454268715
ENSMUSG00000076614	-0.2951370010032808	-0.3819786943280652
ENSMUSG00000092390	-0.0644974701270144	-0.2892508702188821
ENSMUSG00000074591	-0.2085320980259791	-0.4657582478988557
ENSMUSG00000033024	-0.6832086284500124	-0.79220029293454
ENSMUSG00000040521	-0.0884319505117488	0.4183874786184604
ENSMUSG00000039210	-0.0838239835490477	0.4642080739537034
ENSMUSG00000101744	-2.0	-2.0
ENSMUSG00000045010	-0.4544106220007913	-0.0514127645135552
ENSMUSG00000019979	-0.1224454136095033	0.5105206139671724
ENSMUSG00000029862	-0.0772040851289026	-0.0439966712395191
ENSMUSG00000104476	-0.538467709409086	-0.5733410710877467
ENSMUSG00000078672	-0.2725053141987691	-0.3981702674919066
ENSMUSG00000118024	-0.4868074458575019	-0.478224285668802
ENSMUSG00000100334	-0.3443572310085898	-0.2935039436181544
ENSMUSG00000030754	-0.06545034542561	0.4544594622312852
ENSMUSG00000040209	-0.0014549758388642	0.177213183717719
ENSMUSG00000021359	-0.078567101681965	-0.3213097763205823
ENSMUSG00000022765	-0.3429359204971474	-2.0
ENSMUSG00000030096	-0.006334469650771	0.3204811247998216
ENSMUSG00000059288	-0.1099351704484493	-0.4838238442772222
ENSMUSG00000043542	-0.141734532002332	0.4877948379046183
ENSMUSG00000075586	-0.2738074732990214	0.0338292293611595
ENSMUSG00000003437	-0.0230155067703176	0.3155034903053756
ENSMUSG00000108071	-0.4707627083087444	-0.3980714026271512
ENSMUSG00000036925	-2.0	-2.0
ENSMUSG00000037369	-0.1770830162985353	0.4984437170133999
ENSMUSG00000111836	-0.5067336385562545	-0.1718075114248549
ENSMUSG00000006546	-0.3479959255286554	-0.1754974634685349
ENSMUSG00000020644	0.0776249896589821	-0.0425883092024893
ENSMUSG00000105526	-0.6182230570811482	-0.4446059069424599
ENSMUSG00000020872	0.0291570736291591	-0.1835225875705999
ENSMUSG00000113206	-2.0	-2.0
ENSMUSG00000033417	-0.0240187086475349	0.5325819005455374
ENSMUSG00000101224	-0.212975313786973	-0.0397749323438254
ENSMUSG00000007950	-0.0157252359321508	-0.0999196549968825
ENSMUSG00000108986	-0.3627182612831299	-0.8348898717120736
ENSMUSG00000104277	-0.2327962973449173	-0.240516335219597
ENSMUSG00000040818	-0.0398598497170781	-0.2241850267094427
ENSMUSG00000085021	-0.3739502862194013	-0.2797851104577963
ENSMUSG00000078891	-2.0	-2.0
ENSMUSG00000118466	-2.0	-2.0
ENSMUSG00000078532	-0.0380272515473875	0.3936825791755478
ENSMUSG00000022283	-0.0731445245511796	0.4940936214747334
ENSMUSG00000085925	-0.1475936962850692	-0.1359838931669678
ENSMUSG00000117003	-0.2086903501124516	0.2749139718983749
ENSMUSG00000024234	-0.0484693748290238	0.444434860845281
ENSMUSG00000020793	0.072567651071482	-0.1392469463911231
ENSMUSG00000104384	-1.4122787107905397	-0.7156678678354151
ENSMUSG00000027820	-0.0592751833796762	0.5825637637565366
ENSMUSG00000021481	-0.0186854487123217	0.3532120224858909
ENSMUSG00000091994	0.0692461750685284	0.2951438139622458
ENSMUSG00000036916	-0.2130134696234195	0.3226794857055344
ENSMUSG00000026087	-0.1616374656519439	0.3818173293235946
ENSMUSG00000032376	-0.1537617598906823	0.5106739389967082
ENSMUSG00000090667	-0.3987559454109787	-0.3595330728816566
ENSMUSG00000042978	-0.0206717418149916	0.3993316880668506
ENSMUSG00000086364	-0.5185737115974733	-0.2078841050020354
ENSMUSG00000099473	-0.4128026364793752	-0.7271269737631283
ENSMUSG00000035852	-0.1715003193760502	0.1139287864938002
ENSMUSG00000031568	-0.0970339131811217	0.4591701565306121
ENSMUSG00000099556	-0.2853611460178759	-0.2514245535325313
ENSMUSG00000097098	-0.3807574062982244	0.1618385823152544
ENSMUSG00000100726	-2.0	-2.0
ENSMUSG00000029844	-0.4043600659132139	0.4376640123035284
ENSMUSG00000100970	-2.0	-2.0
ENSMUSG00000112397	-0.4353126357234539	-0.6675821847127665
ENSMUSG00000025401	-0.045176696563103	-0.0802019943971024
ENSMUSG00000121432	-0.564985853099316	-0.809192239868098
ENSMUSG00000087327	0.1164563121746339	-0.0288250343674331
ENSMUSG00000096621	-0.2081393148322616	-0.3746688192062636
ENSMUSG00000030051	-0.0910872241267042	0.5354840032266902
ENSMUSG00000095462	-2.0	-2.0
ENSMUSG00000066652	-0.0531521373488228	-0.1912994891517148
ENSMUSG00000081590	-2.0	-2.0
ENSMUSG00000028314	-0.5277041177163477	-0.3151776099109082
ENSMUSG00000112132	-0.1706818152652977	-0.3248623944275952
ENSMUSG00000044162	-0.3648722792772686	-0.3399849782942903
ENSMUSG00000021707	-0.0431685277566362	0.4726631464067246
ENSMUSG00000103347	-2.0	-2.0
ENSMUSG00000110548	-0.3995643507187814	-0.3883047255974743
ENSMUSG00000104535	0.2893713048858896	-0.3228452773701978
ENSMUSG00000121835	-2.0	-2.0
ENSMUSG00000049107	-0.4314481644633099	-0.036708874059391
ENSMUSG00000024213	-0.0160003711192437	0.2590751869615853
ENSMUSG00000038324	-0.0249625904218283	0.4208205035860325
ENSMUSG00000050705	-0.0684612787311344	0.3062225240543935
ENSMUSG00000029672	-0.0514546141572843	0.3872698448155991
ENSMUSG00000099916	-2.0	-2.0
ENSMUSG00000025732	-0.2439193222842654	0.3276265816711907
ENSMUSG00000113628	-0.4902333957854717	-0.481637168245239
ENSMUSG00000085750	-0.2618797855969049	-0.2185927747153141
ENSMUSG00000026399	-0.3218793144620673	0.4493142156421094
ENSMUSG00000032199	-0.0587062660647637	0.3721295685002101
ENSMUSG00000108169	-0.6054509640656268	-0.3654818214273483
ENSMUSG00000038357	-0.1048364502495003	-0.1544657751885195
ENSMUSG00000049173	-0.1282879257175165	-0.348280761502361
ENSMUSG00000032456	-0.3292577759789706	0.3382468660505102
ENSMUSG00000103334	-0.3985647561346715	-0.7085151755472491
ENSMUSG00000106735	-0.2055760914512008	-0.3927882498180057
ENSMUSG00000110592	-0.385728745406028	-0.2090393543812694
ENSMUSG00000100807	-0.4368871530485949	-0.5610818998984761
ENSMUSG00000106673	-0.5428656722877263	-0.5048243725992593
ENSMUSG00000103914	-0.5572512711567518	-0.8131996771256547
ENSMUSG00000069390	-0.5701164827973868	-0.5502557366197622
ENSMUSG00000048799	-0.1581211886943852	0.5745761679927336
ENSMUSG00000106549	-0.4723396866927256	-0.1342075066486214
ENSMUSG00000099041	-0.0383277997002002	-0.3706432126860502
ENSMUSG00000112286	-0.0370375495169234	0.1497461063700118
ENSMUSG00000039438	-0.0299805955041641	0.1640467785665678
ENSMUSG00000089739	-0.0219875706540185	0.4266677093213699
ENSMUSG00000025496	-0.1079029474501213	-0.1167395497793064
ENSMUSG00000024640	-0.0369827845238061	0.4797353520994271
ENSMUSG00000021591	-0.1955961171767525	0.3760160266266729
ENSMUSG00000052384	-0.0354303913639403	0.3602869896778052
ENSMUSG00000002345	-0.1400077695472209	0.3277001047133204
ENSMUSG00000120972	-0.2865444034773255	0.0198146725978008
ENSMUSG00000074424	-2.0	-2.0
ENSMUSG00000042535	-0.0530905908699604	0.2632804405636313
ENSMUSG00000106099	-0.1192753329034186	-0.6027244487726816
ENSMUSG00000027577	-0.1858784478881401	-0.2271334195841337
ENSMUSG00000087641	-0.3668997397782714	-0.4300329987735742
ENSMUSG00000100617	-0.3833356852024278	-0.5432244957505099
ENSMUSG00000022200	-0.0342501071721103	0.4455652862538212
ENSMUSG00000078698	-0.648942196245028	-0.352405216265493
ENSMUSG00000022517	-0.0401150825617473	0.2382739851751346
ENSMUSG00000061392	-0.7830458495768401	-0.7258232085177612
ENSMUSG00000043424	0.0638115327308386	-0.2521176377239518
ENSMUSG00000075155	-0.4687229490659763	-0.8593010601911879
ENSMUSG00000116606	-0.0797240710682796	0.0115732345752434
ENSMUSG00000010025	-0.0911890073094266	0.534684667408848
ENSMUSG00000081169	-0.4045108327613774	-0.4270301468844953
ENSMUSG00000049103	-2.0	-2.0
ENSMUSG00000087162	-0.3943614403345442	-0.3402860743052333
ENSMUSG00000100879	-2.0	-2.0
ENSMUSG00000093536	-0.2614491711353611	0.3308450124787214
ENSMUSG00000075318	-0.3839456460689766	-0.2765282372008127
ENSMUSG00000106745	-0.3390785793669602	-0.317091020870104
ENSMUSG00000021210	-0.4844459041121914	-0.503504808321289
ENSMUSG00000038366	-0.0244213374690797	0.431480525422477
ENSMUSG00000109622	-0.6831136514393652	-0.7414872296824077
ENSMUSG00000096351	-2.0	-2.0
ENSMUSG00000113873	-2.0	-2.0
ENSMUSG00000116752	-0.7723282343917575	-2.0
ENSMUSG00000091430	-0.1435952299230585	0.3060070459061574
ENSMUSG00000104010	-0.4944563493506467	-0.4816203173482502
ENSMUSG00000027931	-0.0138173355552513	0.2232910240038118
ENSMUSG00000101051	-0.2195342032590552	-0.2955023579955527
ENSMUSG00000115236	-0.7282794089453559	-0.7317926468926415
ENSMUSG00000085830	-0.1390408874959431	0.0291530938836326
ENSMUSG00000115478	-0.4209617433453639	-0.3634284824275944
ENSMUSG00000089914	-0.4486939774312899	-0.5606875210742638
ENSMUSG00000027332	-0.0444164351444304	0.4490511457089716
ENSMUSG00000006288	-0.0941753114878275	0.2021719897309028
ENSMUSG00000104466	-0.385741413189651	-0.3107890413534623
ENSMUSG00000041268	-0.2280039895137303	0.4213603904808205
ENSMUSG00000111273	-0.5453301120988436	-0.7498137988790164
ENSMUSG00000017286	-0.0501427682394002	0.4463917565976202
ENSMUSG00000101540	-0.6039614239413668	-0.3499299949860429
ENSMUSG00000031903	-0.0692981746285548	0.4437903935726571
ENSMUSG00000045441	-0.510390220497782	-0.1543516234223807
ENSMUSG00000095420	-0.765676116760368	-1.148194271521079
ENSMUSG00000031731	-0.0248648078918664	0.505469338747795
ENSMUSG00000045030	-0.4589537176687847	-0.5640409941307125
ENSMUSG00000073608	-0.3604057473525511	-0.3442207812058966
ENSMUSG00000050114	-0.4766527734558055	-0.4480549689710192
ENSMUSG00000061536	-0.0411825895707498	0.4302798935646079
ENSMUSG00000110891	-0.4111736471542663	-0.4861138348596503
ENSMUSG00000115811	-0.1167201167614115	0.006842837800086
ENSMUSG00000102940	-0.6872418563262216	-0.3586373528846592
ENSMUSG00000017760	0.0211304792056396	0.1380101220439565
ENSMUSG00000021007	-0.0869398254686298	0.5077010086641887
ENSMUSG00000045667	-0.0237655119064342	0.4188231256302602
ENSMUSG00000021965	-0.2857559338361116	0.4113048124972884
ENSMUSG00000097616	-0.362511471303385	0.4677560512440329
ENSMUSG00000034810	-0.5293431748523874	-0.4119673049371147
ENSMUSG00000030844	-0.3031451141913715	0.1094748707659802
ENSMUSG00000022455	-0.1126704869613938	0.2365946933882193
ENSMUSG00000018263	-0.3454975225619855	-0.1680071823879686
ENSMUSG00000121292	-2.0	-2.0
ENSMUSG00000044617	-0.0873237930966028	0.2901931555844699
ENSMUSG00000027338	-0.1655607295134921	-1.6932748232175086
ENSMUSG00000024371	-0.1721661769923011	0.0487529235138432
ENSMUSG00000075590	-0.0986657181778608	0.2340298207222612
ENSMUSG00000091584	-0.475300068931529	-0.937656397930146
ENSMUSG00000038543	-0.319062331965537	0.123047942784612
ENSMUSG00000047638	-0.3424651568996504	-0.7381526430643522
ENSMUSG00000049280	-0.4356059815841007	-0.6112272631657212
ENSMUSG00000090439	-0.281560594922096	-0.1439822673997052
ENSMUSG00000090698	0.1377332887301356	-0.0111809010702894
ENSMUSG00000066643	-0.1291727761827801	0.4716797616956203
ENSMUSG00000019856	-0.4214428439172202	-0.0530424002743001
ENSMUSG00000028603	-0.0456823158669631	0.4974361217363637
ENSMUSG00000111514	-0.196401966365556	-0.0310897851653945
ENSMUSG00000097115	0.0391284617561233	0.0847002933002391
ENSMUSG00000021192	-0.0527376768864816	0.3768589744065979
ENSMUSG00000020083	-0.136057077059255	-0.1966619902386175
ENSMUSG00000114033	-0.3977463565143306	-0.1421600375353853
ENSMUSG00000052613	-0.5168736277278565	-0.3423062030286289
ENSMUSG00000097925	-0.2164457110574525	-0.2977161661204824
ENSMUSG00000047379	-0.2551661680899502	0.2778777292377343
ENSMUSG00000024140	-0.0489533713047463	0.4401937956891058
ENSMUSG00000029513	-0.0859829241691901	0.432124239243959
ENSMUSG00000054779	-0.2092574136163014	-0.0907332044847739
ENSMUSG00000107821	0.1083878874648033	-0.0249773103008255
ENSMUSG00000028337	-0.2148261118232282	0.0216346980978981
ENSMUSG00000039715	-0.0694920041418929	0.4602761615420717
ENSMUSG00000057465	-0.4145525815393487	-0.2277045571496819
ENSMUSG00000110119	0.1274689344706026	0.0372816026956325
ENSMUSG00000064194	-0.0025771783387249	0.3747083964102607
ENSMUSG00000092204	-2.0	-2.0
ENSMUSG00000108141	-0.3851025731443525	-0.4363229567378911
ENSMUSG00000079487	-0.1376311360938025	0.5022877956351375
ENSMUSG00000108467	-0.4471860702990782	-0.4783473468357079
ENSMUSG00000048337	-0.2922731655236992	-0.0575824638939715
ENSMUSG00000109476	-0.3753607123558033	-0.414318456871408
ENSMUSG00000121541	-2.0	-2.0
ENSMUSG00000112169	-0.6645881189100107	-0.7071199237281481
ENSMUSG00000090086	0.032218284056037	0.2503458243325614
ENSMUSG00000031497	-0.3707943428976962	-0.0254130606339643
ENSMUSG00000086245	-0.1469019427104699	-0.087621476803004
ENSMUSG00000061808	-0.2651622612766985	-0.2192509271880372
ENSMUSG00000050164	-0.2562834850619364	-0.0998887160926661
ENSMUSG00000100681	-0.4258441365834138	-0.3214954603336905
ENSMUSG00000118565	-0.2909696456594375	-0.2465198971869694
ENSMUSG00000053600	-0.0965699850011973	0.5091944548664159
ENSMUSG00000120056	-0.2153949733286624	-0.0161285387501419
ENSMUSG00000042388	-0.0122390227372843	0.3697574596803122
ENSMUSG00000120473	-0.6388893382357931	-0.4213523104863027
ENSMUSG00000104293	-0.0741225590735193	0.0250190542792555
ENSMUSG00000061474	-0.1841767521179097	0.4929432848412887
ENSMUSG00000110810	-0.321890067991047	-0.5588222420110468
ENSMUSG00000046185	-0.1012084729325884	0.4880699064206139
ENSMUSG00000096370	-0.0194600719751166	0.4801935631987559
ENSMUSG00000024669	-0.2479421745956479	-0.434980277701498
ENSMUSG00000047033	-2.0	-2.0
ENSMUSG00000057411	-0.1059704224069927	0.3102645402324906
ENSMUSG00000056821	-0.1909423370677096	0.263203215178487
ENSMUSG00000028976	-0.0451744798079271	0.2444735111256548
ENSMUSG00000035863	-0.0115113206864454	0.3439070077525249
ENSMUSG00000110027	-0.4230614161329143	-0.5552528089679372
ENSMUSG00000060480	-0.712874235707453	-0.6585041443132986
ENSMUSG00000095304	-2.0	-2.0
ENSMUSG00000100053	-0.6209750600059151	-0.5969945048472232
ENSMUSG00000042447	-0.3210837455192213	0.4835054222459397
ENSMUSG00000096069	-0.3133001103626419	-0.5448428345736358
ENSMUSG00000111022	-0.3751783114098284	-0.6957512450716742
ENSMUSG00000095954	-0.7226130088048712	-1.0035782781466036
ENSMUSG00000026035	-0.080782746389311	0.4419570469549065
ENSMUSG00000109995	-0.2931803538516353	-0.1858138226464317
ENSMUSG00000037790	-0.4308096800593665	-0.2986449836924427
ENSMUSG00000004789	-0.0584063871468131	0.4438641668418449
ENSMUSG00000114613	-0.4680665889879173	-0.3673465603436357
ENSMUSG00000028909	-0.2046198826255319	0.0910950003628447
ENSMUSG00000035228	-0.0478131831618518	-0.2619258234549202
ENSMUSG00000038235	-0.0711453081702981	0.4430475865883714
ENSMUSG00000108354	-0.3711710715893108	-0.1794629297084057
ENSMUSG00000024290	-0.1145374564099994	0.5552659549809105
ENSMUSG00000093904	-0.0159008915237348	0.3346547668832413
ENSMUSG00000031393	-0.0864053627577954	0.4814434884905266
ENSMUSG00000091116	-2.0	-2.0
ENSMUSG00000111049	-0.356080313317833	-0.5047077096293051
ENSMUSG00000120000	-0.3484231236381773	-0.3061037619756784
ENSMUSG00000009876	-0.1012749280808441	0.1631884578818299
ENSMUSG00000097520	-0.364424779490768	-0.2138275971995147
ENSMUSG00000094132	-0.0131026519101962	0.3383560762995519
ENSMUSG00000006273	-2.0	-2.0
ENSMUSG00000112635	-0.9349425741173326	-0.7575132843268455
ENSMUSG00000043664	-0.2924090463885836	0.3140868419404876
ENSMUSG00000035394	-0.3183771131345894	0.1686977902724455
ENSMUSG00000110277	0.0288856363955278	0.520596447726961
ENSMUSG00000026452	-0.2773700256157875	-0.1305637405286006
ENSMUSG00000026887	-0.1416619498471563	0.4413755406880507
ENSMUSG00000031400	-0.141425870924256	0.4982667085144381
ENSMUSG00000047441	-0.3506283349295944	-0.3137735548878565
ENSMUSG00000045912	-0.05272247574919	0.1711786925969592
ENSMUSG00000020177	-0.3337610309381602	-0.4325405204974051
ENSMUSG00000043592	-0.276734999642129	0.2285468955323515
ENSMUSG00000078618	-0.3713758993048983	-0.5849565358343706
ENSMUSG00000115369	-0.3409224077913257	-0.1694004259773411
ENSMUSG00000000278	-0.0044845819113436	0.2682460403393187
ENSMUSG00000006307	-0.0335137853781789	0.3157143090001512
ENSMUSG00000022525	-0.4797510365144082	-0.1708478384886624
ENSMUSG00000034898	-0.3845236190903778	-0.7562442464154369
ENSMUSG00000047626	-0.6575485777304252	-0.528765543291537
ENSMUSG00000112899	-0.3720345550851109	-0.3057599549182656
ENSMUSG00000109734	-0.4333809081510441	-0.640996694420171
ENSMUSG00000048668	-0.1207575063211469	0.3632670394453598
ENSMUSG00000095603	-0.4356561668624938	-0.5267481235096386
ENSMUSG00000074945	-0.5938049738462481	-0.4703112505654837
ENSMUSG00000047230	-0.5342249733317195	-0.5390092972790543
ENSMUSG00000015476	0.2627552266685588	-0.2458583091638874
ENSMUSG00000089680	-0.1629808099423303	0.0278355824753583
ENSMUSG00000028677	-0.0038109287974442	0.2432648152766638
ENSMUSG00000087519	-0.0830756889619034	0.4788422787927019
ENSMUSG00000015653	-0.0539220576565723	0.4148884852197996
ENSMUSG00000100709	-2.0	-2.0
ENSMUSG00000025090	-0.3969076158658025	-0.2719989921018587
ENSMUSG00000049882	-0.2264709909966487	0.4558603780209481
ENSMUSG00000089934	-0.4942532769355352	-0.471121822580433
ENSMUSG00000106153	-0.2572877485056421	-0.1813058884508472
ENSMUSG00000121744	-0.5323913025333195	-0.3387328621250617
ENSMUSG00000073409	-0.1633750211885923	0.0760798311877221
ENSMUSG00000110656	-0.1112335659434142	-0.2107603711085929
ENSMUSG00000020131	-0.2194364414110139	0.3040348396853143
ENSMUSG00000048919	-0.3331021779298926	-0.3086056808806053
ENSMUSG00000089647	-0.23717099692045	-2.0
ENSMUSG00000074417	-0.161518893661948	-0.3462558492709365
ENSMUSG00000067795	-0.31424482981734	-0.257607981695864
ENSMUSG00000058239	-0.0871706749022304	0.3067928960664002
ENSMUSG00000040274	-0.0361278710603369	0.2828721510106739
ENSMUSG00000102095	-0.3477205803649537	-0.4001295859398973
ENSMUSG00000120156	-0.4981085669751103	-0.5692343654242025
ENSMUSG00000069248	-0.4016188199178549	-0.3473563017859699
ENSMUSG00000074681	-0.2159233088807989	-0.2992409181633286
ENSMUSG00000109226	-0.4139442999702566	-0.6368210263287735
ENSMUSG00000113758	-0.5048695632741896	-0.3447937359936752
ENSMUSG00000027890	-0.2630267871121653	0.475094748442027
ENSMUSG00000096001	-0.3353097095202829	-0.2168558138685673
ENSMUSG00000005610	0.0151435604530817	0.4663755365274236
ENSMUSG00000109980	-0.4155807946732288	-0.3877560419594767
ENSMUSG00000032058	-0.029082499212066	0.4905329421800576
ENSMUSG00000038045	-0.1044509412998294	-0.054926595780295
ENSMUSG00000024777	-0.1184798827410175	0.2598183735556871
ENSMUSG00000113698	-0.8820319391372053	-0.6136908456672806
ENSMUSG00000031398	-0.1155817922955271	0.4083668421957634
ENSMUSG00000021314	-0.2837177952264907	0.3545778383559262
ENSMUSG00000117193	-0.4215217035994454	-0.2614035009125347
ENSMUSG00000047804	-0.0170988636442548	0.4561950149905275
ENSMUSG00000072889	-0.2213024613538049	0.5428951075894982
ENSMUSG00000106255	-0.4547448535046348	-0.294111496022185
ENSMUSG00000021820	-0.0181245171096181	0.4054887676539764
ENSMUSG00000020439	-0.01588296238985	0.3657907622845504
ENSMUSG00000042848	-0.7262148336186087	-0.8068908806221485
ENSMUSG00000102389	-0.0233231620157479	-0.366375246734933
ENSMUSG00000029207	-0.060506007082371	0.3833388163721862
ENSMUSG00000113016	-0.3261146841751363	-0.4186352076243719
ENSMUSG00000051950	-0.2862410669019741	0.3884962227369675
ENSMUSG00000035547	-0.1189722847606926	0.3065472562031086
ENSMUSG00000039545	-0.1567844195562656	0.2650358596273571
ENSMUSG00000051527	-0.4098282842696668	0.264263744244789
ENSMUSG00000084228	-0.5348515821034299	-0.6345651819982007
ENSMUSG00000033107	-0.0237591815852663	0.2901236882743066
ENSMUSG00000050315	-0.2889138764867108	0.0824679681421921
ENSMUSG00000094036	-0.4665014884200129	-0.5790384813267297
ENSMUSG00000109124	-0.4356408193567027	-0.237827733102605
ENSMUSG00000001156	-0.0452544829198114	0.3473245500036885
ENSMUSG00000078234	0.0439509472703613	0.1002918824378382
ENSMUSG00000084890	-0.3429829866680489	-0.3076091090394204
ENSMUSG00000085938	-0.3023960000794904	-0.374446201894771
ENSMUSG00000061882	-0.2147651505952277	0.4821947539503625
ENSMUSG00000062995	-0.2547869748023474	0.4552125593519605
ENSMUSG00000070852	-0.469392947882468	-0.6274731440550949
ENSMUSG00000027832	-0.3353572724194487	-0.2618043893021687
ENSMUSG00000109110	-0.3890101962836003	-0.0919737525363113
ENSMUSG00000116604	-0.3946050868304417	-0.239058332419278
ENSMUSG00000073415	-0.199320030742901	0.349891517920573
ENSMUSG00000094511	-2.0	-2.0
ENSMUSG00000059363	-0.0858462598508682	0.5419198069143686
ENSMUSG00000106741	-0.4631492645264715	-0.6375959466101996
ENSMUSG00000020982	-0.0192725290609416	0.3857849588433357
ENSMUSG00000105811	-0.4462766483870735	-0.3509725864628039
ENSMUSG00000099775	-0.1820811251160599	-0.2190754172521659
ENSMUSG00000100844	-0.5869866293238923	-0.5577535897166178
ENSMUSG00000040128	-0.0873025529516813	0.4103371502804791
ENSMUSG00000026254	-0.03200719342385	0.3726587133568473
ENSMUSG00000037124	-0.3775431095356639	-0.4163096290131062
ENSMUSG00000050234	-0.0530451482704035	0.2843783897448628
ENSMUSG00000014294	-0.2162748895658572	0.3252479438095164
ENSMUSG00000056281	-0.7733682391075946	-0.7043177777828122
ENSMUSG00000044349	-0.0605131958824311	0.2069995590903146
ENSMUSG00000049604	-2.0	-2.0
ENSMUSG00000115322	-0.5084242937540194	-0.5254341093261127
ENSMUSG00000029697	-0.4572149929296493	-0.3657392256821876
ENSMUSG00000024563	-0.0180867550218013	0.4670134476671367
ENSMUSG00000026622	-0.0472020375293381	0.3452584262447193
ENSMUSG00000040720	-0.0254890441362246	0.4646880196637099
ENSMUSG00000066258	-1.8335018016977331	-0.9626716876164932
ENSMUSG00000069114	-0.2577900447720491	0.1917125184954341
ENSMUSG00000089709	-0.5285416457369548	-0.313338013402068
ENSMUSG00000109809	-0.3256239238865936	-0.1347473360607607
ENSMUSG00000019889	-0.0730047500822703	0.5083212075732331
ENSMUSG00000030374	-0.0289549083000166	0.383257208241837
ENSMUSG00000049583	-0.5197334208156426	-0.5741724363754854
ENSMUSG00000059934	-0.6957039142301077	-0.3881911157417247
ENSMUSG00000026405	-0.3946022855193203	-0.5029923518973445
ENSMUSG00000117322	0.0297143650493678	0.3321102921275057
ENSMUSG00000036362	-0.4555100264377082	-0.5066478935304333
ENSMUSG00000030669	-0.1521276330488197	0.2186468215782367
ENSMUSG00000034245	-0.0612360778613273	0.3200013862892025
ENSMUSG00000059146	-0.4135772183350984	-0.0575841498511322
ENSMUSG00000031010	-0.0071824513128738	0.4138145756851163
ENSMUSG00000030760	-0.1680452939552694	-0.4202423932569432
ENSMUSG00000097191	-0.0742525943654397	0.4976352871228797
ENSMUSG00000072653	-0.199949580393068	-0.1247562554567261
ENSMUSG00000075383	-0.5568634849876927	-0.4206071012389881
ENSMUSG00000097287	-0.2376784695443131	0.1993433893664379
ENSMUSG00000068083	-0.2054839307486563	-0.1034011489745331
ENSMUSG00000062329	-0.5414273831278326	-0.3287416032174119
ENSMUSG00000066677	-0.5038123288335764	-0.4512566563340059
ENSMUSG00000111107	-0.4617513547122697	-0.2552168147497359
ENSMUSG00000031596	-0.2895984470186249	0.1880353649576792
ENSMUSG00000048292	-0.4530015665532522	-0.3101944287321925
ENSMUSG00000030935	-0.1237856245377285	-0.3965990254150481
ENSMUSG00000040102	-0.0779667475287394	0.4216680792707902
ENSMUSG00000040483	-0.0375834012646465	0.3139431098612769
ENSMUSG00000072888	-0.8064887176814977	-0.9410875648832324
ENSMUSG00000035629	-0.0313994809631752	0.4374223404369951
ENSMUSG00000037020	-0.0355947805976198	0.5085114041511454
ENSMUSG00000106764	-0.0770548041262433	0.0595042710681849
ENSMUSG00000081026	-0.170522286853796	-0.4150546381334217
ENSMUSG00000062892	-0.7580570083159239	-0.7447095444290824
ENSMUSG00000062007	-0.0911773278169178	-0.0968301101742215
ENSMUSG00000114925	-0.628752395493624	-0.5836044971895539
ENSMUSG00000022783	-0.3405909946168002	-0.1388360025210279
ENSMUSG00000087356	-0.0443526510523452	0.0856999852017849
ENSMUSG00000090222	-0.3652195349122944	-0.3903432787888422
ENSMUSG00000115702	-0.1780288367120464	-0.4845972504756816
ENSMUSG00000021772	-2.0	-2.0
ENSMUSG00000111045	-0.2444689063273258	-0.2940708065163821
ENSMUSG00000025066	-0.2342943492864016	0.4678731884529626
ENSMUSG00000036251	-1.6451311355012046	-2.0
ENSMUSG00000002007	0.2904557840777851	-0.2506734436456647
ENSMUSG00000021752	-0.0802642665236471	0.4121180169701783
ENSMUSG00000085465	-0.0002295418545378	-0.2944583663711825
ENSMUSG00000038630	-0.1888902332216917	0.2941682464448084
ENSMUSG00000039492	-0.3084158663923043	-0.203862956394907
ENSMUSG00000078706	-0.0699694054789897	0.3344316337391358
ENSMUSG00000106285	-0.4869362953328097	-0.6768217671191162
ENSMUSG00000040258	-0.1347063517864616	-0.0086049368671144
ENSMUSG00000055884	-0.0219830021964273	0.125756394363181
ENSMUSG00000000305	-0.2524328372623751	0.2785729883277577
ENSMUSG00000010277	-0.0366653970889453	0.4173903072620651
ENSMUSG00000111128	0.060798962547105	0.1041270986262124
ENSMUSG00000097000	0.0317517241989336	0.2039315665587034
ENSMUSG00000021868	-0.0914081899795807	0.4167815885281155
ENSMUSG00000073664	-0.1096699857675342	0.5225498598586931
ENSMUSG00000106818	-0.0605595265596681	-0.1695977907992616
ENSMUSG00000096729	-0.1871364898612369	-0.1683771849796884
ENSMUSG00000044328	0.0606071955245555	0.0800025883464198
ENSMUSG00000047591	-0.0497774344547574	0.2289682661772213
ENSMUSG00000083136	-0.7701564470075093	-0.7201377585911244
ENSMUSG00000031799	-0.0261772770014646	0.3096910495415287
ENSMUSG00000108289	-0.2972316380449335	-0.3926745338200175
ENSMUSG00000028737	-0.0378389103827434	0.394601556605799
ENSMUSG00000020340	-0.1106762190838238	0.382963169661049
ENSMUSG00000024507	-0.1633117614049527	-2.0
ENSMUSG00000020814	-0.0636113362568001	0.2138416968673544
ENSMUSG00000027660	-0.009250846430359	0.3932785534222847
ENSMUSG00000084851	-0.3973207122093717	-0.282731863318636
ENSMUSG00000108599	-0.5615044847651219	0.3795419126937475
ENSMUSG00000110260	-0.3240531041514651	-0.3299054710903883
ENSMUSG00000026686	-0.3256831241586237	0.019232890134554
ENSMUSG00000041949	-0.0416435192148389	0.541783613772902
ENSMUSG00000032652	-0.1424212319263806	0.4886561752122954
ENSMUSG00000086844	-0.0407141353002469	-0.1393521794389442
ENSMUSG00000115794	-2.0	-2.0
ENSMUSG00000042425	-0.603255772149286	-0.4011655190446779
ENSMUSG00000025475	-0.3508028519972814	-0.0753895355953225
ENSMUSG00000073967	-0.5183483011529698	-0.3816300795346619
ENSMUSG00000112616	-0.3301685947382397	-0.6459964960010807
ENSMUSG00000096413	-2.0	-2.0
ENSMUSG00000003166	0.0035682306796561	-0.3277098014473634
ENSMUSG00000004667	-0.1374315634059073	0.2329585207050201
ENSMUSG00000042751	-0.0732852694457945	0.1942664041375671
ENSMUSG00000050944	-0.3190067431756839	-0.2766826017531381
ENSMUSG00000086569	-0.0366085055411693	0.0144829038723861
ENSMUSG00000108210	-0.025791728550101	0.131233145142177
ENSMUSG00000031027	-0.375883813648089	-0.1768198342558524
ENSMUSG00000039000	-0.0143179647034396	0.4679681174047913
ENSMUSG00000091191	0.2887739977064326	-0.1843311523581143
ENSMUSG00000052798	-0.0260621575773619	0.4347671652973043
ENSMUSG00000026791	-0.0711318021688072	0.2585022330141617
ENSMUSG00000027977	-0.3874714987521874	-0.1601042001655392
ENSMUSG00000103305	-0.4318635423861041	-0.3133583691105326
ENSMUSG00000095283	-2.0	-2.0
ENSMUSG00000108963	-0.4940530087862824	-0.2955236442421731
ENSMUSG00000022634	-0.1459406346180889	0.383990771167714
ENSMUSG00000099503	-0.4839360616547772	-0.4026537277596616
ENSMUSG00000086025	-0.2856157472618355	-0.3334696646916274
ENSMUSG00000116989	-0.2664206275628056	0.1615339009880407
ENSMUSG00000120601	-0.4516626757580161	-0.4098445985576881
ENSMUSG00000108134	-0.2966092529130046	-0.2270891676208545
ENSMUSG00000022102	-0.1212450348817882	-0.3890347457799538
ENSMUSG00000104691	-0.5273427039733516	-0.1047776291716111
ENSMUSG00000078599	-0.3783454265789914	-0.5447210929585315
ENSMUSG00000085643	-0.4220860597534888	-0.4273021503451074
ENSMUSG00000027684	-0.4077896999267276	0.0576740899871203
ENSMUSG00000115405	-0.1200217416899624	-0.2620697946898166
ENSMUSG00000094763	-0.3932133392168722	-0.8520401940942716
ENSMUSG00000025494	-0.0793942067796339	0.2688469826527596
ENSMUSG00000027010	-0.0634650459706713	0.4177668798945294
ENSMUSG00000020553	-0.1804217170710095	0.2897133373573786
ENSMUSG00000093489	0.0564063457587605	-0.0833400604792013
ENSMUSG00000070419	-0.2798852037185926	-0.2655397406585127
ENSMUSG00000097346	-0.2484711714980506	-0.2857767309142939
ENSMUSG00000090030	-0.3952690113155436	-0.0019283731661158
ENSMUSG00000116851	-0.2676448458468114	-0.380936736955125
ENSMUSG00000025862	-0.2701823149923521	0.4010533111016097
ENSMUSG00000029638	-0.3713033919094353	0.5536199440608915
ENSMUSG00000037035	0.0341756400777141	0.0948559882496361
ENSMUSG00000021814	-0.0299541653298542	0.2740233819655571
ENSMUSG00000104431	-2.0	-2.0
ENSMUSG00000104499	-2.0	-2.0
ENSMUSG00000025269	-0.087309562084667	-0.3252962621468401
ENSMUSG00000106663	0.0465715591062516	-0.004393759333052
ENSMUSG00000107045	-0.3776355651331274	-0.3207474920095307
ENSMUSG00000096278	-0.3290624252596159	-0.6178150386649515
ENSMUSG00000025216	-0.1687449410012867	-0.0489979988169447
ENSMUSG00000083855	-0.5748660234331655	-0.6237140082079267
ENSMUSG00000036792	-0.2731470023100322	0.5437497760298692
ENSMUSG00000106025	-0.2210483590622053	-0.2257674990612654
ENSMUSG00000052713	-0.3969318792892235	-0.261633010635532
ENSMUSG00000094488	-0.5499328406553169	-0.3180178371817956
ENSMUSG00000004698	-0.5265369715348472	-0.0477890388537177
ENSMUSG00000048232	-0.0701610847444683	0.4583044850692793
ENSMUSG00000070368	-0.1779529382130039	-0.3098705937237164
ENSMUSG00000086186	-0.0512776607146507	-0.0274925215541297
ENSMUSG00000109901	-0.1976677695900781	0.4158837433563376
ENSMUSG00000016181	-0.0408615465504777	0.4915723456095802
ENSMUSG00000030707	0.0045083811375408	-0.1175412657746865
ENSMUSG00000116212	-0.2936235416920997	-0.5201604796332943
ENSMUSG00000037364	-0.0864508301133107	0.3454113743183555
ENSMUSG00000033166	-0.0256849126111586	0.3740775120497724
ENSMUSG00000102198	-0.2575969786017641	-0.4442694554874445
ENSMUSG00000094920	-0.1869494279797509	-0.2301899245913327
ENSMUSG00000032381	-0.0928986684213507	0.2476566312566571
ENSMUSG00000019948	-0.0555029174083764	0.4195817309400749
ENSMUSG00000028656	-0.0528555773195676	0.5455191389881788
ENSMUSG00000031155	-0.239715668320634	0.3139654525736806
ENSMUSG00000001418	-0.1093670837794538	0.1259702628870402
ENSMUSG00000085763	-0.4725245137545255	0.4413925162452495
ENSMUSG00000100461	-2.0	-2.0
ENSMUSG00000031098	-0.2216940235813565	-0.1923689236488202
ENSMUSG00000068876	-0.2405495835580691	-2.0
ENSMUSG00000010660	-0.0095332736396119	0.2280490849708141
ENSMUSG00000021322	-0.3325752538181737	-0.4031527348608211
ENSMUSG00000118267	-0.4942502952710102	-0.2371267599678909
ENSMUSG00000115463	-0.0207503623788453	0.4750167845818567
ENSMUSG00000050756	-0.5636293232369902	-0.4959450087087773
ENSMUSG00000087539	-0.2069807183232571	-0.119197036635278
ENSMUSG00000060787	-0.2852740225338848	-0.3562043860484455
ENSMUSG00000073926	-0.493778988920917	-0.6607898429993313
ENSMUSG00000113782	-0.3522239952149474	-0.3240391830357695
ENSMUSG00000069089	-0.0233781561305747	0.3645509953539719
ENSMUSG00000073234	-0.3899857978849868	0.0216462672587665
ENSMUSG00000020160	-0.3724416215514173	0.0667862943715778
ENSMUSG00000091228	-0.0435895082136904	0.3660880945218391
ENSMUSG00000112468	-0.8420394162117729	-0.5073524304754942
ENSMUSG00000121176	-0.197320393442375	-0.1467370306357874
ENSMUSG00000023980	-0.0303277804348975	0.3817686488173266
ENSMUSG00000040413	-0.3514627939860376	-0.3721560681408645
ENSMUSG00000044293	-2.0	-2.0
ENSMUSG00000095578	-2.0	-2.0
ENSMUSG00000032484	-0.2335608283007531	-0.2939236380789912
ENSMUSG00000114247	-0.3215282395572255	-0.2999260336554908
ENSMUSG00000091898	-0.4323009162927979	-0.548439824841326
ENSMUSG00000107171	0.1204714651026193	0.0930045622085398
ENSMUSG00000029154	-0.2227810216590046	-0.1183541602661848
ENSMUSG00000043925	-0.1005960511311569	-0.310597897470457
ENSMUSG00000046490	-0.1309668099551148	-0.2899787659857256
ENSMUSG00000108010	0.0423167486260794	0.3323738159260686
ENSMUSG00000034022	-0.0538722014311151	0.4035456812701848
ENSMUSG00000026643	-0.0631233912455683	0.5280199463463379
ENSMUSG00000097111	-0.0354321819664735	0.0770411347825551
ENSMUSG00000108195	-0.228067865775379	-0.3470079707605035
ENSMUSG00000110273	-0.363164806961271	0.4540187629228588
ENSMUSG00000063320	-0.2842385923604777	0.4485721470067424
ENSMUSG00000110497	-0.5027653464346199	-0.2251237914358221
ENSMUSG00000085348	-0.4044625552232426	-0.367690737360331
ENSMUSG00000092332	-0.4134406665938064	-0.3895843027933586
ENSMUSG00000105627	-0.3441868193532374	-0.2607410301773616
ENSMUSG00000069609	-0.1532489588016272	-0.4483055727908694
ENSMUSG00000032373	-0.3098998298732386	-0.0100385858584475
ENSMUSG00000060688	-0.7562042600348952	-0.7090425475009398
ENSMUSG00000042655	-0.4040915043903968	0.056574814542297
ENSMUSG00000116336	-0.170231298474633	-0.1394351413080494
ENSMUSG00000032564	-0.4242562444665704	-0.2520425359811363
ENSMUSG00000025931	-0.0918767221023229	0.504690740618152
ENSMUSG00000109981	-0.8360331834101112	-0.4512679254353193
ENSMUSG00000058200	-0.6310028296484766	-0.9482593972196915
ENSMUSG00000030255	-0.2920702747592109	-0.5559795752474437
ENSMUSG00000054793	-0.1557337474928434	0.2058282815731403
ENSMUSG00000117604	-0.5180411116967277	-0.1280759182531052
ENSMUSG00000022967	-0.0436172615714805	0.4404830757794329
ENSMUSG00000085971	-0.105574491171685	-0.0446077473923871
ENSMUSG00000104982	-0.4306125115783951	-0.3767056280386474
ENSMUSG00000094590	-0.195760493748166	-0.015275881093245
ENSMUSG00000097870	-0.217767665910718	0.3722670755026851
ENSMUSG00000103598	-0.316326120127915	-0.753126374392744
ENSMUSG00000015001	-0.2346794671912905	-0.0967755111221912
ENSMUSG00000109708	-0.0512803975669949	-0.407486156564071
ENSMUSG00000086061	-0.2489453394851978	-0.1961863220344657
ENSMUSG00000038143	-0.1791174755832254	-0.1259507206754061
ENSMUSG00000040389	-0.1030118463467049	0.4289158213822843
ENSMUSG00000049536	-0.5758234721293235	0.016547409391676
ENSMUSG00000027088	-0.0697513940686892	0.4048292710631184
ENSMUSG00000093934	-0.5884717411687398	-0.471569544781243
ENSMUSG00000121451	-0.1958383012687754	-0.0816713193852872
ENSMUSG00000022523	-0.4577797713661897	-0.1406012041580788
ENSMUSG00000026941	0.0338473880479329	-0.1988115008789804
ENSMUSG00000026889	-0.3016307797134417	0.4431953731086911
ENSMUSG00000052698	-0.1152090526275294	-0.1291664611198101
ENSMUSG00000093385	-0.6014059154726762	-0.4885206539397423
ENSMUSG00000016327	-0.7051242310994151	-0.5165967288395408
ENSMUSG00000004846	-0.0871298029600552	0.4021619563375379
ENSMUSG00000027349	-0.0698253444950551	0.3967971804386973
ENSMUSG00000102260	-0.1743593197636244	-0.1260777329969717
ENSMUSG00000068040	-0.0139101506044063	0.3886087664070173
ENSMUSG00000099966	-0.053027482884561	0.4809765510840022
ENSMUSG00000069785	-0.0902761686874309	-0.1807543824366032
ENSMUSG00000028938	-0.2873826191647886	-0.1950440303521203
ENSMUSG00000063935	-0.3011921046160398	-0.2045497646018815
ENSMUSG00000030699	0.048402412264507	0.1229861085357602
ENSMUSG00000086012	-0.4833784367874841	-0.51002575133367
ENSMUSG00000024853	-0.0468313314124551	0.4422166040975389
ENSMUSG00000048776	-0.5477270589481866	-0.3563280601597897
ENSMUSG00000117459	-0.2614859645300781	-0.3874553889078866
ENSMUSG00000116902	-0.4508806962525765	-0.6118195522479908
ENSMUSG00000108478	-0.5163865463120799	0.2944915776375945
ENSMUSG00000041377	-0.1445370579114006	-0.2426650196869608
ENSMUSG00000115648	-0.3101073230123272	-0.4882759540918998
ENSMUSG00000087150	-0.364102664051714	-0.2492573190407636
ENSMUSG00000094638	-0.0032451560037731	0.059608548862457
ENSMUSG00000022892	-0.2750373412520991	0.2429857316628028
ENSMUSG00000021494	-0.1845259900554931	0.3532455271126816
ENSMUSG00000069892	-0.3174100223161269	-2.0
ENSMUSG00000026994	-0.366444088338061	-0.1473590056715084
ENSMUSG00000116000	-0.3633785259811079	-0.3406052662508396
ENSMUSG00000115850	-0.1884232515933145	-0.0899565723041369
ENSMUSG00000099520	-2.0	-2.0
ENSMUSG00000096576	-2.0	-2.0
ENSMUSG00000043308	-0.5822103502560912	-0.424405725548821
ENSMUSG00000021186	-0.3849600805388151	0.0092012959852903
ENSMUSG00000028076	-0.3445160926219429	0.5084254757859472
ENSMUSG00000032228	-0.271465556585402	0.5441601050223527
ENSMUSG00000004231	-0.2461936470728031	-0.266058409549809
ENSMUSG00000097677	-2.0	-2.0
ENSMUSG00000104109	-0.3942746567866672	-0.4071373548642584
ENSMUSG00000001445	-0.0547790628615174	0.3039852804866738
ENSMUSG00000017204	-0.1063673807113419	-0.0394689106183596
ENSMUSG00000097550	-0.3086445730451599	-0.2126489276254772
ENSMUSG00000040640	-0.3552253316776027	0.4319360122988318
ENSMUSG00000032238	-0.2758426352112313	0.4376973030051502
ENSMUSG00000037636	-0.3892414931189039	0.2361316970755884
ENSMUSG00000116975	-0.4721992501026891	-0.1103680230756607
ENSMUSG00000033430	-0.0962551565998546	0.396640394167665
ENSMUSG00000109350	-0.1620289452215751	-0.0168772992693571
ENSMUSG00000092134	-0.0334436084100683	0.0433535527411754
ENSMUSG00000022466	-0.0292521212933117	0.4657233119235032
ENSMUSG00000021763	-0.2219089759603033	0.3299272534714912
ENSMUSG00000037370	-0.3143250672952082	-0.0385688437080247
ENSMUSG00000114682	-0.5371451849362218	-0.4178747943193589
ENSMUSG00000110322	-0.2670749566601126	-0.6004742753030028
ENSMUSG00000060012	-0.1122788639418492	0.3602926731761073
ENSMUSG00000102464	-0.5085460774153224	-0.3946593927394059
ENSMUSG00000045466	-0.0883781841373215	0.4052773594249383
ENSMUSG00000092272	-0.6398430690867349	-0.8999018360272801
ENSMUSG00000109827	-0.4287403654362997	-0.3620927879941498
ENSMUSG00000046793	-0.2028606191924691	-0.3410262048661496
ENSMUSG00000044664	-0.2067264678483894	0.2324141215678291
ENSMUSG00000102480	-2.0	-2.0
ENSMUSG00000008932	-0.2743194542463504	-0.2519762604409507
ENSMUSG00000029179	-0.0215305062423714	0.4223215645729871
ENSMUSG00000025739	-0.1203170438368644	0.3894276458511807
ENSMUSG00000025716	-0.6992510838048267	-0.4248301971487137
ENSMUSG00000025733	-0.2552655911901888	0.4126973707468739
ENSMUSG00000059498	-0.2465375186050472	-0.2783036184343804
ENSMUSG00000028906	-0.0901975838929444	0.4134328826037527
ENSMUSG00000006542	-0.2111979083300805	0.0007882236288704
ENSMUSG00000039205	-0.0261546750276574	0.1376976758400423
ENSMUSG00000112454	-0.5491826765987683	-0.3477702959859146
ENSMUSG00000004837	-0.2750834861648089	-0.2304139968203369
ENSMUSG00000025888	-0.6952872978218771	-0.4690642650569902
ENSMUSG00000083898	-0.4515926453225276	-0.7857843204429579
ENSMUSG00000109494	-0.2731802382598502	-0.5270575896328908
ENSMUSG00000003585	-0.1784394419489722	0.1653357469196497
ENSMUSG00000086917	-0.1915832081119342	0.4867242544317714
ENSMUSG00000121898	-2.0	-0.627552351410648
ENSMUSG00000113352	-0.2446571379063268	-0.3968658079682936
ENSMUSG00000038572	-0.2068847625383605	0.2721466667226714
ENSMUSG00000031513	-0.1092338067838128	0.4904829702236063
ENSMUSG00000115374	-0.90872165483133	-0.6443166626006271
ENSMUSG00000098370	-0.5900271667319738	-0.3492580111467517
ENSMUSG00000075112	-0.6120018756361431	-0.4110494193463537
ENSMUSG00000081477	-0.7241776997434769	-0.7069963893378882
ENSMUSG00000113673	-0.0919307087060605	-0.2778979202079839
ENSMUSG00000020993	-0.1221630452199277	0.4872062728896813
ENSMUSG00000021831	-0.2119309479430745	0.5551167071122752
ENSMUSG00000029328	-0.0963777856548673	0.3759809444077484
ENSMUSG00000028456	-0.1816076807273807	0.4566747887265796
ENSMUSG00000023977	-0.0157854012323068	0.4823541197267567
ENSMUSG00000038296	-0.4066499014219216	0.1438182200637008
ENSMUSG00000107967	-0.3566604522187724	-0.3021582108165386
ENSMUSG00000057667	0.0014114194155481	0.3559925663842291
ENSMUSG00000097333	-0.0545049246974909	0.423081958297231
ENSMUSG00000078896	-2.0	-2.0
ENSMUSG00000120689	-0.4087962183266109	-0.3495199592362188
ENSMUSG00000070568	-0.1793596059236278	0.0528755459822087
ENSMUSG00000118521	-0.0043692799747084	-0.1399713212338922
ENSMUSG00000087139	-0.2844952118179876	-0.1864867960138475
ENSMUSG00000058388	-0.0735803751941395	0.485963485281956
ENSMUSG00000058124	-0.2570580112081859	-0.308128827985019
ENSMUSG00000039579	-0.4212505688505437	-0.3480085069550109
ENSMUSG00000019951	-0.0631918011548691	0.5193950580564043
ENSMUSG00000062705	-0.2873238711793216	-0.5140628423599113
ENSMUSG00000031907	-0.0853346006367072	0.3620589065433741
ENSMUSG00000021339	-0.0661907045078063	0.4179135684899293
ENSMUSG00000120509	-0.0715688115402568	0.3277617727774194
ENSMUSG00000117574	-0.6012183109092659	-0.6308178481190944
ENSMUSG00000107314	-0.1891158571002733	-0.207788650196854
ENSMUSG00000030516	-0.0493940136020605	0.5528265769886002
ENSMUSG00000048617	-0.0696768443854267	-0.1554337377859015
ENSMUSG00000039133	-0.2853455630344044	0.1634315318672801
ENSMUSG00000108345	-0.5257991842572509	-0.4163059819104438
ENSMUSG00000027249	-0.1684089287892156	0.1944482907981406
ENSMUSG00000093593	-0.0595810430581487	-0.3069707681675474
ENSMUSG00000026034	-0.0887757867844839	0.3926966016040724
ENSMUSG00000021250	-0.2556176631333426	0.4016455378358055
ENSMUSG00000055239	-0.0157045222636275	0.2481729468389494
ENSMUSG00000022208	-0.0888914186804392	-0.0925470392464462
ENSMUSG00000108402	0.2447317165608853	-0.1500861283596281
ENSMUSG00000010136	-0.4032991258901415	-0.3319249294333802
ENSMUSG00000024963	-0.215131474013473	0.2119632053647592
ENSMUSG00000010064	0.0019294472623171	-0.4942706252079045
ENSMUSG00000108780	-0.0617411299728457	-0.0065106874108712
ENSMUSG00000047904	-0.3161915419220729	0.0019353274451836
ENSMUSG00000090798	-0.5438227285797443	-0.6798657662475444
ENSMUSG00000021669	-0.1063295436718729	0.5212879679201644
ENSMUSG00000020419	-0.1552943671715289	0.4150124327154021
ENSMUSG00000114652	-0.4166745393792395	-0.3860233669916057
ENSMUSG00000013662	-0.053235391121489	-0.2105184254553723
ENSMUSG00000027668	-0.054595726726462	0.3376808446959803
ENSMUSG00000111696	-0.3737855244004187	-0.2636932346243186
ENSMUSG00000110899	-0.1473914449487045	0.4260073827612492
ENSMUSG00000039164	0.0933971678462291	0.0715940997899177
ENSMUSG00000022421	-0.0308740247149083	-2.0
ENSMUSG00000096936	-0.5697787092725005	-0.0964587983723155
ENSMUSG00000113106	-0.0297247371152945	0.1568736909085263
ENSMUSG00000040767	-0.1384101559141759	0.3798850364598914
ENSMUSG00000020884	-0.250194913703763	-0.1330898508097235
ENSMUSG00000042429	-0.2570658607850645	-0.1178561915170193
ENSMUSG00000050530	-0.3488288278302753	-0.4924338804780253
ENSMUSG00000022574	-0.2920583629791547	0.3190523159479692
ENSMUSG00000080888	-0.2293052461501953	-0.1075055850463538
ENSMUSG00000024002	-0.0074911067825682	0.4366844413252428
ENSMUSG00000092255	-0.5926365648865377	-0.3323720570230813
ENSMUSG00000027305	-0.1360804842510519	0.4414789555498163
ENSMUSG00000026768	-0.4142357088813808	-0.0424257531374269
ENSMUSG00000062931	-0.1283807188331875	0.4373315994770483
ENSMUSG00000064016	-0.7859863414695616	-0.8859915084062021
ENSMUSG00000121651	-0.3668568821159519	0.5152635491320308
ENSMUSG00000079605	-0.278776037185297	0.3989027271485216
ENSMUSG00000002020	-0.2361950826346461	0.0461359522246251
ENSMUSG00000106218	-2.0	-2.0
ENSMUSG00000036760	-0.2645718179693664	-0.0002742132277791
ENSMUSG00000046080	-0.5405218681631294	-0.7597818402361259
ENSMUSG00000024352	-0.1793786408601365	0.2655276916667335
ENSMUSG00000118007	-0.2504125446680819	0.1059414719210389
ENSMUSG00000117235	-0.275682341808673	-0.2286145019922218
ENSMUSG00000028647	-0.0678681230867682	0.3198340637096485
ENSMUSG00000118467	-0.240177196475838	-0.2463902868139888
ENSMUSG00000054191	0.1613540446845822	-0.0194030285623145
ENSMUSG00000026770	-0.3740030971866423	-0.5368544612699064
ENSMUSG00000086296	-0.0273596613740839	-0.2071983059563255
ENSMUSG00000078137	-0.0578934849683754	-0.2118922221171213
ENSMUSG00000026390	-0.3825945064044155	-0.479075715052393
ENSMUSG00000100816	-0.3568978616273602	-0.2937520899913773
ENSMUSG00000029410	-0.1419833051703769	-0.4515923996215811
ENSMUSG00000112668	-0.4800875172690594	-0.7341302877726683
ENSMUSG00000095115	-0.1099915612423607	0.3298642665699904
ENSMUSG00000096714	-0.4241849141139403	-0.4594588363470447
ENSMUSG00000108211	-0.0131049794197408	-0.1929719446183054
ENSMUSG00000026870	-0.2950473803334098	-0.3153874610589107
ENSMUSG00000035057	-0.2396574461800529	-0.434340573810501
ENSMUSG00000087119	-2.0	-0.6070031881831636
ENSMUSG00000099666	-2.0	-2.0
ENSMUSG00000039339	-0.35250240691991	-0.2755045803917998
ENSMUSG00000043843	-0.0489452046747225	0.0237580051431547
ENSMUSG00000102424	-0.2000738926044884	-0.3115518963799843
ENSMUSG00000096897	-1.094599210546359	-0.6697035019938069
ENSMUSG00000103124	-0.3796840156697678	-0.3740232369122697
ENSMUSG00000038709	-0.3554905110981777	-0.3376496521173241
ENSMUSG00000087450	-0.4622214409700816	-0.5349028059715955
ENSMUSG00000094410	-0.0206762964998209	0.2745420760659802
ENSMUSG00000090336	-0.2338131340401967	-0.4178995758421648
ENSMUSG00000048351	-0.0469109629843793	0.4685895223752084
ENSMUSG00000095332	-0.0948175282654435	0.0056331958601961
ENSMUSG00000063870	-0.0244108629218704	0.1802482291462871
ENSMUSG00000001891	-0.1912028888423237	0.5480256132749842
ENSMUSG00000117061	-0.3972316010108834	-2.0
ENSMUSG00000099793	-2.0	-2.0
ENSMUSG00000106826	-0.6977206008364518	-0.4561833484079113
ENSMUSG00000022039	-0.5123673477551159	-0.5103550566040912
ENSMUSG00000092314	-0.4178847976996519	-0.5860876924576301
ENSMUSG00000002204	-0.0418103732376348	0.1697408366634125
ENSMUSG00000050366	-0.3514901100923699	-0.4535116267253152
ENSMUSG00000024532	-0.4849342982395107	-0.5675005140039018
ENSMUSG00000019297	-0.1647534600036889	0.364730604168269
ENSMUSG00000036281	-0.0083326749057064	0.1470062831814095
ENSMUSG00000099860	-0.0750884487027263	-0.1101299958848022
ENSMUSG00000006717	-0.6633053703678949	-2.0
ENSMUSG00000071229	-0.2133019454225773	0.2739133743162147
ENSMUSG00000043384	-0.151811006212727	0.4631258043917029
ENSMUSG00000091475	-0.3388480579950848	0.3589782232728959
ENSMUSG00000041966	-0.0899566791532527	-2.0
ENSMUSG00000107061	-0.6025609348060306	-0.2223764483481792
ENSMUSG00000085412	0.0294000126894882	0.1051404513411814
ENSMUSG00000034730	0.0083275877379662	-0.0310817610247676
ENSMUSG00000050534	-0.3022137570749006	-0.1507564281343582
ENSMUSG00000058717	-0.3174397884997484	-0.340402652987986
ENSMUSG00000120423	0.2978006349926737	0.1751818213622906
ENSMUSG00000103947	-0.656692576095165	-0.6284005910136998
ENSMUSG00000087277	-0.2583162239808082	-0.1904522707111631
ENSMUSG00000086117	-0.3180033856159723	-0.0081072181809789
ENSMUSG00000057506	-0.1446728970426064	0.407787452658384
ENSMUSG00000106725	-0.3454394073649536	-0.3465154135898548
ENSMUSG00000115253	-0.6125278079123391	-0.9526328305038938
ENSMUSG00000045573	-0.2420726652210845	-0.1260093460617999
ENSMUSG00000026803	-0.0095865488861739	0.3394581991542674
ENSMUSG00000059003	-0.3948087690127158	0.0587467676097436
ENSMUSG00000028865	-0.1644068608814407	-0.0806258511151497
ENSMUSG00000027887	-0.2865146651109573	0.2842656028693975
ENSMUSG00000030144	-0.5893234334138313	-2.0
ENSMUSG00000091659	-0.1937335828743174	-0.2804423421519943
ENSMUSG00000033676	-0.4717627694470458	-0.5111733121953442
ENSMUSG00000027376	-0.3230802504093719	-0.1838096248506021
ENSMUSG00000108900	0.013036195619646	0.0282524904618828
ENSMUSG00000034595	-0.0894692933147549	0.269569912445665
ENSMUSG00000047284	-0.1990084134359823	0.4437466238460699
ENSMUSG00000056665	-0.1953740486611588	0.3264202533543493
ENSMUSG00000023972	-0.0117520272433412	0.3653677884933974
ENSMUSG00000049694	-0.3018167983351667	-0.4540357576250706
ENSMUSG00000097877	-0.1826394647808998	0.3044590747524281
ENSMUSG00000075486	-0.0972283589379102	0.3889504789813023
ENSMUSG00000015850	-0.0567932624149143	0.0563857497995381
ENSMUSG00000023883	-0.1258724884278372	0.416878388962529
ENSMUSG00000118040	-0.0835949057468052	-0.1125877440570535
ENSMUSG00000067835	-0.6777599009906367	-0.7920481456055628
ENSMUSG00000047037	-0.2015030764337869	0.52541360625132
ENSMUSG00000036019	-0.452612025747283	0.3866298940710508
ENSMUSG00000052949	-0.1304508917939098	0.3408057176810798
ENSMUSG00000054679	-0.3663889576418809	0.0926479521575998
ENSMUSG00000107573	-0.4169806505235226	-0.5943637856593108
ENSMUSG00000070044	-0.3807356995784777	-0.2919920203416288
ENSMUSG00000026494	-0.3261838914006978	0.1984075983362563
ENSMUSG00000068129	-2.3203323082138803	-0.1389447122834081
ENSMUSG00000000942	-0.1223244089948702	0.3780663295813778
ENSMUSG00000038055	-0.196413571254841	0.3395921418500948
ENSMUSG00000118135	0.1419818891811372	-0.3334676056002154
ENSMUSG00000089683	-0.3508540907473106	-0.3386631227395534
ENSMUSG00000113917	-0.0931413187261071	-0.0969734246315754
ENSMUSG00000000142	-0.1168965231628889	0.4133577779247139
ENSMUSG00000014980	-0.0762149533321063	0.4861557875298395
ENSMUSG00000121643	-0.3037282064384736	0.4012467871085115
ENSMUSG00000095005	-0.6808027171862305	-0.6924178818992225
ENSMUSG00000070798	-0.4206486271147551	-0.5015550425274028
ENSMUSG00000093652	-0.5154357629320869	-0.5926771261613398
ENSMUSG00000021629	-0.0308898789458525	0.482083134477138
ENSMUSG00000112902	-0.3294311445522517	-0.2932412645153606
ENSMUSG00000030373	-0.3436158138607858	-0.3256156695828766
ENSMUSG00000100003	-2.0	-2.0
ENSMUSG00000040957	-0.2731750246093252	0.2940083222366035
ENSMUSG00000073982	-0.0841057832874998	0.4167183738506608
ENSMUSG00000109957	-0.2719210062998238	-0.0968551867905483
ENSMUSG00000059610	-0.305294793246815	-0.2619423506488643
ENSMUSG00000095538	-0.0946345271497607	-0.0102715401180884
ENSMUSG00000083109	-0.4168786575478652	-0.3043439577618536
ENSMUSG00000098078	-0.0322441924737999	-0.2386973040817852
ENSMUSG00000097559	-0.0171561473453618	0.0376563342838545
ENSMUSG00000049098	-0.472902919850301	-0.9361865175361388
ENSMUSG00000058594	-0.0611848749395043	0.4439654283796678
ENSMUSG00000033096	-2.0	-2.0
ENSMUSG00000075384	-0.6207127248141306	-0.6384474655045863
ENSMUSG00000117985	-0.3254008003674638	-0.4233693701009493
ENSMUSG00000040187	-0.3243891780381046	0.1942438573221329
ENSMUSG00000047986	0.0025556716419712	0.1982506390708213
ENSMUSG00000027014	-0.036242952006226	0.3896019326999194
ENSMUSG00000114487	-0.3486562651581224	-0.2922500121221337
ENSMUSG00000029784	-0.3207340400115736	0.4535953438014341
ENSMUSG00000086921	-0.4740049598257551	-0.6012768831115012
ENSMUSG00000022132	-0.2483318993032554	-0.5900926309261123
ENSMUSG00000047777	-0.1866186593252008	0.436202097641383
ENSMUSG00000093493	-2.0	-2.0
ENSMUSG00000019861	-0.0689064995770099	0.5066632978142757
ENSMUSG00000040263	-0.0284883228725268	0.4026372070172303
ENSMUSG00000054293	-0.8753372800836678	-1.018665862804157
ENSMUSG00000104252	-0.3744377471966917	-0.2228973881340247
ENSMUSG00000085151	-0.0531576347473279	-0.0116271072626589
ENSMUSG00000075194	-0.7383138944357236	-1.7711753078416488
ENSMUSG00000055827	-0.2200673131767469	-0.1312395693415735
ENSMUSG00000027642	-0.0171231676356385	0.4192546973407992
ENSMUSG00000103813	-2.0	-2.0
ENSMUSG00000094915	-0.1224780019653691	-0.2145985479029394
ENSMUSG00000024168	-0.068787722598665	0.0238349702129337
ENSMUSG00000031304	-0.4671588726627604	-0.5279134948021501
ENSMUSG00000034220	-0.10736943016044	0.464684742330407
ENSMUSG00000019899	-0.5010083450432474	-0.2301620343616667
ENSMUSG00000093452	-0.054610205594431	-0.7265982036410998
ENSMUSG00000116542	-0.3413690066433531	-0.8153384315028407
ENSMUSG00000114357	-0.2917482611853317	0.2516673184201988
ENSMUSG00000074886	-0.0697205936057815	0.3774330232346572
ENSMUSG00000102332	-0.4018555736502791	-0.4921579126521301
ENSMUSG00000095649	-0.8735068205641638	-0.9607721716301736
ENSMUSG00000043088	-0.2028432980601814	-0.2370957218132041
ENSMUSG00000038246	-0.3289562610157338	-0.4260808526261661
ENSMUSG00000002289	0.0254385915964364	0.450212145513951
ENSMUSG00000059022	-0.1108962688167866	0.099790616231378
ENSMUSG00000087247	-0.4298051021094745	-0.3364360732610987
ENSMUSG00000108831	-0.1845344921224726	-0.3100232674785818
ENSMUSG00000116589	-0.0335713051727663	-0.1404278652597556
ENSMUSG00000104988	-0.6321102808632147	-0.0849090828083114
ENSMUSG00000051392	-0.4110556858441445	-0.3101009726064804
ENSMUSG00000086404	-0.3818169267032645	0.4902476317028539
ENSMUSG00000116693	-0.3440375721857368	-0.3203490169190894
ENSMUSG00000086629	-0.6890319691551962	0.3589453860633262
ENSMUSG00000087354	-0.071560208378215	0.3969075936855141
ENSMUSG00000030117	0.1371856788121839	0.1446464283568759
ENSMUSG00000112324	-0.0527247313682023	-0.1655649260506667
ENSMUSG00000113553	-0.3465364400774693	-0.4232793780083441
ENSMUSG00000056476	-0.3994030024198321	0.3122230692425053
ENSMUSG00000107288	-0.2694622250585242	0.2382092467096584
ENSMUSG00000028413	-0.0399450693778558	0.5306716568455776
ENSMUSG00000053801	-0.1295667135275337	0.3014054980094662
ENSMUSG00000031938	-0.2351894091861862	0.3730558851862117
ENSMUSG00000024905	-0.3092696233986716	0.354963119297594
ENSMUSG00000062098	-0.0599320859723985	0.4783098830556918
ENSMUSG00000046716	-0.6716362190334272	-0.604143968414662
ENSMUSG00000084980	-0.2412435432305529	-0.2072975747174072
ENSMUSG00000087475	-0.3837396385741312	0.3229752188279046
ENSMUSG00000053146	-0.5662586400906016	-0.4643115221469883
ENSMUSG00000021940	-0.4504749167590127	-0.3998261134850137
ENSMUSG00000026687	-0.047387799934395	0.4281837304259073
ENSMUSG00000021782	-0.0702447029998064	0.3895679310017343
ENSMUSG00000085851	-0.4189330184294724	-0.4082541965065978
ENSMUSG00000030762	-0.2909889964396098	-0.1827929224112025
ENSMUSG00000094426	-0.6183595332203173	-0.3842192825902796
ENSMUSG00000085102	-0.1067153919159976	0.3657537217488197
ENSMUSG00000037613	-0.2703528927963103	-0.0337700088106057
ENSMUSG00000027509	-0.029303411110444	0.3653704099534723
ENSMUSG00000022840	-0.2871611353124255	-0.2184373369223225
ENSMUSG00000075025	-0.2852371678591317	-0.4214639328946818
ENSMUSG00000109028	-0.4145821380364579	-0.4003773862872793
ENSMUSG00000029282	-0.4252175317169574	-0.6513531332885123
ENSMUSG00000092241	-0.0627858190951395	0.1519478708875161
ENSMUSG00000058881	-0.0275792356650716	0.266999854635067
ENSMUSG00000075186	-0.4879315487527235	-0.7545006079814451
ENSMUSG00000043881	-0.1455184536582592	0.4516390880213122
ENSMUSG00000097039	-0.0624760900869541	-2.0
ENSMUSG00000045942	-0.3185552347841323	0.480241858611006
ENSMUSG00000112733	-0.2979749943480737	-0.346041141388501
ENSMUSG00000078880	-2.0	-2.0
ENSMUSG00000000776	-0.2211107868041298	0.4774997944885187
ENSMUSG00000030519	-0.302629926772323	0.2338197265218528
ENSMUSG00000031789	-0.1826344386377303	-0.2750821770216953
ENSMUSG00000079092	-0.1967240147229029	-0.2317999653965116
ENSMUSG00000040836	-0.1025730601295196	-0.1128649667025168
ENSMUSG00000038319	-0.0339279477707474	0.2327378951000945
ENSMUSG00000059486	-0.0436302265505356	0.4907664427449493
ENSMUSG00000109984	-0.0727585070424809	0.2978362052029319
ENSMUSG00000111364	-0.2483137433466709	-0.2926758234551276
ENSMUSG00000073917	-0.5803911650918971	-0.5536770413866584
ENSMUSG00000073988	-0.3466076290471122	0.2216497102813535
ENSMUSG00000010048	-0.19747091636592	0.3486093466765562
ENSMUSG00000030849	-0.1951372552926877	0.2689498644549483
ENSMUSG00000085036	-0.2424491105785442	-0.2644213784955249
ENSMUSG00000015083	0.1172836944204722	0.2760801927320582
ENSMUSG00000086938	-0.1245483944817032	0.4278945692358177
ENSMUSG00000085383	-0.4533929373991991	-0.5406168918964923
ENSMUSG00000111729	-0.2386110810834936	-0.3818364067796116
ENSMUSG00000117185	-0.3275914092883423	0.3059903010955247
ENSMUSG00000081232	-0.1689126601893947	-0.7512555523110472
ENSMUSG00000001039	-0.0276555991381655	0.2580167609626822
ENSMUSG00000036218	-0.3119314934203163	-0.0676939987443376
ENSMUSG00000055612	-0.0828248268938447	0.425442265535798
ENSMUSG00000113283	-0.463866970314315	-0.3830560998487179
ENSMUSG00000045659	-0.0048334820885764	0.3984695250006367
ENSMUSG00000037801	-0.3796134387448577	0.514431128270222
ENSMUSG00000036188	-0.0925150089030299	0.4761249994840008
ENSMUSG00000054310	-2.0757249535001825	-0.2328230507316533
ENSMUSG00000086995	-0.4789605594372971	-0.3295099713336962
ENSMUSG00000097354	-0.4816845648986924	-0.2365381627375379
ENSMUSG00000114784	-0.3470771124320581	-0.4315783673324327
ENSMUSG00000115834	-0.0912445159802439	-0.0522761917954597
ENSMUSG00000030180	-0.0373251080953161	0.5344967176300002
ENSMUSG00000097279	-0.400431086631789	0.4353722440431475
ENSMUSG00000095696	-0.525507216280336	-0.6892808218900447
ENSMUSG00000117369	-0.0468949967966618	-0.2697487276212535
ENSMUSG00000005034	-0.096276513900849	0.5142708847008507
ENSMUSG00000055301	-0.3533257817837361	-0.2050044809248458
ENSMUSG00000106676	0.0220221798782576	0.0424146007433679
ENSMUSG00000103413	-0.2850099106395519	-0.2896408856632524
ENSMUSG00000031149	-0.1729978350466174	0.3882497318916033
ENSMUSG00000068105	-0.1647139862507162	-0.136277653761561
ENSMUSG00000108657	-0.4902564123251929	-0.4061269244249678
ENSMUSG00000030143	-0.6727302635315776	-0.6261629786769514
ENSMUSG00000112284	-0.4270522287627779	-0.3944670037007183
ENSMUSG00000085438	-0.0605392562802062	0.441585173750801
ENSMUSG00000028990	-0.0439581290768887	0.4094918452911656
ENSMUSG00000038481	-0.0202395374383386	0.5395911727537233
ENSMUSG00000120903	-0.251991156426709	-0.2166436335107982
ENSMUSG00000091286	-2.0	-2.0
ENSMUSG00000107512	-0.4654748690877651	-0.6207985803329069
ENSMUSG00000102597	-0.4363706153103449	-0.5867164006937299
ENSMUSG00000094806	-0.1244863795195076	-0.2879597649147654
ENSMUSG00000051190	-2.0	-2.0
ENSMUSG00000027517	-0.3558760679343724	0.2413900665761437
ENSMUSG00000046768	-0.3319571809658395	-0.3563795800582776
ENSMUSG00000058435	-0.491734277630919	-0.3452812656447361
ENSMUSG00000075602	-0.1678055536812787	-0.0358439337988129
ENSMUSG00000092212	-0.1732535328074393	-0.0321077198462518
ENSMUSG00000074946	-0.4457653129765771	-0.7953146626372828
ENSMUSG00000118362	-0.2488180841308686	-0.3728964586327606
ENSMUSG00000030738	-0.0322644004282611	0.386989877724965
ENSMUSG00000015396	-0.4056784012361431	-0.1826552049213467
ENSMUSG00000024594	-0.0818301658962357	0.4031133458164073
ENSMUSG00000115979	-0.1283141859085331	-0.1402115287961046
ENSMUSG00000064080	-0.3046933023788491	-0.0661885902874964
ENSMUSG00000000916	-0.1096025690045471	0.4168045431599619
ENSMUSG00000115041	-0.3195402906835433	0.123756804208933
ENSMUSG00000030789	-0.3386011794578263	-0.4577695532031968
ENSMUSG00000082135	-1.1730383277456693	-0.7091979671721749
ENSMUSG00000026632	-0.1109367485850316	0.392149432389558
ENSMUSG00000120636	-0.2958687092703365	0.1743953618056311
ENSMUSG00000070690	-0.3720989799823848	-0.3024831587787341
ENSMUSG00000118623	-0.2397073719429128	-0.3391433976247087
ENSMUSG00000028222	-0.5046799439608395	-0.2683363073498287
ENSMUSG00000096273	-0.7722109583802836	-0.544467487934705
ENSMUSG00000002103	-0.049647901994432	0.4526918314624147
ENSMUSG00000120021	-2.0	-2.0
ENSMUSG00000018442	-0.147383883697603	0.4363938910250893
ENSMUSG00000085203	-0.1028042288124884	-0.1277213259232992
ENSMUSG00000094336	-0.1916310077575411	-0.119734535960632
ENSMUSG00000000320	-0.1589267325283066	0.0734785976055959
ENSMUSG00000103607	-0.6706284842329774	-0.5843353380243457
ENSMUSG00000086820	-0.3378908842986735	0.0403423976056552
ENSMUSG00000052135	-0.0108773613267262	0.252728790431384
ENSMUSG00000111952	-0.3669589792649339	-0.6174873157069087
ENSMUSG00000121307	-0.0359646009660509	-0.0029277844150374
ENSMUSG00000087261	-0.4046131371516789	0.4093784946599844
ENSMUSG00000096982	-0.5235559037266552	-0.6122739036462537
ENSMUSG00000106506	-0.5349567151257293	-0.4726067703312345
ENSMUSG00000047003	-0.0624328639869392	0.4204624049509715
ENSMUSG00000050761	0.0208641596727107	-0.0701531219407057
ENSMUSG00000048216	-0.0803571688918382	-0.3806188358870659
ENSMUSG00000024300	-0.0757430496572539	0.0771506673774758
ENSMUSG00000041629	-0.0425641662107715	0.3712134651174487
ENSMUSG00000045294	-0.1391448620238488	0.4980796959458416
ENSMUSG00000097204	-0.0863018336508241	0.3245569414474001
ENSMUSG00000020857	-0.106512434741693	0.2499630208033741
ENSMUSG00000092341	0.0644879395377405	0.1893465544368361
ENSMUSG00000002017	-0.0695845673589922	0.4151790879999923
ENSMUSG00000031445	-0.1135075827743913	-0.3065782369672757
ENSMUSG00000037337	-0.0595099122085706	0.4193231666143349
ENSMUSG00000116097	-0.0935947008502631	0.3777112094088282
ENSMUSG00000093950	-2.0	-2.0
ENSMUSG00000108669	-0.433402961882943	-0.2589073620056238
ENSMUSG00000105640	-0.423581704697388	-0.3952174991294602
ENSMUSG00000029445	-0.3014372073016142	-0.0218605854316786
ENSMUSG00000028455	-0.2119633518173954	0.2835960869215692
ENSMUSG00000031232	-0.1036477555983568	0.2879888391986863
ENSMUSG00000109050	-0.4687337093747042	-0.6774400624906586
ENSMUSG00000110781	-0.388431706506621	-0.1166197834930359
ENSMUSG00000104943	-0.1001967821808719	0.063712309759351
ENSMUSG00000105771	-0.3178676366320002	-0.3855320199329877
ENSMUSG00000022545	-0.0207282232833615	0.381905300989741
ENSMUSG00000117384	-0.43383460161586	-0.0060705852886878
ENSMUSG00000019373	-0.0456259675050315	0.4613904649548079
ENSMUSG00000121552	-2.0	-2.0
ENSMUSG00000028709	-0.0785418101558187	0.1856061752841072
ENSMUSG00000073975	-0.4164210729586338	-0.4116619492361261
ENSMUSG00000050875	-0.5091606140670933	-0.6115295918631709
ENSMUSG00000078685	-0.1981252022738074	-0.2820247824418991
ENSMUSG00000034259	-0.0701964086856017	0.210974683565246
ENSMUSG00000114401	-0.3105153271687434	-0.2646068002186933
ENSMUSG00000120158	-0.3665091232840745	-0.2436001330933397
ENSMUSG00000091679	-0.7715542121581724	-0.7741730273745115
ENSMUSG00000074817	-0.1157858582868926	0.3128933940602207
ENSMUSG00000055188	-0.5560498843499802	0.2650745473312967
ENSMUSG00000001493	-0.1381867027447518	-0.1293210896170436
ENSMUSG00000033099	0.0842551745286151	0.3369965661567743
ENSMUSG00000035828	0.0582581964383146	0.1447236165667632
ENSMUSG00000087219	-0.4316607320042745	-0.2786620092196306
ENSMUSG00000070691	-0.1477384284493122	-0.151117551201735
ENSMUSG00000049680	-0.1303836891717523	0.5320196600920292
ENSMUSG00000082625	-0.4930554837865779	-0.387070626047733
ENSMUSG00000095686	-0.2758036217580659	-0.1720360474357975
ENSMUSG00000075273	-0.1000073454218398	0.2780554259742777
ENSMUSG00000043410	-0.3830636538435708	0.4208636796959617
ENSMUSG00000121082	-0.0726238874739784	0.5015677876304919
ENSMUSG00000005465	-0.0342033985077968	0.1429248076136808
ENSMUSG00000024774	-0.5346992558174481	-2.0
ENSMUSG00000031982	-0.0563319988126226	0.4327144086318118
ENSMUSG00000068823	-0.0391262243948438	0.4764556953762773
ENSMUSG00000026663	-0.0360440577032351	0.2916680464263644
ENSMUSG00000020790	-0.0123588462419492	0.4319527183299204
ENSMUSG00000108389	-0.2889532409003348	0.0104831359876874
ENSMUSG00000069280	-0.3623539526095342	-0.5585958527375156
ENSMUSG00000115691	-0.0916024922331936	0.3436988143016537
ENSMUSG00000121563	-2.0	-2.0
ENSMUSG00000036611	-0.2775153095782047	0.4075828015321261
ENSMUSG00000037111	-0.1342349554587349	0.4320603283195557
ENSMUSG00000079414	-0.0521477728854474	0.2576689770950229
ENSMUSG00000105471	-0.0978951321692124	0.4355169297302039
ENSMUSG00000022974	-0.0544792238829026	0.5279104907384374
ENSMUSG00000036613	-0.0641767512911394	0.1619899456063312
ENSMUSG00000046096	-0.0224885650976161	0.4019774932945955
ENSMUSG00000110580	-0.0323629276737079	-0.1716413789202529
ENSMUSG00000114437	-0.297842879383761	-0.3122333565908506
ENSMUSG00000116770	-0.3519506450536957	-0.3133001103626419
ENSMUSG00000102181	-0.7699780722026973	-0.5647169496957005
ENSMUSG00000117891	-0.1791725828189083	-0.1580478155873719
ENSMUSG00000062154	-0.136950653035439	-0.2840760058748111
ENSMUSG00000107230	-0.3140317709742863	0.516145192975054
ENSMUSG00000042066	-0.056250126754887	0.4614204848265203
ENSMUSG00000108092	-0.2136124873878745	-0.3773591478830086
ENSMUSG00000059763	-0.4208280462268966	-0.3696187098791553
ENSMUSG00000033813	-0.0368377237737506	0.4929904622559611
ENSMUSG00000039717	-0.5646130939788501	-0.2715715419837476
ENSMUSG00000104331	-0.6817258328424892	-0.7661737334288684
ENSMUSG00000021242	-0.0267258969503204	0.3998505177454777
ENSMUSG00000121103	-0.1022886967295606	-0.1048893075625252
ENSMUSG00000085516	-0.1996497530782613	-0.2475657011788412
ENSMUSG00000062372	-0.3361830270356051	-0.3485155513119171
ENSMUSG00000040212	-0.1346851504572858	-0.4260535148301955
ENSMUSG00000021690	-0.0432616918680009	0.4825268668204244
ENSMUSG00000029720	0.0012257584965942	0.3205691536497426
ENSMUSG00000059087	-0.4750340213242126	-0.4335335165222539
ENSMUSG00000034583	-0.5034798051921504	-0.5243006633334139
ENSMUSG00000078350	0.1556256729860048	-0.2851800492933197
ENSMUSG00000048752	-0.08860266293739	0.24356226065269
ENSMUSG00000041750	-0.2385190084059306	-0.0272529215688148
ENSMUSG00000062444	-0.2365778469883334	0.0582810582780073
ENSMUSG00000099027	-0.5409867806912332	-0.9450682733869864
ENSMUSG00000035279	-0.1205403146396735	-0.4320725549333614
ENSMUSG00000054412	-0.1326132500985363	-0.0625910463113675
ENSMUSG00000102776	-0.3340527802342943	-0.055177822561312
ENSMUSG00000033910	-0.5307954153125135	-0.5739167376611055
ENSMUSG00000116792	-0.6171695526278776	-0.4758131946518697
ENSMUSG00000063632	-0.0329343209205343	0.3420751061882853
ENSMUSG00000023367	-0.3637007066317652	-0.2585924714044509
ENSMUSG00000034751	-0.2903700292243741	0.5154324398345052
ENSMUSG00000063252	-0.6990160419911394	-0.8805111854265131
ENSMUSG00000023951	-0.0359651671146556	0.349996287250785
ENSMUSG00000057913	-0.6817007902740784	-0.3827406490501253
ENSMUSG00000048170	-0.022789988640355	0.2502901825346508
ENSMUSG00000097180	-0.0981721678683102	0.2794483732407549
ENSMUSG00000041534	-0.3523786246246918	-0.1826640672682482
ENSMUSG00000072762	-0.10786274945833	0.3886794019517466
ENSMUSG00000104512	0.0205499608425022	0.2948060333361759
ENSMUSG00000108935	-0.172673124429319	-0.1209843318282159
ENSMUSG00000024045	-0.0431248789467586	0.42078951960994
ENSMUSG00000120979	0.2188095441559623	-0.182360733952578
ENSMUSG00000034445	-0.0891200021357887	0.4539140158159751
ENSMUSG00000078957	0.0525007167600001	-0.1417517464654932
ENSMUSG00000030361	-0.3085740393708093	-0.0856389636462944
ENSMUSG00000113201	-2.0	-2.0
ENSMUSG00000005045	-0.0283284554565925	-0.3478859987241188
ENSMUSG00000038891	-0.6155643949406544	-0.7490363964034598
ENSMUSG00000104811	-0.5950137257704436	-0.4256545557095583
ENSMUSG00000110831	-0.5331480916076041	-0.3668922798151089
ENSMUSG00000056069	-0.2013233943250457	0.2590740389376686
ENSMUSG00000114502	-0.4165468017368295	-0.342367230689604
ENSMUSG00000106529	-0.5534177282881356	-0.4247763734531908
ENSMUSG00000041872	-0.2352986964215289	-0.3079168063754072
ENSMUSG00000086952	-0.3583099064948064	-0.5290600044426684
ENSMUSG00000062649	-0.5838982853399746	-0.4894838901038157
ENSMUSG00000075610	-0.4094742522929275	-0.116953268054674
ENSMUSG00000054850	-0.5712372296099788	0.2965152669884692
ENSMUSG00000052031	-0.1381256940961374	0.4745012309686915
ENSMUSG00000022431	-0.135646527611131	0.3520072207869592
ENSMUSG00000108969	-0.3035074895826533	-0.236613940342502
ENSMUSG00000113241	-0.5400490189478285	-0.3866173992976299
ENSMUSG00000094891	-0.2530919238933989	-0.156945836530031
ENSMUSG00000003190	-0.0988607870156526	0.1669809956175141
ENSMUSG00000024948	-0.0574964887562745	0.2504706507792502
ENSMUSG00000120269	-0.3374869527896367	-0.7193435637936624
ENSMUSG00000078512	-0.1415393219939138	-0.2134791273516172
ENSMUSG00000115467	-0.3585726927016568	-0.3433032294164831
ENSMUSG00000026355	-0.0356266476373091	0.4054187650168127
ENSMUSG00000049295	-0.0547715742169575	0.3104332949387738
ENSMUSG00000121259	-0.0901803719792038	-0.1255351137372119
ENSMUSG00000048756	-0.0083258572620442	0.2591545845860258
ENSMUSG00000021886	-0.4184643411320819	-0.3607653948742085
ENSMUSG00000115888	-0.2143369540355974	-0.2050987685287957
ENSMUSG00000039206	-0.0843363964942269	0.5033253711936189
ENSMUSG00000103762	-0.2473510269863084	-0.3593796507661445
ENSMUSG00000067081	-0.1910684127395736	-0.2660508765699205
ENSMUSG00000093931	-0.4926605172969517	-0.322920359908608
ENSMUSG00000021396	-0.2436734083187499	-0.0003556590540057
ENSMUSG00000000085	-0.212546326883988	0.3448703239514058
ENSMUSG00000085628	-0.427101690671298	0.5063050214816102
ENSMUSG00000058317	-2.0	-2.0
ENSMUSG00000052414	-0.0117719285296572	0.531742734660962
ENSMUSG00000058831	0.2463907323814846	-0.056433668211115
ENSMUSG00000019944	-0.2852467162701375	-2.0
ENSMUSG00000053214	-0.2805732450285622	-0.2043642290544135
ENSMUSG00000059218	-0.529156019034141	-0.2202077596371414
ENSMUSG00000023495	-0.0748811661164514	0.2349574289303318
ENSMUSG00000121731	-2.0	-2.0
ENSMUSG00000096650	-2.0	-2.0
ENSMUSG00000022861	-0.2149258332121051	-0.0856575834564338
ENSMUSG00000095438	-0.0913254341838932	-0.016036059571033
ENSMUSG00000036661	-0.07126677873989	0.5015431555358382
ENSMUSG00000118071	0.0533497735422271	0.2431209289813725
ENSMUSG00000038777	-0.0135604265262307	0.310468992820723
ENSMUSG00000072952	-0.1857819799300179	0.0796424389692713
ENSMUSG00000120413	-0.3442516177984992	-0.3460434536548057
ENSMUSG00000068167	-0.6156404918019136	-2.0
ENSMUSG00000114865	-0.0047379324807812	-0.6061869211536275
ENSMUSG00000046062	-0.0539305150988924	0.3243503728204078
ENSMUSG00000115009	-0.0796845200369751	-0.3825301613731954
ENSMUSG00000006281	-0.2957628045721591	0.4657631387662993
ENSMUSG00000075222	-0.4976113946302018	-0.5195072641581093
ENSMUSG00000035378	-0.022318088982772	0.4726806970741056
ENSMUSG00000097749	0.1397761652969991	0.205701622517944
ENSMUSG00000121558	-2.0	-2.0
ENSMUSG00000044857	-0.0302118350504711	0.3580178883564499
ENSMUSG00000100455	-0.1453347660575145	0.4464616715571391
ENSMUSG00000102815	-0.5057262697352345	-0.7223211208232329
ENSMUSG00000019947	-0.003915214396182	0.009878095980835
ENSMUSG00000057497	-0.1706699772736133	0.1653161583694384
ENSMUSG00000101743	-2.0	-2.0
ENSMUSG00000039958	-0.05190289288024	0.2693441436480251
ENSMUSG00000057801	-0.5643484666351982	-0.5299269313353883
ENSMUSG00000032591	0.20462509900164	-0.3600545566353798
ENSMUSG00000111109	-0.4462727650150609	0.3489665118020603
ENSMUSG00000031379	-0.3126829762578909	0.4316065794772064
ENSMUSG00000050777	-0.1861509123544579	0.403862821822724
ENSMUSG00000054523	-0.3288182677660324	-0.4147531991041391
ENSMUSG00000054134	-0.3427433084760128	-0.3806136194911848
ENSMUSG00000062127	-0.0544755805954904	0.5236866496798485
ENSMUSG00000020664	-0.1114434572354042	0.5155008258624855
ENSMUSG00000049929	-0.7642364917047539	-0.2262960349339128
ENSMUSG00000092075	-0.4316041310124245	-0.3952723133104583
ENSMUSG00000038541	-0.4115431830688882	-0.3166159286814925
ENSMUSG00000020409	-0.0628092057302887	-2.0
ENSMUSG00000068122	-0.7945812493065305	-0.7992648185735316
ENSMUSG00000114379	-0.4741420738070896	-0.4040362264448707
ENSMUSG00000047747	-0.3700392172093483	-0.1186670507490823
ENSMUSG00000121735	0.0375064963813294	-0.2738494082240469
ENSMUSG00000041638	-0.0267063145342612	0.1597126154291355
ENSMUSG00000033419	-0.3622095706458088	-0.0019881403970255
ENSMUSG00000097107	-0.1864622428959402	0.0337639803805675
ENSMUSG00000042660	-0.167983140569277	0.2465414172544973
ENSMUSG00000042298	-0.0368841492893202	0.4868763050921479
ENSMUSG00000097852	-0.2620210896923705	0.3981946043160762
ENSMUSG00000098161	-0.1791842612024863	0.3332920696204154
ENSMUSG00000114590	-0.3336982845442823	-0.2097857788724253
ENSMUSG00000109202	-0.3498234650676362	-0.4217058646203094
ENSMUSG00000047832	-2.0	-2.0
ENSMUSG00000106839	-0.2980088056799225	-0.6021444263825977
ENSMUSG00000112934	-0.3005957446404486	-0.2804236212947259
ENSMUSG00000036819	-0.1154285790959857	0.3224368011130414
ENSMUSG00000032508	-0.5418745429635174	0.2175065795788344
ENSMUSG00000027908	-0.2684776329597959	-0.3338809298550665
ENSMUSG00000103127	-0.3078550377021705	-0.4327171345417976
ENSMUSG00000112669	-0.0746868769232338	-0.1150603859108124
ENSMUSG00000107460	-0.5584280235471656	-0.5479098180445245
ENSMUSG00000114478	-0.2052060333793417	-0.3098127832146198
ENSMUSG00000114996	-0.8048345105258013	-0.7879045930447915
ENSMUSG00000087238	-0.1412216615121291	-0.3229382647177075
ENSMUSG00000102841	-0.4341006591189488	-0.4605161571073093
ENSMUSG00000106894	-0.158849717115608	0.0608564232944886
ENSMUSG00000040112	-0.0736427340998396	0.5657548130492613
ENSMUSG00000075538	-0.5255774221895781	-0.4216728378466453
ENSMUSG00000110986	-0.6855626681376695	-0.6462500978395426
ENSMUSG00000038023	-0.0246491754300155	0.4028712023574368
ENSMUSG00000054905	-0.4268327601620184	-0.2963907314933494
ENSMUSG00000041168	-0.0369999983370279	0.3424779511482296
ENSMUSG00000000823	-0.1254488398793463	0.4163671985454307
ENSMUSG00000096910	-0.012201143585399	0.5281188189902789
ENSMUSG00000120155	-0.3450685769769869	-0.3703900192091661
ENSMUSG00000095527	-0.6698188191187923	-0.4786181519143019
ENSMUSG00000000628	-0.0072213082767053	0.3220637480961011
ENSMUSG00000022151	-0.0359083672154443	0.3353864819603128
ENSMUSG00000030159	-0.6150468027356437	-0.3929071470567618
ENSMUSG00000097572	-0.2611674560905854	-0.3331242482954896
ENSMUSG00000062518	-2.0	-2.0
ENSMUSG00000116426	-0.2246172067138143	-0.0439128632237512
ENSMUSG00000074619	-0.1305264338561576	0.0537425213619136
ENSMUSG00000005893	-0.0211971207839919	0.4551641395418845
ENSMUSG00000083120	-0.6046626317399674	-0.7548506134922252
ENSMUSG00000101970	-0.0698677824259119	0.4592323121348329
ENSMUSG00000086530	-0.3386184166092694	-0.3107075004981174
ENSMUSG00000116992	-2.0	-2.0
ENSMUSG00000096959	-2.0	-2.0
ENSMUSG00000038085	-0.5019045786576795	0.3319849409601537
ENSMUSG00000086342	-0.2166123088488463	0.440295916548292
ENSMUSG00000087534	-0.2079048527279032	0.0490826723183535
ENSMUSG00000110646	-0.3460449951725151	-0.6082831606426301
ENSMUSG00000085979	-0.2346799145081349	-0.1251586031676659
ENSMUSG00000114098	-0.4497435104673911	-0.2400721096683229
ENSMUSG00000028690	-0.0861707886927806	0.2815691969728525
ENSMUSG00000039529	-0.3347252804902071	-0.0970562863049862
ENSMUSG00000018973	-0.1439067680147359	-0.2356183551711292
ENSMUSG00000027710	-0.0416193330920024	0.4488144936695234
ENSMUSG00000073414	-0.0221751016223608	0.0681249820134378
ENSMUSG00000086484	-0.2014377414396851	-0.2782457560787287
ENSMUSG00000030834	-0.2604021840157923	-0.2852179041601486
ENSMUSG00000036620	-0.1766335100910222	0.411326037093248
ENSMUSG00000091350	-0.5287193518535644	-0.7560409338383787
ENSMUSG00000060445	-0.4617619185138183	-0.0126580578669592
ENSMUSG00000100760	-0.1934085912282149	0.0876198046488742
ENSMUSG00000100336	-0.5442625389063491	-0.680373099754038
ENSMUSG00000034336	-0.0612483794626216	0.3873908942746669
ENSMUSG00000085312	-0.4737263887638554	-0.2139958947335652
ENSMUSG00000045038	-0.2663417123777803	0.2995704879817361
ENSMUSG00000052962	-0.1267306793557498	0.4893399073554842
ENSMUSG00000090588	-0.3497707540863257	-0.2655258133775616
ENSMUSG00000120696	-0.5618603315237144	0.5020620499663442
ENSMUSG00000115658	-0.3267761007326289	-0.2709397452530136
ENSMUSG00000038175	-0.181053696184273	0.5297533883079194
ENSMUSG00000105358	-0.0521685367564763	-0.0204405176964852
ENSMUSG00000109082	-0.5537798157965068	-0.3586216828153965
ENSMUSG00000115545	-0.3784077013479946	-0.5638084009588398
ENSMUSG00000062773	-0.1761190547919961	-0.2935654290339496
ENSMUSG00000051160	-0.5381612540992032	-0.4233500302424084
ENSMUSG00000117102	-0.4408508800817193	-0.2961870937790381
ENSMUSG00000121438	-2.0	-2.0
ENSMUSG00000042810	-0.0380500058839414	0.4757098228374303
ENSMUSG00000063849	-0.0800819681255578	0.4294383120892474
ENSMUSG00000104292	-0.0740836178856546	-0.0631215832003019
ENSMUSG00000047884	-0.1615626141030997	-0.038277330258098
ENSMUSG00000094269	-0.7732233200834593	-0.7296243676331082
ENSMUSG00000042903	-0.0356982155768549	0.4330026228986676
ENSMUSG00000046991	-0.3644993642836292	0.4161157090794349
ENSMUSG00000039117	-0.0228185496246249	0.5007149782378295
ENSMUSG00000055961	-0.5452042104208444	-0.4532306248946304
ENSMUSG00000086491	-0.3879595286362898	-0.367339699822048
ENSMUSG00000095011	-2.0	-2.0
ENSMUSG00000096066	-0.8182574544195588	-0.9618219069394804
ENSMUSG00000045826	0.0227545675453686	0.2971842785721473
ENSMUSG00000106590	-0.4027661130199326	0.3638555676923207
ENSMUSG00000069171	-0.4142465306106309	-0.2854925344736177
ENSMUSG00000062524	-0.4278338280309394	-0.3678309158014813
ENSMUSG00000108285	-0.2580920792968877	-0.3702094898750457
ENSMUSG00000019132	-0.0620668682783452	0.4977090186815514
ENSMUSG00000118398	-0.2502782126744016	-0.3643674925932677
ENSMUSG00000107017	-2.0	-2.0
ENSMUSG00000121554	-2.0	-2.0
ENSMUSG00000110080	-0.3060570125445361	-0.4107243569001478
ENSMUSG00000079534	-0.5175753145083559	-0.6793503072797624
ENSMUSG00000031994	-0.0221194370510694	0.331995051266603
ENSMUSG00000042558	-0.0320027053448409	0.3196693393648651
ENSMUSG00000047085	-0.1182797935030292	-0.2322507809284235
ENSMUSG00000089989	-0.1560705420783126	-0.0899410794605956
ENSMUSG00000058354	-0.1776208420274173	-0.2997711518451675
ENSMUSG00000115579	-0.5996076747814346	-0.6655832458807568
ENSMUSG00000034647	-0.055396926525625	0.4212754497306689
ENSMUSG00000003868	-0.0347731736712769	-0.0059085454907894
ENSMUSG00000054280	-0.0177566350837988	0.3426152674582816
ENSMUSG00000107499	-0.2245749584966062	0.3901272039283668
ENSMUSG00000030726	-0.0288544591536269	0.4908640716217361
ENSMUSG00000031858	-0.0659993536274753	0.5168094812127191
ENSMUSG00000022772	-0.0330882067824369	-2.0
ENSMUSG00000103158	-0.2310154891834115	-0.1152596765968704
ENSMUSG00000025150	-2.0	-2.0
ENSMUSG00000111598	-2.0	-2.0
ENSMUSG00000115807	-0.1436267847513704	0.0286812762892032
ENSMUSG00000101907	-2.0	-2.0
ENSMUSG00000106951	-0.1042396534273602	0.3628457428152003
ENSMUSG00000040065	-0.6660541072444007	-0.638744479941851
ENSMUSG00000066672	-0.5792706417626917	-0.4700058652492251
ENSMUSG00000087131	-0.4099026073987744	-0.3391731740284943
ENSMUSG00000009114	-0.1519692291512465	-0.3421799259497143
ENSMUSG00000097006	-0.002001752770369	-0.1056534712968129
ENSMUSG00000027606	-0.4164396535068034	-0.280878451638397
ENSMUSG00000034891	-0.2869501911543662	0.0466298410742852
ENSMUSG00000004100	-0.1569841117465766	0.1581627913639803
ENSMUSG00000082324	-0.7296518658438038	-0.4811411304286031
ENSMUSG00000109501	-0.3514401619422812	-0.1877991095949971
ENSMUSG00000029169	-0.0245022940262119	0.4320901974096313
ENSMUSG00000085479	-0.4112504175578786	-0.3283607218542884
ENSMUSG00000052681	-0.0328286379808867	0.4864075236944167
ENSMUSG00000027420	-0.3677543387335621	0.1101465712551967
ENSMUSG00000093930	-0.0555796140929814	0.4212520716477361
ENSMUSG00000001376	-0.0612007752006173	0.5022265880658195
ENSMUSG00000101832	-0.207141064944749	0.4905944166428185
ENSMUSG00000034248	-0.4046111525700754	0.1501487392240257
ENSMUSG00000104894	-0.5038303402969025	-0.3534631628223698
ENSMUSG00000085492	-0.1480648019356792	0.4808672014320072
ENSMUSG00000030120	-0.1687659503989138	0.3687363841340007
ENSMUSG00000115635	-0.3463396411198493	-0.3671122711396482
ENSMUSG00000108931	-0.6466162454956883	-0.6826202979252479
ENSMUSG00000022003	-0.1307267308386287	0.4797462880637186
ENSMUSG00000074916	-0.065469230369611	0.2854265509346587
ENSMUSG00000022471	-0.0204924162949026	0.334442893653164
ENSMUSG00000018899	-0.1097482604779378	0.4516080772835827
ENSMUSG00000046404	-0.1364996508468865	0.433392801877949
ENSMUSG00000071550	-0.2833825640412368	0.144518664175816
ENSMUSG00000061462	-0.3345486600765078	-0.3158471900567338
ENSMUSG00000021243	-0.046244462827849	0.418880737454009
ENSMUSG00000037706	-0.0857584193631997	0.4043731887753261
ENSMUSG00000052656	-0.3231124183537431	0.58379888750426
ENSMUSG00000110202	-0.2778114576064744	0.0311161159888901
ENSMUSG00000085875	-0.034756894756698	0.3645089708741603
ENSMUSG00000034555	-0.9518206393198648	-1.3768106877434247
ENSMUSG00000030474	-0.3355853835257696	-0.2599179079909262
ENSMUSG00000032890	-0.0963086060334428	0.3179377472380185
ENSMUSG00000015478	-0.5990425966577172	0.1086198144400886
ENSMUSG00000028459	-0.0222279392932654	-0.1354268643549558
ENSMUSG00000079389	-0.1080509660331921	-0.367347187712375
ENSMUSG00000057594	-0.5874658723497446	0.5413213362326011
ENSMUSG00000112022	-2.0	-2.0
ENSMUSG00000035948	-0.5390222183502759	-0.1410632188411535
ENSMUSG00000086874	-0.2323789085878167	-0.4846025790408202
ENSMUSG00000117600	-0.4956747695099239	-0.408106125954651
ENSMUSG00000048310	-0.0286982614010291	0.4060517929925788
ENSMUSG00000118045	-0.4543972679811164	-0.2862917762084798
ENSMUSG00000040331	-0.0795634891267744	0.4535122000839862
ENSMUSG00000040726	-0.2127643115563102	0.2480308740348911
ENSMUSG00000063439	-0.3015547666008304	0.3790428669831003
ENSMUSG00000025648	-0.0871666406173617	0.4638520947279544
ENSMUSG00000113613	-0.6360797992251316	-0.4520093329480715
ENSMUSG00000086282	-0.4494756935411709	-2.0
ENSMUSG00000029092	-0.4326413903317593	0.1076813982088324
ENSMUSG00000094995	-0.3179092815555204	-0.3505033334459396
ENSMUSG00000029804	-0.2060980536615701	0.4151533758258879
ENSMUSG00000034690	-0.3378426649586615	-0.4216026413600672
ENSMUSG00000024131	-0.1831218483137359	0.1195601847987589
ENSMUSG00000050668	-0.1121515500075003	0.4450852305157071
ENSMUSG00000110338	-0.3064315007581819	-0.4997597093293684
ENSMUSG00000019303	-0.1596399301000991	0.2389619249467224
ENSMUSG00000054320	-0.2672645687711885	0.4733205194453135
ENSMUSG00000110015	-0.3137714260932616	-0.3622423714223813
ENSMUSG00000001785	-2.0	-2.0
ENSMUSG00000117567	-0.1504941044846549	-0.2583595236795192
ENSMUSG00000103984	-0.1303933056633561	-0.0815391488569694
ENSMUSG00000054753	-0.023947295708731	0.2190283361453646
ENSMUSG00000078771	-0.004532940616845	-0.0067233193581128
ENSMUSG00000024474	-0.421136710645171	0.3232079463742221
ENSMUSG00000085253	-0.2083995869617032	-0.19213038292343
ENSMUSG00000063952	-0.0323590909619502	0.4978103446325626
ENSMUSG00000039913	-0.4583977939637131	-0.2363094275244983
ENSMUSG00000040963	-0.2224297898506697	-0.1859049936602509
ENSMUSG00000042477	-0.1004020621431032	-0.03426326544924
ENSMUSG00000108825	-0.3224877630004021	-0.1796549382770156
ENSMUSG00000029521	-0.0611250791688264	0.4792720474797046
ENSMUSG00000117079	-0.3275550300373939	-0.422530489922461
ENSMUSG00000068923	-0.1560582248246618	0.3470574466115148
ENSMUSG00000108081	-0.3184792755019562	-0.2944231193621284
ENSMUSG00000032925	-0.3291091235113448	-0.2783746793379663
ENSMUSG00000071379	-0.1441095813429549	0.4036403333978527
ENSMUSG00000118320	-0.2801064834079546	-0.3583603338898205
ENSMUSG00000074925	-0.0555545405849173	0.5237389251053787
ENSMUSG00000063808	-0.0266919977605288	0.2339758496459174
ENSMUSG00000021699	-0.231226822363015	-0.2548291431059367
ENSMUSG00000107633	-0.3225585851666022	-0.322867745965919
ENSMUSG00000047735	-0.2277419749069442	-0.2079476830942654
ENSMUSG00000092482	-0.3124143255910973	0.1714036397476236
ENSMUSG00000004221	-0.1267100963895365	0.5105688689394428
ENSMUSG00000030670	-0.5012785085806676	0.1615768925628853
ENSMUSG00000020238	-0.1242638464886799	0.2786392978907392
ENSMUSG00000029591	-0.1570105448098841	0.1867428066300203
ENSMUSG00000110747	-0.3235412471778369	-0.3827144399648175
ENSMUSG00000035472	-0.4586661768070812	-0.2300820627881121
ENSMUSG00000038762	-0.0926963662165823	0.2015129207434554
ENSMUSG00000114210	0.1386626185903286	0.2455718857514599
ENSMUSG00000074793	-0.0475582327269345	-0.0260367948194173
ENSMUSG00000109963	-0.471630495578051	-0.7525063908258219
ENSMUSG00000025993	-0.4363473665728654	0.2166049908925131
ENSMUSG00000113447	-2.0	-0.5912368215571372
ENSMUSG00000031095	-2.0	-2.0
ENSMUSG00000036151	-0.1280857170873365	0.1493786326755714
ENSMUSG00000063730	-0.4057356572487688	-0.3069346670301042
ENSMUSG00000035232	-0.2677708207115675	0.5313353206589393
ENSMUSG00000121891	-0.0990790757498024	0.0135604182613634
ENSMUSG00000031821	-0.0262620679493165	0.3524460645316894
ENSMUSG00000107441	-0.50087649136884	-0.4733100680120521
ENSMUSG00000036658	-2.0	-2.0
ENSMUSG00000032318	-0.1883897426438409	-0.082836599240516
ENSMUSG00000041506	0.0302203885304489	0.255755750669681
ENSMUSG00000073294	-0.5670874435495077	-0.4271690422330901
ENSMUSG00000030629	-0.0638267893987768	0.4883318220484061
ENSMUSG00000109760	-0.6118245269192001	-0.5471278054814067
ENSMUSG00000048701	-0.0168902124759831	0.2896714339079635
ENSMUSG00000067767	-1.806811041745285	-2.0
ENSMUSG00000041073	0.0402223838252418	-0.2249019794785644
ENSMUSG00000025418	-0.2304949155993444	-0.4340459809880289
ENSMUSG00000121186	-0.3429768639507056	-0.3316200479103666
ENSMUSG00000085315	-0.4629570339696189	0.5400958691779608
ENSMUSG00000031351	-0.3226469465351648	0.4306396584012129
ENSMUSG00000097203	-0.1683427558093589	0.002203482932447
ENSMUSG00000035559	0.0399081801823505	0.0009070749766733
ENSMUSG00000032057	-0.4497493822774019	-0.2281240259094752
ENSMUSG00000120977	-2.0	-2.0
ENSMUSG00000042118	-0.3466998640889994	-0.3441467209237617
ENSMUSG00000003341	-0.0806375640044077	0.0599558094737852
ENSMUSG00000090256	-0.2540364396522707	-0.7184711376725214
ENSMUSG00000111068	-0.3104508444660103	-0.322024072002094
ENSMUSG00000074221	-0.0087629341372258	0.4238498605617427
ENSMUSG00000099681	-0.1568850020853623	0.4417268623246188
ENSMUSG00000000732	-0.0313124675523464	0.2246091934270612
ENSMUSG00000047909	-0.0921416749881435	0.4130203172043936
ENSMUSG00000074109	-0.5086063656816294	-0.4232328583262232
ENSMUSG00000042851	-0.3197988757315064	0.5646279582688942
ENSMUSG00000056629	-0.0080280218682873	0.2447628629400741
ENSMUSG00000029334	-0.40970332509815	-0.1266118465190762
ENSMUSG00000029922	-0.0059867397581305	0.2239582845916057
ENSMUSG00000004561	-0.1489327829050037	0.3681554421089857
ENSMUSG00000023908	-0.1451018992393384	0.497589992618182
ENSMUSG00000051934	-0.013282085766101	0.4020748967909786
ENSMUSG00000115479	-0.7407490576767013	-0.5922333002247746
ENSMUSG00000108626	-0.2484921046609638	-0.4823928127416206
ENSMUSG00000029206	-0.2600288257371787	-0.1484983921750348
ENSMUSG00000087385	-0.3239357045184059	0.2781437892907591
ENSMUSG00000109106	-0.3490357995632243	-0.3927196089959599
ENSMUSG00000096956	-0.2519958115270392	0.3303374606985393
ENSMUSG00000025372	-0.0263762251082656	0.4198104089091277
ENSMUSG00000117426	-0.275340481912274	-0.260738085302743
ENSMUSG00000117527	-0.3104144883964598	-0.4518074411191843
ENSMUSG00000038740	-0.1731354997490955	0.3782605040581453
ENSMUSG00000094632	-0.4434037260153578	-0.4170083533749445
ENSMUSG00000028790	-0.0264308687405711	0.4480455662558373
ENSMUSG00000049723	-0.4783943857921288	-0.404777447860678
ENSMUSG00000032502	-0.3847784491789557	-0.2659362952202925
ENSMUSG00000005732	-0.1734198948124131	0.2199390465706297
ENSMUSG00000020464	-2.0	-2.0
ENSMUSG00000086805	-0.0855663963233202	0.0659721574990241
ENSMUSG00000025971	-0.0369274590305566	0.4769622738440106
ENSMUSG00000105933	-0.1470440072965982	-0.244250269638403
ENSMUSG00000086696	-0.5263162916597949	-0.647560802857784
ENSMUSG00000048473	-0.2169970864587543	-0.1475208603138071
ENSMUSG00000024815	-0.4755314366075648	-0.3183870570880155
ENSMUSG00000021595	-0.0174836407247745	0.373698173681442
ENSMUSG00000100558	-0.3646811555412941	-0.1404643519104549
ENSMUSG00000113361	0.2779670446753786	0.2926007112133616
ENSMUSG00000048424	-0.9775165309395638	-2.0
ENSMUSG00000104789	-0.4637807930770687	-0.5581393456753334
ENSMUSG00000107419	-0.4116296774790082	-0.4411834931087512
ENSMUSG00000024227	-0.5078301500639696	-0.4415696109739719
ENSMUSG00000019872	-0.6721652986817895	-0.4576003654052978
ENSMUSG00000097082	-0.1169938501450648	0.0784685634213556
ENSMUSG00000066415	-0.0524758013514997	0.4525772666208444
ENSMUSG00000109593	-0.4133379941013312	-0.4619000261276949
ENSMUSG00000118237	-0.3621401771677557	-0.2751111427353532
ENSMUSG00000092574	-2.0	-2.0
ENSMUSG00000013643	-0.36928601205802	-0.2469641750817595
ENSMUSG00000023020	-0.0180184837062187	0.2310264043956375
ENSMUSG00000006818	-2.0	-2.0
ENSMUSG00000022940	0.003977241845537	0.2677643119697412
ENSMUSG00000020262	-0.1185930869208858	0.4578610137794843
ENSMUSG00000117541	-0.5303781294757696	-0.3935801520834048
ENSMUSG00000054206	-0.2721910918617151	0.3766342509524673
ENSMUSG00000020153	-0.1083410237752527	0.2761013510610984
ENSMUSG00000121585	-0.2828650076109635	-0.3400473093229392
ENSMUSG00000104116	-0.1457871441026094	-0.1402650329433073
ENSMUSG00000097890	-0.3091386297763696	0.5107114578575798
ENSMUSG00000093759	-0.0087327126029102	-0.1115135184051413
ENSMUSG00000084859	-0.5693585693019929	-0.5412531001047097
ENSMUSG00000097083	0.1083735401887673	-0.0537775198604324
ENSMUSG00000021998	-0.6093806302732819	-0.1778170083666383
ENSMUSG00000118613	-0.2165370816751043	-0.2585108703563514
ENSMUSG00000043535	-0.0089601790791585	0.3278716100889932
ENSMUSG00000005699	0.2105298625046769	0.2553974674243821
ENSMUSG00000003500	-0.025302102553679	0.2850588220059034
ENSMUSG00000060224	-0.2784942395761684	0.126469745780057
ENSMUSG00000029270	-0.1158422200713266	0.523127611559101
ENSMUSG00000058126	0.1381655973971337	-0.1802441015223465
ENSMUSG00000045039	-0.030231948656996	0.3191314705216341
ENSMUSG00000029219	-0.355333982505687	-0.3383654211783851
ENSMUSG00000001518	-0.1359616790681445	0.3144756495425276
ENSMUSG00000057735	-0.681008934596089	-0.7371729218400729
ENSMUSG00000025407	0.0525685208038631	0.0887403478643199
ENSMUSG00000053465	-0.3589778701922858	0.1900766504047278
ENSMUSG00000085956	-0.2909435065008398	0.4919245108663233
ENSMUSG00000092077	-0.3940361452102182	-0.3419168313725856
ENSMUSG00000108597	-0.6197554636543927	-0.7301867959344277
ENSMUSG00000024273	0.0059610258085647	0.252566641886719
ENSMUSG00000005891	-0.5235727519754557	-0.4038865048022641
ENSMUSG00000028444	-0.0748433951869152	-0.1164739268600764
ENSMUSG00000035805	-0.1844230485470728	-0.241497324022734
ENSMUSG00000098145	-0.5987070121210742	-0.6506104836883886
ENSMUSG00000073897	-0.39279721962965	-0.3417341908542117
ENSMUSG00000048281	-0.3680651876948673	0.2382107021765489
ENSMUSG00000028066	-0.0751539160504636	0.4936908206386838
ENSMUSG00000096145	-0.2705625654540938	0.1789919028721205
ENSMUSG00000005505	-0.0691312163518757	0.3570501190786503
ENSMUSG00000035916	-0.4857232678940871	-2.0
ENSMUSG00000109911	-0.297405772280928	-0.359346270749466
ENSMUSG00000091415	-0.2406023327355191	0.2453001076188649
ENSMUSG00000031153	-0.1331437829087926	0.4131317820411347
ENSMUSG00000020514	-0.0752386045462191	0.1295796937144726
ENSMUSG00000027510	0.0435948875116488	-0.2260585819481078
ENSMUSG00000066007	-2.0	-2.0
ENSMUSG00000030986	-0.0141237453898847	0.2909054446706855
ENSMUSG00000020954	-0.0318539704665553	0.4975562948612134
ENSMUSG00000025745	-0.0445805081596626	0.4832799730474098
ENSMUSG00000049349	-0.3881212657441792	-0.4147701283352581
ENSMUSG00000030704	-0.051477691854068	0.5409800535119358
ENSMUSG00000072595	-0.6418035122587593	-0.7123371321837495
ENSMUSG00000107801	-0.3570302510122377	-0.222008309763717
ENSMUSG00000064030	-0.084553835478264	0.4859827760753158
ENSMUSG00000114140	-0.2656276369070351	-2.0
ENSMUSG00000031376	-0.5634136056175733	-0.4874732909070192
ENSMUSG00000026356	-0.0345269849780397	0.5406677672885647
ENSMUSG00000028749	-0.2237683692460275	-0.1144576581323638
ENSMUSG00000109057	-0.2015649672688484	-0.4483248616262939
ENSMUSG00000034833	-0.343573468950032	-0.3699687650357743
ENSMUSG00000121661	-0.6047927090795125	-0.2192021329403311
ENSMUSG00000051413	-0.0680778756893127	0.4207552368902365
ENSMUSG00000039238	-2.0	-2.0
ENSMUSG00000109516	-2.0	-2.0
ENSMUSG00000061132	-0.263511548589534	-0.3735097601561706
ENSMUSG00000066621	-0.0380181501465676	0.3791060047356954
ENSMUSG00000030697	-0.1868301512964941	0.1842142964412186
ENSMUSG00000081373	-0.8779067247944066	-0.6731350319553783
ENSMUSG00000041736	-0.0258385552078265	0.3860424935939325
ENSMUSG00000022537	-0.1609373392521684	0.2203884575718024
ENSMUSG00000039968	-0.0066855653975161	-0.3736027571193304
ENSMUSG00000023350	-0.3460139731815459	-0.2380031908739915
ENSMUSG00000090053	-0.2533690699579207	-0.0480221020203882
ENSMUSG00000100055	-2.0	-2.0
ENSMUSG00000077450	-0.0229720971037113	0.4044341187019586
ENSMUSG00000018569	0.33892480093992	-0.319796191168781
ENSMUSG00000074884	-0.1363721699820237	0.3088861204613148
ENSMUSG00000018166	-0.0697860727007011	0.4096197098921306
ENSMUSG00000099139	-0.2255468328021771	-0.0185575215388672
ENSMUSG00000102291	-0.1956450420078366	-0.0065955160461309
ENSMUSG00000051041	-0.3237813567303855	0.0137629290907646
ENSMUSG00000048304	-0.5300173395000614	-0.5302736865702125
ENSMUSG00000079697	-0.7661041817887819	-0.6160507770950101
ENSMUSG00000031736	-0.1684222413998911	0.0023219476559472
ENSMUSG00000108132	-0.3433941715578807	-0.0833595291288663
ENSMUSG00000022768	-0.1303841582639635	0.128443859165585
ENSMUSG00000021478	-0.434765346843408	-0.2083736369337498
ENSMUSG00000050064	-0.2420629587337338	0.0840105762004802
ENSMUSG00000028399	-0.4562288663772686	-0.318389588312515
ENSMUSG00000068758	-0.1098767734155486	0.4047943889610456
ENSMUSG00000095932	-0.4615585098941862	-0.3176180674944601
ENSMUSG00000037089	0.1679143007672433	-0.2353851603170737
ENSMUSG00000049922	-0.0153277959856664	0.368074800702044
ENSMUSG00000020007	-0.3829814063061811	-0.2443525608308481
ENSMUSG00000099765	-0.2564961931428743	-0.1979359511100401
ENSMUSG00000031099	-0.4880351329363925	0.1449100566448048
ENSMUSG00000020277	-0.0717914263984542	0.4676063299296514
ENSMUSG00000047759	-0.3891367878469436	-0.0808378823868361
ENSMUSG00000121392	-2.0	-2.0
ENSMUSG00000047048	-0.4477574793942006	-0.5699617287479654
ENSMUSG00000074247	-0.0218670708274463	0.0946626930590012
ENSMUSG00000040298	-0.2166719563829581	-0.2037213096463817
ENSMUSG00000027366	-0.2036754926465204	0.5070434401552147
ENSMUSG00000019907	-0.0326651049766209	-2.0
ENSMUSG00000087700	-0.2113637765728422	0.3354274087361903
ENSMUSG00000114205	-0.3483541547946632	-0.4814963253857293
ENSMUSG00000014763	-0.1593464873630429	0.4390277910609266
ENSMUSG00000078737	-0.0026497937524832	-0.2023473754135127
ENSMUSG00000109401	-0.6721745263646176	-0.1509721805801678
ENSMUSG00000087226	-0.3843712137141646	-0.4988514220452552
ENSMUSG00000084996	-0.215716293741865	-0.3461672549510899
ENSMUSG00000069299	-0.8393960693469701	-0.4685997740278725
ENSMUSG00000021493	-0.0487115485649555	0.4336018422462964
ENSMUSG00000058740	-0.2794930692822728	-0.2312830374430323
ENSMUSG00000047026	-0.3179696069565501	-0.3046395225897659
ENSMUSG00000095570	-0.5786537651572415	-0.6249336543145582
ENSMUSG00000073914	-0.6383560097929871	-0.384257786420267
ENSMUSG00000086462	-0.3248480803242963	-0.4261684610042905
ENSMUSG00000116483	-0.4977348829492936	-0.4341533850791602
ENSMUSG00000003355	-0.1551261137750577	0.2554596939332552
ENSMUSG00000029762	-0.190933843445369	0.0877453670327726
ENSMUSG00000030105	-0.0342936249953549	0.4873598516197207
ENSMUSG00000097421	-0.2352006053843785	-0.2593198388605708
ENSMUSG00000114721	-0.3110931158546616	-0.2789909730019557
ENSMUSG00000095296	-0.4856284446066024	-0.3695222907625676
ENSMUSG00000040225	-0.0120205483446712	0.430632891383289
ENSMUSG00000052419	-0.0436982270012061	0.4679462353122539
ENSMUSG00000110134	-0.373646285718314	-0.6194559267547264
ENSMUSG00000113416	-0.0833280640161556	-0.138921867819852
ENSMUSG00000105222	-0.3538359371198905	-0.3800666630890251
ENSMUSG00000021414	-0.3279712650696343	-0.4272273446047394
ENSMUSG00000034040	-0.3762183015145395	0.1407424736345687
ENSMUSG00000072573	-0.042738083219883	0.0255164060752248
ENSMUSG00000038840	-0.0373984712162961	0.0905158012947921
ENSMUSG00000108444	-0.1800893063288364	-0.3261108192031238
ENSMUSG00000029273	-0.6754823072605401	-0.8153778915202857
ENSMUSG00000046585	-0.4053387785025403	-0.1524472053495611
ENSMUSG00000021301	-0.4284737732637074	-2.0
ENSMUSG00000039231	0.0144247650050387	0.3728751967933903
ENSMUSG00000027551	-0.0135653553113816	0.2729767192549948
ENSMUSG00000062646	-0.2722579078856595	0.5395008970729729
ENSMUSG00000121517	-0.6426530673794169	-0.6945857699016421
ENSMUSG00000108106	-0.6574562468577737	-0.4234161116483206
ENSMUSG00000031309	-0.3230321857052415	-0.500278834848263
ENSMUSG00000058407	-0.0859548679544534	0.4782555968589904
ENSMUSG00000115930	-0.2918048896928427	-0.295687657081616
ENSMUSG00000031527	-0.0790444821940458	0.5063209932613066
ENSMUSG00000033498	-0.2124436087123787	-0.3427702728418152
ENSMUSG00000114045	-0.2637195375850883	0.4088661869769661
ENSMUSG00000021298	-2.0	-2.0
ENSMUSG00000044364	-0.1241943571977189	0.1521463496948433
ENSMUSG00000023942	-0.053270248560787	0.1298644769914989
ENSMUSG00000021819	-0.0549884030197553	0.1240396856803242
ENSMUSG00000041733	-0.1185187933496363	0.3184460970485958
ENSMUSG00000042258	-0.3469025412464895	0.255794791950262
ENSMUSG00000069830	-0.3536337247126683	-0.7446377499770895
ENSMUSG00000112006	-0.5519891077565714	-0.5443214856870463
ENSMUSG00000073728	-0.0338356375867432	0.3036452442108499
ENSMUSG00000058063	-0.1488287635863142	-0.2585864847060237
ENSMUSG00000113220	-0.4036459573871189	0.1231622311769634
ENSMUSG00000079614	-0.0658144544780946	0.4333847968009013
ENSMUSG00000059326	-2.0	-2.0
ENSMUSG00000120845	-0.2772552149200838	-0.6493891483943697
ENSMUSG00000040728	-0.2994309177086	-0.0835737418961532
ENSMUSG00000026734	-0.4544823450571298	0.0975702638658352
ENSMUSG00000054537	-0.4193829239843505	-0.7550671073284468
ENSMUSG00000118062	-0.194339725899333	-0.256608153607199
ENSMUSG00000024436	-0.2431044573896522	0.1952086577488217
ENSMUSG00000022848	-0.0760398307892365	0.0107779263935979
ENSMUSG00000104472	-2.0	-2.0
ENSMUSG00000032796	-0.0757064444967096	0.3856187839587536
ENSMUSG00000025450	-2.0	-2.0
ENSMUSG00000043549	-0.6681048488874817	0.3256630029406949
ENSMUSG00000108596	-0.3134666868175826	-0.4819106654525477
ENSMUSG00000051124	-0.2604297123228166	0.0915858582770049
ENSMUSG00000084808	-0.0226621280310021	0.3351287954465647
ENSMUSG00000118367	-0.4033329830935093	-0.2426370912203627
ENSMUSG00000104966	-0.2954575933871365	-0.1986708056651914
ENSMUSG00000115217	-0.6957124489186858	-0.566100552914363
ENSMUSG00000039620	-0.2671217092451362	0.207584823221063
ENSMUSG00000024500	-0.4109254508009808	-0.3590237493104705
ENSMUSG00000018672	-0.202940721091977	0.0106475923463901
ENSMUSG00000091091	-0.2634264691594279	-0.2525484159790151
ENSMUSG00000006241	-0.2494191002220779	0.3790425040959239
ENSMUSG00000086825	-0.3936382000815118	-0.1747712746513385
ENSMUSG00000047554	-0.0757619738737771	0.4469979332990085
ENSMUSG00000028385	-0.0217984766871656	0.4756636353112397
ENSMUSG00000120531	-0.2854238187158886	-0.4947564141646113
ENSMUSG00000109064	-0.3982208708530737	-0.4772778026625744
ENSMUSG00000053470	-0.015950268039971	0.4818847244537357
ENSMUSG00000082025	-2.0	-2.0
ENSMUSG00000092035	-0.062672517136959	0.3258816628574874
ENSMUSG00000101929	-2.0	-2.0
ENSMUSG00000112681	-0.6473857183387967	-0.6451696565777372
ENSMUSG00000107458	-0.1093939005231225	0.0002535539468832
ENSMUSG00000094660	-2.0	-2.0
ENSMUSG00000022972	-0.0994530724119819	0.3812216097408458
ENSMUSG00000056947	-0.3878738026802814	-0.2664823903014602
ENSMUSG00000110765	-2.0	-2.0
ENSMUSG00000086631	-0.0558533451064233	0.427444884867847
ENSMUSG00000087267	-0.4979046000663435	-0.0617963039921514
ENSMUSG00000006850	-0.0901136688947764	0.4293552599843918
ENSMUSG00000039109	-0.426665087914586	-0.4740565245082042
ENSMUSG00000111912	-0.3819163239926182	-0.4510153860472384
ENSMUSG00000050945	-0.312104495581512	0.5405597024727034
ENSMUSG00000055633	-0.0082016532193749	0.2137519737869581
ENSMUSG00000035606	-0.1962070505770022	0.0650213827989369
ENSMUSG00000008435	-0.0328941246443295	0.4148059452996667
ENSMUSG00000031803	-0.071818274924529	0.0456192934427493
ENSMUSG00000047636	-0.1409661141227174	-0.1909617516854221
ENSMUSG00000071637	0.0047562244782216	0.3255989840843614
ENSMUSG00000081326	-2.0	-2.0
ENSMUSG00000024410	-0.063110433754154	0.3832044117224607
ENSMUSG00000051228	-0.5117483163933472	-0.3688627805848878
ENSMUSG00000086781	-0.4459722488203869	-0.281104386282103
ENSMUSG00000076617	-0.4345210161533879	-0.2326155992601142
ENSMUSG00000008028	-0.0534376032249427	0.4636914654156326
ENSMUSG00000055407	-0.14970894115804	0.100274093458735
ENSMUSG00000070423	-0.4026302181320143	-0.39629476425721
ENSMUSG00000114892	-0.5121921672593696	-0.5995338866800981
ENSMUSG00000118383	0.0221742366347478	0.2362439381068143
ENSMUSG00000066151	-0.0665539164028872	0.4715395989741597
ENSMUSG00000108103	-0.020479304484538	0.0947498541420308
ENSMUSG00000041789	-0.2745060463056709	-0.3784014734692396
ENSMUSG00000009406	-0.0859998646481101	0.386447596266008
ENSMUSG00000100685	-0.1378756601325937	-0.5490993229535847
ENSMUSG00000107815	-0.1663575265447274	0.1165819777408968
ENSMUSG00000085958	-0.0586994053994512	-0.4177481805354608
ENSMUSG00000116450	-0.561273846694735	-0.4816153148640686
ENSMUSG00000101915	-2.0	-2.0
ENSMUSG00000115074	-0.0127904311271637	0.2627514321999482
ENSMUSG00000028657	-0.033692750444148	0.4498226127546868
ENSMUSG00000052302	-0.3311766541306605	-0.2528936263823723
ENSMUSG00000117334	-0.2645933820365103	-0.3317839387113449
ENSMUSG00000009863	-0.0167736463193552	0.3335939626597852
ENSMUSG00000112302	-2.0	-2.0
ENSMUSG00000030048	-0.1744610712036255	-0.2947832526085515
ENSMUSG00000100546	-0.3394029572054619	-0.297469018721148
ENSMUSG00000005371	-0.0158238645564391	0.3059714087391834
ENSMUSG00000115918	-0.0040248727341091	-0.0884945621242819
ENSMUSG00000044061	-0.2022971361588669	-0.4356249039976185
ENSMUSG00000114153	-0.6729692505250744	-0.684788128877381
ENSMUSG00000029458	-0.0396714736352518	0.4683706694204483
ENSMUSG00000113117	-2.0	-2.0
ENSMUSG00000103707	-0.3741473840052401	-0.3683348986808203
ENSMUSG00000083317	-2.0	-2.0
ENSMUSG00000029708	0.0107458973334641	0.0694622206517732
ENSMUSG00000074419	-0.8274828854521995	-0.8516682468226636
ENSMUSG00000118410	-0.0499904191451986	0.0380520687291903
ENSMUSG00000024979	-0.4056954225054852	-0.4731334267523993
ENSMUSG00000117136	-1.658118155018426	-2.0
ENSMUSG00000037936	-0.0171966299744561	0.4567494400135335
ENSMUSG00000085992	-0.044823315211189	-0.1095693675795079
ENSMUSG00000025236	-0.0465859490131372	0.4604594199062727
ENSMUSG00000110977	-2.0	-2.0
ENSMUSG00000105445	-0.2206067945868926	-0.3749636504818644
ENSMUSG00000045341	-0.8757185223172153	-2.0
ENSMUSG00000001774	-0.078803122838431	0.4709790826009292
ENSMUSG00000025036	-0.0719762229467713	0.4419300466162535
ENSMUSG00000121897	-0.0977316062292466	0.4432291815995342
ENSMUSG00000120803	0.1927062492888155	-0.0065356404763586
ENSMUSG00000120078	-0.2161135642688596	0.1895260776546757
ENSMUSG00000100593	-0.2776571852131781	-0.2237029414221933
ENSMUSG00000061414	-0.3733275192319418	-0.0550481485206552
ENSMUSG00000027618	-0.0990783119297761	0.1188694064797235
ENSMUSG00000120488	-0.0893045345549197	0.0324352548263014
ENSMUSG00000087067	0.0013121041605238	0.1969743760139038
ENSMUSG00000091477	-0.2943890727832224	-0.3867376238161644
ENSMUSG00000103845	-0.137806702343919	-0.3155785514889093
ENSMUSG00000093381	-0.2383278544520816	-0.1467018396376785
ENSMUSG00000086547	-0.2197590382110409	0.0603224477282706
ENSMUSG00000046311	-0.0734387117524279	0.4746619886643946
ENSMUSG00000108037	-0.0208386566635936	0.335857308014664
ENSMUSG00000010841	-0.3308053342621809	0.3879792834713144
ENSMUSG00000031323	-0.7890730914714704	-0.5333147326724095
ENSMUSG00000063821	-0.268904144566973	-0.2454235666759264
ENSMUSG00000031955	-0.0286167045095572	0.173014848575961
ENSMUSG00000085599	-0.2516221657465582	-0.5444635018080164
ENSMUSG00000005339	-0.5705733207121079	-0.3258765924969247
ENSMUSG00000113982	-0.4299397219899727	-0.3755964012337395
ENSMUSG00000110216	-0.4739216620338815	-0.3052956704082778
ENSMUSG00000028633	-0.0475874038816593	0.5327872363936061
ENSMUSG00000038828	0.1257050242303505	-0.3327536896818264
ENSMUSG00000024491	-0.0225738282558461	0.4432028863341066
ENSMUSG00000041333	-0.3510320121250544	-0.394443825378672
ENSMUSG00000090192	-0.2773563717509927	-0.3571822521700872
ENSMUSG00000047434	-0.025895804890907	0.4529214827624083
ENSMUSG00000071604	-0.245312771594374	0.0887111037392412
ENSMUSG00000102423	-0.7594102344315065	-0.3074764994439867
ENSMUSG00000020684	-0.1651616080269082	0.0291958133281921
ENSMUSG00000021598	-0.1490832266696375	0.4331154200022102
ENSMUSG00000116229	-0.2937746402539565	-0.2603047415016081
ENSMUSG00000112883	-0.0997928522830878	0.1346646976066752
ENSMUSG00000027562	-0.1187592949004448	0.4243905736914843
ENSMUSG00000005656	-0.0224241714044354	0.467905720960368
ENSMUSG00000097482	-0.2923516579300475	0.0607977543551734
ENSMUSG00000118234	-0.0159284623899147	0.074332744599669
ENSMUSG00000024472	-0.0222921210276488	0.4287229618223155
ENSMUSG00000067586	-0.207622180127636	0.1412247599848722
ENSMUSG00000031381	-0.0653527021581419	0.3562500636229047
ENSMUSG00000101904	-0.2187080242215572	0.1269394757187479
ENSMUSG00000114745	-0.3706493302966993	-0.1870310572208976
ENSMUSG00000113544	-0.4280709331149082	-0.580288383706002
ENSMUSG00000029155	-0.3397592931989225	-0.0626669983102915
ENSMUSG00000036856	-0.1170698167298452	-0.09642355001827
ENSMUSG00000118204	-0.0036246791892484	0.2524632041554761
ENSMUSG00000074489	-0.16639995305198	-0.2216151620145245
ENSMUSG00000112730	-0.5075614712030945	-0.3707602371268324
ENSMUSG00000031727	-0.2452432525625378	-0.2191372599020472
ENSMUSG00000109873	-0.2120127405384308	-0.0597622103570959
ENSMUSG00000106254	-0.1987769062202141	-0.3861765647028833
ENSMUSG00000096229	-0.359760324628976	-0.6833260802479484
ENSMUSG00000029598	-0.0306132590490682	0.3279361112501394
ENSMUSG00000042804	-0.0461241898722879	0.2557827425467489
ENSMUSG00000020657	-0.030580732594311	0.5161600130271723
ENSMUSG00000046999	-0.3224581963380939	0.0314171904530812
ENSMUSG00000014932	-0.0646694100670958	0.5109431989665315
ENSMUSG00000067424	-0.0620366079951599	0.1845835534315366
ENSMUSG00000063728	-0.7063886536700734	-0.9157648576036856
ENSMUSG00000027257	-0.1763934159550909	0.359734198367308
ENSMUSG00000026904	-0.5543185956806204	-0.3042553922783165
ENSMUSG00000031837	-0.0707808957098346	0.2509530277357606
ENSMUSG00000058820	-0.4933008367096193	-0.6944543164997932
ENSMUSG00000062434	-0.3993210872763883	-0.2892392045825069
ENSMUSG00000086000	-0.0793487422951989	-0.0725581844563393
ENSMUSG00000097634	-0.0880200889372367	-0.0953123629595587
ENSMUSG00000012609	-0.0676014316013784	0.4360910541375684
ENSMUSG00000054256	0.0003174400832115	0.2772143883967286
ENSMUSG00000106555	-0.3151983571410541	0.3916491636920985
ENSMUSG00000099362	-2.0	-2.0
ENSMUSG00000102590	-0.4221873084823606	-0.4023558357060142
ENSMUSG00000039244	-0.0656257949489422	0.4220380043491497
ENSMUSG00000037761	-0.0695764112168999	0.42227032058007
ENSMUSG00000069998	-0.288904753912983	-0.3709730748169529
ENSMUSG00000030203	-0.1000657426330566	0.3883932392547132
ENSMUSG00000029217	-0.296825424102861	0.3219665031493822
ENSMUSG00000044899	-0.5518559994021479	-0.4010329670789925
ENSMUSG00000118661	-0.0624204285045055	-0.1895732358148417
ENSMUSG00000091809	-0.725986970507754	-0.8548975509293774
ENSMUSG00000041084	-0.1052193135810512	0.4889850757073476
ENSMUSG00000024442	-0.0975046433272188	0.4521410923845836
ENSMUSG00000086730	-0.045357930475788	0.3365978055353061
ENSMUSG00000037007	-0.0498622845473901	0.3568080303975025
ENSMUSG00000024334	0.2347995843893248	-0.1951183337343227
ENSMUSG00000105686	-0.3723644319704426	-0.4700268858214773
ENSMUSG00000027667	-0.1403534611954971	0.4603507982555052
ENSMUSG00000109701	-0.5097268062703068	-0.2865803778612166
ENSMUSG00000044317	-0.1136184825982346	0.0136799497879109
ENSMUSG00000014543	-0.3497220137835357	-0.2494605962411921
ENSMUSG00000052062	-0.4259029561160773	0.0937896288504403
ENSMUSG00000021953	-0.0001201424701641	0.0986465634291026
ENSMUSG00000042472	-0.0461990546658216	0.4827364163237571
ENSMUSG00000111785	-0.4105781246058097	-0.5500682581912912
ENSMUSG00000121759	-0.0085883695354452	-0.1408717943127524
ENSMUSG00000093862	-0.3202302537742172	-0.3767620841303403
ENSMUSG00000021957	-0.0179513999369815	0.4040947877330385
ENSMUSG00000027610	-0.029133676114178	0.4316506254566195
ENSMUSG00000100715	-2.0	-2.0
ENSMUSG00000121022	-0.1877966601748733	-0.1379970190232915
ENSMUSG00000009828	-0.0351489815698244	0.3789648392637608
ENSMUSG00000035592	-0.438615963553075	-0.275720377455564
ENSMUSG00000102287	-0.4179766576907426	-0.4028027833843783
ENSMUSG00000028003	-0.4765016980516984	-0.1402094895307665
ENSMUSG00000071719	-0.5455710427032355	0.0121045467478387
ENSMUSG00000110341	-0.1025200440148406	-0.3047204575713014
ENSMUSG00000115172	-0.2511077463669124	-0.3026226037583532
ENSMUSG00000048387	-0.2893423464324154	-0.2722930269976082
ENSMUSG00000099512	-1.02906476053187	-0.5934738194020482
ENSMUSG00000084897	-0.6717578429474962	-0.7492843876951893
ENSMUSG00000000532	-0.0098608422414335	0.3763842189278779
ENSMUSG00000022542	-0.3698675863881057	-0.1677130173754571
ENSMUSG00000092167	-0.0196069841719224	-0.0779192497275386
ENSMUSG00000043602	-0.1479673403958727	0.4811134146027158
ENSMUSG00000102408	-0.2914924195979536	-0.2412022194701147
ENSMUSG00000104610	-0.4385825793038431	-0.1497616663374282
ENSMUSG00000020441	0.1654686882761844	0.2311335448850696
ENSMUSG00000027938	-0.1514777437007322	0.1411581808389032
ENSMUSG00000079679	-0.4937518319923225	-0.2103479453165226
ENSMUSG00000061887	-0.0184048923490775	0.3992766190557872
ENSMUSG00000020381	-0.0539024881598773	0.447614730964736
ENSMUSG00000059434	-0.2980559044220849	-0.2943144875974313
ENSMUSG00000104433	-0.70260633273466	-0.4161186843389757
ENSMUSG00000113528	-0.1548778883301545	0.5086333986103541
ENSMUSG00000042849	-0.3236429847134466	-0.3446880742190599
ENSMUSG00000094035	-0.0548961389885534	-0.0306009564932
ENSMUSG00000014542	-0.299829009503716	-0.3237107009593529
ENSMUSG00000111398	-0.5561477735745813	-0.3802342425564353
ENSMUSG00000035456	-0.248766483929343	-0.0905236700390975
ENSMUSG00000027355	-0.3778164512717583	-0.2858183448324742
ENSMUSG00000121770	-0.3498094703780113	-0.0937608799754695
ENSMUSG00000069720	0.0616868293093425	-0.2573303174255082
ENSMUSG00000111183	-0.3271458349449385	-0.2967389117527514
ENSMUSG00000106799	-0.5789626704531736	-0.5537481070962892
ENSMUSG00000115430	-0.1209916766672964	0.1243171640477172
ENSMUSG00000032691	-0.2767708112405557	-0.351860608086429
ENSMUSG00000037797	-0.4323980162340837	-0.1568312803889731
ENSMUSG00000029710	-0.0579836086036823	0.3863748127101391
ENSMUSG00000029700	-0.5216179383628051	-0.588443927889968
ENSMUSG00000093378	-0.5580407554169851	-0.6825098524871552
ENSMUSG00000114917	-0.0805665594604377	-0.1431498381889095
ENSMUSG00000105903	-0.6724251696754737	-0.5810811899602469
ENSMUSG00000005580	-0.2278291487742461	0.332578623513879
ENSMUSG00000106478	-0.4539862145466224	-0.1829721131194452
ENSMUSG00000113852	-0.0626131181783403	0.0409158840293244
ENSMUSG00000023088	-0.0396334085559198	0.4671177493632676
ENSMUSG00000112095	-0.2775714453119333	-0.3344064399499833
ENSMUSG00000031753	-0.0532140852757158	0.4277032020680156
ENSMUSG00000029713	0.0223989222991189	0.172427777151465
ENSMUSG00000084756	-0.3423978920006454	-0.2882313953700386
ENSMUSG00000100640	-2.0	-2.0
ENSMUSG00000107595	-0.5381183706058298	-0.7515931954209987
ENSMUSG00000030605	-0.0561592747494314	0.4747612675873245
ENSMUSG00000097525	0.098323648790959	-0.0031616791449352
ENSMUSG00000117309	-0.2480367283708447	-0.4274508011041977
ENSMUSG00000026575	-0.0586827016240372	0.4340049131590272
ENSMUSG00000081949	-0.1066952918157395	0.4282582587143835
ENSMUSG00000026725	-0.3452549142889926	-0.2639931988054307
ENSMUSG00000071657	-0.0594175790301062	0.2509788577255069
ENSMUSG00000026125	-0.225570777919006	-0.3001445733092088
ENSMUSG00000093846	-2.0	-2.0
ENSMUSG00000089844	-2.0	-2.0
ENSMUSG00000035711	-0.0778019305964593	0.2962491211533578
ENSMUSG00000116907	-0.6043130388196442	-0.6754359826430223
ENSMUSG00000054321	-0.1379854425234012	0.5609386120307883
ENSMUSG00000111689	-0.5563659158656695	-0.8771368663604034
ENSMUSG00000118254	-0.4267407250047849	-0.4601183170986864
ENSMUSG00000029682	-0.6150019499155652	-0.5228891395193226
ENSMUSG00000026740	-0.1832287201139083	0.5718210585619288
ENSMUSG00000063106	-0.7468543191954956	-0.4925208060428248
ENSMUSG00000045417	-0.5885562020891971	-0.7393263150163942
ENSMUSG00000002767	-0.1796527051313628	0.2475009290431356
ENSMUSG00000020072	-0.1721373850508199	0.4517400878450822
ENSMUSG00000031715	-0.04023427433851	0.574027793357966
ENSMUSG00000028551	-0.3311414628420759	0.3560767451068786
ENSMUSG00000091879	-0.4442421563731817	-0.3655360309412379
ENSMUSG00000075705	-0.2838481864408582	0.4796458395143693
ENSMUSG00000020530	-0.0489129285446368	0.4666010329257548
ENSMUSG00000121768	-0.441776382365745	-0.1863985980695588
ENSMUSG00000046079	-0.0156913740996754	0.332339065805382
ENSMUSG00000095493	-0.2654000078387558	-0.1164534835828873
ENSMUSG00000021143	-0.0305477426329792	0.4443358943500321
ENSMUSG00000020591	-0.4427609163270635	-0.3306338525889259
ENSMUSG00000055547	-0.289044485449388	-0.1944250666279174
ENSMUSG00000091227	-0.1330093781611293	-0.270546063217654
ENSMUSG00000026980	-0.0079147829589505	0.4345261111461504
ENSMUSG00000061952	-0.2157397029192898	-0.3726968338333656
ENSMUSG00000045954	-0.3857728731172226	-0.2756131946203105
ENSMUSG00000004885	-0.1701070159871984	-0.2263159260520055
ENSMUSG00000028950	-0.2139471329097902	0.2382172768110305
ENSMUSG00000087165	-0.162324332883551	0.4188860347093013
ENSMUSG00000027261	-0.3094506012017455	-0.2783606640861789
ENSMUSG00000024665	-0.0640956018515996	0.4871777006888631
ENSMUSG00000114421	-0.5962396663892827	-0.6019603234959189
ENSMUSG00000120965	-0.3115589977583006	-0.2637726584817873
ENSMUSG00000037722	0.0054763499361464	0.3578491225243581
ENSMUSG00000041773	-0.0144359387897798	0.2968002830869954
ENSMUSG00000035936	-0.1909583810298091	0.2934894429881165
ENSMUSG00000106395	-0.3263773988393752	-0.3085825416952628
ENSMUSG00000002486	-0.0730181089327428	0.439792013375791
ENSMUSG00000106185	-0.5365760634721525	-0.4468797204022349
ENSMUSG00000104580	-0.2314712629888106	-0.2202438158495283
ENSMUSG00000009927	-2.0	-2.0
ENSMUSG00000093901	-0.6583130841922923	-0.7855970256638116
ENSMUSG00000113388	-2.0	-2.0
ENSMUSG00000055610	-0.5183713670326027	-0.9348311735383472
ENSMUSG00000040997	-0.0747444426729829	0.3232710807984009
ENSMUSG00000033948	-0.2419352779572229	0.4927939024204392
ENSMUSG00000005267	-0.1114569296595311	0.366353950289399
ENSMUSG00000116587	-0.5690130451710067	-0.6748629699900218
ENSMUSG00000026301	-0.2949060468811856	-0.0836753588494592
ENSMUSG00000021768	-0.3301046934824143	-0.1734714346497451
ENSMUSG00000093996	-0.5349039966040037	-0.5882547371169926
ENSMUSG00000121615	-0.4383892157576111	-0.561607694626428
ENSMUSG00000120104	-0.2553168748940248	0.0421517997888285
ENSMUSG00000121279	-0.4462929103845384	-0.5531252830928373
ENSMUSG00000106044	-0.0697168201893356	-0.0214814038629935
ENSMUSG00000009545	-0.2165791271964245	0.0827947021637359
ENSMUSG00000055960	-1.3641639339902938	-2.2522294064560384
ENSMUSG00000099430	-2.0	-2.0
ENSMUSG00000020102	-0.4441711383982523	-0.2323967070860914
ENSMUSG00000114004	0.1167432572533049	0.1208317992358102
ENSMUSG00000024486	-0.0357632875759276	0.2566860023635803
ENSMUSG00000079276	-0.9340356028163116	-0.3357547295957747
ENSMUSG00000009687	-0.1822026720565426	-0.0992673437947534
ENSMUSG00000020994	-2.0	-1.7084056236606984
ENSMUSG00000069355	-0.3378683812737549	-0.3622851961646439
ENSMUSG00000020541	-0.0894786855934011	0.4239714406552415
ENSMUSG00000026975	-0.1998220012060472	0.3370145557465376
ENSMUSG00000032089	-0.3637601134684776	-0.0594295304390703
ENSMUSG00000021870	-2.0	-2.0
ENSMUSG00000054604	0.030875753234602	0.4407296625052319
ENSMUSG00000111994	-0.5474567410605209	-0.9478403110320314
ENSMUSG00000075377	-0.1532208996139897	-0.4556848503598895
ENSMUSG00000044216	-0.0725834378777029	0.2598541864392105
ENSMUSG00000032006	-0.5203481156466093	-0.1853354952324455
ENSMUSG00000095993	-0.2135981410519774	0.197594239812611
ENSMUSG00000071531	-0.1132672653973459	0.1390058436302828
ENSMUSG00000121838	-0.6284917831619153	-0.0827660750412605
ENSMUSG00000095030	-0.5575481395643144	-0.6626170214967121
ENSMUSG00000039652	-0.2171720590738404	0.3925291812077802
ENSMUSG00000054863	-0.1966783835142048	-0.01179834599554
ENSMUSG00000006299	-0.1947970653540797	0.3247375056276429
ENSMUSG00000105733	-0.4018391842416376	-0.3212229422656229
ENSMUSG00000000804	-0.0758239228419807	0.4670116695801695
ENSMUSG00000100369	-2.0	-2.0
ENSMUSG00000000817	-0.4417989626722652	-0.3877384580237565
ENSMUSG00000028587	-0.0236364466400581	0.4164704169618975
ENSMUSG00000112255	-0.0945352807591399	-0.0438515552172835
ENSMUSG00000036242	-0.5891768940555986	0.0979726292114839
ENSMUSG00000109498	0.023713020309345	-0.0548724847016286
ENSMUSG00000086074	-0.3288554938407808	0.1654669080804195
ENSMUSG00000040272	-0.1423674614960606	0.3120691079610597
ENSMUSG00000028804	-0.3434562276633296	-0.3208743975762421
ENSMUSG00000041737	-0.1188161581108902	-0.2886379189563909
ENSMUSG00000091656	-0.7846768918269843	-0.4451780205674446
ENSMUSG00000111084	-0.2414087261698005	-0.3003774809187348
ENSMUSG00000014503	-0.1408001970264506	0.4514335468578688
ENSMUSG00000071510	-0.550834281950943	-0.4714339605840059
ENSMUSG00000014547	-0.3342923972991449	0.3686691189817019
ENSMUSG00000097016	-0.3129403659984453	0.4424988964146407
ENSMUSG00000024734	-0.1964012837346667	-0.3017631821395201
ENSMUSG00000046613	-0.0693944671226148	0.1401965088737803
ENSMUSG00000056332	-0.3548511667681492	-0.3664988422671976
ENSMUSG00000113320	-0.2820387335282163	-0.477601937190062
ENSMUSG00000020380	-0.040314706778484	0.5250419549443154
ENSMUSG00000104947	-0.1553265352057521	-0.1836170966816198
ENSMUSG00000078487	-0.0663741447150803	-0.1376672692699331
ENSMUSG00000103740	-0.4793922885832029	-0.4952331841018459
ENSMUSG00000022076	-0.7111150946255412	-0.4593755054398466
ENSMUSG00000037012	-0.0452750162154384	-0.367254913531327
ENSMUSG00000108885	-0.5672548051928722	-0.5966886714949518
ENSMUSG00000005198	-0.0468110146372824	0.5318149820045837
ENSMUSG00000015597	-0.0813228994029901	0.4990692855570473
ENSMUSG00000068680	-0.4893986960091409	-0.4997195763573513
ENSMUSG00000111697	-0.609491417036638	-0.6256845882683756
ENSMUSG00000116197	-0.3632249423933845	-0.3922435416459899
ENSMUSG00000089956	-0.8201724963969895	-2.0
ENSMUSG00000054409	-0.1865900944417034	0.2046110006088826
ENSMUSG00000021108	-0.3578274158343182	0.0917273678004413
ENSMUSG00000056952	-0.0554070902654678	0.4286294135090694
ENSMUSG00000102530	-0.3566478150898949	-0.2687630026759921
ENSMUSG00000044345	0.0388510355699704	0.2437352386964873
ENSMUSG00000017688	-0.5673453740918559	-0.3098468197492737
ENSMUSG00000017002	-0.2780124067066984	-0.2444039441861581
ENSMUSG00000115232	-0.0248847673537533	-0.2021936311689318
ENSMUSG00000040026	-0.3070706518771455	-0.3303227580641448
ENSMUSG00000086544	-0.0817667251727966	-0.1331290305751244
ENSMUSG00000049041	-0.5244612989614466	-0.3707157934938686
ENSMUSG00000031853	-0.302831358060319	-0.1420961790983919
ENSMUSG00000047039	-0.618883944160183	-0.8762489441390273
ENSMUSG00000037791	-0.0115464637340563	0.4161650191538582
ENSMUSG00000041907	-0.4283209760204847	-0.1448869814026545
ENSMUSG00000030302	-0.2609806452135492	-0.1552220909367161
ENSMUSG00000021326	-0.0200380134224325	0.3149595928670871
ENSMUSG00000007036	-0.0506173129866893	0.4272250644665598
ENSMUSG00000081870	-0.8376979220388402	-0.7363798361113932
ENSMUSG00000023216	-0.251747919281564	-0.3155990484157639
ENSMUSG00000074682	0.0057780715029901	0.3504709248046684
ENSMUSG00000108678	-0.0824886088691455	-0.2540046368775719
ENSMUSG00000036853	-0.3321581308047007	-0.1041118040569999
ENSMUSG00000121293	-2.0	-2.0
ENSMUSG00000112980	-0.0766129675962297	0.3187584846758554
ENSMUSG00000032184	-0.2730284163171234	0.5095044066746053
ENSMUSG00000066671	-0.5615184092273179	-0.5998832127851228
ENSMUSG00000069818	-0.5163294177572442	-0.5849324537503977
ENSMUSG00000026969	0.2578493797689395	-0.8756368459676229
ENSMUSG00000006276	-0.0075877060592349	0.4371576791981371
ENSMUSG00000106429	-2.0	-2.0
ENSMUSG00000028163	-0.0456725701650487	0.4900888887362631
ENSMUSG00000039656	-0.1921353849836393	0.2521882216795673
ENSMUSG00000046876	-0.3549349422549118	0.105527419958003
ENSMUSG00000056481	-0.2553642551606456	-0.0383834936545606
ENSMUSG00000037579	-0.0254686884641012	0.1748984976344406
ENSMUSG00000097425	-0.5093799575322476	-0.5631102562096579
ENSMUSG00000073413	-0.2259992389818584	-0.087993921787513
ENSMUSG00000121431	-0.1716873943560141	-0.2559880297895054
ENSMUSG00000101036	-1.5585939666559645	-1.2216151620145246
ENSMUSG00000117599	-0.1249722075261345	-0.2775602373341815
ENSMUSG00000107153	-0.4122323447349353	-0.4484029035861634
ENSMUSG00000091059	-0.5174108295255504	-0.4990257143720834
ENSMUSG00000045767	-0.1065164307947005	0.4732545055692957
ENSMUSG00000109354	-0.5759351474304834	-0.4754304544017968
ENSMUSG00000014959	-0.0216846945901271	0.5454033682226247
ENSMUSG00000019359	-0.5233642103068058	-0.0650210607603172
ENSMUSG00000040659	-0.0433285789453963	0.4189186445139955
ENSMUSG00000104379	-0.1524312890074876	-0.0700797280988356
ENSMUSG00000036872	-0.3077920427046902	-0.2223390552228983
ENSMUSG00000095138	-0.5151632774881024	-0.5505614373945918
ENSMUSG00000039628	-0.1709857246107056	0.2762834540554986
ENSMUSG00000032661	-0.1551081126593951	-0.2973749363054134
ENSMUSG00000016756	-0.4059835589583527	-0.3955728351979315
ENSMUSG00000022464	-0.0120151012870834	0.2125929343385327
ENSMUSG00000110125	-0.2166640887331874	-0.2571625792150841
ENSMUSG00000053508	-0.0755174703241821	-0.1693220439032012
ENSMUSG00000085601	-0.238682857150052	-0.127652679707048
ENSMUSG00000054083	-0.0176240965091527	0.0403495213915274
ENSMUSG00000102685	-0.2266972510643121	-0.2826792365215541
ENSMUSG00000092295	-0.4521159842688145	-0.4289075350774545
ENSMUSG00000061751	-0.2889608438805986	-0.2449892589437534
ENSMUSG00000056486	-0.2155937016468089	0.4277791103229751
ENSMUSG00000101525	-1.6759810829100548	-1.6061265958506166
ENSMUSG00000119999	-0.2697923740406809	-0.1575019689897027
ENSMUSG00000093738	-0.3361431710944265	-0.3019812730677887
ENSMUSG00000033634	-0.3695766001636548	-0.228230462236606
ENSMUSG00000085687	-0.0120121545467009	0.0034213231989058
ENSMUSG00000018479	-0.5002332124177444	-2.0
ENSMUSG00000084257	-0.245557475418654	-0.2737484286098499
ENSMUSG00000120255	-0.2052167613216534	0.2299476607549807
ENSMUSG00000039519	-0.3863086750831166	0.4961031493668083
ENSMUSG00000020413	-0.0473971967031521	0.466138936175299
ENSMUSG00000083623	-0.2286156782957079	-0.3083006749616658
ENSMUSG00000058254	-0.5831332525600039	0.0098326691221184
ENSMUSG00000117819	-0.0308835371840223	0.3969894276625548
ENSMUSG00000073639	-0.0753707309204855	0.4411793305436752
ENSMUSG00000052512	-0.1977384285283135	-0.1414992558239296
ENSMUSG00000099479	-2.0	-2.0
ENSMUSG00000055109	-0.6987169278345001	-0.3411719435403157
ENSMUSG00000108741	-0.0249275407183563	0.1012256764257122
ENSMUSG00000109284	0.2709013986910275	-0.2357235653903034
ENSMUSG00000074955	-0.4975144044250617	-0.7086915464365793
ENSMUSG00000037148	-0.2195684755079625	0.4454142551930609
ENSMUSG00000113065	-0.1977593819350309	-0.1518524047779434
ENSMUSG00000108748	-0.1990319005996606	-0.0655187188776865
ENSMUSG00000025433	-0.5946617348892914	-0.8951306592829956
ENSMUSG00000024271	-0.0328398796244686	0.4292860916362603
ENSMUSG00000090812	-0.1827145993282245	0.3596492078208679
ENSMUSG00000022114	-0.0530671328652192	0.2205583696499137
ENSMUSG00000104052	-0.0013794230320229	0.0297271809939525
ENSMUSG00000043705	-0.3912827478029188	-0.46317323624461
ENSMUSG00000105449	-0.1238086105958704	-0.6210093918925027
ENSMUSG00000112426	-0.0253801846208058	-0.0762479778476575
ENSMUSG00000071262	-0.5004446825235515	-0.3823384403675416
ENSMUSG00000049926	-0.5629009869976689	-0.3990957260855686
ENSMUSG00000035576	-0.0963767012497697	-0.2822171939806305
ENSMUSG00000073131	-0.2685440412593217	0.4179764103876901
ENSMUSG00000098248	-0.4495436716041062	-0.6242058430249852
ENSMUSG00000034452	-0.0729091949039836	-0.2105714585650798
ENSMUSG00000038007	-0.1450231726314849	0.4503347267345386
ENSMUSG00000010392	-0.0384848427149891	0.4320208208837003
ENSMUSG00000098206	-0.5861676715204415	-0.5888356665739348
ENSMUSG00000100180	-0.3477718436452218	-0.6068289575618989
ENSMUSG00000050812	-0.2600228192061342	0.4390695106082199
ENSMUSG00000021365	-0.3580074254097979	-0.3466944606593601
ENSMUSG00000030417	-0.1121838248321211	0.3268124219267804
ENSMUSG00000033502	-0.1110186167109924	-0.5229573886545892
ENSMUSG00000051900	-0.3563331901705978	-0.4379852444300198
ENSMUSG00000040372	-0.4487967416113238	-0.4146085375245988
ENSMUSG00000055541	-0.2063469075787686	-0.0495890894808601
ENSMUSG00000110140	-0.3102009579298925	-0.5713100529285354
ENSMUSG00000044795	-0.6732611696939662	0.2542250758739192
ENSMUSG00000045409	-0.1761620548262435	0.4806716810784223
ENSMUSG00000028409	-0.0645844394434768	0.4430917399481557
ENSMUSG00000042514	-0.4320326234156266	-0.4076655479218176
ENSMUSG00000006476	-0.0864215778419911	0.2240376274388398
ENSMUSG00000007907	-0.5710392119399339	-0.3638636934695148
ENSMUSG00000020654	-0.150355204702492	0.3284982536090852
ENSMUSG00000113573	-0.4253273767362978	-0.679053935897297
ENSMUSG00000101136	-0.2991276155641942	-2.0
ENSMUSG00000071669	-0.1747543888960534	-2.0
ENSMUSG00000120519	-0.2025785785652111	-0.2335945895006179
ENSMUSG00000091412	-0.1887965820670171	0.4460525870323893
ENSMUSG00000047963	-0.2588059984213336	0.0882832630003286
ENSMUSG00000034122	-0.5386116365139254	-0.9814551930260788
ENSMUSG00000036815	-0.548586327585679	-0.4463043426905447
ENSMUSG00000062712	-0.3928964149226208	-0.3495075281801686
ENSMUSG00000113035	-0.3141549384663654	-0.0359178962480386
ENSMUSG00000086361	-0.0706455590300652	-0.0712946183987663
ENSMUSG00000045410	-0.1303809919013704	0.4226617239183367
ENSMUSG00000022622	-0.0161534195517388	-0.1380020316241331
ENSMUSG00000009356	-0.3202927184133383	-0.2502224825032715
ENSMUSG00000109451	-0.5885173372490916	-2.0
ENSMUSG00000020229	-0.2514184943701936	-0.2106415822274471
ENSMUSG00000015579	-0.105549681306093	-0.2392032496972834
ENSMUSG00000019795	-0.0428867584171734	0.3666616135100475
ENSMUSG00000040167	-0.0510579868284997	0.5003879847748779
ENSMUSG00000104149	-0.7046657442876563	-0.4650575095810026
ENSMUSG00000085527	-0.2911175142862656	0.5544503927968303
ENSMUSG00000039704	-0.0244822602380293	0.495449143083995
ENSMUSG00000034708	-0.1439798473440153	0.3813631265422287
ENSMUSG00000100016	-0.5073637168315157	-0.3652823926923577
ENSMUSG00000121353	-0.4813126401672628	-0.8464993432510829
ENSMUSG00000055323	-0.0608285218508406	0.097869195474255
ENSMUSG00000029541	0.0138226711042087	-0.2171263761168471
ENSMUSG00000049538	-0.4449304726557153	-0.4551932908884006
ENSMUSG00000053420	-0.3082957287745689	-0.2622531663015975
ENSMUSG00000010755	-0.0097141696773926	0.2754629279658629
ENSMUSG00000113768	-0.2378317882610871	-0.3565212666265971
ENSMUSG00000049691	-0.2503703392316241	-0.2105177202714791
ENSMUSG00000062075	-0.1045913781290265	0.3976793537786056
ENSMUSG00000048865	-0.1206818094550383	0.0537157351928514
ENSMUSG00000008682	0.0678191178538967	0.3187426413140312
ENSMUSG00000108790	-0.2946000676790998	-0.0674074294161593
ENSMUSG00000028860	-0.0530234592027044	-0.0064791233960297
ENSMUSG00000029015	-0.2968171660655752	-0.4106676021907932
ENSMUSG00000041225	-0.0401670998898459	0.5171188005364356
ENSMUSG00000057346	-0.1247719995387179	-0.0948710171791922
ENSMUSG00000102374	-0.0824547913395591	-0.110083099984517
ENSMUSG00000109748	-0.5513939657866601	-0.6046690979811651
ENSMUSG00000112936	-0.2765313567921444	-0.2357041354480592
ENSMUSG00000117110	-0.3280623985712095	-0.4988056753920751
ENSMUSG00000000743	-0.0416056632705343	0.3464977151558288
ENSMUSG00000026749	-0.008792625962346	0.3318777572389753
ENSMUSG00000121883	-0.3291960475176177	0.3641568561225305
ENSMUSG00000033088	-0.0191633101472239	0.2172591583969412
ENSMUSG00000049709	-0.4535446977207578	-0.3928177779351179
ENSMUSG00000115279	-0.2248065000423686	-0.324176581997537
ENSMUSG00000100532	-2.0	-2.0
ENSMUSG00000106023	-0.4194100504147836	-0.8371611845696532
ENSMUSG00000009647	-0.1643585033866006	0.5015004565953202
ENSMUSG00000029044	-0.4216618065463917	-0.364181231757229
ENSMUSG00000067010	-0.4584307399493701	-0.6591043743616689
ENSMUSG00000103728	-0.6396255684595636	-0.5230608976270275
ENSMUSG00000017707	-0.0641386917254436	0.519690467284867
ENSMUSG00000120302	-0.068561861171298	-0.1648487956622478
ENSMUSG00000103803	-0.6433754970547776	-0.3113541367174954
ENSMUSG00000031553	-0.3805850347541574	-0.3944191836122923
ENSMUSG00000025792	-0.2878230612618582	0.2791945288089822
ENSMUSG00000112060	-0.583242565046638	-0.2275013836568381
ENSMUSG00000074909	-0.2345357532337129	0.4232091622101219
ENSMUSG00000021569	-0.0371126616186825	0.4875371208498336
ENSMUSG00000103614	-0.2867781809848276	-0.2536579195161408
ENSMUSG00000107123	-0.3635325651157787	-0.7110768217505461
ENSMUSG00000100485	-2.0	-2.0
ENSMUSG00000014554	-0.0500645888357726	0.4726210219110203
ENSMUSG00000020571	-0.0234403078621029	0.355946643839303
ENSMUSG00000083111	-0.1047142838004685	-0.0248387791883847
ENSMUSG00000028678	-0.0446836027393166	0.3934028550636096
ENSMUSG00000118160	-0.0175434170612742	0.0484677516762831
ENSMUSG00000019261	-0.0121175352658769	0.3807570239339027
ENSMUSG00000111771	-0.2002975514346919	-0.3863207255497057
ENSMUSG00000038059	-0.1523382702719355	0.4505173024379571
ENSMUSG00000084803	-0.1003417592961336	0.1433858229076381
ENSMUSG00000026208	0.0576668644949459	0.0407011328488952
ENSMUSG00000112662	-2.0	-2.0
ENSMUSG00000113769	-0.1812585393293354	0.2684754700337799
ENSMUSG00000113841	-0.1045101601058772	-0.0696384017387487
ENSMUSG00000000782	-0.031944645003869	0.3174239505335122
ENSMUSG00000078657	-0.2763143523559483	-0.3193846879961079
ENSMUSG00000018846	-0.062327374260806	0.5220149436734137
ENSMUSG00000112307	-0.2977933552532277	-0.3332310809773216
ENSMUSG00000120118	0.1238046170639457	0.3588831633835326
ENSMUSG00000058248	-0.342447001994192	-0.2250756455092065
ENSMUSG00000101424	-2.0	-2.0
ENSMUSG00000102907	-0.2805051374688789	-0.6088957981313661
ENSMUSG00000114753	-2.0	-2.0
ENSMUSG00000103082	-0.3699168291476765	-0.5134192656637981
ENSMUSG00000111090	-0.4609859118404751	0.5529073163747786
ENSMUSG00000027870	-0.4401103642263325	-0.3687580015488588
ENSMUSG00000031391	-0.4478478911615886	-0.1623185266624678
ENSMUSG00000068859	-0.2274540146228381	-0.075918259445427
ENSMUSG00000121306	-0.0782466431151894	-0.1829964697058402
ENSMUSG00000059540	-0.015320687687442	0.3296735840814686
ENSMUSG00000046364	-0.0447252903159561	0.2026414102107721
ENSMUSG00000111190	-0.5852017414022709	-0.6557543500149876
ENSMUSG00000079494	-0.2526470861276408	-0.1806545692347111
ENSMUSG00000113786	-0.0120210841245179	-0.0168714297569075
ENSMUSG00000117310	-0.0190446803225821	0.4604242186348966
ENSMUSG00000045983	-0.0178111097616171	0.3886396486867102
ENSMUSG00000036291	-0.2936612174670901	0.4683334445842878
ENSMUSG00000108469	-0.2395953109513504	-0.2647795164513243
ENSMUSG00000043639	-0.2059934993612341	0.1099742595666802
ENSMUSG00000044165	-0.241818244949233	-0.265315517706178
ENSMUSG00000026327	-0.4716340978345979	-0.7118259214779563
ENSMUSG00000019066	-0.1328031908117334	0.1833712146940961
ENSMUSG00000113585	-0.048814462283687	0.1947740084148853
ENSMUSG00000092330	-0.9781610688842404	-0.5760169758305271
ENSMUSG00000057069	-0.3156367573838763	0.5092525372675327
ENSMUSG00000046167	-0.3336087695620373	-0.0937558139133374
ENSMUSG00000062175	-0.0113615932262044	0.3170076359947513
ENSMUSG00000031432	-0.08264859517477	0.425114395273588
ENSMUSG00000030888	-0.1039362105345614	0.0986783295764397
ENSMUSG00000028743	-0.1759116719940108	0.4578271146718979
ENSMUSG00000057135	-0.3272875422417788	-0.3300350443929531
ENSMUSG00000001027	-0.2490260873982601	-0.2505432065442405
ENSMUSG00000085782	-0.0335846305839571	-0.0333175435198013
ENSMUSG00000054626	-0.8492749900790403	-0.9206240888938126
ENSMUSG00000097245	-2.0	-2.0
ENSMUSG00000028244	-0.6138971632048242	-0.5998246554038238
ENSMUSG00000026490	-0.1514820525594014	0.5209261172077978
ENSMUSG00000121862	-0.2089713299357694	0.3977276736303704
ENSMUSG00000011837	-0.1394246040685351	0.1036604143320936
ENSMUSG00000113252	-0.1893629564092439	0.2407144983372508
ENSMUSG00000121895	-0.0524585511508515	0.4358408635954646
ENSMUSG00000063971	-0.2205857775267044	-0.0879896671154391
ENSMUSG00000112106	-0.3883389205500661	-0.3316505804914079
ENSMUSG00000043827	0.1796045237221498	-0.3385492827150773
ENSMUSG00000020919	-0.1526556522209661	0.404717775295297
ENSMUSG00000026394	-0.5760856633866634	-0.3670178223855392
ENSMUSG00000027831	-0.3584965409061514	-0.555989261603281
ENSMUSG00000102962	-0.1766188998111745	-0.3791240483663046
ENSMUSG00000059920	-0.0585593323230624	0.4953103382571182
ENSMUSG00000028712	-0.3762713063831955	-0.4800698343939624
ENSMUSG00000006517	-0.1285005037891855	0.3232978998350169
ENSMUSG00000031865	-0.0242085883254686	0.2638655804921828
ENSMUSG00000038323	-0.1959893069923988	0.5151107750699877
ENSMUSG00000026926	-0.1148717102188441	0.3101033756689115
ENSMUSG00000114311	-0.4059134421612932	-0.4447986482950645
ENSMUSG00000100650	-0.4241030785812264	-0.2974881271256413
ENSMUSG00000112831	-0.4288282555379814	-0.5163086274523764
ENSMUSG00000021809	-0.1019841967480559	0.4484880359442851
ENSMUSG00000071332	-0.36173363823063	0.5377493505913282
ENSMUSG00000044217	-0.1780718953780423	0.2515594320395456
ENSMUSG00000102189	-0.1283360122533774	0.2876509543254852
ENSMUSG00000022586	-0.1342379134082002	-0.2179123915577706
ENSMUSG00000049670	-0.1151163139515579	0.0881945106734125
ENSMUSG00000072962	0.1278717201032498	0.0936653820661168
ENSMUSG00000079056	-0.1953528014306114	0.1896701142546119
ENSMUSG00000060121	-0.1006899019583022	0.3387759212190223
ENSMUSG00000109382	-0.5672612508677003	-0.49900124182099
ENSMUSG00000042453	-0.3915242448026438	0.1503119737485793
ENSMUSG00000109720	-0.4103443446776205	-0.3227612587768879
ENSMUSG00000014164	-0.2144025511876461	0.2678630442107762
ENSMUSG00000025527	-0.4681594917722504	-0.9166585863706216
ENSMUSG00000092256	-0.6593948889229538	-1.214200811095412
ENSMUSG00000028631	-0.3152542503724667	-0.0588197313342253
ENSMUSG00000085134	-0.1416660420506325	0.1632333736019755
ENSMUSG00000015126	-0.2091492841661579	0.2333804559704656
ENSMUSG00000043311	-0.3374162986626728	0.1661154842529674
ENSMUSG00000099490	-0.4130366421531105	-0.3380619454035065
ENSMUSG00000099894	-2.0	-2.0
ENSMUSG00000107197	-0.2620808005208028	0.4132779649694365
ENSMUSG00000107134	-0.4487781885592175	-0.403027484417773
ENSMUSG00000056458	-0.010245660021315	0.130201851619518
ENSMUSG00000110557	-0.3209907905793411	-0.1793603935596263
ENSMUSG00000117628	-0.0069917493536242	0.0015155591447389
ENSMUSG00000025461	-0.2417729258696905	-0.4391521321816635
ENSMUSG00000030545	-0.0804631582896003	0.403375186815228
ENSMUSG00000085868	-0.1989315052987151	-0.3459202270164772
ENSMUSG00000032324	-0.0687627906830724	0.4745845295220652
ENSMUSG00000022555	-0.0337132136551581	0.4611039710044298
ENSMUSG00000121591	-2.0	-2.0
ENSMUSG00000036832	-0.3834032996759339	-0.1589127059400447
ENSMUSG00000117821	-0.4913181362821125	-1.049452118360999
ENSMUSG00000046699	-0.7547773205469069	-0.4977269589719373
ENSMUSG00000027198	-0.1062984775995582	0.3428279647785441
ENSMUSG00000015668	-0.448040371124292	0.3673708321685554
ENSMUSG00000025776	-0.5544428711956196	-0.0421586304992924
ENSMUSG00000086427	-0.3179396238236129	-0.1328899946068637
ENSMUSG00000002660	-0.229307160687631	0.4351618220135425
ENSMUSG00000063568	-0.2673984719314632	-0.0971916356967695
ENSMUSG00000032077	-0.0918347610080088	0.442421441123471
ENSMUSG00000031465	-0.0055997805047047	-0.0517823150075946
ENSMUSG00000118225	-0.074353084114318	-0.3253515595469924
ENSMUSG00000005621	-0.0282583697405742	0.4191051520247408
ENSMUSG00000062961	0.1113687213031501	-0.1502478978911655
ENSMUSG00000005640	-0.1747655593991257	-0.1501599849996883
ENSMUSG00000017861	-0.0141583825817669	0.2284188389260625
ENSMUSG00000113945	-2.0	-2.0
ENSMUSG00000073295	-0.6095142493364261	0.1604625283894828
ENSMUSG00000056509	-0.2180583135029795	-0.3715882011153237
ENSMUSG00000034324	-0.3336213155293645	0.2204453985938753
ENSMUSG00000087028	-0.3281674199101389	-0.349433726112357
ENSMUSG00000117534	-0.2009173463678841	-0.5504919494627383
ENSMUSG00000008958	-0.0974136522279203	0.2837886316102833
ENSMUSG00000049872	-0.2062241385829216	0.2892557467456142
ENSMUSG00000115961	-0.1203742259877539	-0.0488959164896359
ENSMUSG00000095390	-0.4945988007098625	-0.4044656412979904
ENSMUSG00000081073	-0.4197106306457231	-0.4903421240784205
ENSMUSG00000036446	-0.5153141661273527	-0.5385219128508394
ENSMUSG00000086379	-0.3113780289318466	-0.4759761674173449
ENSMUSG00000030214	-0.3586669093643523	-0.104528943876676
ENSMUSG00000114734	-0.2839039610900345	-0.48158925022088
ENSMUSG00000056770	-0.053637747424154	0.426265254152722
ENSMUSG00000021216	-0.4184995381392055	-0.4783587925127419
ENSMUSG00000032412	-0.0397462812366476	0.4982876665566947
ENSMUSG00000111156	-0.2673367395349983	-0.5611236339939226
ENSMUSG00000115363	-0.1344417054682968	-0.273974421170077
ENSMUSG00000044676	0.012687177451187	0.3999345658721644
ENSMUSG00000112819	-0.1351213481413884	-0.5155264775947492
ENSMUSG00000079396	-0.0470862425777796	0.3860653464435027
ENSMUSG00000039546	-0.171675812657724	0.1651614965179639
ENSMUSG00000118544	-0.0319955993145969	0.1563967278064703
ENSMUSG00000028717	-0.1559589530498715	-0.0490942698506393
ENSMUSG00000026158	-0.2344367911895293	0.4208409386158303
ENSMUSG00000034024	-0.0584889648893321	0.3667179904438457
ENSMUSG00000116750	-0.5923104784029679	-0.6889312967085033
ENSMUSG00000032523	-0.3307245979325562	-0.1795066560691268
ENSMUSG00000104983	-0.0891484768784434	-0.0336600863988469
ENSMUSG00000026674	-0.3873710339544977	-0.2391827594962254
ENSMUSG00000121803	-0.4931465894224529	-0.0567620805179517
ENSMUSG00000052504	-0.6262202020363631	-0.4857626064994693
ENSMUSG00000042797	-0.066659830279397	0.4183768718738986
ENSMUSG00000110649	-2.0	-2.0
ENSMUSG00000026131	-0.0121669301158544	0.2639081569912107
ENSMUSG00000024613	-0.0129148808952069	0.3346161790789797
ENSMUSG00000000958	-0.0194376352165975	0.1461669963498333
ENSMUSG00000102739	-2.0	-2.0
ENSMUSG00000028693	-0.0308453020529634	0.3907634739100311
ENSMUSG00000020134	-0.0853029921072354	0.5580669726096702
ENSMUSG00000064105	-0.0181478823478046	0.5196642168220457
ENSMUSG00000094624	-2.0	-2.0
ENSMUSG00000031070	-0.1054283106063908	-0.4652914959216616
ENSMUSG00000101888	0.0172526861288093	0.0711707280076738
ENSMUSG00000019842	-0.0082691952741582	0.3522168742714162
ENSMUSG00000071772	-0.6145371566237667	-0.4182298279626122
ENSMUSG00000115249	0.014879166608569	0.3237906626275235
ENSMUSG00000028676	-0.1143991924196638	0.4312775401030199
ENSMUSG00000033152	-0.1431309982572318	0.0101718548059617
ENSMUSG00000095334	0.0097384038450383	-0.0415063548984734
ENSMUSG00000038963	-0.0284330488269553	0.4416615216747611
ENSMUSG00000110849	-0.4713890581321904	-0.7438576543911283
ENSMUSG00000031144	-0.0931399194665613	0.2452870722104133
ENSMUSG00000025484	-0.0588044152727414	0.2939315165041191
ENSMUSG00000073119	-0.1620643912266213	-0.2696347826461502
ENSMUSG00000022871	-0.2191287576339226	-0.1426421704628289
ENSMUSG00000000094	-0.2879064839687812	-0.1677519978079856
ENSMUSG00000045540	-0.5333983738171061	-0.8289525120549477
ENSMUSG00000026272	-0.2911883257026714	-0.3029260892211876
ENSMUSG00000023067	0.0882466867624194	-0.3909999243113312
ENSMUSG00000032567	-0.0368495424259688	0.392154009653311
ENSMUSG00000033852	-0.082170807015367	0.4652537337600123
ENSMUSG00000108605	-0.5918344479221548	-0.3863616996373543
ENSMUSG00000037353	-2.0	-2.0
ENSMUSG00000112087	-0.5365951576417468	-0.4945086918114252
ENSMUSG00000040841	-0.1969846416728959	0.3403342383195457
ENSMUSG00000040710	-0.5930540885723868	0.014484752090234
ENSMUSG00000066515	-0.1764509169107335	-0.3658710305582066
ENSMUSG00000112295	-0.4760016114467106	-1.3234874603426898
ENSMUSG00000106136	-0.2030693585120594	-0.3289169886745057
ENSMUSG00000061195	-0.5507570939127623	-0.7927281895902314
ENSMUSG00000096230	-0.6055256944215597	-0.7868708646874198
ENSMUSG00000120584	-0.2132765382358316	0.4495003062072744
ENSMUSG00000056598	-0.0268699287320133	0.3489742899088546
ENSMUSG00000103105	-0.3933697393877547	-0.421732907161375
ENSMUSG00000121540	-2.0	-2.0
ENSMUSG00000020268	-0.0807009445808917	0.4124417303948609
ENSMUSG00000009995	-0.1256789415969242	0.3675813973872671
ENSMUSG00000002329	-0.323777329408605	0.2240268418115837
ENSMUSG00000031402	-0.1811632238393075	0.3799722054020412
ENSMUSG00000047619	-0.4266338856526746	-0.5577118017511289
ENSMUSG00000113505	-0.33319271097167	-0.1158489113926305
ENSMUSG00000116371	-0.2411958623174899	0.4272380554712123
ENSMUSG00000083327	0.1261543394840652	0.1293694657323189
ENSMUSG00000047098	-0.2231643362693366	0.4417306316775751
ENSMUSG00000037568	-0.0830319406346428	0.4189347333226749
ENSMUSG00000050368	-0.4190955426586082	-0.2293152607470959
ENSMUSG00000115460	-0.3518305348201866	-0.241831432325512
ENSMUSG00000112810	-0.5729671178815965	-0.4893241849832661
ENSMUSG00000038663	-0.1893651057155884	-0.243682998637897
ENSMUSG00000106978	-0.4860596216382038	0.3922751135692719
ENSMUSG00000120353	-0.3081275919221602	0.4496468388364361
ENSMUSG00000062186	-0.5932700317744775	-0.7181438447863321
ENSMUSG00000035151	-0.044687549890309	0.4580519494985367
ENSMUSG00000039452	0.1802675571194832	-0.0975239963420337
ENSMUSG00000034488	-0.5409958364922308	-0.0685263648091323
ENSMUSG00000097736	-0.4804610197252807	0.0082235347852766
ENSMUSG00000103832	-0.143936893599436	-0.4822070870681037
ENSMUSG00000104822	-0.2635148947504587	-0.117661742034718
ENSMUSG00000004359	-0.3367963956233109	-0.3402733343232459
ENSMUSG00000073755	-0.3386648277254528	0.4266774651233023
ENSMUSG00000087577	-0.4164106500723353	0.1181341204197863
ENSMUSG00000096003	-0.0313237633731135	0.3768480327757561
ENSMUSG00000027840	-0.0436692198570494	-0.0097661346047995
ENSMUSG00000031684	-0.010928129543346	0.2217818631157505
ENSMUSG00000034707	-0.0216345705252157	0.4233903962018096
ENSMUSG00000035387	-1.1709021637418118	-0.8989193782599971
ENSMUSG00000121640	-0.3182234627971465	-0.2677769353640788
ENSMUSG00000045340	-0.4861304353544031	-0.652102045272927
ENSMUSG00000091483	-0.8986400466750945	-0.2215050691737488
ENSMUSG00000084998	-0.0547011281583937	0.2989311987418891
ENSMUSG00000052142	-0.1722006523660354	-0.5154342545020032
ENSMUSG00000018868	-0.1718854401767785	-0.1832187866818942
ENSMUSG00000050100	-0.1997056024147616	-0.438988586669443
ENSMUSG00000102747	-1.1462361015892923	-0.7316397447095673
ENSMUSG00000035420	-0.4257457358869467	-0.3244912977871914
ENSMUSG00000085248	-0.4526388709231334	-0.4161694075070538
ENSMUSG00000023087	-0.0559734778213508	0.3433479262104545
ENSMUSG00000030983	-0.0856415026643066	0.4796964984202267
ENSMUSG00000085324	-0.6069990766736346	-0.3276850121492927
ENSMUSG00000030036	0.1336219273210814	-0.0235979271273796
ENSMUSG00000021280	-0.8547412987016054	-0.2692527599113001
ENSMUSG00000086132	-0.3856816667153676	-0.3532540708597796
ENSMUSG00000003555	-0.0393523060987153	-0.1699717208944099
ENSMUSG00000074604	-0.2586835424141286	-0.394343565381807
ENSMUSG00000097057	-0.0621703904220861	-0.0631957192292299
ENSMUSG00000040151	-0.0255714897600746	0.4788365110628907
ENSMUSG00000102887	-0.2635048563450283	-0.1212493984836689
ENSMUSG00000039963	-0.0454847427802959	0.3491710685518591
ENSMUSG00000111284	-0.497303919251309	-0.3697674488462235
ENSMUSG00000054951	-0.3404056011417592	-0.1391928494586543
ENSMUSG00000031963	-0.4323291437881348	0.0418411192426227
ENSMUSG00000066516	-0.3106975354434354	-0.2958673359485287
ENSMUSG00000028042	-0.0252487054496034	0.1490977396500851
ENSMUSG00000021111	-0.0152706629550987	0.3891855828627365
ENSMUSG00000043226	-0.5814454993156775	-0.4224452435155846
ENSMUSG00000036768	-0.0191699369461108	0.4176467043540556
ENSMUSG00000121477	-0.0913929668750414	0.4495505956079819
ENSMUSG00000074882	-0.651328964941042	-0.7543451240283419
ENSMUSG00000033788	-0.2672661760072916	-0.1107600557580339
ENSMUSG00000111470	-0.399173112753822	-0.3091839420190845
ENSMUSG00000039178	-0.1595662999776485	0.4498648495678751
ENSMUSG00000097960	-0.1695088500341309	0.2618249697731973
ENSMUSG00000110390	-0.4679566116567784	-0.4170190175152495
ENSMUSG00000026536	-0.7044557258359467	-0.2709554681890603
ENSMUSG00000035258	-0.4496319611584199	-0.5669833720044177
ENSMUSG00000055322	-0.0540345747866868	0.1681302109534857
ENSMUSG00000020647	-0.1458119322467296	0.4657298509094856
ENSMUSG00000036964	-0.0564492965520287	0.5324509036443665
ENSMUSG00000028911	-0.0566301514267847	0.429019658254673
ENSMUSG00000098485	-0.8208689774028104	-1.052290887455801
ENSMUSG00000053436	-0.0178320146498049	0.4805326674136963
ENSMUSG00000001473	-0.115702973256886	0.4932287833859411
ENSMUSG00000084860	-0.1882391183421423	-0.1496076777212791
ENSMUSG00000023737	-0.3610595109561481	-0.3012911720239842
ENSMUSG00000037553	0.0082562617428125	0.2327700152401267
ENSMUSG00000004415	-0.2384618489176753	-0.1485347072801754
ENSMUSG00000054517	-0.1590933329045963	0.2283711994184833
ENSMUSG00000001786	-0.3468044722965672	-2.0
ENSMUSG00000056268	-0.1685685790057439	0.5551300132996944
ENSMUSG00000098072	-0.0634742944813963	-0.1361633106885188
ENSMUSG00000042869	-0.6049429705028277	-0.7053984361402481
ENSMUSG00000017716	-0.2211323206762214	0.4141293289174515
ENSMUSG00000061859	-0.3272484205029812	0.0157710504205143
ENSMUSG00000029706	-0.3839622570525894	-0.5663962374816789
ENSMUSG00000086784	-0.0689245174317701	0.3633757797984754
ENSMUSG00000014158	-0.0780146663293247	0.1591901799241761
ENSMUSG00000023034	-0.0301671414819	0.3155807743774863
ENSMUSG00000097980	-0.4522634354624064	-0.5342395360564921
ENSMUSG00000032900	-0.2679906804729389	0.2673510432628037
ENSMUSG00000099461	-2.0	-2.0
ENSMUSG00000096574	-0.0637714574304613	0.3761629026458954
ENSMUSG00000098190	-0.163150364188023	-0.3168902729039762
ENSMUSG00000062373	-0.0903726282397727	0.5524842406634826
ENSMUSG00000109351	0.1223875954966527	0.2691078808436379
ENSMUSG00000086451	-0.339894538197774	-0.6106648395980394
ENSMUSG00000087605	0.042396560424536	-0.1103782143576372
ENSMUSG00000095008	-0.720412440559236	-0.9927320026318938
ENSMUSG00000066224	-0.2654661072232959	-0.1189824514998614
ENSMUSG00000070337	-0.103104348467435	-0.2816444845415145
ENSMUSG00000095341	-0.176945008602731	-0.2170496281113114
ENSMUSG00000019820	-0.1439393134157824	0.5195216491029014
ENSMUSG00000114284	-0.5242483511885778	-0.5402032637035209
ENSMUSG00000084292	-0.1035080644685122	-0.0178590748521637
ENSMUSG00000026977	-0.0309098374476957	0.4156586581903704
ENSMUSG00000116600	-0.1611689108273919	-0.0822416544795078
ENSMUSG00000051359	-0.2048595379922933	0.2828880000256497
ENSMUSG00000117847	-0.5909549615119823	-0.5407197496431194
ENSMUSG00000061577	-0.2759682233153442	-0.1487067867853703
ENSMUSG00000105689	-0.2876805213587121	-0.4545112849542996
ENSMUSG00000038119	-0.2678654465554956	0.4943452519828842
ENSMUSG00000116068	-0.309846642468745	-0.3150390811495646
ENSMUSG00000084390	-0.4034207383004526	-0.5238342591070129
ENSMUSG00000103622	-0.2697595579902234	0.4544975903865493
ENSMUSG00000084771	-0.3822644984887711	0.4633054733860612
ENSMUSG00000111056	-0.347341806572201	-0.3896916727629427
ENSMUSG00000101360	-0.2921967299384636	-0.3730858806425737
ENSMUSG00000099395	-2.0	-2.0
ENSMUSG00000087303	-0.3446534995844705	-0.3866948791501843
ENSMUSG00000028575	-0.236560774828456	-0.6357202842159312
ENSMUSG00000037286	-0.0502625016372623	0.4773696001432891
ENSMUSG00000070305	-0.2119179304734334	0.4389316944333119
ENSMUSG00000072847	-0.002446745761652	0.1017415765130671
ENSMUSG00000022155	-0.3560775526047358	-0.4056308336414746
ENSMUSG00000030368	-0.3592199267792902	-0.3651749901452616
ENSMUSG00000028613	-0.0800479197143899	0.1009519724749112
ENSMUSG00000109843	-0.1319302211563159	-0.2966996780870728
ENSMUSG00000082170	-0.679342005131998	-0.638228359096094
ENSMUSG00000026032	-0.186634944819306	0.4440360474519092
ENSMUSG00000053964	-0.079595621631401	0.2557065825826247
ENSMUSG00000028487	-0.1446160599796337	0.4545360201796811
ENSMUSG00000103462	-2.0	-2.0
ENSMUSG00000034543	-0.0363608023267794	0.4409289080998877
ENSMUSG00000022999	-0.0728010271559697	0.460991904661516
ENSMUSG00000120824	-0.2378541674093318	-0.3164404004067274
ENSMUSG00000109320	-0.8255540658704021	-0.4455672958910417
ENSMUSG00000033227	0.0197117589966447	0.101679725592915
ENSMUSG00000029404	-0.0792217589264468	0.1999048514507034
ENSMUSG00000042842	-0.4207140241193515	-0.2341238082611128
ENSMUSG00000037884	-2.0	-2.0
ENSMUSG00000079419	-0.5575929852745698	-0.3914737524846902
ENSMUSG00000096664	-0.402778980232322	-0.2215280691824551
ENSMUSG00000109578	-0.5079640203171408	-0.3881862322459425
ENSMUSG00000107947	-0.5370248639463203	-0.4804121810527121
ENSMUSG00000015755	-0.0327962262042193	0.4873315723236415
ENSMUSG00000114558	-0.203460397861606	-0.2133950705014255
ENSMUSG00000115190	-0.6116856128822574	-0.434195376893139
ENSMUSG00000020399	-0.3746937238852835	-0.3419719954758599
ENSMUSG00000033102	-0.0823844341113106	0.4738056763381121
ENSMUSG00000118434	-0.3937411146026395	-0.5469264018483677
ENSMUSG00000037982	-0.3131436010203181	-0.2036255159769157
ENSMUSG00000111758	-0.2970104108797001	-0.247460654195469
ENSMUSG00000009621	-0.0694552086074649	0.3954354336075736
ENSMUSG00000074824	-0.0203562184561394	-0.4319562939668502
ENSMUSG00000048445	-0.0540392964224314	0.4123792251050646
ENSMUSG00000085101	-0.0261666677652352	0.1986713799553359
ENSMUSG00000004393	-0.1614528803563398	0.3339202064327993
ENSMUSG00000112213	-0.4532903133227102	-0.2988461476439548
ENSMUSG00000025917	-0.1221873265206711	0.3204404261869911
ENSMUSG00000100313	-0.0975557458522045	-0.0724179828181897
ENSMUSG00000108583	-0.2784262923411718	-0.2530088612102503
ENSMUSG00000113475	-0.2431572137246161	0.2147060171245969
ENSMUSG00000121379	-0.6919062879900505	-0.7365093201433117
ENSMUSG00000039662	-0.0199225090864142	0.4118307419986676
ENSMUSG00000037129	-0.2740611027042473	-0.3577442880829425
ENSMUSG00000070476	-0.2118087122953656	0.1024636867457603
ENSMUSG00000103051	-0.4644565171203605	-0.8723433502056426
ENSMUSG00000022056	-0.7825194775136731	-1.1645542240112026
ENSMUSG00000068115	-0.0810976493059038	0.5243132801585878
ENSMUSG00000115292	-0.4816477003878873	-0.800907078159703
ENSMUSG00000056612	-0.0062498682199209	0.0909854071409712
ENSMUSG00000078773	-0.0297578506543239	0.503040707710919
ENSMUSG00000103435	0.0042974654283334	0.0466996599082304
ENSMUSG00000028229	-0.243130606702795	0.3354039766227421
ENSMUSG00000029464	-0.0503025826485599	0.4730759841753497
ENSMUSG00000022696	-0.3845034075667668	-0.3731771459729899
ENSMUSG00000081146	-0.4848141573469676	-0.7236829847868912
ENSMUSG00000022131	-0.0935829564827359	0.2621405649819508
ENSMUSG00000096938	-0.2974245505676658	0.0451069515952534
ENSMUSG00000042988	-2.0	-2.0
ENSMUSG00000033834	-0.4076240237767909	-0.2294335388229146
ENSMUSG00000097140	-0.058964365455	0.1371629417449913
ENSMUSG00000066877	-0.1627000088690597	0.4613685491380789
ENSMUSG00000028840	0.0887532344808039	0.1740190816176318
ENSMUSG00000109590	-0.7636940543568892	-0.2142582789807799
ENSMUSG00000101951	-0.2220847804123648	-0.4027718219749677
ENSMUSG00000032977	-0.0425004619814666	0.4188201455004562
ENSMUSG00000098501	-0.4857479338461989	-0.3255225851342728
ENSMUSG00000035877	-0.3206271659695439	0.5318525050343659
ENSMUSG00000030237	-0.6087183018172355	-0.4668102712115098
ENSMUSG00000027569	0.1751330176472089	-0.4201706905804632
ENSMUSG00000075205	-0.4741645895816294	-0.4961358062303124
ENSMUSG00000021044	-0.1802604128100974	0.3938839251463896
ENSMUSG00000032021	-0.3243255715882878	-0.362895101764767
ENSMUSG00000038068	-0.2679670152560258	0.1685706061934123
ENSMUSG00000068227	-0.1756365736857963	-0.3217263333445482
ENSMUSG00000026933	-0.022964221553268	0.3690573295541351
ENSMUSG00000007041	-0.0757158540032514	0.0626239452002807
ENSMUSG00000022074	-0.1051255854049567	0.1563588559554394
ENSMUSG00000030188	-0.5132550726124264	-0.3449768799165344
ENSMUSG00000024056	-0.0349864555819825	0.4912358703045172
ENSMUSG00000057123	-0.4048749609195103	0.4653144298049023
ENSMUSG00000109021	-0.3301515039464401	-0.2867805345254591
ENSMUSG00000042055	-0.0916392821930621	0.4898929789424518
ENSMUSG00000112038	-0.3649244002377835	-0.5865228653630662
ENSMUSG00000033685	0.033994397243784	0.358555748820806
ENSMUSG00000027215	-0.3017416052724602	-0.007331804687681
ENSMUSG00000118540	-0.4371121434183021	-0.4416656837864989
ENSMUSG00000055095	-0.6085817884071811	-0.3970910983071978
ENSMUSG00000029484	-0.3470041084219233	0.042523772010149
ENSMUSG00000103810	-0.4198106419411861	-0.4587675063667167
ENSMUSG00000020444	-0.1354010010075659	0.4250024385942076
ENSMUSG00000113481	-2.0	-2.0
ENSMUSG00000090981	-0.0825325125718919	-0.1249676905389019
ENSMUSG00000021716	-0.0654262102487464	0.4976096024043563
ENSMUSG00000034732	-0.9633017667565263	-0.2652967976854029
ENSMUSG00000079550	-0.240226426915971	0.0611525162921914
ENSMUSG00000115215	-0.7294319288937059	-0.60656056348941
ENSMUSG00000050503	0.1134205480878972	-0.0758255776935263
ENSMUSG00000063576	-0.2815355142420008	0.2477695663832308
ENSMUSG00000086872	-0.1158303120426433	0.056126156991429
ENSMUSG00000110344	-0.3423894846207522	-0.5059654381772496
ENSMUSG00000114961	-0.2391988803821408	-0.1023698301773069
ENSMUSG00000093817	-2.0	-2.0
ENSMUSG00000031509	-0.0969038243557833	0.1256055179560531
ENSMUSG00000073001	-0.7808078256899467	-0.8337984911937419
ENSMUSG00000091511	-0.3044372510995435	-0.4526947831759115
ENSMUSG00000042638	-0.3927498405188331	-0.4046784349442561
ENSMUSG00000093557	-0.6070151363804857	-0.6957459858345413
ENSMUSG00000045545	-0.1977431532278261	-0.2279081193339501
ENSMUSG00000111285	-0.4474393367904252	-0.3783479173983076
ENSMUSG00000002459	-0.1784169114437447	-0.186959714289625
ENSMUSG00000104850	-0.4453633139597268	0.2386712378790092
ENSMUSG00000052415	0.1199193643627393	-0.5658224566163393
ENSMUSG00000071267	-0.1196426564977557	0.5376017675819603
ENSMUSG00000037234	-0.1303371342902833	0.5155562159526216
ENSMUSG00000069601	-0.2726377026585902	-0.073361469605912
ENSMUSG00000039699	-0.1514701109703128	0.0057360711137249
ENSMUSG00000115820	-0.3057372829529702	-0.2466452699743995
ENSMUSG00000044447	-0.4248923221439534	0.3641658690149265
ENSMUSG00000109044	-0.8183626366011789	-0.7632238415002449
ENSMUSG00000028295	-0.1311475731943712	0.4489436487564131
ENSMUSG00000001138	-0.0442162634190398	0.4564586524947978
ENSMUSG00000105020	-0.3869795701962576	-0.3098984114579143
ENSMUSG00000121017	0.0672548805052796	-0.0116144388143308
ENSMUSG00000074136	-0.0572959462660855	0.2932825399096272
ENSMUSG00000071714	-0.220376095669967	-0.1776837363830689
ENSMUSG00000046016	-2.0	-2.0
ENSMUSG00000073481	-0.0720681892978213	0.4967567257209788
ENSMUSG00000038187	-0.1560466543894433	0.5644617676314977
ENSMUSG00000079669	-0.3661475151429432	-0.1961763470318452
ENSMUSG00000021999	-0.5674546335275817	-0.422422958130549
ENSMUSG00000079423	-0.8378430177418877	-0.8484069607460862
ENSMUSG00000026389	-0.0847561799873386	-0.4212067860365169
ENSMUSG00000056257	-0.6538136935800549	0.4800279381431512
ENSMUSG00000121533	-2.0	-2.0
ENSMUSG00000075073	-0.6183826922547119	-0.4197464996282111
ENSMUSG00000092573	-2.0	-2.0
ENSMUSG00000027184	-0.0320079414415275	0.3780026767315933
ENSMUSG00000050654	-0.5133205781122377	-0.3914635049723706
ENSMUSG00000106110	-0.0865857764228518	-0.1473944938775214
ENSMUSG00000056921	-0.5197449185817019	-0.5756428047584436
ENSMUSG00000039197	-0.1332985355805085	0.44703392947485
ENSMUSG00000092175	-2.0	-2.0
ENSMUSG00000053211	-2.0	-2.0
ENSMUSG00000111558	-0.7102055419226317	-0.2757844441604672
ENSMUSG00000032511	-0.2443551527239455	-0.2014280732479553
ENSMUSG00000111203	-0.274470257552075	-0.0898904377453394
ENSMUSG00000018001	-0.1829064630377113	0.4996274317482515
ENSMUSG00000025439	-0.0559840503007773	0.4682480517554435
ENSMUSG00000103912	-0.3772761099924968	-0.2655661556940494
ENSMUSG00000029036	-0.0536612362711904	0.4105261976577378
ENSMUSG00000035007	-0.0770311562505348	0.4535504114896403
ENSMUSG00000109503	-0.6079705795529456	-0.300992995350314
ENSMUSG00000106651	-0.6200852654668811	-0.3498829475301269
ENSMUSG00000087662	-0.3237588408197068	-0.3372125240112054
ENSMUSG00000106237	0.0043064097149728	0.216152701645195
ENSMUSG00000026074	-0.0082990304306808	0.373519479773495
ENSMUSG00000114267	-0.089087050550542	-0.0413352231139846
ENSMUSG00000095683	-2.0	-2.0
ENSMUSG00000097768	-2.0	-2.0
ENSMUSG00000027936	-0.2533547492646155	0.435529356428973
ENSMUSG00000120120	-0.2639080090271058	-0.282771242659449
ENSMUSG00000078906	-0.0631010925466686	0.2901511202833184
ENSMUSG00000021009	-0.1254541735186855	0.1390329619864057
ENSMUSG00000097666	-0.2204626691626877	0.328702410950868
ENSMUSG00000112641	-0.3271615164198777	0.3978385456297202
ENSMUSG00000032358	-0.4119666321114792	-0.1054522276958086
ENSMUSG00000085579	-0.2900890796489987	-0.1694358372487943
ENSMUSG00000108015	-0.3082224258198865	-0.1260535815420122
ENSMUSG00000027706	-0.0556909816526417	0.5390625425684744
ENSMUSG00000031103	-0.2318281091452677	0.4230780235615637
ENSMUSG00000091736	-0.2840895385013902	0.1786537234532215
ENSMUSG00000033060	-0.254964109198235	0.4326778472138824
ENSMUSG00000034039	-0.5244949211342458	-0.3547163143158219
ENSMUSG00000059820	-0.0638577783806007	0.3513853874375952
ENSMUSG00000103952	-0.7578351897600023	-0.5584271122922737
ENSMUSG00000121424	-0.2162688870200129	-0.2430085393788164
ENSMUSG00000121498	-0.4528689701177834	-0.4968635929106798
ENSMUSG00000020868	-0.0990234295212202	0.4285555964653161
ENSMUSG00000112988	-0.3602261347596299	-0.4289947592896512
ENSMUSG00000030759	-0.0977010403459877	0.5493662491784103
ENSMUSG00000020459	-0.0984657245801283	0.4884223832624471
ENSMUSG00000095505	-0.4285343480255359	-1.1337741164557795
ENSMUSG00000114684	-0.1901199009751562	-0.2412430891019276
ENSMUSG00000056995	-0.5464675015987136	-0.8657406329774204
ENSMUSG00000027639	-0.0307622221898189	0.509635793876631
ENSMUSG00000084824	-0.471268955319135	-0.2475359045700036
ENSMUSG00000114193	-0.0154842079890679	0.0348657900408274
ENSMUSG00000049764	-0.044797218014162	0.2534693401582748
ENSMUSG00000086933	-0.0754729265742597	0.0019187243709476
ENSMUSG00000100446	-2.0	-2.0
ENSMUSG00000096337	-0.2272830597864112	-0.1208983834905031
ENSMUSG00000078795	-0.1770864115533118	-0.3793416685815052
ENSMUSG00000090120	-0.1961541053749202	-0.0888642397528527
ENSMUSG00000068856	-0.1975920567825106	0.32626579456343
ENSMUSG00000026985	-0.5084755462849572	-0.2194902868935246
ENSMUSG00000029346	-0.0734688512292087	0.2586257907665574
ENSMUSG00000022678	-0.0369208393581728	0.239925313169181
ENSMUSG00000114749	-0.7715339374095948	-0.4813318734732391
ENSMUSG00000117342	-0.3923380445595195	-0.5998645454662596
ENSMUSG00000006301	-0.031906503304032	0.1746975456125361
ENSMUSG00000085423	-0.0793161067352228	-0.0567758398726833
ENSMUSG00000091945	-2.0	-2.0
ENSMUSG00000078877	-2.0	-2.0
ENSMUSG00000110385	-0.4632315308907105	-0.3893894642767432
ENSMUSG00000045757	-0.0935263940232709	0.3876762950001818
ENSMUSG00000070392	0.2977998911810426	0.3713545867662846
ENSMUSG00000044469	-0.1716820032820837	0.4046592798718127
ENSMUSG00000046834	-0.027986384847394	-0.0705532803282626
ENSMUSG00000032565	-0.1602703735385607	0.423221454428478
ENSMUSG00000024397	-2.0	-2.0
ENSMUSG00000034932	-0.1999014069325524	0.2383994198509188
ENSMUSG00000022177	-0.1297411569134552	0.528929549036754
ENSMUSG00000105736	-0.2152308378244616	-0.3249205732669115
ENSMUSG00000106475	-0.3182587071875424	-0.7251049381938449
ENSMUSG00000114319	-0.3235789385215092	0.181527237798723
ENSMUSG00000046449	-0.3626666046084585	0.3517298439371946
ENSMUSG00000107528	-0.0867395369869577	0.1450900733321785
ENSMUSG00000058440	-0.0129136281677474	0.4729111300379564
ENSMUSG00000103409	0.0520788779623739	0.2454233321478095
ENSMUSG00000103383	-0.3445158046026932	-0.3081207406661062
ENSMUSG00000101023	-2.0	-2.0
ENSMUSG00000027669	-0.0593997521229156	0.3751172479741827
ENSMUSG00000118122	-0.3263368858649382	-0.3886956855928693
ENSMUSG00000067336	-0.1531673820491543	0.5397130151637901
ENSMUSG00000030327	-0.0646433022580761	0.4359386014831905
ENSMUSG00000031958	0.0341628744500258	0.2302112717398443
ENSMUSG00000102004	-0.4985115874546543	-0.58062262793108
ENSMUSG00000087370	-0.1504362548802488	0.545713999550525
ENSMUSG00000117725	-0.0913747427333602	0.3341291153604155
ENSMUSG00000055061	0.0786609392354176	0.0179518189069199
ENSMUSG00000060992	-0.0300403485168287	0.4625570104193993
ENSMUSG00000072479	-0.587173690433664	-0.5596590192278531
ENSMUSG00000024910	0.0487578921691941	0.1804556301634322
ENSMUSG00000064036	-0.421918511675549	-0.3489054366081623
ENSMUSG00000107473	-0.920018218899972	-0.7957432903939057
ENSMUSG00000049630	-0.3323186589361793	-0.4188947326525891
ENSMUSG00000106536	-0.3482662160332392	-0.2988015382673447
ENSMUSG00000014873	-0.2238179555625311	-0.2520699895242972
ENSMUSG00000024124	-0.3569175791600087	-0.6204885358764962
ENSMUSG00000108832	-0.0351924953707787	0.0796107679665271
ENSMUSG00000090069	-0.2404737206169756	0.3399397231602482
ENSMUSG00000086812	-0.640301237633483	-0.7320672097868083
ENSMUSG00000023984	-0.0194763325366862	0.3023179386252677
ENSMUSG00000042985	0.0794330638270299	-0.3355376075551572
ENSMUSG00000095258	-0.3625653112943069	-0.4613996262607486
ENSMUSG00000034265	-0.2899767845593308	0.4385113379454726
ENSMUSG00000094222	-0.1859365521911465	-0.5064591690732632
ENSMUSG00000036098	-0.0155207542391333	0.2293869235577556
ENSMUSG00000083331	-2.0	-2.0
ENSMUSG00000113216	-0.4174046680623702	-0.2609630615591557
ENSMUSG00000055360	-0.4768856704420178	-0.4114038423000589
ENSMUSG00000089957	-0.5640614621825409	-0.5077596791730759
ENSMUSG00000073804	-0.3008208897901503	-0.4050347575845174
ENSMUSG00000040093	-0.009613277763379	0.3436732259893038
ENSMUSG00000102633	-0.1223559521440758	-0.0994167065882076
ENSMUSG00000040731	-0.0290624387687131	0.406233852237922
ENSMUSG00000108173	-0.3784748020262919	-0.144836299579522
ENSMUSG00000106239	-0.0616733486228326	-0.2534768016140268
ENSMUSG00000027217	-0.2539921658369086	0.1457173091511437
ENSMUSG00000027513	-0.2446078603312615	-0.2438092147919786
ENSMUSG00000003948	-0.2551707010379749	0.4569972752196852
ENSMUSG00000099897	-2.0	-2.0
ENSMUSG00000078872	-2.6122486849961306	0.552963241486937
ENSMUSG00000121671	-0.0868172863236659	-0.373055428951499
ENSMUSG00000092369	-0.3011448383078631	0.1653505861422308
ENSMUSG00000074628	-0.0454637173433202	-0.1277251722971718
ENSMUSG00000121592	-2.0	-2.0
ENSMUSG00000019768	-0.3957460751789838	-0.4616447250085881
ENSMUSG00000110116	-0.3592892524888101	-0.1867430853109724
ENSMUSG00000024614	-0.1304466693334804	0.5154655739447551
ENSMUSG00000092309	-0.3842079214566301	-0.5462231708614043
ENSMUSG00000086767	-0.0031533673382198	-0.0928544571817937
ENSMUSG00000108820	-0.4847234304255973	-0.2773389349092648
ENSMUSG00000091962	-0.5031027177534138	-0.6200809195777222
ENSMUSG00000044496	-0.003024423473053	0.2025923826914268
ENSMUSG00000086557	-0.2689139858836567	0.4613523367263754
ENSMUSG00000095430	-2.0	-2.0
ENSMUSG00000105748	-0.0245933767052236	-0.1835532576982916
ENSMUSG00000054890	-0.4148877482789737	-0.4138843746614703
ENSMUSG00000020792	-0.0652847586290355	0.3399774438242108
ENSMUSG00000029462	-0.0980926857206952	0.4416005700915781
ENSMUSG00000096902	-2.0	-2.0
ENSMUSG00000105519	-0.0196202514178816	-0.0910541229479298
ENSMUSG00000105185	-0.5158012704819136	-0.4570711958820496
ENSMUSG00000085852	-0.2479693855236559	-0.3423726894559753
ENSMUSG00000110751	0.0727643475909199	-0.0086122904842218
ENSMUSG00000113659	-2.0	-2.0
ENSMUSG00000096488	-0.0654134868042215	0.4182631645581121
ENSMUSG00000113049	-0.363556036811669	-0.4064467911044717
ENSMUSG00000105594	0.2530118227108917	-0.028406805392538
ENSMUSG00000022420	0.0489472797706655	-0.2141996731942627
ENSMUSG00000086335	-0.3686822758522886	-0.4412707469845513
ENSMUSG00000044916	0.0164931420275213	0.1973720949976224
ENSMUSG00000028004	-0.5605385529950215	-0.3262986598144704
ENSMUSG00000085224	-0.12576236037955	-0.4028109083751597
ENSMUSG00000020412	-0.0167706671142497	0.4761902883583173
ENSMUSG00000069631	-0.0718351841992748	0.3688913144869762
ENSMUSG00000116227	0.0521874185455563	-0.1748980686781709
ENSMUSG00000089743	-0.3991570855699118	-0.3638934270990249
ENSMUSG00000049387	-0.4701171063920066	-0.4340129697739709
ENSMUSG00000085596	-0.2239731493301347	-0.0949585587052334
ENSMUSG00000107279	-0.3312630617708756	-0.1862433278211141
ENSMUSG00000006050	-0.0181847440197071	0.2092725998554256
ENSMUSG00000117563	-0.4163221562511753	-0.5821916307493277
ENSMUSG00000052125	-0.1131011170678656	0.4651799349850208
ENSMUSG00000043207	-0.0412575624240024	0.4156913444616813
ENSMUSG00000116040	-0.2955575911888947	-0.2470668007295857
ENSMUSG00000051242	-0.5449074342153767	-0.9253638948028672
ENSMUSG00000001240	-0.2238348249256399	0.081825056951151
ENSMUSG00000037815	-0.0089752531636237	0.4239385535709451
ENSMUSG00000080880	-0.2145367645188649	-0.1737414064702685
ENSMUSG00000114001	-0.4468089988710282	-0.3477439866214934
ENSMUSG00000022781	-0.0217176572830553	0.4439782406569527
ENSMUSG00000093968	-0.5793182822961486	-0.6621783189736538
ENSMUSG00000025237	-0.0892946126096045	0.4894409531688996
ENSMUSG00000111505	-0.0263799170290104	-0.3055736443811715
ENSMUSG00000087316	-0.5374256245078332	-0.5074178339548179
ENSMUSG00000112166	-0.2271328334359484	-0.311172239628894
ENSMUSG00000116544	-0.1022112053532442	0.4684270914616142
ENSMUSG00000028341	-0.3336289930911122	-0.2420729685523099
ENSMUSG00000031988	-0.0960227876715866	0.5200410213510543
ENSMUSG00000025875	-0.1444396579661536	0.3968438569712676
ENSMUSG00000114065	-2.0	-2.0
ENSMUSG00000049902	-0.1864996068873072	-0.2100140884031514
ENSMUSG00000049119	-0.0863820480115443	0.3459525347106472
ENSMUSG00000104485	-0.2320139036422467	-0.3578074193752586
ENSMUSG00000116088	-0.1510119005463175	0.1067516829693661
ENSMUSG00000042744	-0.02184012509949	0.5118323116734297
ENSMUSG00000097545	-0.0085019107233872	0.0928024443090127
ENSMUSG00000038725	-0.3706446401208271	-0.3867864044288301
ENSMUSG00000041078	-0.3828054237264101	-0.0658844015967123
ENSMUSG00000022412	-0.093424061628142	0.4023721349242114
ENSMUSG00000091585	-0.6766879898906304	-0.3211390731579946
ENSMUSG00000032532	-2.0	-2.0
ENSMUSG00000086155	-0.2957150958205171	-0.0574962904480655
ENSMUSG00000020257	-0.0537623805889137	0.3660264007954341
ENSMUSG00000031242	-0.7258530544367852	-0.1836078171767525
ENSMUSG00000022559	-0.2683123010691491	0.296477832940888
ENSMUSG00000014748	-0.096507933928334	0.4538599527602842
ENSMUSG00000010175	-0.4011985539670539	-0.2847841109905153
ENSMUSG00000032393	-0.0401873940534574	0.3870358389037565
ENSMUSG00000104869	-0.2882600707354815	-0.2415662459619058
ENSMUSG00000073045	-0.485909094399825	-0.5752696090813743
ENSMUSG00000086441	-0.6597170204540836	-0.478089010880019
ENSMUSG00000021738	-0.2520616089483523	0.4498543678222638
ENSMUSG00000101866	-2.0	-2.0
ENSMUSG00000023826	-0.3797425261816355	0.4843428394912514
ENSMUSG00000072511	-0.2017581565545394	-0.2588734664169375
ENSMUSG00000102900	-0.4220950127713362	-0.2152699765845202
ENSMUSG00000061937	-0.5966645819805373	-0.6606328418646977
ENSMUSG00000021116	-0.0289837847660651	0.4190991956139979
ENSMUSG00000007107	-0.2165864212215884	-0.281968400674186
ENSMUSG00000040694	-0.0441890487286126	0.2316087258797245
ENSMUSG00000116124	-0.2897609140398844	-0.1664279848500918
ENSMUSG00000099787	-0.511926310483863	-0.2732025762023631
ENSMUSG00000039191	-0.0077359610086568	0.317727879990186
ENSMUSG00000102338	-1.6570880265840529	-2.0
ENSMUSG00000022604	-0.0491540853317176	0.4633849703826251
ENSMUSG00000049109	-0.4241247584215404	-0.242102392688188
ENSMUSG00000039313	-0.4043032113076077	-0.0690560602396002
ENSMUSG00000046658	-0.0587493216995929	0.2766405404606907
ENSMUSG00000086930	-0.1719921633223407	-0.0451305325628496
ENSMUSG00000070501	-0.5674960219949751	-0.3861313393429299
ENSMUSG00000074282	-0.1467959728124806	0.5135278898526876
ENSMUSG00000006720	-0.0810269882052296	0.4741588401371159
ENSMUSG00000025742	-0.247750670190619	0.3740800814606018
ENSMUSG00000028156	0.0135062815425822	0.1309484229974516
ENSMUSG00000037661	-0.0641447327036583	0.4489720700784012
ENSMUSG00000034584	-0.3187755918616551	-0.045058356935257
ENSMUSG00000103412	-0.4102748607597558	-0.4285292221415466
ENSMUSG00000045150	-0.6136073470545474	-0.6870255181723739
ENSMUSG00000110151	-0.2762306655502372	-0.2584193788438501
ENSMUSG00000097403	-0.4026253890476637	0.4917075906873026
ENSMUSG00000023007	-0.0355476442938986	0.4822619979895899
ENSMUSG00000039031	-0.4538933303298169	-2.0
ENSMUSG00000102643	-2.0	-2.0
ENSMUSG00000057133	-0.0162469155945921	0.4723550166880008
ENSMUSG00000101794	-2.0	-2.0
ENSMUSG00000027253	-0.0899702492046345	0.3999231528834596
ENSMUSG00000044288	-0.4264013892056257	0.2920398009061946
ENSMUSG00000029778	-0.3669082309491869	-0.0550595858904597
ENSMUSG00000002820	-0.0336684399007667	0.4457072387014262
ENSMUSG00000018595	-0.1652069673756649	-0.1449051579758421
ENSMUSG00000024120	-0.0140840865056011	0.4548978864131753
ENSMUSG00000025243	-0.1944995496300372	-0.9781101082224428
ENSMUSG00000085227	-0.2890159272239336	0.3168724048242438
ENSMUSG00000030340	-0.2100679053017694	-0.1305141163189986
ENSMUSG00000090764	-0.186193450364673	-0.0817948266970347
ENSMUSG00000034648	-0.4326846711198873	0.0708928248911124
ENSMUSG00000055971	-0.5184223455394716	-0.4260683650634905
ENSMUSG00000004207	-0.03432492668753	0.463149724686594
ENSMUSG00000026492	-0.0570260589926427	0.4384097461124559
ENSMUSG00000042719	-0.0222983385656662	0.4049068907850652
ENSMUSG00000066372	-0.4776042849837327	-0.8665089943982084
ENSMUSG00000115307	-0.0272526441165051	-0.1753016915572732
ENSMUSG00000027680	-0.0216241629747595	0.4412063775936873
ENSMUSG00000109247	-2.0	-2.0
ENSMUSG00000062105	-0.6215039850223907	-0.5489296200903607
ENSMUSG00000005871	-0.0631117395303459	0.4770766648638686
ENSMUSG00000025069	-0.3027138015238885	0.4699480167072493
ENSMUSG00000103065	-0.5364993665581191	-0.637799229420583
ENSMUSG00000110678	-0.4558920023952108	-0.6991033532120631
ENSMUSG00000099890	-1.1385986099553829	-0.7037592218603717
ENSMUSG00000046623	-0.1132984957549033	0.1457389196820558
ENSMUSG00000116933	-0.0473887686640423	-0.0527595478432602
ENSMUSG00000031458	-0.187292079821469	0.4097512561274375
ENSMUSG00000047562	-0.3633544623009186	-0.3872621173733621
ENSMUSG00000108782	-0.5585222701964282	-0.6208671826393024
ENSMUSG00000095595	-2.0	-2.0
ENSMUSG00000042244	-0.3368712881797009	-0.4632358465197431
ENSMUSG00000107858	-0.7214430189457882	-0.6123988091258652
ENSMUSG00000014747	-0.0602663486912939	0.0998858640750347
ENSMUSG00000020332	-0.2663482880955339	-0.3284933881234022
ENSMUSG00000121321	-2.0	-2.0
ENSMUSG00000020077	-0.2503624551542052	-0.1739019923333721
ENSMUSG00000106447	-0.1055389381879689	0.2708962782407452
ENSMUSG00000103317	0.0793322095215363	-0.0845659713799835
ENSMUSG00000055333	-0.2600775133176435	-0.3559277116508054
ENSMUSG00000070421	-0.5394515065446353	-0.2055246407806809
ENSMUSG00000038056	-0.034862012718807	0.344774520377559
ENSMUSG00000110437	-0.1969484151451851	-0.5815929990195238
ENSMUSG00000025224	-0.0344218540425407	0.3792518396248327
ENSMUSG00000107421	-0.4962300110914135	-0.8834028810831757
ENSMUSG00000103067	-0.3799226881086683	0.0708666332367536
ENSMUSG00000111942	-1.4274666753736882	-0.6673119429944384
ENSMUSG00000044702	-0.0201631019733047	0.44617976779828
ENSMUSG00000040842	-0.0292193250019973	0.3779699373471807
ENSMUSG00000054690	-0.4320880587473556	-0.45296385378192
ENSMUSG00000018387	-0.0130556567900211	0.0834373274186415
ENSMUSG00000030838	-0.3055957635883287	-0.2558771684395729
ENSMUSG00000039599	-0.0436395423670427	0.4865186040621764
ENSMUSG00000115428	-0.026798507388012	0.2964989859879531
ENSMUSG00000092534	-0.0220814174054338	0.2503638819803465
ENSMUSG00000040148	-0.2107358177079928	-0.1320494588565134
ENSMUSG00000021579	0.1143847719807592	0.1062064730900299
ENSMUSG00000030084	-0.014355669831009	0.3745316944787493
ENSMUSG00000033538	-0.5601261493141335	-0.5059859062672635
ENSMUSG00000070637	-0.0485713569337831	-0.1490188318279307
ENSMUSG00000094091	0.0689476213764107	-0.0048229424973981
ENSMUSG00000027824	-0.5072937964301321	-0.4496755011198746
ENSMUSG00000114524	0.0190976714902719	-0.021650364915952
ENSMUSG00000107348	-0.8484592852717946	-0.7498186812474271
ENSMUSG00000035305	-0.3897357788345309	-0.2547936902210374
ENSMUSG00000097649	-0.2829296038768257	-0.2829864272094731
ENSMUSG00000074274	0.154416060178839	-0.2213488749273212
ENSMUSG00000099426	-2.0	-2.0
ENSMUSG00000029177	-0.0660892537680557	0.3966957984501216
ENSMUSG00000093556	-0.580967985119178	-0.6209698342484914
ENSMUSG00000021771	-0.0541069788430219	-2.0
ENSMUSG00000032607	-0.1475522136650084	0.3793348928348047
ENSMUSG00000042616	-0.0900723053015181	0.3115118598392365
ENSMUSG00000097908	-0.0415548114885489	0.3509949825252736
ENSMUSG00000090726	-0.4352111199621267	-0.4169058094769577
ENSMUSG00000054823	-0.0296168565801981	0.2571292409768909
ENSMUSG00000106841	-0.4236425224471092	-0.4740729809589897
ENSMUSG00000082479	-1.7407464278644804	-0.9216890829954992
ENSMUSG00000100281	-0.0463823588343477	0.0757962989206414
ENSMUSG00000095248	-1.0266026902210432	-0.694232638135908
ENSMUSG00000052469	-0.7311254239267466	-0.3259159587749893
ENSMUSG00000021958	-0.1621306237219343	0.3891513358280276
ENSMUSG00000020307	-0.1378766146424808	0.3513351071895256
ENSMUSG00000086224	-0.5535499180112347	-0.4368911909192242
ENSMUSG00000028138	-0.0890513291643411	0.4884917725351835
ENSMUSG00000058159	-0.0865933041209979	-0.0036718034796612
ENSMUSG00000098204	-0.352787651139415	-0.2976839117824367
ENSMUSG00000026761	-0.0735572244143044	0.5396418192236351
ENSMUSG00000046387	-2.0	-2.0
ENSMUSG00000102208	-2.0	-2.0
ENSMUSG00000104415	-0.1752602070497156	-0.0814280770636137
ENSMUSG00000042302	-0.1589142087671183	0.4961014864778889
ENSMUSG00000113516	-0.3354356779750251	-0.539669364430771
ENSMUSG00000042390	-0.0180692787161047	0.4338258167137749
ENSMUSG00000028536	-0.2288814575145561	-0.2838768911216938
ENSMUSG00000013997	-0.0195540100997866	0.2806266226298784
ENSMUSG00000052955	-0.3094842550967889	-0.2416163916528025
ENSMUSG00000107552	0.4624752654914438	0.0155662058118011
ENSMUSG00000100177	-0.3902810610825877	-0.4020688237984487
ENSMUSG00000063245	-2.0	-2.0
ENSMUSG00000062545	-0.1986108353178703	-0.3114411904076961
ENSMUSG00000090534	-0.2643963103155674	0.3073501075675515
ENSMUSG00000027386	-0.1989393328258478	-0.1220795095029703
ENSMUSG00000096468	-0.7154942806886968	-0.5815740741039065
ENSMUSG00000107583	-0.3568882007582691	-0.3810039789417875
ENSMUSG00000001065	-0.0478464443868957	0.3258242393929625
ENSMUSG00000033916	0.1397487785095043	0.157926772738411
ENSMUSG00000002565	-0.3791245037554744	-0.1514974416893553
ENSMUSG00000117033	-0.4639690909951879	-0.3053291968472863
ENSMUSG00000020166	-0.0183145546160543	0.5022806916276371
ENSMUSG00000091682	-0.5322859601996256	-0.5811393927053898
ENSMUSG00000100187	-2.0	-2.0
ENSMUSG00000108660	-0.139321280821916	-0.2620944589384334
ENSMUSG00000051687	-0.57941061100964	-0.4994702969731121
ENSMUSG00000109128	-0.4089984927504357	0.4179517259536483
ENSMUSG00000054141	-0.4257290678595646	-0.5173796381669792
ENSMUSG00000025351	-0.0548207454401692	0.407804434640048
ENSMUSG00000035963	-0.3183295661045116	-0.254648941293438
ENSMUSG00000097194	-0.3127972120577952	-0.0470375520828462
ENSMUSG00000033847	-0.241396611628835	0.120628477799245
ENSMUSG00000028101	-0.1130358699453021	0.3801833735882387
ENSMUSG00000092465	-0.9977917640311884	-2.0
ENSMUSG00000109186	-0.3583734174253512	0.4725768453077039
ENSMUSG00000092381	-0.0560871207573619	0.1346984580855789
ENSMUSG00000025217	-0.0601923119079156	0.5078755628625742
ENSMUSG00000084984	-0.059602265021705	-0.1252994086578768
ENSMUSG00000005980	-0.0225689791509347	0.0612934348537358
ENSMUSG00000007837	-0.156942595135681	0.4095821662546636
ENSMUSG00000035653	-0.5229129111234547	-0.2480714801345222
ENSMUSG00000070461	0.0858675887260344	0.1500317454228473
ENSMUSG00000028525	-0.4636564853723552	-0.1950383005771193
ENSMUSG00000071647	-0.1809947920097975	0.3520971949922389
ENSMUSG00000113900	-0.2157157228020807	0.5444396414059256
ENSMUSG00000102461	-0.0590038647122043	-0.0784050740798225
ENSMUSG00000061410	-0.0204679230256567	0.3359514921528713
ENSMUSG00000039959	-0.0557110268967369	0.4614332726616183
ENSMUSG00000028757	-0.1449091717179589	0.4529089316286914
ENSMUSG00000084898	-0.5741620100444776	-0.3210082522205909
ENSMUSG00000121442	-0.3833577322436801	-0.4871651740106946
ENSMUSG00000111766	-0.2194312587756059	-0.2222784504137517
ENSMUSG00000111006	-0.1833829161122348	-0.4269609828411041
ENSMUSG00000076612	-0.547850627567716	-0.3747524098963025
ENSMUSG00000116262	-0.2963681996634371	0.4055925556742229
ENSMUSG00000050555	-0.0587493216995929	0.38987066494297
ENSMUSG00000115517	-0.5795580478983043	-0.3548517763436055
ENSMUSG00000121356	-0.4294685013599976	-0.6255794225956494
ENSMUSG00000087002	-0.3620813913693064	-0.460196251998232
ENSMUSG00000040086	-0.449480094676332	-0.6547305910729828
ENSMUSG00000117836	-2.0	-2.0
ENSMUSG00000027281	-0.2264500686268354	0.508066763517458
ENSMUSG00000029559	-0.050606772756264	0.3599492563828658
ENSMUSG00000084960	-0.0600585388950365	0.0950102553997407
ENSMUSG00000117431	-0.3687904884685264	0.1426837354559475
ENSMUSG00000090966	-0.4090108999623063	-0.4135031865225764
ENSMUSG00000115324	-0.3007943245745529	0.4612331268931073
ENSMUSG00000073490	-0.5749665501061075	-0.3823793127969837
ENSMUSG00000120216	-0.2753467040768869	-0.4500078450250184
ENSMUSG00000024525	-0.0230925375554407	0.3311453691727368
ENSMUSG00000098950	-0.0298258529439031	0.4567612737953309
ENSMUSG00000021764	-0.0392489480082692	0.5100259595251009
ENSMUSG00000121276	-0.1361005655377442	-0.2278683386883785
ENSMUSG00000024073	-0.0201167012891039	0.4947872007829147
ENSMUSG00000107252	-0.1025017868511071	-0.055348874005616
ENSMUSG00000026064	-0.0151155869191374	0.4466753861668698
ENSMUSG00000085525	-2.0	-2.0
ENSMUSG00000042532	-0.249120106746922	-0.4333731095032038
ENSMUSG00000045973	-0.0347438156084503	0.4648884858436447
ENSMUSG00000097783	-0.2928462649554233	-0.4902409156409484
ENSMUSG00000038628	-0.163877504502372	0.3968236543117378
ENSMUSG00000078862	-2.0	-2.0
ENSMUSG00000049123	-0.2163419236308087	-0.2606853026034515
ENSMUSG00000105158	-0.7614516108241789	-0.7046429954495579
ENSMUSG00000117461	-0.2334165919422431	-0.0312657937221655
ENSMUSG00000105872	-0.1979089611035392	-0.2846818786011972
ENSMUSG00000020973	-0.0277267912443416	0.1510381028038218
ENSMUSG00000118092	-0.3166890413819426	-0.3781847989022572
ENSMUSG00000086003	-0.010701499801864	0.0588422768771688
ENSMUSG00000114071	-0.2948678861700022	0.0651090176227167
ENSMUSG00000114958	-0.3161697758363068	-0.5136349890653407
ENSMUSG00000020810	-0.2617025060541553	-0.2813506927075864
ENSMUSG00000100341	-0.5250466441063891	-0.2958076006526907
ENSMUSG00000078598	-0.7295597769899321	-0.4689571290728651
ENSMUSG00000086975	-0.3536949080576789	-0.4058223293581979
ENSMUSG00000078640	0.1205000290542722	0.1953556415265354
ENSMUSG00000025529	-0.7733222638244469	-0.1741549804119268
ENSMUSG00000090715	-2.0	-2.0
ENSMUSG00000000266	-0.7350243018804806	-0.4505996750404639
ENSMUSG00000005973	-0.0123500884454396	0.2591249317498511
ENSMUSG00000074340	-0.2387090425676944	-0.2632358179356043
ENSMUSG00000025010	-0.0871078292460126	0.518543944641939
ENSMUSG00000095774	-0.559375820426518	-0.7367754161782271
ENSMUSG00000019647	-0.4104457977561711	-0.2294036348471802
ENSMUSG00000039952	-0.016063909415288	0.4220245281662256
ENSMUSG00000086681	-0.2994369755276686	-0.3512301109119682
ENSMUSG00000115801	-0.3147074735423245	-0.5155577923575929
ENSMUSG00000024068	-0.0470692051236884	0.4813990535366271
ENSMUSG00000092278	-0.1254670440920514	-0.1154700501149944
ENSMUSG00000046000	-0.162010025050841	0.4404496829058933
ENSMUSG00000108539	-0.4528771021910536	-0.4200372138795865
ENSMUSG00000049354	-0.048793080656187	0.3985920030460237
ENSMUSG00000111449	-0.4226582759824889	-0.3839093354096274
ENSMUSG00000112758	-0.2668849455482647	-0.3104091630558886
ENSMUSG00000055775	-0.3944383325561557	-0.406086653418507
ENSMUSG00000113947	-0.4128154674487135	-0.3148706452114647
ENSMUSG00000020331	-0.0480959362898787	-0.1912572576020705
ENSMUSG00000113772	-0.3476691297229376	-0.4181163039018977
ENSMUSG00000041399	-0.5120693005304053	-0.2415038370567002
ENSMUSG00000037239	-0.1779127697202233	-0.1239296828797566
ENSMUSG00000032118	-0.212235413303339	0.2671031748906939
ENSMUSG00000117605	-0.3667238885642937	-0.4187860467854769
ENSMUSG00000092592	-0.2553500249005087	0.5524387214832396
ENSMUSG00000023805	-0.1057080900782479	0.0219472050529569
ENSMUSG00000111482	-0.1605205699248765	-0.0619879154094148
ENSMUSG00000120807	0.528989162305486	-0.334297836153405
ENSMUSG00000041673	-0.4058070720437008	-0.5392674911083273
ENSMUSG00000031485	-0.042254450225134	0.4043927009743771
ENSMUSG00000045693	-2.0	-2.0
ENSMUSG00000111748	-0.3414547970491093	-0.1621084189408389
ENSMUSG00000120936	-2.0	-2.0
ENSMUSG00000027718	-0.4144226470622334	-0.3591904915299032
ENSMUSG00000031558	-0.4970304873233863	0.3811085797874533
ENSMUSG00000111971	-0.102280342384312	0.0857479701900876
ENSMUSG00000103077	-2.0	-2.0
ENSMUSG00000095403	-0.0192442911147712	-0.1537170852640835
ENSMUSG00000025858	-0.0633111675918487	0.3980265115174353
ENSMUSG00000111265	-0.8677742610696096	-0.5167308742951192
ENSMUSG00000055305	-0.2136741394133953	0.2339971348150326
ENSMUSG00000110123	-0.1165858140603456	-0.3916988736639076
ENSMUSG00000107106	-0.2773443632849426	-0.326007029962486
ENSMUSG00000084776	-0.1455531845679784	-0.3210941155033843
ENSMUSG00000109719	-0.08566340231082	-0.2630977794451608
ENSMUSG00000040428	-0.0709479781438793	0.334149236155379
ENSMUSG00000000184	-0.1417695635515372	0.0880821264746279
ENSMUSG00000116848	-0.4253359342516417	-0.3434378397446815
ENSMUSG00000108953	-0.5493223528828675	-0.5110453519278284
ENSMUSG00000085329	-0.2171494318048719	-0.2074858987396724
ENSMUSG00000030752	-0.0839508445712301	0.4715325603225589
ENSMUSG00000028232	-0.2130946151116243	0.4304424049122066
ENSMUSG00000091183	-0.1185011062771808	0.4092529285316765
ENSMUSG00000038540	-0.2854722538142196	-0.3582261512855733
ENSMUSG00000085865	-0.3469525494917869	-0.4682774354714203
ENSMUSG00000104443	-0.0922025682848707	0.0332638413398311
ENSMUSG00000059114	-0.1753214598639811	-0.1365844606181429
ENSMUSG00000027445	-0.4364498601536345	-0.457054380943567
ENSMUSG00000030842	-0.0308641394285555	0.4219926438244975
ENSMUSG00000023755	-0.3721480876245114	0.4289675811821095
ENSMUSG00000050295	-0.1290316447386079	-0.1387927175394171
ENSMUSG00000072694	-0.0004064291749458	0.1433152655666421
ENSMUSG00000018076	-0.0031905529727854	0.3254409484340745
ENSMUSG00000026090	-0.2722392113687387	-0.0417474488335632
ENSMUSG00000069495	-0.0517171464263241	0.5132871349058057
ENSMUSG00000027313	-0.0114024309753355	0.2646346253988695
ENSMUSG00000082772	-0.7505311186017096	-1.8411817379361333
ENSMUSG00000032575	-0.2581251270703367	0.4017478374669076
ENSMUSG00000024217	0.056954373322244	-0.3340878333172111
ENSMUSG00000021038	-0.0541137673422161	0.4390552884855194
ENSMUSG00000034911	-2.0	-2.0
ENSMUSG00000034820	-0.070906559430991	0.4622008733279338
ENSMUSG00000089710	-0.3924527660186128	-0.6568632946349744
ENSMUSG00000018476	-0.0019773206097427	-0.0872753670819064
ENSMUSG00000020232	-2.0	-2.0
ENSMUSG00000025978	-0.2205240024966133	-0.2214213247175163
ENSMUSG00000032002	-0.1300763081966735	0.4576560654267604
ENSMUSG00000091146	-2.0	-2.0
ENSMUSG00000103047	-0.0095792675502516	-0.1510708108383628
ENSMUSG00000021367	-0.213182445233505	0.1578259881185123
ENSMUSG00000109853	-0.5375961017264406	-0.3875785172030481
ENSMUSG00000030963	-0.3717799155872502	-0.4367278058971802
ENSMUSG00000038544	-0.0253018263448695	0.4442172297061585
ENSMUSG00000001665	-0.288698533519804	0.3049181489455708
ENSMUSG00000004535	-0.0253198723562801	0.4448267589126282
ENSMUSG00000058046	-0.2812572325167254	0.3764302210251436
ENSMUSG00000086066	-0.3775774828167144	-0.383637112695526
ENSMUSG00000121349	-0.4244175422404388	-0.4433784100394327
ENSMUSG00000029260	-0.4746499976856821	-0.2251590911439202
ENSMUSG00000026036	-0.0363051782787011	0.4297099786284939
ENSMUSG00000074121	-0.265628597620051	0.2329239759616081
ENSMUSG00000036840	-0.0464312659033033	0.529798014296889
ENSMUSG00000108987	-0.3446880742190599	-0.2811998051471338
ENSMUSG00000022367	-0.2107959336672455	-0.1213797525977496
ENSMUSG00000120145	-0.3977971492865719	-0.1622089803445747
ENSMUSG00000095900	-2.0	-2.0
ENSMUSG00000121169	-0.0248743736024525	0.0991295177861293
ENSMUSG00000054457	-0.2767589832300767	-0.1227264678009415
ENSMUSG00000074768	-0.3641382196519849	-0.3712455989096269
ENSMUSG00000103332	-0.0231394405160114	0.3340059557812034
ENSMUSG00000068817	-0.5879329991443079	-0.8877429755460103
ENSMUSG00000091996	-0.3301641362059715	-0.2499775461940801
ENSMUSG00000059069	-0.6881368799603163	-0.5399851680128649
ENSMUSG00000020773	-0.0299027055559839	-0.0528983511122625
ENSMUSG00000078938	-0.0960775088993662	0.1441767786796962
ENSMUSG00000015943	-0.1451090569113992	0.4678335546511271
ENSMUSG00000085668	-0.1197697825567928	-0.0677458733899632
ENSMUSG00000059956	-0.5174897184946511	-0.44114413024386
ENSMUSG00000120741	-0.3060028879104348	-0.2444373390028021
ENSMUSG00000081044	-0.5355473259415001	0.0054489539734149
ENSMUSG00000100204	-0.3677711521180585	-0.3936279013705155
ENSMUSG00000099758	-0.0426916027094882	0.0015977798584083
ENSMUSG00000115275	-0.3514411374370864	-2.0
ENSMUSG00000121711	-0.6257893757712393	-0.8348453324341171
ENSMUSG00000035745	-0.0187742311035427	0.1575818704449931
ENSMUSG00000034653	-0.6531554946530932	0.4147959191397004
ENSMUSG00000070375	-0.3442990762725571	-0.485405500113333
ENSMUSG00000029016	-0.0316580098830725	0.3512271783850714
ENSMUSG00000031357	-0.1482782433697718	0.2920829838128322
ENSMUSG00000089682	-0.1973613031469617	0.312200975321971
ENSMUSG00000062737	-0.8920812839515379	-0.6307106528188018
ENSMUSG00000042686	-0.3436656366893624	0.2023570280321754
ENSMUSG00000035200	-0.1855687338819633	0.0327692472228981
ENSMUSG00000100721	-2.0	-2.0
ENSMUSG00000089942	-0.7130544945902941	-1.2543762823065916
ENSMUSG00000087167	-0.3438176316279468	-0.2564706532651072
ENSMUSG00000032047	-0.0765456223479828	0.1321613536157961
ENSMUSG00000110421	-0.2795274557767745	-0.3516163328133813
ENSMUSG00000029370	-0.3535251062914293	-0.1011434532323384
ENSMUSG00000120498	-0.364738684996327	-0.1138598976122093
ENSMUSG00000042182	-0.2063763828905351	0.2710325547376262
ENSMUSG00000027716	-0.4139519601922218	0.0536992328622701
ENSMUSG00000109062	-0.3501182357931485	-0.2765889911683596
ENSMUSG00000055447	-0.2936277429085406	-0.3428062470598346
ENSMUSG00000059291	-0.0105055092560202	0.1925903103393615
ENSMUSG00000052273	-0.3497054961819055	-0.3290233471296665
ENSMUSG00000090608	-0.1110421706743631	-0.0612649821762023
ENSMUSG00000095063	-2.0	-2.0
ENSMUSG00000021694	-0.0394342874115777	0.3611991857166448
ENSMUSG00000107142	-0.0652736544565647	0.3585306406515436
ENSMUSG00000100917	-0.4483532721539097	-0.5312082622165831
ENSMUSG00000109682	-0.3479192834814403	-0.228911325555385
ENSMUSG00000038545	-0.1381034895529465	0.2813075001589422
ENSMUSG00000024097	-0.1101524942835367	0.4654616717185104
ENSMUSG00000113278	-0.2821696195338677	-0.2316758584084157
ENSMUSG00000031595	-0.1631660459261487	0.2048765157688569
ENSMUSG00000049488	-0.2030653380158858	0.4458622127296315
ENSMUSG00000035226	-0.3023796194732685	0.0361677715913274
ENSMUSG00000102981	-0.3316455847818231	-0.4164337846867969
ENSMUSG00000021497	-0.1855313167365222	0.4665710723863542
ENSMUSG00000029191	-0.0155708077884987	0.3776238402764214
ENSMUSG00000036093	-0.0521860692885046	0.5423894204116634
ENSMUSG00000114161	-0.4121644877577016	-0.6911928335285673
ENSMUSG00000003518	0.0373688006760787	-0.3181990645099557
ENSMUSG00000108487	-0.2271801674493628	-0.3699504615581793
ENSMUSG00000121522	-2.0	-2.0
ENSMUSG00000106121	-0.1931159542431197	-0.4083091243971078
ENSMUSG00000028367	-0.0526689327550203	0.4882708730307589
ENSMUSG00000021417	-0.0863951888964202	0.456522108132417
ENSMUSG00000036398	-0.124835213143321	-0.0126996437674959
ENSMUSG00000096255	-2.0	-2.0
ENSMUSG00000078511	-0.3422570898514673	-0.241916022950334
ENSMUSG00000089707	-0.2167623730615017	-0.0872465901442201
ENSMUSG00000046213	-0.2241155924140647	-0.3170185614005063
ENSMUSG00000032997	-0.1104989600520856	0.2574802417656923
ENSMUSG00000049708	-0.5763668753111714	-0.3476283990638198
ENSMUSG00000086438	-0.3407655213251117	-0.4601371104089664
ENSMUSG00000106048	-0.6228063448980231	-0.6052766198918261
ENSMUSG00000072601	-0.5789432338991072	-0.795161854092829
ENSMUSG00000009614	-0.3596181540977472	-0.1660211915503416
ENSMUSG00000021895	-0.1483145400702691	0.1998297466713579
ENSMUSG00000049217	-0.6964674407378584	-0.8297330613649809
ENSMUSG00000108042	-0.0146463785265913	-0.0660385878456823
ENSMUSG00000060615	-0.593881102134973	-0.620114891103313
ENSMUSG00000120159	-0.3490532618592844	-0.3804403664232231
ENSMUSG00000072874	-0.2538805659655527	-0.4041807127262755
ENSMUSG00000082229	-0.3793485132953411	-0.2192132122500909
ENSMUSG00000108865	0.0014657864128494	-0.3546020596838677
ENSMUSG00000031450	-0.2636965821854	-0.2099039536101343
ENSMUSG00000087225	-0.3685418629771578	-0.7341166784775202
ENSMUSG00000035431	-0.2089666922933693	-0.28232267480084
ENSMUSG00000096345	-1.28437917095031	-2.0
ENSMUSG00000021457	-0.1008545458067242	0.4079752364441684
ENSMUSG00000032556	-0.3226160910392917	-2.0
ENSMUSG00000097640	-0.1415470228224445	0.1776790290137838
ENSMUSG00000005533	-0.0712823359763316	0.3380303572667372
ENSMUSG00000115822	-0.7203679560175225	-0.5013162512188615
ENSMUSG00000037098	-0.0342232279307161	0.4609639586828117
ENSMUSG00000022025	-0.4471809626962568	-0.7470442062389696
ENSMUSG00000054986	-0.3375572404913735	-0.3591557755947305
ENSMUSG00000023949	-0.1600228323178344	0.0659990936714368
ENSMUSG00000026754	-0.0579078757038269	0.5382896404649641
ENSMUSG00000028211	-0.0519740612789684	0.4664298443894479
ENSMUSG00000022385	-0.0351669705130125	0.3243870027113558
ENSMUSG00000000149	-0.0334891095633332	0.5164745551894664
ENSMUSG00000112592	-0.1404339861615101	-0.1524058734226038
ENSMUSG00000120031	-0.328443961963507	-0.3217541192386933
ENSMUSG00000092522	-0.3979821372800527	-0.3940548898880053
ENSMUSG00000119943	-0.3310915668553388	-0.4715052071045112
ENSMUSG00000087525	-0.0091051779901442	0.0459123584146477
ENSMUSG00000074971	-0.5006926787378881	-0.2638223735378606
ENSMUSG00000042203	-0.0236937736689663	0.3893815827636359
ENSMUSG00000031362	-0.6067779910169587	-0.7671598064538904
ENSMUSG00000111867	-1.183311772496024	-2.0
ENSMUSG00000036112	0.0320124204287535	-0.2650324035885072
ENSMUSG00000020849	-0.0319108034261781	0.3938334220361258
ENSMUSG00000040651	-0.0229820791112381	0.4828264372408855
ENSMUSG00000085523	-0.1806113854076672	0.033082458972699
ENSMUSG00000113906	-0.5012399703953483	-0.3588347648366672
ENSMUSG00000086791	-0.3210129815359206	-0.1563751008335983
ENSMUSG00000053678	-0.2408306336927747	-0.202920209163786
ENSMUSG00000062488	-2.0	-2.0
ENSMUSG00000110054	-0.4428755308053796	-0.39860172588088
ENSMUSG00000102360	-0.6193156351084349	-0.4311850626926811
ENSMUSG00000061911	-0.4891853819846853	-0.20010666298934
ENSMUSG00000030854	-0.3032105813394085	-0.2575251509660605
ENSMUSG00000024647	-0.5450091806220015	-0.3377596645957443
ENSMUSG00000109907	-0.5753336700557136	-0.7368772464851575
ENSMUSG00000038204	-0.0517727250231514	0.0115304376086702
ENSMUSG00000086763	-0.4155620246932666	-0.4132356382867704
ENSMUSG00000021822	-0.3027669945311814	0.0373856165543014
ENSMUSG00000028167	-0.0580407892406623	0.1189587777664338
ENSMUSG00000054659	-0.2872148128968725	0.3150745658334624
ENSMUSG00000024182	-0.022975577043588	0.3472433429610547
ENSMUSG00000101712	-2.0	-2.0
ENSMUSG00000121464	-0.4024090133811689	0.0664485543002653
ENSMUSG00000109254	-0.4029940903993663	-0.3160019977315956
ENSMUSG00000047819	-0.3323825133612216	-0.0793126660682929
ENSMUSG00000020610	-0.051110256793649	0.4822840288784029
ENSMUSG00000028751	0.1014102276898255	-0.2370251969781718
ENSMUSG00000045302	0.0130888739242583	0.1536318430436249
ENSMUSG00000085489	-0.7207314483446089	-2.0
ENSMUSG00000087627	-0.6006869099314445	-0.7217169719623326
ENSMUSG00000026220	-0.184041249075038	0.3067278771839223
ENSMUSG00000086324	-0.0372958609642833	0.4607959444161953
ENSMUSG00000068959	-0.5882042552902481	-2.0
ENSMUSG00000094714	-0.8199943899981358	-0.639179464762058
ENSMUSG00000029112	-0.1566603126327571	-0.0778826685290895
ENSMUSG00000087278	-0.3894196777931288	-0.3009580824520276
ENSMUSG00000023973	-0.0738445872620467	0.4827449905484098
ENSMUSG00000032680	-0.3333665349322136	0.2675532703918554
ENSMUSG00000104766	-0.3391350909412396	-0.3065671345805225
ENSMUSG00000021904	-0.2466308474265305	-0.0051577873367073
ENSMUSG00000097742	-0.4298847939089247	-0.2267749911381101
ENSMUSG00000039153	-0.3393744933129183	-0.3324680407201535
ENSMUSG00000020284	0.0176606920454817	0.3454764589540043
ENSMUSG00000121544	-2.0	-2.0
ENSMUSG00000049291	-0.1030400353819785	-0.1403060652528143
ENSMUSG00000037544	-0.1307951604079869	0.3177700872052207
ENSMUSG00000107935	-0.3770339826487876	-0.4483995133471621
ENSMUSG00000108724	-0.4002874055977958	-0.0462765412421863
ENSMUSG00000103684	-0.5283620184836901	-0.3188434583064812
ENSMUSG00000029361	-0.1786147482444861	-0.1253300094693175
ENSMUSG00000090315	-0.7247926121033054	-0.5858522617322013
ENSMUSG00000060260	-0.0980357506041889	0.3809521671542231
ENSMUSG00000008859	-0.0655535662106048	0.5075639061054571
ENSMUSG00000009900	-0.2674518518064389	-0.2190480734962204
ENSMUSG00000085363	-0.1348026591196471	-0.1789403925279085
ENSMUSG00000121283	-0.3849699860569676	-0.793512519919779
ENSMUSG00000026018	-0.2129124845288074	0.3867589293534907
ENSMUSG00000103411	-0.5238218981531712	-0.4096009300112172
ENSMUSG00000102073	-0.2695008345194156	-0.4834479685531195
ENSMUSG00000097535	-0.1055244298626012	0.1355536969496018
ENSMUSG00000042712	-0.2106185731955758	0.3149175322399136
ENSMUSG00000097442	0.0114401780059149	-0.0601668709137279
ENSMUSG00000116389	-2.0	-2.0
ENSMUSG00000015806	-0.0935775692644377	0.4854122009364278
ENSMUSG00000031603	-0.4340563638757076	0.5164787863316423
ENSMUSG00000028706	-0.0613247972138345	0.4648080721906518
ENSMUSG00000038697	-0.0297677107914085	0.3938081682784891
ENSMUSG00000033768	-0.076060527173613	0.1818794157616524
ENSMUSG00000120451	-0.6156426426370598	-0.5054944930835488
ENSMUSG00000031979	-0.0319719445516587	0.4474988187689416
ENSMUSG00000085773	-0.4313569284176392	0.0235362431757128
ENSMUSG00000025384	-0.0862576532038644	0.3764364272842659
ENSMUSG00000030592	-0.0139428872133255	0.3835938552058714
ENSMUSG00000087366	-0.253194918792559	0.4533373017865225
ENSMUSG00000085710	-0.4141694091314929	-0.2669856426894341
ENSMUSG00000022789	-0.0563309110391913	0.5567189824316262
ENSMUSG00000091586	-0.0767573288248602	0.4873146038620701
ENSMUSG00000034321	-0.1424980411499906	0.3635352665594182
ENSMUSG00000035582	-0.3608451354859079	-0.2410953862569504
ENSMUSG00000037907	-0.1082459508570338	-0.040679031130274
ENSMUSG00000035139	-0.0338945147562924	0.4350505121717077
ENSMUSG00000052392	-0.3020674604861134	0.2288956646770957
ENSMUSG00000081512	-0.2821614691900171	-0.2921320510878362
ENSMUSG00000040860	-0.0243157766159135	0.3851334753419928
ENSMUSG00000058295	-0.4924593084546874	-0.671354599977832
ENSMUSG00000024771	-0.4979663815362091	-0.4525238670266062
ENSMUSG00000029128	-0.2679451220540361	0.5172560877860783
ENSMUSG00000030298	-0.0100090753820033	0.2742195701359411
ENSMUSG00000021796	-0.0203993674269521	0.503473082712687
ENSMUSG00000074781	-0.0542331245230497	0.5047401910659697
ENSMUSG00000039275	-0.0086722758426842	0.2988050613002704
ENSMUSG00000085230	-0.4488138306500158	-0.4988801599821042
ENSMUSG00000112252	-0.6376608057418064	-0.8772924837627069
ENSMUSG00000034297	-0.0286708884955462	0.4925254433915783
ENSMUSG00000039130	-0.0242922608953426	0.4308232943414793
ENSMUSG00000072999	-0.0220820571315552	-0.0115124801832596
ENSMUSG00000097452	-0.2236241503267128	-0.1961740272966297
ENSMUSG00000109842	-0.3258732078994181	-0.379866027978393
ENSMUSG00000028351	-0.5523604789986666	-0.1121832625324169
ENSMUSG00000024308	-0.1239943918324574	0.2670806343858053
ENSMUSG00000104816	-0.4885452652703193	-0.5625085061080017
ENSMUSG00000028755	-0.2642195967546345	-0.3163021880668689
ENSMUSG00000035831	-0.3447665112198321	-0.3259459457642106
ENSMUSG00000118109	-0.5126141330541283	-0.4558997197871495
ENSMUSG00000048562	-0.2204908092640505	-0.083677043890531
ENSMUSG00000073774	-0.3047858121882044	-0.2653956869218113
ENSMUSG00000058579	-0.0327886388255662	-0.3141828708378899
ENSMUSG00000071158	-0.6634733859484949	-0.7241972607283493
ENSMUSG00000041351	-0.0723589802883943	-0.0155185937841441
ENSMUSG00000069372	-0.4802824963971204	-0.4798448997024568
ENSMUSG00000117635	-0.5042437007785352	-0.6494717582684146
ENSMUSG00000030131	-0.4660020859041936	-1.1262255738167093
ENSMUSG00000117255	0.0455758132415539	0.4735322219218705
ENSMUSG00000035890	-0.066747132452347	0.4057147479294468
ENSMUSG00000078887	-2.0	-2.0
ENSMUSG00000110148	0.0615670694565755	0.18550759123063
ENSMUSG00000015112	-0.0104995472606022	0.3471179888238714
ENSMUSG00000052906	-0.0771175602142554	0.424806853172941
ENSMUSG00000037106	-0.2281643587706975	-0.1786439728414465
ENSMUSG00000104342	-0.2245938968443566	0.0869964240519778
ENSMUSG00000015745	-0.1142570174805022	0.276513732578068
ENSMUSG00000068479	-0.0566053140479707	0.366705670281903
ENSMUSG00000036578	-0.3098929151422888	-0.2374528696186282
ENSMUSG00000085222	-0.5375549810372012	-0.3772534999306529
ENSMUSG00000040037	-0.4796490685006345	0.2987070503509894
ENSMUSG00000039611	-0.3351760724958707	0.2223762879707367
ENSMUSG00000062760	-0.1588388233549385	-0.0722802885200621
ENSMUSG00000023022	-0.0072140664880412	0.417768871474187
ENSMUSG00000024924	-0.278694349855736	0.3101033756689115
ENSMUSG00000106111	-0.3705738857873391	-0.2992302093704281
ENSMUSG00000098040	-0.4075074665101836	-0.5976341586362469
ENSMUSG00000008874	-0.3985710625158034	-0.3402307626765887
ENSMUSG00000071481	-0.736472246364704	-0.4664351004372143
ENSMUSG00000049036	0.0633145904182043	0.1231227210186975
ENSMUSG00000044340	-0.2557974847535991	0.4684005060727225
ENSMUSG00000094380	-0.7507237457287601	-0.5774115716899442
ENSMUSG00000114680	-0.5184078737980267	-0.4082210874621704
ENSMUSG00000037852	-0.1773284571325415	0.4061932875911785
ENSMUSG00000110007	-0.5249212504625248	-0.5383784355417581
ENSMUSG00000019774	-0.0547250686838877	0.4695481032656408
ENSMUSG00000052374	-0.2415532181196845	-0.0143703038932629
ENSMUSG00000104571	-0.4257098541217432	-0.6653512622351734
ENSMUSG00000121652	-0.6275233929998169	-0.5043394036466606
ENSMUSG00000001663	-0.2311334918135923	-0.022712096272009
ENSMUSG00000030493	-0.1163029144227804	0.3383349538315219
ENSMUSG00000027782	-0.0339820470884116	0.5495748294955908
ENSMUSG00000012187	-0.3465705861757771	-0.2077209754991071
ENSMUSG00000059883	-0.0723249163907676	0.4178691025200325
ENSMUSG00000097523	-0.2394789067340913	0.4862020067926212
ENSMUSG00000056174	-0.1875578076943447	-0.0497341877433674
ENSMUSG00000021342	-0.7209500827448079	-0.5371203521661247
ENSMUSG00000074004	-0.2112638806994145	-0.2512795132678617
ENSMUSG00000106010	-0.4750472731541633	-0.4252679644751274
ENSMUSG00000021180	-0.1412002599600669	0.4952614683997808
ENSMUSG00000086250	-0.3896494885376552	-0.4278019601806584
ENSMUSG00000117713	-0.2284044358787391	-0.2157549766603781
ENSMUSG00000043789	-0.2552235368183067	-0.073635736284873
ENSMUSG00000099939	-2.0	-2.0
ENSMUSG00000113450	-0.0304095661575686	0.3761482903417973
ENSMUSG00000022565	-0.03550927911941	-0.2200492920217267
ENSMUSG00000040033	-0.0284880446298482	0.3736147702936992
ENSMUSG00000047696	-0.4172109941322126	-2.0
ENSMUSG00000031161	-0.1071602753049725	0.3234497881083065
ENSMUSG00000112303	-0.6571172502808484	-0.4244741144897048
ENSMUSG00000013338	-0.2254744214578857	-0.3258949875098335
ENSMUSG00000047021	-0.2686477036335106	-0.043578378559097
ENSMUSG00000091476	-0.2648472795974201	-0.0367321265733805
ENSMUSG00000067571	-0.3464156963143631	-0.4768476485414213
ENSMUSG00000038135	-0.0293205090623064	-0.0210393674117434
ENSMUSG00000094793	-0.2560469168159627	-0.2610343510522329
ENSMUSG00000053846	-0.3228743223601832	0.0617818449400566
ENSMUSG00000033726	-0.2296362919925857	-0.0010242308948866
ENSMUSG00000097919	-0.0250517453287892	0.2973253423031414
ENSMUSG00000062432	-0.0355329388141689	-0.0110993601645848
ENSMUSG00000112792	-0.5221430947790439	-0.7279120998995202
ENSMUSG00000085653	-0.0711716051509532	0.2486109899724554
ENSMUSG00000066820	-0.5788749493100365	-0.4101388295867594
ENSMUSG00000106737	-0.3043502420466054	-0.3159320388987057
ENSMUSG00000061540	0.0940392748981128	0.1078451356380545
ENSMUSG00000042570	-0.0839692867582267	0.4139107000680613
ENSMUSG00000095577	-0.5332627171911943	-0.44073722995864
ENSMUSG00000107702	-0.3793622446574947	0.1351319514144084
ENSMUSG00000090306	-0.5303738287362285	-1.0576744076997078
ENSMUSG00000102647	-0.5787818452731492	-0.7714672170718485
ENSMUSG00000020646	-0.0756805952533389	0.4893269582816907
ENSMUSG00000032440	-0.2569980451229546	0.3986707454717207
ENSMUSG00000053012	-0.1459837870097272	0.383894680291618
ENSMUSG00000031256	-0.114137933760723	0.4187045669145962
ENSMUSG00000028608	-0.09994228661588	0.4238465874104267
ENSMUSG00000037379	-0.2292191006998417	-0.1031767120744251
ENSMUSG00000087127	-0.129538387724984	-0.2751451840093479
ENSMUSG00000084876	0.000530730869708	0.1919669426180976
ENSMUSG00000092173	-2.0	-2.0
ENSMUSG00000022391	-0.0426113995890657	0.3978399356945574
ENSMUSG00000118523	-0.2240886716013126	-0.4527093166141199
ENSMUSG00000015709	-0.2702682428741715	0.4133044591313533
ENSMUSG00000121421	-0.3461621665311645	-0.1796005578772506
ENSMUSG00000039841	-0.3656672500048728	-0.2596084111436013
ENSMUSG00000061079	-0.0600252267455667	0.4129082195554283
ENSMUSG00000027207	-0.1675019447915305	0.4362568135099938
ENSMUSG00000054545	-0.2728444115133815	-0.254544196270823
ENSMUSG00000085262	0.3027278041581933	-0.0668078086838365
ENSMUSG00000092216	-0.0469113500507628	0.1096402953428793
ENSMUSG00000061296	-0.2059339049019339	-0.2323068321281898
ENSMUSG00000029352	-0.160815562015912	-0.1843142891286898
ENSMUSG00000114926	0.0170203102688868	-0.1540691617416979
ENSMUSG00000087615	-0.2581309500338601	-0.2543347819837152
ENSMUSG00000035325	-0.0285466650247455	0.0546634512392342
ENSMUSG00000059854	-0.2662487006940424	0.1784227101397157
ENSMUSG00000074890	-0.2610288058941738	0.425723938354563
ENSMUSG00000109635	0.0369493088169266	-0.0190669152742151
ENSMUSG00000038304	-0.0995781372995439	-0.2343995372264593
ENSMUSG00000019082	-0.1035473101605951	0.4283816883104319
ENSMUSG00000102028	-0.2276363330670765	-0.1334468476981405
ENSMUSG00000022947	-0.1011247056833642	0.3849394863398647
ENSMUSG00000008658	-0.4750578800961023	-0.2743042624505633
ENSMUSG00000032527	-0.1639454077510067	0.5354769157461609
ENSMUSG00000101804	-2.0	-2.0
ENSMUSG00000118487	-0.1446731394340698	-0.1673407707793418
ENSMUSG00000020116	-0.1440396266670427	0.3724406481747901
ENSMUSG00000097976	-0.4912163771574424	-0.3618854961566376
ENSMUSG00000113592	-0.2364809638960173	-0.3646853794728196
ENSMUSG00000023348	-0.3579476119714608	0.3364809477152372
ENSMUSG00000000409	-0.0994013093642217	-0.1819576312762048
ENSMUSG00000031986	-0.069019912541515	0.2204883216467972
ENSMUSG00000110357	-0.0309286776227575	0.1807645124415426
ENSMUSG00000031647	-0.1887721663170365	0.23600484895944
ENSMUSG00000117727	-0.1421949829192131	-0.1373950922891994
ENSMUSG00000022658	-0.187402256248812	0.2103254770450155
ENSMUSG00000023074	-0.341087161498841	0.4206250038195608
ENSMUSG00000083994	-0.5205107799284155	-0.896268097455335
ENSMUSG00000026568	-0.2247092929312809	0.5459811724527277
ENSMUSG00000108685	-0.7593194848346244	0.3636992060409815
ENSMUSG00000030313	-0.1606865254757421	0.4338256887613428
ENSMUSG00000015002	-0.273753632834324	0.4317271326700769
ENSMUSG00000045328	-0.0095245726368646	0.4067588054415179
ENSMUSG00000114946	-2.0	-2.0
ENSMUSG00000060161	-0.4208471825369407	-0.3559954294161968
ENSMUSG00000035199	-0.0487258325810961	0.21900053416442
ENSMUSG00000020143	-0.4681000214921108	-2.0
ENSMUSG00000000552	-0.0184110544838573	-0.2269330030203139
ENSMUSG00000038836	-0.4004293394644321	0.4640654785833961
ENSMUSG00000062866	-0.4093054804277187	0.0832641223850356
ENSMUSG00000028436	-0.0414873369253525	0.4129719912271982
ENSMUSG00000110625	-0.2842128551928278	-0.4405022827804505
ENSMUSG00000028692	-0.0633612147982719	0.4222249843148051
ENSMUSG00000113164	-0.6359498106422765	-0.3962785400971393
ENSMUSG00000121323	-2.0	-2.0
ENSMUSG00000121448	-0.3074221976257485	-0.4170115072104457
ENSMUSG00000091443	0.0005945762484103	0.0161660564047586
ENSMUSG00000121905	-0.3543745833770007	-0.4003146969699205
ENSMUSG00000100182	-0.5449454492450573	-0.3529428729532377
ENSMUSG00000091542	-0.209604340731506	0.0939284631990303
ENSMUSG00000075093	-0.7033734592802803	-0.5708057188864151
ENSMUSG00000086443	-0.1287727696632671	0.0040731960379328
ENSMUSG00000091740	-2.0	-2.0
ENSMUSG00000006469	-0.1808216837035248	-0.2295695321320709
ENSMUSG00000089732	-0.4671666655519801	-0.4264610031117606
ENSMUSG00000028345	-0.0243480209433062	0.4648959307991632
ENSMUSG00000040809	-0.2098171923026848	-0.2264361697075969
ENSMUSG00000114104	-0.1957220518620353	0.4239342993383297
ENSMUSG00000114336	-0.4465094714341886	-0.3319965426456216
ENSMUSG00000089916	0.0527269455128432	0.358702944791908
ENSMUSG00000069743	-0.2102754868495077	0.4369169957805963
ENSMUSG00000098627	-0.3984108218523053	0.0837949177288383
ENSMUSG00000037119	-0.0196837762456371	0.4593207025999515
ENSMUSG00000116366	-0.0164587761787036	-0.0031091861937498
ENSMUSG00000027806	-0.1090602616850981	0.5280989947695229
ENSMUSG00000085836	-0.0222042621025847	0.0153626898214757
ENSMUSG00000101334	-0.2412527772822626	-0.2715730029126763
ENSMUSG00000052144	-0.0076278368697442	0.4155088702388025
ENSMUSG00000020821	-0.0057744680488885	0.4462176971487011
ENSMUSG00000037771	-0.0347891708869733	-0.2830012591561951
ENSMUSG00000031112	-0.7362584355176414	-0.0448451764319517
ENSMUSG00000101532	-0.4363580418590121	-0.4069431059321574
ENSMUSG00000006216	-0.2123839724807267	-0.2538810335029571
ENSMUSG00000102672	0.1506903238516329	-0.0893596961689463
ENSMUSG00000105856	-0.171897698455209	-0.2104126606651487
ENSMUSG00000025583	-0.0082928330485054	0.486120339977201
ENSMUSG00000001804	-0.4079225530031772	-0.4934237545507314
ENSMUSG00000005360	-0.0840789022002759	0.3657398775052529
ENSMUSG00000112833	-0.3602860637417633	0.2572751415190095
ENSMUSG00000041920	-0.0574129098698939	0.462886229775845
ENSMUSG00000107455	-0.154578965030437	0.505729103719841
ENSMUSG00000030092	-0.6030793814922999	-0.47932471257824
ENSMUSG00000121389	-0.4553508862782229	-1.1358759219250931
ENSMUSG00000101847	-0.3880785969573003	-0.3686214003425948
ENSMUSG00000028199	-0.2159705792772403	0.5095234858108535
ENSMUSG00000054160	-0.2484317706342451	-0.0823663740941791
ENSMUSG00000020423	-0.1878084389336751	0.4167772636065752
ENSMUSG00000027968	-0.1033037355046393	0.4648336870442807
ENSMUSG00000028681	-0.0314980923373571	0.3479950986902388
ENSMUSG00000118070	-0.8127439974494173	-2.0
ENSMUSG00000026062	-0.4014648940940073	-0.3544859686158999
ENSMUSG00000005883	-0.32156375317487	-0.0821907585913555
ENSMUSG00000021765	-0.2239868241667858	0.262377514487875
ENSMUSG00000023982	0.0493633319044542	-0.3559320484255767
ENSMUSG00000078509	-0.2150573579975277	-0.2547148296451154
ENSMUSG00000062762	-0.0455591115525199	0.3895271962959835
ENSMUSG00000026193	-0.0068450717739989	0.3988323481947094
ENSMUSG00000029759	-0.2187675290797283	0.3810367019930775
ENSMUSG00000068457	-0.9138399907493792	-0.2094812103758007
ENSMUSG00000040848	-0.0452704853108632	0.4911251490770627
ENSMUSG00000116816	-2.4832769351108075	-2.0
ENSMUSG00000075517	-0.2118105512342286	-0.1928844648154802
ENSMUSG00000021024	-0.0207056298145332	0.1055733317059471
ENSMUSG00000032475	-0.0582874670146763	0.5141847592527545
ENSMUSG00000113941	-0.3487547532055636	-0.3901843170276429
ENSMUSG00000057969	-0.1443003800807411	-0.2973198159941775
ENSMUSG00000033379	-0.0993935563587845	0.2502560129854562
ENSMUSG00000040569	-0.4707937809321718	-0.3858691673259827
ENSMUSG00000069072	-0.4315100939332222	-0.7824748918842735
ENSMUSG00000102605	-0.3087681671770288	-0.2632050858476275
ENSMUSG00000015766	-0.2564085579615344	0.4039210819294862
ENSMUSG00000094602	-2.0	-2.0
ENSMUSG00000004630	0.0600645173248162	-0.0129398467174487
ENSMUSG00000033014	-0.0226894908794251	0.5025257127596808
ENSMUSG00000121762	-0.3518418608708081	-0.2826199557427282
ENSMUSG00000101075	-0.0605929795825017	-0.2887270708811038
ENSMUSG00000104684	-0.126111291815451	0.1828432567361993
ENSMUSG00000105727	-0.5527439532503311	-2.0
ENSMUSG00000107457	-0.2777936731487343	-0.2841002479529227
ENSMUSG00000085559	-0.1597530964625862	-0.268832358101807
ENSMUSG00000033389	-0.1008469859395763	0.4258591676698045
ENSMUSG00000121689	-0.5752723856232637	-0.4457211936425656
ENSMUSG00000022528	-0.0394539766439436	0.2195892410865348
ENSMUSG00000056910	-0.6355295676472982	-0.4840845825260217
ENSMUSG00000024843	-0.0264270840782187	0.4445113336983913
ENSMUSG00000035762	-0.0726184460653201	0.4570673229370095
ENSMUSG00000107178	0.008963124303839	-0.1226071127365887
ENSMUSG00000108456	-0.1581036880201409	-0.1731995597639834
ENSMUSG00000050967	-0.2314675628013374	-0.4789113135618514
ENSMUSG00000059659	-0.1029956605010357	0.352955838478138
ENSMUSG00000113454	-0.0037899870621481	-0.3622607929448154
ENSMUSG00000120955	-0.2661063351838796	-0.1370760410494298
ENSMUSG00000020185	-0.0130541351282697	0.441509126674445
ENSMUSG00000114334	-0.428188719379417	-0.4099175851607096
ENSMUSG00000028760	-0.1713546661054068	0.2579950865759589
ENSMUSG00000062826	-0.3233137048701088	-0.3589133577800089
ENSMUSG00000068373	-0.3019925896320768	-0.0556566205294232
ENSMUSG00000117655	-0.2446528659447268	0.000193131236347
ENSMUSG00000079177	-2.0	-2.0
ENSMUSG00000039840	-0.0501273651987839	0.4553705713617723
ENSMUSG00000020570	-0.1388197402540466	0.4172161897942856
ENSMUSG00000102031	-2.0	-2.0
ENSMUSG00000004897	-0.0874730344032739	0.3383572718802297
ENSMUSG00000121090	-0.5249518827369918	0.5458301818781238
ENSMUSG00000110917	-0.3922992677985228	-0.3255842164246697
ENSMUSG00000052212	-0.2836022956356932	-0.4162095147057077
ENSMUSG00000093962	-0.5099743998578377	-0.4453013146882663
ENSMUSG00000037784	-0.0934865353814954	0.4666903090094831
ENSMUSG00000086894	0.014921802714682	-0.0115146208008957
ENSMUSG00000096372	-2.0	-2.0
ENSMUSG00000020432	-0.0704679680763196	0.2915828365189344
ENSMUSG00000024858	-0.0392531312987575	0.3501553331042933
ENSMUSG00000074472	-0.2957780793448313	-0.3486661517291662
ENSMUSG00000103015	-0.0256156207201238	-0.2293065715982903
ENSMUSG00000027794	-0.1949147409255998	0.1972731130135426
ENSMUSG00000052631	-0.1967506579149097	-0.1804710676175622
ENSMUSG00000102577	-0.0156648088186619	-0.1278170291632626
ENSMUSG00000043510	-0.109120000722428	0.4835014279621524
ENSMUSG00000110561	-0.3195451853241531	-0.2076713578252453
ENSMUSG00000033015	-0.5139875234519274	-0.4589159842543926
ENSMUSG00000067713	-0.0472583002342836	0.3733490218674051
ENSMUSG00000034303	-0.2534778915216583	0.5256249479454005
ENSMUSG00000117450	-0.2394493582972644	-0.4852116856156879
ENSMUSG00000048779	-0.1507280379299256	0.0381209729264795
ENSMUSG00000042650	-0.0435038585141098	0.4084261969943665
ENSMUSG00000086649	-0.2234516448368865	0.2527404880298685
ENSMUSG00000116138	0.0368584359650367	0.1691346097488248
ENSMUSG00000049608	-0.3438231910893083	-0.3288150823993813
ENSMUSG00000029233	-0.1786991510967746	0.5181658384046219
ENSMUSG00000030330	-0.0971325373553269	0.3411103150464768
ENSMUSG00000116079	-0.2234628330896953	-0.188710730557334
ENSMUSG00000017776	-0.0235945339054776	0.3454909644411761
ENSMUSG00000056508	-0.0544454507954768	-0.514341877262213
ENSMUSG00000020310	-0.5856979885793433	0.1374066540260124
ENSMUSG00000038195	-0.4507458029944917	0.3603006299487766
ENSMUSG00000020635	-0.1406048061154346	0.157370444660717
ENSMUSG00000104574	-0.0095853057226182	0.0834244971300326
ENSMUSG00000109125	-0.5603256587262798	-0.4545725103227714
ENSMUSG00000118209	-0.4612986104212523	-0.1537184464729145
ENSMUSG00000086171	-0.260090476515636	-0.2503115985648241
ENSMUSG00000073274	-0.5968537309027551	-0.5943040223886962
ENSMUSG00000060180	-0.298339985348115	-0.5065237689678581
ENSMUSG00000044150	-0.0219071728197105	0.2383271739016721
ENSMUSG00000121473	-0.4924357159933631	-1.1178136945357349
ENSMUSG00000043670	-0.0055416255838292	0.0834113080583892
ENSMUSG00000005483	-0.1407563555221339	0.4003165550073329
ENSMUSG00000048721	-0.0726006849605721	-0.22858656572079
ENSMUSG00000099478	-0.1847989363497106	-0.001067590923533
ENSMUSG00000037996	-0.3858024348574648	-0.2730109895114846
ENSMUSG00000073226	-0.4218758316743766	-0.170068851565151
ENSMUSG00000070383	-0.6152979638757278	-0.5696155633889949
ENSMUSG00000003233	-0.0786392374583924	0.2182686498537583
ENSMUSG00000092417	-0.2295217896517403	0.2839946412341297
ENSMUSG00000118172	-0.305074155701131	-0.5699149422386214
ENSMUSG00000040054	-0.0289545369110299	0.2536209800557755
ENSMUSG00000031995	-0.041877324103064	0.2837466044895816
ENSMUSG00000121873	-0.2124591919750948	-0.2444873597874329
ENSMUSG00000005312	-0.0302653802768529	0.4914701138253057
ENSMUSG00000066456	-0.3847080927085021	0.1592351498575049
ENSMUSG00000110268	-0.2983859113766965	-0.3426276293099191
ENSMUSG00000116720	-0.417273423539148	-0.3151749178689166
ENSMUSG00000105350	0.3379972534099956	0.2251298396775774
ENSMUSG00000030468	-0.2562120310024546	-0.3601996372384252
ENSMUSG00000121824	-0.6708853689204761	-0.5729444387976853
ENSMUSG00000059866	-0.1128487473446576	0.4221566424495075
ENSMUSG00000118449	-0.3995223734718879	0.5407497985456841
ENSMUSG00000116872	-0.235928379957821	-0.178350636617559
ENSMUSG00000010021	-0.2256015872980132	-0.0137516147681114
ENSMUSG00000041358	-0.9097928235370472	-0.6223394625471304
ENSMUSG00000029491	-0.254326669602021	-0.1819590839407928
ENSMUSG00000112018	-0.2582194057289717	-0.2232455129032486
ENSMUSG00000018459	-0.27590722821189	-0.1128389484428108
ENSMUSG00000029669	-0.4350280256566601	-0.0316757613723116
ENSMUSG00000085734	-0.3125388011449015	-0.329511288326147
ENSMUSG00000115845	-0.8170718027570394	-0.6980896702440019
ENSMUSG00000038745	-0.0492325874141497	-0.063048062402634
ENSMUSG00000072109	-2.0	-2.0
ENSMUSG00000031004	-0.0371679160918782	0.4549161698792041
ENSMUSG00000035769	-0.0501696761273888	0.3183250855296783
ENSMUSG00000086233	-0.4975589500386085	-0.6096362422238373
ENSMUSG00000041112	-0.3020474356211865	0.3253472903062911
ENSMUSG00000079509	-0.1176037771670688	0.3280316206898873
ENSMUSG00000000365	-0.3459463490681658	0.1827940520520853
ENSMUSG00000027170	-0.0631356459730019	0.4379128381742792
ENSMUSG00000068205	-0.4672932559178022	0.4957718316108174
ENSMUSG00000105527	-0.4221859307902323	-0.6191497300329647
ENSMUSG00000109726	-0.349880031533243	-0.2382929715423003
ENSMUSG00000105271	-0.2156038330925532	-0.1441495259175484
ENSMUSG00000015217	-0.092021309658245	0.3434573187143626
ENSMUSG00000025255	-0.5734131747165847	-0.2888924894214053
ENSMUSG00000103049	-0.666578118869615	-0.4747641713351218
ENSMUSG00000106734	-0.6653574522171576	-0.6569267991924311
ENSMUSG00000090472	-0.1814642705989484	-0.2403173517855494
ENSMUSG00000075558	0.0677786218714821	0.0451617512718221
ENSMUSG00000063887	-0.5691506163248776	-0.2769515570233927
ENSMUSG00000115000	-0.7924021978146681	-0.664124574981544
ENSMUSG00000041540	-0.479816319097691	-0.4651234084731482
ENSMUSG00000074736	-0.2596788468369762	0.4642310399597658
ENSMUSG00000104188	-0.4546944920352357	-0.3852288741624824
ENSMUSG00000079262	-0.5306570025582682	-0.3869403161906825
ENSMUSG00000051518	-0.4523237294453058	0.2927782401700801
ENSMUSG00000038332	-0.1375533943697963	0.4467399768622279
ENSMUSG00000003161	-0.1824900280030665	-0.6015801352887077
ENSMUSG00000027357	-0.0882391676988342	0.4467024036360429
ENSMUSG00000026443	-0.1194478631098271	0.2809278504307139
ENSMUSG00000044456	-0.2557370663999589	0.1076379459193438
ENSMUSG00000026615	-0.0153904260210704	0.4686137341447266
ENSMUSG00000109674	-0.0325149261577646	0.0982095604406789
ENSMUSG00000048731	-0.0557970443335048	0.3580015098964879
ENSMUSG00000023905	-0.0821477184871032	0.2236111837401589
ENSMUSG00000112722	-0.3942369770228051	-0.4023181940600875
ENSMUSG00000031353	-0.056245875366679	0.4515383718008537
ENSMUSG00000022685	-0.0312835291867477	0.213041498576055
ENSMUSG00000027746	0.0320363837138209	0.3014146102158499
ENSMUSG00000028093	-0.0923584381717779	0.5007273179682675
ENSMUSG00000024172	-0.4234566404115112	0.1151490158695857
ENSMUSG00000019027	-0.2277950989859825	0.1099303617435146
ENSMUSG00000031654	-0.2001362686142551	0.3505585054276809
ENSMUSG00000086187	-0.3646797475732481	-0.2192017012846324
ENSMUSG00000024878	-0.2168529516770821	0.4769139019948455
ENSMUSG00000021710	-0.068781413162303	0.4999670847901016
ENSMUSG00000055193	-0.2908057078575944	-0.4040282987108615
ENSMUSG00000033192	-0.3297975785456835	0.318448600379199
ENSMUSG00000030158	-0.4684865962358425	-0.4345035354742026
ENSMUSG00000110564	-0.6514019411051509	-0.606933614034976
ENSMUSG00000108084	-0.3453737965718546	-0.2490398037072233
ENSMUSG00000030019	-0.087884058240257	0.3641624892021973
ENSMUSG00000061126	-0.2346539708927141	-0.0958260649275058
ENSMUSG00000031289	-0.9249503166635208	-0.8989444993864815
ENSMUSG00000103679	-0.367842829003473	-0.4049994873616194
ENSMUSG00000111481	-0.307034700958857	-0.1434813614480948
ENSMUSG00000045201	-2.0	-2.0
ENSMUSG00000039542	-0.1766049422350343	0.0605684390866222
ENSMUSG00000046727	-0.1803526357257381	-2.0
ENSMUSG00000030269	-0.015938464019102	0.4453351375526239
ENSMUSG00000032060	-0.1005363782477455	0.1415630201263833
ENSMUSG00000084082	-0.4615366131258601	-0.3656710803426439
ENSMUSG00000103392	0.0244160436458509	-0.2551999318735405
ENSMUSG00000121340	-0.3242597752948848	-0.5071734245105809
ENSMUSG00000114243	-2.0	-2.0
ENSMUSG00000045273	-0.0705723884829269	0.1471158619711762
ENSMUSG00000046005	-0.0738284232016472	-0.3597054393001205
ENSMUSG00000040283	-0.4684986024134671	-0.0828473207624578
ENSMUSG00000090115	-0.0226404403090314	0.0779910975518203
ENSMUSG00000031486	-0.1457184980489592	0.0094315178435123
ENSMUSG00000121403	-0.6101863249724856	-0.5495279802625084
ENSMUSG00000101356	-0.2062255350771456	-0.0024216771423499
ENSMUSG00000101762	-0.329361047105054	-0.3429545358972675
ENSMUSG00000104044	-0.2349973273854034	-0.1128014443437838
ENSMUSG00000030001	-0.2343098427937435	-0.2889474965146307
ENSMUSG00000004668	-0.420652059182954	-0.4424381838844756
ENSMUSG00000031389	-0.139675052411143	0.0998432121886426
ENSMUSG00000018008	-0.1362762272592042	-0.0778863057262088
ENSMUSG00000102257	-0.0637852394614647	-0.1104884298706174
ENSMUSG00000109606	-0.1098844921132164	-0.1803147443403202
ENSMUSG00000029247	-0.0556699499527445	0.3947583805419283
ENSMUSG00000086140	0.1003052581670061	-0.0252340684244822
ENSMUSG00000037822	-0.041562457992701	0.4422922136974672
ENSMUSG00000025432	-0.1461503589883219	0.2957425414815199
ENSMUSG00000079324	-0.4114739551374273	-0.501309115680349
ENSMUSG00000062232	-0.1400072899442904	0.4087801223148212
ENSMUSG00000079042	-0.014696061852211	0.2740113656788748
ENSMUSG00000117286	-0.2250820627130887	0.0325169032251797
ENSMUSG00000035171	-0.0554824869855628	0.4603631361541002
ENSMUSG00000074578	0.1880257878878961	0.2556757291758509
ENSMUSG00000030525	-0.3536258813174099	0.4711625772867256
ENSMUSG00000035878	-0.1986385551356829	0.130148429974364
ENSMUSG00000031809	-0.2687241362220391	0.3720606142847361
ENSMUSG00000100666	-1.3460288287777438	-2.0
ENSMUSG00000085097	-0.2693890542004397	-0.1873462285775183
ENSMUSG00000115782	-0.4419055864039845	-0.3214411979460087
ENSMUSG00000020400	-0.0067911612400277	0.0789625961268862
ENSMUSG00000041995	0.0453910520457856	-0.2271845640592015
ENSMUSG00000084845	0.0695994330035719	0.1700486240758112
ENSMUSG00000034486	-0.1763867666758109	0.2993560428754706
ENSMUSG00000087194	-0.916871995267189	-1.0498901493876025
ENSMUSG00000016346	-0.197891836334667	0.1956506224041859
ENSMUSG00000082736	-0.4306862636541146	-0.7538664882924546
ENSMUSG00000110511	-0.5394272032572417	-0.2235554015107016
ENSMUSG00000114298	-0.4711955369461917	-0.498650939501105
ENSMUSG00000112027	-0.3483694587329242	-0.4743385438717123
ENSMUSG00000112747	-0.4165291685061494	-0.6246048355507722
ENSMUSG00000120507	-0.3994522460850529	0.4528706637382312
ENSMUSG00000001604	-0.0407874053180038	0.2829848928539125
ENSMUSG00000030847	-0.0580846725435102	0.5216978580269708
ENSMUSG00000026204	-0.0463003117161064	0.284493899357234
ENSMUSG00000101061	-0.2320700724886855	0.0126817784950021
ENSMUSG00000003974	-0.5069752047411913	-0.4466982249547599
ENSMUSG00000121399	-0.87149378650922	-0.0420296279398818
ENSMUSG00000106178	-0.1676783852378022	-0.1640575473642707
ENSMUSG00000029923	-0.0283660060289279	-0.2117708035982158
ENSMUSG00000000581	-0.2044640801662	0.475416637508178
ENSMUSG00000111063	-0.2076611295263478	0.0971348845784072
ENSMUSG00000061923	-0.2283480043583668	-0.1264079762935186
ENSMUSG00000073913	-0.955251608877344	-0.3216847033811001
ENSMUSG00000084847	-0.0834820437925847	-0.2612465619922858
ENSMUSG00000100054	-2.0	-2.0
ENSMUSG00000003824	-0.0489153588926085	0.2882818747022647
ENSMUSG00000027359	-0.2266000589476312	0.1851635048851923
ENSMUSG00000002608	-0.1031300102846536	0.3724867014630674
ENSMUSG00000024360	-0.0332904405961488	0.2449719307997917
ENSMUSG00000039391	-0.3074962472432036	-0.3924289873940588
ENSMUSG00000030363	-0.3378003119942214	-0.3134947537325943
ENSMUSG00000038598	-0.3809590801870299	-0.3697192200983039
ENSMUSG00000104682	0.1777822900972022	0.1644325682775896
ENSMUSG00000086152	-0.2413377094895273	0.3064914641628971
ENSMUSG00000023781	0.181105460435628	-0.2019405076730031
ENSMUSG00000023236	-0.2828134807755054	0.2777033508941749
ENSMUSG00000112765	-0.2997169389389147	-0.4396566680342181
ENSMUSG00000099701	-0.1117912919115599	-0.3452935955507762
ENSMUSG00000024114	-0.1490286251045663	0.5039572894801397
ENSMUSG00000040124	-0.1112243644753202	0.4490866632787783
ENSMUSG00000030555	-0.1875394810260888	-0.2726362381437162
ENSMUSG00000081234	-0.613745449595255	-0.8077604819400448
ENSMUSG00000067851	-0.1234243604014473	0.4314049397578665
ENSMUSG00000003527	-0.0766675767182297	0.3508037147071258
ENSMUSG00000104214	-0.135954397367519	-0.0083884596470069
ENSMUSG00000029536	-0.053934448849113	0.0890761954582187
ENSMUSG00000086742	-0.0352814202447412	0.1723314123001698
ENSMUSG00000043614	-0.0220121497806533	0.0589152412106234
ENSMUSG00000029752	-0.0332227375680941	0.290639974382177
ENSMUSG00000020429	-0.2897160602992036	-0.6142366938935517
ENSMUSG00000082955	-0.5633880826777611	-0.5020579945614734
ENSMUSG00000087309	-0.4403085416110639	-0.6121679524810705
ENSMUSG00000099820	-0.6144669013565129	-0.7600495922374045
ENSMUSG00000056724	-0.0602715377262197	0.0899875842511484
ENSMUSG00000094379	-0.4525673285169089	-0.4312760516118206
ENSMUSG00000114963	-0.3511363044252906	-0.3802077048317475
ENSMUSG00000107090	-0.2737782680974152	0.2098896329778535
ENSMUSG00000099951	-2.0	-2.0
ENSMUSG00000028051	-0.0718472772965142	-0.0762897020644146
ENSMUSG00000113371	-0.461213443679719	-0.460810447180445
ENSMUSG00000004947	-0.0269744486594482	0.4667063233755092
ENSMUSG00000046300	-0.3847843478440184	-0.3182753363032816
ENSMUSG00000105990	-0.245575226012109	-0.3782856512006973
ENSMUSG00000026692	-0.357784454280964	-0.3026459680915583
ENSMUSG00000109338	-0.4429261056339875	-0.4183399678340839
ENSMUSG00000024038	-0.079392225429977	0.4261138709479072
ENSMUSG00000045281	-0.0481602725689205	0.1927837104720732
ENSMUSG00000108676	-0.1780798793688699	-0.438964481387543
ENSMUSG00000121297	-0.1659206345498485	-0.1743786558938883
ENSMUSG00000075600	-0.0120551968021562	0.2741948089234531
ENSMUSG00000025257	-0.099769900576776	0.4515638601251003
ENSMUSG00000042423	-0.1024033653651999	0.1728153566576193
ENSMUSG00000051682	-0.2661109837708902	-0.2519301792201658
ENSMUSG00000113331	-0.3423984652370196	-0.2003011331164681
ENSMUSG00000034829	-0.1510521161014264	-0.350592115844438
ENSMUSG00000024660	-0.025710899920822	0.4450503193335888
ENSMUSG00000097391	-0.1322163053318888	-0.1401622412344886
ENSMUSG00000112428	-0.132241861934757	-0.1688444884283371
ENSMUSG00000030220	-0.270427521421125	-0.0539881481025474
ENSMUSG00000121788	-0.1277458034293343	0.4026990682647701
ENSMUSG00000022607	-0.0264122226743582	0.4389639397511093
ENSMUSG00000021051	-0.0180853967344956	0.5050788567752589
ENSMUSG00000112407	-0.6373526603593165	-0.4381350013711394
ENSMUSG00000109647	-0.0200509299900868	-0.0231387992304426
ENSMUSG00000093671	-0.2950969007500572	-0.4568785075425344
ENSMUSG00000074465	-0.3477997024559023	-0.2644445319216276
ENSMUSG00000110588	-0.0768671086373502	0.4493487857574726
ENSMUSG00000103609	-0.2958201306515866	-0.0780400311316429
ENSMUSG00000090788	-2.0	-2.0
ENSMUSG00000120485	-0.253340584695553	-0.0746265339259499
ENSMUSG00000043015	-0.0610256044480946	0.3888316375005564
ENSMUSG00000109642	0.0742012664352801	-0.1074795521353975
ENSMUSG00000032740	-0.138530947313592	0.5473199960929861
ENSMUSG00000087460	-0.3802838618201905	-0.5367393920567354
ENSMUSG00000037262	-0.1079623047506532	0.4233897408805851
ENSMUSG00000027547	-0.0042349751471743	0.2178159867254427
ENSMUSG00000020950	-0.1621520725998096	0.1493969829584367
ENSMUSG00000078521	-0.1233093131359016	0.4286983628345296
ENSMUSG00000105716	-0.2836835761051661	-0.2763754046693598
ENSMUSG00000037593	0.0765821940666729	0.1884981926382792
ENSMUSG00000061613	-0.0148559315850907	0.2423197026364915
ENSMUSG00000044348	-0.2940473861345975	0.4069797024045901
ENSMUSG00000030739	-0.0566573653251869	-0.0199447890276142
ENSMUSG00000087038	-0.4611589356818574	-0.3297695516614736
ENSMUSG00000025963	-0.3491405838731092	0.4352348436322537
ENSMUSG00000028573	-0.3698492668194827	0.4808327548944478
ENSMUSG00000103474	-2.0	-2.0
ENSMUSG00000035566	-0.8207702001247817	0.2628552938116897
ENSMUSG00000052727	-0.0322045277418684	0.3722696556469015
ENSMUSG00000096856	-0.0017731040625754	0.2929034850204938
ENSMUSG00000025223	-0.0319754973587298	0.3344698358338794
ENSMUSG00000073950	-0.5778862738531534	-0.624877222711968
ENSMUSG00000034990	-0.3298291341560235	-0.0065489552427803
ENSMUSG00000044594	-0.4692913866092604	-0.5934520193665754
ENSMUSG00000045095	-0.064554003240538	0.5052221737764413
ENSMUSG00000085563	-0.0960430499758385	-0.0516180423893305
ENSMUSG00000025229	-0.2035916461705122	-0.0711610657029134
ENSMUSG00000074743	-0.3068512056456859	0.0315096935666236
ENSMUSG00000037643	-0.0215482136667926	0.4252804818940223
ENSMUSG00000106448	-0.6785951709173145	-0.4384819413221269
ENSMUSG00000091264	-0.0957635786085201	0.4730093485485553
ENSMUSG00000032369	-0.1589015601348909	0.4849941552131402
ENSMUSG00000111565	-0.39576746495671	-0.3753932846532689
ENSMUSG00000036894	-0.6585903664521489	-2.0
ENSMUSG00000042909	-0.3518033925561568	-0.5036018163670423
ENSMUSG00000040479	-0.0116164907210223	-0.0279306188723847
ENSMUSG00000073420	-0.419241250713195	-0.1690442927184131
ENSMUSG00000103694	-0.4855850794196309	-0.3929885052588097
ENSMUSG00000046722	-0.116965081838766	0.3484672549247145
ENSMUSG00000035047	-0.0204631884266101	0.1906067576162895
ENSMUSG00000046258	-0.5100176280084747	-0.6759530331935111
ENSMUSG00000026209	-0.0719592056681605	0.4625818602231891
ENSMUSG00000105809	-0.3821960139846629	-0.4236911366972859
ENSMUSG00000093436	-0.3624562372083315	-0.1006453284999578
ENSMUSG00000049598	-0.0574129098698939	-0.2604920529850033
ENSMUSG00000112439	-0.3400436984399794	-0.3116232536025578
ENSMUSG00000020311	-0.1355367414313938	0.455086778454773
ENSMUSG00000085808	-0.6547992373943967	-0.5282950548606763
ENSMUSG00000094778	-0.4618703380897588	-0.6665354346796877
ENSMUSG00000027306	-0.0311925259269277	0.4639550692581007
ENSMUSG00000035951	-0.3703580237769884	-0.3652938534860933
ENSMUSG00000044361	-0.1322921551256049	-0.2180524297621377
ENSMUSG00000086193	-0.0757655933533913	0.3632327937662778
ENSMUSG00000107706	-0.3279474219344726	-0.4543275617186491
ENSMUSG00000112057	-0.229156527112966	0.2279257636626712
ENSMUSG00000114511	-0.474938780831057	-0.2942701873238446
ENSMUSG00000079349	-0.6299817364746851	-0.6536791488787697
ENSMUSG00000047347	-0.056626984829366	-0.1420575071385264
ENSMUSG00000098923	0.0623523302626348	0.3150176298439051
ENSMUSG00000035498	-0.2956548667162499	-0.0487431295016346
ENSMUSG00000110836	-0.3196534253637122	-0.346122482756212
ENSMUSG00000042200	-0.249963491343981	-0.232892985514669
ENSMUSG00000115174	-0.2087914819080973	-0.2226087056575371
ENSMUSG00000120268	-0.2727556936934985	-0.3664661021828505
ENSMUSG00000034593	-0.1884388006240592	0.5104522435770215
ENSMUSG00000063087	-0.320860396145098	0.0646085435078709
ENSMUSG00000074704	-0.797943085620281	-0.4594205586822285
ENSMUSG00000110056	-0.3890984873464188	-0.5143186269675775
ENSMUSG00000074235	-0.4874674199710581	-0.0821302979555226
ENSMUSG00000113733	-0.2583996781671004	-0.1496888337059583
ENSMUSG00000025869	-0.1680052641088944	0.3562213413673896
ENSMUSG00000082925	-2.0	-2.0
ENSMUSG00000034412	-0.0580055468121128	0.3016106932806368
ENSMUSG00000025515	-0.3095460787836226	-0.2109576953799888
ENSMUSG00000118646	-0.1368895796790443	-0.1798637224291988
ENSMUSG00000102816	-0.5433130719791343	-0.4823797832475115
ENSMUSG00000031358	-0.2714757806956772	0.4004608974380079
ENSMUSG00000050912	-0.0725707083272939	0.4848246624518256
ENSMUSG00000003198	-0.1978685477325903	0.5693001552331356
ENSMUSG00000109621	-0.2561662815064073	-0.3516462546161165
ENSMUSG00000095677	-2.0	-2.0
ENSMUSG00000120942	-0.2376907810957718	-0.0896322995202434
ENSMUSG00000094113	-0.4792401264302008	-0.44073722995864
ENSMUSG00000107961	-0.0788755061461917	0.4505560860414114
ENSMUSG00000085176	-0.5510127932374577	-0.7116256029464718
ENSMUSG00000116660	-0.1055305210852168	0.1605459588926691
ENSMUSG00000035184	-0.5610581891308222	-0.3185024416749566
ENSMUSG00000028149	-0.140300066135193	0.5030889827604302
ENSMUSG00000110485	-0.4658050344770045	0.0104495588906844
ENSMUSG00000110326	-0.2556114043656508	-0.453374951764024
ENSMUSG00000037916	0.0116225388953934	-2.0
ENSMUSG00000039844	-0.0061795558219068	0.3711787318162868
ENSMUSG00000121079	-0.4607424391745878	-0.4544773982591554
ENSMUSG00000021933	-0.6646002766019079	-0.6302484720281236
ENSMUSG00000117092	-2.0	-2.0
ENSMUSG00000034463	-0.5786619953914834	-0.3550673247319472
ENSMUSG00000078651	0.0066715454129157	0.1691548505649376
ENSMUSG00000111525	-0.3450345487644982	-0.3250103344605519
ENSMUSG00000111275	-0.367859686337441	-0.2232047048633073
ENSMUSG00000024137	-0.1370104251421129	0.4718480144988076
ENSMUSG00000034813	-0.3231562875726106	0.2092935215016101
ENSMUSG00000087083	-0.3699249927077039	-0.3881414340427552
ENSMUSG00000063018	-0.2077959382233826	-0.593364455562546
ENSMUSG00000040724	-0.2523485028533541	-0.2564178693397099
ENSMUSG00000116715	-0.1282247910452947	-0.2903842679375464
ENSMUSG00000026639	-0.3211143103936966	-0.3123344581517404
ENSMUSG00000035694	-0.3028055417322008	-0.0075153208687361
ENSMUSG00000026858	-0.0488524658653054	0.3105327317411469
ENSMUSG00000021913	-0.0295807783811815	0.2099560551612848
ENSMUSG00000046774	-0.3326197157930196	-0.0794782660439012
ENSMUSG00000100415	-2.0	-2.0
ENSMUSG00000035085	0.116777510648446	-0.1544370175190266
ENSMUSG00000034764	-0.0665782155826894	-0.0346986532328239
ENSMUSG00000110033	-0.3786616672680549	-0.6842949279222943
ENSMUSG00000054272	-0.3232732938252282	-0.4275432425903715
ENSMUSG00000121773	-2.0	-2.0
ENSMUSG00000073572	-0.6793193410766178	-0.5301847561241849
ENSMUSG00000045930	-2.0	-2.0
ENSMUSG00000110889	-0.3968497790645761	-0.4118722450054767
ENSMUSG00000040339	-0.2797301930484079	0.3017524946627057
ENSMUSG00000073468	-0.0976783076854348	0.4442197282433302
ENSMUSG00000031111	-0.7542780822746064	-0.3681020828490937
ENSMUSG00000028053	-0.0702075373431353	-2.0
ENSMUSG00000109243	-0.2740129441604763	-0.3528996088385321
ENSMUSG00000097848	-0.1583884115633742	0.3306004392665647
ENSMUSG00000044715	-0.0403529269380885	0.3945780981574629
ENSMUSG00000053368	-0.3060949741045531	-0.3979367080465175
ENSMUSG00000022204	-0.2064637030191131	0.460204823339938
ENSMUSG00000051537	-0.2011468230890176	-0.448159020257784
ENSMUSG00000032193	-0.0431770661687106	0.4171397421378237
ENSMUSG00000028600	-0.2158049412483079	-0.048972232918144
ENSMUSG00000099903	-2.0	-2.0
ENSMUSG00000099532	-2.0	-2.0
ENSMUSG00000079295	-0.5119749850642221	-0.4496640041890696
ENSMUSG00000021065	-0.3542235615509876	0.5128497594354902
ENSMUSG00000102977	-2.0	-2.0
ENSMUSG00000067878	-0.5221381811330275	-0.2172197520523597
ENSMUSG00000018470	-0.0333606866104525	-0.0056508154434978
ENSMUSG00000109913	-0.0652094577160097	-0.2281270514785051
ENSMUSG00000101335	-0.1861915834053335	-0.0399879235704464
ENSMUSG00000112069	-0.5554243770975968	-0.5174066838905154
ENSMUSG00000121535	-2.0	-2.0
ENSMUSG00000028039	0.0572437735190508	0.2510836240058772
ENSMUSG00000105572	-0.4273318903678902	-0.3373003299086481
ENSMUSG00000022505	-0.2172148822589103	0.0692429905910651
ENSMUSG00000035370	0.0098416699613097	-0.1022767148897047
ENSMUSG00000038510	-0.0542636332706225	0.4277200717157411
ENSMUSG00000102139	-0.3646745180176119	-0.3352811366862918
ENSMUSG00000032599	-0.0449182798713852	0.4457984248965924
ENSMUSG00000042197	-0.0239462860984066	0.4921718076151927
ENSMUSG00000005378	-0.141330368822721	0.3510278844874726
ENSMUSG00000085310	-0.2360362080359311	0.4240206848163996
ENSMUSG00000005204	-0.230546014419252	0.2940308316877724
ENSMUSG00000026248	-0.169147498988356	0.3973618386092526
ENSMUSG00000114391	-0.1376834884387496	-0.1725989315498169
ENSMUSG00000013150	-0.0444133563607132	0.4084865609831776
ENSMUSG00000033285	-0.0474241287750725	0.4030140802363637
ENSMUSG00000117864	-0.3558697607257021	-0.3243426179362864
ENSMUSG00000047719	-0.0833260646378648	0.2509013631470373
ENSMUSG00000116709	-0.3575760223970586	-0.6538869710528948
ENSMUSG00000096773	-0.534765012321265	-0.4324809832489207
ENSMUSG00000055235	-0.1420825652119844	0.3101790751815192
ENSMUSG00000043583	-0.3541224514506128	0.1805322695048059
ENSMUSG00000031590	-0.0592375509313625	0.4639088083593299
ENSMUSG00000109966	-0.4889871689099962	-0.5378462940511883
ENSMUSG00000007589	0.1123079980635092	0.1094995770920219
ENSMUSG00000113246	-0.114088005142681	0.1297098667087023
ENSMUSG00000090304	-0.6098820995960825	-1.3272927095273572
ENSMUSG00000045064	-0.0143735360225738	-0.0327138025257181
ENSMUSG00000109975	-0.208860602182138	-0.1627379102052532
ENSMUSG00000104283	-0.4043012281417539	0.030999833259472
ENSMUSG00000025950	-0.038137431549256	0.4978583764693107
ENSMUSG00000118316	-0.5041948865681913	-0.6116561304526067
ENSMUSG00000024215	-0.0496045708106194	-0.0474775134652574
ENSMUSG00000114271	-0.5469057158225823	-0.3252821174311703
ENSMUSG00000027077	-0.2089690813756938	-0.3553062267200843
ENSMUSG00000082119	-0.3760006486494602	-0.6814833979928591
ENSMUSG00000004626	-0.0778839155646703	0.3124713580785514
ENSMUSG00000078687	-0.3825431553669837	-0.2990389142059254
ENSMUSG00000030484	-0.3524366981803568	-0.3574504099001128
ENSMUSG00000038766	-0.0340175534283694	0.4348463168148995
ENSMUSG00000008855	-0.0206774807257009	0.4284367505673653
ENSMUSG00000096376	-0.7293705341842575	-0.9617884975299964
ENSMUSG00000089794	-0.2908203002252176	-0.2764960574612048
ENSMUSG00000058981	-0.5560212281104427	-0.5696217217666332
ENSMUSG00000092413	-0.5082029690928832	-0.4817656515010846
ENSMUSG00000094024	-0.6611869336873973	-0.924090280544776
ENSMUSG00000022568	-0.0488401216263046	0.3619135987921247
ENSMUSG00000095466	-2.0	-2.0
ENSMUSG00000062939	-0.2527453123820163	-0.2988983331212708
ENSMUSG00000038677	-0.061401828712019	0.2102746332619737
ENSMUSG00000024681	-0.588109735436565	-0.5263451838349619
ENSMUSG00000039307	-0.065542152138556	0.4145358265226025
ENSMUSG00000005881	-0.1074471800511515	0.4130984999321783
ENSMUSG00000097921	0.2047496330007572	0.1486909235915233
ENSMUSG00000095887	-2.0	-2.0
ENSMUSG00000117204	-0.4036668596988673	-0.4990089150368667
ENSMUSG00000030871	-0.0531788396505776	0.4439191760385524
ENSMUSG00000032410	-0.0219668302427186	0.4673582589136977
ENSMUSG00000045664	-0.061383720079476	0.1822873700927159
ENSMUSG00000019189	-0.0242892296646333	0.4102658985793841
ENSMUSG00000111542	-0.223287922473918	-2.0
ENSMUSG00000036391	-0.0275481387525836	0.4380094772989717
ENSMUSG00000030259	-0.2394727255172413	0.4025377294021887
ENSMUSG00000011751	-0.1101449946877891	-0.0710521048488045
ENSMUSG00000102782	-0.0209972487474061	-0.0155902546082701
ENSMUSG00000039068	-0.0151201736405553	0.3224430021691987
ENSMUSG00000024542	-0.014611882056177	0.2884160234462781
ENSMUSG00000001441	-0.0128337295172464	0.2854659400397926
ENSMUSG00000044763	-0.1622339665882252	0.3509473670368642
ENSMUSG00000079005	-0.2266871502683503	-0.2174408122278626
ENSMUSG00000012535	-0.0236748778441882	0.5218880327259207
ENSMUSG00000120948	-0.2674724337517244	-0.7162119558375704
ENSMUSG00000111066	-0.4873014120820133	-0.6783744399208468
ENSMUSG00000106062	-0.0160005513565815	-0.106435406905587
ENSMUSG00000040016	-0.4095039111922356	0.1094597492610546
ENSMUSG00000106932	-0.3939698674185848	-0.2521963385433087
ENSMUSG00000028664	-0.0648971891460526	0.4591505424789863
ENSMUSG00000113218	-0.5415135384249198	-0.4608566284287086
ENSMUSG00000052533	-0.3191289754627047	0.3546208348448643
ENSMUSG00000022550	-0.0260151223635233	0.3363792718415765
ENSMUSG00000022092	-0.4854679194111275	0.2717731358915239
ENSMUSG00000085810	-0.3286606942065127	-0.4811461537540562
ENSMUSG00000030895	-0.3768446100835097	-0.2684497509482969
ENSMUSG00000034330	-0.1962523593285263	0.1864500789660688
ENSMUSG00000090203	-0.5081994702411471	-0.4112972387177186
ENSMUSG00000098274	-0.1341493019809746	0.247903086555136
ENSMUSG00000058925	-0.4386137934988913	-0.2913197904539398
ENSMUSG00000043866	0.0929927827611674	0.1929525168374638
ENSMUSG00000032782	-0.0476255910122242	0.3722173125798069
ENSMUSG00000120124	-0.4762928035068313	-0.7045072752127011
ENSMUSG00000055653	-0.4581026395649573	0.3308760711258614
ENSMUSG00000079626	-0.4891330342281126	-0.5649159961934139
ENSMUSG00000037393	-0.3892653319931207	-0.4214105476748387
ENSMUSG00000110998	-0.4360175109700262	-0.3564973825199458
ENSMUSG00000099625	-0.3872888142415866	-0.3989863979161955
ENSMUSG00000043383	-0.7617573791553394	-0.3069499876340908
ENSMUSG00000063851	-0.2374728281599162	-0.3478244673435169
ENSMUSG00000107742	-0.310567886232984	0.4584607718405805
ENSMUSG00000087544	-0.5188013902724882	-0.637072413086601
ENSMUSG00000111922	-0.3410389669529923	-0.2551883643557849
ENSMUSG00000024477	-0.0232095295745934	0.4869963223910732
ENSMUSG00000042737	-0.0870482828852948	-0.2639158239069219
ENSMUSG00000096818	-0.0713456965312002	-0.6269832269234757
ENSMUSG00000104053	-0.3592054273855304	-0.5664420062753749
ENSMUSG00000116701	-0.4925222099524726	-0.4036069057634214
ENSMUSG00000023036	-0.0021735147480621	0.0151521163716071
ENSMUSG00000097569	0.168638297030319	-0.8767461374077336
ENSMUSG00000039716	-0.292565242703979	0.4414025755216013
ENSMUSG00000000901	-0.1443444597279851	0.1031610369668845
ENSMUSG00000023030	-0.0189669123235654	0.458445055018489
ENSMUSG00000113765	-0.647707127206111	-0.2256556331045109
ENSMUSG00000056359	-0.2852999902055582	-0.2727589653499551
ENSMUSG00000024987	-0.3990708842743845	-0.0730224249568752
ENSMUSG00000019791	-0.3399236061749079	0.5067939247757443
ENSMUSG00000024301	-0.0415567231019653	0.3760434326384899
ENSMUSG00000014351	-0.1512071099502339	-0.2254817204413916
ENSMUSG00000086806	0.0798524359264926	0.0490095112721282
ENSMUSG00000107163	-0.2339427654995233	-0.5792164137440441
ENSMUSG00000109778	-0.3898988184108878	-0.2886017568590202
ENSMUSG00000120530	-0.3420273575026379	-0.2840496101129327
ENSMUSG00000026335	-0.3529771349255254	0.4594395337798236
ENSMUSG00000119973	-0.1750635021916623	0.15722822740751
ENSMUSG00000102679	-0.6226815801126088	-0.3733543990646639
ENSMUSG00000076613	-0.1849195178879385	-0.3851283469550703
ENSMUSG00000026224	-0.2636521095510356	-0.2503289107777242
ENSMUSG00000110719	-0.207086070296998	-0.2146913818608635
ENSMUSG00000108811	-0.3730460990626978	-0.3436146833321502
ENSMUSG00000010110	-0.1369123174885	0.4144973677384639
ENSMUSG00000022510	-0.4617548759509022	-0.3758437955982729
ENSMUSG00000031732	-0.1769232081814362	0.3544833846936303
ENSMUSG00000057425	-0.5085219308381748	-0.6779416722193796
ENSMUSG00000040591	-0.1353317232987963	0.2961612919193032
ENSMUSG00000086118	-0.3074673311281476	0.3459141545279355
ENSMUSG00000103999	-0.3100682996398772	-0.0897812683123496
ENSMUSG00000000296	-0.2403123670387147	0.4198209807006572
ENSMUSG00000087505	-0.654336379062289	-0.8377264949448109
ENSMUSG00000121474	-1.1909750997385713	-1.4696363513499704
ENSMUSG00000027220	-0.241270640431358	-0.0941069132871948
ENSMUSG00000027071	-0.2620380810339234	0.4204274365920371
ENSMUSG00000114639	-0.4527948027803293	0.2519200675972621
ENSMUSG00000026940	-0.1978749862212022	-0.1807670253232412
ENSMUSG00000031570	-0.0065541578120953	0.1858028232780773
ENSMUSG00000045967	-0.4251796127299235	-0.2766533668073074
ENSMUSG00000068180	-0.435465545732304	-0.4017721431007041
ENSMUSG00000091620	-0.5223058545889527	-0.5572785043752873
ENSMUSG00000120450	0.0261645092546089	-0.0668792331403445
ENSMUSG00000060924	-0.4838370759505865	-0.2238596938886692
ENSMUSG00000037134	-0.0422122333350223	0.4594024402270695
ENSMUSG00000003484	-0.1687464782398215	-0.3005638136853528
ENSMUSG00000041346	-0.0799965388224887	0.014235423684859
ENSMUSG00000085075	-0.5317457426635791	-0.9005105181450781
ENSMUSG00000066366	-0.3865935360870183	-0.6014613556635994
ENSMUSG00000086150	-0.1697893383888194	-0.0495064343612908
ENSMUSG00000107902	-0.4077981408863727	-0.3472257849896462
ENSMUSG00000073901	-0.4552867013788778	-0.4090888708064542
ENSMUSG00000029141	-0.038024407339142	0.3869232431928474
ENSMUSG00000054115	-0.0036383429552646	0.1529734995741901
ENSMUSG00000110691	-0.4512201258329456	-0.2420547690537712
ENSMUSG00000094975	-0.5913613115093862	-0.7750247364225876
ENSMUSG00000072905	-2.0	-2.0
ENSMUSG00000035429	-0.7675108622950049	-0.2924214787157276
ENSMUSG00000099552	-0.5108284607266517	-0.2648261823901751
ENSMUSG00000041975	-0.0876046854970472	-2.0
ENSMUSG00000114232	-0.278708540895062	-0.3538159274275601
ENSMUSG00000064202	-0.249623687781244	0.026908728089553
ENSMUSG00000101005	-2.0	-2.0
ENSMUSG00000018428	-0.0340698789080175	0.47843084756365
ENSMUSG00000071065	-0.4319234177225958	-0.9142122483566064
ENSMUSG00000100634	-2.0	-1.121463268702014
ENSMUSG00000099531	-2.0	-2.0
ENSMUSG00000079424	-0.7754364834640385	-1.1479119021116388
ENSMUSG00000024238	-0.0852632468537436	0.4372735280053254
ENSMUSG00000116673	-0.1113202039580358	0.5007015412437059
ENSMUSG00000086940	-0.3192256991624916	0.3369385946313201
ENSMUSG00000059657	-0.5806817945644741	-0.3608399519012162
ENSMUSG00000075316	-0.5048868408534394	0.0994626796852782
ENSMUSG00000026509	-0.0890034564512943	0.1050551464728341
ENSMUSG00000043411	-0.0108269552499956	0.4091161521439057
ENSMUSG00000121487	-0.2004728129642265	0.4644099542612319
ENSMUSG00000075707	0.0021428123350734	0.3019543191545982
ENSMUSG00000026675	-0.1029336753920141	0.4720317283803474
ENSMUSG00000051234	-0.1296047572849019	0.4685921798304908
ENSMUSG00000086660	-0.2529695333052051	-0.2046916818561265
ENSMUSG00000101447	-0.4286515608807517	-0.3129955407948762
ENSMUSG00000018678	0.0112243925360541	-0.2307215093218505
ENSMUSG00000111270	-0.384085071884196	-0.5843233307027652
ENSMUSG00000115186	-0.423049682296419	-0.1660318850566832
ENSMUSG00000023118	-0.0097052874060645	0.4694166816591872
ENSMUSG00000115754	-0.5712029583271612	-0.7120612874365562
ENSMUSG00000069733	-0.3908881710921513	-0.2978568478650196
ENSMUSG00000043715	-0.6427598175206984	-1.1670889125024513
ENSMUSG00000041417	-0.1892461038876963	0.550729643175869
ENSMUSG00000019256	-0.4073454483776703	0.3213610258294301
ENSMUSG00000028580	-0.0050384401491317	0.3330992964824142
ENSMUSG00000086368	-0.1742590192933122	0.1973084072280368
ENSMUSG00000021775	-2.0	-2.0
ENSMUSG00000022584	-0.1857000522912604	-0.2258889060065181
ENSMUSG00000001986	-0.654617642457882	-0.2482363582477219
ENSMUSG00000066894	-0.0791911133303463	0.2934818864173705
ENSMUSG00000121864	-0.4597371137905061	-0.5061974385070309
ENSMUSG00000115015	-0.689068008093284	-0.6760626062464439
ENSMUSG00000068747	-0.0638666327815635	0.1093738032086876
ENSMUSG00000103966	-0.1854005817753112	-0.1974947311352309
ENSMUSG00000055944	-0.3262343312732869	0.0393843719599945
ENSMUSG00000101634	-0.2491207233344181	-0.2547201386204563
ENSMUSG00000063888	-0.0224998166801258	0.3108283579904023
ENSMUSG00000085445	-0.2019395397242367	0.3627810249650398
ENSMUSG00000024576	-0.0293769184923293	0.3769592598462292
ENSMUSG00000039697	-0.2646465779805161	0.5268947155846702
ENSMUSG00000115777	-0.6145887201376558	-0.7686905469494677
ENSMUSG00000044951	-0.5041918358622114	-0.5156440619729953
ENSMUSG00000049908	-0.3033591847400613	-0.2760326709977101
ENSMUSG00000040467	0.0245783456113121	0.3412904613322421
ENSMUSG00000036550	-0.0124559087499362	0.4349879875420404
ENSMUSG00000017652	-0.1754443816989652	0.3057837286626571
ENSMUSG00000082754	-2.0	-2.0
ENSMUSG00000115199	-0.5387793665101267	-0.4392092479695467
ENSMUSG00000110256	-0.0356395648253056	0.446681907778834
ENSMUSG00000103620	-0.3079395747594277	-0.1466608073688717
ENSMUSG00000105579	-0.3980479442623431	-0.5935160260183165
ENSMUSG00000086752	-0.6142754285448125	-0.6161075087325487
ENSMUSG00000043939	-0.3261660363533956	-0.3052083138246584
ENSMUSG00000107643	-0.8464454855979819	-0.8961593484851269
ENSMUSG00000101714	-0.4197648804903336	-0.2538017151909969
ENSMUSG00000043964	-0.1364325760256406	0.275817927877539
ENSMUSG00000020921	-0.1378098040161946	0.0229795299266175
ENSMUSG00000020952	-0.0920493310779217	0.4585209136569496
ENSMUSG00000094531	-0.6060704868115905	-0.5605577198622497
ENSMUSG00000104339	-0.3924585554209465	-0.4179179469111961
ENSMUSG00000096963	-0.7275969606052181	-0.161943937056102
ENSMUSG00000090796	-2.0	-2.0
ENSMUSG00000029130	-0.0727237956402246	0.4523238300626397
ENSMUSG00000039208	-0.252723706917064	0.0983922813189623
ENSMUSG00000081211	-1.3731746846337909	-0.7567327043431364
ENSMUSG00000030551	-0.1688125846447643	-0.275104105689405
ENSMUSG00000026885	-0.317624023420448	0.3680453984024422
ENSMUSG00000113115	-0.4730229333734185	-0.5062322673600697
ENSMUSG00000000194	-0.0142139334835866	0.3649076644506011
ENSMUSG00000086614	-0.413343843733713	-0.4320568167791849
ENSMUSG00000110834	-0.1229916778596754	0.4813672295821826
ENSMUSG00000038351	-0.0761563642901338	0.254896919291239
ENSMUSG00000048400	-0.3106765758251109	-0.5018590058126138
ENSMUSG00000101410	-0.2182219421289585	-0.2679691080463606
ENSMUSG00000038593	-0.0315979404885101	0.3655478834472187
ENSMUSG00000112921	-0.6409408724852738	-0.4284989340619957
ENSMUSG00000047728	-2.0	-2.0
ENSMUSG00000021094	-0.1417041976859201	0.4699162255789886
ENSMUSG00000084934	-0.4304566198401828	-0.6485533945500019
ENSMUSG00000010505	-0.3587627337974038	-0.1856049556842473
ENSMUSG00000044125	-0.5967339373164741	0.4954069511097213
ENSMUSG00000052131	-0.2139722950331527	-0.2231476381279309
ENSMUSG00000064023	-0.1602737654940188	0.3317308928154576
ENSMUSG00000052151	-0.137160844347491	0.0211424754645902
ENSMUSG00000090897	-0.4447660673062783	-0.501949494106495
ENSMUSG00000032405	-0.4133838933332314	0.5186100004569695
ENSMUSG00000052295	-0.3074061552059909	-0.3454057348986741
ENSMUSG00000111533	0.0894840301162661	-0.1474371811286102
ENSMUSG00000098630	-0.22705971765423	-0.1441853702224009
ENSMUSG00000039463	-0.2065257459065169	0.3551222740841726
ENSMUSG00000084987	-0.245775547635982	0.2864088609172044
ENSMUSG00000001576	-0.0116731450173548	0.4261581519258529
ENSMUSG00000067562	-0.3859000028794341	-0.2755876522706685
ENSMUSG00000032985	-0.3744108002305759	0.5236138177019743
ENSMUSG00000073803	-0.2655277343552775	-0.2759488744784726
ENSMUSG00000110156	-0.1901968793477413	0.3843487539158337
ENSMUSG00000047242	-0.0616742496349165	-0.5029536336816153
ENSMUSG00000024953	-0.5843303349333426	0.3877378344125661
ENSMUSG00000040345	-0.0671167912830077	-0.2425236493410848
ENSMUSG00000030232	-0.1582992356308206	-0.2214678956344283
ENSMUSG00000030122	0.0241166479964535	0.2136813502790477
ENSMUSG00000029127	-0.0665641421420363	0.4418198301496791
ENSMUSG00000017344	-0.3883949976044083	-0.2354011408491512
ENSMUSG00000044067	-0.2871377480952335	-0.1936846015412257
ENSMUSG00000027074	-0.2080108498203863	0.1653504674304621
ENSMUSG00000041261	-0.4264275895644845	0.0651067746310217
ENSMUSG00000112837	-0.4501603614928803	-0.538955814143007
ENSMUSG00000032030	-0.0031790907083236	-0.107260225638625
ENSMUSG00000007989	-0.5412588389415482	0.1123055165921118
ENSMUSG00000086847	-0.080423539895674	-0.3389847257190235
ENSMUSG00000063844	-0.6737133892190925	-0.7797585569380059
ENSMUSG00000040490	-0.162601607175787	0.192097168404472
ENSMUSG00000039043	-0.1326624074177254	0.3722803446525041
ENSMUSG00000027865	-0.0854206636094668	0.4035906093085674
ENSMUSG00000073972	-0.4440331455168553	-0.5571296983297015
ENSMUSG00000104030	-0.1774481582175296	-0.2421372795559444
ENSMUSG00000090404	-0.1828244143886913	-0.1258197998709409
ENSMUSG00000035505	-0.1044635356683453	0.4581067032090123
ENSMUSG00000068819	-0.533430737177757	-0.7873517017163241
ENSMUSG00000052397	-0.5876685000434567	0.470662114802546
ENSMUSG00000042604	-0.3331706371266896	-0.3129912551227086
ENSMUSG00000025738	-0.1072612263700608	0.4299408100623612
ENSMUSG00000113336	-0.6963882559995002	-0.4484448569350758
ENSMUSG00000026584	-0.0067549893469139	0.2167786039291018
ENSMUSG00000035561	-0.0904561654056314	0.2156602952354176
ENSMUSG00000096742	-1.0210009863857912	-1.0206865902635045
ENSMUSG00000108334	0.0381547844981153	-0.2498177184069266
ENSMUSG00000037486	-0.0133084161316334	0.4601256452865082
ENSMUSG00000024694	-0.5893579839643888	-0.4019546682493726
ENSMUSG00000041301	-0.579921741602815	-0.3418174009819851
ENSMUSG00000095135	-2.0	-2.0
ENSMUSG00000014529	-0.3195328581866198	-0.1819889306705489
ENSMUSG00000095022	-0.3580329773697777	-0.2577532643944756
ENSMUSG00000075604	-0.2219486488360447	-0.3489397694834732
ENSMUSG00000113093	-0.2343987921797927	-0.1880186364077314
ENSMUSG00000044487	-0.8303752863963817	-0.8272358727201112
ENSMUSG00000098371	-0.0287930128118696	0.2574760168421909
ENSMUSG00000035885	-0.0619482440052594	0.0890158398931749
ENSMUSG00000018379	-0.1187544995484142	0.4213673035317226
ENSMUSG00000054715	-0.0671112156908323	0.3761950479844197
ENSMUSG00000055707	-0.0231820423211038	0.4249054731928357
ENSMUSG00000079034	-0.2045679886342962	-0.1733574854084441
ENSMUSG00000084831	-0.804038333660036	-0.601579302364916
ENSMUSG00000026835	-0.3690760718292086	-0.1672183338398966
ENSMUSG00000054752	-0.1548623789495581	0.4243376115876286
ENSMUSG00000054237	-0.1322370331526233	0.5187407665988535
ENSMUSG00000092152	-2.0	-2.0
ENSMUSG00000023927	-0.0903926286333453	0.2958461901532367
ENSMUSG00000002324	-0.0338628684593117	0.1318632629825331
ENSMUSG00000056329	-0.2844014069283687	0.1639855729544743
ENSMUSG00000114136	-0.1529974796806175	-0.4419166875398887
ENSMUSG00000094773	-1.4351091548236168	-1.3050983537109164
ENSMUSG00000058328	-0.4416555736497116	-0.5383583326981635
ENSMUSG00000059455	-0.3044747211317425	-0.0891185091296333
ENSMUSG00000058114	-0.4814073415114915	-0.4711694219182841
ENSMUSG00000024276	-0.0977205108912343	0.5189209330920833
ENSMUSG00000085449	-0.5290758340809627	-0.3900467791779444
ENSMUSG00000109744	-0.6820832641648754	-0.4414281697735449
ENSMUSG00000099722	-0.3255020555667595	-0.2602550953555244
ENSMUSG00000087120	-0.3617486218489057	0.1827785996047544
ENSMUSG00000118107	-0.1893775987693171	-0.0779281876478217
ENSMUSG00000097101	-0.07396630033457	0.2438329482712397
ENSMUSG00000117963	-0.2951316883637991	-0.4302354479171455
ENSMUSG00000019998	-0.1059858325700715	0.4227772386803928
ENSMUSG00000097336	-0.2640445504265052	-0.121771739682242
ENSMUSG00000048029	-0.2847332427674344	0.4679119314347617
ENSMUSG00000099508	-0.4387251718204751	-0.5702512718628977
ENSMUSG00000022432	-0.1319656476962059	0.3502038111102418
ENSMUSG00000055408	-0.1572560002533042	-0.2433056347907158
ENSMUSG00000094945	-0.5714971839380394	-0.6021399088652715
ENSMUSG00000053925	-0.0098797684758872	0.2823959580768213
ENSMUSG00000083937	-0.4211163247009659	-0.3247767003646419
ENSMUSG00000120617	-0.2673394722940045	-0.2362027286314602
ENSMUSG00000114230	-1.1770518073153209	-2.0
ENSMUSG00000120417	-0.1268750200986418	-0.2311071824349026
ENSMUSG00000112094	-0.2903692664493425	-0.2990975391216623
ENSMUSG00000097011	-0.0075886783478137	0.0084467791148356
ENSMUSG00000028649	-0.0039906837109745	-0.1443011066320688
ENSMUSG00000108980	-0.2735080092333453	-0.1319734160281407
ENSMUSG00000021660	-0.1705063372351289	0.4102858232182096
ENSMUSG00000058325	-0.1061957534846037	0.4256385429782037
ENSMUSG00000111927	-0.4444492376441345	-0.3129946658000395
ENSMUSG00000114491	-0.4050689490391672	-0.4004838543976776
ENSMUSG00000038390	-0.0816449030262363	0.0677378991677449
ENSMUSG00000087122	-0.260763671547014	-0.2258700572155207
ENSMUSG00000044461	-0.4182655520916403	0.4658475358245383
ENSMUSG00000050150	-0.0456684210712012	0.3595975983018029
ENSMUSG00000085804	-0.1540793172671478	-0.0344930356237059
ENSMUSG00000031165	-0.4762513747242186	-0.1364925147351734
ENSMUSG00000120687	-0.0994397488438145	0.4394940634687086
ENSMUSG00000092178	-2.0	-2.0
ENSMUSG00000024325	-0.2392757264740571	0.0971260641931735
ENSMUSG00000113853	-0.1541439714242108	-0.2279605296582873
ENSMUSG00000095179	-2.0	-2.0
ENSMUSG00000032812	-0.0469793823263445	0.3448789609399852
ENSMUSG00000041096	-0.0227631686568819	0.3763765514379086
ENSMUSG00000040433	-0.0303396095354334	0.4253969330527596
ENSMUSG00000111503	-0.4337343739252228	-0.4230335775468127
ENSMUSG00000032528	-0.3084033210576926	0.1280077748913843
ENSMUSG00000078776	-0.1808079855357585	-0.1230934942264548
ENSMUSG00000079852	-0.3311327120119687	-0.3738389521518968
ENSMUSG00000087213	-0.2037479690343527	0.5419624520291537
ENSMUSG00000121029	-0.3968229211466617	-0.3100376155414214
ENSMUSG00000026411	-0.0485545525200792	0.0931218484424703
ENSMUSG00000094439	-0.0313449554989237	-0.0751433827826099
ENSMUSG00000038201	-0.0641155354206929	0.1758025020158191
ENSMUSG00000026991	-0.0119738487410709	0.4513448574229227
ENSMUSG00000115586	-0.7298652925048477	-0.7422564393835404
ENSMUSG00000026073	-0.3611869898874508	-0.3208554866592494
ENSMUSG00000031935	-0.0329983240681555	0.4265249243468365
ENSMUSG00000062543	-0.0933919665390903	-0.3166472611888331
ENSMUSG00000121674	-0.344030091993725	-0.2392091257421299
ENSMUSG00000053957	-0.1882451476707433	0.4145381673821144
ENSMUSG00000053153	-0.5137815482757865	-0.1838191739233682
ENSMUSG00000112082	-0.2035576402109217	0.1782089767523512
ENSMUSG00000012123	-0.0215337921016247	0.0832832672308692
ENSMUSG00000006457	-0.0664614906946351	0.4352208142304224
ENSMUSG00000042208	-0.5037369658891786	0.3302741272536858
ENSMUSG00000109640	0.0450140895008206	-0.123127630536965
ENSMUSG00000020096	-0.2592722302341662	-0.3250551485759043
ENSMUSG00000063904	-0.0366191839512554	0.4019685434676768
ENSMUSG00000022906	-0.0839223924474409	0.3307476864061918
ENSMUSG00000085244	-0.3662863887434205	-0.5848327995172722
ENSMUSG00000046160	0.091846124251112	0.2684908234493078
ENSMUSG00000085170	-0.0109380166759499	-0.0860841533534156
ENSMUSG00000022889	-0.0491873521397166	0.4793394574927916
ENSMUSG00000107955	0.0251839998863294	-0.0562171054379336
ENSMUSG00000104510	-2.0	-2.0
ENSMUSG00000038782	-0.288768613823771	0.3927725526012979
ENSMUSG00000011958	-0.0573955615831697	0.4378897049645381
ENSMUSG00000083653	-2.0	-2.0
ENSMUSG00000038700	-0.1985595171568436	-0.1070021139418647
ENSMUSG00000056078	-0.4055902107964417	-0.5260496405092212
ENSMUSG00000050010	-0.2627240062068999	0.1381877133520469
ENSMUSG00000050763	-2.0	-2.0
ENSMUSG00000041141	-0.1829432576272973	-0.2986888685759175
ENSMUSG00000087293	-0.2071848697356566	0.363605587631948
ENSMUSG00000111013	-0.2651118808395455	-0.2382409530970328
ENSMUSG00000096039	-0.1393890427725748	0.1498556727557201
ENSMUSG00000039512	-0.0313667088445481	0.277585379018833
ENSMUSG00000026269	-0.0104334368868583	-0.0179886975957757
ENSMUSG00000021275	-0.0378611809979842	0.3192959825562068
ENSMUSG00000040883	-0.0449198210512985	0.378714693151996
ENSMUSG00000067919	-2.0	-2.0
ENSMUSG00000073374	-0.3197216104931663	0.4393816479035903
ENSMUSG00000038210	-0.2887627367759275	-0.1464392514066555
ENSMUSG00000074695	-0.4015235896691476	-0.3753646291484309
ENSMUSG00000092412	0.0238548670825603	-0.0748878744119339
ENSMUSG00000112058	-0.203737832720063	0.111718283627682
ENSMUSG00000059824	0.1324319639355526	-0.0723079880378943
ENSMUSG00000105848	-0.1386244014941093	0.5075107267319837
ENSMUSG00000057540	-0.847997527685939	-0.6130670638761493
ENSMUSG00000078949	-0.1979234834366557	0.1158841807107445
ENSMUSG00000108443	-2.0	-0.5288242140874039
ENSMUSG00000066090	-0.1517314236281874	-0.2739058717565768
ENSMUSG00000113324	-0.323257569276534	-0.1780790940517881
ENSMUSG00000048933	-0.8915606827990001	-0.9593905403626128
ENSMUSG00000028556	-0.1443289586826725	0.4968759803436824
ENSMUSG00000023892	-0.1525212425145913	0.4805418597736415
ENSMUSG00000085077	-0.5413473474495306	-0.3903816892300631
ENSMUSG00000031503	-0.2251000022178962	0.2992644791741856
ENSMUSG00000064302	-0.020943831382201	0.5226082693280008
ENSMUSG00000089887	-0.2921068629837476	-0.438872631046442
ENSMUSG00000087259	-0.1984718512259924	0.4902872381589654
ENSMUSG00000025592	-0.8164570780795272	0.4018137166946359
ENSMUSG00000029614	-0.0327198901033123	0.2448780357008704
ENSMUSG00000034028	-0.5691216300144141	-0.3075890033849572
ENSMUSG00000067649	-0.7326281666364042	-0.4915634791772993
ENSMUSG00000024790	-0.0634366985017751	0.3589006489711794
ENSMUSG00000035443	-0.0125595196523096	0.236020637642294
ENSMUSG00000054808	-0.0103599531812198	0.293344873151232
ENSMUSG00000103459	-0.6251179045570894	-0.3971936204810066
ENSMUSG00000038402	-0.188339752097181	-0.0976956018021646
ENSMUSG00000022237	-0.0160255149504886	0.249045165110733
ENSMUSG00000074311	-2.0	-2.0
ENSMUSG00000108455	-0.187028251378612	-0.3996133075035431
ENSMUSG00000030909	-0.462177631995137	-0.2262823018185722
ENSMUSG00000099996	-0.4032610946471196	-0.414638774807374
ENSMUSG00000026459	0.0691024800517753	-0.1399437472398672
ENSMUSG00000029502	-0.0349185817936203	0.374602823818472
ENSMUSG00000051361	-0.5347209751903862	-0.7129067027957647
ENSMUSG00000004952	-0.0487193221209155	0.3762455624987207
ENSMUSG00000040282	-0.093722508720881	0.4571858628134278
ENSMUSG00000042323	-0.0419290746293971	0.2951829918403407
ENSMUSG00000108246	-0.6630985911793403	-0.5979820970910681
ENSMUSG00000113951	-2.0	-2.0
ENSMUSG00000121153	-0.2463022167315878	0.4044187158761698
ENSMUSG00000032394	-0.0502192065986783	0.2028174278683095
ENSMUSG00000063049	-0.2181928002388629	0.474740598479892
ENSMUSG00000036206	-0.0489619269866287	0.5290341237972788
ENSMUSG00000029250	-0.0314426206842873	0.4992577985692584
ENSMUSG00000110558	-0.1095992152100037	0.4369274768599842
ENSMUSG00000044390	-0.1203958861231552	0.2754251086693957
ENSMUSG00000095802	-2.0	-2.0
ENSMUSG00000035201	-0.3244016437943529	-0.2490567570472456
ENSMUSG00000006310	-0.2039067095819937	-0.0084059049178095
ENSMUSG00000033713	-0.0627825069267364	-0.3366025272887543
ENSMUSG00000104876	-0.663635341017834	-0.6064163390374032
ENSMUSG00000019659	-0.0258455612049948	0.4368725277822671
ENSMUSG00000021294	-0.0543488722912337	0.4177665479636985
ENSMUSG00000114087	-0.1601512950051381	-0.3421170971567871
ENSMUSG00000025959	-0.1924043643448199	0.5410545289865003
ENSMUSG00000080223	-0.3567925717229016	0.1655345503901383
ENSMUSG00000104169	-0.205682358471241	-0.604925728187804
ENSMUSG00000033355	-0.3846703913864318	-0.3337196360308981
ENSMUSG00000026349	-0.0312919304490858	0.4181477692681652
ENSMUSG00000047220	-0.1454474218108061	-0.0483318825891059
ENSMUSG00000099850	-0.1999962449253887	-0.570089465448005
ENSMUSG00000098284	-0.4810280552313169	-2.0
ENSMUSG00000118592	-0.2599273581283487	-0.4130589007237907
ENSMUSG00000025219	-0.1854666099936806	-0.3463869619294939
ENSMUSG00000079845	-0.7634592117722924	-0.7356022295335968
ENSMUSG00000121611	-0.332964730982562	-0.5266077237543506
ENSMUSG00000049811	-0.1874976135104118	0.2173481072439503
ENSMUSG00000105065	-0.2372057898249574	-0.7027404087225434
ENSMUSG00000057074	-0.4169738441965424	-0.3698097805995223
ENSMUSG00000107370	-0.1861685137843932	-0.0197816717466419
ENSMUSG00000074388	-0.2419452848333524	-0.2521143782342767
ENSMUSG00000114957	-0.438147364342058	-0.5233283569114529
ENSMUSG00000109238	-0.3485913295501657	-0.53730681214773
ENSMUSG00000113687	-0.1012929143909213	-0.0862996086287555
ENSMUSG00000026867	-0.0168764865629019	0.3712238106702217
ENSMUSG00000019874	-0.4866347382699699	-0.423030080594387
ENSMUSG00000092073	-0.6819057644138237	-0.9117015686883712
ENSMUSG00000102238	-0.6310135997679149	-0.3851820604861055
ENSMUSG00000046287	-0.5940399474146013	-0.4838434537611339
ENSMUSG00000018900	-0.0801739957468219	0.4521919968463859
ENSMUSG00000042492	-0.1509752547512523	0.0396876980051112
ENSMUSG00000091635	-0.3539226564416152	-0.618429410887715
ENSMUSG00000056529	-0.260353460025807	-0.3685972270737506
ENSMUSG00000057604	-0.2434320455876898	-0.0560989808642697
ENSMUSG00000032258	-0.2277798361543375	0.4029364649126852
ENSMUSG00000103510	-0.3909879570086742	-0.3787476713999821
ENSMUSG00000090894	-0.6076574490057345	-0.4198474098736066
ENSMUSG00000087618	-0.1812416631404392	0.0104651606929762
ENSMUSG00000101649	-2.0	-2.0
ENSMUSG00000029195	-0.2516116233314109	-0.2946356714101193
ENSMUSG00000103052	-0.9183603800450504	-0.5089645978742782
ENSMUSG00000089759	-0.4748336852917081	-0.6917101216960075
ENSMUSG00000087565	-0.5081712005531037	-0.1586714444025111
ENSMUSG00000031609	-0.5022285816147873	0.3736177098924481
ENSMUSG00000062691	0.0135442537269689	0.1806069468919068
ENSMUSG00000102504	-0.3427180667571277	-0.2080453465172287
ENSMUSG00000067577	-0.354503847919851	-0.2418602337349346
ENSMUSG00000103994	-2.0	-2.0
ENSMUSG00000007613	-0.2162587400478438	0.5452204963930705
ENSMUSG00000078870	-2.0	-2.0
ENSMUSG00000114649	-0.3614208983085868	-0.502408073983272
ENSMUSG00000066756	-0.4922574912606219	-0.5082621179485919
ENSMUSG00000060049	-0.5019477283008853	-0.5072619826027392
ENSMUSG00000038608	-0.4057303513549706	0.0420007453342973
ENSMUSG00000020545	-0.4551283861451327	-0.2968562210849497
ENSMUSG00000113822	-0.2926761642713799	-0.2290027080318236
ENSMUSG00000085238	-0.2407910126025728	-0.3680159314681107
ENSMUSG00000107217	-0.5564259969314287	-0.866101606300917
ENSMUSG00000035397	-0.1023589455418255	0.2672858037538831
ENSMUSG00000102668	-2.0	-2.0
ENSMUSG00000107453	-0.0011198376724472	0.0258947951893894
ENSMUSG00000006269	-0.1804107949079654	-0.1485893690725206
ENSMUSG00000097500	-0.0078130700505426	-0.0291924766241942
ENSMUSG00000117781	-0.3556937871183889	-0.3837250325690595
ENSMUSG00000029152	-0.0468263005034	0.4693533139848008
ENSMUSG00000004842	-0.4162411999732611	-0.413614587922085
ENSMUSG00000024805	-0.2674272512296792	0.1505353998545688
ENSMUSG00000023349	-2.0	-2.0
ENSMUSG00000048992	-0.2574428074186967	-0.1035251513423585
ENSMUSG00000025838	-0.311065914830698	-0.210958683638439
ENSMUSG00000110847	-0.2593452469919194	-0.2772113053860618
ENSMUSG00000036168	-0.096101241634754	0.2360634104870013
ENSMUSG00000028555	-0.1210309277567098	0.3333960831743239
ENSMUSG00000030638	-0.1181923262011368	-0.0779876398915015
ENSMUSG00000079519	-1.0799461037372966	-0.6906693009470736
ENSMUSG00000030553	-0.2090510208007218	0.2537890301552737
ENSMUSG00000113189	-0.2380778720634888	-0.2227665143094691
ENSMUSG00000024544	-0.1797049900246966	0.2511352669183016
ENSMUSG00000053510	-0.02723710707005	0.5228397438846738
ENSMUSG00000031668	-0.0282666199848689	0.5044858144727148
ENSMUSG00000024999	-0.0156928149749341	0.4130870921708081
ENSMUSG00000043501	-0.0252272563923305	-0.1239986675849812
ENSMUSG00000078624	-0.9710513841516664	-2.0
ENSMUSG00000117645	-0.5174537177275262	-0.3073525672426598
ENSMUSG00000032294	-0.0088417327189435	0.2468096644940433
ENSMUSG00000001305	-0.0409561260032431	0.4032767017768526
ENSMUSG00000093847	-2.0	-2.0
ENSMUSG00000111444	-0.2845182899229465	-0.3236446317400899
ENSMUSG00000100430	-0.3890655090662517	-0.4410980795010003
ENSMUSG00000075215	-0.485821940109132	-0.7363254974592651
ENSMUSG00000117739	-0.0437591290976293	0.3136525499522497
ENSMUSG00000115140	-0.4045639663010394	-0.2354883720617839
ENSMUSG00000115858	-0.2149534743355554	-0.1749565415097782
ENSMUSG00000026989	-0.3553540622649196	-0.3509844553532313
ENSMUSG00000020053	-0.389746859324621	-0.4201416654483054
ENSMUSG00000101812	-0.3981806744855994	-0.3821413597897978
ENSMUSG00000026818	-0.2148789613074083	-0.2825808282011994
ENSMUSG00000012396	-0.0330111633170461	0.2345739709340696
ENSMUSG00000026418	-0.3471785272532391	-0.2040649662414876
ENSMUSG00000078875	-2.0	-2.0
ENSMUSG00000064125	-0.0218090710799454	0.299428844041306
ENSMUSG00000055027	-0.1146513339748009	-0.5539971759710034
ENSMUSG00000110024	-2.0	-2.0
ENSMUSG00000105103	-0.0332160803610408	0.1570721702070405
ENSMUSG00000085081	0.0009487649352122	-0.0311441852840122
ENSMUSG00000041912	-0.2360436867040106	0.2746757368352488
ENSMUSG00000069289	-0.3479101879746877	-0.3777385078207071
ENSMUSG00000030996	-0.0088664654804265	-0.0672690833126557
ENSMUSG00000112857	-0.3232361774906954	-0.3755801071609368
ENSMUSG00000057564	-0.7987329103482161	-1.3768127561029413
ENSMUSG00000001157	-0.0408718528975185	0.4431775286773863
ENSMUSG00000087043	-0.5565098303186709	-0.6489009009783713
ENSMUSG00000016319	-0.0164887282004774	0.342231154210988
ENSMUSG00000119990	-0.3535031506333874	0.4548031047774225
ENSMUSG00000037617	-0.0453773115562858	0.2704072298557677
ENSMUSG00000028826	-0.0216288189533435	0.4899137827412942
ENSMUSG00000116353	-0.3465330063246226	-0.3311152108807121
ENSMUSG00000027425	-0.0292281509558064	0.4954233287443694
ENSMUSG00000075195	-0.5743900128097239	-0.7187238595177993
ENSMUSG00000086585	-0.1412322424443178	-0.1131891429670567
ENSMUSG00000044477	-0.0226398912668351	0.5041869490934487
ENSMUSG00000096275	-2.0	-2.0
ENSMUSG00000017588	-0.2847041300837574	-0.4728309276522607
ENSMUSG00000070802	-0.0987445420442763	0.2453561949127777
ENSMUSG00000117063	-0.2355079417433734	0.2318323704065313
ENSMUSG00000022589	-0.0802160988784905	-0.1769468362326755
ENSMUSG00000101639	-2.0	-2.0
ENSMUSG00000070426	-0.0351873149277542	0.4782758105974982
ENSMUSG00000043279	-0.0270238987695005	0.1972750432400402
ENSMUSG00000082817	-0.8956218173940373	-0.955519821998938
ENSMUSG00000090561	0.1136134973393974	0.0627719042298614
ENSMUSG00000094732	-0.6152746463963888	-0.769045751760492
ENSMUSG00000030335	-0.0100327191582537	0.3729539582069939
ENSMUSG00000059248	-0.0610315023136989	0.2774817720019112
ENSMUSG00000071324	-0.3526851138162882	0.4149837041003715
ENSMUSG00000110147	-0.549626996822622	-0.4723752024409846
ENSMUSG00000111925	-0.5816224651969769	-0.6091100901213007
ENSMUSG00000114577	-0.457770550086564	-0.7249929194368171
ENSMUSG00000111176	-0.3652866023336484	-0.3328362994817337
ENSMUSG00000039983	-0.0415911335823789	0.3292356039520359
ENSMUSG00000029470	-0.0791972631234741	0.4997398544377286
ENSMUSG00000113319	-0.4795201355237176	-0.5711061460473288
ENSMUSG00000057236	-0.0337698210457891	0.4100628853297287
ENSMUSG00000004344	-0.2038461507868421	-0.3024618946954623
ENSMUSG00000116525	-0.2806030765204204	-0.5339103594189583
ENSMUSG00000024388	-0.3521782620462945	-0.1650354653361808
ENSMUSG00000050281	-0.5629779507778958	-0.8915648781545927
ENSMUSG00000069763	-0.423621926391766	-0.1413717424697486
ENSMUSG00000116747	-0.0967153841244836	-0.1405761113508186
ENSMUSG00000028492	-0.3524881300686298	-0.4988182757857558
ENSMUSG00000094553	-0.4030429739625029	-0.296897516555328
ENSMUSG00000021245	-0.0600048816596337	0.3232434348271679
ENSMUSG00000048385	-0.0668158116910518	0.2504390327737287
ENSMUSG00000040044	-0.0233205957937869	0.4774662370131309
ENSMUSG00000044937	-0.2796532872651869	0.4626785513502685
ENSMUSG00000031921	-0.013555228958849	0.4373220800957703
ENSMUSG00000022637	-0.3015645066684198	0.5176777106613953
ENSMUSG00000058163	-0.369404745356092	-0.666174056868376
ENSMUSG00000043284	-0.0655555864315942	0.4220646267985458
ENSMUSG00000042064	-0.3234300218947977	-0.3632303549907249
ENSMUSG00000091933	-0.4062359846675941	-0.2565951371125347
ENSMUSG00000034349	-0.0466080925408495	0.467161892252425
ENSMUSG00000006678	-0.0771282452119887	0.4135428338841828
ENSMUSG00000071452	-0.5104867248497552	-0.4090155778182194
ENSMUSG00000121494	-0.1848438945922083	-0.2286614095633291
ENSMUSG00000085456	-0.4635092318411192	-0.4680339245993424
ENSMUSG00000101895	-0.3094364319208321	-0.1253218954077368
ENSMUSG00000031554	-0.2962905245129572	-0.2258193594883567
ENSMUSG00000025774	-0.54585148342351	-0.419624794568108
ENSMUSG00000074673	-0.2553253185234264	-0.024827926691566
ENSMUSG00000086539	-0.3667331846619047	0.5186405248497593
ENSMUSG00000094025	-0.3041112057066648	-0.5763076387102014
ENSMUSG00000072923	-0.6741148919760761	-0.5575199173656417
ENSMUSG00000109814	-0.2429243435624017	0.0991342187980383
ENSMUSG00000085293	-0.2706556958140319	-0.3138825309092572
ENSMUSG00000034487	-0.2017657587486437	0.5100619241192182
ENSMUSG00000070574	-0.2416100284347257	-0.1425589435176967
ENSMUSG00000085408	-0.1167530738546055	0.1136031330939392
ENSMUSG00000103216	-0.1058529240363863	-0.3319754622502082
ENSMUSG00000042569	-0.0480541179677117	0.4910085108777444
ENSMUSG00000028542	-0.0261579960602921	0.2105100702138134
ENSMUSG00000115468	-0.2461951781910057	0.1187165145018711
ENSMUSG00000109998	-0.3866595439147327	0.0082180800525772
ENSMUSG00000002015	-0.0379808932754959	0.3998861450692161
ENSMUSG00000020363	-0.0196491499728866	0.4716410601930119
ENSMUSG00000090145	-0.3006677714472173	-0.3225458071177812
ENSMUSG00000026708	-0.0766248836120988	0.4314564037672531
ENSMUSG00000036834	-0.3947106878893989	0.4946159259892765
ENSMUSG00000083899	0.2955767752760727	0.0209492540205246
ENSMUSG00000029378	-0.4231652628995599	-0.231263953086892
ENSMUSG00000023828	-0.4159079296282288	-0.302104552457556
ENSMUSG00000107392	-0.8006610016301545	-0.6028323321143346
ENSMUSG00000024955	-0.0985571543668025	0.3488572146709545
ENSMUSG00000050675	0.094253332831533	-0.1782017516112595
ENSMUSG00000094941	-0.708342071375407	-0.7934498401047264
ENSMUSG00000029925	-0.3048220856162813	0.2448216888958491
ENSMUSG00000100241	-0.1341621962448616	0.2015021617165916
ENSMUSG00000043419	-0.0210410996520568	0.3233383315596547
ENSMUSG00000047992	-0.3518576787806427	0.2272504728035323
ENSMUSG00000062017	-0.4037929549801403	-0.3186252556896892
ENSMUSG00000092521	-0.4010218135609701	-0.5214004069450543
ENSMUSG00000115204	-0.2365682625352527	-0.17955407722787
ENSMUSG00000117123	-0.3117724492573701	0.461424087071685
ENSMUSG00000027411	-0.0541756558004408	0.4533247626644198
ENSMUSG00000036411	-0.1302564666143323	0.457364672502452
ENSMUSG00000034881	-0.7088010372094209	0.1334226551713654
ENSMUSG00000085510	-0.4372074490303985	-0.4469969101858682
ENSMUSG00000098977	0.2860138657302523	-0.0689100623703538
ENSMUSG00000066551	-0.0470506195723902	0.4336034424735733
ENSMUSG00000034532	-0.4667822811876777	-0.3252501557443482
ENSMUSG00000034382	-0.1154081849654821	0.0385278099192539
ENSMUSG00000055730	-0.374440009995132	-0.2630091204200903
ENSMUSG00000121476	-0.0148379556601409	0.096110175084596
ENSMUSG00000046280	-0.0454220552641455	0.2777430343062007
ENSMUSG00000062901	-0.3282691373156292	0.5283033725233135
ENSMUSG00000036006	-0.2954172920355062	-0.1812677687725271
ENSMUSG00000114263	-0.1815089904795671	-0.2924889260352687
ENSMUSG00000049456	-0.4176599591432366	-0.4779670672201822
ENSMUSG00000006527	-0.1874093437962153	0.3227987944716849
ENSMUSG00000112229	0.0166647007245692	0.0640931784397632
ENSMUSG00000046683	-0.2801028413936252	0.0037797590727678
ENSMUSG00000032108	-0.7488746358650665	-0.3516185188113571
ENSMUSG00000085957	-0.0724262951230859	0.184362605050155
ENSMUSG00000087553	-0.6501061147895532	-0.6042271685278499
ENSMUSG00000107577	-0.3051050171677553	-2.0
ENSMUSG00000024754	-0.0181362901345269	0.4531451994281587
ENSMUSG00000095486	-0.5332073871494016	-0.5660507587354839
ENSMUSG00000023057	-0.3623016391072961	-0.4364460162077969
ENSMUSG00000097635	-0.3994886376908845	0.3363976873476877
ENSMUSG00000095956	-0.3185036895366795	-0.3786379879611796
ENSMUSG00000027673	-0.0862137950474551	0.443599963112091
ENSMUSG00000023902	-0.0442365553404482	0.1793633262173687
ENSMUSG00000031461	-0.2715585561648149	-0.2713944488770594
ENSMUSG00000000567	-0.3752851045661576	-0.135184189120753
ENSMUSG00000001815	-0.2981169851231917	-0.128837853749742
ENSMUSG00000121717	-0.1049064488675574	0.3921163338160098
ENSMUSG00000121714	-0.0660914787544214	0.1938706652746446
ENSMUSG00000032702	-0.178991673600133	0.5010400815962626
ENSMUSG00000105975	-0.4864587979494096	-0.3335110732202007
ENSMUSG00000001349	-0.1145126945366923	-0.1113508456313973
ENSMUSG00000103408	-0.7459151272569363	0.3312150579011022
ENSMUSG00000103473	-2.0	-2.0
ENSMUSG00000020211	-0.2576644162312842	0.3408754187723623
ENSMUSG00000033208	-0.1584619673462178	-0.3577024629645116
ENSMUSG00000038742	0.1692999213600102	-0.2230418013636159
ENSMUSG00000086770	-0.0179580082692483	0.1439928914861965
ENSMUSG00000075140	-0.604898064970584	-0.6178752441275764
ENSMUSG00000084136	-0.522621516468519	-0.6648908784973268
ENSMUSG00000110329	-0.4653259834408325	-0.6603657363452888
ENSMUSG00000005687	-0.0872586953395333	0.3820314587499341
ENSMUSG00000121857	-0.3897901185594787	-0.3272371644291148
ENSMUSG00000020305	-0.145974062152848	0.0728896519941532
ENSMUSG00000057072	-0.2526635592337121	-0.0267473277760227
ENSMUSG00000027099	-0.1636925979885026	0.5487200194942501
ENSMUSG00000058301	-0.041961983901663	0.4215812245194604
ENSMUSG00000104705	0.0130960376801207	0.0034832802723024
ENSMUSG00000023147	-0.074799126885329	0.455825410144973
ENSMUSG00000070821	-0.3062389418371075	-0.6665135500788932
ENSMUSG00000001247	-0.0804600221372507	0.4021901695212196
ENSMUSG00000121281	-0.009165586316102	-0.1005316704609451
ENSMUSG00000118175	-0.4497557434945033	-0.0999346332794114
ENSMUSG00000093820	-0.6090055433728858	-0.7419832390373178
ENSMUSG00000115339	-0.2057717712105777	-0.3615778392377167
ENSMUSG00000070695	-0.5249919435870317	-0.3152345056347037
ENSMUSG00000026919	-0.3684809462728676	-0.1831900472315564
ENSMUSG00000114854	-0.3530446878745654	-0.3370526307015268
ENSMUSG00000098645	-0.4007220880536643	-0.3050106861688326
ENSMUSG00000029482	-0.0661624820323887	0.4152862613148534
ENSMUSG00000049555	-0.1169292662549616	0.415661660093387
ENSMUSG00000034226	-0.0218997733124799	0.1522266824230393
ENSMUSG00000083200	-0.3835526347675677	-0.2822085436935775
ENSMUSG00000104221	-0.5559059660024557	-0.624814281379119
ENSMUSG00000026469	-0.1793281016549669	0.4802542190735724
ENSMUSG00000026826	-0.100346793333269	0.458943484769746
ENSMUSG00000030342	-0.0183931120406412	0.302259911617011
ENSMUSG00000022451	-0.0499914911530034	0.4297329058387326
ENSMUSG00000046168	-0.4487322975721423	0.0967591997812481
ENSMUSG00000026196	-0.0542982780600481	0.4871839244967008
ENSMUSG00000053559	-0.0374349207294816	0.2683106674944831
ENSMUSG00000093766	-2.0	-2.0
ENSMUSG00000002847	-0.1074546332038026	-0.0063211614584065
ENSMUSG00000107032	-0.3413083916410864	-0.1582472143713768
ENSMUSG00000086216	0.0003391383990446	0.3528062958657181
ENSMUSG00000026170	-0.2206713822207652	0.3352827835299989
ENSMUSG00000085933	-0.2814141176489909	-0.5701466654560208
ENSMUSG00000104121	-0.182446264664364	-0.2480722490102938
ENSMUSG00000030086	-0.1686308162383611	0.3700991376031146
ENSMUSG00000100192	-0.4156167538884813	-0.2955802353977257
ENSMUSG00000057219	-0.0976921211698592	0.356885177402749
ENSMUSG00000114953	-0.3058442431912059	-0.1461538856551038
ENSMUSG00000078868	-2.0	-2.0
ENSMUSG00000041303	-0.0810752458752193	0.4806834549852748
ENSMUSG00000098318	-0.0800176334937883	0.3536254504373112
ENSMUSG00000036202	-0.0160841895518223	0.3767083203920387
ENSMUSG00000031812	-0.0340038389953126	0.3647063005541858
ENSMUSG00000090740	-0.4550154452919644	-1.1001985325592782
ENSMUSG00000063382	-0.2411009701726271	-2.0
ENSMUSG00000022705	-0.2880292034550473	-0.1671134281202527
ENSMUSG00000112679	-0.4857375941763365	-0.4355334967122882
ENSMUSG00000100167	-2.0	-2.0
ENSMUSG00000099804	-0.5013030546972501	-0.5197742392630117
ENSMUSG00000074155	-0.3938349760168289	-0.3440611644045005
ENSMUSG00000097214	-0.5187902042751601	-0.4576474522966764
ENSMUSG00000090793	-0.3655782747179041	-0.3300196302374268
ENSMUSG00000003131	-0.044623822228834	0.4606853020382241
ENSMUSG00000101468	-0.6003598468000991	-0.3505082004317782
ENSMUSG00000098107	-0.2423632019286882	-0.2093504771172391
ENSMUSG00000087496	-0.2908347233959506	0.3015616808136062
ENSMUSG00000056602	-0.1434720550475528	-0.0489926510518605
ENSMUSG00000026888	-0.4323930796203212	-0.0469041893785087
ENSMUSG00000027375	-0.3136488859372101	-0.2219505312158256
ENSMUSG00000092411	-0.5609734732303441	-0.4296231277821897
ENSMUSG00000115138	-0.129972138766049	-0.1990964625060895
ENSMUSG00000111281	-0.5834449955242508	-0.7385395662129827
ENSMUSG00000034832	-0.065028223799024	0.4111979999771737
ENSMUSG00000105207	-0.2605048703215406	-0.2845119349600976
ENSMUSG00000022911	-0.1874945371428858	0.4291296141670776
ENSMUSG00000034413	-0.2187298704686883	-0.0552893830771007
ENSMUSG00000092455	0.004450868829142	0.0117299234439342
ENSMUSG00000091272	-0.210288032294576	0.0059503163220357
ENSMUSG00000109311	-0.3812450497503636	-0.2600035356416248
ENSMUSG00000041479	-0.0198277638984839	-0.0544579553933757
ENSMUSG00000115092	-0.0595440814567923	0.2770198241425316
ENSMUSG00000116763	-0.3268262407386175	-0.3788467842382023
ENSMUSG00000111278	-0.0442409792975388	-0.1400995033458632
ENSMUSG00000018507	-0.1617476242203678	-0.006982128186831
ENSMUSG00000070811	-0.2385445821917465	-0.533619418193788
ENSMUSG00000085882	-0.0770230664833915	0.2118293635729068
ENSMUSG00000103442	-0.3706621775595676	-0.3373758760697999
ENSMUSG00000025903	-0.027318590267644	0.4795816438898914
ENSMUSG00000041617	-0.07551467974631	0.1276774301176264
ENSMUSG00000118322	-0.418121535821514	-0.5791785405604924
ENSMUSG00000027468	-0.2228692367760541	-0.183346746672193
ENSMUSG00000026532	-0.5195696394486922	-0.1544769316936588
ENSMUSG00000034164	-0.1178482158952393	0.3259985371690319
ENSMUSG00000046675	-0.1483113624601766	0.2276728454529304
ENSMUSG00000020181	-0.4939833837192854	-0.380012067825898
ENSMUSG00000028031	-0.46936980784194	-0.2082575754996119
ENSMUSG00000103277	-0.3232588491603756	-0.5342514540782688
ENSMUSG00000110464	-0.3112405288116079	-0.2324536671828219
ENSMUSG00000022807	-0.0343039646441387	0.4786908504938422
ENSMUSG00000027810	-0.047332295334515	0.3662222948442259
ENSMUSG00000047861	-0.3806874894952566	-0.2524651464942911
ENSMUSG00000106794	-0.4940700781133418	-0.7382206161481789
ENSMUSG00000101528	-2.0	-2.0
ENSMUSG00000031983	-0.1070507899403798	0.4200422685053571
ENSMUSG00000118516	-0.152687378485828	-0.1788572539890818
ENSMUSG00000109515	-0.4329409864801949	-0.4737351794749673
ENSMUSG00000058656	-0.2814951556584698	0.4160623279448867
ENSMUSG00000111582	-0.5482089606716815	-0.5656767334018903
ENSMUSG00000004677	-0.1136644077035749	0.3987650788305089
ENSMUSG00000121111	-0.1562788685515656	0.2688918795272715
ENSMUSG00000085297	-0.1784391799596366	-0.1954364343573732
ENSMUSG00000063286	-2.0	-2.0
ENSMUSG00000017499	-0.0117487253244019	0.2738925714178234
ENSMUSG00000066170	0.0539424060685198	0.2722107160689665
ENSMUSG00000111221	-0.3575510711107155	-0.1975260755519492
ENSMUSG00000027985	-0.2332117694240883	-0.0054605208318412
ENSMUSG00000090417	-0.5848608500050491	-0.7586014637063203
ENSMUSG00000028521	-0.1460887077506985	0.5047434513372013
ENSMUSG00000103391	-0.5163793299591302	-0.5457378815857699
ENSMUSG00000108332	0.0465547050311027	-0.0924056076258541
ENSMUSG00000015120	0.0104991605052292	0.162253060525227
ENSMUSG00000030465	-0.374467164496062	-0.686848859272666
ENSMUSG00000033909	-0.0283959560967559	0.5034818021175377
ENSMUSG00000020483	-0.0765378524143776	0.4373246186178465
ENSMUSG00000025915	-0.3229941763219814	-0.1569667815075072
ENSMUSG00000116947	0.0642253547485753	0.0355924580531735
ENSMUSG00000110582	-0.5417581058690697	-0.2671591470741127
ENSMUSG00000013698	0.0066148321484631	0.1950950478131325
ENSMUSG00000061576	-0.3415917155090942	-0.1785966640528946
ENSMUSG00000060568	-0.2951736771261714	0.2512266500803986
ENSMUSG00000104045	-0.5172710719709167	-0.5834952933156606
ENSMUSG00000103742	-0.7279800674262873	-0.3249547133752062
ENSMUSG00000031028	-0.178464986668143	0.0711053984127685
ENSMUSG00000079409	-0.2048414409271921	-0.0302178876581565
ENSMUSG00000118356	-0.35987019566909	-0.3446254577357967
ENSMUSG00000036438	-0.0739615629780437	0.5101180122058127
ENSMUSG00000043060	-0.4622219697260797	-0.639744081427662
ENSMUSG00000022442	-0.027574885665386	0.3597004317933371
ENSMUSG00000024260	-0.0214684446813986	0.5135212336007138
ENSMUSG00000097084	-0.3833142271570732	-0.323833532229373
ENSMUSG00000105335	-0.2259638709227443	-0.215956154834376
ENSMUSG00000001211	-0.1071864002573197	0.3985824281035491
ENSMUSG00000099615	-0.438210256579288	-0.9055041350963574
ENSMUSG00000053695	-0.1708076782154033	-0.2945944192785021
ENSMUSG00000040785	-0.0845094104180055	0.4835399427393583
ENSMUSG00000006599	-0.0213286561247245	0.4505991748724281
ENSMUSG00000103443	-0.3447307200595706	-0.660432855001333
ENSMUSG00000103690	-0.3818918387591144	-0.266416633340023
ENSMUSG00000032584	-0.2966866067190712	0.0271686833838744
ENSMUSG00000047352	-2.0	-2.0
ENSMUSG00000027346	-0.185077374751586	0.4771751038968383
ENSMUSG00000114307	-0.4835875944607161	-0.2827770008735442
ENSMUSG00000038188	-0.1165493481617162	-0.3168576436822221
ENSMUSG00000117571	-0.2787464959532237	-0.356108513035325
ENSMUSG00000014245	-0.029701112706531	0.3387002675817298
ENSMUSG00000109061	-0.0813027886477851	0.5242727623560206
ENSMUSG00000020290	-0.5113832983120922	0.3869987853101465
ENSMUSG00000102897	-0.3530211900048292	-0.1215696687346767
ENSMUSG00000029471	-0.0244841900581354	0.2840944484715474
ENSMUSG00000101815	-2.0	-2.0
ENSMUSG00000108776	-0.2286430282499695	-0.0717822040053174
ENSMUSG00000005534	-0.1327531921529179	0.4191938267008545
ENSMUSG00000110945	0.268319096414448	0.1635132614655942
ENSMUSG00000024268	-0.2738428811213942	-0.0642523768866501
ENSMUSG00000053930	-0.4176811379148865	-0.0302649146377339
ENSMUSG00000110568	-0.3291067143517089	-0.3692087715191826
ENSMUSG00000036352	-0.0470855649390014	0.4109711468382762
ENSMUSG00000101785	-2.0	-2.0
ENSMUSG00000021893	-0.0983369491174997	0.5497335873065619
ENSMUSG00000107539	-0.0189903229281985	0.0193615040810302
ENSMUSG00000029659	-0.3048769395979219	-0.2985118012191554
ENSMUSG00000101138	-2.0	-2.0
ENSMUSG00000085070	-0.5832546756090158	-0.7725291836573597
ENSMUSG00000028343	-0.0666141606124891	0.5395934294053282
ENSMUSG00000038074	-0.0430255103273201	-0.204535436319496
ENSMUSG00000021461	-0.1319406958123871	0.5298610983890218
ENSMUSG00000086090	-0.0776036304604335	-0.6575888083928776
ENSMUSG00000021640	-0.3127964802534063	-0.6701503639531845
ENSMUSG00000046491	-0.395632230149581	-0.346446554146682
ENSMUSG00000028197	-0.5115790272035904	-0.3339742491047714
ENSMUSG00000079642	-0.6524510383504099	-0.7358253143810457
ENSMUSG00000035930	-0.3395281825359528	-0.3562426543825521
ENSMUSG00000102939	-0.384922778806355	-0.4423143048593736
ENSMUSG00000109776	-0.1894619698737895	0.3350220234819797
ENSMUSG00000100087	-1.776504059037605	-1.6061265958506166
ENSMUSG00000113770	-0.368897712548599	-0.2720457903058024
ENSMUSG00000027613	-0.1350065978925395	0.3458369922643856
ENSMUSG00000037466	-0.1369013650965949	0.3294015408447527
ENSMUSG00000013974	-0.1703179445356658	-0.1314164493756551
ENSMUSG00000002578	-0.1383234362229173	0.3538281711421061
ENSMUSG00000111222	-0.4939535865178316	-0.6251795707532715
ENSMUSG00000037686	-0.0821496075024015	0.3917852092679878
ENSMUSG00000024413	-0.0324038235124223	0.4214732898682701
ENSMUSG00000050199	-0.019052031343891	0.35533809449408
ENSMUSG00000102362	-0.4863267630428974	-0.559454272256821
ENSMUSG00000026319	-0.1007135595095091	0.5206765969304028
ENSMUSG00000118047	-0.309539701148075	-0.4190050640926816
ENSMUSG00000024758	-0.0407443767651827	0.4701831399174594
ENSMUSG00000083706	-0.7367261917524911	-0.4654594201457122
ENSMUSG00000085818	-0.2991625545875749	0.4506530299000517
ENSMUSG00000035946	-0.2196893139621931	-0.0065509833556096
ENSMUSG00000028687	-0.1460981919868591	0.3235041447667151
ENSMUSG00000103125	-0.3045044893494703	-0.2858676459641341
ENSMUSG00000021256	-0.0176856110905642	0.3562435238356037
ENSMUSG00000024966	-0.0454384495868988	0.4260350656883062
ENSMUSG00000039473	-0.0564927225528837	0.4481523572031944
ENSMUSG00000121845	-0.3308256137171567	-0.4082664712866412
ENSMUSG00000110752	-0.290433259457456	-0.1988257788430955
ENSMUSG00000024516	-0.067940229987902	0.3962603882149013
ENSMUSG00000115333	-0.1114423345522585	0.450154230793051
ENSMUSG00000084927	-0.4496461478574406	-0.501665595136663
ENSMUSG00000116188	-0.175334725942749	-0.1778746981289156
ENSMUSG00000074677	-0.5828595930419435	-0.2302663736628591
ENSMUSG00000032425	-0.049311103689005	0.4525763475293339
ENSMUSG00000071179	-0.4245423987694385	-0.2252051747086112
ENSMUSG00000104111	-0.0697162082870554	-0.1977372918691446
ENSMUSG00000109493	0.0564215251183032	0.3610513205731354
ENSMUSG00000090505	-0.4382962716938879	-0.4455539687305184
ENSMUSG00000121168	-0.0099622360624124	-0.1862646675200115
ENSMUSG00000041801	-0.179226909652609	0.3329040163735483
ENSMUSG00000107168	-0.1293174630536195	-0.1973240874714688
ENSMUSG00000017740	-0.1730640742685095	0.1181230032298183
ENSMUSG00000106714	-0.0712416017616668	-0.2641852840298287
ENSMUSG00000042707	-0.0477795366427059	0.2886524268055253
ENSMUSG00000024044	-0.271959022628934	-0.2681185271403229
ENSMUSG00000066037	-0.0249023361184366	0.506516667552889
ENSMUSG00000070342	-0.3973489020399867	-0.4377611579978089
ENSMUSG00000112803	-0.4064893101577589	-0.1334957451180776
ENSMUSG00000001674	-0.0412970119369472	0.3994418051449724
ENSMUSG00000091006	-0.6645934955370592	-0.7299219535012671
ENSMUSG00000034525	-0.0466126374219901	0.4711291136364582
ENSMUSG00000022877	-0.3025469398435381	-0.3867094372570612
ENSMUSG00000021501	-0.2144197703031009	0.4603799873517372
ENSMUSG00000044362	-0.7434600481522012	0.0551161463548759
ENSMUSG00000036002	-0.0774949102566229	0.2229031516413021
ENSMUSG00000092009	-0.4547349539831614	-0.4246031664939476
ENSMUSG00000019055	-0.1282124219259834	0.2284686289467882
ENSMUSG00000037603	-0.2658887087756739	-0.2465231149577803
ENSMUSG00000116814	-0.4127710662685229	-0.2873269009670214
ENSMUSG00000048528	-0.2914962433626268	-0.2648797265450515
ENSMUSG00000086382	-0.2977313201079983	0.0034610491264391
ENSMUSG00000115284	-0.0696413587446082	-0.2509369761312069
ENSMUSG00000034762	-0.2853402012769108	0.1240958221379606
ENSMUSG00000086096	0.0554781006006966	0.0167018126955771
ENSMUSG00000060371	-0.3902223080988179	-0.3459424576304858
ENSMUSG00000020225	-0.0930868585662031	0.3002784506066815
ENSMUSG00000087335	-0.3841180948095326	-0.3807430046034246
ENSMUSG00000112258	-0.5133669448720436	-0.5445049471415364
ENSMUSG00000039741	-0.0093000050293608	0.0370675985367046
ENSMUSG00000116802	-0.0403440626114614	0.5206462153130254
ENSMUSG00000032714	-0.0336534224844418	0.3796368695234047
ENSMUSG00000040729	-0.2625529002896513	0.4280388497251148
ENSMUSG00000029054	-0.3042541496895397	-0.0541328544157978
ENSMUSG00000109588	-0.4173027116989045	-0.5973907021632221
ENSMUSG00000055320	-0.0052114954823993	0.4891861825676069
ENSMUSG00000111882	-0.4242606280204015	-0.3645755706025322
ENSMUSG00000024571	-0.0401711967572756	0.3556426672449665
ENSMUSG00000049866	-0.2964225117821619	0.4191296386328834
ENSMUSG00000085152	-0.1018329601765391	-0.0457369344416892
ENSMUSG00000086391	-0.0414871457941712	0.2506200244843792
ENSMUSG00000031959	-0.0275959881985203	0.4296279474294004
ENSMUSG00000120077	-0.4172773512164368	-0.5006071278347612
ENSMUSG00000040612	-0.2172068615416749	-0.0038679760518888
ENSMUSG00000085247	-0.4335879651611068	-0.3256187764182022
ENSMUSG00000038156	-0.3527258127569292	-0.3461001272966981
ENSMUSG00000096932	-0.317921923909602	0.3703461492843267
ENSMUSG00000048038	-0.2385087793132506	-0.2556915390543016
ENSMUSG00000098014	-0.3164094427788627	-0.3899435850822244
ENSMUSG00000052146	0.123905842760575	-0.4126725505085076
ENSMUSG00000039810	-0.2371038185092686	0.4238776813519719
ENSMUSG00000113158	-0.3299995740830155	-0.0860446542222911
ENSMUSG00000033831	-0.3978325340871979	-0.4655974146470248
ENSMUSG00000042476	-0.3212953786123662	-0.0872770661489115
ENSMUSG00000032609	-0.0654320671977042	0.2391943345945339
ENSMUSG00000097218	-0.133638334969064	-0.1741775503215775
ENSMUSG00000015971	-0.0334311316070685	0.3482327992407717
ENSMUSG00000086782	-0.1124074529049118	0.417893658917031
ENSMUSG00000028996	-0.1414901121109906	0.0379589590878012
ENSMUSG00000072929	-0.671225714598354	-0.410607434198149
ENSMUSG00000094929	-0.0574496905297757	-0.1985368787193213
ENSMUSG00000038473	-0.3545559182179165	5.324123985995914e-05
ENSMUSG00000029883	-0.5630214235607705	-0.3832552754804242
ENSMUSG00000026031	-0.0711672051561079	0.3784026254649204
ENSMUSG00000115657	-0.0091622152924133	-0.0032586328080816
ENSMUSG00000117042	-0.2164881767000204	-0.341309706782479
ENSMUSG00000049303	-0.1040183145702013	-0.1851328444074137
ENSMUSG00000098322	-0.2650733237610583	-0.2448466722014278
ENSMUSG00000085091	-0.3269116026672867	-0.2696677508844784
ENSMUSG00000049528	-0.5667032687864669	-0.4026398764618077
ENSMUSG00000021804	-0.4243513082946073	-0.5207531907555767
ENSMUSG00000057349	-0.7366190922359944	-0.8794613402025085
ENSMUSG00000099784	-0.3685732783945268	-0.436352419508934
ENSMUSG00000095294	-0.0140293596035254	0.0435942590052252
ENSMUSG00000100811	-0.2392413700699688	-0.213787678748197
ENSMUSG00000117719	-0.375471014499071	-0.2896097838901519
ENSMUSG00000091061	-0.5694096465725048	-0.5468551065350877
ENSMUSG00000111969	-0.1967621354859554	-0.4699058776529955
ENSMUSG00000022544	0.0095601780762222	0.3325083454043835
ENSMUSG00000105789	-0.3101225785566831	0.2861923096370505
ENSMUSG00000096904	0.0155620995537888	-0.0429647110138778
ENSMUSG00000106052	-0.4836957825130255	-0.3498672596975697
ENSMUSG00000056216	-0.0779866004467107	0.4246941638181492
ENSMUSG00000100502	-0.2579695097564597	-0.3791028784954912
ENSMUSG00000082644	-0.350347618690612	-0.354889316042205
ENSMUSG00000103738	-0.6981686022951127	-0.5005144712866479
ENSMUSG00000037712	-0.345354172981765	0.4660150926385861
ENSMUSG00000056184	-0.1295704592265045	-0.1183068355258768
ENSMUSG00000026726	-0.4142535197874206	-0.4699094912615368
ENSMUSG00000046678	-0.2955557042247853	-0.4766349435628045
ENSMUSG00000079304	-0.2058444587796475	0.3107786762671448
ENSMUSG00000092260	-0.1176714225798709	0.4140807914347473
ENSMUSG00000057446	-0.4178170520369531	-0.364139424977582
ENSMUSG00000108703	0.0041372110804919	-0.1030256102954998
ENSMUSG00000074715	-2.0	-2.0
ENSMUSG00000109084	0.2296510797687213	-0.2500958720853476
ENSMUSG00000092620	-2.0	-2.0
ENSMUSG00000041449	-0.2467241963084604	-0.1698119393866506
ENSMUSG00000038259	-0.0822632783779852	-0.2008292032438198
ENSMUSG00000026259	-0.2695835575550979	-0.2748312871479935
ENSMUSG00000027446	-0.4397326894765616	-0.4620957160344437
ENSMUSG00000020723	-0.3227855494389478	0.1661955255560641
ENSMUSG00000118178	-0.7188575043954113	-0.4239974624987775
ENSMUSG00000022091	-0.2586583305344381	-0.7743723523739758
ENSMUSG00000115221	-0.2418284007093119	-0.0775276169111965
ENSMUSG00000020777	-0.0506178009665159	0.4415883159054936
ENSMUSG00000018651	-0.0104374405936013	0.42982105130404
ENSMUSG00000030008	-0.201745302238159	0.4185279935336461
ENSMUSG00000113966	-0.0670090429679484	-0.0041101816992633
ENSMUSG00000060450	-0.0633189054376097	0.4682935572902788
ENSMUSG00000024053	-0.2822413158834833	-0.1266831190635718
ENSMUSG00000025050	-0.0512334824845179	0.4267268911519479
ENSMUSG00000086831	-0.3481846852052608	-0.3255667536440843
ENSMUSG00000114495	-0.3216524588434272	-0.4448346667983478
ENSMUSG00000052221	-0.2678218324231448	-0.175811663429467
ENSMUSG00000110356	-0.5516188580857342	-0.5901631756696345
ENSMUSG00000107022	-0.5265595420804573	-0.5404833639883391
ENSMUSG00000061981	-0.0331440765298681	0.3398277330464435
ENSMUSG00000052675	-0.1258599540066589	0.2332758989138701
ENSMUSG00000069270	-0.4065212021797679	0.60960209200805
ENSMUSG00000117457	-0.249473554918298	-0.2115786234722589
ENSMUSG00000051618	-0.489736139008911	-0.247651723477925
ENSMUSG00000053574	-0.3657210794288829	0.2937544584491362
ENSMUSG00000054672	-0.3541546470640395	-0.2949397914165143
ENSMUSG00000032313	-0.2480401111637226	0.4232019506134212
ENSMUSG00000023947	-0.3538547706137083	0.165073305702419
ENSMUSG00000120322	-0.1534872259178516	-0.3060046099539894
ENSMUSG00000020873	-0.0766750380802261	0.2272046610678346
ENSMUSG00000114469	-0.5685242988013874	-0.4610057470698795
ENSMUSG00000008450	-0.0521962561126485	0.3302741272536858
ENSMUSG00000047515	-0.3829600077148007	0.4461620455728762
ENSMUSG00000026715	-0.1319988406315011	-0.0036608540714127
ENSMUSG00000112143	-0.3985619291659593	-2.0
ENSMUSG00000079655	-0.7779111866406178	-0.7299624834730833
ENSMUSG00000118369	0.110702814132815	-0.0762250985273303
ENSMUSG00000039977	-0.4365371885829989	-0.2929008203658863
ENSMUSG00000038014	-0.0199421517504443	0.2866324872648763
ENSMUSG00000090237	-0.2902456976332395	-0.511563512329116
ENSMUSG00000057093	-0.0283681386279972	0.3527446138106935
ENSMUSG00000049038	-0.0177364576599768	0.2589000782482977
ENSMUSG00000097040	-0.4743737573856985	-0.109818048686576
ENSMUSG00000103275	-0.7359411557350483	-0.4465024290736533
ENSMUSG00000111807	-0.1430847472757229	-0.250218727233119
ENSMUSG00000029831	-2.0	-2.0
ENSMUSG00000105691	-0.0353760171083788	-0.1441731312568245
ENSMUSG00000085591	-0.568153408019251	-0.3698673828330978
ENSMUSG00000107420	-0.2242837033385108	-0.1481663170923637
ENSMUSG00000097827	-0.3988747470123019	-2.0
ENSMUSG00000066357	-0.1106943748515683	0.3474736503209562
ENSMUSG00000090293	0.0609099508431305	0.0277457971809857
ENSMUSG00000097010	-0.2541580599768307	0.1822348481205815
ENSMUSG00000036743	-0.2405272162138045	0.3850923941288363
ENSMUSG00000046110	-0.0405996756387412	0.1229821822544569
ENSMUSG00000117056	-0.2765400589285072	-0.2932765863764095
ENSMUSG00000024483	-0.0198365828755783	0.4663788011262735
ENSMUSG00000063582	-0.7156225127949407	-0.3978890037803417
ENSMUSG00000102000	-0.2940501212965297	-0.5792925656497402
ENSMUSG00000097831	-0.4502561248376903	0.5221316376764793
ENSMUSG00000035798	-0.0528136905549971	0.5224596226477345
ENSMUSG00000085245	0.1316654912147519	-0.1118786031749681
ENSMUSG00000059397	-0.2179010584733656	-0.1796142180135965
ENSMUSG00000031133	-0.7047342620107024	-0.736352571268846
ENSMUSG00000022037	-0.6177552377907357	-0.1821603910014138
ENSMUSG00000048626	-0.3398428665973514	-0.0922093347337945
ENSMUSG00000027599	-0.0422192213349918	0.4853789652551522
ENSMUSG00000055069	-0.0941307543391632	0.4969296480732149
ENSMUSG00000025207	-0.0647700254918787	-0.0032347423959632
ENSMUSG00000116265	-2.0	-2.0
ENSMUSG00000034459	-0.416572006260723	-0.4106451975271508
ENSMUSG00000042678	-0.1677476522750182	0.1801217444703416
ENSMUSG00000070605	-2.0	-2.0
ENSMUSG00000099480	-2.0	-2.0
ENSMUSG00000036989	-0.047387799934395	0.331540663965201
ENSMUSG00000117422	-0.3506912386910502	-0.2119501918738156
ENSMUSG00000118531	-0.2729543165113706	-0.3030259020422448
ENSMUSG00000107283	-0.0548271509191702	0.4051136949993484
ENSMUSG00000079387	-0.7202859339072472	-0.7151731897676354
ENSMUSG00000118030	-0.006899783249042	0.2767461854197077
ENSMUSG00000011306	-0.0361600604432865	0.5178786158306374
ENSMUSG00000038848	-0.0328120570877295	0.4289074098321194
ENSMUSG00000064210	-0.0723868900512315	0.5255371603910585
ENSMUSG00000039154	-0.2382973317528012	0.203593624624745
ENSMUSG00000111520	-0.4588762552619743	-0.4136512852842411
ENSMUSG00000030059	-0.0879340411131094	0.4570139542724153
ENSMUSG00000033735	-0.1416192247314892	0.3819182789075017
ENSMUSG00000000003	-0.5644461098507803	-0.6988705622853433
ENSMUSG00000024258	-0.184465284820571	0.3833018053379931
ENSMUSG00000103167	-2.0	-2.0
ENSMUSG00000106837	-0.1588359434408899	-0.2697763698442377
ENSMUSG00000112358	-0.5685352339072137	-0.6243063978976271
ENSMUSG00000022386	-0.0694674394641408	0.0593312525286143
ENSMUSG00000034993	-0.0807397514463054	0.2373637501282895
ENSMUSG00000026860	-0.1616665780719787	0.2858025148941167
ENSMUSG00000103187	-0.2523356134012383	-0.0838385222179504
ENSMUSG00000034219	-0.2894732534914137	-0.1242503177517833
ENSMUSG00000101701	-0.856174856597192	-0.6043751735418273
ENSMUSG00000026308	-0.3387104859485855	-0.3799558127116421
ENSMUSG00000083749	-0.2362770858627654	-0.3304528649124954
ENSMUSG00000002981	-0.0292232269805086	0.4863718132558823
ENSMUSG00000106038	-0.4949322739861155	-0.3567702527521716
ENSMUSG00000044701	-0.1191294960136079	-0.3041831005266853
ENSMUSG00000086156	-0.7991759760822295	-0.6973708398409775
ENSMUSG00000097231	-0.0730069080225957	-0.1379096658412629
ENSMUSG00000070382	-0.6225964807758834	-0.4182889905370428
ENSMUSG00000011463	-0.4850966699036261	-0.6516051713602227
ENSMUSG00000047342	-0.1399806728120231	0.549803148060241
ENSMUSG00000105307	-0.4380106527924078	-0.3943310964226728
ENSMUSG00000117595	-0.3014118214535138	-0.3601660149876904
ENSMUSG00000108400	-0.3214770140030247	-0.489360474008332
ENSMUSG00000109387	-0.5029185137144256	-0.4782297194812519
ENSMUSG00000097604	-0.0127167264417419	0.2727283335691808
ENSMUSG00000047014	-0.446790287540292	-0.3693626563807344
ENSMUSG00000030166	-0.056911179921773	0.5205055416772096
ENSMUSG00000022013	-0.3431134976093877	0.2929676424189251
ENSMUSG00000034456	-0.3256281522098421	-0.3454615171641288
ENSMUSG00000036560	-0.2769433396738761	-0.3193135661379553
ENSMUSG00000106602	-0.4916200542822302	-0.6606698203047601
ENSMUSG00000051557	0.1613302619022885	0.1424701848248451
ENSMUSG00000052270	-0.3946533584141704	-0.3055150163778444
ENSMUSG00000068264	-0.2862907686811632	0.4441934928860814
ENSMUSG00000099596	-0.2346359305564652	-0.3614490476599848
ENSMUSG00000102963	-0.3963845489000706	-0.3261511270309454
ENSMUSG00000086284	-0.4068364833546778	-0.2023048861881798
ENSMUSG00000028710	-0.0576272927462325	0.430946319196428
ENSMUSG00000100364	-0.5851055337518333	-0.5903647324344792
ENSMUSG00000101416	-0.5706786763799755	-0.6054688575582204
ENSMUSG00000020454	-2.0	-2.0
ENSMUSG00000053889	-0.4467285701644452	-0.5165076449046565
ENSMUSG00000030366	-0.7200933477685897	-0.7130811876964597
ENSMUSG00000057110	-0.0435018423009173	0.4784585578387416
ENSMUSG00000045318	-0.1286751034116507	-0.2476839862333922
ENSMUSG00000112947	-0.18210437494301	-0.2739525494675451
ENSMUSG00000101569	-2.0	-2.0
ENSMUSG00000039428	-0.0878665124256384	0.4378031821756271
ENSMUSG00000021451	-0.0969526845371766	0.2899041252451864
ENSMUSG00000113383	-0.397018112066593	-0.4006742953849986
ENSMUSG00000108659	-0.3113493868955455	0.517012373059814
ENSMUSG00000102420	-0.6536438955103208	-0.7616653500919456
ENSMUSG00000101867	-0.0182117356309872	0.103464359955149
ENSMUSG00000025920	-0.3771992985501464	0.3215538182401551
ENSMUSG00000021838	-0.6260689695010697	-0.049879042209032
ENSMUSG00000084941	0.0128719668740562	-0.2045681277519886
ENSMUSG00000033569	-0.5276244930701188	-0.2842914084678311
ENSMUSG00000092042	-0.2301176202858396	-0.3059201675747363
ENSMUSG00000034853	-0.1414877059027398	0.1509496349080224
ENSMUSG00000098132	-0.1536090683846871	0.4071004845014999
ENSMUSG00000044098	-0.0552501215551106	0.5710486217863432
ENSMUSG00000078901	-2.0	-2.0
ENSMUSG00000121481	-0.3806217570961274	-0.264162463579088
ENSMUSG00000004356	-0.2113318413055882	0.4180366557496121
ENSMUSG00000025479	-0.2148763970330404	-0.2915269366667692
ENSMUSG00000111061	-0.3900717285386861	-0.4470953828019377
ENSMUSG00000060771	-0.2937722485039323	-0.0100718319899208
ENSMUSG00000020775	-0.0581896331776893	0.1804064982062753
ENSMUSG00000100684	-0.4118390383598839	-0.3711279945055056
ENSMUSG00000021374	-0.0242760945760345	0.5117839295682799
ENSMUSG00000087622	-0.4223848229079822	-0.4788352315512371
ENSMUSG00000016427	-0.4572606938374555	0.3572840608027781
ENSMUSG00000098678	-0.1731449463896374	0.0275416335796691
ENSMUSG00000091756	-0.0077477210213076	-0.0287137580140414
ENSMUSG00000102774	-0.1181019124239896	-0.5331183875849111
ENSMUSG00000120552	-0.4865842150392002	-0.5458724856205993
ENSMUSG00000003279	-0.3078732144280487	-0.2889711503552412
ENSMUSG00000003135	-0.0433589070404437	0.3798339655120208
ENSMUSG00000094715	-0.5464444225863062	-0.4332763802141107
ENSMUSG00000115665	-0.6790982003189594	-0.7684672069903384
ENSMUSG00000099401	-0.173976926797239	-0.0569664369232266
ENSMUSG00000117179	-0.3791145227324466	-0.6957262427093586
ENSMUSG00000075605	-0.2302604697801619	-0.1985810590688438
ENSMUSG00000113260	-2.0	-2.0
ENSMUSG00000051414	-0.317150691848217	-0.6426559284598568
ENSMUSG00000010796	-0.4803216077309652	-0.5572403344759561
ENSMUSG00000082475	-0.6946862137020154	-0.7670533664407174
ENSMUSG00000028758	-0.1708932807119938	0.1553439336565859
ENSMUSG00000043289	-0.4928768424635383	0.4874282798970337
ENSMUSG00000045291	-0.3875853445521405	-0.3950455699203142
ENSMUSG00000008601	-0.1811488558219256	-0.1055621968200679
ENSMUSG00000057817	-0.6054926349836031	-0.7220678090613041
ENSMUSG00000121771	-0.3046465293510927	0.4753715815847142
ENSMUSG00000023802	-0.4079156649719112	-0.4493766797896167
ENSMUSG00000041817	0.0024814049261213	-2.0
ENSMUSG00000114610	-0.3902875896825598	-0.3098638390169699
ENSMUSG00000096862	-0.3319155845843443	-0.2504572281529004
ENSMUSG00000097881	-0.3846537532963788	0.1195112427102307
ENSMUSG00000020481	-0.2936598511080698	-0.2123009770091219
ENSMUSG00000042254	-0.2654104102225421	-0.4956066241844683
ENSMUSG00000048755	-0.1230588993520417	0.4612036947442216
ENSMUSG00000091894	-0.1505461880024646	-0.0405640085427059
ENSMUSG00000087236	-0.1891710393721744	0.1030190939633777
ENSMUSG00000033429	-0.0730281797224412	0.4491280453049343
ENSMUSG00000033237	-0.0159191818048933	0.2625725802630022
ENSMUSG00000083079	-0.5673269637281522	-0.6309263694796563
ENSMUSG00000026853	-0.0815720567106574	0.5060193252016915
ENSMUSG00000045005	0.0224377746109269	0.2350560210474199
ENSMUSG00000030666	-0.4383751537119656	-0.3500058259931614
ENSMUSG00000032350	-0.0252847017417443	0.191763906756458
ENSMUSG00000051098	-0.2073550925867363	0.4995001308362136
ENSMUSG00000113268	-0.3609314712040737	-0.2335553256226513
ENSMUSG00000023939	-0.0546184794500018	0.3163549558164189
ENSMUSG00000025169	-0.3224027186508653	0.4183848269566056
ENSMUSG00000115326	-0.2521227598285818	-0.2232333136567635
ENSMUSG00000006218	-0.1644112618963837	-0.1077896008865156
ENSMUSG00000084848	-0.3258359422818357	0.0038265122360999
ENSMUSG00000097418	-0.126380552939228	0.1234992950467626
ENSMUSG00000018378	-0.1168243379133236	0.343107142014919
ENSMUSG00000113570	-2.0	-2.0
ENSMUSG00000099740	-2.0	-2.0
ENSMUSG00000028671	-0.1381857475530979	0.3365185697605091
ENSMUSG00000112383	-0.4501579125793878	-0.3138410019341136
ENSMUSG00000074343	-0.3159277241507643	-0.4312406243889721
ENSMUSG00000049904	-0.3146262691763731	0.484983634937086
ENSMUSG00000116922	-0.2448836120248338	0.1259488157805848
ENSMUSG00000097405	-0.0171004898911815	-0.0765727664071064
ENSMUSG00000039982	-0.3857281120265461	0.0599163895363545
ENSMUSG00000057880	-0.076228411295466	0.4215420684020797
ENSMUSG00000104145	-0.4747708837933888	-0.6829086506383599
ENSMUSG00000040314	-0.4990191096619584	-0.7812749589923654
ENSMUSG00000108654	-0.2797187803619924	-0.5225563289542262
ENSMUSG00000092092	-0.5894412674872509	-0.5566541054223446
ENSMUSG00000121305	-0.4864942092967671	-0.5283859156212047
ENSMUSG00000058014	-0.4401336956345595	-0.6302532916008834
ENSMUSG00000028778	-0.2518060790372541	-0.1056360789280716
ENSMUSG00000031885	-0.0470831448091391	0.5425607875870456
ENSMUSG00000028362	-0.4492275905584961	-0.297066696909103
ENSMUSG00000044252	-0.0949973636184539	0.4921469164657929
ENSMUSG00000095551	-2.0	-2.0
ENSMUSG00000022008	-0.1722147273689921	0.3400040448488384
ENSMUSG00000104370	-0.4494668914046495	-0.480080197415923
ENSMUSG00000110475	-0.0155347974585391	0.0582253826581569
ENSMUSG00000045792	-0.5661517921911164	-0.563507573475178
ENSMUSG00000105516	-0.4668947611329221	-0.4641066632667106
ENSMUSG00000085714	-0.0234691866930172	0.1620274492229328
ENSMUSG00000108948	-2.0	-2.0
ENSMUSG00000013629	-0.0401731975670431	0.3500160741755426
ENSMUSG00000025968	-0.0479121015703016	0.1815000165757818
ENSMUSG00000021687	-0.2470391860629117	0.1705181081953318
ENSMUSG00000062121	-0.4499812843804753	-0.3422710342963216
ENSMUSG00000112745	-0.2748611520641395	-0.3865929225997783
ENSMUSG00000121746	-2.0	-2.0
ENSMUSG00000040943	-0.0108613304912146	0.3927387982423458
ENSMUSG00000040424	0.0286420027719021	-0.1753632103633462
ENSMUSG00000097216	-0.445147807709664	-0.2201349496370179
ENSMUSG00000036278	-0.0891383452017386	0.2822522273987402
ENSMUSG00000026696	-0.204656337340602	0.5142046972183422
ENSMUSG00000019808	-0.1321759124782642	0.4039944100128827
ENSMUSG00000103563	-0.4910925754559649	-0.8074615935173519
ENSMUSG00000058515	-0.6171387603208782	-0.7342258473941268
ENSMUSG00000103611	-0.0700699295814207	-0.0274816950741531
ENSMUSG00000083722	-0.2023241234657785	-0.2287452676323636
ENSMUSG00000113820	-0.287304346387818	-0.1925167927132172
ENSMUSG00000087367	-0.2711138639426042	0.3293254570064315
ENSMUSG00000098146	0.0174183543828067	-0.1606132206215482
ENSMUSG00000121832	-0.4465616370259044	-0.4506921026125846
ENSMUSG00000117399	-0.319977581578844	-0.4842646759461572
ENSMUSG00000037149	-0.0377217952192006	0.4158324008629982
ENSMUSG00000039653	-0.2591986577930766	-0.2002537471012652
ENSMUSG00000110640	-0.3013772225842848	-0.5087156454884039
ENSMUSG00000094063	-0.5668426090093742	-0.4707963490170403
ENSMUSG00000104382	-0.744765376678595	-0.180492652019256
ENSMUSG00000021182	-0.0088406689758489	0.4073538476267753
ENSMUSG00000037157	-0.2851917738993521	0.2875128504304378
ENSMUSG00000109758	-0.2613143943747832	-0.3388080704423043
ENSMUSG00000120820	-0.3665188187685512	0.2719853876226094
ENSMUSG00000018924	-0.2945235637667397	-0.1109722976426345
ENSMUSG00000053164	0.0679266925090434	0.033380082568233
ENSMUSG00000085452	-0.4866230990289198	-0.4993560505833032
ENSMUSG00000021906	-0.0706620138816467	0.3790559307195074
ENSMUSG00000084782	-0.2677444321461253	-0.3595541428450005
ENSMUSG00000086819	-0.4554765575432248	-0.5102118986230342
ENSMUSG00000073485	-0.4530373104377094	0.4458908364189659
ENSMUSG00000106658	-0.3276313007007142	-0.2138622748024216
ENSMUSG00000025035	-0.0454891794704488	0.4426101946076374
ENSMUSG00000110157	-0.3446114374904158	-0.3359184565671529
ENSMUSG00000034105	-0.0680050348540152	0.3693951060846575
ENSMUSG00000050158	-0.2328136972514713	-0.6436391191663839
ENSMUSG00000020067	-0.0974634394999222	-0.1361071010680034
ENSMUSG00000028560	-0.0768813125857103	0.4365811497569643
ENSMUSG00000020594	-0.0229492950297474	0.4863443198860196
ENSMUSG00000101064	-2.0	-2.0
ENSMUSG00000029599	-0.0377600721058088	0.4423753376918895
ENSMUSG00000039067	-0.0640135616919501	0.3811407222881858
ENSMUSG00000068335	0.0106514910713362	0.2650018870942985
ENSMUSG00000042099	-0.0762891843696721	0.2621614635230277
ENSMUSG00000059631	-0.2983969619730994	-0.1826946239106921
ENSMUSG00000061758	-0.13379692812882	0.4201525400272218
ENSMUSG00000074830	0.1221962116623232	-0.1753922169671873
ENSMUSG00000056492	-0.3485192333247705	-0.2503803877730463
ENSMUSG00000114720	-0.6948516354131165	-0.762691115801083
ENSMUSG00000047228	-0.3898092989093575	-0.5021455155679482
ENSMUSG00000031074	-0.0529429933931478	0.1225772575486821
ENSMUSG00000001755	-0.3548543129732404	0.2286974869491078
ENSMUSG00000024589	-0.0737697434528994	0.4224808422230959
ENSMUSG00000027075	-0.1072912493854535	0.1640123068168508
ENSMUSG00000087082	-0.2082849357567005	-0.4260472134805936
ENSMUSG00000056692	-0.0106744368067702	0.4047359038564935
ENSMUSG00000028523	-0.3461417363544277	-0.4415103114480846
ENSMUSG00000027360	-0.2369651459534005	-0.2237109376274936
ENSMUSG00000018239	-0.1141426784076884	0.4028471557857513
ENSMUSG00000037025	-0.2906065540880603	-0.2762393616635515
ENSMUSG00000073971	-0.3550732268220798	-0.365519928598512
ENSMUSG00000086915	-0.1370176888471303	0.3793624528356361
ENSMUSG00000096024	-2.0	-2.0
ENSMUSG00000027434	-0.2297173608070889	-0.0951298020341427
ENSMUSG00000106061	-0.1015006883325973	-0.0633452352441768
ENSMUSG00000037318	-0.3589903767842199	-0.4020625102653478
ENSMUSG00000107109	0.0282662448616842	-0.0116934888357743
ENSMUSG00000031774	-0.0417988969826746	0.4438182163197841
ENSMUSG00000036641	-0.4028985361783558	0.3980786133505311
ENSMUSG00000025059	-0.3495252036947122	0.4780369395929464
ENSMUSG00000003545	0.0250439804963467	0.0479711276440321
ENSMUSG00000120899	-0.2310242125910957	-0.0810285583270144
ENSMUSG00000034333	-0.0352974361929791	0.4478185869831603
ENSMUSG00000105958	-0.6423879461100626	-0.4515270481055186
ENSMUSG00000020275	-0.3428496457626908	0.4760716003972353
ENSMUSG00000020785	-0.0917262819306154	0.3684137138486372
ENSMUSG00000041798	-0.0971223263243807	-0.2963044431531985
ENSMUSG00000051599	-0.2068039299490082	-0.4917639498986955
ENSMUSG00000027499	-0.4910497913348989	0.1053467230371529
ENSMUSG00000059839	-0.1041707558262507	0.3760277200699127
ENSMUSG00000121008	-0.5672458263028106	-0.2048896086295207
ENSMUSG00000052382	-0.510277143559497	-0.5193774281703413
ENSMUSG00000022335	-0.1305430924145107	0.5004412202867284
ENSMUSG00000035365	-0.1088886832730541	0.3873809267704568
ENSMUSG00000108371	-0.2883418902739591	-0.2497910089674694
ENSMUSG00000029176	-0.0680727957368646	0.434236349863465
ENSMUSG00000112945	-0.4367071496682905	0.4405911124848158
ENSMUSG00000004056	-0.0177684886263886	0.3356680764371098
ENSMUSG00000059981	-0.0841524865444316	0.4435830736215967
ENSMUSG00000112287	-0.2685517788090709	-0.1875083140889212
ENSMUSG00000066595	-0.0707178219341224	0.5517114718766117
ENSMUSG00000024420	-0.2848885433818549	0.0453344033200575
ENSMUSG00000111422	-0.3726550392104978	-0.2539756422596175
ENSMUSG00000028466	-0.1860467851548731	0.3157516745452033
ENSMUSG00000050854	-0.3860005504392932	0.3877883400159446
ENSMUSG00000059852	-0.2549113049682341	-0.0136375012046713
ENSMUSG00000021440	-0.6346342337866149	-0.5056792366179006
ENSMUSG00000102975	-0.3534112233691079	-0.209604199991172
ENSMUSG00000087436	0.0339518259288478	-0.0224826192571036
ENSMUSG00000089935	-0.0292850129793421	0.346776889310015
ENSMUSG00000078958	-0.3928685126149681	-0.4332100296898897
ENSMUSG00000085345	0.0100400656122971	-0.0904899699009942
ENSMUSG00000099558	-0.4593254795531793	-0.463592071595346
ENSMUSG00000006418	-0.0155396586787501	0.2629804638408781
ENSMUSG00000032387	-0.0137867602547715	0.3581047219647357
ENSMUSG00000063277	-0.0536354870581845	0.0799619843915866
ENSMUSG00000114795	-0.352715441991676	-0.2793692673875086
ENSMUSG00000025911	-0.1753036423369972	0.1467796087988424
ENSMUSG00000041133	-0.1023671914527457	0.4546579969944557
ENSMUSG00000057421	-0.084300536378207	0.3887738723443245
ENSMUSG00000062327	-0.2603249874973453	-0.095093363928495
ENSMUSG00000071266	-0.2651153992834216	0.4784617328615302
ENSMUSG00000090211	-0.2611440012896702	-0.1500450205167146
ENSMUSG00000103662	-0.3909131688374433	-0.2181201693585342
ENSMUSG00000021670	-0.0380536087632234	0.4401402041502052
ENSMUSG00000019849	-0.0853393579724256	0.4285659575090839
ENSMUSG00000037493	-0.2682723472488639	0.4313370622699964
ENSMUSG00000104411	-0.6439209975974703	-0.6058836609052898
ENSMUSG00000003235	-0.1217292027170295	0.4380351385023019
ENSMUSG00000070390	-0.6232110567947323	-1.4369073427771748
ENSMUSG00000086762	-0.037875396881458	-0.3376356662731271
ENSMUSG00000056130	-0.202619155645497	0.3266143756106606
ENSMUSG00000120058	-0.1861634466329566	-0.1239504811345363
ENSMUSG00000074825	-0.167248844092042	0.3642920298727768
ENSMUSG00000001918	-0.0224452995325813	0.2845972002889095
ENSMUSG00000060183	-0.3613859637076552	-0.321282273654484
ENSMUSG00000085768	-0.3436286522737943	-0.5066601935822208
ENSMUSG00000020263	-0.0600363970019551	0.4011709244371568
ENSMUSG00000022306	-0.3506563775862872	0.0076550219071131
ENSMUSG00000109154	-0.0183854097040461	0.0507292941649736
ENSMUSG00000118430	-0.8170555576399049	-0.9849102953742894
ENSMUSG00000022867	-0.4082655373237914	0.291406150216319
ENSMUSG00000034586	-0.2275236767548324	0.097790910539259
ENSMUSG00000099869	-0.2280138273143839	-0.0539723130170152
ENSMUSG00000029269	-0.5777648310395267	-0.2782080095801529
ENSMUSG00000024446	-0.2766418704576139	0.3667836920721735
ENSMUSG00000101693	-0.1726560615298849	-0.2600514300064554
ENSMUSG00000004961	-0.1174386937149351	0.1716103338147593
ENSMUSG00000069920	0.1193911727170818	0.2514070218000833
ENSMUSG00000109122	-0.484708076882078	-0.672802959893098
ENSMUSG00000029557	-0.1795888682940423	0.3312357192701219
ENSMUSG00000051788	-0.268215805986599	-0.2386884251814066
ENSMUSG00000042213	-0.417785456163828	-2.0
ENSMUSG00000020280	-0.0484233450374513	0.4885543826072203
ENSMUSG00000085320	-0.4199326046849125	-0.2356394997808862
ENSMUSG00000091792	-2.0	-2.0
ENSMUSG00000116719	-2.0	-2.0
ENSMUSG00000037331	-0.021653286484705	0.4377971598014266
ENSMUSG00000020097	-0.0159433297598293	0.4546281158431817
ENSMUSG00000050762	-0.078873735475295	0.1569334862929919
ENSMUSG00000001036	-0.1709047385670285	0.3822163037839815
ENSMUSG00000045991	-0.2716038458926746	-0.0288464762069955
ENSMUSG00000097429	-0.4072367303724604	-0.1787934028578094
ENSMUSG00000020672	-0.4431778632258463	0.1515120377237544
ENSMUSG00000099751	-0.3604995657196432	-0.2172309241377835
ENSMUSG00000086902	0.1754689036446939	-0.185255248567827
ENSMUSG00000000148	-0.1145560004725452	0.2646408119397054
ENSMUSG00000025261	-0.0368220291007559	0.5023101998207268
ENSMUSG00000069118	-0.699493209925237	-0.4642394222509222
ENSMUSG00000048163	-0.1670709190982751	-0.0783929010368188
ENSMUSG00000094622	-0.2369048934106708	-2.0
ENSMUSG00000071172	-0.0680045269412919	0.358037313171045
ENSMUSG00000032180	-0.0182974315274414	0.2560805058333236
ENSMUSG00000114936	-0.2330762650979538	0.4743573140071314
ENSMUSG00000121842	-0.2954418153912436	0.2200620399188977
ENSMUSG00000110682	-0.2805026519935265	-0.2603827254031359
ENSMUSG00000005131	-0.1508176393046869	0.2063287155300802
ENSMUSG00000017064	-0.4393431604533998	-0.7979435219829584
ENSMUSG00000089947	-0.3367466001652779	-0.2288170201668928
ENSMUSG00000087470	-0.3139122173456301	-0.352176112314997
ENSMUSG00000031969	-0.1414630430367887	0.2205111146251503
ENSMUSG00000061461	-0.0718126386459135	0.4000341574085282
ENSMUSG00000057440	-0.1521384830562888	0.5566165268834389
ENSMUSG00000042198	-0.2992893618825276	0.4761078776658553
ENSMUSG00000090329	0.052355529713666	-0.2865161771821434
ENSMUSG00000120513	-0.4631331159043872	-0.999987839924747
ENSMUSG00000041483	-0.01283301380629	0.3053917870522682
ENSMUSG00000095522	-0.5174688439770346	-0.9070121254362016
ENSMUSG00000121798	-0.0899802934527422	0.5071763843860686
ENSMUSG00000019935	-0.3845766788155801	-0.347451015756878
ENSMUSG00000096935	-0.1506132670174681	0.4719198098755275
ENSMUSG00000114171	-0.2944928975258486	-0.2504691342169162
ENSMUSG00000103182	-0.1633533853057761	-0.2251867932133753
ENSMUSG00000094399	-2.0	-2.0
ENSMUSG00000051675	-0.1250970802859645	0.4519751514821815
ENSMUSG00000032554	-0.2185274036153935	0.3014465014326638
ENSMUSG00000030781	0.1265454299877706	-0.3814337381703747
ENSMUSG00000056708	-0.1821272296791851	0.4660831070100557
ENSMUSG00000021219	-0.3720138732211726	-0.1514060998017479
ENSMUSG00000106483	-0.3454382528371732	-0.3633562670306834
ENSMUSG00000031360	-0.3645265074814132	0.3595148584818476
ENSMUSG00000043087	-0.5160707078035364	-0.8683005143611603
ENSMUSG00000023027	-0.031220058234652	0.323117561518924
ENSMUSG00000028080	-0.285479628489878	0.5701334360037618
ENSMUSG00000019913	-0.4510102332101588	-0.0919695660413459
ENSMUSG00000078716	-0.1404870375906706	0.462588147297563
ENSMUSG00000032338	-0.305124657424778	0.3037143086537106
ENSMUSG00000118281	-0.0494667187687469	0.1042440842444566
ENSMUSG00000099689	-0.0732203915887656	0.1385135719480685
ENSMUSG00000120085	-0.3718972876668994	-0.5983978692887569
ENSMUSG00000116805	-0.4995070871415975	-0.3752110761044805
ENSMUSG00000026189	-0.0513147074293552	0.4073208677762145
ENSMUSG00000109177	-0.3463998825250375	-0.2007092249249624
ENSMUSG00000114883	-0.1705176562590008	0.0993380416834114
ENSMUSG00000060126	-0.1009483429291877	0.2401152361970429
ENSMUSG00000023439	0.1307807009135918	-0.2167364764878676
ENSMUSG00000057182	-0.2697036309289118	-0.0747763237635849
ENSMUSG00000111193	-0.2690769646977991	-0.1841366674804929
ENSMUSG00000044433	-0.0418722546049488	0.3745617608787917
ENSMUSG00000025405	-0.019920326623028	-0.2306838339837041
ENSMUSG00000025104	-0.2948587746827965	0.2530849647820803
ENSMUSG00000051735	-0.0199637051401465	0.1917315105176429
ENSMUSG00000113064	-0.6536333709194997	-0.6022733691873668
ENSMUSG00000086144	-0.3825806724661936	-0.430352957067544
ENSMUSG00000042677	-0.0094169787241018	0.1844586092878492
ENSMUSG00000094254	-0.7673339772353164	-0.8226690666734959
ENSMUSG00000084821	-0.2578191379140446	-0.2892816419515595
ENSMUSG00000098429	-0.5117102205717904	-0.843277286703448
ENSMUSG00000064215	-0.3732963735370535	-0.3843785591001211
ENSMUSG00000115134	-0.3730376920818266	-0.4716176306200015
ENSMUSG00000020831	-0.2568759408405926	0.3748201727439664
ENSMUSG00000038400	0.0031440884694461	0.2053933113362442
ENSMUSG00000086924	-0.3008583963905165	0.0073394004381376
ENSMUSG00000085794	-0.0261452655731037	0.2192202786163578
ENSMUSG00000114797	-0.1994173539150951	0.4851112826940021
ENSMUSG00000092328	-0.4934129870291767	-0.740838672067671
ENSMUSG00000028099	-0.0827893015678931	0.4230583493484753
ENSMUSG00000027314	-0.2984187186565171	-0.0993922460053414
ENSMUSG00000112652	-0.069322016495495	0.0315502433049059
ENSMUSG00000030382	-0.3165190643070231	-0.0304892242342463
ENSMUSG00000020317	-0.1857040484028944	-0.2950720541604602
ENSMUSG00000059714	-0.3618717068636551	0.0798114565430927
ENSMUSG00000028874	-0.0778300884539947	0.2138369191824016
ENSMUSG00000029290	-0.067608231366964	0.4790662958219545
ENSMUSG00000036169	-0.4259513608404313	-0.4223627703315196
ENSMUSG00000062410	-0.3274830191872547	-0.5715914274802045
ENSMUSG00000063358	-0.0166887018507599	0.497855064099386
ENSMUSG00000044429	-0.4906822099674401	-0.1521146873718423
ENSMUSG00000095113	-2.0	-2.0
ENSMUSG00000117983	-0.4725946500450346	-0.4440904963513465
ENSMUSG00000086702	-0.3278018039098512	-0.2414952035211245
ENSMUSG00000026413	-0.3282959576912969	-0.1760874068807111
ENSMUSG00000033707	0.0272296198990709	0.052645778342833
ENSMUSG00000111521	0.1296686280023204	0.1017965477148395
ENSMUSG00000111681	-0.1870755522858457	-0.1885952602152235
ENSMUSG00000030088	-0.1675387345667427	0.3353198673916848
ENSMUSG00000043067	-0.1171974432101219	0.4769634323851103
ENSMUSG00000106570	-0.3672328394349698	-0.3070149741349812
ENSMUSG00000075211	-0.6302571472976009	-0.833171595520034
ENSMUSG00000038383	-0.0652096595776794	0.5380702838047785
ENSMUSG00000063605	-0.0726845689331822	0.3328394416493125
ENSMUSG00000027932	-0.1360651565564866	0.3567159707414119
ENSMUSG00000121485	-0.3430248913318454	0.5058776259625409
ENSMUSG00000020241	-0.3254075989790601	-0.2066140744958871
ENSMUSG00000069258	-0.7145534164454466	-0.6336237809789419
ENSMUSG00000044847	-0.0397712199675366	0.2099480207598351
ENSMUSG00000113506	-2.0	-2.0
ENSMUSG00000032497	-0.0921977351716121	0.4795252129934241
ENSMUSG00000020925	-0.0679990415217291	0.4567585429512281
ENSMUSG00000051076	-0.3064573576352609	-0.3986665392657794
ENSMUSG00000104448	-0.4081763753579639	0.3223268210076869
ENSMUSG00000027703	-0.0871787435843965	-0.2490603019201794
ENSMUSG00000038587	-0.0055874626248384	0.3370109578881985
ENSMUSG00000027559	-0.3091028789215341	0.2011938597199069
ENSMUSG00000045019	-0.2379525592237469	-0.1382617276717216
ENSMUSG00000076928	-0.3963328393329952	-0.5108921084729479
ENSMUSG00000086677	-0.2999684885388713	0.3426260014826409
ENSMUSG00000092364	-0.1344270273508454	-0.1272968024369593
ENSMUSG00000115403	-1.2084609244515756	-0.439416499035913
ENSMUSG00000083093	-0.4452047006557105	-0.1238029505993057
ENSMUSG00000028226	-0.5289941957500256	-0.1850704581689977
ENSMUSG00000059316	-0.1089317668583121	0.323131182358405
ENSMUSG00000039630	-0.0438290713777222	0.3933347393612299
ENSMUSG00000087564	-0.4051687354916105	-0.1030509371010845
ENSMUSG00000062078	-0.0093718007784268	0.4206550103437744
ENSMUSG00000095872	-0.7205632200158053	-0.5688402413049547
ENSMUSG00000057777	-0.246310793206843	-0.0802845382361918
ENSMUSG00000112189	-0.4010799899612062	-2.0
ENSMUSG00000022516	0.0074151466036889	0.2199505623194442
ENSMUSG00000015013	-0.1113359173666197	0.3796781801358219
ENSMUSG00000102114	-0.0521837185168652	-0.1032412657405176
ENSMUSG00000020691	-0.0374080330003854	0.3380068258688664
ENSMUSG00000040287	-0.2157738197726756	0.0387468954599638
ENSMUSG00000117244	-0.1868280144989665	-0.4897475132384849
ENSMUSG00000109561	-0.3404462116189385	-0.0947242896081382
ENSMUSG00000024528	-0.0360003641354122	0.4528320862917952
ENSMUSG00000025271	-0.4191187979426816	-0.3462994205571955
ENSMUSG00000071893	-0.5164215458987602	0.5341644994961512
ENSMUSG00000019848	-0.386058016641175	-0.0960072936061772
ENSMUSG00000047444	-0.5170741899057943	-0.3658800058760281
ENSMUSG00000034855	-0.3796596559658977	-0.2088261811583945
ENSMUSG00000066324	-0.072418701159246	0.4923093823907334
ENSMUSG00000025422	-0.1063548419723606	-0.0982462191215059
ENSMUSG00000066031	-0.3566928957818679	-0.4356495588421236
ENSMUSG00000112109	-0.4701973694832025	-0.3308782703014734
ENSMUSG00000099341	-2.0	-2.0
ENSMUSG00000104114	0.1279102829924899	-0.1318232528976193
ENSMUSG00000119963	-0.4894993866096361	0.452102756773077
ENSMUSG00000022992	-0.0096813061808402	0.3127801247279392
ENSMUSG00000104785	-0.4773841693060913	-0.3402067882532971
ENSMUSG00000024749	-0.4137021714202308	-0.4871948024212554
ENSMUSG00000025037	-0.5281305921679657	0.4135686415837486
ENSMUSG00000092457	-0.336719252816115	-0.5991343153256683
ENSMUSG00000094921	-0.2295817633033272	-0.2800998615864363
ENSMUSG00000075160	-0.6366750124795791	-0.5472772657120368
ENSMUSG00000102476	-0.4244325443629219	-0.5093279807657637
ENSMUSG00000056737	-0.0627248993108486	0.2725285024340865
ENSMUSG00000028700	-0.0200319191189694	0.0807302867687233
ENSMUSG00000059423	-0.1045743597615655	0.4546363486104567
ENSMUSG00000078639	-0.5292345735227272	-0.5015061161294456
ENSMUSG00000034908	-0.0668760922435704	0.3842182474021131
ENSMUSG00000032126	-0.248504264829187	0.3306174786799147
ENSMUSG00000036941	-0.164276081043748	0.3736434305327963
ENSMUSG00000114833	-0.6462062885486086	-0.4299726587966234
ENSMUSG00000037887	-0.4677659907255156	-0.1104654659986995
ENSMUSG00000091204	-0.2620463387483638	-0.2789713239130916
ENSMUSG00000104362	-0.419701475511146	-0.4996375376557416
ENSMUSG00000111386	-0.5518728988065508	-0.3622865763877194
ENSMUSG00000043252	-0.0224382567089912	0.3833219282332741
ENSMUSG00000113124	-0.3286394233785821	-0.4332811855445489
ENSMUSG00000086433	-0.0071949911348949	0.0099713122983187
ENSMUSG00000087611	-0.275928870655148	-0.2322963034409857
ENSMUSG00000115696	-0.5573025424784284	-0.4361156589198256
ENSMUSG00000048388	-0.3244340931025036	0.1328253130796715
ENSMUSG00000032035	-0.3781928911237059	-0.4796168578755462
ENSMUSG00000037426	-0.0144318082575792	0.4424455885869122
ENSMUSG00000086008	-0.4692500317666391	-0.4549362060868329
ENSMUSG00000021200	-0.3148774603071271	-0.3777113760026948
ENSMUSG00000025481	-0.0574219312528688	0.2421898752279738
ENSMUSG00000030123	-0.2899479956230582	0.0092256161708355
ENSMUSG00000002455	-0.1134385526276881	0.3753383656363905
ENSMUSG00000079445	-0.1150410278823436	0.2546070424178104
ENSMUSG00000085499	-0.386750744309969	-0.5315900411581083
ENSMUSG00000032053	-0.4436543132065041	-0.4559977252225202
ENSMUSG00000028868	-0.0124042466300594	0.3801779445249183
ENSMUSG00000043587	-0.1048549164038545	0.5176334041015194
ENSMUSG00000091192	-0.3701343254083837	-0.3497927550897364
ENSMUSG00000097146	-0.3177989474875924	0.1701026405834052
ENSMUSG00000108076	-0.4317060274977552	-0.3709973806939711
ENSMUSG00000051051	-0.3149639136979316	-0.2717597338492387
ENSMUSG00000030509	-0.0484179072408354	0.5126897314974372
ENSMUSG00000055296	-0.0120611801919755	0.4144528850711106
ENSMUSG00000000381	-0.1232727397982474	-0.2934593845112024
ENSMUSG00000017718	-0.0357155671566313	0.2567653570483656
ENSMUSG00000016940	-0.0679579030833001	0.3176279871702255
ENSMUSG00000027351	-0.0150602802688075	0.4219729203794143
ENSMUSG00000025403	-0.0936193758313005	0.2135618482651015
ENSMUSG00000032818	-0.2664459732863933	-0.2019824080946362
ENSMUSG00000117775	0.0465621177836178	-0.1255896235302676
ENSMUSG00000098340	-0.3487700712671215	0.4497276419986712
ENSMUSG00000050627	-0.1058112530059045	0.487046980116585
ENSMUSG00000114322	-0.4244390069753874	-0.31011388637852
ENSMUSG00000019987	-0.0056465036391456	-0.2983468912075864
ENSMUSG00000063364	-0.0106413225412769	0.4662692752759032
ENSMUSG00000100463	-1.7143634901017095	-2.0
ENSMUSG00000053194	-0.2928215467911019	-0.2340819651937637
ENSMUSG00000101406	-0.2943165402292979	-0.3192478182256936
ENSMUSG00000034850	-0.0300248975728449	0.2812947747660231
ENSMUSG00000078452	-2.0	-2.0
ENSMUSG00000087473	-0.2990767687404138	-0.2388332190591321
ENSMUSG00000000544	-0.0074517838622622	-0.103319381896758
ENSMUSG00000111360	-0.302427368922193	-0.3249194903719067
ENSMUSG00000031310	-0.0028996275768791	0.1724242733496594
ENSMUSG00000082361	-0.4241978782033828	-0.4413058262076181
ENSMUSG00000105479	-0.8063849815635331	-0.5756534955585616
ENSMUSG00000117990	-0.362009219689464	-0.4385722545520449
ENSMUSG00000085413	-0.7340447305372878	0.4865200207201126
ENSMUSG00000040219	-0.2053113737409762	0.2130478804888199
ENSMUSG00000026102	-0.2516421660315029	0.3609525897271749
ENSMUSG00000062077	-0.2281167705045733	0.1367135930284378
ENSMUSG00000063846	-0.2851589458000793	-0.564294509460546
ENSMUSG00000029048	-0.1103651113247355	0.3461573022320084
ENSMUSG00000112790	-2.0	-2.0
ENSMUSG00000047557	-0.0378695209265364	0.2418775537188406
ENSMUSG00000034551	-0.7970311734245996	-0.3785976945646275
ENSMUSG00000109419	-0.4568257842755301	-0.2905385505933906
ENSMUSG00000030199	-0.1237873571127817	0.498293733169646
ENSMUSG00000120795	-0.0184926203877331	0.053896068631578
ENSMUSG00000108884	-0.4229562830607112	-0.4641877706673573
ENSMUSG00000037885	-0.0228786070519371	0.4192527125631877
ENSMUSG00000079162	-0.1174081886086798	-0.1173598173665548
ENSMUSG00000041688	-0.7310679042969517	-0.2372864840990197
ENSMUSG00000021418	-0.0565936380021594	0.5230466110806725
ENSMUSG00000073834	-0.4253175011106046	-0.1562841091139063
ENSMUSG00000018930	-0.7548645425260583	-0.2909350200993442
ENSMUSG00000079513	-0.946891579701973	-1.0855616364999483
ENSMUSG00000117685	-0.4402053727744355	-0.4110431529389818
ENSMUSG00000117696	-0.3083075643875701	-0.4956852397114547
ENSMUSG00000119965	-0.351534600000487	-0.2702038358226701
ENSMUSG00000035958	-2.0	-2.0
ENSMUSG00000026928	-0.1801975387973197	-0.1046257484239833
ENSMUSG00000002100	-0.186754301421656	-0.1841869729650853
ENSMUSG00000121687	-0.6001733507373324	-0.6185332921749092
ENSMUSG00000034377	-0.4047364194981123	0.3251312781515442
ENSMUSG00000116891	-0.3585705110842305	-0.4109818588146803
ENSMUSG00000052981	-0.3609308729760772	-0.2517299301076329
ENSMUSG00000027186	-0.2562850521686659	-0.5004795205081837
ENSMUSG00000001280	-0.0369273644630978	0.3326496978502969
ENSMUSG00000071015	-0.3339019155691846	-0.2708428429377698
ENSMUSG00000108276	-0.2486295805720874	-0.4633282011639348
ENSMUSG00000001504	-0.1196121105959171	0.286459164430341
ENSMUSG00000027167	-0.2870129254024001	0.494890322338093
ENSMUSG00000024900	-0.0107228665156134	0.2415654058611526
ENSMUSG00000099732	-0.4385169867289324	-0.4252078204414888
ENSMUSG00000016283	-0.3803143867383252	-0.3323770984403985
ENSMUSG00000092130	-0.2199584767806758	0.0169043680967121
ENSMUSG00000049191	-1.1639886129187995	-0.4545518535265929
ENSMUSG00000028949	-0.1098765496872272	0.1621442459576406
ENSMUSG00000111933	-0.2389196367438364	-0.2228039442590473
ENSMUSG00000041710	-0.5552349977212573	-1.049975703669168
ENSMUSG00000106364	-0.0309749421142557	-0.1098669294784366
ENSMUSG00000095576	-0.4839307677305935	-0.57504852267689
ENSMUSG00000061082	-0.6748526168368062	-0.433508769397428
ENSMUSG00000081377	-0.433053673803573	-0.3758524428170948
ENSMUSG00000029368	-0.4466182782734632	-0.3834463516424176
ENSMUSG00000120137	-0.5568281378655837	-0.115880441378722
ENSMUSG00000021929	-0.1468543139595131	0.4998893397790512
ENSMUSG00000054196	-0.1629160908052727	0.1931925211539609
ENSMUSG00000015224	-0.4386614894972681	0.1772905705781192
ENSMUSG00000078956	-0.1641623638925831	0.1837684975812124
ENSMUSG00000097986	-0.0905437843835674	0.2501305388670815
ENSMUSG00000117084	0.0173424135571286	-0.1056883689145177
ENSMUSG00000022982	-0.1504906652269163	0.4156783369545321
ENSMUSG00000115115	-0.3811311824762555	-0.4507639743532841
ENSMUSG00000112694	-0.3616046007298891	0.1784889979657388
ENSMUSG00000037652	-0.0185326839192052	0.4156733339634292
ENSMUSG00000032216	-0.0036663725386652	0.2983862318124234
ENSMUSG00000117613	-0.4605921566697354	-0.4178682013083235
ENSMUSG00000116762	-0.2177100185800929	0.4139572474365151
ENSMUSG00000094892	-0.6806407281474282	-0.947359761581016
ENSMUSG00000120309	-0.2001160264106354	-0.1247632013048949
ENSMUSG00000040693	-0.4200399785175888	0.3519910002776401
ENSMUSG00000091486	-0.5378494706915862	-0.806889321563548
ENSMUSG00000050296	-0.3967306638557227	-0.3869126669012081
ENSMUSG00000097762	-0.3045377621252632	0.0475740574687195
ENSMUSG00000100537	-2.0	-2.0
ENSMUSG00000033439	-0.0170894676701345	0.0400217854513161
ENSMUSG00000079418	-0.5821279108169758	0.2569737743836311
ENSMUSG00000006143	-0.0055173453494649	-0.1334098830131327
ENSMUSG00000024030	-0.1654391747031822	0.3181309794118098
ENSMUSG00000117598	-0.5912734225767895	-0.4378530354000823
ENSMUSG00000095075	-0.5110470424145137	-0.8643585836133316
ENSMUSG00000068615	-0.3515006467639879	-0.3236759081315024
ENSMUSG00000086247	-0.0457314336734596	0.3759264882671667
ENSMUSG00000058558	0.0272688581955331	0.3198627592882556
ENSMUSG00000115272	-0.5562346171595207	-0.7546083099176955
ENSMUSG00000026043	-0.5198432656622527	-0.4821642730476946
ENSMUSG00000020196	-0.0143427419899228	0.3916117965664842
ENSMUSG00000090824	-0.2072870514363372	-0.2267667919051587
ENSMUSG00000115404	-0.5370829860108399	-0.4128676041833405
ENSMUSG00000066892	-0.0430486239711454	0.1959156961128552
ENSMUSG00000097493	-0.0941027061785859	0.0749288747285228
ENSMUSG00000032399	-0.05484272155438	0.2489585116854913
ENSMUSG00000096002	-0.3651331480022902	-0.3602698163966405
ENSMUSG00000020361	-0.0055715378836783	0.3361998799777967
ENSMUSG00000055531	-0.0470090953549594	0.4038518543402976
ENSMUSG00000114513	-2.0	-2.0
ENSMUSG00000038172	-0.0084760472923751	0.3701724780731275
ENSMUSG00000118265	-0.2357103828269795	-0.3448233258978457
ENSMUSG00000042828	0.1032756125093003	0.1109067305345885
ENSMUSG00000029438	-0.0443521700615981	0.4192014359974368
ENSMUSG00000038256	-0.0345143829689281	0.3905034228272213
ENSMUSG00000112898	-0.4543708084512844	-0.1448786148567964
ENSMUSG00000120055	-0.2909506352062518	0.2478299500747507
ENSMUSG00000115724	-0.6763082574265603	-0.3719833943267845
ENSMUSG00000103492	-0.3762073130060888	-0.4833319386739099
ENSMUSG00000116644	-0.1476860703529237	-0.292649240611456
ENSMUSG00000112337	-0.4397282903888639	-0.2782009221755155
ENSMUSG00000017309	-0.199992803416942	-0.2195778360461501
ENSMUSG00000039474	-0.0751731244319051	0.5117221744106626
ENSMUSG00000003379	-0.3046906745471057	-0.0938495995358559
ENSMUSG00000109973	-0.3134436268244283	-0.3174125478525005
ENSMUSG00000086154	-0.1040059538304177	0.3562894150006558
ENSMUSG00000056961	-0.5995145780995945	-0.8646306987559867
ENSMUSG00000039263	-0.0657158198841841	0.3511184487796078
ENSMUSG00000041625	-0.1340144674771645	0.3381376283319081
ENSMUSG00000073928	-0.5740537213328639	-0.571825051793006
ENSMUSG00000025909	-0.4853970011582125	-0.191546889299819
ENSMUSG00000049530	-0.3576767721060254	-0.4469062621756034
ENSMUSG00000017667	-0.0168302550997302	0.3730161475485046
ENSMUSG00000120037	-0.4770969349096242	-0.6720378052411207
ENSMUSG00000071665	-0.5958980188502875	0.0096309504469199
ENSMUSG00000068267	0.1361845009202215	0.1950229870857936
ENSMUSG00000041578	-2.0	-2.0
ENSMUSG00000103591	0.0109591257130963	0.0740159874353396
ENSMUSG00000042997	-0.0483179027654969	0.4680544522019326
ENSMUSG00000079525	-2.0	-2.0
ENSMUSG00000013523	-0.2210791382856882	-0.31322077666074
ENSMUSG00000090629	-0.5637573419694084	-0.8548682610137952
ENSMUSG00000109727	0.1186658249442632	-0.066611021632176
ENSMUSG00000106650	-0.5990467370378868	-0.4549550488500701
ENSMUSG00000073594	-0.3336885456182877	-0.3938799351623387
ENSMUSG00000047141	-0.0671313895361214	0.4242568482925214
ENSMUSG00000025731	-0.0513731675124192	0.2728154700976644
ENSMUSG00000109991	0.047507882725897	0.2040711217782347
ENSMUSG00000086835	-0.2563087161676699	-0.1856200046006808
ENSMUSG00000039478	-0.154413839231722	0.4869949072859722
ENSMUSG00000063172	-0.2865407070723764	0.4758808772370237
ENSMUSG00000100788	-2.0	-2.0
ENSMUSG00000116771	-0.1982758673279573	0.4785168591023437
ENSMUSG00000038987	0.0750839538278178	-0.2291700716895675
ENSMUSG00000051879	-0.1812159545818772	-0.1254142887589222
ENSMUSG00000024118	-0.3833461836539149	0.2333515276532743
ENSMUSG00000085060	-2.0	-2.0
ENSMUSG00000096525	-0.5375872363396758	-0.7597405777336778
ENSMUSG00000104605	-0.5999220710370842	0.359276798709605
ENSMUSG00000117444	-0.0554446883025421	0.0501049384292822
ENSMUSG00000109636	-0.9162731242624608	-0.2123744965983929
ENSMUSG00000069727	-0.0709915487568008	0.4592953638281832
ENSMUSG00000031879	-0.1279045910383844	0.4153116318105463
ENSMUSG00000028478	-0.0151936577234926	0.112699490517162
ENSMUSG00000020889	-2.0	-2.0
ENSMUSG00000105742	0.014281064762715	0.0011221556881123
ENSMUSG00000038205	-0.0695518417645638	0.5143482235564176
ENSMUSG00000031682	-0.313857641675694	-0.363534972410823
ENSMUSG00000063663	-0.5210020214499312	0.3763347794959596
ENSMUSG00000100923	-0.3773900064072238	-0.4446980106765084
ENSMUSG00000039908	-0.0724084392569084	0.365899994760731
ENSMUSG00000121335	-0.5684480823291719	-0.7844012948394151
ENSMUSG00000092517	-0.2961298910126109	-0.3688268360902899
ENSMUSG00000101214	-0.2601905591051879	0.0235132050250477
ENSMUSG00000037001	-0.0920955005786502	0.4508419313076501
ENSMUSG00000113515	-0.1601437594876062	-0.4321388023722975
ENSMUSG00000021255	-0.0736062026315221	-0.224987564384847
ENSMUSG00000042507	-0.0099543263153696	0.3601623129050365
ENSMUSG00000025937	-0.014113516281292	0.4334542759520652
ENSMUSG00000028266	-0.1190621944047059	0.5248855797546654
ENSMUSG00000017737	-0.078787397988313	-0.2129870864198075
ENSMUSG00000087521	-0.3032027247605536	-0.2344414109036571
ENSMUSG00000070360	-2.0	-2.0
ENSMUSG00000095916	-0.3929412770060673	-0.4987558526334979
ENSMUSG00000114970	-2.0	-2.0
ENSMUSG00000113735	-0.4357132510807819	-0.3427159824686412
ENSMUSG00000024539	-0.0328714514630195	0.5388681901730933
ENSMUSG00000109244	-0.3713052299755439	-0.133437753857636
ENSMUSG00000117632	-0.3893351533674323	-0.3539526787032423
ENSMUSG00000096436	-0.6344115774053969	-0.858256824189284
ENSMUSG00000117758	-0.4524598523561319	-0.6707608552904517
ENSMUSG00000101674	-0.3280716423880523	-0.3161661782412348
ENSMUSG00000032297	-0.2211084745055083	0.0206340399993908
ENSMUSG00000079105	-0.2262347584656543	-0.2217739126489085
ENSMUSG00000108498	-0.5176747734974437	-0.19249840442246
ENSMUSG00000114253	-2.0	-2.0
ENSMUSG00000106783	-0.2088306768106878	0.0456816908732202
ENSMUSG00000096606	-0.0938315954375516	0.0122398488733505
ENSMUSG00000024190	-0.1452858524536375	0.4364164680897122
ENSMUSG00000045929	-0.314060411460123	-0.0690050470373641
ENSMUSG00000081945	-2.0	-2.0
ENSMUSG00000021194	-0.2449304782233042	0.188650671332315
ENSMUSG00000073964	-0.5561652784433773	-0.6119118772163777
ENSMUSG00000118503	-0.0822867929652846	-0.2995406638739559
ENSMUSG00000121410	-0.5375631269970477	-0.4968055126625791
ENSMUSG00000004948	-0.1540313902251666	0.1886613597124791
ENSMUSG00000023045	-0.0322390470800312	0.3769749387488657
ENSMUSG00000031906	-0.179400827459733	0.3918077619291663
ENSMUSG00000019832	-0.406120949918876	-0.0808369407266079
ENSMUSG00000107399	-0.0701127997273494	-0.4272830992131973
ENSMUSG00000050276	-0.1940198474402402	-0.2140391167870237
ENSMUSG00000115043	-0.7488342374154943	-0.522508305354346
ENSMUSG00000029843	-0.1498926486685852	-0.0993129769763078
ENSMUSG00000110605	-0.0867514159301673	0.3731669841003122
ENSMUSG00000017765	-0.042972094703541	0.4121348304608613
ENSMUSG00000020461	-0.3666885247938962	0.2402935882479735
ENSMUSG00000025265	-0.0109933353272026	0.1177300130698479
ENSMUSG00000028719	-0.1347795576277998	0.4890352203061585
ENSMUSG00000058291	0.0103102201185955	0.2284624183382843
ENSMUSG00000106458	0.0085929334602331	-0.0930616757421327
ENSMUSG00000034997	-0.7616673068865514	-0.8421426689217268
ENSMUSG00000038567	-0.2587637574419771	-0.3163146037835476
ENSMUSG00000111869	-0.6098426582659207	-0.6759282389173438
ENSMUSG00000031273	-0.7141587597354557	-0.6328110441713195
ENSMUSG00000044783	-0.0552439071169499	0.394525574648881
ENSMUSG00000046589	-0.3529618635411312	-0.0155618049260802
ENSMUSG00000067199	0.2607890509549804	0.2850101584800504
ENSMUSG00000091849	-0.1187868121107471	-0.1802146375231002
ENSMUSG00000031651	-0.0493163580728721	0.1317411732811647
ENSMUSG00000114010	-0.4370049792965541	-0.3918731445012936
ENSMUSG00000027288	-0.0205026146433184	0.3018344321510182
ENSMUSG00000090171	-0.1059095631502918	-0.1873349971694698
ENSMUSG00000025723	-0.2471439776918861	-0.0329754580247109
ENSMUSG00000027300	-0.0240573573070616	0.3114567443893347
ENSMUSG00000109722	-0.3676530670538788	-0.4060368729948859
ENSMUSG00000032105	0.0984577179776553	-0.2363165965946883
ENSMUSG00000039910	0.0250586567773767	0.3817423230110517
ENSMUSG00000053774	-0.0001442097081282	-2.0
ENSMUSG00000020383	-0.1658493677373853	-0.3114782019632155
ENSMUSG00000111497	-0.034088950623519	0.4818652507646416
ENSMUSG00000061028	-0.0363424805461768	0.3546630593963201
ENSMUSG00000101766	-2.0	-2.0
ENSMUSG00000015854	-0.353244471115641	-0.4708025381639729
ENSMUSG00000035262	0.1346742527254704	0.147686215533028
ENSMUSG00000040380	-0.2973441025191735	0.2865741220143122
ENSMUSG00000118505	-0.3182715404707801	-0.207980422081784
ENSMUSG00000039632	-2.0	-2.0
ENSMUSG00000081769	-0.1460147864444159	-0.1784955113029561
ENSMUSG00000085584	-0.6984935841242905	-0.5537477340665354
ENSMUSG00000050666	-0.4081694832998602	-0.1280158468994869
ENSMUSG00000118652	-0.4555412663998142	-0.5345841315275613
ENSMUSG00000055114	-0.2234122702912519	-0.1615061689426126
ENSMUSG00000028876	-0.2250326672719496	-0.2431131229759738
ENSMUSG00000102775	0.2123879198257876	0.3567591380722569
ENSMUSG00000117365	-0.4631023342567358	-0.3381982902353964
ENSMUSG00000001151	-0.012318275895092	0.4684073002713585
ENSMUSG00000096054	-0.3981895825488535	0.0708363079680197
ENSMUSG00000102761	-0.3622597728400745	-0.3949006188939776
ENSMUSG00000111657	-0.4666466823409086	-0.1865194911789529
ENSMUSG00000062101	0.0370717456698472	-0.4721526970212701
ENSMUSG00000116270	-0.2225963212655106	-0.1687138130916169
ENSMUSG00000046975	-0.5056871122227352	-0.5346736700044694
ENSMUSG00000038126	-0.0332353021524134	0.5484400316832309
ENSMUSG00000048834	-0.3963081766871649	-0.058617980561847
ENSMUSG00000003604	-0.0933482434895084	-0.0669867465609953
ENSMUSG00000097773	-0.3698822425994136	0.3503642541044395
ENSMUSG00000111342	-0.4462681050144816	-0.5165119816878195
ENSMUSG00000104407	-2.0	-2.0
ENSMUSG00000103636	-0.15251359142278	-0.0703091378148469
ENSMUSG00000044600	-0.4759202685593972	0.3749971236483044
ENSMUSG00000020048	-0.0591931528178355	0.4643428700353663
ENSMUSG00000102277	-0.4516797059181794	-0.4409813195834219
ENSMUSG00000114538	-2.0	-2.0
ENSMUSG00000003752	-0.0565558414304529	0.4509637199154216
ENSMUSG00000038754	-0.2529116638241085	-0.0744931901674614
ENSMUSG00000044322	-0.4726157962960162	-0.3630676056215218
ENSMUSG00000102916	-0.6058766157510964	-0.6355087031351809
ENSMUSG00000005410	-0.0389416814348727	0.381625821178738
ENSMUSG00000033327	-0.2374656249715663	-0.1788486001030872
ENSMUSG00000100092	-2.0	-2.0
ENSMUSG00000095152	-2.0	-2.0
ENSMUSG00000074505	-0.4776275027378414	-0.3810962970111326
ENSMUSG00000026594	-0.0897030933702458	0.4938585604325522
ENSMUSG00000105834	-0.460995201645258	0.4986928403734408
ENSMUSG00000106589	-0.408328028314421	0.1529851641336789
ENSMUSG00000041762	-0.3446548441021548	0.4877668694385699
ENSMUSG00000117827	-0.3730715260440547	-0.2644287235866762
ENSMUSG00000021381	-0.3224762646147616	-0.2899015986480089
ENSMUSG00000022664	-0.2087573472941828	0.5253524637397256
ENSMUSG00000108483	-0.2576100251583189	-0.3873418102683422
ENSMUSG00000049577	-0.0526981550361725	0.3084182867679624
ENSMUSG00000112283	-0.5306018855853963	-0.4275840188632157
ENSMUSG00000012443	-0.0321313820058347	0.449110134165666
ENSMUSG00000008167	-0.3585112149531124	0.3653486888066543
ENSMUSG00000014686	-0.0228849245506702	-0.0680591817573096
ENSMUSG00000079451	-0.4560074053589737	-0.5031519626975668
ENSMUSG00000042857	-0.4100593749306398	0.455269194543539
ENSMUSG00000092467	-0.5181751312851297	-0.6217514202614857
ENSMUSG00000024142	-0.1566669158227109	0.2926892634050527
ENSMUSG00000106788	-0.3867329682523514	-0.6686884902809678
ENSMUSG00000071342	-0.2241407685219235	0.2168293246496359
ENSMUSG00000100914	-2.0	-2.0
ENSMUSG00000104033	-0.6669999464842478	-0.5974841353533253
ENSMUSG00000108356	-0.3100134954599292	-0.3983984312108768
ENSMUSG00000079020	0.0035587542771344	0.0560598222419407
ENSMUSG00000090991	-0.6758427054111606	-0.5623474339462735
ENSMUSG00000024298	-0.0488570342946761	0.3960280373367603
ENSMUSG00000069237	-0.0121613918964433	0.3511598543653657
ENSMUSG00000079267	-0.6696362342776311	-0.5419145016907637
ENSMUSG00000051877	-0.6295579724914561	-0.5966965300443973
ENSMUSG00000097318	-0.1989762751649797	0.4306158122501237
ENSMUSG00000040820	-0.1571852679176019	0.5178873143489429
ENSMUSG00000031592	-0.0380928631216714	0.5574056541501041
ENSMUSG00000072295	-0.3674287331249076	-0.2709757305440277
ENSMUSG00000047171	-0.1899783609801854	-0.1121412045783318
ENSMUSG00000085740	-0.0660499138462868	0.0211585251135015
ENSMUSG00000064293	-0.5380419105470746	-0.1865260438530216
ENSMUSG00000085457	-0.2547365343951797	0.3996678385677336
ENSMUSG00000105981	-0.2459335884267798	-0.1267660331676325
ENSMUSG00000024029	-0.2637762936426169	-0.400244834481516
ENSMUSG00000031826	-0.0110230018543156	0.3431832142956821
ENSMUSG00000084949	-0.3053519878824063	-0.1885569110048947
ENSMUSG00000087230	-0.3378927753622803	0.0746445898083863
ENSMUSG00000053166	-0.1189797098838399	0.0331018561793181
ENSMUSG00000033383	-0.289331862044029	-0.3261804123699824
ENSMUSG00000045091	-0.4116397397348756	-0.2643110573986686
ENSMUSG00000085209	-0.5998484714735026	-0.916483118918427
ENSMUSG00000113362	-0.1465119305327231	0.1596899452800195
ENSMUSG00000032041	-0.1087391516591688	0.2430306035742178
ENSMUSG00000045751	-0.0186929750138084	0.5749010697065705
ENSMUSG00000029868	-0.3285279768274749	-0.5093076351835857
ENSMUSG00000028148	-0.2873502983727886	-0.343231603625474
ENSMUSG00000101160	-2.0	-2.0
ENSMUSG00000022191	-0.0115172073946166	0.4298894889239309
ENSMUSG00000025854	-0.1469761370270729	0.4191968042675688
ENSMUSG00000030254	-0.0160654416591981	0.4594657687701406
ENSMUSG00000100967	-0.008680339498957	-0.3310159890775953
ENSMUSG00000006398	-0.1982500901639405	0.4021984266916862
ENSMUSG00000001985	-0.0044791407969344	0.1899100878457463
ENSMUSG00000050213	-0.1174846830743429	0.4416162800807677
ENSMUSG00000084783	-0.1899486326800196	-0.299962596592753
ENSMUSG00000051617	-0.2196677074793702	-0.4509319912111324
ENSMUSG00000070983	-0.3533710480529068	-0.6516542411907577
ENSMUSG00000057778	-0.0622215091964612	0.4565506449660882
ENSMUSG00000001052	-0.026092225892871	0.44738287562819
ENSMUSG00000048965	-0.2853445576998321	-0.0181342977540306
ENSMUSG00000002032	-0.1369179128387884	0.1670235696238643
ENSMUSG00000020911	-0.1355890792727586	0.1133543169725677
ENSMUSG00000024236	-0.1350173840732034	0.3554220169849291
ENSMUSG00000090214	-0.2945334896880347	-0.2453430273077017
ENSMUSG00000102586	-2.0	-2.0
ENSMUSG00000084963	-0.8401349179745288	-0.9603819887635454
ENSMUSG00000022792	-0.2064704099310007	0.5240971415168519
ENSMUSG00000062282	-0.3457602926093249	-0.4154756480136337
ENSMUSG00000097558	-0.4308609069956932	-0.3321292047187175
ENSMUSG00000030222	-0.2557721268044138	0.2036358002292068
ENSMUSG00000114372	-0.5115922858082568	-0.6521300776069049
ENSMUSG00000066263	-0.3331964524125256	-0.4423347484774665
ENSMUSG00000047143	-0.206098472487754	0.2362192334513706
ENSMUSG00000032051	-0.2429633998807363	0.5195922824230178
ENSMUSG00000022097	-0.5028997104899071	-0.6732792216011573
ENSMUSG00000026778	-0.4030742843037059	-0.1751249872645301
ENSMUSG00000031245	-0.7064918208188379	0.4481622611198304
ENSMUSG00000058523	-0.1575375467762126	-0.3055764531069379
ENSMUSG00000092441	-0.3997681047957576	-0.5578009354457454
ENSMUSG00000120076	-0.2450369000656694	-0.3367296257458424
ENSMUSG00000020630	-0.1081083381914605	0.4868043920477889
ENSMUSG00000116325	-0.1476308876023943	-0.1752583865037884
ENSMUSG00000074178	-0.2569239623365295	0.5251560240384618
ENSMUSG00000067768	-0.7085894095488771	-0.9364212983193986
ENSMUSG00000000197	-0.3943560562352088	0.3448279216977752
ENSMUSG00000105942	-0.3995001877601656	-0.4325087756880345
ENSMUSG00000041974	-0.1314142158896243	0.4587311934247554
ENSMUSG00000055319	-0.0236713005718591	0.3180407844715199
ENSMUSG00000044501	-0.3328835922541112	0.4779277141590078
ENSMUSG00000105797	-0.4196295881570855	-0.2329152601031248
ENSMUSG00000022176	-0.1279216157696813	-0.2478356532965193
ENSMUSG00000112544	-0.2525931643865561	0.1528644116180894
ENSMUSG00000104302	-0.318622885900721	-0.2550202011963076
ENSMUSG00000110300	-0.45595429136886	-0.699516255890844
ENSMUSG00000040464	-0.040184249825183	0.4799744415579406
ENSMUSG00000099241	-0.5438852318266384	-0.5390258242992283
ENSMUSG00000030278	-0.1366772588643499	-0.169337834636524
ENSMUSG00000054827	-0.7261354447266112	-0.6109496483761332
ENSMUSG00000094043	-0.6468639309056634	-0.732221434696594
ENSMUSG00000039110	-0.2556824466773538	-0.0271343730920362
ENSMUSG00000094832	-0.6543729036111625	-0.5854856430917388
ENSMUSG00000030145	-0.2096965354503492	0.3507123100557095
ENSMUSG00000027091	-2.0	-2.0
ENSMUSG00000106968	0.0870502370088105	0.1759777485983979
ENSMUSG00000029830	-0.3303668599188362	-0.1531907410989598
ENSMUSG00000025147	-0.0290974522749159	0.4623500731050536
ENSMUSG00000113883	-0.0713307512054094	-0.3389828298947271
ENSMUSG00000104122	-0.7240937586022382	-0.3326153628020391
ENSMUSG00000118378	-0.4356508614905123	-0.413502938945714
ENSMUSG00000120442	0.0149886020547386	0.3657555925586969
ENSMUSG00000054728	-0.3724082461233111	-0.2837693793877482
ENSMUSG00000034194	-0.1610163617586209	0.3340177500242843
ENSMUSG00000104184	-0.4962707760026207	-0.3183067526096473
ENSMUSG00000038067	-2.0	-2.0
ENSMUSG00000085411	-0.1302352469388147	-0.3455700812562219
ENSMUSG00000114501	0.0230079509467018	-2.90544432668012
ENSMUSG00000095174	-0.0377393225827269	0.0069300401200126
ENSMUSG00000067591	-0.8059311146498548	-1.5286164512378575
ENSMUSG00000027229	-0.2194076497746786	-0.0110859051588594
ENSMUSG00000033318	-0.0411189921758002	0.3409328672025583
ENSMUSG00000091676	-0.0966104531518126	-0.0915649546701471
ENSMUSG00000020661	-0.1169531429826443	0.2094587670841191
ENSMUSG00000044092	0.0048683262668681	-0.0588542441798928
ENSMUSG00000070460	-0.5541810997438013	-0.7399796804124817
ENSMUSG00000086834	-0.1901138455632	-0.340813875916975
ENSMUSG00000113312	-0.4253673903516961	-0.4558262240191363
ENSMUSG00000121515	-0.7146957356071206	-0.5232331873152459
ENSMUSG00000038252	-0.0818992796440312	0.3485680864645187
ENSMUSG00000054967	-0.1736203906690933	0.4895248117843871
ENSMUSG00000097515	-0.5555888640825932	0.2935517023588717
ENSMUSG00000090564	-0.1192941946981816	0.2673843632597026
ENSMUSG00000044167	-0.0192215023426775	0.4335544728483924
ENSMUSG00000021850	-0.544954953522432	-0.8710251556535864
ENSMUSG00000060181	-0.1024967277728669	0.3776500528617226
ENSMUSG00000041703	-0.1097447937279085	0.3059147267386112
ENSMUSG00000046798	-0.2072971309341412	0.5492899979978847
ENSMUSG00000096393	0.448014607448605	-0.069012581544369
ENSMUSG00000114615	-0.4455510610407525	-0.6507761068401844
ENSMUSG00000002524	-0.1030047993737654	0.432708956685811
ENSMUSG00000028470	-0.1196424276815157	0.4599497762273125
ENSMUSG00000115422	-0.5356342605332766	-0.515182761478098
ENSMUSG00000035181	-0.0793083913382602	0.5068350249269751
ENSMUSG00000105782	-0.5673773214531371	-0.3814950356558618
ENSMUSG00000034994	-0.0021359796539072	0.1657581696946033
ENSMUSG00000103130	-0.0829867246393471	-0.1564480673322039
ENSMUSG00000046431	-0.4637560297613894	-0.5765568864451637
ENSMUSG00000027967	0.0425580300620329	-0.3489751332428497
ENSMUSG00000042529	-0.1816154660729064	0.4193387112742826
ENSMUSG00000102398	-0.544031391442734	0.5349997636413943
ENSMUSG00000111250	-0.385592611169393	-0.4130064937264576
ENSMUSG00000121904	-2.0	-2.0
ENSMUSG00000030315	-0.12213888034429	-0.2560832553478845
ENSMUSG00000002265	-0.0779198732974034	0.3123047477337362
ENSMUSG00000086964	-0.1408249424047179	-0.4959782085300817
ENSMUSG00000071757	-0.1593167779353719	0.1016370433215621
ENSMUSG00000106112	-0.374773799018367	-0.6488258287337553
ENSMUSG00000086220	-0.0444749361823786	0.1784163169473497
ENSMUSG00000028402	-0.4338169126954654	0.1324722368307443
ENSMUSG00000073158	-0.1392346183999699	0.391956086969887
ENSMUSG00000078510	-0.3606430215141358	-0.3844511988173181
ENSMUSG00000112211	-0.4214953390308973	-0.3564415264729741
ENSMUSG00000017003	-0.3707731284669886	-0.1224404622358608
ENSMUSG00000034926	-0.0377541029633484	0.4984869931620716
ENSMUSG00000046897	-0.0379370044209204	0.3307225402920207
ENSMUSG00000103159	-0.0517791835608186	0.0484184178332962
ENSMUSG00000110179	-0.329156753487992	-0.4963108911033638
ENSMUSG00000028898	-0.1348563304059023	0.3866227263011665
ENSMUSG00000023723	-0.1407209252112407	0.4455522093524098
ENSMUSG00000085377	-0.3680680256723761	-0.2171528687824502
ENSMUSG00000109228	-0.4075363253956877	-0.3978831415329271
ENSMUSG00000084959	-0.4751810588892038	-0.4348315335510168
ENSMUSG00000036353	-0.5037150798374644	-0.4818407734834939
ENSMUSG00000113796	-0.5691305511505474	-0.4664114310369651
ENSMUSG00000052234	-0.1613590428322291	-0.1463225910627786
ENSMUSG00000046694	-0.0835719519660368	0.3834562965247531
ENSMUSG00000087050	0.0806373080780685	0.2397373075463929
ENSMUSG00000042670	-0.1183819940474769	0.4926994997444312
ENSMUSG00000021770	-0.053448310618403	0.515842859402541
ENSMUSG00000103151	-0.2216318013366313	-0.6110637093366906
ENSMUSG00000096374	-2.0	-2.0
ENSMUSG00000095212	-0.5464712921762886	-0.3242311872545276
ENSMUSG00000092225	-0.0411652091776721	0.4119343712750986
ENSMUSG00000091662	-0.2804378689534316	-1.1813388420555844
ENSMUSG00000030216	-0.0938448558686736	0.5121582825725002
ENSMUSG00000069816	-0.4866140435422568	-0.4728381521370028
ENSMUSG00000086163	-0.0434901292475131	-0.1527028103863256
ENSMUSG00000096236	-0.9536921728759624	-0.9803421143780544
ENSMUSG00000053318	-0.3762668443054452	-0.4834868636086285
ENSMUSG00000036814	-0.327115949466448	-0.0479785447183838
ENSMUSG00000031255	-0.7551118819577659	-1.1762597980133322
ENSMUSG00000120750	-0.3709449135371612	0.4422278993139447
ENSMUSG00000026924	-0.0138156318895049	-2.0
ENSMUSG00000094948	-0.3225678951246333	-0.1610882243225089
ENSMUSG00000032897	-0.0079881194773388	-0.3156303076426851
ENSMUSG00000020264	-0.2090029515448704	-0.2349868824814226
ENSMUSG00000031966	-0.4145083633606384	-0.6092905728030527
ENSMUSG00000022323	-0.0182106486880494	-1.2816691229279007
ENSMUSG00000099861	-2.0	-2.0
ENSMUSG00000086533	-0.1977426739081415	-0.0852523598258658
ENSMUSG00000033596	-0.0418770371487604	0.4893373738714264
ENSMUSG00000014782	-0.0411211883269812	-0.1393769502007047
ENSMUSG00000034959	-0.5482790665475717	-0.2842469489117452
ENSMUSG00000036622	-0.0315584281386597	0.3503802253682462
ENSMUSG00000089792	-0.6737458842632092	-0.8496912829669958
ENSMUSG00000111144	-0.2423870300101018	-0.2696288033808428
ENSMUSG00000021681	-0.0484994813400325	0.4782801419904923
ENSMUSG00000039804	-0.0211510654667697	0.4429871424416502
ENSMUSG00000106456	-2.0	-2.0
ENSMUSG00000028469	-0.2601654177073936	-0.1155207045186862
ENSMUSG00000087670	-0.273544044903878	-0.5280069417685872
ENSMUSG00000030946	-0.2542492975764865	0.3798378050970257
ENSMUSG00000032018	-0.0596539792188451	0.4088292558055355
ENSMUSG00000000751	-0.006914785986624	0.4529043396598726
ENSMUSG00000086172	-0.4208658618537454	-0.5462708649141539
ENSMUSG00000100457	-0.4739371562831484	-0.5282381849355484
ENSMUSG00000037270	-0.2033647588315603	0.4563985280738722
ENSMUSG00000030177	-0.032944066032645	0.4519260625390056
ENSMUSG00000028926	-0.4355247358844226	0.0784373142404521
ENSMUSG00000040055	-0.6081904761935002	-0.6306464893446502
ENSMUSG00000020297	-0.30348372945198	-0.1878526121245796
ENSMUSG00000029763	-0.0873523627298163	0.4250373669531765
ENSMUSG00000120782	-0.2905819630666618	-0.2125041032327253
ENSMUSG00000041205	-0.0010735989798188	0.3528375190662465
ENSMUSG00000022160	-0.090222066610056	0.4616842702528127
ENSMUSG00000045613	-0.4756747730058773	-0.4556925640715918
ENSMUSG00000047531	-0.2715751131520271	-0.210130465261714
ENSMUSG00000087371	-0.1668183244686282	0.4281597490394961
ENSMUSG00000079480	-0.129423581801102	0.3242400940828038
ENSMUSG00000036030	-0.1917298643924995	0.1890687283934211
ENSMUSG00000020076	-0.0432357842903124	0.5021342138838555
ENSMUSG00000042540	-0.3362170280238932	-0.082172591180005
ENSMUSG00000060245	-0.637847857908745	-0.2657293241591977
ENSMUSG00000031264	-0.6200497753113228	-0.899499392822132
ENSMUSG00000029104	-0.0432346328782852	0.5143256345929237
ENSMUSG00000107886	-0.4342373963752792	-0.7482937575753644
ENSMUSG00000079143	-0.1642462860462909	-0.1194413448185034
ENSMUSG00000020701	-0.3875872528366068	-0.1453157097304844
ENSMUSG00000103998	-0.2961427738612052	-0.1422873004579835
ENSMUSG00000023089	-0.1915649808191412	0.4878609380288908
ENSMUSG00000035790	-0.1385746842347648	0.4445631403063486
ENSMUSG00000001870	-0.337439345002393	0.4730686781363781
ENSMUSG00000121039	-0.8017112849812487	0.0103525438033057
ENSMUSG00000025478	-0.2011770518508718	0.0161559303870193
ENSMUSG00000110276	-0.3378761342851354	-0.1020790073063299
ENSMUSG00000112929	-0.6253421872542646	-0.8710556203386958
ENSMUSG00000079507	-0.2842430881650764	-0.0168622192972798
ENSMUSG00000095809	-0.78907533606554	-0.4858734648459224
ENSMUSG00000044062	-0.0946400355027653	0.1845434048467313
ENSMUSG00000095448	-0.6563379152393414	-0.6161566390792402
ENSMUSG00000114648	-0.3102256562178211	-0.3382721000490054
ENSMUSG00000038533	-0.0146032583666956	0.3141153298064285
ENSMUSG00000115711	-0.309862775293199	-0.2265936192745175
ENSMUSG00000079362	-0.3448225573034032	-0.2940677293138582
ENSMUSG00000031878	-0.0694166836602099	0.4620279411902527
ENSMUSG00000035713	-0.0686025482494238	0.3766882535649051
ENSMUSG00000112794	-0.5186733421736309	-0.4714841148588804
ENSMUSG00000121313	-2.0	-2.0
ENSMUSG00000026388	-0.1568641856974685	0.4539934182722447
ENSMUSG00000060376	-0.0440414651823795	0.3194824929675289
ENSMUSG00000090063	-0.382646073147621	-0.598011491786996
ENSMUSG00000027303	-0.096480924954543	0.2693690895348298
ENSMUSG00000022897	-0.007554472776589	0.4699627340341295
ENSMUSG00000097931	-0.345082819632788	-0.3976645362076703
ENSMUSG00000112610	-0.4094628798687721	-0.2883943641110814
ENSMUSG00000000805	-0.3384482723141604	-0.1427509926436267
ENSMUSG00000033156	-0.4150966755808098	-0.4674664413758785
ENSMUSG00000113994	-0.2662345903168071	-0.3613741863898716
ENSMUSG00000120397	-0.1209083659356923	0.1568537169316444
ENSMUSG00000009905	-0.0437063916130375	0.4076240520653428
ENSMUSG00000086815	-0.1523227279696576	-0.124440949923711
ENSMUSG00000111368	-0.0458282380684308	-0.2578990361343389
ENSMUSG00000035811	-0.5405688496891391	-0.3406149712298801
ENSMUSG00000026611	-0.3626678058566935	0.4644496036200718
ENSMUSG00000021207	-0.5408466209726039	-0.5715384736944148
ENSMUSG00000015880	-0.0505598327994279	0.5502682329144695
ENSMUSG00000026822	-0.3092256830258815	-0.2394581020130146
ENSMUSG00000113889	-0.0499349707133845	-0.2239071088398984
ENSMUSG00000109224	-0.0202010450405323	-0.126677770310076
ENSMUSG00000020807	-0.0684099286317461	0.3391726878553188
ENSMUSG00000051732	-0.440202261334108	-0.6197489497854146
ENSMUSG00000085702	-0.2544215315384999	-0.2731132801959278
ENSMUSG00000045136	-0.1801517701365085	0.3500044349172183
ENSMUSG00000113961	-0.2702627403910934	-0.4348191936926912
ENSMUSG00000093528	-0.6250918923289652	-0.594109225968953
ENSMUSG00000117677	-0.4585280949649334	-0.4937358581216625
ENSMUSG00000042708	-0.1762693128584338	0.4388387386489063
ENSMUSG00000066755	-0.4213110610044467	-0.5964333974619482
ENSMUSG00000001420	-0.1770754423642992	-0.0137780632751393
ENSMUSG00000046671	-0.0453102046366352	0.4191312930836408
ENSMUSG00000053965	-0.1802279223824469	0.4214795429123693
ENSMUSG00000058270	-0.7610029551881066	-0.4884310483784961
ENSMUSG00000051680	-2.0	-2.0
ENSMUSG00000054054	-0.9370905571315116	-0.6109640107477533
ENSMUSG00000026960	-0.0635880069430752	0.485732780437265
ENSMUSG00000105900	-0.379239697201732	-0.3748508003451259
ENSMUSG00000020687	-0.0222430238909842	0.4723304271215789
ENSMUSG00000091627	-2.0	-2.0
ENSMUSG00000032434	-0.0589652608643594	0.256417531764493
ENSMUSG00000039860	-0.0815993071392232	-0.2195700595848582
ENSMUSG00000044292	-0.3606488005876081	-0.273184311467873
ENSMUSG00000111474	-0.3773616330520996	-0.2156132512681784
ENSMUSG00000113950	-0.3261242547300622	-0.3388715595069094
ENSMUSG00000051910	-0.3919236832777659	-0.2984156104921544
ENSMUSG00000086549	-0.1467836722349341	0.2687562393828106
ENSMUSG00000030589	-0.0011433507602327	-0.0808747133662812
ENSMUSG00000105707	-0.6351508227027418	-0.3203820729906338
ENSMUSG00000022034	-0.1495805882384716	0.3218431569593044
ENSMUSG00000062598	-0.5611840290662069	-0.4397406031649808
ENSMUSG00000100625	-0.6080120350452471	-0.4203030423449111
ENSMUSG00000099416	-2.0	-2.0
ENSMUSG00000050567	-0.0328138369272871	0.4394981679808393
ENSMUSG00000074292	-0.36150175773524	-0.4845039449063278
ENSMUSG00000111473	-0.2545070498574835	-0.1794307220848908
ENSMUSG00000104014	-0.4715193549164231	-0.2401924482548176
ENSMUSG00000082815	-0.7769107677412993	-0.3369091166592746
ENSMUSG00000112155	-0.3642915237323851	-0.1291208550579619
ENSMUSG00000061762	-0.4614609508180133	-0.387909873421461
ENSMUSG00000120943	-0.3690939524252297	-0.3765943917241444
ENSMUSG00000026417	-0.3571814613892164	-0.4130831841020469
ENSMUSG00000117250	-0.7703894625589885	0.0123811025531029
ENSMUSG00000040204	-0.0363854529521704	0.3505368056802819
ENSMUSG00000039929	-0.0138967876020662	0.3104634683404301
ENSMUSG00000079277	-0.2525481052423051	-0.3015904232692827
ENSMUSG00000018916	-2.0	-2.0
ENSMUSG00000019088	-0.2027183292437551	0.3964730233448258
ENSMUSG00000091813	-0.2661440062004315	-0.1862325249983172
ENSMUSG00000113866	-0.4310582586115962	-0.377112358592315
ENSMUSG00000104394	-0.1143382707491639	0.0075821343157125
ENSMUSG00000105543	-0.3559708053447462	-0.2065592862931568
ENSMUSG00000060962	-0.2274518149480313	-0.3491945382478071
ENSMUSG00000086824	-0.2831157655019133	-0.3233562374419392
ENSMUSG00000036299	-0.6128939817038115	0.1796916505294466
ENSMUSG00000033799	-0.1191114412476735	0.4877377690215685
ENSMUSG00000045027	-0.1679257269293328	-0.2318252946883192
ENSMUSG00000067526	-0.5392241976137	-0.496214136413027
ENSMUSG00000035104	-0.2427891173006828	0.3219627784418634
ENSMUSG00000120171	-0.2486414366362438	0.4024168406521959
ENSMUSG00000071204	-0.4273514083646854	-0.4595990414647845
ENSMUSG00000031758	-0.0196597829440276	0.3827113584412228
ENSMUSG00000050844	-0.3361259565685237	-0.3683225054591065
ENSMUSG00000062181	-0.2950069457034682	-0.4269198936102903
ENSMUSG00000110430	-0.1954109613857786	-0.2609369250101287
ENSMUSG00000058192	-0.0725980157243772	0.4968524640426784
ENSMUSG00000064308	-0.14396218134601	0.1360679379076869
ENSMUSG00000080729	-0.7686894761118647	-1.279901915749896
ENSMUSG00000029146	-0.1564400976984556	0.3089121367302495
ENSMUSG00000120602	-0.2411403168712028	0.3559309525234138
ENSMUSG00000019942	-0.0089826130537757	0.3611727173955012
ENSMUSG00000052537	-0.5956910707510369	-1.3669921407304253
ENSMUSG00000114348	-0.0916194388246378	-0.2920990345462698
ENSMUSG00000094858	-0.6434202063702121	-0.56227353009652
ENSMUSG00000111491	-2.0	-2.0
ENSMUSG00000040414	-0.1704429304316506	0.4835653320948309
ENSMUSG00000063929	-0.2908489773529197	-0.2078424723530584
ENSMUSG00000082919	-0.649459396785654	-0.7766380282656389
ENSMUSG00000084840	-0.2284276572274598	-0.167899516098379
ENSMUSG00000022557	-0.0703399800474924	0.4984335175478891
ENSMUSG00000028883	-0.5731463177900615	-0.6888172407866993
ENSMUSG00000046223	-0.0589152202615957	0.2012860509125721
ENSMUSG00000102457	-0.1651304818030787	0.4629260184826063
ENSMUSG00000086637	-0.2987377691616479	-0.1608970785361802
ENSMUSG00000086509	-0.3158495267731934	-0.2260271554756353
ENSMUSG00000061032	-0.0539077983883872	0.3623542786415756
ENSMUSG00000092448	-0.454489765359742	-0.3426800157264854
ENSMUSG00000049091	0.1401370688018512	0.3475567651856074
ENSMUSG00000111390	0.0822490265564565	0.1050318228006726
ENSMUSG00000110263	-0.4501549739014248	-0.4650562423926066
ENSMUSG00000042240	-0.3103308880838024	-0.2464547807579911
ENSMUSG00000078954	-0.0284121837763997	0.1515493542237526
ENSMUSG00000090476	-2.0	-2.0
ENSMUSG00000051335	-0.0665359966288182	0.4069221915177947
ENSMUSG00000096881	-2.0	-2.0
ENSMUSG00000029432	-0.0458076786006154	0.3835518379851649
ENSMUSG00000103233	-0.0323279306317491	-0.302083481042876
ENSMUSG00000102266	-0.3347925127214005	-0.6116717949642229
ENSMUSG00000029865	-0.6038896138968733	-0.4507421246743111
ENSMUSG00000090291	-0.0965783387073383	0.4165243471505104
ENSMUSG00000000568	-0.0305875359206159	0.4419978582340017
ENSMUSG00000087172	-0.4599038803736097	-0.6003498106503316
ENSMUSG00000046697	-0.4052612571322777	-0.2093758385153497
ENSMUSG00000015341	-0.0726047915098299	0.4597759452161246
ENSMUSG00000115705	-0.5999357621391931	-0.4802013975402361
ENSMUSG00000035152	-0.0239060871581702	0.141014319973708
ENSMUSG00000108417	-0.0921962315473457	0.2548423405996414
ENSMUSG00000060601	-0.1942917630741577	0.262351878894752
ENSMUSG00000081739	-0.4596272230766783	-0.6740219648213331
ENSMUSG00000079031	-0.3149669990747364	-0.4197432802032307
ENSMUSG00000031221	-0.1036904326458242	0.3769588952138515
ENSMUSG00000010045	-0.1562130245941816	0.3025517002634498
ENSMUSG00000031104	-0.3855214685094646	0.1302085449527623
ENSMUSG00000049149	-1.0482979046334815	-0.8394258944311075
ENSMUSG00000085915	-0.2448762848679105	-0.4011633532666785
ENSMUSG00000061906	-0.740594977549678	-0.9979557306279196
ENSMUSG00000054843	-0.2996616937699626	0.5449907457915916
ENSMUSG00000117957	-0.120556479867019	0.1811819279670715
ENSMUSG00000114240	-0.3280790375831903	-0.4950748544053979
ENSMUSG00000029147	-0.1486210442660936	0.502590700742482
ENSMUSG00000067998	-0.2194118244436307	-0.4775346652504083
ENSMUSG00000092199	-0.4335973941902479	-0.7086284851732657
ENSMUSG00000103506	-0.2291366526837252	-0.0268903501888163
ENSMUSG00000002489	-0.0245570700178346	0.4325479330691931
ENSMUSG00000037860	-0.3529998472083295	-0.21016907658096
ENSMUSG00000113404	-0.1549063029522771	-0.3043031558853381
ENSMUSG00000104859	-0.2880059380314581	-0.3058113970970459
ENSMUSG00000113101	-0.3637255922905185	-0.249689898513637
ENSMUSG00000023262	-0.0545539672533562	0.0707537328177964
ENSMUSG00000075574	-0.5283085112571819	-0.8825497190789491
ENSMUSG00000086993	-0.0130149317989505	0.4685998568321877
ENSMUSG00000051528	-0.5850570537069865	-0.730459411249762
ENSMUSG00000024027	-0.0918499996066852	0.4262297733619095
ENSMUSG00000028803	-0.0201459058474478	0.3522230503715307
ENSMUSG00000109270	-0.0960420747630702	-0.0166369850356075
ENSMUSG00000037075	-0.0662403764726367	0.4782342270266579
ENSMUSG00000051510	-2.0	-2.0
ENSMUSG00000011008	-0.3262444567712463	-0.1943516834625008
ENSMUSG00000032023	-0.2991558087155864	-0.2809877548250444
ENSMUSG00000114857	-0.1552934977982663	-0.2092450385308869
ENSMUSG00000035150	-0.0359083672154443	0.4169944545064257
ENSMUSG00000030423	-0.0876155253797844	0.4210518246865596
ENSMUSG00000048921	-0.056110445942161	0.4228556530691467
ENSMUSG00000091733	-2.0	-2.0
ENSMUSG00000005628	0.0786191949796095	0.07273202405986
ENSMUSG00000020109	-0.077741049367218	0.4554831845234934
ENSMUSG00000023079	-0.0023671775412305	0.3433207412275699
ENSMUSG00000009907	-0.0416570946249443	0.4980995595099162
ENSMUSG00000022479	-0.1778049742802275	0.0400770721045128
ENSMUSG00000052609	-0.0331502638902577	0.3947251301968557
ENSMUSG00000068399	-0.7483681541170165	-1.6778386150577398
ENSMUSG00000052013	-0.5796233715127018	-0.3743706502956793
ENSMUSG00000041607	-0.2683675658382895	-0.1094136789325572
ENSMUSG00000104070	-2.0	-2.0
ENSMUSG00000032207	-0.2472351347513641	-0.364284088340946
ENSMUSG00000102627	-0.0326277426746367	0.4093520983260985
ENSMUSG00000038552	-0.2004926583495031	0.0948871951215419
ENSMUSG00000031530	-0.1105404111192922	0.403933418361156
ENSMUSG00000044042	-0.3802555072610122	0.0651756291953693
ENSMUSG00000046610	-0.2028353998531843	0.0715587424875052
ENSMUSG00000121691	-0.0586094313424163	0.1450011317724685
ENSMUSG00000075184	-0.352349297497211	-0.2505575894837358
ENSMUSG00000112753	-0.3388036360305415	-0.4403813250921913
ENSMUSG00000107614	-0.4115277234475977	-0.3603063737779617
ENSMUSG00000107468	-0.1857755850216364	-0.1437461335130827
ENSMUSG00000105107	-0.0171655447622252	-0.0778581442236604
ENSMUSG00000021096	-0.0279892567110764	0.5060098439043472
ENSMUSG00000078635	-0.2740548989311605	0.4048579953965732
ENSMUSG00000022698	-0.0640639919057527	0.5157906842459654
ENSMUSG00000032372	-0.5212854943684171	0.0166877707011294
ENSMUSG00000032766	-0.4134453248958871	-0.2201513881423616
ENSMUSG00000026142	-0.1884280770950047	0.4499903025931202
ENSMUSG00000086870	-0.2582376657314394	-0.4297833705200257
ENSMUSG00000107390	0.041186227769701	0.1351267334775807
ENSMUSG00000030515	-0.3144728648399502	0.4538446794914836
ENSMUSG00000020718	-0.1615419502913276	0.3710442064386849
ENSMUSG00000031779	-0.2617594752049665	-0.2711370526106031
ENSMUSG00000043230	-0.3321654092845508	-0.2516759670562501
ENSMUSG00000086589	-0.0736122738457397	0.4314917817364325
ENSMUSG00000107773	-0.5299866127391127	-0.2757932296898098
ENSMUSG00000094219	-0.0935228389147413	-0.3412451361367264
ENSMUSG00000116867	-0.4999774308156312	-0.6023303803672994
ENSMUSG00000089948	-0.4559458532955087	-0.4747712258982876
ENSMUSG00000091355	-0.4936635769330924	-0.5368834949785898
ENSMUSG00000027829	-0.0751065183568275	0.3841393508202584
ENSMUSG00000107126	-0.5229030664523233	-0.2803280580945568
ENSMUSG00000028165	-0.1195719580157764	0.4492203685981375
ENSMUSG00000024892	-0.0979585789683329	0.3662323862281842
ENSMUSG00000029911	-0.1160782932449658	0.4945641966192347
ENSMUSG00000050737	-0.049821367392965	0.0687741733893203
ENSMUSG00000021556	-0.0131055165390993	0.181574756474929
ENSMUSG00000112891	-0.0120083148846873	-0.0230250318346055
ENSMUSG00000035448	-0.5195411657841613	-0.2828393017361843
ENSMUSG00000029838	-0.4739449165489732	-0.2655607124643932
ENSMUSG00000042210	-0.1758840631619262	0.2610457862909247
ENSMUSG00000115829	-2.0	-2.0
ENSMUSG00000102973	-0.2741974448279576	-0.1582033262800919
ENSMUSG00000118146	-2.0	-2.0
ENSMUSG00000040280	0.396568950540537	0.0285618184777272
ENSMUSG00000021944	-0.5256721161839432	-0.2314641586567053
ENSMUSG00000044205	-0.1633440227432578	-0.1299905335755895
ENSMUSG00000104012	-0.4598753301993404	-0.1948698435930976
ENSMUSG00000061171	-0.394999389970778	-0.2220401853805007
ENSMUSG00000041119	-0.021897215487451	0.3632501051063991
ENSMUSG00000085790	-0.3717294185466281	-0.2391312369389163
ENSMUSG00000038860	-0.0705004562754953	0.3081403693423238
ENSMUSG00000116983	-0.4962098615130434	-0.4639005866000302
ENSMUSG00000099832	-2.0	-2.0
ENSMUSG00000025531	-0.3207891231297091	0.316580027622579
ENSMUSG00000032322	-0.1320061387092565	0.4283032935239783
ENSMUSG00000106270	-0.4544858078492382	-0.3541244145294442
ENSMUSG00000027778	-0.0855495785142121	0.4419815341825721
ENSMUSG00000073676	-0.1887363500906545	0.2119264163136156
ENSMUSG00000020955	-0.1175054026443264	0.3763440543825222
ENSMUSG00000113017	-0.4385594264494942	-0.7265533123807097
ENSMUSG00000028354	-0.3870399190341109	0.3229718330798827
ENSMUSG00000059908	-0.5150502022733205	-0.4457471313894059
ENSMUSG00000108030	-0.1964061987010183	0.5055097508116402
ENSMUSG00000027573	-0.1678272846780601	0.3062130830285983
ENSMUSG00000035032	-0.4741009273040126	0.4073837653246797
ENSMUSG00000024608	0.0124482937962155	0.0392220352536867
ENSMUSG00000043290	-0.1769224249531314	0.2642538182322279
ENSMUSG00000026548	-0.2718409229575224	-0.1348090566731218
ENSMUSG00000040596	-0.1830740492425735	-0.0954183873432743
ENSMUSG00000028057	-0.1289969243129591	0.0135325509021279
ENSMUSG00000117914	-0.3564239619217593	-0.3274392645795219
ENSMUSG00000052525	-0.1800711606330005	0.4643488334972928
ENSMUSG00000056912	-0.5472623204366462	-0.7076588950186594
ENSMUSG00000024331	-0.3658021385645245	-0.0610652916299868
ENSMUSG00000074771	-0.4142395415463175	-0.6443765585793625
ENSMUSG00000112327	-0.5317221031673734	-0.3788813024256359
ENSMUSG00000051212	-0.0074784700401583	-0.1677160845613612
ENSMUSG00000033882	-0.5294480996546125	-0.2220543643371142
ENSMUSG00000100589	-0.4806763955048955	-0.5111611654810644
ENSMUSG00000030577	-0.1376099107451572	-0.0800437421790813
ENSMUSG00000020963	-0.4497031439225049	0.4938947748073126
ENSMUSG00000052417	-0.6263723691086692	-0.3842617842812948
ENSMUSG00000056854	-0.4604349049599338	-0.6131737336615766
ENSMUSG00000111910	-0.4149735564322193	-0.4729519536269423
ENSMUSG00000030549	-0.2193936865183898	-0.2633179931628024
ENSMUSG00000074127	-0.3025164339294783	-0.2623303885341188
ENSMUSG00000112433	-0.0510446028210734	-0.4839360616547773
ENSMUSG00000086807	-0.310866137300184	0.345113271853068
ENSMUSG00000031778	-0.0771022074738661	0.4725297381510876
ENSMUSG00000102582	-2.0	-2.0
ENSMUSG00000033773	-0.0641495655467319	0.4482863504305912
ENSMUSG00000068686	-0.069484563242188	-0.2920561508274014
ENSMUSG00000097174	-0.0815824326338019	0.4996997264509106
ENSMUSG00000033253	-0.0296134160041049	0.3490073453087087
ENSMUSG00000032750	-0.5930934636517255	-0.1862732036931752
ENSMUSG00000061311	-0.4261240869245931	-0.6851031210191881
ENSMUSG00000117872	-0.3146355898774528	-0.0628000717443643
ENSMUSG00000066000	-2.0	-2.0
ENSMUSG00000099201	-0.529297685925308	-0.6342672318724057
ENSMUSG00000101995	-0.2034925505147041	-0.0348845076913841
ENSMUSG00000102714	-0.0367388378963346	-0.3769948103266541
ENSMUSG00000091157	-0.2985876808572233	-0.2247968803777121
ENSMUSG00000111400	-0.1967063491383107	-0.3623252044098012
ENSMUSG00000117597	-0.3082084731651456	-0.7552616584666696
ENSMUSG00000038648	-0.13735516827107	0.4703040360865798
ENSMUSG00000085234	-0.1709773549239693	-0.0772520236174093
ENSMUSG00000107422	-0.3365621803644066	-0.5098124028408846
ENSMUSG00000049106	-0.2035876208363564	0.3019969607814337
ENSMUSG00000113012	-0.0163758775885584	-0.5271105044048192
ENSMUSG00000106306	-0.3957229581189285	-0.3274736032665111
ENSMUSG00000009487	-0.3507409059919495	-0.5286959938861887
ENSMUSG00000009596	-0.6406336952516619	-0.5728960953627463
ENSMUSG00000059862	-0.6940197031635299	-0.9236152573947428
ENSMUSG00000042485	-0.0463610966090609	0.2616016053366924
ENSMUSG00000020638	-0.4573727760076363	0.1609839161218871
ENSMUSG00000102063	-0.3042914288994632	-0.4931468597940282
ENSMUSG00000105750	-0.4693247599722043	-0.4391411492374074
ENSMUSG00000081506	-0.3500458856646029	-0.5047207878741219
ENSMUSG00000015776	-0.4650334336337147	0.1478092196547369
ENSMUSG00000024816	-0.0342923090577138	0.3183626444371878
ENSMUSG00000086563	0.3084226845231142	-0.2160097133471002
ENSMUSG00000027997	-0.1681274114492053	0.1739568214719236
ENSMUSG00000117008	-0.2452232392559489	-0.0945414357515381
ENSMUSG00000097305	-0.0248011644897473	0.3774763649977621
ENSMUSG00000005892	-0.0301227318040842	0.254843789680089
ENSMUSG00000071104	-0.2640297138265219	-0.3268594248081517
ENSMUSG00000045345	0.0609710955408461	-0.2315816910914667
ENSMUSG00000032059	-0.0397307666419248	0.3780077693029102
ENSMUSG00000048070	-0.0277191993325301	0.1953158671851766
ENSMUSG00000115200	-0.2343995372264593	-0.2599796694646482
ENSMUSG00000041859	-0.0048717780896087	0.2664330346695856
ENSMUSG00000036968	-0.3716478588051173	0.4653667882047655
ENSMUSG00000112578	-0.4516398224799149	-0.4005593042195779
ENSMUSG00000051593	-0.375670660446019	-0.4955922405243807
ENSMUSG00000114316	-0.4684582425381196	-0.3581916708720073
ENSMUSG00000115550	-0.285573666583188	-0.2828762866895551
ENSMUSG00000042788	0.1009431604298325	0.1248305403764576
ENSMUSG00000044646	-0.0887791966855371	0.2273827335061366
ENSMUSG00000038034	-0.1512213820062685	-0.236494888574677
ENSMUSG00000036698	-0.0043589271128813	0.2424082374864493
ENSMUSG00000090935	-0.0875445396908726	0.3635785134868078
ENSMUSG00000021548	-0.0767631332947816	0.3713383342532538
ENSMUSG00000108207	-0.014718794093442	-0.175475215172396
ENSMUSG00000022366	-0.3623657965410694	-0.2432522521115167
ENSMUSG00000027998	-0.0655551823866444	0.4338264564753704
ENSMUSG00000051390	0.1645598399862343	0.1427647746387247
ENSMUSG00000117874	-0.0324465951340431	0.2687033750271723
ENSMUSG00000026739	-0.3504060051813628	0.2581083376910577
ENSMUSG00000032246	-0.0602250382017673	-0.1221731718533165
ENSMUSG00000097705	-0.2372170381273805	-0.0067393746069835
ENSMUSG00000086946	-0.2401001907221058	-0.1720999454706609
ENSMUSG00000021264	-0.0208741981299065	0.4262245649284465
ENSMUSG00000029642	-0.0232032073522371	0.3480028942141173
ENSMUSG00000048924	-0.089995039684661	0.1754505787432168
ENSMUSG00000039176	-0.0161883993211196	0.3843261690562444
ENSMUSG00000052369	-0.2470717101874921	0.5355662601640576
ENSMUSG00000007035	-0.1379280419639472	0.2335615947739001
ENSMUSG00000033126	-0.0085182090189698	0.3484271493883071
ENSMUSG00000010461	-0.5020806252344644	-0.3298599494940986
ENSMUSG00000062563	-0.9565915830975392	-0.2603682981166078
ENSMUSG00000013419	-0.0807143330806605	0.1725865864863103
ENSMUSG00000092611	-2.0	-2.0
ENSMUSG00000120091	0.0894872816366635	0.107367847707149
ENSMUSG00000037944	-0.2523415145487047	-0.2936222779194957
ENSMUSG00000094992	-0.4162470888409857	-0.2515786179246856
ENSMUSG00000028619	-0.0880841306454627	0.4587976399952542
ENSMUSG00000107563	-0.5141253201561629	-0.7335751957776717
ENSMUSG00000109753	-0.2884017210786036	-0.4606212557325702
ENSMUSG00000028963	-0.0580726588003517	-0.1588548510515764
ENSMUSG00000020740	-0.0533744447981723	0.2251215639042319
ENSMUSG00000042032	-0.0391337332093703	0.2732383900136715
ENSMUSG00000055874	-0.2772746220464059	0.3156184873715391
ENSMUSG00000049420	-0.4419825312779856	-0.0666440326894506
ENSMUSG00000101599	-0.0041884036159615	-0.2035538927782605
ENSMUSG00000107582	-0.4716083680861738	-0.5818002658969728
ENSMUSG00000027522	-0.0515252201268556	0.4560102518866178
ENSMUSG00000105540	-0.3030735480677453	-0.5298527824368467
ENSMUSG00000121329	-2.0	-2.0
ENSMUSG00000091177	-0.1278419784183884	0.2469591711704547
ENSMUSG00000022674	-0.0586085366663895	0.5168419819854437
ENSMUSG00000039814	-0.072895428471251	0.516424307224631
ENSMUSG00000058997	-0.4065539825319065	0.441944802823297
ENSMUSG00000003778	-0.0350584830603915	0.395101935029416
ENSMUSG00000035493	-0.1356858200036984	0.0281721528093707
ENSMUSG00000066269	-0.6325051642374796	-0.5109704417995758
ENSMUSG00000032649	-0.346586020321529	-0.1658800364857071
ENSMUSG00000113621	-0.3295967900859687	0.483056120357129
ENSMUSG00000121646	-0.1877280017236409	-0.2394793590217052
ENSMUSG00000120534	-0.1882967353484265	-0.0310109497459244
ENSMUSG00000112629	-0.2995240443762416	-0.2612462291181919
ENSMUSG00000035954	-0.255765396239394	0.4840901882671232
ENSMUSG00000001855	-0.0133114612428759	0.4841534360737016
ENSMUSG00000038560	-0.0505702743053273	-0.3109750970855673
ENSMUSG00000118086	-0.3980331748308336	-2.0
ENSMUSG00000089982	-0.4190841434643594	-0.2674225885323518
ENSMUSG00000023159	-0.3095871813483338	-0.2428587003879022
ENSMUSG00000032845	-0.3569452800517577	-0.3914134261409696
ENSMUSG00000020486	-0.1762379016274309	-0.0662999700936459
ENSMUSG00000085485	-0.0276087612825157	0.1524198361843999
ENSMUSG00000087097	-0.1093958001052669	-0.2217506101527879
ENSMUSG00000052160	-0.2672084799570526	-0.1361057939540835
ENSMUSG00000033629	-0.036620034455383	0.4979392456634933
ENSMUSG00000028528	-0.1029822278082653	0.4219597709183754
ENSMUSG00000105199	0.0443554989203871	-0.2527501310135958
ENSMUSG00000016528	-0.154973066017333	0.4113166040675468
ENSMUSG00000089984	-0.1909907404036454	0.3069188772688362
ENSMUSG00000051435	-0.2221073765901861	0.2630728958169304
ENSMUSG00000025511	-0.0472821245056054	0.2363417345814495
ENSMUSG00000048578	-0.0203718753930203	0.3375439155040891
ENSMUSG00000015247	-0.1115683177096641	0.4869660381353817
ENSMUSG00000097189	-0.1690398060455942	0.4138922806669235
ENSMUSG00000097413	-0.3482394892774152	0.2719721075150504
ENSMUSG00000049897	-0.1223161206642208	0.4750167845818566
ENSMUSG00000028716	-0.3524806789120965	-0.2559253927808238
ENSMUSG00000028820	-0.0285780190532756	0.3331493127969231
ENSMUSG00000105804	-0.0105583699294076	-0.2002025099028448
ENSMUSG00000020440	-0.3037717339284382	0.2110896641197789
ENSMUSG00000029915	-1.1615501400991093	-0.511759012043306
ENSMUSG00000045378	-0.0098125974030205	-0.0772065753096948
ENSMUSG00000048661	-0.0358825172294609	0.4826306536321201
ENSMUSG00000024526	-0.1584680975571668	-0.012160945268923
ENSMUSG00000117770	-0.2686431890490265	-0.1309489608774069
ENSMUSG00000030612	-0.1594016494961108	0.4347595047074022
ENSMUSG00000040481	-0.0221413729761235	0.3922025960945901
ENSMUSG00000020698	-0.285982071653929	0.4169439082829352
ENSMUSG00000113465	0.2052401024225238	-0.0044681710154689
ENSMUSG00000011267	0.1552309437079347	-0.0248924938433399
ENSMUSG00000027665	-0.0381475786176985	0.4878165899108092
ENSMUSG00000022484	-0.2050483492724089	0.0984572332979097
ENSMUSG00000085496	-0.4389217634319264	-0.4710529772608895
ENSMUSG00000023911	-0.0681578419700974	0.2667038469427107
ENSMUSG00000028782	-0.0552816883283224	-0.0160633686246105
ENSMUSG00000031987	-0.058092417116095	0.4094214698737363
ENSMUSG00000106030	-0.3056759814972712	-0.1944061760724408
ENSMUSG00000037172	-0.1519545627634424	0.3757612506704902
ENSMUSG00000121852	-0.362499463293835	-0.1978974668841617
ENSMUSG00000117479	-0.0935819867785105	-0.3210333545599603
ENSMUSG00000029322	-0.391385832840717	-0.1929730282377273
ENSMUSG00000112736	-0.3018107594390241	-0.4015139342382864
ENSMUSG00000031981	-0.3105828028018512	-0.2930220602036559
ENSMUSG00000030978	-0.0302282238447664	0.4034424320584049
ENSMUSG00000029310	-0.0657818096067596	0.4567054397913899
ENSMUSG00000061769	-0.6094258957084084	-0.6439377936886201
ENSMUSG00000021701	-0.1034833723675731	0.4199656562356449
ENSMUSG00000074913	-0.789383489975813	-0.5658151053708832
ENSMUSG00000049548	-0.1987574136184038	-0.2753612773902799
ENSMUSG00000109526	-0.5259137522553	-1.0711086792322948
ENSMUSG00000003309	-0.1118265738865532	-0.3120444447980759
ENSMUSG00000027953	0.0915293681906406	0.1872763191326518
ENSMUSG00000110996	-0.4145841687093426	-0.3385860264831686
ENSMUSG00000111605	-0.1143197359809925	-0.169024295333811
ENSMUSG00000026984	-0.3877299738703186	-0.4161929595632956
ENSMUSG00000101050	-2.0	-2.0
ENSMUSG00000005501	-0.1201500096547009	0.4707141263113603
ENSMUSG00000061979	-0.0335114397080994	0.3095032667742075
ENSMUSG00000114929	-0.2205531569065485	0.0233715758306185
ENSMUSG00000022113	-2.0	-2.0
ENSMUSG00000050876	-0.002909071281871	0.1351593763687467
ENSMUSG00000102146	-2.0	-2.0
ENSMUSG00000033633	-0.2541618026808193	-0.2251093368874909
ENSMUSG00000034453	-0.0709697629039371	-2.0
ENSMUSG00000082722	-0.333356560158238	-0.6064056004612035
ENSMUSG00000116608	-0.5326879370194478	-0.3704587052635864
ENSMUSG00000018776	-0.624016131965765	-0.8593781502672813
ENSMUSG00000096485	-0.5991746942432963	-1.2677544081226062
ENSMUSG00000017300	-0.5772825494997886	-0.1425508629101853
ENSMUSG00000047710	-0.0466585724008984	0.3694659686933826
ENSMUSG00000106854	-0.5380739621643641	-0.6808930658532995
ENSMUSG00000095601	-0.7218720049047564	-0.5867763698869721
ENSMUSG00000070291	-0.0433956682987481	0.3445478843690548
ENSMUSG00000038506	-0.0641093941731022	0.4628323745923932
ENSMUSG00000085430	-0.2430755733506197	0.181265134070018
ENSMUSG00000063931	-0.0201107878325805	0.3622232155623536
ENSMUSG00000049556	-0.2698654511994822	0.0678226842916072
ENSMUSG00000090731	-2.0	-2.0
ENSMUSG00000107402	-0.2904910731690928	0.5089025807930363
ENSMUSG00000075302	-0.3518258482649485	-0.0231153471516075
ENSMUSG00000006014	-0.0729515242815494	-0.3731611475175366
ENSMUSG00000003346	-0.148685991752194	0.4562126363120237
ENSMUSG00000028212	-0.1157730446562275	0.4645363426023338
ENSMUSG00000002033	-0.4147402881874307	-0.2218845080007734
ENSMUSG00000049357	-0.3097537574243375	0.2080714036101135
ENSMUSG00000067524	-0.3452980005474757	-0.4179415257709689
ENSMUSG00000038670	-0.2372354859740553	0.2797481385775425
ENSMUSG00000079379	-0.1040553989005349	0.0004169830344137
ENSMUSG00000027483	-0.3017668363925099	-0.3545242823114273
ENSMUSG00000078923	-0.0433519006784672	0.3240020287216726
ENSMUSG00000097266	-0.94726697717682	0.1479221178980305
ENSMUSG00000112977	-0.2097712908797886	-0.1506399417906186
ENSMUSG00000109675	-0.3905138044040768	-0.4185771819862614
ENSMUSG00000018925	-0.2799391478348367	-0.3060197572026986
ENSMUSG00000068816	-0.515179234384456	-0.693999437264443
ENSMUSG00000043310	-0.5169268867759651	-0.4137404750511181
ENSMUSG00000020887	-0.2739613633047199	-0.2126887557144271
ENSMUSG00000087596	0.0332619104269807	-0.2284255995894631
ENSMUSG00000022538	-0.0300568239241145	0.4365337863311954
ENSMUSG00000033499	-0.016031192791276	0.5044640659704726
ENSMUSG00000099901	-0.2252639715404996	-0.2507962456712643
ENSMUSG00000037735	-0.5997172055179965	-0.4742181662902518
ENSMUSG00000104791	-0.4760834894815486	-0.507892241038551
ENSMUSG00000043020	-0.2898607937266155	-0.0805965702739736
ENSMUSG00000022496	-0.7694815459777062	-0.297271419239059
ENSMUSG00000017978	-0.4384797957768441	0.0894595015583522
ENSMUSG00000112713	-0.4725131692423662	-0.4993247306519576
ENSMUSG00000087140	-0.3870651198027778	-0.5801703638366291
ENSMUSG00000036062	-0.3304609142306385	-0.1729237160205613
ENSMUSG00000087609	-2.0	-2.0
ENSMUSG00000108977	-0.0647807134696453	-0.1148642418420895
ENSMUSG00000032492	-0.0957816629791408	-0.3059630016694548
ENSMUSG00000098140	-0.0715458701535221	0.2708692785044729
ENSMUSG00000079018	-0.180103902330025	0.0314408634313987
ENSMUSG00000019906	-0.4976351606709374	-0.2813716119524944
ENSMUSG00000020042	-0.1462492381214197	0.5071445030971943
ENSMUSG00000090071	-0.096293860705066	0.112988392029859
ENSMUSG00000042625	-0.0375107644562686	0.3619003865854502
ENSMUSG00000116984	-0.6209574959040761	-0.5932381305040304
ENSMUSG00000059639	-0.3442637649852494	-0.4957654743091458
ENSMUSG00000100011	-2.0	-2.0
ENSMUSG00000079594	-0.2472552409880404	-0.3124712171404257
ENSMUSG00000026805	0.0182996312980503	0.0019556480524065
ENSMUSG00000086067	0.0006134851703866	0.1829621687945996
ENSMUSG00000104963	-0.3220273355729165	-0.2133783178709745
ENSMUSG00000033917	-0.0084870302050581	0.4180950353514804
ENSMUSG00000079330	-0.0529557491734479	0.204676066295805
ENSMUSG00000000738	0.0081767411793605	-0.2655344578441965
ENSMUSG00000100527	-0.4229355815162036	-0.694235645226339
ENSMUSG00000079707	-0.161201768753906	0.4279915180386873
ENSMUSG00000085654	-0.0387728866532423	0.3008601533152135
ENSMUSG00000089857	-0.1372120678438067	0.5095586859610524
ENSMUSG00000113517	-0.5599433487929532	-0.3743912595834495
ENSMUSG00000032417	-0.196674694973246	0.4681038208962496
ENSMUSG00000029466	-0.015063157839518	0.2552498246881462
ENSMUSG00000075002	-0.4079018003628193	-0.5323877512519752
ENSMUSG00000113463	-0.3595791896029182	-0.2469535917531489
ENSMUSG00000040046	-0.3961323336789552	-0.3229452075973991
ENSMUSG00000091370	-0.2999820056584797	-0.3474879018056351
ENSMUSG00000114742	-0.3427551649412734	0.4214983015044907
ENSMUSG00000115751	-0.4382831181408714	-0.4787703578342178
ENSMUSG00000086507	-0.0904212939050222	0.2589689819046975
ENSMUSG00000113949	-0.0266377830306433	0.3830052438702269
ENSMUSG00000034156	-0.0548669655533878	-0.0391467551322291
ENSMUSG00000032743	-0.1658515310220803	0.4401058390366595
ENSMUSG00000035557	-0.2806168328430862	0.1245423706472592
ENSMUSG00000118067	-0.8402704278324132	-0.5955490415002958
ENSMUSG00000104026	-0.5294207638609774	-0.5854905257378379
ENSMUSG00000056468	-0.2322369916626643	-0.0148955711288876
ENSMUSG00000025058	-0.6678914867972578	-0.8195233313632377
ENSMUSG00000058119	-0.6360462088518798	-0.4177072946688194
ENSMUSG00000098975	-0.5995842864652594	-0.645252427061449
ENSMUSG00000063145	-0.0922165309142014	0.4403230186699554
ENSMUSG00000048997	-0.2110870351678514	0.500175526570015
ENSMUSG00000015242	-0.4090108999623063	-0.2157953761537356
ENSMUSG00000091012	-0.5491334621801807	-0.6085302983699465
ENSMUSG00000108427	-0.106236573981712	0.0276365143522732
ENSMUSG00000107985	-0.1291242461131316	-0.1823147367641748
ENSMUSG00000117403	-0.6925483351296983	-0.8401415902741454
ENSMUSG00000024976	-0.1165028898168209	0.4745332707646122
ENSMUSG00000101053	-2.0	-2.0
ENSMUSG00000025352	-0.019696136948651	0.2186531216512318
ENSMUSG00000084350	-2.0	-2.0
ENSMUSG00000021236	-0.0750711025420752	0.4521530524028125
ENSMUSG00000055150	-0.0679955877745863	0.3430708748902056
ENSMUSG00000029406	-0.0785812572530428	0.3641204271099693
ENSMUSG00000027799	-0.3974796834183254	0.3626208086851407
ENSMUSG00000121244	-0.034923382503545	0.114287310923033
ENSMUSG00000078349	-2.0	-2.0
ENSMUSG00000031347	-0.4541749591506024	0.4191454218363702
ENSMUSG00000059327	-0.5842482924633046	0.1944804850185134
ENSMUSG00000066684	-0.3223897262167551	-0.2592930120122533
ENSMUSG00000005124	-0.209958024486412	-0.1317560728855284
ENSMUSG00000028841	-0.1911034777199385	-0.1129425802084598
ENSMUSG00000021983	-0.6124959194057894	-0.5698613536786211
ENSMUSG00000027381	-0.0031232711794907	0.1956993328384329
ENSMUSG00000027966	-0.545562501105586	0.1045168826809525
ENSMUSG00000035765	-0.0237047813244979	0.3893309077237797
ENSMUSG00000067338	-0.3703186950422072	-0.3061816302820141
ENSMUSG00000055692	0.0242955709546225	0.2319102877986037
ENSMUSG00000025316	-0.0119142091306292	0.2232443251389622
ENSMUSG00000086302	-0.49447940095239	-0.2235500386885671
ENSMUSG00000111194	-0.3850854968606763	-0.280772674339928
ENSMUSG00000045178	-0.6388516348847465	-0.4956784136553246
ENSMUSG00000113522	-0.5365005914510907	-0.3958926054623959
ENSMUSG00000009640	-0.0404284240196072	0.2790067893913462
ENSMUSG00000025795	-0.0365586134406396	0.4210966247872818
ENSMUSG00000108448	-0.2996900947972575	-0.2747414594482807
ENSMUSG00000120009	-0.2193211423916217	0.0139200918576343
ENSMUSG00000070544	-0.0218458794704913	0.4055034497024588
ENSMUSG00000121164	-0.359239591114121	-0.0883466726830671
ENSMUSG00000045822	-0.1281426480216476	0.489297117641632
ENSMUSG00000120052	-0.2820457175538209	0.5743845817742889
ENSMUSG00000110234	-0.0540852366829724	0.3526991176815177
ENSMUSG00000024381	-0.214544166672864	0.2132653412979078
ENSMUSG00000082103	-0.2926995108213349	0.3951470457253055
ENSMUSG00000039713	-0.0270632780243803	-0.253042924321619
ENSMUSG00000048766	-0.6465704360951168	-0.8472865609785981
ENSMUSG00000040650	-0.2484223826745018	-0.1342460774532614
ENSMUSG00000112153	-0.4678737005288459	-0.3589030366832905
ENSMUSG00000008226	-0.1333722129769041	0.5337252974211393
ENSMUSG00000097072	-0.2352825703457676	-0.0838108148849737
ENSMUSG00000106194	0.0068199229130527	0.0620112735858262
ENSMUSG00000087013	-0.0732374583581441	-0.0432215837553194
ENSMUSG00000079402	-0.0882307600151907	0.3994383427689383
ENSMUSG00000021327	-0.0078831167346726	0.2697778764239483
ENSMUSG00000095322	-0.6630885946807622	-0.4363820029011594
ENSMUSG00000097467	-0.1746064717702922	0.3503333178014703
ENSMUSG00000103476	-0.5199456036159106	-0.5373834422488968
ENSMUSG00000087516	-0.0315052836259895	0.282078508242938
ENSMUSG00000005299	-0.0386464997554402	0.4916213523149251
ENSMUSG00000112230	-0.3987148293502962	-0.3358847612966838
ENSMUSG00000028047	-0.1193093990442044	-0.0513772737003104
ENSMUSG00000099384	-0.0041720039078928	-0.313807187649341
ENSMUSG00000026200	-0.1094228421168192	0.0239595161874394
ENSMUSG00000032443	-0.3610772639948995	-0.4081527649553005
ENSMUSG00000102026	-2.0	-2.0
ENSMUSG00000120241	-0.2240639350283575	0.4338597227797212
ENSMUSG00000052459	-0.0283169591404167	0.4740582570751241
ENSMUSG00000081355	-0.2180534342976142	0.0311854826506916
ENSMUSG00000107012	0.0246138026106736	-0.1628726130512391
ENSMUSG00000108372	-0.2079431264715302	-0.2178192968812629
ENSMUSG00000110424	-0.2227776849256989	0.5444956758525271
ENSMUSG00000022601	-0.0561351561908724	0.3520381153193176
ENSMUSG00000064177	-0.0360089515090021	-0.050977688970231
ENSMUSG00000121394	-0.6183694532162481	-0.989296303288575
ENSMUSG00000020198	-0.0193167510128583	0.2756964041544551
ENSMUSG00000112376	-0.579520441789087	-0.4048606414540933
ENSMUSG00000116508	-0.2975620530372539	0.4486426393196474
ENSMUSG00000116946	-0.0851472030727501	-0.1273161323038028
ENSMUSG00000032648	-0.0626658945533737	-0.1966439583501516
ENSMUSG00000043668	-0.3676127674942449	0.0928471960736862
ENSMUSG00000093387	-0.082685264816243	0.4789466614638704
ENSMUSG00000059060	-0.1577177274771479	0.4240785927321968
ENSMUSG00000075703	-0.0514000539716001	0.4538122983851199
ENSMUSG00000072574	-0.816136049318557	-0.6110618648291387
ENSMUSG00000109283	-0.4575365944751096	-0.2193744122042363
ENSMUSG00000024346	-0.0144742827788892	0.4104786059797328
ENSMUSG00000035900	-0.0211453202945834	0.0611317669248619
ENSMUSG00000020703	-0.3943343051534222	-0.3147445852280418
ENSMUSG00000001751	-0.1576942485556266	0.3453917686008901
ENSMUSG00000087514	-0.6058525369078043	-0.2161707142955111
ENSMUSG00000031790	-0.0765171332710158	0.0567356721170075
ENSMUSG00000023274	-0.2552355742708418	-0.3626243628250122
ENSMUSG00000021028	-0.1178877536284298	0.4878558537611095
ENSMUSG00000025630	-0.639733471531958	-2.0
ENSMUSG00000081937	-0.8714871962124777	-1.0069334077523695
ENSMUSG00000052373	-0.1055121369280576	0.1373398034742735
ENSMUSG00000090362	-0.4888365071425372	-0.6766084528263165
ENSMUSG00000012777	0.1908049612926849	-0.3277046291968234
ENSMUSG00000041653	-0.0477528733852763	0.3859135667126991
ENSMUSG00000039004	-0.3969580939754502	0.106557291288958
ENSMUSG00000060798	-1.2703064385017786	-2.0
ENSMUSG00000027803	-0.1336982437600634	0.5320535936439575
ENSMUSG00000056851	-0.0317136024949303	0.2967244081988412
ENSMUSG00000114999	-0.2503813153424374	-0.2105453643374397
ENSMUSG00000101405	-2.0	-2.0
ENSMUSG00000038658	-0.0751070346437064	0.4694714946074949
ENSMUSG00000097990	-0.0352987551797458	-0.1428984648709315
ENSMUSG00000039103	-0.0844024290417392	0.0391527499447779
ENSMUSG00000017049	-0.3151718669081655	-0.4475951167207922
ENSMUSG00000110542	-0.2038318456989702	-0.4343009290540334
ENSMUSG00000112279	-0.3979189459004333	-0.34689771450051
ENSMUSG00000090872	0.0116772491446404	-0.0672297377787465
ENSMUSG00000029071	-0.0722339214294078	0.3373789842709305
ENSMUSG00000070388	-0.3162424536386198	0.2450282581165658
ENSMUSG00000083304	-0.5454248825206379	-0.819460967163873
ENSMUSG00000024578	0.0348261900335533	0.0859541811105859
ENSMUSG00000079625	-0.2348472433249319	-0.1275383711247444
ENSMUSG00000121404	-0.1431574468545377	-1.0063381713396813
ENSMUSG00000106871	-0.3747029863203376	-0.5373727850660134
ENSMUSG00000057967	-0.2492713510555709	-0.3342743933020051
ENSMUSG00000026468	-0.2818049997447712	-0.0535527461060131
ENSMUSG00000078867	-2.0	-2.0
ENSMUSG00000068749	-0.034767621834156	0.3673861155583535
ENSMUSG00000097060	-0.1322037042425849	-0.010774418040089
ENSMUSG00000056031	-0.3035275818839942	-0.0157432486209081
ENSMUSG00000094796	-0.6972181242095591	-1.3272945550013922
ENSMUSG00000097061	-0.0019889257146595	0.4005262468774266
ENSMUSG00000054932	-0.3658672791320168	-0.5951517843417511
ENSMUSG00000054414	-0.0428539707304039	0.5017779246976475
ENSMUSG00000121607	-0.1840989753688947	0.3136668927377221
ENSMUSG00000097276	-0.0772050189450265	0.3409499021727447
ENSMUSG00000024479	-0.3221978411164132	-0.2676604499455268
ENSMUSG00000101285	-2.0	-2.0
ENSMUSG00000118412	-0.2941810873314781	-0.5012512367448203
ENSMUSG00000099955	-2.0	-2.0
ENSMUSG00000042834	-0.2633688030683856	0.513868553697534
ENSMUSG00000111749	-0.2904661495989113	-0.1624725440209767
ENSMUSG00000086321	-0.0651510227076405	-0.1751583982374933
ENSMUSG00000029414	-0.016370105044288	0.4774783874329855
ENSMUSG00000100819	-0.1832562700208941	-0.3834020396826593
ENSMUSG00000051113	-0.1875948647075359	0.4512677348105916
ENSMUSG00000003452	-0.3087536664734066	0.56371857715539
ENSMUSG00000032899	-0.4544032030502782	-0.3019402051213647
ENSMUSG00000017607	-0.256110511242318	-0.2883590996440255
ENSMUSG00000020611	-0.0176958342109048	0.2844126848676279
ENSMUSG00000042279	-0.3376634494049468	-0.3315574236917921
ENSMUSG00000085715	1.476598728248885e-06	0.0564303273782419
ENSMUSG00000083520	-1.130601519733076	-0.8038327718577453
ENSMUSG00000022094	-0.1486300947457434	0.3859139239037435
ENSMUSG00000107813	-0.2523795633457073	0.0032116031508771
ENSMUSG00000007656	-0.0247885656735767	0.4282346054691269
ENSMUSG00000110970	-0.3131584276832231	-0.1401158136054744
ENSMUSG00000021905	-0.1702153595388418	0.4032338006135518
ENSMUSG00000022812	-0.0234502089592301	0.5016348345887404
ENSMUSG00000008789	-0.4913235210269836	-0.5162558718866258
ENSMUSG00000022476	-0.0387445864660932	0.34253045144355
ENSMUSG00000020270	-0.3682947183423471	-0.6031713994330159
ENSMUSG00000098692	-0.0802476527843621	0.2673960950444621
ENSMUSG00000078485	-2.0	-2.0
ENSMUSG00000072763	-0.1371304704764499	0.4613139048883224
ENSMUSG00000095457	-2.0	-2.0
ENSMUSG00000020230	-0.2285083537195669	0.410540372894194
ENSMUSG00000028809	-0.0297481767751234	0.479065719349852
ENSMUSG00000051674	-0.025151870900635	-0.3923151296261265
ENSMUSG00000021072	-0.1245311543591086	0.5285392911901835
ENSMUSG00000087241	-0.3017710127192917	-0.4306958640518877
ENSMUSG00000034177	-0.2740535928849607	0.1050333913910116
ENSMUSG00000114113	-0.0352022912864897	0.080745937546631
ENSMUSG00000115262	-2.0	-2.0
ENSMUSG00000031813	-0.0949489390820021	0.2721972572076457
ENSMUSG00000050079	-0.0731046431309007	0.4441572605013381
ENSMUSG00000102222	-0.026149140029701	0.1490533715075298
ENSMUSG00000028447	-0.2023960978173176	0.3881481113705331
ENSMUSG00000031951	-0.008211655508517	0.3473682705841378
ENSMUSG00000079272	-2.0	-2.0
ENSMUSG00000050134	-0.8120023248485396	-0.6724000122275466
ENSMUSG00000039523	-0.0410106306831237	0.4223475127504538
ENSMUSG00000106828	-0.4731777869092524	-0.2330746309836174
ENSMUSG00000058643	-0.1416973366462595	-0.2066153324694664
ENSMUSG00000103199	-0.1629331544852729	-0.0856746170501086
ENSMUSG00000106567	-0.2615674920354282	-0.2939128716145283
ENSMUSG00000109461	-0.6678354541672549	-0.4868660962766615
ENSMUSG00000073177	-2.0	-2.0
ENSMUSG00000111055	0.1164689335093714	-0.2000986767012888
ENSMUSG00000078808	-0.482492419523211	-0.5513845359667829
ENSMUSG00000091512	-0.1407293321420993	0.4979842278098664
ENSMUSG00000096918	-0.2173995429402537	-0.2863550871961196
ENSMUSG00000074113	-0.2796379077426444	-0.1885154949795165
ENSMUSG00000027849	-0.2617198023043587	-0.0062009655346918
ENSMUSG00000027895	-0.2488769312459996	0.1811693369342704
ENSMUSG00000086277	-0.1752459029658711	-0.2103480862980861
ENSMUSG00000022195	-0.0353993868381028	0.4309936519375478
ENSMUSG00000027963	-0.177137996573685	0.506053997897939
ENSMUSG00000116976	-0.4734756698691642	-0.5518621895838492
ENSMUSG00000062527	-0.4220950127713362	-0.4172300625264048
ENSMUSG00000021758	-0.3809655536745893	0.0344843094956175
ENSMUSG00000114060	-2.0	-0.7965542397381797
ENSMUSG00000102376	-0.4499593516533909	0.4046007765684781
ENSMUSG00000109329	-0.4266699598455492	-0.176540469273054
ENSMUSG00000048720	-0.1229370320326229	0.5066173121014184
ENSMUSG00000015994	-0.0838542203127209	0.5122837962701011
ENSMUSG00000101463	-0.551543200620236	-0.4137776109555509
ENSMUSG00000071738	-0.892893187541985	-0.9559295154156444
ENSMUSG00000024451	-0.1862574652544075	0.2924871165938318
ENSMUSG00000041130	-0.0526679521756562	0.427050622591501
ENSMUSG00000042354	-0.0159600899507308	0.2938931085435661
ENSMUSG00000079595	-0.3204856165300581	-0.5146326252215951
ENSMUSG00000113298	-0.1464149384998293	-0.020306247474126
ENSMUSG00000120237	-0.7879929717459666	-0.8752524819129188
ENSMUSG00000024513	-0.0338271869734465	0.4270639437157941
ENSMUSG00000024899	-0.2132400623598472	-0.0240225641788403
ENSMUSG00000035595	-0.2521382817266717	0.2603094688100542
ENSMUSG00000109604	-0.2919441966319954	0.1094974170321537
ENSMUSG00000094802	-0.4673993706359576	-0.9073753457054144
ENSMUSG00000028634	-0.3291471158727257	0.4000877475683661
ENSMUSG00000084856	-0.1778941914133638	0.070326807306957
ENSMUSG00000026484	-0.0377840442502744	0.4124424024458679
ENSMUSG00000062142	-0.581567313038023	-0.4037058286944601
ENSMUSG00000115912	-0.0934552973814536	-0.1953077226081933
ENSMUSG00000097439	0.0226543269970337	0.0961126116100793
ENSMUSG00000114439	0.0735460643576174	0.1336104333359308
ENSMUSG00000110317	0.0300618838763233	-0.2926110732197456
ENSMUSG00000031991	-0.4619986653680061	-0.3861704357567402
ENSMUSG00000010080	-0.0871678084328119	-0.2369464098144811
ENSMUSG00000072494	-0.0948284416300704	0.3644256603311544
ENSMUSG00000100782	-0.2980043203518129	-0.3405746494147752
ENSMUSG00000025981	-0.0741727344817604	0.4199900943758076
ENSMUSG00000035910	-0.3887211952131097	-0.3131710039482783
ENSMUSG00000062551	-0.6220311176295849	-0.5650148837030425
ENSMUSG00000111678	-0.7462372143074009	-0.5939543451657732
ENSMUSG00000031024	-0.0457689753888299	0.3938828730581584
ENSMUSG00000015127	-0.0371181489060643	0.1659247712891439
ENSMUSG00000006058	-0.0911688630599476	0.428712280854031
ENSMUSG00000118330	-0.252661383504644	-0.1504270438709716
ENSMUSG00000029283	-0.077506019859877	0.5312282312422778
ENSMUSG00000005043	-0.1270788769693622	0.3672996268482767
ENSMUSG00000107114	-0.5154120555708321	-0.4862242241064506
ENSMUSG00000060699	-0.4804187713272168	-0.5787910658649034
ENSMUSG00000022332	-0.1866270689713129	0.4537646387803504
ENSMUSG00000013495	-0.0998334032621428	0.4950723235504047
ENSMUSG00000031897	0.2325056649424399	0.0430591486858352
ENSMUSG00000074052	-0.0788333244785642	0.3443513969867038
ENSMUSG00000101313	-2.0	-2.0
ENSMUSG00000095608	-0.5148176033608903	-0.229467422663015
ENSMUSG00000050050	-0.233205676764878	0.1226356790472314
ENSMUSG00000110813	-0.4005108086194991	-0.2396972656605387
ENSMUSG00000027896	-0.0106556539430445	-0.0482774220645279
ENSMUSG00000099353	-0.192653342346753	-0.3912277933738083
ENSMUSG00000066688	-0.3964035899568689	-0.7407464756791059
ENSMUSG00000073893	-0.4589312271595583	-0.525486535375725
ENSMUSG00000031583	-0.2793036617321952	0.4928572915176822
ENSMUSG00000098082	-0.4964830495568633	-0.0987159762793898
ENSMUSG00000066242	-0.5539476306683323	-0.3356386204240222
ENSMUSG00000114681	-0.2571352572159402	0.4018387502471232
ENSMUSG00000060038	-0.1563696226151617	0.3361846602938678
ENSMUSG00000079633	-0.5240780100509193	-0.6545198558222658
ENSMUSG00000050788	-0.3695794480350061	-0.5200422415208347
ENSMUSG00000063179	-0.0790894980014106	0.4621052746436503
ENSMUSG00000021874	-2.0	-2.0
ENSMUSG00000031158	-0.0955618860429682	0.2692681759987608
ENSMUSG00000019789	-0.3420955197594549	0.2755123045992954
ENSMUSG00000018819	-0.3542365210521147	-0.3545466433531428
ENSMUSG00000003354	-0.0584231796637484	0.0209283130866922
ENSMUSG00000045699	-2.0	-2.0
ENSMUSG00000075520	-0.497356879063435	-0.9475731024012664
ENSMUSG00000024786	-0.1214655664834702	0.0955993167989706
ENSMUSG00000074405	-0.0189657327528506	0.1744898749536964
ENSMUSG00000006378	-0.3045146460317757	0.1304367001733698
ENSMUSG00000109847	-0.2673515287890187	-0.3771181540480705
ENSMUSG00000072722	-0.4304488969296233	-0.1492092282254561
ENSMUSG00000108390	-0.348455093249739	-0.3601331716077495
ENSMUSG00000113738	-0.4093534076446351	-0.455561350419307
ENSMUSG00000055704	-0.2950050611303345	-0.0118540421346183
ENSMUSG00000072949	-0.1625436376677647	0.2828064846434617
ENSMUSG00000003575	-0.0384315081450299	0.4425026590728969
ENSMUSG00000121596	-0.0943402019044379	0.4989988129687335
ENSMUSG00000051989	-0.1131504815080778	0.4710483793049329
ENSMUSG00000117671	-0.4330129457439593	0.4377660957029134
ENSMUSG00000025144	-2.0	-2.0
ENSMUSG00000020205	-0.1713576302425341	0.2370579011376157
ENSMUSG00000035818	-0.2069327377806736	-0.464157192384811
ENSMUSG00000005813	-0.0408839727111236	0.4391267104425582
ENSMUSG00000085399	-0.3111621038685244	0.1458285794787684
ENSMUSG00000028899	-0.0458363462951767	0.0690824774912911
ENSMUSG00000024109	-0.5132516744124971	-0.4314270776176324
ENSMUSG00000021345	-0.8465213029878963	-0.6711663578782952
ENSMUSG00000022652	-0.0975748836644477	0.0739250033556301
ENSMUSG00000061451	-0.0165367279164006	-0.2120792614459449
ENSMUSG00000021835	-0.0497913639296089	0.2935287261994334
ENSMUSG00000039367	-0.0635311972612956	0.4005172670932678
ENSMUSG00000000938	-0.2328880852585209	-0.1783949060320864
ENSMUSG00000066721	-0.0867711441787343	0.1114035356248543
ENSMUSG00000014601	-0.0383407974799265	0.5106256956981321
ENSMUSG00000090374	-0.1013947046199883	-0.0747984045961431
ENSMUSG00000092561	-2.0	-2.0
ENSMUSG00000046879	-0.2515367485404156	-0.1396492942449985
ENSMUSG00000034533	-0.295022193914132	-0.3433570187508464
ENSMUSG00000028344	-0.2694816101328529	0.5371410666817481
ENSMUSG00000086604	-0.0250890136396654	-0.1214711960994176
ENSMUSG00000033004	-0.1632788699586641	0.4670747872099393
ENSMUSG00000002325	-0.0657931289127159	0.2975337874032422
ENSMUSG00000105881	0.2269229928806231	0.0918982852629285
ENSMUSG00000043463	-0.8068653795808256	-0.4841028797871219
ENSMUSG00000096937	-2.0	-2.0
ENSMUSG00000032370	-0.1765501598232449	0.3642683775034022
ENSMUSG00000029397	-0.1307987993319479	0.4560585774600845
ENSMUSG00000121879	-0.0489117619824412	0.4551574395203548
ENSMUSG00000084929	-0.2660217075399351	-0.4411117503056522
ENSMUSG00000024575	-0.1543821105340108	-0.1146010070390693
ENSMUSG00000032267	-0.0137735803639711	0.2766356250478248
ENSMUSG00000079260	-2.0	-2.0
ENSMUSG00000096916	0.02426641269033	-1.01736944648441
ENSMUSG00000115988	-0.3181285882676737	-0.35887465493199
ENSMUSG00000084918	-0.3992076080473261	-0.3542887556892041
ENSMUSG00000024210	-0.2834602999455371	-0.3105654001879823
ENSMUSG00000024231	-0.0241582639618887	0.4110968913729702
ENSMUSG00000026956	-0.0853858768899875	0.2830387631596139
ENSMUSG00000095079	-0.4121319542770059	-0.3359480126716874
ENSMUSG00000103223	-0.3817114858167684	-0.3499587703221418
ENSMUSG00000036249	-0.2107274924447692	0.2453851244351328
ENSMUSG00000085663	-0.0907000232445632	0.2385624307865256
ENSMUSG00000028544	-0.4112721593242799	-0.1893037203396793
ENSMUSG00000032485	-0.1007457621362445	0.4187903430776306
ENSMUSG00000027353	-0.07548625821524	0.4521527457397928
ENSMUSG00000085067	-0.6214962821925977	-0.1922641199793894
ENSMUSG00000007080	-0.0230176132569283	0.4625387464040473
ENSMUSG00000066359	-0.34901018946568	-0.3334417741919677
ENSMUSG00000101598	-2.0	-2.0
ENSMUSG00000032271	-0.342537592971588	-0.0626222482331032
ENSMUSG00000052749	-0.549663733520418	-0.3063840125451446
ENSMUSG00000093732	-0.3722641264893496	-0.339232391517505
ENSMUSG00000030403	-0.0875028888198437	0.4457974913465488
ENSMUSG00000000876	-0.0153771073838655	0.3955615649471183
ENSMUSG00000021643	-0.3141841242556513	-0.0726329224162927
ENSMUSG00000039278	0.0571607810802365	-0.1196762937965052
ENSMUSG00000066749	-0.3861396655274496	-0.3034641807309731
ENSMUSG00000121792	-0.2583919619185742	-0.1007051258827892
ENSMUSG00000095632	-0.1283863220711241	-0.2888880296921565
ENSMUSG00000043782	0.0469000049390081	-0.0980551273011926
ENSMUSG00000028381	-0.0788460306238002	0.4970203701828686
ENSMUSG00000062859	-0.0452676896699194	0.286562448022889
ENSMUSG00000025227	-0.0115818772448907	-0.367920272783017
ENSMUSG00000115459	-0.3564125157426	-0.652092220738457
ENSMUSG00000061759	-0.0850279153338168	0.4123039379748254
ENSMUSG00000021266	-0.0386014993270665	0.4594105829856622
ENSMUSG00000073430	-0.1443927829433266	0.2358706976644823
ENSMUSG00000031660	-0.0209688072846274	0.4181315186179303
ENSMUSG00000056158	-0.4734596494580725	-0.2974994995237859
ENSMUSG00000116836	-0.1306889407409636	0.1078256882718757
ENSMUSG00000100041	-0.358777813687382	-0.4065391214298669
ENSMUSG00000097069	-0.6065399921674771	0.4691342558773897
ENSMUSG00000020932	-0.145029843824478	-0.1554718799641312
ENSMUSG00000121914	-1.5951890245920293	-0.1611988731279301
ENSMUSG00000108078	-0.6345242953335857	-0.4492380984506552
ENSMUSG00000028607	-0.110934617976846	0.4681883554474372
ENSMUSG00000052818	-0.6511587737991194	-0.7488993234099864
ENSMUSG00000017195	-0.344329784073711	0.5231080790639572
ENSMUSG00000010358	-0.123945397024722	-0.2239471101403092
ENSMUSG00000044453	-0.1539674957288128	0.1285700447073883
ENSMUSG00000108722	-0.4221487347546797	-0.5339740362270344
ENSMUSG00000047879	-0.0201078766220232	0.3940077030710541
ENSMUSG00000039041	0.00089181943869	0.1526586824488953
ENSMUSG00000093908	-1.260560574746159	0.5286915283250009
ENSMUSG00000026368	-0.4776115893118764	-0.3137136306241666
ENSMUSG00000104078	-0.3004454813793799	-0.2022410909562689
ENSMUSG00000022515	-0.0706500559462276	0.5062478972590435
ENSMUSG00000041440	-0.0237611081949844	0.5094321133285191
ENSMUSG00000085857	0.0533835722666728	0.0064055363205522
ENSMUSG00000033478	-0.0379287579821106	0.2667005568347796
ENSMUSG00000021500	-0.0187657057552815	0.3584659614087536
ENSMUSG00000046532	-0.7469980727858336	-0.3487869411499346
ENSMUSG00000063802	-0.0545881427501671	0.3098898149252759
ENSMUSG00000035042	-0.2440349423505171	-0.3501388538967264
ENSMUSG00000116658	-0.3142582613977364	-0.3005041576806036
ENSMUSG00000079427	-0.3898640741275898	-2.0
ENSMUSG00000093639	-0.2343278695893022	0.1647554326516046
ENSMUSG00000026239	-0.0217445040948338	0.2790935889901848
ENSMUSG00000033722	-0.1427213111626954	0.2819936644986359
ENSMUSG00000112925	-0.034148050075318	0.0503081285045912
ENSMUSG00000015932	-0.1056625554860519	-2.0
ENSMUSG00000085188	-0.4103211076607989	-0.4623345338720487
ENSMUSG00000029423	-0.2435219702457301	-0.2073438916643977
ENSMUSG00000102166	-0.1852505912564886	-0.1763987615279396
ENSMUSG00000109083	-0.5133281403430311	-0.5670584984512482
ENSMUSG00000114143	-0.3386373593229478	-0.0463780096581257
ENSMUSG00000100776	-0.3035116826818317	-0.4066481290563338
ENSMUSG00000036820	-0.151880991804826	0.3665682581240472
ENSMUSG00000063445	-0.0721413046511873	0.3945315276323589
ENSMUSG00000115252	-0.0263625652743952	0.0128856268685605
ENSMUSG00000025165	-0.212303101268798	-0.3095889708155933
ENSMUSG00000079559	-0.2572830363355977	0.079863348655282
ENSMUSG00000109739	-0.073375147973061	0.4716310910655594
ENSMUSG00000089797	-0.0971414450464748	-0.2122921968460226
ENSMUSG00000096901	-0.1810745188103999	-0.2198990391182359
ENSMUSG00000117674	-0.3022202022246246	-0.2253211711343423
ENSMUSG00000094647	-2.0	-2.0
ENSMUSG00000038563	-0.0437431822975115	0.358658448945578
ENSMUSG00000048703	-0.0965408025357047	-0.2324965405164383
ENSMUSG00000121519	-1.13709843132261	-0.8365981592789116
ENSMUSG00000071537	-0.0235192478827576	0.1605091674160764
ENSMUSG00000109336	-0.0193765985655816	0.2625222797120499
ENSMUSG00000070594	-0.3485521790395594	-0.5772779223489668
ENSMUSG00000035236	-0.0748707426629079	0.3210484316301151
ENSMUSG00000121794	-0.3507471391524208	0.4672919247538392
ENSMUSG00000095950	-2.0	-1.6061265958506166
ENSMUSG00000086386	-0.3197422857591977	-0.2848983519445104
ENSMUSG00000003581	-0.0315182656043781	0.2249761949234748
ENSMUSG00000111993	-0.280765528378322	-0.4545798084676812
ENSMUSG00000030142	-0.5398993454611549	-0.4766877846456383
ENSMUSG00000025666	-0.4422722180873984	0.5102553839992103
ENSMUSG00000035285	-0.0287050353015651	0.2855328708172344
ENSMUSG00000113056	-0.0782847112036104	-0.2756094426351854
ENSMUSG00000102251	-2.0	-2.0
ENSMUSG00000020123	-0.5011285622105995	-0.1748120629531023
ENSMUSG00000104659	-0.3507588070901447	-0.3738904963386982
ENSMUSG00000055594	-0.7010707214151326	-0.8431982802437245
ENSMUSG00000024401	-2.0	-2.0
ENSMUSG00000087604	-2.0	-2.0
ENSMUSG00000093502	-0.5337639738076101	-0.5699182655278165
ENSMUSG00000085206	0.0015636817884192	-0.0865679649243237
ENSMUSG00000047409	-0.1285795612765993	0.2122233056730515
ENSMUSG00000120183	-0.1900999857158425	0.3552100718805149
ENSMUSG00000102084	0.0804800140851696	0.029752243995091
ENSMUSG00000086205	0.0034786273359379	-0.6868345421513206
ENSMUSG00000022257	-0.0209142085425439	0.4943154758893082
ENSMUSG00000105708	-0.4327277209649304	-0.2527449704166457
ENSMUSG00000003955	-0.0475917651861163	0.4030844715210883
ENSMUSG00000079048	-0.6336483289572832	-0.5266905211148227
ENSMUSG00000025318	-0.2027887063712233	-0.0058808110419957
ENSMUSG00000096743	-0.2660664235016418	-0.2706479206895203
ENSMUSG00000094628	-0.0013234858235627	-0.0564755099055194
ENSMUSG00000036800	-0.3485517914283857	-0.3619940471695468
ENSMUSG00000025940	-0.1245409892445258	0.4001724411104177
ENSMUSG00000044689	-0.4237941431589178	-0.4364959189656071
ENSMUSG00000103168	-0.6177361464746255	-0.2486243455298856
ENSMUSG00000047720	-0.5937065007518808	-0.3504060246448351
ENSMUSG00000015748	-0.0415086485796496	0.4139930754660105
ENSMUSG00000113720	-1.2000792623721053	-0.5952073210179559
ENSMUSG00000025409	-0.0795553520515628	-0.0661206069000666
ENSMUSG00000071165	-0.4551583600310681	-0.5415412229553248
ENSMUSG00000016150	-0.6715237614989329	-0.9683805400928004
ENSMUSG00000044224	-0.0331193279697807	0.2188735666490393
ENSMUSG00000100915	-2.0	-2.0
ENSMUSG00000010154	-0.0376954581327385	0.3234901232146162
ENSMUSG00000100037	-0.1191997796235883	0.2312815593504475
ENSMUSG00000112599	-0.3560069631883913	-0.4157153290672659
ENSMUSG00000091076	-0.3902986842605537	-0.3584713582243797
ENSMUSG00000045062	0.0259996902621068	-0.3821145587134572
ENSMUSG00000114532	-0.2588988484461942	-0.4284851886304304
ENSMUSG00000022684	-0.0324182362360098	0.3500281010814466
ENSMUSG00000035125	-0.0271272538157805	0.4435433494530199
ENSMUSG00000091947	-0.2159430161548444	0.3612048572898821
ENSMUSG00000032719	-0.1888413925640309	-0.0984361965443564
ENSMUSG00000061614	-0.4944054232081484	-0.7170984155647065
ENSMUSG00000085143	-0.0783556557252311	0.410461390684116
ENSMUSG00000102225	-0.2576439008790852	-0.1880118067379683
ENSMUSG00000020673	-0.3547794001544805	-0.5746056761550247
ENSMUSG00000020463	-0.0583872106878747	-2.0
ENSMUSG00000028759	-0.0325823316728701	0.4399415425271595
ENSMUSG00000113495	-0.0212532145489113	-0.3073019820418817
ENSMUSG00000051758	-0.3661967617451507	-0.3088551815677087
ENSMUSG00000103360	-0.2526913784445971	-0.1941568705533835
ENSMUSG00000120503	0.1997250168672059	0.3332912632164843
ENSMUSG00000075402	-0.1429617170780766	-0.1712920373288995
ENSMUSG00000085642	-0.0002723011293488	-0.1293560699609553
ENSMUSG00000107768	-0.3906925119619771	-0.6340954046112155
ENSMUSG00000115636	-0.4509449692317333	-0.2002523834523642
ENSMUSG00000020918	-0.199503010851083	0.3067860388978893
ENSMUSG00000026799	-0.0505638337206198	0.4138514202976718
ENSMUSG00000045518	-0.2118470487086415	-0.2924974428557993
ENSMUSG00000106948	-0.2935922217089377	-0.4075831696693653
ENSMUSG00000098131	-0.2275643059357647	-0.343914836604424
ENSMUSG00000120976	-0.4538834501991435	-0.4245272081667799
ENSMUSG00000108864	-0.3989060847192399	-0.4171672080956335
ENSMUSG00000064145	-0.0234071224975736	0.4340093896240067
ENSMUSG00000020436	-0.6112447220064186	-0.374253903363632
ENSMUSG00000107529	-0.0770662136495803	-0.4061094436942694
ENSMUSG00000032489	-0.232090081616226	-1.1226352204359578
ENSMUSG00000065979	-0.2483731376854501	0.4679181418203461
ENSMUSG00000009376	-0.4166615485470465	-0.0961119705572405
ENSMUSG00000109190	-0.3824123948376129	-0.4655558010973865
ENSMUSG00000116599	-2.0	-2.0
ENSMUSG00000040732	-0.3140670348413713	-0.0883508243993039
ENSMUSG00000028991	-0.0198864998429443	0.3117818244830933
ENSMUSG00000025759	-0.0503829508565571	0.5106613426523728
ENSMUSG00000003721	-0.0305540794932469	-0.1238915553326947
ENSMUSG00000042793	-0.2752054174159334	-0.0858279494642363
ENSMUSG00000049300	0.0167186123424054	0.3867140084603048
ENSMUSG00000070533	-0.3523561403164889	-0.2594972533808645
ENSMUSG00000023443	-0.3838348523424056	-0.1569930888329477
ENSMUSG00000007659	-0.0092678827154939	0.3055250525050887
ENSMUSG00000101353	-2.0	-2.0
ENSMUSG00000121320	-2.0	-2.0
ENSMUSG00000027286	-0.1810651616840048	0.4387555674615124
ENSMUSG00000102595	-0.3735678552623606	-0.340460877975184
ENSMUSG00000029038	-0.0434101624960763	0.312612279650479
ENSMUSG00000039783	-0.4222674517624952	-0.507325640522625
ENSMUSG00000106629	-0.1631917196714015	-0.1675442277519732
ENSMUSG00000037211	0.0292362548617159	0.2915536305265942
ENSMUSG00000045690	-0.0333433350696361	0.4073912444271401
ENSMUSG00000084330	-0.5231986196017357	-0.4531019034003975
ENSMUSG00000085751	-0.0408799645463578	0.0128246594985865
ENSMUSG00000102111	-2.0	-2.0
ENSMUSG00000095698	-0.8797734458634816	-0.7056487337948777
ENSMUSG00000055078	-0.5102273652862306	-0.2637640171251095
ENSMUSG00000026127	-0.0488949443923348	0.3326561585768688
ENSMUSG00000035067	-0.4143991908131305	0.3850212800913254
ENSMUSG00000006764	-0.3507185063099206	-0.202177720156211
ENSMUSG00000116585	-0.2527868165423985	-0.4725804929475402
ENSMUSG00000027078	-0.2441195061550439	-0.0702474599197341
ENSMUSG00000045996	-0.3264534629495253	0.4170981888536244
ENSMUSG00000026525	-0.2069117567019538	0.5579254149395408
ENSMUSG00000105085	-0.2374285604539053	0.2910503398753827
ENSMUSG00000112323	-0.5109732306250563	-0.2694003601502747
ENSMUSG00000096555	-0.6010408739126025	-0.5919419335901887
ENSMUSG00000029389	-0.0749523825419186	0.2857485364916604
ENSMUSG00000089723	-0.2218034405889909	0.0194140021865969
ENSMUSG00000094918	-0.3634242707028698	-0.3834627335115494
ENSMUSG00000026604	-0.1837588326172392	0.3388702707088483
ENSMUSG00000005897	-0.0988841269987538	0.3861431799393175
ENSMUSG00000034768	-0.0496605613585322	-0.0754025546933551
ENSMUSG00000086056	-0.3687596258371275	-0.3583422951159764
ENSMUSG00000100910	-0.523698307960962	-0.4345446398107448
ENSMUSG00000022362	-0.4539061748357346	0.3076162545238142
ENSMUSG00000023151	-0.3348358690431534	-0.0354619635963724
ENSMUSG00000078515	-0.0066898875303834	0.4597560571643783
ENSMUSG00000038080	-0.0576959334952723	0.4968112382776083
ENSMUSG00000117371	-0.3077167077456169	0.5046135649330171
ENSMUSG00000058624	-0.4633610184202418	-0.3264127587056831
ENSMUSG00000039481	0.0574330739771974	0.2501661830616781
ENSMUSG00000091771	-0.6112914952863714	-0.791628523295284
ENSMUSG00000021994	-0.3509191707263075	-0.5522083921110366
ENSMUSG00000097874	-0.3691896261207627	0.4504301806057484
ENSMUSG00000003402	-2.0	-2.0
ENSMUSG00000073407	-0.1428377562451417	-0.0570386381160116
ENSMUSG00000101079	-0.3668643616863292	-0.4418400426235435
ENSMUSG00000033174	-0.2174151617580004	0.3736750280914581
ENSMUSG00000102415	-0.0284699592381098	-0.1824379355858393
ENSMUSG00000036106	-0.0211648359507697	0.0006517341881221
ENSMUSG00000118113	-0.376648145493468	-0.4454386452966581
ENSMUSG00000046463	-0.2099850694924407	0.0860728167142726
ENSMUSG00000113576	-0.3549778195303708	-0.3381700944129147
ENSMUSG00000120223	-0.0906276755241171	0.3506251478733815
ENSMUSG00000008301	-0.0482707241828558	0.4487069381174255
ENSMUSG00000062683	-0.0931360446175012	0.3164643628275611
ENSMUSG00000030806	-0.081831424318369	0.0853580902510217
ENSMUSG00000064006	-0.5087212503223526	-0.4757231077718604
ENSMUSG00000115569	-0.1889520969937661	-0.1937782271837661
ENSMUSG00000097593	-0.3002973511853058	-0.1513616668267797
ENSMUSG00000108849	-0.3867099874276466	-0.2095898447166847
ENSMUSG00000055725	-0.0382644292367149	0.4056888105485416
ENSMUSG00000026664	-0.0894449597194806	0.362450806290609
ENSMUSG00000027394	-0.039101797883668	0.4861325342617643
ENSMUSG00000071356	-0.2951897881779418	-0.5077416438185798
ENSMUSG00000035277	-0.4641845331625009	-0.3096031273560802
ENSMUSG00000062116	-0.0994184538254167	0.2074814084871642
ENSMUSG00000029500	-0.0614787738083073	0.3760704715419098
ENSMUSG00000039701	-0.0603973908084772	0.5138376920452898
ENSMUSG00000045232	-0.0302330661068944	0.1504733656386076
ENSMUSG00000116109	-0.3049445965422401	-0.2027150046222051
ENSMUSG00000040048	0.3252672481322194	-0.4464679474395183
ENSMUSG00000044522	-0.2096538841628985	-0.3391593855928128
ENSMUSG00000108113	-0.2986869679576005	-0.3538620491931503
ENSMUSG00000027620	-0.0330325316676795	0.4616410672304268
ENSMUSG00000053790	-0.5279843837632613	-0.2854586780342113
ENSMUSG00000100043	-2.0	-2.0
ENSMUSG00000051209	-0.5329012127183951	-0.7050023639192767
ENSMUSG00000086050	-0.1119716646167776	-0.1883964442269023
ENSMUSG00000049305	-0.023097484113121	0.3235833168010411
ENSMUSG00000094658	-2.0	-2.0
ENSMUSG00000102800	-0.8060491911285129	-0.7990995116933848
ENSMUSG00000058446	-0.0288906627300285	0.5089450963189065
ENSMUSG00000068921	-2.0	-2.0
ENSMUSG00000112369	-2.0	-2.0
ENSMUSG00000025821	-0.0698102473850942	0.4027732901324296
ENSMUSG00000031950	-0.0160117262176096	0.2791346985354156
ENSMUSG00000053063	-0.5544042336402233	-0.3765817812264104
ENSMUSG00000019362	-0.1149413080861084	0.2783584418296781
ENSMUSG00000079434	-0.3495108301447274	-0.3204220342384824
ENSMUSG00000054452	-0.0070120515976444	0.2049356897572549
ENSMUSG00000019841	-0.037510385678158	0.5215081228163251
ENSMUSG00000031444	-0.2792121278324359	-0.2479915244856143
ENSMUSG00000106498	-0.4765789858788213	-0.427501796061036
ENSMUSG00000097182	-0.1910756952333268	-0.5384798640775381
ENSMUSG00000035392	-0.1823650960078255	0.501465692178099
ENSMUSG00000002332	-0.3739379577353037	0.3647238908058907
ENSMUSG00000031913	-0.0854332467261406	0.4190028889692183
ENSMUSG00000092586	-0.2422275433706008	0.141141110837173
ENSMUSG00000101574	-0.4205154838060193	-0.0179659746116802
ENSMUSG00000020167	-0.0448041514338302	0.4251519253100969
ENSMUSG00000087231	-0.2492679586587883	0.4219078266546436
ENSMUSG00000002105	-0.0413824185580235	0.3401810788156928
ENSMUSG00000109201	-0.1753675026982846	0.2078808732923415
ENSMUSG00000111674	-0.3704678778141033	-0.637503576778526
ENSMUSG00000085772	-0.2365242366713423	-0.4555283734447059
ENSMUSG00000110661	-0.147385834975607	0.2205254380407532
ENSMUSG00000037610	-0.3687186144181097	-0.3181457906440212
ENSMUSG00000062929	-0.2942248654657039	0.4014677478223803
ENSMUSG00000069769	-0.0023271805830554	0.2730619069215744
ENSMUSG00000105282	-0.5731105629012079	-0.3552070487301467
ENSMUSG00000094237	-0.5147846936539633	-0.3737768976981737
ENSMUSG00000079638	-0.5555738797668324	-0.4421788962016399
ENSMUSG00000104064	-1.342626099874447	-0.4719952470185789
ENSMUSG00000041308	-0.0073978863181314	0.3878736882488819
ENSMUSG00000113537	-0.0744877252874072	-0.1832164026920183
ENSMUSG00000111703	-0.3477542393460382	-0.3641665456879487
ENSMUSG00000050901	-0.4520830218852812	-0.2663266367177523
ENSMUSG00000105157	-0.5433045746750217	-0.3677095939935463
ENSMUSG00000111995	-0.4063440539083213	-0.4289779661010278
ENSMUSG00000025213	-2.0	-2.0
ENSMUSG00000056487	-0.1653243900468197	0.054809170440603
ENSMUSG00000097207	-0.3400243142130673	0.4712104199571439
ENSMUSG00000117142	-0.6316792656265866	-0.5508525003289858
ENSMUSG00000121538	-2.0	-2.0
ENSMUSG00000078496	-2.0	-2.0
ENSMUSG00000108728	-0.2525319472397496	-0.2967561130744999
ENSMUSG00000002343	-0.1040698582325853	0.5262076765652071
ENSMUSG00000024379	-0.0008705031094323	-0.530043770962848
ENSMUSG00000104406	-0.0892623945223476	0.0719934373903008
ENSMUSG00000118604	-0.6398663033800487	-0.807226765484362
ENSMUSG00000018362	-0.0905619736886527	0.4187065541988745
ENSMUSG00000104258	-0.6454206259818817	-0.5819696138901809
ENSMUSG00000056076	-0.0545106361961736	0.4145074007931037
ENSMUSG00000043267	-0.5768616149568881	-0.8007979132194102
ENSMUSG00000018965	-0.0550604732851914	0.4289087039273643
ENSMUSG00000030104	-0.0532662226291197	0.4002947854706498
ENSMUSG00000078779	-0.0340396289391171	0.2805556080062742
ENSMUSG00000095484	-0.7522944593181077	-0.5234870385934886
ENSMUSG00000059119	-0.0410819457340215	0.3854800775268741
ENSMUSG00000057315	-0.4342192189093313	-0.0448279184957282
ENSMUSG00000090034	-0.2434230693596741	-0.1508240313299963
ENSMUSG00000101560	-2.0	-2.0
ENSMUSG00000090459	-0.1619131666884678	-0.0250852406528218
ENSMUSG00000040950	-0.3725438113558558	-0.3867316985617912
ENSMUSG00000021400	-0.0831618313620558	0.4974631981239786
ENSMUSG00000112028	-0.2418664490264776	-2.0
ENSMUSG00000022663	-0.194468830639783	0.5236871698643311
ENSMUSG00000021196	-0.0013855225402266	0.3523484833975444
ENSMUSG00000074947	-0.422748162443702	-0.671354599977832
ENSMUSG00000118206	0.0015103657349176	-0.5511896473443182
ENSMUSG00000085989	-2.0	-2.0
ENSMUSG00000102814	-0.3924313244599704	-0.6311986275568487
ENSMUSG00000030287	-0.48114823148157	-0.0645139959801178
ENSMUSG00000054519	-0.1740023400357037	0.457620939014521
ENSMUSG00000027793	-0.3812132892698537	0.1900361092397502
ENSMUSG00000026526	-0.0425097535952384	0.4369027029919606
ENSMUSG00000038555	-0.0930671641819076	0.3270248590178604
ENSMUSG00000106108	-0.1581090631521929	-0.3608612847425346
ENSMUSG00000114708	-0.6078033888981059	-0.3711316895759627
ENSMUSG00000121471	-0.2499506724817147	-0.1414778405882911
ENSMUSG00000004383	-0.1074687611725357	0.4906584082092315
ENSMUSG00000103857	-0.0404933505665233	-0.079018746085814
ENSMUSG00000094378	-0.6162322295600169	-0.3771686812796725
ENSMUSG00000104042	0.3678138322545659	0.2985404464760515
ENSMUSG00000060630	-0.499643575439354	-0.6595277263392535
ENSMUSG00000037773	-0.2538391129830673	0.453455641032902
ENSMUSG00000107442	-2.0	-2.0
ENSMUSG00000027272	-0.0394536912863752	0.4477529173764565
ENSMUSG00000037366	-0.0209183100459829	0.3872741177238906
ENSMUSG00000112941	-0.008426450500821	-0.0387659538865154
ENSMUSG00000045467	-0.2185547002407897	0.1517325813410793
ENSMUSG00000095879	-2.0	-2.0
ENSMUSG00000058662	-0.6239079716195642	-0.4775317961864961
ENSMUSG00000121240	-0.4487236081227586	-0.4136411538007692
ENSMUSG00000116611	-0.5725248295502212	-0.4835524457574028
ENSMUSG00000018433	-0.0478164800791685	0.4648572156367138
ENSMUSG00000092171	-0.3083298232797536	-0.409039190621902
ENSMUSG00000029446	-0.0397284823312296	0.3958786531151028
ENSMUSG00000114704	-0.4086412859094988	-0.4027445953254568
ENSMUSG00000033219	-2.0	-2.0
ENSMUSG00000097735	-0.3426010561347812	-0.027907554972674
ENSMUSG00000085225	-0.1527933140881029	-0.2468647939824475
ENSMUSG00000020333	-0.1582468392406932	0.2867318697252177
ENSMUSG00000061852	-2.0	-2.0
ENSMUSG00000093910	-0.0825230592466013	-0.0064154733382086
ENSMUSG00000070424	-0.0444998592484442	0.2324634556726663
ENSMUSG00000046480	-0.3147176923857665	-0.2901514218851673
ENSMUSG00000035208	-0.40431268655835	0.0369433256757135
ENSMUSG00000022012	-0.3090823500578633	-0.0241882007455763
ENSMUSG00000037326	-0.0643492693954888	0.485797492317283
ENSMUSG00000052477	-2.0	-2.0
ENSMUSG00000110078	-0.5674777335811442	-0.4198652240285986
ENSMUSG00000032097	-0.031470542398443	0.3382213531302723
ENSMUSG00000110766	-0.3195598695769762	-0.3486205590640534
ENSMUSG00000025355	-0.0245389637662737	-0.3930245953991288
ENSMUSG00000114175	-0.4214667295533812	-0.4709702436863756
ENSMUSG00000024143	-0.0144523715134322	0.428541673423497
ENSMUSG00000039308	-0.115121635415694	0.3341432000147697
ENSMUSG00000092043	-0.4376395574410492	-0.501949494106495
ENSMUSG00000021364	-0.2172627231848105	0.2421178592270607
ENSMUSG00000101095	-1.4916346033576635	-1.560168548832626
ENSMUSG00000026162	-0.2088791485177087	0.5247543159843939
ENSMUSG00000095533	-0.1536330698140397	-0.1768592491887468
ENSMUSG00000095362	-2.0	-2.0
ENSMUSG00000001098	-0.0559488755711608	0.4807150419389563
ENSMUSG00000008734	-0.0213771937879456	0.3506325089117174
ENSMUSG00000029601	-0.0237263387914627	0.3557020244795091
ENSMUSG00000033863	-0.0093062168006614	0.2273045141439185
ENSMUSG00000036466	-0.1845364848184977	0.2589500823369974
ENSMUSG00000074158	-0.0623007050611192	0.4611394176073183
ENSMUSG00000021095	0.0015121834354194	-0.1754160220401071
ENSMUSG00000052099	-0.6001065914661732	-1.037960227992302
ENSMUSG00000091273	-0.4917238752994574	-0.4757529528256438
ENSMUSG00000032215	-0.1036505123868644	0.446952933883231
ENSMUSG00000113078	0.0260069714289502	-0.0127527721947321
ENSMUSG00000098912	-0.4785258605602521	-2.0
ENSMUSG00000099016	-0.3215402592257754	-0.3830993272612509
ENSMUSG00000029814	-0.010036185835153	0.1966806797627292
ENSMUSG00000120206	-0.4130085170452805	-0.2042164414856508
ENSMUSG00000097440	-0.3115447595227777	0.0420166731773307
ENSMUSG00000110618	-0.2009510082434693	0.1732334844402199
ENSMUSG00000034066	-0.1664144783942252	0.3789187418843233
ENSMUSG00000031137	-0.7150314351328981	-0.487438093165761
ENSMUSG00000104703	-0.4333542849453903	-0.3238066381806156
ENSMUSG00000044903	-0.321932720202961	-0.2483182053334507
ENSMUSG00000019984	-0.003859738351017	0.3633279975987798
ENSMUSG00000050463	-0.1760266842672387	-0.1500049103753297
ENSMUSG00000086353	-0.4941326713863189	-0.3125568538649307
ENSMUSG00000017802	-0.0894536043932354	0.4216927507480879
ENSMUSG00000060882	-0.5460734620632907	-0.1660991074120338
ENSMUSG00000028635	-0.2509094238533715	-0.1791240356017669
ENSMUSG00000031751	-0.1258714438789215	0.17231388912062
ENSMUSG00000111979	-0.8462564572369579	-0.4196368927753648
ENSMUSG00000031930	-0.0185218065768389	0.5089327188104686
ENSMUSG00000108112	-0.4461812731089926	-0.3311381114394994
ENSMUSG00000039395	-0.0162278000125737	0.3253128357862377
ENSMUSG00000024519	-0.3281139815835054	-0.2916457364594213
ENSMUSG00000097488	-0.0036700515557904	0.2291005173766473
ENSMUSG00000033470	-0.7594548950063594	-0.8320567870000978
ENSMUSG00000093883	-2.0	-2.0
ENSMUSG00000036158	-0.1891135747728724	0.1759638473196879
ENSMUSG00000087221	-0.2643540010646327	0.4759171704398678
ENSMUSG00000103724	-0.7709630401887715	-0.5083822319880806
ENSMUSG00000112716	-0.1861595796361093	-0.1054098200557946
ENSMUSG00000066750	-0.5192747645799597	-0.557824814209481
ENSMUSG00000003810	-0.0816253014491112	0.5553740490403547
ENSMUSG00000041423	-0.2852701693987647	0.1298116580015993
ENSMUSG00000028081	-0.1390713952775436	0.3355846600697755
ENSMUSG00000063281	-0.0411777191706749	0.3142591734151908
ENSMUSG00000094156	-0.6605951509531789	-0.4774571810989505
ENSMUSG00000102061	-2.0	-2.0
ENSMUSG00000114130	-0.5873569696271579	-0.5482637798007501
ENSMUSG00000074782	-0.2881828202477847	-0.181058967640811
ENSMUSG00000024548	-0.3911172640844869	0.4304366019825159
ENSMUSG00000107872	-0.3703107482174588	-0.4279085056573509
ENSMUSG00000103706	-2.0	-0.5119913617295494
ENSMUSG00000114690	-0.5705996895488143	-0.8254817053729998
ENSMUSG00000103436	-0.1040814481211207	0.353903849794507
ENSMUSG00000005370	-0.0311150715084775	0.3006689469129777
ENSMUSG00000021877	-0.095409298524667	0.5138387562767034
ENSMUSG00000039960	-0.0503883157688918	0.3746974004626192
ENSMUSG00000018909	-0.1632789964594548	0.268901700099901
ENSMUSG00000080890	-0.6329345382906716	-1.1118805136562488
ENSMUSG00000024991	-0.0495557918868616	0.5067566067957583
ENSMUSG00000034460	-0.0198456747920213	0.3168518861998536
ENSMUSG00000096695	-0.8018029040004987	-0.3775990322524974
ENSMUSG00000075217	-0.5050193621834317	-0.6084605144265659
ENSMUSG00000042508	-0.0274915962034127	0.5007780442879092
ENSMUSG00000033850	-0.5748497063631838	-0.6300338328385319
ENSMUSG00000022425	-0.2576441366822257	-0.1506167072462538
ENSMUSG00000026880	-0.1527609627136408	0.4567734106724817
ENSMUSG00000027259	-0.0700012440982626	0.4290940432417169
ENSMUSG00000068617	-0.4794342014661486	-0.2273911083201612
ENSMUSG00000107335	0.1366990103989576	0.3702906116744783
ENSMUSG00000099638	-2.0	-2.0
ENSMUSG00000112844	-0.2588863937247343	-0.1086558157089362
ENSMUSG00000108576	-0.46987153705824	-0.4438097064679296
ENSMUSG00000031712	-0.4357632355408627	0.1346350754023487
ENSMUSG00000117207	-1.2636162478402602	-0.3678410663152323
ENSMUSG00000081089	-2.0	-2.0
ENSMUSG00000040554	-0.2769645407525401	-0.2687233299009026
ENSMUSG00000026942	-0.0291015389158332	0.405330306524185
ENSMUSG00000087561	-0.0461250591958301	0.2564016492720889
ENSMUSG00000099054	-0.2037469970487546	0.1360586038953449
ENSMUSG00000115353	-0.4648539704996781	-0.6488390041346817
ENSMUSG00000113638	-2.0	-2.0
ENSMUSG00000028641	-0.0419591138077307	0.4280349596440795
ENSMUSG00000085337	-0.0252638032753762	-0.045166383928624
ENSMUSG00000051403	-0.0350597071599869	0.1886709227770258
ENSMUSG00000068551	-0.1824272270053056	-0.0758571245069539
ENSMUSG00000020469	0.1158120041884952	0.2303508108376951
ENSMUSG00000023707	-0.450215955544038	0.0883031092820581
ENSMUSG00000050578	-0.4218859276399992	-0.388385459745875
ENSMUSG00000106717	0.0909997065400849	-0.0516879900773819
ENSMUSG00000075572	-0.6647551865615924	-0.6066494947657044
ENSMUSG00000071723	-0.1572564992877779	0.452145079093923
ENSMUSG00000055560	-0.0408253808417285	0.3540788446212869
ENSMUSG00000089917	-0.0777528924872026	0.3938905883126684
ENSMUSG00000078864	-2.0	-2.0
ENSMUSG00000022885	-0.2494288182650617	0.3366542221997396
ENSMUSG00000100440	-2.0	-2.0
ENSMUSG00000106507	-0.3128450319003996	-0.0910697626726824
ENSMUSG00000031637	-0.3214215340563567	0.4255837768008474
ENSMUSG00000103478	-0.5453029776591329	-0.320741347666878
ENSMUSG00000109623	-0.2782775711777668	-0.2087962581585739
ENSMUSG00000020599	-0.2376774185743813	-0.0913852483216794
ENSMUSG00000062861	-0.1882099107796186	0.3390784040491912
ENSMUSG00000045493	-0.2373095852204201	-0.1754355353681075
ENSMUSG00000101761	-2.0	-2.0
ENSMUSG00000047459	-0.0678354250293128	0.4677010213451755
ENSMUSG00000104037	-0.3163518530633868	-0.2513606963804201
ENSMUSG00000029505	-0.010509246668017	0.4188072313683263
ENSMUSG00000097923	-0.2644446916047143	0.0005277812639802
ENSMUSG00000087035	-0.2508600508294378	-0.3649254064954789
ENSMUSG00000021606	-0.1537019885067402	0.2854245251126608
ENSMUSG00000097565	-0.0401850120602501	0.4219384021950009
ENSMUSG00000027823	-0.0464424785766027	0.4555370459011887
ENSMUSG00000095236	-0.5897635172617401	-0.4422880903337934
ENSMUSG00000034239	-0.3291867797374249	-0.3111043167714976
ENSMUSG00000118266	-0.0874348959812119	-0.090068457725676
ENSMUSG00000084861	-0.1973253188214825	0.453945778540571
ENSMUSG00000086719	-0.1590207975171113	0.4002647209830592
ENSMUSG00000035847	-0.3615217253435324	0.462646522927873
ENSMUSG00000042607	-0.3423121061531038	-0.155276855845612
ENSMUSG00000087491	-2.0	-2.0
ENSMUSG00000118666	-0.0631455906371311	-0.2593406702622238
ENSMUSG00000027163	-0.0822480575605407	0.4396222322312075
ENSMUSG00000096775	-0.0196894112283778	-0.1505337807486942
ENSMUSG00000112797	-0.6560678111483523	-0.2622216934414244
ENSMUSG00000096151	-0.4149265856586443	-0.6367175320651157
ENSMUSG00000085546	-0.1994660236810237	-0.3381472174028271
ENSMUSG00000040620	-0.0943500239243942	0.4114203560831019
ENSMUSG00000035781	-0.1880584113245425	0.3311482055602161
ENSMUSG00000078970	-0.0875775869738483	0.3630837371612668
ENSMUSG00000020327	0.2394151087184711	-0.1551879439788925
ENSMUSG00000029009	-0.001287243752945	0.3555538077064135
ENSMUSG00000104410	-0.5049490680562544	-0.6759147303393284
ENSMUSG00000052934	-0.0189688177907188	0.4077494106096263
ENSMUSG00000055523	-0.3024613543921557	-0.4650405295636704
ENSMUSG00000114882	-0.2264671868544379	-0.2724467065121499
ENSMUSG00000091803	-0.1146972553235302	0.3983674914198427
ENSMUSG00000115453	-0.2194887031075703	-0.1569242692457459
ENSMUSG00000084184	-0.0540730379386347	-0.4951541342692547
ENSMUSG00000115409	-0.2485616838937322	-0.195663441350901
ENSMUSG00000097561	-0.2684808564291622	0.4424678532401063
ENSMUSG00000074575	-0.1024515286239961	0.3563638631007176
ENSMUSG00000096146	-0.2804433030673269	-0.0598814353507822
ENSMUSG00000089828	-0.2300419350010961	-0.5249250321079019
ENSMUSG00000096859	-0.4901304405745492	-0.7149510904923093
ENSMUSG00000026117	-0.0899834991127408	-0.0899789043407578
ENSMUSG00000078435	-2.0	-2.0
ENSMUSG00000054630	-0.4988689549740656	-0.5825914210969481
ENSMUSG00000061342	-0.7577453802478757	-0.9624770914177576
ENSMUSG00000104063	-0.0241286047051405	-0.0460408394860416
ENSMUSG00000065999	-2.0	-2.0
ENSMUSG00000090806	-0.6301873051747638	-0.8274373479687751
ENSMUSG00000074366	-2.0	-2.0
ENSMUSG00000049313	-0.0326195028000465	0.4499406805443554
ENSMUSG00000027835	-0.0454700827351526	0.5442355256382659
ENSMUSG00000049516	-0.0593376126480634	0.4847046124643497
ENSMUSG00000121502	-2.0	-2.0
ENSMUSG00000090576	0.22640707173702	-0.5662947951823506
ENSMUSG00000027555	-2.0	-2.0
ENSMUSG00000001403	-0.0527465035974671	0.1576870010390439
ENSMUSG00000086290	0.170728624328926	0.2068841377187873
ENSMUSG00000086009	-0.4115290677406465	-0.3221239775558191
ENSMUSG00000103509	-0.0939296028195598	0.0486752032402964
ENSMUSG00000044770	-0.2831064305210501	-0.4501084474833957
ENSMUSG00000026424	-0.2748132318092919	-0.2244934019263181
ENSMUSG00000036381	-0.3365491721084439	-0.4706574374330818
ENSMUSG00000019809	-0.3471864482648783	0.4144341541638195
ENSMUSG00000048787	-0.0391451392519689	0.4346982151231507
ENSMUSG00000042870	-0.043170350549615	0.3983605494890102
ENSMUSG00000015023	-0.0438534769669693	0.4207605113309552
ENSMUSG00000115867	-0.209731307090891	-0.5180895028885729
ENSMUSG00000107960	-0.4259013349985829	-0.4173870453852219
ENSMUSG00000121359	-1.1833915283276824	-1.1879441854122734
ENSMUSG00000059463	-0.2916153067461999	-0.2175845688728362
ENSMUSG00000048482	-0.2794238085995166	-0.2020988654796262
ENSMUSG00000095475	-0.5175266087941209	-0.509616457380946
ENSMUSG00000042790	-0.0443117687404903	0.4152254996291233
ENSMUSG00000042189	-0.4112289455530751	-0.3268762021638731
ENSMUSG00000085007	-0.4978313484731695	-0.2943300536312578
ENSMUSG00000102869	0.0463465501060724	0.1468353593714102
ENSMUSG00000100781	-0.085702760973019	-0.1523538131304532
ENSMUSG00000046085	-0.1866915483354418	-2.0
ENSMUSG00000019558	-0.0162920028469873	0.3006163503908036
ENSMUSG00000028457	-0.2424055470015549	0.259225360591734
ENSMUSG00000121360	-0.8886865303184381	-0.8557329269308465
ENSMUSG00000084056	-0.6961381029179262	-0.500625969593006
ENSMUSG00000121648	-0.260415631533983	-0.0081103155369329
ENSMUSG00000045962	-0.0086034307199373	0.4728201996528611
ENSMUSG00000040040	-0.4416524518022999	0.4038343743426967
ENSMUSG00000121112	-0.1299692097281581	-0.0556403295675901
ENSMUSG00000117035	-0.495195151458546	-0.4984100446787519
ENSMUSG00000101643	-0.4882694841200359	-0.2447013856945104
ENSMUSG00000008999	-0.1226147154593969	0.3045646272561396
ENSMUSG00000100805	-2.0	-2.0
ENSMUSG00000021951	-0.1724213854260335	0.319182705001358
ENSMUSG00000115209	0.2344580574996526	-0.0327758998212535
ENSMUSG00000033904	-0.0502898070340949	0.4554256641514407
ENSMUSG00000050565	-0.0276602276590183	0.4675882770353887
ENSMUSG00000032413	-0.146343151572769	0.5231549555765426
ENSMUSG00000035914	-0.0895217005556415	0.3090788597483329
ENSMUSG00000092387	-2.0	-2.0
ENSMUSG00000100578	-2.0	-2.0
ENSMUSG00000112986	-0.2383916132171941	-0.259284348872273
ENSMUSG00000028015	-0.4457224056523084	-0.1687257259786923
ENSMUSG00000087263	-0.1688182220906595	0.0244745023288857
ENSMUSG00000115667	-0.0058986841505226	0.0166748148868941
ENSMUSG00000114353	-0.0974700709865347	-0.158351263122293
ENSMUSG00000040289	-0.3796157286715311	0.2962087219117313
ENSMUSG00000073051	-0.5122738151821601	-0.1266433538197844
ENSMUSG00000106631	-0.2312840730522379	-0.0766160760905883
ENSMUSG00000031370	-0.0555495063148893	0.4706703430266075
ENSMUSG00000110441	-0.348498110622537	-0.3886208660163571
ENSMUSG00000029526	-0.4965849602869996	-0.2324115545581018
ENSMUSG00000112216	-2.0	-1.177227207410237
ENSMUSG00000110010	-0.0879479735347747	0.051127583577102
ENSMUSG00000112751	-0.4223905659502161	-0.388654873316871
ENSMUSG00000117786	-0.2153643090743548	-0.4860824180318996
ENSMUSG00000101275	-0.2890079853292952	-0.3104856767193575
ENSMUSG00000063661	-0.1540235886491258	-0.1969149253831609
ENSMUSG00000095500	-0.1588115275455998	-0.089433540475956
ENSMUSG00000028889	-0.1768879643060309	0.3200714729626145
ENSMUSG00000112190	-0.2629580343004092	-0.3669690891995182
ENSMUSG00000020803	-0.3274964972329758	0.3347524269423343
ENSMUSG00000115318	-2.0	-2.0
ENSMUSG00000116725	-0.4745568618896921	-0.445267896877222
ENSMUSG00000029343	-0.0834986764542746	-0.270304819974825
ENSMUSG00000060303	-0.6008910553917504	-0.561747277421291
ENSMUSG00000015176	-0.0495798398931085	0.2747668204328316
ENSMUSG00000108119	-0.2936502867152912	-0.315065993901197
ENSMUSG00000032249	-0.01132129423401	0.1685027869510812
ENSMUSG00000039830	-0.0551042536766419	-0.3091988288305465
ENSMUSG00000097113	-0.0030008957853687	0.0945397438455145
ENSMUSG00000084070	-0.8412158438372781	-0.8900664688333887
ENSMUSG00000120149	-0.2720339277839322	-0.179813652385572
ENSMUSG00000024125	0.0116666796954453	-0.2953921013028206
ENSMUSG00000040471	-0.6209191766928087	0.0836002176227995
ENSMUSG00000081410	-0.8426689143822885	-0.5376142823255293
ENSMUSG00000016946	-0.0475515459276545	0.3516421127138925
ENSMUSG00000032788	-0.0367280620197636	0.4729511801484761
ENSMUSG00000084367	-0.7182285503902736	-0.6995387812427856
ENSMUSG00000116823	-0.178522893594834	0.2811984132613158
ENSMUSG00000105140	0.0188979662378513	-0.0295824520457696
ENSMUSG00000097121	0.0417507909424187	0.0833423456290934
ENSMUSG00000040896	-0.3210932058457431	-0.0343184405660065
ENSMUSG00000097365	-0.0658860190043885	-0.1584992503744531
ENSMUSG00000097615	-0.3442403536493092	0.3734640156953973
ENSMUSG00000108736	-0.241550036961763	-0.1954343910157642
ENSMUSG00000087543	-0.0317050061973999	0.3896231824095401
ENSMUSG00000048003	-0.2819920099603716	-0.4195604971107058
ENSMUSG00000049791	-0.1138311103746769	0.4708454496878447
ENSMUSG00000110365	-0.3409185991962099	-0.239624416881302
ENSMUSG00000085586	-0.0217290715410437	0.1385338392358275
ENSMUSG00000027209	-0.3532946272227562	0.5164044709011811
ENSMUSG00000048874	-0.0274622636075278	0.4645762784396628
ENSMUSG00000079057	-0.4137627472045431	0.0021393550657347
ENSMUSG00000054136	-0.2616517320511845	0.2670496392812578
ENSMUSG00000053730	-0.0824329478755434	0.2877578505391406
ENSMUSG00000099699	-2.0	-2.0
ENSMUSG00000029547	-0.0282780222658658	0.3548821772636437
ENSMUSG00000026226	-0.264270831496593	-0.2297820793225753
ENSMUSG00000028959	0.0482187722014883	0.2100963654073017
ENSMUSG00000040856	-0.321052273223787	-0.3285470397305586
ENSMUSG00000038949	-0.0673308467651193	0.4396383295743593
ENSMUSG00000093755	-0.6377626390359014	-0.5160910591619192
ENSMUSG00000039021	0.0036768499427536	0.201674547136695
ENSMUSG00000022120	-0.3212708071407172	0.3252672481322194
ENSMUSG00000045498	-0.4579165683675935	-0.2631178376776415
ENSMUSG00000055044	-0.0829185940772912	0.4070239363665068
ENSMUSG00000110760	-0.276194078150802	-0.0864883522153382
ENSMUSG00000028811	-0.0222831606147311	0.4024505388513643
ENSMUSG00000107750	-0.1046959341623417	0.0355722114349682
ENSMUSG00000112540	-0.2522840594179026	-0.25726937133159
ENSMUSG00000109813	-0.5950172467784933	-0.5822274773201608
ENSMUSG00000099863	-0.5595786715495313	-0.6178837838187823
ENSMUSG00000087695	-0.1948517499197876	-0.0931956780671158
ENSMUSG00000060969	-0.3818263841607398	-0.2326562030246866
ENSMUSG00000039501	-0.0528268349126642	0.2753901424677973
ENSMUSG00000047960	-0.4819092427371858	-0.8155936507421598
ENSMUSG00000079259	-0.0071534874741894	0.2883833843997748
ENSMUSG00000045915	-0.2992744821652245	-0.3486324413850825
ENSMUSG00000045362	-0.293002789162669	-0.2214493823737812
ENSMUSG00000046750	-0.1752963594707359	-0.0123644763472513
ENSMUSG00000115969	0.3110096268432821	-0.3556635851570101
ENSMUSG00000121445	-0.3413068668444573	-0.3012127852435914
ENSMUSG00000097215	-0.2078806004164662	-0.2260717378908998
ENSMUSG00000099908	-0.0333500880193375	0.4092424348395311
ENSMUSG00000112422	-0.4010740844824937	-0.1235764957532408
ENSMUSG00000042854	0.1556614845047636	-0.1633541444413131
ENSMUSG00000032744	-0.2691445946544678	-0.1480067864796342
ENSMUSG00000056418	-0.222816421625813	-0.1147851528247746
ENSMUSG00000000701	-0.1800255367620396	-0.3758227458091518
ENSMUSG00000118336	-0.3754139012938572	-0.3209525956866078
ENSMUSG00000073591	-0.3173424516319177	-0.137121656495852
ENSMUSG00000042446	-0.0114827802023216	0.4917518232077337
ENSMUSG00000032504	-0.0249189857084116	-2.0
ENSMUSG00000053388	-0.201237239577757	0.0650363387984316
ENSMUSG00000002227	-0.0374279146115341	0.2077442060389779
ENSMUSG00000117666	-0.0479335368620944	0.0210648662168416
ENSMUSG00000060201	-0.3122151747126407	-0.3315820249864352
ENSMUSG00000037529	-0.4118958342529388	-0.1163266432007049
ENSMUSG00000035293	-0.0609691289433373	0.4210221750198076
ENSMUSG00000043448	-0.0360897377527653	0.1742113334818287
ENSMUSG00000090017	-0.2797222537565443	-0.2058271577559751
ENSMUSG00000110593	-0.1293100930341617	0.4056741347652603
ENSMUSG00000029913	-0.1447687734218951	0.4595776266330452
ENSMUSG00000004070	-0.0098638632751812	0.4899475165131376
ENSMUSG00000079436	0.0261231263465782	-0.088689269503219
ENSMUSG00000103025	-0.5991088474776136	-0.4971636615512214
ENSMUSG00000087177	-0.0831623573144128	0.5195872938294801
ENSMUSG00000036231	-0.5301105631968396	-0.639792662903517
ENSMUSG00000006585	-0.1556489681513883	0.3146671872485405
ENSMUSG00000029428	-0.0257326493610832	0.3971819378655457
ENSMUSG00000004655	-0.3971520451474288	-0.3573774213749415
ENSMUSG00000109945	-0.3193818791413131	-0.3828591128778913
ENSMUSG00000101286	-2.0	-2.0
ENSMUSG00000102950	-0.0395050586695061	0.0538249417881419
ENSMUSG00000030029	-0.1221755884711823	0.4053214255258446
ENSMUSG00000026824	-0.5803210992572878	-2.0
ENSMUSG00000038879	-0.2453356923957626	0.0716609025016864
ENSMUSG00000087579	-0.381299173288868	-0.2823869075340567
ENSMUSG00000021377	-0.0440119544904645	0.411523409844875
ENSMUSG00000086876	-0.0548801722035637	-0.041827205626827
ENSMUSG00000038527	-0.1546253404724206	0.3675211079026611
ENSMUSG00000085049	-0.2134965939075523	0.1713988984408428
ENSMUSG00000038517	-0.0711127716977648	0.0610525329477834
ENSMUSG00000046822	-0.0402274134928869	0.0783946058070215
ENSMUSG00000030217	-0.2483559032584001	-0.3910033649718787
ENSMUSG00000054428	-0.0934144759336719	0.1723950739019167
ENSMUSG00000067352	-2.0	-2.0
ENSMUSG00000049641	-0.3095331464535774	-0.2392023456974404
ENSMUSG00000114472	-0.3087875670462209	-0.252661694322415
ENSMUSG00000111645	-0.637055616803711	-0.4255536293786326
ENSMUSG00000054061	-0.383492768543299	0.1610896051386339
ENSMUSG00000084920	-0.6396407217673115	-0.5867042938243708
ENSMUSG00000103926	-0.2751558224546953	-0.1453427772471864
ENSMUSG00000022116	0.1196741417654283	-0.1427968460730714
ENSMUSG00000003813	-0.1569327464320442	0.3123766797964226
ENSMUSG00000047180	-0.2273656991036812	-0.2579594413959749
ENSMUSG00000107290	-0.6421127756194638	-0.3962326830823742
ENSMUSG00000117488	-0.427006487316635	0.4703307110738214
ENSMUSG00000057113	-0.083236838599637	0.4111835091890014
ENSMUSG00000109540	-0.470137016922371	-0.6459254217689252
ENSMUSG00000035725	-0.2999539321113155	0.5079411037393458
ENSMUSG00000081858	-0.5981402460972103	-0.5784707650431743
ENSMUSG00000074063	-0.1707448708750466	-0.0258899966080594
ENSMUSG00000082499	-2.0	-2.0
ENSMUSG00000038718	-0.3381714190078913	0.4629439670820066
ENSMUSG00000116299	-0.3396827616716977	-0.3170883169414075
ENSMUSG00000121347	-0.1670256198568643	0.5065136911493465
ENSMUSG00000097385	-0.145890437371682	-0.100118897482944
ENSMUSG00000025226	0.0823307383773453	0.3684620553099413
ENSMUSG00000111080	-0.4578513301662965	-0.3386972237293831
ENSMUSG00000046947	-0.1067233877946264	0.4313116456939885
ENSMUSG00000087153	-2.0	-2.0
ENSMUSG00000079008	-0.1024792414128396	0.362150972526039
ENSMUSG00000024457	-0.0540860237105025	0.4488308719194399
ENSMUSG00000080871	-0.4821358820870456	-0.4531034073967997
ENSMUSG00000021198	-0.3606456121237688	-0.0155745890463676
ENSMUSG00000020037	-0.2088791485177087	0.2329590286954519
ENSMUSG00000106219	-0.0063642603277283	-0.3093553216855595
ENSMUSG00000046434	-0.1467115808050224	0.3608553500609418
ENSMUSG00000037411	-0.1662759977461641	0.4073201877529435
ENSMUSG00000086756	-0.2354980820989156	0.4933367383233666
ENSMUSG00000087253	-0.0061336562498846	0.433594481124878
ENSMUSG00000042498	-0.6643820516702127	-0.245225683579831
ENSMUSG00000030160	-0.4780218723505346	-0.6586054837996047
ENSMUSG00000112224	-0.1905782041764029	-0.1522150572930498
ENSMUSG00000087549	-0.0151000284014568	0.340960994352272
ENSMUSG00000031924	-0.0057650498502995	0.4017870975930475
ENSMUSG00000035757	-0.0258815148107469	0.2734004078954254
ENSMUSG00000026080	-0.1515102458610775	0.4235679518190706
ENSMUSG00000087399	-0.343353380244746	-0.2344093719622491
ENSMUSG00000017561	-0.0358015808742073	0.5192797282845888
ENSMUSG00000031023	-0.2254037736378148	0.512189797932608
ENSMUSG00000026039	-0.0465948449671934	0.4877134700922023
ENSMUSG00000102055	-0.2746479229849161	-0.3372496458008338
ENSMUSG00000115557	-0.183215078258853	-0.2277452032566798
ENSMUSG00000038751	-0.264690673251357	-0.1878366824862479
ENSMUSG00000035597	-0.0550829545565535	0.4344842722314175
ENSMUSG00000094353	-0.7023752025153044	-0.5711385330475234
ENSMUSG00000021774	-2.0	-2.0
ENSMUSG00000066510	-0.3283377637866406	-0.3885556432147697
ENSMUSG00000106550	-0.1661416360178034	0.4443967754629847
ENSMUSG00000003423	-0.2760815461000033	0.4190343316308328
ENSMUSG00000053297	-0.2311787494484178	-0.1912485014784719
ENSMUSG00000097280	-0.1278008245737533	-0.1565699960562485
ENSMUSG00000107705	-0.3193197265515467	0.4412032326744156
ENSMUSG00000099933	-0.2573552952285974	-0.419500088542713
ENSMUSG00000114771	-0.1221663823798453	-0.197968149504712
ENSMUSG00000100745	-2.0	-2.0
ENSMUSG00000079460	-1.0633140818292632	-0.7589162496095091
ENSMUSG00000114121	-0.3412929533225184	-0.1999124175381447
ENSMUSG00000041915	-0.0551348236837277	0.5286557882508833
ENSMUSG00000112774	-0.2164926093801592	-0.5508753515785091
ENSMUSG00000110068	-0.0444440489616386	-0.1941889258063141
ENSMUSG00000040455	-0.0420222602561271	0.4742250081724271
ENSMUSG00000083947	-0.5266998386313095	-0.5334051963231339
ENSMUSG00000022829	-0.4961396175910391	0.0813526374217884
ENSMUSG00000027134	-2.0	-2.0
ENSMUSG00000118597	-0.43108239775528	-0.427143261608336
ENSMUSG00000021012	-0.0187387703822652	0.4268351535186816
ENSMUSG00000109326	0.0161025347523661	-0.1720747723952285
ENSMUSG00000102602	-0.0221517929286723	-0.192014405358067
ENSMUSG00000026727	-0.1590334496226015	0.381775500477791
ENSMUSG00000101578	-0.5354894388252972	-0.4874113832128381
ENSMUSG00000086788	-0.1345465974231219	-0.0363004567011338
ENSMUSG00000114866	-0.3949146352554995	-0.358605636456992
ENSMUSG00000034591	-0.3395079102088096	-0.0142737102416319
ENSMUSG00000038127	-0.2053675378415786	0.4402335122100015
ENSMUSG00000100356	-1.5827841425577045	-1.2821436720320507
ENSMUSG00000022146	-0.205063808698407	-0.092250043056223
ENSMUSG00000109961	-0.3684592358553438	-0.4401513086868086
ENSMUSG00000110729	-0.3709936867660611	-0.4080296870616816
ENSMUSG00000109042	-0.441010788369339	-0.5774730274296757
ENSMUSG00000111570	-0.2595645130596416	-0.2320685903677619
ENSMUSG00000113350	-0.2166742451805634	-0.4684252932690346
ENSMUSG00000087317	-0.172891731035902	0.0996743579480835
ENSMUSG00000114390	-2.0	-2.0
ENSMUSG00000021156	-0.1325668092059478	0.3921818242957377
ENSMUSG00000104459	-0.4388179214340804	-0.2944783865773328
ENSMUSG00000071256	-0.1036491891261969	0.4892194097501972
ENSMUSG00000038010	-0.0877144783851291	0.4207427098367938
ENSMUSG00000001018	0.1286266967442808	0.0659645464218294
ENSMUSG00000096035	0.0689885272159328	-0.2386083727849325
ENSMUSG00000073856	-0.2388592629970277	0.3059941653398976
ENSMUSG00000042377	-0.1146955586355899	0.4341324743329558
ENSMUSG00000096878	-0.0131920014199923	0.0209771461073016
ENSMUSG00000097199	-0.1469663899240271	-0.269060502674486
ENSMUSG00000032131	-0.2628883376987213	0.0467913824553935
ENSMUSG00000086121	-0.6317525474790506	-0.0124659201137523
ENSMUSG00000009739	-0.05002462724468	0.1114667722633816
ENSMUSG00000001300	-0.2169044740100929	0.3737720108903241
ENSMUSG00000062124	-0.2045755010534556	-0.3857876537358161
ENSMUSG00000011179	-0.1533121295105723	0.4219321557541924
ENSMUSG00000051331	-0.2713305559887887	0.0185618683804152
ENSMUSG00000033486	-0.1463835454684012	0.4603802882600387
ENSMUSG00000024778	-0.4894504324060701	-0.1920795544436889
ENSMUSG00000073380	-0.4028468797550761	-0.4682613503534913
ENSMUSG00000016995	-0.2680753706568548	-0.2179251595640958
ENSMUSG00000031627	-0.3232034519257512	0.0383948902572419
ENSMUSG00000024018	-0.0406271432064709	0.3256634132875401
ENSMUSG00000113845	-0.5977086909566989	-0.4546780608586606
ENSMUSG00000113928	-0.3031011258114274	-0.2842546370809274
ENSMUSG00000098332	-0.1260613609505808	0.3873755869419543
ENSMUSG00000052180	-0.2364552119032496	0.1682026878752838
ENSMUSG00000025538	-0.0913700260212671	0.4191349328531216
ENSMUSG00000028063	-0.0186492698786668	0.1309509929469568
ENSMUSG00000069971	-0.1995404137206827	-0.3022729863742763
ENSMUSG00000026181	-0.033207360511809	0.2637070646074315
ENSMUSG00000038732	-0.395830344039789	0.1744686606928986
ENSMUSG00000036902	-0.3022796066213814	0.4023834837371464
ENSMUSG00000063672	0.0342222033377097	-0.007553765713098
ENSMUSG00000040738	-0.0165364572264367	0.4839816198821557
ENSMUSG00000024680	-0.6656862911835871	-0.5202430640251209
ENSMUSG00000024973	-0.3828331063662943	-0.0062577107844919
ENSMUSG00000061353	-0.3088251136484155	-0.2751980514695182
ENSMUSG00000101415	-0.4361175557170317	-0.27576231721548
ENSMUSG00000109773	-0.3697298014746557	-0.3811972636459118
ENSMUSG00000028292	-0.0485117187765568	0.4773672852240131
ENSMUSG00000057367	-0.0916900209822359	0.5097956081517333
ENSMUSG00000022577	-0.6301639528304515	-2.0
ENSMUSG00000025576	-0.311191444876232	-0.3114604075524457
ENSMUSG00000024970	-0.0350526450944024	0.4713970440403557
ENSMUSG00000058400	-0.3922223247213069	-0.3717817556712629
ENSMUSG00000112868	-0.5463119024904505	-0.4578303672764893
ENSMUSG00000022876	-0.490716004674938	-0.8959836294069536
ENSMUSG00000101989	-2.0	-2.0
ENSMUSG00000080889	-0.7937646802560007	-1.2958628726826449
ENSMUSG00000045107	-0.0911486126019976	0.4947944284283664
ENSMUSG00000070738	-0.027640325369329	0.4827732842887825
ENSMUSG00000085265	-0.3694856815154057	-0.5383106596742592
ENSMUSG00000027893	-0.041733105640531	0.4351497037012358
ENSMUSG00000102651	-0.0884781629723173	-0.1546854871245888
ENSMUSG00000118139	-0.0582051262049482	-0.5720584127556179
ENSMUSG00000001672	-0.2043162586206339	-0.0859719132122329
ENSMUSG00000033952	-0.0484403385907289	0.4185859758245687
ENSMUSG00000035211	-0.3460303509751869	0.4863976044226936
ENSMUSG00000048498	-0.3052635674528701	-0.4143577169500178
ENSMUSG00000020377	0.5663255158181713	-0.0459114511138821
ENSMUSG00000024487	-0.0526168670530986	0.4952920127050456
ENSMUSG00000046761	0.0083718090848629	0.0368052916673603
ENSMUSG00000105309	-0.5155296089694278	-0.281904362791124
ENSMUSG00000046417	-0.0548076391390956	0.380442441971612
ENSMUSG00000113276	-0.3830791819122972	-0.2909358687320314
ENSMUSG00000121915	0.3739123037315456	0.2131616755205002
ENSMUSG00000053581	-0.0499380888907527	0.4578077425652045
ENSMUSG00000106805	-0.7892605015798756	-0.5353132018849028
ENSMUSG00000094910	-0.1462604288140612	0.2617955937839745
ENSMUSG00000099964	-0.4985479953638398	-0.3869342611421457
ENSMUSG00000112915	-0.2842961722616583	-0.3558411232084947
ENSMUSG00000024136	-0.0585168918423988	0.1991499238591326
ENSMUSG00000031738	-0.3262307045614394	-0.2600294580084371
ENSMUSG00000032235	-0.153063332128225	0.4990480899263311
ENSMUSG00000058756	-2.0	-2.0
ENSMUSG00000111504	-0.2919118748018602	0.1689600524070655
ENSMUSG00000113550	-0.5093592727282552	-0.6576882758500584
ENSMUSG00000058398	-0.233214890087517	-0.1476111445708101
ENSMUSG00000106756	-0.3688459248864787	-0.4343113180387407
ENSMUSG00000029408	-0.1668601582759577	-0.0117612192039568
ENSMUSG00000034566	-0.3571601108499633	0.3083419807614725
ENSMUSG00000056531	-0.1635271354211601	0.5513958297774947
ENSMUSG00000104470	-0.0403653182355274	-0.2676581977729477
ENSMUSG00000095253	-0.030425776090813	0.4092640989576049
ENSMUSG00000101727	-2.0	-2.0
ENSMUSG00000120219	-0.0685222966434772	0.445381550829432
ENSMUSG00000078921	-2.0	-2.0
ENSMUSG00000111936	-0.5109033745324275	-0.2858178248435592
ENSMUSG00000078974	-0.0905606897127157	0.4133802436321468
ENSMUSG00000085569	-0.3856719560508596	-0.414974911433767
ENSMUSG00000024617	-0.1094123379949792	-0.4946382733192693
ENSMUSG00000020604	-0.2518426849037752	0.451724739841304
ENSMUSG00000074062	-0.4940616788368222	-2.0
ENSMUSG00000024553	-0.4250656444867631	-0.1724755202566807
ENSMUSG00000042541	-0.1426412054213466	0.500303727613131
ENSMUSG00000105003	-0.37127643450022	-0.2969703093824497
ENSMUSG00000066148	-0.0227498050512891	0.4573434616423346
ENSMUSG00000101955	-0.185664222133196	-0.1935367412782691
ENSMUSG00000043144	-0.10689477930807	0.097303409810289
ENSMUSG00000038497	-0.05630520082405	0.4611307064222007
ENSMUSG00000114424	-0.0189364259860494	0.1076216756127077
ENSMUSG00000005873	-0.0900835275924268	0.3851771288184295
ENSMUSG00000075091	-0.6085458152727676	-0.8764612943920885
ENSMUSG00000113586	-0.4667377553218064	-0.5491346924726781
ENSMUSG00000113539	-0.7842603642463026	-0.7448365164944346
ENSMUSG00000040367	-0.3308725019543531	-0.019942970214059
ENSMUSG00000066030	-0.3622015708321865	-0.567611866503619
ENSMUSG00000056116	0.1602085369172059	-0.0094995360300204
ENSMUSG00000117760	-0.0306632184630117	0.0548808252190263
ENSMUSG00000002475	-0.3493137274216759	0.3506417681459224
ENSMUSG00000094105	-0.4463334466706377	-0.3822462977305099
ENSMUSG00000097316	-0.15792559626648	0.212377267076423
ENSMUSG00000047604	-0.1923727110660947	0.4593635338286288
ENSMUSG00000054770	-0.1451032337116235	0.5129995988064837
ENSMUSG00000022313	-0.060282215358519	0.5186042111059563
ENSMUSG00000021711	-0.0421180498955886	0.545572066621799
ENSMUSG00000027470	-0.3167796389690868	-0.1792147052068115
ENSMUSG00000115294	-0.6706648588556716	-0.7279726387635335
ENSMUSG00000053716	-0.1555482986405676	0.4316406592391751
ENSMUSG00000054931	-0.3049235621662672	0.359322370487095
ENSMUSG00000087592	-0.1078719913265099	0.0011527366798965
ENSMUSG00000103024	-0.4713665829324489	-0.220727546911594
ENSMUSG00000024922	-0.1505047909235614	0.0292049901510541
ENSMUSG00000056153	-0.0891545559979221	0.4428909781977587
ENSMUSG00000051401	-0.4166440920197286	0.0961913388337195
ENSMUSG00000116288	-0.1190994318158925	-0.1650578202817898
ENSMUSG00000085633	-0.3686410890536693	0.4087635173267804
ENSMUSG00000107148	-0.5987080464128967	-0.7545366866358042
ENSMUSG00000109850	-0.1016532361742155	0.5118336481191709
ENSMUSG00000099628	-2.0	-2.0
ENSMUSG00000049307	-0.2558597902005995	-0.0285002874763436
ENSMUSG00000035529	-0.0997959126022439	0.4257467510710001
ENSMUSG00000112030	0.2299610113455776	-0.2919901317921748
ENSMUSG00000042567	-2.0	-2.0
ENSMUSG00000026439	-0.0309961172251681	0.3400314382309848
ENSMUSG00000041264	-0.0365283785932244	0.5019168657622302
ENSMUSG00000024844	-0.0354456588434774	0.2837660368895966
ENSMUSG00000067855	-0.5073049695300167	-0.6376144229342985
ENSMUSG00000076434	-0.3564839606232697	0.2598494115587005
ENSMUSG00000115720	-0.6112226501746293	-0.59934626022123
ENSMUSG00000001472	-0.0385484351929628	0.4774546648686484
ENSMUSG00000112659	-0.440709001789357	-0.3932786852951292
ENSMUSG00000120328	-0.1739358279210761	-0.2385949820013558
ENSMUSG00000078453	-0.1456611595744843	0.451335947541949
ENSMUSG00000021504	-0.1003028021992387	0.291406150216319
ENSMUSG00000023018	-0.051842893374297	0.3107531962555655
ENSMUSG00000117066	-0.3917271290495713	-0.407591384588792
ENSMUSG00000028982	-0.0461056447179102	0.4427296124933414
ENSMUSG00000073399	-0.1829410075089499	-0.2709390968967372
ENSMUSG00000110673	-0.1459540053232451	0.0482052467570165
ENSMUSG00000111546	-0.2283114159629364	-0.4235395519365122
ENSMUSG00000085598	-0.6263393007491046	-0.7418049459214762
ENSMUSG00000101099	-2.0	-2.0
ENSMUSG00000034748	-0.0963462305735295	0.41714339863651
ENSMUSG00000103502	0.1060283039787092	-0.1987836327436006
ENSMUSG00000021139	-0.0967634633492781	0.3638337706467929
ENSMUSG00000085440	-0.4162312343790166	-0.3770771735567541
ENSMUSG00000101225	0.1100102646070153	0.418803588851371
ENSMUSG00000040351	-0.121467174937723	0.5444180686959674
ENSMUSG00000041323	-0.0908997912115036	-0.0260379937528023
ENSMUSG00000109005	-0.1357697585627179	0.1512312952574018
ENSMUSG00000006127	-0.0833996267733022	0.4234916314545814
ENSMUSG00000107241	-0.3776230694231616	-0.2362348851874662
ENSMUSG00000039994	-0.0437279085018321	0.4550188477130673
ENSMUSG00000031517	-0.5926781121908755	-0.4240147790086447
ENSMUSG00000103937	-0.1242070748723013	-0.019904322226641
ENSMUSG00000028011	-0.5705804297996635	-0.445815255652882
ENSMUSG00000115620	-0.1521612936150441	-0.0531187617802067
ENSMUSG00000037689	-0.2904290212183344	-0.4689456472184448
ENSMUSG00000045680	-0.4611064436622374	-0.4560935432541506
ENSMUSG00000079429	-0.0992170218501937	-0.0950560639899849
ENSMUSG00000113493	-0.3511232421484794	-0.3400307755259059
ENSMUSG00000055313	-0.3237776955272236	0.3223342641490864
ENSMUSG00000085784	-0.4994031718631272	-0.401026624847339
ENSMUSG00000079637	-0.5273889247467448	-0.7578579683251577
ENSMUSG00000041700	-0.57686656552847	-1.1754758656911954
ENSMUSG00000060600	-0.1028433008828833	-0.3431877647431438
ENSMUSG00000015189	-0.3106968249313352	0.5256096705608907
ENSMUSG00000111763	-0.4125139837045545	-0.2196551762118523
ENSMUSG00000121416	-0.5148664609705642	-0.2248837565913188
ENSMUSG00000051147	-0.2918419658084945	-0.1039591627878836
ENSMUSG00000001802	-0.1413372240673801	0.0557959860026849
ENSMUSG00000085614	-0.1838195718059566	0.5403109511729836
ENSMUSG00000104987	-0.1849868028456415	-0.400162978677127
ENSMUSG00000027863	-0.0859135809724194	-0.2013957554264018
ENSMUSG00000086854	-0.3570824274677315	-0.5240779229518471
ENSMUSG00000115518	-0.2259729318865971	-0.1914700762417415
ENSMUSG00000024174	-0.1187914936354197	0.3665043167772673
ENSMUSG00000025812	-0.0913455856972215	0.4755500337686751
ENSMUSG00000098509	-0.6241025334317267	-0.5028348456138781
ENSMUSG00000118198	-0.2305556145794041	-0.4075107518865717
ENSMUSG00000086558	-0.3709212431492903	-0.4922714950689522
ENSMUSG00000056716	-0.2717274021049829	-0.2905465205269408
ENSMUSG00000096210	0.1922746658290287	0.3858767744615652
ENSMUSG00000010936	-0.006576291473047	0.4757571672155248
ENSMUSG00000105322	-0.3218581727068721	-0.4721899751560361
ENSMUSG00000030795	-0.0237241371287533	0.4776973260271723
ENSMUSG00000039234	-0.0804494639241385	0.3397498789315351
ENSMUSG00000035248	-0.0350623436939109	0.4752590667085251
ENSMUSG00000104286	-0.5144483505555569	-0.6438149944336333
ENSMUSG00000021071	-0.3575964237606222	0.4464194131938083
ENSMUSG00000018217	-0.2412028249180751	-0.2500169330874124
ENSMUSG00000032422	-0.1385142185083336	0.3673697138506237
ENSMUSG00000061518	-0.3170729949967754	0.237766357528872
ENSMUSG00000114131	-0.4366825771583112	-0.3596521514871809
ENSMUSG00000113686	-0.4817203791343737	-0.4308769064038353
ENSMUSG00000120984	-0.1306435265579859	0.4734761673111686
ENSMUSG00000100525	-0.288218745075407	-0.4955038553702389
ENSMUSG00000106537	-0.2199162469549661	-0.3465661489603878
ENSMUSG00000022769	-0.2344430501688696	0.4797629792677845
ENSMUSG00000087215	-0.3745568687032157	-0.2995240616878875
ENSMUSG00000101102	-0.0988020063542445	-0.0980637273482099
ENSMUSG00000114968	-0.199114184367693	-0.2949881003401274
ENSMUSG00000048175	-0.0228320068931991	-0.3141388244538047
ENSMUSG00000108083	-0.4882727458293411	-0.4551650487011583
ENSMUSG00000117641	-0.3477278148913703	-0.30418782511024
ENSMUSG00000105897	-0.5031032710363763	-0.6343649040524647
ENSMUSG00000022856	-0.1300396292704573	0.4282611747787077
ENSMUSG00000026766	-0.10960514026457	0.4838257012664259
ENSMUSG00000121616	-0.6620509710603486	-2.0
ENSMUSG00000031519	-0.487296930588625	-0.4203355078322418
ENSMUSG00000039539	-0.5679037005558584	-0.3222970751544052
ENSMUSG00000087095	-0.359654736192896	-0.3036308709836298
ENSMUSG00000105663	-0.3582313037663773	-0.501047578550467
ENSMUSG00000105702	-0.4816066264758605	-0.7973564109168229
ENSMUSG00000121664	0.0128900957858335	-0.2495898917882444
ENSMUSG00000086653	-0.3681989982380812	-0.3191289754627047
ENSMUSG00000056413	-0.0399017433265368	0.3452949033688086
ENSMUSG00000113997	-0.4357115929271405	-0.6186548493109019
ENSMUSG00000031616	-0.3326918360701813	-0.1996152291250442
ENSMUSG00000107363	-0.7013564830371531	-0.6978947205796038
ENSMUSG00000020739	-0.0487509036228961	0.4544298724759766
ENSMUSG00000078116	-0.7515670174687983	-0.9595282842985828
ENSMUSG00000101808	-2.0	-2.0
ENSMUSG00000058706	-0.2778959437277066	0.2358742298205391
ENSMUSG00000062794	-2.0	-2.0
ENSMUSG00000037070	-0.0494323599241158	0.2413706354235217
ENSMUSG00000090539	-0.1097794624735628	0.0029945358287823
ENSMUSG00000001666	-0.1514628476901228	0.354143796196899
ENSMUSG00000105820	-1.026639353038394	0.1834469427606236
ENSMUSG00000024382	-0.0393277717772268	0.379891917901526
ENSMUSG00000032279	-0.0261416678943559	0.4407460336784057
ENSMUSG00000091967	-0.51399424630373	-0.3581298507779573
ENSMUSG00000038704	-0.0003201061158461	-0.1923470113829383
ENSMUSG00000014786	-0.0441726053428921	0.3554377266994053
ENSMUSG00000051864	-0.0277642898285248	0.4263632181653188
ENSMUSG00000045268	-0.0679206279129761	0.2835241997680433
ENSMUSG00000045284	-0.1523754013567985	0.2353568666978744
ENSMUSG00000020696	-0.0471085084400557	0.3670982501924813
ENSMUSG00000027580	-0.1194073826728726	-0.1035863388882457
ENSMUSG00000108238	-0.171799899928841	-0.119077504889939
ENSMUSG00000040717	-0.013799402566682	0.4213370169699264
ENSMUSG00000086069	-0.2922825293822332	-0.1011363268756863
ENSMUSG00000027193	-0.031361667199634	0.4289310264633862
ENSMUSG00000043357	-0.4735496039709671	-0.4411719549341309
ENSMUSG00000117721	-0.4988821051351979	-0.3214360998150508
ENSMUSG00000117443	-0.282229171585615	-0.282423853979505
ENSMUSG00000002748	-0.0154576553767518	0.420732490130827
ENSMUSG00000024735	-0.0276980908118164	0.4513811095363919
ENSMUSG00000071470	-0.3181831611791821	0.3609026483379615
ENSMUSG00000071291	-0.1504029733557182	0.4568829306477512
ENSMUSG00000086685	-0.6189321254221756	-0.6004031087208633
ENSMUSG00000069135	-0.0424081313859419	0.4957893048848562
ENSMUSG00000024533	-0.1915501295165342	0.3164329268532342
ENSMUSG00000100373	-2.0	-2.0
ENSMUSG00000026014	-0.0389798759620928	0.5122036853314648
ENSMUSG00000037335	-0.1000940692022031	-0.092444507476592
ENSMUSG00000107341	-0.1916906971871008	-0.0788831096973971
ENSMUSG00000113079	-0.2801017322407828	-0.2944342406822946
ENSMUSG00000116194	-0.1435536439195098	-0.301960660268428
ENSMUSG00000025607	-0.4043219416539996	0.5196075104067464
ENSMUSG00000117231	-0.0176503296032983	0.2144400843244961
ENSMUSG00000010122	-0.0962005213816257	0.1940645518163171
ENSMUSG00000026201	0.0362322609154019	0.026598955277094
ENSMUSG00000075467	-0.2090265638478027	0.3351954393270981
ENSMUSG00000040387	-0.3542765801370772	0.2109947752993682
ENSMUSG00000099470	0.0562384220711132	0.329452391593672
ENSMUSG00000018677	-0.4278636044859873	0.4392571989916666
ENSMUSG00000041846	-0.0260433428805379	0.4544741038388127
ENSMUSG00000056632	-0.3520485155097851	-0.3288908708289561
ENSMUSG00000108870	-0.3886034383068832	-0.3451399103006459
ENSMUSG00000113910	0.0018180546425747	-0.179371158061437
ENSMUSG00000078566	-0.0367778790566858	0.312875644848174
ENSMUSG00000103176	-2.0	-2.0
ENSMUSG00000019804	-0.0326476875637207	0.4828772979535705
ENSMUSG00000090482	-2.0	-2.0
ENSMUSG00000033453	-0.1980942257656553	0.3163113530050913
ENSMUSG00000028821	-0.1991189927494401	-0.0964713800161068
ENSMUSG00000029012	-0.0253666481622453	0.4710498473358363
ENSMUSG00000100520	-2.0	-2.0
ENSMUSG00000115147	-0.2772358086609607	-2.0
ENSMUSG00000120649	-0.3180863080112729	0.1982891551836018
ENSMUSG00000104094	-0.3604298473765245	-0.231243686123003
ENSMUSG00000106791	-0.3616871723232485	-0.1570590511721632
ENSMUSG00000116920	-0.5322436529151401	-0.1237878191339632
ENSMUSG00000111235	-0.3430174285615547	-0.4614147806634107
ENSMUSG00000026571	-0.2223355769563121	0.5484665645859214
ENSMUSG00000022579	-0.0700593147703569	-0.1764361823803016
ENSMUSG00000109564	-0.4225902413134867	-0.4046768690937115
ENSMUSG00000104069	-0.387259574900072	-0.3136039995686613
ENSMUSG00000115001	-0.8172252208267724	-1.0745547521516317
ENSMUSG00000105218	-0.3294185335948491	-0.3419338188791949
ENSMUSG00000061816	-0.5271423733173103	-0.3358188842420405
ENSMUSG00000086821	-0.457087473999649	0.2887360244168259
ENSMUSG00000116590	-0.1169508689520222	0.4843753003562351
ENSMUSG00000029478	-0.0032926767282112	0.2981863702843919
ENSMUSG00000032452	-0.3935281304704036	0.0204772171682409
ENSMUSG00000030790	-0.0998364638670614	0.0516918706778888
ENSMUSG00000034792	-0.1176723337011132	0.0237545512625616
ENSMUSG00000086127	-0.3285035479224821	0.4526523191959677
ENSMUSG00000110698	-0.2761781644143107	-0.2743062226524171
ENSMUSG00000059182	-0.0602982821971472	0.4676193512235965
ENSMUSG00000024552	-0.3985560578282007	-0.5316204679935826
ENSMUSG00000033209	-0.2260014313117289	0.22930752752925
ENSMUSG00000057179	-0.6402317721351378	-0.7539625971600432
ENSMUSG00000060335	-0.4416680132337992	-0.4602979642939643
ENSMUSG00000057788	-0.0486154594702597	0.3174649327969644
ENSMUSG00000083282	-0.0609789241681761	0.1499249295516856
ENSMUSG00000103505	-0.1005914521953351	-0.0648539231052915
ENSMUSG00000097027	-0.3064735409538399	0.3668628194750486
ENSMUSG00000096014	-0.0566000696834765	0.3276392448601523
ENSMUSG00000049382	0.0082741582546355	0.1613074963062954
ENSMUSG00000113400	-0.4804639082058879	-0.7283388373366539
ENSMUSG00000111740	0.1417375353255574	-0.289284854510883
ENSMUSG00000021477	-0.0147143014613085	0.4930984764430528
ENSMUSG00000090758	-2.0	-2.0
ENSMUSG00000025103	-0.0586740517071166	0.4672768204709686
ENSMUSG00000042289	-0.1502134032781304	0.2264885465897482
ENSMUSG00000029755	-0.140418624061727	-0.1756641667885402
ENSMUSG00000117943	-0.4431214761161824	-0.5063590679779341
ENSMUSG00000111852	-0.3538382912619534	-0.3736173346076305
ENSMUSG00000042268	-0.2735161618382683	-0.3523530121571552
ENSMUSG00000114828	-0.3337284391423945	-0.309261125316646
ENSMUSG00000020532	-0.0731263307685799	-0.3545280156214555
ENSMUSG00000062511	-0.3413547098898752	-0.1996856553986679
ENSMUSG00000085180	-2.0	-2.0
ENSMUSG00000032555	-0.0416562341990323	0.4739176933143661
ENSMUSG00000030385	-0.2587416928923228	-0.641445012011481
ENSMUSG00000073862	-0.2888713061153373	-0.1675686285540543
ENSMUSG00000028960	-0.0116104242423213	0.4686910846559383
ENSMUSG00000115354	-0.1705198429226127	0.0205531089269126
ENSMUSG00000120277	-0.2242314437087249	0.5539497427384528
ENSMUSG00000028378	-0.1172406763684322	0.3962133001079591
ENSMUSG00000078780	-0.4590431914492015	-0.5996668248587714
ENSMUSG00000020108	0.123190095451645	0.381313673105942
ENSMUSG00000027544	-0.139236533404764	-0.0255109666963265
ENSMUSG00000113632	-0.4381421237333781	-0.4557312339067706
ENSMUSG00000070331	-0.1807949463351359	-0.230327188325742
ENSMUSG00000042940	-0.3752733152247222	-0.3707390651548026
ENSMUSG00000117489	-0.0031216089524311	-0.1706541766309783
ENSMUSG00000113913	-0.4998335340360899	-0.3854754250973886
ENSMUSG00000118599	-0.2233941098034404	-0.3835847978907384
ENSMUSG00000094821	-2.0	-2.0
ENSMUSG00000087106	-1.1360853559571908	-0.394327629297303
ENSMUSG00000110354	-0.3364089339198045	-0.3079803490345145
ENSMUSG00000096553	-0.7113126756021313	-0.295472360052566
ENSMUSG00000020583	-0.2284704289104036	0.4190515413868773
ENSMUSG00000050910	-0.0135904481757974	0.4407463485026112
ENSMUSG00000032966	0.0239952703137893	-0.8743782863322119
ENSMUSG00000024824	-0.0231272562521268	0.2764778888561927
ENSMUSG00000107667	-0.4426162467011477	-0.2330819102675165
ENSMUSG00000113851	-0.1486171306035777	-0.5179371890781342
ENSMUSG00000023912	-0.0539468403952064	0.396549780738378
ENSMUSG00000029156	-0.1933673742761507	0.178847099718872
ENSMUSG00000020175	-0.8484155381051747	-2.0
ENSMUSG00000005804	-0.1414796452022357	0.4139666232811673
ENSMUSG00000037167	-0.2671941776649896	-0.5864692325794154
ENSMUSG00000029320	-0.2974724474892739	0.5017035127808614
ENSMUSG00000051176	-0.0075335265087483	0.1581217538591461
ENSMUSG00000121370	-0.4625079951680922	-0.9307501220800616
ENSMUSG00000027166	-0.1982270565458359	-2.0
ENSMUSG00000034781	-0.029651542829274	0.449706980025247
ENSMUSG00000001366	-0.0598879159078479	0.3844487584642539
ENSMUSG00000082534	-0.4379560278413883	-0.3670625161308393
ENSMUSG00000020720	-0.0109451426768624	0.4085465775299943
ENSMUSG00000031691	-0.072880943367657	0.2538132395079073
ENSMUSG00000001542	-0.0358113905382018	0.2173384180228265
ENSMUSG00000115824	-0.4191094500807829	-0.5785134142931373
ENSMUSG00000110444	-0.0423975012185821	0.3865538954239197
ENSMUSG00000041453	-0.0135980659393718	0.1904622470813847
ENSMUSG00000031657	-0.0400962206743083	0.3215802050402929
ENSMUSG00000028878	-0.0342408966153226	0.4281973408939976
ENSMUSG00000103770	-0.3861042909110803	-0.3868648458306826
ENSMUSG00000089796	-0.3068424026373029	-0.1830218867307072
ENSMUSG00000024049	-0.3262545825052853	-0.3441641604077598
ENSMUSG00000055013	-0.0297142268849932	0.5108039012174663
ENSMUSG00000103924	-0.6667826500617668	-0.496466157575251
ENSMUSG00000111715	-0.6293236596859715	-0.539368526049272
ENSMUSG00000055782	-0.362082790938705	-0.0448259153868361
ENSMUSG00000058799	-0.0056424558617725	0.2840330313476421
ENSMUSG00000110660	-0.2526853171239118	-0.2466943040885613
ENSMUSG00000062380	-0.0281262944722289	0.3369409936065469
ENSMUSG00000102795	-0.8174470345302774	-2.0
ENSMUSG00000022041	-0.6001325329690452	-0.7629522136675256
ENSMUSG00000099807	-2.0	-2.0
ENSMUSG00000055980	-0.3421123233039618	0.27617231592906
ENSMUSG00000108480	-0.2454402265878664	0.1388326246000504
ENSMUSG00000073568	-0.1259264602069017	0.2111114599746748
ENSMUSG00000101104	-0.0293992240774378	0.0323618951977343
ENSMUSG00000100402	-0.3867916743327033	-0.5064261897506653
ENSMUSG00000121510	-0.4140430596007743	-0.1733971052768415
ENSMUSG00000024448	-0.3428848422541994	-0.5112916124657072
ENSMUSG00000101608	-0.5305621880139205	-0.245433822380963
ENSMUSG00000117254	-0.3046246335972796	-0.2988302287780154
ENSMUSG00000111131	-0.074755688486316	-0.311631442010794
ENSMUSG00000073968	-0.2401418627289341	0.4154691627655794
ENSMUSG00000107826	-0.6068735362389367	-0.5815637999767165
ENSMUSG00000107900	-0.4404639395455737	-0.3479594995156387
ENSMUSG00000029377	-0.4958984788043056	-0.3954465129499543
ENSMUSG00000022249	-0.2421384930626492	-0.120513488568907
ENSMUSG00000025246	-0.234510563465583	0.4604371561859061
ENSMUSG00000019845	-0.073182662015094	0.4687250318660929
ENSMUSG00000037110	-0.1834819006401647	0.511108155430835
ENSMUSG00000118215	-0.3748100332361906	-0.7121265950088236
ENSMUSG00000086147	-2.0	-2.0
ENSMUSG00000020607	-0.3202437083341007	-0.1309029324305774
ENSMUSG00000116572	-0.1184528413508179	-0.1660159721964389
ENSMUSG00000044724	-0.2416157856280164	0.0099709727487715
ENSMUSG00000013076	-0.1312658911094841	-0.4015159047169465
ENSMUSG00000036053	-0.1670928685990849	0.4562016990242259
ENSMUSG00000111567	-0.9050739914061976	-0.614265458687246
ENSMUSG00000098176	-0.0434812966620715	0.3065794159212798
ENSMUSG00000086346	-0.0322358663216463	0.2310718147827135
ENSMUSG00000002384	-0.1041539747326355	0.3569558961814739
ENSMUSG00000049843	-0.6507345202418249	-1.0498806985246565
ENSMUSG00000107809	-0.4748381177669541	-0.3200245834506167
ENSMUSG00000074259	-0.1950067269260222	-0.0799025651136217
ENSMUSG00000090714	-0.3148172042213921	-0.3389699385089822
ENSMUSG00000093577	-0.4141829568124908	0.5319206508179909
ENSMUSG00000024212	-0.0314251588523807	0.4238613163970861
ENSMUSG00000028920	-0.0136505873339679	0.4368128064498155
ENSMUSG00000094081	-2.0	-2.0
ENSMUSG00000048377	-0.3838678562462819	-0.4157875442685042
ENSMUSG00000070883	-0.2245665093463315	0.3985295539676836
ENSMUSG00000103991	-0.5090809797067879	-0.441202660109634
ENSMUSG00000023978	-0.1775580875079001	-0.0732293361372687
ENSMUSG00000063406	-0.092419791698203	0.5571625168501284
ENSMUSG00000107509	-0.2449680358958372	-0.3576456996776809
ENSMUSG00000024653	-0.364416537752429	-0.5348691719545996
ENSMUSG00000113909	-0.4066168922999733	-0.5983757862332437
ENSMUSG00000003436	-0.028939681611983	0.0285891446060061
ENSMUSG00000056586	-0.2972922584617726	-0.2893915587987634
ENSMUSG00000026580	-0.3215001949575526	-0.3005277206498281
ENSMUSG00000108623	-0.4427288970992185	-0.6732963327183548
ENSMUSG00000039296	-0.3142417853835328	-0.4505697690039262
ENSMUSG00000032705	-0.0869911854874064	0.4780805642978408
ENSMUSG00000086319	-0.3008683813323785	-0.3880843495691441
ENSMUSG00000115198	-0.4810764372935788	-0.3943747931889363
ENSMUSG00000120294	-0.0924497731937447	0.0883790129417921
ENSMUSG00000032948	-0.5206902131468805	-0.4784814212950745
ENSMUSG00000019467	0.0038513074514652	0.1080194454361021
ENSMUSG00000032478	-0.0769798198997662	0.3913092159664577
ENSMUSG00000112023	-0.4439298606749068	-0.4966383776010643
ENSMUSG00000033653	-0.1040343178362532	0.4820381923839673
ENSMUSG00000110206	-0.4569003945522207	-0.0137550216040642
ENSMUSG00000113726	-0.2046385270211674	-0.1938269476395749
ENSMUSG00000112424	-0.3552150978554502	-0.3801750404324429
ENSMUSG00000032519	-0.1442325739737535	0.4117530038106797
ENSMUSG00000032826	-0.3052756715672004	-0.0129353724502013
ENSMUSG00000121497	-0.4963176998725352	-0.4484448569350758
ENSMUSG00000010406	-0.1247537086735641	0.2459127253441508
ENSMUSG00000096188	-0.0188897025686439	0.2999368046188426
ENSMUSG00000097494	-0.2837461741039634	0.4098682277899306
ENSMUSG00000106525	-0.3357442858378256	-0.3481349027654477
ENSMUSG00000035086	-0.0045396989773142	0.3492825796338843
ENSMUSG00000015711	-0.0336520146282846	0.3174206048718774
ENSMUSG00000085470	-0.123495342571723	0.2821079955024297
ENSMUSG00000085580	-0.6475212589847418	-0.4300734483178947
ENSMUSG00000086283	-0.0527015873123221	-0.0270413694067031
ENSMUSG00000051354	-0.4484482719209143	-0.6322654200178842
ENSMUSG00000029780	-0.1155332840447712	0.5345205646172436
ENSMUSG00000015747	-0.129090570601477	0.473798966070791
ENSMUSG00000120221	-0.3269910799330592	0.4604425717905013
ENSMUSG00000020705	-0.0559874098341071	0.4919301073725784
ENSMUSG00000002908	-0.0736339868487494	-0.2017848339306145
ENSMUSG00000093685	-1.2697346647093637	-0.9583823296241076
ENSMUSG00000023909	0.1188603560334863	0.0557105771617414
ENSMUSG00000073902	-2.0	-2.0
ENSMUSG00000050089	-0.7773871997763232	-0.7221616211863008
ENSMUSG00000047084	-0.1880514471029748	0.3781925165063357
ENSMUSG00000114430	-0.2466017279076288	-0.2003461821747789
ENSMUSG00000012483	-0.3201447426312081	0.4616893703259962
ENSMUSG00000057396	-0.1975364785657899	0.493786958512174
ENSMUSG00000078606	-0.4762207672959238	-0.523245154817823
ENSMUSG00000093866	-0.5917700439341295	-0.7225466554830287
ENSMUSG00000028010	-0.0679883756264682	0.3686208005645114
ENSMUSG00000030307	-0.3684600474402096	-0.261816293110118
ENSMUSG00000052468	-0.4069426625408375	-0.3107550730190825
ENSMUSG00000038685	-0.0236790055027211	0.3394558140435124
ENSMUSG00000014859	-0.0641970913683752	0.2532788674530212
ENSMUSG00000072780	-0.5834263891476439	-0.4529163107781873
ENSMUSG00000032096	-0.0310459341126199	0.4434842256551946
ENSMUSG00000000214	-0.2878046935658824	-0.3546569327486071
ENSMUSG00000033578	-0.6301765555269668	-0.5955753282997482
ENSMUSG00000014243	-0.1238812730218765	0.489521435240262
ENSMUSG00000107640	-0.092438597053797	0.1039336478994489
ENSMUSG00000114815	-0.4475271995372384	-0.2942125524194097
ENSMUSG00000074385	-0.1700774607546209	-0.360387623422196
ENSMUSG00000087060	-0.1710668545489445	0.5117510480449321
ENSMUSG00000110042	-0.899432481521227	-0.762819330956826
ENSMUSG00000086449	-0.2167595114857641	-0.2566329330728652
ENSMUSG00000099759	-0.078082967554338	0.3978176941232368
ENSMUSG00000004451	-0.0412947193732327	0.4237117121266378
ENSMUSG00000021214	-0.5038306174021729	-0.4067538189981852
ENSMUSG00000121314	-2.0	-2.0
ENSMUSG00000029664	-0.4288772206034528	-0.5200310235179719
ENSMUSG00000112469	-0.3113798080026211	-0.3337336836340616
ENSMUSG00000025995	-0.0311077933695366	0.4571385720105068
ENSMUSG00000029822	-0.1689844315004015	0.4054426696249942
ENSMUSG00000093927	-1.4286219633970572	-1.2828472982159806
ENSMUSG00000103428	-0.5219532372435496	-0.5570573347899236
ENSMUSG00000112135	-0.4542237030813904	-0.4444656730591478
ENSMUSG00000108677	-0.1056554653708564	0.1398199176153017
ENSMUSG00000071816	-0.8389389877068414	-0.6543518977013145
ENSMUSG00000035933	-0.1186724158994486	0.5103921759998291
ENSMUSG00000001833	-0.068216581349898	0.5338177979343116
ENSMUSG00000025239	-0.0823161879899337	0.4220541094826828
ENSMUSG00000053720	-2.0	-2.0
ENSMUSG00000021127	-0.1559563409411532	0.2952829014394975
ENSMUSG00000103827	-0.8128413214143757	0.2479246815497145
ENSMUSG00000099408	-2.0	-2.0
ENSMUSG00000071716	-0.1646974870313832	-0.1524406660066398
ENSMUSG00000050288	-0.0413744886006484	0.300532008786707
ENSMUSG00000105556	-0.1409550590215596	0.0131703652082805
ENSMUSG00000025781	-0.0472794127340129	0.42673079296728
ENSMUSG00000084915	-0.0290067201763045	0.2867357296510381
ENSMUSG00000121833	0.0308994557437451	-0.103035740840496
ENSMUSG00000096668	-2.0	-2.0
ENSMUSG00000002550	-0.012159248088535	0.2662542812978081
ENSMUSG00000033981	-0.4520880152796074	-0.4003040203809189
ENSMUSG00000102871	-0.5094168109200463	-0.5258366997621503
ENSMUSG00000061244	-0.3627595109469343	0.4674535965214119
ENSMUSG00000005802	-0.2702159720995029	0.0581050442480456
ENSMUSG00000114595	-0.3842668342636183	-0.4052888628714235
ENSMUSG00000121086	0.0594896535159762	0.0935510436221493
ENSMUSG00000036940	-0.0058661961402976	0.3122878208109165
ENSMUSG00000043872	-0.0756586763004293	0.4067067132080646
ENSMUSG00000057981	-0.4638192042786894	-0.6383983920777015
ENSMUSG00000079227	-1.0840275692171049	-2.0
ENSMUSG00000112843	-0.36936346965562	-0.7753882173239027
ENSMUSG00000026875	-0.0684348402979308	-0.0409569850432141
ENSMUSG00000099687	-0.5437160957745125	-0.5592767602004817
ENSMUSG00000073532	-0.2736235459277419	-0.0083114254603479
ENSMUSG00000055371	-0.0629230453629843	0.4246278430815662
ENSMUSG00000026796	-0.0137989542514552	0.3027823083363559
ENSMUSG00000022199	-0.2705928508755384	0.1188467469782807
ENSMUSG00000028943	-0.0515679608960981	0.3671515868045168
ENSMUSG00000028578	-0.1088522999469934	0.4092695148182711
ENSMUSG00000101523	-0.1526346672492579	-0.3085696203489945
ENSMUSG00000031209	-0.6944887450197831	-0.7130919551280221
ENSMUSG00000081612	-0.5942808155684361	-0.8119690292010598
ENSMUSG00000098760	-0.2119818896187169	0.3059140396386779
ENSMUSG00000036921	-0.3372463224594249	-0.0207886301434189
ENSMUSG00000005069	-0.0863927514441894	0.4184265556076552
ENSMUSG00000039410	-0.2236827334868045	0.0397833702670771
ENSMUSG00000094805	-0.5802469475452815	-0.4422597130896988
ENSMUSG00000024907	-0.3273984678408392	-0.2645900275557409
ENSMUSG00000108622	-0.3879688661484592	-0.246729071234832
ENSMUSG00000030683	-0.1154099977383023	0.101762535104445
ENSMUSG00000035785	-0.3613306729687262	-0.2088607567316619
ENSMUSG00000060402	-0.1871963666842105	0.43612115641389
ENSMUSG00000075266	-0.0742433195607411	0.4524234448998351
ENSMUSG00000016018	-0.0170513437840216	0.4659755859518704
ENSMUSG00000014504	-0.25092428329169	0.4692280250935436
ENSMUSG00000110552	-0.3451731775546314	-0.3717568334178847
ENSMUSG00000001053	-0.0653026268480073	0.2501129598309671
ENSMUSG00000104846	-0.3752475529175606	0.3474307209221728
ENSMUSG00000039809	-0.3212098394933126	-0.3556238707060887
ENSMUSG00000015968	-0.3414715758208346	-0.0173405184272016
ENSMUSG00000024826	-0.0743632889892877	0.3856748974277865
ENSMUSG00000090357	0.447707376488464	-0.0920654361602636
ENSMUSG00000049470	-0.0175086897160328	0.4576224531426063
ENSMUSG00000028035	-0.1573795287808312	0.4781524921555201
ENSMUSG00000098066	0.0319473013901161	0.0373668082303018
ENSMUSG00000058093	-0.1002212881205635	0.241508129505212
ENSMUSG00000114710	-0.4925997020040941	-0.3888283732473933
ENSMUSG00000030811	-0.0312574863062614	0.2750209598382309
ENSMUSG00000073530	-0.468075776289872	-0.5489516325187195
ENSMUSG00000114150	-0.1455348472730451	0.0079535285262427
ENSMUSG00000104968	0.2054068430947451	0.1740103540977235
ENSMUSG00000063550	-0.0118027193121503	0.4775611169687382
ENSMUSG00000044441	-0.6121190579246935	-0.689882589155394
ENSMUSG00000086971	-0.4381995356676428	-0.438955173765455
ENSMUSG00000063842	-0.5376384544159419	-0.8518807049998972
ENSMUSG00000096311	-2.0	-2.0
ENSMUSG00000021932	-0.2193552538942731	0.3859453555652831
ENSMUSG00000031681	-0.0308850293549452	0.479449768402675
ENSMUSG00000034064	-0.0399827808440569	0.3619845603393531
ENSMUSG00000038902	-0.0834318338615805	0.4474327907746278
ENSMUSG00000104839	-0.4397036180706126	-0.6272649896899143
ENSMUSG00000033213	-0.4836225608541348	-0.109441839578149
ENSMUSG00000082306	-0.4938672132749685	-0.6852162897098194
ENSMUSG00000037348	-0.1381198444020339	0.2884383775422305
ENSMUSG00000117414	-0.1008538884217483	0.209543644864745
ENSMUSG00000108725	-0.31032469413623	-0.3215830592316171
ENSMUSG00000001865	-0.4546753141412951	-0.5422794426098766
ENSMUSG00000039200	-0.081336830836708	0.4987881528838062
ENSMUSG00000028273	-0.2156233831700018	0.4965840113301103
ENSMUSG00000056856	-0.3337632787383722	-0.1602880873758052
ENSMUSG00000102652	-0.29422195818718	-0.2689367024300397
ENSMUSG00000099372	-2.0	-1.3050983537109164
ENSMUSG00000009210	-2.0	-2.0
ENSMUSG00000080268	-0.0986835967492282	0.1249617536058957
ENSMUSG00000111389	-0.4324436237960328	-0.3486752824682173
ENSMUSG00000047454	-0.4460975639806044	-2.0
ENSMUSG00000102240	-0.58647426037153	-0.6578731349619148
ENSMUSG00000081154	-0.3790180513340958	-0.4152873521390588
ENSMUSG00000052102	-0.0720991567105842	0.4116321622929894
ENSMUSG00000073838	-0.1650764926239997	0.0186732920103205
ENSMUSG00000078925	-0.2227563594531291	-0.0612906876294044
ENSMUSG00000105715	-0.4599269222337156	-0.6488413064851208
ENSMUSG00000045009	0.0412931808423503	0.2675530827537144
ENSMUSG00000020308	0.0838536401400721	0.2007739154860316
ENSMUSG00000058586	-0.0548293189488471	0.4196455217313467
ENSMUSG00000040415	-0.1405899182184774	0.1629256704767416
ENSMUSG00000068647	-0.7551639271458604	-0.944661276864492
ENSMUSG00000031552	-0.4037960363003918	-0.4019862509124473
ENSMUSG00000024785	-0.0216411438434843	0.4808158176782068
ENSMUSG00000097237	-0.2350950740184507	-0.2751654791153339
ENSMUSG00000022337	-0.1264324960977494	-2.0
ENSMUSG00000037992	-0.0285484274692633	-0.0129959579424042
ENSMUSG00000056162	-0.282158807886376	-0.3467039167053481
ENSMUSG00000110613	-0.3276257600076543	-0.1951427004982087
ENSMUSG00000097840	-0.3454115263769709	0.4830732560184186
ENSMUSG00000045330	-0.6355304307692102	-0.559071910099511
ENSMUSG00000110167	-0.0565934401057833	-0.2378788008252158
ENSMUSG00000097486	-0.4008580429194161	0.1634357051588539
ENSMUSG00000068818	-0.4532065791890822	-0.673489227370653
ENSMUSG00000110493	-0.342368466883049	-0.5365573585738561
ENSMUSG00000097785	-0.2182749193414931	0.2730753853311635
ENSMUSG00000116066	-0.0871333061186683	-0.0621975527863688
ENSMUSG00000020899	-0.0369316200191281	0.2388015699359248
ENSMUSG00000027108	-0.0385021161684555	0.4989222711882754
ENSMUSG00000116117	-2.0	-2.0
ENSMUSG00000117417	-0.5533680937491164	-0.3990656374127638
ENSMUSG00000100570	-2.0	-2.0
ENSMUSG00000032875	-0.0123793115774254	0.4786233397226875
ENSMUSG00000078652	-0.1570681545122985	0.4610874482941857
ENSMUSG00000101731	-0.1932158271486239	-0.1439661742827033
ENSMUSG00000112728	-0.079780951557134	0.1053316615662083
ENSMUSG00000107948	-0.5829806070901259	-0.4505246932222089
ENSMUSG00000007038	-0.0579110516545026	0.318971896792318
ENSMUSG00000117964	-0.310412890787432	-0.1760843972570752
ENSMUSG00000027514	-0.1765032089697034	-0.1776089441198034
ENSMUSG00000096727	-0.174138507712579	0.221747251822361
ENSMUSG00000063687	-0.4759878626491932	-0.3486145889504197
ENSMUSG00000097127	-0.1160763642079688	-0.0152210937694704
ENSMUSG00000039710	-0.4975840516336619	-0.3433160394438968
ENSMUSG00000031523	-0.3053225124056259	-0.2675233782612812
ENSMUSG00000029381	-0.1589670614932203	0.2575648276074718
ENSMUSG00000037974	-0.3353155371053813	-0.3877376096009543
ENSMUSG00000039648	-0.0496206369250178	0.493378016323192
ENSMUSG00000041831	-2.0	-2.0
ENSMUSG00000089952	-0.2115801786727803	-0.364337947568274
ENSMUSG00000059864	-0.3615129394827794	-0.2819400213506609
ENSMUSG00000041740	-0.0390303320914984	0.4476720557770753
ENSMUSG00000085133	-0.2382116390882025	-0.2845468884065888
ENSMUSG00000110981	-0.3652126877702829	-0.205423569814378
ENSMUSG00000118342	-0.450067557326179	-0.5662669906896121
ENSMUSG00000117104	0.1169867561548114	-0.0372243131799794
ENSMUSG00000024240	-0.0353418128761125	0.5571593864726699
ENSMUSG00000073700	-0.107699212061301	0.4210953072032213
ENSMUSG00000043692	-0.4562407370957404	-0.3721114814427377
ENSMUSG00000044835	-0.1106655725360298	0.1055810286010937
ENSMUSG00000113816	-0.0118423489233035	0.1237001012686965
ENSMUSG00000040328	-2.0	-2.0
ENSMUSG00000061894	-0.0260233301025628	0.3239132510111558
ENSMUSG00000090655	-0.4596262219223697	-0.3062327883936203
ENSMUSG00000107215	-2.0	-1.4634993830433165
ENSMUSG00000075223	-0.5443874985445522	-0.8400107477531147
ENSMUSG00000021575	-0.3188447252476214	-0.1479492305921468
ENSMUSG00000027995	-0.1287448460885024	0.3839129815373397
ENSMUSG00000093848	-2.0	-2.0
ENSMUSG00000120650	-0.2433100456189418	-0.2788590604563369
ENSMUSG00000110097	-0.4772729020822887	-0.4008036340073877
ENSMUSG00000026365	-0.4667146036755142	-0.3724854434927046
ENSMUSG00000015879	-0.3028433945756685	-0.0963379897614757
ENSMUSG00000032093	-0.2407639453100291	0.0598342090263191
ENSMUSG00000054909	-0.2997190172642469	0.3258133690968003
ENSMUSG00000017639	-0.1147331135456841	0.1971608142134666
ENSMUSG00000095213	-0.3724747947638291	-0.173183899776629
ENSMUSG00000109450	-0.3770328858584627	-0.2163250569430765
ENSMUSG00000113126	-0.2022513307742663	-0.256221588868772
ENSMUSG00000001228	-0.0453290050986989	0.4431887989298287
ENSMUSG00000086955	-0.3667467249861532	-0.3644750373775709
ENSMUSG00000029255	-0.3335280720774993	-0.6167768985102479
ENSMUSG00000048312	-0.3097982475908076	-0.5057031699937743
ENSMUSG00000071650	-0.0816020322761249	0.3440730187052846
ENSMUSG00000110914	-0.2345449202870766	-0.3906372051112964
ENSMUSG00000056763	-0.0724789434156411	0.3253686844073462
ENSMUSG00000030402	-0.3015479834685104	0.244754755208798
ENSMUSG00000097823	-0.3150071468479238	0.2210248415673403
ENSMUSG00000100231	-2.0	-2.0
ENSMUSG00000112317	-0.6786870509434797	0.2843594360150925
ENSMUSG00000112491	-0.3443413000589465	-0.3396631087288169
ENSMUSG00000069814	-0.0101845677660732	0.1662980587725928
ENSMUSG00000032773	-0.1957326843837358	-0.3731402273496187
ENSMUSG00000107434	-0.2845243104998464	-0.3492750552970827
ENSMUSG00000079608	-0.3196325730069588	0.513977350131813
ENSMUSG00000029102	-0.3237678104328533	-0.1200255204723101
ENSMUSG00000039458	-0.0043254136087024	0.367136668132342
ENSMUSG00000090864	-2.0	-2.0
ENSMUSG00000052026	-0.0746895590288337	0.2375799278418165
ENSMUSG00000097911	-0.4401048605896658	-0.1635987817094474
ENSMUSG00000025190	-0.030110629325026	0.367776963870467
ENSMUSG00000087597	-0.2360317208968992	-0.1742064778403448
ENSMUSG00000005705	-0.0407830164011893	0.3134014744995486
ENSMUSG00000105978	-0.4697803938866951	-0.3912613639300994
ENSMUSG00000040811	-0.011065678881603	0.0092169426944723
ENSMUSG00000031953	-0.0481140814549039	0.3703639198196082
ENSMUSG00000040412	-0.2197400213966388	-0.1198833235086901
ENSMUSG00000101218	-2.0	-2.0
ENSMUSG00000111894	-0.4179250408983041	-0.5474416670569517
ENSMUSG00000112930	-0.3015699681590443	-0.282266603730451
ENSMUSG00000000131	-0.013160306203488	0.5023129319594147
ENSMUSG00000042622	0.0605187985968864	0.0960621379337366
ENSMUSG00000113924	-0.2031816701701661	-0.3705390226175139
ENSMUSG00000038028	-0.0186068383953563	0.3875172481560502
ENSMUSG00000115664	-0.679393896159506	-0.641160933833413
ENSMUSG00000019866	-0.3275923326592394	-0.2700643738911574
ENSMUSG00000020435	-0.2411513648544732	0.2161453091110821
ENSMUSG00000026667	-0.0494731431036594	0.4822597090019876
ENSMUSG00000110397	-0.4212597337868187	-0.6230436936848335
ENSMUSG00000029919	-0.1933108429113834	-0.3542412336938607
ENSMUSG00000047227	-0.2292806524583354	0.4082213038198969
ENSMUSG00000030559	-0.4574800554274737	0.3164438249153528
ENSMUSG00000038244	-0.3364062954631894	0.2108426748576094
ENSMUSG00000101198	-2.0	-2.0
ENSMUSG00000100350	-2.0	-2.0
ENSMUSG00000114665	-0.1274951491130491	-0.2281590709280574
ENSMUSG00000099877	-0.3563564732889602	-0.5072817856683448
ENSMUSG00000099266	-0.8024206397878899	-0.6330418735410424
ENSMUSG00000032849	-0.0040827372131066	0.2700202586588958
ENSMUSG00000071644	-0.0182360113987694	0.2708888302052896
ENSMUSG00000086184	0.0827279391497566	0.1527939113199093
ENSMUSG00000108867	-0.5545723523021274	-0.8110798367827121
ENSMUSG00000041293	-0.4155437077840879	-0.3721851471090587
ENSMUSG00000035836	-0.5988260063157405	-0.6852873612589124
ENSMUSG00000009681	-0.0412880327981893	0.3826872488522778
ENSMUSG00000047799	-0.3840495277196072	-0.4043325191476848
ENSMUSG00000022375	-0.3062048352765718	-0.1038081195127439
ENSMUSG00000030270	-0.0772166399358718	0.2047259433883212
ENSMUSG00000102352	-0.2606997087624912	-0.4043387115083346
ENSMUSG00000037022	-0.1311717746340181	0.4971412113612841
ENSMUSG00000108851	-0.3233619836268611	-0.3689040087246261
ENSMUSG00000038679	-0.2007865864590627	0.4723365746437091
ENSMUSG00000073247	-2.0	-2.0
ENSMUSG00000101003	-2.0	-2.0
ENSMUSG00000041482	-0.436525559599318	-0.0014036472986519
ENSMUSG00000021609	-0.3437557155408466	0.018358835792065
ENSMUSG00000106767	0.0795892911094664	-0.0594741519387095
ENSMUSG00000101320	-0.1699127592981969	0.4351200442998503
ENSMUSG00000100127	-0.2481636011399242	-0.3266752852286978
ENSMUSG00000024188	-0.0315378794012906	0.4714803534290281
ENSMUSG00000079386	-0.0814850763978534	0.1153055665197796
ENSMUSG00000095730	-0.4736431443797312	-0.5940218365276381
ENSMUSG00000105681	-0.2589122494947767	-0.5679033793985223
ENSMUSG00000031065	-0.1317399559344182	0.2743624738750531
ENSMUSG00000054423	-0.4364951833150775	0.0727243836009856
ENSMUSG00000113884	-0.5417592247263607	-0.340588901483244
ENSMUSG00000039851	-0.2700184356829706	-0.2217329531933524
ENSMUSG00000042179	-0.3954072201876203	-0.2947125546142644
ENSMUSG00000115919	-0.5339323363666523	-0.4433364610994856
ENSMUSG00000121160	-0.2815888331827268	-0.0065080422936285
ENSMUSG00000059430	-0.3176967645007399	-0.1128051608216393
ENSMUSG00000025779	-0.352898825817341	0.4097908136544819
ENSMUSG00000032557	-0.0411100167168497	0.4239388808178817
ENSMUSG00000097891	0.3448550125040413	0.1924804742302894
ENSMUSG00000020090	-0.1582512157854972	-0.4023250158179627
ENSMUSG00000026285	-0.2976970132022081	-0.2821095767103682
ENSMUSG00000045282	0.1629316392578456	-0.0446599205866928
ENSMUSG00000092274	0.0010159284881757	0.0280804015688118
ENSMUSG00000004040	-0.0141967020721042	0.4889270359656226
ENSMUSG00000008438	-0.0365476530652356	0.0115673142976243
ENSMUSG00000026499	-0.0416283190831546	0.4925606514279784
ENSMUSG00000033963	-0.0366049146303983	-0.1012452084325235
ENSMUSG00000063146	-0.0358373306211992	0.181588593667909
ENSMUSG00000097402	-0.1414608775837371	0.4790256526639856
ENSMUSG00000099449	-0.5314993641077909	-0.4198951443177809
ENSMUSG00000056342	-0.0089357956384563	-2.0
ENSMUSG00000070332	-0.1366122980100461	-0.3654975394746023
ENSMUSG00000095423	-2.0	-2.0
ENSMUSG00000092188	-0.3954901277611286	-0.4095438535571462
ENSMUSG00000042608	-0.0276848522192655	0.4479743576995942
ENSMUSG00000031202	-0.524209433414063	-0.0491549607413873
ENSMUSG00000110505	0.0182654872031897	-0.1924055818246905
ENSMUSG00000041741	-0.4210457829757554	-0.1441369490324868
ENSMUSG00000106703	-0.359607418632926	-0.1231451610364633
ENSMUSG00000066798	-0.0670317459402713	0.4656421608597657
ENSMUSG00000062873	-0.6269441148137883	-0.4719975646972401
ENSMUSG00000121260	-0.2995363358185131	-0.3157666888652652
ENSMUSG00000040548	-0.0288704254871168	0.4078431510754539
ENSMUSG00000097451	-0.1696155041222123	-0.1998393398657335
ENSMUSG00000095032	-1.8118328309496845	-1.8666840441043704
ENSMUSG00000095765	-0.8049598281166127	-1.0208115012982588
ENSMUSG00000097472	-0.3312349401560748	-0.0950346585155316
ENSMUSG00000015149	-0.0723196839203316	0.387594466091013
ENSMUSG00000107064	-0.7450987340282115	-0.6595991184519191
ENSMUSG00000020608	-0.0759835416130606	0.5470110047344019
ENSMUSG00000036805	-0.2999809658651117	-0.1559396860078661
ENSMUSG00000006784	-0.0851453009739829	0.5081603105991764
ENSMUSG00000043833	-0.2834629692365498	0.2299540036154802
ENSMUSG00000104072	-0.6289848846100797	-0.476310255231655
ENSMUSG00000030321	-0.060157592804364	0.1911820822503931
ENSMUSG00000052861	-0.3223833761235168	0.1581256163778531
ENSMUSG00000024646	-0.0301423757765178	0.3887578329897188
ENSMUSG00000052676	-0.739259979412212	0.4864701515790133
ENSMUSG00000087107	-0.0899903379331559	-0.2748364552997869
ENSMUSG00000121790	-0.3896686626775638	-0.3828534500370894
ENSMUSG00000030170	-0.2765091917608051	-0.0520357434652284
ENSMUSG00000034205	-0.5948924564321594	0.1156642210958462
ENSMUSG00000043673	-0.3507919426257788	0.0945412110583723
ENSMUSG00000117519	-0.2277391868060303	0.5099988499147194
ENSMUSG00000050957	-0.3114872773934531	0.4274283291553464
ENSMUSG00000108754	-0.3219967063760267	-0.3914324216176584
ENSMUSG00000030471	-0.0419093685263771	0.482278592788919
ENSMUSG00000086108	-0.5378460543056862	0.4955867936537276
ENSMUSG00000021607	0.0737931085310949	0.2867218158038903
ENSMUSG00000106795	-0.3908883847419976	-0.2554052127643153
ENSMUSG00000040599	-0.1078129803689273	0.4337196032236909
ENSMUSG00000004865	-0.0262621602226948	0.4098648475481199
ENSMUSG00000085034	-0.6053609825295349	-0.2046863939109796
ENSMUSG00000117809	-0.2812358208465995	0.4818792833638051
ENSMUSG00000061959	-0.4275494262030361	-0.3745225073336083
ENSMUSG00000055024	-0.2633441141272811	0.4164620938054068
ENSMUSG00000025353	-0.119030318335099	0.3716972254285571
ENSMUSG00000029227	-0.0323050998570408	0.3454760669070864
ENSMUSG00000086997	-0.1263482513786402	0.4084655362763906
ENSMUSG00000118397	-0.2786283511151322	-0.5272513885259812
ENSMUSG00000114851	-0.4005250072210357	-1.7188975149423928
ENSMUSG00000086042	-0.612318013127508	-0.8855413457520092
ENSMUSG00000051951	-0.5031101871328824	-0.1517021074043187
ENSMUSG00000043029	-0.2863903572662986	-0.403422783421491
ENSMUSG00000094288	-0.8553778514163147	-0.7761536290200457
ENSMUSG00000031079	-0.6761642125817381	-0.2444327642185939
ENSMUSG00000020364	-0.0898770838465375	0.3002640938290219
ENSMUSG00000099645	-2.0	-2.0
ENSMUSG00000037577	-0.1857308232993606	0.093234688140036
ENSMUSG00000062082	-0.4311583393451722	-0.3437392316309566
ENSMUSG00000026000	-0.0675730158226729	0.3536789286540945
ENSMUSG00000053338	-0.1388740299043975	0.1224655667807544
ENSMUSG00000036167	-0.0345401516468296	0.4817108622413108
ENSMUSG00000090637	-0.2909058281445438	-0.2313320096666678
ENSMUSG00000111962	-0.375881956101559	-0.2354151803064773
ENSMUSG00000044712	-0.1143371405577266	0.4151082923656893
ENSMUSG00000112550	0.223456481452402	-0.0049343237743042
ENSMUSG00000026347	-0.3373722873298472	-0.4564526765717486
ENSMUSG00000118149	-0.1633325095984934	-0.2899039861086022
ENSMUSG00000030495	-0.3159309602077015	-0.3127445431401295
ENSMUSG00000084999	-0.3683158120494551	0.3774745440023282
ENSMUSG00000116619	-0.5501960714088734	-0.5494716469602919
ENSMUSG00000027811	-0.420291611412992	0.515189555906911
ENSMUSG00000063089	-0.2906830495462153	-0.5556371608021031
ENSMUSG00000004568	-0.082978628318533	0.0459879963187767
ENSMUSG00000035495	-0.0599884267725904	0.4763425909061178
ENSMUSG00000003363	-0.0327019085818804	0.3160391557494174
ENSMUSG00000120703	-0.6358130640786728	-2.0
ENSMUSG00000036172	-0.4317041498704919	-0.3835058123753283
ENSMUSG00000111662	0.1361973234809385	0.06805221211227
ENSMUSG00000079521	-1.0434975218755953	-0.7047918305349928
ENSMUSG00000034826	-0.0529829300473367	0.4258526515600163
ENSMUSG00000073678	-0.1976531188849033	0.5053274599190527
ENSMUSG00000095532	-0.4194111911764845	-0.1978963572080477
ENSMUSG00000006057	-0.118416788782829	0.4732688191642898
ENSMUSG00000100135	-0.422814083342845	-0.386699745904868
ENSMUSG00000101909	-2.0	-0.4170505349838515
ENSMUSG00000049184	-0.1396428249921398	0.4689729136508209
ENSMUSG00000109162	-0.340222948504264	-0.4151050112700704
ENSMUSG00000089712	-0.4622171605880812	-0.2867490989995663
ENSMUSG00000034206	-0.0884191737406257	0.4928625967934542
ENSMUSG00000110201	-0.4378770790689358	-0.4398142241135792
ENSMUSG00000090338	-0.3862782332883875	-0.5003313615452302
ENSMUSG00000120095	-0.1438119284139954	-0.0722993702208035
ENSMUSG00000040133	-0.3497725421121311	0.3634604203967144
ENSMUSG00000014355	-0.045920719446801	0.4707602556011486
ENSMUSG00000097487	-0.3913009249226969	0.4415257827515194
ENSMUSG00000058441	-0.0691931433553301	0.4031939845424335
ENSMUSG00000102563	-0.1242075373402128	0.294270992267787
ENSMUSG00000111494	-0.3940460447096168	-0.3213448898001155
ENSMUSG00000102623	-0.4354546556229868	-0.7660586142683978
ENSMUSG00000073125	-0.6249562509835355	-0.5129475865564721
ENSMUSG00000063193	-0.2777240243672736	-0.4358956866423316
ENSMUSG00000020651	-0.3850701076987509	-0.1634520840537191
ENSMUSG00000100375	-0.2217865934952582	-0.2567546866567599
ENSMUSG00000039552	-0.2809665223112388	0.1378578160007219
ENSMUSG00000053251	-0.3403075619872521	-0.2784041952885913
ENSMUSG00000022125	-0.1539157431246775	0.4434967392997768
ENSMUSG00000075370	-0.2094990093487207	-0.229495120982989
ENSMUSG00000121866	-0.2640941689749853	0.5801594415299037
ENSMUSG00000052565	0.0233183192057228	-1.1329166525151575
ENSMUSG00000116736	-0.2851050193091667	-2.0
ENSMUSG00000067973	-0.4967575000687304	-0.4521064888779143
ENSMUSG00000093880	-2.0	-2.0
ENSMUSG00000030207	-0.1744767773124229	0.3586245605891587
ENSMUSG00000082574	-0.3686993282084553	-0.5608815372455166
ENSMUSG00000030206	-0.0856745112493282	-0.1273884522674105
ENSMUSG00000049553	-0.0151530015902266	0.4291528953770945
ENSMUSG00000100300	-2.013078750899311	-1.6061265958506166
ENSMUSG00000090383	-0.354150524321757	-0.6319764499118165
ENSMUSG00000020527	-0.0430696287226547	0.4984682498818517
ENSMUSG00000042184	-0.1797758079942316	-0.0412677969836641
ENSMUSG00000107606	-0.589354576024226	-0.5934421415857545
ENSMUSG00000091583	-0.3247855075400953	-0.2983524332392354
ENSMUSG00000115376	-0.6638069287622393	-0.609551716701767
ENSMUSG00000042417	-0.2294650654407547	0.2615286946293891
ENSMUSG00000086472	-0.0471887718260651	-0.0611278787870853
ENSMUSG00000020721	-0.0053608759688683	0.339099092544359
ENSMUSG00000033706	-0.0420429283608017	0.3999757193104618
ENSMUSG00000025626	-0.2365760498872689	0.3671452464314609
ENSMUSG00000028152	-0.0400396399266487	0.3533079081516156
ENSMUSG00000101243	-2.0	-2.0
ENSMUSG00000057464	-0.375949452059157	-0.3433834658612251
ENSMUSG00000091859	-0.6159686172737378	-0.9513175754089224
ENSMUSG00000033316	-0.234115469107524	0.2671355748170257
ENSMUSG00000113650	-0.0704698069661015	-0.3019419285391418
ENSMUSG00000019883	-0.1936334551866267	0.4903442538770673
ENSMUSG00000092124	-0.5427102367658465	0.5300490141564563
ENSMUSG00000075075	-0.6756243563400727	-0.7101333483114479
ENSMUSG00000024365	-0.3591204269790681	-0.1700616559556307
ENSMUSG00000030869	-0.0023213298084885	0.2307977496397276
ENSMUSG00000049625	-0.2862343508815658	-0.5848426169819096
ENSMUSG00000029319	-0.0405480832719792	0.4271763447378638
ENSMUSG00000020904	-0.2771059077326048	0.3655520011694756
ENSMUSG00000107868	-0.1713903659718969	0.5320592064571449
ENSMUSG00000062046	-0.2807390014750069	-0.4662864190221061
ENSMUSG00000067996	-0.2245918572903033	-0.2768927242293719
ENSMUSG00000062627	-0.0598735591116118	0.5392537968230509
ENSMUSG00000097543	-0.0687836519840684	0.2776953771152377
ENSMUSG00000036315	-0.3696221683464052	0.3065905640677209
ENSMUSG00000041977	-0.06424170190317	0.4746206400141957
ENSMUSG00000085114	-1.0789717581787868	-0.5213273244506585
ENSMUSG00000026121	-0.0504125074695135	0.089981018068572
ENSMUSG00000103917	-2.0	-2.0
ENSMUSG00000097502	-0.1120531659528282	0.1763528571546354
ENSMUSG00000087568	0.2815265002726775	-0.2081041093951872
ENSMUSG00000112326	-0.171890988617838	0.3340176292657392
ENSMUSG00000102692	-0.4074306668193278	-0.2312059802521673
ENSMUSG00000074521	-2.0	-2.0
ENSMUSG00000068009	-0.371362826654593	-0.3004675144245993
ENSMUSG00000031557	-0.0775186872309026	0.3085204483564405
ENSMUSG00000060188	-0.0270000510976096	0.0808576403145047
ENSMUSG00000110823	-0.370584691899362	-0.3486014084706654
ENSMUSG00000094808	-0.4565956923050994	-0.5238065199928006
ENSMUSG00000082030	-0.3901572496169636	-0.2249667133562814
ENSMUSG00000033427	-0.3309568018739118	-0.130873932317419
ENSMUSG00000030527	-0.250798922730582	0.3077210425697314
ENSMUSG00000059027	-0.5801816291864531	-0.1488510705722082
ENSMUSG00000096218	-0.1522748710400473	-0.0154428946265731
ENSMUSG00000031148	-0.08049504379075	0.4189191410910788
ENSMUSG00000101910	-2.0	-2.0
ENSMUSG00000002307	-0.2382701187411874	0.3616432347657718
ENSMUSG00000083050	-0.3842597011806936	-0.5983258365060833
ENSMUSG00000029813	-0.351550016426623	-0.2663189547475878
ENSMUSG00000031066	-0.1519869773752871	0.3078531677763718
ENSMUSG00000085375	-0.3153370085391209	-0.4238151161479095
ENSMUSG00000118120	-0.4181062951878154	-0.4928541459532503
ENSMUSG00000019518	-0.0348083683236601	0.3049607587997078
ENSMUSG00000117752	-0.3298417570421755	-0.3086813470223057
ENSMUSG00000040938	0.2796934023600807	-0.2004136956285176
ENSMUSG00000018844	-0.0163461137292893	-0.3713371931466966
ENSMUSG00000000031	-0.2719786819506393	-0.2907410661724924
ENSMUSG00000099836	-2.0	-2.0
ENSMUSG00000114303	-0.307190433416322	-0.5423069943426597
ENSMUSG00000085037	-0.1834716963727652	0.4651617809451897
ENSMUSG00000022827	-0.1413612784133912	0.4718351193779607
ENSMUSG00000101750	-0.4273040090368675	-0.3263140529445985
ENSMUSG00000037896	-0.0224844487378219	0.4677016131016052
ENSMUSG00000079180	-0.4536278799386883	-0.3793000408974049
ENSMUSG00000022682	-0.0331662951886171	0.4194025377685536
ENSMUSG00000028453	-0.2729787436218153	0.3521933270839565
ENSMUSG00000117608	-0.3682947183423471	-0.0797853353168435
ENSMUSG00000109245	-0.3003826846593956	-0.1122491690156523
ENSMUSG00000047898	-0.2908664560577507	-0.1741172368046758
ENSMUSG00000118273	-0.5058092162826151	-0.3819793222628909
ENSMUSG00000105568	-0.2867353487736242	-0.6615459368575535
ENSMUSG00000030030	-0.0559153831815652	0.1436387984838964
ENSMUSG00000038240	-0.0610905853534776	0.5335847300824332
ENSMUSG00000107193	-0.4532419699974466	-0.5229323115697614
ENSMUSG00000089824	-0.045343853218294	0.451212419324303
ENSMUSG00000101133	-0.0882985582517551	-0.07924834104174
ENSMUSG00000107246	-0.3130282204358938	-0.3456488124907309
ENSMUSG00000066036	-0.0136602677381358	0.4143133873143412
ENSMUSG00000113741	-0.5115973636789423	0.3043359120990782
ENSMUSG00000041731	-0.399733434128449	-0.2827258675388565
ENSMUSG00000022438	-0.0080352772423632	0.3629647562909125
ENSMUSG00000023192	-0.1295950411776855	0.107033841097434
ENSMUSG00000045128	0.1022154744855837	0.1477603930425859
ENSMUSG00000028675	0.0033017788046717	0.2338841087658856
ENSMUSG00000000686	-0.2109716723870774	-0.0055999564769483
ENSMUSG00000079395	-0.6837052926841891	-0.5607326921518268
ENSMUSG00000020869	-0.0280225161288114	0.3724855962413431
ENSMUSG00000030583	-0.0077998049054844	0.0149813016219373
ENSMUSG00000118373	-0.2637329287952588	-0.2165153597505227
ENSMUSG00000050377	-0.3057292049244421	-0.3335771253738236
ENSMUSG00000024079	-0.0507962431453054	0.3972793788535926
ENSMUSG00000112793	-0.384704090736927	-0.2423126664394602
ENSMUSG00000023156	-0.0710115967982272	0.4204947316838242
ENSMUSG00000046814	-0.069653900751877	0.2429123084371091
ENSMUSG00000026833	-0.2065070203174566	0.219082413768765
ENSMUSG00000035671	-0.0635750355823034	0.468175055647284
ENSMUSG00000029151	-0.2416106344514781	-0.3185264772074046
ENSMUSG00000041596	-0.4034288528696618	-0.5493565404197687
ENSMUSG00000108265	-0.3938790531439131	-0.6816492905968841
ENSMUSG00000100057	-2.0	-2.0
ENSMUSG00000101388	-1.6599725317173393	-2.0
ENSMUSG00000113833	-2.0	-2.0
ENSMUSG00000022991	-0.1554444222277131	-0.2753350785258528
ENSMUSG00000113039	-2.0	-2.0
ENSMUSG00000121890	-0.258779045680251	-0.5097301770009145
ENSMUSG00000018809	-0.0772534763814873	0.4462814234345576
ENSMUSG00000120883	-2.0	-2.0
ENSMUSG00000086401	-0.153678725678545	0.4141691590749944
ENSMUSG00000069227	-0.1415444959730311	-0.2752596018834869
ENSMUSG00000103373	-0.4282681151014514	0.1839732579607803
ENSMUSG00000097104	-0.1936908426228236	0.2924360889890696
ENSMUSG00000106414	-0.3727089222437881	-0.5992682013800792
ENSMUSG00000031150	-0.1127286978785745	-0.1297796843953852
ENSMUSG00000104345	-2.0	-2.0
ENSMUSG00000001642	-0.0416439016149491	0.4226768213428211
ENSMUSG00000041735	-0.4419392751426749	-0.4681013231149348
ENSMUSG00000120218	-0.1084384588853037	-0.0407686096164471
ENSMUSG00000030413	0.0195257887152865	0.0743233755354336
ENSMUSG00000117958	-0.1989728417296309	0.0062452875386615
ENSMUSG00000020787	-0.2961905296204852	-0.1132723387683543
ENSMUSG00000005232	-0.3574525858981036	-0.2305622609684413
ENSMUSG00000005947	-0.1210533093519167	-0.2087154904010078
ENSMUSG00000040740	-0.3691518662270941	0.231837819985992
ENSMUSG00000044454	-0.5772665351735605	-0.7452986780555539
ENSMUSG00000085866	-0.6580982716250242	-0.2832428245396845
ENSMUSG00000039059	-0.1594222117200937	0.0823310258148381
ENSMUSG00000115610	-0.6249209464937532	-0.524144123285249
ENSMUSG00000100444	-0.3551564548328123	-0.4513428392472571
ENSMUSG00000022174	-0.1053513640925528	0.3273078379121372
ENSMUSG00000106547	-0.2336346006642393	-0.094608282427249
ENSMUSG00000038997	-0.3748930127480013	-0.3937812032473118
ENSMUSG00000110477	-0.0070773783008066	-0.2635685961931299
ENSMUSG00000112139	-0.3549677882287968	-0.3080963383589447
ENSMUSG00000022450	-0.0414129932430055	0.2865552638721917
ENSMUSG00000024293	-0.0554444909290194	0.5390487348679922
ENSMUSG00000121045	-0.2762034297937453	0.4168291598226731
ENSMUSG00000020605	-0.0072691777706469	0.3337204615575634
ENSMUSG00000039990	-0.0322865741268713	0.5265961589716606
ENSMUSG00000037145	-0.4251028600361985	-0.4374295137981272
ENSMUSG00000037990	-0.3322777746293973	0.0674960108495591
ENSMUSG00000090657	-2.0	-2.0
ENSMUSG00000086959	-0.5476124138094277	-0.9757383513811596
ENSMUSG00000087305	-0.3243539825400083	0.3808481016820048
ENSMUSG00000117446	-0.216992505471523	0.155630650356828
ENSMUSG00000013367	-1.0830223712754767	-2.0
ENSMUSG00000027583	-0.1121315340739171	0.4045210488539743
ENSMUSG00000023988	-0.0257566118698899	0.3123271748903173
ENSMUSG00000107560	-0.0381922475042388	-0.0200746720072853
ENSMUSG00000097099	-0.003959127001394	0.2538166287095862
ENSMUSG00000023235	-0.0517356392191339	0.3438279138684597
ENSMUSG00000021268	-0.1560999058293896	0.1758346020518262
ENSMUSG00000105895	0.1644028265210798	-0.0311401726925797
ENSMUSG00000092036	-2.0	-2.0
ENSMUSG00000104709	-0.560494886010079	-0.7016408597037118
ENSMUSG00000025277	-0.1080870594776761	0.2780155879261001
ENSMUSG00000104204	-0.4225456568047378	-0.1443410688270461
ENSMUSG00000050097	-0.3672961714271625	-0.3293260026237868
ENSMUSG00000087088	-0.2579481147694292	0.4738774405393133
ENSMUSG00000087691	-0.3572465079275604	-0.2655286948473216
ENSMUSG00000111517	-2.0	-2.0
ENSMUSG00000027202	-0.3836085173566835	-0.3589078002359124
ENSMUSG00000110967	-0.24354266620369	-0.3093032632719503
ENSMUSG00000043119	-0.5402619332669603	-0.4395491132557031
ENSMUSG00000050908	-0.1256180409226171	0.4684831517584696
ENSMUSG00000110976	-0.4035487198581169	-0.0512389556496689
ENSMUSG00000053815	-0.8673217191463203	-0.6769356876801713
ENSMUSG00000000374	-0.0687720509417839	0.3863369889874092
ENSMUSG00000103138	-0.2214933526564859	0.4211233050044872
ENSMUSG00000065968	-0.1742496781259747	0.4559914064949794
ENSMUSG00000115793	-0.3686175235984806	-0.1683898566254127
ENSMUSG00000031918	-0.0776088231282157	0.4315651014419288
ENSMUSG00000120361	0.2828078433585484	0.4341970398924696
ENSMUSG00000030114	-0.3987263588581811	-0.2590681892689322
ENSMUSG00000059043	-0.289662411154256	-0.5572230995781164
ENSMUSG00000027937	-0.2364598531379789	0.4007258264576769
ENSMUSG00000121739	-0.1477932342439489	-0.1104000536243552
ENSMUSG00000051065	-0.0718755641609869	0.5087962737656793
ENSMUSG00000085538	-0.0271871703279599	-0.0389416814348727
ENSMUSG00000097076	-0.0243469185336142	0.3188768746609816
ENSMUSG00000091077	-2.0	-1.6061265958506166
ENSMUSG00000074146	-0.5333707882550918	-2.0
ENSMUSG00000005958	-0.0320068194154944	0.3838914505799613
ENSMUSG00000111375	-0.2671869463482797	0.5201317624454999
ENSMUSG00000028953	-0.0898766565285558	0.4799465401865296
ENSMUSG00000030881	-0.0692291017367495	0.3582558776587806
ENSMUSG00000027518	-0.2706568296979865	-0.3935855265721153
ENSMUSG00000022546	-0.0635957497229126	-0.0289206490026495
ENSMUSG00000097623	-0.3252205840946588	-0.3061603601261456
ENSMUSG00000085498	-0.3056349138355268	0.4515789067468487
ENSMUSG00000100658	-0.1665552974639646	0.1123147046720179
ENSMUSG00000022440	-0.1126470696829374	0.1359065645935383
ENSMUSG00000031430	-0.7466931137639303	-1.0099559260278692
ENSMUSG00000005698	-0.034859942110437	0.4689021047196411
ENSMUSG00000075307	-0.0880974295264665	-0.1177460269608462
ENSMUSG00000024998	-0.275454132342294	0.2943665694970813
ENSMUSG00000121495	-0.0484897693342504	-0.0131294190230939
ENSMUSG00000107874	-0.7086428285856914	-0.6148644134462895
ENSMUSG00000113359	-0.2656204316271567	0.2007815743542637
ENSMUSG00000100573	-0.2820149554260436	-0.3474150606744043
ENSMUSG00000114479	-0.4859390627132042	-0.5079188142130733
ENSMUSG00000121503	-0.1658357520163597	-0.0408748112460141
ENSMUSG00000100616	-0.3493918587254635	-0.3260016939520926
ENSMUSG00000003731	-0.0485893276910289	0.4045881169218212
ENSMUSG00000111700	-0.6085429939764723	-0.4198554033143147
ENSMUSG00000035476	-0.3320959887512936	0.5193254435209084
ENSMUSG00000110790	0.1213621180523089	-0.0730538715702799
ENSMUSG00000095910	-0.3269477252177769	-0.498388699082946
ENSMUSG00000049336	-0.4633983826232253	-0.0949183522577236
ENSMUSG00000043154	-0.299164457288363	0.5029853348040001
ENSMUSG00000034209	0.4407715336996408	0.0728963348594269
ENSMUSG00000070815	-0.4322158218497438	-0.6394278283844254
ENSMUSG00000097650	-0.3132413234136059	0.1251682006114626
ENSMUSG00000063458	-0.4672853588601572	-0.1737546243712497
ENSMUSG00000034282	-0.0718001366162431	0.0766534759496172
ENSMUSG00000029878	-0.4684355098292688	-0.2314922806517576
ENSMUSG00000084844	-0.2034964361929117	-0.0947581038645165
ENSMUSG00000099790	-2.0	-2.0
ENSMUSG00000035158	-0.165686134455702	0.5275481891191237
ENSMUSG00000101892	-0.3555618044502376	-2.0
ENSMUSG00000046460	-0.2927756940601305	-0.382328825116552
ENSMUSG00000121463	-0.3267252292899856	-0.3864541486726318
ENSMUSG00000022305	-0.0397005956735062	0.5237893740269699
ENSMUSG00000027959	-0.0376702593940856	0.5090922540069275
ENSMUSG00000111794	-0.2600440005014411	-0.3218811370753574
ENSMUSG00000068130	-0.0739384948499581	0.3871541042255347
ENSMUSG00000040808	-0.3142702606275358	-0.3029573218862166
ENSMUSG00000086789	-0.3959392695615897	-0.1184081183584897
ENSMUSG00000021967	-0.2192822844506332	0.415959745774226
ENSMUSG00000034158	-0.0544180797826551	0.5094745770495988
ENSMUSG00000113455	-0.3679348836891244	-0.3254575812288806
ENSMUSG00000008193	-0.157481871949401	0.1443316198690256
ENSMUSG00000029802	-0.1589916113925008	0.3557024074030719
ENSMUSG00000118292	-0.4974148965791883	0.5132330532162898
ENSMUSG00000037010	-0.640200476456055	-0.3720621528944868
ENSMUSG00000096869	-0.2073319910009353	-0.2063642293205639
ENSMUSG00000101311	-2.0	-2.0
ENSMUSG00000100328	-2.0	-2.0
ENSMUSG00000037275	-0.0166128887276392	0.3314588804254806
ENSMUSG00000113120	-0.3364402196987008	-0.4515049389166405
ENSMUSG00000109944	-0.6501705795370906	-0.4113169449714772
ENSMUSG00000048516	-0.2877617263021898	-0.4622179159465452
ENSMUSG00000112858	-0.5296709652553001	-0.078961652796519
ENSMUSG00000025735	-0.2050592125953572	0.1818435879447725
ENSMUSG00000041779	-0.129406615100056	0.4973836218895942
ENSMUSG00000048399	-0.4319243570093233	-0.6649807475577961
ENSMUSG00000041124	-2.0	-1.4927747175067485
ENSMUSG00000117551	-0.2901307530869652	-0.3082500322032045
ENSMUSG00000046109	0.2330590912237782	0.1899008885905498
ENSMUSG00000099840	-2.0	-2.0
ENSMUSG00000118504	-0.060192012593438	0.4069970562651568
ENSMUSG00000029405	-0.0305284530539316	0.3384545014235131
ENSMUSG00000033737	-0.7647383221197374	-2.0
ENSMUSG00000030310	-0.1065989131002793	0.1404464455308341
ENSMUSG00000004894	-0.2292554711390838	-0.2359357072317958
ENSMUSG00000028961	-0.0598625924342219	0.3842627100695033
ENSMUSG00000018501	-0.0071492490256696	0.3860439219322616
ENSMUSG00000024679	-0.2198786327181941	-0.5312227241340977
ENSMUSG00000032099	-0.4436576907297334	-0.2515582950352192
ENSMUSG00000113529	-0.4027402040902239	0.4846770133447641
ENSMUSG00000032403	-0.4134149455645508	0.5323326156885835
ENSMUSG00000018919	0.0514484367301114	-0.0801411936542712
ENSMUSG00000028545	-0.2494788002070568	0.235712427593934
ENSMUSG00000097655	-0.5111180487978766	-0.0183604913156231
ENSMUSG00000117449	-0.419699215295656	-0.6759617238811504
ENSMUSG00000028885	-0.0414340145876084	0.4253982376507732
ENSMUSG00000047363	-0.1027326975111125	0.3144192245295043
ENSMUSG00000105105	-0.2260283247920171	-0.2942657404417074
ENSMUSG00000120580	-0.0418508294551396	0.4044231656375098
ENSMUSG00000028688	-0.0446115975984254	0.3255874925214231
ENSMUSG00000106491	-0.6571556660667112	-0.5219506370315776
ENSMUSG00000109993	-0.4737052400761101	-0.1039378657045538
ENSMUSG00000039943	-0.1108643137699693	0.048731728454934
ENSMUSG00000074733	-0.1247282416633261	0.4870016997484053
ENSMUSG00000054641	-0.4760704919373784	-0.3634367054364434
ENSMUSG00000109583	-0.327008415654038	-0.2097728396217219
ENSMUSG00000096550	-0.7542753199225033	-0.8736743892693031
ENSMUSG00000070577	-0.1398872859584588	0.2225416779581879
ENSMUSG00000097603	-0.1465131476343588	-0.362039486352037
ENSMUSG00000045932	-0.5273906800629397	0.0068092345858307
ENSMUSG00000026587	-0.4296576757799387	-0.269763760892715
ENSMUSG00000117536	-0.3856174959127175	-0.3707092874418625
ENSMUSG00000041372	-0.0583696247315188	0.4240802284368936
ENSMUSG00000043855	-0.5392485496733803	-0.3204745343751267
ENSMUSG00000098708	-0.044000516031892	0.1882848013968405
ENSMUSG00000035069	-0.1652698684297619	0.4547997519935119
ENSMUSG00000087307	-0.0669657687141683	0.1066452233646814
ENSMUSG00000075395	-0.429727527659503	-0.4507907055341734
ENSMUSG00000018427	-0.0669936380554649	0.397764518249896
ENSMUSG00000062074	0.0168539052078934	-0.1347577604237909
ENSMUSG00000043366	-0.4214620990299014	-0.6463064910177684
ENSMUSG00000033510	-0.3445931926433512	0.1702787347100881
ENSMUSG00000021703	-0.2640699174005848	0.5059090584646874
ENSMUSG00000027435	-0.3534480703409908	-0.3921055644600288
ENSMUSG00000073888	-0.2277767543014987	0.4222335262918426
ENSMUSG00000014226	-0.0605779004383047	0.4107812811515758
ENSMUSG00000024639	-0.1686532289486917	0.515138363251648
ENSMUSG00000039158	-0.0348276607203149	0.0986406113434694
ENSMUSG00000092508	-0.3721720910049422	-0.3655680963329873
ENSMUSG00000073758	-0.1461931673624399	0.4016848072104808
ENSMUSG00000107143	-0.211585127075127	0.3924489653780549
ENSMUSG00000036893	-0.0098032689089637	0.469394577706586
ENSMUSG00000094103	-2.0	-2.0
ENSMUSG00000097171	-0.3603054976391505	-0.014068116303554
ENSMUSG00000000632	-0.1776650371096812	-0.1447989588625455
ENSMUSG00000027999	-0.0965271340998063	0.4496696626271275
ENSMUSG00000100961	-2.0	-2.0
ENSMUSG00000113135	-2.0	-2.0
ENSMUSG00000094429	-0.648809035997432	-0.6618120551158488
ENSMUSG00000037578	-0.6996122359216853	-0.2473731344479288
ENSMUSG00000048230	-0.1160810166059016	0.4173378135441386
ENSMUSG00000026065	-0.4272689275717659	-0.5096183950554459
ENSMUSG00000029501	-0.0479893123754207	0.4682820336121723
ENSMUSG00000075062	-0.4735539716709535	-0.4340401053274854
ENSMUSG00000105703	-0.7946509133911279	-0.8063032894301801
ENSMUSG00000039942	-0.0626227498900267	0.2755809251122315
ENSMUSG00000002308	-0.1837691762457385	0.3400068239663615
ENSMUSG00000049848	0.0196578856219454	-0.2082457900738696
ENSMUSG00000029050	-0.0154562152814785	0.4282747828200036
ENSMUSG00000082799	-2.0	-2.0
ENSMUSG00000063334	-0.0468727418779525	0.4101817997783619
ENSMUSG00000031613	-0.4484907175573477	-0.1734839967934419
ENSMUSG00000070031	-2.0	-2.0
ENSMUSG00000059213	-0.0057746440919282	-0.0701213742643753
ENSMUSG00000116831	-0.2711406202078835	0.0214901402429379
ENSMUSG00000115230	-0.1977193933031612	-0.2675227671490496
ENSMUSG00000030218	-0.4478340066658499	-0.4863076000214841
ENSMUSG00000030606	-0.2138106857664966	0.1591042003433343
ENSMUSG00000024731	-0.1864123402928473	-0.2411975272770402
ENSMUSG00000036932	-0.1231594627575455	0.4575488604110085
ENSMUSG00000104401	-0.1651785060541122	-0.2921204950127699
ENSMUSG00000095295	-0.0896217294830362	0.43277694076486
ENSMUSG00000094427	-0.9046078725309302	-0.7179640476703091
ENSMUSG00000039556	-0.0853848195865231	0.2246739200223106
ENSMUSG00000101621	-0.5180866393543485	-0.6388108342437552
ENSMUSG00000092219	0.1586712139720518	0.0788268619659217
ENSMUSG00000102882	-0.2976639156405432	-0.3464195534235008
ENSMUSG00000029474	-0.0409750252751283	0.4972047984787062
ENSMUSG00000099839	-0.2708702145567079	-0.1188087357834335
ENSMUSG00000040813	-0.0380999747981114	0.2670031424763814
ENSMUSG00000086141	-0.4756030988933017	-0.1142101257807971
ENSMUSG00000103942	-0.5781924630756914	-0.3482524651056151
ENSMUSG00000113123	-2.0	-2.0
ENSMUSG00000030041	-0.2598423458933735	0.1640178439144693
ENSMUSG00000074277	-0.0190638295394291	-0.0475484448382963
ENSMUSG00000112586	-0.3244846968620889	-0.4910298806654378
ENSMUSG00000070371	0.0023522715041367	-0.1485573293351595
ENSMUSG00000085515	-0.495876984216079	-0.7884287315800858
ENSMUSG00000031754	-0.0452594956535855	0.4854991130028331
ENSMUSG00000107305	-0.2910232867817101	-0.3211048678010659
ENSMUSG00000043089	-0.5227788690348277	-0.5905024033759195
ENSMUSG00000121881	-0.0718691072144261	0.5062473557612689
ENSMUSG00000058488	-0.2627768145815415	-0.1178509617713479
ENSMUSG00000037703	-0.091398327062253	0.3780743309938252
ENSMUSG00000048603	-0.1851396289522945	0.4094827106646934
ENSMUSG00000059343	-0.4272963419846278	-0.5122243443139165
ENSMUSG00000096119	-0.6407573832619602	-0.6306594400284112
ENSMUSG00000101257	-0.42961301384449	-0.323757943868581
ENSMUSG00000057388	-2.0	-2.0
ENSMUSG00000083663	-0.2542357276944543	-0.7376100005767556
ENSMUSG00000078935	-0.3257224729030159	-0.2607278892244515
ENSMUSG00000038515	-0.0093447317659346	0.072832806762851
ENSMUSG00000085330	-0.3911501847610625	-0.4188311583718546
ENSMUSG00000121595	-0.0983228972534163	0.393900758211475
ENSMUSG00000068699	-0.0615656410914734	-0.043736169733427
ENSMUSG00000032727	-0.0427954959129147	0.4166694593386852
ENSMUSG00000060216	-0.1683889606383155	0.4953694745374113
ENSMUSG00000097313	-0.2144433943326549	0.4694750306891923
ENSMUSG00000121015	-0.2524465062594589	-0.0579379489180325
ENSMUSG00000096484	-0.3923357079955193	-0.1192144091871778
ENSMUSG00000006369	-0.0098058453301513	0.3344083087027844
ENSMUSG00000112188	-0.2411171624207788	-0.2174240461067954
ENSMUSG00000021697	-0.0469488971297272	0.4435499182670669
ENSMUSG00000050677	-2.0	-2.0
ENSMUSG00000102715	-0.4374585285030851	-0.6042370153366975
ENSMUSG00000097930	-0.0190946878739434	0.3824828033255716
ENSMUSG00000020457	-0.0348912846479086	0.4788892829347763
ENSMUSG00000022359	-0.0382858679094447	0.4064437733904414
ENSMUSG00000113744	-0.3058871049321592	-0.8146773992402115
ENSMUSG00000025558	-0.141633546203343	0.5505348201011796
ENSMUSG00000029882	-0.3996505846245344	-0.4247844350326348
ENSMUSG00000031666	-0.0318840685746848	0.4845478147636519
ENSMUSG00000067615	-0.2300127266642843	-0.0934490500510632
ENSMUSG00000089669	-0.1142900141931059	-0.1083954242077764
ENSMUSG00000086254	-0.4691499877607375	-0.6946168551195894
ENSMUSG00000018848	-0.0236117754159732	0.3179810617732423
ENSMUSG00000018648	-0.263758277573636	0.4529523998616019
ENSMUSG00000004994	-0.1116614250043533	0.3499590388289652
ENSMUSG00000091794	-0.4474631869695148	-0.5180424860467163
ENSMUSG00000030792	-0.3032493425420317	-0.2271326868990255
ENSMUSG00000050272	-0.3958580050763757	-0.0318155563462554
ENSMUSG00000079038	-0.0798835640129266	0.4859668896018723
ENSMUSG00000068284	-0.1309582376091347	0.3564412037218723
ENSMUSG00000090512	-0.1360596909977935	-0.1110762701036868
ENSMUSG00000112054	-0.5586433218204229	-0.5273686806127106
ENSMUSG00000053769	-0.2069078403461867	0.2992169456414912
ENSMUSG00000113370	-0.4395058598440828	-0.4190182619835741
ENSMUSG00000087550	-0.2771346799047069	-0.2318605507816059
ENSMUSG00000117835	0.0019828848218294	0.0526126916372124
ENSMUSG00000030067	-0.231015193477747	0.0684739595312511
ENSMUSG00000118436	-0.202884038461755	-0.2312148406156759
ENSMUSG00000031737	-0.3337471697605935	-0.0142908549442608
ENSMUSG00000057363	-0.0774403008250041	0.5191761943863181
ENSMUSG00000090000	-0.1342667840528929	0.4323062856461089
ENSMUSG00000102085	-0.4798060934666098	-0.4368769635302056
ENSMUSG00000103485	-0.1154322048194506	0.0683045526841925
ENSMUSG00000035699	-0.0578605369422619	0.127421458583889
ENSMUSG00000067698	-0.1255706023146809	-0.0972735610364157
ENSMUSG00000022558	-0.0147584211216358	0.4826743910575714
ENSMUSG00000015437	-0.5096220457700209	-0.5737946091554732
ENSMUSG00000094635	-2.0	-2.0
ENSMUSG00000114621	-0.4685328346144842	-0.0531612080936728
ENSMUSG00000028948	-0.0007210928575276	0.2955332346673526
ENSMUSG00000105052	-0.1216865549698236	-0.1117043352054467
ENSMUSG00000047295	-0.3228180608721048	-2.0
ENSMUSG00000086048	-0.7546751064337497	-0.3542555486567488
ENSMUSG00000104606	-0.2674660661081967	-0.3837652160281403
ENSMUSG00000036854	0.1315683037973983	0.3614309036954397
ENSMUSG00000103329	-0.64038046690321	-0.7140497985049568
ENSMUSG00000089635	-0.4012090556608012	-0.3877503361170231
ENSMUSG00000107027	-0.327349553726832	-0.3626623201834792
ENSMUSG00000108550	-0.3485938492583618	-0.0524497302902852
ENSMUSG00000096220	-0.3127490048475694	-0.7122659267788591
ENSMUSG00000101350	-2.0	-2.0
ENSMUSG00000044948	-0.1405836750587356	0.2088921866286587
ENSMUSG00000089911	-0.0246337312433522	0.4817839100345901
ENSMUSG00000038692	-0.098428678656635	-0.1015401919846857
ENSMUSG00000041550	-0.3412578856009789	-0.3540372820044525
ENSMUSG00000027274	-0.0843620277445802	0.5514429223309807
ENSMUSG00000117346	-0.3877817297845955	-0.824603472621781
ENSMUSG00000084781	-0.0221400019483471	0.0136666514276742
ENSMUSG00000086199	-0.1254098831089508	0.0248788996681019
ENSMUSG00000120266	-0.4113827882585029	-0.4719513679697549
ENSMUSG00000026420	-0.3230866472539676	-0.3083733020731423
ENSMUSG00000102023	-2.0	-2.0
ENSMUSG00000104239	-0.1588815234517016	-0.0403258579488528
ENSMUSG00000094613	-0.2651066032271771	-0.0764079597133019
ENSMUSG00000086392	-0.3790619182141187	0.4626776533893007
ENSMUSG00000102661	-0.2394415644783412	-0.4228679863443502
ENSMUSG00000036427	-0.0183222556961057	0.1223371360287988
ENSMUSG00000078686	-0.1880779653128443	-0.163336418972767
ENSMUSG00000082281	-0.309762087905517	-0.3676589401662245
ENSMUSG00000105772	-0.3021556853637315	-0.3103793423553663
ENSMUSG00000084217	-0.2622499728382648	0.0127996123310733
ENSMUSG00000086602	-0.036251827439234	0.0935303852732264
ENSMUSG00000105265	-0.2977678711500843	-0.3232401997973402
ENSMUSG00000097817	-0.0207903613839205	0.0150890334829268
ENSMUSG00000055210	-0.2613494323090778	0.1557185340452888
ENSMUSG00000112814	-0.5832400365102961	-0.4162448238824111
ENSMUSG00000100798	-0.3243666305938083	-0.2563836345477685
ENSMUSG00000024817	-0.0476982915312035	0.5061547497114448
ENSMUSG00000041536	-0.4373040594035531	-0.288411744303723
ENSMUSG00000061371	-2.0	-2.0
ENSMUSG00000113766	-0.4546404249189837	-0.516071961921297
ENSMUSG00000121391	-0.3996900233778062	-0.6560076184999373
ENSMUSG00000102323	-0.1467573672184808	-0.0312954776975362
ENSMUSG00000033047	-0.0310505056113856	0.3520956505279339
ENSMUSG00000033326	-0.0376122888998622	0.5202762272016975
ENSMUSG00000121016	-0.1641534908968154	0.3856796506560833
ENSMUSG00000103655	-0.3766359469391376	-0.4728051269020492
ENSMUSG00000020017	-0.1007387518373052	0.0739262488380513
ENSMUSG00000041605	-0.026273325446172	0.3508997463273816
ENSMUSG00000031962	-2.0	-2.0
ENSMUSG00000024673	-1.2802094657264742	-0.4487130150404191
ENSMUSG00000005718	-0.0975614001180475	0.2797732237051871
ENSMUSG00000029190	-0.1768169631091305	0.5062641418783375
ENSMUSG00000013701	-0.0425109030870484	0.4182840518073109
ENSMUSG00000022677	-0.0629009577395622	0.4968613173878066
ENSMUSG00000039759	-0.0920960374621791	0.2685606559171343
ENSMUSG00000037174	-0.1701774426475101	0.494751894785911
ENSMUSG00000022285	-0.0298178521218611	0.2828716981731757
ENSMUSG00000117837	-0.4533548205784704	-0.2781890551522981
ENSMUSG00000032717	0.0091741680176983	-0.0096882339543324
ENSMUSG00000085148	-0.3309123237182403	0.4210145975579896
ENSMUSG00000106146	-0.6539589688163435	-0.5882883949284181
ENSMUSG00000121207	-0.4647504512407018	-0.5012044103145192
ENSMUSG00000054003	-0.2522210228032915	-0.3340546546591061
ENSMUSG00000027702	-0.0670252592556466	0.3882166900652547
ENSMUSG00000044811	-0.311121332050282	-0.2579562006921003
ENSMUSG00000029821	-0.2479853746607525	-0.3437526487195405
ENSMUSG00000024727	-0.4581393046429955	-0.1914874896106242
ENSMUSG00000103696	-0.1151836862358144	0.0023141719691931
ENSMUSG00000029030	0.1259644137812265	0.195347166241093
ENSMUSG00000032340	-0.1457882376673708	0.5569898307880667
ENSMUSG00000095763	-1.0116966118747313	-0.6720945051952587
ENSMUSG00000091079	-0.0710053572575693	-0.189041888946609
ENSMUSG00000062878	-0.6641567612419198	-0.8800053827063085
ENSMUSG00000020154	-0.3244559106670858	-0.3802569666416633
ENSMUSG00000036992	-0.2272289723137248	0.3361414014377418
ENSMUSG00000100925	-2.0	-2.0
ENSMUSG00000087581	-0.3269962436924777	-0.4225736939513682
ENSMUSG00000121208	-0.1420124544316308	-0.2234233122390718
ENSMUSG00000031286	-0.3763298547430025	0.1859493451615478
ENSMUSG00000042451	-0.2584886611425306	-0.2602362600900338
ENSMUSG00000021217	-0.2951621940817398	0.2214961331036994
ENSMUSG00000072419	-0.0694712107144268	0.0882875867318315
ENSMUSG00000037788	-0.4479499680113233	-0.1025684402106654
ENSMUSG00000120418	-0.4889464660700436	-0.6697656638651609
ENSMUSG00000030376	-0.0909693997088419	0.2890624862525419
ENSMUSG00000021700	-0.378562181319817	0.0902937546332555
ENSMUSG00000092584	-2.0	-2.0
ENSMUSG00000091961	-2.0	-2.0
ENSMUSG00000121863	-0.5009334670638188	-0.3438559741879066
ENSMUSG00000087501	0.0177901892282715	-0.1377762832705674
ENSMUSG00000044906	-0.0612259768069732	0.5156735983904187
ENSMUSG00000030595	-0.0827946617119863	0.3915395208328248
ENSMUSG00000041939	-0.0852144159104715	0.4272114234934325
ENSMUSG00000043073	-0.1664962880786922	-0.5705542560063451
ENSMUSG00000050029	-0.5297371413109474	0.3823142793809875
ENSMUSG00000027398	-0.2296429243271968	-0.1777479477094095
ENSMUSG00000033794	-0.4342547955196109	-0.4015614471593404
ENSMUSG00000030303	-0.44497209188523	-0.3969039331432375
ENSMUSG00000096750	-0.5983227708134007	-0.7267143871055648
ENSMUSG00000109446	-0.7156339300853946	-1.2807678495594537
ENSMUSG00000118099	-0.3577810888088228	0.477491694645654
ENSMUSG00000022325	-0.0685292125477651	-1.3909612454690417
ENSMUSG00000120360	-0.4276745121585188	-0.1451461816455694
ENSMUSG00000099946	-0.2087077655764553	-0.4935944743714613
ENSMUSG00000112972	-0.1608208450303901	-0.3519646307781377
ENSMUSG00000078157	-0.11199650685181	0.0528300174937777
ENSMUSG00000056223	-0.3800185272127966	-0.598487901227262
ENSMUSG00000022272	-0.02272225535391	0.5264511972000023
ENSMUSG00000121786	-0.4752659218814455	-0.4304732362648786
ENSMUSG00000118232	-0.246903132761568	-0.1612141068548884
ENSMUSG00000030168	-0.0078861240422211	0.1761416342938746
ENSMUSG00000030987	-0.1829715836436068	0.4126815865428379
ENSMUSG00000068299	-0.1681080958134163	0.1833917138200276
ENSMUSG00000014725	-0.8392248397921729	-1.1879759192579358
ENSMUSG00000056201	-0.0251885955312069	0.2210995538047617
ENSMUSG00000090700	-0.1910371263779119	-0.3917513188326766
ENSMUSG00000087027	-0.3000487309383947	-0.4424891890139207
ENSMUSG00000060523	-0.7703522474262229	-0.9452221439598892
ENSMUSG00000029189	-0.3103970925256755	-0.2851244454721701
ENSMUSG00000079215	-0.0447610119541648	0.4915992299726677
ENSMUSG00000109105	-0.3433690834891907	-0.2381073273314481
ENSMUSG00000105535	-0.3042849529385035	0.4298668927891744
ENSMUSG00000024697	-0.351294642663136	-0.1446670796880674
ENSMUSG00000120209	-2.0	-2.0
ENSMUSG00000099931	0.0400468158109116	-0.1426530273272707
ENSMUSG00000090751	-0.4112560376218112	-0.6448642675471813
ENSMUSG00000100575	-2.0	-2.0
ENSMUSG00000113978	-0.6301926430297753	-0.5722543330893664
ENSMUSG00000029392	-0.0418619244900521	0.3638514338539572
ENSMUSG00000036632	-0.1328309048120106	0.4260396250599855
ENSMUSG00000052075	-0.3676247152148991	-0.3987594915816192
ENSMUSG00000091144	-0.2881415019375427	-0.1726819146694491
ENSMUSG00000038011	-0.2293034788923612	0.3066205768858432
ENSMUSG00000086279	-0.350171669821791	0.1886769417743793
ENSMUSG00000031093	-2.0	-2.0
ENSMUSG00000096169	-0.4119695476967609	-0.3546840573827019
ENSMUSG00000094125	-0.1389329908902238	-0.2343314452409859
ENSMUSG00000111602	-0.3975864197960573	-0.6175373944928588
ENSMUSG00000049044	-0.297347203024379	-0.0062837949394057
ENSMUSG00000022837	-0.1245814881783266	0.5189356587273035
ENSMUSG00000117998	-0.4443460471188159	-0.4688924612960043
ENSMUSG00000039037	-0.3470043015380364	-0.2808010106445148
ENSMUSG00000019900	-0.5192002589346867	-0.217784445302878
ENSMUSG00000097694	-0.2009976425295327	-0.0303136231948251
ENSMUSG00000070939	-0.1493864759575992	0.5009959629517815
ENSMUSG00000010476	-0.3400309655659741	-0.2494595163688868
ENSMUSG00000021708	-0.4337690382981037	-0.2447535733626784
ENSMUSG00000027954	-0.1186232188118082	0.2062661117829025
ENSMUSG00000025602	-0.008169612038763	0.3164857379904335
ENSMUSG00000005907	-0.0689138287836699	0.379126685796778
ENSMUSG00000116744	-0.6408102186909135	-0.1059218673395026
ENSMUSG00000050966	-0.0221620303185053	0.3147050638226532
ENSMUSG00000091692	-0.4153104043909756	-0.5520792112137328
ENSMUSG00000029401	-0.1043749409334766	0.0189637410984577
ENSMUSG00000113629	-0.5137983901617004	-0.3821708847650195
ENSMUSG00000114689	-0.597340453182465	-0.1569055701551527
ENSMUSG00000079710	-0.156842497827688	0.4403677649832783
ENSMUSG00000037523	-0.0779713208953598	0.3660649136646012
ENSMUSG00000048440	-0.0016995014795484	0.3919606662718547
ENSMUSG00000017778	-0.1214972771091199	0.3704997663423774
ENSMUSG00000085895	-0.1825959508905963	-0.2949966834451135
ENSMUSG00000106678	0.158866764960253	0.0771913168694775
ENSMUSG00000070997	0.1590369341405187	0.2324537927326481
ENSMUSG00000033565	-0.0115855347241301	0.4790602428267146
ENSMUSG00000066279	-0.1160723926881898	-0.104155630732774
ENSMUSG00000045414	-0.1915132734778254	0.4742719318144351
ENSMUSG00000045672	-0.3522089457346549	0.0910126671650279
ENSMUSG00000052040	-0.0005983486404716	0.347641814635708
ENSMUSG00000079265	-0.6053182040734914	-0.7379767705000382
ENSMUSG00000112290	-0.5530278244166593	-0.2887378784187149
ENSMUSG00000020334	-0.3463719205263719	0.0194419930445392
ENSMUSG00000022090	-0.2894360407525986	-0.1739705737199729
ENSMUSG00000022095	-0.1795549834150796	0.1520816077121173
ENSMUSG00000002625	-0.0663438864160326	0.4249841572116833
ENSMUSG00000101448	-0.504105592950688	-0.4241450784884566
ENSMUSG00000059713	-0.0329649625390433	0.3459830797790705
ENSMUSG00000112266	-0.3980105872600125	-0.3232475314611981
ENSMUSG00000091730	-0.2685793449504478	-0.4263865739500892
ENSMUSG00000079603	-0.4134705301022257	-0.3742345548254228
ENSMUSG00000101542	-2.0	-2.0
ENSMUSG00000083452	-0.8926265221198926	-1.5017501138038023
ENSMUSG00000022248	-0.0083606549278865	0.3700754289437137
ENSMUSG00000106777	-0.3283786488605156	-0.268059590625447
ENSMUSG00000058513	-0.3921267542551612	-0.7683317092350256
ENSMUSG00000031608	-0.1921992001047439	0.4168780563519301
ENSMUSG00000072708	-0.5201187042430925	-0.4460072490091711
ENSMUSG00000028559	-0.0754650724657188	0.4671811478119827
ENSMUSG00000009551	-0.192679872330602	-0.0984658335433878
ENSMUSG00000018849	-0.0565028130426554	0.411170365962981
ENSMUSG00000014039	-0.0351648042657327	0.3703009792341302
ENSMUSG00000031262	-0.1350728600913856	0.426053628545153
ENSMUSG00000046337	-0.0263142978164173	0.3219449821761215
ENSMUSG00000095490	-2.0	-2.0
ENSMUSG00000121789	-0.1177497859939758	0.5075393418234126
ENSMUSG00000101753	-2.0	-2.0
ENSMUSG00000013236	-0.0025092925980483	0.19140182517432
ENSMUSG00000097516	-0.3487365273551803	0.4402662913642837
ENSMUSG00000020086	-0.0753488276005355	0.3320876507230669
ENSMUSG00000062510	-0.0264993675983953	0.4021003626538941
ENSMUSG00000106467	-1.3985201791553998	-0.4921500628034743
ENSMUSG00000037437	-0.3303709488132132	0.2046221709115697
ENSMUSG00000090658	-0.4943855750191327	-0.4540121812143567
ENSMUSG00000107351	-0.2723752753643234	-0.2888655628132701
ENSMUSG00000024069	-0.0565954190736033	0.4276143011762499
ENSMUSG00000070933	0.0294134061111476	-0.1030060105641018
ENSMUSG00000070814	-0.0348812133757158	0.3878146575096581
ENSMUSG00000087365	-0.671503784779961	0.0335711493214905
ENSMUSG00000074731	-0.1359452865045895	0.4589609949275752
ENSMUSG00000104663	-0.3257485847853545	-0.6104841392581887
ENSMUSG00000106583	-0.2213014492750643	-0.1240923980330522
ENSMUSG00000106398	-0.1957374554716732	-0.4287105288093945
ENSMUSG00000104528	-0.1307470355721062	0.0664132228259615
ENSMUSG00000105234	-0.478044120141632	-0.5858442622759075
ENSMUSG00000099794	-0.352816029293949	-2.0
ENSMUSG00000108059	-0.5285112578491639	-0.3686968921165809
ENSMUSG00000098234	-0.2972238888857157	0.2511834939042885
ENSMUSG00000027560	-0.3022761222682201	0.3615276367721278
ENSMUSG00000091160	-0.0825793620872688	-0.3166758945946893
ENSMUSG00000109891	-0.3879379257981273	-0.5081616284619096
ENSMUSG00000066735	-0.0179775622797168	0.3974261950501242
ENSMUSG00000000884	-0.0609586343047347	0.4699948160781027
ENSMUSG00000033278	-0.3908563384395249	-0.0521548246548502
ENSMUSG00000108213	-0.2844548949700555	-0.3641034675359567
ENSMUSG00000030879	0.0351142097191025	0.2162340112163935
ENSMUSG00000040629	-0.3208976736814851	0.1539770316239966
ENSMUSG00000056234	-0.0464154139970629	0.505427566622216
ENSMUSG00000092460	-1.6128273752071347	-1.9788735747774688
ENSMUSG00000121417	-0.3071821521174681	-0.4527667161319254
ENSMUSG00000100555	-0.3536990853119052	-0.6423174218206722
ENSMUSG00000020859	-0.0907242131886359	0.4749716871543547
ENSMUSG00000018377	-0.0652408483327811	0.3922737055782396
ENSMUSG00000025283	-2.0	-2.0
ENSMUSG00000031487	-0.1563530638750052	0.3820750647664899
ENSMUSG00000109409	-0.2463679229795956	-0.4667956143922238
ENSMUSG00000047492	0.1894178784564864	-0.3123950661908687
ENSMUSG00000068962	-0.1718117687604604	0.4462649487544543
ENSMUSG00000001909	-0.0600968410510711	0.185784589508081
ENSMUSG00000084883	-0.050863519648441	0.3788838933736544
ENSMUSG00000113644	-0.5402605169078185	-0.5461070893557921
ENSMUSG00000117338	-0.0054345740278955	0.2604687526293486
ENSMUSG00000023433	-0.2392742195572388	-0.2744834941446586
ENSMUSG00000024422	-0.0432518084245487	0.1264647473020498
ENSMUSG00000021149	-0.0112954406550236	0.4282482143429494
ENSMUSG00000046367	-0.1128464947039726	0.2500240771438694
ENSMUSG00000115671	-0.6239185672200428	-0.6050907998580812
ENSMUSG00000015340	-0.8103732151935137	-1.446329320049374
ENSMUSG00000030643	-0.2222592070401894	0.3330238577580894
ENSMUSG00000113003	0.0348582550949359	-0.0173595022474048
ENSMUSG00000068566	0.0077146713835014	-0.0939840609235213
ENSMUSG00000107277	-0.0986688795789875	0.4406959737265794
ENSMUSG00000118012	-0.6067365477881578	-2.0
ENSMUSG00000096846	-0.4528467925100474	-0.4306860295007226
ENSMUSG00000049685	-0.382547556646572	-0.4073296936744451
ENSMUSG00000068015	-0.2741931987987551	0.4195427247002798
ENSMUSG00000078302	-0.2437956626871511	-0.2175794082894927
ENSMUSG00000049800	-0.0483475133414077	0.4715915055070246
ENSMUSG00000063415	-0.1570899783650149	-0.3858486819015794
ENSMUSG00000027326	-0.0368783812872544	0.4080149560630146
ENSMUSG00000025487	-0.0816836895026111	0.4532449319590971
ENSMUSG00000111828	-0.737443505788984	0.3966560753421033
ENSMUSG00000042501	-0.4277893997726607	-0.3976376278572909
ENSMUSG00000028475	-0.3044360254988861	-0.167245397219759
ENSMUSG00000103217	0.3343053418482474	-0.2378720415171285
ENSMUSG00000030317	-0.3834209399656219	-0.1872660106058899
ENSMUSG00000110771	-0.2094850093048363	-0.6058260762543448
ENSMUSG00000086405	-0.1737814501716972	-0.0808981528886841
ENSMUSG00000103720	-0.5699862533455674	-0.6628011938073206
ENSMUSG00000079235	-0.2515469791168951	0.1568222409218645
ENSMUSG00000108929	-0.3537370746745648	0.0458234983054629
ENSMUSG00000099526	-2.0	-2.0
ENSMUSG00000102080	-0.3972632539899218	-0.3089498383564989
ENSMUSG00000024598	-0.4602097855280932	0.1684939478683536
ENSMUSG00000035770	-0.0263435529775514	0.3576684742376049
ENSMUSG00000028975	-0.0071396243691047	0.3750795295845263
ENSMUSG00000020235	-0.0076089201225997	0.2938374771987069
ENSMUSG00000070448	-0.8436968974185912	-0.8083640165990376
ENSMUSG00000033900	-0.1577934181739628	0.2873102066249753
ENSMUSG00000048699	-0.1733293911560962	-0.3014772017164863
ENSMUSG00000038168	-0.4925502890985179	-0.2138023013506107
ENSMUSG00000106718	-0.4393453102682166	-0.2304024804095335
ENSMUSG00000091193	-0.5554184479901528	-0.2096429053014504
ENSMUSG00000000759	-0.0242004148113871	0.4852505436819865
ENSMUSG00000027858	-0.1554994636915934	0.3852186313335005
ENSMUSG00000022220	-0.3694446014791944	-0.1586422817454367
ENSMUSG00000003227	-0.3513718827502686	-0.3281208228015603
ENSMUSG00000086122	-0.1763166294990418	-0.1407073543662404
ENSMUSG00000074028	-0.303952008652891	-0.2893944339204117
ENSMUSG00000084948	-0.2924179022563862	-0.3363588436729333
ENSMUSG00000066905	-0.7808331001454417	-0.8560369118041427
ENSMUSG00000094819	-0.4027134185167559	-0.4630783664517413
ENSMUSG00000095858	-0.2911149673281282	-0.4775763731471573
ENSMUSG00000019846	-0.443499216690379	0.0680583757500061
ENSMUSG00000043183	-0.0476378038489071	0.4904717397791751
ENSMUSG00000044703	-0.5784433874850641	-0.7264140401675513
ENSMUSG00000036390	0.0002532935222039	0.3880795218449575
ENSMUSG00000121401	-0.5086279392598929	-0.5419317446692281
ENSMUSG00000032553	-0.0581475267164628	0.3767739871624965
ENSMUSG00000106086	-0.0098200603425371	-0.0290720045126971
ENSMUSG00000114028	-0.3368218614162725	-0.2513173142032732
ENSMUSG00000093949	-0.6626729440928942	-0.4014325174979662
ENSMUSG00000086162	-0.2209277197589027	-0.2040341189651552
ENSMUSG00000096223	-1.517552348068222	-2.0
ENSMUSG00000043340	-0.3934994567576623	0.059922896720772
ENSMUSG00000032604	-0.2502544113381552	0.2930087866585648
ENSMUSG00000091283	-0.4642439755744667	-0.4280120054167112
ENSMUSG00000087439	-0.015697227685152	0.0474535340433506
ENSMUSG00000090129	-0.1666688780480023	-0.0679689745266882
ENSMUSG00000118340	-0.0737571849577602	0.0357259980660805
ENSMUSG00000033671	-0.1361460786362277	0.5348124572350605
ENSMUSG00000032024	-0.1044148173742549	0.125998012571183
ENSMUSG00000045538	0.0417625465182314	0.3987189551525971
ENSMUSG00000109764	-0.3935829468092338	-0.4125202713705815
ENSMUSG00000073434	-0.1416101988363821	0.444495103851164
ENSMUSG00000020738	-0.0614701680879588	0.3300170448069303
ENSMUSG00000071337	-0.052784656667373	0.4513608333034916
ENSMUSG00000001289	-0.0751754997208917	0.2017433293130616
ENSMUSG00000110607	-0.3285376007127978	-0.3318965784159653
ENSMUSG00000026628	-0.221961970468398	-0.3323746710840146
ENSMUSG00000029331	-0.3606994205868043	-0.2502612270420685
ENSMUSG00000068114	-0.0343152445417515	0.4150902576711152
ENSMUSG00000106499	0.1167964285167299	0.1014239128634936
ENSMUSG00000118332	-0.0631407689533572	0.4744776365168498
ENSMUSG00000110412	-0.2710212837695506	-0.5223460480179405
ENSMUSG00000037984	-0.446567514547706	-0.3281470792875529
ENSMUSG00000040520	-0.1941028166299228	0.4577048137568465
ENSMUSG00000110308	-0.6640965993231225	-0.8804307133725412
ENSMUSG00000055088	-0.55820972266678	-0.5720545218381372
ENSMUSG00000111126	-0.0210971732675013	-0.1684251855900483
ENSMUSG00000074300	-0.245322398183617	-0.3452095244618203
ENSMUSG00000051705	-0.1091471372422223	0.5377377673906738
ENSMUSG00000116883	-0.0202609235780522	0.5151349148247796
ENSMUSG00000079346	-0.3945283805298408	-0.4426494370192581
ENSMUSG00000097915	-0.1002663651563323	0.3168020512185792
ENSMUSG00000103656	-0.4149360697324505	-0.6939805032429116
ENSMUSG00000022512	-0.6135099522920746	-0.290321383809685
ENSMUSG00000102448	-0.1706116927375823	-0.0187905567055904
ENSMUSG00000097926	-0.3029805297343396	-0.1047079829337084
ENSMUSG00000020598	-0.4421666583589425	-0.1511244396805866
ENSMUSG00000114802	-0.5189588852783013	-0.2614309341856743
ENSMUSG00000066368	-0.2421063362805737	-0.3292726254855718
ENSMUSG00000015202	-0.1446698671607272	0.4559640488261087
ENSMUSG00000049999	-0.1814894661895257	0.1076915658236178
ENSMUSG00000059602	-0.3096741827962573	0.4923627787434727
ENSMUSG00000113605	-0.4044182504246087	-0.1832937565953067
ENSMUSG00000029096	-0.2263975476779946	-0.0506270726873983
ENSMUSG00000115355	-0.1176995543298265	0.3869752688897497
ENSMUSG00000035594	-0.157318384006985	0.0552912343647371
ENSMUSG00000107315	-0.8653561332810148	-0.6331901793609044
ENSMUSG00000116657	-0.2169392550405722	0.4208369835238139
ENSMUSG00000022610	-0.1832038207400203	0.3665529459251528
ENSMUSG00000020659	-0.0334456722766935	0.5227472209974358
ENSMUSG00000090603	-0.6548380764050259	-0.8208619047089617
ENSMUSG00000112763	-0.4640322965152364	-0.2620495148341881
ENSMUSG00000030956	-0.0783609614264722	0.3413969302623893
ENSMUSG00000030201	-0.0451688897799003	0.4571970784663282
ENSMUSG00000041945	-0.2739514069461929	0.3193875824994251
ENSMUSG00000105184	-0.3651873140088121	-0.5258102607591445
ENSMUSG00000044155	-0.2075893980893337	0.3909344362414662
ENSMUSG00000050747	0.0250799733972035	-0.1239092322337716
ENSMUSG00000111913	-1.0503924126556663	-2.0
ENSMUSG00000031224	-0.3249499409406455	-0.1556431261963244
ENSMUSG00000031388	-0.3345565417093211	0.3975364485148837
ENSMUSG00000024225	-0.3120141552685076	-0.2775069169961446
ENSMUSG00000106636	-0.0493876877575275	-0.0877316991489388
ENSMUSG00000038968	-0.3043761503645776	-0.222193716404933
ENSMUSG00000064090	-0.2724335318512743	0.4788515070010759
ENSMUSG00000020946	-0.0597984927600278	0.4862944305643144
ENSMUSG00000064330	-0.405339882895532	-0.2721826389853665
ENSMUSG00000082986	-0.4396382623275121	-0.2200110896460028
ENSMUSG00000115095	-0.120215990790952	-0.3269624959468938
ENSMUSG00000093550	-0.1598335352752993	-0.078929619247066
ENSMUSG00000073977	-0.2979367010185512	-0.3882074652359643
ENSMUSG00000090232	-0.1238924795972774	-0.0573265718265553
ENSMUSG00000045708	-0.5462852566531722	-0.5333164527890341
ENSMUSG00000107660	-0.2824248525757084	0.4461091855176501
ENSMUSG00000103992	-0.3880603419408928	-0.3730056240198963
ENSMUSG00000020431	-0.1913611572889051	0.1959919785808052
ENSMUSG00000037685	-0.182476805985679	0.4349404500400757
ENSMUSG00000034422	-0.1423777087103387	0.1829489452850012
ENSMUSG00000079383	-0.0561275452844389	-0.0568805836388569
ENSMUSG00000053367	-0.0255122562931482	-0.1534001635128083
ENSMUSG00000116560	0.0192774274399447	0.0682713017084837
ENSMUSG00000101113	-0.2301873863587815	-0.1821284186868126
ENSMUSG00000021303	-0.3757432817329824	-0.1018273598333285
ENSMUSG00000028358	-0.3336597046954323	-0.2679621857783577
ENSMUSG00000063488	-2.0	-2.0
ENSMUSG00000102620	-2.0	-2.0
ENSMUSG00000119953	-0.2883410466949205	-0.3895637478802325
ENSMUSG00000049674	-0.3452527985560483	-0.481584537689752
ENSMUSG00000021103	-0.0454696969511736	0.4250429160600195
ENSMUSG00000053552	-0.3082353191778275	0.2138055975015418
ENSMUSG00000110750	-0.0179496799765817	0.1640028995429139
ENSMUSG00000029434	-0.0735129841343408	0.4576418335158847
ENSMUSG00000003344	-0.0193163877751996	0.2852381090513848
ENSMUSG00000069855	-0.2487828104942573	0.2620987648825995
ENSMUSG00000099465	-0.4108118067655673	-0.2086395121883515
ENSMUSG00000107116	0.0165930589642277	-0.0418121903391466
ENSMUSG00000005397	-0.0525038343889937	0.4733789304366934
ENSMUSG00000114647	-0.3871178555545519	-0.3183107656732286
ENSMUSG00000029062	-0.0455854475173447	0.3471867232986225
ENSMUSG00000044576	-0.0651259959552358	-0.0412403700528477
ENSMUSG00000054459	-0.4466398971639362	0.1528050919401117
ENSMUSG00000028773	0.032439204608583	0.2092071461459868
ENSMUSG00000033585	0.0489999676182794	-0.5716486636945939
ENSMUSG00000104973	-0.1449574365370788	-0.0001925219804024
ENSMUSG00000089874	-0.2758444712247847	-0.1676082348686116
ENSMUSG00000017119	-0.0465909771386918	0.4654747574730266
ENSMUSG00000043461	-0.3975710151624543	-0.2338645950329609
ENSMUSG00000048379	-0.2744429685665414	0.4444869887001
ENSMUSG00000039157	-2.0	-2.0
ENSMUSG00000037754	-0.2896940582709261	-0.3970816059347611
ENSMUSG00000031105	-0.4773427145014327	0.4370903139847958
ENSMUSG00000025141	-2.0	-2.0
ENSMUSG00000092591	-0.3298709024602255	0.1941207732811226
ENSMUSG00000117273	-0.6062631464403289	-0.6590108803195556
ENSMUSG00000100006	0.0464522400275338	-0.3473508901829023
ENSMUSG00000105034	-0.4250309744840701	-0.3206129907763044
ENSMUSG00000116294	-0.4090534480306373	-0.2472104253079478
ENSMUSG00000110314	-0.3256088493300219	-0.3175487681783548
ENSMUSG00000036858	-0.2770011931204107	0.0381671946734023
ENSMUSG00000020213	-0.5013027516503156	-0.2633239020971434
ENSMUSG00000026020	-0.0250544138175897	0.4413098327398736
ENSMUSG00000033760	-0.0117045534178133	0.3047790998389034
ENSMUSG00000087425	-0.4618602748086443	-0.4919100500250108
ENSMUSG00000016529	-0.2516939539950377	-0.194118298724493
ENSMUSG00000044667	-0.4360518839358727	-0.1243984630337789
ENSMUSG00000117869	0.036366083663593	0.2300123638149148
ENSMUSG00000004642	-0.0485005496739279	0.4692412926871945
ENSMUSG00000020070	-0.0169844995504728	0.3510213042944409
ENSMUSG00000027076	-0.227901366642879	0.3622339661096981
ENSMUSG00000108968	-0.4844839424836338	-0.2440128518169276
ENSMUSG00000035580	-0.5009904502344987	-0.009571897541868
ENSMUSG00000046794	-0.0869766470145368	0.3712068142748103
ENSMUSG00000052236	-0.3855898462859275	-0.3118002288097971
ENSMUSG00000096834	-0.6841254196908844	-0.6814529884404152
ENSMUSG00000108171	-0.0197472194670961	0.0625074521479435
ENSMUSG00000067103	-0.380491365115031	-0.2284547013757863
ENSMUSG00000043972	-0.4297480882122982	-0.453599986202866
ENSMUSG00000020428	-0.6473677471438068	-0.592808015654898
ENSMUSG00000018126	-0.0312267782493297	0.192031920844822
ENSMUSG00000024312	-0.2826445995781594	0.1496224187877647
ENSMUSG00000016458	-0.347162299290335	-0.006399518207089
ENSMUSG00000040904	0.1926750380008792	0.0925013372604098
ENSMUSG00000110035	-0.2981788682883404	-0.3039042836472316
ENSMUSG00000112144	-0.5916921814762472	-0.2092468666463067
ENSMUSG00000044081	-0.0629862020842362	0.1992278913832245
ENSMUSG00000063594	-0.0963989320954859	0.150389267489458
ENSMUSG00000025049	-0.0729923164445105	0.432244006752264
ENSMUSG00000100600	-0.4321244713959627	-0.4495199514310777
ENSMUSG00000039967	-0.0146534757965602	0.3253588292901823
ENSMUSG00000118167	0.0273165756706708	-0.2278511651446366
ENSMUSG00000027387	-0.1703621741149839	0.5386915905637152
ENSMUSG00000097899	-0.2784297554140059	-0.1638453301776374
ENSMUSG00000095339	-0.5354958471632951	-0.3852561001120868
ENSMUSG00000055737	-0.3945053281939505	0.1065850183165871
ENSMUSG00000055912	0.0661715649586006	0.0819836625589682
ENSMUSG00000086022	-0.6019586561909894	0.2055518770660348
ENSMUSG00000030077	-0.4728262834041018	-0.3367315117596838
ENSMUSG00000044707	-0.1951101664098921	0.4840426038907647
ENSMUSG00000109616	-0.5889294344291341	-0.4606252695494245
ENSMUSG00000019888	-0.4919909383896703	-0.413939343428041
ENSMUSG00000084262	-0.6534464356547396	-0.6492957856056025
ENSMUSG00000085867	-0.3950354103414895	-0.4838728034824363
ENSMUSG00000040165	-0.3254803691636321	-0.067351842254253
ENSMUSG00000103714	-2.0	-2.0
ENSMUSG00000029646	-0.2877816086644161	-0.0803564372994975
ENSMUSG00000075394	-0.0675721024891977	-0.2302519092928077
ENSMUSG00000032679	-0.1109648960217018	0.3899276473809547
ENSMUSG00000020430	-0.0521288707906118	0.4207832566228021
ENSMUSG00000085304	-0.1809959779210814	-0.3201919441527242
ENSMUSG00000112640	-2.0	-2.0
ENSMUSG00000060509	-0.3228052751866795	-0.2379653292613736
ENSMUSG00000027919	-0.4829841933886572	-0.4609048227935527
ENSMUSG00000051483	-0.1124560633739643	-0.216239304256076
ENSMUSG00000097087	-0.1770943774475576	-0.3723757126685831
ENSMUSG00000070547	-0.7287185531794347	-2.0
ENSMUSG00000066122	-0.2948176726054515	-0.614467008607801
ENSMUSG00000100091	-2.0	-2.0
ENSMUSG00000118333	-0.4121326273588137	-0.3882155340443695
ENSMUSG00000114378	-0.3378199753569143	-2.0
ENSMUSG00000002083	-0.0549275814726667	0.3697974965932972
ENSMUSG00000035898	-0.1311332409387725	0.5197810192037788
ENSMUSG00000058761	-0.0192051605331792	0.490603398484128
ENSMUSG00000029208	-0.1741036187826018	0.4475539893940701
ENSMUSG00000022358	-0.1909563586489983	0.1891917353958298
ENSMUSG00000121254	0.0668597979382074	-0.0930387541845754
ENSMUSG00000010067	0.0027371398746877	-0.0055012472467921
ENSMUSG00000115494	-0.8094777023920948	-1.0633495567008042
ENSMUSG00000120699	-0.2247559263113152	0.190559376902123
ENSMUSG00000100822	-2.0	-2.0
ENSMUSG00000032336	-0.0235342857041318	0.5497529380714163
ENSMUSG00000019718	-0.2157083006531877	0.4019234473030708
ENSMUSG00000118457	0.1069166539859739	-0.1628432933024507
ENSMUSG00000027157	-0.5994889497891491	-0.2856407293544252
ENSMUSG00000024378	-0.0979761019305048	0.488912947479791
ENSMUSG00000110826	-0.4767408925069803	-0.2485533399550206
ENSMUSG00000116793	-0.2225580971960171	-0.3960223003952546
ENSMUSG00000115825	-0.7464783308270236	-1.2341473374505718
ENSMUSG00000040260	-0.3925286776439678	-0.3866295218031199
ENSMUSG00000094719	-0.4299890463144624	-0.2623464226079393
ENSMUSG00000046719	-0.0436892941311583	0.1273652969121979
ENSMUSG00000011427	-0.0040986951377937	0.3196052630205782
ENSMUSG00000031132	-0.6909671852249156	-1.141833012760199
ENSMUSG00000038916	-0.1121018492193612	0.1550046324355856
ENSMUSG00000117647	-0.2551167776536936	0.3048245647548652
ENSMUSG00000049511	-0.3075308080526776	0.0897120016647396
ENSMUSG00000121869	-0.4829136795261791	-2.0
ENSMUSG00000096861	-0.6369423530051598	-0.9580265383680042
ENSMUSG00000025025	-0.0057646097525567	0.0635226505686849
ENSMUSG00000043621	-0.0759723674239519	-0.2474540512134405
ENSMUSG00000020519	-0.1928213478202043	0.4114769376462778
ENSMUSG00000070532	-0.3363518337606181	-0.2725229972826388
ENSMUSG00000041649	-0.3201521856073656	0.471399977740999
ENSMUSG00000114149	-0.0222121238837545	-0.1002700853148797
ENSMUSG00000031212	-0.9089585250050856	-0.4853117552156995
ENSMUSG00000121851	-0.3558786302640596	0.2299013652982581
ENSMUSG00000002416	-0.0297955250259906	0.4258402706820641
ENSMUSG00000024622	-0.0298654870963902	0.4440544815143445
ENSMUSG00000020929	-0.0126646755718048	0.4160797225183875
ENSMUSG00000031253	-0.7337650567004379	-0.6445349933905518
ENSMUSG00000051827	-0.4719143420336041	-0.3454415240071891
ENSMUSG00000111180	-0.2103775524492417	-0.2337260898509974
ENSMUSG00000115987	-0.1958478867236272	0.4021729665785021
ENSMUSG00000092269	-0.644901883008247	-0.4355936433830513
ENSMUSG00000098304	-0.3494277059706129	-0.1797319231421199
ENSMUSG00000032172	-0.1117678096379631	0.2823456350808417
ENSMUSG00000103313	-0.0461709426301959	-0.0595814415831214
ENSMUSG00000079013	-0.3944023185938631	-0.4259050404188904
ENSMUSG00000048234	-0.0562943238835089	0.5251801302619354
ENSMUSG00000030505	-0.0168179756945269	0.4124131672656977
ENSMUSG00000087647	-0.0442265535166187	-0.1934495408896861
ENSMUSG00000046207	-0.313451670869023	-0.6337915344701962
ENSMUSG00000114038	-0.4367859810167336	-0.3322790813741805
ENSMUSG00000120597	-0.341405227192021	0.3884266227825637
ENSMUSG00000046808	-0.0745989955494654	0.4583525560420332
ENSMUSG00000031932	-0.1810942880501998	0.3270204820292742
ENSMUSG00000045746	-0.3589127623254541	0.5294470379362005
ENSMUSG00000059842	-0.0498167888083671	0.5093888390628846
ENSMUSG00000107352	0.0198713476593195	0.0674351830630053
ENSMUSG00000002968	-0.0088656676274254	0.1380878666779743
ENSMUSG00000027107	-0.2372977344916598	-0.2512776542903469
ENSMUSG00000121422	-0.2936834214036932	-0.5378659536327571
ENSMUSG00000074634	-2.4328569667081346	0.3200328144525703
ENSMUSG00000070683	-0.1320281513962636	-0.3908191463292954
ENSMUSG00000039886	-0.1000312938901091	0.4494435308061608
ENSMUSG00000075224	-0.3709555248194909	-0.3487634786174398
ENSMUSG00000014603	-0.2469427019306104	-0.1632395300003109
ENSMUSG00000047854	-0.1444171282539398	-0.4105745476742892
ENSMUSG00000103542	-0.5219114335001495	-0.4094200687073667
ENSMUSG00000121232	-0.4265486418306977	-0.4666711022718956
ENSMUSG00000022483	-0.0607486948718335	0.0574214306129107
ENSMUSG00000114971	-0.4283247021429851	-0.0894651308925845
ENSMUSG00000041889	-0.3985732371512201	0.067824244598896
ENSMUSG00000050896	-0.2736438515992945	0.1159903947522452
ENSMUSG00000000861	-0.159071658713114	-0.1609206054388291
ENSMUSG00000118073	-0.4187602122598778	-0.4861343993484421
ENSMUSG00000032348	-0.0545851879900587	0.3403588340350081
ENSMUSG00000071715	-0.1443586291362261	-0.1019935340649443
ENSMUSG00000109774	-0.2331527782435744	-0.193889247215377
ENSMUSG00000121512	-0.4701389785372175	-0.5787242210095443
ENSMUSG00000022270	-0.1076343262662449	0.2801210734465119
ENSMUSG00000121304	-0.4778409555276651	-0.6770317178549373
ENSMUSG00000023791	-0.0722289977813281	0.4441822486763681
ENSMUSG00000120126	-0.4127037765743176	-0.4461764442308947
ENSMUSG00000114241	-0.1912349966170072	0.4011598887627507
ENSMUSG00000071335	-0.3196882419646104	0.3515385902673478
ENSMUSG00000055629	0.0503701653246107	0.2044369019662346
ENSMUSG00000038422	-0.2889689538729236	0.2941976300850297
ENSMUSG00000115654	-0.3372625617555128	-0.2883287306275543
ENSMUSG00000121115	-0.1860734478728559	0.3269299461953984
ENSMUSG00000023505	-0.3920502701773357	0.4933398064177791
ENSMUSG00000107180	-0.5303903249551228	-0.5008773170501726
ENSMUSG00000031577	-0.059331936889182	0.5890262191012448
ENSMUSG00000019815	-0.2753047880588877	0.0609623395443593
ENSMUSG00000020114	-0.0270641100189858	0.4803487793438464
ENSMUSG00000040276	-0.1573228759830937	-0.0368038769333276
ENSMUSG00000114342	-0.5505012365044369	-0.2221572082142724
ENSMUSG00000022629	-0.2791984159313658	-0.0903107077278322
ENSMUSG00000078656	-0.1028610220509505	0.3958699258126689
ENSMUSG00000045204	-0.7334404712204241	-0.5568557828895544
ENSMUSG00000090619	-0.931756533096975	-0.2967041499611823
ENSMUSG00000107894	-0.324004382198684	-0.1121885481783787
ENSMUSG00000030835	-0.0374615260717415	0.4673952713399204
ENSMUSG00000097697	-0.3298482542589509	0.1650667723369456
ENSMUSG00000114598	-0.0065553041493066	0.0627243944261956
ENSMUSG00000025958	-0.0767832422369268	0.4784386412572265
ENSMUSG00000067285	-0.3839530052871271	-0.3310665837799754
ENSMUSG00000085640	-0.5508021700605948	-0.4559135915856128
ENSMUSG00000118435	-0.0666588175961373	-0.3772013894634447
ENSMUSG00000044950	-0.028964935922711	0.4556386644333984
ENSMUSG00000116429	-0.0864273009574325	0.263179997500657
ENSMUSG00000029268	-0.5477779539226968	-0.4068553232782197
ENSMUSG00000034807	-0.0988547886244755	0.4259523373461331
ENSMUSG00000102999	-0.675969714524667	-0.8067288798167582
ENSMUSG00000085620	-0.3653798694464903	-0.6928387331639743
ENSMUSG00000031197	-0.1407214056029058	0.5117465032483184
ENSMUSG00000113620	-0.3048564342635472	-0.4428321856394204
ENSMUSG00000036923	-0.1930169170966491	0.0314461149411279
ENSMUSG00000117137	-0.2964687511851619	-0.586137861856489
ENSMUSG00000085822	-0.6299868124458763	-0.9868144674712456
ENSMUSG00000031671	0.1183744600612966	0.256822579610542
ENSMUSG00000111302	-2.0	-2.0
ENSMUSG00000018565	-0.1044332656091441	0.4003283031928227
ENSMUSG00000020801	-0.1736808943545616	0.3093865535791119
ENSMUSG00000022831	-0.5183154952729859	-0.0108724629530945
ENSMUSG00000019814	-0.0606727779422299	0.3924626875572853
ENSMUSG00000114618	-0.6500052647030093	-0.926012726898391
ENSMUSG00000028264	-0.4190478960150742	-0.3953161264691495
ENSMUSG00000021576	-0.1106703914674365	0.3391921785785143
ENSMUSG00000110874	-0.358131832054731	-0.4500962045175684
ENSMUSG00000085900	0.1130947810028628	-0.2826229528912619
ENSMUSG00000104784	-0.2046670517127443	0.5169954690257239
ENSMUSG00000014329	-0.2742706136982528	0.0583702155488914
ENSMUSG00000041237	-0.0501986332170513	0.2012839198611535
ENSMUSG00000000359	-0.2410781204569982	-0.1376603524557075
ENSMUSG00000115316	-0.7138409463884846	-0.8533514332242248
ENSMUSG00000024313	-0.2054064249357205	-0.2315532672341267
ENSMUSG00000038236	0.0177299899319707	-0.1507956367060851
ENSMUSG00000113864	0.0802259144743	-0.0806097464082008
ENSMUSG00000104687	-0.3327415425070661	-0.3749142440486672
ENSMUSG00000090951	-0.6260943426290687	-0.8133278278626346
ENSMUSG00000107521	-0.2666215089506805	-0.3077050646321815
ENSMUSG00000028356	-0.4042882276120931	-0.6439764386428058
ENSMUSG00000068417	-0.2194892790290672	-0.3602408673640436
ENSMUSG00000115313	-0.6403772412915021	-0.5689857422223217
ENSMUSG00000051998	-0.4059227314333889	-0.3101859125348824
ENSMUSG00000110454	-0.4679267618272403	-0.3974758006177978
ENSMUSG00000029148	-0.1753910462595595	0.5096400921728977
ENSMUSG00000053080	0.0338108288554044	0.3159762199319181
ENSMUSG00000046486	-0.445829560681361	-0.5961190138937336
ENSMUSG00000100847	-0.1259817156858067	-0.2096813325308311
ENSMUSG00000114981	-0.244185340190424	-0.086698822253261
ENSMUSG00000022853	-0.2203668621825888	0.253936492604367
ENSMUSG00000044139	-0.0340757036781047	0.064654874675643
ENSMUSG00000096798	-0.4195230003614174	-0.4356052474394894
ENSMUSG00000000791	-0.0610751889985232	-0.3454959829862892
ENSMUSG00000032842	-0.0658795494098251	0.5050297163856992
ENSMUSG00000079598	-0.2589690114619123	-0.1755417032331095
ENSMUSG00000055978	-0.0698322811810005	-0.1435013044065282
ENSMUSG00000087196	-0.2909256852492284	-0.4254666307751616
ENSMUSG00000022857	-0.4808167098633063	-0.931282175051019
ENSMUSG00000028145	-0.2237840733905645	0.5101362593995791
ENSMUSG00000114564	-0.5307436711966405	-0.5238212598036062
ENSMUSG00000102529	-2.0	-2.0
ENSMUSG00000106122	-0.3349440440037778	-0.4774621359153507
ENSMUSG00000120084	-0.0284196950791201	0.1935131737080993
ENSMUSG00000020893	-0.0594069226344834	0.1212484718012358
ENSMUSG00000030035	0.0383602227001341	0.0781507465006274
ENSMUSG00000112429	-0.0721973031330451	-0.4923691565294987
ENSMUSG00000026755	-0.0858819302774246	0.1987181037913037
ENSMUSG00000000290	-0.2958705975949133	-0.2904281905283144
ENSMUSG00000074272	0.00196948281542	0.1271112155045181
ENSMUSG00000025225	-0.0171726833205512	0.1810187885875695
ENSMUSG00000025212	-2.0	-2.0
ENSMUSG00000032902	-0.0705422449855505	0.5165943334669539
ENSMUSG00000097729	-0.0316013034076863	0.3198498673063442
ENSMUSG00000111037	-0.3702883348798122	-0.1905452020370087
ENSMUSG00000092511	-0.0851376926622201	-0.0501228808719122
ENSMUSG00000110697	-0.1557229316118744	-0.1291226090487094
ENSMUSG00000021215	-0.001464562486421	0.3541645479071413
ENSMUSG00000073510	-1.0497561027683606	-1.3039862885513491
ENSMUSG00000083403	-0.2233959984587912	-0.2593971725788792
ENSMUSG00000031549	-0.2784216749536819	-0.2822220182540186
ENSMUSG00000107677	-0.5437114178976596	-0.4118972222913492
ENSMUSG00000016534	-0.022879064838612	0.4390736191347378
ENSMUSG00000024810	-0.3569510101286515	-0.2856291602872575
ENSMUSG00000108958	-0.3063279127917221	-0.5007215662891041
ENSMUSG00000070856	-0.7032319072985952	-0.8870114740469329
ENSMUSG00000073699	-0.1536078312335554	-0.2784741181705233
ENSMUSG00000040136	-0.345465962351037	-0.1593310808280772
ENSMUSG00000056938	-2.0	-0.2876530633711688
ENSMUSG00000038374	-0.1569241445824761	0.2753002954433761
ENSMUSG00000117402	-0.5199292118187856	-0.5210920610032127
ENSMUSG00000044164	-0.29115419213974	0.2057825328199448
ENSMUSG00000056148	-0.2564554303937028	-0.2867875952238814
ENSMUSG00000113314	-0.3216775984468234	-0.2794119081145037
ENSMUSG00000117992	0.0970906419443138	0.222933304193123
ENSMUSG00000053128	-0.1611846470720418	0.3774719945958933
ENSMUSG00000046828	-0.5361041455754177	-0.4627843008792651
ENSMUSG00000121053	-0.1096749054766926	0.4083949943401342
ENSMUSG00000026659	-0.0206648187855341	0.2972311588703693
ENSMUSG00000101781	-2.0	-2.0
ENSMUSG00000038605	-0.4575321109339111	0.1329027760961772
ENSMUSG00000101088	-0.3520145220730525	-0.5095611109379211
ENSMUSG00000032402	-0.1614431807733618	0.4178999637138677
ENSMUSG00000022793	-0.1763415282036576	0.4680343483711834
ENSMUSG00000102600	-0.3444685720299427	-0.2847225344270019
ENSMUSG00000016349	-0.0066507252850863	-0.1149839776594061
ENSMUSG00000022799	-0.283373723714425	-0.2197740217422308
ENSMUSG00000079014	-0.2275040235692364	0.0293913270376905
ENSMUSG00000033728	0.0832474147700244	0.1180797228870054
ENSMUSG00000081536	-2.0	-2.0
ENSMUSG00000039131	-0.2469911714067671	0.3656777600614366
ENSMUSG00000032332	-0.4607918756716601	-0.1322442410130141
ENSMUSG00000120020	-0.3355417454234614	-0.2322472223663131
ENSMUSG00000103897	-0.0227701252170569	0.2547051390851406
ENSMUSG00000020074	-0.022203713611535	0.4371824385259966
ENSMUSG00000085766	-0.219884829475588	0.3566594265076288
ENSMUSG00000072598	-0.7227081772557742	-0.7553993204510436
ENSMUSG00000031901	-0.0408726163403624	0.4115469807984022
ENSMUSG00000102676	-0.5237664812996459	-0.5518108446959652
ENSMUSG00000105816	-0.3817562532247542	-0.5097872024920448
ENSMUSG00000027297	0.0089092623847269	-0.2526623159586242
ENSMUSG00000087668	-0.2084272368858979	-0.2663944813094146
ENSMUSG00000105053	-0.1211647753933592	0.5206257850993238
ENSMUSG00000110573	-0.2728792524572747	-0.4947018439695287
ENSMUSG00000029238	-0.0537650348386253	0.5458109027065945
ENSMUSG00000002635	-0.0929004972070256	0.2781167785786161
ENSMUSG00000100051	-2.0	-2.0
ENSMUSG00000025156	0.142660346336694	-0.0269744486594482
ENSMUSG00000033883	-0.0375833065542487	0.4295559151366721
ENSMUSG00000107320	-0.2487074977765495	-0.1772535953860744
ENSMUSG00000059436	-0.0316372695884634	0.3095616116117078
ENSMUSG00000027962	-1.2211456172915038	-0.4666983219381972
ENSMUSG00000105092	-0.5212505909695868	-0.1259887972532958
ENSMUSG00000022229	-0.6302931478101768	-0.2765182054037398
ENSMUSG00000027200	-0.4491721228760451	-0.3448296668538982
ENSMUSG00000121452	-0.1483272507431411	-0.3792896398002842
ENSMUSG00000020900	-0.0335323635327389	0.5269698389470931
ENSMUSG00000040374	-0.4488311645047731	0.3886659501381421
ENSMUSG00000038498	-0.2615544846758035	-0.4607025427550534
ENSMUSG00000043432	0.2623908064219263	0.0300005247761943
ENSMUSG00000036282	-0.1589863505829696	0.4064638400829109
ENSMUSG00000104159	-0.0037199841557689	-0.2479698467405191
ENSMUSG00000031881	-0.1818475070358601	-0.3532660218581815
ENSMUSG00000112598	-0.707689423674862	-0.7340836694675543
ENSMUSG00000039981	-0.3305077631077675	-0.2763516063759489
ENSMUSG00000061086	-0.1369991130565516	0.4660100431120311
ENSMUSG00000114549	-0.2907526025658027	-0.1735139142894885
ENSMUSG00000035367	-0.1337306239434102	0.4796415217206983
ENSMUSG00000049404	-0.342214304212504	-0.2741180999351417
ENSMUSG00000042863	-0.4865629368501972	-0.7317869185294333
ENSMUSG00000090891	-0.3324140706223465	-0.282450317554733
ENSMUSG00000013539	-0.0337735763575466	0.237107716889806
ENSMUSG00000029605	-0.2159641524860955	0.363847675784936
ENSMUSG00000055942	-0.4018507969940589	-0.4357824254163254
ENSMUSG00000106211	-0.270757109143625	-0.330997748136066
ENSMUSG00000108440	-0.5004983292321786	-0.3721083509287116
ENSMUSG00000006464	-0.0598640878739231	0.2614926865882815
ENSMUSG00000044229	-0.2775429568779997	0.3230824755710346
ENSMUSG00000050244	-0.0230256729522056	0.4460855518822948
ENSMUSG00000040594	-0.0069896309132793	0.4594353119092069
ENSMUSG00000106430	-0.552142170874055	0.4697516398484345
ENSMUSG00000074248	-0.2721785751610683	-0.3229234657919624
ENSMUSG00000109704	-0.1731129839275946	-0.0684204116934577
ENSMUSG00000046556	0.0013704665302902	0.4086781102154457
ENSMUSG00000014852	-0.2711702972665584	-0.2588033188341804
ENSMUSG00000040563	-0.0268037735025779	0.3602214346210788
ENSMUSG00000111746	-0.079545650353447	-0.022856725411664
ENSMUSG00000085594	-0.1704740539126795	-0.0647944267320202
ENSMUSG00000108829	-0.0575687781309895	-0.4359667387798523
ENSMUSG00000090936	-2.0	-2.0
ENSMUSG00000001794	-0.0114373868587962	0.0285351413129865
ENSMUSG00000104585	-0.1280452399994137	-0.3732122215723637
ENSMUSG00000016386	-0.2467516376446739	0.3981140390270306
ENSMUSG00000110481	-0.573797246065147	-0.0301607264700517
ENSMUSG00000042202	-0.0585285203203777	0.4572501215489538
ENSMUSG00000087203	-0.4189840713827529	-0.1035046471744134
ENSMUSG00000041544	-0.2388610695708766	0.2289128932500148
ENSMUSG00000099571	-0.152770457962621	-0.7174748609307126
ENSMUSG00000120039	-0.5988467672639461	0.3895016908830161
ENSMUSG00000029649	-0.0769104476852993	0.469335923099129
ENSMUSG00000045883	-0.6502552792585108	-0.9519631569749676
ENSMUSG00000090191	0.048280330971907	-0.0330716159764511
ENSMUSG00000029472	-0.0363345476438499	0.4872653915740274
ENSMUSG00000072721	-1.1789611140735703	-1.1793153693281786
ENSMUSG00000112548	-0.4291685602759144	-0.5154439313142972
ENSMUSG00000016128	-0.3063695912268867	-0.100625397868522
ENSMUSG00000007279	-0.2741624979766941	-0.0351322176757167
ENSMUSG00000108026	-0.2774832211692741	-0.6915533207428427
ENSMUSG00000117890	-0.1918394162638075	0.3020892499650388
ENSMUSG00000020640	-0.1312190065703558	0.5400370097916849
ENSMUSG00000101211	-0.3956618226662179	-0.3690832036605015
ENSMUSG00000037351	-0.0620596537147768	0.3577961553911299
ENSMUSG00000017747	-0.0159211640491158	0.3164987302224212
ENSMUSG00000118546	-0.3552030931022112	-0.1832249321383662
ENSMUSG00000053528	-0.3958737813002392	-0.4984349491999238
ENSMUSG00000079058	-0.387263600489655	-0.1576308118605448
ENSMUSG00000085785	-0.4218588526250971	-0.5590084727505205
ENSMUSG00000038623	-0.2079114417401101	0.1486244923602665
ENSMUSG00000001120	-0.0780535457705898	0.4853431701383195
ENSMUSG00000031545	-0.0239579426513962	0.4883445186838618
ENSMUSG00000118611	-0.0809168844878836	-0.3009797941234663
ENSMUSG00000054611	0.0016068664557389	0.2501449433801455
ENSMUSG00000047603	0.0070441461192	0.4314837415419489
ENSMUSG00000022650	-0.5418887595004009	-0.3121301399742047
ENSMUSG00000110381	-0.5938088259648526	-0.45160566767161
ENSMUSG00000114470	-0.0715942123463805	-0.1809443278972026
ENSMUSG00000111907	-0.4213048739200727	-0.3808212804397795
ENSMUSG00000114345	-0.5978573466648032	-0.4785995874883154
ENSMUSG00000006920	-0.0294458836308495	0.3543239955595919
ENSMUSG00000042286	-0.2487552405198233	-0.0614696677606256
ENSMUSG00000028794	-0.2341741444097458	0.1083985122647007
ENSMUSG00000006699	-0.0245888726727645	0.4914835593795059
ENSMUSG00000114521	-0.3615281151720836	-0.1676171787298734
ENSMUSG00000065952	-0.0726558186231704	0.4202221881471623
ENSMUSG00000004032	-0.2079211151519085	0.2464684450311098
ENSMUSG00000016382	-0.4183502095307609	0.3607814787671538
ENSMUSG00000040113	-0.3676652184086316	-0.2765216532947656
ENSMUSG00000020323	-0.1634854948651452	-0.3266846838568523
ENSMUSG00000104661	-0.4552425952484503	-0.6920703548014998
ENSMUSG00000073176	-0.4517324717076014	0.2614854085105401
ENSMUSG00000086927	-0.4568591086151348	-0.5742893913444
ENSMUSG00000097435	-0.2644271268171629	-0.1046604530249815
ENSMUSG00000096999	0.1981103014804783	0.0488073427186638
ENSMUSG00000028309	-0.0420910620652541	0.4366730010075039
ENSMUSG00000028832	-0.1560487693922121	0.3987071633509625
ENSMUSG00000026197	-0.0285640115004323	0.3446103487318938
ENSMUSG00000056310	-0.0135645487790747	0.1962469490945972
ENSMUSG00000026600	-0.1237259126751388	0.4096954637470604
ENSMUSG00000083849	-0.5216379450638786	-0.3280768190114267
ENSMUSG00000086680	0.0917492371765415	0.3306032792152162
ENSMUSG00000107280	-0.2554768626721298	-0.2773698611088376
ENSMUSG00000059481	-0.3570152316794368	-0.3716756773365968
ENSMUSG00000005373	-0.1061715735866293	0.290760056421369
ENSMUSG00000100046	-0.1509403334481671	-0.1938421484547204
ENSMUSG00000043391	-0.2743794098531734	0.2250037722100594
ENSMUSG00000092221	-2.0	-2.0
ENSMUSG00000078994	-0.601792548291111	-0.1140387599117325
ENSMUSG00000085041	-0.3656928534307158	-0.5864506972886535
ENSMUSG00000058613	-0.1874569537164078	-0.1434622654128608
ENSMUSG00000042489	-0.024379348921714	0.4551824118025308
ENSMUSG00000086130	-2.0	-2.0
ENSMUSG00000100437	-0.1756680716144907	-0.3206446129963953
ENSMUSG00000027575	-0.087461135706019	0.3945301269377052
ENSMUSG00000087610	-0.6387444799418511	0.452599630581443
ENSMUSG00000062526	-0.2373080851102958	0.5216090116365332
ENSMUSG00000092202	-0.1690636500382379	-0.3105432217448657
ENSMUSG00000039128	-0.0302057825271376	0.4979000549652765
ENSMUSG00000026678	-0.4719115613535982	-0.4006615559318086
ENSMUSG00000024197	-0.0442053965713395	0.3818108389046898
ENSMUSG00000090774	-0.408322801854982	-0.5570911969194545
ENSMUSG00000028654	0.0257779243526686	0.217913656770494
ENSMUSG00000121482	-0.366040160760967	-0.249444861224519
ENSMUSG00000108060	-0.3888538693977332	-0.2422418052524693
ENSMUSG00000092111	-0.619427105416344	-0.7079016770916312
ENSMUSG00000108303	-0.3912410502261263	-0.5461277679211194
ENSMUSG00000097522	-0.4476971341685726	-0.3454726975694107
ENSMUSG00000096209	-0.4375272677939348	-1.0962340171585483
ENSMUSG00000037062	-0.0575136427590426	0.4454612828655501
ENSMUSG00000025369	-0.0532764348212037	0.4329609574686019
ENSMUSG00000085604	-0.0692444842765428	-0.3468787941735571
ENSMUSG00000035454	-1.018095629270076	-0.7804610011303473
ENSMUSG00000025609	-0.1090889577297817	0.476602397288705
ENSMUSG00000106070	-0.2727644832741452	-0.3556246389571498
ENSMUSG00000059409	-0.0533746412331607	0.4826580972374148
ENSMUSG00000020140	-0.3811838293216568	-0.0648406113444844
ENSMUSG00000102145	-0.2418696325029346	-0.2787697656942731
ENSMUSG00000113390	0.1385925522071407	-0.0455988572852007
ENSMUSG00000074406	-0.0379110334079797	0.194962003283812
ENSMUSG00000081849	-0.3044558106179654	-0.1396975770829014
ENSMUSG00000020057	-0.2720612283194863	0.1836251647625844
ENSMUSG00000054976	-0.5473026554838685	-0.2554410440609571
ENSMUSG00000059762	-0.3049435447992453	-0.2240848882694772
ENSMUSG00000074029	-0.4560267662791964	-0.31286091946353
ENSMUSG00000071014	-0.3335205835121147	0.4593798206521124
ENSMUSG00000039671	-0.0232383930632494	-0.1452018746978688
ENSMUSG00000027808	0.0237134315263686	0.3648113064136062
ENSMUSG00000097253	0.0104051245999792	0.3271680072260411
ENSMUSG00000030507	-0.2753142843022687	-0.4138483333452026
ENSMUSG00000026393	-0.1116014476920925	0.3130695790365413
ENSMUSG00000086709	-0.3697084354992335	-0.024442930534632
ENSMUSG00000079015	-0.5117573470039695	-0.5746812847588442
ENSMUSG00000054391	-0.0193666990839597	0.1905077898925084
ENSMUSG00000085316	-0.2490217722445718	-0.0249594625118142
ENSMUSG00000100900	-2.0	-2.0
ENSMUSG00000089761	-0.7831673539297934	-0.902143908814908
ENSMUSG00000028141	-0.3733219793205252	0.4498142882266445
ENSMUSG00000104888	-0.255828792906156	-0.3214770686306854
ENSMUSG00000041757	-0.1352683865715621	-0.008179259548836
ENSMUSG00000036526	-0.3155916650992655	-0.3821421973500843
ENSMUSG00000073987	-0.4173721938388745	0.4081072816529431
ENSMUSG00000030598	-0.0528338977169147	0.3054627237545904
ENSMUSG00000036192	-0.5542470101999505	-0.2779377811468328
ENSMUSG00000073946	-0.5959096996491375	-0.4028959224617464
ENSMUSG00000020707	-0.141581437568572	0.381514339704105
ENSMUSG00000039005	-0.4163331660209454	-0.4560096392672582
ENSMUSG00000024034	-0.2726142710132191	-0.1661583175362239
ENSMUSG00000104938	-0.4831630383002899	-0.3425360638531593
ENSMUSG00000112398	-0.4000521159480278	-0.3740390616376248
ENSMUSG00000086036	-0.2801768464976654	-0.3395172110653908
ENSMUSG00000089929	-0.4203021278592855	-0.4043239249144422
ENSMUSG00000114270	-0.3457362228040065	0.5009016820069346
ENSMUSG00000024095	-0.044755427245529	0.4376893768790819
ENSMUSG00000020366	-0.0490903796981716	0.2909512296681318
ENSMUSG00000103129	-0.4039851391420615	-0.5382527330424566
ENSMUSG00000031090	-0.0628283776881551	0.4100203114475905
ENSMUSG00000117532	-0.3006858234105898	-0.333693340139177
ENSMUSG00000059851	-0.1141492306244295	0.3660207918402536
ENSMUSG00000070995	-0.5045936040751576	-0.4236577973337265
ENSMUSG00000039838	-0.2527795102789432	-0.2142935600637214
ENSMUSG00000022437	-0.0283688804040411	0.3142528543977779
ENSMUSG00000107122	-1.2331293028742	-0.9280780983213353
ENSMUSG00000091847	-0.4900720188426526	-0.6344846479311975
ENSMUSG00000114206	-0.4042664140383518	-0.5333567885111001
ENSMUSG00000009216	-0.3153842290491988	0.0217427751059087
ENSMUSG00000034930	0.0220963988116595	-0.118079910405397
ENSMUSG00000068394	-0.0188106924600167	0.4174823220777554
ENSMUSG00000121590	-2.0	-2.0
ENSMUSG00000092464	-0.1780835442006944	-0.2690608254532594
ENSMUSG00000109792	-0.4752999651370352	-0.3486750692215916
ENSMUSG00000111960	-0.1537769824890657	-0.0926649699631259
ENSMUSG00000060586	-0.2193648977162649	-0.2297599648498958
ENSMUSG00000111923	-0.3540645446166524	-0.2471823564719341
ENSMUSG00000041431	-0.067921135727588	0.3658229363476185
ENSMUSG00000112131	-0.6414080218886072	-0.4597759201159888
ENSMUSG00000087630	-0.0918740390465764	0.0936777033349124
ENSMUSG00000020079	-0.074682028543607	0.369719272889227
ENSMUSG00000075379	-0.7460659759871073	-0.5290326343329331
ENSMUSG00000021040	0.0008808108482984	0.2947205556531272
ENSMUSG00000028251	-0.0118164643082073	0.1309901185499379
ENSMUSG00000053268	-0.3601916942694101	-0.4276021997126116
ENSMUSG00000090707	-0.1341946110394119	0.0636109634312264
ENSMUSG00000017446	-0.1958274343731398	-0.0602260359933686
ENSMUSG00000094217	-2.0	-2.0
ENSMUSG00000078118	-0.4512200767348776	-0.4764486194304986
ENSMUSG00000111471	-0.0187595385863923	0.1490854156207054
ENSMUSG00000060512	-0.2466058658255132	0.0645357060094027
ENSMUSG00000024866	-0.2528060932316752	0.4347398099872756
ENSMUSG00000060802	-0.1871652243598738	0.4540431901019993
ENSMUSG00000118291	-0.3872570324416661	-0.5011821006735456
ENSMUSG00000106775	-0.4086914748437565	-0.5194905441610875
ENSMUSG00000108750	-0.2364927923579455	-0.3657825781344424
ENSMUSG00000087110	-0.2934520437942826	-0.5873822613782231
ENSMUSG00000121493	-0.1884440284404795	0.5063353402914171
ENSMUSG00000049807	-0.0063929952836156	0.2209173190132198
ENSMUSG00000069476	-0.4998351539825554	-0.4229618036392404
ENSMUSG00000039540	-0.459526118144614	-0.6004567594883419
ENSMUSG00000022948	-0.0295551163318019	0.4865545857418464
ENSMUSG00000121801	-0.5669895893143515	-0.5327785663943125
ENSMUSG00000065954	-0.0278152190163682	0.4863222105528405
ENSMUSG00000062272	-0.4262046356060057	-0.7942733888682229
ENSMUSG00000074093	-0.1960993930174196	0.3675635126283921
ENSMUSG00000116287	-0.2450891280694437	0.3389964360929622
ENSMUSG00000093594	-0.0331411703758682	0.3374952014157945
ENSMUSG00000061111	-0.1143445998755662	0.2972526257289199
ENSMUSG00000096465	-0.5665156305384537	-0.4574093795164897
ENSMUSG00000021190	-0.0609270519699709	0.4702081455353172
ENSMUSG00000041012	-0.2019482513407998	0.2668420089733274
ENSMUSG00000111266	-0.2240122837863346	-0.2520943561915214
ENSMUSG00000120508	-0.2634005025409403	-0.1346073539999912
ENSMUSG00000110910	-0.2158730451006431	0.4170762471156493
ENSMUSG00000029451	-0.3865840165550411	-0.3234911190999089
ENSMUSG00000058499	-0.4310205292395707	-0.3788831520627911
ENSMUSG00000032087	-0.2760777736646788	0.1330040136926782
ENSMUSG00000110537	-0.1782872527678845	-0.3066526531582404
ENSMUSG00000031441	-0.0998777841446697	0.3475235991891215
ENSMUSG00000053399	-0.4344442481404421	-0.19846294843037
ENSMUSG00000081940	-0.7248992775128777	-0.7505420732621717
ENSMUSG00000116973	0.5025595732582923	0.1312933027659869
ENSMUSG00000121546	-2.0	-2.0
ENSMUSG00000018698	-0.2399851605015101	-0.1318269004461379
ENSMUSG00000034121	-0.0793576054106512	0.4297835997390293
ENSMUSG00000050192	-0.1417807597971535	0.3554821706183983
ENSMUSG00000074569	0.0231815671087861	0.0029540770431709
ENSMUSG00000021635	-0.0396590069543639	0.4133571072887183
ENSMUSG00000015980	-0.0830272085076027	0.5397265510995206
ENSMUSG00000082081	-2.0	-2.0
ENSMUSG00000015289	0.005650429164303	0.3293909631409205
ENSMUSG00000024792	-0.2821875840971601	0.3652486826167322
ENSMUSG00000029486	-0.0470783045898731	0.5068231279147731
ENSMUSG00000050211	-0.2335994977349675	0.1348527037134108
ENSMUSG00000113667	-0.4536658972952712	-0.5327474659479555
ENSMUSG00000120660	-0.3794211279964456	0.3086382480171306
ENSMUSG00000027457	-2.0	-2.0
ENSMUSG00000102256	-0.3284898535313625	-0.2496398922723221
ENSMUSG00000047139	-0.0450859152385913	0.2740756027339448
ENSMUSG00000008475	-0.1132977065124315	0.4552707168929922
ENSMUSG00000049128	-0.4962602644436314	-0.3504869807730247
ENSMUSG00000019797	-0.0161779411566747	0.3772781959044051
ENSMUSG00000030165	-0.6563903576525325	-0.6137627958092122
ENSMUSG00000030917	-0.2077428225248851	0.3835841592849707
ENSMUSG00000072738	-0.1325187233627278	-0.0868006321565377
ENSMUSG00000027291	-0.0552856343363064	0.3291003823925861
ENSMUSG00000059890	-0.0316090569039062	0.3812927349178678
ENSMUSG00000044864	-0.137993557975523	0.4994520052217706
ENSMUSG00000025016	-0.036958383693932	0.4638828404052122
ENSMUSG00000097587	0.0319042868066529	-0.2263018851681933
ENSMUSG00000111873	-0.3246099481879017	0.3847908937297082
ENSMUSG00000111062	-0.3546638120244453	-0.4357442834096985
ENSMUSG00000027770	-0.0480476175692713	0.448761028290636
ENSMUSG00000121470	-1.0306820479422742	-2.0
ENSMUSG00000042249	-0.1976843378054345	0.3888660516623804
ENSMUSG00000043282	-0.4790990116059349	-0.2067506557933587
ENSMUSG00000028236	-0.4412036196813495	-0.3388544260210619
ENSMUSG00000041720	-0.1232158668778985	-2.0
ENSMUSG00000113195	-0.2931284926812467	-0.1636256204646366
ENSMUSG00000100511	-0.5732942442903239	-0.7637755734125645
ENSMUSG00000104450	-0.2491162530949045	-0.4897081875687569
ENSMUSG00000024873	0.0849828588495262	0.1154592643348615
ENSMUSG00000102121	-0.3661180505839302	-0.2403563254149716
ENSMUSG00000043091	-0.0522385731707982	0.3601073528098706
ENSMUSG00000020882	-0.0516694993133766	-0.068396812451151
ENSMUSG00000020702	-0.5346662325509107	-0.3006273308296588
ENSMUSG00000099338	-0.0438404092367966	0.0760474618636663
ENSMUSG00000033420	-0.2889415832557705	0.1948603076091425
ENSMUSG00000069806	-0.0136819597976188	0.1889678355232383
ENSMUSG00000085292	-0.372523330510524	-0.2291088300106678
ENSMUSG00000085735	-0.3815705195480949	0.4182319975883674
ENSMUSG00000055184	-0.2076842486272374	0.5192326943699751
ENSMUSG00000005413	-0.0693943652145105	0.3327579023446219
ENSMUSG00000113457	-0.3261798417379752	-0.2356140217739795
ENSMUSG00000072592	-2.0	-2.0
ENSMUSG00000118579	-0.2447859267619854	-0.2500828948262251
ENSMUSG00000112421	-0.3191103214967363	-0.3686416776989793
ENSMUSG00000097533	-0.1119691917118729	0.4631676640431963
ENSMUSG00000116437	-0.4389907347297848	-0.4601987581756478
ENSMUSG00000110380	-0.2889850053458958	-0.3680260863070976
ENSMUSG00000029074	-0.186272670177437	0.2592143623748044
ENSMUSG00000026721	-0.3198701678267509	0.5143043733186513
ENSMUSG00000025437	-0.0476701792207547	0.4684888223654558
ENSMUSG00000055917	-0.0571315566270507	0.4813958999155074
ENSMUSG00000070866	-0.6066007260113695	-0.4751421742963247
ENSMUSG00000064037	-0.039518662531108	0.3498418406647813
ENSMUSG00000109967	-0.3159086678601111	-0.4870830730727291
ENSMUSG00000079699	-0.8515303065407337	-0.7928780414772733
ENSMUSG00000062257	-0.4751847166584775	-0.4032606549990432
ENSMUSG00000053886	-0.2929553826303777	0.2902973357199044
ENSMUSG00000002059	-0.1724304289616675	0.2359509209826862
ENSMUSG00000114035	-0.4524444163841308	-0.1015077109414654
ENSMUSG00000028786	-0.1967435529038874	-0.0598400617659584
ENSMUSG00000078889	-2.0	-2.0
ENSMUSG00000046245	-0.2035866492095638	-0.206765057348388
ENSMUSG00000006134	-0.0378268752490033	0.5041227437071736
ENSMUSG00000107956	-0.2656226732569755	-0.2946661936627451
ENSMUSG00000040618	-0.0375419200869513	0.3096297416467861
ENSMUSG00000121358	-0.7846210284500765	-0.6238012992867487
ENSMUSG00000036459	-0.0310109497459244	0.387195418253085
ENSMUSG00000096706	-1.2051900116212633	-2.0
ENSMUSG00000105891	-0.2492254017505359	-0.029056495111591
ENSMUSG00000090946	-0.240424008864965	0.487656673105874
ENSMUSG00000029263	-0.0745047388194437	0.4753300097158546
ENSMUSG00000064326	-0.2073770752366332	0.4149345938110676
ENSMUSG00000103424	-0.501053498299637	-0.5562933980503427
ENSMUSG00000112922	-2.0	-2.0
ENSMUSG00000121461	-2.0	-2.0
ENSMUSG00000038696	-0.0894293783964368	0.4348140834621839
ENSMUSG00000073458	-2.0	-2.0
ENSMUSG00000040435	0.0522337846059367	0.3374820237152492
ENSMUSG00000084802	-0.2629941599995861	-0.2274092900914874
ENSMUSG00000045636	-0.076953894756031	0.4837894927750144
ENSMUSG00000114168	-0.3794892387202003	-0.2074545134335129
ENSMUSG00000061531	-0.432286603467858	-0.6616416520999745
ENSMUSG00000024668	-0.044223091400498	0.3697329908608183
ENSMUSG00000101262	-0.1480575953838027	-0.4211424372061488
ENSMUSG00000022808	-0.035033060233358	0.410184839777753
ENSMUSG00000101192	-2.0	-2.0
ENSMUSG00000035177	-0.4332564292392227	-0.79448708252649
ENSMUSG00000046959	-0.189577670917739	-0.0775720603765457
ENSMUSG00000114005	-0.2595422498999717	-0.3087421900402371
ENSMUSG00000039270	-0.4934102816637147	0.4727310050567667
ENSMUSG00000078940	-0.3493793536654443	-0.3065381043241933
ENSMUSG00000067561	-0.3468964209417022	-0.151412377402934
ENSMUSG00000085560	-0.2691980281531891	0.4893658043448467
ENSMUSG00000120574	-0.2377919892693805	0.5153674896444567
ENSMUSG00000022595	-0.2620034638629615	-0.2181025158610105
ENSMUSG00000028571	-0.3141581613406259	-0.1902718521713342
ENSMUSG00000112979	-2.0	-2.0
ENSMUSG00000020087	0.0244887052869996	0.0951728397268375
ENSMUSG00000110386	-0.3420645876616208	-0.2287364133852467
ENSMUSG00000094814	-0.2655780029591347	-0.174707242147494
ENSMUSG00000062345	-0.5742732262854676	-0.5780851374927037
ENSMUSG00000111189	-0.0191076671814516	-0.1563764703990048
ENSMUSG00000025537	-0.0217967414233253	-0.1030728514855999
ENSMUSG00000086068	-0.2909278916502389	-0.5580096758673375
ENSMUSG00000041679	-0.0327846110117484	0.2503326466562494
ENSMUSG00000027485	-0.264575491771803	-0.1258847910818908
ENSMUSG00000092360	-0.0208718286083266	0.3110125978335873
ENSMUSG00000094813	-2.0	-2.0
ENSMUSG00000036594	-0.3716833630055147	-0.3014578996042596
ENSMUSG00000034621	-0.0099421509188832	0.5149314091589662
ENSMUSG00000096793	-0.0652931374198389	0.4183765404089569
ENSMUSG00000038415	0.0140496158350806	-0.4449033981006186
ENSMUSG00000102279	-0.1112282919073668	-0.1959364019653488
ENSMUSG00000071984	-2.0	-2.0
ENSMUSG00000004455	-0.037462094175114	0.32332306696305
ENSMUSG00000075099	-0.660431702491648	-0.4962011484713891
ENSMUSG00000021240	-0.0661370934871739	0.5009000373902281
ENSMUSG00000071659	-0.0981372157074031	0.4479331752494544
ENSMUSG00000097624	-0.0170586611424427	0.4572110218471334
ENSMUSG00000021483	-0.0710701096397031	0.5208300440004243
ENSMUSG00000059013	-0.1069810004791771	-0.1554597039210909
ENSMUSG00000030604	-0.0388132508491736	0.0410764826551038
ENSMUSG00000025371	-0.2090643743160661	0.4459085697148135
ENSMUSG00000031429	-0.442962956718104	0.253400915304892
ENSMUSG00000013646	-0.081123718303847	0.3189585616069802
ENSMUSG00000108794	-0.3822552828196368	-0.4577184161558991
ENSMUSG00000024082	-0.1321747349004072	0.3599405347611225
ENSMUSG00000026999	-0.0513594804998326	0.4465365457649276
ENSMUSG00000116903	-0.2774085219554905	-0.2986061129914034
ENSMUSG00000031847	-0.0311839399371469	0.0664088248252551
ENSMUSG00000067242	-0.3150457194733493	-0.2906835584302967
ENSMUSG00000060204	-0.3136780377370328	-0.3090689006388362
ENSMUSG00000113942	-2.0	-2.0
ENSMUSG00000003316	-0.0220046571113879	0.5279362474810328
ENSMUSG00000083949	-0.6045754692143497	-0.3727449845858163
ENSMUSG00000120888	-0.2000133152103946	0.0703892257597048
ENSMUSG00000090722	0.1172845563535227	0.314546801980493
ENSMUSG00000092609	0.3783459278710989	-0.1474997560251574
ENSMUSG00000078552	0.0912327978289825	-0.1066787460224505
ENSMUSG00000004113	-0.2439043959816664	0.3820844340828956
ENSMUSG00000037965	-0.321751932743238	-2.0
ENSMUSG00000079455	-2.0	-2.0
ENSMUSG00000036246	-0.1152602428938835	0.2750126599928456
ENSMUSG00000049600	0.0026623862190819	0.2113437742737102
ENSMUSG00000019194	-0.0408749066769462	0.190000387262387
ENSMUSG00000070855	-0.4302459272348824	-0.6002926436273234
ENSMUSG00000007415	-0.028544531548846	-0.2286940566937694
ENSMUSG00000022582	-2.0	-2.0
ENSMUSG00000052821	-0.7954649759167046	-0.9316529224341552
ENSMUSG00000022245	-0.106801688551765	-0.210843213800024
ENSMUSG00000028256	-0.1783025740490351	0.5019532347235143
ENSMUSG00000084974	-0.0688514326884949	0.2417585955879193
ENSMUSG00000035051	-0.0196207966558381	0.4332579766970182
ENSMUSG00000036500	-0.1346842029360096	-0.242637076034083
ENSMUSG00000051306	-0.0419409369866115	0.5463348433343691
ENSMUSG00000082418	0.0223081708758763	-0.1044380158803271
ENSMUSG00000089656	-0.3453618684016104	-0.241998203814973
ENSMUSG00000021254	-0.0374895533908122	0.4837840754970043
ENSMUSG00000113174	-2.0	-2.0
ENSMUSG00000120831	-0.4252468980853603	-0.4102623503671379
ENSMUSG00000112865	-0.3572370172480739	-0.6181740169354148
ENSMUSG00000019173	-0.0848011582395088	0.4515755289791811
ENSMUSG00000046182	-0.3125083165850797	-0.0973852825580791
ENSMUSG00000112053	-0.3508911500667677	-0.3059614379222968
ENSMUSG00000073752	-0.1635594127629737	0.2103192690705328
ENSMUSG00000037058	-0.081528773967873	0.2763528722143152
ENSMUSG00000022288	-0.1889176078603251	-0.256447278302966
ENSMUSG00000113452	-2.0	-2.0
ENSMUSG00000114012	-0.4662937641986949	-0.4889923641522491
ENSMUSG00000116755	-0.3265232768473992	-0.3123035957015747
ENSMUSG00000105550	-0.4151271501917226	-0.4559557804576466
ENSMUSG00000025429	-0.2036753538144724	0.164916418382615
ENSMUSG00000042613	-0.0604600814460144	0.1316109662989463
ENSMUSG00000090116	-0.4622262249763595	-0.546754272720131
ENSMUSG00000033940	-0.0947494609926123	0.376365232514823
ENSMUSG00000075061	-0.3698244348601451	-0.5320227161003299
ENSMUSG00000068196	-0.4942996308986732	-0.3064689673461535
ENSMUSG00000026154	-0.2148496155167136	0.4217864895818409
ENSMUSG00000097265	-0.4167393179669858	-0.1105846673010047
ENSMUSG00000113332	0.0372332935359935	-2.0
ENSMUSG00000032998	-0.0204349640033074	0.513977350131813
ENSMUSG00000023266	0.0343300022095353	0.2693251763407249
ENSMUSG00000038417	-0.0191762915057673	0.3472538851175054
ENSMUSG00000056204	-0.0288319958875982	0.4075006965544735
ENSMUSG00000043314	-0.3682638909209234	-0.2695819417199281
ENSMUSG00000030647	-0.0597436716180142	0.3935172934779285
ENSMUSG00000092578	-0.4389350317995572	-0.4334760110867546
ENSMUSG00000060636	-0.123614711108745	0.1843893065839562
ENSMUSG00000042225	-0.4543584447376384	0.4403882459125655
ENSMUSG00000105745	0.1172719587002687	0.0584464479655179
ENSMUSG00000111639	0.0594399653076961	0.1256959200286563
ENSMUSG00000113771	-0.409764461343416	-0.4685019488753164
ENSMUSG00000026457	-0.0613652120364095	0.2264648276401916
ENSMUSG00000039174	-0.3937986248955206	-0.4917510135108988
ENSMUSG00000116038	-0.3093861347068026	-0.2529342116798142
ENSMUSG00000113384	-0.5190636266908084	-0.9115200862065528
ENSMUSG00000049551	-0.2097051225197118	0.1042343821964747
ENSMUSG00000103899	-0.0030177761161202	-0.0150816826574187
ENSMUSG00000105304	-0.0824215014989711	0.002732219994998
ENSMUSG00000102492	-2.0	-2.0
ENSMUSG00000085118	-0.2245777263574403	-0.0855255693115224
ENSMUSG00000094507	-2.0	-2.0
ENSMUSG00000019975	-0.1711308677516669	0.5089050026752886
ENSMUSG00000118584	-0.4066941464419041	-0.35106261493272
ENSMUSG00000101874	-0.4011712069979245	-0.4654822259199975
ENSMUSG00000110245	-0.4254616566476914	-0.2795152218080625
ENSMUSG00000096051	-0.4505231981296237	-0.356948441464143
ENSMUSG00000097328	-0.0377308904114379	0.1285446554787144
ENSMUSG00000101969	-0.4967632253122571	-1.4369073427771748
ENSMUSG00000000134	0.029714851737716	0.0033384988972177
ENSMUSG00000063780	-0.1720779996310514	-0.3593271578712184
ENSMUSG00000028322	-0.141840718798207	0.3068640328016982
ENSMUSG00000049939	-0.0152878470605534	0.153707572736297
ENSMUSG00000055067	-0.0612590811390318	0.470244621737003
ENSMUSG00000086255	0.0310203750321752	0.0066636761415201
ENSMUSG00000096960	-0.3329105121794592	0.547339947308233
ENSMUSG00000022865	-0.0243820132822109	0.4018576880144882
ENSMUSG00000040462	-0.0385520422095733	0.2009730021768882
ENSMUSG00000044244	-0.0841808483094378	-0.0318284541391378
ENSMUSG00000055204	-0.0241328285003689	0.4724776509987838
ENSMUSG00000096986	-0.2432391735954258	0.5186905170655995
ENSMUSG00000026895	-0.1014464863911183	0.3971248551325242
ENSMUSG00000100693	-2.0	-2.0
ENSMUSG00000110264	-0.3129137631806528	-0.362468464150776
ENSMUSG00000058741	-0.147157838703866	0.0255074785957051
ENSMUSG00000105931	-0.5433458488524657	-0.5752353120866603
ENSMUSG00000044014	-0.4184310136072294	-0.1996690244145927
ENSMUSG00000108393	-0.127679600783851	-0.3599373770851218
ENSMUSG00000042010	-0.0323895984360785	-0.1697646840961672
ENSMUSG00000057531	-0.0286347960133913	0.4222368444760757
ENSMUSG00000058979	-0.0781065688003728	0.5010754280837088
ENSMUSG00000113608	-0.2570394867692419	0.1101262156107486
ENSMUSG00000075169	-0.8246799215522143	-1.3721360148144006
ENSMUSG00000046180	-0.3196505241062911	-0.8721438095440848
ENSMUSG00000106835	-0.3558163502245431	-0.2657716394765098
ENSMUSG00000035451	-0.2910086875922251	-0.0724816119200987
ENSMUSG00000108891	-0.8498961979143755	-0.751728963708624
ENSMUSG00000117404	-0.5482551543838787	-0.4236565762446017
ENSMUSG00000018574	0.0592316068132902	0.267140833707493
ENSMUSG00000040321	-0.0275400872363561	0.4002450224316194
ENSMUSG00000094157	-2.0	-2.0
ENSMUSG00000058275	-0.3451316419566127	-0.6038889160926919
ENSMUSG00000090307	-0.2914096645852628	0.0078082678523145
ENSMUSG00000116219	-0.0841126355954602	-0.1247350713058907
ENSMUSG00000029211	-0.528997132114566	-0.2760415271518316
ENSMUSG00000079495	-0.291382479521148	-0.1826499140541852
ENSMUSG00000090054	-2.0	-2.0
ENSMUSG00000074224	-0.1918006444396947	-0.1883591847359448
ENSMUSG00000041020	-0.4317426428520149	-0.0084469084910247
ENSMUSG00000067001	-0.5798542933520991	-0.5725840718113504
ENSMUSG00000044502	-0.1242179429984191	0.3347998424253882
ENSMUSG00000110062	0.128695031100976	0.287644549569437
ENSMUSG00000044985	-0.5884723136157028	-0.5424360263191866
ENSMUSG00000118417	-1.1252109797954035	-1.3705537015058051
ENSMUSG00000049804	-0.0516174554633877	0.2774276664794923
ENSMUSG00000112075	-0.5798025670140962	-0.8521462849226676
ENSMUSG00000072974	-0.0024536464369755	-0.2041978152010861
ENSMUSG00000020490	-0.402181342843272	-0.2091207447319342
ENSMUSG00000023169	-0.0015905158273461	0.3345691455564331
ENSMUSG00000113273	-0.2228455852415801	-0.2911100602308953
ENSMUSG00000086712	-0.2079171896834626	-0.0664010652415261
ENSMUSG00000110622	-0.1917113608242343	-0.4243995403774936
ENSMUSG00000109730	-0.3233574115448359	-0.3664152094815252
ENSMUSG00000030091	-0.0648864983014731	0.46496888461006
ENSMUSG00000101166	-0.0601158936419359	0.3953686844767728
ENSMUSG00000046139	-0.0637899677042492	0.4973786478907825
ENSMUSG00000105947	-0.1912277114515315	-0.2648776485890536
ENSMUSG00000060380	-2.0	-2.0
ENSMUSG00000102902	-0.6501929367956031	-0.6260222662583271
ENSMUSG00000108875	-0.3459544402878351	-0.3946742849508269
ENSMUSG00000093662	-0.413491685600971	-0.0256803050944358
ENSMUSG00000028836	-0.0554718280160521	0.402339118509332
ENSMUSG00000025194	-0.2798843764070163	-0.2547543362228919
ENSMUSG00000032263	-0.1629335336857768	0.4330305044539511
ENSMUSG00000031610	-0.3178419220733019	-0.5333313409796661
ENSMUSG00000118180	-0.430154358710522	-0.521809671062552
ENSMUSG00000101112	-0.3931164766985836	-0.3064654492191696
ENSMUSG00000111429	-1.373598034939314	-0.4143265746896551
ENSMUSG00000089798	-0.1735706466295718	0.0283692669278689
ENSMUSG00000004895	-0.0487876382281731	0.4858057225231277
ENSMUSG00000028750	-0.1464344081865239	0.3484590783683467
ENSMUSG00000063260	-0.2934940411992847	-0.0988771466854196
ENSMUSG00000047155	-0.3979927786574304	-0.3521935059007507
ENSMUSG00000085471	-2.0	-0.7508995228170776
ENSMUSG00000074594	-0.3108098109588026	-0.1345415061450893
ENSMUSG00000032355	-0.4825449227571056	-0.4281745414362872
ENSMUSG00000033220	-0.1126360369797129	0.1763887935970843
ENSMUSG00000038013	-0.0333444605539612	0.3856548832642736
ENSMUSG00000027335	-0.2914157814592077	-0.2283919438946457
ENSMUSG00000092083	-0.4239105445117089	-0.0986338874213029
ENSMUSG00000098302	-0.0587146183253419	0.5087747400592989
ENSMUSG00000120728	-0.0412146782777817	0.3242104099531665
ENSMUSG00000029627	-0.2092439135406073	0.0456924804971492
ENSMUSG00000071350	-0.3628083748412383	0.5137461583862559
ENSMUSG00000087621	-0.5358072274491306	0.5390760987927766
ENSMUSG00000046111	-0.0504781635127281	0.4994698810725396
ENSMUSG00000051008	-0.0889883174042602	0.4771412318063605
ENSMUSG00000040998	-0.3245813370883891	0.018449250709112
ENSMUSG00000113688	-0.5080673742231353	-0.2611478046848491
ENSMUSG00000090062	-2.0	-2.0
ENSMUSG00000047356	-0.3435684874672548	-0.3435136949275509
ENSMUSG00000031143	-0.1606383666901611	0.3452356362928471
ENSMUSG00000086758	-0.565990226681142	-0.6712788043852286
ENSMUSG00000108563	-0.0484022739548174	0.2724278565867974
ENSMUSG00000024957	-0.1405105647329803	0.0619688768299494
ENSMUSG00000113540	-0.2091516545700229	-0.3132373926552544
ENSMUSG00000020261	-0.0714528880142896	0.2696259394789775
ENSMUSG00000030219	-0.3522239952149474	-0.2905848460798756
ENSMUSG00000121579	-0.0598357750897461	-0.0283349454468885
ENSMUSG00000083930	-0.4048531178563829	-0.4062271756199442
ENSMUSG00000114392	-0.5536001637652089	-0.6583653305875568
ENSMUSG00000000303	-0.0140000252344413	0.3627786892162131
ENSMUSG00000023964	-0.4857905178061147	-0.2692453327785745
ENSMUSG00000086856	-0.2594658375226128	-0.3246734495540969
ENSMUSG00000027965	-0.4962444431207716	-0.37770638094823
ENSMUSG00000110013	-0.4906165369233937	0.1240011692623466
ENSMUSG00000097740	-0.0455403011268015	-0.0115732243068891
ENSMUSG00000034800	-0.0199271468575256	0.3351504759034977
ENSMUSG00000050394	-0.1298647145808724	0.1583016866112999
ENSMUSG00000087176	-0.2961774735675926	0.4824333516758667
ENSMUSG00000108866	0.0954709853958177	0.1451207321795501
ENSMUSG00000095663	-0.8729211304379645	-2.0
ENSMUSG00000071745	-0.5331498407102018	-0.6251047150636093
ENSMUSG00000020886	-0.1257582992889242	-0.1977680101022306
ENSMUSG00000084297	-0.3970820393719043	-0.3535198133080418
ENSMUSG00000072423	-0.528445356290553	-0.4730397120995857
ENSMUSG00000107050	-0.019964250809465	0.0692281047006781
ENSMUSG00000112757	-0.1464316093653439	-0.1338599323932928
ENSMUSG00000116455	-2.0	-2.0
ENSMUSG00000078611	0.0500377549200193	0.0015828947357902
ENSMUSG00000113736	-0.0963794122675905	0.0413106352322293
ENSMUSG00000020407	-0.0320409490042689	0.2703671500537021
ENSMUSG00000028553	-0.1717410765946155	-0.3485624508617151
ENSMUSG00000008393	-0.035621367729474	0.3405674448921335
ENSMUSG00000085472	-0.0917343284094919	-0.4472245008561066
ENSMUSG00000103458	-0.3028960800612313	-0.2318364044929019
ENSMUSG00000113640	-0.1346341056927324	0.3830052438702269
ENSMUSG00000046807	-0.1066718613814301	0.0538018441587049
ENSMUSG00000110988	-0.2769384093387963	-0.2589458327624838
ENSMUSG00000109006	-0.6249834637677574	-0.5920213685746366
ENSMUSG00000030579	-0.4299242946783958	-0.2888865093403799
ENSMUSG00000085022	-0.4149155211676308	-0.5900584612384894
ENSMUSG00000021666	-0.0312826890694524	0.3877278748678999
ENSMUSG00000097399	-0.1237402335340207	-0.056947125881614
ENSMUSG00000048154	-0.0197411292428488	0.2040010782657227
ENSMUSG00000036264	-0.3434734670441632	-0.4013773361787157
ENSMUSG00000111710	-0.4870384693590882	-0.4666237899026017
ENSMUSG00000103092	-0.3726447960440733	-0.4697665075706862
ENSMUSG00000025577	0.0256687182737012	0.4849500820839697
ENSMUSG00000048100	-0.1271526706781683	0.5524956805628535
ENSMUSG00000021876	-0.3249958319068796	0.2266173281854488
ENSMUSG00000014198	-0.0266694613439005	-0.2650248883838689
ENSMUSG00000073860	-0.3118666576364657	-0.3930394531278882
ENSMUSG00000030116	-0.041157665157597	-0.1881596730081093
ENSMUSG00000099446	-0.1381981652084687	-0.2146411323056228
ENSMUSG00000089713	-0.3164524600799467	-0.1413108860865753
ENSMUSG00000113233	-0.3692941434402446	-0.7700378121852722
ENSMUSG00000090379	-0.5047093756258637	-0.6349067284979086
ENSMUSG00000120770	-0.2691747490655183	-0.1725834224450408
ENSMUSG00000087040	-1.039644066441835	-0.6260726046339312
ENSMUSG00000102195	-2.0	-2.0
ENSMUSG00000098702	-0.0916538703286637	0.3504748004269524
ENSMUSG00000042675	-0.1865920965919342	0.0903229629338335
ENSMUSG00000032178	-0.0234114309513866	0.3842472920794396
ENSMUSG00000038760	-0.2041516699372905	-0.3273218689340456
ENSMUSG00000043822	-0.0436680672953152	0.1920143933116412
ENSMUSG00000037376	-0.1375434987990985	0.4453444829065042
ENSMUSG00000026825	-0.0497102285814692	0.2828449799250025
ENSMUSG00000102868	-0.4114903089606573	-0.5530467557600028
ENSMUSG00000023047	0.0177891887541397	-0.1490326281699738
ENSMUSG00000034343	-0.0536753891605557	0.4892745950461071
ENSMUSG00000035062	-0.6925874059882768	-0.0056453596982376
ENSMUSG00000107533	-0.3274771480597716	-0.4758353295824256
ENSMUSG00000005886	-0.0749514535568483	0.3371308704402898
ENSMUSG00000006715	-0.1288914941075506	0.4181132773678062
ENSMUSG00000114632	-0.3253815075897735	-0.1232329395077874
ENSMUSG00000074466	0.0626338708588093	-0.0671958710243637
ENSMUSG00000094724	-0.0274339507410694	0.3957127694495492
ENSMUSG00000022009	-0.0343450436805606	0.3423693777739459
ENSMUSG00000097049	-0.438444753370914	0.048210221682118
ENSMUSG00000115302	-0.2449063575286053	-0.334711576230022
ENSMUSG00000097878	-0.2051019721599863	-0.2226136363100299
ENSMUSG00000098894	-0.0534748346565409	0.0292037719998889
ENSMUSG00000078754	-0.5759418213806387	-0.3101610745798696
ENSMUSG00000027438	-0.088877775712021	0.5149799726283852
ENSMUSG00000024981	-0.1589680635027604	0.3223263661449098
ENSMUSG00000032737	-0.0277660491008761	0.321694929628479
ENSMUSG00000115729	-0.1862936111621617	-0.1588092738398498
ENSMUSG00000066043	-0.0398159609745887	0.531888493465968
ENSMUSG00000031166	-0.137661425747246	0.1090666754907778
ENSMUSG00000030603	-0.1000881631241396	0.3555679804893887
ENSMUSG00000121380	-0.3944191620728983	-0.2668611799317479
ENSMUSG00000019917	-0.1585299049261259	0.5407032827225716
ENSMUSG00000017631	-0.0137396014019763	0.241288417079695
ENSMUSG00000041658	-0.3131555694919543	0.489519746958355
ENSMUSG00000074030	-0.0816570627379609	0.2146637373833364
ENSMUSG00000111299	-0.412309908550828	-0.3773175234146241
ENSMUSG00000023011	-0.1323246662357622	-0.0248921259121473
ENSMUSG00000101539	-2.0	-2.0
ENSMUSG00000072624	-0.236782765270466	-0.2676478861890785
ENSMUSG00000078903	-2.0	-2.0
ENSMUSG00000023075	-0.0811453913126397	0.4613814585886401
ENSMUSG00000092185	-0.0274605055653405	0.1407442953012723
ENSMUSG00000085135	-0.3743476562566733	-0.3117907906856359
ENSMUSG00000041885	-0.3211971010658836	-0.6063153156798852
ENSMUSG00000086728	-0.0247252092846771	0.37177730777204
ENSMUSG00000104761	-0.3881350650051783	0.3627545775264259
ENSMUSG00000037469	-0.1133283752748938	0.070363003715498
ENSMUSG00000068735	-0.0298974947796246	0.1286547293406199
ENSMUSG00000029235	-0.1666727028270546	0.0176497668209006
ENSMUSG00000042042	-0.1982721651943559	0.5191165329368685
ENSMUSG00000107865	-0.4256834655540711	-0.3083741678064406
ENSMUSG00000032174	-0.0016841546452922	-0.1600527156510811
ENSMUSG00000121193	-0.4360952688730501	-0.1311386448484506
ENSMUSG00000051180	-0.238764428422244	-0.52123732264475
ENSMUSG00000030022	-0.134391754548735	0.420350562282519
ENSMUSG00000040964	-0.0122891462215152	-0.1046741587905154
ENSMUSG00000111846	-0.1977032345581335	0.0714243584798236
ENSMUSG00000111219	-0.2612349749537219	-0.3500429685734969
ENSMUSG00000029782	-0.036682692840636	0.4562041295564294
ENSMUSG00000087143	-0.3529346504820742	-0.3720464000382862
ENSMUSG00000097032	-0.1692548338819986	0.5161780081248795
ENSMUSG00000049287	-0.1469949008163345	0.5114416259517417
ENSMUSG00000064115	-0.606457786816758	0.1092048997104644
ENSMUSG00000044708	-0.1371548885190717	0.2845299898115618
ENSMUSG00000034538	-0.1071340407641098	0.3660694003786955
ENSMUSG00000019143	-0.2488436554577991	0.4907670038931559
ENSMUSG00000027596	-0.3191249910531668	-0.2492460166595998
ENSMUSG00000057335	-0.1314140983380461	0.5274043184544148
ENSMUSG00000090150	-0.2027562871438009	0.4375412902484528
ENSMUSG00000075284	-0.1883028994807933	0.4967439959151934
ENSMUSG00000001380	-0.1331749414843967	0.4902774071061635
ENSMUSG00000004864	-0.176077882991629	0.1201944816412164
ENSMUSG00000004552	-0.2733581916054037	-0.3080421355343241
ENSMUSG00000110754	-0.0019420709144073	0.0370760522661955
ENSMUSG00000031756	-0.0870198393770199	0.4546717172425215
ENSMUSG00000027671	-0.0457157037909031	0.4150097603662638
ENSMUSG00000106733	-0.2649057817603076	-0.0892662349635684
ENSMUSG00000082886	-0.8417219622651161	-1.1793451661834715
ENSMUSG00000105818	-0.2841373237413257	-0.0498911237150642
ENSMUSG00000028461	-0.0492407594500612	0.2896705423012816
ENSMUSG00000040734	-0.0401668140633279	-0.0657335037421246
ENSMUSG00000084336	-0.4456053411266307	-0.5536044521692969
ENSMUSG00000112846	-0.256400046219781	-0.2835278714230728
ENSMUSG00000110340	-0.4375967316931171	-0.6943579655377492
ENSMUSG00000117124	-0.4132383374710812	-0.7433149596003347
ENSMUSG00000090457	-0.4396114917828885	-0.1218582060308853
ENSMUSG00000075573	-0.453974602933069	-0.5333536149030699
ENSMUSG00000115553	-0.5544141651251866	-0.2043633947407246
ENSMUSG00000100787	-2.0	-2.0
ENSMUSG00000121800	-0.6518505759744531	-0.7099408906653623
ENSMUSG00000085003	-0.395235625888242	-0.2034095718290595
ENSMUSG00000109582	0.2657175793142604	0.3048695083457845
ENSMUSG00000060030	-0.4700848001973686	-0.5892211137770335
ENSMUSG00000086189	-0.0316160631942451	-0.0449784862779548
ENSMUSG00000105852	-0.1039694254858958	0.3781616095549128
ENSMUSG00000025521	-0.0395566224123433	0.3967606020378657
ENSMUSG00000007617	-0.2071405051677063	0.5332988796816417
ENSMUSG00000030867	-0.0797014253140879	0.355814206642794
ENSMUSG00000053253	-0.1379075180335184	0.4674624778415392
ENSMUSG00000099329	-0.0170405034796441	0.3894304803431498
ENSMUSG00000112141	-0.1897338691817186	-0.2774411149002694
ENSMUSG00000109857	-0.0966954159882968	0.3369393942912013
ENSMUSG00000109442	-0.2520797670673	-0.3080038268689586
ENSMUSG00000021066	-0.1735591182253438	0.5248910266031986
ENSMUSG00000029634	-0.1103714948042013	0.47300379511812
ENSMUSG00000099551	-2.0	-2.0
ENSMUSG00000100585	-0.1728418505429995	-0.1100800782266585
ENSMUSG00000035024	-0.0258025129824256	0.5210213840871032
ENSMUSG00000104912	-0.2904258001842636	-0.2718353355431732
ENSMUSG00000116162	-0.153416981026409	-0.1411421925222362
ENSMUSG00000093918	-2.0	-2.0
ENSMUSG00000001082	-0.1767334471476311	0.3647258035621679
ENSMUSG00000112615	-2.0	-2.0
ENSMUSG00000034285	-0.0626368968538507	0.3764842490121893
ENSMUSG00000030766	-0.0180978931379514	0.4143960208918711
ENSMUSG00000026434	-0.0328399733060544	0.4123483051845314
ENSMUSG00000054814	-0.0480972947251775	0.3850568922501357
ENSMUSG00000052748	-0.0624820076837083	0.4954630211270076
ENSMUSG00000026872	-0.4249584075715723	0.1896657927291253
ENSMUSG00000100240	-2.0	-2.0
ENSMUSG00000075277	-0.2933893966770839	0.0717222458862103
ENSMUSG00000047443	0.0334782801490342	0.0008326991668953
ENSMUSG00000040660	-0.7155869090221432	-2.0
ENSMUSG00000031162	-0.3515894381316077	-0.2463944227177627
ENSMUSG00000110353	-0.3524024788155263	-0.3419418547739387
ENSMUSG00000115276	-0.2079358359745936	0.1564679785293793
ENSMUSG00000085951	-0.6039105485436955	-0.3641575253526025
ENSMUSG00000069020	-0.0409572713902486	0.3381256663287058
ENSMUSG00000095822	-0.15439202550304	-0.3127425800033769
ENSMUSG00000107431	-0.5370350639105766	-0.7088572369057932
ENSMUSG00000030600	0.0195981107292899	-0.0489928455148916
ENSMUSG00000020910	-0.0808963739519967	0.4390145158190141
ENSMUSG00000027534	-0.0659258495690185	0.4157113552504418
ENSMUSG00000063316	0.0062587294786093	0.1766190403196615
ENSMUSG00000056073	-0.5910304901920926	-0.4310212322413795
ENSMUSG00000066097	-0.4103135112134263	-0.5748878566317396
ENSMUSG00000032374	-0.1963109128790922	0.4608287107972233
ENSMUSG00000031931	-0.1878831344084487	0.4419981721520544
ENSMUSG00000039431	-0.0134808567908441	0.4724120942431773
ENSMUSG00000039358	-0.3886589118607001	-0.3368780800829675
ENSMUSG00000108413	-1.1717913855320543	-0.8851591873768517
ENSMUSG00000053702	-0.4557136224579988	0.0961321033218536
ENSMUSG00000109166	-0.5926804922713921	-0.5788974131948121
ENSMUSG00000121270	-0.2129507766744076	-0.4623642536601036
ENSMUSG00000020903	-0.114769540386299	0.4364940479288434
ENSMUSG00000073944	-0.5075173689552325	-0.8608943943896142
ENSMUSG00000044465	-0.0468834821528617	0.4805881058828015
ENSMUSG00000097491	-0.0731931478347394	-0.0174783055666981
ENSMUSG00000110523	-0.2983387768339976	-0.3621831918185647
ENSMUSG00000056738	-0.0460447989918367	-0.0258162473907722
ENSMUSG00000102264	-2.0	-2.0
ENSMUSG00000028008	-0.5718387925951358	-0.5012782330990162
ENSMUSG00000064120	-0.1033536516685705	0.3852426008069382
ENSMUSG00000087348	-0.2325831902075174	-0.2969725467075107
ENSMUSG00000029769	-0.043500498163989	0.3573279346935185
ENSMUSG00000023873	-0.2903120621397884	0.1166279973106296
ENSMUSG00000107449	-0.3634124179253635	-0.7005354137452431
ENSMUSG00000078143	-0.0313471027764173	0.3567751814732151
ENSMUSG00000073937	-0.5159608155466461	-0.7381102959832807
ENSMUSG00000021260	-0.2175110363486998	0.0230575391134542
ENSMUSG00000061393	-0.012209273030594	0.3563525074357451
ENSMUSG00000064068	0.0081087152522094	0.2140322305617303
ENSMUSG00000046805	-0.4494148157469429	-0.3282976224588643
ENSMUSG00000086244	-0.8269886504926494	-1.0596536802751548
ENSMUSG00000109260	-0.5345781827810957	-0.5561958824000961
ENSMUSG00000026617	-0.0482754806389191	0.1684650722776799
ENSMUSG00000022898	-0.0627424617986735	0.4389291652875244
ENSMUSG00000038290	-0.0493425336359465	0.4596342983269024
ENSMUSG00000105385	-0.3792618076895231	-0.2628795866327346
ENSMUSG00000107976	-0.3211158750820536	-0.3404974033495738
ENSMUSG00000079467	-0.1080964175270345	0.3604430694027783
ENSMUSG00000095913	-0.0114888448982656	0.03907789669229
ENSMUSG00000110723	-0.117294154913117	-0.1405522205036964
ENSMUSG00000089708	-0.4371002613918825	-0.4502007950507926
ENSMUSG00000029999	-0.2352386746174053	0.3167748280154372
ENSMUSG00000033161	-0.0327405885054288	0.4881427393351814
ENSMUSG00000043065	-0.0754923557688255	0.5225482952113039
ENSMUSG00000024127	-0.052777790829077	0.4895864291038087
ENSMUSG00000037737	-0.5852064203309306	-0.4475570915266134
ENSMUSG00000032080	-0.1961490568138729	-0.3918301055194131
ENSMUSG00000116125	-0.0600787867493647	0.3223954584757769
ENSMUSG00000050919	-0.3208434859274821	-0.284450396972315
ENSMUSG00000001783	-0.0382368261325974	0.4207057858929632
ENSMUSG00000056061	-0.253703249741732	-0.2041680843021104
ENSMUSG00000026514	-0.3074287205373066	0.2984941441427654
ENSMUSG00000027482	-0.4605750242541329	-0.4083487123666541
ENSMUSG00000086332	-0.5100848116325634	-0.5615741115410283
ENSMUSG00000024768	-0.7236635848622592	-0.5094229862033473
ENSMUSG00000099940	-2.0	-2.0
ENSMUSG00000039826	-0.0333377076917614	0.2754956314012237
ENSMUSG00000027792	-0.5756391758310754	0.2838002448393402
ENSMUSG00000013653	-0.3897826384526231	-0.3477751517854847
ENSMUSG00000026987	-0.2039511617780132	0.4809567496452272
ENSMUSG00000027762	-0.4652902280503553	-0.815032184711543
ENSMUSG00000102418	-0.3915779528207902	-0.3134736586844721
ENSMUSG00000038291	-0.2905963783241203	0.2098808473477422
ENSMUSG00000039345	-0.0742459989284199	0.5306440141604463
ENSMUSG00000113813	-0.5828642135636041	-0.5519092378483988
ENSMUSG00000109954	-0.0971129845276406	-0.074327521439789
ENSMUSG00000084772	-0.4027195658793547	0.0080135633748528
ENSMUSG00000033396	-0.0764172808620098	-2.0
ENSMUSG00000050645	-0.3241702973363889	-0.4528127890443014
ENSMUSG00000030862	-0.3642256144293245	-0.2041972592048706
ENSMUSG00000107384	-0.2807330331450487	-0.1448656409667626
ENSMUSG00000027788	-0.3700980718610508	-0.4527864258705447
ENSMUSG00000097537	-0.0429028655559552	0.3789840753058761
ENSMUSG00000030823	-0.0072408263816124	0.1413948324573933
ENSMUSG00000020105	-0.1149537576610831	0.396591604670411
ENSMUSG00000087404	-0.1402929872829839	0.0074855009924738
ENSMUSG00000102807	-0.619852133715423	-0.4662660615868005
ENSMUSG00000089922	-0.529694199255056	-0.2017885661294338
ENSMUSG00000051498	-0.185210540440546	-0.2264572377169616
ENSMUSG00000111215	-0.1789864271765842	-0.4121633883106346
ENSMUSG00000027379	-0.0234701951948297	0.4706018676984567
ENSMUSG00000027907	-0.2552699688309376	0.4703405042356878
ENSMUSG00000070306	-0.2958846744550414	-0.2614461580212976
ENSMUSG00000057132	-0.2051916834292688	-0.7815858201027543
ENSMUSG00000024386	-0.2317558278216209	-0.0246307895557803
ENSMUSG00000044025	-0.7561482258376523	-0.6155623878558385
ENSMUSG00000021037	-0.1491674685577518	0.4555489127643546
ENSMUSG00000075107	-0.73841475451356	-1.0062014941829276
ENSMUSG00000042705	-0.17505648330775	0.4662087125408264
ENSMUSG00000055198	-0.3918530162873039	0.2396277167277211
ENSMUSG00000055972	-0.3640562653582627	-0.2149943693273484
ENSMUSG00000032012	-0.055637565101382	0.3453341226648208
ENSMUSG00000025137	-0.1323733196532699	0.3367138318464661
ENSMUSG00000057596	-0.4873401469163314	-0.4570663240113403
ENSMUSG00000094499	-0.1722688364442248	-0.3691876343974216
ENSMUSG00000079808	-0.1002488589556922	-0.1202001818972358
ENSMUSG00000024896	-0.0496144051494818	0.4728617200684012
ENSMUSG00000089726	0.006547844500355	-0.1655893430712986
ENSMUSG00000087174	-0.1363218776588163	0.3253683969695951
ENSMUSG00000024798	-0.4911372476524053	-0.2871175082325172
ENSMUSG00000086467	-0.286493496667112	-0.0926398115899306
ENSMUSG00000020829	-0.1287235833151647	0.4050542275113421
ENSMUSG00000038208	-0.0803830889586506	0.5230864620785827
ENSMUSG00000108004	-0.468158215500475	-0.4303595317816276
ENSMUSG00000043259	-0.1051431786443925	0.3045155162211983
ENSMUSG00000034042	-0.0589015919115422	0.4670510821335463
ENSMUSG00000117401	-0.3890704024592783	0.3052257928884289
ENSMUSG00000062040	-0.0891301333845713	0.2449225148571878
ENSMUSG00000059743	-0.1009493292215102	0.4089020986823316
ENSMUSG00000063350	-0.2791940381264162	-0.3700180396320964
ENSMUSG00000038738	-0.0426053633943904	0.0001173305183709
ENSMUSG00000013973	-0.1002394496644236	0.3451752626366939
ENSMUSG00000031728	-0.0538524375294761	0.4342021535859551
ENSMUSG00000086910	-0.2899291991709232	-0.1007911127412638
ENSMUSG00000049957	-2.0	-2.0
ENSMUSG00000006262	-0.095524654072672	0.5311259732656695
ENSMUSG00000121797	-0.4424612798047541	-0.33553384589091
ENSMUSG00000028669	-0.1027334677854509	0.4868961215548233
ENSMUSG00000118100	-0.3948152366784229	0.4437116048884104
ENSMUSG00000046913	-0.8067612751438255	-0.5622347284768965
ENSMUSG00000102997	-0.2439828409611736	0.0836024387563519
ENSMUSG00000108841	-0.4314924994357569	-0.2258005137154367
ENSMUSG00000037606	-0.2254293164612094	-0.0369838248997384
ENSMUSG00000096626	-2.0	-2.0
ENSMUSG00000073377	-0.3958374752322313	-0.2938397350798729
ENSMUSG00000030689	-0.0935211152362328	0.3093780331393723
ENSMUSG00000020962	-0.047857887613029	0.3980018478034189
ENSMUSG00000041660	-1.339533915144657	-0.6214022968726141
ENSMUSG00000096620	-0.7629894039565969	-0.6644938782494678
ENSMUSG00000108521	-0.0071545470927826	-0.2386000975328616
ENSMUSG00000001020	-0.2499656535990062	-0.182218396373977
ENSMUSG00000039233	-0.039936499046753	0.4087245439427827
ENSMUSG00000024233	-0.4552710902700163	-0.3955369861764742
ENSMUSG00000053286	-0.0752921114011495	0.4981227325198049
ENSMUSG00000066568	-0.0297670596433767	0.498913459757781
ENSMUSG00000032259	-0.2801743629004131	0.0969022303812081
ENSMUSG00000029004	-0.0516949365466548	0.3950952904224802
ENSMUSG00000031993	-0.1392421587801811	0.3664558316070075
ENSMUSG00000111151	-0.2821451689611707	-0.4002858991640004
ENSMUSG00000092373	0.0591784783466109	-0.0414936443015248
ENSMUSG00000102481	-0.4189017970360589	-0.2890468513037738
ENSMUSG00000114949	-0.396910215453474	-0.3855142936878948
ENSMUSG00000110876	-0.5308728218663068	-0.3469278535806976
ENSMUSG00000027270	-0.4140666543760631	-0.4086635429143945
ENSMUSG00000001700	-0.3276514324805137	-0.5896081525538549
ENSMUSG00000028186	-0.3761253623740301	-0.2481436066070133
ENSMUSG00000104095	-0.6100461290526226	-0.7855847790171118
ENSMUSG00000027048	-0.4225334772967774	-0.4161574055081419
ENSMUSG00000067942	-0.0879483989592625	0.4315487020561891
ENSMUSG00000048550	-0.1838305800354585	0.4516654914585964
ENSMUSG00000085146	-0.5627949301437316	-0.7876285920471086
ENSMUSG00000112944	-0.4736043713869985	-0.4356346141919763
ENSMUSG00000049815	-0.7005040327634755	-1.5017501138038023
ENSMUSG00000018012	-2.0	-2.0
ENSMUSG00000012042	-0.3336289930911122	-0.3409066023399009
ENSMUSG00000031949	-0.0242782071858529	0.3061392642968139
ENSMUSG00000105838	-0.3933443849854914	-0.4509147940912982
ENSMUSG00000024969	-0.0119799202984574	0.4191534621157299
ENSMUSG00000048148	-0.2356043091443298	-0.3085632570365734
ENSMUSG00000006095	-0.1808933426995764	0.382005509290259
ENSMUSG00000040134	-0.2622574401773277	-0.251549304281524
ENSMUSG00000111814	-0.6697796728308099	-0.6292861488134583
ENSMUSG00000067614	-0.1267312608096412	-0.0646490478574134
ENSMUSG00000059203	-0.7654095809759583	-2.0
ENSMUSG00000062270	-0.0378086810343661	0.4335477510963204
ENSMUSG00000012519	-0.2443610988900892	-0.0046126433008927
ENSMUSG00000081162	-0.2926398688429777	-0.3516489873035748
ENSMUSG00000111627	-0.4643259435626825	-0.4087592610351867
ENSMUSG00000042628	-0.0229851012321569	0.3887180869035693
ENSMUSG00000121344	-0.2370495435434967	-0.3839624673222768
ENSMUSG00000057130	0.0165311048099798	0.3588835435124892
ENSMUSG00000049100	-0.5845112499850814	-0.1119068117232186
ENSMUSG00000024502	-0.4610554646638033	-0.2360818299145908
ENSMUSG00000035949	-0.0455760898670758	0.4367997810257947
ENSMUSG00000020818	-2.0	-2.0
ENSMUSG00000074766	-0.4318550900623456	0.1964061260723825
ENSMUSG00000096044	-0.915645322394612	-0.9716169010063588
ENSMUSG00000112614	-0.249707757075958	-0.4224376617614028
ENSMUSG00000117867	-0.3608670667211432	-0.5426564777537322
ENSMUSG00000032135	-0.0047807866902786	0.0743082967732701
ENSMUSG00000108258	0.0772217833143757	0.1332143435959118
ENSMUSG00000021696	-0.1870865097280936	0.3884365663161214
ENSMUSG00000040712	-0.0511460189362096	0.3663310451845722
ENSMUSG00000107226	-1.2554069487389157	-0.4376414609056437
ENSMUSG00000051258	-2.0	-2.0
ENSMUSG00000115177	-0.5562238623681687	-2.0
ENSMUSG00000004460	-0.0395516750718696	0.4408596703894576
ENSMUSG00000034973	-0.137716167133185	0.2125077452544088
ENSMUSG00000037126	-0.1047252276284302	-0.1356897375670263
ENSMUSG00000054488	-0.4011519557644769	-0.4594047732553018
ENSMUSG00000039356	-0.0799840078197091	0.3438527060387568
ENSMUSG00000110084	-0.5634334083837985	-0.5860404085833456
ENSMUSG00000018425	-0.0606913563853995	0.3793874729007025
ENSMUSG00000100885	-2.0	-2.0
ENSMUSG00000020288	0.0206065400369562	0.2937270764451754
ENSMUSG00000095664	-0.5719511010601505	-0.7717798646947989
ENSMUSG00000111293	-0.282312491623377	-0.0487783085102504
ENSMUSG00000057037	-0.5248953907085682	-0.594319517044364
ENSMUSG00000096794	-0.6414769681711922	-1.0281893148531576
ENSMUSG00000048478	-0.2614288726656258	0.3422939526541804
ENSMUSG00000110002	-0.3571610992776829	-0.195568590864611
ENSMUSG00000101505	-0.5227638172156036	-0.5511981767211283
ENSMUSG00000085536	-1.008347815769852	-0.7533458495015507
ENSMUSG00000032175	-0.0275851591389598	0.2401532108379306
ENSMUSG00000026116	-0.0057471822404465	0.3868704984534047
ENSMUSG00000114446	-0.5603256902864968	-0.1919344015947149
ENSMUSG00000032473	-0.220008494889528	-0.3248598251948267
ENSMUSG00000039058	-0.3207865778811916	-0.1020103417412553
ENSMUSG00000058486	-0.0435680942051681	0.3663781245138545
ENSMUSG00000051022	-0.4518315323988591	-0.1501943771728608
ENSMUSG00000063173	-0.7186955902593428	-0.4086034738732477
ENSMUSG00000090581	-0.9298876998489158	-2.0
ENSMUSG00000051207	-0.4238559126649813	-0.2164621534904035
ENSMUSG00000016624	-0.0189181896464048	0.4430012363885625
ENSMUSG00000038765	-0.2811890176156811	-0.2284704289104036
ENSMUSG00000060487	-0.4181087973447117	-0.179824309856148
ENSMUSG00000042155	-0.2049485029926554	0.4419228253109423
ENSMUSG00000102173	-0.4210290653502913	-0.3334417929098232
ENSMUSG00000100901	-0.1257936900694486	-0.0714678375438237
ENSMUSG00000046709	-0.3384051786631749	-0.4143632420592795
ENSMUSG00000029648	-0.2673369002850521	-0.0210162107574223
ENSMUSG00000019087	-0.2619155042003254	0.3729948054645503
ENSMUSG00000002741	-0.0837511921709329	0.4655847811767622
ENSMUSG00000025410	-0.0137939331525325	0.2327425709644205
ENSMUSG00000121721	-0.0705350925983756	-0.1703576738065955
ENSMUSG00000043439	0.0498312631202639	0.2305020553349898
ENSMUSG00000095979	-2.0	-2.0
ENSMUSG00000021806	-0.012536989553194	0.4537768596904421
ENSMUSG00000039253	-0.1636863935871654	0.5161052292425847
ENSMUSG00000043059	0.2080461191663797	0.1446197205317079
ENSMUSG00000044313	-0.0689772519461604	-0.5094269159748025
ENSMUSG00000101435	-2.0	-2.0
ENSMUSG00000114396	-0.4227748331055994	-0.7474288909352702
ENSMUSG00000070527	0.0707862039188302	0.4637219238645979
ENSMUSG00000111212	-0.4715691331544565	-0.4037621429799741
ENSMUSG00000061292	-0.4504053226039887	-0.3884899202708805
ENSMUSG00000053054	-0.3769056355974235	-0.3203586428780652
ENSMUSG00000069893	-0.1838345589822465	-0.2946784853383675
ENSMUSG00000019487	-0.0726264541998402	0.2743315323221447
ENSMUSG00000024498	-0.0176738502763372	0.4346081803620048
ENSMUSG00000104718	-0.6057563400041621	-0.5770820192323376
ENSMUSG00000104752	-0.2899932120428254	-0.295695121482458
ENSMUSG00000082286	-2.0	-2.0
ENSMUSG00000033967	-0.4716351270562422	0.34606021609353
ENSMUSG00000091509	0.003590456339809	-0.2848059660766466
ENSMUSG00000108978	-0.2995494932408055	-0.4796398427560689
ENSMUSG00000121543	-2.0	-2.0
ENSMUSG00000104638	-0.5207651189251061	-0.5116887755052935
ENSMUSG00000112984	-0.2965749829430651	-0.4027015192263878
ENSMUSG00000111100	-0.3488549120867151	-0.3608136361948312
ENSMUSG00000030043	-0.3629978745577558	-0.1320628913341582
ENSMUSG00000081638	-0.8531110029442026	-0.795223101150193
ENSMUSG00000027131	-0.2113222329236809	0.3709695342629662
ENSMUSG00000024897	-0.2944682908024675	0.2718699392629773
ENSMUSG00000117511	-0.5713126424269034	-0.1728267206988545
ENSMUSG00000025408	0.0072545866304338	0.2628401192352127
ENSMUSG00000030107	-0.393696900946951	-0.2866154813819431
ENSMUSG00000022231	-0.3427593721519153	0.3322319694572375
ENSMUSG00000116871	-0.5620884927441068	-0.5566095755912964
ENSMUSG00000025348	-0.2340040971926455	0.1806416162180064
ENSMUSG00000031791	-0.0301201250877894	0.3535142408311083
ENSMUSG00000121819	-0.0151951869001172	0.2813788463488728
ENSMUSG00000029119	-0.0866940393975459	0.3624432658405738
ENSMUSG00000049421	-0.0465657404033657	0.2190771164523378
ENSMUSG00000087132	-0.0285087278215012	0.1612864071105097
ENSMUSG00000021311	-0.0295170909381715	0.4800598603852074
ENSMUSG00000037253	-0.1027395199885045	0.4487665914692291
ENSMUSG00000026173	-0.1191097272266273	-0.3420256392646567
ENSMUSG00000061119	-0.1219465298610929	0.4264637628913096
ENSMUSG00000025762	-0.2953547037335807	0.4820865693502715
ENSMUSG00000023861	-0.0784941453571982	0.4802915857745551
ENSMUSG00000049894	-0.5844594331236572	-0.9850732457253843
ENSMUSG00000024604	-0.0945515862804271	0.4072032079055698
ENSMUSG00000108329	-0.2980526263222698	-0.5038533683480302
ENSMUSG00000113581	-0.3348144626092571	-0.0075741826346923
ENSMUSG00000062480	-2.0	-2.0
ENSMUSG00000063600	-0.4745747361960266	-0.3229157924734367
ENSMUSG00000085664	-0.2243730978958005	0.0537671570388409
ENSMUSG00000028842	-0.0838748710196801	0.4121476082784552
ENSMUSG00000033960	-0.3238891930048725	0.3545905074066205
ENSMUSG00000027533	-0.1367246174056313	0.3564087093402935
ENSMUSG00000120391	-0.4386157012382569	-0.6373705233528275
ENSMUSG00000041523	-2.0	-2.0
ENSMUSG00000028539	-0.2302325750198877	-0.016481240001372
ENSMUSG00000008690	-0.0490256137791542	0.4174278463462739
ENSMUSG00000085817	-0.6264781312768948	-0.5309312176534223
ENSMUSG00000112384	0.2532012973788647	-0.151705679443371
ENSMUSG00000073842	-0.2651924923445385	-0.3437946277167375
ENSMUSG00000015665	-0.6247720692955339	-0.7167644633049216
ENSMUSG00000028420	-0.0458337400629281	0.4659948941800922
ENSMUSG00000032470	-0.0366953579262733	0.1900643146278574
ENSMUSG00000108763	-0.4602789634900353	-0.2210714794018016
ENSMUSG00000085949	-0.2707880562648997	-0.2634513221011185
ENSMUSG00000027940	-0.0246668266015989	-0.3270329450372586
ENSMUSG00000045464	-0.0197781263991115	0.3368454241760255
ENSMUSG00000004771	-0.0643112954310424	0.467241575101263
ENSMUSG00000025961	-0.2047637713195177	-0.2815454799017303
ENSMUSG00000020990	-0.2958110334931467	-0.3942709963233844
ENSMUSG00000005682	-0.1455905901925536	0.4894856985390665
ENSMUSG00000091631	-0.6394536154628312	-0.748327037382904
ENSMUSG00000048747	-0.4799513724535045	-0.3741031885051026
ENSMUSG00000034563	-0.0804674444011035	0.439709971295882
ENSMUSG00000121534	-2.0	-2.0
ENSMUSG00000023017	-0.0675545465634804	0.0960767584986543
ENSMUSG00000022026	-0.6172109961884578	-0.627720687377942
ENSMUSG00000091407	-0.2658517007010231	-0.4174489550080675
ENSMUSG00000113634	-0.0083993517897479	-0.0578366214167331
ENSMUSG00000054702	-0.4076708775113379	-0.0854890820955261
ENSMUSG00000084884	-0.1269854306919459	-0.1778638136688791
ENSMUSG00000113047	-2.0	0.4189969311557482
ENSMUSG00000103695	-0.7129327140928227	-0.2979387708419345
ENSMUSG00000024712	-0.0689825461120998	0.4656290801483955
ENSMUSG00000102510	-0.258493543921927	-0.3437935542306385
ENSMUSG00000103328	-0.3040399875046093	-0.3542692160575019
ENSMUSG00000116684	-0.2616572851686461	0.1115534472746468
ENSMUSG00000014470	-0.0499571882156632	0.2274141202103771
ENSMUSG00000028284	-0.0357258464085978	0.4537023067890713
ENSMUSG00000029623	-0.0534371120664375	0.3213465204672132
ENSMUSG00000047419	-0.3336312402080313	-2.0
ENSMUSG00000105957	-0.2819514426831884	0.4470525470158559
ENSMUSG00000053333	-0.2033771062238433	0.5201118325004291
ENSMUSG00000103839	-0.2939661938604412	0.0212486899493983
ENSMUSG00000032192	-0.0258362506281982	-0.3290722463003498
ENSMUSG00000058914	-0.2609217190144758	-0.1116521021443454
ENSMUSG00000021832	-0.1056840481049843	0.397638364596483
ENSMUSG00000030636	-0.3076542619715413	-0.1996208683083567
ENSMUSG00000111528	-0.177324145372851	-0.4250776178373159
ENSMUSG00000041583	-2.0	-2.0
ENSMUSG00000040601	-0.3273429092156106	-0.0320570329183624
ENSMUSG00000008136	-0.3414159032985639	-0.4083903281059822
ENSMUSG00000118403	-0.2216973519991172	-0.1686580958615016
ENSMUSG00000116876	-0.1715674910134625	0.4162969293958149
ENSMUSG00000000058	-0.5997426399500276	-0.2867973627126006
ENSMUSG00000026427	-0.0232061393859439	0.3795571361783711
ENSMUSG00000023104	0.0272452014349309	0.3327187418905419
ENSMUSG00000045691	0.0269158307537135	0.1662201096714718
ENSMUSG00000001632	-0.0674174723812353	0.4238636075278933
ENSMUSG00000066141	-0.4593121236160643	-0.521832517152615
ENSMUSG00000003099	-0.0306174531818617	0.3853413267803144
ENSMUSG00000027635	-0.1023120018052152	0.4031081616312951
ENSMUSG00000040270	-0.2515920895326853	0.4561081131898911
ENSMUSG00000093575	-0.0240573573070616	0.423272422448378
ENSMUSG00000113030	-0.1492786732788479	0.4850561343687782
ENSMUSG00000032590	-0.1703778612688138	0.3482705855390685
ENSMUSG00000031333	-0.3322376408116231	0.514223039338299
ENSMUSG00000039375	-0.9881533365555774	-2.0
ENSMUSG00000107502	0.037002275965483	0.2378281480937149
ENSMUSG00000054033	-0.3087656914128671	-0.5025536553475057
ENSMUSG00000105503	-0.3138234682726217	0.1380931123593735
ENSMUSG00000051721	-0.0153180783413375	0.2576147456859383
ENSMUSG00000108828	-0.4096239054571471	-0.1319999000222758
ENSMUSG00000082189	-0.6666955925861467	-0.6997280751425107
ENSMUSG00000074219	-0.1076901964738558	0.4323441622550593
ENSMUSG00000113029	-0.144099414219646	-0.0738588986201906
ENSMUSG00000109731	-0.1979959653589734	-0.2095919557567034
ENSMUSG00000020562	-0.2804015880452151	0.0541152839256915
ENSMUSG00000050865	-0.7555669076414051	-0.4203217897246064
ENSMUSG00000041841	-0.1352663703855061	0.2380009140687789
ENSMUSG00000071561	-0.4126021428458215	-0.2335914809808872
ENSMUSG00000101386	0.0680103267629913	-0.0924942656792196
ENSMUSG00000101986	-0.3097142341273617	-0.4127246700878539
ENSMUSG00000039116	-0.4369976142194539	-0.1735453881656502
ENSMUSG00000053675	-0.3606396338171632	-0.3970155118329987
ENSMUSG00000020357	-0.041768103863769	0.308731270095942
ENSMUSG00000106157	-0.6411742399075288	-0.4603910250911216
ENSMUSG00000049624	-0.0601072151330203	0.4783474174151567
ENSMUSG00000019796	-0.0361310804518495	0.4489251121095285
ENSMUSG00000067235	-0.1402457179056861	0.2377181246373056
ENSMUSG00000034329	-0.1591282895155672	0.3741953222572636
ENSMUSG00000031997	-0.4358051700704892	-0.145042458724053
ENSMUSG00000120254	-0.2220804351283345	-0.0841459498946866
ENSMUSG00000075084	-0.5841460278825817	-0.4723796614447802
ENSMUSG00000102052	-0.4251689775110105	-0.4027151748971907
ENSMUSG00000024842	-0.0150459826220607	-0.0130143052904534
ENSMUSG00000026058	-0.5439459813265669	0.0784310786359524
ENSMUSG00000086842	-0.3942778866328322	-0.5324570064766898
ENSMUSG00000036144	-0.4615202729733144	-0.3786033021845433
ENSMUSG00000117738	-0.7828162174959438	-0.2440847644371747
ENSMUSG00000037251	-0.0267756882960799	0.2320319739275475
ENSMUSG00000018143	-0.0566157040136997	0.3551985709960611
ENSMUSG00000035278	-0.2300550646409459	0.3443576859599636
ENSMUSG00000032034	-0.3378231896450914	-0.1504852607340686
ENSMUSG00000121811	-0.7909417709658408	-1.10413233691112
ENSMUSG00000098295	-0.3617026737242559	-0.367655922591685
ENSMUSG00000075700	-0.0610747891004724	0.4796023717655866
ENSMUSG00000025823	-0.181453454092297	0.3916043932637849
ENSMUSG00000115142	-0.2282958411155169	-0.1213118716965357
ENSMUSG00000036270	-0.1154139632052264	0.3900606952670894
ENSMUSG00000094144	-0.4644633505386381	-0.1907381316922483
ENSMUSG00000074500	-0.3186082332942629	0.505094873711742
ENSMUSG00000105155	-0.5985212243232194	-0.4159167788161644
ENSMUSG00000106388	-0.4926651355023411	-0.1751166674219652
ENSMUSG00000109759	-0.1796541501066504	-0.3711608633632536
ENSMUSG00000078919	-0.0739922537264708	0.2962833697408041
ENSMUSG00000039714	-0.2465310828738265	-0.1170902890405863
ENSMUSG00000061374	-0.0332664338826543	0.2810861160440966
ENSMUSG00000112796	-0.0208312753392039	-0.2099864781326489
ENSMUSG00000107593	-0.1236014334892207	-0.2095049894045203
ENSMUSG00000073073	-0.2400435775540538	0.3511614021611877
ENSMUSG00000111233	-0.2885861584524557	-0.4128115574459198
ENSMUSG00000052790	-2.0	-2.0
ENSMUSG00000113386	-0.1379079953232103	-0.1370213802847631
ENSMUSG00000022887	-0.2720999070161577	-0.1545927283480599
ENSMUSG00000024927	-0.2092617731053815	0.5036376319545381
ENSMUSG00000062638	-0.1958422963188401	-0.4015953881428452
ENSMUSG00000022935	-0.4591966894121111	-0.3367277397401912
ENSMUSG00000021991	-0.4129314127820981	0.2681167571704238
ENSMUSG00000085966	-2.0	-2.0
ENSMUSG00000086765	-0.2641688468011555	0.0111627682209508
ENSMUSG00000047910	-2.0	-2.0
ENSMUSG00000049649	-0.0112873282974749	0.2401941797530647
ENSMUSG00000051936	-0.5302153791227351	-0.6059295448297582
ENSMUSG00000006169	-0.0151958165626452	0.3441210005706485
ENSMUSG00000079339	-0.2048410233115147	-0.1295326525601145
ENSMUSG00000083494	-0.4348762152815781	-0.4197931246006405
ENSMUSG00000092569	-0.0596985241284113	0.1607577643502824
ENSMUSG00000116993	-0.5406976980278045	-0.6431957127265787
ENSMUSG00000120510	-0.3795249735491923	-0.284512955092605
ENSMUSG00000036503	-0.1010462159616118	0.5206543347464613
ENSMUSG00000100759	-0.2859678087429086	-0.4230275959347745
ENSMUSG00000115246	-0.1135953526273772	-0.2777416413252134
ENSMUSG00000061718	-0.3037666642372719	0.0257122730154934
ENSMUSG00000105602	-2.170900747594449	-2.0
ENSMUSG00000051043	-0.0757435667013929	0.2469749600849824
ENSMUSG00000117922	-0.4207687656424573	-0.4494375522379473
ENSMUSG00000003923	-0.0502380257585692	0.4421067741791176
ENSMUSG00000037259	-0.2589288043021923	0.4057222558295578
ENSMUSG00000042520	-0.0373453645443941	0.4283583657205033
ENSMUSG00000111761	-0.3204198544392398	-0.4753915215197652
ENSMUSG00000116930	-0.0588953250036044	0.5215387055818062
ENSMUSG00000111435	-0.290819791180884	-0.3439108291053938
ENSMUSG00000045216	-0.0053052149614873	0.2638376196538988
ENSMUSG00000036983	-0.1171702540334656	0.5372451955687656
ENSMUSG00000001964	-0.0054184789929789	0.3298423206003963
ENSMUSG00000042444	-0.1578426366946038	0.5242756195044403
ENSMUSG00000022180	-0.6136804966770726	-0.6739263518069247
ENSMUSG00000103812	-2.0	-2.0
ENSMUSG00000100790	-2.0	-2.0
ENSMUSG00000026307	-0.0570355675877175	0.3224099288464993
ENSMUSG00000022454	-0.3116992693277254	-0.0761617466992592
ENSMUSG00000035342	-1.366226837211815	0.2506824515667863
ENSMUSG00000038768	-0.3702270097502366	-0.2422803450206999
ENSMUSG00000029475	-0.0098197049615569	0.1429121821545177
ENSMUSG00000089889	-0.0975067090573492	0.3644008892496855
ENSMUSG00000090849	-0.3451104910952491	-0.5964528782167692
ENSMUSG00000086390	0.2961077073631539	-0.1181583475677375
ENSMUSG00000024597	-0.2197179802218517	0.4803079686219335
ENSMUSG00000031130	-0.7145511656470229	-0.969616710174908
ENSMUSG00000001150	-0.0323848256530128	0.3579996053843114
ENSMUSG00000063410	-0.0212415391520028	0.5480487288653376
ENSMUSG00000027086	-0.0331304833961503	0.3915751313560273
ENSMUSG00000036078	-0.1420585913521639	0.3189235547971996
ENSMUSG00000019876	-0.450724223960827	-0.1026942955653129
ENSMUSG00000041362	-0.3360510041141279	0.0249835483484905
ENSMUSG00000105425	-0.6115892518303622	-0.384349115164566
ENSMUSG00000031537	-0.0344895561999289	0.3894421724269782
ENSMUSG00000056457	-2.0	-2.0
ENSMUSG00000071656	-0.13881376163251	0.1640611856373815
ENSMUSG00000029026	-0.2160397089995404	-0.222588403560594
ENSMUSG00000106257	-0.4014165161635874	-0.454735399456779
ENSMUSG00000023206	-0.3620164163269347	-0.4405939993523254
ENSMUSG00000020326	-0.021843139284315	0.4664755408260278
ENSMUSG00000005968	-0.1470782510811474	0.4703005067483407
ENSMUSG00000003476	-0.3454301712286463	-0.423418184050137
ENSMUSG00000043932	-0.5854336095334801	-1.6778386150577398
ENSMUSG00000031639	-0.4717632842100533	0.2424276222712502
ENSMUSG00000083361	-2.0	-2.0
ENSMUSG00000063434	-0.4823112134048714	-0.4549193696181252
ENSMUSG00000108085	-0.1466321966565112	0.0158896401869366
ENSMUSG00000024387	-0.2262218900433914	0.2832243155788286
ENSMUSG00000046041	-0.5067779123776753	-0.6363124105684685
ENSMUSG00000116256	-0.0349075686007765	-0.1301703047611972
ENSMUSG00000036435	-0.02435059324347	0.3995958529400812
ENSMUSG00000051067	-0.167157830307581	0.2459401880323032
ENSMUSG00000041632	-0.0291735258273651	0.4835570593218034
ENSMUSG00000086275	-0.3066866189116174	-0.2868346862936397
ENSMUSG00000054431	-0.516246462107838	-0.374960993636125
ENSMUSG00000098196	-0.0133085952552331	-0.0337255108191535
ENSMUSG00000107042	-0.4253135000428055	-0.2718461206168035
ENSMUSG00000001930	-0.2281715562155255	-0.5080895086984575
ENSMUSG00000102253	-0.3590243449172176	-0.6818047681191909
ENSMUSG00000057149	-0.6943135361226039	-0.9087785369499042
ENSMUSG00000037664	-0.0936170052482312	0.3132735601058698
ENSMUSG00000119962	-0.5171398454414	-0.3360357515554774
ENSMUSG00000029680	-0.4444891187717498	-0.7568055342041751
ENSMUSG00000046275	-0.2650634251711881	-0.3945445394386593
ENSMUSG00000021638	-0.3496897564637217	-0.0155386684257755
ENSMUSG00000020523	-0.0586503895962639	0.4031414629344563
ENSMUSG00000104262	-0.1689138135631191	-0.1091366397865584
ENSMUSG00000087377	-0.3629061191264502	0.4213587445001006
ENSMUSG00000025938	-0.3018745636626849	0.1573258858460539
ENSMUSG00000045730	-0.2744430992881332	0.4918688216999589
ENSMUSG00000025195	-0.0232718404574042	0.3174414730153347
ENSMUSG00000042861	-0.3524654445306202	-0.326132721166
ENSMUSG00000096780	-0.1686323530729897	0.0479715165216871
ENSMUSG00000108603	0.2255046702835902	0.0481912544746262
ENSMUSG00000090464	-0.2796111189071843	-0.1834923702026604
ENSMUSG00000049717	-0.0202470907205844	0.3606717839633847
ENSMUSG00000112314	-0.3366634318485427	-0.2612080295477958
ENSMUSG00000028715	-0.413633566600145	-0.6535409689199443
ENSMUSG00000109176	-0.3265536742675735	-0.3214198954390738
ENSMUSG00000050074	-0.2585283550045472	-0.2770824146126124
ENSMUSG00000117634	-0.1341902337178301	0.5098860987279359
ENSMUSG00000043719	-0.3125777081880906	-0.1534052334299557
ENSMUSG00000069378	-0.3805764805635852	-0.0908177745931442
ENSMUSG00000093673	-0.1525232170117784	-0.0918819809396697
ENSMUSG00000061559	-0.0395111470583824	0.4569954556479084
ENSMUSG00000069294	-0.5182776784687908	-0.7591598718484035
ENSMUSG00000020546	-0.2701169499865367	0.5059586413215792
ENSMUSG00000086643	0.0224677982205161	0.0034014157817393
ENSMUSG00000039956	-0.0775997879262454	-0.3196818949803726
ENSMUSG00000027611	-0.3066612587377597	0.1005228661493255
ENSMUSG00000013736	-0.0044195562790844	0.3820022654987773
ENSMUSG00000071253	-0.0541268527197712	0.3705793297212346
ENSMUSG00000044039	-0.648271972344597	-0.9711797906431644
ENSMUSG00000045575	-0.4996331465931092	-0.6604045995248817
ENSMUSG00000106380	-0.1426705195131056	-0.2914315837823376
ENSMUSG00000047730	-0.2692188544694208	-0.3640076625194254
ENSMUSG00000068798	-0.0701469968063886	0.4785004085483188
ENSMUSG00000042644	-0.0163198691093877	0.4366072133315109
ENSMUSG00000084407	-0.041924195850706	-0.3471756293582474
ENSMUSG00000095799	-0.152673551968736	-0.1867091716907881
ENSMUSG00000021636	-0.2323842480607096	0.3386934979297046
ENSMUSG00000009030	-0.1466286661035045	0.4328138144692389
ENSMUSG00000022295	-0.0168516545988244	0.4171513763449684
ENSMUSG00000085001	-0.234497596521455	-0.3253388827767579
ENSMUSG00000005625	-0.0846331998649818	0.4260516745975847
ENSMUSG00000037428	0.0413518595580928	-0.1974246592240822
ENSMUSG00000082080	-0.2631827945021484	-0.3180765516135403
ENSMUSG00000021318	-0.3758029145392736	0.4668256118186566
ENSMUSG00000037214	-0.2116766119832715	0.447176953760981
ENSMUSG00000079457	-2.0	-2.0
ENSMUSG00000085844	-0.3436039338763869	-0.2595891459704744
ENSMUSG00000121525	-1.0592761789913685	-1.2357642216202798
ENSMUSG00000025172	-0.2178458318511838	0.1235113865610827
ENSMUSG00000086755	-0.5297789109456653	-0.4314993025569212
ENSMUSG00000105961	-0.1171757144846459	0.2852575198660352
ENSMUSG00000108903	-0.8813271693668909	-0.4923321834568628
ENSMUSG00000039601	-0.2861047520287846	0.1266111074782768
ENSMUSG00000029335	-0.4213213730076139	-0.3025800629765982
ENSMUSG00000045761	-0.3310887743389113	-0.2324404648286361
ENSMUSG00000094651	-0.527089220782249	-0.6593536581079416
ENSMUSG00000032010	-0.0135428625830762	0.213089360636023
ENSMUSG00000056648	-0.1334211019939319	-0.2369291732805421
ENSMUSG00000026849	-0.1554393284494123	0.3849749262241463
ENSMUSG00000029545	-0.0798507838484103	0.2786077449475003
ENSMUSG00000043943	-0.6568715721701522	-0.7181502447935592
ENSMUSG00000116857	-0.1891619089744958	-0.1817201199413335
ENSMUSG00000110923	-0.4870603840601673	-0.5101576571703479
ENSMUSG00000113054	-0.4707930105096725	-0.388601334277077
ENSMUSG00000042590	-0.0195112175831917	0.3832313678610473
ENSMUSG00000100426	-0.318081249111015	-0.3255020555667595
ENSMUSG00000024411	-0.4621396174429508	-0.5635562184108589
ENSMUSG00000098164	-0.4968992902128075	0.3882824159562088
ENSMUSG00000052763	-0.0967659597072053	0.4843687514297229
ENSMUSG00000100014	-0.1924576661041167	-0.229310400693288
ENSMUSG00000117912	0.031544023770157	0.0157970993944395
ENSMUSG00000035407	-0.0224874673978561	0.4050063741949082
ENSMUSG00000087326	-0.2913417051153487	-0.1451736026044909
ENSMUSG00000111646	-1.168049386671423	-0.4356438509197994
ENSMUSG00000037960	-0.1671529801783684	0.4580595125766269
ENSMUSG00000102401	-0.1418132666618992	-0.1687937509811405
ENSMUSG00000120532	-0.2424494141728103	0.2772098006206513
ENSMUSG00000074517	-0.3036222902903204	-0.340214012761759
ENSMUSG00000101809	-2.0	-2.0
ENSMUSG00000034868	-0.0008444809707381	0.3042526346995856
ENSMUSG00000054942	-0.0405062226207906	0.4460429458958306
ENSMUSG00000087487	-0.2422689648120349	-0.191944671523588
ENSMUSG00000083138	-0.4064033905309125	-0.3515582322392711
ENSMUSG00000039765	-0.1793502856727749	-0.2322343228230871
ENSMUSG00000008892	-0.1064277492650529	0.5542880175209438
ENSMUSG00000039735	-0.0216095563070591	0.4362921206726679
ENSMUSG00000113005	-0.5969223610841274	-0.5333819409164775
ENSMUSG00000089894	-0.3065352893722404	-0.1855667364439937
ENSMUSG00000045689	-0.2668160609544406	-0.4132644304510031
ENSMUSG00000074746	-0.0568879107077304	0.467983493350795
ENSMUSG00000021714	-0.2120601533337413	0.5141813032456387
ENSMUSG00000002266	-0.3982184806947588	0.1913322239893898
ENSMUSG00000085833	-0.3426358883545425	-0.303744777836031
ENSMUSG00000003762	-0.0583723072890027	0.0606084797917548
ENSMUSG00000115522	0.0851530953089172	0.1838971097506678
ENSMUSG00000045288	-0.1751385073486446	-0.108883772462152
ENSMUSG00000057726	-0.4944513052809539	-0.1713672960476265
ENSMUSG00000113300	-0.1038852343877687	-0.1624860547064564
ENSMUSG00000086594	-0.3504665407977187	-0.4026355082360466
ENSMUSG00000041782	-0.2342690245510729	-0.0563400088645159
ENSMUSG00000059077	-0.3632119123431224	-0.5217175479509076
ENSMUSG00000099619	-2.0	-2.0
ENSMUSG00000031163	-0.059127260846198	-0.5319626951247524
ENSMUSG00000040952	-0.078575948859819	0.2288549492024225
ENSMUSG00000009585	-0.0345220005575879	0.4997764061576702
ENSMUSG00000038026	0.0302219279136741	-0.2163553602745516
ENSMUSG00000073633	-0.0304759934599713	0.3666298749303354
ENSMUSG00000050541	-0.4422250857443466	-0.3385339421648038
ENSMUSG00000074796	-0.1313342881610624	0.4239303723173886
ENSMUSG00000007739	-0.0766549341474693	0.416427800718167
ENSMUSG00000087638	-0.0637763867197774	-0.1158921239331843
ENSMUSG00000046731	-0.1406223360677126	0.2528913636614034
ENSMUSG00000031142	-0.4676056870043981	-0.4866614537717665
ENSMUSG00000048226	-0.6842421541516334	-0.5932527700703963
ENSMUSG00000058886	-0.0162019231830186	0.4061169203290584
ENSMUSG00000027224	-0.3334378434601832	-0.0563779844543355
ENSMUSG00000036770	-0.1160191778268741	-0.2445936730877784
ENSMUSG00000055033	-0.5856772445263618	-0.4616029856039449
ENSMUSG00000117899	-0.0578463462433368	0.3296459767581944
ENSMUSG00000049112	-0.2433693680063135	-0.1674482986218658
ENSMUSG00000002617	-0.1786140930070052	0.5098670355154581
ENSMUSG00000048807	-0.1542627768532259	0.3613855526477336
ENSMUSG00000052058	-0.4568053930302833	-0.684457781935033
ENSMUSG00000034947	-0.0375768662956506	0.2253857935373079
ENSMUSG00000073542	-0.048864907658072	0.4593451350155387
ENSMUSG00000115099	-0.3352730539230482	0.4564559197471428
ENSMUSG00000022661	-0.4955109233458831	-0.3142733052609635
ENSMUSG00000063713	-0.2482569724138	-0.0897831908242716
ENSMUSG00000095153	-2.0	-2.0
ENSMUSG00000023882	-0.3301706382474931	0.444808981387857
ENSMUSG00000004085	-0.1926414314525801	0.3204748956675091
ENSMUSG00000038224	-0.1720297226871325	0.0466340539254793
ENSMUSG00000002885	-0.0370285634226864	0.3772625279463366
ENSMUSG00000115219	-0.2417945996220621	0.4126792356548555
ENSMUSG00000027695	-0.3112131407142824	0.0408735905561214
ENSMUSG00000040877	-0.0757424292050997	0.4582805987707227
ENSMUSG00000030223	-0.4753876284235155	-0.413054831142315
ENSMUSG00000041685	-0.0435461051337952	0.5297603133309217
ENSMUSG00000109304	-0.4770107755710333	0.4744176250978245
ENSMUSG00000028756	-0.1063005855841859	0.4331500223320126
ENSMUSG00000107087	-0.3922628306588448	-0.2980152059783212
ENSMUSG00000000562	-0.2936292799491001	-0.4803528730819736
ENSMUSG00000085566	-0.109281057903743	0.4585360233569904
ENSMUSG00000025877	-0.1775954776505907	-0.152535064183421
ENSMUSG00000038292	-0.0562353953781426	0.3918031810146473
ENSMUSG00000005803	-0.4390327433786717	-0.3694201993370069
ENSMUSG00000035246	-0.2497508707025903	-0.3938143264858778
ENSMUSG00000028049	-0.2658842227804787	0.433531426408149
ENSMUSG00000027080	-0.0360832252206315	-2.0
ENSMUSG00000036452	-0.183635656286197	0.4822774483403571
ENSMUSG00000117497	-0.3351978726351715	-0.0515454652300613
ENSMUSG00000008398	-0.0072801302046804	0.386558175382022
ENSMUSG00000084981	-0.4717996795012213	-0.3806228003898398
ENSMUSG00000097503	-0.3732427868313129	0.474363141531186
ENSMUSG00000118483	-0.7525627923429765	-0.5761946891446632
ENSMUSG00000030058	-0.0287721304606116	0.3581336626431116
ENSMUSG00000106078	-0.3729847933506308	-0.0969751620666435
ENSMUSG00000087384	-0.0231137898318379	-0.0493374735527879
ENSMUSG00000019878	-0.0757517360804868	0.4833755892148512
ENSMUSG00000115050	-0.3081687370477526	-0.7170685313590902
ENSMUSG00000044749	-0.4274185662691911	-0.6425644976528075
ENSMUSG00000078926	-0.3419662687724166	-1.80180108794029
ENSMUSG00000026840	-0.2495223076910472	-0.2361488504141544
ENSMUSG00000025162	-0.0096284633400158	0.3672381049985036
ENSMUSG00000042350	-0.0418186937121178	0.4190118255361795
ENSMUSG00000015671	-0.1005194085581459	0.4171979100571392
ENSMUSG00000055177	-0.3811560844743632	-0.4170584998033995
ENSMUSG00000073102	-0.3056308757544195	0.1640852360460944
ENSMUSG00000029420	-0.2895828804533172	-0.2268186253744003
ENSMUSG00000025783	-0.1304084344774885	-0.1157957239061475
ENSMUSG00000028792	-0.0429661493851356	0.3145430130912612
ENSMUSG00000054556	-0.4640987986524408	-0.5337043053923335
ENSMUSG00000052915	-0.0984774927701163	0.3896355775933481
ENSMUSG00000085416	-0.3702596067476312	-0.2561297793721355
ENSMUSG00000005836	-0.3325662872487603	0.0790193688057023
ENSMUSG00000033857	-0.0370841856028263	0.2203977652465328
ENSMUSG00000043099	0.0305707410503568	-0.0491149854993621
ENSMUSG00000087651	-0.1395951471748613	0.2963101520106224
ENSMUSG00000117053	-0.4033180328341266	-0.1227122955510938
ENSMUSG00000022014	-0.6357495315760432	-0.4536417040469397
ENSMUSG00000109096	-0.3058315962726112	-0.4142422469772254
ENSMUSG00000110100	-0.4689284889327345	-0.3036478231571174
ENSMUSG00000068329	-0.3379667224053893	0.2636715680485235
ENSMUSG00000025041	-0.048962024211255	0.391115496041647
ENSMUSG00000066463	-0.4156902646931564	-0.2343409804560698
ENSMUSG00000031424	-0.6766080403276457	-0.5361223832214155
ENSMUSG00000102450	-0.4319678012403301	-0.3818481036147842
ENSMUSG00000024116	-0.3299089615239231	-0.3345967027263613
ENSMUSG00000029815	-0.0406176056596846	0.4682161359382766
ENSMUSG00000099629	-0.6873054385612803	-1.1571555812336798
ENSMUSG00000109877	-0.2603544091422379	0.4876315218186928
ENSMUSG00000110336	-0.44829779409712	-0.3694669916508148
ENSMUSG00000049122	-0.4880233759439812	-0.2874760599821722
ENSMUSG00000093877	-0.5444104380801271	-0.4420176199747461
ENSMUSG00000112549	-0.0710419774819375	-0.3802209630680908
ENSMUSG00000033943	-0.0093674518725003	0.3771061817780967
ENSMUSG00000030433	-0.1473702249970468	0.0663240614332228
ENSMUSG00000107971	-0.1212228730543016	-0.017420527290419
ENSMUSG00000037752	-0.0661546933567157	0.3041508870119381
ENSMUSG00000056820	-0.0362023539336737	0.4634118645682988
ENSMUSG00000020003	-0.2569531544682178	-2.0
ENSMUSG00000086446	-0.2760721970811793	0.0112650191697456
ENSMUSG00000040010	-0.0278810654184299	0.3637183784060869
ENSMUSG00000073423	-0.0923057949447951	0.2976318446078616
ENSMUSG00000086221	-0.4109167251065141	-0.4345047402011393
ENSMUSG00000040325	-0.0299800371035675	0.4507078013065345
ENSMUSG00000026730	-0.3268048567928208	0.3783625381251135
ENSMUSG00000112950	-0.2800718855049004	-0.5367307234886896
ENSMUSG00000022070	-0.0392416273468732	0.4137974921222914
ENSMUSG00000111597	-0.4692446579734747	-0.4384719527070606
ENSMUSG00000112345	-0.3860039305936273	-0.3656386444978695
ENSMUSG00000106874	-2.0	0.3853667558145402
ENSMUSG00000051340	-0.3369090977913812	-0.6077087300603468
ENSMUSG00000110076	-0.423978786344612	-0.5093722111401937
ENSMUSG00000113472	-0.2353818746730774	0.1033709207108938
ENSMUSG00000086359	-0.002568091343892	0.0753503530239748
ENSMUSG00000031559	-0.5371861770727913	-0.4599800233487232
ENSMUSG00000008384	-0.1263199023482111	0.287034993853671
ENSMUSG00000037845	-0.3428377867178093	0.4509366587317029
ENSMUSG00000004542	-0.3880603419408929	-0.4958198518751091
ENSMUSG00000104256	-0.5266372778258847	-0.3108895939564502
ENSMUSG00000006411	-0.1765660720974317	-0.0753963550741888
ENSMUSG00000010517	-0.0481723063548518	0.5129790722690037
ENSMUSG00000099411	-0.2670434697828359	-0.2644300010065139
ENSMUSG00000063524	-0.0175462206920567	0.2247546852835279
ENSMUSG00000097251	-0.2263609769523473	-0.0193793232331513
ENSMUSG00000001569	-0.0142389740970289	0.3599447059933738
ENSMUSG00000082922	-0.0226408978447251	0.2952254232180512
ENSMUSG00000026691	-0.4590739366959164	-0.725073575563704
ENSMUSG00000086019	-0.170635623189991	-0.9024628323980134
ENSMUSG00000115343	-0.6432216481152994	-0.6121280896682386
ENSMUSG00000024517	-0.1083736855125848	-0.3122173137176283
ENSMUSG00000102014	-0.1757217014431257	0.4192103684798308
ENSMUSG00000086148	-0.4792210117192041	-0.3316910702281518
ENSMUSG00000041057	-0.021509605108595	0.4241031276558052
ENSMUSG00000043873	-0.3981154990941792	-0.2381291195041782
ENSMUSG00000033147	-0.1981188971417311	0.0061140141157919
ENSMUSG00000036054	-0.0363544746141426	0.5186228946432296
ENSMUSG00000102964	-0.0590588910760994	-0.0113801391515856
ENSMUSG00000114744	-0.6418090328880048	-1.2742351709872917
ENSMUSG00000084298	-0.2094491318556632	-0.3231115044588032
ENSMUSG00000027368	-0.2503891997622502	0.2100071504760142
ENSMUSG00000026385	-0.1232492052727295	0.4551723621543116
ENSMUSG00000014177	-0.0710361466808686	0.4567667354320222
ENSMUSG00000054051	-0.0311777805273036	0.5135372084340648
ENSMUSG00000043036	-0.0692505966952726	-0.1264865840109138
ENSMUSG00000000028	-0.0337116178655078	0.4062035143299053
ENSMUSG00000030787	-0.364626449282815	-0.3876822535952249
ENSMUSG00000096740	0.0737586627308167	-0.9332657688717868
ENSMUSG00000121052	-0.2431873196349504	-0.274906133223328
ENSMUSG00000099032	-0.4524839059929753	0.2597032748276938
ENSMUSG00000056880	-0.389323870494725	-0.2953543608088275
ENSMUSG00000101940	-0.2117436471629495	-0.2898551389072047
ENSMUSG00000020653	-2.0	-2.0
ENSMUSG00000033769	-0.1336080883049313	0.4828312949819571
ENSMUSG00000024327	-0.1987058036301459	0.2506644071603104
ENSMUSG00000109999	-0.5584569333155768	-0.4151554128428799
ENSMUSG00000028416	-0.1279589325838066	0.4851442546360177
ENSMUSG00000038546	-0.0316305432191331	0.4776929888175901
ENSMUSG00000051517	0.021775242531091	0.2174008675785125
ENSMUSG00000112637	-2.0	-2.0
ENSMUSG00000118391	-0.489240308369204	0.0780445864870221
ENSMUSG00000103037	-0.0250170564663653	0.0915152972876179
ENSMUSG00000028329	-0.0384603573482678	0.427832757129956
ENSMUSG00000099865	-2.0	-2.0
ENSMUSG00000038717	-0.2210938784045987	0.3636510834356631
ENSMUSG00000038594	-0.3509464526603272	0.4238566031757037
ENSMUSG00000109714	-0.3659917388975597	-0.2607869633065104
ENSMUSG00000029754	-0.4116139906854547	-0.2236286564430935
ENSMUSG00000109291	-0.2721595569687534	-0.3743972450987911
ENSMUSG00000080959	-0.7975298833660606	-0.6657364954106774
ENSMUSG00000087702	-0.4850019833131752	-0.4225329717396793
ENSMUSG00000042385	-0.4129945788179228	-0.3001145997106343
ENSMUSG00000028134	-0.2227968352220121	0.415243528708574
ENSMUSG00000117287	-0.054634830628141	-0.1713567281117015
ENSMUSG00000103982	-2.0	-2.0
ENSMUSG00000113803	-2.0	-2.0
ENSMUSG00000103227	-0.0824221315668996	-0.5470081151627262
ENSMUSG00000023906	-0.3071093539625231	-0.3739634369881987
ENSMUSG00000026012	-0.4185250383997532	-0.3239552994425507
ENSMUSG00000058084	-0.4046257063791054	-0.7885488157049279
ENSMUSG00000121397	-0.2071830502793977	0.4924796127827358
ENSMUSG00000113500	-2.0	-2.0
ENSMUSG00000020189	-0.0916523685861968	0.5190689555990677
ENSMUSG00000032712	-0.0275246324452994	0.3367698334560661
ENSMUSG00000120110	-0.1748276518509219	-0.1795506494933544
ENSMUSG00000054580	-0.2847867884304662	0.1434107962107643
ENSMUSG00000034152	-0.0776375916325294	0.4936805089363877
ENSMUSG00000095143	-0.8150722977871271	-0.3129950050835425
ENSMUSG00000047547	-0.039479944967564	0.1946336524106649
ENSMUSG00000042682	-0.3315082252828484	0.472414435726285
ENSMUSG00000099767	-0.0993023870308527	-0.4926812590956541
ENSMUSG00000048534	-0.3053691828344129	-0.2817119402258409
ENSMUSG00000095886	-1.9199235828722852	-2.0535064691460425
ENSMUSG00000015452	0.2228693575005225	0.1134927886960763
ENSMUSG00000011305	-0.0312302316306535	0.0060569710257626
ENSMUSG00000026531	-0.3340032983450471	-0.953326862125622
ENSMUSG00000109801	-0.5624383488096649	-0.6770888671251984
ENSMUSG00000055538	-0.0179076788473618	0.3480917532975914
ENSMUSG00000087640	-0.2754809935613075	-0.4952723068671568
ENSMUSG00000001729	-0.0275250026135069	0.2887873992512537
ENSMUSG00000056222	-0.3329572521245202	-0.2088479574074224
ENSMUSG00000109033	-0.5469355823529936	-0.5544135735883735
ENSMUSG00000029610	0.0041028816059365	0.3221948908345344
ENSMUSG00000110008	-0.4960280130212249	-0.6031244128176099
ENSMUSG00000108589	-0.6158929291856459	-0.2337378435175271
ENSMUSG00000115317	-0.9686989308615748	-0.0033626983202785
ENSMUSG00000108869	-0.4411067136433454	-0.5062994252736709
ENSMUSG00000053693	-0.0312894100533198	-0.080694878052816
ENSMUSG00000114736	-0.5194325749983064	-0.5963548659569576
ENSMUSG00000063760	-0.4441085845644145	0.1595590726930116
ENSMUSG00000048004	-0.4677104756456556	-0.0492942706280052
ENSMUSG00000081931	-0.6346280920764464	-0.7874783571355897
ENSMUSG00000032898	-0.0224319457043594	0.4245853663536734
ENSMUSG00000102483	-0.2354123425072291	0.0074720969695972
ENSMUSG00000120332	-0.7278737567941992	-0.948090727670437
ENSMUSG00000066153	-0.5443068851197717	-0.3043026307896464
ENSMUSG00000105300	-0.1212259733455497	-0.1767993451243878
ENSMUSG00000105985	-0.3761478724739234	-0.4579337707487915
ENSMUSG00000013593	-2.0	-2.0
ENSMUSG00000102717	-0.2976644327705467	-0.3006207357212791
ENSMUSG00000120716	-0.2942496636323221	0.4785122414658752
ENSMUSG00000097401	-0.1479518316166379	0.0063479323212374
ENSMUSG00000108313	-0.2222437028338513	-0.0573295452969597
ENSMUSG00000031861	-0.0891067785455737	0.389505233391058
ENSMUSG00000114036	-0.1050943840538992	-0.2605056615275501
ENSMUSG00000042821	-0.1117603944469204	0.3549700236069242
ENSMUSG00000112036	-0.6492950496301563	-0.3553469948712346
ENSMUSG00000036781	-0.295469084244889	0.4857767742120911
ENSMUSG00000027530	-0.3365037405321182	-0.1114097780034328
ENSMUSG00000087526	-0.075595613785465	-0.1161417292939412
ENSMUSG00000098306	-0.1410418250953546	-0.1839775599989949
ENSMUSG00000026426	-0.1482514810790636	0.4503642888856149
ENSMUSG00000022752	-0.0283261376264192	0.4201300918075438
ENSMUSG00000109517	-0.0371113371114259	-0.0127914151335459
ENSMUSG00000120730	-0.2992270780931573	-0.2924898373270861
ENSMUSG00000073973	-0.4166003404305909	-0.254900682407732
ENSMUSG00000101962	-2.0	-2.0
ENSMUSG00000085336	-0.0278484651079973	0.2029823252277314
ENSMUSG00000025068	-0.1968993432722018	0.4646680573410444
ENSMUSG00000035486	-0.2678252119595093	0.165338714804729
ENSMUSG00000022101	-0.033441544553251	-0.1049065594588187
ENSMUSG00000005674	-2.0	-2.0
ENSMUSG00000102729	-0.887889222522941	-0.6353710074838462
ENSMUSG00000036322	-0.3155478348557956	-0.2176579704745897
ENSMUSG00000054455	-0.0167935082090204	0.2995982883531051
ENSMUSG00000101606	-0.5631335075112722	-0.5935314585170935
ENSMUSG00000079462	-0.1923694647064087	-0.1235247776061032
ENSMUSG00000117279	-1.2047503823714876	0.2473677765681536
ENSMUSG00000043090	-0.0444671420035686	0.417757917673048
ENSMUSG00000063409	-0.2911114016118296	-0.4108187632526172
ENSMUSG00000086044	-0.4141144337782688	-0.2598091829927209
ENSMUSG00000055200	-0.0541583379505215	0.3015269783774222
ENSMUSG00000026100	-0.3971355721850005	-0.3306734478871642
ENSMUSG00000090558	-0.3763251028175184	-0.2862506374105065
ENSMUSG00000099917	-0.3717490646731324	-0.5488121983324796
ENSMUSG00000099537	-2.0	-2.0
ENSMUSG00000116837	-0.6404923914920124	-0.6820719437797559
ENSMUSG00000026959	-0.1133334493598342	-0.1503818513494981
ENSMUSG00000109698	-0.2939555972518747	0.3802687819185036
ENSMUSG00000041708	-0.2066986463868849	-0.1385408654095478
ENSMUSG00000120259	-0.4613760035367716	-0.2819482839148866
ENSMUSG00000032181	-0.3421046852485881	0.187363274650954
ENSMUSG00000022946	-0.190381440765868	0.3789909710380393
ENSMUSG00000039660	-0.1941754786112814	0.2774423398296721
ENSMUSG00000038457	-0.2678401787938205	-0.3628886917920346
ENSMUSG00000056728	-0.4194426773821246	-0.3382643588925602
ENSMUSG00000106261	-0.2502282931910408	0.4200802394055457
ENSMUSG00000026817	-0.0335059039769422	0.175526308932011
ENSMUSG00000058743	-0.0021839029402846	0.0002300282873981
ENSMUSG00000118527	-0.2869496866261025	-0.2074540932975432
ENSMUSG00000079450	-0.704788573396473	-0.6025748484917686
ENSMUSG00000068947	-0.5182415836818155	-0.6162252657841515
ENSMUSG00000000301	-0.207680745654053	0.5691762665129211
ENSMUSG00000034154	-0.0126949036680812	0.4769362058521638
ENSMUSG00000114242	-0.529012342800672	-0.3630315364320681
ENSMUSG00000086923	-0.2916532167154018	-0.3350186177815276
ENSMUSG00000035578	-0.038575678401854	0.157749825566777
ENSMUSG00000059663	-1.0178454992890524	-0.8889170901239918
ENSMUSG00000022474	-0.0571169934571329	0.2919089402347732
ENSMUSG00000046718	-0.2943143165452137	0.3168007948006111
ENSMUSG00000016503	0.0154378040254515	0.3495696792474972
ENSMUSG00000059791	-0.16481121745784	0.1557440218434546
ENSMUSG00000079157	-0.4032494441234662	-0.2859186472395572
ENSMUSG00000078486	-2.0	-2.0
ENSMUSG00000090355	-0.6152597826044276	-0.6615076486983336
ENSMUSG00000020176	-0.2749951278604285	-0.1403844213382225
ENSMUSG00000104358	0.0116279510355638	0.0069155931026428
ENSMUSG00000048416	-0.5406106789829118	-0.0660860174445998
ENSMUSG00000035041	-0.2566716734249429	-2.0
ENSMUSG00000107989	-0.3939999924336301	-0.3685588692323482
ENSMUSG00000100969	-1.3815355987760154	-0.9338367138884692
ENSMUSG00000097443	0.0039501298693221	-0.3546832711375826
ENSMUSG00000097325	-0.310517280263418	0.3265943121408375
ENSMUSG00000059706	0.0381458744099752	0.1814954414128492
ENSMUSG00000062054	-0.0666157807402372	0.4252847229602741
ENSMUSG00000086592	-0.2550117634969093	-0.6103277701471373
ENSMUSG00000064179	-0.0750531376060371	-0.0073685547277697
ENSMUSG00000035238	-0.1951473289765812	-0.3130626885141531
ENSMUSG00000115441	-0.1644689738560132	0.0479017462975536
ENSMUSG00000055850	-0.025852567315185	-0.4390869309892491
ENSMUSG00000021223	-0.1389504534893707	-0.1560272466096558
ENSMUSG00000069307	-0.5595610285596927	0.4893162609295105
ENSMUSG00000059975	-0.0544265468901131	0.5148172768986523
ENSMUSG00000019254	-0.073795582154779	0.5064065270341132
ENSMUSG00000000538	-0.0695564293161017	0.3610970847309352
ENSMUSG00000046413	-0.1452932558959402	-0.1390035632428042
ENSMUSG00000004038	0.0581272303508503	-0.0403271922961115
ENSMUSG00000004317	-0.60406060971759	-0.5568020598580072
ENSMUSG00000059323	-0.0855950621405145	0.3288474922136598
ENSMUSG00000020916	-0.3949342589216298	-0.2494491805840921
ENSMUSG00000007570	-0.1473004747604388	0.4565652162430718
ENSMUSG00000028729	-0.0616061784307499	0.3406265198734101
ENSMUSG00000055865	-0.065414597566274	-0.4205040472811995
ENSMUSG00000030774	-0.2487735689670362	0.4201677249296666
ENSMUSG00000087112	-0.656812489791663	-0.8415091687226218
ENSMUSG00000026809	-0.1829496109655614	0.4214163501138397
ENSMUSG00000039328	-0.1913741127589654	0.426462136139263
ENSMUSG00000100783	-0.026776427357193	-0.1612832318829036
ENSMUSG00000108930	-0.0567821752617169	-0.131274587044102
ENSMUSG00000121606	-0.3515938098678227	-0.062493441912636
ENSMUSG00000039079	-0.2415913180835969	-0.3563100266796419
ENSMUSG00000091457	-0.3872938995454151	-0.4777474722132991
ENSMUSG00000049409	-0.2987514208383009	-0.1350297114648526
ENSMUSG00000116331	-0.2741886261983466	-0.332978006272783
ENSMUSG00000045569	-0.3173681727086249	-0.5541491128161674
ENSMUSG00000085819	0.0003870444412816	-0.15258480114898
ENSMUSG00000078490	-0.1335349615199004	0.4544887449527363
ENSMUSG00000107214	-0.2535643143334886	-0.3888232699442092
ENSMUSG00000073867	0.0856408701043785	0.4114045253974904
ENSMUSG00000002768	0.1175924222102089	0.163425569952608
ENSMUSG00000009145	-0.248070249936119	0.2034115050842107
ENSMUSG00000022901	-0.2785701155565657	-0.2868104592255168
ENSMUSG00000097002	-0.4623518869588541	-0.2027562871438009
ENSMUSG00000028096	-0.0393676169784269	0.4975551899724525
ENSMUSG00000026641	-0.1018283481239415	0.3996674925115281
ENSMUSG00000063583	-0.370574701333583	-0.3650590582354217
ENSMUSG00000097286	-0.2278557153336873	-0.0798885752115177
ENSMUSG00000099855	-2.0	-2.0
ENSMUSG00000021662	-0.2345488703778534	-0.1189373312710055
ENSMUSG00000038147	-0.2245848646062646	-0.3128328934797858
ENSMUSG00000113259	-0.5647976797644663	-0.4705914635752316
ENSMUSG00000042046	-0.0423893611762419	0.4980140293654349
ENSMUSG00000079528	-0.2794912508415349	-0.117099046934902
ENSMUSG00000095893	-0.5034265641220811	-0.8448219165217323
ENSMUSG00000090773	-0.4758009845509228	-0.8043235271736566
ENSMUSG00000103256	-0.2681312494594883	-0.3127879128791123
ENSMUSG00000073974	-0.3994666280319064	-0.5697249440146251
ENSMUSG00000117005	-0.7595683765872527	-0.5959864376345169
ENSMUSG00000067525	-0.4146676601480499	-0.3017501314869811
ENSMUSG00000030521	-0.07409185911561	0.4580465040007568
ENSMUSG00000085267	-0.0002502256934962	0.085470396724515
ENSMUSG00000106659	0.0081987322450672	-0.0753786866450854
ENSMUSG00000117019	-0.3492679114259957	-0.2273241062665689
ENSMUSG00000090843	-0.2672782304676632	-0.5180018872909125
ENSMUSG00000083702	-2.0	-2.0
ENSMUSG00000116081	0.0674287131027697	-0.0304223291003356
ENSMUSG00000108711	-0.2972465340393364	-0.3566900719305378
ENSMUSG00000049353	-0.2441871690560935	-0.2220727585661305
ENSMUSG00000071202	-0.2251140042975288	-0.0655507379170075
ENSMUSG00000006362	-0.1900317694184328	-0.1464335563694727
ENSMUSG00000024869	-0.0615532304157581	0.3385521075517646
ENSMUSG00000097166	-0.3131076975842754	-0.3408868368137305
ENSMUSG00000036155	-0.130567142868879	0.4561603778954491
ENSMUSG00000112226	-0.2218908782243714	-0.194763333035999
ENSMUSG00000115690	-0.7239084000407452	0.1085970872819707
ENSMUSG00000115271	-0.6125823725847	-0.8105849293542914
ENSMUSG00000113623	-0.3169571065000501	-0.0197141333069974
ENSMUSG00000084880	-0.3240954197558935	0.3193617699250601
ENSMUSG00000096081	-0.5379627660777292	-0.5592955566055859
ENSMUSG00000115006	-0.6292755324190566	-0.5822032805603117
ENSMUSG00000032171	-0.0340447957100632	0.2977591983682373
ENSMUSG00000053182	-0.4861942361098438	-0.5572102208555111
ENSMUSG00000044186	-0.4565707139651593	-0.6651599388372147
ENSMUSG00000091304	-0.2643355778714861	-0.4849353064070403
ENSMUSG00000112998	-0.7313144038126805	-0.7170742816449424
ENSMUSG00000046169	-0.4870227938279664	-0.187514868323459
ENSMUSG00000115127	-0.0523747602081189	0.2790259781647127
ENSMUSG00000099650	-2.0	-2.0
ENSMUSG00000006641	-0.1738732147126236	0.5069466787262706
ENSMUSG00000109680	-0.3514618184425871	-0.4696197292058299
ENSMUSG00000087380	-0.3100092391140147	0.0863427433425924
ENSMUSG00000026113	-0.1407382196459638	0.1675646053893878
ENSMUSG00000087437	-0.0073293312389875	-0.264400461633934
ENSMUSG00000038485	-0.0216901729806974	0.4412881375021849
ENSMUSG00000009569	-0.1447210144001514	0.5094202872493198
ENSMUSG00000087535	-0.2569264734105073	-0.0482965455705486
ENSMUSG00000101775	-2.0	-2.0
ENSMUSG00000110844	-0.4220633336909093	-0.3364817051015533
ENSMUSG00000038925	-0.273349390000743	-0.4591771866623826
ENSMUSG00000040797	-0.3801739982138163	-0.2487449214823246
ENSMUSG00000055838	-0.5104450818577514	-0.4877543881008297
ENSMUSG00000021360	-0.0067760745476432	0.2089243478743657
ENSMUSG00000029596	-0.2503582812888086	-0.3608503191324698
ENSMUSG00000115016	-0.4629202121042595	-0.2686375458844161
ENSMUSG00000069080	-0.4004669051116787	-0.3863317192494875
ENSMUSG00000025220	-0.0446974660620456	0.4478935373236708
ENSMUSG00000100809	-2.0	-2.0
ENSMUSG00000085468	-0.2813506927075864	-0.4284821600345059
ENSMUSG00000020912	-0.3386318658509203	-0.3780165563546227
ENSMUSG00000029837	-0.2947979792385044	-0.4359978366345213
ENSMUSG00000119980	-0.2926034060679712	-0.2728108756747812
ENSMUSG00000019320	0.1054986034293712	0.1701836527498026
ENSMUSG00000025197	-0.2808215717889232	-0.4863917106821508
ENSMUSG00000121363	-0.4633887888049185	-0.5453630415611387
ENSMUSG00000108920	-0.4760138271896243	-0.7052397876596249
ENSMUSG00000043605	-0.600627759283326	-0.4176468251878261
ENSMUSG00000113243	-0.5760990814715834	-0.5089418579827327
ENSMUSG00000028864	-0.6371062712456494	-0.395645427730884
ENSMUSG00000031227	-0.1556998089077842	0.2895866785100951
ENSMUSG00000018160	-0.0176278052297355	0.4304543329130762
ENSMUSG00000090113	-0.2547972822317996	-0.4419015496976446
ENSMUSG00000060176	-0.2148409261242529	0.3495396572812378
ENSMUSG00000073764	-0.3869207116890045	-0.1733192932052621
ENSMUSG00000031620	-0.4231902791157831	-0.3254568461541186
ENSMUSG00000100893	-0.3785900101660421	-0.41952596711956
ENSMUSG00000108189	-0.3948290778066563	-0.5526220851966664
ENSMUSG00000061455	-0.3155666956888639	0.3590659670133233
ENSMUSG00000075470	-0.1009945914902402	0.4998887902948152
ENSMUSG00000095398	-2.0	-2.0
ENSMUSG00000101471	-2.0	-2.0
ENSMUSG00000028452	-0.0511792432373871	0.4316519114035019
ENSMUSG00000079197	-0.5006250893758788	0.4285316356048213
ENSMUSG00000095948	-2.0	-2.0
ENSMUSG00000094885	-0.6899556620971729	-0.5549998392322912
ENSMUSG00000098391	-0.2792518947938963	-0.3267825522471303
ENSMUSG00000116092	-0.1521140709206592	-0.2392098790869626
ENSMUSG00000049659	-0.031560389659879	0.5216602311863082
ENSMUSG00000099746	-0.1214400617907524	-0.3052768995396763
ENSMUSG00000041781	-0.0499374067875404	0.4242967413518314
ENSMUSG00000112074	-0.4630422910917898	-0.1518488315318875
ENSMUSG00000053178	-0.1330168112264803	0.4224411103809984
ENSMUSG00000121747	-2.0	-2.0
ENSMUSG00000019080	-0.0410118716749197	0.3158150626672247
ENSMUSG00000045350	-0.1247921435347281	-0.3205684691396402
ENSMUSG00000073830	-0.2674625124891418	-0.2938016337745711
ENSMUSG00000023122	-0.3881722190411761	-0.4194575086321598
ENSMUSG00000039509	-0.0149891563777117	0.3781597914304478
ENSMUSG00000112449	-2.0	-2.0
ENSMUSG00000108793	-0.0094087238566005	-0.1601231630734433
ENSMUSG00000036644	-0.0535300491464228	0.3829718006003735
ENSMUSG00000043342	-0.1523174239779242	-0.1318011329370178
ENSMUSG00000097745	-0.2969508623501162	-0.0787805250538291
ENSMUSG00000070458	-0.613799025219049	-1.0034716918838948
ENSMUSG00000099981	-2.0	-2.0
ENSMUSG00000107719	-0.2791325057262688	-0.1031876172249911
ENSMUSG00000050035	-0.2887849956700345	0.4748212315434083
ENSMUSG00000074507	-0.3283333240102996	-0.4506202672791793
ENSMUSG00000120251	-0.9267011204245124	-0.4665281634318622
ENSMUSG00000068391	-0.1062665262433804	0.4369928984867823
ENSMUSG00000040022	-0.4122374164824695	0.517462201169425
ENSMUSG00000043993	-0.0312888499673581	-0.0442553093809959
ENSMUSG00000022556	-0.0902901764501066	0.4993246528705733
ENSMUSG00000086502	-0.0720166160247656	0.4092309253372347
ENSMUSG00000100232	-2.0	-2.0
ENSMUSG00000047592	-0.2483623660883965	-0.4131697384080631
ENSMUSG00000102785	-0.3519039641223406	-0.4464401212999634
ENSMUSG00000113989	-0.5102965501948016	-0.1815909229147709
ENSMUSG00000035295	0.2747783544801339	-0.2331581272394185
ENSMUSG00000107405	-0.3924182456290008	-0.4749608971669447
ENSMUSG00000000295	-0.1582434630791218	0.4988338734270164
ENSMUSG00000059994	-0.3750334757428782	-0.3745365190368939
ENSMUSG00000110911	-0.4874914379381422	-0.3904175420404426
ENSMUSG00000049498	-0.6192568924041724	-0.6607879736043466
ENSMUSG00000112458	-0.1338131215979966	-0.4641531710835226
ENSMUSG00000021306	-0.0374130506544758	0.5082503340073367
ENSMUSG00000058571	-0.3751972692965813	0.3164253818807949
ENSMUSG00000115121	-0.2580590340380282	-0.2338015420207067
ENSMUSG00000093587	-0.3878098799554191	0.2837532025647545
ENSMUSG00000087093	-0.3744352787027484	-0.3315044983577517
ENSMUSG00000063109	0.2697253696656757	-0.4038305926034187
ENSMUSG00000101660	-0.4331106524116542	-0.6184373120645771
ENSMUSG00000111169	-0.2693525541428105	-0.2955685700517884
ENSMUSG00000030494	-0.1251847906919463	0.0968231454246278
ENSMUSG00000001348	0.058385782019974	-0.4291673935944765
ENSMUSG00000097017	-0.2975818721455098	0.3880517986518976
ENSMUSG00000026764	-0.1906210433466651	0.3244861760101171
ENSMUSG00000070420	-0.0545476642854363	-0.1801745223448705
ENSMUSG00000047773	-0.3657273297194187	-0.2872445992462554
ENSMUSG00000021567	-0.2343761433711421	0.3262104710258828
ENSMUSG00000104299	-0.3881212657441792	-0.056314298110794
ENSMUSG00000026470	-0.0471821875398772	0.3995523096875142
ENSMUSG00000086954	-0.3792436491348048	-0.5930598057348792
ENSMUSG00000112627	-0.1324692287907137	0.3863833761145496
ENSMUSG00000032802	-0.0706824555593817	0.3359563010075869
ENSMUSG00000032243	-0.2389748988761991	-0.0938339671922474
ENSMUSG00000104336	-0.4214251941471871	-0.5095748135098715
ENSMUSG00000121639	-2.0	-2.0
ENSMUSG00000054939	-0.1763998045742159	0.4577593085176492
ENSMUSG00000114483	-0.4480601112342274	-0.6930506184938383
ENSMUSG00000004849	-0.0976760236082942	0.3557854938312788
ENSMUSG00000039577	-0.0463682483322933	0.4518361540253126
ENSMUSG00000073060	-0.1734356928059357	-0.1956439517008606
ENSMUSG00000113645	0.0217125360842075	-0.1024822107451033
ENSMUSG00000111631	-0.5621028162191678	-0.293875977136238
ENSMUSG00000050608	-0.0351722448993975	0.4382023743863758
ENSMUSG00000026085	-0.3601019229399915	-0.184819673458698
ENSMUSG00000099778	-2.0	-2.0
ENSMUSG00000035172	-0.1474651130580529	0.2909285600299746
ENSMUSG00000111304	-0.4338322430515128	-0.4904783951935042
ENSMUSG00000038500	-0.0891699141524901	0.3346873226764306
ENSMUSG00000103815	-0.6530861307573824	-0.679349892168605
ENSMUSG00000015652	-0.0830748476063566	0.4296983531016888
ENSMUSG00000023571	-0.0818861692107609	0.2161796305267996
ENSMUSG00000015342	-0.6734564648626554	0.1491977978215876
ENSMUSG00000090268	-0.1563365057661748	-0.1583731515498268
ENSMUSG00000063694	0.0040028030158359	0.366586183914828
ENSMUSG00000029917	-0.3493282886019393	-0.105874204402717
ENSMUSG00000026048	-0.1888136202441535	0.5436238442172029
ENSMUSG00000111259	-0.240083432455422	-0.2383553718275523
ENSMUSG00000009097	-0.2982808584216165	-0.0920418155772094
ENSMUSG00000026921	0.0007727038019295	-0.0876727049250852
ENSMUSG00000040533	-0.1065213149094209	-0.0592100753302897
ENSMUSG00000051232	-0.3451370259767091	0.4153460131434159
ENSMUSG00000113190	-0.16280437186638	0.4615348415275237
ENSMUSG00000114235	-0.3125926939488175	-0.0083182428774587
ENSMUSG00000039382	-0.1841239261190213	0.3581881115865726
ENSMUSG00000082343	-2.0	-2.0
ENSMUSG00000060681	-0.4383494141977395	0.3821496173084872
ENSMUSG00000120211	-0.409169529665997	-0.4543411361298332
ENSMUSG00000103325	-0.2103184811740247	-0.4557855610438155
ENSMUSG00000053898	-0.270002746633502	-0.0334577742374559
ENSMUSG00000115372	-0.420718417833075	-0.4406953436564239
ENSMUSG00000082141	-0.3342640413416047	-0.2301902197356153
ENSMUSG00000114198	-0.2950907318089527	-0.2411074772652151
ENSMUSG00000020935	-0.0227651823865257	0.376702482865231
ENSMUSG00000067882	-0.2033865404230649	-0.1426428942453479
ENSMUSG00000034659	-0.1943327960986409	0.4343734275318298
ENSMUSG00000116961	-0.3336804924406006	-0.3969277197489346
ENSMUSG00000022194	-0.2012018989840303	0.3575426620606301
ENSMUSG00000121490	-0.1599392201349743	0.4526651840494892
ENSMUSG00000028747	-0.2225511371812426	0.31023860485525
ENSMUSG00000035455	-0.1396345588648321	0.4738520618722533
ENSMUSG00000029924	-0.0121265563291	0.2985526764568963
ENSMUSG00000067597	-0.6292046274781666	-0.457943543999313
ENSMUSG00000032491	-2.0	-2.0
ENSMUSG00000033970	-0.1125800897278538	0.3083902340195994
ENSMUSG00000025574	-0.0239126949475933	0.2422113583520606
ENSMUSG00000005506	-0.0095043301621563	0.3959550967881435
ENSMUSG00000037826	-0.3129142987917823	0.4114995008565318
ENSMUSG00000103572	-0.2091366309836013	-0.4294572936098222
ENSMUSG00000086943	-0.3243611313947215	0.3803270381346099
ENSMUSG00000097914	-0.0875398643940805	-0.0532018127975249
ENSMUSG00000115368	-0.6195441746148569	-0.4001542701275808
ENSMUSG00000057176	-0.0758428505829271	0.3003141229691654
ENSMUSG00000002833	-0.0244062689019164	0.2635745293153074
ENSMUSG00000045639	-0.2391356055735669	-0.0877677905573709
ENSMUSG00000036523	-0.3445303978183489	-0.0498517626251958
ENSMUSG00000070677	-0.6593876732477538	-0.8846889718805703
ENSMUSG00000120990	-0.0482493693078142	0.1395737141038691
ENSMUSG00000107144	-0.3260134700623424	-0.2873583783452891
ENSMUSG00000043923	-2.0	-2.0
ENSMUSG00000015467	0.2865750200006549	-0.000797488416509
ENSMUSG00000104117	-0.3521374189711492	-0.443194491591849
ENSMUSG00000109835	-0.9494138578842072	-0.9677482481269644
ENSMUSG00000034035	0.1534703398205687	0.0458777387398092
ENSMUSG00000040549	-0.0292607620882209	0.4591095009819828
ENSMUSG00000026707	-0.1572239384902986	0.5208920882571905
ENSMUSG00000102428	-0.0271858757480423	-0.1591217740915802
ENSMUSG00000037957	-0.0125253673400006	0.4379305833630296
ENSMUSG00000079516	-0.8063517801159904	-2.0
ENSMUSG00000027854	-0.0274778087112742	0.4245180485683995
ENSMUSG00000050953	-2.0	-2.0
ENSMUSG00000097850	-0.1580461907695932	-0.212477623446686
ENSMUSG00000120210	-0.4110456147310947	0.4593988211742442
ENSMUSG00000004815	-0.0789488390932013	0.4700342531416793
ENSMUSG00000106679	-0.5892960041235088	-0.4654304770553904
ENSMUSG00000036323	-0.0368877425096608	0.226237369338081
ENSMUSG00000036371	-0.0170245145245675	0.4479526832126314
ENSMUSG00000118106	-0.0324272210329975	0.4721550397203813
ENSMUSG00000115958	-0.139722619179769	-0.1839775599989949
ENSMUSG00000110709	-0.0419690635477933	-0.4098160099015614
ENSMUSG00000026159	-0.0186748395690881	0.4436534421658563
ENSMUSG00000112496	-0.1484194142485231	-0.1927162860185391
ENSMUSG00000029468	-0.1171891383856481	0.3587143532489822
ENSMUSG00000023243	-0.0170587514809715	0.4294224784774929
ENSMUSG00000121903	-0.2452614333885752	-0.1138357387821726
ENSMUSG00000073932	-0.5259487408741577	-0.2641211344865193
ENSMUSG00000058568	-0.5553747623255025	-0.5053273456565369
ENSMUSG00000002057	-0.0612878869614279	-0.2450351745107437
ENSMUSG00000117859	-0.2350544803791865	0.0693414023718399
ENSMUSG00000024181	-0.1841287040857678	0.356215604337756
ENSMUSG00000041258	-0.1120954402557261	-2.0
ENSMUSG00000022122	-0.3786843092162868	-0.0862660227756036
ENSMUSG00000120865	-0.4331636350973044	0.0316306853643017
ENSMUSG00000085899	-0.4354648354994594	-0.1860019954733427
ENSMUSG00000097303	-0.8120440747749758	0.13862960673881
ENSMUSG00000102302	-0.1788736443972596	-0.2569564504773338
ENSMUSG00000032334	-0.0253428913162363	0.1904656083376879
ENSMUSG00000032688	-0.0997834528662284	0.5051000315824947
ENSMUSG00000099452	-0.207702744794105	-0.1878825989112973
ENSMUSG00000039007	-0.3711704590889808	0.0821388313934476
ENSMUSG00000085058	0.0022582693229145	0.1340811823140298
ENSMUSG00000021936	-0.1378717228014839	0.4615628108143758
ENSMUSG00000084128	-0.0166356312749951	0.0851721570664994
ENSMUSG00000073899	-0.5456063090778792	-0.3333856242566116
ENSMUSG00000115238	-0.4819126151070949	-0.2516485229041096
ENSMUSG00000103943	-2.0	-2.0
ENSMUSG00000040139	-0.1157799617019297	0.4490255094841425
ENSMUSG00000101026	-0.1515890490745711	-0.0982835762360944
ENSMUSG00000028698	-0.2563087161676698	0.5936601524848006
ENSMUSG00000047390	-0.6410309359305522	-0.595274528524966
ENSMUSG00000049960	-0.1650005380371555	0.2854443327444644
ENSMUSG00000082069	-0.4489928176969211	-0.6838621792471835
ENSMUSG00000028854	-0.0209574129903913	0.5232481727153492
ENSMUSG00000022434	-0.0405847980982076	0.4372627379147317
ENSMUSG00000046961	-0.3127884483350542	-0.1604574731668596
ENSMUSG00000029848	-0.1501725288672385	0.1515677355573397
ENSMUSG00000055555	-0.6713338159990191	-0.1294103594184599
ENSMUSG00000104245	-0.174771534437317	-0.1729997755051721
ENSMUSG00000057342	-0.0728808406381513	0.1834201832231955
ENSMUSG00000029017	-0.0357370689890137	0.3660637919788349
ENSMUSG00000029684	-0.0418850719409285	0.4674106675802311
ENSMUSG00000019936	-0.5448851994022453	-0.5932153550434954
ENSMUSG00000084811	-0.607758890690231	-0.5430248937491642
ENSMUSG00000114760	-0.4013821514053395	-0.5570708041459349
ENSMUSG00000011960	0.0075403934067594	-0.1127273466663201
ENSMUSG00000117881	-0.5092396177018834	-0.4785201354820962
ENSMUSG00000051046	-0.4356132994159656	-0.4081879364752349
ENSMUSG00000027189	-0.1699696654535631	0.4189171547793391
ENSMUSG00000024974	-0.0241207081546856	0.5147957742083346
ENSMUSG00000085126	-0.3911583084287618	-0.4751956123239784
ENSMUSG00000108634	-0.2564736163783262	-0.1536127798592279
ENSMUSG00000030401	-0.0713471296716558	0.1255503569445346
ENSMUSG00000020863	-0.0407586873406427	0.4516719385657241
ENSMUSG00000111447	0.0031846157826387	-0.189244626643279
ENSMUSG00000027315	-0.1125309026253692	0.4487480472634467
ENSMUSG00000102632	0.2302879471232022	0.1257919597434124
ENSMUSG00000071047	-0.3458573555995701	-0.2061180181589178
ENSMUSG00000086316	-0.135090998019102	0.3765879055188909
ENSMUSG00000048495	-0.0981363446614364	0.4570603489953975
ENSMUSG00000029049	-0.0218792197871962	0.3384764149129224
ENSMUSG00000117968	-0.4427657314527363	-0.3107717903662713
ENSMUSG00000000948	-0.1021349365647485	0.4079198945084468
ENSMUSG00000085853	-0.2981846325345702	-0.4424080648004482
ENSMUSG00000117390	-0.4580747063449148	-0.3824530018256795
ENSMUSG00000030451	-0.0628435351753728	0.5077617193949897
ENSMUSG00000034789	-0.0669288825906569	0.0553023231897567
ENSMUSG00000106940	0.0482614445497595	-0.0384492539741205
ENSMUSG00000022329	-0.1252828341185752	-0.2977383887016784
ENSMUSG00000112481	-0.2939899517128457	-0.0100286302928635
ENSMUSG00000093479	-0.3387728238042998	-0.3482881022103579
ENSMUSG00000032515	-0.0519085702611364	0.4220794163430691
ENSMUSG00000027714	-0.0579172051250301	0.4404355059095836
ENSMUSG00000104161	-0.3731084388274604	-0.4031435046479482
ENSMUSG00000021265	-0.0686639929618288	0.299564387348661
ENSMUSG00000026581	-0.3860223106432757	-0.2572012098021768
ENSMUSG00000087405	-0.2269956965072383	0.4329583933115687
ENSMUSG00000023952	-0.1026757010008751	0.464238197947168
ENSMUSG00000026596	-0.0126798787891948	0.5320918613860514
ENSMUSG00000059456	-0.5794821792658302	-0.2771345154868797
ENSMUSG00000086365	-0.4054448130382361	-0.7003531306306632
ENSMUSG00000044894	0.1817024192970059	0.2813506728207205
ENSMUSG00000086969	-0.0329228894331132	0.0028232718964893
ENSMUSG00000113058	-0.3229342452065109	-0.3163882056824605
ENSMUSG00000021797	-0.3084236411477499	-0.212487809968371
ENSMUSG00000031749	-0.0492812327516826	0.4865786663031916
ENSMUSG00000026932	-0.1854386532726216	0.3851881846173086
ENSMUSG00000116624	-0.2619745654023162	-0.0444684891355861
ENSMUSG00000012848	-0.0989348467069722	0.3020142935792498
ENSMUSG00000028937	-0.0209463835983118	0.4642721967762977
ENSMUSG00000038644	-0.0388866758167978	0.3162815831865471
ENSMUSG00000078838	-0.1887744468509499	0.1685953508037269
ENSMUSG00000026748	-0.4351869868388105	0.4048046486936684
ENSMUSG00000031864	-0.0498196138867775	0.5243626236590928
ENSMUSG00000113001	-0.557380714687361	-0.4958402826251831
ENSMUSG00000099911	-0.1533622028431205	-0.0863647747112717
ENSMUSG00000028522	-0.0303320649537817	0.3798633048757043
ENSMUSG00000057101	-0.0224946024958906	0.4278900292965481
ENSMUSG00000109170	-0.2346553127658492	-0.7062905902800812
ENSMUSG00000059208	0.0168930061034284	-0.2893261126481764
ENSMUSG00000101799	-0.4113783088068749	-0.3049570423610792
ENSMUSG00000109849	-0.3664467137838806	-0.1159129945213896
ENSMUSG00000018238	-0.1398358658279261	-0.6534815556654091
ENSMUSG00000108616	-0.1520217364151891	0.3481061716975522
ENSMUSG00000000247	-0.2338558441504588	-0.3197183460674508
ENSMUSG00000073739	-0.1359809233018606	-0.299876825841027
ENSMUSG00000031709	-0.2454477161143073	0.3538247099127708
ENSMUSG00000100562	-0.4938498540284702	-0.40391468375644
ENSMUSG00000120900	-2.0	-2.0
ENSMUSG00000020847	-0.2922268599548721	-0.1750252896405047
ENSMUSG00000112928	-0.527373800066132	-0.498554018018959
ENSMUSG00000118193	-0.157670770903359	0.1186723679967646
ENSMUSG00000090659	-0.1534591513323674	0.4442425267310196
ENSMUSG00000104344	0.0095826939468617	0.1574276328576832
ENSMUSG00000042581	-0.4829047010545578	-0.3384225973745203
ENSMUSG00000092166	-0.9258301448739508	-0.6371787041798386
ENSMUSG00000091700	-0.0948796624705424	-0.0662105321465079
ENSMUSG00000086112	-1.1370367893987607	-0.4219093328266518
ENSMUSG00000002699	-0.3509267705214302	-0.5399830598873678
ENSMUSG00000032420	-0.1579329684408865	0.1977025148851112
ENSMUSG00000121529	-0.8641724609760768	-1.0855690406921794
ENSMUSG00000104021	-0.4034367696686662	-0.5194583700329858
ENSMUSG00000038199	-0.2053244734027974	-0.1427102112926162
ENSMUSG00000084906	-2.0	-2.0
ENSMUSG00000072707	-0.390647433144742	-0.5225444672098194
ENSMUSG00000111448	-0.5166794945440003	-0.6118558331220757
ENSMUSG00000107714	-0.4608900124976287	-0.432588236135075
ENSMUSG00000111853	-0.3322128157019318	-0.2131255451800388
ENSMUSG00000022711	-0.0346359982144786	0.3149818833480005
ENSMUSG00000121484	-0.2217697152125625	-0.2306638895395486
ENSMUSG00000097779	-0.0491182923140877	0.4340138660428458
ENSMUSG00000040253	-0.4570798598852018	-0.1771271566811684
ENSMUSG00000025467	0.1170968797993354	-0.2710833800250679
ENSMUSG00000087528	0.0081511687724327	-0.3932165611796304
ENSMUSG00000113944	-0.269346094275127	-0.2086976532865248
ENSMUSG00000037461	-0.0254238356671611	0.4717345829212673
ENSMUSG00000110839	-0.3978514216333	-0.4768934835736053
ENSMUSG00000114291	-0.4129556890327712	-0.4810159868502865
ENSMUSG00000086213	-0.2967087938791873	0.0813068293839928
ENSMUSG00000086498	-0.3130473293434532	0.0034314058283001
ENSMUSG00000024274	-0.0179731263390222	-0.015336883979438
ENSMUSG00000028435	-0.1696771213076569	0.302760680512851
ENSMUSG00000026051	-0.3427838512768174	-0.1022418705000438
ENSMUSG00000025786	-0.028420436943228	0.446254068906091
ENSMUSG00000031673	-0.509351133794604	-0.3082107691408092
ENSMUSG00000002845	-0.0084378749739359	-0.0793797118514981
ENSMUSG00000050700	-0.1100490784436221	-0.0723805281092302
ENSMUSG00000045515	-0.315140981624002	-0.1006453284999578
ENSMUSG00000094775	-0.8305969819428236	-0.5413841155011345
ENSMUSG00000105762	-0.5588565251191678	-0.7104587154533134
ENSMUSG00000097619	-0.0518653065754705	0.1670637154536176
ENSMUSG00000097004	-0.0357946953770203	0.2372817755581693
ENSMUSG00000033159	-0.0455854475173447	0.4545165007097214
ENSMUSG00000032477	-0.0297861293829664	0.336047659131619
ENSMUSG00000060550	-0.1290578330239414	0.0009096752990098
ENSMUSG00000066748	-0.4384593421106605	-0.4685353893645497
ENSMUSG00000029175	-0.0213694383460444	0.426106056188983
ENSMUSG00000038495	-0.1468898827630513	0.4746057884817352
ENSMUSG00000026511	-0.1026369740497144	0.4309920420651126
ENSMUSG00000109890	-0.3427605195800731	-0.2892841781806295
ENSMUSG00000120174	-0.2818663302211081	-0.3238529394529028
ENSMUSG00000031594	-0.2662129446064473	-0.264795497372664
ENSMUSG00000030630	-0.0971743616365239	0.431125963049613
ENSMUSG00000121486	0.0064119553124061	0.3156399881918719
ENSMUSG00000104378	-0.1539572190033036	-0.1914359264680973
ENSMUSG00000019971	-0.9618718667562964	-2.0
ENSMUSG00000031851	-0.002531745265766	-0.8186909230596661
ENSMUSG00000108500	-0.5735697494310439	-0.2238119932719514
ENSMUSG00000052253	-0.045987534532223	0.4649152870862418
ENSMUSG00000005583	-0.4956030894034347	-0.4836732697710847
ENSMUSG00000084791	-0.3637241874169657	-0.3000312773881066
ENSMUSG00000087240	-0.0625518213523916	0.2534102201675651
ENSMUSG00000078498	-2.0	-2.0
ENSMUSG00000009654	-0.3022696762885671	-0.4529061817594365
ENSMUSG00000110519	-0.4601302946077844	-0.4081243541384642
ENSMUSG00000114726	-0.1349772039467674	-1.0076979420940655
ENSMUSG00000032673	-0.0981980843706969	0.4803637231559851
ENSMUSG00000092190	-0.0288492609391547	-0.1119227711556639
ENSMUSG00000109198	-0.0324000800261052	0.0324721717982476
ENSMUSG00000115332	-0.137523350683391	-0.2691991582377461
ENSMUSG00000070465	-0.541308679397892	-0.5408295718964289
ENSMUSG00000097725	-0.3670536174618919	0.4610000176733592
ENSMUSG00000116579	0.083196499189661	-0.2438347974458382
ENSMUSG00000002732	-0.3554066283838599	0.2005911567126818
ENSMUSG00000085124	-0.245481955594361	-0.1984375579464133
ENSMUSG00000095839	-0.5103280807947933	-0.773298968789944
ENSMUSG00000028645	-0.0097245621654623	0.2910543393641075
ENSMUSG00000112880	-0.7286268479889392	0.4461667093865193
ENSMUSG00000098387	-0.2715208994855315	0.4965662931493236
ENSMUSG00000028175	-0.4624602020091969	0.4805005213501405
ENSMUSG00000001056	-0.083617228935751	0.1246502692905644
ENSMUSG00000103012	-2.0	-2.0
ENSMUSG00000035048	-0.1681787107848097	0.5013304403362909
ENSMUSG00000003573	-0.0345803124522439	0.4136115393013589
ENSMUSG00000019699	-0.3308578023193781	0.5326366832508065
ENSMUSG00000021709	-0.1974929518257177	0.5391704785514146
ENSMUSG00000120701	-0.5930774681587003	-0.4659517988217621
ENSMUSG00000066900	-0.0175365437204485	0.259711394825156
ENSMUSG00000022339	-0.2365437033396606	0.5392673470788814
ENSMUSG00000091402	-0.3510302578893284	-0.3984784331580064
ENSMUSG00000030061	-0.0585294148315804	0.3318251668725301
ENSMUSG00000087108	-0.0356362647772351	0.0922833236653826
ENSMUSG00000107440	-0.2062782979187308	-0.0559793074744361
ENSMUSG00000050222	-0.1421613629986398	0.1558168358827186
ENSMUSG00000027177	-0.1867798057991465	0.5067898686289001
ENSMUSG00000026958	0.032265299557185	-0.1131756167007745
ENSMUSG00000112430	-0.3320597899719364	-0.3410726835238622
ENSMUSG00000020455	-0.0451260031653839	0.3213291133930195
ENSMUSG00000063549	-0.2773777575127251	-0.4066040437899232
ENSMUSG00000092312	-2.0	-2.0
ENSMUSG00000039217	-0.3596016534002311	0.0622207115635693
ENSMUSG00000073067	-0.3492578170258853	0.0539821418531043
ENSMUSG00000034639	-0.1708468086916738	0.5061420216055691
ENSMUSG00000044897	-0.5303735341665855	-0.8854851582596308
ENSMUSG00000031785	-0.2080150565879331	0.0664029359071081
ENSMUSG00000058447	-0.0310964098583349	0.3686683756621519
ENSMUSG00000116801	-0.4242038759557666	-0.3561365173640213
ENSMUSG00000121341	-0.4642882464862392	-0.532988626768366
ENSMUSG00000043683	0.0151120195327239	0.3930308975144153
ENSMUSG00000102904	-0.5699117157685871	-0.6287722359157656
ENSMUSG00000067220	-0.3721843080686229	-0.5998120047281335
ENSMUSG00000043505	-0.3077791624998561	-0.1813657579993102
ENSMUSG00000045205	-0.0392887859779522	0.5468238767935165
ENSMUSG00000111005	-0.3518943941746013	-0.2077369367523107
ENSMUSG00000121299	-0.4714859153764437	-0.208878024474825
ENSMUSG00000121837	-0.8369967417667236	-0.8083640165990376
ENSMUSG00000103995	0.3264582245962882	-0.3083861822426171
ENSMUSG00000027674	-0.4087933239673919	-0.2333345324271631
ENSMUSG00000051451	-0.0717794373255649	0.4483500832762523
ENSMUSG00000103393	-0.3078125106653154	0.3559355451623578
ENSMUSG00000048824	-0.2731944131886228	-0.2355756207989614
ENSMUSG00000085488	-0.2088010344615791	-0.2304135538758129
ENSMUSG00000074627	-0.258809781396049	0.4224401252478247
ENSMUSG00000037780	-0.7180930111991891	-0.3942899449374192
ENSMUSG00000034518	-0.0271892046756272	0.3596048088237711
ENSMUSG00000061589	-0.0230029596487074	0.3758058563935737
ENSMUSG00000022702	-0.0210606106253932	0.4874803007943779
ENSMUSG00000028180	-0.1036372799616196	0.5028715663359512
ENSMUSG00000061322	-0.2302235723315502	0.385869987200924
ENSMUSG00000031314	-0.0895230882060046	0.1348436619223197
ENSMUSG00000064307	-0.0196195244350045	0.4089661225638401
ENSMUSG00000116877	-0.2253013255238329	-0.2645507341389603
ENSMUSG00000025396	-0.2532643218791683	-0.3827811189844706
ENSMUSG00000082882	-0.5615478419461054	-0.8721438095440848
ENSMUSG00000022015	-0.4479426586088644	-0.2569037173329888
ENSMUSG00000026566	-0.0301257109275795	0.5306767756682678
ENSMUSG00000113033	-0.5303521489442826	-0.593432229969443
ENSMUSG00000062275	-0.3461488675333479	-0.2623093973461561
ENSMUSG00000046650	-0.5463132776066895	-0.6292534496704151
ENSMUSG00000047842	-0.3439357375575823	-0.3253522944435708
ENSMUSG00000109101	-0.3435230819698627	-0.4082262015217989
ENSMUSG00000051329	0.012270416924016	-0.2344463287178573
ENSMUSG00000002109	-0.0619087765578516	0.499657670540475
ENSMUSG00000086495	-0.0975843441444815	0.3598559638674215
ENSMUSG00000087125	-0.274882906006672	-0.353840841596922
ENSMUSG00000033416	-0.1418281965558786	0.4683189673973938
ENSMUSG00000032987	-0.182743704230103	-0.254476461079052
ENSMUSG00000110207	-0.2944433090464456	-0.41632750252427
ENSMUSG00000079698	-0.605308647760182	-0.9287697760475504
ENSMUSG00000026322	-0.4615318367099881	-0.3286608793357849
ENSMUSG00000029670	-0.0632294764109862	0.5199130074557005
ENSMUSG00000097693	-0.2642556679370153	-0.2626772475245822
ENSMUSG00000078681	0.0817281387591255	-0.4947287076044833
ENSMUSG00000021239	-0.1488364723986698	-0.2954949826659633
ENSMUSG00000102960	0.0313090701414007	0.0147164730879179
ENSMUSG00000021719	-0.413167489441902	-0.0697912747343466
ENSMUSG00000085673	-0.0360381120997668	0.1136928592010861
ENSMUSG00000025932	-0.3143016034633437	0.3117178448980278
ENSMUSG00000120303	-0.39151525845224	-0.5704128155665511
ENSMUSG00000112731	-0.04734459678928	-0.187483569401218
ENSMUSG00000017146	-0.0186838165195708	0.3631243940364715
ENSMUSG00000030155	-0.5455246760495078	-0.3770330927998214
ENSMUSG00000051804	-2.0	-2.0
ENSMUSG00000024431	-0.3168181892009292	0.4744726844321081
ENSMUSG00000107053	-0.2154102349505227	-0.282979428039748
ENSMUSG00000104625	-1.0106217400239703	-0.5697923532252135
ENSMUSG00000022414	-0.035758666199297	0.3835906232562898
ENSMUSG00000098008	-0.2571270923543811	-2.0
ENSMUSG00000108997	-0.3856269942823396	-0.3913096929818812
ENSMUSG00000060579	-0.4379708859097946	0.3646029950184962
ENSMUSG00000114661	-0.4025123599112959	-0.5712666487605665
ENSMUSG00000001383	-0.1395907150808672	0.3356163441348107
ENSMUSG00000107571	-0.3170394688622737	-0.4961292725468849
ENSMUSG00000026979	-0.1759254770682585	-0.1455359402027003
ENSMUSG00000102599	-0.4060450587169923	-0.2409242566597982
ENSMUSG00000080857	-0.1000751481615536	-0.3009125783101855
ENSMUSG00000019988	-0.2444350516046744	0.3707702223809514
ENSMUSG00000118124	0.030920164044431	0.0744058602744178
ENSMUSG00000108738	-0.3373989202644913	0.3420802428384024
ENSMUSG00000110621	-0.5143747250379503	-0.5159869466365217
ENSMUSG00000043263	-0.4346081938273923	-0.5107866723236564
ENSMUSG00000110652	0.065636471777294	-0.0819910637603327
ENSMUSG00000028797	-0.1048347916513108	0.2830473636822749
ENSMUSG00000055670	-0.0612652822310819	0.4536045130898446
ENSMUSG00000053205	-0.1102067862641769	0.4365864261678425
ENSMUSG00000022504	-0.315381176617667	-0.3455775880199804
ENSMUSG00000032278	-0.2916623972056526	0.011951288565742
ENSMUSG00000032560	-0.0136939715693672	0.4993862707663276
ENSMUSG00000115170	-0.5144365662264694	-0.295928830688781
ENSMUSG00000022514	-0.4803405084297722	0.4308348897943658
ENSMUSG00000109137	-0.3150519990622127	-0.2959526618123892
ENSMUSG00000091930	-2.0	-2.0
ENSMUSG00000028431	-0.017625362897986	0.3608950809597888
ENSMUSG00000074895	-0.437255466263805	-0.2573298461600125
ENSMUSG00000015133	-0.3644599594008409	0.055125862567799
ENSMUSG00000087434	-0.2049636803757572	0.076830501472502
ENSMUSG00000120072	-0.3699671362189575	-0.1555689277751027
ENSMUSG00000096470	-0.3464641055169819	-0.0404060213697104
ENSMUSG00000022962	-0.0346856699189932	0.4128276524776021
ENSMUSG00000102615	-0.1156620468122018	0.1161785499701889
ENSMUSG00000091131	-0.5007311958998554	-0.4101328219673361
ENSMUSG00000074646	-0.099274767047969	0.4111056550503573
ENSMUSG00000031012	-0.5639735486996589	0.4789332834292641
ENSMUSG00000026029	-0.3032793761227212	0.1412577633929472
ENSMUSG00000115365	-0.3702041933077265	-0.3946996955615013
ENSMUSG00000073724	-0.6829541468514762	-0.4981522710066327
ENSMUSG00000025017	-0.3289381063788735	-0.1352770444180797
ENSMUSG00000095503	-0.7831935569378914	-0.7433269843290601
ENSMUSG00000089774	-0.0435324705483104	0.5216568341583079
ENSMUSG00000092286	-0.1307533736602028	-0.0149817838972635
ENSMUSG00000113548	-0.4884754476293979	-0.1962211203489348
ENSMUSG00000108985	-0.2485669181806525	-0.23564166660117
ENSMUSG00000034913	-0.4981843270721895	-0.3633009454458173
ENSMUSG00000091411	-0.3988891098472881	-0.3553236476973838
ENSMUSG00000081187	-0.1073931207127509	-0.3647006664255323
ENSMUSG00000104442	-2.0	-2.0
ENSMUSG00000027984	-0.0348803662700115	0.4380009232275735
ENSMUSG00000101603	-0.2655202105744227	0.2153197222828521
ENSMUSG00000029679	-0.4931570529252116	-0.3853271571248961
ENSMUSG00000081788	-0.1815978370835057	-0.0484037304483758
ENSMUSG00000030016	-0.0238863561630803	0.487399156782831
ENSMUSG00000109844	-0.3764476364670041	0.2471055286365479
ENSMUSG00000113538	-0.2996675296831052	-0.5244647860148255
ENSMUSG00000115699	-0.1337591063193622	0.1815114542722519
ENSMUSG00000020227	-0.0340191503425603	0.3901484279530164
ENSMUSG00000025804	-0.2370729319235844	-0.2540127432460458
ENSMUSG00000025551	-0.5581534766862501	-0.4297203083326573
ENSMUSG00000116868	-0.0200577522759264	-0.1447246506891685
ENSMUSG00000091119	-0.9841910073813754	-2.0
ENSMUSG00000062585	-0.1750933987085379	-0.3506261928566493
ENSMUSG00000067599	-0.71694077692899	-0.2499333753396044
ENSMUSG00000011257	-0.0239862133865079	0.3502344464195411
ENSMUSG00000026669	-0.0062653772485435	0.2494087251677865
ENSMUSG00000017057	-2.0	-2.0
ENSMUSG00000021614	-0.2498634216046858	0.2276841579501656
ENSMUSG00000060284	-0.1683211269830552	-0.2093908900730884
ENSMUSG00000096971	-0.3988408003813584	0.4332192187219134
ENSMUSG00000022488	-0.186565935889888	-0.2779715505071294
ENSMUSG00000075128	-2.0	-2.0
ENSMUSG00000059379	-0.7706284422827513	-0.6471166524247463
ENSMUSG00000024122	-0.0159676592812198	0.1034828400617074
ENSMUSG00000004791	-0.160543573612866	0.0948429323605133
ENSMUSG00000031796	-0.0312767149488873	0.4284623359463836
ENSMUSG00000021901	-0.1212159835974316	0.4605887675933134
ENSMUSG00000118588	-0.3077548146630666	-0.5256936801641647
ENSMUSG00000020473	-0.0132716077993624	0.2044477512726727
ENSMUSG00000103380	0.1625578353050785	-0.1457859290338817
ENSMUSG00000117036	-0.7276791225875714	-0.5071371239833005
ENSMUSG00000033255	-0.1360978325269812	0.1227075817170047
ENSMUSG00000028310	-0.4416464483126577	-0.2175619201019574
ENSMUSG00000024566	-0.0820300909989801	0.3715211399668875
ENSMUSG00000085862	-0.4449735437908128	0.4828115779308924
ENSMUSG00000106888	-0.0109383729732186	0.0041135507056965
ENSMUSG00000110893	-0.4000780832224671	-0.3026051685077886
ENSMUSG00000018821	-0.0501155695686939	0.3201450393308474
ENSMUSG00000070719	-0.345730061148306	-0.4446518233748205
ENSMUSG00000121716	-0.4355230784503821	-0.2974466031703734
ENSMUSG00000046318	-0.3229980136568209	-0.0561107424568113
ENSMUSG00000111730	-0.4914281060125176	-0.3757412184606379
ENSMUSG00000100248	-2.0	-2.0
ENSMUSG00000120860	-0.4005250072210357	-0.3676107424894217
ENSMUSG00000026873	-0.0778201135059806	0.4001147130188064
ENSMUSG00000100838	-0.09150994118994	-0.4244366988884671
ENSMUSG00000031294	-0.1553097677863698	-0.2909002275868597
ENSMUSG00000026585	-0.1884528756577849	0.2518450753948055
ENSMUSG00000067064	-0.3898516904874947	-0.4763992153081197
ENSMUSG00000034579	-0.2547409067063142	-0.2547227931324639
ENSMUSG00000056260	-0.1976273786559854	0.4739293600880023
ENSMUSG00000104868	-0.3411309793638648	-0.3773024070578926
ENSMUSG00000112349	-0.1790453219183906	-0.1996871685884643
ENSMUSG00000020848	-0.2884682769251598	-0.0559166675028634
ENSMUSG00000059334	-0.5475900400793683	-0.7145215012138064
ENSMUSG00000110597	-0.2299066785625866	-0.1855030895644333
ENSMUSG00000022217	-0.1448376332359378	0.0202039467226199
ENSMUSG00000085160	-0.9003072761439934	-0.194979101864162
ENSMUSG00000085885	-0.3725866194416437	0.3228987440353983
ENSMUSG00000090996	-0.0293007163859583	0.3149385630626873
ENSMUSG00000033233	-0.0539978854915097	0.413268205320167
ENSMUSG00000090208	-0.0028058137723405	-0.524268973213997
ENSMUSG00000028862	-0.1299592511470899	0.5028150802699932
ENSMUSG00000059518	-0.0428112162375787	0.2814656275059823
ENSMUSG00000055717	-0.2085906459814175	0.4722259059292039
ENSMUSG00000101662	-0.0321392385020074	-0.0356381505159191
ENSMUSG00000096806	-0.3565765406708197	-0.3165305860744929
ENSMUSG00000021966	-0.6483307930653486	-0.5075019146644308
ENSMUSG00000100314	-0.7318680641158338	-0.3699774385882006
ENSMUSG00000024556	-0.0559666601907419	0.5107085100644104
ENSMUSG00000022203	-0.2705091257441592	0.3820725422236908
ENSMUSG00000019897	0.058817396422413	-1.8079083568857632
ENSMUSG00000106361	-0.0780797445762206	-0.3951736959190114
ENSMUSG00000118576	-0.2559163111644493	-0.2815722222188175
ENSMUSG00000033257	-0.0292677305964413	0.3728847666994173
ENSMUSG00000115480	-2.0	-2.0
ENSMUSG00000087085	-0.4669247946430014	-0.3899516862110643
ENSMUSG00000114474	-0.2540532773582248	-0.3915518682963631
ENSMUSG00000121277	-0.0167582991176486	0.5995147476935371
ENSMUSG00000084854	0.0761865453831368	-0.2036954849247791
ENSMUSG00000003037	-0.0311031279600087	0.2906946825398166
ENSMUSG00000086266	-0.3063597427969192	0.0035183480223137
ENSMUSG00000001750	-0.1227151760522338	0.2154779315397514
ENSMUSG00000034974	-0.097802100880427	0.3928558724436941
ENSMUSG00000117487	-0.2256115168526934	-0.3158358661473732
ENSMUSG00000043445	0.0253708406915692	0.2632216936676482
ENSMUSG00000085105	-0.2682894238351828	0.3455568211003175
ENSMUSG00000089775	-0.2084567133629595	-0.1004031566460025
ENSMUSG00000050373	0.0469654928057749	0.0895060834294063
ENSMUSG00000101162	-0.2373877481262059	0.3239151050235911
ENSMUSG00000029534	-0.3874193558930411	0.4306573810437004
ENSMUSG00000031585	-0.0269442267849847	0.4439341773375629
ENSMUSG00000118017	-0.4188263735875184	-0.3695969628544175
ENSMUSG00000081560	-0.8514787830443006	-0.994091581726799
ENSMUSG00000032127	-0.0576025966335142	0.4243091663104141
ENSMUSG00000032841	-0.1420648557506242	-0.3039960833050544
ENSMUSG00000078772	-0.1040661053825885	0.1114611949067451
ENSMUSG00000025508	0.0378877207132003	0.0975196817650919
ENSMUSG00000026918	-0.0424601367654969	0.4765371703433033
ENSMUSG00000069170	-0.3871653020242522	0.4657952353548708
ENSMUSG00000035173	-0.0280178837452561	0.4759104927182306
ENSMUSG00000021285	-0.137363986992098	0.3733545369724226
ENSMUSG00000107662	-0.4652210078947061	-0.4091127104015694
ENSMUSG00000119949	-0.5717130999021105	0.406833698356642
ENSMUSG00000010592	-0.6578712780796365	0.1183400678273328
ENSMUSG00000001517	-0.0838408400217416	0.3545390610859001
ENSMUSG00000070686	-0.748893282083663	-1.2646146276830907
ENSMUSG00000038217	-0.4440165815906803	0.2938087757024991
ENSMUSG00000040356	-0.0895318411797144	0.3168213158389443
ENSMUSG00000113694	-0.3676927627381852	-0.4558074178501815
ENSMUSG00000031320	0.0166675427443887	0.2308054074391608
ENSMUSG00000045174	-0.3089211614155774	-0.0779904464048636
ENSMUSG00000086512	-0.3154630610358976	-0.3253488036958993
ENSMUSG00000094460	-0.2584664530644001	-0.0304035108779572
ENSMUSG00000039097	-0.3939281262086578	0.1190263389706505
ENSMUSG00000031601	-0.0322341824001677	-0.371039403886766
ENSMUSG00000025003	-0.4844838020167173	-0.4830082288194409
ENSMUSG00000078676	-0.0073323347142337	-0.1217494359971463
ENSMUSG00000064299	-0.6699219808027032	-2.0
ENSMUSG00000024393	-2.0	-2.0
ENSMUSG00000074738	-0.0720539368266815	0.188291613974556
ENSMUSG00000022667	-0.5084315751657547	-0.354192931540058
ENSMUSG00000067616	-0.1235089632416019	0.1639999225150447
ENSMUSG00000105012	-0.8592185192415309	-0.3522085743904353
ENSMUSG00000040945	-0.0093792561470485	0.2344772941843963
ENSMUSG00000026004	-0.0957711587919603	0.4954324888469677
ENSMUSG00000043068	-0.0838116576675148	0.3063795582914335
ENSMUSG00000103070	-0.522427834335154	-0.2071939671312907
ENSMUSG00000094325	-2.0	-2.0
ENSMUSG00000012282	-0.2855352778075234	-0.0299685900495565
ENSMUSG00000087623	-0.1122729022975591	0.0093137866825236
ENSMUSG00000101941	-0.3667307595737789	-0.3967220022057119
ENSMUSG00000032123	-0.5241687767774954	0.5017894136367693
ENSMUSG00000022435	-0.0848408612246739	-0.1071945159879741
ENSMUSG00000029161	-0.1641906319306738	0.0087724928705338
ENSMUSG00000068302	-0.2741118790200736	-0.193521958020331
ENSMUSG00000070284	-0.0106244103152462	-0.0013130310697286
ENSMUSG00000059674	-0.2032346469831533	0.2639814734009083
ENSMUSG00000100425	-2.0	-2.0
ENSMUSG00000030147	-0.4276663735006115	-0.1752397913646068
ENSMUSG00000044442	-0.1403321023835996	0.5004502751625568
ENSMUSG00000019854	-0.0483198443807549	0.4808250040469562
ENSMUSG00000066137	-0.3652145203771236	-0.2891624558893048
ENSMUSG00000047669	0.0048787189133544	-0.1452499293452377
ENSMUSG00000021171	-0.1473601032014344	0.561866451671694
ENSMUSG00000032363	-0.1463129802706523	0.16867140219654
ENSMUSG00000029337	-0.396931446001918	-0.1713341754498957
ENSMUSG00000016253	-0.0596431177301786	0.4356634784174646
ENSMUSG00000031770	-0.1779333114494359	0.541418475316099
ENSMUSG00000082117	-0.6978327744621589	-0.7629144730576811
ENSMUSG00000025785	-0.0478675854983344	0.4459095030261163
ENSMUSG00000041774	0.0155961216626467	-0.0634976176873815
ENSMUSG00000097233	-0.2905485554270309	0.4596948806293163
ENSMUSG00000040473	-0.2538292957509216	0.4229202768804545
ENSMUSG00000113689	-0.2825064123506717	-0.4458910049246321
ENSMUSG00000048782	-0.3269195313005387	-0.1570490751281371
ENSMUSG00000026435	-0.1488808925070929	0.2329806177395662
ENSMUSG00000024797	-0.1181618821339012	0.2583077259595623
ENSMUSG00000005161	-0.1764712592078536	0.2070437778432829
ENSMUSG00000043832	-0.3416525608218548	-0.360928280664281
ENSMUSG00000111713	-0.2231567857258776	-0.0737009849941524
ENSMUSG00000061184	-0.451867917681031	-0.3579115892428242
ENSMUSG00000110655	-0.6194659803189455	-0.5146770298369387
ENSMUSG00000032062	0.0248976004990306	0.1686606815826955
ENSMUSG00000022899	-0.1063916824839777	-0.4022335342139028
ENSMUSG00000092545	-0.603739297881517	-0.4735291616513969
ENSMUSG00000085658	-0.4412880702959876	0.3907970995817322
ENSMUSG00000042774	-0.8580644648293102	-0.550568812654555
ENSMUSG00000112146	-0.4455675382068367	0.3492036036730466
ENSMUSG00000087598	0.0443962784077308	-0.2865682628480065
ENSMUSG00000040824	-0.1368810086671545	0.3331831915440091
ENSMUSG00000039824	-0.2803300291112931	0.2304264396702673
ENSMUSG00000086903	-0.2415676093633324	0.0427054269861532
ENSMUSG00000109866	-0.2830209247654718	-0.4563302001010592
ENSMUSG00000033825	-0.36384482240417	-0.3664636785856431
ENSMUSG00000079382	-1.1373165586818983	-0.3435375843912379
ENSMUSG00000028933	-0.0405662972523602	0.4562569902667939
ENSMUSG00000116626	-0.0680586737812568	-0.033362281111145
ENSMUSG00000048796	-0.0881925549968146	0.3174264597628242
ENSMUSG00000022886	-0.6521823262849823	-1.0060130718523892
ENSMUSG00000033450	-0.0942887208839525	-0.3699657110092538
ENSMUSG00000045584	-0.5041639090316613	-0.7526282430058033
ENSMUSG00000113957	-0.4086642106421646	0.3279430098578744
ENSMUSG00000032872	-0.1043503099475889	0.4607835586815477
ENSMUSG00000021785	-2.0	-2.0
ENSMUSG00000094701	-0.6635602401542375	-0.3562029855702824
ENSMUSG00000086790	-0.677044105064164	-0.4655167285890509
ENSMUSG00000096538	-2.0	-2.0
ENSMUSG00000073000	-0.1562512352782063	0.414389330498909
ENSMUSG00000029307	-0.3386081500037112	-0.3332175921589081
ENSMUSG00000031109	-0.5493195835332643	0.50875966582952
ENSMUSG00000091450	-0.4202865818982617	-0.5210920033350209
ENSMUSG00000090255	-0.3972331185668158	-0.4178650185112317
ENSMUSG00000103630	0.015206887033112	0.0223790411094846
ENSMUSG00000111234	-0.4186083800510081	-0.5019297119758529
ENSMUSG00000073590	-0.2184840198781114	0.4097438175574943
ENSMUSG00000094422	-0.2660947940795228	-0.5277137790525488
ENSMUSG00000062210	-0.1885443074583438	0.5168440957726017
ENSMUSG00000091307	-0.3874655634768673	-0.5118081759121456
ENSMUSG00000086336	-0.0905861559444553	-0.3251904634904981
ENSMUSG00000097662	-0.2385235213175306	0.4578637377000626
ENSMUSG00000034674	-0.0490032494140029	0.3948896070520568
ENSMUSG00000118163	-0.394785486213657	-0.4798789891217818
ENSMUSG00000109829	-0.1857512052972388	0.4505822476272301
ENSMUSG00000029674	-0.0418221367137051	0.329293717561876
ENSMUSG00000024042	-0.053255028771361	0.272525256157887
ENSMUSG00000097777	-0.064920992349065	-0.107002225068068
ENSMUSG00000107681	-0.4306888393497594	-0.4530149023757561
ENSMUSG00000114808	-0.3318299794577554	-0.4909784938314302
ENSMUSG00000024008	-0.0673082295719054	0.0941850919054658
ENSMUSG00000100930	-2.0	-2.0
ENSMUSG00000060860	-0.1381116072112768	0.3140143495939923
ENSMUSG00000038352	-0.1608535508361219	0.0372550572383887
ENSMUSG00000038178	-0.0378967215792051	0.5059163743241605
ENSMUSG00000051853	-0.047747347023999	0.460518683977257
ENSMUSG00000045917	-0.1157019528831312	0.3538847006500905
ENSMUSG00000038827	0.0420822708091385	0.3606937402827084
ENSMUSG00000066273	-0.5415177695707764	-0.4430412455419309
ENSMUSG00000024581	-0.0351940966111246	0.4544930151846563
ENSMUSG00000028552	-0.1866494954904364	0.4307446947772654
ENSMUSG00000025314	-0.5970377762517955	0.4428521305759071
ENSMUSG00000046152	-0.1588514701600907	0.4053900777500745
ENSMUSG00000103660	-2.0	-2.0
ENSMUSG00000034107	-0.2146547869650897	0.0638538249751086
ENSMUSG00000017697	-0.0388193295472255	0.3663704651293263
ENSMUSG00000052299	-0.018711201898781	0.4070412884596655
ENSMUSG00000050846	-0.1368032820739048	0.4649918104198353
ENSMUSG00000117118	-0.4565880122446447	-0.5543257860049071
ENSMUSG00000107847	-0.507810014356853	-0.5391268030275371
ENSMUSG00000001497	-0.4787392323538054	-0.2284350060141739
ENSMUSG00000006435	-0.08256129396246	0.4705036910971714
ENSMUSG00000028214	-0.2534045624071715	0.1722665145857417
ENSMUSG00000039089	-0.3232164321620219	0.2126995036500409
ENSMUSG00000000346	-0.0425731717729585	0.317684832763717
ENSMUSG00000118341	-0.0107876853119083	0.1243437801218754
ENSMUSG00000095704	-0.1804559328537628	-0.1493301212193535
ENSMUSG00000026384	-0.0720759822136419	0.5323111980450479
ENSMUSG00000006906	-0.078699724162384	0.3803466119166048
ENSMUSG00000109959	-0.0505461713951108	0.1727487222761154
ENSMUSG00000022996	-0.0039743791247216	-0.2490677154218882
ENSMUSG00000006724	-0.2292939063707338	0.3279838685955513
ENSMUSG00000067297	-1.2257238242379485	-0.409644428242416
ENSMUSG00000083475	-0.861183527527062	-0.7941040234403026
ENSMUSG00000085358	-0.2917028616790897	-0.2897475420627194
ENSMUSG00000069085	-0.3765119133000179	-0.3945787983138673
ENSMUSG00000097902	-0.0467831531767747	-0.0829811518309078
ENSMUSG00000115207	-0.8153786296554918	-0.6912673645907214
ENSMUSG00000075137	-2.0	-2.0
ENSMUSG00000097311	-0.427964347787321	-0.3639974405485122
ENSMUSG00000002814	-2.0	-2.0
ENSMUSG00000111456	-0.6725734639978596	-1.238208632635067
ENSMUSG00000115823	-0.1184049240352619	-0.088022322791352
ENSMUSG00000050343	-0.3192258803132251	-0.3030398637060745
ENSMUSG00000086949	0.0747359351663513	0.0878559936775134
ENSMUSG00000094584	-0.3474171869674362	-0.3442912269393294
ENSMUSG00000045381	-0.5241802183318033	-0.769004977466427
ENSMUSG00000067872	-0.1952429044669522	0.3588052299212336
ENSMUSG00000116610	-0.5741815596204545	-0.3107508271640875
ENSMUSG00000022312	-0.0062424663787742	0.3634310801906776
ENSMUSG00000078881	-2.0	-2.0
ENSMUSG00000104222	0.0913933538194049	0.4191991201386774
ENSMUSG00000110822	-0.2851291346761873	-0.3108855244911607
ENSMUSG00000108043	-0.4179144909081722	-0.3217539370303182
ENSMUSG00000086161	-0.4241794241001781	-0.6603001775132671
ENSMUSG00000091754	-0.0058818675599756	0.0350509162594789
ENSMUSG00000037029	-0.1362087115068362	0.4390862605110129
ENSMUSG00000042419	-2.0	-2.0
ENSMUSG00000038250	-0.0415205950316301	0.4062236262135738
ENSMUSG00000098127	-0.0564809506111209	0.1022715525286334
ENSMUSG00000047988	-0.0503494948076968	0.0507078861950568
ENSMUSG00000097120	-0.3625553033560209	0.002431051777428
ENSMUSG00000022089	-0.2011451667793074	0.3816474647495985
ENSMUSG00000044551	-0.3600189358013352	0.3691557201645893
ENSMUSG00000117995	-0.3180248824944984	-0.4321408698308664
ENSMUSG00000081859	-0.3936308684062591	-0.3974701608576329
ENSMUSG00000083270	-0.5062094193173223	-0.4691812010640037
ENSMUSG00000079244	-0.7127465882453571	-0.5714003708056921
ENSMUSG00000100499	-2.0	-2.0
ENSMUSG00000121685	-0.462416872747293	-0.1372024183047359
ENSMUSG00000021101	-0.1424219553407831	-0.0929124382910275
ENSMUSG00000031546	-0.0779916937499571	0.2752694206363723
ENSMUSG00000050776	-0.4304447781001452	-0.4608867492799874
ENSMUSG00000072915	-0.0741057665457887	0.3686728355603686
ENSMUSG00000040127	-0.0957797137293313	-0.0948339632487293
ENSMUSG00000038213	-0.0886191733118475	0.3066424849334577
ENSMUSG00000111917	-0.4504142662986897	-0.565073269803896
ENSMUSG00000058587	-0.0488233068101119	0.4471090153418781
ENSMUSG00000028271	-0.1009596306307483	0.5532677853523058
ENSMUSG00000103346	-0.4093509554260834	-0.4473398129356401
ENSMUSG00000020485	-0.1743072851922124	0.4417381702853437
ENSMUSG00000046603	-0.1987970861029308	0.4920520932893616
ENSMUSG00000034723	-0.3377963416155563	0.4648598960283898
ENSMUSG00000073421	-0.0411891790224953	-0.2118628935283072
ENSMUSG00000099812	-0.3118052150714038	-0.4387755280135391
ENSMUSG00000096167	-0.7098293310144003	-0.7894129054053187
ENSMUSG00000037573	-0.191729324131158	0.360819021486674
ENSMUSG00000026354	-0.2687659057042701	0.082374426693215
ENSMUSG00000021248	-0.113941754106084	0.4690162784206406
ENSMUSG00000037868	-0.2343038836870458	0.098555612197666
ENSMUSG00000107828	-0.4487253899338833	-0.3818545903675815
ENSMUSG00000024713	-0.496647099419142	0.0536664566067137
ENSMUSG00000025178	-0.038357495928425	0.3070859388176014
ENSMUSG00000109780	-0.3532452547602698	0.4487356840196714
ENSMUSG00000081768	-0.2642601371416538	-0.3706585068742534
ENSMUSG00000059439	-0.1134977689962559	0.4871313022195555
ENSMUSG00000033933	-0.07480593709957	0.2977189393606251
ENSMUSG00000040312	-0.0993200734760092	-0.0280390078153406
ENSMUSG00000097676	-0.2579833541332643	0.3164945392223112
ENSMUSG00000025870	-0.0610033132388368	0.2961924733309687
ENSMUSG00000064010	-0.923571913806886	-0.3371637191619437
ENSMUSG00000106438	0.0052912177369449	-0.1598384298492728
ENSMUSG00000017400	-0.0468402323943203	0.1540573919870393
ENSMUSG00000048583	-0.2412126635657322	-0.2835448910822878
ENSMUSG00000099643	-2.0	-2.0
ENSMUSG00000091563	-0.059173244823825	0.4541036414627341
ENSMUSG00000101317	-2.0	-2.0
ENSMUSG00000028032	-0.0817031888775614	0.4720724454973647
ENSMUSG00000026455	-0.0457440758938596	0.4631805201262803
ENSMUSG00000024833	-0.0179200796202381	0.3809214559800513
ENSMUSG00000030057	-0.1560612107934684	0.4484388605350464
ENSMUSG00000121631	-0.5055100708294644	-0.4565956923050995
ENSMUSG00000020774	-0.2919472588248573	0.1206317016898545
ENSMUSG00000054008	-0.0373686511625506	0.3394029407248546
ENSMUSG00000116879	-0.1484805414183851	-0.1741622441628936
ENSMUSG00000039419	-0.5024439813607132	-0.360254604972491
ENSMUSG00000114196	-0.0657162240786103	0.0994595710791749
ENSMUSG00000075196	-0.6835529476341221	-0.5230003068406475
ENSMUSG00000102319	-0.3929530191873606	-0.2777014855817948
ENSMUSG00000099719	-0.3159279039310727	-0.5015689634394004
ENSMUSG00000120364	-0.3058047227933597	-0.5034912959309918
ENSMUSG00000110205	-0.8597637431517468	-0.6358604191107269
ENSMUSG00000103170	-0.2456652744349472	-0.3004926716303769
ENSMUSG00000104821	-0.5621556143464996	-0.7482245787679171
ENSMUSG00000014074	-0.0696053662146582	0.4905907677167252
ENSMUSG00000104301	-0.4783706043496059	-0.4671585161286902
ENSMUSG00000032612	-0.0338155441755786	0.3440391922373274
ENSMUSG00000048981	-0.3267254320266621	-0.2810589244927878
ENSMUSG00000028312	-0.0312975313809343	0.4462891942931619
ENSMUSG00000107187	-0.9924468022068712	-0.9967350306012048
ENSMUSG00000079628	-0.5803564612609499	-0.5578009668230228
ENSMUSG00000020075	-0.0411932855429917	0.4317608815682626
ENSMUSG00000107482	-0.0343498380547198	0.454634214204297
ENSMUSG00000120453	-0.5117111517631403	-0.4980657697297082
ENSMUSG00000022035	-0.1551552895816147	0.1605285538517573
ENSMUSG00000055660	-0.0902582051949883	0.4129068768932664
ENSMUSG00000098470	-0.4406086125563535	-0.1459535191085725
ENSMUSG00000072983	-0.2972059802467692	-0.2824135352865169
ENSMUSG00000055945	-0.0786463163619663	0.1695774562638409
ENSMUSG00000030945	-0.4417581268059942	-0.4649609857553785
ENSMUSG00000058498	-0.0401509033505163	0.059561676176226
ENSMUSG00000087001	-0.2735018133559562	-0.3320545656549963
ENSMUSG00000086188	-0.4452427141389561	-0.2768455651467576
ENSMUSG00000062661	-0.1586691914235822	0.4016045423319848
ENSMUSG00000062778	-0.2646711813114011	-0.4038405858303345
ENSMUSG00000085447	-0.4151056889754168	-0.2965736245805075
ENSMUSG00000041058	-0.1144065397663007	0.5350116734956334
ENSMUSG00000041215	-0.0204293193387539	0.4447522131913248
ENSMUSG00000056752	-0.4476915335438025	0.0234579084767238
ENSMUSG00000020287	-0.0606325273749463	0.3494189659028679
ENSMUSG00000073927	-0.4656658826877818	-0.6545381646356354
ENSMUSG00000112032	-0.1448246605700918	-0.1348602404939076
ENSMUSG00000099907	-0.3874632317837554	-0.3667794660221201
ENSMUSG00000021270	-0.039946212101448	0.2582224219913037
ENSMUSG00000036402	-0.130030372139684	0.3200802018273636
ENSMUSG00000074749	-0.2293098115995524	0.4693780726883408
ENSMUSG00000109802	-0.2840472713253286	-0.359553546511227
ENSMUSG00000023403	-0.3307251559662711	0.2261661674312454
ENSMUSG00000111563	-0.2482194369023509	-0.1749486147313269
ENSMUSG00000059910	-2.0	-2.0
ENSMUSG00000095368	-0.1543969830724407	-0.1383141202613567
ENSMUSG00000046410	-0.1395792158046657	0.0375339028165323
ENSMUSG00000110187	-0.3869263431291305	-0.2031930416115021
ENSMUSG00000030127	-0.1968378403979768	0.3004337345060587
ENSMUSG00000020589	-0.10236235383269	0.4150712202365482
ENSMUSG00000038239	0.0100409992243713	-0.3359049028479775
ENSMUSG00000068739	-0.0211482384677834	0.4045278930088989
ENSMUSG00000086945	-0.2951455699135832	-0.2935379208751826
ENSMUSG00000061825	-0.2769755525738724	-0.4033316639322736
ENSMUSG00000041722	-0.232099864191884	-0.326185014268412
ENSMUSG00000028234	0.1114923734272662	0.2546887106461563
ENSMUSG00000074129	0.1016646051392247	0.1006870511156015
ENSMUSG00000046329	-0.0027190999290499	0.3775091416099805
ENSMUSG00000026478	-0.0087967032072936	0.4313299843856087
ENSMUSG00000025856	-0.0201526386410162	0.0487717109429876
ENSMUSG00000045827	-0.2565648713500112	-0.2567365202736071
ENSMUSG00000036257	-0.1857930380146208	0.3063684047271823
ENSMUSG00000111918	-2.0	-2.0
ENSMUSG00000118236	-0.3056867099443415	-0.2309083090701707
ENSMUSG00000028576	-0.1642367774348215	0.4753486157994623
ENSMUSG00000103107	-0.2690267736150166	-0.2233209670475494
ENSMUSG00000027452	-0.0798508882399115	0.3945381808702721
ENSMUSG00000094423	-0.812381658480337	-0.7723559513243058
ENSMUSG00000110101	-0.4110062277317464	-0.3558825723392523
ENSMUSG00000113593	-0.4030046356014632	-0.3491850278174424
ENSMUSG00000033762	-0.2059089251136672	0.1207632028690202
ENSMUSG00000068877	-0.2774221774599695	-0.4337652651709477
ENSMUSG00000020812	-0.0088368572511553	0.1679060397757993
ENSMUSG00000111751	-0.2441399258298424	-0.3706962552358565
ENSMUSG00000075063	-0.4175884316136711	-0.4031469769431062
ENSMUSG00000091528	-0.3913231661983039	-0.3586365594498413
ENSMUSG00000074452	-0.377521749331391	0.3901654064259688
ENSMUSG00000032056	-0.4908717577891934	-0.4984793703692315
ENSMUSG00000078578	-0.3067712808743434	0.4703484444750889
ENSMUSG00000053877	-0.0235309846743472	0.4789999965138141
ENSMUSG00000081650	-2.0	-2.0
ENSMUSG00000007655	-0.5111036775213431	-0.2668650337271611
ENSMUSG00000028863	-0.055117073095053	0.4357771788699948
ENSMUSG00000048264	-0.2070776747802973	0.4610742296733793
ENSMUSG00000070372	-0.0391801196506524	0.5160374677562896
ENSMUSG00000091022	-0.0686580922644363	-0.0804832302009353
ENSMUSG00000085884	-0.0338522576059331	-0.0186868995554722
ENSMUSG00000055835	-0.0531948421843441	0.5367947152863308
ENSMUSG00000085708	-0.0069049017718524	0.148567490334972
ENSMUSG00000075143	-0.500762562398142	-0.801846106459702
ENSMUSG00000022449	-0.2528317449918086	0.277308885803229
ENSMUSG00000113224	-0.5262080360578247	-0.54090075999831
ENSMUSG00000052794	-0.062451016419084	0.46557199606956
ENSMUSG00000026109	-0.4911291740237081	-0.4654484869900699
ENSMUSG00000101256	-2.0	-2.0
ENSMUSG00000078575	-0.3714089912097285	-0.4961137826651853
ENSMUSG00000066896	-0.2981351039323436	-0.4931143623364432
ENSMUSG00000015869	-0.0086953152578344	-0.173102244033142
ENSMUSG00000027331	-0.0027176140564119	0.2877954617172113
ENSMUSG00000030539	-0.0135954669226645	0.3549067299958618
ENSMUSG00000047528	-0.3053268985105952	-0.0990584530806012
ENSMUSG00000056987	-0.3577878197791854	-0.2426966103293177
ENSMUSG00000073954	-0.4411616404013558	-0.6617383451147426
ENSMUSG00000025024	-0.1559749992052541	0.3814771728523643
ENSMUSG00000101566	-2.0	-2.0
ENSMUSG00000020325	-0.0713687297184454	-0.0660402058276849
ENSMUSG00000071341	0.102588597004911	0.0939383982298944
ENSMUSG00000092195	-0.5684480823291719	-0.7844012948394151
ENSMUSG00000048489	-0.2679889095617286	-0.4242642733251776
ENSMUSG00000004098	-0.1668069739171472	0.1372650908714464
ENSMUSG00000103358	-0.1975171784351772	-0.2106233695823348
ENSMUSG00000048483	-0.0779735036554976	-0.0591478634549152
ENSMUSG00000028396	-0.6852423353039366	-0.2975991068879045
ENSMUSG00000046034	-0.0398330970490666	0.4956711385723943
ENSMUSG00000027484	-0.284502402690179	-0.1864973382675974
ENSMUSG00000056055	-0.2351356714523698	-0.043785548277969
ENSMUSG00000109371	-0.3563150380968043	-0.3155516069568818
ENSMUSG00000030750	-0.0562430081748743	0.5029171318662274
ENSMUSG00000099599	-0.2895747589885598	0.0989622530894925
ENSMUSG00000022900	-0.0295398685858491	0.2003847766754863
ENSMUSG00000030607	-0.2967901564986579	-0.0648580579019267
ENSMUSG00000022178	-0.004560413568476	0.2544746009313486
ENSMUSG00000081807	-0.8831700523718664	-1.2430004838382662
ENSMUSG00000070873	-0.301388679894518	-0.3810399012879727
ENSMUSG00000097160	0.0217024559424044	-0.1071402657659942
ENSMUSG00000115171	-0.7669474096006329	0.0774836048192944
ENSMUSG00000101179	-0.1563794585567015	-0.0431854128686122
ENSMUSG00000104369	-0.1319262196690016	0.0137505589427078
ENSMUSG00000039515	-0.0327554807262016	0.5099078458781104
ENSMUSG00000110767	-0.3181663548829787	-0.3913948165134385
ENSMUSG00000021079	-0.065097741677686	0.4203419831893914
ENSMUSG00000044197	0.01009438152193	-0.1411406297378253
ENSMUSG00000090481	-2.0	-2.0
ENSMUSG00000063077	-0.0415669503766729	0.4847387532782311
ENSMUSG00000041674	-0.390289936588884	-0.1318132517120637
ENSMUSG00000067750	-0.326136586332933	-0.4097450485374158
ENSMUSG00000040118	-0.4082530846777148	0.4060511791806475
ENSMUSG00000044534	-0.3249438836953799	-0.2633608387404838
ENSMUSG00000030602	-0.0196167073878499	0.382795911346287
ENSMUSG00000103589	-2.0	-2.0
ENSMUSG00000070323	-0.3539825067961792	-0.4578287471190444
ENSMUSG00000020928	0.0623875422245678	0.0737106539200191
ENSMUSG00000051235	-0.0720007248986045	0.5491585497440991
ENSMUSG00000079800	-0.1541008675833893	-0.2047356577888163
ENSMUSG00000026187	-0.0150423858038989	0.4831883330252517
ENSMUSG00000103434	-0.2426376834856799	-0.3247293648563107
ENSMUSG00000042595	-0.6218136647079897	0.1957503622288303
ENSMUSG00000025091	-0.3035155263916435	-0.3014408588127949
ENSMUSG00000107019	-2.0	-2.0
ENSMUSG00000022436	-0.1021801027746308	0.036460733364937
ENSMUSG00000020453	-0.0344066225115041	0.3874759647339911
ENSMUSG00000031428	-0.1254740013175507	0.166834497324276
ENSMUSG00000091685	-0.2752638583516077	-0.4124796501625766
ENSMUSG00000057715	-0.3761689380278688	0.4331724482955461
ENSMUSG00000031015	-0.0210112878483297	0.5734063607945068
ENSMUSG00000011349	-0.2171143475480951	-0.2037531067086521
ENSMUSG00000052214	-0.0455136785322095	0.3682556368944976
ENSMUSG00000107386	-0.3418864845595407	-0.274026166822012
ENSMUSG00000075078	-0.5659768615220475	-0.8111776151123781
ENSMUSG00000026510	-0.0565071658753296	0.5280935880068072
ENSMUSG00000029034	-0.0697929067577428	0.3998730013482602
ENSMUSG00000112948	-0.3578240896267957	-0.2079607924139878
ENSMUSG00000005142	-0.0926041193046133	0.1162470102628076
ENSMUSG00000114388	-0.3593341512592348	-0.3642515348826003
ENSMUSG00000028869	-0.0396358826846963	0.4024728882555639
ENSMUSG00000031390	-0.1795002215836375	0.1980245906954698
ENSMUSG00000095864	-0.4408566328821089	-0.3781924968837823
ENSMUSG00000037816	-0.0869829080490261	0.433206085069699
ENSMUSG00000030263	-0.1178898046753298	0.3878381285234931
ENSMUSG00000054385	-0.0606579956627443	-0.0949555322839408
ENSMUSG00000115775	-0.4645109343580313	-0.1874754106510998
ENSMUSG00000060613	-0.5751626767282614	-0.4704467155996348
ENSMUSG00000045211	0.0016570556633669	0.1026917357815516
ENSMUSG00000035840	-0.0777093654147125	0.4485143224012511
ENSMUSG00000043698	-0.3998455241374108	-0.357752384370994
ENSMUSG00000095452	-2.0	-2.0
ENSMUSG00000117226	-0.4071710690058745	-0.2126564535787692
ENSMUSG00000059042	-0.2614888193203226	-0.4612855705364341
ENSMUSG00000084189	-0.5865664468772532	-0.8497139577580324
ENSMUSG00000087268	-0.1648730454864597	-0.0627919416547522
ENSMUSG00000087585	-0.3595173704605559	-0.5968812984017124
ENSMUSG00000113227	-0.4014875087939543	-0.3176094044751926
ENSMUSG00000106190	-0.2174287749472029	-0.1333123491402744
ENSMUSG00000037405	-0.0648279050443293	0.3972807707093285
ENSMUSG00000024906	-0.3457450803372345	0.0900413102521951
ENSMUSG00000033854	-0.3618757037151114	-0.263672831000428
ENSMUSG00000080990	-0.4592159429856595	-0.4660378999522829
ENSMUSG00000110864	-0.2844707971868525	-0.0699943047130856
ENSMUSG00000074469	-0.2829131081727286	-0.1899962527480479
ENSMUSG00000112556	-0.6278665600636327	-0.5093923913417021
ENSMUSG00000006570	-0.5170406231336923	-0.6240227101530373
ENSMUSG00000050538	-0.2511385633796701	0.2070868598344413
ENSMUSG00000075199	-0.3460561713395451	-0.8225493863280188
ENSMUSG00000045237	-0.293576852859583	0.3156108022497932
ENSMUSG00000054766	-0.0530898056442843	0.3000913402340099
ENSMUSG00000015937	-0.0477969898431034	0.3820847944371824
ENSMUSG00000102255	-2.0	-2.0
ENSMUSG00000070810	-0.5547642471502974	-0.9982444865012432
ENSMUSG00000109219	-0.7625097979834913	-0.5362989787625749
ENSMUSG00000063932	-0.3267384995266362	-0.2414652146784228
ENSMUSG00000038042	-0.2916802487144783	0.4195404106607194
ENSMUSG00000035697	-0.1428684112300905	-0.0436625926688489
ENSMUSG00000097256	-0.2618354986081255	-0.1348532497552984
ENSMUSG00000103491	-0.5515187678684805	-0.7445487953597913
ENSMUSG00000086092	-0.3563097110017568	-0.2725293418948621
ENSMUSG00000041594	-0.1410467527748476	0.5396556080811147
ENSMUSG00000097875	-0.335302396951544	0.4504831330603764
ENSMUSG00000089768	-0.4056967488661783	-0.11505563122739
ENSMUSG00000029167	-0.501961965313026	-0.4563396392496599
ENSMUSG00000054667	-0.6768838005885199	-0.0145141569342607
ENSMUSG00000115585	-0.2189020918639369	-1.9788735747774688
ENSMUSG00000118043	-0.4444434370579213	-0.3278393125140352
ENSMUSG00000087197	-0.1702478807302992	-0.3021301529897902
ENSMUSG00000019478	-0.0325324318622351	0.4300969955807763
ENSMUSG00000063838	-0.0873439721965093	0.1559563620106889
ENSMUSG00000055745	-0.0077709767206597	0.285889316088231
ENSMUSG00000109097	-0.332544805595924	-0.1985781776046978
ENSMUSG00000090827	-0.2761794768653605	-0.0346029809633549
ENSMUSG00000115328	-0.2967471511008565	-0.159480894639708
ENSMUSG00000113662	-0.5534485430712041	0.4747967812212044
ENSMUSG00000031902	-0.0231775529016452	0.450107708588728
ENSMUSG00000035596	-0.0911602913222826	0.4585073144774357
ENSMUSG00000058690	-0.0846905158808329	0.4752488895070267
ENSMUSG00000118392	-0.3627426902225952	-0.2723689655271403
ENSMUSG00000028998	-0.2149930868475155	0.4904096863384418
ENSMUSG00000035203	-0.0742323961558902	0.4013546961666126
ENSMUSG00000117909	-0.6201323487204634	-0.4450630873485685
ENSMUSG00000039672	-0.321711484562775	-0.2937705401191223
ENSMUSG00000120119	-0.3662290576308386	-0.5087417085801303
ENSMUSG00000118101	-0.2934004915570421	-0.5204074162746561
ENSMUSG00000114843	-0.3609938908535002	-0.3131010888175241
ENSMUSG00000052301	0.1977622887920327	-0.3700636541586962
ENSMUSG00000058183	-0.06665102001413	-0.2536138400199506
ENSMUSG00000085090	-0.6051268378306516	-0.5564069177121566
ENSMUSG00000054822	0.0615417415568116	0.2184869266356605
ENSMUSG00000015095	-0.0959768488361387	0.3955430493437326
ENSMUSG00000033323	-1.0804050386119806	-2.0
ENSMUSG00000108385	-0.3255900987825447	-0.247726238704465
ENSMUSG00000020315	-0.0744719496986926	0.463764920391543
ENSMUSG00000022890	-0.3017388212386648	0.4364476288707109
ENSMUSG00000041645	-0.0545650961544354	0.4463836768101327
ENSMUSG00000031451	-0.1122435452052799	0.0804682508229299
ENSMUSG00000060279	-0.0316999606237468	0.4406449633120552
ENSMUSG00000042426	-0.0405789807369888	0.4636977364473993
ENSMUSG00000063268	-0.1310170731415559	-0.093306355336859
ENSMUSG00000103976	-0.0378566320135491	-0.0549217659200112
ENSMUSG00000024909	-0.0171797316325001	0.1800602957621534
ENSMUSG00000050765	-0.394777725558008	-0.3785964484367013
ENSMUSG00000106855	-0.6221905213220145	-0.5059322735649858
ENSMUSG00000114093	-0.5530880661954899	-0.4095608485751636
ENSMUSG00000110463	-0.7550076126456279	-2.0
ENSMUSG00000109737	-0.197764038384926	-0.0273542035032801
ENSMUSG00000107682	-0.1284516985225622	-0.3711524927969318
ENSMUSG00000115536	-0.4410047937431499	-0.8281537151505393
ENSMUSG00000024835	-0.0523983768377067	0.2475652796279183
ENSMUSG00000042596	-0.4442638988914674	-0.3319459887225451
ENSMUSG00000022965	-0.0241001410693568	0.3061306799089774
ENSMUSG00000086617	-0.0965759519177586	-0.0530608514388536
ENSMUSG00000086157	-0.7149459539877193	-0.7897189440369687
ENSMUSG00000028640	0.0230950971457769	0.0189955023822302
ENSMUSG00000100422	-2.0	-2.0
ENSMUSG00000109598	-0.4659586812047731	-0.171557266329976
ENSMUSG00000072575	-0.8895998719988992	-0.6334119488578489
ENSMUSG00000029056	-0.0476014571306072	0.3677806880917785
ENSMUSG00000020561	0.0014909764561745	0.389018221809393
ENSMUSG00000024889	-0.0864967262342521	0.3092902628806406
ENSMUSG00000089837	-0.5436628195606764	-2.0
ENSMUSG00000096788	-0.2638309841642461	-0.413853063597444
ENSMUSG00000029005	-0.0312505791376232	0.1867552371119311
ENSMUSG00000075092	-0.5453406919408874	-0.727569824121923
ENSMUSG00000114816	0.1089604439971289	-0.3992394053784434
ENSMUSG00000038368	-0.2107758940895495	0.5154759112697764
ENSMUSG00000049013	-0.0687321620031902	0.2696385445654427
ENSMUSG00000086800	-0.0565547530962211	-0.2864363806174769
ENSMUSG00000037958	-0.0340899840901524	0.5260405972504693
ENSMUSG00000086687	-0.2962484276370443	0.5090707349715557
ENSMUSG00000111767	-0.1406613607625976	-0.052715512825269
ENSMUSG00000057092	-0.3082026449737431	-0.2285586459481435
ENSMUSG00000071317	-0.3390577212478873	-0.0881821263556718
ENSMUSG00000113927	-0.4553436990804191	-0.4508956597226686
ENSMUSG00000039315	-0.271302976894812	-0.6606328418646977
ENSMUSG00000108511	0.0380140314754801	0.1880263512507883
ENSMUSG00000121188	-0.2824852719180759	-0.4215709981734121
ENSMUSG00000108035	-0.5604844672047513	-0.3269833344090493
ENSMUSG00000103088	-0.0222404640435503	-0.190856464758945
ENSMUSG00000047149	-0.6540579607574777	-0.6768317133397717
ENSMUSG00000085937	-0.259318576383493	-0.3601843486454067
ENSMUSG00000054892	-0.3372240416226923	-0.2833884187718182
ENSMUSG00000022300	-0.0350043436446427	0.517012637180126
ENSMUSG00000039842	-0.0177028005458143	0.5089655453426115
ENSMUSG00000027679	-0.0057629373852015	0.2399123153993928
ENSMUSG00000042812	-0.241080541561976	-0.1495422245769346
ENSMUSG00000067528	-0.5067929782232666	-0.4361403179297063
ENSMUSG00000058240	-0.0349956819644005	0.3561647326930091
ENSMUSG00000047894	-0.1445580187159492	-0.6082620141597691
ENSMUSG00000000693	-0.1188097634827461	0.1638532488544261
ENSMUSG00000066637	-0.1882527849404702	0.5297185050315668
ENSMUSG00000085385	-0.000976696560913	0.3285247517960983
ENSMUSG00000099895	-0.5690636631967798	-0.3882981417852722
ENSMUSG00000049168	-0.5083355263583291	-0.4059824529273078
ENSMUSG00000045532	-0.089031283822692	0.3382580274818376
ENSMUSG00000061878	-0.0204168467111112	-0.3554668805253882
ENSMUSG00000031489	0.1366153093158964	-0.1256951832191607
ENSMUSG00000111465	-0.2960527736835022	-0.3850130039174285
ENSMUSG00000022500	-0.0335799384911263	0.4525169088148128
ENSMUSG00000029363	-0.009212251068907	0.2976703610245233
ENSMUSG00000031285	-0.7348281353066808	-0.7681513829183428
ENSMUSG00000070469	-0.3840789723829131	-0.3115292759714792
ENSMUSG00000103253	-0.4224218094303533	-0.5863016728071999
ENSMUSG00000029998	-0.0612775846596437	0.4708307622444681
ENSMUSG00000110641	-0.377405747170078	-0.2182520909697346
ENSMUSG00000121555	-2.0	-2.0
ENSMUSG00000051118	-0.5084038504428491	-0.5326627951617922
ENSMUSG00000039201	-0.1142441358827069	0.369228477750177
ENSMUSG00000020411	-0.2971247118577153	-0.1646899991309374
ENSMUSG00000103400	0.2768816489545232	0.0067192711997751
ENSMUSG00000047361	-0.1818127853981287	0.0464584838267954
ENSMUSG00000085800	-0.4567143901196207	-0.2923252651908273
ENSMUSG00000005355	-0.4730766275791057	-0.4817046047063338
ENSMUSG00000033033	-0.001440770559321	0.1504813507375368
ENSMUSG00000035212	-0.1311758866631422	0.5050324314694652
ENSMUSG00000114097	-0.4519056583396332	-0.734182562732857
ENSMUSG00000042647	-0.0914724116251999	0.3715100630228862
ENSMUSG00000037608	-0.0466710482130672	0.4985746348255793
ENSMUSG00000110161	-0.3932382563512252	0.4212221063491042
ENSMUSG00000120678	-0.4017651328601119	-0.3797348214998778
ENSMUSG00000075589	-0.31541637065998	-0.2198129237076714
ENSMUSG00000107047	-0.2769946184769828	-0.2003945427865003
ENSMUSG00000087163	-0.3291954914452288	0.3522677858745057
ENSMUSG00000096652	-0.6401292445189434	-0.5079820369323392
ENSMUSG00000072571	-0.1168922030781394	-0.2510427126125296
ENSMUSG00000024912	-0.0522556187063629	0.0292372293100353
ENSMUSG00000109725	-0.4197350605030227	-0.9245291745487596
ENSMUSG00000078442	0.0373421808457538	0.3971439995681993
ENSMUSG00000034675	-0.0899363782932343	0.3762326696200337
ENSMUSG00000024043	-0.2421700454272015	0.4577290344947304
ENSMUSG00000074346	-0.2229833045910123	-0.0638238717189313
ENSMUSG00000032449	-0.0206844950528897	0.2890035537046427
ENSMUSG00000047250	-0.2507201652830197	0.0691067767778969
ENSMUSG00000028445	-0.0818361434338453	0.2401217320947172
ENSMUSG00000051339	-0.0256965237701064	0.2942489363899861
ENSMUSG00000096898	-2.0	-2.0
ENSMUSG00000097547	-2.0	-2.0
ENSMUSG00000038212	-0.1526978721185061	0.5522088619584695
ENSMUSG00000029859	-0.1623337997148213	-0.0762914622311553
ENSMUSG00000056600	-0.0132609509813896	-0.2707875701674139
ENSMUSG00000045312	-0.3038210353906139	0.1796172750784783
ENSMUSG00000079222	-0.1814752192885678	-0.2556203231369247
ENSMUSG00000045657	-2.0	-0.6438554646199716
ENSMUSG00000087532	-0.0662423998910174	0.339194167378638
ENSMUSG00000107364	0.0649466698689456	-0.0728568026018918
ENSMUSG00000085351	-0.3851133252229953	0.1223980143188436
ENSMUSG00000100188	-0.0537824353218194	-0.090985143485249
ENSMUSG00000022723	-0.6750285718160891	0.3891462304486953
ENSMUSG00000052917	-0.1613459449783783	0.3563123587648442
ENSMUSG00000027454	-0.0705263055410989	0.5231609449886021
ENSMUSG00000030089	-0.1659696372681579	0.0345308396748834
ENSMUSG00000090235	0.2142435243509831	0.375332509666272
ENSMUSG00000026279	-0.0360598186650293	0.4041584967066751
ENSMUSG00000087265	0.3089036496269103	-0.1714107303870493
ENSMUSG00000083069	-0.8339521861498024	-0.9629785011099344
ENSMUSG00000008036	-0.0535523530749755	0.3078805284907674
ENSMUSG00000112102	-0.4663654687973186	-0.4190431088422756
ENSMUSG00000057997	-0.4137078007838454	-0.454045512733166
ENSMUSG00000117143	-0.4274666753736883	-0.3294988419795061
ENSMUSG00000059460	-0.1797081430838266	-0.0926200299610124
ENSMUSG00000015501	-0.3787634614485431	0.226312686185714
ENSMUSG00000085864	-0.1506562718361145	0.0033580644391873
ENSMUSG00000090989	-0.5126777036865334	-0.8066761173437955
ENSMUSG00000024770	-0.5861045377443377	-0.4034383310543967
ENSMUSG00000027722	-0.0460150552946829	0.5172922504741136
ENSMUSG00000070777	-0.1634375309054243	-0.085398141798288
ENSMUSG00000086711	-0.7734086003464972	0.0286890817826054
ENSMUSG00000103710	-0.2376530968378754	-0.2671564315178772
ENSMUSG00000050830	-0.3728199874550847	-0.110194583970025
ENSMUSG00000027104	-0.0307903799140266	0.5390321650479207
ENSMUSG00000032454	-0.4157827928993899	-0.38419045955289
ENSMUSG00000087495	-2.0	-2.0
ENSMUSG00000018932	-0.0790737627790447	0.3715768896289494
ENSMUSG00000033953	-0.0355660268438117	0.4796184927627544
ENSMUSG00000111987	-0.0617894944781233	0.0646702923526724
ENSMUSG00000026188	-0.2537041844353437	0.4021323649317518
ENSMUSG00000115267	-0.5899976654446956	-0.5986794663885884
ENSMUSG00000026798	-0.1285551535151297	0.3089155485843495
ENSMUSG00000031843	-0.0787424134819287	0.4429489298844932
ENSMUSG00000002428	-0.1254297088857857	0.4597283329059
ENSMUSG00000121665	-0.4175064212128221	-0.561547145665206
ENSMUSG00000022686	-0.9476257610657154	0.5038876056803613
ENSMUSG00000023249	-0.011394049115375	0.2198770133074877
ENSMUSG00000117393	-0.0091206119174427	-0.2010702253741155
ENSMUSG00000030979	-0.1345269430514168	0.4791833038174627
ENSMUSG00000108403	-0.2766357939385716	-0.3327139042784879
ENSMUSG00000100826	-0.4112898491030833	-0.6235310825713631
ENSMUSG00000038102	-0.0667366998309304	0.4641147061262131
ENSMUSG00000118354	-0.2290611381462068	-0.3478933521137605
ENSMUSG00000087290	-0.3595155816131626	-0.3461240052819474
ENSMUSG00000046447	0.0383363672691776	0.1614606019166317
ENSMUSG00000115105	-0.3972370208778486	0.3821237469725052
ENSMUSG00000039364	-0.3190780864344927	-0.3060629877552364
ENSMUSG00000107802	-0.0345501209615983	-0.0275231517756249
ENSMUSG00000025754	-0.5253423789648088	-0.3844937442644114
ENSMUSG00000042694	-0.0311139517868554	0.5048920393880755
ENSMUSG00000074291	-2.0	-2.0
ENSMUSG00000023025	0.0076180675493955	-0.4895233563426774
ENSMUSG00000042406	0.1707438666606615	0.2019959829973742
ENSMUSG00000118563	-0.2489726133416047	-0.247565086795131
ENSMUSG00000091712	-0.2515764321220533	0.1200182711694445
ENSMUSG00000101779	-2.0	-2.0
ENSMUSG00000051790	-0.0484778238649916	0.3228450549804444
ENSMUSG00000106071	-0.6561899531126983	-0.5946996504932535
ENSMUSG00000102564	0.0394349806748541	0.1761127995277843
ENSMUSG00000112361	-0.1971328601470129	-0.2616958416278305
ENSMUSG00000021509	-0.3537672802563605	-0.2040671895532597
ENSMUSG00000008305	-0.0770066799809463	0.4684908897558351
ENSMUSG00000025453	-0.9012593214090378	-2.0
ENSMUSG00000100508	-2.0	-2.0
ENSMUSG00000026965	-0.0825164420413296	0.2765500328196592
ENSMUSG00000045503	0.0120765858099753	-0.1264621308841156
ENSMUSG00000086710	-0.5047707442858334	-0.4905864322573311
ENSMUSG00000030769	-0.0589636690267746	0.0607016168109479
ENSMUSG00000040706	-0.1514389658963562	-0.1722999619020801
ENSMUSG00000078786	-0.0553557806114998	0.458743879464302
ENSMUSG00000114393	-0.3867247153300616	-0.487223846092414
ENSMUSG00000035441	-0.2829869271544841	0.491697511761305
ENSMUSG00000113356	-2.0	-2.0
ENSMUSG00000085263	-0.3604591874752701	-0.0547049703760487
ENSMUSG00000037570	-0.0947982954784779	0.394371819337214
ENSMUSG00000025034	-0.0245849201929652	0.1644260252659129
ENSMUSG00000111673	-0.0483817864630328	0.3566945764917116
ENSMUSG00000071796	-2.0	-2.0
ENSMUSG00000057060	-0.2898184690209288	-0.1609520605082871
ENSMUSG00000105340	-0.0208324599877531	0.3683036239814105
ENSMUSG00000101548	-0.2017571060800004	-0.260869769212728
ENSMUSG00000100931	-0.020131075873018	0.0653601594152874
ENSMUSG00000079560	-0.1130019543289006	-0.1267748720703063
ENSMUSG00000090817	-0.3451164516883006	-0.4368676767881165
ENSMUSG00000038619	-0.160660119213986	0.3890536850446761
ENSMUSG00000029727	-0.3954013913443634	-0.3241005492002473
ENSMUSG00000097281	-0.2992616790955979	0.4394185966787539
ENSMUSG00000067745	-0.333523391709002	-0.1554634312449497
ENSMUSG00000042642	-0.0588911471152186	0.231509347964799
ENSMUSG00000004270	-0.0404360507172853	0.3707812442396169
ENSMUSG00000097226	-0.3728124046092406	0.4146752528604439
ENSMUSG00000109555	-0.2927952959363439	-0.318801651322165
ENSMUSG00000092425	-0.5157276146278705	-0.475597386248384
ENSMUSG00000116912	0.2069343012425109	-0.1384115894429865
ENSMUSG00000051984	-0.1683282938120882	0.1242081385433588
ENSMUSG00000110665	-0.1952740867769559	0.2439447026569346
ENSMUSG00000075376	-0.0538674816116628	0.4646844443897894
ENSMUSG00000100584	-2.0	-2.0
ENSMUSG00000057280	-0.4668240124288446	-0.3170865143316291
ENSMUSG00000026430	-0.2034088780941707	0.0933325756047193
ENSMUSG00000115212	-0.3616980791791505	-0.7248057018669258
ENSMUSG00000099391	-0.4253870515712808	-0.2241761339591504
ENSMUSG00000092572	-0.5693490634698893	-0.4478084311251005
ENSMUSG00000105279	-0.4456618093082541	-0.4145901930947687
ENSMUSG00000001134	-0.2359781779484555	0.4740914957944127
ENSMUSG00000114768	-0.645204151955304	-0.2193317929528734
ENSMUSG00000061210	-0.7211414039058162	-0.6224998899207074
ENSMUSG00000024256	-0.2651896131045541	-0.4936922713957437
ENSMUSG00000117743	-0.0582109858913574	0.0630500179558754
ENSMUSG00000085845	-0.3752541479226602	-0.4998382016948259
ENSMUSG00000026688	-0.1029466662096151	0.556699457473738
ENSMUSG00000087401	-0.668228562785899	-0.8478089240053212
ENSMUSG00000029275	-0.1704583632839525	-0.1345550040826054
ENSMUSG00000010051	0.0497318147224246	0.1089690272773691
ENSMUSG00000097944	-0.1430301702077826	0.3014579990521256
ENSMUSG00000091163	-2.0	-2.0
ENSMUSG00000043066	-0.7116348140515322	-0.3931029692079413
ENSMUSG00000042389	-0.0403658901500985	0.4885428201653519
ENSMUSG00000066839	-0.0859199325603401	0.3832471813503387
ENSMUSG00000012520	-0.2600315128963837	-0.3041331980641577
ENSMUSG00000026565	-0.0161392661673346	0.5046709045156198
ENSMUSG00000117773	-0.0937529036490506	-0.2812315054440076
ENSMUSG00000109127	-0.3509265756532272	-0.2488334883643713
ENSMUSG00000001424	-0.0201302570548262	0.4173564196384222
ENSMUSG00000111841	-0.3783786386778635	-0.2936294165751909
ENSMUSG00000114522	-0.4715250141702385	-0.3378986566227241
ENSMUSG00000025241	-0.070899094255975	0.5287946181032294
ENSMUSG00000100860	-0.0220650590147503	-0.0186702151518605
ENSMUSG00000111641	-0.3730512253504169	-0.3572751987219175
ENSMUSG00000024220	-0.0615733478992445	0.2617955937839745
ENSMUSG00000070504	-0.4904483538407495	-0.4069896645400868
ENSMUSG00000028128	-0.1119854906627317	0.4261851741278585
ENSMUSG00000053263	-0.0366358163341711	0.0417401396425867
ENSMUSG00000086887	-0.421846233491462	-0.3625607076140517
ENSMUSG00000116165	-0.0558916733168007	0.3243861796016713
ENSMUSG00000044056	-0.1594000196053653	0.1028945130872307
ENSMUSG00000019970	-0.1406856178786326	0.0627577721098114
ENSMUSG00000030309	-0.1337904272709035	0.5439238346421474
ENSMUSG00000008730	-0.0249906506221259	0.4710439751824484
ENSMUSG00000106212	-0.3607861260248143	-0.4196540134558943
ENSMUSG00000100682	-2.0	-2.0
ENSMUSG00000025417	-0.057452268266948	0.3878352836196767
ENSMUSG00000105952	-0.3672644031073199	-0.3765365104891319
ENSMUSG00000108006	-0.3775935204681143	-0.2408657210347022
ENSMUSG00000075593	-0.1559052214043783	0.1193259119677939
ENSMUSG00000040888	-0.2553392352338455	0.1447167697800542
ENSMUSG00000101291	-1.676719016595219	-1.6061265958506166
ENSMUSG00000086646	-0.0495555971715979	0.4427014065059894
ENSMUSG00000023806	-0.1726463669993114	0.4573728535573714
ENSMUSG00000050144	-0.1153613953852926	0.4209078401312151
ENSMUSG00000001415	-0.0509061953433091	0.4762689121523303
ENSMUSG00000015890	-0.2833325268288411	0.2408297019605629
ENSMUSG00000029761	-0.2199322448016947	-0.3490777102534096
ENSMUSG00000037280	-0.6345605015530331	-0.0411103031648018
ENSMUSG00000107881	-0.0819622152335226	-0.3347337285372828
ENSMUSG00000025040	-0.4783805349035112	0.4267213635202194
ENSMUSG00000078962	-0.4137050986802039	-0.3950483525215809
ENSMUSG00000029060	-0.0782212662432595	0.3373026873805536
ENSMUSG00000034818	-0.0461350082447286	-0.1290284882215719
ENSMUSG00000028696	-0.2308751994590839	0.5605469464921984
ENSMUSG00000052544	-0.1323621277065005	0.501467334654143
ENSMUSG00000102022	-2.0	-2.0
ENSMUSG00000028133	-0.0370647927073307	0.4245193558092057
ENSMUSG00000114777	-0.123717944014608	-0.1560329693263516
ENSMUSG00000031266	-0.1991102003202891	0.4061397637302698
ENSMUSG00000078427	-0.013578170414563	0.3648664243280133
ENSMUSG00000032894	-0.6547499286246042	-1.0334003632789697
ENSMUSG00000031766	-0.316090635628085	-0.1875195499801182
ENSMUSG00000029236	-0.3646029196660824	-0.1002724924932738
ENSMUSG00000045083	-0.5528661657386974	-0.2030137680552826
ENSMUSG00000107266	-0.3601137454199403	-0.0469008026151905
ENSMUSG00000024160	0.100942816205693	0.0066714598781236
ENSMUSG00000105370	-0.268293129220869	-0.2586531307663123
ENSMUSG00000046865	-0.1441335476468364	0.3508455375390079
ENSMUSG00000086827	-0.5889933510832069	0.5131195396917866
ENSMUSG00000028914	-0.0598638884816654	0.2871255849230362
ENSMUSG00000053490	-0.2325229490358941	-0.153824633908783
ENSMUSG00000108907	-2.0	-2.0
ENSMUSG00000109667	-0.2540671533658221	-0.4109041962107924
ENSMUSG00000061984	-0.7090743293226545	-0.5824567994128483
ENSMUSG00000085443	-0.1066255594537661	-0.0184713211461269
ENSMUSG00000117848	-1.4925489390980302	-2.0
ENSMUSG00000100311	-2.0	-2.0
ENSMUSG00000037415	-0.020056114917551	0.49330828768826
ENSMUSG00000020329	-0.0635934369300612	0.3855783920699339
ENSMUSG00000101261	-0.5424720385640048	-0.6713068798122748
ENSMUSG00000113791	-0.2704751220794261	-0.298201735883093
ENSMUSG00000006235	-0.1134933697883883	-0.0941777930130583
ENSMUSG00000114191	-0.1643955351316261	-0.1328785534401153
ENSMUSG00000117222	-0.4112065566890859	-0.5856755716620378
ENSMUSG00000037820	-0.1515029819096333	0.0535271875077679
ENSMUSG00000032667	-0.1931820819018456	0.4041376039333896
ENSMUSG00000067679	-0.7355813448277172	-0.8097735539423201
ENSMUSG00000098374	-0.0228653314482691	0.4536543295070442
ENSMUSG00000108727	-0.4986153991127892	-0.3972500288345362
ENSMUSG00000112034	-0.6979683743146626	-0.2585798679248268
ENSMUSG00000000555	-0.018223239277162	-2.0
ENSMUSG00000069049	-0.749225338591078	-0.2045058492167726
ENSMUSG00000055761	-0.5273371461104075	-0.1229076137510916
ENSMUSG00000087168	-0.2898365834900557	0.2523262205158472
ENSMUSG00000024211	-0.5212211704485807	-0.2229923180963131
ENSMUSG00000055733	-0.7462556154299811	-0.1102878450675494
ENSMUSG00000024395	-0.1839627005584067	-0.0812373303988429
ENSMUSG00000108912	-0.3100725565646625	-0.2538838543226425
ENSMUSG00000086322	0.3147837523658056	0.0907270211305088
ENSMUSG00000040661	-0.0259727950260285	0.456132119271711
ENSMUSG00000061602	-0.5144500543404369	-0.5526434794029987
ENSMUSG00000020149	-0.0304440362804916	0.4400197566785415
ENSMUSG00000059964	-0.6553617612778921	-0.6156254362541372
ENSMUSG00000106310	-0.6199686658447443	-0.5455335524402172
ENSMUSG00000021097	-0.1710966059907375	0.216260459944811
ENSMUSG00000074887	-0.0493126605368567	0.4082813570321131
ENSMUSG00000099995	-0.2939790126841111	-0.1212217248039002
ENSMUSG00000121562	-2.0	-2.0
ENSMUSG00000026176	-0.2592985350514429	0.2849768118046989
ENSMUSG00000103499	-0.3159852576482623	-0.6850942454657021
ENSMUSG00000069539	-0.0572575930275531	0.339536105570234
ENSMUSG00000096879	-0.2483318993032554	-0.2826237854361919
ENSMUSG00000003644	-0.0221685202173986	0.4404688998731674
ENSMUSG00000028637	-0.1728154706436063	-0.0190590194671647
ENSMUSG00000104004	-0.2611473292586302	-0.2592055995453649
ENSMUSG00000003299	-0.1600048781946882	0.4152058003348166
ENSMUSG00000073702	-0.0852377737502677	0.1544653615064991
ENSMUSG00000034785	-0.3133011825389437	-0.53340341652862
ENSMUSG00000051238	-0.101345890595428	0.4393832269753763
ENSMUSG00000072791	-0.4198711622426468	-0.4890393383905954
ENSMUSG00000102763	-0.6622032184185593	-0.6304016122946233
ENSMUSG00000022040	-0.5460533052614593	-0.1525676455719357
ENSMUSG00000039168	-0.0727949672719005	0.301342922361299
ENSMUSG00000030609	-0.0021808475638369	0.428947524991734
ENSMUSG00000121872	-0.2943187639247679	-0.4506958050285334
ENSMUSG00000031535	-0.0013405624627554	-0.1907176490591682
ENSMUSG00000013928	-0.2677338128100591	0.47845105314715
ENSMUSG00000049606	-0.032090605332715	0.4813543273146681
ENSMUSG00000042284	-0.3752576515598542	-0.1746630873000565
ENSMUSG00000053289	-0.147981384256461	0.5131901560525908
ENSMUSG00000102754	-2.0	-2.0
ENSMUSG00000028426	-0.0241536726131663	0.3812169157915232
ENSMUSG00000053868	-0.3210577306838168	-0.5772165598335485
ENSMUSG00000037032	-0.1736714360491747	0.384913352047345
ENSMUSG00000039834	-0.0589126338265159	0.4370141742708165
ENSMUSG00000117220	-0.0429756427549166	-0.0631620651272763
ENSMUSG00000043895	-0.0005612103454952	0.2364934267708658
ENSMUSG00000079636	-0.4088933018557914	-0.463883904508949
ENSMUSG00000033306	-0.2298808710510357	0.4506493371971347
ENSMUSG00000032280	-0.0128041179615524	0.2349195029247796
ENSMUSG00000021218	-0.0113479517769982	0.4102523898297078
ENSMUSG00000103677	-0.0251445079399189	0.0820892236616968
ENSMUSG00000100352	-2.0	-2.0
ENSMUSG00000003469	-0.5048882297562176	-0.4039780930891297
ENSMUSG00000038895	-0.1170469571232935	0.3896819678558162
ENSMUSG00000036905	-0.3429638917285175	-0.3513791198360084
ENSMUSG00000111377	-0.0937595865071795	0.1359657608245416
ENSMUSG00000106916	-0.371775008734665	-0.4690451070286808
ENSMUSG00000114306	-0.3125477382178428	-0.329050751481221
ENSMUSG00000032514	-0.134868653226847	0.3184223146881655
ENSMUSG00000101845	-0.0137542147194496	0.3553936614276235
ENSMUSG00000020405	-0.2039485223018156	-0.2510476672225334
ENSMUSG00000104232	-0.3921183981963064	-0.3861996018602051
ENSMUSG00000026781	-0.0648704625280352	0.513391549458122
ENSMUSG00000045725	-0.2291416580098491	-0.0237537687751293
ENSMUSG00000004933	-0.0613312993447866	0.1733979426658383
ENSMUSG00000102250	-0.842720914900616	-0.7122152840012989
ENSMUSG00000001552	-0.0173296709025024	0.3084004818089761
ENSMUSG00000027765	-0.3721867638012985	0.2299138476531716
ENSMUSG00000105106	-0.4241279874265261	-0.3729802829042342
ENSMUSG00000118497	-0.5413494924188055	-0.2399071324079704
ENSMUSG00000028072	-0.2389267135180578	0.0640793140809632
ENSMUSG00000044772	-0.4341797976688497	-0.5936503037217863
ENSMUSG00000037849	-0.5272517394774926	-0.6097721326551544
ENSMUSG00000024868	-0.3842859405614304	0.0110072295219186
ENSMUSG00000051056	-0.2943338169319735	-0.3237260758480827
ENSMUSG00000020495	-0.0779044921687395	0.2539555632106813
ENSMUSG00000029563	-0.5990156851487176	-0.1517842717365153
ENSMUSG00000056185	-0.1416659216911564	0.3446327394291808
ENSMUSG00000021559	-0.0602007925705079	0.3685208015350561
ENSMUSG00000006007	-0.5161386634022617	-0.4189808803973426
ENSMUSG00000031200	-0.5491073192885073	0.519520598706623
ENSMUSG00000104588	-0.7848188573387299	-0.2708227488271864
ENSMUSG00000022330	-0.1197855757908795	0.1956749783042292
ENSMUSG00000024425	-0.0183267858069859	-0.1826115571948073
ENSMUSG00000094985	-0.4249604873461433	-0.2347866873074749
ENSMUSG00000000282	-0.0276205165540908	0.2649207197288358
ENSMUSG00000072621	-0.1494439408182303	-0.3060643936991133
ENSMUSG00000001281	-0.0682510359976082	0.0553732849661378
ENSMUSG00000025512	-0.0269629881292326	0.3874229311317324
ENSMUSG00000075528	-0.1021429584438903	0.4182611752438903
ENSMUSG00000050549	-0.2677738780270618	0.4126446425460812
ENSMUSG00000098001	-0.3457660695611083	-0.2862872423539618
ENSMUSG00000121531	-2.0	-2.0
ENSMUSG00000087249	-0.0438274379817399	0.4444947917327732
ENSMUSG00000038398	-0.1098651396956611	0.4813204928815807
ENSMUSG00000030224	-0.0786078001924746	0.4662060404609282
ENSMUSG00000055452	-0.0191455181463007	0.040430724292422
ENSMUSG00000050818	-0.3059247705439198	-0.3979600083934264
ENSMUSG00000046974	-0.4103173094205035	-0.5708817035386072
ENSMUSG00000043131	-0.0444468393056489	0.4409830317133411
ENSMUSG00000085257	-0.4938976816488882	-0.5808928625231654
ENSMUSG00000102543	0.0069927807616826	-0.1227145999504774
ENSMUSG00000011486	-0.2700779621797206	-0.1291210889229856
ENSMUSG00000097797	-0.2358593003088234	0.4927413969557734
ENSMUSG00000022665	-1.1950293181841325	-0.3944135834058294
ENSMUSG00000032254	-0.0771064605435429	0.4347735490190026
ENSMUSG00000033434	-0.1209460029648063	0.2721146385069488
ENSMUSG00000036131	-0.754768678326163	-0.7509896410519349
ENSMUSG00000121822	-0.1562672922365613	-0.0657472471232634
ENSMUSG00000120214	-0.2881312151327034	-0.3503386667893906
ENSMUSG00000032330	-0.2345634785728409	0.4260314832912642
ENSMUSG00000026810	-2.0	-2.0
ENSMUSG00000019710	-0.1088245122816354	0.1845699249079702
ENSMUSG00000028071	-0.2175126129388783	-0.1944802480638607
ENSMUSG00000085576	-0.6544539975224376	-0.1249568036345438
ENSMUSG00000022472	-0.0479168541002778	0.4590434039483972
ENSMUSG00000085688	-0.294030291762785	-0.3682782902993773
ENSMUSG00000050410	0.2263503397119563	0.0278165189106174
ENSMUSG00000040236	-0.0842138515051117	0.270555399797473
ENSMUSG00000074232	-0.5151474065043197	-0.027939233414165
ENSMUSG00000091864	-0.6156286982451978	0.4531360204369957
ENSMUSG00000087061	-0.646493071524833	-0.4814487124025977
ENSMUSG00000094192	-0.494352496719762	-0.5710770612794385
ENSMUSG00000072995	-0.6869637512000256	-0.7905969513555955
ENSMUSG00000106753	-0.2554094510568552	-0.6212500816262876
ENSMUSG00000103722	-0.0275664634494152	0.0180027377161276
ENSMUSG00000113671	-0.3827873890163545	-0.2935580694489362
ENSMUSG00000109020	-0.7221984094988425	-0.8423434479632411
ENSMUSG00000105909	-0.3503589061334229	-0.3451179899191424
ENSMUSG00000097009	-0.5029959473353837	-0.570074714749136
ENSMUSG00000020914	-0.0237952381267406	0.3885107805005455
ENSMUSG00000030336	-0.3356277091499333	-0.0892107652209941
ENSMUSG00000051279	-0.386694244360116	0.0359532976955259
ENSMUSG00000020600	-1.2606797619002934	-0.2869068038658036
ENSMUSG00000121764	-0.0519740612789684	0.4995493509481249
ENSMUSG00000002633	-0.2457631577109525	-0.5253115153266099
ENSMUSG00000071113	-0.0151447269142106	-0.1022223170971546
ENSMUSG00000086170	-0.4676528515119624	-0.5539514870992056
ENSMUSG00000060063	-0.0427475716055534	0.167417181456636
ENSMUSG00000056564	-0.392210537988794	-0.4888109959383327
ENSMUSG00000106385	-0.6413704567818489	-0.4009568664113179
ENSMUSG00000117737	-0.6677808030396746	-0.4219589009155253
ENSMUSG00000058331	-0.27252966726209	0.4998986809046953
ENSMUSG00000110043	-0.2132983968435067	-0.2940125143298365
ENSMUSG00000013415	-0.0191506015007592	0.2414593141267613
ENSMUSG00000115532	-0.6044108377884704	-1.427518741471926
ENSMUSG00000047655	-0.5763488644339245	-0.7103749320668683
ENSMUSG00000094445	-0.5194852295202268	-0.2235479894975958
ENSMUSG00000068151	-0.6233121112950797	-0.6819166211390831
ENSMUSG00000098003	-0.1039713014891693	-0.2938378555649102
ENSMUSG00000026841	-0.2597480302296566	-0.0428263619666206
ENSMUSG00000027944	-0.2136222886225019	0.4664485389673877
ENSMUSG00000046070	0.0116100230629211	0.0774424012951752
ENSMUSG00000069844	-0.6675635600634268	0.4397967460998779
ENSMUSG00000079681	-0.1995199242497559	0.115254344029201
ENSMUSG00000107031	-0.6430055799124876	-0.743614955772849
ENSMUSG00000073761	-0.1125172842979747	-0.2561934016020204
ENSMUSG00000079022	-0.3001967763423008	0.4150060858593488
ENSMUSG00000105378	-0.4717048625037405	-0.2947998629132412
ENSMUSG00000020216	-0.0891298134467853	-0.4037150488610658
ENSMUSG00000032299	-0.0563198356829835	0.3506635013887983
ENSMUSG00000040385	0.2054555539346084	0.0069705575928482
ENSMUSG00000066586	-0.2934612623889496	-0.3450219070976955
ENSMUSG00000098506	-0.510856059046431	-0.3781800058883486
ENSMUSG00000039194	-0.150081097041524	0.1112235867589835
ENSMUSG00000002546	-0.0622585991325574	0.380191698020184
ENSMUSG00000090110	-0.4222458644380576	0.5196321891085715
ENSMUSG00000112587	-0.4151974148564025	-0.5886018744051672
ENSMUSG00000031556	-0.2355978839856299	0.4802145493650923
ENSMUSG00000096539	-2.0	-2.0
ENSMUSG00000067567	-0.51946445995292	0.2125987904742051
ENSMUSG00000029551	-0.036455162292979	0.233294680434054
ENSMUSG00000028648	-0.2600066968230315	0.3842354592972291
ENSMUSG00000024560	-0.0930978361516459	0.2856140111140586
ENSMUSG00000101373	-0.4539437224928671	-0.591224418578022
ENSMUSG00000030156	-0.5969763046714932	-0.6841349889729982
ENSMUSG00000073951	-0.3225375928563517	-0.5843179942219546
ENSMUSG00000075125	-0.718371761315268	-0.7221960270978085
ENSMUSG00000086754	-0.1952702739726217	0.3384740244041725
ENSMUSG00000070378	-0.4118547332844526	-0.4003852258179146
ENSMUSG00000000384	-0.0355673466465631	0.2888280480742997
ENSMUSG00000057050	-0.5803498513218387	-0.6193350852131025
ENSMUSG00000023965	-0.2977599400022657	0.4173979482236319
ENSMUSG00000060918	-0.4301700280721291	-0.2738167736917111
ENSMUSG00000074994	-0.0297611063352099	0.4861603246077139
ENSMUSG00000078798	-0.3861051361490765	-0.5428553950941007
ENSMUSG00000030677	-0.0886925721864521	0.3813255857623943
ENSMUSG00000112711	-0.4735213829683691	-0.0946284788426216
ENSMUSG00000103906	-0.0863945530379976	0.2150778802971116
ENSMUSG00000115744	-0.6624800814909598	-0.414473623664039
ENSMUSG00000021650	-0.062614522789657	0.4837923439468254
ENSMUSG00000026986	-0.4953209435517629	-0.4229946985411287
ENSMUSG00000117996	-0.5493069678307549	-0.5072465653263337
ENSMUSG00000015697	-0.0259155351937032	0.4656965605010245
ENSMUSG00000034863	-0.0145390352326287	-0.1086297137604009
ENSMUSG00000037185	-0.0955429449615403	-0.0841820081236342
ENSMUSG00000028850	-0.1617066581026203	0.4004077678669667
ENSMUSG00000033200	-0.1392665761477983	-0.4235623784155196
ENSMUSG00000041954	-0.1522108644733725	0.119706450510587
ENSMUSG00000121106	-0.3562349412665648	-0.2973048313690282
ENSMUSG00000022020	-0.0772565894637328	0.4764844018239207
ENSMUSG00000022103	-0.5866736089498035	-0.0842064703810005
ENSMUSG00000068079	-0.0292195108097028	0.288452683559821
ENSMUSG00000021891	-0.0363475803456205	0.4311533216320032
ENSMUSG00000028699	0.0940446608573755	-0.3735715916800407
ENSMUSG00000091764	-0.0955063639541164	0.3232762384340659
ENSMUSG00000071265	-0.4004481218818858	-0.2452958109801128
ENSMUSG00000012117	-0.0546393617864405	0.3192097776920969
ENSMUSG00000044813	-0.0359601661608471	0.4445778073198264
ENSMUSG00000070687	-0.238774362501898	-0.1207316990890463
ENSMUSG00000022377	-0.0348028160366103	0.4307685338529438
ENSMUSG00000087629	-0.0074645965575954	-0.0903611845785884
ENSMUSG00000097157	-0.4636097528573307	-0.3849626095858017
ENSMUSG00000108679	-0.3556732976265017	-0.2164641695185034
ENSMUSG00000111556	-0.1982223951288987	-0.3107650393940891
ENSMUSG00000029131	-0.0101959496600371	0.4535724197334079
ENSMUSG00000011350	-0.1843808163807631	-0.2037885583179287
ENSMUSG00000105263	-0.0507737874163207	-0.2487861991035116
ENSMUSG00000106586	-0.2734486628815973	-0.3632891160830775
ENSMUSG00000015474	-0.0998207238429648	0.165220577315664
ENSMUSG00000058194	-0.7517284242778907	-0.5603657420501832
ENSMUSG00000021366	-0.101321321117344	0.4281555359564794
ENSMUSG00000029388	-0.0830660134715222	0.3515806516535231
ENSMUSG00000054446	-0.3059203081226916	-0.5080212340450371
ENSMUSG00000056973	-0.3355447548069909	-0.5851566257481126
ENSMUSG00000111585	-0.3153836903832518	-0.3814515495083891
ENSMUSG00000096399	-2.0	-2.0
ENSMUSG00000101655	-0.2300726206223017	0.4385603846851628
ENSMUSG00000061707	-0.6571641858389351	-0.366119160513961
ENSMUSG00000052087	-0.0595824378971528	-0.4272982006515294
ENSMUSG00000054065	-0.0542284991903521	-0.0292030671355484
ENSMUSG00000020865	-0.292619251664169	0.0706162941400438
ENSMUSG00000101967	-2.0	-2.0
ENSMUSG00000111658	-0.1174800156153286	0.1767709478780723
ENSMUSG00000025787	-0.241244905619278	-0.2016622421188726
ENSMUSG00000073457	-2.0	-2.0
ENSMUSG00000060560	-0.2366036062541325	-0.2692041629332747
ENSMUSG00000116220	-0.1811120811354694	-0.0464693515064167
ENSMUSG00000021969	-0.1352459718529978	0.420137387606213
ENSMUSG00000031241	-0.9089326770629852	-0.5628490187600496
ENSMUSG00000075170	-0.7635237052408694	-0.8922012819907728
ENSMUSG00000020811	-0.2769518857206074	0.1449172736768062
ENSMUSG00000109056	-0.4639076640443874	-0.4013495621181551
ENSMUSG00000116130	-0.2051831851386982	-0.2724335481160412
ENSMUSG00000035764	-0.0599844378029535	0.4314113730925614
ENSMUSG00000052281	-0.1243327686477544	0.3764440937172065
ENSMUSG00000086515	-0.3222556093509554	-0.087452424366521
ENSMUSG00000018995	-0.1469097392183452	0.4906581275650523
ENSMUSG00000003070	-0.0843180441825786	0.0989026334797145
ENSMUSG00000045509	-0.2962657813650093	0.0896388744187115
ENSMUSG00000052593	-0.0435925811625305	0.4716791753349479
ENSMUSG00000036943	-0.1531670112807155	0.5007843503892492
ENSMUSG00000074981	-0.4500398913196753	-0.380664325514621
ENSMUSG00000074284	-0.0750688310723405	-0.0181919899251268
ENSMUSG00000096045	-0.1077896008865156	-0.1852330269888038
ENSMUSG00000022350	-0.0124083579231742	0.3314835790582094
ENSMUSG00000075065	-0.5152199399251354	-0.4587106320219298
ENSMUSG00000037196	-0.3058716461116517	0.4765168755176859
ENSMUSG00000121743	-0.3294038830894583	0.4625147924327692
ENSMUSG00000100354	-0.6139211923625949	-0.6211499777023022
ENSMUSG00000114404	-0.3169291753289011	-0.3244790128125329
ENSMUSG00000015812	-0.2428169188126048	-0.0455141608110754
ENSMUSG00000027430	-0.2487318305189242	0.3831878777962965
ENSMUSG00000103749	-0.0217510790772389	0.0022040014480328
ENSMUSG00000020580	-0.0615108966660563	0.5584916090489687
ENSMUSG00000029198	-0.0715272311690909	0.3904390926960724
ENSMUSG00000031173	-0.718092602739104	-0.6625698523911244
ENSMUSG00000040452	-0.5092927624644912	-0.2851877539987687
ENSMUSG00000112654	-0.1508632460057628	0.2834339849009029
ENSMUSG00000105283	-0.4213277894887166	-0.1159640409471232
ENSMUSG00000026110	-0.093324445354443	0.5196623792302256
ENSMUSG00000039568	-0.2541290551144878	0.4241803218404917
ENSMUSG00000067825	-0.0745692931907328	0.4249750162318338
ENSMUSG00000000399	-0.0851458293339159	0.5175373910457223
ENSMUSG00000097496	-0.4356594827528941	-0.0857693190846873
ENSMUSG00000048938	-0.3408220624634513	-0.2931656819713038
ENSMUSG00000068245	-0.1336376260387653	-0.112179326454873
ENSMUSG00000023259	-0.1502033377508589	0.4248421238319159
ENSMUSG00000030965	-0.0347044864422149	0.4691578475233537
ENSMUSG00000040429	-0.0217246884304953	0.3347741261956701
ENSMUSG00000034522	-0.2424978401749598	0.3508203668727481
ENSMUSG00000099640	-0.3523856634299818	-0.4270002185597975
ENSMUSG00000086037	-0.3439366963410308	-0.5398936245606746
ENSMUSG00000086610	-0.2235401416215964	0.4452126948407857
ENSMUSG00000095089	-2.0	-2.0
ENSMUSG00000097241	-0.5713391856754245	-0.4555576310863641
ENSMUSG00000024207	-0.0242699405103515	-0.281749826337693
ENSMUSG00000052726	-0.4093797141328068	0.5413845165642597
ENSMUSG00000054514	-0.3950226842404833	0.4096481191362348
ENSMUSG00000085691	-0.3038932494070567	-0.2741045315973677
ENSMUSG00000070871	-0.0930931006886	0.5321163509715096
ENSMUSG00000035000	-0.2301614441116099	0.2449472235313353
ENSMUSG00000060843	-0.4832930574902548	0.499448704984247
ENSMUSG00000085914	-0.3885267221941705	0.4128216093442036
ENSMUSG00000005779	-0.1474918269331912	0.2479227184127603
ENSMUSG00000107232	-0.1783540417969333	-0.3362903134434485
ENSMUSG00000059482	-0.0339202466797243	0.439163048965249
ENSMUSG00000043274	-0.4425938645249088	-0.5533072230855148
ENSMUSG00000055923	-0.0814399163832886	0.4053545575561236
ENSMUSG00000085165	-0.317444479114756	0.4812249967465863
ENSMUSG00000116226	0.1001588611460174	-0.0381695805523985
ENSMUSG00000094520	-0.3891544497712069	-0.3082517455170722
ENSMUSG00000105472	-0.0951150966740144	-0.2534266688195354
ENSMUSG00000105430	-0.1268500100070691	-0.1425149241190769
ENSMUSG00000090176	-0.6291990058811301	-0.3336992209909833
ENSMUSG00000025504	-0.1490944906268725	0.1702323701818036
ENSMUSG00000120929	-0.7304689839038457	-0.6312747640660054
ENSMUSG00000033961	-0.0299875755722017	0.2909352276934467
ENSMUSG00000080717	-0.0482492722425976	0.4426396603395369
ENSMUSG00000091896	-0.0255177831800436	0.4782258520758401
ENSMUSG00000014496	-0.041021036031813	0.5432535372600198
ENSMUSG00000100533	-2.0	-2.0
ENSMUSG00000029121	-0.2223702159370462	-0.1122529932483032
ENSMUSG00000115492	-0.4903561468527657	-0.4589797331439048
ENSMUSG00000121345	-2.0	-2.0
ENSMUSG00000034112	-0.1577280935751374	-0.0632877539112972
ENSMUSG00000094825	-0.0188815378271947	-0.0770917305774584
ENSMUSG00000112261	-0.0855136180886853	0.1737292341677293
ENSMUSG00000007721	-0.012129325207871	0.2218496182044515
ENSMUSG00000032715	-0.0483868354233989	0.2596258884106808
ENSMUSG00000019927	-0.1227124107707726	0.462956829788626
ENSMUSG00000025215	-0.1522281292848121	-0.0406637693326694
ENSMUSG00000091216	0.5420833817714167	0.1589122503322352
ENSMUSG00000105571	-0.6976593290262263	-0.7823018040573311
ENSMUSG00000037315	-0.3254687912731642	0.4786602699917352
ENSMUSG00000073154	-0.5435859845369667	-0.5796972848229691
ENSMUSG00000050933	-0.5555910493385043	-0.6270118181540707
ENSMUSG00000092342	-0.3983789329699641	-0.4588122967210239
ENSMUSG00000036879	-0.113279892563891	0.5661453500700145
ENSMUSG00000044626	-0.0265640914053713	0.323666885367806
ENSMUSG00000036552	-0.0978191823251919	0.4320217845224578
ENSMUSG00000028653	-0.0240550621599621	0.4145281350382261
ENSMUSG00000029480	-0.034061517681064	0.3714439647177476
ENSMUSG00000033032	-0.1372999957435843	0.0855358122053118
ENSMUSG00000007610	-0.1327834972566504	0.2190608569587885
ENSMUSG00000109058	-0.5762772540258231	-0.3782613282976693
ENSMUSG00000036334	-0.3686796368569954	0.0025763086255093
ENSMUSG00000087637	-0.4142284945450198	-0.2992025130547854
ENSMUSG00000046219	-0.3494306189320041	0.319063565108919
ENSMUSG00000101383	-2.0	-2.0
ENSMUSG00000020214	-0.4298915718921202	-0.3078225685511622
ENSMUSG00000022221	-0.3130846566442051	0.2400676632774376
ENSMUSG00000019782	-0.1958836124730467	-2.0
ENSMUSG00000097162	-0.4620200569347404	0.4880300972235935
ENSMUSG00000113020	-0.0842599336448254	-0.0309811919294665
ENSMUSG00000094526	-0.5822112132315326	0.0958565624570998
ENSMUSG00000028484	-0.0226203092156909	0.4478950857480475
ENSMUSG00000021552	-0.1933002695161639	0.375325189592583
ENSMUSG00000073938	-0.4220456586866023	-0.3597488100665665
ENSMUSG00000093957	-0.4201598802061185	-0.3568320771377685
ENSMUSG00000033446	-0.1726572248880964	0.1992566589625088
ENSMUSG00000091255	-2.0	-2.0
ENSMUSG00000028274	-0.0412912805503522	0.4475236154226366
ENSMUSG00000052776	-0.1488433247911933	0.2831476151055792
ENSMUSG00000017950	-0.3055515263005183	-0.278633630645304
ENSMUSG00000034290	-0.0486450903414897	0.351798625188782
ENSMUSG00000051515	-0.0590468205009675	0.2967081789007412
ENSMUSG00000046027	-0.0561717299393586	0.4799100068149328
ENSMUSG00000105907	-0.3108764438567484	-0.2943690566937615
ENSMUSG00000041203	-0.2007572122751492	0.2579141337268007
ENSMUSG00000021621	-0.1630815735757227	0.4943221548168714
ENSMUSG00000058427	-0.4951818136560665	-0.2888868471958704
ENSMUSG00000026983	-0.4114692507269923	-0.3838907712598435
ENSMUSG00000024107	-0.3941510793831607	-0.1964780181649295
ENSMUSG00000110556	-0.0538857711977716	0.0983924198196572
ENSMUSG00000108295	-0.501852164781383	-0.3710616723165983
ENSMUSG00000022553	-0.308716002273638	0.1920051268776825
ENSMUSG00000050447	-0.4120092464593722	0.0975681130322351
ENSMUSG00000085123	-0.6179952115501987	-0.4047781096402246
ENSMUSG00000027868	-0.3322990563909917	-0.1392969800832338
ENSMUSG00000114903	-0.0154284043781055	0.3432679423411084
ENSMUSG00000078688	-0.2787346140131316	-0.1656804103177316
ENSMUSG00000079104	-0.1417167163533823	0.4393642777350003
ENSMUSG00000061295	-0.4140055855294872	-0.5019456865970993
ENSMUSG00000112647	-0.4941836197571922	-0.3667036803428919
ENSMUSG00000022986	-0.1682007163469569	-0.2453198005115302
ENSMUSG00000021590	-0.3367862097242192	-0.5991802854662626
ENSMUSG00000091043	-0.4076080369292349	-0.3937999369244856
ENSMUSG00000115306	-0.7922921883970553	-0.6430113449178644
ENSMUSG00000115787	-0.5924857088339213	-0.5279032432241524
ENSMUSG00000120333	-0.3206217139173898	-0.3400904521941679
ENSMUSG00000029442	-0.2765201920423696	-0.0533567660130398
ENSMUSG00000066704	-0.3165235649610606	-0.2445003234307788
ENSMUSG00000031898	-0.0550389791227494	-0.1839118904202053
ENSMUSG00000116645	-0.0968706025720451	0.0587772661001248
ENSMUSG00000105278	-0.435332752385812	-0.1741066017413896
ENSMUSG00000109114	-0.3520137406460225	-0.2858371319463582
ENSMUSG00000087077	0.2456427886088178	-0.5285786068446531
ENSMUSG00000019826	-0.0584981080356694	0.4292731617509818
ENSMUSG00000000706	-0.914100409278588	-0.0894766576978634
ENSMUSG00000045314	-0.1465155818478626	0.1719001367116961
ENSMUSG00000104425	-2.0	-2.0
ENSMUSG00000067684	-1.1219032857415216	-1.117350029958801
ENSMUSG00000094784	-2.0	-2.0
ENSMUSG00000024534	-0.387812913579347	-0.3940856664867603
ENSMUSG00000099735	-0.295988548320176	-0.0789564439284265
ENSMUSG00000091110	-0.4665782629727589	-0.628334479450271
ENSMUSG00000099447	-0.379339567338413	-0.5540895636645867
ENSMUSG00000114789	-2.0	-2.0
ENSMUSG00000031834	-0.1472224458144275	0.3711088873020664
ENSMUSG00000041718	-0.0211995832850351	0.3399639441735539
ENSMUSG00000104449	-0.2245778720348149	-0.0554917644497438
ENSMUSG00000034190	-0.2334716042835605	0.5074999280942772
ENSMUSG00000086761	-0.3330142816703395	-0.2912368984817202
ENSMUSG00000004929	-0.0796252524113983	0.3881580612828135
ENSMUSG00000044957	-0.1453919400561329	-0.4188101968499206
ENSMUSG00000022416	-0.325208829464001	-0.1675973236072963
ENSMUSG00000098789	-0.2139508289495621	0.4647270478229885
ENSMUSG00000099856	-2.0	-2.0
ENSMUSG00000078612	-0.3542076572372158	-0.3319967478580395
ENSMUSG00000091649	-0.530836844532912	-0.2643701259911521
ENSMUSG00000005553	-0.0272367371471471	-0.3931039140743839
ENSMUSG00000034871	-0.1381256940961375	-0.1304390455505717
ENSMUSG00000099624	-0.3244527938050399	-0.2470256861982319
ENSMUSG00000115296	-0.8342513184405856	-0.5561148288243789
ENSMUSG00000100189	-0.066807606077973	-0.3904548918655433
ENSMUSG00000107597	-0.3370241317006053	-0.3626149540773021
ENSMUSG00000084123	-0.2882113237407195	-0.4151122627721588
ENSMUSG00000022742	-0.1516851098279165	0.4909145607062122
ENSMUSG00000108187	-0.3671211710104997	-0.3645848409377389
ENSMUSG00000020677	-0.0632505759821131	0.4249521629404323
ENSMUSG00000110838	-0.3605304445619893	-0.252835320812029
ENSMUSG00000009394	-0.4106843281822257	0.1632574102531606
ENSMUSG00000087456	-0.343016663156468	-0.2780245325120057
ENSMUSG00000045671	-0.0058500851017301	0.3231043530241713
ENSMUSG00000086700	0.3038657803108537	-0.4123554747743617
ENSMUSG00000025794	-0.060199695063667	0.2073903615950499
ENSMUSG00000117818	-0.0499677126924098	0.0197094348595553
ENSMUSG00000093776	-0.6573318147931813	-0.7433111117574585
ENSMUSG00000025192	-0.0829542351215135	0.4393172168784075
ENSMUSG00000020056	-0.1439760962843465	0.5083128542560962
ENSMUSG00000030432	-0.0195990785399867	0.167198552259677
ENSMUSG00000072822	-0.6663548693356268	-0.5079468157068084
ENSMUSG00000027978	-0.3168522387468808	-0.0820594686534197
ENSMUSG00000112355	-0.5157628174915333	-0.3534745315313048
ENSMUSG00000090254	-0.3370826416048181	-0.4098657790333045
ENSMUSG00000095959	-0.3030253784885824	-0.8055087471024558
ENSMUSG00000036667	-0.2853386932945423	-0.0820986069731196
ENSMUSG00000058173	-0.2373190360333552	0.4682799061304702
ENSMUSG00000085261	-0.2276207824105178	-0.3840863548936466
ENSMUSG00000073961	-0.550382772193039	-0.7765320956891543
ENSMUSG00000092284	-0.4808960837498611	-0.1214461506128175
ENSMUSG00000096259	-0.6219199953666746	-0.5043768583366094
ENSMUSG00000116439	-0.3401832143773731	-0.2950348726092899
ENSMUSG00000054266	-2.0	-2.0
ENSMUSG00000104284	-0.5047497224606692	-0.3708659492529844
ENSMUSG00000091514	-0.0367755156905244	0.4336380059436633
ENSMUSG00000108066	-0.6318221208822058	-0.5279896569582712
ENSMUSG00000038280	-0.22177043890559	-0.1383804112590709
ENSMUSG00000026988	-0.1283672947030382	0.4763918964761818
ENSMUSG00000037225	-0.3361999801042272	0.0724921670827832
ENSMUSG00000092619	-2.0	-2.0
ENSMUSG00000110294	-0.5174362474220152	-0.3479937964002548
ENSMUSG00000020875	-0.0722219201350062	0.2258217053001961
ENSMUSG00000114415	0.07121629068884	-0.4242834232135866
ENSMUSG00000093606	-2.0	-2.0
ENSMUSG00000023460	-0.012813153297738	0.3903185364073272
ENSMUSG00000086669	-0.0267690368026577	-0.0334340397020467
ENSMUSG00000093923	-0.8221172413995473	-0.9972472377189332
ENSMUSG00000027399	-0.3314720754588549	-0.155173540976307
ENSMUSG00000107511	-0.3315127349049786	-0.6592264222923491
ENSMUSG00000111053	-0.2800389455652768	0.1715145481440676
ENSMUSG00000120995	-0.0374099264479486	0.4580976284856263
ENSMUSG00000015599	-0.1255927551517275	-0.3612729944653235
ENSMUSG00000036782	-0.782828913115944	0.2605028908992293
ENSMUSG00000070822	-0.2240194127472756	-2.0
ENSMUSG00000075555	-0.0936791834580567	-0.0640421481601098
ENSMUSG00000051978	-0.0303157653791507	0.463695347493594
ENSMUSG00000110819	-0.7089963235480816	-0.5010912213873849
ENSMUSG00000081716	-0.5473283836666553	-0.6986065651102101
ENSMUSG00000022489	-0.1009400143277827	-2.0
ENSMUSG00000121810	-0.206805468145056	0.3502677937933651
ENSMUSG00000044798	-0.4632792323310303	-0.5367984923884089
ENSMUSG00000022206	-0.1646545919944023	-0.0641382889965503
ENSMUSG00000087248	-0.0014155856536963	0.1224413251079572
ENSMUSG00000045392	-0.5060873976866433	-0.0202853141632184
ENSMUSG00000022802	-0.1303197800950259	0.328534127690411
ENSMUSG00000120177	-0.5035438803233249	-0.2998723211788352
ENSMUSG00000095773	-2.0	-2.0
ENSMUSG00000120154	0.1254005802797595	0.2114286581520779
ENSMUSG00000030339	-0.1098962382207167	0.3177754777323338
ENSMUSG00000022875	-0.2875829944120569	-0.1862558647671603
ENSMUSG00000071655	-0.0758835014705723	0.2781350911092168
ENSMUSG00000110773	0.168498072796014	-0.2515483742141787
ENSMUSG00000034006	0.0164215555946279	-0.593994586352513
ENSMUSG00000086541	-0.2223690564285636	-0.3374130873845445
ENSMUSG00000090246	-2.0	-2.0
ENSMUSG00000090252	-2.0	-2.0
ENSMUSG00000099811	-0.3347705263924435	-0.2310487573561833
ENSMUSG00000030615	-0.031916973241019	0.374028323254335
ENSMUSG00000121414	-0.3097101579381143	-0.2477098596223279
ENSMUSG00000063253	-0.0936003037796988	-0.4718469413051374
ENSMUSG00000028776	-0.1664156251524619	0.1833637550498246
ENSMUSG00000105696	-0.3699135922673577	-0.457830641457578
ENSMUSG00000047368	-0.0323480489075049	0.4587801232498065
ENSMUSG00000109669	0.0449075006853264	0.1669555674841264
ENSMUSG00000031119	-0.2908547469446977	0.3574145249315761
ENSMUSG00000106519	0.0110080763722348	-0.1261688936182282
ENSMUSG00000029993	-0.0317805099305786	0.390354600740791
ENSMUSG00000024580	-0.0419367277259962	0.3485381119655261
ENSMUSG00000030968	-0.3109231818291817	-0.3875623609845725
ENSMUSG00000121291	-2.0	-2.0
ENSMUSG00000048280	-0.1120485565037145	0.4739106930997431
ENSMUSG00000048371	-0.1137033406503521	0.4189922972443207
ENSMUSG00000020526	-0.0912028302339292	0.2331378044216377
ENSMUSG00000121372	-0.4300577824404384	-0.3491850278174424
ENSMUSG00000102784	-0.3698708432812085	-0.2407996321504245
ENSMUSG00000101456	-2.0	-2.0
ENSMUSG00000059832	-0.4203819239764313	-0.454766509494596
ENSMUSG00000022997	-0.0568149425769749	-0.1505658437834999
ENSMUSG00000097726	-0.3757814540395553	-0.3250459503815396
ENSMUSG00000117270	-0.1864143416237757	0.081042762778238
ENSMUSG00000022186	-0.0798999550230631	0.4783618528435298
ENSMUSG00000026471	-0.3349553137785377	-0.3296700429934561
ENSMUSG00000059898	-0.5381042769556162	-0.4237056529075823
ENSMUSG00000041538	-0.34001557258988	-0.2125963488031404
ENSMUSG00000049823	0.1352376329575551	0.0384678739116802
ENSMUSG00000109396	-2.0	-2.0
ENSMUSG00000038894	-0.0630915506604434	0.290591042549338
ENSMUSG00000110030	-0.2512756404070188	0.2397523109831648
ENSMUSG00000100012	-2.0	-2.0
ENSMUSG00000111488	-0.4483170582015717	-0.5045755886879834
ENSMUSG00000080713	-0.4266445104091107	-0.6645648075880527
ENSMUSG00000046804	-0.3618135967987311	-0.4736460395687416
ENSMUSG00000061361	-2.0	-2.0
ENSMUSG00000026094	-0.1627339935806052	0.5627122023111392
ENSMUSG00000112104	-0.5989438947811973	-0.5706215032156673
ENSMUSG00000121853	-0.3028294392263826	0.2793570337278409
ENSMUSG00000002844	-0.0177129335960727	0.3531315237947038
ENSMUSG00000043168	-0.279363450062486	-0.2752054174159334
ENSMUSG00000110866	-0.0022748757094167	-0.1217298924724227
ENSMUSG00000051149	-0.0154098647652111	0.4027485509192583
ENSMUSG00000031697	-0.131093183618012	0.453321398448113
ENSMUSG00000092404	-0.6029305988772132	-0.622407471274069
ENSMUSG00000023923	-0.4252878293286781	0.5662175196699895
ENSMUSG00000094698	-0.760165079376091	-0.8483023306033118
ENSMUSG00000106594	-0.256768774755094	-0.1364078418266296
ENSMUSG00000003378	-0.0680632455871217	-0.1180845843161031
ENSMUSG00000045838	-0.0859825006656833	0.3500777570374199
ENSMUSG00000047888	-0.0046654938941315	0.516996789677081
ENSMUSG00000045438	-0.0368078476551223	-0.1222680054247576
ENSMUSG00000102520	-2.0	-2.0
ENSMUSG00000110186	-0.4200019834223883	-0.5022854312470431
ENSMUSG00000059900	-0.1228141616793167	-0.0645378789642664
ENSMUSG00000004945	-0.0266053682565701	0.4465958767368351
ENSMUSG00000021361	-0.1745963440822026	0.3223842952889222
ENSMUSG00000078812	-0.0179104848306662	0.2210729282759583
ENSMUSG00000115067	-0.1469129065896498	-0.1644441123792864
ENSMUSG00000019437	0.162702976325714	-0.282748518696802
ENSMUSG00000004591	-0.0519615300959683	0.465476244465637
ENSMUSG00000078348	0.2462464001390771	-0.8346972573292487
ENSMUSG00000121386	-2.0	-2.0
ENSMUSG00000086739	-0.5793571898610175	-0.7025520746052907
ENSMUSG00000018541	-0.0708852891333979	0.3692633673700587
ENSMUSG00000052751	-0.0787819829399337	0.3384724307243623
ENSMUSG00000085803	-0.2245279075611806	-0.2340836031027901
ENSMUSG00000101407	-2.0	-2.0
ENSMUSG00000033065	-0.0241635899872179	0.3576497953395353
ENSMUSG00000027284	-0.0685487404014363	0.4663654457940074
ENSMUSG00000069132	-0.5843527158748648	-0.1827291515353501
ENSMUSG00000068290	-0.1053726198961041	0.2760415531233358
ENSMUSG00000030483	-0.34328770087644	-0.1900903109971588
ENSMUSG00000084878	-0.0059822484900641	0.1630712853221124
ENSMUSG00000095318	-2.0	-2.0
ENSMUSG00000102752	-0.4069490917592827	-0.3100389989396552
ENSMUSG00000030324	-0.3132286379122423	-0.2776606421585396
ENSMUSG00000028359	-0.3208838533435436	-0.3393841708270712
ENSMUSG00000092218	0.0437951775967115	0.0008056502595528
ENSMUSG00000086624	-0.1378094461298015	-0.2787882668532853
ENSMUSG00000040420	-0.4783144225973838	-0.3008457201863524
ENSMUSG00000030711	0.0105249341502782	0.101189554907595
ENSMUSG00000117616	-0.3675784246902777	-0.4022943077845591
ENSMUSG00000037949	-0.2414311389614992	0.4283366616297884
ENSMUSG00000051378	-0.0663784964164333	0.4697330869189894
ENSMUSG00000072731	-0.1753859732296394	-0.1205631295678245
ENSMUSG00000097673	-0.2540935034095281	0.4990948840955372
ENSMUSG00000046873	-0.1474351076508921	0.4135277507523005
ENSMUSG00000078813	0.0984547406506733	0.0941064197456839
ENSMUSG00000028763	-0.0025223971268859	0.3490217333439102
ENSMUSG00000096965	-0.100607877189755	-0.0490854198043119
ENSMUSG00000019124	-0.2281424733957537	0.3797020225429255
ENSMUSG00000111324	-0.2763097573678253	-0.2974035327229409
ENSMUSG00000031303	-0.5041347084174356	-0.0781561667877304
ENSMUSG00000090223	-0.4241005416493684	-0.3372149785585338
ENSMUSG00000101854	-0.288937528496228	-0.3581427292385561
ENSMUSG00000024059	-0.2029003911263461	-0.2212475233474017
ENSMUSG00000026277	-0.0567295151490197	0.4756993657145005
ENSMUSG00000043635	-0.4633976252088115	0.0021621725347776
ENSMUSG00000010453	-0.0297542229243715	0.4578307468457052
ENSMUSG00000050772	-0.6274380763887748	-0.5852278103610573
ENSMUSG00000115063	-0.31431002163888	-0.3716253763564933
ENSMUSG00000006456	-0.0497676938287002	0.4658300039825137
ENSMUSG00000115181	-0.474469573310455	-0.7286998571421631
ENSMUSG00000117715	-0.4036637792949845	0.1054890656228549
ENSMUSG00000114504	-2.0	-2.0
ENSMUSG00000075265	0.0884867152546561	0.0489391315946808
ENSMUSG00000111111	-1.3549260919682486	-0.6507532142853953
ENSMUSG00000099576	-0.3561901645012481	-0.3800614741600921
ENSMUSG00000025380	-0.0459629121703003	-0.1695976624444854
ENSMUSG00000049940	-0.0612466792205527	0.4465467972450829
ENSMUSG00000068893	-0.0953941509163282	-0.1111504231697021
ENSMUSG00000101270	-0.6145319720044511	-0.6325072884374036
ENSMUSG00000109893	-0.1586714444025111	-0.4411225433501493
ENSMUSG00000006005	-0.0319452059362132	0.4932739770903821
ENSMUSG00000101289	-0.1141327373020925	-0.182836191387103
ENSMUSG00000090967	-0.5225224804428736	-0.708756837814395
ENSMUSG00000031974	-0.0764740406187998	0.4791694720029475
ENSMUSG00000116690	-0.4148450763256531	-2.0
ENSMUSG00000028837	-0.0269613245290154	0.4578558685495555
ENSMUSG00000108146	-0.866078251007867	-0.6082250455324693
ENSMUSG00000039215	-0.2462755694784056	-0.3542387988225734
ENSMUSG00000058755	-0.0577733161338093	-0.0403813321282136
ENSMUSG00000113591	-0.084457604508058	-0.1448912253643425
ENSMUSG00000085565	-0.1007924273221791	-0.0046946434847125
ENSMUSG00000053896	-0.4249877564230073	-0.4534220762024666
ENSMUSG00000097788	-0.2829251049862979	0.4204036828933279
ENSMUSG00000100823	-2.0	-2.0
ENSMUSG00000105212	-0.5328466989649602	-0.4228387114012653
ENSMUSG00000031775	-0.1487496032245198	0.1411430563491879
ENSMUSG00000095930	-0.2286589096590038	0.2482288605418276
ENSMUSG00000009470	-0.0138021821314176	0.4777213244706196
ENSMUSG00000039377	-0.3143110425776462	-0.1101092894333735
ENSMUSG00000091034	-0.1302082842059775	-0.3178818308537827
ENSMUSG00000071178	-0.5879334363551034	-2.0
ENSMUSG00000121413	-0.5014672821408208	-1.2538423854430985
ENSMUSG00000089997	-0.3028634561759324	-0.0855535978055927
ENSMUSG00000052331	-0.2754610112767143	0.376073394565773
ENSMUSG00000013858	-0.0823165029473994	0.2832410566539383
ENSMUSG00000002658	-0.2214671724453723	0.4609768801652928
ENSMUSG00000022304	-0.2221431562763199	0.4128813655234748
ENSMUSG00000025280	-0.0325390785979509	0.0054063555655707
ENSMUSG00000037541	-0.3073331784902446	-0.3159336569402353
ENSMUSG00000058057	-0.025510598240795	-0.3382669897346512
ENSMUSG00000105746	-0.4769216120112255	-0.1999934917164496
ENSMUSG00000047207	-0.6157363576974831	-0.9165833875929076
ENSMUSG00000034266	-0.1196202330792248	-0.4137859438869872
ENSMUSG00000115509	-0.23603396446062	0.4169153071556727
ENSMUSG00000095026	-0.1863985980695588	0.3282380778601068
ENSMUSG00000090165	-0.3082676425659823	-0.2899078636434913
ENSMUSG00000022324	-0.1359730829555573	0.4365124869996927
ENSMUSG00000021610	-0.0667430809191197	0.4513104458378297
ENSMUSG00000021918	-0.1213094598800051	0.4958209214033427
ENSMUSG00000093616	-0.1949743391000578	0.0035758977994586
ENSMUSG00000000318	-0.3626543921066703	-0.2888186057220014
ENSMUSG00000026253	-0.2729036753459502	-0.1239036864618613
ENSMUSG00000073600	0.0824442613860697	0.1303033989894142
ENSMUSG00000097077	0.0122246484892136	0.3357815450982496
ENSMUSG00000023092	-0.7935060409667196	-2.0
ENSMUSG00000014303	-0.0447402140931756	0.2905278678482441
ENSMUSG00000034247	-0.019794762511326	0.4710800876684789
ENSMUSG00000097519	-0.1935366056497622	0.5162454831012824
ENSMUSG00000118448	-0.1706693339137449	-0.3608706555741703
ENSMUSG00000107100	-0.263467254222082	-0.5277052302229002
ENSMUSG00000078632	-0.3006143142646149	-0.3250869123018589
ENSMUSG00000039686	-0.0656641871396728	0.4664022461606875
ENSMUSG00000107300	0.2555141951007557	0.094431994954201
ENSMUSG00000074812	-0.3975399905870028	-0.1775374327954112
ENSMUSG00000002395	-2.0	-2.0
ENSMUSG00000028958	-0.3257708362902302	-0.0875515527304324
ENSMUSG00000106505	-0.3644434747453104	-0.3277606036103018
ENSMUSG00000117415	-0.0306285445282107	0.1357457031832308
ENSMUSG00000090173	-0.2793550547421557	-0.088931923767936
ENSMUSG00000112601	-0.3767090813690554	-0.3830789720698299
ENSMUSG00000046272	-0.4543745176340146	-0.6811793982442059
ENSMUSG00000021684	-0.3023367540022121	-0.2366411995524672
ENSMUSG00000028965	-0.1392522128241186	-0.1173104273514931
ENSMUSG00000055298	-0.7197317555780752	-0.5748878892681345
ENSMUSG00000078439	-0.0689987344429425	-0.1373703032131622
ENSMUSG00000091243	-0.4867059388618373	0.3703314510213438
ENSMUSG00000092300	-0.1966796130348194	0.2408547942358691
ENSMUSG00000109605	-0.3914097897142828	-0.5666052769255152
ENSMUSG00000078876	-2.0	-2.0
ENSMUSG00000085696	-0.134469997755589	-0.260032619378536
ENSMUSG00000091060	-0.3968837870371967	-0.4332637311425858
ENSMUSG00000079875	-0.3998644994339375	-0.5083267906110933
ENSMUSG00000028857	-0.1234453652985195	0.4773279297083024
ENSMUSG00000097404	-0.0557511201607583	-0.4114119058203247
ENSMUSG00000102496	-0.3609812267167635	-0.1425946447175338
ENSMUSG00000023467	-0.0108121729517913	-0.2387143099401402
ENSMUSG00000035601	-0.0239200370537574	0.3068808296555215
ENSMUSG00000091686	-0.5207430491879638	-0.5021509810408518
ENSMUSG00000048411	-0.5412473613437044	-0.7022329253059022
ENSMUSG00000050229	-0.0453316083037473	0.3418557540585849
ENSMUSG00000041935	-0.1071239253263476	0.4568701901311832
ENSMUSG00000024672	-0.256485531746695	-0.3741457599979657
ENSMUSG00000112666	-0.256173801640522	-0.2178854221715316
ENSMUSG00000115701	-0.4570790138807255	-0.7777939556670189
ENSMUSG00000027487	-0.077506019859877	0.4424245772335468
ENSMUSG00000047324	-0.3718915614636	-0.1684580850724616
ENSMUSG00000037622	-0.0164557089195828	0.3397041927236817
ENSMUSG00000025008	-0.0755873439708732	0.4005566386154033
ENSMUSG00000117125	-2.0	-2.005340650765077
ENSMUSG00000021363	-0.2255793926437176	0.2582281733473666
ENSMUSG00000096687	-0.3129650063034564	0.5148159496029199
ENSMUSG00000020709	-0.0574335304492017	0.3134348189259847
ENSMUSG00000093610	-0.5460026119859933	-0.4839808243633243
ENSMUSG00000074207	-0.3570413182214178	-0.406619107598746
ENSMUSG00000109536	-0.0998778934627876	-0.043781897531898
ENSMUSG00000113261	-0.0737102482238446	-0.2398835909006268
ENSMUSG00000063652	-0.1864491662583657	0.4517888908925119
ENSMUSG00000107278	-0.0479750525626226	0.0522843811196546
ENSMUSG00000102966	-2.0	-2.0
ENSMUSG00000051285	-0.0311336406462913	0.5220277371637836
ENSMUSG00000062561	-0.469142312701928	-0.7505232451101755
ENSMUSG00000023140	-0.500186770408264	-0.5179889182484639
ENSMUSG00000029607	-0.0436029525253956	-0.1323429253539989
ENSMUSG00000024175	-0.2761747192491756	-0.3415636799423824
ENSMUSG00000078886	-2.0	-2.0
ENSMUSG00000106129	-0.4129891160540575	-0.4743791950210188
ENSMUSG00000109140	-0.4820483747398422	0.2988032715435688
ENSMUSG00000012126	-0.0233607405740869	0.3459392195212934
ENSMUSG00000054520	-0.1394620842762043	0.3220931242016161
ENSMUSG00000040653	-0.4099264917051882	-0.0551650013496112
ENSMUSG00000095369	-0.3411852815478839	-0.2739176223161985
ENSMUSG00000061723	-0.2866467391785827	-0.4216097499292822
ENSMUSG00000115862	-0.2784998473471307	-0.2280198475709652
ENSMUSG00000029281	-0.4847953261729182	-0.5515856055320771
ENSMUSG00000109881	-0.0949710969609794	-0.2305907677462199
ENSMUSG00000039536	-1.1280573710650292	0.5219655938228233
ENSMUSG00000048439	-0.0301044851185784	0.364365606785251
ENSMUSG00000013033	0.0117928198558139	0.2791780877230432
ENSMUSG00000101861	-2.0	-2.0
ENSMUSG00000112372	-0.5134581633312023	-0.7991253264910027
ENSMUSG00000100711	-0.4368560389517946	-0.5090831954707052
ENSMUSG00000121373	-0.5460087192960416	-0.493948467022658
ENSMUSG00000033554	-0.0597143700637119	0.4846172566639818
ENSMUSG00000030522	-0.1062168288056472	0.4842400307426893
ENSMUSG00000054404	-0.3274662183734784	-0.231319285234654
ENSMUSG00000043518	-0.6978394451579802	-0.699494949200731
ENSMUSG00000112513	-0.3446166230078814	-0.6085066714236309
ENSMUSG00000078185	-0.2409635873508169	0.5586718579009629
ENSMUSG00000107254	-0.1131502560869224	0.3871013875182419
ENSMUSG00000056569	-0.3654507900299236	0.4148751194955797
ENSMUSG00000034165	-0.0474202535539429	-0.1493683436352101
ENSMUSG00000006567	-0.2171531551984762	0.4253675785613338
ENSMUSG00000034923	-0.2447877581585513	-0.3449862986384839
ENSMUSG00000097617	-0.0042740078665546	0.0748429800525951
ENSMUSG00000104793	-0.3449098014579636	-0.2344484150800997
ENSMUSG00000109031	-0.3856303715304902	-0.7030013645219126
ENSMUSG00000104543	-0.5171012737543107	-0.6890714890442677
ENSMUSG00000104909	-0.3929168062042474	-0.3154260674789055
ENSMUSG00000000308	-0.176058731617124	0.0565392806177396
ENSMUSG00000025857	-0.0167439454609928	0.3453862788413902
ENSMUSG00000068037	-2.0	-2.0
ENSMUSG00000092438	-0.2434876871266439	-0.2615492501166225
ENSMUSG00000112427	-0.3248274358139094	-0.4904598004796653
ENSMUSG00000031532	-0.0615507283063551	0.4560385184408637
ENSMUSG00000060073	-0.0402395153352708	0.4284846814367178
ENSMUSG00000099655	0.6149752133774197	-0.0012064069539356
ENSMUSG00000104994	-0.359277333240972	-0.2831971216862979
ENSMUSG00000017548	-0.0488645188466528	0.4971121793642655
ENSMUSG00000049721	-0.2021463149115142	0.1503087170330042
ENSMUSG00000026655	-0.3554960250835085	-0.2550156698188441
ENSMUSG00000108256	-0.4084067664207633	-0.3211647107476409
ENSMUSG00000018481	-0.0235437304557192	0.5061791216391203
ENSMUSG00000041361	-0.4049040867127311	0.0221598752439819
ENSMUSG00000031841	-0.2984035233977556	-0.058132035743836
ENSMUSG00000009090	-0.0132545928363948	0.3550900643290019
ENSMUSG00000026832	-0.4605334627689281	-0.4745107547567647
ENSMUSG00000042190	-0.0127974981315827	0.0459573676802867
ENSMUSG00000048277	0.0001695154784662	0.1676268439002188
ENSMUSG00000106526	-0.3103353250633029	-0.4050574706522385
ENSMUSG00000116504	-0.2724166168232919	-0.2322417363068528
ENSMUSG00000086064	-0.1881209603968715	-0.1718774402237571
ENSMUSG00000041231	-0.0953401648094472	0.4573328558237878
ENSMUSG00000110633	-0.3992082831719469	-0.4895874429981192
ENSMUSG00000080808	-0.1288439303202659	-0.4716428462963222
ENSMUSG00000111683	-0.3595766053467785	-0.2089926918371491
ENSMUSG00000086929	0.2175997406369102	0.19388728433712
ENSMUSG00000091594	-0.0444840776814437	0.4978799062580456
ENSMUSG00000047594	-0.4233433535864694	-0.5075891701515465
ENSMUSG00000030898	-0.3308313814415318	-0.0367799588295465
ENSMUSG00000053117	-0.36806356600176	-0.3511842677964038
ENSMUSG00000072950	-0.3804180498610695	-0.3686512179238767
ENSMUSG00000025927	-0.4766922100527118	-0.5555780004021286
ENSMUSG00000101125	-2.0	-2.0
ENSMUSG00000089694	-0.204835594344252	-0.1466612943760349
ENSMUSG00000074071	-0.1866329424715304	-0.184399674262014
ENSMUSG00000056035	-0.4140589921308367	-0.4794810962983938
ENSMUSG00000028439	-0.1352892605772903	0.3780896060082432
ENSMUSG00000101158	-2.0	-2.0
ENSMUSG00000063953	0.3313904457285864	0.115506002190802
ENSMUSG00000020758	-0.071134871677719	0.0934474618761821
ENSMUSG00000084951	-0.5070011635906351	0.3981651927724373
ENSMUSG00000091537	-0.0683991509659611	0.2984941441427654
ENSMUSG00000061246	-0.5735183757719703	-0.9847432130944416
ENSMUSG00000022401	-0.0142653625424214	0.4350007484016371
ENSMUSG00000030111	-0.2930334867999313	0.2779397939634163
ENSMUSG00000066149	-0.1400118461935139	0.4690171633708591
ENSMUSG00000022657	-0.3742156389157657	-0.287639082363556
ENSMUSG00000104932	-0.2220786970268956	-0.2745660276793801
ENSMUSG00000047094	-0.4616492512092123	-0.2514578571897368
ENSMUSG00000117577	-0.2613537131554636	-0.4083398158793687
ENSMUSG00000121583	0.0103194655240566	0.1503836767503397
ENSMUSG00000030681	-0.0440200288779049	-0.1399786346303975
ENSMUSG00000114389	-0.5257843188697493	-0.1428073447761911
ENSMUSG00000108053	-0.293762510800532	0.4656079718060257
ENSMUSG00000071424	-0.5100718800855073	-0.5957630787353193
ENSMUSG00000103581	-0.1560177918516304	-0.255750698926272
ENSMUSG00000090762	-0.3282354754640152	-0.2505360925781916
ENSMUSG00000086740	-0.0008110635210037	0.0310634772472522
ENSMUSG00000031302	-0.4396184232834443	0.2298262077999642
ENSMUSG00000066829	-0.0844775453589486	0.4001900691179708
ENSMUSG00000020472	-0.017126962433633	0.3242293487445096
ENSMUSG00000100868	-0.4288961086041634	-0.2463594985460807
ENSMUSG00000102383	-0.2042723251329564	-0.4588059763297522
ENSMUSG00000086612	-0.1407800173733663	-0.1635254899738805
ENSMUSG00000022993	-0.1002646145045129	-0.139732804177682
ENSMUSG00000113154	-0.3987555103000111	-0.9304804912503606
ENSMUSG00000055116	-0.0393040946184114	0.4838319732967657
ENSMUSG00000111167	-0.3153391629753261	-0.3287608606718124
ENSMUSG00000001773	-0.6228263893119949	-0.2686864019971577
ENSMUSG00000086354	-0.1982794323753269	-0.1506183045045963
ENSMUSG00000022788	-0.296325751565401	0.3948735820464407
ENSMUSG00000069588	-0.3014841576428838	-0.085736726556771
ENSMUSG00000074220	-0.054271506843724	0.4846903863330764
ENSMUSG00000113895	-0.0468575511318206	-0.0270398903837308
ENSMUSG00000068606	-0.3098037427084686	-0.4277893997726607
ENSMUSG00000091721	-0.3697019241728501	-0.1996249945864399
ENSMUSG00000112805	-0.2737208423673261	0.1216482697528111
ENSMUSG00000010142	-0.2042217237117435	-0.2082828310603431
ENSMUSG00000073840	-0.3550756663760966	-0.1603236428608387
ENSMUSG00000028268	-0.4430520866453354	-0.2840745022756646
ENSMUSG00000103467	-0.0353177867204138	0.0047011508550713
ENSMUSG00000078721	-0.3086848831457509	-0.3739708344706479
ENSMUSG00000106864	-0.0679826872561004	0.4463305329235945
ENSMUSG00000027423	-0.0451560715390202	0.3799520353331418
ENSMUSG00000114898	-0.5191770054546038	-0.8058232347074054
ENSMUSG00000028109	-0.2741466585076513	0.1391811370483997
ENSMUSG00000091148	-0.1476536090622763	-0.2861913708101337
ENSMUSG00000020978	-0.0689788809134218	0.4950223155496697
ENSMUSG00000085205	-0.3629610097840769	-0.1357176363883923
ENSMUSG00000117093	-0.4472388523792343	-0.4617025633441828
ENSMUSG00000085053	-0.5542600814506171	-0.5715208238672069
ENSMUSG00000085982	-0.619516323968331	0.5286987274084941
ENSMUSG00000115242	-0.3791979129096556	-0.3488424030842193
ENSMUSG00000109729	-0.2903012153575899	-0.2379664560474272
ENSMUSG00000111732	-0.4341380197807921	-0.4793852161830723
ENSMUSG00000030050	-0.3618333389610985	-0.3456595934284442
ENSMUSG00000040987	-0.1762278661528319	0.457501912030187
ENSMUSG00000056091	-0.2082199754968909	0.4632776758897797
ENSMUSG00000102411	-0.1027430413090929	-0.0109080887488729
ENSMUSG00000095377	-0.0480721643599413	-0.4754712078903034
ENSMUSG00000101080	-2.0	-2.0
ENSMUSG00000081302	-0.6956443484984021	-0.5055504086610844
ENSMUSG00000028161	-0.2391393716731917	0.470011591983121
ENSMUSG00000046753	-0.0360152741892993	0.5096145704152167
ENSMUSG00000056426	-0.4772498857348679	-0.3319172632849237
ENSMUSG00000083099	-0.4829167428119059	-1.0350685584443482
ENSMUSG00000069296	-0.4026984895698431	-0.5229598211509427
ENSMUSG00000071494	-0.6878434698768306	-0.4687571733952091
ENSMUSG00000105784	-0.1976431238275979	-0.1284033656975555
ENSMUSG00000005357	-0.4781242425219305	-0.0850249573296963
ENSMUSG00000114061	-0.4931768720852269	-0.3752343632078004
ENSMUSG00000037772	-0.0430430612390682	0.3609083237850604
ENSMUSG00000001829	-0.0106234312065387	0.3934702580251148
ENSMUSG00000062209	-0.5968242084981588	-0.2679406147670961
ENSMUSG00000113675	-0.2601871435845845	-0.184912071972
ENSMUSG00000053536	0.0021467017301821	0.3228520762340957
ENSMUSG00000029330	-0.2353856083613628	-0.0566463806009514
ENSMUSG00000095048	-0.1514984266122393	-0.4517995748683056
ENSMUSG00000100859	-2.0	-2.0
ENSMUSG00000114752	-0.3946897811514497	-0.1106576158128326
ENSMUSG00000071074	-0.3188072615494656	0.11061731573778
ENSMUSG00000109129	-0.0074539045581433	0.2277052395451209
ENSMUSG00000032593	0.038634148152454	0.2972719011875384
ENSMUSG00000121225	-0.0949516412018394	0.4000262047568338
ENSMUSG00000108627	-0.3706709465445153	-0.389531692677562
ENSMUSG00000114452	-0.2729083972628656	-0.3761381661409815
ENSMUSG00000032081	-0.3085895946853074	-0.2868371914596709
ENSMUSG00000032224	-0.0532240998748802	0.3251526418131657
ENSMUSG00000055839	0.0055804628463647	0.1629077636412177
ENSMUSG00000005615	-0.0756457529079306	0.3835705128073439
ENSMUSG00000066607	-0.0835115198314194	0.1828997525744065
ENSMUSG00000021910	-0.0123826182941806	0.4039865295509914
ENSMUSG00000042761	-0.2226567093901544	-0.3526493097289091
ENSMUSG00000020309	-0.1618559194287975	0.4743267182228779
ENSMUSG00000020386	-0.4485131617544472	0.3461959349123772
ENSMUSG00000081303	-0.4865013984191196	-0.5778493051157128
ENSMUSG00000028391	-0.0960056683865929	0.4258213728720436
ENSMUSG00000020782	-0.0188766390560029	0.3543800764791875
ENSMUSG00000109900	-0.3852624059782406	-0.4395914149572929
ENSMUSG00000118334	-2.1080322520947004	-0.5852659139620126
ENSMUSG00000112161	-0.2961781607184859	-0.305317775462013
ENSMUSG00000020128	-0.0448643420197143	0.4885947077393522
ENSMUSG00000091048	-0.521882459251268	-0.7422221006246725
ENSMUSG00000107417	-0.4605287475348052	-0.2347497015785682
ENSMUSG00000090050	-0.1883638755031635	-0.1952141887652504
ENSMUSG00000051431	-0.4462768910989772	-0.4560163410610567
ENSMUSG00000114534	-0.3898527775054482	-0.2099274600224908
ENSMUSG00000031129	-0.4203160739743108	-0.4795657293969614
ENSMUSG00000121435	-2.0	-2.0
ENSMUSG00000054156	-0.3872924163256475	-0.4255362745423025
ENSMUSG00000121312	-0.2684400813045601	-0.104750764299515
ENSMUSG00000097248	-0.0639629360503044	-0.367655922591685
ENSMUSG00000026126	-0.1517810686377862	0.3440647589969313
ENSMUSG00000037833	-0.2117193209649173	0.2123873871945253
ENSMUSG00000020024	-0.2019125763042584	0.5097700955317396
ENSMUSG00000087199	-0.2317549391916823	-0.2022218573562012
ENSMUSG00000031807	0.017436294506885	0.2612942796409977
ENSMUSG00000006056	-0.1531513157071289	0.3179635192804482
ENSMUSG00000028736	-0.2400081037298272	-0.1282949399508968
ENSMUSG00000097071	-0.4604948394865944	-0.5848406467926351
ENSMUSG00000105912	-0.4611176196611177	-0.3728866197205958
ENSMUSG00000111412	-0.1864215464914821	-0.1912546941577793
ENSMUSG00000024241	-0.009243925630412	0.2704412481809258
ENSMUSG00000030064	-0.248050874770908	0.4692091549288361
ENSMUSG00000084871	-0.3812705433953755	-0.2651384298018125
ENSMUSG00000034701	-0.1888672881627319	-0.0288138033501356
ENSMUSG00000112404	-0.5548328015783206	-0.4027158335416851
ENSMUSG00000048833	-0.0357676260558849	0.3711269962176904
ENSMUSG00000021790	-0.3612067434925873	-0.2001391604346495
ENSMUSG00000024829	-0.03978140528095	0.4680748507260449
ENSMUSG00000099572	-2.0	-2.0
ENSMUSG00000105084	0.0023305007505838	-0.0474458306524358
ENSMUSG00000039828	-0.0607941514904393	0.3161551435442474
ENSMUSG00000027800	-0.3832867657650871	-0.3584576769070801
ENSMUSG00000050473	-0.1271821218259067	-0.0734694684417147
ENSMUSG00000108301	-0.3612490471642808	-0.4205708408428449
ENSMUSG00000026785	-0.1327463531612727	0.0395627454052245
ENSMUSG00000113328	0.0557243292724165	-0.0978125455056997
ENSMUSG00000025245	-0.1594056615609292	0.3988694459120156
ENSMUSG00000114014	-0.1233604286700952	-0.0500796972244227
ENSMUSG00000097232	-0.2348285983312399	0.4932045107516551
ENSMUSG00000120285	-0.5716074930244921	0.2463321185862841
ENSMUSG00000087428	-0.649545779523155	-0.6651080738165464
ENSMUSG00000085023	-0.0767727730323014	0.110895426785469
ENSMUSG00000027185	-0.0397535152248719	0.4216848560278393
ENSMUSG00000040152	-0.297401120904178	-0.1937749703008401
ENSMUSG00000102533	-0.3354266521541695	-0.2427728625963377
ENSMUSG00000107996	-1.0374100211205437	-0.4778062688343915
ENSMUSG00000059279	-0.3416853712365705	-0.5980534876613011
ENSMUSG00000105023	-0.0439049830266106	-0.0786669291206965
ENSMUSG00000100962	-0.4468619781799374	-0.5814421860355962
ENSMUSG00000023010	-0.0554295894870988	0.4492580333349023
ENSMUSG00000034729	-0.0160083016328666	0.3749619590226447
ENSMUSG00000108848	-0.4211818379926695	-0.7697509000458534
ENSMUSG00000079508	-0.3080491974083285	0.321277717007664
ENSMUSG00000105033	-0.3627336793882537	-0.3461419290874535
ENSMUSG00000040164	-0.2684017271717184	-0.2438928208348653
ENSMUSG00000118141	-0.3940501336991336	-0.4414356823788148
ENSMUSG00000078317	-0.1873808605809236	0.4509235888061678
ENSMUSG00000029705	-0.0565621736109887	0.4594615471545535
ENSMUSG00000110055	-0.4971060595727497	-0.8512548656912974
ENSMUSG00000046282	-0.2527787019339426	-0.6042686872605965
ENSMUSG00000097386	-0.2154389054285784	0.2193314196208423
ENSMUSG00000034724	-0.2126901731514475	0.4671097498360291
ENSMUSG00000061232	-0.16925932277682	0.2569023900881112
ENSMUSG00000036958	-0.6078861310723028	-1.1825282418961809
ENSMUSG00000018583	-0.0059254511665003	0.3763071727558848
ENSMUSG00000005374	-0.0552809977806114	0.4341701920137688
ENSMUSG00000029860	-0.1059118909431356	0.4097191341171366
ENSMUSG00000005677	-2.0	-2.0
ENSMUSG00000007653	-0.5804568455508736	-0.4126535014644977
ENSMUSG00000097357	-0.0818485182468513	0.016002756035197
ENSMUSG00000002949	-0.0865540767031734	0.4303424547346365
ENSMUSG00000111379	-0.3865626512540925	-0.1442181665397593
ENSMUSG00000064084	-0.637161790780796	-0.4514460111434922
ENSMUSG00000115623	-0.7073117991142205	-1.2149360915680882
ENSMUSG00000015721	-2.0	-2.0
ENSMUSG00000109807	0.2286426951616783	-0.2360312721855459
ENSMUSG00000079009	-0.0955822350966163	0.4125878770089672
ENSMUSG00000041530	-0.0230690879745544	0.4097999418029117
ENSMUSG00000105261	-0.1790914988828912	-0.1018392194691202
ENSMUSG00000049504	-0.0446967921402907	0.4749844894807435
ENSMUSG00000115772	-0.4948562647081432	-0.3887071647365526
ENSMUSG00000097654	-0.0752882892643115	-0.6198464870999258
ENSMUSG00000052684	-0.1323891066790611	0.4165323362385477
ENSMUSG00000103161	-0.4079058885989723	-0.6079861469118989
ENSMUSG00000030225	-0.1956857941941567	0.2392111093574948
ENSMUSG00000071769	-0.7877512256629738	-0.51497655995506
ENSMUSG00000116740	-0.670662620955362	-0.6597676503828692
ENSMUSG00000050853	-0.6406521873506458	-0.6713081837949372
ENSMUSG00000002458	-0.1319071542651798	0.3633829278644799
ENSMUSG00000026774	-0.4172141721397709	-0.1983460767243788
ENSMUSG00000103829	-2.0	-2.0
ENSMUSG00000030049	-0.2891802049320945	-0.3586653818996686
ENSMUSG00000002992	-0.2212183222885783	-0.0863699672262498
ENSMUSG00000097183	-0.3097899164160035	0.3041517493806365
ENSMUSG00000120093	-0.5435076450312347	-0.234246680422668
ENSMUSG00000102122	-2.0	-2.0
ENSMUSG00000047109	-0.1253026540962712	-0.4470450252499637
ENSMUSG00000113193	-0.3452014471084461	-0.1914970740107789
ENSMUSG00000042709	-0.0670041781997103	0.3973545326807794
ENSMUSG00000036646	-0.0521698100450232	0.3885459301619727
ENSMUSG00000101516	-2.0	-2.0
ENSMUSG00000103973	-0.1956699835274023	-0.1813910665743709
ENSMUSG00000114864	-0.4748784527784201	-0.326850391115828
ENSMUSG00000059874	-0.3559411163673134	-0.4400603554816906
ENSMUSG00000042305	-0.1031694421261719	0.5175426670394866
ENSMUSG00000034430	-0.0182255038103358	0.4454964724284754
ENSMUSG00000093765	-0.4601220756956832	-0.4593647493879259
ENSMUSG00000107227	-0.1151916130740695	-0.0262677889358422
ENSMUSG00000074212	-0.1976496958941731	0.3298077737717894
ENSMUSG00000037313	-0.0358238415846778	0.4659761800640006
ENSMUSG00000110214	-0.4552036963677338	-0.6903268736074543
ENSMUSG00000028813	-0.3627971596908593	-0.3133889312721112
ENSMUSG00000030304	-0.0777864497477813	0.5027495799806989
ENSMUSG00000114025	0.2876188848091829	-0.1194833151791476
ENSMUSG00000104027	-0.5478337919575428	-0.7613739363185655
ENSMUSG00000025825	-0.1344386277574045	0.308961179556398
ENSMUSG00000103586	-0.6061928489175143	-0.6675368970966811
ENSMUSG00000092560	-0.2655764980183532	-0.0004264258859647
ENSMUSG00000060257	0.0033760777491407	-0.0881018980418886
ENSMUSG00000053226	-0.0394828938497383	0.1055169971790047
ENSMUSG00000111769	-0.4469660114068615	0.4450316157601271
ENSMUSG00000030283	-0.049560757155583	0.3543843014606049
ENSMUSG00000030674	-0.0609906187565511	0.3692184557454241
ENSMUSG00000033368	-0.1802623859912813	-0.1595712417109068
ENSMUSG00000004609	-2.0	-2.0
ENSMUSG00000028282	-0.0332207685243942	0.44356680904698
ENSMUSG00000038831	-0.1182748893941462	0.1542050359543088
ENSMUSG00000006154	-0.0428224316950446	0.0202526954532671
ENSMUSG00000036469	-0.4655037897669339	-0.0345222826930671
ENSMUSG00000113434	-0.1378335444722525	-0.2248929408309182
ENSMUSG00000115245	-0.1783321705328625	-0.1526979955745172
ENSMUSG00000100526	-2.0	-2.0
ENSMUSG00000052724	0.4698700065472415	0.1118584192036126
ENSMUSG00000110879	-0.5874552563242235	-0.5850968463713068
ENSMUSG00000114460	-0.2520915624914982	-0.3378742432939878
ENSMUSG00000062844	-0.8530661035101793	-0.7458968373250104
ENSMUSG00000031831	-0.0540082132638355	0.4094383880826022
ENSMUSG00000102350	-2.0	-2.0
ENSMUSG00000116594	-0.0952387020714237	-0.0867742201692144
ENSMUSG00000024270	-0.0641476525399179	0.4313077848181292
ENSMUSG00000074420	-1.4744232164801874	-0.9533074384773872
ENSMUSG00000107503	-0.3265030130825497	-0.3631097101702598
ENSMUSG00000108419	-0.3657650349929512	-0.0568308915515023
ENSMUSG00000015647	-0.0114637839822408	0.2792771815053409
ENSMUSG00000079343	-0.255908952062889	-0.1400608888495203
ENSMUSG00000041000	-0.2332801319480936	0.0866465127827584
ENSMUSG00000110455	-0.4818489133565091	-0.6080206647659706
ENSMUSG00000096323	-0.2437157290995279	-0.1519888261903371
ENSMUSG00000109165	0.0161641316427009	0.0601915734310398
ENSMUSG00000062906	-0.1992661549758341	0.3100497826437097
ENSMUSG00000061298	-0.4474872818477503	-0.3314113356232398
ENSMUSG00000039789	-0.1261832952627365	0.4338031045665354
ENSMUSG00000044807	-0.0407743341094546	0.4613289177298385
ENSMUSG00000121334	-2.0	-2.0
ENSMUSG00000056290	-0.4578203971726738	-0.8436338723929863
ENSMUSG00000096405	-0.4675824890448248	-0.0272548729884005
ENSMUSG00000078941	-0.0700214505865999	0.4085421698172266
ENSMUSG00000103327	-2.0	-2.0
ENSMUSG00000075179	-0.6918122093849663	-0.718142301536291
ENSMUSG00000003072	-0.1222853861522331	-0.0382010680186379
ENSMUSG00000079006	-0.2958875928855858	-0.1266525390351715
ENSMUSG00000105287	-0.2719003748989085	-0.5859547280501523
ENSMUSG00000069874	-0.1507239823379323	0.0471934538822112
ENSMUSG00000055820	-0.5374602355814415	-0.5475119249557523
ENSMUSG00000029437	-0.2564472783029659	-0.1899232105443143
ENSMUSG00000002846	-0.0627665486512111	0.4661531892802031
ENSMUSG00000028617	-0.0971130931520293	0.4788558326562513
ENSMUSG00000016262	-0.3054177885746431	0.0079105439344276
ENSMUSG00000027298	0.0366751963497448	-0.2369333699388456
ENSMUSG00000028389	-0.126235911781683	0.5065399369138158
ENSMUSG00000032867	-0.0213995484836427	0.3607539251903217
ENSMUSG00000014767	-0.0025653827572155	0.1993157253466881
ENSMUSG00000039521	-0.1264010040901307	0.0604434581249408
ENSMUSG00000086908	-0.5806854327982871	-0.4388811017508394
ENSMUSG00000108778	-0.2993000029232483	-0.3458856889871122
ENSMUSG00000106909	-0.2807290543039762	-0.1989861636104455
ENSMUSG00000112148	-0.5106997855928246	-0.4464407525887743
ENSMUSG00000053856	-0.3208689424195242	-0.3073640246396027
ENSMUSG00000029231	-0.2516105380973206	-0.1267583574244102
ENSMUSG00000069581	-0.3041951745645985	-0.2128755145384299
ENSMUSG00000060538	-0.1390406482276945	-0.1579884511918931
ENSMUSG00000003970	-0.0266495120492555	0.1228519404752541
ENSMUSG00000109865	0.0008291447591898	0.416347883988091
ENSMUSG00000109482	-0.2702182375754079	0.2423451066773394
ENSMUSG00000058402	-0.1114595119218847	0.4461580035605396
ENSMUSG00000087341	-0.1565575400712929	0.2769665791102971
ENSMUSG00000087479	-0.2233041902574935	-0.1430655479233767
ENSMUSG00000010663	-0.1123373598869579	0.4739888557588939
ENSMUSG00000061983	0.0089141127838314	0.2198469095858074
ENSMUSG00000026213	-0.09215338044403	0.4508065570037071
ENSMUSG00000031394	-0.572177102487459	-0.8272918351763499
ENSMUSG00000052143	-0.228971509275904	-0.0522654152939112
ENSMUSG00000104500	-2.0	-2.0
ENSMUSG00000041498	-0.0081663372446147	-0.0250270855874779
ENSMUSG00000030344	-0.396230303841098	-0.5416232593169394
ENSMUSG00000087017	-0.4757493162428701	0.0309849519983504
ENSMUSG00000101913	-2.0	-2.0
ENSMUSG00000112478	-0.1499242963927975	-0.1279907710256698
ENSMUSG00000021779	-1.7561434204119784	-2.0
ENSMUSG00000028873	-0.0466731759067288	0.2790945025779121
ENSMUSG00000110112	-0.4720581119962321	-0.6173484142027759
ENSMUSG00000107497	-0.338726022206183	0.3922810974802341
ENSMUSG00000030421	-0.0166831056678583	0.4627982628550136
ENSMUSG00000042102	-0.3701856558307851	-0.3392289770931436
ENSMUSG00000060862	-0.029406101863927	0.5146441633019049
ENSMUSG00000042063	-0.0328912201624376	0.3835241834080751
ENSMUSG00000089715	-2.0	-2.0
ENSMUSG00000033774	-0.3797085849602232	-0.2624462317395256
ENSMUSG00000097633	-0.3079614617731573	-0.2764280938067307
ENSMUSG00000073403	-0.3819856435240427	-0.2198145230852712
ENSMUSG00000093383	-0.5877340466468003	-0.6255765251228199
ENSMUSG00000116964	-2.8504803733159645	-0.0596284700976668
ENSMUSG00000117120	-0.2428172226640969	0.3058266832054576
ENSMUSG00000032017	-0.2075223006927949	0.2593998602408769
ENSMUSG00000083027	-2.0	-2.0
ENSMUSG00000112420	-0.702700939390941	-0.4990125324570877
ENSMUSG00000029245	-0.5772299800921615	-0.452136205715348
ENSMUSG00000117670	-0.3221750423808324	-0.3164681201553797
ENSMUSG00000092164	-0.7493609538134006	-0.6023769682291987
ENSMUSG00000118155	-0.0245172740221421	-0.19113395957998
ENSMUSG00000113526	-0.6676151939168454	-0.5047000461274493
ENSMUSG00000035941	-0.0827675463680865	0.5472199798926219
ENSMUSG00000106862	-0.5388573082337994	-0.1529837791785514
ENSMUSG00000087639	-0.0500711194941151	0.104483014175315
ENSMUSG00000001095	-0.1180991763609901	0.2236210454403058
ENSMUSG00000021731	-0.0811737667900275	0.4913454425108909
ENSMUSG00000007867	-0.1518175360814115	0.2584745953264114
ENSMUSG00000113313	-0.3019932860456646	-0.1550426941980535
ENSMUSG00000037254	-0.3060937438167856	-0.7023129641773749
ENSMUSG00000101968	-0.3322626540114525	-0.3644862959415626
ENSMUSG00000109619	-0.3367922457837315	-0.3303464160243867
ENSMUSG00000006638	0.0534195957384283	0.1937555371836704
ENSMUSG00000007594	-0.0147104378348439	-0.0494629226155127
ENSMUSG00000114536	-0.1498962058558771	-0.3364387118986286
ENSMUSG00000028753	-0.2862536597201762	-0.4252651663557266
ENSMUSG00000026869	-0.0318700474573394	0.4990120274501372
ENSMUSG00000058207	-0.3470433127536504	-0.4672540522608094
ENSMUSG00000037725	-0.0912289771237549	0.4824276314416554
ENSMUSG00000029656	-0.3419406904189332	-0.2705644278655909
ENSMUSG00000049097	-2.0	-2.0
ENSMUSG00000107411	-0.0677109512248211	-0.0888743650368813
ENSMUSG00000052364	-0.5430596506621538	-0.1855205316098571
ENSMUSG00000086587	-0.4434464048584719	0.317755252463476
ENSMUSG00000113860	-0.3905614098652754	-0.1529791959691072
ENSMUSG00000121906	-0.3203326714397669	-0.2760574358822561
ENSMUSG00000121342	-2.0	-2.0
ENSMUSG00000110246	-0.5796837551068712	-0.3254204615083643
ENSMUSG00000072726	-0.144914022211105	-0.2033268864360105
ENSMUSG00000079652	-0.2647299793319426	-0.1761929392960314
ENSMUSG00000021665	-0.0298769314331193	0.4760698590121213
ENSMUSG00000039831	-0.125953506653276	0.2457842143607606
ENSMUSG00000042515	-0.314831550150194	0.2309894603084351
ENSMUSG00000121728	0.1288656262936695	-0.3675919103967811
ENSMUSG00000121755	-0.0829717938794845	-0.1676744238039791
ENSMUSG00000114575	-0.1121112941802685	0.1693881402389269
ENSMUSG00000041777	-0.0682214597179723	0.5350405598704088
ENSMUSG00000036928	-0.025483701831291	0.4036183869154699
ENSMUSG00000032307	-0.0746112689921998	0.4475338436298379
ENSMUSG00000105695	-0.0424354262506331	-0.4584177609293891
ENSMUSG00000121865	-0.1802886959304239	0.4537747210560007
ENSMUSG00000019235	-0.051734660744758	-0.0546223209365273
ENSMUSG00000121913	-0.3373625412172868	-0.0150501189997738
ENSMUSG00000063715	-0.5587943142865985	-0.5753391259654432
ENSMUSG00000041623	-0.0567640602543735	0.3446362746969134
ENSMUSG00000056698	-0.063873978046627	0.4000756471425372
ENSMUSG00000029138	0.0212466221583086	0.1879176086702566
ENSMUSG00000103116	-0.2411680130313383	-0.2495130504145304
ENSMUSG00000053391	-0.3365486253931745	-0.5259061426039064
ENSMUSG00000098120	-0.0589140265204141	0.333456947769592
ENSMUSG00000038375	-0.007471842525047	0.4311629771907881
ENSMUSG00000109321	-0.5928144778364426	-0.5244072822691055
ENSMUSG00000062203	-0.0293099156867134	0.499654921646364
ENSMUSG00000031641	-0.1733011692670113	0.5049908888308675
ENSMUSG00000056025	-0.2306783676375237	-0.2985910839196463
ENSMUSG00000033701	-0.1272551180620113	0.4355440131038391
ENSMUSG00000044393	-0.0250359187666993	0.350673960850643
ENSMUSG00000095550	-0.1914272882157213	-0.245483178482861
ENSMUSG00000100777	-0.549109164617475	-0.4873308096912144
ENSMUSG00000121405	-2.0	-2.0
ENSMUSG00000025977	-0.4076064826837773	0.1118115557013278
ENSMUSG00000072066	-0.0920769248173056	0.4402770070896558
ENSMUSG00000094595	-0.0819617956327262	0.256516663892399
ENSMUSG00000116056	-0.0477333860034747	-0.2899943975553643
ENSMUSG00000026155	-0.153640122032522	0.4040088000525899
ENSMUSG00000116011	-0.343339975485299	-0.1276522135559141
ENSMUSG00000111357	-0.4400158549339892	-0.5131397752164001
ENSMUSG00000004360	-0.2260847480484728	-0.1235110410084576
ENSMUSG00000049493	-0.3023782254076501	0.2676029916421573
ENSMUSG00000114945	-2.0	-2.0
ENSMUSG00000118138	-0.0506705060153435	0.0756594984225797
ENSMUSG00000042369	-0.0774472563976085	0.4506874936132708
ENSMUSG00000099432	-0.7475301906333248	-0.5274047228479098
ENSMUSG00000068776	-0.211794001064773	-0.1476951013689412
ENSMUSG00000115855	-0.3590670123389896	-0.1415588149807703
ENSMUSG00000027316	0.127108687551709	-0.3212779054230653
ENSMUSG00000101434	-2.0	-2.0
ENSMUSG00000121539	-2.0	-2.0
ENSMUSG00000074813	-0.2557442660735078	-0.3522017143517026
ENSMUSG00000087358	-0.6133906110581512	-0.7244385546427093
ENSMUSG00000080949	-0.2155768639921816	-0.4753435091048593
ENSMUSG00000070616	-0.8735287611792292	-0.9267734687553694
ENSMUSG00000086527	-0.1851386977339767	-0.222470670110278
ENSMUSG00000054920	-0.166172707452361	0.4991961624418212
ENSMUSG00000086487	-0.3573623900312544	-0.0877037423285616
ENSMUSG00000096508	-0.601579337070042	-0.6352951997134749
ENSMUSG00000097119	-0.075365771581489	0.3648019319226064
ENSMUSG00000111443	-0.3695926705394873	-0.312192911861185
ENSMUSG00000073197	-0.463812633700709	-0.0782162742462721
ENSMUSG00000109723	-0.5817189320239285	-0.4816192641888971
ENSMUSG00000071521	-0.4124687601031249	-0.4270951883147795
ENSMUSG00000086269	-0.2948505539561262	-0.5397792223739512
ENSMUSG00000087135	0.1305402505556673	0.3216133416078803
ENSMUSG00000079890	-0.3129423300294534	-0.5679583007552534
ENSMUSG00000104828	-0.3495939702318949	-0.5184991828021137
ENSMUSG00000040524	-0.0104401987241625	0.3939663308061131
ENSMUSG00000112954	-0.2892405571039986	-0.4578318877374353
ENSMUSG00000056553	-0.3985325732708952	0.0796535738872257
ENSMUSG00000017922	-0.4984818885260001	-0.6278294328998512
ENSMUSG00000015316	-0.4180744508138413	-0.3256902949258276
ENSMUSG00000087064	-0.0618485805822926	0.0132595920020818
ENSMUSG00000110814	-2.0	-2.0
ENSMUSG00000095061	-0.015280739416156	-0.1146030426221707
ENSMUSG00000059588	-0.4420829982590993	-0.1041529811355834
ENSMUSG00000118471	-0.131731721226765	-0.2811877065339667
ENSMUSG00000120440	-0.3031405755015904	0.2004069521777777
ENSMUSG00000054708	-0.0311725544298804	0.2491225021532007
ENSMUSG00000089704	-0.0083496752106139	0.3446826233230198
ENSMUSG00000025135	-0.1790183001766873	0.3505999644302535
ENSMUSG00000019214	-0.1730851642661229	0.2995103494287323
ENSMUSG00000050428	-0.0388458298654963	0.4630148567986721
ENSMUSG00000104213	-0.3557540791150206	-0.4227927677475195
ENSMUSG00000103664	-2.0	-2.0
ENSMUSG00000115289	-0.7514166473674316	-0.7603452206220868
ENSMUSG00000092148	-2.0	-2.0
ENSMUSG00000091382	-0.6117195023883297	-0.7093434790090293
ENSMUSG00000106002	-0.3782877265967952	-0.4829664978227812
ENSMUSG00000049232	-0.1545373057542889	0.3713822146426613
ENSMUSG00000121682	-0.4952027577207589	-0.3196184483706112
ENSMUSG00000005103	-0.0298792575546979	0.4379838145793055
ENSMUSG00000020484	-0.0401431863883562	0.1671908686915066
ENSMUSG00000117434	-0.1943447534710073	0.3263493812068829
ENSMUSG00000051606	-0.3122043016001762	-0.3518506680556916
ENSMUSG00000111256	-0.2177640806545724	-0.3768214433204829
ENSMUSG00000087026	0.031240369860591	0.2807526905006725
ENSMUSG00000016998	-0.1621327685620533	-0.2955376927072818
ENSMUSG00000110951	-0.1056195734388418	-0.0561755851895869
ENSMUSG00000091114	-0.2026909018770741	-0.1328250080680932
ENSMUSG00000074832	-0.0546989607685585	0.4210531424025459
ENSMUSG00000102303	-0.3556477068207555	-0.4716706624293857
ENSMUSG00000027750	-0.5311716668622515	-0.4718775767031676
ENSMUSG00000116954	-0.4024910742200531	-0.4990720049727264
ENSMUSG00000024247	-0.1855840478782755	0.2486410754317053
ENSMUSG00000111824	-0.2189309937980823	-0.0968295674063276
ENSMUSG00000035637	-0.0888472937530111	0.3666687076989292
ENSMUSG00000117423	-0.2144675889478887	-0.2972509254415568
ENSMUSG00000002249	-0.1156990051501954	0.3353784566500156
ENSMUSG00000024112	-0.1480772610023601	0.2239053813059524
ENSMUSG00000105850	-0.2298267539924479	-0.3683062791895536
ENSMUSG00000030319	-0.0247135321201687	0.2893253530145216
ENSMUSG00000109346	-0.4073669733326628	-0.53306452828649
ENSMUSG00000102705	-0.0864789183874449	-0.2294104109371158
ENSMUSG00000047126	-0.0255959040376396	0.5177473261242473
ENSMUSG00000026650	-0.3326525981645218	-0.3285564604449918
ENSMUSG00000040506	-0.0119598309107362	0.4350948481633799
ENSMUSG00000101880	-0.3445576654038054	-0.1198272360624232
ENSMUSG00000108228	-0.4506371830628639	-0.3052226966320484
ENSMUSG00000003269	-0.0632838350065428	0.3715436622151216
ENSMUSG00000110774	-0.0451442174123725	-0.0715084905791725
ENSMUSG00000034108	-0.0325806464074829	0.3579386565844635
ENSMUSG00000048153	-0.7114936730709107	-0.5010521216065829
ENSMUSG00000038775	-0.0654820564415455	0.2415901070710979
ENSMUSG00000033282	-0.231334820928674	0.4546268961606826
ENSMUSG00000039485	-0.0097031556879768	0.3435964520051425
ENSMUSG00000002233	0.0167257164751564	0.1240253240255507
ENSMUSG00000035780	-0.6417844380729936	-0.6018057776392572
ENSMUSG00000053684	-0.0961310448516856	-2.0
ENSMUSG00000075085	-0.4700109664897279	-0.8264751721846955
ENSMUSG00000035399	-0.0178447752709393	-0.0035721302490312
ENSMUSG00000030209	-0.381322580151495	-0.1676110457765894
ENSMUSG00000041609	-0.1564338715238482	0.3071291930007341
ENSMUSG00000027263	-0.0554177476462069	0.4205501433425624
ENSMUSG00000027427	-0.0306777599692691	0.4258721995960871
ENSMUSG00000046032	-0.1979273196057293	0.4910777685865466
ENSMUSG00000026447	-0.0454557125132999	0.3330371714263772
ENSMUSG00000107634	-0.0122004289161752	0.3086685463866809
ENSMUSG00000086813	-0.0581699697466852	0.1932487442876056
ENSMUSG00000055170	-0.5666491143419029	-2.0
ENSMUSG00000108291	-0.1502148763016892	-0.2282051948350489
ENSMUSG00000117782	-2.0	-2.0
ENSMUSG00000021747	-0.2490658504750336	0.5321801194536924
ENSMUSG00000113959	-2.0	-2.0
ENSMUSG00000029280	-0.4513973569288972	-0.4155405645896781
ENSMUSG00000001999	-0.1029736399109395	0.4990384552067562
ENSMUSG00000012705	-0.319568752884528	-0.2607484716161858
ENSMUSG00000053062	-0.0028255715656896	0.2273348772797766
ENSMUSG00000072259	-0.3219325379196384	-0.1681272835282615
ENSMUSG00000073257	-2.0	-2.0
ENSMUSG00000116588	-0.6146753405955988	-0.4725226057931157
ENSMUSG00000117076	-0.439502275500494	-0.3237714715526822
ENSMUSG00000026005	-0.0384065513343142	0.4192331951001872
ENSMUSG00000113381	-2.0	-2.0
ENSMUSG00000102419	-0.3742216014505417	-0.466281818819065
ENSMUSG00000051817	-0.0261157470386622	0.3131105518678468
ENSMUSG00000075188	-0.637801341949292	-0.6478355875204431
ENSMUSG00000117926	-0.4048601781202628	-0.3427301137581352
ENSMUSG00000121740	-0.4764540831066936	-0.3647246036561181
ENSMUSG00000097430	-0.4326566792478931	-0.2566341877669612
ENSMUSG00000032400	-0.0414361167780325	0.2415639117912992
ENSMUSG00000109579	-0.428878619686446	-0.3685536130513462
ENSMUSG00000086470	-0.3602488311420896	-0.2728195035800126
ENSMUSG00000030763	-0.025612764509742	0.3616500336896354
ENSMUSG00000052139	-0.1339692954530672	0.5064262840232711
ENSMUSG00000089679	-0.1170745935160339	-0.1304851421566405
ENSMUSG00000039046	-0.0750437424469295	0.5417736345741105
ENSMUSG00000049618	-0.3788292664243597	-0.4553228816614263
ENSMUSG00000048745	-0.7635305582347983	-0.5395487934685157
ENSMUSG00000053137	-0.1398320305377019	0.0914273438134729
ENSMUSG00000083384	-0.7689395118581366	-1.0475030939363057
ENSMUSG00000106820	-0.2767890467211966	0.0964728580723918
ENSMUSG00000029826	-0.0779228872310379	0.4657768098255117
ENSMUSG00000014551	-0.0230924459530521	0.263182366708323
ENSMUSG00000010601	-0.1566505949131603	-0.032550780844658
ENSMUSG00000094741	-0.6138243340579692	-1.0380977938716227
ENSMUSG00000092624	-0.3173351648716714	-0.3204282103957517
ENSMUSG00000115931	-0.1805566218516406	-0.1152990926319132
ENSMUSG00000020142	-0.0390416403897573	0.4290128659471634
ENSMUSG00000036412	-0.2451457918668771	-0.0850379515693682
ENSMUSG00000099343	-0.0624693702019705	-0.1005360497958476
ENSMUSG00000036285	-0.0785859411833007	0.5008013489889466
ENSMUSG00000078616	-0.502077340953891	-0.3819347411462818
ENSMUSG00000004562	-0.088917426776225	0.1610090368286167
ENSMUSG00000024039	-0.0256880457504518	0.3852300796052502
ENSMUSG00000090121	-0.3846472245997322	-0.435343189750722
ENSMUSG00000066640	-0.0309948112413167	0.2736257436913821
ENSMUSG00000099785	-2.0	-2.0
ENSMUSG00000070425	-0.0605353620984019	0.4972722459404785
ENSMUSG00000097139	-0.3042933542037761	-0.3197854530838206
ENSMUSG00000106682	0.124824936545582	-0.1122806636996036
ENSMUSG00000029528	-0.0250636156288614	0.398700226847498
ENSMUSG00000115432	-0.3895106078209581	-0.3225799436018805
ENSMUSG00000022223	0.133079398947152	0.2922024459720752
ENSMUSG00000034575	-0.0674547043892533	0.4626638844219628
ENSMUSG00000039483	0.0845169381735834	-0.5388179301464778
ENSMUSG00000022766	-0.0305127983732171	-0.1412570124527669
ENSMUSG00000093895	-2.0	-2.0
ENSMUSG00000029213	-0.0786277865351348	0.4858227500400686
ENSMUSG00000027612	-0.2406302969323371	-0.2098331040509232
ENSMUSG00000114959	-0.2197940486151663	-0.17734492060877
ENSMUSG00000043251	-0.1422752474462067	0.0101150028147088
ENSMUSG00000051736	-0.2783077399788956	0.4706826850704068
ENSMUSG00000021974	-0.6255073949534223	-0.3222521981302647
ENSMUSG00000073164	-0.4063371908668504	0.4503476604232397
ENSMUSG00000022149	-0.4423677008052252	-0.3418469796215569
ENSMUSG00000025375	-0.1505648609733198	-0.0352904644723292
ENSMUSG00000121597	-0.1327527204948641	-2.0
ENSMUSG00000031504	-0.2683218067531421	0.0637126847943631
ENSMUSG00000051615	-0.0965475284319254	0.46817653342297
ENSMUSG00000024242	-0.0155718881445304	0.4343315739046196
ENSMUSG00000105347	-0.5728350239852917	-0.4269124886764754
ENSMUSG00000037336	-0.1598388063572479	0.2159588700447172
ENSMUSG00000085504	-0.4925608192463474	-0.6347464476346636
ENSMUSG00000087033	-0.2746337005363678	-0.2060413762438433
ENSMUSG00000099137	-0.0068576900994744	-0.1248367183412947
ENSMUSG00000054855	-0.1414114360100677	0.4632322395920192
ENSMUSG00000027363	-0.0293450420821065	0.5188646555287099
ENSMUSG00000040972	-0.0204403356070582	-0.0092643334343129
ENSMUSG00000075408	-0.3037837965349991	0.0905705196289751
ENSMUSG00000029718	-0.0209266954624513	0.0880129088635208
ENSMUSG00000031258	-0.4091496977841071	-0.6956982245308998
ENSMUSG00000096332	-2.0	-2.0
ENSMUSG00000041620	-1.4392397430441142	-2.0
ENSMUSG00000106902	-0.3281104685674633	-0.3561201484174104
ENSMUSG00000114691	-0.645654877216392	-0.3324831684907623
ENSMUSG00000022205	0.0144816437193439	0.1818046139806964
ENSMUSG00000027879	-0.0706254256808985	0.4657717575276745
ENSMUSG00000085505	-0.0393010518642958	0.2684431699181069
ENSMUSG00000099724	-0.5016092125465295	-0.5451702872280945
ENSMUSG00000050271	-0.2298805761169099	0.249007470547616
ENSMUSG00000097080	-0.0251623633353438	0.4428032528250443
ENSMUSG00000071713	-0.1606256677435321	-0.1073180494598049
ENSMUSG00000114493	-0.2969995676203434	-0.1680808507148387
ENSMUSG00000020159	0.0005139872536463	0.0744670367052309
ENSMUSG00000067873	-0.2477296190797413	0.5064211418797382
ENSMUSG00000110155	-0.7171889863227802	-0.4462082090422179
ENSMUSG00000094540	-0.9847752489923376	-0.6901638470196623
ENSMUSG00000056370	-0.0129493323164632	-0.1358535945887645
ENSMUSG00000041696	-0.6268343400902422	-2.0
ENSMUSG00000038784	-0.0291015389158332	0.5641573934257998
ENSMUSG00000119996	-0.2694644866059444	0.2358503115167332
ENSMUSG00000060098	-0.0302949028162373	0.4472948125621074
ENSMUSG00000073489	-0.6169101166079436	-0.489923046783511
ENSMUSG00000036180	-0.0184606266017201	0.4590316321884869
ENSMUSG00000027474	-0.1980331016161919	-0.1979249904990363
ENSMUSG00000040485	-0.3405824318614862	-0.3940669204805993
ENSMUSG00000019828	-0.4917863199785413	-0.352646570739942
ENSMUSG00000111722	-0.1272811994370402	0.2361375468305472
ENSMUSG00000031772	-0.3773705383581233	-0.3996048061520869
ENSMUSG00000099494	-2.0	-2.0
ENSMUSG00000051373	-0.1297252316579242	-0.0780420063218634
ENSMUSG00000014349	-0.0549390156676748	0.4089945745929506
ENSMUSG00000040498	-0.0958893184688844	-0.044548747254248
ENSMUSG00000086080	-0.3501050096005566	-0.4775878767802475
ENSMUSG00000116556	-0.5724544959448173	-0.6044538413771531
ENSMUSG00000055762	0.0193676513391459	0.2351874423966555
ENSMUSG00000028518	-0.248117307507746	0.4835467894532892
ENSMUSG00000109528	-0.4472660972532735	-0.5901929586587279
ENSMUSG00000074589	-0.5259290885862394	-0.582269302059363
ENSMUSG00000024587	-0.047945370372343	0.4166275282287882
ENSMUSG00000074037	-0.3479014796892746	-0.1841975922818735
ENSMUSG00000079702	-0.642005727294215	-0.5768668278119822
ENSMUSG00000110498	-0.2725583005327553	0.1452184777853898
ENSMUSG00000102286	-0.5059361718767218	-0.6110877595944467
ENSMUSG00000111733	-0.3151691749017724	-0.7772424938634139
ENSMUSG00000020898	-0.0651970434036394	0.3576478892843563
ENSMUSG00000098800	-0.2243930467495497	-0.0726164953882513
ENSMUSG00000075119	-0.5627262498485671	-0.6512468454194834
ENSMUSG00000105517	-0.3486240868970498	-0.3716435666114011
ENSMUSG00000016921	-0.116749664384155	0.4197648151100392
ENSMUSG00000097637	-0.1360943865814025	0.1729600265952247
ENSMUSG00000055546	-0.4089719197890255	-0.6614764947473939
ENSMUSG00000002791	-0.0980790772224564	0.1342903537502801
ENSMUSG00000038173	-0.3622597728400745	-0.1867950290209696
ENSMUSG00000041420	-0.1910605909378567	0.0152014354391435
ENSMUSG00000117805	-2.0	-0.4396655126123206
ENSMUSG00000079049	-0.3078492142518778	-0.2644373462434979
ENSMUSG00000117210	-0.5689477527674569	-0.3124230639339762
ENSMUSG00000086861	-0.2379014828278235	-0.3914810264397484
ENSMUSG00000117778	-0.4663217227545829	-0.5839452699035329
ENSMUSG00000101399	-2.0	-2.0
ENSMUSG00000000563	-0.0681378236160543	0.3660922071253439
ENSMUSG00000042763	-0.017285470040769	0.3155748945510279
ENSMUSG00000115768	-0.2125634725585795	-0.2771943676887219
ENSMUSG00000115047	-0.7526223952855623	-0.3951900946331181
ENSMUSG00000024088	-0.3321088643023167	-0.2514205089160657
ENSMUSG00000121352	-1.518426959403966	-0.9533074384773872
ENSMUSG00000109334	-1.3511249967598356	-0.5657421749723658
ENSMUSG00000093531	-0.5953704155569228	-0.7333845246117475
ENSMUSG00000037300	-0.0190846132942571	0.4390262106962631
ENSMUSG00000103672	-0.1584747282909145	-0.0939210842486716
ENSMUSG00000113737	-0.384514144821567	-0.3918772344971095
ENSMUSG00000035427	-0.6868046001990843	-0.5336775611664824
ENSMUSG00000107598	-0.5288887934108857	-0.5206752335414527
ENSMUSG00000018740	0.1459083512010602	0.1783507092919919
ENSMUSG00000095640	-0.4568299869804383	-0.7732306885539526
ENSMUSG00000059552	-0.0482957689650678	0.2513222992744247
ENSMUSG00000082988	-0.3918408113352847	-0.2956205518735977
ENSMUSG00000114512	-0.3708920650499577	-0.4135162407752401
ENSMUSG00000094556	-1.449360790795696	-2.0
ENSMUSG00000074165	-0.0886546461101941	0.3945073650163969
ENSMUSG00000000440	-0.4188475637469428	-0.3036425626695871
ENSMUSG00000120236	-0.5623695980410534	-0.6043999390987305
ENSMUSG00000031574	0.0822250922150838	-0.0563113315833084
ENSMUSG00000086070	-0.6192253372965718	-0.5086996160625666
ENSMUSG00000024883	-0.1070154492892833	0.2572916165047727
ENSMUSG00000121816	-0.3986336963753077	-0.4302806885680503
ENSMUSG00000113302	-0.3202967135505882	-0.3675301549627155
ENSMUSG00000120556	-0.3113728696678129	-0.4301445598000627
ENSMUSG00000109297	-0.3824867810160253	-0.342982029987774
ENSMUSG00000117465	0.0268564750354718	-0.3442653001989113
ENSMUSG00000023046	-0.3019549849565874	0.045972057194838
ENSMUSG00000019997	-0.0112222566264971	0.4206912791989425
ENSMUSG00000096120	-2.0	-2.0
ENSMUSG00000043831	-0.0359258215433153	0.305482068117215
ENSMUSG00000075588	-0.0234374842572508	-0.2193165368244069
ENSMUSG00000074378	-0.5335006336533925	-0.473564076991373
ENSMUSG00000078899	-2.0	-2.0
ENSMUSG00000104029	-0.4744711272564003	-0.4190077765798268
ENSMUSG00000047674	-0.4427577865240045	-0.5066596636408358
ENSMUSG00000102789	-0.494973813248573	-0.0843379786263688
ENSMUSG00000089924	-0.5818664914738599	-0.6525966390268526
ENSMUSG00000072683	-0.0993579598287347	0.0408521655615903
ENSMUSG00000025777	-0.5468473963270007	-0.1005784549900197
ENSMUSG00000073293	-0.6425375717643318	0.1997222749100442
ENSMUSG00000038412	-0.1623664934256864	0.4724984280837647
ENSMUSG00000081402	-0.1759641596609172	-0.0482914976597464
ENSMUSG00000075069	-0.6065297419748852	-0.7329507364305485
ENSMUSG00000106054	-0.4986328677537653	-0.6981125985048184
ENSMUSG00000046262	-0.3368188431702158	-0.4391721648322602
ENSMUSG00000017307	-0.0874939641528653	0.4893314623511496
ENSMUSG00000022969	-0.1658044502017391	0.3512457100046426
ENSMUSG00000023031	-2.0	-2.0
ENSMUSG00000024847	-0.0684518217220604	0.2415798482714162
ENSMUSG00000038756	-0.176028247497735	0.0551183650368207
ENSMUSG00000035934	-0.2639537838950373	0.0094134989690543
ENSMUSG00000110703	-0.5269126186492714	-0.4932780098495365
ENSMUSG00000069295	-0.4553436990804191	-0.6264392483754682
ENSMUSG00000113429	-0.6008058243389068	-0.1542630370467652
ENSMUSG00000090105	-0.3456491975196123	0.525971005015309
ENSMUSG00000047286	-0.2922392870676769	-0.2498011985020196
ENSMUSG00000102329	-0.2085815192820273	-0.219194650968952
ENSMUSG00000086366	-0.3313004980040923	-0.2978875628587991
ENSMUSG00000110863	-0.054203208348609	0.4029010869552064
ENSMUSG00000030213	-0.0389089052277595	0.1501507677402862
ENSMUSG00000096183	-0.0244071877020196	0.1441231789278367
ENSMUSG00000118528	-0.0863085087854276	0.5307622510914625
ENSMUSG00000047789	-0.0653836992451994	0.3570558450950025
ENSMUSG00000024048	-0.1942243794982602	0.4867848545575359
ENSMUSG00000025094	-0.0978732598638579	-0.3468145098331624
ENSMUSG00000067780	-0.5370682079703254	-0.3856563350026685
ENSMUSG00000106443	-0.2121037493669404	-0.1167996726335454
ENSMUSG00000021488	-0.0027378048782339	0.1819887094829232
ENSMUSG00000017686	-0.018920457806155	0.5022293207305565
ENSMUSG00000095044	-2.0	-2.0
ENSMUSG00000079564	-0.1055180064840278	-0.1514317031370233
ENSMUSG00000109402	-0.3538775288418049	-0.3197237867906086
ENSMUSG00000020184	-0.0518646214386452	0.4547653082600211
ENSMUSG00000092523	-2.0	-2.0
ENSMUSG00000095226	-2.0	-2.0
ENSMUSG00000118168	-0.3334133239840959	-0.332262280669521
ENSMUSG00000053390	-0.029576315307146	0.3458765543252998
ENSMUSG00000041961	-0.051691120866681	0.4861847105892451
ENSMUSG00000042700	-0.0615881613683806	0.3686364117179092
ENSMUSG00000051427	-0.1044092941030695	0.3573664637595328
ENSMUSG00000073997	-0.300676849408084	-0.5405816061412279
ENSMUSG00000061397	-0.1871560023833764	-0.1916187197756393
ENSMUSG00000019891	-0.2414635486923221	-2.0
ENSMUSG00000042282	-0.6581762292262693	-0.9633889078831588
ENSMUSG00000042766	-0.0899997414870688	0.1083260960566521
ENSMUSG00000024037	-0.0102780326180158	0.4399311339369959
ENSMUSG00000113697	-0.6929611746000817	-0.3939139695340976
ENSMUSG00000035704	-0.1497557804186109	0.5669296101069361
ENSMUSG00000121390	-0.5006891023176004	-0.5518248331777188
ENSMUSG00000101780	-0.4926577626013306	-2.0
ENSMUSG00000108414	0.1197275488019517	0.1874169289742528
ENSMUSG00000037971	-0.2622925542802505	0.453495080283711
ENSMUSG00000061273	-0.2394244848961924	0.4643878921482943
ENSMUSG00000066233	-0.3471145848645097	0.2167387402452205
ENSMUSG00000016356	-0.0713520433319794	0.0582285729955895
ENSMUSG00000072944	-0.4845450286954878	0.257081381457404
ENSMUSG00000105765	-0.5699828327264763	-0.4938785066362545
ENSMUSG00000072662	-0.0096392978186683	-0.2329151116020856
ENSMUSG00000102558	-0.174352831322222	-0.2885536973310457
ENSMUSG00000106802	-0.3067140750371754	0.1127028408129059
ENSMUSG00000112781	-0.4282930311206995	-0.319458721460396
ENSMUSG00000020715	-0.1226438604631795	0.5021566259935467
ENSMUSG00000085678	-0.1800563027654642	-0.1703350443912408
ENSMUSG00000070495	-0.2292453106693009	0.0289917616595717
ENSMUSG00000071793	-2.0	-2.0
ENSMUSG00000071361	-0.6088665044771672	-0.732413331310489
ENSMUSG00000036766	-0.3020082592079203	-0.1473922986466155
ENSMUSG00000075166	-0.5387346501945051	-0.770215955674586
ENSMUSG00000112965	-0.3382995453584522	-0.3875967943847151
ENSMUSG00000114018	-0.3332544488678919	-0.2299103654751449
ENSMUSG00000041298	-0.1189067207214301	0.4578346816663833
ENSMUSG00000037112	-0.1172798174656959	0.4884999518409306
ENSMUSG00000003528	-0.2722153135147085	0.2298067128186932
ENSMUSG00000042115	-0.1168758326206314	0.0789147246191669
ENSMUSG00000092227	-2.0	-2.0
ENSMUSG00000106004	-2.0	-2.0
ENSMUSG00000032310	-0.3896190460034321	-0.1396437833938901
ENSMUSG00000111753	-0.4941372781740668	-0.5662077720935869
ENSMUSG00000034613	-0.2697322401154065	0.4122205691396567
ENSMUSG00000052911	-0.090094429524137	0.2933453151990109
ENSMUSG00000110176	-0.2922718035247312	-0.3532865744261568
ENSMUSG00000085639	-0.0717168330993521	-0.3506016571383351
ENSMUSG00000043998	-0.4824689402314014	0.2952045601748718
ENSMUSG00000103799	-0.3648284139729139	-0.4786270422021163
ENSMUSG00000101823	-0.1553435516931934	-0.1860895796120111
ENSMUSG00000021252	-0.0789676951617754	0.4420436878680604
ENSMUSG00000116925	0.0043910273116359	-0.2102475780581087
ENSMUSG00000100892	-2.0	-2.0
ENSMUSG00000086720	-0.4290134191497421	-0.5982308100944418
ENSMUSG00000106715	-0.0356076968378179	0.1689034798344963
ENSMUSG00000052736	-1.1962535876436238	-0.9959840296956672
ENSMUSG00000036196	-0.2014429899767594	-0.1813442488481643
ENSMUSG00000026792	-0.0428853203088318	0.1675524400843079
ENSMUSG00000044863	-0.2026222025417511	-0.0416407468241099
ENSMUSG00000106623	-0.0035110063151157	-0.012182026588691
ENSMUSG00000028639	-0.0399113603844777	0.3268485173736066
ENSMUSG00000081814	-0.6612471716517734	-0.6276002512393577
ENSMUSG00000118031	-0.3768162723367273	-0.6727431828056852
ENSMUSG00000085486	0.0576630615560422	-0.2433927949756574
ENSMUSG00000039634	-0.1945884566508426	0.4987325105490924
ENSMUSG00000067941	-0.4366100548135581	-0.4551732238822775
ENSMUSG00000032323	-0.1966098090978492	-0.1124221930047649
ENSMUSG00000056121	-0.1243340408038314	0.4449792414687751
ENSMUSG00000099730	-2.0	-2.0
ENSMUSG00000023073	-0.4475736936667051	-0.5252498237409816
ENSMUSG00000117262	0.026882194121203	0.1186471205232342
ENSMUSG00000079421	-0.3640462230035926	-0.4471219620775939
ENSMUSG00000084369	-2.0	-2.0
ENSMUSG00000100846	-0.1132767357378354	-0.399173657165836
ENSMUSG00000091422	-0.3650363103812907	-0.5588747686101929
ENSMUSG00000058709	-0.0547618194657254	0.3515331003373594
ENSMUSG00000095620	-0.5338738326284104	-0.1680353181212256
ENSMUSG00000121829	0.1164862042151655	-0.1349668928323042
ENSMUSG00000075210	-0.5793128091387143	-0.8589084712812436
ENSMUSG00000022706	-0.4164963064263011	0.46800951294241
ENSMUSG00000054622	-0.2155818581436772	-0.2593155780151417
ENSMUSG00000094673	-0.6259257915007735	-0.3896448016544325
ENSMUSG00000096679	-0.6309382145401219	-0.4980552693246902
ENSMUSG00000107427	-0.4025196016729619	-0.4006025616213199
ENSMUSG00000112741	-0.4281312189313289	-0.5618299275275241
ENSMUSG00000031711	-0.1625777364412605	0.5088202287594518
ENSMUSG00000024725	-0.228417516105998	0.4720847477601808
ENSMUSG00000085796	-0.3480046550642297	-0.5749490215405013
ENSMUSG00000100278	-2.0	-2.0
ENSMUSG00000086693	-0.0657126873901364	0.4198206503360672
ENSMUSG00000097081	-2.0	-2.0
ENSMUSG00000032932	-0.1362038384167655	0.5039932158209454
ENSMUSG00000054383	-0.0564928214781161	0.179985753866549
ENSMUSG00000022507	-0.0317169663098473	0.4860329848580716
ENSMUSG00000036892	-0.2799704252530824	-0.0563439645001902
ENSMUSG00000024515	-0.035981585745248	0.521822996079463
ENSMUSG00000028030	-0.100436759227283	0.4415000127014973
ENSMUSG00000037525	-0.0218637824456578	0.3684222669605106
ENSMUSG00000086748	-0.0142361917353468	0.0815128555203655
ENSMUSG00000041556	-0.1905243244275976	0.2503394795753604
ENSMUSG00000019039	-0.0903402231401412	-0.0259341599467919
ENSMUSG00000023921	-0.1314921595904412	0.4874791699715607
ENSMUSG00000038984	-0.0421676276560991	0.3783393853647095
ENSMUSG00000114662	-0.0213898765148913	0.1811086659318605
ENSMUSG00000023387	-0.3131761131599856	-0.2535453154118071
ENSMUSG00000055732	-0.1389094294549098	-0.2207609026463383
ENSMUSG00000110539	-0.3369760084940895	-0.0288158453316778
ENSMUSG00000059014	-0.397422421052686	-0.4192440102888681
ENSMUSG00000014426	-0.02652992785161	0.5157326750639125
ENSMUSG00000114731	-0.5007512812036816	-0.6909347826977715
ENSMUSG00000038520	-0.0803761907252854	0.2431745197934132
ENSMUSG00000048356	-0.7798374977471281	-0.427290556934806
ENSMUSG00000020826	-0.2787197620451457	-0.2984384042140655
ENSMUSG00000018599	-2.0	-2.0
ENSMUSG00000026582	-0.4192355491661051	-0.423098230226556
ENSMUSG00000107695	-0.2955575397261284	-0.3568759323569593
ENSMUSG00000097709	-0.3289199525008924	0.1312778307899985
ENSMUSG00000034429	-0.1670900610429229	0.4576257842058128
ENSMUSG00000103258	-0.2799828375513102	-0.3421174790672801
ENSMUSG00000121264	-0.3216854320988803	-0.2880975064747867
ENSMUSG00000040264	-0.1829815114229957	-0.37219537943992
ENSMUSG00000030325	-0.6018501909180046	-0.9260878179945806
ENSMUSG00000029630	-0.4856682529833593	-0.7493194503758464
ENSMUSG00000102574	-0.4283095649691935	-0.7320351060167399
ENSMUSG00000035473	-0.1554080216606656	0.4586846747757463
ENSMUSG00000099982	-2.0	-2.0
ENSMUSG00000086430	-0.0900797867965696	-0.1451779707047139
ENSMUSG00000095957	-0.8319682921282184	-0.6464549716522728
ENSMUSG00000054400	-0.0806462442957811	0.2753003876036934
ENSMUSG00000095483	-0.4113310310122251	-0.5917236640482904
ENSMUSG00000021211	-0.4503433343853362	-0.3826517332850275
ENSMUSG00000111511	-0.3554308463772167	-0.5744977332742446
ENSMUSG00000057841	0.0777297271600571	0.121364811042051
ENSMUSG00000028339	-0.3614079222716267	-0.2651181181004858
ENSMUSG00000027649	-0.3046008122709698	-2.0
ENSMUSG00000038816	-0.0836656699901698	0.2628737871099272
ENSMUSG00000018661	-0.0386652987835149	0.4480499003127439
ENSMUSG00000038502	0.0296532002057287	0.2375527858503342
ENSMUSG00000047544	-0.5096513087603048	-0.7888597476684996
ENSMUSG00000064267	-0.0256076049515061	0.1807158164662942
ENSMUSG00000120871	-0.4463880674109118	-0.3599895060425983
ENSMUSG00000112576	-0.2691068238814236	-0.3119632201700728
ENSMUSG00000078853	-0.2283828323211094	0.0430350779913847
ENSMUSG00000103493	-0.1600042504415744	0.0600175425316004
ENSMUSG00000019761	0.2691382620204415	-0.1238101122399932
ENSMUSG00000051050	-0.3033494043398018	-0.7314757566630669
ENSMUSG00000095650	-2.0	-2.0
ENSMUSG00000048764	-0.3904999293549186	-0.5276768914706099
ENSMUSG00000104621	-0.2679134110641157	-0.1437651210917695
ENSMUSG00000078622	-0.0769576278813486	0.4917571420048585
ENSMUSG00000022956	-0.1247758198799572	0.2891477457085892
ENSMUSG00000086873	-0.1605506132362847	0.3385118725809603
ENSMUSG00000067889	-0.0217424037742099	-0.0402425646715817
ENSMUSG00000032112	-2.0	-2.0
ENSMUSG00000085109	-0.4419695539850096	-0.5947553001982339
ENSMUSG00000092520	-2.0	-2.0
ENSMUSG00000106087	0.0426625988481346	-0.1252686941025476
ENSMUSG00000095041	-0.1793565866655334	0.4946937865418311
ENSMUSG00000109633	-0.4286844234422374	-0.3867437607719893
ENSMUSG00000112477	-0.346920690291441	-0.3841846530994844
ENSMUSG00000024661	0.1911971826499419	-0.6846166633327233
ENSMUSG00000116308	0.0204831000822057	0.1491326763723764
ENSMUSG00000109992	-0.4028153003253591	-0.3503312913398521
ENSMUSG00000031538	-0.2696068262481628	0.0770516092132379
ENSMUSG00000086145	-0.1760295501941136	-0.239824290067144
ENSMUSG00000046958	-0.3682071092931885	-0.2163616499102081
ENSMUSG00000108447	-0.0412641530134007	-0.0580628296213144
ENSMUSG00000114207	-0.4053544611462337	-0.2839849639788541
ENSMUSG00000068452	-0.3301918170005182	-0.3012499780938705
ENSMUSG00000022828	-0.0521721607413792	0.4696809577801298
ENSMUSG00000084950	-0.0813148340403564	0.5236398305247898
ENSMUSG00000111415	0.081673446343384	0.0314831968717013
ENSMUSG00000073208	0.0543009704192762	0.0620892035394182
ENSMUSG00000051671	-0.2008366512665613	0.4154207748025461
ENSMUSG00000074874	-0.4466697767278854	-0.6290755709934243
ENSMUSG00000014813	-0.6495707403193446	-0.4185024523789167
ENSMUSG00000025235	-0.0379152986137369	0.4836084050218789
ENSMUSG00000121338	-2.0	-2.0
ENSMUSG00000022261	-0.2958345491798447	0.4565482163723927
ENSMUSG00000039179	-0.1691849413624822	-0.2361264093629926
ENSMUSG00000032512	-0.0239783194246323	0.4577308509956188
ENSMUSG00000101641	-0.2080402980489704	0.0404800242992123
ENSMUSG00000109629	-0.3588798151124507	-0.2866341349576406
ENSMUSG00000100580	-0.4339669375953419	-0.3460389832843903
ENSMUSG00000005447	-0.1171422702986794	-0.0096622997800405
ENSMUSG00000095899	-2.0	-2.0
ENSMUSG00000110699	0.0295711738768676	-0.0649570022163053
ENSMUSG00000028115	-0.1670468014492163	0.1180932898194243
ENSMUSG00000090333	-2.0	-2.0
ENSMUSG00000026028	-0.0348775425962639	0.537780321545263
ENSMUSG00000027162	-0.1307263787417976	0.5035471920744469
ENSMUSG00000070639	-0.1666363687859932	0.4496382024947238
ENSMUSG00000017756	-0.0175234304114102	0.4229055159435346
ENSMUSG00000028890	-0.0386058662529539	0.4689348552853179
ENSMUSG00000074881	-0.5324325883100707	0.5500631674049669
ENSMUSG00000027208	-0.4056965278057815	-0.2712424712543334
ENSMUSG00000037730	-0.0649594231548293	0.4227263765909515
ENSMUSG00000103494	-0.4034068625185005	-0.1700760472938938
ENSMUSG00000098144	-0.3075196989211187	-0.1410069723732508
ENSMUSG00000094112	-0.2213750480079606	-0.1672817822513711
ENSMUSG00000055540	-0.5393510838153979	-0.1944911220801444
ENSMUSG00000099906	-0.3980774846322785	-0.5303764798720064
ENSMUSG00000033530	-0.0249279086795534	0.3345896479745585
ENSMUSG00000079806	-1.467064808750462	-1.6061265958506166
ENSMUSG00000095508	-2.0	-2.0
ENSMUSG00000022031	-0.0937415861399884	0.4408215849431325
ENSMUSG00000121795	-0.4557173431271101	-0.3480586427199649
ENSMUSG00000069515	-0.3695355115269299	-0.3944579347117838
ENSMUSG00000047881	-0.0173927711336612	0.436209096567205
ENSMUSG00000098188	-0.3205984525971753	0.5380456244091429
ENSMUSG00000057789	-0.1075533161030921	0.2630918537909363
ENSMUSG00000090690	-2.0	-2.0
ENSMUSG00000114105	-0.4521096621849366	-0.3267845798857673
ENSMUSG00000120761	-0.0099573479994822	0.260790003871323
ENSMUSG00000111970	-0.4126936671705483	-0.1508733268393552
ENSMUSG00000078700	-0.0450492996929008	0.3374568651765597
ENSMUSG00000103778	-0.2439353153206329	-0.2396118995842839
ENSMUSG00000048480	-0.2204162059093135	-0.3424812102903916
ENSMUSG00000101751	-2.0	-2.0
ENSMUSG00000028917	-0.069937773264991	0.3387348708017452
ENSMUSG00000113453	-0.4078345721731778	-0.2378734083909448
ENSMUSG00000114432	-0.4253070244042445	-0.3275092371401861
ENSMUSG00000031068	-0.0360224462962885	0.4284063052410953
ENSMUSG00000114218	-0.4412597583169223	-0.2134109719010012
ENSMUSG00000028240	-0.4580968033687257	-0.8611563342524813
ENSMUSG00000070737	0.1210678247422706	-0.1112653237271721
ENSMUSG00000121449	-0.2183392472459185	0.450033755755679
ENSMUSG00000015829	-0.4029213794131673	-0.4036813818971856
ENSMUSG00000100891	-0.4980973545094901	-0.4777723156200077
ENSMUSG00000090220	-0.1443944785923863	-0.3409993485651178
ENSMUSG00000099718	-0.066418878236546	-0.0677283104384652
ENSMUSG00000001435	-0.0065456044684214	0.3513799729213327
ENSMUSG00000061728	-0.0276441206193093	0.1250262381309211
ENSMUSG00000049214	-0.5964735260270116	-0.6439169038878326
ENSMUSG00000054792	-0.3541332484939964	-1.8774518251404293
ENSMUSG00000026103	-0.0495367102059441	0.5451190051873668
ENSMUSG00000003206	-0.0177215287793844	-0.2670733501315166
ENSMUSG00000113919	-0.3848633555452176	-0.2551572586403381
ENSMUSG00000097090	-0.0445903256367331	-0.1455395833214154
ENSMUSG00000017314	-0.1028756618221677	0.2092811295713303
ENSMUSG00000120420	-0.3668795233728441	0.5243439257291315
ENSMUSG00000109324	-0.1146763299688478	0.3956845164745262
ENSMUSG00000101734	-0.6813344990996785	-0.3874543290706592
ENSMUSG00000117501	-0.2980293352728867	-0.3526817876291563
ENSMUSG00000040770	-0.371523198074205	-0.4690852656824466
ENSMUSG00000071454	-0.0876350803623372	0.485097354138838
ENSMUSG00000113759	-0.4990813239851021	-0.5845548970580143
ENSMUSG00000120494	-0.1585827109011022	0.3846186058879368
ENSMUSG00000055994	-0.2787110161238335	0.1310332233024615
ENSMUSG00000037247	-0.1801935930331245	-0.1064951189368637
ENSMUSG00000038489	0.0338377463618873	0.2355733890110376
ENSMUSG00000038600	-0.2286768504677972	-0.1516917609742382
ENSMUSG00000082195	-2.0	-2.0
ENSMUSG00000085497	-0.3097457815814532	-0.2937939455756702
ENSMUSG00000073680	0.191592626151496	-0.3758328371983849
ENSMUSG00000119957	-0.2294171871327772	0.4718421531277057
ENSMUSG00000021068	-0.2481333020918178	-0.3476524966086599
ENSMUSG00000022561	-0.2484731724185392	0.233619421505955
ENSMUSG00000036676	-0.2395648498391214	-2.0
ENSMUSG00000025790	-0.378385488989211	0.2301633683135333
ENSMUSG00000048222	-0.1088995095750557	0.4224775587375678
ENSMUSG00000068854	-0.8178739839194579	0.5256350462604753
ENSMUSG00000079323	0.0102863847251902	-0.1125486858775895
ENSMUSG00000114461	-0.4729114358458285	-0.529509214603526
ENSMUSG00000117991	-0.2856273159716976	-0.3717449554722334
ENSMUSG00000120162	-0.1034457857482993	0.3505286679954687
ENSMUSG00000053199	-0.4263290565977541	0.0468237459074383
ENSMUSG00000108175	-0.3210728300139148	0.1568735698568879
ENSMUSG00000113802	-0.3915955003060343	-0.6244077076206015
ENSMUSG00000111652	-0.4436439395493906	-0.3943722087334647
ENSMUSG00000099749	-0.2000940364599967	-0.3018635808711967
ENSMUSG00000037130	-0.1025183942395862	-0.3744408328338516
ENSMUSG00000054526	-0.6521521070666763	-0.554182282185113
ENSMUSG00000117692	-0.2480634839071895	-0.8743267762764998
ENSMUSG00000112743	-0.0353372902040756	-0.3864074141983263
ENSMUSG00000113040	-0.231478367437133	-0.2481612940314543
ENSMUSG00000031216	-0.345119143595849	0.1011175093086737
ENSMUSG00000115562	-0.534318242660937	-0.4996144850722117
ENSMUSG00000104501	-0.0686688763582321	0.1111737633040588
ENSMUSG00000027809	-0.1286790750556493	0.5139994252995171
ENSMUSG00000054005	-0.455024360607338	-0.3576288779529685
ENSMUSG00000069825	-0.4384194864516829	0.1243381047723012
ENSMUSG00000033392	-0.0248477924851067	0.4911893427969695
ENSMUSG00000046607	-0.0609837219099268	0.190398938561916
ENSMUSG00000028116	-0.3406065982939458	-0.2010862338698932
ENSMUSG00000070977	-0.4187054044133993	-0.5627407530543279
ENSMUSG00000115796	-0.0284132965537905	0.0876585632206805
ENSMUSG00000074457	-0.2780745220830896	-0.0931854515328695
ENSMUSG00000085357	-0.3137254359444937	-0.3301279123279738
ENSMUSG00000027422	-0.0210246892316723	0.4519533689484407
ENSMUSG00000055401	0.0419740924884009	0.1271112803236275
ENSMUSG00000091694	-0.2000360307430021	-0.1184158760984313
ENSMUSG00000085194	-2.0	-0.4876818673653677
ENSMUSG00000116979	-0.4974210400640632	-0.0009061011355186
ENSMUSG00000022142	-0.0209826631492068	0.3965375813327921
ENSMUSG00000079156	-0.2462772540264579	-0.2341731316723246
ENSMUSG00000113269	-0.2639588880120398	-0.4131369046582835
ENSMUSG00000110367	-0.2285534856179792	-0.3404513476406476
ENSMUSG00000027742	-0.0752361256239224	0.49400145037612
ENSMUSG00000078586	-0.0417366435841334	0.0328154782813242
ENSMUSG00000075020	-0.3045988856031613	-0.4142474324335738
ENSMUSG00000038302	-0.1047600507340292	0.3522998582781148
ENSMUSG00000046916	-0.3818547996192848	-0.5101416025498147
ENSMUSG00000028369	-0.380505967070278	-0.1747614028993019
ENSMUSG00000038712	-0.070269005341239	0.184150638899758
ENSMUSG00000060534	-0.5842112783737801	-0.3250813856138129
ENSMUSG00000116213	-0.4924900831565305	-0.8337925672648585
ENSMUSG00000024830	-0.0367807151130561	0.3653157305091736
ENSMUSG00000040843	-0.0500425607722157	0.5410160432553628
ENSMUSG00000086016	-0.0481665805602858	0.4837971908959466
ENSMUSG00000045903	-0.2026518416479136	-0.2208185231321003
ENSMUSG00000022552	-0.02134890990361	0.2019845267245691
ENSMUSG00000078787	0.1346315715671353	-0.161064184908401
ENSMUSG00000054309	-0.055523052678461	0.4037349649010976
ENSMUSG00000099378	-0.2870674257776441	0.4334626319122195
ENSMUSG00000099591	-0.3545005077741921	-0.5373031905127298
ENSMUSG00000057691	0.0095181170021939	0.329097125484218
ENSMUSG00000070530	-0.18270401621112	-0.4661506445849335
ENSMUSG00000099034	-0.0541332479725334	0.2225494827259663
ENSMUSG00000117129	0.372731622891877	-0.0907024849914485
ENSMUSG00000085574	0.0068890914072174	0.0649464454864344
ENSMUSG00000021263	-0.13107944046187	-0.1405369742681438
ENSMUSG00000071771	-0.6158838905421415	-0.4665312150152516
ENSMUSG00000085252	-0.3506480035477899	-0.4196873664796475
ENSMUSG00000111034	-0.4132401369366083	-0.2916385963352623
ENSMUSG00000020062	-0.4365659063868392	-0.1519411292797975
ENSMUSG00000031840	0.1550474242732727	-0.0220452287193062
ENSMUSG00000086288	-0.0517278114858523	0.0513277490438448
ENSMUSG00000120548	-0.2416795743766333	-0.1824025057351966
ENSMUSG00000029369	-0.2559236703907114	-0.6949023025018186
ENSMUSG00000058908	-0.1014916907809365	-0.0023862166886957
ENSMUSG00000015750	-0.2586863788421861	0.2304376806697443
ENSMUSG00000104191	-2.0	-2.0
ENSMUSG00000074794	0.0020850723287923	0.3254023543704012
ENSMUSG00000063900	-0.3556015920164621	-0.7293374181835062
ENSMUSG00000022773	-0.0475566821556136	0.4632648226824434
ENSMUSG00000049653	-0.121497392006901	-0.1428678077646264
ENSMUSG00000058019	-0.3286288531457554	-0.2607237728631568
ENSMUSG00000038507	-0.2817023030580124	0.3420413213217334
ENSMUSG00000109825	-0.5049699050497839	-0.2082189934508899
ENSMUSG00000028185	-0.3237103348972077	-0.4377835542983362
ENSMUSG00000050640	-0.2731554739772727	-0.1616950622417896
ENSMUSG00000005983	-0.0212019545955326	0.294917041088543
ENSMUSG00000092599	-0.7131238103428545	-0.7156693571857224
ENSMUSG00000023953	-0.0466279163072951	0.4131105784117339
ENSMUSG00000032690	-0.0654087408529075	0.0728172354529994
ENSMUSG00000062604	-0.0408820640566216	-0.0963441703558562
ENSMUSG00000071661	0.0886746343351646	0.1813467223736805
ENSMUSG00000087045	-0.1464669001699031	-0.1334717681590326
ENSMUSG00000114410	-0.3308244973922542	-0.2392321786858461
ENSMUSG00000120321	-0.0963473149025462	0.1678747645989398
ENSMUSG00000019890	-0.6228888609292875	-0.8191369092470256
ENSMUSG00000035314	-0.1633948866617353	0.408421109758046
ENSMUSG00000057722	-0.3377112707941364	-0.1471140819883155
ENSMUSG00000118352	-0.4644023597562754	-0.4768207747949395
ENSMUSG00000121000	-0.2063768019852211	0.1560472118853726
ENSMUSG00000062310	-0.2669014859002535	-0.2475524921206069
ENSMUSG00000105453	-0.0093457079960749	-0.0434015235122804
ENSMUSG00000086655	-0.1696957365518701	0.2574950286742847
ENSMUSG00000014592	-0.1403867014359898	0.502058222757106
ENSMUSG00000100799	-0.6204071994614695	-0.4049027627706629
ENSMUSG00000009563	-0.1398196859272485	0.3228772692098783
ENSMUSG00000086963	-0.7431330901085732	-0.4987757646171211
ENSMUSG00000022002	-0.5260613650505759	-0.4384718811903587
ENSMUSG00000098212	-0.4860308950981588	-0.9123547108457666
ENSMUSG00000033365	-0.0773689866787627	0.3782117867863277
ENSMUSG00000108415	-0.2399647843084031	-0.0464643247888004
ENSMUSG00000028179	-0.0384593134292067	0.4361906446103734
ENSMUSG00000102429	-2.0	-2.0
ENSMUSG00000098781	-0.1456174319280014	0.4462254691476372
ENSMUSG00000043485	-0.3926389232337697	-0.3221480502252454
ENSMUSG00000115485	-0.3981361369098991	-0.3531095094226851
ENSMUSG00000026917	-0.0341125330652613	0.3702239571664587
ENSMUSG00000025140	-2.0	-2.0
ENSMUSG00000028565	-0.4355749354551443	-0.2745467412114841
ENSMUSG00000063564	-0.3281285886391386	0.0308269689143748
ENSMUSG00000022033	-0.056126161497599	0.3582516901743222
ENSMUSG00000086540	-0.7727998174173077	-0.8303508368560129
ENSMUSG00000050052	-0.0559642888660516	0.3753526392327592
ENSMUSG00000037709	-0.4360682416818809	-0.0463302682312787
ENSMUSG00000015335	-0.1062626434262576	0.2841996502732209
ENSMUSG00000023078	-0.6520457911243429	-0.2905276981530937
ENSMUSG00000079003	0.0223545389723516	0.2477258688827523
ENSMUSG00000026078	0.0378860490579495	-0.425433386177336
ENSMUSG00000022575	-0.2862210870463668	0.2214134553290537
ENSMUSG00000028221	-0.1258210763903728	0.5150813280579349
ENSMUSG00000113057	-0.2814034908348455	-0.367950873163545
ENSMUSG00000056853	-0.5411646108001423	-0.4249047528306352
ENSMUSG00000086257	-0.4581792157293949	-0.318090120292903
ENSMUSG00000033581	-0.060026423545009	0.4446083880101515
ENSMUSG00000121645	-0.4381952473770868	-0.6789142857068565
ENSMUSG00000114422	-0.3739548067512597	-0.4845678252485698
ENSMUSG00000007338	-0.2082784813868598	0.0720448739989592
ENSMUSG00000039232	-0.2951328879863887	0.1327830895980569
ENSMUSG00000036960	-0.3375576184129886	-0.3100127860660466
ENSMUSG00000019428	-0.1628482219149216	0.2757346141414658
ENSMUSG00000030751	-0.1001860612670663	0.4160653937057334
ENSMUSG00000120030	-0.3145067309962919	0.4146311227463595
ENSMUSG00000074355	0.2892539618227858	0.1163008403892873
ENSMUSG00000074680	-0.2283477104633923	-0.1757735151885656
ENSMUSG00000002010	-0.2325739902761663	0.3410029836086161
ENSMUSG00000026944	-0.0905213162937155	0.407008625120303
ENSMUSG00000061315	-0.0430768223642414	0.2928202875218516
ENSMUSG00000094669	-0.5910497978371615	-0.507396879183442
ENSMUSG00000005364	-0.5359222885970736	-0.585066542138886
ENSMUSG00000022508	-0.0555302581734836	0.4299182165977306
ENSMUSG00000029726	-0.0683581779420264	0.330371559497533
ENSMUSG00000121290	-2.0	-2.0
ENSMUSG00000114576	-0.2294971836945134	-0.1719635119704259
ENSMUSG00000023935	-0.040145091798363	0.2803315627156649
ENSMUSG00000021733	-0.5198993055725443	0.374216238485984
ENSMUSG00000103938	-0.6122667184937983	-0.4018175152377121
ENSMUSG00000105511	-0.4241233745696102	-0.4003546764680316
ENSMUSG00000103651	-0.0276360673234648	0.0272668188703742
ENSMUSG00000044408	-0.1539739342831558	0.5510049841864428
ENSMUSG00000112238	-0.5311489438795708	-0.5029807360701817
ENSMUSG00000093482	-0.501871474420915	-0.3611824007946688
ENSMUSG00000069045	-1.3475614125932922	-2.0
ENSMUSG00000086919	-0.2417154577712349	-0.3412657374752089
ENSMUSG00000003119	-0.0209479331654108	0.4956794611961509
ENSMUSG00000030518	-0.3413367919567455	0.1939408056242042
ENSMUSG00000086206	-0.3274621567358362	0.4559202729710284
ENSMUSG00000117044	-0.2239152251694554	-0.2681541183626359
ENSMUSG00000061024	-0.0210229570568127	0.3510108531947027
ENSMUSG00000081433	-0.3520972831551394	-0.351793629566654
ENSMUSG00000107357	-0.8273269102144575	-0.6929036969163673
ENSMUSG00000029032	-0.106905111612673	-0.1983488195092845
ENSMUSG00000078878	-2.0	-2.0
ENSMUSG00000026251	-0.2935906847995276	-0.1007161882058615
ENSMUSG00000116116	-0.2127925243310446	-0.0362154770815521
ENSMUSG00000104340	-0.0355279428350171	0.1627911720898447
ENSMUSG00000097967	-0.0144651230170544	-0.1211966936996053
ENSMUSG00000022809	-0.2872193564452419	-0.1371081976543866
ENSMUSG00000029001	-0.1575198199358109	0.2931326382593928
ENSMUSG00000062980	-0.395838339627151	0.1257478114220206
ENSMUSG00000032120	-2.0	-2.0
ENSMUSG00000061136	-0.0843896647793217	0.52639304385451
ENSMUSG00000069633	-0.0185713913387245	0.4426700643713852
ENSMUSG00000027525	-0.5143452840033415	-2.0
ENSMUSG00000017165	-0.3264624883890938	-0.150317140899802
ENSMUSG00000093976	-0.5047382539150407	-0.137497719816095
ENSMUSG00000031667	-0.0273622515740585	0.4322443278003903
ENSMUSG00000062761	-0.0179367352300204	0.3335528627313309
ENSMUSG00000113100	-0.070834162871894	0.046466834767987
ENSMUSG00000001524	-0.1782241400270108	0.384632577718882
ENSMUSG00000094002	-0.3412540740627284	-0.4352856571920595
ENSMUSG00000020115	-0.0393175020076521	0.3338920221990159
ENSMUSG00000121030	-0.2089099203216083	-0.2485339740139932
ENSMUSG00000086860	-0.6854777842894251	-0.3078965099851225
ENSMUSG00000079497	-0.1336139956909839	0.04345384358427
ENSMUSG00000102697	-0.4013011751492042	-0.1579269707301836
ENSMUSG00000034021	-0.0354052294670303	0.423918591041505
ENSMUSG00000037537	-0.3975447634543573	-0.2644092593667062
ENSMUSG00000093445	-0.074875283542609	0.3154535003472698
ENSMUSG00000110020	-0.1727062180239916	0.3048936141026948
ENSMUSG00000084775	-0.3374480349233991	-0.2792744150496165
ENSMUSG00000020542	-0.4098028432377976	-0.0932052589334694
ENSMUSG00000034780	-0.5892568368855032	-0.5218018730515573
ENSMUSG00000108317	0.0524452188531591	-0.2795511146047154
ENSMUSG00000031683	-0.0753428353752619	0.4948583600540984
ENSMUSG00000094133	-0.538059330262652	-0.4494003921385522
ENSMUSG00000067229	-0.970446434189681	-0.7411215042423701
ENSMUSG00000090394	-0.3431781935233295	-0.1993095024527995
ENSMUSG00000053168	-0.1838044525238517	-0.207859573496923
ENSMUSG00000085394	-0.1124899363848996	-0.3432645335565991
ENSMUSG00000039531	-0.0820756272104619	0.4667107717057194
ENSMUSG00000100279	-0.3570195793276208	-0.4450698643692996
ENSMUSG00000079606	-0.582281252724711	-0.351847914570717
ENSMUSG00000020692	-0.0580334426956704	0.2908018549702552
ENSMUSG00000046723	-0.4503152833366199	-0.8352670946590407
ENSMUSG00000038015	-0.223308402550774	-0.1876479808144281
ENSMUSG00000028799	-0.1805537258942898	0.0267449263891364
ENSMUSG00000023043	-0.1602482636632518	0.1364982275581402
ENSMUSG00000061950	-0.0188788162808218	0.3823247240048167
ENSMUSG00000080283	-1.1211038156509463	-0.5798101918880063
ENSMUSG00000057234	-0.4722505235207473	0.0679531363411078
ENSMUSG00000028089	-0.0464791151049628	0.5190069132296716
ENSMUSG00000027322	-0.2374881353318543	-0.2207262473893625
ENSMUSG00000101728	-2.0	-2.0
ENSMUSG00000059023	-0.5939094022142059	-0.8317989632136855
ENSMUSG00000096630	-0.5209827070387016	-0.4571270396845502
ENSMUSG00000014956	-0.0328334156438539	0.5294272742533549
ENSMUSG00000022456	-0.0199899889911561	-0.033625641633133
ENSMUSG00000110585	-0.3555090226116477	-0.3642167736983007
ENSMUSG00000085941	-0.0597629080670294	-0.0527758291809287
ENSMUSG00000111016	-0.2607847306636042	-0.2459392501997449
ENSMUSG00000030000	-0.3542807040761825	-0.0914433552468991
ENSMUSG00000021557	-0.1083574100736288	-0.2492457545341951
ENSMUSG00000110298	-0.3705225094612039	-0.4452594217542073
ENSMUSG00000013465	-0.0953232887661056	0.3874193715976504
ENSMUSG00000116582	-0.2498225046650045	-0.3771213001850109
ENSMUSG00000051224	-0.3028294392263826	0.4588399188839221
ENSMUSG00000117841	-0.0055530623963844	-0.1467650393503639
ENSMUSG00000086884	0.1844545764007617	-0.1211780935381052
ENSMUSG00000097003	-0.0546796517729151	0.1506754049202615
ENSMUSG00000023993	-0.3430397598487631	-0.2873201681341702
ENSMUSG00000110824	-0.0193200201654578	-0.0337015739123057
ENSMUSG00000109547	-0.7468642601356128	-0.8027947812674694
ENSMUSG00000093416	-0.411007794191921	-0.3363520221976412
ENSMUSG00000121069	-0.2731896881609589	-0.0432039296835962
ENSMUSG00000037681	-0.0699713443025243	0.3969890794655321
ENSMUSG00000034312	-0.1432410301786898	0.4421924438984849
ENSMUSG00000102357	-0.2059124138245911	-0.1442100550015096
ENSMUSG00000033767	-0.1010142102585689	0.5152436597190311
ENSMUSG00000107797	-0.3706497381404732	-0.1769991880414678
ENSMUSG00000021728	-0.058790392599197	0.443727864041346
ENSMUSG00000109157	-0.0954602632859987	-0.1101283169465561
ENSMUSG00000105688	-0.5134738593707043	-0.4934011106001977
ENSMUSG00000109390	-0.0304028587759578	0.0231609805838933
ENSMUSG00000035504	-0.1160684212047292	0.3231233401090589
ENSMUSG00000085540	-0.367189139675406	-0.321878585418893
ENSMUSG00000041769	-0.0122710081787283	0.1913475987049346
ENSMUSG00000071855	-0.1441671995380548	0.5216124090386178
ENSMUSG00000090660	-0.5261329441152988	-0.274475813603536
ENSMUSG00000037152	-0.2015891457720647	0.4028244820843201
ENSMUSG00000049988	0.2548036966706714	-0.1757522942388616
ENSMUSG00000098609	-0.0337412817375636	0.0520540692796502
ENSMUSG00000113007	-0.3922786911556789	-0.584391209789464
ENSMUSG00000070870	0.0567204275093093	-0.0765265603586889
ENSMUSG00000121888	-1.336515427869487	-0.7315194277038916
ENSMUSG00000086258	-0.4507158868940621	-0.1790719517844251
ENSMUSG00000029394	-0.0261035712276851	-0.1455614426755027
ENSMUSG00000082980	-2.0	-2.0
ENSMUSG00000117539	-0.5389902769597207	-0.2992426482031121
ENSMUSG00000085517	-0.2081470295522679	0.0639544399653376
ENSMUSG00000105125	-0.6058095347839841	-0.4990747732467014
ENSMUSG00000006522	-0.1887639833233371	-0.4336657843510061
ENSMUSG00000026037	-0.0340659331404082	0.4504902134224932
ENSMUSG00000048897	-0.0026077609680472	0.2937178015040246
ENSMUSG00000013418	-0.1418589007735307	0.317360336727966
ENSMUSG00000118437	-0.2202006929703595	-0.5586926825944601
ENSMUSG00000049580	-0.0558770528787334	0.3430138663094824
ENSMUSG00000073027	-0.6439570392112136	-0.5229771965211312
ENSMUSG00000084858	-2.0	-2.0
ENSMUSG00000002012	-0.2194879832067732	0.1788977891912453
ENSMUSG00000074818	-2.0	-2.0
ENSMUSG00000017221	0.0207796282546815	0.3959191455037646
ENSMUSG00000020271	-0.0137694561265651	0.4679565850880309
ENSMUSG00000098519	-0.4076297969497038	-0.6606415891683598
ENSMUSG00000101299	-0.4816024139865692	-0.4683553418294988
ENSMUSG00000096921	-0.306305580423784	-0.2754790280499223
ENSMUSG00000108315	-0.7291782078623679	-0.1126390765740582
ENSMUSG00000110089	-0.1199473178296463	-0.3282391744409868
ENSMUSG00000048878	-2.0	-2.0
ENSMUSG00000105987	-0.2935597769981529	0.3768775745464036
ENSMUSG00000086196	0.0048224582280327	0.0548658981150951
ENSMUSG00000107625	-0.4725794356964832	-0.3990109954432586
ENSMUSG00000112818	-0.3235536886189277	-0.3413268802262085
ENSMUSG00000032698	-0.2446060296931564	-0.3127447216075469
ENSMUSG00000118347	-0.0299921359439102	-0.1626827016922926
ENSMUSG00000031884	-0.2454331957213983	-0.3186910903403113
ENSMUSG00000103560	-0.4272846790313829	-0.2335466999432297
ENSMUSG00000029777	-0.0236172781697955	0.4495947097352285
ENSMUSG00000035540	-0.3194772091416128	-0.5255916978085242
ENSMUSG00000036712	-0.1419678881703465	0.4266716116684409
ENSMUSG00000024222	-0.0190774432402568	0.215656594790858
ENSMUSG00000055485	-0.0220230235184135	0.3926645997530949
ENSMUSG00000017715	-0.0106283267721501	0.2373702873112579
ENSMUSG00000050232	-0.5629448648412633	-0.4911765952843984
ENSMUSG00000004937	-0.0584585553743438	0.3439030730738951
ENSMUSG00000026275	-0.0272764131738755	0.4857608802011829
ENSMUSG00000045589	-0.2500983439881943	-0.0731787555979938
ENSMUSG00000107835	-0.2899888087388706	-0.2404699429284467
ENSMUSG00000104190	-0.4760416387795726	0.2949941131149868
ENSMUSG00000048429	-0.2976022092141726	0.2105517934491678
ENSMUSG00000079555	-0.12307066130015	0.5102543109504657
ENSMUSG00000061143	-0.375886909576628	-0.3217437917886216
ENSMUSG00000104525	-0.3709659322905434	-0.1735189654986691
ENSMUSG00000118586	-0.2649925904741868	-0.2684107513688381
ENSMUSG00000034528	-0.3472921399753362	-0.2768434291422915
ENSMUSG00000025789	-0.3322999898254615	0.0004455312486824
ENSMUSG00000109279	0.0795198636997862	0.0806538999940141
ENSMUSG00000049588	-0.2509832617009542	0.3695256920698006
ENSMUSG00000087331	-0.1940528431082871	0.2952019192118664
ENSMUSG00000109233	-0.3572251541903654	-0.2157077439971342
ENSMUSG00000096477	-0.2865198733783166	-0.229344716782375
ENSMUSG00000030905	-0.4707288134366861	-0.0138431603597589
ENSMUSG00000086197	-0.32988983874819	-0.6942493921906118
ENSMUSG00000097546	-0.0093186406098124	0.0386931872149727
ENSMUSG00000044816	-0.1244596556523419	-0.6237816116073943
ENSMUSG00000100429	-0.403647497523126	-0.4731212917595671
ENSMUSG00000034845	-0.0183373864511062	-0.132682095482499
ENSMUSG00000045514	-2.0	-2.0
ENSMUSG00000026644	-0.3571166222572506	0.0158713010897877
ENSMUSG00000121315	-0.3916183987005794	-0.2371050330266977
ENSMUSG00000100812	-0.3669528527590989	-0.1274737144548919
ENSMUSG00000086690	-0.0768430562951386	-0.0718295477012078
ENSMUSG00000042734	-0.2665167245571966	0.1680465732412296
ENSMUSG00000087351	-0.0253334073569485	0.3739288273917373
ENSMUSG00000087059	-0.2355045057812576	-0.1604682819209352
ENSMUSG00000031367	-0.4353114524193919	0.5454127695642575
ENSMUSG00000031662	0.0394395018561407	0.0098387829200035
ENSMUSG00000022468	-0.1599323159444966	-0.1060125522063411
ENSMUSG00000008845	-0.4219389353103925	-0.3279485308884777
ENSMUSG00000049792	-0.242289449402345	0.3692366436571311
ENSMUSG00000114846	-0.3944840004869464	-0.3941195017401063
ENSMUSG00000036568	-0.0064095672268676	0.063587330057978
ENSMUSG00000000275	0.0299370491079412	0.2123852566629432
ENSMUSG00000104237	-0.231104801507382	-0.0952668236967533
ENSMUSG00000028970	-0.119105156536909	0.4408017540083217
ENSMUSG00000110180	-0.4517279002211483	-0.4979073335738685
ENSMUSG00000085184	-0.0416749727490269	-0.5570550794967232
ENSMUSG00000052957	-0.1767446686709453	0.3897630503835997
ENSMUSG00000022066	-0.5203406316767702	0.1609399663788539
ENSMUSG00000020536	-2.0	-2.0
ENSMUSG00000021185	-0.7288507971377838	0.2839449548727412
ENSMUSG00000043945	-0.4045286901967598	-0.1962604116796502
ENSMUSG00000107756	-0.0694133205333549	-0.0531951367150316
ENSMUSG00000117057	-0.568127508613053	-0.8133386783385863
ENSMUSG00000045202	-0.3578543432140471	-0.6575713970206916
ENSMUSG00000029716	-0.1085663617093353	0.1772697814329605
ENSMUSG00000085631	-0.3417189472503096	-0.7731338263352269
ENSMUSG00000026077	-0.3183198042405322	-0.0405176647670988
ENSMUSG00000034858	-0.1682640525304224	0.4754730234976719
ENSMUSG00000021549	-0.1778667179091771	0.6118163156431013
ENSMUSG00000051034	-0.0717501320962085	0.4999110438502981
ENSMUSG00000029711	-0.0482717919541722	0.1478549509962208
ENSMUSG00000110677	-0.3359362652911942	-0.2348144286713629
ENSMUSG00000017210	-2.0	-2.0
ENSMUSG00000085059	-0.2921924744548961	-0.244055510409156
ENSMUSG00000029695	-0.4015618850906227	-0.3888253963132481
ENSMUSG00000109121	-0.8991909010864441	-0.5990494283061644
ENSMUSG00000038371	-0.1674924923664192	0.5349125836995176
ENSMUSG00000103175	-0.0516693036481257	0.2162333249006028
ENSMUSG00000004268	-0.122107007778959	0.2203664948519914
ENSMUSG00000102664	-0.0662876257519245	-0.1126365998659496
ENSMUSG00000054675	-0.228270129146226	-0.0854002564726586
ENSMUSG00000085585	-0.4428128502746269	-2.0
ENSMUSG00000031312	-0.0751918172746587	0.2657430170100085
ENSMUSG00000006586	-0.4319396207033776	0.0548946036288309
ENSMUSG00000005774	0.022602136698043	0.3291595317408686
ENSMUSG00000068732	-0.4022800292885645	0.3885640364531293
ENSMUSG00000031781	-0.0268068223349337	0.4300882842314129
ENSMUSG00000028988	-0.0667461195654967	0.4234801658633951
ENSMUSG00000028546	-0.3165424682173531	0.4686175724720357
ENSMUSG00000100227	-2.0	-2.0
ENSMUSG00000117494	-0.0417758497533661	0.4252886377539011
ENSMUSG00000111938	-0.3836108284456545	-0.3076290392471152
ENSMUSG00000038463	-0.2536172665341912	0.042006343801149
ENSMUSG00000100614	-2.0	-2.0
ENSMUSG00000054418	-2.0	-2.0
ENSMUSG00000095401	-0.3658420687751232	-0.5373992788267276
ENSMUSG00000073966	-0.5000317065634107	-0.6591491873280172
ENSMUSG00000040913	-0.1361246880742119	0.5004936261948021
ENSMUSG00000115389	-0.3786192323739011	-0.4776303724340881
ENSMUSG00000038646	-0.3403400807668579	0.5434983728659742
ENSMUSG00000121725	-0.1787560405332689	0.3105255084668309
ENSMUSG00000103916	-0.5233512250650795	-1.1150790655282208
ENSMUSG00000005566	-0.1096582457776744	0.340899587658667
ENSMUSG00000057170	-0.7007362621345532	-0.6218383540826755
ENSMUSG00000086600	-0.1629804307005454	0.0531524594034939
ENSMUSG00000031168	-0.2151115184571847	0.4462733415941081
ENSMUSG00000120997	-0.2076528629950405	0.4363430088299216
ENSMUSG00000002980	-0.0429446702032786	0.412984073225643
ENSMUSG00000039193	-0.1215025624385102	-0.0404316653497554
ENSMUSG00000085303	-0.230939055969391	0.3688485934099315
ENSMUSG00000060904	-0.1700882546064161	0.5136846816410339
ENSMUSG00000117545	-0.197283728486909	-0.0917763870985194
ENSMUSG00000024471	-0.3348784972777472	0.0898589254728542
ENSMUSG00000045534	-0.4766682613292078	-0.3298313616975085
ENSMUSG00000117973	-0.4911593163366703	-0.4708421405196434
ENSMUSG00000091572	-0.4907894103540687	-0.3506472245756734
ENSMUSG00000020354	-0.445039368608781	-0.7283999934125925
ENSMUSG00000042787	-0.0393556345049099	0.2903569831786594
ENSMUSG00000095325	-0.07546672595045	0.3871704878446351
ENSMUSG00000100305	-0.4238030853644319	-0.4058627970058258
ENSMUSG00000087089	-0.4806322610347781	-0.2795496100566672
ENSMUSG00000073433	-0.0467839270820982	-0.1001878116022636
ENSMUSG00000031073	-0.127311474425884	0.3021031133123532
ENSMUSG00000105518	-0.1940983350739734	-0.2035835955395099
ENSMUSG00000094884	-0.5256505532743825	-0.4685701610071619
ENSMUSG00000027712	-0.2073570527778468	0.4168008838071907
ENSMUSG00000093898	0.002993673207433	-0.0671540989052437
ENSMUSG00000117956	-0.0982189929283312	-0.120658873615366
ENSMUSG00000089736	0.0811837143480074	0.0833710215658973
ENSMUSG00000106694	-0.4137312197196685	-0.4753910024382489
ENSMUSG00000067642	-0.0747624980194238	-0.1803450045558752
ENSMUSG00000054994	-0.6979906461976468	-0.4746216273654087
ENSMUSG00000040667	-0.0386738440652891	0.4403510644337473
ENSMUSG00000036718	-0.2420990558302924	0.1614440719852005
ENSMUSG00000090486	-0.2995659405792479	-0.1784273906031072
ENSMUSG00000095104	-0.6940289347658118	-0.6310251129495734
ENSMUSG00000006386	-0.3267698336388819	0.0120789511553873
ENSMUSG00000049969	-0.0348162733971892	0.3599610113350514
ENSMUSG00000116009	0.2140990832991038	-0.0450258866331385
ENSMUSG00000031411	-0.6839607183880858	-0.9843971747878548
ENSMUSG00000020027	-0.1046029819437551	0.4036300461223235
ENSMUSG00000118029	0.2403390388233559	-0.0034695905445611
ENSMUSG00000114545	-0.339401818613941	-0.3548985588964046
ENSMUSG00000078420	-0.72507034718623	-0.8216069527636698
ENSMUSG00000091995	-0.4315356658736919	-0.2435084271012293
ENSMUSG00000020892	-0.137829249620232	-0.0940536262559358
ENSMUSG00000025163	-0.2314656387163102	-0.3392342884315273
ENSMUSG00000027957	-0.0634869612395873	0.4273354756215035
ENSMUSG00000032754	-1.3289614478374444e-05	0.2049324386485334
ENSMUSG00000090675	-0.4392285190793158	-0.3375901397997502
ENSMUSG00000109603	-0.2855666255929295	-0.2501331066121331
ENSMUSG00000085534	-2.0	-2.0
ENSMUSG00000052534	-0.2595938832288935	0.3129838615095185
ENSMUSG00000099983	-0.4695830039504265	-0.4148060204878608
ENSMUSG00000084995	-0.2647860685579483	-2.0
ENSMUSG00000066861	-0.1335904847709934	0.0719199880101564
ENSMUSG00000027317	-0.0888763901220151	0.2504239060619728
ENSMUSG00000113811	-0.205714857384283	-0.2545351434907377
ENSMUSG00000101678	-0.0188976860198155	0.4338235775407693
ENSMUSG00000011256	-0.1077606566043294	0.329391410664379
ENSMUSG00000027634	-0.0595552393445935	0.4006450388531034
ENSMUSG00000057098	-0.2767282647631544	0.3096229717028123
ENSMUSG00000100106	-0.310303024888711	-0.4788420595504102
ENSMUSG00000121318	-0.0493986850540918	0.4679151845049532
ENSMUSG00000025465	-0.1427818828428982	0.497391635434523
ENSMUSG00000085436	-0.0898067956921458	0.4217325511104571
ENSMUSG00000027102	-0.2035298822178028	0.0173792173078827
ENSMUSG00000019810	-0.2138963866214735	0.4014870463838179
ENSMUSG00000071645	-0.1842180351977501	0.1973616188634744
ENSMUSG00000075072	-0.5864242196740383	-0.448014539743143
ENSMUSG00000030060	-0.0502400734883732	0.38823196778129
ENSMUSG00000050796	0.0132410572550452	0.3830257400853476
ENSMUSG00000113354	-2.0	-2.0
ENSMUSG00000086987	-0.2885573940290027	-0.4704190034049175
ENSMUSG00000057706	-0.1691137779690511	0.3678812299971076
ENSMUSG00000093434	-0.3216925371613156	-0.2636996109533743
ENSMUSG00000044912	-0.42550873962507	-0.1307412844240649
ENSMUSG00000035458	-0.0382278151897965	-0.1003216237310818
ENSMUSG00000111341	0.1490774048140668	0.1419217532945175
ENSMUSG00000025813	-0.3107044629973306	0.0809034236574347
ENSMUSG00000018921	-0.0429869583556415	0.4651504714875733
ENSMUSG00000022770	-0.0267170293317718	0.4904338348850437
ENSMUSG00000087465	-0.4212001651579085	-0.3200324054913208
ENSMUSG00000089815	-0.3444879636435333	0.111149017547557
ENSMUSG00000031284	-0.7314839475740805	-0.7158513220096439
ENSMUSG00000006676	-0.054114062496762	0.3384365713824447
ENSMUSG00000034848	-0.2482306664488745	0.4110271127089969
ENSMUSG00000042579	-0.1154305052578075	0.3041767573280308
ENSMUSG00000114561	-0.3135271133825666	-0.8600781156717144
ENSMUSG00000061904	-0.0550616564809873	0.3756003395029967
ENSMUSG00000016252	-0.1773615153790883	0.3738160868222837
ENSMUSG00000038611	-0.0180312498075215	0.3892713658563327
ENSMUSG00000100957	-2.0	-2.0
ENSMUSG00000044730	-0.0548742587284588	0.2771795200830014
ENSMUSG00000051777	-0.4503989518652947	-0.4739172389022117
ENSMUSG00000108692	-0.2787167917124963	-0.287313940356711
ENSMUSG00000022136	-0.1010034691471315	0.4929256966829948
ENSMUSG00000090206	-0.2062357296210232	-0.2608781631195264
ENSMUSG00000040329	-0.339716563015899	0.1840777054442155
ENSMUSG00000045980	-0.0232737649063957	0.2607404494488151
ENSMUSG00000023914	-0.3370326245847335	-0.3410256334381972
ENSMUSG00000024891	-0.1424981617402998	0.4623039404956023
ENSMUSG00000027247	-0.0880400876592886	0.2803620797473317
ENSMUSG00000031822	-0.0074411805381866	0.3112158501914513
ENSMUSG00000053483	-0.2576560842089238	0.4256303936868068
ENSMUSG00000004565	-0.0181456182193336	0.2456054389987145
ENSMUSG00000091281	-2.0	-2.0
ENSMUSG00000028568	-0.102139002430179	0.4782333606599248
ENSMUSG00000073650	-0.0201541853786067	-0.0684943290361387
ENSMUSG00000082316	-0.2748915751746305	-0.1755544555313771
ENSMUSG00000108976	0.2642131664803932	0.0776797584656618
ENSMUSG00000109175	-0.562940102198035	-0.5158665344233399
ENSMUSG00000055895	-0.5368125138295344	-0.5292218228753711
ENSMUSG00000114373	-0.0027861442957192	-0.0802824483251722
ENSMUSG00000089879	-0.3501682266592762	-0.483806379085631
ENSMUSG00000024254	-0.3110767594791737	-0.4951568505196303
ENSMUSG00000087601	-0.3356553641190793	0.4979740175473511
ENSMUSG00000117840	0.0045817863826855	0.1353063344352397
ENSMUSG00000032741	-0.0262248833737566	0.3677467965007682
ENSMUSG00000059772	-0.0135580069612628	0.306743179141545
ENSMUSG00000025519	-0.3329793151261896	-0.4027127598759241
ENSMUSG00000032384	-0.2027410481721984	0.3970332982539512
ENSMUSG00000040866	-0.1602723835830416	0.1562437658575305
ENSMUSG00000020462	-0.0560727902269645	0.4189909732605455
ENSMUSG00000101348	-0.4825108872737859	-0.684117949082109
ENSMUSG00000032808	-0.9379034183104168	-0.5623185493916455
ENSMUSG00000041836	-0.334868356261149	-0.2687254424654574
ENSMUSG00000091400	-0.1354418135975988	-0.1303808746291251
ENSMUSG00000033061	-0.3061241505215391	-0.3358015884659354
ENSMUSG00000050783	-0.3324430156886156	-0.3333772023924158
ENSMUSG00000097154	-0.0369176241251351	0.1505010057402003
ENSMUSG00000045004	-0.1352061263206693	-0.371501948011336
ENSMUSG00000118310	-0.1240987553311043	-0.0944137105421933
ENSMUSG00000020032	-0.1157560359959709	0.4080095245346817
ENSMUSG00000051860	-0.3556270028150928	-0.4266948075436321
ENSMUSG00000118376	-0.3998298210706897	-0.1133973879099804
ENSMUSG00000095567	-2.0	-2.0
ENSMUSG00000092203	0.2745074541733564	0.2195960513672411
ENSMUSG00000106627	-0.2685717681173378	-0.1881208398439564
ENSMUSG00000121381	-0.4458174377454147	-0.4085317980537254
ENSMUSG00000087220	-0.4368600765331484	-0.5355527812014522
ENSMUSG00000116283	-2.0	-2.0
ENSMUSG00000040370	-0.0162770333601378	0.3704113043591034
ENSMUSG00000095976	-2.0	-2.0
ENSMUSG00000047205	-0.2282548496112963	0.3994147978798327
ENSMUSG00000112353	-0.531262570683869	-0.6352837978092323
ENSMUSG00000024501	-0.3799283128631655	-0.2906901739776161
ENSMUSG00000000934	-0.0427010900797043	0.4301344201308793
ENSMUSG00000079388	-0.0956869179029061	0.401190925882296
ENSMUSG00000001173	-0.3126924337912444	0.3427417305631654
ENSMUSG00000114937	-0.0103732077973895	0.0494203877651507
ENSMUSG00000056023	-0.4590191466835853	-0.4442298360959836
ENSMUSG00000022750	-0.0201997711187875	0.292887953080488
ENSMUSG00000031292	-0.5226703339437443	0.4940861037190348
ENSMUSG00000034243	-0.0566487556529197	0.3937060860440025
ENSMUSG00000101838	-0.0820764666324495	-0.2509540036936662
ENSMUSG00000024546	-0.3258243549083614	-0.3749012497928299
ENSMUSG00000085659	-0.2355260631585385	-0.3988738765527205
ENSMUSG00000066899	-0.5348929833787737	-0.4760198312232528
ENSMUSG00000121724	0.4069797024045901	-0.0149028522547358
ENSMUSG00000028636	-0.1826884065841147	0.4423329934940884
ENSMUSG00000034636	-0.0200101804345644	0.3934951804293792
ENSMUSG00000007603	-0.162893593051923	0.298260373040208
ENSMUSG00000063480	-0.0247379901631957	0.332828140085347
ENSMUSG00000117324	-0.3730344113529493	-0.5205231909794819
ENSMUSG00000021062	-0.1712393382162648	0.18689737132769
ENSMUSG00000074001	-0.283610473064491	-0.087005936698173
ENSMUSG00000104597	0.0227215138029189	-0.2328233476708312
ENSMUSG00000048329	-0.189951322940181	-0.2535665101640834
ENSMUSG00000020321	-0.0853565905358502	0.4608746998042169
ENSMUSG00000037624	-0.3832000680254512	-0.4917130151000811
ENSMUSG00000037017	-0.0381150519373166	0.4309379468821601
ENSMUSG00000113441	-0.2734188297294558	-0.3358510686403008
ENSMUSG00000024055	-0.0030272223906219	0.379756804391658
ENSMUSG00000121780	-0.1416852999964558	0.3403477264650286
ENSMUSG00000029076	-0.0710777823626454	0.3756445960177029
ENSMUSG00000058935	-0.3180306633492589	-0.409112933207696
ENSMUSG00000103676	-0.2932446771301883	-0.2463431096618013
ENSMUSG00001074846	-0.391470115552847	-0.3182883508380197
ENSMUSG00000029671	-0.1900285405101903	-0.2172463936536173
ENSMUSG00000018659	-0.243747853020825	0.301765068085618
ENSMUSG00000038206	-0.1466274486780882	0.5162417788647408
ENSMUSG00000110225	-0.4397117057507463	-0.1953387733801626
ENSMUSG00000112690	-0.2782749335680018	0.5121863260135059
ENSMUSG00000095103	-2.0	-2.0
ENSMUSG00000074067	-0.3242487796720424	-0.2636790635682285
ENSMUSG00000020081	-0.2146107917368026	-0.0974526771388119
ENSMUSG00000021508	-0.2221037553287346	0.0327918801155284
ENSMUSG00000062128	-0.3319361024808856	-0.4521624556397497
ENSMUSG00000025083	-0.2654645066350847	-0.0866884188140259
ENSMUSG00000052738	-0.0406364902055382	0.459395503682661
ENSMUSG00000031016	-0.0293455996668449	0.4031342535905446
ENSMUSG00000073424	-0.2704171600645036	-0.2067066151660832
ENSMUSG00000018405	-0.1139392699578939	0.3796151255173768
ENSMUSG00000113856	-0.3794369425499353	-0.3378129796354682
ENSMUSG00000063063	-0.5250216206734108	-0.0786226857665201
ENSMUSG00000112402	-0.6109168826691144	-0.4787125812992849
ENSMUSG00000085886	-0.1278560858745506	0.4342603176118373
ENSMUSG00000086576	-0.301706284166833	-0.6235505763663086
ENSMUSG00000041471	-0.1305555280929186	0.4060517929925787
ENSMUSG00000015619	-0.2276517375683108	-0.1521030982360035
ENSMUSG00000121734	-0.5040140999034166	-0.412096955460399
ENSMUSG00000116767	-0.3290787225643649	-0.2545257787443937
ENSMUSG00000098255	-0.8659098875782987	0.1606185723994738
ENSMUSG00000039065	-0.1303460461735553	0.4740646717629102
ENSMUSG00000071415	-0.0749884080512066	0.2496292572880595
ENSMUSG00000114515	-0.3601033161448059	0.4263544315978891
ENSMUSG00000020832	-0.1550210970974732	0.4864724184823876
ENSMUSG00000098243	-0.5248075255919773	-0.5096324925997437
ENSMUSG00000029022	-0.0936472850321692	0.2405202943519977
ENSMUSG00000020732	-0.4181376869274995	0.2332429023844703
ENSMUSG00000040722	-0.0632393227499452	0.3822555687176848
ENSMUSG00000096099	-0.4235480742958941	-0.557491069902451
ENSMUSG00000114489	-0.077386632465977	-0.3057030401679128
ENSMUSG00000113449	-0.3848096287446283	-0.7575122406973034
ENSMUSG00000027480	-0.3481349221274033	-0.1434712090210287
ENSMUSG00000023411	-0.0659743790513215	0.1141283891463825
ENSMUSG00000097373	-0.394362732528317	-0.0610935747090469
ENSMUSG00000038932	-0.0736265775503527	0.3288197915880423
ENSMUSG00000022262	-0.3036462327704465	-0.4140267896428755
ENSMUSG00000032291	-0.1663063144806388	0.3069504525429752
ENSMUSG00000113800	-0.091616864616254	-0.1008007530937156
ENSMUSG00000030649	-0.1055617537868669	-0.1161791824743534
ENSMUSG00000024087	-0.3528741613724424	0.0022959417577702
ENSMUSG00000085556	-0.6398119151010146	-0.5368634612130078
ENSMUSG00000039146	-0.4219164464176331	-0.5470053605309422
ENSMUSG00000026361	-0.0223094023460829	0.5057572943281369
ENSMUSG00000086241	-0.0245471436544623	-0.2493065101826881
ENSMUSG00000111843	-0.3234980525293896	-0.1932815633705896
ENSMUSG00000113760	-2.0	-2.0
ENSMUSG00000037386	-0.1922444983066291	0.4949172800011013
ENSMUSG00000040690	-0.3093211465811559	0.0606781267131897
ENSMUSG00000110704	-0.0135161595814592	-0.0243231255397265
ENSMUSG00000090358	-0.4295758535694121	0.4431455947070941
ENSMUSG00000113373	-0.1980074210760063	-0.177550113103751
ENSMUSG00000070526	-0.0616030754389512	-0.1080091949579208
ENSMUSG00000024376	-0.0119883134734395	0.4014570643213873
ENSMUSG00000036528	-0.1933967951877744	0.3904139235899216
ENSMUSG00000095975	-2.0	-2.0
ENSMUSG00000100286	-2.0	-2.0
ENSMUSG00000073111	-0.5389040199005786	-0.5304828332195902
ENSMUSG00000045775	-0.0568534547573343	-0.1555655723672143
ENSMUSG00000120992	-0.0974078911871556	0.3394693294979317
ENSMUSG00000104312	-0.3090609373633589	0.3558463627381784
ENSMUSG00000031364	-0.7419279071239154	-0.580179977357346
ENSMUSG00000086760	-0.3892063970149672	-0.2272747043710412
ENSMUSG00000102179	-0.1086033903071404	-0.0442247262852269
ENSMUSG00000079025	-0.2293564997559093	-0.1522832579558704
ENSMUSG00000115821	-0.3240089610968742	0.1137077003321915
ENSMUSG00000030757	-0.1894320081939513	0.4928483561698871
ENSMUSG00000042496	-0.0354834528762483	0.4802139744151421
ENSMUSG00000114473	-0.5038987906708834	-0.5403530721277443
ENSMUSG00000097110	-0.5112268350594236	-0.6310492544827238
ENSMUSG00000040782	-0.0620036447218644	0.506118730914124
ENSMUSG00000025089	-0.3414654743742948	-0.0114490691715989
ENSMUSG00000003282	-0.0764649254133425	0.4728485626198838
ENSMUSG00000105320	-0.5257525494532028	-0.329491979019919
ENSMUSG00000003464	-0.0815130549111749	0.2694844573015113
ENSMUSG00000006471	-0.0126636024236282	0.2642575995970969
ENSMUSG00000032589	-0.1217217304371527	0.1886795856066616
ENSMUSG00000020744	-0.1215131332902606	0.3741806436004996
ENSMUSG00000040794	-0.0162262671957377	-0.1438599504703373
ENSMUSG00000087431	-0.5432678560937583	-0.7591543844799743
ENSMUSG00000022518	-0.1900368819055805	-0.2702713340055424
ENSMUSG00000020171	-0.1479509768181383	0.4975645814373222
ENSMUSG00000100010	-0.535811015598973	-0.5351826943740161
ENSMUSG00000116809	-0.705194715622006	-0.6997510465597576
ENSMUSG00000096472	-0.4487881973441348	0.3160748153313293
ENSMUSG00000117994	-0.0835999599532498	-0.1480777496004937
ENSMUSG00000101958	-0.2999351307811268	-0.3982317353748417
ENSMUSG00000086953	-0.0237506495592494	-0.031217258259225
ENSMUSG00000038298	-0.1345587930527553	-0.1614076594746963
ENSMUSG00000019470	-0.0491389118444745	0.2469941421060155
ENSMUSG00000021346	-0.5255277525192565	-0.5771541889641421
ENSMUSG00000106367	-0.41989834202786	-1.3376003256738735
ENSMUSG00000037408	-0.1790769368669009	0.3706200309304049
ENSMUSG00000030172	-0.0788479053324363	0.4506736469143071
ENSMUSG00000097307	-0.1123218351950267	-0.3609867510270638
ENSMUSG00000110136	-0.0419648540145629	0.2556347486059542
ENSMUSG00000032507	-0.0591543330747543	0.3464143973444002
ENSMUSG00000107624	-0.131141934217698	-0.1314812254676176
ENSMUSG00000114125	-0.2890517520431433	0.2937681488037369
ENSMUSG00000061524	-0.1077978392271839	0.2858866178667816
ENSMUSG00000028106	-0.0243857801645972	0.3965396726838016
ENSMUSG00000022150	-0.2691762342405041	-0.3555878235303623
ENSMUSG00000090693	-0.1089420361156212	-0.2517420417022626
ENSMUSG00000032407	-0.0274542136831933	0.443974490761262
ENSMUSG00000002668	-2.0	-2.0
ENSMUSG00000103324	-0.4608521355807711	-0.5128033452650658
ENSMUSG00000099622	-0.4362314261448625	-0.2918997972616605
ENSMUSG00000029345	-0.0362575871257852	0.4132796418630391
ENSMUSG00000040123	-0.1617695584379135	0.4559208809992334
ENSMUSG00000108801	-0.0505634433852223	0.1061801502975335
ENSMUSG00000048920	-0.0432500812439264	0.4336280852290814
ENSMUSG00000112873	-0.4119083245158916	-0.4236549634906421
ENSMUSG00000104503	-0.024536666072589	-0.0759418467984511
ENSMUSG00000101891	-2.0	-2.0
ENSMUSG00000086896	-0.4834286148676074	-0.3462171014896549
ENSMUSG00000039496	-0.3502799001936964	0.4089701872535506
ENSMUSG00000114203	-0.3291704874592885	0.0484818904216761
ENSMUSG00000095189	-0.8179101911787601	-0.5178839491059375
ENSMUSG00000029655	-0.0159842401804414	0.318473215694921
ENSMUSG00000109179	-0.1250814402648256	-0.0899716382889354
ENSMUSG00000030782	-0.1179785787094066	0.1733005107252904
ENSMUSG00000093400	-0.3924501929756814	-0.3844682501783661
ENSMUSG00000108908	-0.6890734842360692	-0.4959047369223504
ENSMUSG00000115020	-0.408366728311605	-0.3088896738034677
ENSMUSG00000046637	-0.1083149407389058	-0.2990143425167381
ENSMUSG00000092366	-0.7476026591804478	-0.4595068508154664
ENSMUSG00000031862	-0.0341950347098952	0.4168421329077928
ENSMUSG00000025808	-0.3847335798138161	-0.252710511014317
ENSMUSG00000074651	-0.2729745094909037	-0.1800197125033297
ENSMUSG00000104147	-0.3589536521017321	-0.5998414198450724
ENSMUSG00000020163	-0.4359400039898011	0.2203340716640944
ENSMUSG00000111236	-0.3701555086569965	-0.2923405898118729
ENSMUSG00000029125	-0.1291973356339586	0.436424099508113
ENSMUSG00000048307	-0.0597069951539743	0.3619109563829453
ENSMUSG00000094612	-0.4647926968839429	-0.4250426695222995
ENSMUSG00000110491	-0.3141345274847639	0.3875645769061288
ENSMUSG00000002409	-0.0697413989770752	0.3555802376584471
ENSMUSG00000104346	-0.0237777140901917	0.1788860523142363
ENSMUSG00000032562	-0.030128783170088	0.3957295667006786
ENSMUSG00000050808	-2.0	-2.0
ENSMUSG00000071181	-0.165810303215098	0.4555556067492494
ENSMUSG00000090088	-0.3103022617817663	-0.1084848430017531
ENSMUSG00000083170	-2.0	-2.0
ENSMUSG00000058132	-2.0	-2.0
ENSMUSG00000107439	-0.4787002109533775	-0.4831844412221321
ENSMUSG00000034906	-0.1297720723119139	0.4909807486142559
ENSMUSG00000101903	-0.2509574092862725	-0.3440701988373804
ENSMUSG00000044352	-0.0787600110325757	-0.1152435940699641
ENSMUSG00000004651	-0.632473749651643	-0.3228326735449471
ENSMUSG00000038722	-0.0635909230387575	0.3132393587860029
ENSMUSG00000120283	-0.2237375442432397	0.2277921260501068
ENSMUSG00000089900	-0.0202475457417823	-0.0410325872154688
ENSMUSG00000113200	0.036447715262427	-0.0403185191122111
ENSMUSG00000085122	-0.2179486881095002	-0.2450793539301959
ENSMUSG00000085924	-0.4887612092368951	-0.7001810276416891
ENSMUSG00000067656	-0.4097954790067121	-0.7399113360286047
ENSMUSG00000057021	-0.7614219233820277	-0.5375151818347506
ENSMUSG00000095172	-2.0	-2.0
ENSMUSG00000085418	-0.3306974411582972	-0.3476635208108879
ENSMUSG00000036104	-0.079154945970159	0.5046940012606305
ENSMUSG00000032852	-0.2932250549611213	0.1726875636886509
ENSMUSG00000103575	-0.3567082396866039	-0.2644841351254715
ENSMUSG00000094493	-0.2830534916395132	-0.6166536740067694
ENSMUSG00000028104	-1.243715729099528	-2.0
ENSMUSG00000103261	-0.3869266395227387	-0.3712062101378354
ENSMUSG00000027070	-0.1539104196420159	0.3592110909794653
ENSMUSG00000048728	-0.1415436536931603	0.3860792718090634
ENSMUSG00000110378	-0.4957989868414217	0.4197684495739415
ENSMUSG00000048215	-0.2309672918182169	-0.2500748614791871
ENSMUSG00000095134	-2.0	-2.0
ENSMUSG00000032265	-0.2903079945647172	0.2614701384216251
ENSMUSG00000062201	-0.9090156494835548	-0.5538892907789394
ENSMUSG00000105720	-0.4431636452728927	-0.2810008597852208
ENSMUSG00000096497	-0.6292378777539073	-0.4990903965098384
ENSMUSG00000118036	-0.3425836601885189	-0.5401954296415695
ENSMUSG00000116493	-0.2772001231428482	-0.3230407748247426
ENSMUSG00000110285	-0.436859601521629	-0.2096665524248397
ENSMUSG00000033819	-0.8251973204891329	0.0517724453299451
ENSMUSG00000087397	0.2736710743441954	0.1200960102094049
ENSMUSG00000110312	-0.4899563261981312	-0.429535520401782
ENSMUSG00000112841	-0.2970897642394851	-0.4533305213094968
ENSMUSG00000020948	-0.1677941772989494	0.4428433580513223
ENSMUSG00000024277	-0.157554525273568	0.2973520603951173
ENSMUSG00000086630	-0.2053308840195975	-0.0942680006861792
ENSMUSG00000103468	-2.0	-2.0
ENSMUSG00000072934	-0.5898638027662371	-0.7289561838856382
ENSMUSG00000052014	-0.358863342443214	-0.3266782522246357
ENSMUSG00000112767	-0.4864848902412053	-0.430996979336554
ENSMUSG00000014907	-0.0460921227087333	0.3748934530862495
ENSMUSG00000112959	-0.2320122735203516	0.046093461073192
ENSMUSG00000096154	-0.8332770803451041	-1.194386335078783
ENSMUSG00000074899	-0.0913041046113156	0.0669107292831611
ENSMUSG00000103188	-0.266381809765186	-0.4587083342251449
ENSMUSG00000091259	-0.6524069892277868	-0.5402252600944194
ENSMUSG00000086384	-0.3783987747495143	-0.4121880704455247
ENSMUSG00000102674	-0.3339733120648542	-0.5767531427560445
ENSMUSG00000021379	-0.3066324157598261	0.5088210362081322
ENSMUSG00000038526	0.0659952137717531	0.0893032496958865
ENSMUSG00000032846	-0.1341795863630252	0.5314112129194706
ENSMUSG00000028896	-0.0890326699069658	0.2513354469566256
ENSMUSG00000042079	-0.0420622577561748	0.3470771725818396
ENSMUSG00000087141	-0.2541543173050961	0.5290017519923947
ENSMUSG00000121637	-2.0	-2.0
ENSMUSG00000024601	-0.1740036366693751	0.4557770586176951
ENSMUSG00000029403	-0.2672865884232696	0.2938017104278879
ENSMUSG00000029061	0.030765717821399	0.1494174259846802
ENSMUSG00000043157	-0.4941073349271592	-0.8077265057174462
ENSMUSG00000087205	-0.6178184972806466	0.5793932419335255
ENSMUSG00000091897	-2.0	-2.0
ENSMUSG00000049018	-0.3234819722646547	-0.630459767829582
ENSMUSG00000091605	-0.4039587170329888	-0.460290017946334
ENSMUSG00000039891	-0.27259149145885	0.1329107710792094
ENSMUSG00000111097	-0.4280774500970349	-0.4653862417380948
ENSMUSG00000115118	-0.2079138250244631	-0.262973168533737
ENSMUSG00000058052	-0.3368954753862807	-0.2284489690515253
ENSMUSG00000050926	-0.8371895430712772	-0.2423574348188626
ENSMUSG00000032936	-0.2296821308630255	0.3615026998370775
ENSMUSG00000020907	-0.295916606585257	-0.3964460025839974
ENSMUSG00000009630	-0.0284579027286778	0.4868966877261851
ENSMUSG00000112749	-0.43312336766673	-0.5548776170944194
ENSMUSG00000050577	-0.671175319937873	-0.6804577407324766
ENSMUSG00000039187	-0.0117665738337967	0.2387970590951044
ENSMUSG00000026479	-0.1670864878158751	0.2131319002616294
ENSMUSG00000033184	-0.0806407014390996	0.2619652626245465
ENSMUSG00000089872	-0.0467941814578313	0.4903201003487432
ENSMUSG00000091185	-0.0625477084544914	-0.1179315113966616
ENSMUSG00000098758	-0.7566971372490884	-2.0
ENSMUSG00000073052	-0.2872567163119128	-0.0260541335628559
ENSMUSG00000046130	-0.5190179965044287	-0.2206162352732644
ENSMUSG00000108683	-0.5676170657905778	-0.2812897669973395
ENSMUSG00000039693	-0.0285667016576484	0.2844185508673949
ENSMUSG00000118549	-0.2654446598313338	-0.4122378877540531
ENSMUSG00000036551	-0.1679322479183759	-0.8543481499952754
ENSMUSG00000045934	-0.2146152052964403	0.0672468454808884
ENSMUSG00000121557	-2.0	-2.0
ENSMUSG00000041035	-0.042479101602585	0.3322400531219392
ENSMUSG00000048186	-0.2988113896145671	0.1793776938033765
ENSMUSG00000028738	-0.1856443769608508	0.003919659152269
ENSMUSG00000073916	-0.5800923072845683	-0.5903525572527426
ENSMUSG00000007564	-0.0598859218799895	0.5008767379844551
ENSMUSG00000073144	-0.0810452019669348	0.3437848193473101
ENSMUSG00000093806	-0.6024297854393149	0.0855716189062035
ENSMUSG00000090207	-0.0991725992959264	0.3149945000942911
ENSMUSG00000121272	-0.0011909033393156	0.0020603489610122
ENSMUSG00000087207	-2.0	-2.0
ENSMUSG00000097497	-0.4760801100826433	0.4025248032017621
ENSMUSG00000050641	-0.3180209082014862	-0.362447432422061
ENSMUSG00000111074	-0.3674309596973957	-0.3977800006351267
ENSMUSG00000094942	-0.0609836219564331	0.3955095096370354
ENSMUSG00000028927	-0.1397926009241586	0.2208036576898163
ENSMUSG00000040751	-0.1323882819694775	-0.0038903237932916
ENSMUSG00000090059	-0.5211634889371092	-0.5564572761534997
ENSMUSG00000053198	-0.0142442696088331	0.0270310899381053
ENSMUSG00000003418	-0.3506406033690932	0.1321411711791297
ENSMUSG00000094973	-0.1581085631371026	-0.0730148205621933
ENSMUSG00000016200	-0.1797501860598103	0.4858043035332473
ENSMUSG00000121324	-2.0	-2.0
ENSMUSG00000087289	-0.4031371315202144	-0.3625873495874895
ENSMUSG00000026407	-0.3435863061113025	-0.5340123834358983
ENSMUSG00000106245	-0.4294797093994166	-0.423109965374818
ENSMUSG00000006191	-0.1080480697756827	0.4711009317203833
ENSMUSG00000103809	-0.7103740403668226	-0.366376841943387
ENSMUSG00000021375	-0.0932498288880798	0.5245578650529745
ENSMUSG00000062103	-0.4181310899243216	-0.6728099112512315
ENSMUSG00000071722	-0.4573062501819608	0.4300247183561339
ENSMUSG00000015605	-0.0951465624267385	0.408349882191813
ENSMUSG00000025470	-0.3005272000991434	0.4312894451890573
ENSMUSG00000117620	-0.3415895794022225	-0.5664788488573099
ENSMUSG00000108573	0.0183619997994303	-0.0160962679497653
ENSMUSG00000091155	-0.2069036442899123	-0.4925038514923553
ENSMUSG00000019370	-0.1103990456340247	0.4750397679208082
ENSMUSG00000030351	-0.4005811508536541	-0.3098351371171866
ENSMUSG00000120777	-0.026885360241941	0.3305269998595078
ENSMUSG00000019992	-0.1169365428329019	0.2565705514774947
ENSMUSG00000079110	-0.2322630878471823	-0.1445111309169538
ENSMUSG00000073551	-0.3685322845681181	-0.2705883322213953
ENSMUSG00000025782	-0.0635389390283639	0.3905458330862382
ENSMUSG00000032342	-0.0829202761847042	0.3819896505238032
ENSMUSG00000086992	-0.2039658875712018	-0.3038282037997269
ENSMUSG00000090231	0.150181501675857	-0.134264299208809
ENSMUSG00000119978	-0.3672470023375496	-0.4056744223343152
ENSMUSG00000026640	-0.3654195593686699	0.2252697281058455
ENSMUSG00000025555	-0.2295151591667671	0.323847119391687
ENSMUSG00000026592	-0.3278256390515807	-0.2811135123972854
ENSMUSG00000084916	-0.4989697830532253	-0.3562041690726599
ENSMUSG00000087602	-0.4458365921392683	-0.8208619047089617
ENSMUSG00000047388	-0.0342565922731577	0.2876248420352955
ENSMUSG00000114617	-0.2246070084919811	-0.2637303780567251
ENSMUSG00000110170	-0.0137436357042899	-0.1542921425366504
ENSMUSG00000026180	-0.3160057557981738	-0.3196508867624088
ENSMUSG00000111928	-0.2518628504702757	-0.3885220474120687
ENSMUSG00000029823	-0.0252608573169373	0.5182229967466566
ENSMUSG00000062391	-0.308516242117493	-0.4141685300120533
ENSMUSG00000029587	-0.0823364507188967	0.4832794021413996
ENSMUSG00000120487	-0.4159452739737705	-0.3081448971223299
ENSMUSG00000024811	-0.0221612076621911	0.5025153356267665
ENSMUSG00000019905	-0.4039734691790183	-0.4843846914053894
ENSMUSG00000024340	-0.302417330646012	-0.333006988950173
ENSMUSG00000051079	-0.4453068845734473	-0.7901215098027703
ENSMUSG00000027878	-0.1025366521015002	0.4965242095726426
ENSMUSG00000102252	-0.7245384539236617	-2.0
ENSMUSG00000097743	0.0274053080770839	-0.1232651255474902
ENSMUSG00000048271	-0.0196905018786437	0.5475278378630963
ENSMUSG00000062629	-0.385623047156848	-0.8009055404348002
ENSMUSG00000063507	-0.4487969857357136	-0.7577399107225499
ENSMUSG00000108088	-0.7212063543706607	-0.4986805130734691
ENSMUSG00000086447	-0.2311930968073837	-0.4497882850240426
ENSMUSG00000093903	-2.0	-2.0
ENSMUSG00000044005	-0.0835692144401283	0.4694629489578606
ENSMUSG00000117199	-0.260986665006564	0.088439669634945
ENSMUSG00000084309	-0.1828217679161409	-0.553953944036733
ENSMUSG00000023143	-0.1763536521734519	0.4317502750542876
ENSMUSG00000107804	-0.4506800883676279	-0.672997230907716
ENSMUSG00000057207	-0.4438504943459489	-0.9021957751720948
ENSMUSG00000100911	-0.257092079400174	-0.1119685172857063
ENSMUSG00000020120	-0.4357530486675623	-0.2103097409994439
ENSMUSG00000097456	-0.2104804881881507	0.0226041980452457
ENSMUSG00000025268	-0.189836060232061	0.0633797512862075
ENSMUSG00000074737	0.0609248981197818	0.3363636580833924
ENSMUSG00000097988	0.0063400571838419	0.2895019957638082
ENSMUSG00000030110	-0.3237139955325455	0.1173675591218755
ENSMUSG00000021810	-0.0463782996018521	0.4859229150823832
ENSMUSG00000071019	-0.4335502510915587	-0.6438446007970091
ENSMUSG00000002250	-0.0111442726055752	0.1666603739275791
ENSMUSG00000071937	-0.2384257520639939	-0.4739790633660461
ENSMUSG00000100089	-2.0	-2.0
ENSMUSG00000009555	-0.1123293724761454	0.3631149830613122
ENSMUSG00000074579	-0.3354860755892138	0.3658655820133968
ENSMUSG00000031374	-0.5963699538776764	-0.5959528288390685
ENSMUSG00000031118	-0.6306241883559437	-0.5330425655696768
ENSMUSG00000035528	-0.4127747736832533	-0.2600915831480244
ENSMUSG00000117802	-0.4371645708003594	-0.4988763518907079
ENSMUSG00000111146	-0.1161216421006338	-0.2368851108165694
ENSMUSG00000040648	-0.1200563245003017	0.4668747350177203
ENSMUSG00000027472	-0.0914627616898662	0.2782266421814744
ENSMUSG00000026668	-0.2196123997811289	-0.3295659934140352
ENSMUSG00000058883	-0.0864858082415695	0.101133543412874
ENSMUSG00000108620	-0.0082668050090537	0.054493549687427
ENSMUSG00000079263	-0.6331718902993417	-0.4979926276522443
ENSMUSG00000034928	-0.0342532087300945	0.4570703550506066
ENSMUSG00000115173	-0.3450635206389075	-0.4015769939902901
ENSMUSG00000022292	-0.1775582182370569	0.3639352303458107
ENSMUSG00000117650	0.086883516020984	-0.3544547307194555
ENSMUSG00000106123	-0.3792151752209231	-0.2327755430779657
ENSMUSG00000103954	-2.0	-2.0
ENSMUSG00000031482	-0.069773322881751	0.4959989293565714
ENSMUSG00000028859	-0.2986613968108458	-0.1947890264872596
ENSMUSG00000052182	-0.5763644847335642	-0.6412681923917048
ENSMUSG00000080222	-0.4054976190567564	-0.5659890116496826
ENSMUSG00000096254	-0.748347133004476	-1.0527437574903806
ENSMUSG00000048620	-0.4031142769346468	-0.4104621352580451
ENSMUSG00000055357	-0.7441117160394686	-0.8090510898129608
ENSMUSG00000003380	-0.1250389254243467	0.3646301554270152
ENSMUSG00000098530	-0.0178160870246773	0.3066188619235373
ENSMUSG00000097484	-0.3805923372452736	-0.2529919084199616
ENSMUSG00000022463	-0.0169456623565709	0.3772625279463366
ENSMUSG00000062245	-0.6432666854082569	-0.490270996364994
ENSMUSG00000030731	-0.0342263292967447	0.3065885059699166
ENSMUSG00000121388	-0.3240600648766547	-0.3107792520891992
ENSMUSG00000121861	-0.2589904568025728	0.3702450655341792
ENSMUSG00000039646	-0.0062726913576349	0.2211418380545545
ENSMUSG00000103211	-2.0	-2.0
ENSMUSG00000062694	-0.3928691564941688	-0.2544235600627555
ENSMUSG00000112854	-0.4118046908753408	-0.3442021690142257
ENSMUSG00000108378	0.0173306457134694	-0.0334718467089134
ENSMUSG00000007815	-0.0561620425385459	0.4256056189018864
ENSMUSG00000121467	-0.90872165483133	-0.6443166626006271
ENSMUSG00000062044	-0.0461060310672159	0.1195373634329944
ENSMUSG00000041840	-0.0607920533879253	0.3626682919203692
ENSMUSG00000073601	-0.731305935379767	-0.6172313596645957
ENSMUSG00000025468	0.0165757528228794	-0.368214003809137
ENSMUSG00000001739	-0.0954407856010667	0.0117741378672559
ENSMUSG00000022315	-0.2836176493023268	-0.3787956666165467
ENSMUSG00000105637	-0.647765755670871	-0.4672921605109059
ENSMUSG00000107373	-0.2367195418611955	-0.3808774807538782
ENSMUSG00000086201	-1.4039329570242705	-2.0
ENSMUSG00000068099	-0.018059046801351	-0.1946118419485521
ENSMUSG00000086727	-0.4008333405596715	-0.4832473349231373
ENSMUSG00000102135	-0.1997778320342712	-0.0912448374796971
ENSMUSG00000042487	-0.0378144614053618	0.4046390954120072
ENSMUSG00000121127	-0.2039806138637206	-0.6218627539452943
ENSMUSG00000039629	-0.1829676125953949	0.3443985620664713
ENSMUSG00000095356	-2.0	-2.0
ENSMUSG00000028785	0.0288228916528007	-0.1101957034322687
ENSMUSG00000034110	-0.0526504982334155	0.3971596625697039
ENSMUSG00000027905	-0.0725223599672017	0.4561093287195984
ENSMUSG00000116114	-0.1444642481795662	-0.116713525642882
ENSMUSG00000034614	0.0769061083929334	-0.1916613916230248
ENSMUSG00000097805	-0.3954167192109246	-0.2968670607658437
ENSMUSG00000028901	-0.0063676978450327	0.3066038557144803
ENSMUSG00000032807	-0.3409252642595813	-0.249139837981007
ENSMUSG00000045065	-0.1839938794347185	-0.4321068754832844
ENSMUSG00000087628	-0.2107578310372597	-0.2722847509881508
ENSMUSG00000035133	-0.0725301610369294	0.534999510236692
ENSMUSG00000108025	-0.5633374544353251	-0.4097735655789239
ENSMUSG00000022280	-0.0442571367410666	0.5159858454668572
ENSMUSG00000105705	-0.3866735083947414	-0.1061174509879455
ENSMUSG00000093559	-0.1773937920633474	0.1012195531798344
ENSMUSG00000055561	-0.4973052841138448	-0.7301706497790084
ENSMUSG00000086506	-0.3772939172800517	-0.167056116572908
ENSMUSG00000027805	-0.0335860382216915	0.3020433244659316
ENSMUSG00000049658	-0.0232321620525467	0.3974658477841293
ENSMUSG00000031328	-0.0121683593452316	-0.155915793077834
ENSMUSG00000018171	-0.041170461420924	0.406183401514826
ENSMUSG00000120851	-0.1266003370419716	0.2597880496721116
ENSMUSG00000038844	-0.2841002312453043	0.2200256165830618
ENSMUSG00000041891	-0.0330499645219319	0.4271035797665384
ENSMUSG00000112826	-0.3375642320944906	-0.4110805513033728
ENSMUSG00000104665	-0.1703013210357859	-0.312073489095687
ENSMUSG00000115693	-0.0059066084241362	-0.1032266136400603
ENSMUSG00000078502	-0.011100251239284	0.3023097113868506
ENSMUSG00000020544	-0.2712473373480185	0.5079429916015826
ENSMUSG00000110672	-0.3831371023094123	-0.548694777587542
ENSMUSG00000035642	-0.0745512458746306	0.4419705464947741
ENSMUSG00000094317	-2.0	-2.0
ENSMUSG00000113399	-0.356155687565367	-0.3932440562341546
ENSMUSG00000028121	-0.1387145285359975	0.4348268494325462
ENSMUSG00000090713	-2.0	-2.0
ENSMUSG00000024962	-0.1990948139975877	0.2124209416883556
ENSMUSG00000021546	-0.0211256231383434	0.2498369733678276
ENSMUSG00000029193	-0.2660419012751063	-0.5652823117276993
ENSMUSG00000079593	-0.6064807409722445	-0.700892968319252
ENSMUSG00000020941	-0.0557398620724898	0.4156946796571718
ENSMUSG00000025876	-0.2136960180425238	0.2540961467868761
ENSMUSG00000015533	-0.3975356516621975	-0.2180270301372272
ENSMUSG00000036980	-0.0095600880301696	0.4660495466645317
ENSMUSG00000117333	-0.3506355401615849	-0.1817727863440327
ENSMUSG00000051586	-0.0379939754768035	0.0575537508579768
ENSMUSG00000021950	-0.1958571587731467	0.0745631745906921
ENSMUSG00000029787	-0.0866944635954806	0.5211684309328206
ENSMUSG00000071005	-0.2684802117333749	-0.2344345558616252
ENSMUSG00000024787	-0.2694543097352946	0.3029355322450121
ENSMUSG00000026931	-0.3249506568024863	0.0659805892229263
ENSMUSG00000075569	-0.2013949267959328	0.279954249754632
ENSMUSG00000104275	-0.2237975968589667	-0.2209099517708248
ENSMUSG00000034254	-0.1233802765035203	0.2365810917825917
ENSMUSG00000020020	-0.0820727941732317	0.4342961069870816
ENSMUSG00000028184	-0.2334261070920551	0.2822103687976931
ENSMUSG00000091805	-0.5930209781530918	-0.8192305437900446
ENSMUSG00000091573	-0.3374733500321696	-0.3958714256358953
ENSMUSG00000030347	-0.1090087922076481	0.438691359795867
ENSMUSG00000048327	-0.0394023299781454	0.449110751803455
ENSMUSG00000092614	-2.0	-2.0
ENSMUSG00000090272	-0.4894284503859674	-0.304889891756739
ENSMUSG00000069303	-0.6238776842424303	0.4380658665903507
ENSMUSG00000024831	-0.0373051365401383	0.4680077389288652
ENSMUSG00000111885	-0.7087506191650147	-0.5966701066656179
ENSMUSG00000028029	-0.0644423549069859	0.4427305526613714
ENSMUSG00000070972	-0.0519642712613533	0.2247976504235329
ENSMUSG00000093551	-0.3984036482799701	-0.5144631169132489
ENSMUSG00000028007	-0.374002686181558	0.4047632662893457
ENSMUSG00000020178	-0.3137660415417456	0.0127733829406089
ENSMUSG00000105055	-0.0763454096246031	0.0055511353753776
ENSMUSG00000021485	0.009956202086513	0.1343422483791663
ENSMUSG00000101195	-0.4201910321835039	-0.4912056373075879
ENSMUSG00000039396	-0.2824370023467684	0.4089609739022606
ENSMUSG00000040017	-0.3510499447189174	-0.5163077719055958
ENSMUSG00000028458	-0.0211672982687605	0.2801566177545461
ENSMUSG00000121902	-0.3169320584634245	-0.3367235905565883
ENSMUSG00000002870	-0.0085374311644963	0.185348336383097
ENSMUSG00000040855	-0.5716280292831616	-0.1504517298156371
ENSMUSG00000056271	-0.305992872078174	-0.221224104520563
ENSMUSG00000121220	-0.4061510445630297	-0.0519555681209942
ENSMUSG00000109783	-0.3540288228952876	-0.3313176340730173
ENSMUSG00000092192	-0.0552500229125405	0.3240465137417618
ENSMUSG00000037716	-0.1999718796325414	-0.352185297604941
ENSMUSG00000058145	-0.3692384465221931	0.2285838940374281
ENSMUSG00000028465	-0.0330942058739548	0.3159674081896194
ENSMUSG00000117437	-0.5381080851947274	-0.4828756015193224
ENSMUSG00000078122	-2.0	-2.0
ENSMUSG00000086264	-0.1426437386598113	0.3138562574574564
ENSMUSG00000074625	-0.2724689904902294	-0.377273625312746
ENSMUSG00000075054	-0.01937550870334	0.4953272748222034
ENSMUSG00000036057	-0.049174512017124	0.4247170306895656
ENSMUSG00000045790	-0.3924021656389402	0.016730647510741
ENSMUSG00000117931	-0.5392124730349145	-0.8509577212363815
ENSMUSG00000062937	-0.0321825453115225	0.4030865315819719
ENSMUSG00000036437	-0.4191108180480052	-0.1294273262657898
ENSMUSG00000112519	-0.2221798081608971	0.0783614658095368
ENSMUSG00000029620	-0.0642662748998314	-0.2174650311010494
ENSMUSG00000002900	-0.1127743037575887	0.4324725329667944
ENSMUSG00000069292	-0.4518743591769608	-0.2935012118938453
ENSMUSG00000109436	-0.2964292153309968	-0.2595181090825308
ENSMUSG00000085240	-0.4363990848472622	-0.2219780438513831
ENSMUSG00000024228	-0.3005277206498281	-0.0333728799998301
ENSMUSG00000067006	-0.4829703273990374	-0.2981570200735466
ENSMUSG00000049878	-0.0127474053918276	0.4544143141670821
ENSMUSG00000085106	-0.0135865945345313	-0.2617223412614506
ENSMUSG00000002064	-0.0179314850232142	0.2257418097001984
ENSMUSG00000098505	-0.4236690176907399	-0.4852666161657831
ENSMUSG00000091390	0.0219648764969862	-0.128330409664493
ENSMUSG00000020623	-0.128327258240007	0.3778469607259286
ENSMUSG00000092558	-0.0516472918701911	0.3041073351657754
ENSMUSG00000108307	-0.3169239496963615	-0.2064997678621874
ENSMUSG00000113380	-0.0120576973132481	0.0367941193661204
ENSMUSG00000110230	-0.1431620362728601	0.1308143147814054
ENSMUSG00000102317	-0.7913300004147883	-0.7092737410914524
ENSMUSG00000117757	-0.3151916087982659	0.4214505806877628
ENSMUSG00000024795	-0.034803757097216	0.4395313183876848
ENSMUSG00000049797	-0.4617728347120369	-0.4394781416904952
ENSMUSG00000062608	-0.8878896251055232	-1.242952153732505
ENSMUSG00000050105	0.315590013943945	-0.2528067150746072
ENSMUSG00000024781	-0.348513419634533	0.0922879589093912
ENSMUSG00000057378	-0.4253132687683372	-0.2575055065262549
ENSMUSG00000086330	0.0016203661921565	-0.0237902836153906
ENSMUSG00000052921	-0.1032059032435078	0.2938745655537292
ENSMUSG00000034919	-0.282090950153056	0.1871313169327518
ENSMUSG00000104396	-0.7353247622786064	-0.3281121326241515
ENSMUSG00000006373	-0.0447768035879061	0.4187217897429064
ENSMUSG00000109149	-0.1043334114692849	-0.1932909163426617
ENSMUSG00000031845	-0.255025670163108	-0.3241982033923362
ENSMUSG00000099553	-0.1704719960930074	-0.2064780950615426
ENSMUSG00000103757	-2.0	-2.0
ENSMUSG00000084989	-0.0512526388643203	-0.2914762751849299
ENSMUSG00000086826	0.0865043341395647	-0.2222147244930132
ENSMUSG00000037762	-0.268932862475822	0.1498905485618718
ENSMUSG00000040013	-0.2928014323576883	-0.164417603494906
ENSMUSG00000047921	-0.0812931525742639	0.4276013214214895
ENSMUSG00000025142	-2.0	-2.0
ENSMUSG00000029608	-0.2497128971439947	-0.2304176880422727
ENSMUSG00000037683	-0.3860550586363349	-0.1710322114990054
ENSMUSG00000023995	-0.1910015273974139	-0.1731573696817781
ENSMUSG00000022668	-0.0451969370249704	0.4668634700798442
ENSMUSG00000121357	-0.5686625516668999	-0.4856583935594458
ENSMUSG00000097910	-0.3675981876702611	-0.3746933122260882
ENSMUSG00000120414	-0.5206596783441995	0.294740384449397
ENSMUSG00000113271	-0.472924081116955	-0.5544674067380263
ENSMUSG00000106962	-0.1226020443286559	-0.4012632746945823
ENSMUSG00000002733	-0.0673788234551967	0.3218932447038947
ENSMUSG00000115869	-0.3814916904130001	-0.4495375335794161
ENSMUSG00000085689	-0.3964150582688973	0.4658160374323946
ENSMUSG00000029564	-0.2243669823723268	-0.0802759696649234
ENSMUSG00000107799	-0.0978233167886054	-0.0005797356085398
ENSMUSG00000056899	-0.3691453632398815	0.5139643172771182
ENSMUSG00000034126	-0.0730462666249601	0.484064259702508
ENSMUSG00000085824	0.0496613970633034	0.3025016685407992
ENSMUSG00000102123	-0.3661299572540791	0.0349767951035641
ENSMUSG00000121889	-0.7491948663478146	-0.479836246660291
ENSMUSG00000082827	-0.5328170747947906	-0.7565887177513739
ENSMUSG00000113031	-0.2350179195033344	0.2985290897568772
ENSMUSG00000050545	-0.3210058875822386	0.5125005557776483
ENSMUSG00000018293	0.0143021605829358	0.1668987923250418
ENSMUSG00000114644	-0.4900894156690656	-0.3184847007244008
ENSMUSG00000031634	-0.187368692265028	0.4641692974209605
ENSMUSG00000027347	-0.3354746039763645	-0.1424324449850362
ENSMUSG00000102906	-2.0	-2.0
ENSMUSG00000046755	-0.7590740772930561	-0.2543658288441009
ENSMUSG00000020639	-0.3247203753620994	0.5091888075519662
ENSMUSG00000109870	-0.3798320771040051	-0.197230925445488
ENSMUSG00000068082	-0.3892031833836983	-0.4428565065609658
ENSMUSG00000026893	-0.3408180643633348	0.3266278872211015
ENSMUSG00000022617	-0.2103901008430635	0.3955280266703694
ENSMUSG00000082112	-0.3696760629622465	-0.0294790688736278
ENSMUSG00000037418	-0.070449273138833	-0.4105792647589237
ENSMUSG00000082618	-0.6971476249127041	-0.3653808767600599
ENSMUSG00000110567	-0.4685823994482206	-0.4306801288769188
ENSMUSG00000086665	-0.0330300948728291	0.3588557932242378
ENSMUSG00000081163	-0.3060670298561503	-0.4602794648198309
ENSMUSG00000041248	-0.345218755906777	-0.3905242643495685
ENSMUSG00000028630	-0.0473794689486253	0.4288731149029881
ENSMUSG00000075286	-0.1996625455187359	-0.0409785570484543
ENSMUSG00000086822	-0.1337098247162047	0.261139583053237
ENSMUSG00000073759	-0.2594546293995921	-0.2865166980078819
ENSMUSG00000044934	-0.057523261195787	0.4590201619616544
ENSMUSG00000020694	0.0031769417518932	-0.1536503912572043
ENSMUSG00000026153	-0.2783900141904392	0.5418245260907677
ENSMUSG00000086418	-0.01905693209389	-0.1044980063341449
ENSMUSG00000118125	0.2971978612353146	0.0352321192607541
ENSMUSG00000119994	-0.1643199531437122	0.2303170802198021
ENSMUSG00000009108	-0.08947409615914	-0.2550880212528095
ENSMUSG00000030082	-0.081646265735611	0.4398027408096839
ENSMUSG00000055799	-0.0343489919848458	0.3935151875218137
ENSMUSG00000097871	-0.2443278623902912	0.002324625915817
ENSMUSG00000053228	-0.3500137987400373	-0.4232232143447752
ENSMUSG00000104375	-0.5739855497825727	-0.5718415472893866
ENSMUSG00000038160	-0.2322055597040859	0.4277690548635435
ENSMUSG00000064141	-0.16146812299586	0.4953872416118881
ENSMUSG00000021773	0.2631273977618187	0.0259455276392475
ENSMUSG00000054036	-0.1729069019460277	-0.3022489452729358
ENSMUSG00000066803	-0.5661831400475179	-0.823182050764177
ENSMUSG00000054226	0.0011382694535909	-0.3399859283952672
ENSMUSG00000097962	-0.1239943918324574	-0.2908057078575945
ENSMUSG00000028246	-0.3664087473429973	0.160919638867959
ENSMUSG00000024742	-0.1998716796917335	0.2169745998743594
ENSMUSG00000028005	-0.4877997864766175	-0.2504437762395318
ENSMUSG00000097794	-0.2587043433167556	0.1954005079293254
ENSMUSG00000085477	-0.9748765767331312	-2.0
ENSMUSG00000067215	0.1347320248654571	0.3135723903714899
ENSMUSG00000100466	-0.2489141230376058	-0.1322013489393465
ENSMUSG00000040605	-0.4278245233074002	-0.14001148648789
ENSMUSG00000107619	-0.4210098981250403	-0.2641181027774247
ENSMUSG00000103929	-0.5328090469926733	-0.8044661941918053
ENSMUSG00000052154	-0.01180423659555	0.5019783904185832
ENSMUSG00000029097	-0.0773523795339496	0.4323223354599964
ENSMUSG00000052337	-0.04790987080886	0.4713366053977044
ENSMUSG00000033114	-0.2109667309695315	0.2395282057191588
ENSMUSG00000048582	-0.5603777677687924	-0.041798131909793
ENSMUSG00000087029	-0.3786327953033311	-0.0549641522408795
ENSMUSG00000096883	0.0549560653216063	0.0170007659911233
ENSMUSG00000083059	-0.3351956173976004	-0.0056883035465782
ENSMUSG00000118380	-0.1172080235590112	-0.4324276841139638
ENSMUSG00000031710	-0.1456180392262756	0.0596640474567501
ENSMUSG00000034160	-0.0261612248663677	0.4818999018706251
ENSMUSG00000083728	-0.2590070776699845	-0.0432192810096138
ENSMUSG00000016758	-0.1087503089572836	0.3733868908445807
ENSMUSG00000015627	-0.2813433878118143	-0.0195507391853594
ENSMUSG00000049950	-0.0028294183202595	0.3032863639976108
ENSMUSG00000056423	-0.5224397507418131	-0.319460533943366
ENSMUSG00000037166	-0.1035971440711834	0.1583057888363468
ENSMUSG00000043529	-0.4116356834299637	-0.3654388012201775
ENSMUSG00000035681	-0.3998634088771993	0.1855104810816013
ENSMUSG00000054046	-0.0489608575171759	0.0783924303923981
ENSMUSG00000075427	-0.1830896727369432	-0.1075297391982166
ENSMUSG00000085376	0.0343163582617698	0.0509894287258649
ENSMUSG00000111291	0.1864392794823271	0.0325768602895119
ENSMUSG00000091863	-0.6055549737369891	-0.547820575387534
ENSMUSG00000110670	-0.36358893944389	-0.3192490863469996
ENSMUSG00000075389	0.0500143775751555	0.2169403412284747
ENSMUSG00000086912	-0.265973150258485	-0.3802970181304337
ENSMUSG00000097068	-0.1605864416593942	0.2631980031547739
ENSMUSG00000121280	-0.2981280288788138	0.5334949770443655
ENSMUSG00000113533	-2.0	-2.0
ENSMUSG00000034471	-0.0770474399567147	0.2203701553824244
ENSMUSG00000030094	-0.0611172803274097	0.41338359662314
ENSMUSG00000102699	-0.3314130123758474	-0.4306136821484451
ENSMUSG00000037447	-0.0139018995745352	0.5336429452231178
ENSMUSG00000113228	-0.3099402566575198	-0.3697249177304577
ENSMUSG00000112913	-0.4628657416452849	-0.760455332615503
ENSMUSG00000102051	-2.0	-2.0
ENSMUSG00000031059	-0.3036747207984828	0.4463970394543192
ENSMUSG00000028412	-0.0432161147542048	0.3821103788273175
ENSMUSG00000048696	0.0160770900088147	0.1944421847284835
ENSMUSG00000025578	-0.0901458433023173	0.0738422806736821
ENSMUSG00000109314	0.0028828983898026	-0.0300659461698623
ENSMUSG00000106994	-0.0929552567690602	-0.1260309407727131
ENSMUSG00000019301	-0.0771350920477625	-0.013837600723521
ENSMUSG00000106995	-0.248917173707004	-0.3876254202868844
ENSMUSG00000079271	-2.0	-2.0
ENSMUSG00000060002	-0.174657113753688	0.4755857735190333
ENSMUSG00000109652	-0.0457599033144989	0.0258394736994514
ENSMUSG00000030804	-0.020116337381762	0.165160011972298
ENSMUSG00000121423	-2.0	-2.0
ENSMUSG00000034825	-0.295346473614235	0.0960690305470938
ENSMUSG00000090073	-0.3787543197715089	-0.3223286560353432
ENSMUSG00000109251	-0.075916086990499	-0.2572637169729398
ENSMUSG00000073684	-0.263148085970536	0.4951162147170374
ENSMUSG00000113184	0.0321556963494885	0.1345518038896174
ENSMUSG00000096141	-0.3655013683158669	-0.0574671401263231
ENSMUSG00000086360	-0.0440340632894882	-0.0546219269363455
ENSMUSG00000028957	-0.0566554850373656	0.3393886280428176
ENSMUSG00000073555	-0.3711181955758637	-0.6467882856146249
ENSMUSG00000114192	-0.5273520354926755	-0.3732351965997992
ENSMUSG00000092528	-1.1807607038339158	-1.5838789598317853
ENSMUSG00000097368	0.0021989026845525	-0.0598861212823634
ENSMUSG00000097342	-0.6086960757796122	-0.3837936745550798
ENSMUSG00000067578	-0.3170250498154122	-0.2843756601104762
ENSMUSG00000114980	-0.2865570050942857	-0.314735638690997
ENSMUSG00000117790	-0.3166229512883133	-0.5074421706982848
ENSMUSG00000002825	-0.1148886842800264	0.0135746459214032
ENSMUSG00000053644	-0.0513656396021167	0.3987477396765824
ENSMUSG00000039917	-0.0529717434889155	0.3828387212205134
ENSMUSG00000116937	-0.6951785349745777	-0.5448763057957261
ENSMUSG00000120674	-0.2875696893244007	-0.3719472110876485
ENSMUSG00000097825	-0.4156891336634535	-0.1956601702996065
ENSMUSG00000044726	-0.1560528750152252	-0.0070159356133473
ENSMUSG00000057424	-0.7897507373358331	-0.3827186123453415
ENSMUSG00000033075	-0.0102566877777637	0.3856570276830532
ENSMUSG00000040410	-0.2274688260566122	0.5338739493495535
ENSMUSG00000111555	-0.4225741535918026	-0.2746668869741956
ENSMUSG00000100301	-0.5164646217965628	-0.1978733423426952
ENSMUSG00000060254	-0.4671851296548509	-0.5833171634923653
ENSMUSG00000020806	0.0263134060301748	-0.4717411499516758
ENSMUSG00000033207	-0.3803503772051798	-0.289701521910977
ENSMUSG00000054135	-0.1420352211245034	-0.1258238615367024
ENSMUSG00000101436	-2.0	-2.0
ENSMUSG00000111354	-0.2767668685346029	-0.3219330847698357
ENSMUSG00000038174	-0.1156549049193172	0.446399214729576
ENSMUSG00000094840	-0.2109907326671528	-0.2209816059890162
ENSMUSG00000099051	-0.1572613649039476	0.0552845044570102
ENSMUSG00000018411	-0.061630602753141	0.4678161028003911
ENSMUSG00000027650	-0.0327723404603668	0.4501945870792706
ENSMUSG00000095625	-0.7825660683332724	-0.6814450214062581
ENSMUSG00000091455	-0.402793121431038	-0.5064580260455471
ENSMUSG00000016833	-0.2462398892227744	0.3604623860503069
ENSMUSG00000046562	-0.0278295728662883	0.0608339231452982
ENSMUSG00000075104	-0.6141421586881292	-0.7454896745585394
ENSMUSG00000021371	-0.1083415811221833	0.4680843105859459
ENSMUSG00000087109	0.1583004800671472	-0.2474136677172874
ENSMUSG00000075553	-0.1916219605283192	0.4455008319988275
ENSMUSG00000121205	-0.3248126641221288	-0.1164509850261141
ENSMUSG00000098854	-0.3268550001190451	-0.2679665323058424
ENSMUSG00000036244	-0.1669352906869772	-0.2298659771280165
ENSMUSG00000021639	-0.0413238549374942	0.4089251348166889
ENSMUSG00000092567	-0.5528016431852577	-0.618454991017466
ENSMUSG00000072753	-0.4091394479529482	-0.1111518816776891
ENSMUSG00000029465	-0.0555088394497305	0.339400157740289
ENSMUSG00000038539	-0.4047024527114298	0.3021221746923554
ENSMUSG00000036845	-0.233353410688743	0.0766892217026202
ENSMUSG00000026782	-0.050494847387553	0.517823784795947
ENSMUSG00000060724	-0.1848598211889109	-0.1576838832654367
ENSMUSG00000042386	-0.0644988808460227	0.3082219648983917
ENSMUSG00000105387	-0.4476231143503356	-0.3181379844392164
ENSMUSG00000111982	-0.4181386651123638	-0.260551094994414
ENSMUSG00000050103	-0.5876661472723907	-0.5540568991027208
ENSMUSG00000068270	-0.6337507953196149	0.3688370765743749
ENSMUSG00000090509	-0.2329243187625382	-0.26651385256916
ENSMUSG00000093663	-0.4231853079774142	-0.9496852187438818
ENSMUSG00000105651	-0.3816504087593538	-0.3676846612834413
ENSMUSG00000001763	-0.2097618577527342	0.4152278367742377
ENSMUSG00000080317	-0.3080721492919202	-0.6460941507451212
ENSMUSG00000057522	-0.0117182953073176	0.3930294919715221
ENSMUSG00000101484	-2.0	-2.0
ENSMUSG00000018417	-0.1038397801865589	0.3866066786262447
ENSMUSG00000070867	-0.4108364122036386	-0.1081843261913214
ENSMUSG00000117440	-0.0744032861644521	0.0339650797100958
ENSMUSG00000109595	-0.045955670564807	-0.341371484795149
ENSMUSG00000118227	-0.3943989155150204	-0.4084999805404761
ENSMUSG00000097092	-0.2627749057332517	0.3430878262058959
ENSMUSG00000100185	-0.8671906801803875	-0.6538580030527709
ENSMUSG00000085524	-0.043256222361791	-0.0812202605094598
ENSMUSG00000117467	-0.5967817134904391	-0.5371375255207538
ENSMUSG00000115715	-0.2168552414287613	-0.259860200242529
ENSMUSG00000007122	0.0560941740675592	-0.0990409955016868
ENSMUSG00000091381	-0.7702044421836343	-0.5091951483339797
ENSMUSG00000084945	-0.5640500661652957	-0.378212811080452
ENSMUSG00000102657	-0.1532814701715656	-0.0979204880112785
ENSMUSG00000079091	-0.4121395825985777	-0.4913655243284955
ENSMUSG00000018474	-0.0996222735949119	-0.1379398436631513
ENSMUSG00000109715	0.5129246855831451	-0.0331161407577331
ENSMUSG00000089652	-2.0	-2.0
ENSMUSG00000118090	-0.7441640980010629	-0.5078018484750428
ENSMUSG00000085335	-1.2179574399059043	-0.337178161805153
ENSMUSG00000091757	-2.0	-2.0
ENSMUSG00000042320	-0.0593626067846097	-0.431257411514858
ENSMUSG00000101170	-2.0	-2.0
ENSMUSG00000055926	-0.0549475915114938	0.036887558835194
ENSMUSG00000066477	-0.2913935402387799	-0.0781582464916449
ENSMUSG00000103716	-0.0679426676134755	-0.1378988075887784
ENSMUSG00000105504	-0.3157927301497444	-0.2951474550965393
ENSMUSG00000052974	-0.2863928766666348	-0.1837136152877353
ENSMUSG00000117792	-0.4165355145735424	-0.3948169614055454
ENSMUSG00000027719	-0.4779652135229731	-0.1990205139739608
ENSMUSG00000028602	-0.119204808480487	0.1989483513834891
ENSMUSG00000023572	-0.1104513522213763	0.3457899831504772
ENSMUSG00000097447	-0.0784512723218847	-0.2356005392082938
ENSMUSG00000090213	-0.0489094288674506	0.4254553099779311
ENSMUSG00000082590	-0.8938259034902162	-0.6592414032652891
ENSMUSG00000026311	-0.0672910899723364	0.3149852478495167
ENSMUSG00000020902	-0.0071721194780582	0.1757633877543338
ENSMUSG00000121840	-0.0387370843767194	-0.2068924550047119
ENSMUSG00000024846	-0.1588877848158963	-0.0665631296818763
ENSMUSG00000032179	-0.5723109105445224	-0.4025735895200797
ENSMUSG00000053863	-0.307891744883154	-0.3311834506604351
ENSMUSG00000067555	-0.4855720866496748	-0.3923352792695446
ENSMUSG00000096658	-2.0	-2.0
ENSMUSG00000103556	-0.0070238802991132	-0.0532587600252229
ENSMUSG00000111387	-0.3265114869055566	-0.6577190802382464
ENSMUSG00000117679	-0.2603343199538031	0.3294763910789394
ENSMUSG00000021391	-0.0731355817492319	0.4599949548721955
ENSMUSG00000037580	-0.5894160917722233	0.0721001302914061
ENSMUSG00000073147	-0.0687799884635525	0.4196636987388376
ENSMUSG00000110663	0.0145249908835638	0.0836921343995486
ENSMUSG00000042109	-0.0714783844393155	0.0329080866777156
ENSMUSG00000057134	-0.0881544597456861	0.4194438711670711
ENSMUSG00000114810	-0.3205257690007029	-0.3963912564498352
ENSMUSG00000114347	-0.5906311838094902	-0.5216499841723254
ENSMUSG00000112985	0.1110895681745282	-0.1190909877044739
ENSMUSG00000100291	-0.1760019338675343	0.1099684607230473
ENSMUSG00000074179	-0.2033220312395245	-0.2424352972639393
ENSMUSG00000116878	-0.2485119613141351	-0.1992343824014363
ENSMUSG00000108027	-0.5401622870968932	-0.197941979564004
ENSMUSG00000058897	-0.3781090713174564	0.0396527370991064
ENSMUSG00000111633	-0.6548361932213574	-0.6055926264757557
ENSMUSG00000106824	-0.2512175516383856	-0.2578658325495391
ENSMUSG00000112682	-0.1809069118188171	-0.3790656606175399
ENSMUSG00000031397	-0.5957467106794687	-0.5221728379760724
ENSMUSG00000090411	-0.2107363821383948	-0.3768235324153818
ENSMUSG00000039953	-0.0099781448663068	0.3743750955508003
ENSMUSG00000031378	-0.2719770571795732	0.3783153953313377
ENSMUSG00000030554	-0.2347916090330533	0.2930171919914626
ENSMUSG00000030126	-0.1767549770699685	0.4972188969698329
ENSMUSG00000093984	-2.0	-2.0
ENSMUSG00000093579	-0.3599968483717599	0.3281238449144931
ENSMUSG00000086490	-0.6332019743479008	-0.5376951607703976
ENSMUSG00000100971	-2.0	-2.0
ENSMUSG00000045248	-0.0167105457063464	0.3586032981939891
ENSMUSG00000028059	-0.0071752101721087	-0.0704402835100697
ENSMUSG00000085141	-0.3064420543996213	-0.0642988060463472
ENSMUSG00000089762	0.1594107709324919	0.4167962264045237
ENSMUSG00000087022	-0.3644294029734389	0.0792156263332404
ENSMUSG00000110489	-0.1694594463672789	0.079201005997016
ENSMUSG00000117240	-0.7587479632759296	-0.456616943665652
ENSMUSG00000116843	-0.1766444681234709	-0.1962527687665061
ENSMUSG00000044583	-0.7678697855822457	-0.8296836197604108
ENSMUSG00000039661	-0.3358425988305661	-0.259406327277476
ENSMUSG00000070816	-0.2613494323090778	-0.6704881815964131
ENSMUSG00000026894	-0.2262385605724767	0.3972163927133731
ENSMUSG00000041809	-0.3159327580275301	0.4634533978718163
ENSMUSG00000044705	-0.5111808934954724	-0.5558939697526937
ENSMUSG00000040220	-0.0539896234504779	0.2475672443812608
ENSMUSG00000026981	-0.3664196522575408	-0.3686814638520289
ENSMUSG00000099013	-0.2754742781007988	-0.3072304325510807
ENSMUSG00000025262	-0.4702389172288942	0.4457206221745796
ENSMUSG00000028848	-0.0629053751743799	0.3513366543608857
ENSMUSG00000078765	-0.3391656254221323	0.1598546226993888
ENSMUSG00000022023	-0.103578841572352	0.5666856232457547
ENSMUSG00000021490	-0.2758511596255127	-0.4355265353913997
ENSMUSG00000106706	-0.0819764819018183	0.2915890503064648
ENSMUSG00000045421	-0.3761511768069738	-0.3662133130865467
ENSMUSG00000110530	0.0411280797448704	-0.2717572816838287
ENSMUSG00000111590	-0.701691158273851	-0.8408859846001759
ENSMUSG00000100491	-2.0	-2.0
ENSMUSG00000086578	0.1302831300233196	-0.3996752197995853
ENSMUSG00000109051	0.3670568445299449	-0.1574295740731992
ENSMUSG00000041272	-0.5110388717898254	-0.2304947679236069
ENSMUSG00000039414	-0.1524480690437233	0.4255655198735718
ENSMUSG00000108255	-0.0753720740845431	0.0963101335406717
ENSMUSG00000096907	-0.8808441815869864	-1.1284428254269516
ENSMUSG00000041406	-0.0267547179611334	0.4572570924438704
ENSMUSG00000034664	-0.017805770579204	-0.1872680158746094
ENSMUSG00000035944	-0.0936450220571739	0.4359061307487001
ENSMUSG00000114204	-0.5247567516731091	-0.7057220824176555
ENSMUSG00000067206	-0.3580284214838403	-0.3278372799450785
ENSMUSG00000107010	-0.1990681639784144	0.0373769297601206
ENSMUSG00000083725	-0.1372243742954503	-0.2697230267818166
ENSMUSG00000020130	-0.0223136084853092	0.4433765934250712
ENSMUSG00000105973	-0.1240602662049515	-0.00390162955933
ENSMUSG00000037697	-0.3301505751183292	0.4745918101048733
ENSMUSG00000115087	-0.2535848714799958	-0.3451637163190442
ENSMUSG00000000724	0.0882230806942637	-0.2180491291619317
ENSMUSG00000048080	-1.2112398639016768	-0.9533456625482348
ENSMUSG00000117981	-0.0795064284929049	-0.2180586005167668
ENSMUSG00000019188	0.0002876682297459	0.3191460500538881
ENSMUSG00000074404	-0.4081483631577817	-0.4107585743156353
ENSMUSG00000043892	-0.8032707251908189	-0.839075504029654
ENSMUSG00000112108	-0.4057500277033386	-0.4616278778986046
ENSMUSG00000004661	-0.0212762014038767	0.492265765838682
ENSMUSG00000035678	-0.1926555079989722	0.2955371930848943
ENSMUSG00000112016	-0.4963027751899659	-0.4747978383385156
ENSMUSG00000001525	0.0690884042719243	0.0925676675071264
ENSMUSG00000054612	-0.1728739223828161	0.4873705972694289
ENSMUSG00000091470	-2.0	-2.0
ENSMUSG00000070345	-0.1776743212636642	0.2250229148877656
ENSMUSG00000092397	-0.5008720877615788	-0.5882090003321012
ENSMUSG00000094496	-0.8273237585976986	-0.4763231819240455
ENSMUSG00000079440	-0.3056600210083369	-0.3095783227081246
ENSMUSG00000030257	-0.1677477800841908	0.0839531636546634
ENSMUSG00000096691	-1.0867514159301674	-2.0
ENSMUSG00000025644	0.3132313358641758	-0.2411857213380672
ENSMUSG00000100329	-2.0	-2.0
ENSMUSG00000021136	-0.3533782989326862	0.0327513655982262
ENSMUSG00000030772	-0.2866156494285981	0.0679912393685986
ENSMUSG00000101325	-0.2533673576762571	-0.2474380816254127
ENSMUSG00000099554	-2.0	-2.0
ENSMUSG00000118498	-0.2986131958377119	-0.3911313726403091
ENSMUSG00000050132	-0.0601060181109176	0.4572586078410032
ENSMUSG00000022951	-0.028148443240363	-0.0491009804455454
ENSMUSG00000113095	-0.2611625431557875	-0.2896563189259132
ENSMUSG00000000420	-0.0779336959926328	0.486794481836489
ENSMUSG00000022179	-0.0040731802752149	-0.1990255822903897
ENSMUSG00000032295	-0.1280203957015077	0.3919772218068961
ENSMUSG00000027004	-0.6534201952733774	-0.0758414025298888
ENSMUSG00000025279	-0.3167990937985757	-0.3077467166633327
ENSMUSG00000028972	-0.2217341110047649	-0.2122045465621558
ENSMUSG00000117221	-0.3410622063429903	-0.2976384046581837
ENSMUSG00000027524	-0.335375885406724	-0.1298713912094273
ENSMUSG00000121660	-0.3790180513340958	-0.4152873521390588
ENSMUSG00000028497	-0.3517588751053354	0.1797378774989224
ENSMUSG00000097761	-0.1829791287352449	0.3912196003669125
ENSMUSG00000072188	-2.0	-2.0
ENSMUSG00000026516	-0.0067878085964282	0.3940399566791257
ENSMUSG00000015365	-0.1094312232473204	0.1721579016662789
ENSMUSG00000082629	-0.3488119563203549	-0.4822677035425082
ENSMUSG00000055368	-0.320908039223566	-0.1286587499660995
ENSMUSG00000015092	-0.2420993591799508	0.3321588054483428
ENSMUSG00000095123	-0.0705190512440671	-0.066850459322286
ENSMUSG00000079033	-0.028721181737128	0.3261215287905442
ENSMUSG00000111800	-0.4427936602344681	-0.5647916213000919
ENSMUSG00000044367	-0.3567060674148971	0.3860471356763265
ENSMUSG00000114431	-0.1278845353618272	-0.0443435123192422
ENSMUSG00000106333	-0.3819822526374155	-0.4673510871352911
ENSMUSG00000086689	-0.0782111783085329	0.1715398277829478
ENSMUSG00000026576	-0.0304305273928031	0.4287226381604693
ENSMUSG00000097832	-0.1531885163734185	0.1249540017910548
ENSMUSG00000024164	-0.2359687562690231	-0.5255893670631745
ENSMUSG00000005354	-0.0380603405388195	0.2955512671661847
ENSMUSG00000020682	-0.1000077828249456	0.0323909986870973
ENSMUSG00000055932	-0.0644553521988303	0.4518287886806029
ENSMUSG00000054087	-0.3047977277627944	-0.2580429843909153
ENSMUSG00000063659	-0.0193638836762719	0.036221713130831
ENSMUSG00000051920	-0.4290619385384455	-0.1170523022966456
ENSMUSG00000104956	-0.3742088540619749	-0.2972736581158687
ENSMUSG00000022973	-0.133414724853508	0.3996270020318937
ENSMUSG00000021767	-0.0049671814365966	0.250848717432822
ENSMUSG00000029621	-0.0554913696599967	0.5021883289539757
ENSMUSG00000074283	-0.0405205253507798	0.4285280737424259
ENSMUSG00000055817	-0.0121815799399496	0.3954619906181822
ENSMUSG00000054162	-0.5250687590380047	-0.212198458427282
ENSMUSG00000023919	-0.1384535222542229	0.4722510870039221
ENSMUSG00000090641	-0.3172617629923115	0.4628482326456826
ENSMUSG00000092469	-0.2993196419513193	-0.3132354272894199
ENSMUSG00000109649	-0.1534968731106768	-0.3297431969039067
ENSMUSG00000032458	-0.1996200430574445	0.4982159638022579
ENSMUSG00000074912	-0.1783871782056275	-0.1601001816423742
ENSMUSG00000075139	-2.0	-2.0
ENSMUSG00000021131	-0.0610549946071772	0.3193405358508839
ENSMUSG00000042002	-0.0604105670703324	0.362281114490167
ENSMUSG00000020132	-0.0481577493980282	0.4068531003237173
ENSMUSG00000026554	-0.0263719794382085	0.4981558346749108
ENSMUSG00000030447	-0.0206810334227157	0.4888794150451329
ENSMUSG00000029439	-0.0136413552976778	0.4166827699555752
ENSMUSG00000086053	-0.2610687326125829	-0.1292987457884105
ENSMUSG00000044519	-0.3346109664111808	-0.1480922856464037
ENSMUSG00000027442	-0.3146622983787769	-0.5607801426369384
ENSMUSG00000118614	-0.3555846523100035	-0.2978189098270813
ENSMUSG00000033610	-0.1434667371939223	0.3396974387025886
ENSMUSG00000090141	-0.1264486497109738	-0.2729937262626685
ENSMUSG00000022422	-0.1006006501156792	0.5026807940432747
ENSMUSG00000023210	-0.2045927522855759	-0.3746153304301288
ENSMUSG00000049410	-0.0481309658722676	-0.2217982296301505
ENSMUSG00000061875	-0.7567385084550138	-0.8286483418500455
ENSMUSG00000070868	-1.678249582708807	-2.0
ENSMUSG00000021118	-0.1810581769182512	-0.058400028019959
ENSMUSG00000036529	-0.0484502437113791	0.454069142474513
ENSMUSG00000052852	-0.1411554163077512	0.3194017371308174
ENSMUSG00000117418	0.1447538656233988	0.3279071277363171
ENSMUSG00000023918	-0.3538453537647084	-0.4680132554351223
ENSMUSG00000121709	-0.6628825581192217	-0.7991271313965337
ENSMUSG00000070380	-0.4314230902313334	-0.4098443530577043
ENSMUSG00000087704	0.2088480482875287	0.0609573576054935
ENSMUSG00000101168	-0.0897458101740335	-0.1241305432173328
ENSMUSG00000112110	-0.2422924842386406	0.5448267761177225
ENSMUSG00000041805	-0.0888439898929604	0.1770284968142979
ENSMUSG00000021848	-0.1578447604618907	0.1929931208558985
ENSMUSG00000063895	-0.2882202630913071	0.4796740480433279
ENSMUSG00000087266	-0.3732091446520491	-0.5259347450883529
ENSMUSG00000036949	-0.4996339699139711	-0.5288803094882186
ENSMUSG00000057177	-0.0719484420711377	0.2192234245076102
ENSMUSG00000114088	-0.2274147154449001	-0.4285059234313337
ENSMUSG00000054693	-0.1715668463226518	0.4796613832161515
ENSMUSG00000031518	-0.4828146625305646	-0.430361637582984
ENSMUSG00000103580	-0.595981915198673	-0.0074835953878616
ENSMUSG00000079334	-0.1039135905101908	0.1821874587166968
ENSMUSG00000017453	0.0048739950139633	0.2174334051882299
ENSMUSG00000022881	-0.0949553161117984	0.4085876010184277
ENSMUSG00000115381	-0.4190611180045615	-0.4384321197275472
ENSMUSG00000022130	-0.0632508774119846	0.3310193338310927
ENSMUSG00000016481	-0.2379345315745538	0.5167825275075045
ENSMUSG00000050994	-0.5193400931476346	-0.5282982503506375
ENSMUSG00000098773	-0.904397128661167	-0.8324141356722461
ENSMUSG00000032309	-0.0429007562537889	0.4400468760388875
ENSMUSG00000111014	-0.4714167294264044	-0.5129527368959588
ENSMUSG00000074102	0.0334768326800866	0.2004493836246838
ENSMUSG00000019966	-0.4218301733062154	0.0972108574876753
ENSMUSG00000048109	-0.1050899585118701	0.4621532264574104
ENSMUSG00000099672	0.0354491108887954	-0.4011016659435885
ENSMUSG00000016520	-0.0395551001477332	0.2665049856518312
ENSMUSG00000098230	-0.2835816024220716	0.0968501804788701
ENSMUSG00000022798	-0.334112015970082	-0.1046935023407731
ENSMUSG00000121551	-2.0	-2.0
ENSMUSG00000108739	-0.3477182591520681	-0.3463937307308609
ENSMUSG00000115414	-0.2095659343863968	-0.2042787341401935
ENSMUSG00000085545	-0.2432054145952851	-0.1834832258872882
ENSMUSG00000097229	-0.5304380496882586	0.2794022722395011
ENSMUSG00000108114	-0.8434616304502774	-0.7331504732655516
ENSMUSG00000115482	-0.4358225373636513	-0.4101857544106255
ENSMUSG00000030562	-0.4944924188680714	0.3297781832442595
ENSMUSG00000022718	-0.037784612775692	0.4510258312556461
ENSMUSG00000040543	-0.2676749284767023	-0.04807759782921
ENSMUSG00000054978	-2.0	-2.0
ENSMUSG00000083594	-0.2979269384845853	-0.4494634683997359
ENSMUSG00000020447	-0.2742524836552419	-0.1573057817664785
ENSMUSG00000116243	0.0847328102014638	-0.2309224996762446
ENSMUSG00000087642	-0.4225093651765189	-0.2609383505995179
ENSMUSG00000087455	0.2672909669498256	-0.1336829999110311
ENSMUSG00000073877	-0.382625319941569	0.1521574858116393
ENSMUSG00000110606	-0.5607187612695211	-0.3829885603841548
ENSMUSG00000053729	-0.4129455737634107	-0.2674846708237436
ENSMUSG00000093484	-1.8154630124563984	-2.0
ENSMUSG00000107638	-0.4441520573163324	-0.45259257018906
ENSMUSG00000093884	-0.2537485846992366	-0.0350114990760123
ENSMUSG00000108129	-0.0961068769953364	-0.2164687306378912
ENSMUSG00000041426	-0.099164304678664	0.4557898312424244
ENSMUSG00000113204	-0.0449714537391525	0.5073849059425327
ENSMUSG00000085168	-0.5607965082542717	-0.1881772220758398
ENSMUSG00000108822	-0.2799297154047639	-0.3929893640018551
ENSMUSG00000025727	-0.2686227127728374	-0.0561164751131743
ENSMUSG00000105403	-0.4017475858477367	-0.2632778591325464
ENSMUSG00000024529	-0.5276651817823057	-0.3669126787716376
ENSMUSG00000021125	-0.1718183483612132	-0.1086775685311518
ENSMUSG00000100716	-2.0	-2.0
ENSMUSG00000036961	-0.3150116318609114	-0.2458526484460222
ENSMUSG00000121336	-0.4420995847566602	-0.4184239568774736
ENSMUSG00000054716	-0.0650472921821419	0.2573045847128579
ENSMUSG00000120212	-0.5031757571994742	-0.367039481087717
ENSMUSG00000021536	-0.4325052251166004	0.0608525726804924
ENSMUSG00000081599	-2.0	-2.0
ENSMUSG00000033590	-0.1133269094391701	0.2683251838660183
ENSMUSG00000095634	-2.0	-2.0
ENSMUSG00000092439	-2.0	-2.0
ENSMUSG00000061847	-0.209849298021592	-0.3202106446358233
ENSMUSG00000114426	-0.2194208936903268	-0.642141351698207
ENSMUSG00000042659	-0.0279465512774335	0.4496675036712646
ENSMUSG00000121447	-0.3407952187830085	-0.317527294853226
ENSMUSG00000097267	0.0086080060230862	-2.0
ENSMUSG00000101009	-0.2605881130951302	-0.3951996104866551
ENSMUSG00000036813	-0.2212239599638251	-0.2982200308258748
ENSMUSG00000032827	-0.1066878516830421	0.4524004588884005
ENSMUSG00000062006	0.0461946050537237	0.2915233571971068
ENSMUSG00000078494	-0.4975526680383199	0.0231226870518409
ENSMUSG00000091734	-0.5243613486682577	-0.610043758038978
ENSMUSG00000121745	-0.3254765098325142	-0.5023368204409866
ENSMUSG00000024232	-0.0999703864506848	0.4980247905357271
ENSMUSG00000039533	-0.3282103232560849	-0.1554630585111243
ENSMUSG00000019932	-0.5120132735442099	-0.4707187995488996
ENSMUSG00000079036	-0.0304881061250534	0.2927724860052774
ENSMUSG00000051262	-0.1754380071188833	-0.3719936219052345
ENSMUSG00000108320	0.1142792994523492	0.1614464676664208
ENSMUSG00000003435	-0.0507459634497847	0.4702093222348049
ENSMUSG00000115617	-0.7061196948648125	-0.0799872449607899
ENSMUSG00000058793	-0.0211604585310343	0.4478600900095656
ENSMUSG00000052554	-0.0996184497284882	-0.3308952036339747
ENSMUSG00000034449	-0.2366868850320638	0.3191768737393788
ENSMUSG00000106441	-0.3343120900256612	-0.1062827235121083
ENSMUSG00000101694	-2.0	-2.0
ENSMUSG00000051844	-0.227808014108656	0.3992198109982284
ENSMUSG00000071528	-0.0568314756653499	0.3673883521068697
ENSMUSG00000029184	-0.440245584162699	-0.4041796112770717
ENSMUSG00000028140	-0.0062414089831942	0.4392704668175775
ENSMUSG00000037005	-0.5847411137770278	-0.3644036729125178
ENSMUSG00000086717	-0.3188997502573532	-0.3619636637430259
ENSMUSG00000116244	-0.4226175918081136	-0.4489159150419762
ENSMUSG00000048402	-0.0019993094924538	0.2252451668556536
ENSMUSG00000105334	-0.7160098754729265	-0.6014031401797942
ENSMUSG00000030722	-0.0282837698705828	0.3284587071539131
ENSMUSG00000090964	-0.1950962823108493	-0.0756732543487335
ENSMUSG00000109539	-0.2959184951181044	-0.2370726320645869
ENSMUSG00000082765	-2.0	-2.0
ENSMUSG00000100603	-0.299933657900238	-0.6834622954134846
ENSMUSG00000038024	-0.0535041112164178	0.4742060624082039
ENSMUSG00000033454	-0.0450924678197873	0.4316911309544041
ENSMUSG00000097601	-0.2045887176618338	0.0545575195249199
ENSMUSG00000098075	-0.472362109214658	-0.3504211869547891
ENSMUSG00000020107	-0.07123065125507	0.4660492496587465
ENSMUSG00000078630	-0.1904575228211316	0.3926470153146517
ENSMUSG00000074061	-2.0	-2.0
ENSMUSG00000095148	-1.529689493534473	-2.0
ENSMUSG00000028451	-0.1938375338653095	-0.5653027425952363
ENSMUSG00000085730	-0.4256339334496763	0.0177996102466432
ENSMUSG00000106354	-0.423501779167712	-0.2489729215305595
ENSMUSG00000032122	-0.0629465397953573	0.3477931458615743
ENSMUSG00000118298	-0.4728000443349744	-0.5360529887375911
ENSMUSG00000026806	-0.026482841952498	0.4610129380830444
ENSMUSG00000083401	-2.0	-2.0
ENSMUSG00000113050	-0.588919962349835	-0.1178037829692534
ENSMUSG00000010803	-0.5776692384272514	-0.3514458198426519
ENSMUSG00000092550	-0.3032858371063059	-0.0329657122081794
ENSMUSG00000044120	-2.0	-2.0
ENSMUSG00000094282	-0.0236685488439642	-0.3820607521710308
ENSMUSG00000086289	0.1200251233050477	-0.2307838654936564
ENSMUSG00000023044	-0.035553017574164	0.036491240518127
ENSMUSG00000104572	-2.0	-2.0
ENSMUSG00000040396	-0.0965186729026815	0.3609926900189117
ENSMUSG00000063972	-0.1674758872528962	0.4398402847417565
ENSMUSG00000085287	-0.335267978776498	0.4853897600288185
ENSMUSG00000101109	-2.0	-2.0
ENSMUSG00000028088	-0.3045510719493725	0.3101744400288062
ENSMUSG00000019295	-0.4769783953341967	0.4708859844543936
ENSMUSG00000021890	-0.0643995371233926	0.4089339424275088
ENSMUSG00000053909	-0.4959907271543984	-0.3048089427198825
ENSMUSG00000094119	-0.68946981763607	-0.902963816716412
ENSMUSG00000041642	-0.1217344908697069	0.2913293269672154
ENSMUSG00000032952	-0.1559080819494475	0.5207774172403911
ENSMUSG00000002068	-0.0826725509222756	0.395740042827733
ENSMUSG00000072244	-0.0621115611623377	0.4358606039642881
ENSMUSG00000028009	-0.3921824654232662	-0.2569128196209125
ENSMUSG00000058975	-0.322674882691494	-0.1998180106601446
ENSMUSG00000022751	-0.01259734066074	0.5000203719174187
ENSMUSG00000120632	-0.1645143877784861	0.5019696407768678
ENSMUSG00000021539	-0.3963996951273343	-0.2807821085157276
ENSMUSG00000087373	-0.2443848843688198	-0.205229300810903
ENSMUSG00000026278	-0.1129610562943814	0.4861606081735072
ENSMUSG00000074358	-0.0265244803982233	0.4148300071392516
ENSMUSG00000103708	-0.1037410550464022	-0.0255166777970376
ENSMUSG00000016496	-0.3016662686510408	-0.043665474042597
ENSMUSG00000039488	-0.4989212840171938	-0.2378022014929755
ENSMUSG00000114732	-0.3403069915040798	-0.228209205202382
ENSMUSG00000114853	-0.3819075342627859	-0.2657093051013481
ENSMUSG00000094970	-0.5901033116173594	-0.512993205974486
ENSMUSG00000022952	-0.2962039296618586	-0.2908852931194513
ENSMUSG00000060149	-0.0528374291621131	0.4625725791375272
ENSMUSG00000025967	0.0303368801162567	0.1816858418299212
ENSMUSG00000027973	-0.4555335801689633	-0.4339409861856466
ENSMUSG00000109341	-0.2388490258871644	-0.3520326906478785
ENSMUSG00000032110	-0.1160670595616175	-0.1749318520205951
ENSMUSG00000107622	-0.1510914743786484	-0.0887713113299818
ENSMUSG00000026842	-0.0120434088723524	0.3504410813545712
ENSMUSG00000044041	-0.1301935023050641	-0.1709783850305555
ENSMUSG00000057047	-0.3662873981617922	-0.2058769698256191
ENSMUSG00000021693	-0.0300338329914953	0.444920936465483
ENSMUSG00000026773	-0.0737231141484218	0.2619445922361808
ENSMUSG00000040383	-0.0349507758048881	0.4455438025649998
ENSMUSG00000070311	-0.4016376538497245	-0.3573398835445771
ENSMUSG00000027428	-0.0797718710527824	0.3174419330232336
ENSMUSG00000050425	-0.537811652198221	-0.3918243244885742
ENSMUSG00000044086	-0.2959991946488092	-0.235059703612714
ENSMUSG00000108621	-0.092208260687244	0.5395746236169875
ENSMUSG00000102400	-2.0	-2.0
ENSMUSG00000062590	-0.0354908047161066	0.4636911667928136
ENSMUSG00000037033	-0.1741877979665839	-0.3821675343122578
ENSMUSG00000114818	-0.486178271738868	-0.3789912552163467
ENSMUSG00000115166	-0.7946298560131401	-0.902143908814908
ENSMUSG00000031825	-0.2456038027810067	0.1476824445045515
ENSMUSG00000018559	-0.2982954451927089	0.4319254100611596
ENSMUSG00000063216	-0.4072351774552579	-0.5402692562187552
ENSMUSG00000109156	-0.8100881732925471	-1.6778427517669223
ENSMUSG00000086837	0.0268368785192269	0.1668838284691289
ENSMUSG00000022824	-0.2521916812930918	-0.1539731913681678
ENSMUSG00000027466	-0.06580697525063	0.3504383682119602
ENSMUSG00000020704	-0.3722700622912602	-0.3886831651691358
ENSMUSG00000091960	-2.0	-2.0
ENSMUSG00000047767	-0.0611624755593505	0.354644250784999
ENSMUSG00000034384	-0.30946937621105	-0.1572370373681994
ENSMUSG00000085089	-0.5226599160018055	-0.7220320393640065
ENSMUSG00000120152	-0.2564640529638889	-0.3535239300673239
ENSMUSG00000022139	-0.012924455431568	0.4283298586318154
ENSMUSG00000109880	-0.364211549714559	-0.3831329049195792
ENSMUSG00000015714	-0.0313200291849795	0.410172341866392
ENSMUSG00000033809	-0.0724541065837444	0.29855835454522
ENSMUSG00000114139	-0.4797853807465615	-0.4200552871622501
ENSMUSG00000121439	-0.3556191233386517	-0.2668740421073357
ENSMUSG00000041505	-0.1766148951149356	-0.1739003071048185
ENSMUSG00000033543	-0.163259768762109	0.4651954099608054
ENSMUSG00000037492	-0.2910928943166032	0.3022949885712057
ENSMUSG00000085256	-0.0831094496981139	0.2296352625683891
ENSMUSG00000086377	-0.1235643737599089	-0.2388353266029631
ENSMUSG00000032194	-0.02453124356369	0.391759836124197
ENSMUSG00000064264	-0.1819135254103829	0.3892614414180653
ENSMUSG00000101612	-0.1989512803761083	-0.2838740689950975
ENSMUSG00000041247	-0.4372138668680836	-0.4326175877366894
ENSMUSG00000093909	-0.4454628703680019	-0.4340003936098117
ENSMUSG00000086818	-0.5700683240110861	-0.3722508224004561
ENSMUSG00000102069	-0.2776288722201169	-0.2798014877765055
ENSMUSG00000039096	-0.2121667448723615	0.372058401668732
ENSMUSG00000032311	-0.2068588888787102	0.4308207175321272
ENSMUSG00000092049	-0.4828149265458683	-0.3437219816975411
ENSMUSG00000018509	-0.0384093980463423	0.3914361985324879
ENSMUSG00000049396	-0.0995186041060639	0.4114907451230812
ENSMUSG00000108022	-0.4823064666625984	-0.5817404162140478
ENSMUSG00000110231	-0.293665487366736	-0.2933501401468263
ENSMUSG00000083534	-0.2434350884189525	0.0817000737745642
ENSMUSG00000107125	-0.1086126479499118	0.2667766929469353
ENSMUSG00000114158	-0.0439389073314775	0.0455975538862893
ENSMUSG00000057895	-0.1168212688851552	0.4508090179181012
ENSMUSG00000032346	-2.0	-2.0
ENSMUSG00000112636	-0.4660147855832889	-0.6101063288250036
ENSMUSG00000017412	-0.3566249112310073	-0.1340700520694411
ENSMUSG00000007833	-0.067467690690531	0.40093187036906
ENSMUSG00000068252	-0.1360045639907086	-0.1849415904602935
ENSMUSG00000115022	-0.2589816262399345	0.4756061119012271
ENSMUSG00000101581	-0.2742678369759173	-0.1848151537479932
ENSMUSG00000097997	-0.6096835143996652	0.5322201612745995
ENSMUSG00000059878	-0.1027603182019152	0.4360391816836918
ENSMUSG00000113857	-0.0840064896672709	0.0963662835241553
ENSMUSG00000084910	-0.458717125861181	0.4368305966417
ENSMUSG00000106320	-0.394505285106618	-0.569412869314697
ENSMUSG00000105337	-0.3108165626269861	-0.27119494860577
ENSMUSG00000031433	-0.3835534750540038	0.3946201123912343
ENSMUSG00000097125	-0.0304267077145573	0.0965738432355986
ENSMUSG00000069184	-0.7563627902576213	-2.0
ENSMUSG00000058022	-0.3404547716888647	0.3022430217026585
ENSMUSG00000121545	-2.0	-2.0
ENSMUSG00000014773	-0.218198685881738	0.2040618918840632
ENSMUSG00000104531	-0.4289352863357076	-0.702557767230349
ENSMUSG00000087474	0.1497793298674388	0.0877913525369996
ENSMUSG00000106863	-0.420646339084357	-0.2390758042882667
ENSMUSG00000051316	-0.2317895971066941	0.4186747565591382
ENSMUSG00000121700	0.4576854361939177	-0.2970233198747931
ENSMUSG00000112762	-0.6767334992334156	-0.3843562918083348
ENSMUSG00000045148	-0.6719185105055556	-0.7997169713787897
ENSMUSG00000036707	-0.0290226921085789	0.4799100068149327
ENSMUSG00000047976	-0.4730435842053757	-0.4163753500678758
ENSMUSG00000085079	-0.2768968324058717	-0.4259773024346165
ENSMUSG00000050197	-0.6505433120103559	-0.1541086705477888
ENSMUSG00000022801	-0.0322084566338571	0.4200683532198356
ENSMUSG00000085355	0.342045470481998	0.2153588700260168
ENSMUSG00000086909	-0.3361397055332614	-0.3742026449856356
ENSMUSG00000121371	-0.4348610844453439	-0.8300411051459332
ENSMUSG00000030256	-0.2126711798797075	-0.0600649223531288
ENSMUSG00000031922	-0.0801486104711726	0.4763637639837361
ENSMUSG00000036966	-0.0657209733912958	0.4338037443615891
ENSMUSG00000028137	-0.0105880067580245	-0.1814374936415937
ENSMUSG00000020581	-0.4182425699899622	-0.5331901906088018
ENSMUSG00000070464	-0.2781529616163731	-0.4162627173771049
ENSMUSG00000057897	-0.1499699320554276	0.1633844305105589
ENSMUSG00000049154	-0.3481744223139315	-0.0263100527517162
ENSMUSG00000112498	-0.4087652719467395	-0.3131559267648343
ENSMUSG00000051007	-0.1425821007182955	0.3912534730035403
ENSMUSG00000047694	-0.050231882627088	0.0365947252609199
ENSMUSG00000053070	-0.6698253573800648	-2.0
ENSMUSG00000026360	-0.3010199201488766	0.2173047147004502
ENSMUSG00000113087	-0.3060501587276113	-0.2115205195165622
ENSMUSG00000110094	-0.2429185689962634	-0.2080234702452744
ENSMUSG00000047692	-0.1630806884734049	-0.2111640219232971
ENSMUSG00000018845	-0.2768874658201573	-0.4627976631774377
ENSMUSG00000025557	-0.1699604160901355	0.364812806313388
ENSMUSG00000100198	-0.3030752934426516	-0.2410348454822744
ENSMUSG00000120381	-0.4313740483740843	-0.3616281881585118
ENSMUSG00000079584	-0.632755817000494	-0.4669314124753139
ENSMUSG00000025586	-0.3365041175380918	0.0067326129548352
ENSMUSG00000084102	-0.6624006289596739	-0.5236414276753896
ENSMUSG00000029204	-0.2133316126780902	-0.313554647801021
ENSMUSG00000020923	-0.0174421367317833	0.2167716438670064
ENSMUSG00000025228	-0.0579702079808555	0.1982825526640022
ENSMUSG00000025894	-0.1267590552136427	0.5575800995147093
ENSMUSG00000036225	-0.3027164174211035	0.191862197794487
ENSMUSG00000030584	-0.0836198614629128	0.1841509231059465
ENSMUSG00000091553	-0.3101601875363196	-0.2511430544836878
ENSMUSG00000028333	-0.0216474433668527	0.3169724715682294
ENSMUSG00000090947	-2.0	-2.0
ENSMUSG00000001901	-0.0559223975980062	-0.1557020465350214
ENSMUSG00000106690	-0.7223935358543699	-0.7332040401533327
ENSMUSG00000093628	-0.2801509349985731	-0.3489684986812766
ENSMUSG00000043487	-0.316191362032596	0.2137843080865967
ENSMUSG00000118075	-0.3011709036504219	-0.5022233360305367
ENSMUSG00000112822	-0.0027390285945747	0.1375389320803627
ENSMUSG00000059595	-0.6040235432756001	-0.4805474461249159
ENSMUSG00000115871	-2.0	-2.0
ENSMUSG00000107408	-0.2982913021546547	-0.3428867551887254
ENSMUSG00000113696	-0.5331689923621922	0.5269466063054435
ENSMUSG00000105601	-0.3267115908581721	-0.231786782899312
ENSMUSG00000058013	-0.2502012494276932	0.501390405358465
ENSMUSG00000075706	-0.1168053557535343	0.2320391009283091
ENSMUSG00000022562	-0.1298682285831064	0.4395805657486777
ENSMUSG00000072294	-0.1003795159970326	0.1416222026785417
ENSMUSG00000035626	-0.7924455523027154	-0.5906584268133905
ENSMUSG00000026246	-0.3233099744622784	-0.1569555608582378
ENSMUSG00000110012	-0.5340027294819146	-0.4493136161313024
ENSMUSG00000047897	-0.5760375580506845	-0.1390573973234472
ENSMUSG00000106049	-0.3276972403743345	-0.2288109888497117
ENSMUSG00000055494	-0.319460533943366	0.0004622775041266
ENSMUSG00000022744	-0.1648541279681897	0.4617208694507181
ENSMUSG00000029298	-0.3174435770694739	0.0389453041260969
ENSMUSG00000028651	-0.0799851564799114	0.4325386290837167
ENSMUSG00000037375	-0.3019960717111836	-0.0875848130813748
ENSMUSG00000037904	-0.0819563408592655	0.3064070119985203
ENSMUSG00000043569	-0.2476729244472313	-0.911476232822204
ENSMUSG00000052395	-0.0552563360821967	0.5109978343452004
ENSMUSG00000102074	-0.6838676320848024	-0.533029198791806
ENSMUSG00000002769	0.046093461073192	-0.0506763625267248
ENSMUSG00000035142	-0.3704576861032653	0.4791838801335076
ENSMUSG00000074805	-0.2667105875413945	-0.2802344699413293
ENSMUSG00000042549	-0.0492085586279518	0.3781139721810824
ENSMUSG00000052625	-0.6994876877717097	-0.8440545558087845
ENSMUSG00000111720	-0.2750348868727958	-0.2229901263894051
ENSMUSG00000022372	-0.2678356725958878	-0.397844474394404
ENSMUSG00000004896	-0.0288414637341054	0.2088824142925762
ENSMUSG00000086591	0.169184033336893	-0.365003338173465
ENSMUSG00000085887	-0.0609602334713823	-0.027307675626856
ENSMUSG00000036745	-0.4217214385328976	-0.2550958509320192
ENSMUSG00000002297	-0.0452263355663007	0.3223884298360288
ENSMUSG00000036432	-0.2342386368178532	0.463709681019314
ENSMUSG00000085271	-0.054216591645592	0.2896228386750078
ENSMUSG00000103647	-0.1870384059413676	-0.0882356556086565
ENSMUSG00000120046	-0.2900994129335354	0.4682424371057715
ENSMUSG00000028577	-0.0376201504577927	0.4543407859900154
ENSMUSG00000121839	-0.3711261571893567	-0.4224699655486394
ENSMUSG00000030825	-0.0061970006934347	-0.2456394308139052
ENSMUSG00000040557	-0.0004272083846806	0.1963757321977878
ENSMUSG00000051200	-0.6004754522803054	-0.4090420866201706
ENSMUSG00000119959	-0.0526140237199368	0.4436844007136118
ENSMUSG00000024150	-0.0778952429685124	0.4686158009405699
ENSMUSG00000103029	-2.0	-2.0
ENSMUSG00000066537	-0.3133526501145049	-0.9468115747971104
ENSMUSG00000090061	-0.3719032184570537	-0.1893587921584704
ENSMUSG00000114585	-0.3778237073579126	-0.3038444642882623
ENSMUSG00000029413	-0.3152894341301087	0.1272564508520568
ENSMUSG00000048087	-0.1333852022754798	-0.3044221939598118
ENSMUSG00000073915	-0.3671369485025269	-0.7968633953858446
ENSMUSG00000062352	-0.082250366891618	0.4000970819522228
ENSMUSG00000051172	-0.5626226786695144	-0.6456624060728989
ENSMUSG00000102576	-2.0	-2.0
ENSMUSG00000120654	-0.2436154142347061	-0.4800691522796718
ENSMUSG00000025202	-0.2332261841044966	-0.2741657639184366
ENSMUSG00000025730	-0.0400660243075492	0.3776427717467253
ENSMUSG00000055022	-0.367741577201546	-0.2574250521732545
ENSMUSG00000040699	0.0968620642504341	0.1344365863659868
ENSMUSG00000057215	-0.0757079955002388	0.1398916744646539
ENSMUSG00000079164	-0.1325120059114171	-0.1120709296533049
ENSMUSG00000030976	-0.3769414274305132	-0.2330969148907
ENSMUSG00000112964	-0.0558378369722283	0.5096742083906363
ENSMUSG00000054031	-0.3087195386792664	-0.4618333818341218
ENSMUSG00000106967	-0.1337043887187419	0.1419079083330998
ENSMUSG00000032103	-0.0235249328515742	0.3189673128685425
ENSMUSG00000007216	-0.0846781653817055	0.2904143972476376
ENSMUSG00000040687	-0.1434198462123393	0.2522149502302522
ENSMUSG00000025333	-0.6275317192662199	-0.2547082715887056
ENSMUSG00000031167	-0.0174449397088147	0.2272638550951954
ENSMUSG00000006289	-0.2213102688976522	0.2374356537294884
ENSMUSG00000087378	-0.2367436615546913	-0.2146509567826674
ENSMUSG00000113977	-0.1670342965288148	-0.3244977154494518
ENSMUSG00000115231	-0.3056150749283793	-0.2219929593244846
ENSMUSG00000086475	0.2069499424466067	0.1978050895673767
ENSMUSG00000058715	-2.0	-2.0
ENSMUSG00000081580	-0.4411170268716722	-0.497083413800463
ENSMUSG00000024383	-0.1093894309508515	0.5200987201956614
ENSMUSG00000103613	0.0136660622503955	-0.0842937865698492
ENSMUSG00000068815	-0.6444750755587076	-0.8750276937256998
ENSMUSG00000048500	-0.3362717554262929	-0.6464580887890279
ENSMUSG00000033715	-0.3155722642819107	-0.6369329031390228
ENSMUSG00000006205	-0.1131152045208859	0.0120083231491375
ENSMUSG00000050989	-0.1637043739327666	0.0667743777279013
ENSMUSG00000100274	-0.3258243549083615	-0.3733100790090213
ENSMUSG00000066964	-0.1955666831650505	0.2508337512361479
ENSMUSG00000106396	-0.3372450006829787	0.1897928949584322
ENSMUSG00000068696	-0.1148021235031997	-0.3245211865647885
ENSMUSG00000095024	-0.0849930544228557	-0.0822437538399363
ENSMUSG00000085121	-0.4300704086258439	-0.4601456553696504
ENSMUSG00000021098	-0.1829743633989598	-0.0217781106063106
ENSMUSG00000086308	-0.3656057676271447	0.0799585885151581
ENSMUSG00000104371	-0.888936056745982	-0.4590721869080173
ENSMUSG00000107676	-0.1098728581865641	-0.1666208161957461
ENSMUSG00000121037	-0.3030077525502537	-0.2993876500295721
ENSMUSG00000029430	-0.1140306282089339	0.3015690547240801
ENSMUSG00000114879	-0.3807607458898683	-0.331623216637631
ENSMUSG00000041245	-0.3430005899612474	-0.4406816859530122
ENSMUSG00000120379	-0.5173178910304519	-0.2688096147533162
ENSMUSG00000093688	-0.3231846788027283	-0.2232738339037474
ENSMUSG00000063751	-0.0622092802362393	0.215656594790858
ENSMUSG00000035929	-0.1791291524850178	0.2343822161622317
ENSMUSG00000026009	-0.4144404656366262	-0.3602438736730975
ENSMUSG00000007888	-0.1686490024633943	-0.0672910899723364
ENSMUSG00000109631	-0.3962170235883114	-0.6331632312572127
ENSMUSG00000084917	0.0058799698502231	-0.1696800740172881
ENSMUSG00000029790	-0.2936480664399487	0.5145342056486484
ENSMUSG00000083249	-2.0	-2.0
ENSMUSG00000048108	-0.3077579903904555	-0.1916936683685207
ENSMUSG00000080907	-0.3414761519619936	-0.447750952548933
ENSMUSG00000115799	-0.5154379544341853	-0.6379606788613701
ENSMUSG00000101737	-1.1870608537121194	-1.2940863638184563
ENSMUSG00000092019	-2.0	-2.0
ENSMUSG00000036304	-0.1883976505228357	0.1368048184532349
ENSMUSG00000110163	-0.6424502076084456	-0.7660453858837573
ENSMUSG00000075023	-0.0657693789231533	-0.1834791176343686
ENSMUSG00000056959	-0.339511326826857	-0.5579603298790518
ENSMUSG00000034341	-0.0815507816031181	0.4269164138392607
ENSMUSG00000069430	-0.4299128647964229	-0.3597742459238391
ENSMUSG00000059475	-2.0	-2.0
ENSMUSG00000071302	-0.1568720384691125	0.4842619615205529
ENSMUSG00000041528	-0.0442952245222462	0.304947416769703
ENSMUSG00000023048	0.1352401776505425	0.1671849581619485
ENSMUSG00000091487	-0.3894737650236856	-0.4351328507113433
ENSMUSG00000036110	-0.4599822777850145	-0.4706715833276269
ENSMUSG00000118147	-0.0594781362241313	-0.1113169491087664
ENSMUSG00000049755	0.0532837816330648	0.3350227865188132
ENSMUSG00000111611	-0.3561162041851681	-0.3253820588000997
ENSMUSG00000006538	-0.2103822051821846	-0.0372893303205345
ENSMUSG00000047237	-0.2670757599266392	-0.2957669235590782
ENSMUSG00000029636	-0.0320077544369873	0.3910110137325532
ENSMUSG00000031442	-0.0508980895683585	0.2702785885385866
ENSMUSG00000085352	-0.4160700047266226	-0.2866806883664913
ENSMUSG00000118502	0.0659753660504227	0.1540519091900477
ENSMUSG00000040025	-0.0267820627395377	0.4339108967343343
ENSMUSG00000096629	-0.0153703582304046	-0.0686565662350553
ENSMUSG00000053411	-0.0410674335564251	0.287269953410853
ENSMUSG00000056735	-0.0206014235430479	0.2336863691567907
ENSMUSG00000074896	-0.2321295097062158	-0.4369313341455496
ENSMUSG00000090117	-0.1278500231099652	0.0041715378416357
ENSMUSG00000053979	-0.3430748377879329	-0.3311025509275024
ENSMUSG00000025138	-0.0322757210358887	-0.6194806632805228
ENSMUSG00000037926	-0.2169892129167969	0.5525200197716715
ENSMUSG00000099824	-2.0	-2.0
ENSMUSG00000027082	-0.2012966072041597	0.0290868948086548
ENSMUSG00000041684	-0.2274239533647695	0.5363657447754036
ENSMUSG00000036199	-0.1051990612702298	0.3311563094223707
ENSMUSG00000114492	-0.3565785148739433	-0.465884504513672
ENSMUSG00000000531	-0.1522291158661963	0.3992156540193248
ENSMUSG00000023083	-0.0860105586656578	-0.2238213002979636
ENSMUSG00000038893	-0.03260929680849	0.5101856303155715
ENSMUSG00000044106	-0.6954423944200048	-0.5471725064896161
ENSMUSG00000118670	-0.3047395548203178	-2.0
ENSMUSG00000112991	-0.286947500343732	-0.2396836904274747
ENSMUSG00000082725	-0.3869857105719704	-0.2845783489138705
ENSMUSG00000039763	-0.3925998836572302	0.1680146002692807
ENSMUSG00000063889	-0.3467701147928065	0.5388445807282533
ENSMUSG00000086866	-0.3640811713999368	-0.3507340885751167
ENSMUSG00000094878	-0.5857475106472947	-0.6922264018459209
ENSMUSG00000046133	-0.2706364202397326	-0.1623587931409374
ENSMUSG00000102540	-0.0747682758888221	0.177479359754169
ENSMUSG00000029093	-0.1694589331119253	0.1321575094144554
ENSMUSG00000028001	-0.384881687386186	-0.3861748739504805
ENSMUSG00000070471	-0.3436631454121801	-0.1479832160978452
ENSMUSG00000003949	-0.3518207712205106	0.1336615153861083
ENSMUSG00000031250	-0.8160893543415697	-0.7470620108905655
ENSMUSG00000102414	-0.3032722167666913	-0.1952287438077687
ENSMUSG00000110212	-0.1951060828052739	0.0763615756869221
ENSMUSG00000073494	-0.3170180207036398	-0.4714362752692035
ENSMUSG00000118081	-0.0309921992853957	-0.0060700567997776
ENSMUSG00000021390	-0.1247708418661893	-0.1517667781774268
ENSMUSG00000051036	-0.2649849320647395	-0.3263569577299076
ENSMUSG00000068740	-0.1024126017406138	0.2265735632238918
ENSMUSG00000031933	-0.37213458246937	-0.2003865512028904
ENSMUSG00000108323	-0.3861934725889457	-0.3835424254172473
ENSMUSG00000104674	-0.5764969032569215	-2.0
ENSMUSG00000060314	-0.0624332651374624	0.4327076738650408
ENSMUSG00000033849	-0.0097679112934397	0.0477743108717972
ENSMUSG00000085111	0.4903033325164503	0.1216952651756606
ENSMUSG00000046971	-0.2515955001326452	0.1010435245513263
ENSMUSG00000021423	-0.3744692217244096	-0.3933104381883303
ENSMUSG00000014609	0.2025204656498809	-0.4894032528535781
ENSMUSG00000037242	-0.0129345670869922	0.3966595599706435
ENSMUSG00000075100	-0.5096511402537568	-0.4463021581502149
ENSMUSG00000053929	-0.0753144250876095	0.2568317152880501
ENSMUSG00000056749	-0.1483857979720564	0.377023794954874
ENSMUSG00000029072	0.1036741656104865	0.1569497046742494
ENSMUSG00000106229	-0.2317937443929174	0.1757927092942662
ENSMUSG00000109805	-0.0485625175368464	0.2908623223467634
ENSMUSG00000095961	-0.6586137550317942	-0.6349741855360637
ENSMUSG00000040154	-0.213201460878388	-0.2923094303171461
ENSMUSG00000031176	-2.0	-2.0
ENSMUSG00000022051	-0.1384856615368504	0.2605703013327113
ENSMUSG00000033871	-0.0294977541177319	0.2107020708560778
ENSMUSG00000086736	-0.65154913727905	-0.6518718509055917
ENSMUSG00000118580	-0.4355488877837922	-0.2509019943248646
ENSMUSG00000033985	-0.0325586449315942	0.3046860885927433
ENSMUSG00000093753	-0.4160600430599127	-0.3670105423920632
ENSMUSG00000026237	-0.2001241507191521	-0.1245858854327089
ENSMUSG00000027556	-0.4525445507062123	-0.5990670944812087
ENSMUSG00000074639	-0.2310555591630603	-0.2966623569335734
ENSMUSG00000028495	-0.0273691896858145	0.1898152812994119
ENSMUSG00000102439	-0.3529657792295267	-0.3942970508808324
ENSMUSG00000051323	-0.76872369322862	-0.2189916797396154
ENSMUSG00000016308	-0.0690564675547486	-0.443776403230922
ENSMUSG00000027663	-0.026557073807442	0.3719654616158451
ENSMUSG00000100727	-0.5014526755065474	-0.6813478853989962
ENSMUSG00000072686	-0.4533433491805535	-0.3201238666714058
ENSMUSG00000032360	-0.393041750538837	0.272457681728151
ENSMUSG00000100875	-2.0	-2.0
ENSMUSG00000038453	-0.0295722241962377	0.3812407460861344
ENSMUSG00000033350	-2.0	-2.0
ENSMUSG00000101342	-0.4146947418998771	-0.2593152623986247
ENSMUSG00000026589	-0.3501040371022927	-0.3804125230392008
ENSMUSG00000113226	-0.1235814600957837	-0.4456026754282977
ENSMUSG00000064325	-0.3015698985854834	0.0557274616367353
ENSMUSG00000058802	-0.3733047444924733	-0.3967194037443945
ENSMUSG00000085241	0.1564722192752519	0.1336595999176539
ENSMUSG00000017550	-0.0263384770196507	0.4463516669438678
ENSMUSG00000020191	-0.4694384124378586	-0.5618462060690876
ENSMUSG00000049164	-0.1143961404814468	0.5732214515096599
ENSMUSG00000022560	-0.0456682280910567	0.2840398057212983
ENSMUSG00000028533	-0.6549589310997866	-0.7484538062049592
ENSMUSG00000117728	-0.2142696596621209	0.2046110006088826
ENSMUSG00000100606	-2.0	-2.0
ENSMUSG00000045114	-0.4549946436011274	0.1460464426935566
ENSMUSG00000020621	-0.2509857386597936	0.5075854999311253
ENSMUSG00000086889	-0.393199377654462	0.3323475515565584
ENSMUSG00000050471	-0.0562086033496043	0.4765075975672371
ENSMUSG00000038534	-0.0350223265976463	0.1609922498825577
ENSMUSG00000108079	-0.2014570784688639	-0.1177406162884621
ENSMUSG00000021271	-0.0516296832510725	0.2632258630641793
ENSMUSG00000029314	-0.3469098780031197	-0.0867034778995473
ENSMUSG00000015441	-0.5687051171910267	-2.0
ENSMUSG00000073436	0.0299521284593591	-0.0395577641143023
ENSMUSG00000017897	-0.4304189426971269	-0.0625987713372102
ENSMUSG00000081823	-0.2879240132010174	-0.3597324833779184
ENSMUSG00000024006	-0.0275277788851194	0.3540542450388059
ENSMUSG00000081557	-0.4327561879603623	-0.4863402042777294
ENSMUSG00000050914	-0.1460185551539956	0.4484722633063747
ENSMUSG00000113716	-0.304195349553123	0.2151038172849346
ENSMUSG00000068748	-0.4738083561226099	0.2604272681590574
ENSMUSG00000074764	-0.398668931891283	-0.4346895518157672
ENSMUSG00000027206	-0.034355572571756	0.4361356022199659
ENSMUSG00000117148	-0.5327235941638124	-0.6517009795178016
ENSMUSG00000099849	-2.0	-2.0
ENSMUSG00000034837	0.0240822186406769	-0.1592889506946039
ENSMUSG00000050965	-0.2727594373820257	0.4792239322251214
ENSMUSG00000028330	-0.0467636125243794	0.4829004404633851
ENSMUSG00000030189	-0.0404433915402964	0.4370865676388943
ENSMUSG00000045322	0.0482360281915189	-0.2457197192844314
ENSMUSG00000106927	-0.1623863128192821	-0.1424137567147791
ENSMUSG00000026614	-0.1780585454261984	0.390754501914767
ENSMUSG00000031174	-0.5801192274474327	0.3860486354154183
ENSMUSG00000070056	-0.3851048921976228	0.2853556415415549
ENSMUSG00000100345	-0.2819940051701316	-0.2428296807583153
ENSMUSG00000072568	-0.0137801254298154	0.1244239446659355
ENSMUSG00000054381	-0.1203924479342962	0.3247486084914873
ENSMUSG00000040029	-0.0673588409761935	0.4098242825941245
ENSMUSG00000110222	-0.4025650300234799	-0.3965817075376631
ENSMUSG00000085797	-0.2080481512471749	-0.3816688146395458
ENSMUSG00000106560	-0.2231705800871255	-0.1013144112020656
ENSMUSG00000021972	-0.314430043163894	0.4866650620337635
ENSMUSG00000099950	-0.523681193781985	-0.5091946152903104
ENSMUSG00000085795	-0.0414855211825264	0.2320599721863305
ENSMUSG00000109716	-0.344039106600023	-0.3377889681514769
ENSMUSG00000097801	-0.2683029567012371	-0.0310626343106926
ENSMUSG00000103851	-0.9480677603772166	-0.8221508052142514
ENSMUSG00000043286	-0.2962180173306578	-0.2931535695133798
ENSMUSG00000037013	-0.0270150250641919	0.5552110512748567
ENSMUSG00000035439	-0.0495620228213954	0.3931886407978419
ENSMUSG00000095912	-0.1255098327939605	-0.0135206398362305
ENSMUSG00000031617	-0.0914190180054513	0.4594295821620092
ENSMUSG00000024695	-0.0504949449559575	0.5190618579803684
ENSMUSG00000100120	-0.3819696940286656	-0.230638775616404
ENSMUSG00000121443	-0.2741871564441541	-0.1593830941784312
ENSMUSG00000027011	-0.1494373240076967	0.4973678706979232
ENSMUSG00000053821	-0.2062889406451306	0.4326342260570864
ENSMUSG00000036292	-0.3297916389224958	-0.1913446936033394
ENSMUSG00000029592	-0.0450182752518337	0.4035655736468025
ENSMUSG00000004637	-0.2076511816858949	0.3858914202941782
ENSMUSG00000084761	0.0984751660882634	0.1786564290127177
ENSMUSG00000109029	-0.3967137737982079	-0.3920275417913186
ENSMUSG00000068154	-0.360437814620735	-0.1099085440074214
ENSMUSG00000025646	-0.0552816883283224	0.2735049467794261
ENSMUSG00000036309	-0.090473816158808	0.5147790491575669
ENSMUSG00000029007	0.0396147604998784	0.1801230066309221
ENSMUSG00000021990	-0.3293176591164611	0.2036654728777777
ENSMUSG00000112246	-0.2983886739994366	-0.198118074739948
ENSMUSG00000054733	-0.5400550431055477	-0.9154780569552056
ENSMUSG00000085207	-0.0252664730674724	0.4203000751832806
ENSMUSG00000006574	-0.1903289317232528	-0.1815849852623008
ENSMUSG00000104409	-2.0	-2.0
ENSMUSG00000108481	-0.3580773502366599	-0.2686243250430335
ENSMUSG00000032033	-0.3525268546729971	-0.0646383127203191
ENSMUSG00000089953	-0.1616145299681398	-0.1556221206667561
ENSMUSG00000025815	-0.0566972491371617	0.2147345191888241
ENSMUSG00000030045	-0.0128258567615968	0.2993887395194942
ENSMUSG00000032344	-0.0730789482794481	0.0893399491889443
ENSMUSG00000028618	-0.0487916228562814	0.4800290885349711
ENSMUSG00000005251	-0.247098252905406	0.1179855368386071
ENSMUSG00000020895	-0.3690730240737767	-0.1149530785841548
ENSMUSG00000086177	-0.3983067079836504	-0.5992910893608902
ENSMUSG00000115723	-0.2875088953129663	-0.2083378371418217
ENSMUSG00000110382	-0.3135076257907475	-0.2239914795285698
ENSMUSG00000042523	-0.1911765838212177	0.384467072214691
ENSMUSG00000020585	-0.1081644922639555	0.4544564118342517
ENSMUSG00000033027	-0.6861484229468309	-1.0596536802751548
ENSMUSG00000041716	-0.0354171976781478	0.3328777840498146
ENSMUSG00000086701	-0.4011803953874603	-0.0524874652277057
ENSMUSG00000108593	-0.3041181339664326	-0.2510215013274438
ENSMUSG00000026258	-0.0722786471226006	-0.4423034821570297
ENSMUSG00000100294	-0.4038770388451105	-0.2983080471764006
ENSMUSG00000113834	-0.291755403112705	-0.1537390012448873
ENSMUSG00000069074	-0.4848276844688755	-0.5667990723998999
ENSMUSG00000095300	-0.3182019560872105	-0.4435455468774086
ENSMUSG00000073103	-0.459491512630766	-0.5327607351993306
ENSMUSG00000074995	-0.5262405682610335	-0.8823356965296916
ENSMUSG00000106461	-0.4260120480686599	-0.3852818092176305
ENSMUSG00000024683	-0.117371995030661	0.3269053963994917
ENSMUSG00000068922	-2.0	-2.0
ENSMUSG00000121346	-0.1204983566445805	0.0633275783298547
ENSMUSG00000070609	-0.4461104225949098	-0.485065140797898
ENSMUSG00000093987	-2.0	-2.0
ENSMUSG00000025400	-0.1838882783321798	-0.1771885427771736
ENSMUSG00000049907	-0.1338539034471959	0.448958786431152
ENSMUSG00000117797	-0.0810213358138057	0.0533800388867818
ENSMUSG00000024863	-0.4774735582864182	-0.2145847526478881
ENSMUSG00000028086	-0.0440082057187526	0.329450764461919
ENSMUSG00000101366	-2.0	-2.0
ENSMUSG00000031078	-0.0189080284361306	0.3387695508945517
ENSMUSG00000058420	-0.3041026155178532	0.0879622652213629
ENSMUSG00000086010	-0.3122169572160654	-0.400094580885715
ENSMUSG00000118008	-0.2022041465929132	-0.300033825181417
ENSMUSG00000032462	-0.0137889121116606	0.4701678416531571
ENSMUSG00000073627	-0.2470201636472645	0.3789024069931191
ENSMUSG00000007480	-2.0	-2.0
ENSMUSG00000078588	0.0900611469509573	0.0683637004713561
ENSMUSG00000025134	-0.0512164770186124	0.3507979056619242
ENSMUSG00000084773	-0.5028005093071284	-0.2724006782651813
ENSMUSG00000037197	-0.0336704109752107	0.3897425156289864
ENSMUSG00000062157	-0.0605928797188974	0.1084580604721152
ENSMUSG00000036962	-0.3184930195304464	0.0358796502881916
ENSMUSG00000102516	-0.3231981502506951	-0.2954271698080475
ENSMUSG00000038227	-0.1777840462285121	-0.1844174704783972
ENSMUSG00000030655	-0.0265592898787483	0.479365669672431
ENSMUSG00000095629	-0.5082255023733872	-0.4761147111720731
ENSMUSG00000028524	-0.3749554122534395	-0.1454038370783116
ENSMUSG00000022353	-0.0057097770632414	0.3519585574414243
ENSMUSG00000031669	-0.0788048932214544	0.403489771953494
ENSMUSG00000104469	-0.639189947597834	-0.141800624814263
ENSMUSG00000023185	-0.3120774093337131	-0.4708878084192721
ENSMUSG00000060794	0.3584461752457661	-0.5160705367877587
ENSMUSG00000074196	-0.3713640521988433	-0.3366002835996766
ENSMUSG00000085391	-0.3900881489855158	-0.4196088391459486
ENSMUSG00000020794	-0.0257953233311205	0.4977774922138163
ENSMUSG00000100890	-0.2898663808959514	-0.2019418904606974
ENSMUSG00000117113	-0.2130245340245271	0.2048251384050164
ENSMUSG00000000826	-0.3359525309795657	0.3982935541539121
ENSMUSG00000025078	-0.018982156294884	0.4719069168862924
ENSMUSG00000029477	0.0051918417772749	-0.2852381729451411
ENSMUSG00000085125	-0.3567380601511115	-0.0481805555136435
ENSMUSG00000058135	-0.1733752232686737	0.4569205433256625
ENSMUSG00000030500	-0.5501928031638427	-0.265941278479557
ENSMUSG00000041986	-0.3524781561085388	-0.1591197693654028
ENSMUSG00000075437	-0.3431110094974621	-0.1251616158113171
ENSMUSG00000111413	-0.2838203018021307	-0.5254871179229386
ENSMUSG00000035266	-0.019904322226641	0.3599071634607614
ENSMUSG00000110687	-0.2906131684624784	-0.3320920701810961
ENSMUSG00000094706	-0.1744493893422945	-0.1512835201300345
ENSMUSG00000103377	-0.2972280217534251	-0.4501736103543149
ENSMUSG00000108868	-0.338550040287156	-0.2680602346971379
ENSMUSG00000085564	-0.3853592198981198	-0.0826292634297076
ENSMUSG00000028127	-0.0371057553037983	0.4724079966173621
ENSMUSG00000109644	0.0669979092866422	-0.0042098030967668
ENSMUSG00000102951	-0.1593093822334541	-0.0492091423074081
ENSMUSG00000020629	-0.1652325079172362	0.4446667349860539
ENSMUSG00000098488	-0.0733324687787922	0.075415120234059
ENSMUSG00000110053	-0.1177039963516646	-0.2701965542193572
ENSMUSG00000109013	-0.444478145053848	-0.2470703293968464
ENSMUSG00000029267	-0.0243741121228572	0.4062024916668694
ENSMUSG00000025001	-0.0305571547675831	0.3739280930201895
ENSMUSG00000064310	-0.5647463449265543	-0.5312720163279886
ENSMUSG00000109194	-0.2621614867021934	-0.0570156592051494
ENSMUSG00000026700	-0.3723683218332542	-0.2769877152085025
ENSMUSG00000111418	-0.7131296432409093	-0.4741723797938209
ENSMUSG00000081523	-0.3989317659148917	-0.478134141325559
ENSMUSG00000024163	-0.0449885054340336	0.341220391327558
ENSMUSG00000121847	-0.4590090492787205	-0.4924693234910978
ENSMUSG00000085549	-0.3321066250486312	-0.3583242570913563
ENSMUSG00000071073	-0.0487023176479696	0.2210723539818631
ENSMUSG00000091709	-0.1922171836014519	-0.1144666796451128
ENSMUSG00000090892	-2.0	-2.0
ENSMUSG00000100535	-2.0	-2.0
ENSMUSG00000001508	-0.2207766428221017	-0.3277064764220877
ENSMUSG00000111752	-0.3093147722478691	-0.392075549138568
ENSMUSG00000051000	-0.4057911519391556	-0.4818378494886851
ENSMUSG00000113225	-0.5571346483111038	-0.3486646008796094
ENSMUSG00000057137	-0.0608266234169399	-0.2625385597143433
ENSMUSG00000111171	-0.2797467337059581	-0.2037342225830675
ENSMUSG00000099668	-2.0	-2.0
ENSMUSG00000052406	-0.0736451010333621	0.4026567973656635
ENSMUSG00000086951	-0.2623243341963833	0.3752490535113242
ENSMUSG00000024766	-0.3792877676292566	0.5091430884932766
ENSMUSG00000053024	-0.0571883279311944	0.3839502993350086
ENSMUSG00000075172	-0.6464000598376706	-0.7067480110664285
ENSMUSG00000055571	-0.6817563032480728	-0.9431847597168308
ENSMUSG00000116643	-0.3762629193675453	-0.4443714195649585
ENSMUSG00000026313	-0.0064142392187529	0.4408376378938207
ENSMUSG00000063428	-0.338159876244601	-0.1859658738273232
ENSMUSG00000108217	-0.5049441506715877	-0.6639013409417551
ENSMUSG00000082297	-0.7623145863404934	-0.8645921599406678
ENSMUSG00000025608	-0.195159581069207	-0.0539078967265645
ENSMUSG00000049565	-0.3161539466409014	-0.2174164514102588
ENSMUSG00000053119	-0.0662358238157482	0.5302991005486037
ENSMUSG00000039357	-0.2205909739579261	0.3689867716199601
ENSMUSG00000114053	-0.3557692519487148	-0.1650501991483285
ENSMUSG00000001260	-0.513630454172687	-0.4322734426658074
ENSMUSG00000108367	-0.1431499589603387	-0.2599161380883856
ENSMUSG00000025027	-0.230454011339429	-0.4267780843785309
ENSMUSG00000109191	-0.7032562928847174	-0.3874706720482628
ENSMUSG00000027952	0.005143861996119	-0.0768542529094157
ENSMUSG00000118212	-0.5691454630616191	-0.473091601185572
ENSMUSG00000006345	-0.1268215118909187	0.0781150482846927
ENSMUSG00000006673	-0.0585524739784902	0.4902998777570018
ENSMUSG00000118519	-0.1736640509402343	-0.3471319700806285
ENSMUSG00000111941	-0.4760551553355595	-0.4077781494056953
ENSMUSG00000106946	-0.0590705340756654	-0.1635861224949369
ENSMUSG00000029366	-0.0844736415224112	0.4083698949261374
ENSMUSG00000050697	-0.0291117556863688	0.432853570434233
ENSMUSG00000069744	-0.0739872071121309	0.1554131710334046
ENSMUSG00000024887	-0.4120496218043463	-0.3135394500165381
ENSMUSG00000073920	-0.4853183405986613	-0.7855842488670445
ENSMUSG00000038132	-0.3160933333523017	-0.0717588414858293
ENSMUSG00000056687	0.0460727607526767	0.0806342060408408
ENSMUSG00000016552	-0.0643461467426163	0.1929046114680131
ENSMUSG00000002102	-0.0240737909146353	0.3589637432816487
ENSMUSG00000085054	-0.1201470315759657	0.4480997388586905
ENSMUSG00000031640	-0.3909864611190285	-0.4207294023118597
ENSMUSG00000039048	-0.1607380851860723	0.318975230524675
ENSMUSG00000114921	-2.0	-2.0
ENSMUSG00000104918	0.2372158829386556	-0.3131268099892172
ENSMUSG00000092402	-0.5152374919888576	-0.2583019753876614
ENSMUSG00000115778	-0.1932068823699864	-0.0374617154394497
ENSMUSG00000086231	-0.354872207448165	-0.2567976426648251
ENSMUSG00000052310	-0.30706570206401	0.3962202764459683
ENSMUSG00000079635	-0.6649087062692524	-0.5547147077313394
ENSMUSG00000026927	-0.0972755170026399	0.3120893034085306
ENSMUSG00000109054	-0.5032687065890253	-0.544303843396705
ENSMUSG00000029309	-0.1999011316709892	-0.2126829442710099
ENSMUSG00000120395	-0.3056976493703021	-0.1861063785888435
ENSMUSG00000100707	-0.433136789728752	-0.086136895059434
ENSMUSG00000034872	-2.0	-2.0
ENSMUSG00000041046	-0.1361501191940204	0.2426939511760192
ENSMUSG00000031007	-0.0796233743442089	0.4477343298357039
ENSMUSG00000021348	-0.5480414154158323	-0.781200427409611
ENSMUSG00000092094	-0.5199556690610855	-0.1751196573470399
ENSMUSG00000056888	-0.1022431894796572	-0.3315689786717792
ENSMUSG00000095156	-0.7721678811526497	-0.9225243885040983
ENSMUSG00000107810	-0.0730972428578154	-0.2679580002744864
ENSMUSG00000055334	-0.0745267027282132	0.4407161243381673
ENSMUSG00000051969	-2.0	-2.0
ENSMUSG00000041842	-0.2362357830314801	0.143749292515878
ENSMUSG00000097148	-0.3934731061242897	-0.4158743903532271
ENSMUSG00000103427	-0.5596096430311709	-0.7455557116138173
ENSMUSG00000114339	-0.4064691573791919	-0.3040135744861314
ENSMUSG00000040840	0.2029332817460154	-0.015874223331601
ENSMUSG00000053460	-0.1464666567752232	0.4268101222769573
ENSMUSG00000012350	-0.316056645738663	-0.4459021599027079
ENSMUSG00000026274	-0.0494355718255752	0.4597400857967982
ENSMUSG00000102786	-0.4175718465437755	-0.3308487967128454
ENSMUSG00000117214	-0.4820164863854634	-0.2725405672050909
ENSMUSG00000025980	-0.0732270742800153	0.2296168340356126
ENSMUSG00000022983	-0.1423533569024386	0.3929286323949584
ENSMUSG00000110929	-0.5076369417117462	-2.0
ENSMUSG00000092308	-2.0	-2.0
ENSMUSG00000006649	0.0018261851947412	-0.1262962021200715
ENSMUSG00000112157	-0.0328897210826095	-0.3191775157504372
ENSMUSG00000072582	-0.032318667180923	0.4165606297434441
ENSMUSG00000053499	-0.3977444030647958	0.2844652955417852
ENSMUSG00000020390	-0.0746606756859731	0.2850754925154184
ENSMUSG00000114048	-0.3800872943836127	-0.321105759289474
ENSMUSG00000034145	-0.2007515583175275	0.1696825439477003
ENSMUSG00000111191	-0.2151387437654117	-0.6002159021560591
ENSMUSG00000050201	-0.2603131244947247	-0.1850450539744338
ENSMUSG00000102157	-0.2329734764221594	-0.2541451167075191
ENSMUSG00000033752	-0.1561030165125403	0.4085187742852068
ENSMUSG00000048814	-0.1522876981533482	0.3039097878105329
ENSMUSG00000108888	-0.4048049787414443	0.3012297251913864
ENSMUSG00000030431	-0.3174049712874396	0.0299832583674048
ENSMUSG00000028100	0.0879206251981602	0.1950202152805621
ENSMUSG00000097360	-0.4955623055494424	0.4806725425946252
ENSMUSG00000041028	-0.0605814954185286	0.428798692062963
ENSMUSG00000026500	0.1451093519674957	0.3280120307222475
ENSMUSG00000090157	-0.0640695285135074	-0.0594367014423203
ENSMUSG00000021464	-0.0128997589266232	0.4178004036017348
ENSMUSG00000100021	-0.3106676949360145	-0.4279631843363742
ENSMUSG00000098090	-0.031085773076549	-0.2153891255596026
ENSMUSG00000111868	-0.387120185394098	-0.3905844673006985
ENSMUSG00000033020	-0.081067185110451	0.3323604819062003
ENSMUSG00000025326	-0.1436381498871304	0.578519561973817
ENSMUSG00000041959	-0.0889595333478964	0.4085482727922241
ENSMUSG00000038148	-0.5089502696410929	-0.6184947171676287
ENSMUSG00000096256	-0.1599516479544342	-0.528841473439031
ENSMUSG00000114448	-0.264590506765693	-0.4862871337837933
ENSMUSG00000049339	-0.1978844386433722	0.4348702509251054
ENSMUSG00000044066	-0.0215295022347805	0.3130011415642385
ENSMUSG00000017390	-0.3360741664312635	0.3146347791128264
ENSMUSG00000034275	-0.1682846547749079	0.5464718380917529
ENSMUSG00000062328	0.0659461897456867	-0.9915832925359218
ENSMUSG00000085747	-0.0258896278308187	-0.2571687033472579
ENSMUSG00000100553	-0.6014927217096712	-0.3866870501375186
ENSMUSG00000113009	-0.230489156282787	-0.4837624545871373
ENSMUSG00000092031	-0.261049560992063	-0.3409652758329368
ENSMUSG00000085208	-0.0135916132368653	0.3764178082408224
ENSMUSG00000045007	-0.1118500593378298	0.1341156260032902
ENSMUSG00000018567	-0.5393727363486105	0.3617384100153824
ENSMUSG00000107647	-0.0498301350301037	-0.0167641671013205
ENSMUSG00000104164	-0.052775731098754	-0.1384157705957116
ENSMUSG00000002372	-0.0266855322754765	0.4276830874008071
ENSMUSG00000021541	-0.3884891128733437	-0.464493216369252
ENSMUSG00000087116	-0.4863036078317829	-0.4028572676493641
ENSMUSG00000120543	-0.3289349571823732	0.2526249058172103
ENSMUSG00000020156	-0.0331012361647852	0.3746567130354199
ENSMUSG00000034171	-0.137934008404756	0.435986666447047
ENSMUSG00000026483	-0.1197151973228873	0.4376646464359721
ENSMUSG00000103174	-0.2420500676406058	-0.3332067415410802
ENSMUSG00000026787	-2.0	-2.0
ENSMUSG00000030538	-0.001006383144845	0.2773951082134011
ENSMUSG00000067860	0.0261923955121216	0.3057506507693294
ENSMUSG00000115455	-0.8591077982983056	-0.7864061750850351
ENSMUSG00000024782	-0.0243178894187731	0.3784553185148764
ENSMUSG00000037034	-0.2057134625311992	-0.2787811534687359
ENSMUSG00000101584	-0.3931678476541458	-0.4127464633181339
ENSMUSG00000110110	-0.3182287040895418	-0.2996984076444159
ENSMUSG00000104060	-0.0584280486214437	0.1073456654720947
ENSMUSG00000117294	-0.0705220142521596	0.1209234633716747
ENSMUSG00000022370	-0.0581114812677793	0.4413220947861334
ENSMUSG00000074361	-0.1280256443784277	-0.3205795536918517
ENSMUSG00000104102	-0.3439042331109576	-0.3515508165345629
ENSMUSG00000028013	-0.052980771215379	0.4557773627321733
ENSMUSG00000047307	-2.0	-2.0
ENSMUSG00000110090	-0.473034291209478	-0.2488821693338064
ENSMUSG00000092165	-0.5900672146411964	-0.7270083635900594
ENSMUSG00000103787	-2.0	-2.0
ENSMUSG00000113092	-0.3617286438060804	-0.4251858552623238
ENSMUSG00000032624	-0.0164060945019613	0.5401577255525699
ENSMUSG00000112607	-0.1318359606185589	-0.0715075689316794
ENSMUSG00000054484	-0.4771125689168821	0.3621649316472679
ENSMUSG00000075209	-0.6132002537053228	-0.7670089691051755
ENSMUSG00000047182	0.1221723483123478	-0.3474139008825929
ENSMUSG00000035849	-0.346075248564967	-0.0329159557266928
ENSMUSG00000121162	-0.3363437310459655	-0.6011999328647811
ENSMUSG00000037217	-0.1646684245464548	0.1941133849071653
ENSMUSG00000027459	0.0088871370701009	0.3364337154273951
ENSMUSG00000075145	-0.5639194471473867	-0.5656164770825102
ENSMUSG00000083844	-0.1093475309477153	0.5391877960140948
ENSMUSG00000091814	-0.143178824295162	-0.3305531295351096
ENSMUSG00000118379	-0.3526792440914793	-0.2515792225103347
ENSMUSG00000111577	-0.2641358146404295	-0.4044281690167109
ENSMUSG00000067360	-0.7004451995336033	-0.2732685376786914
ENSMUSG00000121350	-2.0	-2.0
ENSMUSG00000034292	-0.0258317336876009	0.4791985759342563
ENSMUSG00000033790	-0.0629914237186684	0.5769910385592278
ENSMUSG00000117351	-0.1747564671074287	-0.2532271291597937
ENSMUSG00000024033	-0.0233890641242755	0.2048544047370278
ENSMUSG00000121287	-0.2895967549736287	-0.4899762145495552
ENSMUSG00000120908	-0.1151713433042893	-0.2050575412972169
ENSMUSG00000112289	0.1538361366339605	-0.1887354111281984
ENSMUSG00000040373	-0.2351183573767261	0.1343871889624774
ENSMUSG00000024535	-0.1880688578662916	0.3667978763464132
ENSMUSG00000019772	-0.4777069481511514	-0.5009794384109785
ENSMUSG00000071552	-0.3957068417190569	-0.2284044358787391
ENSMUSG00000110253	-0.4997476031653756	-0.7405566930780023
ENSMUSG00000091013	-0.1519912912893136	-0.2935343352100365
ENSMUSG00000025579	-0.0451299543392662	0.1220724882596146
ENSMUSG00000056144	-0.3984188650894681	0.3428015361662985
ENSMUSG00000034118	-0.0206980685531989	-0.4067024110338847
ENSMUSG00000021986	-0.6358966242199846	-0.6960919378897621
ENSMUSG00000027329	-0.077393379574097	0.4249221253570023
ENSMUSG00000091238	-0.0271624815045021	-0.0030336074888382
ENSMUSG00000085269	0.1051776092939866	-0.1656405978453467
ENSMUSG00000021807	-0.0153617194670202	0.3627972995113893
ENSMUSG00000027646	-0.0051043494894375	0.3203577713480532
ENSMUSG00000017837	-0.086589911339485	0.3021715571036368
ENSMUSG00000039298	-0.0523550643332425	0.490397892374165
ENSMUSG00000045733	0.1361207633670552	-0.0887150524073539
ENSMUSG00000087657	-0.3695399863383392	-0.2460355116349404
ENSMUSG00000073609	-0.1955377961673083	0.2090075050628558
ENSMUSG00000021938	-0.0983404349216071	0.4817601350427395
ENSMUSG00000089829	-0.2341678893046028	-0.1126836597354293
ENSMUSG00000029436	-0.0042759376650371	0.4633398441740093
ENSMUSG00000011589	-0.048187640210382	0.2231411958421423
ENSMUSG00000112444	-0.3671270369341883	-0.3712441694982605
ENSMUSG00000027709	-0.046133269559554	0.4979577358213499
ENSMUSG00000024028	-0.1003379290895758	-0.2264627975009847
ENSMUSG00000029084	-0.1365548407374652	0.3456814510126136
ENSMUSG00000027072	-0.2237984693552597	-0.5798075182156802
ENSMUSG00000063060	-0.5280828272956777	-0.0443580381851077
ENSMUSG00000067596	-0.1854951277032815	-0.2099047845520898
ENSMUSG00000052572	-0.501060381830369	0.0443323627010911
ENSMUSG00000084967	-0.4342135533611819	0.0389262455796981
ENSMUSG00000099061	-0.3450583874585661	0.444787772160734
ENSMUSG00000091624	-0.4984437071731557	-0.2796225287647122
ENSMUSG00000036855	-0.4236301278359208	-0.3375753810998747
ENSMUSG00000100002	-0.3583958189392268	0.5494255736339643
ENSMUSG00000111830	-0.5325599330386599	-0.3562278989759497
ENSMUSG00000093772	-0.4798233985217907	-0.4654637072354596
ENSMUSG00000070034	-2.0	-2.0
ENSMUSG00000068182	-1.2685864382757153	-0.6459058197816108
ENSMUSG00000027852	-0.0928378925722736	0.3715787355218467
ENSMUSG00000025584	-0.1786173692042951	0.3257516288576264
ENSMUSG00000032098	-0.2352113540062025	-0.4149054053082374
ENSMUSG00000028584	-0.2499065043602641	0.1433648442231803
ENSMUSG00000042460	-0.1178970973649795	0.4772240255863066
ENSMUSG00000039887	-0.0570090232804248	0.5311993458039747
ENSMUSG00000024032	-0.2397957742288544	-0.1919460228480985
ENSMUSG00000028780	-0.5204727714911508	-0.0318578027184736
ENSMUSG00000116955	-0.4107623764171108	-0.2966016696109021
ENSMUSG00000084834	-0.0623883385819692	-0.0675146678201382
ENSMUSG00000030352	-0.1488356158572064	0.4684799620095018
ENSMUSG00000104281	-0.3645269096156145	-0.7353482791839112
ENSMUSG00000095710	-0.4355704362002915	-0.2397853641512547
ENSMUSG00000020193	-0.4233847965579503	0.5483722180108579
ENSMUSG00000031591	-0.0445208380729121	0.5049311473519684
ENSMUSG00000111409	-0.0146411679465243	0.3774468639316186
ENSMUSG00000029249	-0.0185086634849509	0.2235649864790567
ENSMUSG00000046572	-0.0035688899391801	0.3031191307891943
ENSMUSG00000050552	-0.0757265045698146	0.3710024359622293
ENSMUSG00000071763	-0.7946493435256713	-1.0414321035142349
ENSMUSG00000114169	-0.0894965101352548	-0.0145777476212091
ENSMUSG00000120963	0.0539928806302877	0.1270010738642182
ENSMUSG00000021686	-0.0294548071443573	0.4498145965453434
ENSMUSG00000002240	-0.5134216169897685	-0.3798883161917624
ENSMUSG00000072845	-0.4170675540064447	-0.6240537386130531
ENSMUSG00000101151	-0.2612557399070832	-0.2627446834200198
ENSMUSG00000103204	-0.3798797757131463	-0.3190366190024258
ENSMUSG00000112386	-0.1941757502676664	-0.0073227943352516
ENSMUSG00000069189	-0.3972918737376928	-0.1205795249548006
ENSMUSG00000096697	-0.6292432409400259	-0.8121832701901986
ENSMUSG00000039342	-0.3574854250097612	-0.1461915862963067
ENSMUSG00000031217	-0.4765454147289035	0.2862988915203603
ENSMUSG00000050891	-0.0375404048677957	0.3389232089134167
ENSMUSG00000015950	-0.1837921187624938	-0.4602303372502841
ENSMUSG00000020253	-0.2253691837517456	0.122757016081957
ENSMUSG00000062833	-0.7115236678382438	-0.7480494917926563
ENSMUSG00000033335	-0.0109461225111318	0.2264844216480955
ENSMUSG00000032633	-0.0575618362421639	0.4402562057341658
ENSMUSG00000087133	-0.9390054302017068	-0.7992912450626828
ENSMUSG00000020258	0.0400301818719758	-0.0908204511312358
ENSMUSG00000106643	-0.4879312816085404	-0.4520075867998114
ENSMUSG00000014791	-0.3293638285342168	0.3890380815779161
ENSMUSG00000009291	-0.0595412920296333	0.4513589899626493
ENSMUSG00000067231	-0.5452859661447073	-0.3410210810890307
ENSMUSG00000050424	-0.4175007423955126	-0.4450059951472167
ENSMUSG00000042772	-0.0148828968676737	0.3964378819183711
ENSMUSG00000074519	-2.0	-2.0
ENSMUSG00000018395	-0.1108983992368426	0.3702026255631395
ENSMUSG00000111077	-0.3866134220048037	-0.3233524737503114
ENSMUSG00000047731	-0.0321232450703407	0.3616149047705996
ENSMUSG00000091924	-0.5381081751535354	-0.4565098275139577
ENSMUSG00000037989	-0.2253604272555597	0.0901024410864907
ENSMUSG00000015575	-0.0571918949624859	0.4126869599532976
ENSMUSG00000120226	-0.2966885158022324	-0.3110785373162348
ENSMUSG00000116185	0.0281082464961491	-0.0630414340899025
ENSMUSG00000022822	-0.0157315402882348	0.4902566207189701
ENSMUSG00000117860	0.04572430050816	0.0102784958549031
ENSMUSG00000018570	-0.3330503730881553	0.4186681317578136
ENSMUSG00000042605	-0.0116574416688863	0.3511892615427487
ENSMUSG00000060738	-0.5728727053098652	-0.6568159974602805
ENSMUSG00000086015	-0.2132450297114009	0.4267431484845717
ENSMUSG00000105936	-0.2952799525413361	-0.1922549107999702
ENSMUSG00000084401	-0.4917394249907079	-0.3115620234434867
ENSMUSG00000092275	-0.2291856779211443	0.36033738076895
ENSMUSG00000031371	-0.244641118266995	0.3357967789155068
ENSMUSG00000044359	-0.8600633261922005	-0.581095458512215
ENSMUSG00000110794	-0.3188972160577078	-0.0378360674076787
ENSMUSG00000032115	-0.0361045564869039	0.3768159357349214
ENSMUSG00000029110	-0.0637118074051342	0.4308535707061776
ENSMUSG00000022701	-0.249036259001599	0.4283266190715157
ENSMUSG00000071858	-0.5890922449064333	-0.7649054077181584
ENSMUSG00000031060	-0.0650790746812949	0.4507819470927786
ENSMUSG00000085913	-0.1240795681331275	-0.4124041887833997
ENSMUSG00000001847	-0.0228078390354107	0.4829792871639772
ENSMUSG00000034714	-0.0647982584562582	-0.0970230528569202
ENSMUSG00000030877	-0.3844295171892763	0.520230349773206
ENSMUSG00000020743	-0.0529448576761224	0.2246314604643065
ENSMUSG00000046743	-0.5087495558388361	-0.2557168766477539
ENSMUSG00000014353	-0.0514774962752142	0.5263400529150122
ENSMUSG00000041911	-0.0479375136615342	-0.1286951956306574
ENSMUSG00000074397	-2.0	-2.0
ENSMUSG00000106341	-0.2197490974996395	0.0259352179760131
ENSMUSG00000027456	-2.0	-2.0
ENSMUSG00000038121	-0.234900050290873	0.4988052297944164
ENSMUSG00000114330	-0.3431557976932247	-0.321204016165841
ENSMUSG00000036052	-0.0102546422856566	0.4502722084753147
ENSMUSG00000020745	-0.0366332647340643	0.5072395996815058
ENSMUSG00000118338	-0.6851829670916417	-0.4364396571622204
ENSMUSG00000049281	-0.1253109996206523	0.2743509287773046
ENSMUSG00000038537	-0.0727503937739823	-0.1504691704830956
ENSMUSG00000019122	-0.2676964862952761	-0.4665348006531332
ENSMUSG00000029535	0.2026070915283846	0.09368190368756
ENSMUSG00000094672	-0.5264972642370441	-0.7298085922744031
ENSMUSG00000046593	-0.2780275640162334	-0.1562992834503457
ENSMUSG00000107287	-0.277074013952351	0.1690175004644958
ENSMUSG00000097511	-0.7365702170234922	0.0188864067945082
ENSMUSG00000102732	-0.405797090954355	-0.6553366225398288
ENSMUSG00000103449	-0.4494470872497227	-0.3411772786941869
ENSMUSG00000118662	-0.0697208995599032	0.2775001113273198
ENSMUSG00000041354	-0.115519911227453	0.284411331164122
ENSMUSG00000068966	-0.021191375002523	0.3221402873134612
ENSMUSG00000020515	-0.0637441964529372	0.4706659350688189
ENSMUSG00000116204	-0.3756413677958249	-0.2088665032030005
ENSMUSG00000029828	-0.2633372651858524	0.4026433935385198
ENSMUSG00000022747	-0.524555168581976	0.0378581871897723
ENSMUSG00000026123	-0.0910539087090354	0.344106449253508
ENSMUSG00000010311	-0.3539728909371941	-0.0577282737927642
ENSMUSG00000099315	-0.8010387385832008	0.1331530451845361
ENSMUSG00000066897	-0.472560096192273	-0.8214340724648206
ENSMUSG00000116909	-0.6250798026687692	-0.6258818930363608
ENSMUSG00000085680	-0.3791446744396899	-0.1874430446607354
ENSMUSG00000117707	-0.4864779676436628	-0.4901920389076404
ENSMUSG00000117664	-0.2098988694066916	-0.3833098600917767
ENSMUSG00000073787	-0.1630072312685717	0.1429429951299385
ENSMUSG00000091438	-0.402717589931887	-0.1762656633041616
ENSMUSG00000023015	-0.023706707692901	0.2898978427460782
ENSMUSG00000020089	-0.0328868166301675	0.4791735063276873
ENSMUSG00000074151	-0.2510588153017132	0.0815079598427436
ENSMUSG00000074637	-0.0369606534807383	0.3065631219617006
ENSMUSG00000106197	-0.1945978378108816	-0.196195041820875
ENSMUSG00000074211	0.5330568788050912	-0.1292433006245192
ENSMUSG00000095518	-2.0	-2.0
ENSMUSG00000041143	-0.1501929042188283	0.5052387281858269
ENSMUSG00000022234	-0.128257349184841	0.4750284218675166
ENSMUSG00000071180	-0.2081679301186501	0.4039142282049152
ENSMUSG00000043911	-0.6077041190932072	-0.7362858364289262
ENSMUSG00000039047	-0.1251800397406438	0.4631817160216385
ENSMUSG00000020014	-0.3367398103178899	0.1979385326015784
ENSMUSG00000019977	-0.0497056511684051	0.4540273125918426
ENSMUSG00000041216	-0.4547448535046348	-0.4168484226854685
ENSMUSG00000102018	-0.0655987203919882	0.2053830269177947
ENSMUSG00000095407	-0.3211308672655742	-0.2196413490259257
ENSMUSG00000024645	-0.2384003356629032	0.4637150559694991
ENSMUSG00000113235	-0.5445953372479535	-0.3218742111855473
ENSMUSG00000071064	-0.0359320486624939	0.1833900055964889
ENSMUSG00000020267	-0.0717793348562829	0.347215619772788
ENSMUSG00000032220	-0.0129110332437904	0.3743270409986529
ENSMUSG00000104781	-0.4042291792569873	-0.3603127656623193
ENSMUSG00000015733	-0.0616638380537271	0.4663268614158359
ENSMUSG00000024841	-0.2486951779205449	0.304451318862887
ENSMUSG00000085892	-0.43552710365831	-0.4602143218611776
ENSMUSG00000084794	-0.0702181557776445	-0.0214001872061422
ENSMUSG00000021613	-0.4987670547237835	-0.2645742139239523
ENSMUSG00000115439	-0.5056927615961488	-0.501691734879414
ENSMUSG00000097834	-0.3872627529940103	-0.5495204995180343
ENSMUSG00000048076	-0.0747855067772138	0.4359220480787605
ENSMUSG00000049315	-0.6116288165900181	-0.7465243606450311
ENSMUSG00000103796	-2.0	-2.0
ENSMUSG00000036898	-0.0001747952706855	0.3944142037983021
ENSMUSG00000086823	-0.392760998177462	-0.2033279962028285
ENSMUSG00000021715	-0.0994140857455742	0.4877247720889292
ENSMUSG00000117289	-0.1193551296087102	0.3513173143227139
ENSMUSG00000030532	-0.3607584182672325	0.2680446041781342
ENSMUSG00000072437	0.2037311150503984	0.1271501700450345
ENSMUSG00000045257	-0.1989887730988795	0.4490357023812655
ENSMUSG00000024793	-0.2113917571883701	0.1871042753551825
ENSMUSG00000068762	0.0607731367126216	-0.1480753066153231
ENSMUSG00000033872	-0.2033840431150912	-0.6473903462347387
ENSMUSG00000097636	-0.0358170500605298	-0.43699001169023
ENSMUSG00000052248	-0.3974751281810095	-0.3299139929960957
ENSMUSG00000102088	-1.548010429695039	-2.0
ENSMUSG00000095366	-2.0	-2.0
ENSMUSG00000107213	-0.4329115659431508	-0.5260566401973271
ENSMUSG00000051313	-0.4709812910469688	-0.428971668822702
ENSMUSG00000030873	-0.2366928769268561	-0.3711100299700483
ENSMUSG00000022388	-0.0913710979967901	0.0270764668900276
ENSMUSG00000026676	-0.1020047391102096	0.3423239663128817
ENSMUSG00000053049	-0.06497505870783	-0.19161736946916
ENSMUSG00000023913	-0.2385217161472631	0.3210036384365171
ENSMUSG00000108575	-0.4461559888251651	-0.4242347887624219
ENSMUSG00000062542	-0.0559681422752484	0.459829879438983
ENSMUSG00000030688	-0.1410263212977422	-0.3170050441807895
ENSMUSG00000011831	-0.0347127659707128	-0.2749766403413784
ENSMUSG00000027546	-0.0416051853125337	0.0855323883023782
ENSMUSG00000084828	-0.3619750372899534	0.4912983662800161
ENSMUSG00000061469	-0.0631692980276804	0.441887658977689
ENSMUSG00000068011	-0.1923754163843702	-0.3384710705092264
ENSMUSG00000085398	-0.3395081000202183	0.5273290122961828
ENSMUSG00000005575	-0.44834656563861	-0.0091300144638458
ENSMUSG00000082191	-0.9253129896215668	-0.5930744052591569
ENSMUSG00000030850	-0.0375913570118012	0.4654194377300959
ENSMUSG00000109464	-0.2941085895024835	-0.6744329878392318
ENSMUSG00000024799	-0.3518278009901516	0.2420138924176736
ENSMUSG00000117355	0.1554823973738174	0.2358323466923614
ENSMUSG00000087684	-0.3291141271932916	-0.1748314192518498
ENSMUSG00000086040	-0.2414091804716606	0.062746195456062
ENSMUSG00000026249	-0.2463153878168295	0.223486595612983
ENSMUSG00000092362	-0.4657392351519864	-0.2173227466500853
ENSMUSG00000035033	-0.3556173504761538	0.1469140174509754
ENSMUSG00000110028	-0.3752487894733882	-0.577164392107449
ENSMUSG00000120249	-2.0	-2.0
ENSMUSG00000086017	-0.7007238344787857	-0.5111180769773174
ENSMUSG00000018736	-0.0747768396580791	-0.041854081418767
ENSMUSG00000028245	-0.300321111057772	0.3506050012357055
ENSMUSG00000028107	-0.0427683701054149	0.3035109687697353
ENSMUSG00000057948	-0.1710792185369916	0.3319711905656557
ENSMUSG00000026255	-0.2130307756059198	-0.0367267386849343
ENSMUSG00000026240	-0.0361283430281896	0.245393220406855
ENSMUSG00000085289	-0.2150177396231539	-0.4888998767119893
ENSMUSG00000003031	-0.3478956742626725	0.4935425315278567
ENSMUSG00000026563	-0.1779227133659033	0.3028169106138275
ENSMUSG00000021474	-0.0235848129300432	0.4546476302973297
ENSMUSG00000002835	-0.0178178064560819	0.2753445301475309
ENSMUSG00000027582	-0.0939716589726318	0.3552058549249117
ENSMUSG00000041849	-0.2214493823737812	-0.065448729639661
ENSMUSG00000092595	0.0046653191787118	0.2491959106547451
ENSMUSG00000111498	-0.4998229633473453	-0.4662823525417809
ENSMUSG00000031443	-0.2261047756820011	-0.1048680754001373
ENSMUSG00000049350	-0.1717600385097807	-0.3731952167321027
ENSMUSG00000046159	-0.4857915811294571	-0.4108314910044991
ENSMUSG00000102460	-0.3202122786968731	-0.4061116564060956
ENSMUSG00000031626	-0.417659550121332	-0.4241169166522394
ENSMUSG00000045665	-0.0711378388902891	0.3454721464184417
ENSMUSG00000029098	-0.0212028666414792	0.3973173053270841
ENSMUSG00000114082	-0.5924935256835975	-0.2231229696138902
ENSMUSG00000034677	-0.1775078904203415	-0.1544217717683561
ENSMUSG00000029286	-0.4529919531828966	-0.4723239658447415
ENSMUSG00000034607	-0.9119514880775106	-0.7885492427299493
ENSMUSG00000030095	-0.0623430156059822	0.3343805583208929
ENSMUSG00000056167	-0.0146747683023976	0.3685806550216928
ENSMUSG00000079465	-0.4030391289885054	-0.1298852133280728
ENSMUSG00000108950	-0.4176293290130169	-0.5084724653608675
ENSMUSG00000018189	-0.0589219848569378	0.4446386545322831
ENSMUSG00000115726	-0.3556573401341592	-0.3826010043153783
ENSMUSG00000019139	0.2114836369682032	0.0683476712519975
ENSMUSG00000085665	-0.2750541950312921	0.4874627727098189
ENSMUSG00000038612	-0.0352462814396144	0.2579635321058766
ENSMUSG00000042116	0.0606729149115655	0.0734569620255481
ENSMUSG00000046178	-0.5040958882288505	-0.2592489880112132
ENSMUSG00000113814	-2.0	-2.0
ENSMUSG00000057914	-0.4552554797222901	-0.1272827131363593
ENSMUSG00000028670	-0.1736473377363343	0.1682917784042251
ENSMUSG00000086450	-0.4494546665109837	-0.4417144126634089
ENSMUSG00000097596	-0.3917845017003596	-0.4946012150826166
ENSMUSG00000097434	-0.3218703837675105	-0.3575222235910412
ENSMUSG00000106005	-0.145181246808713	-0.1711410437576583
ENSMUSG00000113995	0.0374413991653684	-0.1342379134082002
ENSMUSG00000018761	-0.1943424434984161	-0.051075474583836
ENSMUSG00000071773	-0.4862930952411238	-0.7941398701898924
ENSMUSG00000097134	-0.052057677020606	0.1309346735092703
ENSMUSG00000121043	-0.2395849056777069	0.1256122825034803
ENSMUSG00000045132	-0.7048741033912004	-0.6499765544555226
ENSMUSG00000021751	-0.3276385037073719	-0.2903513839963623
ENSMUSG00000117695	-0.3684308313404774	-0.2765252818191688
ENSMUSG00000091844	-0.375306087087849	-0.2782861105492647
ENSMUSG00000101920	-2.0	-2.0
ENSMUSG00000086437	-0.2324125780289193	-0.2920828675676759
ENSMUSG00000103849	-0.7920365228155294	-0.5535818608354082
ENSMUSG00000028194	-0.21572257412903	0.419724503561819
ENSMUSG00000040297	-0.1461488996863061	0.4134754585057165
ENSMUSG00000051952	-0.2433132396949331	-0.3025417101060851
ENSMUSG00000060913	-0.4231707170943347	-0.2630848853563189
ENSMUSG00000087694	-0.4060227142722373	-0.3251941917202896
ENSMUSG00000055138	-0.325802100661308	-0.3028798550418952
ENSMUSG00000032356	-0.3671978388140348	-0.2303763481485084
ENSMUSG00000107744	-0.3159683563927455	-0.3170915796841337
ENSMUSG00000113286	-2.0	-2.0
ENSMUSG00000090406	0.0395013659242628	-0.0781055290708977
ENSMUSG00000032586	-0.0368562555636556	0.4565603592050647
ENSMUSG00000022408	-0.1510585115787652	0.1560333854937036
ENSMUSG00000102820	-0.4740719459437089	-0.5760781690757671
ENSMUSG00000027859	-0.2706127723844485	0.1123166495691134
ENSMUSG00000087009	-0.1240621154543259	0.2141149991008392
ENSMUSG00000020656	-0.0791787097752564	0.509871063024432
ENSMUSG00000031274	-0.6956305573085156	-0.4732351674766593
ENSMUSG00000031849	0.0336103011944472	0.0067636566061767
ENSMUSG00000092386	-0.1880225199933401	0.0118268004172248
ENSMUSG00000072620	-0.1993440845826478	-0.3058047227933597
ENSMUSG00000026694	-0.0186077450076393	0.448071879506915
ENSMUSG00000117930	-0.8355252019274936	-0.5114701526968463
ENSMUSG00000117838	-0.1740914277727052	-0.4447208159567263
ENSMUSG00000028964	-0.0289369891434261	0.336160628127984
ENSMUSG00000051579	0.1711938605786038	0.3992236215272696
ENSMUSG00000104655	-0.5788062144049292	-0.7748991262190974
ENSMUSG00000042428	-0.0318492970343713	0.1733045319734611
ENSMUSG00000020044	-0.3069008579543872	0.0391587027249371
ENSMUSG00000026333	-0.2153287982946926	0.4761125209374832
ENSMUSG00000102545	-0.317362581040625	0.4749737239133426
ENSMUSG00000103681	-2.0	-2.0
ENSMUSG00000031996	-0.0192284931934205	0.546231883698631
ENSMUSG00000028427	-0.2399898396141587	-0.1486181090159004
ENSMUSG00000085093	0.0873981186631299	-0.0719803235955319
ENSMUSG00000111986	-0.4260152911363409	-0.4581542708705811
ENSMUSG00000029722	-0.0239314175636183	0.3072430893493102
ENSMUSG00000048012	-0.0505918412010432	0.3939561624427259
ENSMUSG00000021335	-0.4329510369923632	-0.4125672071822013
ENSMUSG00000045160	-0.0824474400511306	0.3708060978742103
ENSMUSG00000047330	-0.5254775059938361	-0.5546810615371621
ENSMUSG00000054598	-0.0418136248983422	-0.0320761099607994
ENSMUSG00000019851	-0.1599545352765314	0.3137803527857248
ENSMUSG00000040125	-0.3519131436581165	-0.3155181980586502
ENSMUSG00000007827	-0.0757795544859081	0.4988872997702636
ENSMUSG00000019763	-0.028204978690272	0.4128655880053369
ENSMUSG00000081667	-0.3668443490705759	-0.772356465569824
ENSMUSG00000078894	-2.0	-2.0
ENSMUSG00000090535	-0.2959495712470576	-0.4001156184976874
ENSMUSG00000121878	-0.3594879547946095	-0.2924908508221008
ENSMUSG00000038957	-0.0137086729958766	0.4018955610720073
ENSMUSG00000034560	-0.064822358760019	0.5383638243527782
ENSMUSG00000028680	-0.1466035878288602	0.2545471103978658
ENSMUSG00000055652	-0.0327713101245019	0.3442389662238834
ENSMUSG00000010044	-0.3523751052648267	0.1214276646202214
ENSMUSG00000024658	-0.4127617416986499	0.4665927272407144
ENSMUSG00000105227	-0.3269335450528564	-0.4317870313728011
ENSMUSG00000084954	-0.4754356457164473	-0.5340398909554787
ENSMUSG00000086041	-0.0982820513930029	-0.0608462076601486
ENSMUSG00000086126	-0.1635670077802767	-0.0232450823360063
ENSMUSG00000107218	0.4923359416066855	-0.2089751244072963
ENSMUSG00000040018	-0.0298934006420588	0.5100774899603439
ENSMUSG00000003934	-0.1314579472843225	0.2886600678753797
ENSMUSG00000085187	-0.4271228240023645	-0.511240928537787
ENSMUSG00000030393	-0.0238438687381491	0.3141823279242121
ENSMUSG00000032864	-0.0622469705955043	-0.1148756707737813
ENSMUSG00000063785	-0.0254327690170378	0.3973399204551102
ENSMUSG00000022749	-0.22804716002698	0.4422184866540072
ENSMUSG00000030513	-0.0904932863065109	0.4620276414213932
ENSMUSG00000055681	-0.0980963873059844	0.3159032029558133
ENSMUSG00000106721	-0.8533759111759944	-0.4341687037134499
ENSMUSG00000075270	-0.298195505422844	0.2100786952377601
ENSMUSG00000075144	-0.6075245758335689	-0.6149169105184126
ENSMUSG00000087386	0.1462998582148595	-0.1446468407492143
ENSMUSG00000112533	-0.2744916650822026	-0.0845800072370588
ENSMUSG00000107988	-0.3938315343601538	-0.4018996835134147
ENSMUSG00000116810	-0.4165191963018825	-0.5738558481893913
ENSMUSG00000118293	-0.2523926094149547	-0.253527718791321
ENSMUSG00000024209	0.0384452964007184	-0.1203568069800448
ENSMUSG00000109381	-0.2842431048781915	-0.3370915131494599
ENSMUSG00000093839	-0.3433453373394284	-0.5322046332762868
ENSMUSG00000081665	-0.7078877571096814	-1.3968551941685805
ENSMUSG00000098055	-0.1984831000114805	0.0048808661233644
ENSMUSG00000035873	-0.0116874212814309	0.4230317877469462
ENSMUSG00000085004	-0.3159496578977101	-0.3372738918565865
ENSMUSG00000116543	-0.2195416910825368	-0.4203254478442741
ENSMUSG00000020901	-0.2652716789253343	0.2272754870598815
ENSMUSG00000080727	-0.0832280011691066	0.4102378674551469
ENSMUSG00000017831	-0.126833259867351	0.4914028798095748
ENSMUSG00000109700	-0.2762150786130846	-0.4706314830970742
ENSMUSG00000085637	-0.0905806987690846	-0.1130686613152957
ENSMUSG00000059741	-0.3070250135673051	-0.1866890116992301
ENSMUSG00000117764	-0.3448627181843481	-0.4101533464822946
ENSMUSG00000111033	-0.2602490698794648	0.1469299950679822
ENSMUSG00000030652	-0.1137202691072024	0.5048833482511632
ENSMUSG00000114693	-0.3128180779261517	-0.3447862427664329
ENSMUSG00000017405	-0.2319974545110388	-0.2887718225903539
ENSMUSG00000048142	-0.2898018788616137	-0.044488215475859
ENSMUSG00000074199	-0.0414226438248729	-0.2572643452313766
ENSMUSG00000100217	-0.3052768995396763	-0.2707268284668769
ENSMUSG00000039470	-0.2135630584448646	0.403395087002509
ENSMUSG00000062169	-0.0246806170785848	0.4068731821486787
ENSMUSG00000082461	-0.8021446235340787	-0.8318800511992788
ENSMUSG00000072145	-0.8570273814742285	-0.6499129331028692
ENSMUSG00000107394	-0.3844248863022146	-0.382454929599597
ENSMUSG00000003153	0.0180802295201257	0.2670458821485678
ENSMUSG00000087617	-0.2159710077333648	-0.0878922465296743
ENSMUSG00000017858	-0.0469261555988977	0.3957337571818252
ENSMUSG00000085612	-0.2398657847106733	-0.0261079065151873
ENSMUSG00000115013	-0.452125406066537	-2.0
ENSMUSG00000064061	-0.2542739428143474	0.4710222475245199
ENSMUSG00000029869	-0.2598109050629109	0.5408890661381411
ENSMUSG00000117293	-1.0774198500105487	-0.697866432200433
ENSMUSG00000051748	-0.3597123990121532	-0.7537491657331938
ENSMUSG00000046691	-0.0742540371306395	0.3415591561346488
ENSMUSG00000030745	-0.3794359021010874	-0.3910399103159321
ENSMUSG00000070298	-0.1301210770903546	-0.1710171445663636
ENSMUSG00000044375	-0.397291440091079	-0.364616594843735
ENSMUSG00000073952	-0.4124948967045833	-0.6243049716839438
ENSMUSG00000112234	-0.4588625133747288	-0.2928110633049034
ENSMUSG00000020593	-0.1340252290449983	-0.3087053932295286
ENSMUSG00000059991	-0.0989253567627178	0.5370447315335369
ENSMUSG00000052951	-0.1975433227897448	-0.1808536126486549
ENSMUSG00000026743	0.0025821800566962	0.0352150596027362
ENSMUSG00000029168	-0.1509843544251994	0.37607763291543
ENSMUSG00000116586	-0.5123310343791931	-0.5069565041660286
ENSMUSG00000090298	-0.4185040916473481	-0.3746453771810251
ENSMUSG00000105520	-0.2515799976213725	-0.551633861234141
ENSMUSG00000001962	-0.1793506794821439	0.3294934746502351
ENSMUSG00000022193	-0.0973628924796524	0.3256556166311806
ENSMUSG00000112093	-0.5046581491547092	0.3971453918578745
ENSMUSG00000023330	-0.2216303544137489	0.5196668419397297
ENSMUSG00000075272	-0.0281086874708251	0.0794053565484899
ENSMUSG00000110980	-2.0	-2.0
ENSMUSG00000055214	-0.4399605944720156	-0.0337648453077267
ENSMUSG00000037519	-0.0229719139497534	0.4367978748334135
ENSMUSG00000086777	-0.4218675715134334	-0.418465616006224
ENSMUSG00000004341	-0.4502985025710069	-0.2310802535747653
ENSMUSG00000102573	0.1133690358710977	-0.0299723126356417
ENSMUSG00000027255	-0.1273203244366429	0.4140496576419407
ENSMUSG00000092264	-2.0	-2.0
ENSMUSG00000032493	-0.202543405597323	-0.1142710294768544
ENSMUSG00000101441	-2.0	-1.5838789598317853
ENSMUSG00000027002	-0.041686063292134	0.4738132617328472
ENSMUSG00000039962	-0.3564326849022211	-0.5245935360014529
ENSMUSG00000101722	-0.2753838751803397	-0.2700577416666139
ENSMUSG00000117961	-0.2452146842306986	0.3997324770306744
ENSMUSG00000038233	-0.2902378348907258	-0.1915393288881619
ENSMUSG00000021815	-0.0446880312526404	0.0255010900114715
ENSMUSG00000033906	-0.4169266565962405	0.4413595390460666
ENSMUSG00000096981	0.0297448631320658	0.35875542121321
ENSMUSG00000104939	-0.5531234206201647	-0.4138670294046664
ENSMUSG00000085931	-0.4624604539361505	-0.4447807248205991
ENSMUSG00000116881	-0.5958973337691992	-0.9287307063168618
ENSMUSG00000060336	-0.1340507740539732	0.3838842733569537
ENSMUSG00000078722	-0.2435044707567024	-0.3961474711124932
ENSMUSG00000038564	-0.0562805797755126	0.3606838979320044
ENSMUSG00000099463	-2.0	-2.0
ENSMUSG00000026616	-0.4468328144579689	-0.3755326722016191
ENSMUSG00000111709	-0.3033733317801463	-0.2880276861068214
ENSMUSG00000110784	-0.3519703736501769	-0.2287152345231276
ENSMUSG00000043962	-0.0222529891550505	0.4202522225148965
ENSMUSG00000101037	0.2804927776966158	0.3187584846758554
ENSMUSG00000004939	-0.2798483071545044	-0.276229845171177
ENSMUSG00000114441	-0.702252616388393	-0.7492565931448133
ENSMUSG00000046841	-0.0105194802226104	0.2076273669255172
ENSMUSG00000116360	-0.2779351455999085	-0.3762941132743622
ENSMUSG00000036810	-0.0681706460712402	0.4210455654810244
ENSMUSG00000036339	-0.539616401762406	0.3657136844857737
ENSMUSG00000038624	-0.3423908221475757	-0.4099396621182381
ENSMUSG00000101596	-0.3912149645471719	-0.3714008201345936
ENSMUSG00000096770	-0.5895021542032762	-0.5263530638526974
ENSMUSG00000120094	0.0012220340747408	-0.0722536165799453
ENSMUSG00000028443	-0.085686043686104	0.4473453579839982
ENSMUSG00000037260	-0.1061968626865298	0.3423697726353921
ENSMUSG00000097573	-0.1367255455894462	0.4927746325351138
ENSMUSG00000029560	-0.0241464183811167	0.435149065885958
ENSMUSG00000021187	-0.5181583192947246	0.047995548485083
ENSMUSG00000109271	-0.359451188013745	-0.4815331770489621
ENSMUSG00000027883	-0.0422795334048639	0.5231781315385364
ENSMUSG00000071234	-0.3116887651917301	-0.2738671950766655
ENSMUSG00000121701	-0.606949776732075	-0.6731445257989297
ENSMUSG00000019054	-0.04238351959283	0.1706936235657517
ENSMUSG00000120927	-0.2616090547468194	-0.1577573198100685
ENSMUSG00000106013	-0.500081813274873	-0.4339056003986313
ENSMUSG00000113998	-0.3143084096351884	-0.1520541560412756
ENSMUSG00000121791	-0.3600481884505797	-0.14030354561332
ENSMUSG00000085826	-0.3543739941130808	-0.3657926607203421
ENSMUSG00000087578	-0.2234266539365126	0.3883428039522684
ENSMUSG00000032411	-0.0449807983703807	0.4834138297882501
ENSMUSG00000096950	-0.303219311038167	0.3012395790315186
ENSMUSG00000038301	-0.0386231445207282	0.4656121340955856
ENSMUSG00000092196	-0.4090826326237531	-0.3442186896930313
ENSMUSG00000110103	-0.40592735402616	-0.5473191948549759
ENSMUSG00000029182	-0.1932334461908301	-0.1511678642143367
ENSMUSG00000116121	-0.024076545211386	0.4365023138160367
ENSMUSG00000024935	-0.2699967623000401	0.2567946905641086
ENSMUSG00000100467	-2.0	-2.0
ENSMUSG00000086046	-2.0	-2.0
ENSMUSG00000108917	-0.7555614654829996	-0.9765656276069632
ENSMUSG00000034111	-0.0441102992146369	0.3794505605779811
ENSMUSG00000118079	-0.4890964427675658	-0.5911883638415162
ENSMUSG00000086769	-0.1104901102016034	0.1871829114303971
ENSMUSG00000101626	-2.0	-2.0
ENSMUSG00000101073	-0.4688770181426087	-0.3340124820574983
ENSMUSG00000091931	-0.2196854247159536	0.3134715370413035
ENSMUSG00000010290	-0.1156700957528868	0.5039050276785495
ENSMUSG00000022949	-0.1966540670438993	0.0101873817425157
ENSMUSG00000085657	-0.1346481986592627	-0.1952021938162262
ENSMUSG00000016619	-0.0331476389387204	0.432571994176318
ENSMUSG00000052549	-0.5291301702527463	-0.5412071317377991
ENSMUSG00000048546	-0.0632917733375236	0.3614282583477221
ENSMUSG00000116290	-0.4100530781343743	-0.4742759433652649
ENSMUSG00000112734	-0.2951928733411447	-0.323156653168053
ENSMUSG00000092277	-0.1225271770109615	-0.1487900992267571
ENSMUSG00000054568	-0.4462191294910925	-0.3553513258509347
ENSMUSG00000121630	-0.2327555023451455	0.2742419279283551
ENSMUSG00000112248	-0.4427746636522298	-0.6042892909648646
ENSMUSG00000039384	-0.2870344555975884	0.4594953189302769
ENSMUSG00000117378	-0.8801742916895274	-2.0
ENSMUSG00000086428	-0.3416258565001526	-0.4811986786000556
ENSMUSG00000069804	0.3145590103987215	-0.1492451129071068
ENSMUSG00000047911	-0.3839984249360572	-0.1620857106798581
ENSMUSG00000030878	-0.0790655306713192	0.5148549704040482
ENSMUSG00000034687	-0.3900324925825459	0.1620257146773278
ENSMUSG00000057503	-0.4092332652158913	-0.960902733890586
ENSMUSG00000036975	-0.0501759158757685	0.4085414917035995
ENSMUSG00000029538	-0.0995413240683412	0.3282474599453403
ENSMUSG00000060726	-0.8444085024541315	-0.3135385560457777
ENSMUSG00000032513	-0.0151413091592556	0.3201596264352243
ENSMUSG00000101245	-2.0	-2.0
ENSMUSG00000006941	-0.2602555539909841	0.3986697049160114
ENSMUSG00000101090	-2.0	-2.0
ENSMUSG00000110210	-0.4438999759082028	-0.3532889451853159
ENSMUSG00000028978	-0.0705030104822497	0.1787088674855739
ENSMUSG00000113652	-0.3764759501696909	-0.2072633935340342
ENSMUSG00000107194	-0.3460627230194533	0.4874791699715607
ENSMUSG00000084979	-0.0845096214526798	-0.2821867523880098
ENSMUSG00000073152	-0.4008844956766642	-0.522851819857139
ENSMUSG00000020422	-0.0053874339712078	0.3417822166595187
ENSMUSG00000042729	-0.1957632202522944	0.3372627360180495
ENSMUSG00000103739	-0.0408598288497495	-0.1219911586268864
ENSMUSG00000075175	-0.8335319943580508	-0.6775713430752166
ENSMUSG00000018326	-0.2989795883140444	-2.0
ENSMUSG00000085328	-0.2914623404899373	-0.3609577940517564
ENSMUSG00000082188	-0.9456559236431722	-1.0201612822452328
ENSMUSG00000022841	-0.092071126765485	0.2863194679777494
ENSMUSG00000031980	-0.2577936616511839	-0.2143242910843116
ENSMUSG00000106379	-0.4379854111154631	-0.343085555017421
ENSMUSG00000031827	-0.0315114476824516	0.4109134877063388
ENSMUSG00000016477	-0.0086713897357405	0.4642024068303277
ENSMUSG00000025810	-0.371092474437418	-0.0661719904751572
ENSMUSG00000101062	-0.1242495083535352	-0.3030475428125025
ENSMUSG00000036775	-0.0646762648871268	0.2413242960893252
ENSMUSG00000039813	-0.0323575937177758	0.5459450976447912
ENSMUSG00000109510	-0.0220263131061659	0.0148863848263743
ENSMUSG00000055415	-0.4094193998164538	-0.5931312766170036
ENSMUSG00000022884	0.0053892841488618	-2.0
ENSMUSG00000024406	-0.0826969283025086	0.1839283327004172
ENSMUSG00000102138	-2.0	-2.0
ENSMUSG00000050043	-0.5083556864456912	-2.0
ENSMUSG00000116858	-0.1074395045500209	0.0623721185327979
ENSMUSG00000117562	-0.1035870004223326	-0.050534071653011
ENSMUSG00000027165	-0.2828423003988538	-0.6738248167780043
ENSMUSG00000026339	-0.043994652737149	0.4026674513947081
ENSMUSG00000086666	-0.0537879407046231	-0.2790679267315527
ENSMUSG00000121808	-0.2409260718440593	0.335808404363916
ENSMUSG00000032840	-0.04127188991988	0.4358233512268913
ENSMUSG00000108012	0.0085029981455514	-0.1007822394241634
ENSMUSG00000115816	-0.4724451083918042	-0.4757829635887314
ENSMUSG00000087659	-0.4502659227900191	-0.502286839467401
ENSMUSG00000022099	-0.0820764666324495	0.3178557427047887
ENSMUSG00000026070	-0.4726423595093086	-0.3499900753868455
ENSMUSG00000118028	-0.429068470408598	-0.3324917598049725
ENSMUSG00000096852	-0.1905399488665972	-0.2031991434832614
ENSMUSG00000100534	-0.4748854521656946	-0.4278245233074002
ENSMUSG00000022032	-0.5705510247832271	-0.5665207526906801
ENSMUSG00000068218	-0.5864303529525018	-0.6481526549089794
ENSMUSG00000049265	-0.0780233983071738	-0.1627681073038209
ENSMUSG00000101963	0.0330439034461137	-0.0949678542739285
ENSMUSG00000060673	-0.7541115832954681	-0.9789066699325532
ENSMUSG00000029165	-0.0583540264848135	0.2925444711972521
ENSMUSG00000024302	-0.3671859028310943	-0.4644443690866774
ENSMUSG00000025270	-0.1433585813475005	0.0425288912011298
ENSMUSG00000034450	-0.4787928532675635	-0.2762546213021094
ENSMUSG00000107557	-0.2954222651915165	-0.6830748081416761
ENSMUSG00000096666	-2.0	-2.0
ENSMUSG00000029136	-0.1116397468551105	0.5040179814920215
ENSMUSG00000032806	-0.318824997583447	0.3565547238287336
ENSMUSG00000106189	0.0314535477386616	-0.1703320872252099
ENSMUSG00000048218	-0.1988503545152369	0.3945696948229449
ENSMUSG00000061533	-0.2542530410668371	0.4911677590678854
ENSMUSG00000024064	-0.4404613052189899	-0.2187831971737137
ENSMUSG00000029209	-0.1612606926412343	0.4576924001051215
ENSMUSG00000042404	-0.0744955617405795	0.4533327143448231
ENSMUSG00000055202	-0.0750533440953331	0.229868111372323
ENSMUSG00000078580	-0.0364354196230847	0.3209530331600788
ENSMUSG00000062497	-0.297217517458384	-0.4377406905504331
ENSMUSG00000109936	-0.0239489478034151	-0.075472823229804
ENSMUSG00000030546	-0.0574737830547198	-0.2279078257365028
ENSMUSG00000108391	-0.4055250188515977	0.4639765565157038
ENSMUSG00000044294	-0.1670011857489282	-0.305622624140214
ENSMUSG00000018566	-0.1214664855994566	0.3318944230108518
ENSMUSG00000097073	-0.2679328880983149	0.5002941207096565
ENSMUSG00000027875	-0.3068424026373028	-0.2600171446912762
ENSMUSG00000113288	-0.8393700265824302	-0.519802153241087
ENSMUSG00000028945	-0.0309330613450545	0.4781406494319317
ENSMUSG00000099922	-0.2478267392787227	-0.2099521086158398
ENSMUSG00000099614	-1.4018729278159558	-2.0
ENSMUSG00000084816	0.0636230422142567	-0.3509723720851709
ENSMUSG00000096518	-2.0	-2.0
ENSMUSG00000020781	-0.1541601984037109	0.2682839748352961
ENSMUSG00000021178	-0.0702649208190342	0.424153828772719
ENSMUSG00000041548	-0.0388815461143089	0.3149687615430306
ENSMUSG00000108504	-0.3465339322777731	-0.302465363110115
ENSMUSG00000105843	-0.2430828701896562	0.2761956770685548
ENSMUSG00000050102	-0.2279549506675066	-0.1187147686683676
ENSMUSG00000106637	-0.5224793780377623	-0.5882793070622645
ENSMUSG00000052566	-0.0414673641717822	0.3313426565283101
ENSMUSG00000042672	-0.1195644083726014	-0.0854223554358728
ENSMUSG00000115924	-0.1762246079317255	-0.3567548671561659
ENSMUSG00000111532	-0.3126269490580758	-0.2698940710482387
ENSMUSG00000106018	-0.3158207680608417	-0.4961845397199346
ENSMUSG00000074203	-0.2267197957171028	0.4530059638828321
ENSMUSG00000079184	-0.0473645510710833	0.4674302081761755
ENSMUSG00000094570	-2.0	-2.0
ENSMUSG00000110815	-0.2147202897366937	-0.4096002608416879
ENSMUSG00000035274	-0.1438643053778454	0.2595518329404492
ENSMUSG00000066752	-0.4186186736268477	-0.0003794785429075
ENSMUSG00000107318	-0.3021458275298685	-0.365501166797064
ENSMUSG00000045709	-0.1759879961053628	0.3794689775509279
ENSMUSG00000098045	-0.4456715041551514	-0.4361509881275917
ENSMUSG00000094080	-0.4358345503452033	-0.3079307496627138
ENSMUSG00000021866	-0.1671719981004836	0.4390028206268315
ENSMUSG00000073563	-0.1698526498329645	0.5234824291398111
ENSMUSG00000058099	-0.1105172204400991	-0.1325196661712265
ENSMUSG00000094354	-2.0	-2.0
ENSMUSG00000041444	-0.0878690645000738	0.0343398737397791
ENSMUSG00000087368	-0.2232543720946463	0.4156006173198994
ENSMUSG00000009646	-0.3326520376486953	-0.1938394339844229
ENSMUSG00000033972	-0.1954147754254561	0.4774109772439186
ENSMUSG00000051003	-2.0	-2.0
ENSMUSG00000105620	-0.5261406744267204	-0.6113287613682838
ENSMUSG00000064140	-0.1378158881300006	-0.5222477397335953
ENSMUSG00000106134	-2.0	-2.0
ENSMUSG00000032244	-0.0184512011198995	0.4490548520259077
ENSMUSG00000020186	-0.0387611105124129	0.4366968346627217
ENSMUSG00000043671	-0.0287016019415136	0.4824985570211841
ENSMUSG00000100518	-0.7885963781976584	-0.8156584732774743
ENSMUSG00000104206	-0.3114068507757191	-0.4338735197769824
ENSMUSG00000070817	-0.389755382970914	-0.466979522056719
ENSMUSG00000025381	-0.2867178338351048	0.4771693139830961
ENSMUSG00000117824	-0.0667121892210625	0.1998858846082102
ENSMUSG00000061099	-0.0564185349739134	0.0352413295956726
ENSMUSG00000041592	-0.2948002054004347	-0.0906863233428983
ENSMUSG00000017167	-0.0453257270108342	-0.3192985278482754
ENSMUSG00000032078	-0.1510704418555068	0.4039515796923134
ENSMUSG00000048458	-0.0531788396505776	0.401105051096878
ENSMUSG00000109407	-0.4834979431232073	-0.4875581614835654
ENSMUSG00000026042	-0.5782588972216217	-0.3549140952009328
ENSMUSG00000029162	-0.0164989231851253	0.3232855220239118
ENSMUSG00000085561	-0.5314509320075095	-0.5094979386873233
ENSMUSG00000034308	-0.3161141963188152	-0.2563093430461016
ENSMUSG00000116832	-0.6474164562049779	-0.673886300637915
ENSMUSG00000109088	-0.8090722985697113	-0.7092439013092975
ENSMUSG00000074238	-0.0603735348060297	0.4814887787970598
ENSMUSG00000086251	-0.396411596105052	0.5398365775903124
ENSMUSG00000032468	-0.0282057201876904	0.4939036886518105
ENSMUSG00000107496	-0.4680427539495906	-0.5138249585721614
ENSMUSG00000021615	-0.2773951959132742	0.5026207339194196
ENSMUSG00000110479	-0.4234223288834377	-0.2777294740227827
ENSMUSG00000093637	0.0064372024265784	0.0362237907450217
ENSMUSG00000002228	-0.0135867737729018	0.2601940230663746
ENSMUSG00000026289	-0.0200555691327975	0.4474058187060778
ENSMUSG00000033458	-0.0650892657528505	0.2523529405750369
ENSMUSG00000040822	-0.2330210057339776	0.430569727464205
ENSMUSG00000034912	-0.5842599642268206	-0.4280225243089656
ENSMUSG00000032855	-0.0290452581071144	0.4987146043212541
ENSMUSG00000029658	-0.2861883489339079	-0.3111955349923043
ENSMUSG00000106235	-0.2667264149466738	-0.925597432959708
ENSMUSG00000085834	-0.2518315787300869	-0.4289377583825428
ENSMUSG00000091821	-0.6538184687652434	-0.7117751957930206
ENSMUSG00000113764	-0.53759421482153	-0.7346117849219568
ENSMUSG00000054360	-0.2222613515908088	-0.1915988706931354
ENSMUSG00000106214	-0.4516602183585814	-0.5317693834465987
ENSMUSG00000067276	-0.7351919015192573	-0.4342272452290636
ENSMUSG00000049985	-0.2362782831048611	-0.1095283444085344
ENSMUSG00000025955	-0.4302808991095006	-0.311899964920813
ENSMUSG00000115129	-0.8534891474009123	0.080056263549282
ENSMUSG00000047050	-0.7199209910763075	-0.7100197345266723
ENSMUSG00000017721	-0.1181224334459421	0.4823981710422562
ENSMUSG00000121374	-0.1079952721589166	0.5047037830411847
ENSMUSG00000000183	-0.4104399870281615	-0.4756023458585355
ENSMUSG00000032913	-0.0307438553866475	0.5334733623517917
ENSMUSG00000101860	-0.3783138774374266	-0.2546099126242835
ENSMUSG00000099639	-0.4021767380234458	-0.924914877077322
ENSMUSG00000008307	0.0099348092022279	0.0833237052547638
ENSMUSG00000024682	-0.4596277236546982	-0.3589530565919277
ENSMUSG00000097167	-0.1248472548731834	0.3835367538886901
ENSMUSG00000108449	-0.3186710078144552	-0.333401345506755
ENSMUSG00000033983	0.0194253814770362	-0.2185649009990642
ENSMUSG00000086875	-0.8431674685931775	-0.4159382575184098
ENSMUSG00000026273	-0.0055510389383877	0.2675537394868533
ENSMUSG00000028126	-0.0179953970291743	0.2041644955590725
ENSMUSG00000087090	-0.1767949081149691	-0.319601568310212
ENSMUSG00000073733	-0.0322641197557877	0.2576693130207006
ENSMUSG00000034187	-0.0164798867261522	0.4976225830433589
ENSMUSG00000052760	-0.4755384465267744	-0.3444491812821653
ENSMUSG00000112419	-0.526053140339172	-0.4540964168013387
ENSMUSG00000027801	-0.3696742521247816	-0.3894177614400181
ENSMUSG00000118280	-1.2966289941934674	-2.0
ENSMUSG00000113476	-0.023609757757041	0.2292099273627345
ENSMUSG00000031387	-0.0889268071273691	0.3307399804936717
ENSMUSG00000061740	-0.0644761083706714	0.1583878252011522
ENSMUSG00000046618	-0.2715087266884228	0.1143675510011935
ENSMUSG00000085006	-0.1752453828262448	-0.2039704721181731
ENSMUSG00000004931	-0.0467845075119959	0.2384932213096105
ENSMUSG00000036918	-0.0922828058230268	0.4935076818142702
ENSMUSG00000037627	-0.1822211713126246	0.3824064715209671
ENSMUSG00000005823	-0.2209992324269795	0.3031869825156065
ENSMUSG00000089996	-0.6653110696933109	-0.0924351582993665
ENSMUSG00000022389	-0.0098675063144155	0.0113802765556672
ENSMUSG00000072704	-0.4088610124936186	0.5102248010709716
ENSMUSG00000029094	-0.0506657232562992	0.4075091932365957
ENSMUSG00000019787	-0.5018758881733576	-0.3791616850850469
ENSMUSG00000005981	-0.0245579891370306	0.3845164903997746
ENSMUSG00000035735	-0.0736455126752916	0.1746438071344096
ENSMUSG00000028643	-0.0971645841710895	0.3785149084676423
ENSMUSG00000027164	-0.0248523911779506	0.4407649227267927
ENSMUSG00000028902	-0.0452548685126629	0.3130767601213993
ENSMUSG00000029729	-0.0194691560126706	0.4012485111061324
ENSMUSG00000106671	-0.2177880307271457	-0.1271404484562312
ENSMUSG00000106701	-0.8857928104350566	-0.6548263066410673
ENSMUSG00000064329	-0.4552656389038756	-0.1224391956144615
ENSMUSG00000031984	-0.0595801463782974	0.4088502629120292
ENSMUSG00000108534	-0.4274185662691911	-0.4957202419318107
ENSMUSG00000025004	-0.4997064282626751	-0.5172024245764895
ENSMUSG00000025962	-0.0607636800445689	0.4701596039030108
ENSMUSG00000112484	-0.766726030045007	-0.479729487550861
ENSMUSG00000103213	-0.2299951731038744	-0.0707192530041307
ENSMUSG00000096137	-2.0	-2.0
ENSMUSG00000025486	-0.0533668821186751	0.4501240381419729
ENSMUSG00000028702	-0.0509242629764819	0.4168451266416338
ENSMUSG00000034359	-0.7863572054442756	-1.970384930779792
ENSMUSG00000115474	-0.289955954726334	-0.1646609371470694
ENSMUSG00000113334	-0.4295796605412877	-0.5207219312858837
ENSMUSG00000080705	-0.3979358828940569	-0.4348499730731911
ENSMUSG00000101279	-2.0	-2.0
ENSMUSG00000087173	-0.3717864581436049	-0.5604441835090633
ENSMUSG00000089716	-2.0	-2.0
ENSMUSG00000053453	-0.0850890871495407	0.3754532730724801
ENSMUSG00000002279	-0.047217627669352	0.4645646557016931
ENSMUSG00000042331	-0.2506298206940686	0.1877513432844915
ENSMUSG00000002804	-0.1209741181178421	0.407626430477443
ENSMUSG00000067722	-0.0902279469441744	0.3207488930039203
ENSMUSG00000097776	-0.2385567678782461	-0.4013810570309642
ENSMUSG00000086859	0.152406994553404	0.0825433901216557
ENSMUSG00000097185	-0.6110158610885531	0.3979247212372142
ENSMUSG00000037846	-0.0430937039110731	0.4887165063811166
ENSMUSG00000116862	-0.2406287853080952	-0.1680624324615711
ENSMUSG00000035964	-0.1634424662662842	-0.0548292204018088
ENSMUSG00000104936	-0.7122837942077809	-0.4193753726891374
ENSMUSG00000072963	-0.2324949085819649	0.0864964339611073
ENSMUSG00000072982	-0.3164746003517711	-0.3224156749764335
ENSMUSG00000079108	-0.0668520803317837	0.506972898337785
ENSMUSG00000030031	-0.1005645165491714	0.489411683262882
ENSMUSG00000036908	-0.0280961776667484	0.308633980471311
ENSMUSG00000025571	-0.0229168796841472	0.5217976578821244
ENSMUSG00000030922	-0.2117682576102726	0.4404553535748385
ENSMUSG00000102852	-0.7319207234073414	-0.3048637950414172
ENSMUSG00000073802	-0.1682205478959511	0.3309423572841134
ENSMUSG00000074364	-0.087868213806929	-0.3266413781431853
ENSMUSG00000114637	-0.5525833302603517	-0.3478068609111249
ENSMUSG00000062960	-0.2899952443520163	0.1053302985113891
ENSMUSG00000104969	-0.1918011847897658	0.0293921387882078
ENSMUSG00000121155	0.111335315749262	0.3882262831125259
ENSMUSG00000026645	-0.4393909366255526	-0.3871191051942088
ENSMUSG00000109195	-0.2851741536110307	-0.1810957378298686
ENSMUSG00000066152	-0.1315208482751216	-0.1925630713273304
ENSMUSG00000052403	-0.083583533997359	0.1184868110889152
ENSMUSG00000070327	-0.2556758739932809	0.1292095830937544
ENSMUSG00000114412	-0.6575436823987484	-0.4081668154357641
ENSMUSG00000091099	-2.0	-2.0
ENSMUSG00000031672	-0.0326681015912031	0.3942155565827618
ENSMUSG00000006948	-0.1573060313122465	-0.2801629385359822
ENSMUSG00000104708	-0.4741042913371766	-0.290710190862734
ENSMUSG00000061742	-2.0	-2.0
ENSMUSG00000033991	-0.0798191543791551	0.4438141524341746
ENSMUSG00000037843	-0.0956783647932578	-0.0670295161315035
ENSMUSG00000031311	-0.0388028982623981	0.3263342220785577
ENSMUSG00000027784	-0.3029698853793582	0.4589054430284296
ENSMUSG00000092074	-2.0	-2.0
ENSMUSG00000026270	-0.0884761397432339	0.4441047806534168
ENSMUSG00000028488	-0.2849257032705607	0.35647637137172
ENSMUSG00000110598	-0.114554869714355	0.1528143172624509
ENSMUSG00000025780	-0.4011333616332626	-0.1909724031291092
ENSMUSG00000034255	-0.0360098008189139	0.2944450620569493
ENSMUSG00000022314	-0.0302976037165686	0.4080105429514185
ENSMUSG00000030034	-0.1511837343199345	0.1596333549430493
ENSMUSG00000022269	-0.1786116031135939	0.497857824409411
ENSMUSG00000020218	-0.3614879806207696	-0.078057808167032
ENSMUSG00000024992	-0.2796332774554302	-0.4537210777559198
ENSMUSG00000053613	-2.0	-2.0
ENSMUSG00000113136	0.1037797828051094	-0.4138956832409066
ENSMUSG00000020401	-0.2222003809297164	-0.3529873161467952
ENSMUSG00000101013	-0.1131277145622385	0.4045131779424682
ENSMUSG00000085846	0.0542027704017328	-0.0908765551662324
ENSMUSG00000022240	-0.3207522184861097	0.4131615727333973
ENSMUSG00000036136	-0.3346021453929269	-0.3706118714791496
ENSMUSG00000079029	-2.0	-2.0
ENSMUSG00000019461	-0.0998225820105565	0.3570359945821882
ENSMUSG00000102046	-0.4924822542974905	-0.3960503844493167
ENSMUSG00000038774	-0.2966754275717159	0.5254620478074873
ENSMUSG00000100417	-0.133246591083347	-0.2957329430852497
ENSMUSG00000101307	-0.3031426702755954	-0.3605874267702214
ENSMUSG00000018656	-0.459273458743103	-0.4440119940260498
ENSMUSG00000102321	-0.8021049709403388	-0.4273149522458928
ENSMUSG00000031097	-0.4637994928429658	-0.2090698564044028
ENSMUSG00000086249	-0.3242139620362026	-0.1482253313925718
ENSMUSG00000056753	-0.0301927466095207	0.4104225693758271
ENSMUSG00000025260	-0.0674846343393152	0.3942208129703513
ENSMUSG00000029757	-0.3642844902507423	0.1065412522981639
ENSMUSG00000002831	0.0336971141124234	-0.0517818257175475
ENSMUSG00000074671	-0.2554322853741188	0.1740782495773697
ENSMUSG00000067610	-0.5672307550118052	-0.5681986232154642
ENSMUSG00000034940	-0.097396478030178	0.4149984026989714
ENSMUSG00000029313	-0.0063248630338861	0.1791990421885893
ENSMUSG00000044786	-0.0666793755289042	0.0172374097524739
ENSMUSG00000081919	-2.0	-2.0
ENSMUSG00000031934	-0.0851260691099484	0.3434302587478243
ENSMUSG00000121693	-0.3661547806839059	-0.3762986582689831
ENSMUSG00000027397	-0.0602194506111633	0.4347215189529637
ENSMUSG00000039904	-0.5514185770351907	-0.2583159090897205
ENSMUSG00000020572	-0.029342347099296	0.4405441843896087
ENSMUSG00000023994	-0.0509702655870854	0.4279256989695386
ENSMUSG00000002205	-0.0341022919272833	0.4011171228755493
ENSMUSG00000010608	-0.0203554902402543	0.5093971717101038
ENSMUSG00000038072	-0.1286589835824146	0.3587082687758371
ENSMUSG00000109274	-0.0218303519774229	0.3287945335953183
ENSMUSG00000035437	-0.0795398085752507	0.467348487106854
ENSMUSG00000024186	-0.0787176323416067	-0.039512954565261
ENSMUSG00000082338	-0.6302653407667854	-0.4594647659341624
ENSMUSG00000046605	-0.0545242259260525	0.5689649418251168
ENSMUSG00000110631	-0.1475608758848262	-0.2684558751673548
ENSMUSG00000072770	-0.0537008458654762	0.1736183658520288
ENSMUSG00000044485	-0.4906464286207763	-0.363598790655864
ENSMUSG00000044499	-0.3976432697926204	0.0301199117198309
ENSMUSG00000074418	-1.276794303938887	-0.3986941640172474
ENSMUSG00000091987	-2.0	-2.0
ENSMUSG00000054474	-0.230471878791357	0.3692359013082981
ENSMUSG00000121719	-0.3399511560535581	-0.2090193956915625
ENSMUSG00000040928	-0.0306212745381152	0.4023442774896146
ENSMUSG00000103108	0.3679337259642694	-0.0739599152139737
ENSMUSG00000115144	-0.1175479833252356	0.0859258890370266
ENSMUSG00000035011	-2.0	-2.0
ENSMUSG00000051452	-0.2973585717328475	-0.4132248417172809
ENSMUSG00000108756	-0.5465978675523625	-0.4671804180505535
ENSMUSG00000112206	-0.259506568067079	0.0398137241694955
ENSMUSG00000000881	-0.2063045839709871	-0.0830250001992962
ENSMUSG00000017491	-0.7570467835149682	0.2114400281285826
ENSMUSG00000026560	-0.4582498174456769	-0.5164204048734615
ENSMUSG00000034910	-0.243710096239705	0.203599603374528
ENSMUSG00000021482	-0.0420215904728928	0.4962682979455117
ENSMUSG00000070617	-0.4463263828898902	-0.5189335789508002
ENSMUSG00000033276	-0.1998452571858036	0.3872445625812908
ENSMUSG00000090174	-0.1768735020914663	0.0143324157474989
ENSMUSG00000021395	-0.0171049169275566	0.3958863329961744
ENSMUSG00000093503	-1.3638297662912011	-0.5418190424287208
ENSMUSG00000095263	-2.0	-2.0
ENSMUSG00000094140	-0.5959823605879914	-0.4204413804718619
ENSMUSG00000094482	-0.1881185493449276	-0.4320474211381228
ENSMUSG00000038141	-2.0	-2.0
ENSMUSG00000114288	-0.3202452335736712	0.3088341259034977
ENSMUSG00000072825	-0.0205631722698625	0.3402394127671085
ENSMUSG00000114352	-0.3934409115172135	-0.4181690809364101
ENSMUSG00000029554	-0.0116137251099279	0.4322635902536665
ENSMUSG00000074527	-2.0	-2.0
ENSMUSG00000073529	-0.0185136487488451	0.0126062704341292
ENSMUSG00000015053	-0.1507108326486123	-0.3288804982196885
ENSMUSG00000097012	-0.1492914122011569	-0.1234107423846463
ENSMUSG00000079469	-0.032470650172353	0.3877136465507337
ENSMUSG00000014602	-0.2525847737089258	0.0455602500253139
ENSMUSG00000093867	-0.1274189676843476	-0.2424733684293905
ENSMUSG00000059108	0.0534644480811489	0.0399786918322969
ENSMUSG00000064109	-0.2354151205631441	-0.6176548916942608
ENSMUSG00000094200	-0.5839516015454218	-0.3862869005265522
ENSMUSG00000004892	-0.0380329400197595	-0.1246062522441934
ENSMUSG00000100343	-2.0	-2.0
ENSMUSG00000051444	-0.1265822015152093	0.5208449668464241
ENSMUSG00000022243	-0.2810129697835118	0.0076470850931256
ENSMUSG00000044430	-0.1319368119216767	-0.1302262200983791
ENSMUSG00000063827	-0.3060603516227346	-0.3373071285250384
ENSMUSG00000095141	-2.0	-2.0
ENSMUSG00000027463	-0.037872269347168	0.0074992460894868
ENSMUSG00000100462	-0.3392490846452621	-0.2736603251709424
ENSMUSG00000025155	-0.0776500551141151	0.2722065392256055
ENSMUSG00000082326	-0.4317417039582138	-0.6856778941891473
ENSMUSG00000105613	-0.0646267714839476	0.2794529374300876
ENSMUSG00000102465	-0.5551180418325998	-0.5223249676909557
ENSMUSG00000029158	-0.3730469192646666	-0.7128762536187209
ENSMUSG00000109408	-0.0293139114032967	0.4335554330901958
ENSMUSG00000028494	-0.0933119545474959	0.3917489111196308
ENSMUSG00000024943	-0.0159887459689636	0.4228763206130824
ENSMUSG00000022756	-0.0616744498600779	0.095764049603931
ENSMUSG00000117474	-0.556148805091929	-0.611480627097282
ENSMUSG00000041313	-0.0020621410069722	0.3730051086705059
ENSMUSG00000038437	-0.0327049991028927	0.0128206959016215
ENSMUSG00000114960	-0.6081094375618603	-0.4499082448639347
ENSMUSG00000118002	-0.2765218338993357	-0.5979946601544265
ENSMUSG00000019945	-0.3309582907612626	-0.0583288916354296
ENSMUSG00000085926	-0.051961725892922	-0.1165245849045944
ENSMUSG00000102396	-2.0	-2.0
ENSMUSG00000021148	-0.1410453105214038	-0.2630836118868346
ENSMUSG00000068580	-0.1078736615646339	0.442271822363124
ENSMUSG00000120307	-0.3586381463209266	-0.258793861599905
ENSMUSG00000120713	-0.2686183596732042	-0.5748805787769236
ENSMUSG00000107568	-0.4080367769308651	-0.1423052600660833
ENSMUSG00000117328	-0.4464769318269296	-0.4530447800486293
ENSMUSG00000085169	-0.0366143644593271	0.4233110951538268
ENSMUSG00000020668	-0.1420026976428819	0.3948603907138345
ENSMUSG00000100034	-2.0	-2.0
ENSMUSG00000092518	-0.366329795852128	-0.1524859498916556
ENSMUSG00000029909	-0.3408213009177344	-0.3850587242860115
ENSMUSG00000032185	-0.0260432506536394	0.3568771578077918
ENSMUSG00000042459	-0.3440993366434509	-0.3658537661987409
ENSMUSG00000025374	-0.1476894874720339	0.1586977345209914
ENSMUSG00000110250	-0.2184699426430051	-0.288806445000888
ENSMUSG00000115426	-0.2148667099109548	-0.2209100962230814
ENSMUSG00000012889	0.1044823313153772	-0.292351147087615
ENSMUSG00000079278	-0.2351459706696096	-0.1839982313878151
ENSMUSG00000040177	-0.037815882819851	0.4863786154705627
ENSMUSG00000109672	-0.100625507374987	-0.1772532034737138
ENSMUSG00000034685	-0.0010040325202337	0.2439003213788904
ENSMUSG00000030786	-0.3207929410304544	-0.4996574297255787
ENSMUSG00000089865	-0.0354522560686046	0.3227397225518577
ENSMUSG00000059939	-0.0620234825014602	0.4625168884580019
ENSMUSG00000030880	-0.0230916215324234	0.373307840202689
ENSMUSG00000107492	-0.5936816218487958	-0.7047487414487356
ENSMUSG00000114566	-0.3041624529498475	-0.1253644379596737
ENSMUSG00000037188	-0.011424188898722	0.177531305679083
ENSMUSG00000114400	-0.3670307446745113	-0.447163937787337
ENSMUSG00000022913	-0.5923341577325912	0.4107664391277887
ENSMUSG00000054940	-0.6942389960087746	-0.504082884241574
ENSMUSG00000026358	-0.521041979063026	-0.7735350692311368
ENSMUSG00000022064	-0.0420120222537537	0.3735199575644682
ENSMUSG00000106375	-0.2807399962046409	-0.0143205680475155
ENSMUSG00000098358	-0.4707950649727079	-0.4420080063512092
ENSMUSG00000041235	-0.1998799370545202	0.4301021577794267
ENSMUSG00000038058	-0.2854704101648718	-0.1688136096294841
ENSMUSG00000113121	-0.4792422212442013	0.0776781605346393
ENSMUSG00000060205	-0.4619526141590196	-0.405539824298845
ENSMUSG00000095409	-0.7394849992420149	-0.558876687366719
ENSMUSG00000117661	-0.4331821687892942	-0.4176318284234069
ENSMUSG00000099390	-2.0	-2.0
ENSMUSG00000100852	-2.0	-2.0
ENSMUSG00000021791	-0.1778766605004945	-0.4552319658452884
ENSMUSG00000021977	-0.5569462755128405	-0.7201168749076733
ENSMUSG00000082896	0.3238507867670282	0.1348484375396619
ENSMUSG00000121828	-0.2203593601186414	-0.1896403047826279
ENSMUSG00000083554	-0.760341218894569	-0.6772020316536124
ENSMUSG00000052363	-0.002123235917775	-0.1640154757765404
ENSMUSG00000100632	0.0288276872315735	0.1113984951139919
ENSMUSG00000079677	-0.2015019713204559	0.3914450153876935
ENSMUSG00000101454	-0.3063553462485025	-0.2906168996924893
ENSMUSG00000041515	-0.2101215879619936	0.358129093190528
ENSMUSG00000105289	-0.3786837691193749	-0.2922971714566106
ENSMUSG00000095936	-0.3200774348738019	-0.3974619182629777
ENSMUSG00000026205	-0.3283179701336798	0.0289009148308694
ENSMUSG00000086431	-0.8776831804773048	-0.4888109959383327
ENSMUSG00000108604	-0.5322507531506091	-0.3855615652827212
ENSMUSG00000075122	-0.0452404090150214	-0.3770941448062652
ENSMUSG00000063800	-0.0554941331957632	0.4154204410737367
ENSMUSG00000111717	-0.5119227532748506	-0.6990412779086558
ENSMUSG00000040985	-0.3957210137494178	-0.0365365040016386
ENSMUSG00000098889	0.0028646057486121	0.0221038282623198
ENSMUSG00000048810	-0.6692431477916936	-1.039377032010982
ENSMUSG00000045165	-0.0531407501018516	0.3118445238055597
ENSMUSG00000033576	-0.0809720375186664	-0.0698507455467895
ENSMUSG00000006711	-0.5316237175874384	-2.0
ENSMUSG00000022614	-0.3384972028028896	0.4054611094237582
ENSMUSG00000087075	-0.2798835490970157	-0.3911471918691621
ENSMUSG00000032594	-0.0296897660064145	0.4785304231255388
ENSMUSG00000101820	-2.0	-2.0
ENSMUSG00000085112	-0.4413655777823861	0.4573305528118194
ENSMUSG00000090716	-0.8125903486684013	-0.6457732413335591
ENSMUSG00000091779	-0.3201685242950521	-0.2589031209708985
ENSMUSG00000115111	-0.3045806702571993	-0.4081630359896818
ENSMUSG00000036873	-0.0994185630279756	0.2748950618061551
ENSMUSG00000030590	0.0202467265149296	0.2107747843121637
ENSMUSG00000105443	0.0525013325083679	-0.053653668595983
ENSMUSG00000051727	-0.0571887242665578	-0.2996168447104708
ENSMUSG00000058147	-0.6192498438135715	-0.4066875659007054
ENSMUSG00000083294	-0.4707822247381826	-0.872914907384117
ENSMUSG00000117588	-0.3661027136593704	0.4702066746564739
ENSMUSG00000087667	0.0344230906488034	-0.5283277144622534
ENSMUSG00000097427	-0.3544342996000766	-0.1581760703818703
ENSMUSG00000032067	-0.2449054415792593	0.4897324188114361
ENSMUSG00000033964	-0.1569141716368307	0.5262498241953961
ENSMUSG00000086109	-0.3448875083329704	-0.1954413384164595
ENSMUSG00000042246	-0.2048922538315009	0.199288498717825
ENSMUSG00000093485	0.0062974262439387	0.1676268439002188
ENSMUSG00000084843	-0.369655737253635	-2.0
ENSMUSG00000104479	-0.1402061307616716	-0.1517431260348811
ENSMUSG00000050017	-0.018625605655516	0.4290723758866596
ENSMUSG00000056296	-0.4702571276789063	0.1954055481862067
ENSMUSG00000084905	-0.247858092840959	-0.3244771792640293
ENSMUSG00000089851	-0.4425137313522532	-0.3341907595190473
ENSMUSG00000039883	-0.3542530155219598	-0.1833468791554876
ENSMUSG00000025038	-0.7798461303162645	-0.5148233443424284
ENSMUSG00000080758	-0.5497357994396067	-0.5848759779843967
ENSMUSG00000063683	-0.5836205804456194	-0.3658231115507337
ENSMUSG00000072660	-0.4679908011616645	0.3855162956187115
ENSMUSG00000027502	-0.0382265821279559	0.4063033828186047
ENSMUSG00000092621	-0.6145627945821462	-0.7976468965347333
ENSMUSG00000035772	0.0277277890024561	0.11620048502527
ENSMUSG00000025929	-0.433396600114579	-0.228328460775686
ENSMUSG00000038980	-0.2648161136298197	0.0480336546976077
ENSMUSG00000100856	-2.0	-2.0
ENSMUSG00000034032	-0.0227474252742495	0.4928020011025632
ENSMUSG00000100486	-0.6200273600645921	-0.7941527930469199
ENSMUSG00000035506	-0.1116108817765034	0.4687356582735071
ENSMUSG00000118262	-0.3971232178732085	-0.3776858624475397
ENSMUSG00000097917	-0.3042294736628539	0.2016978578723476
ENSMUSG00000043537	-0.5773599385205128	-0.7552939438010875
ENSMUSG00000081881	-0.5573706837854291	-0.7313901123894059
ENSMUSG00000071652	-0.0846848156068231	0.0349839273107786
ENSMUSG00000075079	-0.6317307848259627	-0.6994919054731877
ENSMUSG00000039639	-0.2668163820693898	-0.3999958224829666
ENSMUSG00000070576	-0.1760403627248689	0.3511215446608814
ENSMUSG00000032537	-0.3994191258369995	-0.0631501110142876
ENSMUSG00000071866	0.0153584139570052	0.2332591471430127
ENSMUSG00000110623	-0.3789394762471951	-0.2925787017218705
ENSMUSG00000109112	0.3895236539670875	-0.2693061905725639
ENSMUSG00000027751	-0.0347233978694699	0.5068155569191365
ENSMUSG00000022820	-0.0855036766140702	0.3724859646488971
ENSMUSG00000060988	-0.587788844476286	0.3426374850164323
ENSMUSG00000038145	-0.1503606075771149	0.3754518094746498
ENSMUSG00000111050	-0.2297316599679412	-0.2480158171452143
ENSMUSG00000038695	-0.0256041959913008	0.207968642769087
ENSMUSG00000008333	-0.0250492608884382	0.4392676237461477
ENSMUSG00000035235	0.0277159732760026	0.0632325999531987
ENSMUSG00000001444	-0.212930353776599	0.0997548583870553
ENSMUSG00000114436	0.0194697329457887	-0.1231195575185898
ENSMUSG00000022964	-0.0603558682345544	0.3309419113559952
ENSMUSG00000024295	-0.1466283008755214	-0.2047980110474507
ENSMUSG00000083012	-0.0631170631200676	0.4743689689770458
ENSMUSG00000073771	0.103808508427795	0.1120880980766088
ENSMUSG00000096127	-2.0	-2.0
ENSMUSG00000053862	-0.3122643744929358	-0.3503388613939768
ENSMUSG00000023959	-0.3785239714809513	-0.2314826597643137
ENSMUSG00000071456	-0.0333725048135136	0.434632446886801
ENSMUSG00000105777	-0.5507206659239887	-0.1577899206233511
ENSMUSG00000004364	-0.0601777455092663	0.4749917633617008
ENSMUSG00000082751	-0.7640460015625188	-0.7627593684319398
ENSMUSG00000083789	-1.065257200613949	-0.8307753140942061
ENSMUSG00000063810	-0.0504420660941299	0.5031437970732802
ENSMUSG00000078908	-0.0317800426641414	0.4822640008438456
ENSMUSG00000096948	-0.4679844223184558	-0.2373839971855922
ENSMUSG00000006010	-0.1100195355833259	0.4952939563608626
ENSMUSG00000101531	-2.0	-2.0
ENSMUSG00000110956	-0.4979018665760236	-0.4096888455473453
ENSMUSG00000021235	-0.0862060620637394	0.4128300025623259
ENSMUSG00000011158	-0.034470372850445	0.5067690464787185
ENSMUSG00000034390	-0.0047880758393243	0.4452170572606936
ENSMUSG00000089943	-0.2566109765129412	-0.4069785787045102
ENSMUSG00000109562	-0.432533442379642	-0.9454122991767264
ENSMUSG00000085453	-0.4512007570758988	-0.4949379752182757
ENSMUSG00000087444	-0.1556136690243307	0.3774694451744927
ENSMUSG00000069922	-0.2285512803673787	-0.3462317519855796
ENSMUSG00000085171	-0.5589156619775948	-0.4169173557991474
ENSMUSG00000102698	-0.2683466191798179	-0.3197018429574758
ENSMUSG00000035551	-0.124757760381069	0.2778910132091868
ENSMUSG00000020169	-0.2384286096222223	-0.2386300396463335
ENSMUSG00000052595	-0.3924855736523236	-0.4953720315214507
ENSMUSG00000035403	-0.1625604341364193	0.2052732932502797
ENSMUSG00000085593	-0.0601317548132351	-0.2333092635975902
ENSMUSG00000114711	-2.0	-2.0
ENSMUSG00000117789	-0.0517355413715971	0.2745097623854016
ENSMUSG00000027593	-0.0242351303477238	0.4875668000125971
ENSMUSG00000113849	-0.4681524723238996	-0.6085232101510862
ENSMUSG00000029663	-0.4442919241874283	-0.4136972176406084
ENSMUSG00000036748	-0.0884399361845853	0.3100672223698627
ENSMUSG00000057710	-0.4410443598052049	-0.6936440790248355
ENSMUSG00000026095	-0.1693845175054897	0.4776435415666182
ENSMUSG00000120700	-0.45076640216325	-0.6541088752098593
ENSMUSG00000031722	-0.112199232127284	-0.3959085774636933
ENSMUSG00000025234	-0.009536647544723	0.5071345059398725
ENSMUSG00000059005	0.0745319357702584	0.3366694254372319
ENSMUSG00000001054	-0.029641034370155	0.0476475385439726
ENSMUSG00000041241	-0.0813557908742379	0.3571253147456001
ENSMUSG00000100112	-2.0	-2.0
ENSMUSG00000025060	-0.1338535488059142	0.5059597250366553
ENSMUSG00000053469	-0.2759939684433317	-0.4432658320968677
ENSMUSG00000084162	-0.4990859835662781	-0.5260545402790495
ENSMUSG00000110671	-0.2938422980679307	-0.2088865953752956
ENSMUSG00000071711	-0.1303561308936042	0.4137010076237661
ENSMUSG00000075187	-0.4694074110339282	-0.5678857161107655
ENSMUSG00000017830	-0.1280878168662931	0.3128338045494379
ENSMUSG00000078604	-0.5568005572114078	0.5014621334586941
ENSMUSG00000029517	-0.6806602136059965	-0.282884617068605
ENSMUSG00000097993	-0.0004856389385903	0.0523486771637119
ENSMUSG00000114310	-0.0263081148011914	0.0532640358881858
ENSMUSG00000030463	-0.3712253833861086	-0.341110022442058
ENSMUSG00000006488	-0.6523892381871874	-0.5141063091578069
ENSMUSG00000111020	-0.5051374708189342	-0.0678332926328152
ENSMUSG00000121239	-0.6402798391030236	-0.3978837928898432
ENSMUSG00000057654	-0.3942195377816522	-0.2808506077725441
ENSMUSG00000036241	-0.0155302963772304	0.4891391533114257
ENSMUSG00000024800	-0.0573024874665568	0.4918201228076749
ENSMUSG00000027073	-0.2374632239353322	-0.4170607690094944
ENSMUSG00000090634	-0.2216283287298123	-0.3127746337829528
ENSMUSG00000105153	-0.1767763775656316	-0.126513618870528
ENSMUSG00000101483	-0.4244886338113601	-0.6410583006765684
ENSMUSG00000100280	-0.1516349462222949	-0.0752218720952989
ENSMUSG00000031600	-0.0794257010247862	0.5157498932096499
ENSMUSG00000120002	-0.05928872389425	0.4559974857429223
ENSMUSG00000097893	-0.3128121875452473	0.4671147865925819
ENSMUSG00000120208	-0.411923124933418	-0.3403157389950709
ENSMUSG00000001334	-0.0315788844383715	-0.0796392338335351
ENSMUSG00000039285	-0.0706646712453425	0.4819494395592651
ENSMUSG00000073835	-0.3643596539213587	-0.3217960291958657
ENSMUSG00000044542	-0.3220344462311444	-0.3492948956858696
ENSMUSG00000042308	-0.0462665889504835	0.3885611963005131
ENSMUSG00000005649	-0.4526024209956869	-0.4038587679298788
ENSMUSG00000104524	-0.0618145299814904	-0.2411943487234376
ENSMUSG00000027475	-0.0143615054408935	0.3858453378359601
ENSMUSG00000045427	-0.1458606620857316	0.4036951947522691
ENSMUSG00000020770	-0.0376478091179478	0.4804723377229946
ENSMUSG00000112218	-0.2540261502644315	-0.3150380226154222
ENSMUSG00000119954	-0.3530985419550964	-0.3384296029228123
ENSMUSG00000092048	-0.3145181994996526	-0.5748291607806301
ENSMUSG00000116641	-0.0608103371933943	-0.309796829507214
ENSMUSG00000121282	-2.0	-2.0
ENSMUSG00000056131	-0.0651363899555261	0.4638120922392095
ENSMUSG00000117232	-0.2482695875353469	-0.0596021653856503
ENSMUSG00000096010	-0.6340592371435555	0.5761579170922048
ENSMUSG00000121530	-0.8202824502765599	-0.7577727786342089
ENSMUSG00000104097	-0.1026092511942783	-0.1615274736088961
ENSMUSG00000026646	-0.0044801061509681	-2.0
ENSMUSG00000002274	-0.2177359732719824	0.2408037601120171
ENSMUSG00000121680	-0.1756260315009117	-0.7051010177640061
ENSMUSG00000093573	-0.0557819332631859	0.0875826755203667
ENSMUSG00000039286	-0.0451175227184278	0.4853190209723064
ENSMUSG00000112845	-0.4760476172043748	-0.6034961605221283
ENSMUSG00000120727	-0.323429838981939	-0.2434048284102618
ENSMUSG00000015354	-0.122149236554922	0.5057703047609641
ENSMUSG00000118415	-0.5795652726026957	-0.8607670451387317
ENSMUSG00000041120	-0.154617900228431	-0.1307566601126688
ENSMUSG00000011034	-0.3049274183922636	-0.1013407352772093
ENSMUSG00000022148	-0.2841154354438626	-0.2597244940030146
ENSMUSG00000061046	0.091279260290376	0.0816928773325331
ENSMUSG00000029516	-0.0074821814927984	0.4095449576460661
ENSMUSG00000021340	-0.2177058602377142	-0.3212265819947551
ENSMUSG00000086783	-0.1494195571448511	-0.1683664335702207
ENSMUSG00000056019	-0.0890203019267435	0.4478213746241102
ENSMUSG00000062981	-0.0522676685403062	0.4302140978696804
ENSMUSG00000070354	-0.0596896546434234	0.0001032629503183
ENSMUSG00000039239	-0.2791904863548258	0.2317569860306494
ENSMUSG00000084092	-0.4437993773646983	-0.0042821657095425
ENSMUSG00000032803	-0.0692476423488116	0.4299082105450003
ENSMUSG00000043629	-0.1927494535584965	-0.2917089826840285
ENSMUSG00000102941	-0.3630998700458525	-0.4230413997791746
ENSMUSG00000068341	-2.009756185282732	-2.0
ENSMUSG00000110615	-0.0923602646839879	0.3423606907313001
ENSMUSG00000018858	-0.1778495805558107	0.4335743174142075
ENSMUSG00000022526	-0.0202168783797727	0.4414566401404705
ENSMUSG00000002603	-0.0179812740200133	0.103487494186806
ENSMUSG00000041560	-0.0209593272109305	0.3189331402756559
ENSMUSG00000109733	-0.2522787801385437	-0.3335994071360037
ENSMUSG00000071489	-0.6514465891031226	-0.7580015306164645
ENSMUSG00000001656	-0.0094789396199651	-0.0343035886525971
ENSMUSG00000055789	-0.3154095058022179	-0.2779733625958148
ENSMUSG00000059049	-0.3574140130046515	-0.0059719451682327
ENSMUSG00000104852	-0.2530432354125728	-0.3011361502079721
ENSMUSG00000028954	-0.0320118685554713	0.4915266943892756
ENSMUSG00000094443	-0.3278953042900988	-0.1994539244727357
ENSMUSG00000103251	-0.3087036250807062	-0.2706710844916783
ENSMUSG00000086621	-0.3966293117129565	-0.3920172812037342
ENSMUSG00000121409	-0.6704202229126673	-0.7943060041635623
ENSMUSG00000038702	-0.3325513433777841	0.4247009586713844
ENSMUSG00000008461	-0.3070586561639726	0.0011687626853303
ENSMUSG00000035413	-0.0204037371820393	0.0859517581840054
ENSMUSG00000099388	-2.0	-2.0
ENSMUSG00000027939	-0.1666929747184108	0.0963127081101135
ENSMUSG00000037552	-0.0962295725864195	0.2375703780752701
ENSMUSG00000033880	-0.2760810540413634	-0.2305953467295033
ENSMUSG00000027500	-0.3594229691365311	-0.7758462366240619
ENSMUSG00000034087	-0.4890565331962205	-0.545459740551396
ENSMUSG00000016494	-0.4105700765513168	0.0599363647694844
ENSMUSG00000060888	-0.4660699064942744	-0.4216686867423587
ENSMUSG00000020051	-0.425459227443353	-0.2615957288641591
ENSMUSG00000110410	-0.3217136708545993	-0.1406569177742904
ENSMUSG00000027068	-0.3821026243913801	-0.4476900968734362
ENSMUSG00000114763	-0.0132079394367705	0.0344165911557347
ENSMUSG00000121365	-0.7122314030776067	-0.5944337303933159
ENSMUSG00000055228	-0.0620848050043706	0.3748256691985657
ENSMUSG00000038180	-0.0521087943369594	0.2088656612048283
ENSMUSG00000121332	-2.0	-2.0
ENSMUSG00000086554	-0.0555166369273415	-0.0680961640101422
ENSMUSG00000029202	-0.0075969870844503	0.3885210771606316
ENSMUSG00000039787	-0.0891679943534671	0.4119562379304015
ENSMUSG00000101700	-0.2157392746912997	-0.3261938500500916
ENSMUSG00000057719	-0.3211421481332282	-0.2108570459762242
ENSMUSG00000025151	-0.0936445910156546	0.3828495129597936
ENSMUSG00000101681	-2.0	-2.0
ENSMUSG00000118491	-0.0439734109715337	0.5190618579803684
ENSMUSG00000003134	-0.1189052359362039	0.5177966303263616
ENSMUSG00000105970	0.0403118431542042	-0.0219287325966168
ENSMUSG00000108062	-0.4177399757810315	-0.3667634994061058
ENSMUSG00000109155	-0.2775233731921707	-0.4907442630481606
ENSMUSG00000060985	-0.3161650989685245	-0.0905794147377863
ENSMUSG00000110249	-0.7048321066311887	-0.6438819750187952
ENSMUSG00000046191	-2.0	-2.0
ENSMUSG00000079364	-0.0239392188918533	0.1919041880922608
ENSMUSG00000067148	0.0963359481273384	0.1138217328243816
ENSMUSG00000103220	-0.1785864428863891	-0.2180240167209826
ENSMUSG00000104211	-0.4694780954161032	-0.4776447211997607
ENSMUSG00000089994	-0.227334515097786	-0.1096959266799872
ENSMUSG00000059645	-0.1154980396256059	-0.350239235251375
ENSMUSG00000104653	-0.379816623045135	-1.7818222654966884
ENSMUSG00000021135	-0.0539052416035921	-0.0977314974500471
ENSMUSG00000040721	0.0034176175583384	0.0555463585970448
ENSMUSG00000041565	-0.4695454367665091	-0.2465439697551495
ENSMUSG00000014905	-0.4375838847921877	0.5563642627017467
ENSMUSG00000038342	-0.0570213047731734	0.478423053730208
ENSMUSG00000087482	-0.3744056578697735	-0.5503198511684866
ENSMUSG00000030859	0.0987343818160497	-0.0662500889668423
ENSMUSG00000047786	-0.2587747901371937	-0.2820706614192841
ENSMUSG00000074240	-0.2304823633409125	-0.2330210057339776
ENSMUSG00000097804	-0.3466433243862056	0.2127935950688723
ENSMUSG00000009248	0.1587519760546863	0.0960346360136657
ENSMUSG00000053593	-0.6557209327521955	-0.315454979650081
ENSMUSG00000113780	-0.2297598174238565	0.4584492865265435
ENSMUSG00000062012	-0.0275619284776972	0.3117902978934924
ENSMUSG00000078816	-0.0727711393951453	0.0362664595459613
ENSMUSG00000030591	-0.2103650044179795	0.4386072112418877
ENSMUSG00000114221	-0.5093157733020807	-0.3517575084136926
ENSMUSG00000087477	-0.3466085937474326	0.010171939654118
ENSMUSG00000042121	-0.0229463647295445	0.4835145518995079
ENSMUSG00000027188	-0.3710487928197026	-0.4199755738773486
ENSMUSG00000048349	-0.078081719947068	-2.4362690891580723
ENSMUSG00000039785	-0.2563988392275495	-0.475534578075886
ENSMUSG00000038305	-0.3779439687252056	0.1108280018850475
ENSMUSG00000097412	-0.3266760223686533	0.1018643588486526
ENSMUSG00000037692	-0.0100641869322186	0.3713206035453448
ENSMUSG00000091657	-2.0	-2.0
ENSMUSG00000107791	-0.4229089009809864	-0.3166573456950351
ENSMUSG00000046733	-0.0384800973810358	0.4261926619104297
ENSMUSG00000099425	-2.0	-2.0
ENSMUSG00000105148	-0.3952472792041362	-0.3141513575230152
ENSMUSG00000025507	-0.2185894700059934	0.0136525951232337
ENSMUSG00000035960	0.2613337779379357	0.2391823164555216
ENSMUSG00000113992	-0.147618587759146	-0.0736796803156425
ENSMUSG00000105328	-0.4156391903286275	-0.1240351865378733
ENSMUSG00000028833	-0.0301379069274627	0.396060141255312
ENSMUSG00000000326	-0.0628763614809395	0.4125270725530544
ENSMUSG00000028393	-0.1520382540971808	0.2775289941945305
ENSMUSG00000096858	-0.6348692943625415	-0.6112343601707717
ENSMUSG00000068547	-0.3563870589429527	-0.39252310176235
ENSMUSG00000113773	-0.4670014149533578	-0.3230579901246207
ENSMUSG00000116537	-0.1723117152485283	-0.252094449315165
ENSMUSG00000000631	0.0011972615259622	0.1125758465282608
ENSMUSG00000073616	-0.1594010226143309	0.4215358162581746
ENSMUSG00000042662	-0.2591421812958904	0.0927734022953965
ENSMUSG00000100548	-0.0396234170254112	-0.310956239097399
ENSMUSG00000039745	-0.0724623169495227	0.1297162454713942
ENSMUSG00000095648	-2.0	-2.0
ENSMUSG00000020722	-0.2426806628428391	-0.2349330355266198
ENSMUSG00000026814	-0.0170457429263081	0.3537262456137208
ENSMUSG00000106554	-0.4044682865223714	-0.4140445919827867
ENSMUSG00000021039	-0.0175596060175263	0.365862215402555
ENSMUSG00000018068	-0.0370715091731143	0.4642092670228859
ENSMUSG00000121426	-0.5091881065993271	-0.425438406249232
ENSMUSG00000109775	-0.4608234979049837	-0.6269463223649421
ENSMUSG00000118632	-2.0	-2.0
ENSMUSG00000022635	-0.1121928217264009	0.4829704319075621
ENSMUSG00000048706	-0.3080297775311195	0.2345623303708904
ENSMUSG00000036097	-0.0148314845092964	0.4485931722272858
ENSMUSG00000045053	-0.2084102537289713	0.2765996535576432
ENSMUSG00000057835	-0.3000797573523096	0.5815719456804991
ENSMUSG00000117842	-0.3360852772494353	-0.2146015376444713
ENSMUSG00000096914	-0.4884366649004181	-0.2621397253699264
ENSMUSG00000021221	-0.2971477822698194	0.1196961647219039
ENSMUSG00000032469	-0.1864538364408714	0.5107390589501207
ENSMUSG00000031786	-0.242293698179097	-0.0615748492413497
ENSMUSG00000112701	-0.2941368006626221	-0.1849403937258011
ENSMUSG00000101107	-2.092983338515386	-1.3050983537109164
ENSMUSG00000121871	0.0247574887266524	0.1337334031935074
ENSMUSG00000117139	-0.1305976478001033	0.1407933517964595
ENSMUSG00000030243	-0.0429259726732348	0.3880699255553213
ENSMUSG00000024404	-0.0386685269813126	0.4300282679649876
ENSMUSG00000039070	-0.3444996758295587	-0.2428167668869384
ENSMUSG00000058260	-0.469463169070468	-0.4237130494489502
ENSMUSG00000111129	-0.3429414686829853	0.1433102699221344
ENSMUSG00000089854	-0.1900905666545463	-0.0001592415478251
ENSMUSG00000002602	-0.2329540206106056	0.0872740898920499
ENSMUSG00000039218	-0.0316245643116299	0.4307350299143306
ENSMUSG00000091903	-0.2931810362767372	-0.390939877420167
ENSMUSG00000107013	0.0945646857899966	-0.3190585292483087
ENSMUSG00000018820	-0.0432683129413657	0.4361464203503822
ENSMUSG00000051896	-0.4346020506539486	-0.3840009483891698
ENSMUSG00000049657	-0.050068780142525	0.4150782341253212
ENSMUSG00000104120	-0.1456276346517161	-0.5593156762722651
ENSMUSG00000114730	-0.3565267937144595	-0.1904192781397317
ENSMUSG00000101514	-0.7471164966886615	-0.6651688179783466
ENSMUSG00000058396	0.2110617766514865	-0.270533901519331
ENSMUSG00000055026	-0.4898240287698525	-0.3931033772181984
ENSMUSG00000075380	-0.5111968174749881	-0.5042034841276135
ENSMUSG00000049115	-0.3573376685579644	0.1105315311416797
ENSMUSG00000063894	-0.13434370292485	0.4986010892110802
ENSMUSG00000085632	-0.5649067465779897	-0.4047298023832612
ENSMUSG00000055862	-0.0339002432642535	0.0228059153774042
ENSMUSG00000019471	-0.013963517028879	0.2734013335382351
ENSMUSG00000106905	-0.3148064450857692	-0.4583334067528151
ENSMUSG00000118217	-0.1151123512014735	-0.2349398387634053
ENSMUSG00000041566	-0.1895995783025037	-0.3532818917250175
ENSMUSG00000069421	-0.512969999468243	-0.3753797812841343
ENSMUSG00000030498	-0.399539634652332	0.3078339287419153
ENSMUSG00000044737	-0.3411142137455178	-0.2238868914024872
ENSMUSG00000029635	-0.0228847414334717	0.4792766570446406
ENSMUSG00000094870	-0.0258994927298586	0.4875210084549165
ENSMUSG00000114841	-0.3925683542532873	-0.7281537486275707
ENSMUSG00000072673	-0.2484957988532781	-0.2061053133726
ENSMUSG00000017291	-0.0186550727969155	0.5398398353530597
ENSMUSG00000024803	-0.486061483609148	-0.4228215107054425
ENSMUSG00000087216	-0.16676667547903	-0.3315820249864352
ENSMUSG00000087540	-0.4167524698577906	-0.5825781331135947
ENSMUSG00000048015	-0.5393635639631664	-0.4540759309030883
ENSMUSG00000113147	-0.2471198871875675	-0.0765049094400537
ENSMUSG00000041598	-0.0706407555574159	0.4672966632441358
ENSMUSG00000063052	-0.046600259984967	0.3594545016061574
ENSMUSG00000103320	-0.3203047039353453	-0.3325442452192012
ENSMUSG00000068742	-0.0247994171868431	0.4019630357902072
ENSMUSG00000104400	-0.4385389213475842	-0.1546995018710344
ENSMUSG00000036647	-0.5045242114650887	-0.5085146479113851
ENSMUSG00000121846	-0.3387618335022314	-0.5925642575761171
ENSMUSG00000030337	-0.0735123668599879	0.4634259086477678
ENSMUSG00000109487	-0.6119787699970003	-0.5372825687204268
ENSMUSG00000054128	-0.1024837504068624	0.1302599643322462
ENSMUSG00000007097	-0.3052179607770166	-0.2258969425615088
ENSMUSG00000036545	-0.2926109028371245	-0.1542583164167942
ENSMUSG00000032850	-0.0388881957402824	0.4440010518248357
ENSMUSG00000116461	-0.0714741861298418	0.3970301647872427
ENSMUSG00000112630	-0.2918827872113089	-0.219596269695818
ENSMUSG00000025014	-0.3706077322435481	-0.2396826496771197
ENSMUSG00000046456	-0.0476117308279189	-0.1658818181393081
ENSMUSG00000044121	-0.7412527450458072	-0.7394999220690458
ENSMUSG00000028252	-0.032311743114398	0.421213215148471
ENSMUSG00000042548	-0.021777197351516	0.4509391189089926
ENSMUSG00000075595	-0.0166888823739896	0.3669340964428003
ENSMUSG00000110092	-0.4672109807177483	-0.2758082113941873
ENSMUSG00000085369	-0.3221055592173723	-0.2604736979519196
ENSMUSG00000026811	-0.0097643579234276	0.1402695869972063
ENSMUSG00000025793	-0.1346036711824029	0.5382979396310663
ENSMUSG00000095125	-0.47201420084265	-0.3601258070695298
ENSMUSG00000066262	-0.4427286563620856	-0.7340243443156885
ENSMUSG00000041921	-0.1057684778622343	0.5424295283841586
ENSMUSG00000030724	-0.3308008691882886	-0.2101888063174133
ENSMUSG00000047935	-0.115160359522594	-0.1311106862156995
ENSMUSG00000028108	-0.0126455381606658	0.1046243430730821
ENSMUSG00000028798	-0.098422468325804	0.2834441604476169
ENSMUSG00000087037	-0.3735518424078241	0.0085425174715925
ENSMUSG00000054387	-0.026947461441688	0.3581565091848915
ENSMUSG00000121920	-0.2334785928365657	0.3220534039239496
ENSMUSG00000022123	-0.3836683995398142	-0.2123005521584335
ENSMUSG00000041375	-0.074825955620351	0.4753163453655465
ENSMUSG00000107071	-0.0031894154826384	0.0649213139115593
ENSMUSG00000079741	-0.3484798955391555	-0.3110895600684576
ENSMUSG00000121894	-0.0801861143440405	0.2872995385418404
ENSMUSG00000026672	-0.0966430039985431	0.4090013486108679
ENSMUSG00000104168	-0.1472106207756246	0.4476547041999902
ENSMUSG00000026879	-0.2523693131376497	-0.1717784852489179
ENSMUSG00000102116	-2.0	-2.0
ENSMUSG00000001588	-0.076195181234694	0.0596327026011864
ENSMUSG00000105475	-0.7779815091602363	-0.171243680175253
ENSMUSG00000003033	-0.044101550150022	0.5055908348185241
ENSMUSG00000023176	-0.2569173708364152	-0.3556315335787808
ENSMUSG00000106542	-0.2806430207820876	-0.4642477953438178
ENSMUSG00000083292	-0.4188637874495274	-0.8889164175639509
ENSMUSG00000022181	-0.2800103113663022	-0.2078682645002355
ENSMUSG00000084219	-0.691431190163063	-0.428717265181157
ENSMUSG00000097903	0.0072379294051192	-0.0617731721071349
ENSMUSG00000108070	-1.1218339431237054	-0.7036740428346022
ENSMUSG00000026914	-0.074986446700143	0.4181633560552221
ENSMUSG00000031652	-0.0087335102116934	0.1944016604543703
ENSMUSG00000094606	-2.0	-2.0
ENSMUSG00000032757	-0.2383723643017244	0.4887841575362138
ENSMUSG00000026519	-0.1254313320888845	0.1435063058458769
ENSMUSG00000087185	-0.3839872798601957	-0.6744934084783398
ENSMUSG00000102764	-0.43435828407304	-0.3044820754428141
ENSMUSG00000002393	-2.0	-2.0
ENSMUSG00000116569	-0.3506632911583558	-0.3716196741750097
ENSMUSG00000024456	-0.0336289264384526	0.4684687386324535
ENSMUSG00000074064	-0.0477758521678424	0.3358745432348837
ENSMUSG00000046836	-0.0564687833091852	0.5049811135148425
ENSMUSG00000062822	-0.7416654403014497	-2.0
ENSMUSG00000034041	-0.2427326082372708	0.1311770889706601
ENSMUSG00000082932	-0.4002636089209993	-0.4821791151149723
ENSMUSG00000026779	-0.0558618402427152	0.5137477550688856
ENSMUSG00000058246	-0.220293001349949	0.3152618888998669
ENSMUSG00000043681	-0.1088197137885251	0.0047694548542627
ENSMUSG00000038311	-0.6617221616839877	-1.3968016959026786
ENSMUSG00000086565	-0.2287639180324769	-0.4680938962606071
ENSMUSG00000106858	-0.618226410763994	-0.2922527359876627
ENSMUSG00000059112	-0.5889085017471678	-0.422191900821019
ENSMUSG00000067995	-0.1730552762900377	0.3563865353078738
ENSMUSG00000100094	-0.5309270884003968	-0.2919828158673138
ENSMUSG00000110851	-0.4663766284293768	-0.5288494575888281
ENSMUSG00000056771	-0.1880387242942527	0.4987804405105212
ENSMUSG00000099555	-2.0	-2.0
ENSMUSG00000100596	-0.3016570482070308	-0.2256566407773082
ENSMUSG00000032419	-0.6483715316634583	-0.2617981994509775
ENSMUSG00000118559	0.0331719525539816	0.1053364322243863
ENSMUSG00000024497	-0.163626380076183	-0.1327917519315081
ENSMUSG00000028683	-0.0156910138816077	0.502078725270123
ENSMUSG00000076433	-0.1954608189758259	-0.1795498615122326
ENSMUSG00000019326	0.0080645523675967	-0.2555216009818447
ENSMUSG00000066060	-0.1242394488154743	-0.2078738716914484
ENSMUSG00000029570	-0.117207909790448	0.2338516653634421
ENSMUSG00000033044	-0.4144050547566381	-0.2765751976299865
ENSMUSG00000112019	-0.4345890557656828	-0.4311189605668559
ENSMUSG00000032776	-0.1267080032611771	0.4191326166397087
ENSMUSG00000116505	0.0216093275019043	-0.1053288916399719
ENSMUSG00000039462	-0.2649745238792479	-0.4232809893681662
ENSMUSG00000070319	-0.3468341995211144	0.0216194098054608
ENSMUSG00000086142	-0.969000813741278	-0.7217560110652569
ENSMUSG00000107822	-0.2319949353297422	-0.0872904465338695
ENSMUSG00000021222	-0.0235583106211554	0.1742971067793026
ENSMUSG00000061208	-0.3877250955571409	-0.5431514392682726
ENSMUSG00000021597	-0.2294905535851921	0.5133734385292209
ENSMUSG00000103507	-0.0707759885072605	0.0351158119654558
ENSMUSG00000043496	-0.0208540576085504	0.0868751249577523
ENSMUSG00000041164	-0.0576403852309955	0.4571218977431186
ENSMUSG00000094285	-0.8363635472665121	-0.9397775000828318
ENSMUSG00000020272	-0.0916235146857841	0.490301001259025
ENSMUSG00000079442	-0.7772445221177915	-2.0
ENSMUSG00000078851	-0.0680187487220877	0.5324509036443665
ENSMUSG00000105531	-0.4407264944115033	-0.3982519441082714
ENSMUSG00000097727	-0.0574197502420065	0.1252025121004913
ENSMUSG00000113196	-0.0678926990237058	-0.1217226500954304
ENSMUSG00000017670	-0.030783293692319	0.4156499859095419
ENSMUSG00000030737	-0.3347404870932661	-0.4187748835303025
ENSMUSG00000113004	-0.3518889452577601	-0.3587734484022241
ENSMUSG00000048197	-0.4894804584264451	-1.1062038507238083
ENSMUSG00000107483	-0.5887554979681824	-0.5342829299276887
ENSMUSG00000037813	-0.1351639130187022	-0.2507472413798717
ENSMUSG00000089730	-0.3205166844063892	-0.2039978414811846
ENSMUSG00000101789	-2.0	-2.0
ENSMUSG00000092371	-0.1888498453617349	0.0385779622106172
ENSMUSG00000089781	-0.2133614239235133	-0.1092196212807477
ENSMUSG00000085871	-0.4145020468454696	-0.220331387218844
ENSMUSG00000111421	-0.2838410063926704	-0.3165010621572678
ENSMUSG00000068086	-1.0235467564875378	-0.0238229477322391
ENSMUSG00000094371	-0.6719861326807478	-0.6651273567569757
ENSMUSG00000101773	-0.2265034738756029	0.1919571168854057
ENSMUSG00000040242	-0.1111926096864569	0.5215123052019729
ENSMUSG00000060212	-0.2835440567697209	-0.1711353760793341
ENSMUSG00000121430	-0.1395289100509777	0.0128255871437162
ENSMUSG00000023979	-0.1065295292262315	-0.42941097131066
ENSMUSG00000096546	-0.3213404481248652	-0.4915793733433115
ENSMUSG00000116167	-2.0	-2.0
ENSMUSG00000106407	-0.2412806320046563	0.5170173913182774
ENSMUSG00000101801	-0.418550995559819	-0.3080612028576772
ENSMUSG00000116024	-0.0235625288735177	0.4059593704280043
ENSMUSG00000042262	-0.3157995597305606	-0.2228837475574358
ENSMUSG00000094483	-0.0958079787078963	0.3685921786590803
ENSMUSG00000070315	-0.0501487151291024	0.3175832578331163
ENSMUSG00000047977	-0.7635025422657639	-0.818726569084028
ENSMUSG00000050936	-0.2069383329061908	0.5409300628089223
ENSMUSG00000084286	-0.3860537909261424	-0.4355337334938725
ENSMUSG00000103693	-0.2892412333663239	-0.6268867224220562
ENSMUSG00000070047	-0.0206900519379708	0.3354338282726698
ENSMUSG00000107898	-0.5386575711565011	-0.7539294248754916
ENSMUSG00000036009	-0.2216876562445432	-0.7943029751109023
ENSMUSG00000035401	-0.0380679257631094	0.4782348046035197
ENSMUSG00000072663	-0.3231756645551651	0.0030107527912615
ENSMUSG00000026456	-0.1397668357854316	0.3450214464582353
ENSMUSG00000028307	-0.4305989331963825	-0.3278747916134699
ENSMUSG00000115391	0.0386712570869579	-0.56895283929839
ENSMUSG00000026149	-0.0283319785821477	-0.1558521181849307
ENSMUSG00000020121	-0.2157842409358812	0.3706285407010892
ENSMUSG00000109766	-2.0	-2.0
ENSMUSG00000037977	-0.2392696988381555	-2.0
ENSMUSG00000110406	-0.4163068880200471	-0.5079904300206971
ENSMUSG00000028861	-0.1507282837245969	0.3585477600153141
ENSMUSG00000070990	-0.2659511970982273	-0.06085160347417
ENSMUSG00000042015	-0.1388233274664747	0.4912627755040404
ENSMUSG00000117236	-0.3960503844493167	-0.7283512909152248
ENSMUSG00000028886	-0.011053917779061	0.4521315854684694
ENSMUSG00000108472	-0.2475887411954147	0.4619709813914856
ENSMUSG00000089722	-0.1598747016164671	-0.2147845347681237
ENSMUSG00000026820	0.0191522792928501	0.4268777358228456
ENSMUSG00000074268	-0.4953907834010185	-0.6305728744565673
ENSMUSG00000107586	-0.1114079818510881	-0.1652259002699159
ENSMUSG00000053111	-0.311642478805309	0.4425431055904492
ENSMUSG00000025102	-0.2001544460909073	0.4781620238692128
ENSMUSG00000110240	-0.3012890861614566	-0.3453045407996623
ENSMUSG00000033931	-0.0773079585427744	0.4512791043431962
ENSMUSG00000120374	-0.1061582641255109	0.2099689634550428
ENSMUSG00000022255	-0.0100632979807547	0.3805849360569033
ENSMUSG00000024619	-0.1344391012499682	0.303668813686488
ENSMUSG00000094449	-0.4545424531542318	-0.593926724136355
ENSMUSG00000104217	-0.0105023947705916	0.4806369318336114
ENSMUSG00000044681	-0.1674979849667814	-0.4040417319008546
ENSMUSG00000086892	-0.5123407835866279	-0.4979278354287356
ENSMUSG00000113011	-2.0	-2.0
ENSMUSG00000090744	-0.0948743672091674	-0.2260408951419626
ENSMUSG00000117546	-0.1444474103954686	-0.2968350586781609
ENSMUSG00000084983	-0.1375469562620283	-0.2564077741846022
ENSMUSG00000032480	-0.0403757081343425	0.4517993260525872
ENSMUSG00000047022	-0.239807391566585	0.4412199004870545
ENSMUSG00000115222	-0.185217459254465	0.2446061196077396
ENSMUSG00000119984	-0.0771592643160661	0.4024193165272541
ENSMUSG00000073573	-0.6118733883255114	-0.2115478033743602
ENSMUSG00000026971	-0.3310919391922191	-0.4277647452133188
ENSMUSG00000120691	-0.2307593356943187	-0.1582413373612269
ENSMUSG00000115719	-0.4735407911715905	-0.5559214616488461
ENSMUSG00000100000	-0.5047854629460679	-0.5150144031542647
ENSMUSG00000027401	-0.2923952520311507	-0.106640659779821
ENSMUSG00000086087	-0.5048473978687902	-0.2017558068123751
ENSMUSG00000092356	-0.0673920103662292	0.2909312271076475
ENSMUSG00000121676	-0.43108239775528	0.3929117616077647
ENSMUSG00000005057	-0.1344356684405765	0.183546963282096
ENSMUSG00000099442	-2.0	-2.0
ENSMUSG00000070902	-0.363529957227872	-0.5343248418234514
ENSMUSG00000070459	-0.5623799036205737	-0.953326862125622
ENSMUSG00000093863	-0.6253352591433103	-0.6704910693642907
ENSMUSG00000121868	-0.1181032804619534	0.4568177073959426
ENSMUSG00000027367	-0.0654488306261067	0.5219517539690149
ENSMUSG00000033170	-0.0541429886153841	0.2967309874712476
ENSMUSG00000095267	-2.0	-2.0
ENSMUSG00000113073	-0.4501973662565591	-0.593364455562546
ENSMUSG00000106938	-0.2001563740497242	-0.1562409043707982
ENSMUSG00000020395	-0.3900727947826189	-0.2464815922228208
ENSMUSG00000036123	-0.2853143987447671	-0.203914210570964
ENSMUSG00000054676	-0.0953563923926519	0.4420367823422527
ENSMUSG00000110362	-0.4730699154403401	-0.4609218929136846
ENSMUSG00000052752	-0.0906806508538816	0.2658099016188588
ENSMUSG00000084935	-0.3846613772534595	-0.1068958902967702
ENSMUSG00000096180	-2.0	-2.0
ENSMUSG00000073792	-0.0387970097451639	0.47129640610904
ENSMUSG00000071235	-0.2053492802279747	-0.1591410700542309
ENSMUSG00000018920	-0.0563254722129022	0.0471571439929335
ENSMUSG00000118257	-0.1840076784604723	0.1875596363905991
ENSMUSG00000064289	-0.2538844621259685	-0.5267092731855404
ENSMUSG00000001768	-0.1866624446627877	-2.0
ENSMUSG00000027384	-0.0990222293869936	0.5173154774738544
ENSMUSG00000043541	-0.1647736425046809	0.3637770180341163
ENSMUSG00000090202	-0.2708058802151101	-0.436510371191618
ENSMUSG00000066268	-0.5460348595535192	-0.4002544399072966
ENSMUSG00000120810	-0.2173383627061511	0.1273783177388476
ENSMUSG00000096401	-2.0	-2.0
ENSMUSG00000045802	-0.5627290108154023	-0.9043951074652002
ENSMUSG00000058966	-0.0681871090417048	-0.0608665921982111
ENSMUSG00000039385	-0.2051908475244616	0.0009470315447428
ENSMUSG00000027643	-0.0906207196476398	-0.0500892498962053
ENSMUSG00000117429	-0.1658515310220804	-0.0871136675639927
ENSMUSG00000025232	-0.0369120448066493	0.3970078468870733
ENSMUSG00000112884	-0.1615758444988571	-0.1425725723456253
ENSMUSG00000029447	-0.0963953533946924	0.3750546263280331
ENSMUSG00000118219	0.0063534105934647	0.1999558275870517
ENSMUSG00000025221	-0.0310693518899087	0.1288707908864684
ENSMUSG00000029427	-0.032355815747023	0.4441975532236007
ENSMUSG00000062031	-0.0351775193498392	0.1592302136264765
ENSMUSG00000052819	-0.1030847451823374	-0.3743805640226116
ENSMUSG00000041771	-0.3118534779191793	-0.1253615514258638
ENSMUSG00000022621	-0.0759473300070097	0.4950023107369388
ENSMUSG00000044279	-0.4673380425933702	0.304553857767732
ENSMUSG00000105076	-0.4004149256019255	-0.3040221454220276
ENSMUSG00000037103	-0.0584191056798673	0.4187956414356056
ENSMUSG00000102608	-0.2770884809438592	-0.2177118826775324
ENSMUSG00000118157	0.0087253327226058	0.1463612512276614
ENSMUSG00000056155	-0.0646113500485631	-0.1136484969821486
ENSMUSG00000116358	-0.0609506385598227	0.2386506819455238
ENSMUSG00000079522	-0.7142457504766255	-0.8929450468577641
ENSMUSG00000018750	-0.0420939330313197	0.3327930226349139
ENSMUSG00000074006	-0.0274458863322751	-0.2303788579584278
ENSMUSG00000121478	-2.0	-2.0
ENSMUSG00000027344	-0.334730724768384	0.3565967607837164
ENSMUSG00000005148	-0.0161206060406233	0.2824190774984472
ENSMUSG00000043126	0.2661211563244374	0.1327078448554479
ENSMUSG00000085174	-0.0232016497173818	0.0394464818330716
ENSMUSG00000022236	-0.2127776379652263	0.2569355600079943
ENSMUSG00000031447	-0.0577825434453798	0.2980032980717775
ENSMUSG00000015846	-0.1130708024186891	0.3019848274113542
ENSMUSG00000029338	-0.3852691548327483	-0.1564473201728272
ENSMUSG00000116670	-0.6210569384159814	-0.6698529328693005
ENSMUSG00000086584	-0.0012027487477883	-0.0248983807848144
ENSMUSG00000090877	-0.4465174852937097	0.4981116979073983
ENSMUSG00000099874	-0.1025880202039918	0.3266323909978348
ENSMUSG00000094066	-0.4967667695484543	-0.5277296182535723
ENSMUSG00000022912	-0.2424621653236352	0.4353843561474892
ENSMUSG00000115704	-0.668879348702265	-0.953326862125622
ENSMUSG00000085027	-0.4006410162625236	-0.3192189114989689
ENSMUSG00000028910	-0.0310099235803786	0.3875720493952
ENSMUSG00000115680	-0.0944460971502469	-0.1748264826641755
ENSMUSG00000059488	-0.9614617776389576	-0.7865268169204407
ENSMUSG00000086432	-0.5417335219755368	-0.5327510201719632
ENSMUSG00000056050	-0.040964143775719	0.507312799060724
ENSMUSG00000115413	-0.8262987131597408	-0.1996146789647389
ENSMUSG00000020716	-0.054670982707175	0.4761081678717864
ENSMUSG00000087625	-0.415703837279349	-0.5172950239483322
ENSMUSG00000068113	-0.8204756690630416	-0.7545923158242145
ENSMUSG00000026416	-0.396479978951853	-0.1235940443811258
ENSMUSG00000005951	-0.2423748881492065	0.3848048600191128
ENSMUSG00000097610	-0.2580071108536821	0.3480095202993971
ENSMUSG00000049372	-0.5634200581051453	-0.6479422291784085
ENSMUSG00000039782	-0.3893079046662982	0.5562108066975041
ENSMUSG00000061477	-0.09256069047987	0.3184114661614079
ENSMUSG00000117478	-0.5824330879983546	-0.751854237668828
ENSMUSG00000010376	-0.1807986341501537	0.35440849828967
ENSMUSG00000082173	-0.3669856700017369	-0.2424214843886714
ENSMUSG00000112775	-0.3912927985868808	-0.3485768124392286
ENSMUSG00000038279	-0.0339972637357987	0.4022562224895884
ENSMUSG00000117490	-0.5011449204851627	-2.0
ENSMUSG00000121504	-0.039772362233784	0.4294654540807297
ENSMUSG00000085990	-0.3611939733825538	0.233156591914683
ENSMUSG00000033966	-0.129051285804559	0.0441718653681842
ENSMUSG00000011832	-0.1007194740986772	0.2863040132624564
ENSMUSG00000059821	-2.0	-2.0
ENSMUSG00000075012	0.2229478598482213	0.1976201401233683
ENSMUSG00000120253	-0.3644078941461068	-0.3875421135541252
ENSMUSG00000080709	-2.0	-2.0
ENSMUSG00000030138	-0.0485441593642099	0.4642718985525255
ENSMUSG00000038115	-0.4135846469728237	-0.0931050470695517
ENSMUSG00000033684	-0.2130815627161738	0.5168871619457676
ENSMUSG00000057766	-0.3320670668038339	-0.0064093027759997
ENSMUSG00000113470	-0.3762883288045446	-0.2908627226830758
ENSMUSG00000024926	0.0107674197664874	0.2802937550607515
ENSMUSG00000029223	-0.0842775452733933	0.4828401530757972
ENSMUSG00000004530	-0.0116735911435037	0.4846457132517072
ENSMUSG00000117960	-0.4008206620180177	-0.3272565398193426
ENSMUSG00000098257	-0.3469847972442433	-0.3518225286522531
ENSMUSG00000103585	-0.0204534462409462	0.0730662360309055
ENSMUSG00000105617	-0.0794321670133251	0.2808364121119432
ENSMUSG00000057903	-0.8307526656159994	-1.03310414205157
ENSMUSG00000103867	-0.1576253177796679	-0.2540005837500756
ENSMUSG00000005800	-0.4010817397480982	-0.2881517889860435
ENSMUSG00000085193	-0.4076273544441054	-0.5453511805689649
ENSMUSG00000073012	-0.7119798793421783	-0.631009514518756
ENSMUSG00000066867	-0.2737353612239114	0.1064407232681359
ENSMUSG00000022175	-0.0283033308372301	0.3275003380844256
ENSMUSG00000028414	-0.0309805389594907	0.4607048468993572
ENSMUSG00000097184	-0.021072828223209	0.2531649316366589
ENSMUSG00000109886	-0.3354003279147169	-0.3626702283840745
ENSMUSG00000057278	-0.1758589302324494	0.4003127540557495
ENSMUSG00000041654	-0.162480120054529	0.2835629931817742
ENSMUSG00000104132	-0.7391170015527485	-0.5014394197221751
ENSMUSG00000078931	-0.178058021907037	0.302850645180168
ENSMUSG00000025092	-0.1118030897052365	0.2272134119974706
ENSMUSG00000033938	0.0127233655966623	0.2666812857020604
ENSMUSG00000091636	-0.3518401033608334	0.0920606332189146
ENSMUSG00000023968	-0.0958536830633431	0.014526418914196
ENSMUSG00000028357	-0.2759347733268588	-0.331572911162506
ENSMUSG00000028599	-0.1470543654519204	0.40385082612462
ENSMUSG00000026097	-0.1828097266696546	0.5013208561178588
ENSMUSG00000068809	-0.7176477908633422	-0.6604110373198326
ENSMUSG00000114069	-0.4180535257822391	-0.499150674681585
ENSMUSG00000115975	-0.2761893203746608	-0.3385203065750072
ENSMUSG00000072739	-0.1957529959500711	-0.2042974890235813
ENSMUSG00000118659	-0.6025856319048224	-0.4286951684078084
ENSMUSG00000020828	-0.1126696988593752	0.4805622546275358
ENSMUSG00000026829	-0.2186716641547763	-0.1358501505805595
ENSMUSG00000033031	-0.0709996292335924	0.470850443305443
ENSMUSG00000109478	-0.3549611008231352	-0.2947299840510787
ENSMUSG00000116500	-0.177405030662191	-0.2548636616908018
ENSMUSG00000029171	-0.0359866813085398	0.4894733166338305
ENSMUSG00000057770	-0.5517583609581307	-0.5294207932533798
ENSMUSG00000021620	-0.4145273134573793	-0.184912736780733
ENSMUSG00000032305	-0.008092085702349	0.1832698436828046
ENSMUSG00000037808	-0.1000855382263368	0.4618150532038914
ENSMUSG00000025934	-0.0659334319431747	-0.14975909123813
ENSMUSG00000035112	-0.1319443443474218	0.2625967793958185
ENSMUSG00000037206	-0.1785528981840336	-0.3404876819733767
ENSMUSG00000071632	-0.2583418883720623	0.4097874328100782
ENSMUSG00000082074	-0.4153533481229903	-0.3581290582697787
ENSMUSG00000084902	-0.3176054339824457	0.046119237451527
ENSMUSG00000113842	-0.0540967471027032	0.0005798301874446
ENSMUSG00000101242	-0.6609235852811289	-0.6552694621111944
ENSMUSG00000120576	-0.5945102080009529	-0.3028338002248633
ENSMUSG00000045731	-0.5646915094425938	-0.7209280636014833
ENSMUSG00000078506	-0.338525419871011	-0.3573673344947842
ENSMUSG00000108374	-0.359238200677355	-0.173404757765936
ENSMUSG00000007458	0.0036200887841198	0.2832021439725835
ENSMUSG00000090635	-2.0	-2.0
ENSMUSG00000095432	-0.098994299927128	0.4439979270781398
ENSMUSG00000019831	-0.0794424919365513	0.5259215851703164
ENSMUSG00000063142	-0.4121355440587018	-0.1050753545431297
ENSMUSG00000111318	-0.3560519182497215	-0.2222072049295413
ENSMUSG00000089945	-0.0796027161411291	-0.3154589305310254
ENSMUSG00000097018	-0.2128550526401389	-0.1068568962941458
ENSMUSG00000037169	0.0341999659897727	0.2093278522755375
ENSMUSG00000117783	-0.2577865851767145	-0.4916316396175816
ENSMUSG00000102273	-2.0	-2.0
ENSMUSG00000104586	-0.66492549074138	-0.3500305225382522
ENSMUSG00000059411	-0.5574719438365078	-0.4451841214957125
ENSMUSG00000057894	-0.8865545007880722	0.5134285679778402
ENSMUSG00000085950	-0.3072748411922235	-0.0120536786417316
ENSMUSG00000050141	-0.250429242456588	-0.2464422335610174
ENSMUSG00000106492	-0.4521178784519407	0.4672288386758791
ENSMUSG00000031622	-0.0235216318928786	0.4594434540515046
ENSMUSG00000027221	-0.2722922140230929	-0.0663355885217631
ENSMUSG00000085723	-0.163335799037282	-0.2907040839186282
ENSMUSG00000036959	-0.220160458426157	0.0547798467538029
ENSMUSG00000070853	-0.6155901653001749	-0.7250034790494897
ENSMUSG00000094071	-2.0	-2.0
ENSMUSG00000116738	-0.2976087586424039	-0.3372869218382495
ENSMUSG00000029360	-0.044109530059033	0.0185921611286748
ENSMUSG00000037358	-0.7807204251669363	-0.815907399900879
ENSMUSG00000032026	-0.1126316464921048	0.4045973550787451
ENSMUSG00000104800	-0.4971213393151789	-0.4230973098361812
ENSMUSG00000081991	-0.1160715983885922	-0.3267674374210551
ENSMUSG00000020155	-0.3240629957416903	-0.5581443699820932
ENSMUSG00000116190	-0.1880031024125688	-0.1259034778552115
ENSMUSG00000120261	-0.2554483952380387	0.070285436288531
ENSMUSG00000054499	-0.0678325818363094	0.3198677496301254
ENSMUSG00000103139	0.0125672879506792	-0.0082093540764518
ENSMUSG00000121134	0.0833033433162032	0.0061175255326827
ENSMUSG00000118057	-0.1802746199147243	-0.2231752557489938
ENSMUSG00000113338	-0.4798671886353572	-0.6641127993343467
ENSMUSG00000028550	-0.154410120905051	0.5047426362716879
ENSMUSG00000093535	-0.317703082539339	-2.0
ENSMUSG00000109232	-0.4282939625883897	-0.5239510671784344
ENSMUSG00000095180	-0.0758839152396266	0.0785955671121545
ENSMUSG00000032570	-0.0988158556266907	-0.2070808930425166
ENSMUSG00000087049	-0.2020255573080828	-0.23125241411559
ENSMUSG00000029385	-0.0577653788183453	0.4751479769182481
ENSMUSG00000074345	-0.3193215384545275	0.2982114181102173
ENSMUSG00000121354	-0.4401091917065873	-0.4496640041890696
ENSMUSG00000087084	-0.1629078751984555	-0.0226412638736272
ENSMUSG00000113295	-0.610338216611242	-0.5921534868706634
ENSMUSG00000034783	-0.2512398568066212	-0.1713108507859709
ENSMUSG00000059371	-0.5533935625786981	-0.6700199664764465
ENSMUSG00000031384	-0.7025581613379226	-0.5814890050281257
ENSMUSG00000100009	-0.3857958888701003	-0.5955970640296339
ENSMUSG00000026819	-0.0465818878773024	0.3744832905352375
ENSMUSG00000109607	-0.2548269408820873	-0.4443545286001627
ENSMUSG00000052865	-0.1314351405774485	-0.1207673708238641
ENSMUSG00000021789	-0.3790716277385867	-0.3991763792361429
ENSMUSG00000029613	-0.0378039430827287	0.532021956431063
ENSMUSG00000085429	-0.3161140164613728	-0.6752094499176643
ENSMUSG00000044743	-0.5641434395543167	-0.351004919719188
ENSMUSG00000094836	-0.6148034789955473	-1.1239032243173988
ENSMUSG00000037095	-0.1717414635642004	-0.0678758409998143
ENSMUSG00000096756	-0.7949174397007838	-0.5908892656296163
ENSMUSG00000105586	-0.3892312342918388	-0.2708688532276118
ENSMUSG00000112832	-0.3575313445818151	-0.3332907660755846
ENSMUSG00000028572	-0.1851812697550891	0.4906247296127863
ENSMUSG00000025395	-0.0346515200118718	0.3132613154984081
ENSMUSG00000106296	0.0531812015420482	-0.1980895657742063
ENSMUSG00000039329	-0.031112178900191	0.4214545301957603
ENSMUSG00000110095	-0.4158199002118694	-0.2768771135130748
ENSMUSG00000020866	-0.2970160907902682	0.0021927668050689
ENSMUSG00000032598	-0.0812581712347506	0.2892004107264475
ENSMUSG00000108806	-0.2945256173870157	0.4196699778918989
ENSMUSG00000028069	-0.0799426580756584	0.3560346577850851
ENSMUSG00000039220	-0.021319624338663	0.2417192675331021
ENSMUSG00000037406	-0.1903106223704848	0.192798198080545
ENSMUSG00000121900	-0.0592219214813596	0.3675247597906541
ENSMUSG00000028430	-0.0304911809322606	0.2983171888077453
ENSMUSG00000006490	-0.7156193087871275	-0.7174712353519679
ENSMUSG00000096283	-2.0	-2.0
ENSMUSG00000001946	-0.5154914646700777	0.250456598616535
ENSMUSG00000000159	-0.3319426311058012	-0.1247373864633381
ENSMUSG00000055446	-0.3239944919433489	-0.230774703599273
ENSMUSG00000032579	-0.3781868738164594	-2.0
ENSMUSG00000092392	-0.2990520392738484	0.0725318584495349
ENSMUSG00000056436	-0.3157427696409512	0.3102479587764283
ENSMUSG00000106656	-0.5396568453989742	-0.5350435017855302
ENSMUSG00000086862	-0.6652527971139132	-0.5249529882155897
ENSMUSG00000116530	-0.564068401803221	-0.6300146387142536
ENSMUSG00000072709	-0.5869044526361407	-0.4165534427149521
ENSMUSG00000097067	-0.3852050449488966	-0.2469667979465544
ENSMUSG00000029064	-0.0144081033541943	0.3767232786963454
ENSMUSG00000104248	-0.4810882706834879	-0.5634633844332142
ENSMUSG00000029851	-0.5043355196414464	0.1195818837713171
ENSMUSG00000089737	-0.5396678898145255	-0.1715926347015842
ENSMUSG00000078626	-0.2721306249058851	-0.1433322413207409
ENSMUSG00000113669	-0.4247347743858721	-0.3221323663649021
ENSMUSG00000081723	-0.2293936182122367	-0.2698138755562373
ENSMUSG00000107086	0.6835052384188571	-0.093323906950183
ENSMUSG00000072834	-0.04090620915419	-0.2313324535489326
ENSMUSG00000063305	-0.3078209804484374	-0.5134455275815988
ENSMUSG00000112685	-0.5027932664071779	-0.4867560233381467
ENSMUSG00000051940	-0.0511655623349627	-0.0983994799792089
ENSMUSG00000038811	0.0514620158539331	-0.2181220352172757
ENSMUSG00000109168	-0.1154626847541103	0.029694248120459
ENSMUSG00000038843	-0.1517745393173837	-0.3492244489383198
ENSMUSG00000064128	-0.271927017207296	0.0223828359296534
ENSMUSG00000049971	-0.009199031837144	0.3422951374431893
ENSMUSG00000027961	-0.096034489849624	-0.114416261062113
ENSMUSG00000109298	-0.4217865843683592	-0.3427293488592471
ENSMUSG00000025357	-0.0263119907108888	-0.2647426027710454
ENSMUSG00000114133	-0.2717499252706719	-0.559761129489853
ENSMUSG00000113358	-0.4094470481662937	-0.419707913765199
ENSMUSG00000014444	-0.0166393315639988	0.3734887162789704
ENSMUSG00000095279	-0.4098974735604999	-0.4456470250833995
ENSMUSG00000055403	-0.3568235831703125	-0.1591433254824498
ENSMUSG00000087063	-0.2940270439082056	-0.4861117598424215
ENSMUSG00000093721	-0.3072871777318028	-0.3970518341727299
ENSMUSG00000113274	0.1258821930133495	-0.0788640489916897
ENSMUSG00000092492	-0.4537720425835654	-0.2734529831527367
ENSMUSG00000094838	-2.0	-2.0
ENSMUSG00000110427	-0.2675102234563791	-0.3424695715229498
ENSMUSG00000024851	-0.0506958848017292	0.0433269041793052
ENSMUSG00000040511	0.0073590427644394	0.2480974028605665
ENSMUSG00000116974	-0.5294078313968903	0.5003734399175956
ENSMUSG00000097177	-2.0	-2.0
ENSMUSG00000107253	-0.3613009346522375	-0.4543989990345767
ENSMUSG00000068184	-0.0498697864438819	0.3691553489211628
ENSMUSG00000016024	-0.2464445162353228	-0.1133667142738077
ENSMUSG00000104267	-2.0	-2.0
ENSMUSG00000075201	-0.5839573334271603	-0.5551525639345372
ENSMUSG00000022676	-0.4746584184570502	0.4199808476736855
ENSMUSG00000001062	-0.0453417320272713	0.3325648919036887
ENSMUSG00000105224	-0.5397869887268091	-0.2785224605935685
ENSMUSG00000032666	-0.2291023530303853	0.3658951322553407
ENSMUSG00000112555	-0.2934163662628049	-0.1991996441151699
ENSMUSG00000095344	-2.0	-2.0
ENSMUSG00000026854	-0.0488735588021883	0.2201143669510303
ENSMUSG00000109664	-0.6055420149448028	-0.6741867949852263
ENSMUSG00000038421	-0.2632939441516992	-0.2739990036668708
ENSMUSG00000007050	-0.0506296102455085	0.353192765783561
ENSMUSG00000089960	-0.1759765336081268	-0.0172548303657036
ENSMUSG00000091318	-0.5827117622984561	-0.2697655390560134
ENSMUSG00000021840	-0.0477037203249233	0.3711096264562609
ENSMUSG00000013921	-0.0536143581191779	0.2864479364727093
ENSMUSG00000085522	-0.5515951634472294	-1.0381358194200208
ENSMUSG00000111436	-0.3132531159021264	-0.2553117149790927
ENSMUSG00000116695	-0.2668756318408812	-0.2734423048248786
ENSMUSG00000020349	-0.0325197003708229	0.472682159597706
ENSMUSG00000067225	-0.4531786385184652	-0.3063984343422972
ENSMUSG00000057606	-0.3102540467897212	-0.3332342614809808
ENSMUSG00000033615	-0.2313715169649637	0.2938683843811735
ENSMUSG00000121348	-0.2746173534696945	-0.4726490650432822
ENSMUSG00000116378	-0.0554251487589257	0.1221509750781148
ENSMUSG00000073405	0.0204788743351665	-0.0465758929366671
ENSMUSG00000114189	-0.3453559044393415	-0.4655058193605983
ENSMUSG00000066189	-0.3328813490023176	-0.3189670929795692
ENSMUSG00000042045	-0.2841362877817665	-0.1899647744909678
ENSMUSG00000044043	-2.0	-2.0
ENSMUSG00000027254	-0.0001180572848931	0.4252083774304059
ENSMUSG00000031750	-0.1677536593467876	-0.2785170009784021
ENSMUSG00000096757	-0.652935092569604	-0.6579236689127089
ENSMUSG00000054405	-0.0527718078299248	0.0521278747994901
ENSMUSG00000113502	-0.5192703426935573	-0.5244800422025667
ENSMUSG00000024223	-0.1084294279388087	-0.2347826604825786
ENSMUSG00000096991	0.0879459501854067	-0.1258412691059433
ENSMUSG00000101549	-0.0471207067442589	0.1112396554532175
ENSMUSG00000101605	-0.3266428523092488	-0.3470120262529813
ENSMUSG00000026627	-0.0678770596302016	0.5083152794292362
ENSMUSG00000036160	-0.0672013463086755	0.3232355946045711
ENSMUSG00000086341	-0.0982844475774075	-0.1368075667917883
ENSMUSG00000106822	-0.3529397405649143	-0.3603251514505479
ENSMUSG00000120356	-0.4638190021055769	0.2329227566851671
ENSMUSG00000093661	-0.3087679903362635	-0.0691823462356077
ENSMUSG00000019929	-0.6821398705170785	-0.4692175597153181
ENSMUSG00000120740	-0.2668232860982258	0.408982042381252
ENSMUSG00000049871	-0.1199443411404966	0.2018142836346996
ENSMUSG00000078576	-0.4294617533257654	-0.4821277368337202
ENSMUSG00000054417	-0.3418735066956431	-0.298237446256265
ENSMUSG00000031529	-0.0164370351917622	0.4442084847128584
ENSMUSG00000042111	-0.3965817075376631	0.3322036754458196
ENSMUSG00000108730	-0.4090858853792671	-0.4510033873926073
ENSMUSG00000108406	-0.1840948612871266	-0.1911811702230368
ENSMUSG00000036083	-0.4836455206526645	-0.6987416254969082
ENSMUSG00000022762	-0.5899918532853383	-0.1453834423826779
ENSMUSG00000063240	-0.6024688374477569	-0.7790152608670063
ENSMUSG00000085802	0.0041812589627063	-0.044784218150622
ENSMUSG00000110217	-0.3474380638519027	-0.4523926471057731
ENSMUSG00000066828	-2.0	-2.0
ENSMUSG00000104763	-0.3311611994040801	-0.4263960565828174
ENSMUSG00000028989	0.0061984515423046	-0.0750793625321692
ENSMUSG00000024063	-0.4358300483999717	0.2710908129228104
ENSMUSG00000029632	-0.2097914249557283	0.52445220673827
ENSMUSG00000033319	-0.0404798114840936	0.509701875481071
ENSMUSG00000069808	-0.1822201141910491	0.3985496774290731
ENSMUSG00000000827	-0.0627723698410121	0.3964413682980525
ENSMUSG00000005089	-0.4281335467368279	-0.3052125409174063
ENSMUSG00000030103	-0.1032331133830175	0.3296508559415255
ENSMUSG00000021124	-0.0863998518866322	0.3687519911332579
ENSMUSG00000033210	-0.4020932019126391	-0.3782065859958193
ENSMUSG00000120327	-0.2502415838861928	-0.6538756576445167
ENSMUSG00000072966	-0.1305490755738257	0.2569058994893278
ENSMUSG00000074643	-0.0295731539907873	0.4524553168226723
ENSMUSG00000055602	-2.0	-2.0
ENSMUSG00000047714	-0.046836652629683	0.4632702031411065
ENSMUSG00000097504	-0.04738857491794	0.2903066839973195
ENSMUSG00000108325	-2.0	-2.0
ENSMUSG00000075198	-0.6221046085250171	-0.4700640331983442
ENSMUSG00000047248	-0.0355450990790817	0.5055357861227389
ENSMUSG00000108011	-0.2022989352604884	0.3166985939670614
ENSMUSG00000024997	-0.1203571507694912	0.3334799612318333
ENSMUSG00000087158	-0.4706173898492833	-0.3563760083936225
ENSMUSG00000025658	-0.8060757002375588	-0.1871871440464083
ENSMUSG00000059555	0.0311123158633075	0.1652502631248106
ENSMUSG00000097738	-0.1659786747369722	0.3998232245466526
ENSMUSG00000097690	-0.0612494796228016	0.3674520888982365
ENSMUSG00000121475	-0.4054236040598992	-0.3869243107212651
ENSMUSG00000079179	-0.0140009222805791	0.3348303784705119
ENSMUSG00000091519	-0.3839246204185195	-0.2846291822686734
ENSMUSG00000019923	-0.1082811688781349	0.5139180341835756
ENSMUSG00000038886	-0.0472776694612163	0.3940578353647139
ENSMUSG00000117987	-0.224629182645753	-0.3499315503608728
ENSMUSG00000038069	-0.4752773385295145	0.5401707468246738
ENSMUSG00000036492	0.0589943352628915	-0.0647500618605604
ENSMUSG00000030611	-0.1234551756259602	0.4357475622914746
ENSMUSG00000094559	-0.1777489940010725	-0.3058221288898727
ENSMUSG00000008575	-0.0215877385121359	0.3584534049098325
ENSMUSG00000015970	-0.3006547536700592	-0.1331548769938308
ENSMUSG00000034300	-0.0970588929574878	0.5280959051990703
ENSMUSG00000041459	0.0116665105821674	0.2872175020886195
ENSMUSG00000026495	-0.2894238627305751	0.5664763824968949
ENSMUSG00000038459	-0.032636544531549	0.4622014726263495
ENSMUSG00000031448	-0.229736377320161	0.1581965840447874
ENSMUSG00000085912	-0.0377038896161031	0.297959562694587
ENSMUSG00000115421	-0.6586070272233214	-0.7477567678946225
ENSMUSG00000072931	-0.69565538176564	-0.5137313667305261
ENSMUSG00000070890	-0.2580783888131528	-0.3806606527807184
ENSMUSG00000058904	-0.3578917671245755	-0.402021759494207
ENSMUSG00000103119	-0.2030692198736407	-0.1029347762936899
ENSMUSG00000116635	-0.0539426114944966	-0.0356452221089097
ENSMUSG00000097250	-0.1457672174047541	0.3336251476572008
ENSMUSG00000117919	-0.3786610441118591	-0.4607437189317304
ENSMUSG00000092142	-0.3943443837370667	-0.6167822897067318
ENSMUSG00000048013	-0.3037406174468181	-0.3785914639607514
ENSMUSG00000078905	-0.1398563612341636	0.3367770331391286
ENSMUSG00000039748	0.0064520932566408	0.3353539785376352
ENSMUSG00000072664	-0.7176629793498274	-0.2357977060794723
ENSMUSG00000022000	-0.2585148082787623	0.5247195477871065
ENSMUSG00000051839	-0.4222056781283648	-0.0339737908713751
ENSMUSG00000028549	-0.1663622403964187	0.4630013976158149
ENSMUSG00000110393	-2.0	-2.0
ENSMUSG00000008489	-0.1212412454736191	-0.1081517901121291
ENSMUSG00000092244	-0.2366587242338419	-0.3970735874256372
ENSMUSG00000055370	-0.4489444619454494	-0.3618668907065172
ENSMUSG00000029810	-0.3109663700542863	-0.2403795904111569
ENSMUSG00000002496	-0.0312859562013965	0.46511713663602
ENSMUSG00000118601	-0.0783541992695625	-0.1768268816964636
ENSMUSG00000023987	-0.0709977880990727	-0.0889066609410968
ENSMUSG00000022914	-0.0130602218072648	0.3520396599882462
ENSMUSG00000074655	-0.4104732880233774	-0.5597346856708882
ENSMUSG00000034435	-0.2560040036723691	-0.0033328502361477
ENSMUSG00000073448	-0.3705225094612039	0.3880837867945116
ENSMUSG00000120034	-0.3442938945452213	-0.4771000616660518
ENSMUSG00000109784	0.0941922940666838	-0.0889534569576523
ENSMUSG00000041040	-0.043606601767531	0.5142817820742
ENSMUSG00000102200	-0.115244273601304	-0.0942742598083819
ENSMUSG00000105740	-0.4483155511813262	-0.5305995277960521
ENSMUSG00000110638	0.0428606435911321	-0.1600495765488345
ENSMUSG00000022404	-0.0303903758693117	0.2823778243358821
ENSMUSG00000032726	-0.1141079984929742	0.3170955346064352
ENSMUSG00000075221	-0.502138946050131	-0.5111851774113132
ENSMUSG00000085325	-2.0	-2.0
ENSMUSG00000097370	-0.3758814813964982	0.4838647574357235
ENSMUSG00000079011	-0.330551827973214	-0.0256385632204199
ENSMUSG00000092027	-2.0	-2.0
ENSMUSG00000079356	-0.3372982525748679	-0.4441252486049842
ENSMUSG00000023827	-0.0233284778094762	0.5031437970732802
ENSMUSG00000018040	0.0436530204228693	0.1240135732274761
ENSMUSG00000036777	-0.0209956078431542	0.5214056417842058
ENSMUSG00000060024	-0.4640578341543853	-0.3467091465661457
ENSMUSG00000024565	-0.0331751079672676	0.3361938722715406
ENSMUSG00000024155	-0.3531810005961915	0.4626492169983111
ENSMUSG00000116295	-0.0782811746832158	0.3536274511798215
ENSMUSG00000007029	-0.0845755748121339	0.3427971969867038
ENSMUSG00000069094	-0.0983172330646837	0.4591544653601784
ENSMUSG00000034252	-0.0367814713978827	0.4614850205248444
ENSMUSG00000100156	-0.2588045798143107	-0.4709011398309239
ENSMUSG00000029681	-0.0893618302212816	0.3867567903686952
ENSMUSG00000035901	-0.0291900612805782	0.4638297057293082
ENSMUSG00000024941	-0.0209894089274871	0.2890303422177806
ENSMUSG00000097290	-0.1235333199111375	0.5131834946222575
ENSMUSG00000054493	-0.2107973449399641	-0.0040732679525883
ENSMUSG00000024773	-0.0511694711202506	0.3398273358669912
ENSMUSG00000067399	-2.0	-2.0
ENSMUSG00000087129	-2.0501427682394	-0.1363737157012259
ENSMUSG00000016487	-0.1861907832823593	0.487128755818607
ENSMUSG00000043467	-0.0937272510518835	0.2060131742379359
ENSMUSG00000068250	-0.0798516189811226	0.466716999291469
ENSMUSG00000068506	-0.776008680056528	-0.5262054102463639
ENSMUSG00000042439	-0.0008848638201753	0.135004730427985
ENSMUSG00000083172	-0.5376517241776004	-0.4544571169765384
ENSMUSG00000115779	-0.2861279158245568	-0.3745381445060389
ENSMUSG00000071629	-0.7010600733786444	-0.6869448679762554
ENSMUSG00000038641	-0.2855947902389004	-0.3280683330790123
ENSMUSG00000109286	-0.4081543656200053	-0.3147931758522487
ENSMUSG00000040340	-0.1083053550593625	-0.3789615090965395
ENSMUSG00000075502	-0.1915350087120211	0.3789503209319378
ENSMUSG00000051611	-0.7192304273753614	-0.5082683328251476
ENSMUSG00000069662	0.0274186000655967	0.1357596189057645
ENSMUSG00000093868	-2.0	-2.0
ENSMUSG00000038604	-0.0307837598875624	0.3852898203768796
ENSMUSG00000039508	-0.4597654045110996	-0.4315734400267582
ENSMUSG00000030228	-0.506377185374487	-0.3863604733185521
ENSMUSG00000005952	-0.3374567250182877	-0.2876109532662206
ENSMUSG00000060791	-0.2058295296297432	0.2714740425501375
ENSMUSG00000030650	-0.1170811901166704	-0.1651102827126485
ENSMUSG00000093695	-0.0137141413363761	-0.0123273011290596
ENSMUSG00000115311	-0.2923204976412305	0.2265065927488359
ENSMUSG00000098160	-0.3293540008975663	-0.3172891384588455
ENSMUSG00000033149	-0.3594172063518558	0.3161846284501353
ENSMUSG00000106262	-0.0506224856007481	-0.0118362792888851
ENSMUSG00000024319	-0.1914564430061288	0.1106752141285307
ENSMUSG00000074375	-0.3200605188146103	-0.6126782065925886
ENSMUSG00000111583	-0.2884247377176285	0.4239320085804294
ENSMUSG00000028530	-0.1332262871961014	0.4862606953319945
ENSMUSG00000121820	-0.5352065229946222	-0.0439047908284665
ENSMUSG00000034362	-0.2970487947508443	-0.460428159708867
ENSMUSG00000010651	-0.1119404171263521	0.2399499578722912
ENSMUSG00000004558	-0.1616000382649194	0.3752874892590758
ENSMUSG00000036111	-0.3448573375637957	0.041258822867144
ENSMUSG00000100288	-2.0	-2.0
ENSMUSG00000090066	-0.3274645567898517	-0.2619396357640359
ENSMUSG00000101576	-1.3462384990907046	-1.5838789598317853
ENSMUSG00000027173	-0.0985870176089438	0.5086541315683107
ENSMUSG00000034295	-0.1066452121870012	0.3934502488627119
ENSMUSG00000071000	-0.3287301232181625	-0.3145097952073847
ENSMUSG00000074491	-2.0	-2.0
ENSMUSG00000045215	-0.4273516407270737	0.2366984545802367
ENSMUSG00000113986	-0.4484446130085434	-0.2657937117058537
ENSMUSG00000038347	-0.0997368959635215	0.2149857650053972
ENSMUSG00000119995	-0.2805402670418025	0.1013854694959723
ENSMUSG00000072214	-0.1259658116026532	-0.1170458198608551
ENSMUSG00000084939	-0.4865639754359726	-0.3575993326655001
ENSMUSG00000100292	-2.0	-1.6061265958506166
ENSMUSG00000100586	-0.4477253818986172	-0.5614263261842805
ENSMUSG00000028020	-0.4159090612278849	0.2678820286071862
ENSMUSG00000026564	-0.0036273943905777	-0.0812289524551851
ENSMUSG00000025128	0.1625767720908214	-0.1072174187307055
ENSMUSG00000047866	-0.0489765109238093	0.4827307000799429
ENSMUSG00000086757	-2.0	-2.0
ENSMUSG00000110017	-0.2949120419116688	-0.4911978315683437
ENSMUSG00000101653	-2.0	-2.0
ENSMUSG00000043003	-0.4275903425505933	-0.2250291236166037
ENSMUSG00000107632	-2.0	-2.0
ENSMUSG00000053007	-0.3680467412930873	-0.1504387111823835
ENSMUSG00000100388	-2.0	-2.0
ENSMUSG00000089859	-0.3784448628808726	-0.406396526551704
ENSMUSG00000121489	0.0174519810778449	0.1159717077526759
ENSMUSG00000018449	-0.0657008649548659	0.440659133472652
ENSMUSG00000121458	-0.740145240578656	-0.1556831513784997
ENSMUSG00000020988	-0.0503204301285226	0.4720469611300429
ENSMUSG00000048697	-0.4981508487786786	-0.7258121669715184
ENSMUSG00000113571	-0.1435205230329533	-0.1552583517365644
ENSMUSG00000095082	-0.5122156147456431	-0.372113118321801
ENSMUSG00000000787	-0.0744556591692797	0.4730049642672709
ENSMUSG00000000439	-0.0383659402746554	0.4142130014953946
ENSMUSG00000030714	-0.0725186647725547	0.5282894758245784
ENSMUSG00000002944	-0.5083545664162862	-0.546574934494262
ENSMUSG00000110223	-0.516321717528284	-0.4128724810859558
ENSMUSG00000082639	-0.4943720180343738	-0.640282874291402
ENSMUSG00000068437	-1.0075310519109195	-0.926990879764009
ENSMUSG00000111182	-0.5456250416905514	-0.4708428339782751
ENSMUSG00000116348	-0.2450045279650345	-0.3376198854897501
ENSMUSG00000063297	-0.5119365870291245	-0.4040705816312723
ENSMUSG00000099574	-0.433500520669176	-0.3977932419393351
ENSMUSG00000021750	-0.2930878951656073	-0.3567339128116102
ENSMUSG00000074342	-0.1196045602547156	-0.3298289485280822
ENSMUSG00000114197	-2.0	-2.0
ENSMUSG00000114715	-0.2559819222836779	-0.2816768818999957
ENSMUSG00000032274	-0.4142965846163372	-0.4364977936935585
ENSMUSG00000022978	-0.1527947958881628	0.4522799922947274
ENSMUSG00000114790	-0.3598810569882589	-0.300660481443936
ENSMUSG00000064137	-0.7736593570484491	-0.4995006397205497
ENSMUSG00000042148	-0.0474100812629935	0.4558992954766473
ENSMUSG00000021661	-0.1426986291219469	0.4869255614869672
ENSMUSG00000101119	-2.0	-2.0
ENSMUSG00000117030	-0.26910375716797	-0.131954230854477
ENSMUSG00000026556	-0.0016800564347097	0.0308218717289088
ENSMUSG00000097641	0.1797688841374179	-0.2760211910667035
ENSMUSG00000030822	-0.0571616752080261	0.1030867144909779
ENSMUSG00000018572	0.0213850597124809	0.0957310244301549
ENSMUSG00000100067	-2.0	-2.0
ENSMUSG00000117191	-0.5699775405009694	-0.5361270397644057
ENSMUSG00000017310	-0.1196027298887379	-0.2934237234468774
ENSMUSG00000092415	-0.2746608380256046	-0.2562355343297632
ENSMUSG00000100620	-0.1315643552245113	0.0938311298561066
ENSMUSG00000085017	-2.0	-2.0
ENSMUSG00000005864	-0.6660353467210005	-0.6178392135241426
ENSMUSG00000110507	-0.3682919194466642	-0.3325956160904245
ENSMUSG00000061525	-2.0	-2.0
ENSMUSG00000019880	-0.5224773531977576	-0.3666806643241077
ENSMUSG00000114304	-2.0	-2.0
ENSMUSG00000029603	-0.0202236122737146	0.1057256776106422
ENSMUSG00000121617	-0.5447978854711674	-0.0463869013537922
ENSMUSG00000066747	-0.5265468989265764	-0.2339801291650456
ENSMUSG00000104706	0.0225934789329484	-0.0822487923463697
ENSMUSG00000095440	-0.0288447125525301	0.0446676781214223
ENSMUSG00000022957	-0.0690098324523429	0.3436196824887692
ENSMUSG00000035045	-2.0	-2.0
ENSMUSG00000026377	-0.0374767704364807	0.3952806018608952
ENSMUSG00000060311	-0.1727121647965686	-0.3251814644470018
ENSMUSG00000051391	-0.0197545823895541	0.3898250028111785
ENSMUSG00000000560	-0.5803696814409889	-0.2274736802106513
ENSMUSG00000029641	-0.2208589631259881	0.1231155904913617
ENSMUSG00000040181	-0.3682105565374813	-0.4058796043502485
ENSMUSG00000031231	-0.0514240087646161	0.1540945513423074
ENSMUSG00000031872	-0.3247137709543109	-0.2172506908391401
ENSMUSG00000085721	-0.2344460306669266	-0.4915125948190447
ENSMUSG00000059654	-0.4957672151562351	-0.3171462027190532
ENSMUSG00000079685	-0.8060033458596729	-2.0
ENSMUSG00000020033	-0.2719520364727258	-0.1958814306636333
ENSMUSG00000025289	-0.1792458075356851	0.4782244081024793
ENSMUSG00000067879	-0.3989970639294221	-0.3718671850429549
ENSMUSG00000095706	-0.243767341676112	-0.2446692064248854
ENSMUSG00000121893	-2.0	-2.0
ENSMUSG00000022321	-0.4895182619934064	-0.0839413603228548
ENSMUSG00000030226	-0.6016755503401433	-0.6008081454508944
ENSMUSG00000118111	-0.6132853497799344	-0.7205402163758501
ENSMUSG00000086234	-0.0249509068730367	0.0042203133090649
ENSMUSG00000051424	-1.08622110443262	-1.0064355723486944
ENSMUSG00000021647	-0.203821971296692	-0.4303766124648825
ENSMUSG00000104436	-0.264682844416252	-0.2676969689452526
ENSMUSG00000079553	-0.0039822683642153	0.2517228813721224
ENSMUSG00000075000	-0.0609308497241859	0.4409380340656219
ENSMUSG00000071613	-0.0635486918404545	-0.230622230766453
ENSMUSG00000027400	-0.0611155805985091	-0.038882496054643
ENSMUSG00000025597	-0.6638033241218644	-1.3968551941685805
ENSMUSG00000047757	-0.3509372935342335	0.4545739586396607
ENSMUSG00000034777	-0.0204239478712561	0.2953418681254475
ENSMUSG00000035864	-0.4237070354291067	0.298602117011842
ENSMUSG00000045094	-0.204165985563805	-0.0342840375409854
ENSMUSG00000063230	-0.4081372477060599	-0.4323223276553772
ENSMUSG00000034189	-0.1204630508713744	0.4126930049605969
ENSMUSG00000029712	-0.2280326225381908	-0.0029773693722161
ENSMUSG00000024666	-0.1611570775470161	0.4532017989205005
ENSMUSG00000113727	-0.3110431597272695	-0.3633342097367568
ENSMUSG00000097929	-0.2382767339020539	-2.0
ENSMUSG00000110040	0.0301404951533048	-0.1308027904449002
ENSMUSG00000024538	-0.0775126649920469	0.4589782024983266
ENSMUSG00000049672	-0.1038501503864049	0.4447531489909795
ENSMUSG00000092021	-0.3517405227478837	-0.3354943503833196
ENSMUSG00000114525	-0.3674143618861983	-0.3260508245248757
ENSMUSG00000121383	-0.3083499632605229	-0.2997872611374753
ENSMUSG00000049758	-0.5441180345221324	-0.7411104975166612
ENSMUSG00000102234	-0.0029852405209936	-0.0375031889568245
ENSMUSG00000113524	-0.5013118431503402	-0.3046190284617731
ENSMUSG00000020850	-0.0122110597422433	0.2987989499055167
ENSMUSG00000026104	-0.0781962028375621	0.4935461557375337
ENSMUSG00000022209	-0.4463526238368982	-0.5841702997868237
ENSMUSG00000021238	-0.0851979287798907	0.4079514708326729
ENSMUSG00000074480	-0.014097724446384	0.2775972968249804
ENSMUSG00000066364	-0.3811075770346162	-0.3689074005734142
ENSMUSG00000112709	-0.3231464166120005	-0.3779348442816292
ENSMUSG00000026970	-0.1437849561369288	0.4456079391240404
ENSMUSG00000103270	-0.2883859273751292	-0.1537486416566972
ENSMUSG00000083243	-0.5748164214412633	-0.9882754874256062
ENSMUSG00000037487	-0.0072967360347471	0.3544449830225938
ENSMUSG00000108726	-0.274697296478634	0.4657155839040431
ENSMUSG00000002379	-0.306530011386506	0.2671942641806109
ENSMUSG00000032571	-0.0409048730267483	0.3808697840451774
ENSMUSG00000108184	-0.3526442230488618	-0.3913210489508995
ENSMUSG00000045871	-0.4995892658496852	-0.6975760305506079
ENSMUSG00000029992	-0.0736717556536021	0.5254353667631635
ENSMUSG00000096265	-2.0	-2.0
ENSMUSG00000096537	-0.3933914422129044	-0.2732749094882627
ENSMUSG00000024158	-0.0865961668010161	0.4748829333791203
ENSMUSG00000022564	-0.101560384127907	0.2757884707034376
ENSMUSG00000108981	-0.7490508225263507	-0.5075606606651125
ENSMUSG00000075046	-2.0	-2.0
ENSMUSG00000073924	-0.5166458441013649	-0.6637312776412834
ENSMUSG00000047115	-0.1482410943328491	0.4458558343679143
ENSMUSG00000118174	-0.5152635226925311	-0.472099812386332
ENSMUSG00000030350	-0.3249905083061615	0.1567096349788256
ENSMUSG00000034645	-0.0437520202107859	0.4168477877210569
ENSMUSG00000033763	-0.0258396614103919	0.0855461550814918
ENSMUSG00000085032	-0.5574979680345487	-0.7890493101754589
ENSMUSG00000032094	-0.4350079231040664	-0.2731637828883566
ENSMUSG00000117227	-0.4299794615285332	-0.3826409790870261
ENSMUSG00000042272	-0.2278690726156354	0.3684184738621189
ENSMUSG00000101588	-0.0182689670190944	-0.1302623285859168
ENSMUSG00000028411	-0.0766359709813633	0.4260399507275595
ENSMUSG00000097855	-0.1407275306432153	0.2382950607327688
ENSMUSG00000100490	-2.0	-2.0
ENSMUSG00000067377	-0.5951098629588571	-0.3828809259917189
ENSMUSG00000108063	-0.4648474602424912	-0.4068821438733793
ENSMUSG00000004031	-0.3654175445644169	0.2541103236025297
ENSMUSG00000064246	0.0198667010804876	-0.2451997133420061
ENSMUSG00000090039	-0.1096478477659623	0.3701143252829088
ENSMUSG00000084306	-0.3864440273774905	-0.3923848213571019
ENSMUSG00000000001	-0.0306715145191096	0.4917512633305629
ENSMUSG00000031409	-0.8421668251455664	-0.6794457933878768
ENSMUSG00000109372	-0.4363409615271301	-0.3387146541582655
ENSMUSG00000117658	-0.6181270733954558	-0.3475997003616307
ENSMUSG00000086370	-0.2462130926750319	-0.5374953884051156
ENSMUSG00000029504	-0.1234449036415113	0.3428390090952353
ENSMUSG00000063796	-0.3513279946519076	-0.4416995700705931
ENSMUSG00000028259	-0.4796878607074787	-0.3672909102709637
ENSMUSG00000121434	-0.5111691974930609	-0.3914553542009834
ENSMUSG00000103788	-0.4726926277446283	-0.3668506155480535
ENSMUSG00000091568	-0.0787192982562855	0.4549816793124074
ENSMUSG00000023284	-0.067584787848277	0.0275830445760417
ENSMUSG00000093650	-0.4627946377154314	-0.2340694577285272
ENSMUSG00000113837	-0.4413343811555084	-0.455811610711768
ENSMUSG00000001707	-0.0324720542040687	0.366873269186393
ENSMUSG00000025816	-0.0427266782629647	0.4576539458100175
ENSMUSG00000067149	-0.479966453832877	-0.5583416199503246
ENSMUSG00000037542	-0.3129494720352661	-0.2869517047426745
ENSMUSG00000024350	-0.049054689175707	0.5153749130149612
ENSMUSG00000100556	-0.5439359520590997	-0.2215491897601126
ENSMUSG00000092353	-0.3408911782972976	-0.4882294366043154
ENSMUSG00000022791	-0.153787007418419	0.3498647394808381
ENSMUSG00000099799	-2.0	-2.0
ENSMUSG00000108994	-0.4244976364962461	-0.4268658103231676
ENSMUSG00000034334	-0.7338292405594953	-2.0
ENSMUSG00000043631	-0.088003388582427	-0.2847903025954517
ENSMUSG00000118668	-0.055919828925317	0.3979170773180001
ENSMUSG00000110115	-0.0886418627858714	-0.0265780346008877
ENSMUSG00000022619	0.0111628528757329	0.1530828043618318
ENSMUSG00000010435	-0.2348309848457608	-0.2295573013052751
ENSMUSG00000025791	-0.1142346444235516	0.3545375252811549
ENSMUSG00000121499	-2.0	-2.0
ENSMUSG00000029661	-0.4373053907989744	-0.3606412280242115
ENSMUSG00000027444	-0.4557868014687641	-0.234324159881796
ENSMUSG00000099932	-1.398284758140876	-1.1153890380146068
ENSMUSG00000063998	-0.4886943006172726	-0.6952363575945117
ENSMUSG00000104377	-0.2629715611926527	-0.3040543316711509
ENSMUSG00000102547	-2.0	-2.0
ENSMUSG00000117811	-0.3500655279215322	-0.2926829806525922
ENSMUSG00000026238	-0.0528480236700059	0.2443592701645936
ENSMUSG00000031887	-0.0986175369122602	0.0472810993679056
ENSMUSG00000009112	-0.0458813303978558	0.493127219879107
ENSMUSG00000096520	-2.0	-2.0
ENSMUSG00000031960	-0.0046158914076754	0.349996287250785
ENSMUSG00000073963	-0.5135250879375672	-0.5479352448247278
ENSMUSG00000091650	-2.0	-2.0
ENSMUSG00000097043	-0.451308953326606	-0.3579006978570771
ENSMUSG00000112967	-0.5349117357942219	-0.4132720786904929
ENSMUSG00000059201	-0.3496110664282589	-0.2443883913124148
ENSMUSG00000099422	-0.1954959679298997	-0.2972309492251818
ENSMUSG00000024982	-0.0591489583068823	0.504482824118237
ENSMUSG00000026317	-0.0502803474701244	0.4815716077088868
ENSMUSG00000066687	-0.3335507257739132	-0.0230129423656253
ENSMUSG00000038622	-0.0496890949707946	0.5093748613601397
ENSMUSG00000027481	-0.3247759664414161	-0.3303938101592771
ENSMUSG00000045684	-0.5233274584407744	-0.361420299406039
ENSMUSG00000101100	-2.0	-2.0
ENSMUSG00000106617	-0.1364205654934519	0.0449111819989968
ENSMUSG00000085828	-0.0660888492263048	0.2331494832291123
ENSMUSG00000103644	-0.3311088808579766	-0.3921753939944076
ENSMUSG00000031134	-0.1229497129409978	0.4169937894627303
ENSMUSG00000103349	-0.5064293119460722	-0.4925994589760471
ENSMUSG00000097626	-0.4466646751933894	0.4027059411928267
ENSMUSG00000021415	-0.3604800434553843	-0.4460713626995495
ENSMUSG00000034875	-0.1052944656550245	0.4474966489943806
ENSMUSG00000072893	-0.0574632733938939	0.3913543695770881
ENSMUSG00000021203	-0.0476407117177858	0.3218079678989492
ENSMUSG00000038268	0.170883953809343	0.2000868033360863
ENSMUSG00000036086	-0.0856055346267915	0.5022197563287507
ENSMUSG00000044505	-0.4873719216634325	-0.1050020102179291
ENSMUSG00000071176	-0.0333268283012922	0.3584343792197001
ENSMUSG00000031723	-0.0992617764381076	0.3612914341124573
ENSMUSG00000105258	-0.3951212673430326	-0.2375394633164692
ENSMUSG00000120169	-0.3071204878366248	0.5335252358068127
ENSMUSG00000050015	-0.5711118726438178	-0.5522681485631713
ENSMUSG00000111002	-0.3176341306332814	-0.5115087915605463
ENSMUSG00000001510	-0.1099957013312178	0.0765513186087739
ENSMUSG00000096049	-2.0	-2.0
ENSMUSG00000078963	-0.0221265661051824	-0.122502531210139
ENSMUSG00000044581	-0.3092342158205428	-0.3522249724719591
ENSMUSG00000103080	-0.2050636694218424	-0.2628985209793066
ENSMUSG00000115792	-0.6348085972170922	-0.8063378774162157
ENSMUSG00000120605	-2.812945408758358	-2.0
ENSMUSG00000111943	-0.4154860484841428	-0.2430140111519537
ENSMUSG00000117251	-0.3765561479006589	-0.3908537748374782
ENSMUSG00000019178	-0.2294943843026761	0.4057031445557915
ENSMUSG00000115090	-2.0	-2.0
ENSMUSG00000027902	-2.141292005503371	-0.3838594683922338
ENSMUSG00000115345	-0.268453941194112	-0.2161137071345495
ENSMUSG00000074060	-0.3768706741691615	-0.4806947861912521
ENSMUSG00000036733	-0.0939648650105543	0.3922201985362643
ENSMUSG00000008129	-0.0359299729461802	0.3926318921281215
ENSMUSG00000117024	-0.6064553300218382	-1.2923204976412306
ENSMUSG00000044308	-0.0339549965871971	0.4907751404606753
ENSMUSG00000116772	-0.2632925108089829	-0.1721754734528067
ENSMUSG00000033594	0.1991142298289421	0.0289663297132205
ENSMUSG00000072720	-0.2996358920077668	-0.2324262393703587
ENSMUSG00000032494	-0.0569634659378574	0.2829518430567042
ENSMUSG00000097809	-0.4564439555024098	0.4927640197693873
ENSMUSG00000071562	-1.026921307621898	-1.2139784080854907
ENSMUSG00000107841	-0.1177698347201876	-0.1562638069548459
ENSMUSG00000044220	-0.1032110807500567	-0.2588860784199659
ENSMUSG00000054434	-0.0459227469209938	0.4862343289983581
ENSMUSG00000120097	-0.3100379702584971	0.1038755274927451
ENSMUSG00000029426	-0.0342335659036079	0.4512345463642804
ENSMUSG00000033054	-0.0391109220228176	0.4902251583485414
ENSMUSG00000108055	-0.7438935820362692	-0.5884022113113321
ENSMUSG00000038910	-0.3990588884308591	0.2119660843764069
ENSMUSG00000060556	-0.4618816595597448	-0.2992716966003824
ENSMUSG00000099853	-0.4250411440646702	-0.2973275668652366
ENSMUSG00000051486	-2.0	-2.0
ENSMUSG00000105653	-0.6729861858044801	-0.5044775858593357
ENSMUSG00000030301	-0.4202481766154273	0.382279450147545
ENSMUSG00000029456	-0.0884186413833193	0.4670943429239514
ENSMUSG00000092310	-0.0436037207843496	0.1095378488712496
ENSMUSG00000060827	-0.5325127738379218	-1.0637386639911022
ENSMUSG00000085388	-0.3228622657134358	-0.1885999669425264
ENSMUSG00000020330	-0.0303534881822573	0.5233202850982305
ENSMUSG00000096566	-0.6207177661351445	-0.752204904527638
ENSMUSG00000042185	-0.0241481630587708	0.4646606084781138
ENSMUSG00000070717	-0.0263441990128128	0.3933235027549409
ENSMUSG00000003617	-0.390872147653213	-0.6167463855994664
ENSMUSG00000094543	-0.7098348971839876	-0.6261607016517534
ENSMUSG00000106140	-0.7964275734240911	-0.2752110319878842
ENSMUSG00000109217	-0.6961832018283783	-0.5625855907089342
ENSMUSG00000086531	-0.4709006260887897	-0.4083155738764197
ENSMUSG00000090164	-0.4465386134503948	-0.4673406412794535
ENSMUSG00000033987	-0.0588224166733851	-0.0284591083645594
ENSMUSG00000085940	-0.4328957267513613	-0.4224964812634378
ENSMUSG00000121462	-2.0	-2.0
ENSMUSG00000090736	-1.3079215717523611	-0.7528386658977358
ENSMUSG00000035778	-0.0430206192159944	0.3344014718167899
ENSMUSG00000030268	-0.0051780919268016	0.3075422460992699
ENSMUSG00000043687	-0.0224654225150472	-0.1367786457663962
ENSMUSG00000020620	-0.40742156717787	0.0403650350097674
ENSMUSG00000046269	-0.169450079552553	0.4334248207106954
ENSMUSG00000045620	-0.3014182547130007	-0.0982797641384041
ENSMUSG00000110529	-0.0457644393279757	-0.2880162218693463
ENSMUSG00000097063	-0.3312258522354508	-0.2395591197696369
ENSMUSG00000020592	-0.0559799991333849	0.3674837674489434
ENSMUSG00000101126	-0.2023572025037648	-0.2219778990434753
ENSMUSG00000020151	-0.3716928271942641	-0.0301447964222894
ENSMUSG00000078664	-0.1064722542523234	-0.1366117031753235
ENSMUSG00000085891	-0.500072472769663	0.4902054932095114
ENSMUSG00000034379	-0.0576294747996173	0.240157207975398
ENSMUSG00000107478	-0.00022736923955	0.1810119182164111
ENSMUSG00000092451	-0.3898357265568192	-0.7169585208674614
ENSMUSG00000111205	-2.0	-2.0
ENSMUSG00000038092	-2.0	-2.0
ENSMUSG00000102140	0.0489423908834197	-0.0257411282515144
ENSMUSG00000028139	-0.1371031953594546	0.049908002507683
ENSMUSG00000112277	-0.3354695828903434	-0.6458503624806856
ENSMUSG00000099969	-0.0379111281898748	-0.3931931487944862
ENSMUSG00000120815	-0.234733595874641	-0.3487167900096735
ENSMUSG00000110183	-0.1426182863163741	-0.1259221654326192
ENSMUSG00000030830	-0.2440728797506322	-0.210353302648111
ENSMUSG00000050721	-0.094876312399721	0.2943987619820248
ENSMUSG00000120235	-0.2163029025434768	-0.1833972257333016
ENSMUSG00000112771	-0.3456112738138249	-0.3855800954633692
ENSMUSG00000052812	-0.1120603612882583	0.4927824523018075
ENSMUSG00000029173	-0.1166992073507631	0.4494197693319312
ENSMUSG00000078942	-0.132267184476168	-0.1005536770654284
ENSMUSG00000070280	-0.3629756351078604	-0.2042543915372197
ENSMUSG00000032085	0.0755389323446974	-0.0614310442302824
ENSMUSG00000091617	-0.0770116580935196	0.439505113989921
ENSMUSG00000033732	-0.0220652417866614	0.4153213122669361
ENSMUSG00000074849	-0.3302720827015288	-0.4821993623053155
ENSMUSG00000026812	-0.0159260295960207	0.4577020888393022
ENSMUSG00000038954	-0.2578683648036314	0.5400555450972159
ENSMUSG00000114209	-0.4058915468060418	-0.4469548290703121
ENSMUSG00000087541	-0.1897930294905495	0.2433162058604908
ENSMUSG00000107376	-0.9755282890585372	-1.010989237407682
ENSMUSG00000090257	-0.5598188134898117	-0.2817712633650447
ENSMUSG00000028532	-0.2624723003222822	0.0845126482380676
ENSMUSG00000097133	0.1488733875587788	0.1229435719308718
ENSMUSG00000104388	-0.3366577747184635	-0.3563659447451189
ENSMUSG00000109449	-0.6161088723925253	-0.6372702513780955
ENSMUSG00000048410	-0.1450188060879237	0.4333258748939679
ENSMUSG00000032269	-0.2668260156282713	-0.1486573696291102
ENSMUSG00000118664	-0.1896657103628915	0.487110364701775
ENSMUSG00000114891	-0.0279959269193573	-0.0688720946766633
ENSMUSG00000046020	-0.0591071568272359	0.4213933087852456
ENSMUSG00000117817	-0.411325230822469	-0.5658288491048405
ENSMUSG00000022371	-0.2055733026407344	-0.1719544781523169
ENSMUSG00000099974	-2.0	-2.0
ENSMUSG00000121613	-0.4873579148762971	-0.3118506283031654
ENSMUSG00000091490	-0.0366111514944207	0.2288677693479871
ENSMUSG00000024603	-0.0527367942252498	0.4647270478229885
ENSMUSG00000031937	-0.0893838115706123	0.2580262551542231
ENSMUSG00000066804	-2.0	-2.0
ENSMUSG00000108350	-0.1737419248117478	-0.141800986004803
ENSMUSG00000027777	-0.2620175962278997	-0.2809847689400656
ENSMUSG00000038690	-0.0455268931668419	0.2484999889388854
ENSMUSG00000001661	-0.0392608324616177	-0.1560143085716118
ENSMUSG00000002500	-0.2566567728805607	-0.3128526185855703
ENSMUSG00000082848	-0.0698997156224133	0.4665031343976532
ENSMUSG00000034660	-0.1536159964961531	-0.3061904199068043
ENSMUSG00000028893	-0.0360226350375456	0.3710013269567798
ENSMUSG00000027168	-0.1289098432016557	-0.1579094778803928
ENSMUSG00000032534	-0.0697993329094822	0.49373485163956
ENSMUSG00000036948	-0.1707585126808848	0.3188072619240013
ENSMUSG00000033083	-0.3147037087658774	0.2637314845553826
ENSMUSG00000072553	-0.4148425929019226	-0.1741150319530829
ENSMUSG00000109014	-0.3578159326066649	-0.458168489264518
ENSMUSG00000049928	-0.3595036561521694	-0.2421876429339468
ENSMUSG00000121566	-2.0	-2.0
ENSMUSG00000044296	-0.3382501450501552	0.4373953739498685
ENSMUSG00000024772	-0.0388051777098594	0.2787508580316498
ENSMUSG00000033068	-0.0471779271725953	0.3889884304536979
ENSMUSG00000073900	-0.4682993938957305	-0.6025456650489854
ENSMUSG00000078619	-0.0928300407378331	0.4101351837894937
ENSMUSG00000110862	-0.3680307280191593	0.2538819867115912
ENSMUSG00000120731	-0.3232025378392276	-0.2895818991015919
ENSMUSG00000098097	-0.3398990977518066	-0.3677934359198102
ENSMUSG00000091817	-0.6137026224044009	-0.3886757253599577
ENSMUSG00000009733	-0.0163470156344494	0.3981345290306227
ENSMUSG00000022838	-0.1662189366923706	0.4238112358042286
ENSMUSG00000066513	-0.3418756060296865	-0.3269280132545012
ENSMUSG00000114995	-0.0398302409896988	0.0153787868160372
ENSMUSG00000014837	-0.1191882363314032	0.3672731548781076
ENSMUSG00000086367	-2.0	-2.0
ENSMUSG00000022596	0.1822633934586249	-0.0447007394111592
ENSMUSG00000075419	-0.4186272821585802	0.3497420808880336
ENSMUSG00000090352	-2.0	-2.0
ENSMUSG00000106515	-0.4486019740831809	-0.2386568237884648
ENSMUSG00000106397	-0.6888148225144383	-0.6276930814081141
ENSMUSG00000105041	-0.7827566952641888	-0.7319300940572195
ENSMUSG00000053565	-0.068103174737323	0.4071521893842599
ENSMUSG00000025218	-0.0168978883401903	0.3356913339138504
ENSMUSG00000028931	-0.0923772408708373	0.4511451093139972
ENSMUSG00000031490	-0.0618417702485515	0.3449853388483555
ENSMUSG00000031521	-0.2897930761772823	0.4401651092761034
ENSMUSG00000114496	-0.5663525215855223	-0.4942646887679582
ENSMUSG00000033949	-0.2992938605020762	-0.0971298216321724
ENSMUSG00000024764	-0.0579877777706725	0.3203361705060849
ENSMUSG00000097222	-0.3360945050941609	-0.012553082361867
ENSMUSG00000052456	-0.1063748153558566	0.043024615476203
ENSMUSG00000080115	-0.2504108440034245	0.3552821371560091
ENSMUSG00000001864	-0.2635920229381808	0.1201137301277696
ENSMUSG00000026601	-0.3398573036315204	0.4185594705949657
ENSMUSG00000095510	-0.6532215471945151	-0.4310906241195094
ENSMUSG00000104626	-0.4666331756563575	-0.4652859426727381
ENSMUSG00000111268	-0.1997543044961608	-0.2211479297878923
ENSMUSG00000023267	-0.29752034969386	-0.357018591221939
ENSMUSG00000121382	-0.1649444062269433	0.2814092898811833
ENSMUSG00000109196	-0.6293030911929377	-0.9101357777220036
ENSMUSG00000078784	-2.0	-2.0
ENSMUSG00000087301	-0.489442658149844	-0.370902675041083
ENSMUSG00000115344	-0.6814392652107443	-0.0530823460711684
ENSMUSG00000092367	0.0391065535972688	0.0180089875677618
ENSMUSG00000023019	-0.2818040025728097	-0.0709003213992193
ENSMUSG00000093590	-2.0	-0.4974510761300754
ENSMUSG00000020840	-0.60599019335975	-2.0
ENSMUSG00000020220	-0.0130839427673716	0.3362759703979491
ENSMUSG00000114148	-0.3356199961732878	-0.2435473990208679
ENSMUSG00000027822	-0.21977675917397	0.4377962088926029
ENSMUSG00000072235	0.1188048601225313	0.2338283451708198
ENSMUSG00000075176	-0.667117171149487	-0.4841804200070865
ENSMUSG00000079492	-0.1418371065758658	-0.1134453198040285
ENSMUSG00000049737	-2.0	-0.9332229409987626
ENSMUSG00000121295	-0.2103799493054417	-0.1519028030003364
ENSMUSG00000042250	-0.3841729562768845	-0.3163480740053186
ENSMUSG00000109559	-0.3549125218789798	-0.4868848842058285
ENSMUSG00000073007	-0.8091892171420029	-0.5976839256841627
ENSMUSG00000118000	-0.0877241516930912	-0.0033237474163565
ENSMUSG00000073422	-0.0848007358868375	0.1907282660793401
ENSMUSG00000036986	-0.0054963211706755	0.1917560871959305
ENSMUSG00000116345	-0.120691557553702	-0.1202060242474412
ENSMUSG00000087556	-0.0745089665277612	0.0186174589476456
ENSMUSG00000111903	-0.4046788539756412	-0.3513904341200533
ENSMUSG00000040907	-0.0971606732465497	0.0488762690980839
ENSMUSG00000007946	0.1377432825866138	-0.1516554272498977
ENSMUSG00000050963	-0.0661893894413319	0.1875335802748923
ENSMUSG00000103103	-0.3240684911669437	0.1984101835905848
ENSMUSG00000056782	-0.6548361147555486	-0.5640744820207364
ENSMUSG00000041608	-0.3016528729760222	-0.0636999387315113
ENSMUSG00000117023	-0.4353318056984545	-0.5945952710162264
ENSMUSG00000044309	-2.0	-2.0
ENSMUSG00000074665	-0.292878485916218	-0.2468417923394216
ENSMUSG00000074829	-0.3739788485521622	0.3952320089627675
ENSMUSG00000001323	-0.0460457647304334	0.4601942871692892
ENSMUSG00000112924	-0.2679061677618283	-0.2763164857598171
ENSMUSG00000090778	-0.0605630215310615	-0.0103712507145132
ENSMUSG00000038991	-0.0269625260174219	0.3739695830657986
ENSMUSG00000043702	-0.065882177670993	0.3916911097480166
ENSMUSG00000051198	-0.5053456981367443	-0.3401524181769273
ENSMUSG00000099706	-0.4308035903819158	-0.5436117971590749
ENSMUSG00000109485	-0.2419891055367771	0.4780484962328281
ENSMUSG00000070348	-0.0135175932579574	0.0580409109202309
ENSMUSG00000031295	-0.3135174588699837	0.452617520920785
ENSMUSG00000109686	-0.4397023988354153	-0.6155706312990898
ENSMUSG00000046845	-0.3421153785637248	-0.3768111014145398
ENSMUSG00000003039	0.1107769888671388	0.2585051068495437
ENSMUSG00000030109	-0.2207307235378632	-0.4023578977552336
ENSMUSG00000037451	-0.2534492434300093	-0.0869943691595613
ENSMUSG00000101960	-2.0	-2.0
ENSMUSG00000106490	-0.3100684770109102	-0.423681920307652
ENSMUSG00000020250	-0.0550883778444872	-0.1430515413841844
ENSMUSG00000023289	-0.6977166601277782	-0.6066385748639569
ENSMUSG00000023070	-0.7261445064406687	-0.8361924367383865
ENSMUSG00000050107	-0.0924499881223315	0.3608228058549511
ENSMUSG00000020614	-0.2514059424102622	0.2361035566358962
ENSMUSG00000014232	-0.0572413409973035	0.29119074431665
ENSMUSG00000097375	-0.0324079413846406	0.5098098408568702
ENSMUSG00000102912	-0.2353067596839606	-0.0622268218848331
ENSMUSG00000032481	-0.0111080927754736	0.4687164715154723
ENSMUSG00000118618	-2.0	-2.0
ENSMUSG00000102403	-0.5720519279125162	-0.4142345816334247
ENSMUSG00000068536	-0.3497645737929565	-0.5915351419569037
ENSMUSG00000046908	-0.2486854762799117	-0.6547880571109467
ENSMUSG00000121650	-0.3975827313129066	-0.5012121500997025
ENSMUSG00000075044	-0.524645569962879	-0.5767820529156863
ENSMUSG00000102136	-0.6022316584308648	-0.6112130695035368
ENSMUSG00000114273	-0.5387237195725154	-0.7061704707180313
ENSMUSG00000086957	-0.5432235855027847	-0.3498184308148513
ENSMUSG00000038060	-0.0856815999586033	0.3946663233543541
ENSMUSG00000062908	-0.0400924102914586	0.4600868036255853
ENSMUSG00000118445	-0.2381611334375525	-0.1575028427951602
ENSMUSG00000020528	-0.0313737112262467	0.369296398576063
ENSMUSG00000078320	-2.0	-2.0
ENSMUSG00000103718	-0.7350207627375468	-0.1453375578189575
ENSMUSG00000102001	-0.5140773686386507	-0.5504657555214563
ENSMUSG00000091296	-0.9832921694457848	-0.728778460331818
ENSMUSG00000118324	-0.3162656627266297	-0.350419435184616
ENSMUSG00000026679	-0.4204962706163436	0.4375330758287627
ENSMUSG00000105391	-0.3096169654217486	-0.6073765489491726
ENSMUSG00000038838	-0.1241438370233546	0.449470376621949
ENSMUSG00000110195	-0.2495915892411447	-0.0511476800909041
ENSMUSG00000001119	-0.3082646397455002	-0.3204084778812521
ENSMUSG00000026199	-0.0076799063776277	0.3745654273705477
ENSMUSG00000014498	-0.0413898709391003	0.3658644598126827
ENSMUSG00000085161	-0.3728757356836897	-0.3762860563553381
ENSMUSG00000075146	-0.659283693614824	-1.219426364121175
ENSMUSG00000101139	-2.0	-2.0
ENSMUSG00000022503	-0.1035828107234674	0.4941687918751952
ENSMUSG00000056293	-0.225412968881174	-0.1630885280138441
ENSMUSG00000074652	0.0138751699766515	-0.3064040624906136
ENSMUSG00000115002	-0.3441131485313856	-0.3188307890983553
ENSMUSG00000120042	-0.1656792654991911	-0.2760077435334581
ENSMUSG00000003808	-0.0705342751901987	0.398071319470173
ENSMUSG00000049502	-0.1957678553485967	0.4553921831786187
ENSMUSG00000112392	-0.3756978920055848	0.3631671925788491
ENSMUSG00000026621	-0.2991383391238911	-0.0403077493556989
ENSMUSG00000053916	-0.1495519070983025	0.4374448641016847
ENSMUSG00000027763	-0.3388380133820064	-0.4741309457518632
ENSMUSG00000117868	-0.5005312464593829	-0.275373394899611
ENSMUSG00000058626	-0.1179745897562569	0.0731841879388908
ENSMUSG00000094484	-2.0	-2.0
ENSMUSG00000020228	-0.0209478420142519	0.3629929983718262
ENSMUSG00000096199	-0.2825651781715839	0.4868757388942136
ENSMUSG00000097021	-0.1554799560993482	0.4415254684918268
ENSMUSG00000093510	-0.3184790946623753	-0.6447669272642285
ENSMUSG00000016626	-0.3521184643991269	-0.2648231457553245
ENSMUSG00000045968	-0.2951423137077518	0.5018203228451269
ENSMUSG00000000253	-0.1802609389908698	0.3616691456499128
ENSMUSG00000028318	-0.0092424172655743	0.3626453046531893
ENSMUSG00000107461	0.0123256366221555	-0.1149296510803437
ENSMUSG00000001558	-0.0628109121006036	0.383609655502055
ENSMUSG00000116874	-0.2952334967008021	-0.1259669724649308
ENSMUSG00000100431	-0.4445622920365937	-0.3869582066000125
ENSMUSG00000101155	-2.0	-2.0
ENSMUSG00000121796	-0.0232930098653447	0.1398463557286754
ENSMUSG00000062470	-0.0929874271969355	0.4410635753005611
ENSMUSG00000097927	-0.5385350895711716	0.071232214382189
ENSMUSG00000027243	-0.1067231656848989	0.4143498550823689
ENSMUSG00000051278	-0.02830129126402	0.4699992308527773
ENSMUSG00000026166	-0.6458943003754581	-0.4592434995850539
ENSMUSG00000037660	-0.1004974036900067	0.1349569890763544
ENSMUSG00000053134	-0.143038742700249	0.3842505191459086
ENSMUSG00000106634	-0.2139364714328351	-0.1729268202285826
ENSMUSG00000043085	-0.0741917964745446	0.3160097868362241
ENSMUSG00000061535	-0.3822221918013868	-0.6377464572613092
ENSMUSG00000070003	-0.1435277755658375	0.4034122416045257
ENSMUSG00000079357	-0.2269332959594876	-0.6294717371907479
ENSMUSG00000045036	-0.3350045285552691	-0.31169357213769
ENSMUSG00000115925	-0.0690246981202979	-0.1023397056918514
ENSMUSG00000038255	-0.1528357943615438	-0.4276145222044026
ENSMUSG00000061961	-0.538994934306872	-0.8583658238665004
ENSMUSG00000109545	-0.3867848171209176	-0.3620685955153591
ENSMUSG00000109532	-0.5028386056320251	-0.4895042662466999
ENSMUSG00000115304	-0.814115587147265	-0.9699300112104297
ENSMUSG00000039198	-0.4268256584191678	-0.1242981905597904
ENSMUSG00000079344	-0.5818556797986019	-0.5333179949683519
ENSMUSG00000031729	-0.0429890680765209	0.5023795908177886
ENSMUSG00000013275	-0.014412233660945	0.4512643546218773
ENSMUSG00000108544	-2.336152324829188	-2.0
ENSMUSG00000078817	-0.0855805703285489	-0.0828585681336726
ENSMUSG00000100837	-0.3123308743578015	-0.2975503515710258
ENSMUSG00000020085	-0.0505417803207009	0.3777695913149472
ENSMUSG00000067274	-0.0704579564796555	0.2237819152388583
ENSMUSG00000046591	-0.0133592902030835	0.3300609179835915
ENSMUSG00000104612	-0.106075200122619	-0.2273588522119076
ENSMUSG00000097907	-0.1921429557789482	-0.2458096599965645
ENSMUSG00000102494	-0.3455995316118941	-0.2605050285626272
ENSMUSG00000027160	-0.1278838357619204	0.3324578512362966
ENSMUSG00000091971	-0.1371679914494097	0.3765492197164659
ENSMUSG00000082735	-0.7116407611309141	-0.5030880560117381
ENSMUSG00000066800	-0.3477935114546447	0.0242767620448649
ENSMUSG00000085087	-0.1837195821143669	-0.0900592664324747
ENSMUSG00000043241	-0.0224276469566123	0.3225467533742445
ENSMUSG00000026072	-0.3464928450065527	-0.5371568837572938
ENSMUSG00000020719	-0.1154187218133303	0.4786816188710528
ENSMUSG00000100928	-2.0	-2.0
ENSMUSG00000049690	-0.427641028371625	-0.2780901759004068
ENSMUSG00000006763	-0.0298102235683462	0.4254425916516265
ENSMUSG00000117278	-2.0	-2.0
ENSMUSG00000120468	-0.0744310183271312	0.2069504817884248
ENSMUSG00000004264	-0.0508990661597344	0.2276095928795903
ENSMUSG00000037910	-0.6143738887117669	-0.6637262320321177
ENSMUSG00000107711	-0.3989082827960503	-0.4304364937546073
ENSMUSG00000032517	-0.1133543101096726	0.0893585452433541
ENSMUSG00000111856	-0.0666663115081772	0.376067548498373
ENSMUSG00000020300	-0.2288741011695235	-0.2438474370512614
ENSMUSG00000024067	0.0080148424361653	-0.1770001150256153
ENSMUSG00000015961	-0.0296066279203998	0.4955687572524871
ENSMUSG00000093954	-0.5295407014187609	0.1301045935717623
ENSMUSG00000107334	-0.2877472363404242	-0.4195131417414685
ENSMUSG00000039518	0.0563263211681462	0.0466483305061755
ENSMUSG00000101961	-2.0	-2.0
ENSMUSG00000030446	-0.0729662172388053	0.4475645268061946
ENSMUSG00000002055	-0.0543165857978128	0.412052438136213
ENSMUSG00000101764	-0.3211810875729156	0.0852714502950917
ENSMUSG00000110259	-0.5667167203755449	-0.4709288828086819
ENSMUSG00000112117	-0.5283826901639187	-0.431927174881695
ENSMUSG00000102202	-0.0620849052116248	0.1214230018144809
ENSMUSG00000004798	-0.2214412830704046	0.5121446608191774
ENSMUSG00000078605	-0.4524669673668652	-0.2650170055536425
ENSMUSG00000020642	-0.340345215533596	0.371921566342866
ENSMUSG00000052605	-0.0770047094938163	-0.3075911197258059
ENSMUSG00000089663	-0.137935201702754	0.3063173520654631
ENSMUSG00000024620	-0.1288921953325683	-0.0590913330312063
ENSMUSG00000108249	-0.4879259654734686	-0.6320964305178612
ENSMUSG00000112470	-0.2581924893667047	-0.2675932276225016
ENSMUSG00000078198	-0.5573659818799017	-0.572866240781336
ENSMUSG00000085010	-0.3974712237299095	0.4312386049752162
ENSMUSG00000099715	-0.3057504539738673	-0.490044126311486
ENSMUSG00000108198	-0.5209472514747548	-0.746402401979786
ENSMUSG00000041360	-0.0405826046577769	0.4806016053711773
ENSMUSG00000020805	-0.0413464005188084	0.3687278372062592
ENSMUSG00000018634	-0.2254874137336854	-0.0154072548832558
ENSMUSG00000024105	-0.292010548978558	-0.3110388043941943
ENSMUSG00000093833	-0.7088608801410649	-0.4948026318804152
ENSMUSG00000067700	-0.159015912149275	-0.07714370261568
ENSMUSG00000028182	-0.4658969468263956	0.4525126191083155
ENSMUSG00000095741	-0.7812187966823886	-0.6355750902869198
ENSMUSG00000068008	-0.3056673954187761	-0.4702502024882212
ENSMUSG00000024427	-0.0049206191739069	0.1923918045196611
ENSMUSG00000115266	-0.3766175463783001	-0.0794481238163187
ENSMUSG00000106423	-0.5097147280337916	-0.4645066566631202
ENSMUSG00000036822	-0.0763897322672829	0.437928682127487
ENSMUSG00000049321	-0.088123709312781	0.4879993202369484
ENSMUSG00000038408	-0.3453183910706064	-0.1166128530585851
ENSMUSG00000025402	-0.0628544770015431	0.2152863910176072
ENSMUSG00000048065	-0.0746001300548328	0.3824136732077703
ENSMUSG00000042408	-0.0794257010247862	0.5074570008542624
ENSMUSG00000070799	-0.5370661139566772	-0.5078569991257693
ENSMUSG00000034157	-0.0690745934656033	0.4625992243023966
ENSMUSG00000021102	-0.1106081977402441	0.3030612107383746
ENSMUSG00000028672	-0.1273908980805672	0.3637732593210968
ENSMUSG00000107520	-0.5360213545020647	-0.4465118998608517
ENSMUSG00000111200	-0.3303724356934406	-0.446376657177537
ENSMUSG00000028348	-0.0372382243260373	0.0679382061731592
ENSMUSG00000064262	-0.3629744129729048	-0.4646539703081582
ENSMUSG00000075571	-0.5597541953172113	-0.2940561045233121
ENSMUSG00000115676	-0.2454931145795757	-0.2351214917702856
ENSMUSG00000029196	-2.0	-2.0
ENSMUSG00000085709	-0.1000425577815842	0.007193592445971
ENSMUSG00000018381	-0.0285018642316607	0.4109134877063388
ENSMUSG00000099779	-0.2550455152781385	-0.4626358305521612
ENSMUSG00000114830	-0.3093831241428464	0.1712272399852404
ENSMUSG00000059474	-0.0304982623892366	0.5129049553959308
ENSMUSG00000085182	-0.2727415330766191	-0.310739457714944
ENSMUSG00000104165	-0.8228641591678659	-0.4225311793147102
ENSMUSG00000094076	-2.0	-2.0
ENSMUSG00000032625	-0.4889437883853614	-0.1241693853930408
ENSMUSG00000107782	-0.8070542230171802	-0.3724823717171945
ENSMUSG00000101489	-2.0	-2.0
ENSMUSG00000073408	0.0688245842184603	-0.1627271711575052
ENSMUSG00000000157	-0.370163452641616	-0.2297674836442614
ENSMUSG00000020372	-0.1166802306592778	0.320004545837025
ENSMUSG00000094474	-0.5776712091965187	-0.8517436233118495
ENSMUSG00000039062	-0.0626615798941561	0.3757959850299401
ENSMUSG00000064158	-0.1743859233869129	0.1503179340893079
ENSMUSG00000084094	-2.0	-2.0
ENSMUSG00000026882	-0.3758891799382499	-0.569422312087011
ENSMUSG00000054764	-0.3415642520787149	-0.0771807403783455
ENSMUSG00000115507	-0.4741000216072283	-0.6283999265258093
ENSMUSG00000002504	-0.0332476795610422	0.3207771132123129
ENSMUSG00000032292	-0.3814852090782809	-0.362333786658484
ENSMUSG00000095929	-0.4011175463105478	-0.6264695679193473
ENSMUSG00000101683	-0.3021480916768623	0.2667743432665407
ENSMUSG00000095105	-0.3254579487667282	-0.2778872143807438
ENSMUSG00000113831	-0.2716600182096032	-0.0858117565285588
ENSMUSG00000001017	-0.1024041350556484	0.3784273374844288
ENSMUSG00000024493	-0.0116071233998029	0.436986229742912
ENSMUSG00000109299	-0.0365288509965281	-0.2311558242400365
ENSMUSG00000117509	-0.4091865100418188	-0.3532795601897222
ENSMUSG00000120109	-0.0246511979237014	0.2602002254772862
ENSMUSG00000099684	-2.0	-2.0
ENSMUSG00000066072	-0.4267610518182382	-0.5198581878462778
ENSMUSG00000075296	-0.3180714928269285	-0.1821765101681707
ENSMUSG00000121610	-0.0520781428101086	0.334807074840641
ENSMUSG00000033805	-0.3628173872255265	0.1900927424596904
ENSMUSG00000022594	0.0808132943652996	0.2036268328211063
ENSMUSG00000097343	-0.1634147530436054	0.4003016965528997
ENSMUSG00000056128	-0.3827072904009327	-0.2842061704637426
ENSMUSG00000090263	-0.3516015385805863	-0.0816598930645352
ENSMUSG00000095056	-0.0882714163999661	-0.1080095291105815
ENSMUSG00000090626	-0.0351789321599419	0.4866132266578885
ENSMUSG00000031198	-0.3599469070645344	0.4674156712408137
ENSMUSG00000001467	-0.0575735383474588	0.469513336395589
ENSMUSG00000105247	-0.222791336679301	-0.25015334746601
ENSMUSG00000096822	-0.4331854422935717	-0.6595324061294199
ENSMUSG00000102459	-0.0470082242600491	-0.0886739283362056
ENSMUSG00000022211	-0.4221896046456198	0.2317116981783344
ENSMUSG00000087458	-0.3787967055326966	0.4640189310469881
ENSMUSG00000114178	-0.4513330169691535	-0.5411564876003274
ENSMUSG00000111485	-0.2519804498853045	-0.2428293768981069
ENSMUSG00000027531	-0.0506277558746617	0.3657267811929814
ENSMUSG00000031382	-0.3974649332991926	-0.3672516559634951
ENSMUSG00000115367	-0.3075821253484229	-0.1472805516623877
ENSMUSG00000115560	-0.4386461308139951	-0.5883422528529252
ENSMUSG00000117048	-0.0247428635468625	-0.1147325479356022
ENSMUSG00000106969	-0.0550043737844072	0.3839266172582645
ENSMUSG00000104886	-0.4355675945896637	-0.2625983735377887
ENSMUSG00000079671	-0.3135832568381832	-0.2968032309837127
ENSMUSG00000086259	-0.2267869974370817	0.0115169886791353
ENSMUSG00000095829	-0.5596278236580312	-0.3512679239118483
ENSMUSG00000091908	-0.0137835324894292	-0.234334275986114
ENSMUSG00000019775	-0.4162407469867435	0.2203957782315958
ENSMUSG00000108836	-0.4852912827475578	-0.2874102284128468
ENSMUSG00000018974	-0.0351446492655214	0.390930870063375
ENSMUSG00000071428	-0.4164858817342959	-0.56337419984545
ENSMUSG00000109089	-0.3209869709389036	-0.298521645996226
ENSMUSG00000092416	-0.0258592969748152	0.4256828724449883
ENSMUSG00000027115	-0.0923389916651167	0.418524348673903
ENSMUSG00000120953	-0.0022056403817567	-0.030742643391423
ENSMUSG00000113418	-0.4336860370720774	-0.5012914564154
ENSMUSG00000026482	-0.2600383099027069	0.4464514180673794
ENSMUSG00000048000	-0.0064843251288663	0.4374131402942758
ENSMUSG00000055963	-0.4139898126841044	0.3226249017592909
ENSMUSG00000085905	-0.3385814806938664	-0.3729517861667471
ENSMUSG00000003505	-0.3250621070200364	-0.2895038718175286
ENSMUSG00000120933	-0.0706305355796135	0.1405685635079544
ENSMUSG00000057454	-0.3618311409026726	-0.1249220600203832
ENSMUSG00000040536	-0.2908457532026633	0.2447055123212681
ENSMUSG00000038393	0.171424536001458	0.2054165856998035
ENSMUSG00000086297	-0.1232933912412691	-0.0848899670114513
ENSMUSG00000087337	-2.0	-2.0
ENSMUSG00000020359	-0.0131432060727679	0.2855010496020466
ENSMUSG00000108353	-0.2679375562775992	0.2039755557283843
ENSMUSG00000021025	-0.1085932405882347	0.3364245085357717
ENSMUSG00000105704	-0.2941976746208887	-0.3365339020442464
ENSMUSG00000060878	-0.4599374417502203	-0.4523071908340114
ENSMUSG00000043019	-0.0664454978805669	0.5317457983965864
ENSMUSG00000104291	-0.5727882517165137	-0.5582325560285225
ENSMUSG00000021413	-0.0424729714636515	0.4457638822084215
ENSMUSG00000115762	-0.3456486199764182	-0.2983168515189733
ENSMUSG00000052848	-0.298524064045785	-0.1171057576487572
ENSMUSG00000106064	-0.2982013734438986	-0.4801644225379108
ENSMUSG00000041075	-0.0946908020449173	0.3822454826515247
ENSMUSG00000108572	-0.2364102244403733	-0.3253508246516577
ENSMUSG00000040350	-0.1110172708088117	0.5344556165575327
ENSMUSG00000047613	-0.0728631715246748	0.3500129704038231
ENSMUSG00000097816	-0.0331283272830002	-0.4671845184168132
ENSMUSG00000090035	-0.1814736363284217	0.2858825705031753
ENSMUSG00000101585	-0.0382680338952859	-0.0576735149478188
ENSMUSG00000087612	0.2907101152209453	-0.1125708596867715
ENSMUSG00000008590	-0.2909964653924002	-0.3112633120448941
ENSMUSG00000050066	-0.3933385837625535	-0.4537738205343493
ENSMUSG00000079659	-0.0750051315094934	0.5128660256407926
ENSMUSG00000050605	-0.1371018852441126	0.3610214388925976
ENSMUSG00000070841	-2.0	-2.0
ENSMUSG00000108967	-0.1044237652226494	-0.1462606720931906
ENSMUSG00000052117	-0.2131685387964413	-0.2234173844216557
ENSMUSG00000113930	-0.1956857941941567	-0.095013037895182
ENSMUSG00000101308	0.0167648289131091	-0.0227539239269822
ENSMUSG00000110989	-0.7611949216647174	0.0231339695831092
ENSMUSG00000101337	-0.4102889353822281	-0.3996734756704309
ENSMUSG00000047044	-0.2215536743985291	0.3306264038201065
ENSMUSG00000121697	-0.2901405791142699	-0.2563828508158144
ENSMUSG00000031488	-0.0324869372193261	0.4330651135497754
ENSMUSG00000061360	-0.0004988564636535	0.291603696739601
ENSMUSG00000093540	-0.4781218919156964	-0.3915972336936638
ENSMUSG00000097247	-0.5104051308482688	-0.2271741588212305
ENSMUSG00000018666	-0.0346278142173978	0.2676953829989704
ENSMUSG00000106060	-0.1074458451716451	-0.2879012590460496
ENSMUSG00000104417	-0.4065103497705156	-0.3273700600677272
ENSMUSG00000121870	-0.1803211909051517	0.3804526785114806
ENSMUSG00000041193	-0.066821079573755	0.1607511657392763
ENSMUSG00000006463	-0.114239503120776	0.4176111764862589
ENSMUSG00000022214	-0.2461523089216469	0.3824295164983849
ENSMUSG00000044860	-0.2034808936886704	0.2083383605349408
ENSMUSG00000068039	-2.0	-2.0
ENSMUSG00000034163	-0.0239907111731392	0.5106168505120532
ENSMUSG00000056043	-0.1161735075424272	0.4562618506987675
ENSMUSG00000076435	-0.050807276167964	0.4603643398327582
ENSMUSG00000101928	-2.0	-2.0
ENSMUSG00000120279	-0.4021745452692606	-0.3322796414088627
ENSMUSG00000022055	-0.6932593925783467	-0.1871696349395964
ENSMUSG00000074653	-0.0462535450300067	0.1494599099190811
ENSMUSG00000092576	-2.0	-2.0
ENSMUSG00000087228	-0.2998983102573812	0.3692099182996954
ENSMUSG00000041650	-0.1702555936230866	0.4853096450518585
ENSMUSG00000024054	-0.0562015843090849	0.5136538069193198
ENSMUSG00000039236	-0.3522406088832241	-0.1088310963468355
ENSMUSG00000109903	-0.5426514173551467	-0.3740176881191412
ENSMUSG00000090396	-2.0	-2.0
ENSMUSG00000027323	-0.0703485590710935	0.3567694517551938
ENSMUSG00000051469	-0.1116326708023043	0.4725587052685072
ENSMUSG00000097031	-0.4870179953091003	-0.3027659480485405
ENSMUSG00000039230	-0.1003518274287561	0.4514330246661953
ENSMUSG00000026922	-0.1131955680911237	0.4307730438011447
ENSMUSG00000094734	-0.6167251464288425	-0.6732291201972626
ENSMUSG00000042104	-0.3129516146599131	-0.1229997485012477
ENSMUSG00000114553	-0.3924928645741731	-0.3952651913919634
ENSMUSG00000102844	0.0436907240968909	0.0253465887058813
ENSMUSG00000105324	-0.4735397574238517	-0.3990338528012421
ENSMUSG00000027867	-0.4030204538847187	-0.199151141583828
ENSMUSG00000121454	-0.2883192829221942	-0.4725459144365089
ENSMUSG00000001155	-0.3186650375128732	-0.3082239800674029
ENSMUSG00000040405	-0.313228816578703	-0.2907412358231151
ENSMUSG00000074359	-0.3781982860217743	-0.4138220025493451
ENSMUSG00000009566	-0.079702781938922	0.4503904620273592
ENSMUSG00000028114	-0.0926150846945657	0.5113008823064733
ENSMUSG00000020737	-0.0894621425115261	0.4761899982072558
ENSMUSG00000042594	-0.0392758548760021	0.3388722609836542
ENSMUSG00000086306	-0.3099722461309592	-0.2440945162177634
ENSMUSG00000056305	-0.0388340517466311	0.2753325503600268
ENSMUSG00000093827	-0.1472788934775568	-0.0946025584803388
ENSMUSG00000042506	-0.0225049394484094	0.3872310306399362
ENSMUSG00000109079	-0.2128750465840382	-0.3968050030740019
ENSMUSG00000034361	-0.2738293376963426	0.1478962904566511
ENSMUSG00000087175	-1.1212554846331966	-1.0299137786633386
ENSMUSG00000071658	0.3193496957749182	-0.07511663769153
ENSMUSG00000118387	-0.4294165512049214	-0.4131530963342453
ENSMUSG00000120786	-0.111441773211774	-0.1206422458890002
ENSMUSG00000061376	-0.2089083746538796	-0.618600815706414
ENSMUSG00000054874	-0.0570648870664837	0.3534280241715767
ENSMUSG00000120566	-0.164677434977873	0.1727784231013644
ENSMUSG00000032446	-0.074159546133196	0.1798505243634536
ENSMUSG00000089783	-0.2249107267360455	-0.0871736475571668
ENSMUSG00000110474	-0.1516434808927214	0.0220605705653124
ENSMUSG00000092622	0.1392628954262562	0.0779077665194338
ENSMUSG00000047150	-0.2626110941797144	0.0862498192055697
ENSMUSG00000105139	-0.3999116140997157	-0.1314082207997049
ENSMUSG00000034075	-0.0448363162451029	0.5328076118276884
ENSMUSG00000025231	-0.018197243282153	0.3464406070176917
ENSMUSG00000049620	-0.1366641707311297	0.0763002283809001
ENSMUSG00000069670	-0.5182020547378217	0.3794143044121711
ENSMUSG00000109134	-0.3640428086559023	-0.6742484121687065
ENSMUSG00000003348	-0.054607250684213	-0.0247794616470344
ENSMUSG00000112569	-0.5342331165094691	-0.3667907844852174
ENSMUSG00000021798	-0.1407674055663249	-0.2519307998101866
ENSMUSG00000096717	-0.7583560631025731	-0.8473713265923943
ENSMUSG00000115338	-0.1498541347820486	0.51445291470357
ENSMUSG00000022721	0.0803421546204016	0.2340797316636153
ENSMUSG00000052056	-0.0055000157225247	0.1241003910651836
ENSMUSG00000117772	-0.2023733969263731	-0.2615673334067447
ENSMUSG00000030452	-0.067357218074105	0.4697183618076615
ENSMUSG00000048174	0.1250640124961509	-0.0611932750049169
ENSMUSG00000104823	-0.5078830107373572	0.5346504316052845
ENSMUSG00000112987	-0.1933437847544796	-0.1848856134106681
ENSMUSG00000046321	-0.3918356725107303	-0.3128441215070853
ENSMUSG00000063656	0.012469563229536	0.0022962873613114
ENSMUSG00000086076	-2.0	-2.0
ENSMUSG00000108919	-0.7825381132417294	-0.6778791565068742
ENSMUSG00000112241	-0.0326806501393455	0.3737488692352416
ENSMUSG00000050860	-0.0705691185786538	0.527779365237703
ENSMUSG00000082975	-2.0	-2.0
ENSMUSG00000023039	-0.1988370367996191	-0.0180967159251834
ENSMUSG00000112704	-0.5571397236670708	-0.3063518290418147
ENSMUSG00000031201	-0.2652116877656001	0.5191004991677388
ENSMUSG00000090012	-0.3594244396524528	-0.3344644106055081
ENSMUSG00000091808	-0.6452870441532677	-0.589836744678747
ENSMUSG00000070942	-0.3808567701336755	-0.1662204650157399
ENSMUSG00000086877	-0.2746775137095203	0.4812456463389019
ENSMUSG00000114490	-0.2855746724482578	-0.1909310122748356
ENSMUSG00000004821	-0.3868406938517512	-0.6147363286142641
ENSMUSG00000020164	-0.3122759622086498	-0.2244476268368128
ENSMUSG00000113024	-0.6924132617751958	-0.3252207677632872
ENSMUSG00000110411	-0.2416944547150841	-0.2219902078880018
ENSMUSG00000050973	-0.0626156264160214	0.2769124093617336
ENSMUSG00000018347	-0.158089437992023	0.3988014888005923
ENSMUSG00000008090	-0.1197032970507387	0.2723635609017253
ENSMUSG00000048521	-0.0346702409782727	-0.083282291083199
ENSMUSG00000052488	-0.0538432933420112	0.3114520804533622
ENSMUSG00000021408	-0.1133792315622107	0.4572410289091672
ENSMUSG00000062252	-0.0524857009238016	0.0367755248275417
ENSMUSG00000030246	-0.1084390163572907	0.4141631345797592
ENSMUSG00000041671	-0.0499356528127708	0.4375478553293144
ENSMUSG00000063651	-0.0862393254645339	-0.3944790457150444
ENSMUSG00000111818	-0.2776644283683656	-0.3293350879585101
ENSMUSG00000071766	-0.623646378816032	-1.1421853425324735
ENSMUSG00000031495	-0.3669082309491869	-0.3930323033192425
ENSMUSG00000109572	-0.217424189404233	0.292762748014234
ENSMUSG00000094841	-0.3176536237794626	-0.4446581345435796
ENSMUSG00000097254	-0.3381326289710689	0.135357281012843
ENSMUSG00000100945	-0.1891166626304549	-0.2910859330610498
ENSMUSG00000044814	0.0745908999050883	-0.141848665793116
ENSMUSG00000021258	-0.033441544553251	0.4159544127051315
ENSMUSG00000090097	-0.724113315806612	-0.95169495470393
ENSMUSG00000070336	-0.2331697169564275	0.5128310925475242
ENSMUSG00000098294	-0.0709205697633749	-0.380403346584644
ENSMUSG00000117529	-0.4514098822279152	-0.5957092513835759
ENSMUSG00000023055	-0.0681653617932739	0.4356924637126879
ENSMUSG00000095867	-2.0	-2.0
ENSMUSG00000069755	-0.0403832385833424	-0.257536780893165
ENSMUSG00000019158	-0.2415601864517946	0.3438511319747825
ENSMUSG00000099519	-0.0079323861323862	-0.050387242781123
ENSMUSG00000062115	-0.0161179017409507	0.1687714092395197
ENSMUSG00000097932	-0.2124533836027165	0.2297243227880201
ENSMUSG00000073978	-0.4214322539691259	-0.3796304677612627
ENSMUSG00000023963	-0.2028275017898237	0.3895271962959835
ENSMUSG00000071477	-0.0082934527827434	0.3417798442780288
ENSMUSG00000115669	-0.5099687788279826	-0.580998732871908
ENSMUSG00000039461	-0.3051230791570195	0.426889437098792
ENSMUSG00000039202	-0.0152255016892764	0.4612760702258099
ENSMUSG00000046790	-0.2098678866279411	-0.3391945687815438
ENSMUSG00000104287	-0.5680309939084788	-0.5996965065837295
ENSMUSG00000109861	-0.4890825141783899	-0.4375560511438031
ENSMUSG00000066154	-0.517170705257786	-0.3859070573480205
ENSMUSG00000100887	-2.0	-2.0
ENSMUSG00000004709	-0.1068831140983052	0.0342507008013273
ENSMUSG00000046643	-0.5515320665375737	-0.5259309837978128
ENSMUSG00000072677	-0.483540518589555	-0.5622161531115766
ENSMUSG00000073184	-2.0	-2.0
ENSMUSG00000078653	-0.0685896296891189	0.2386662243264077
ENSMUSG00000111772	-2.0	-1.0246288590841397
ENSMUSG00000110599	-0.3068799046920887	-0.257797593075713
ENSMUSG00000024180	-0.1613775568186775	0.2820286021654387
ENSMUSG00000117704	0.1531519758033354	-0.0039325685478494
ENSMUSG00000118038	-0.2304571122494428	0.4170556341701124
ENSMUSG00000033196	-0.3731162319272786	-0.4591167087038818
ENSMUSG00000066842	-0.4302280330169527	0.4051406919184243
ENSMUSG00000032561	-0.3361935755338571	0.0141985206694212
ENSMUSG00000022836	-0.3164602000466539	-0.64205181960171
ENSMUSG00000031971	-0.0454021900317553	0.4269222639956114
ENSMUSG00000120637	-0.313827583252053	0.0964910816494862
ENSMUSG00000087658	0.2282216759930451	-0.366200394912398
ENSMUSG00000063535	-0.0096604347107598	-0.015205981241204
ENSMUSG00000028262	-0.3787190014635696	-0.3829749027011958
ENSMUSG00000103659	-0.3643283006484645	-0.3124515985229257
ENSMUSG00000053647	0.0315613897806891	-0.0783174773943421
ENSMUSG00000036825	-0.0420687648749043	0.455652657937436
ENSMUSG00000031154	-0.0584010216273922	0.4241142496979218
ENSMUSG00000113657	-0.4800030447473762	-0.4833702417614031
ENSMUSG00000085827	-0.0946681183884304	-0.1561764351032589
ENSMUSG00000022403	-0.0427691368894243	0.4353384558613556
ENSMUSG00000081391	-0.3870228722844668	-0.3486163528390878
ENSMUSG00000053030	-0.3647813341264118	-0.0024249089040074
ENSMUSG00000027523	-0.0629402142462241	0.1300606239832123
ENSMUSG00000021123	-0.2548945901740934	-0.0901015907458501
ENSMUSG00000005514	-0.016148551456655	0.4672338740514892
ENSMUSG00000085183	-0.4366864944218206	-0.7384150874238875
ENSMUSG00000073628	-2.0	-2.0
ENSMUSG00000085132	-0.1964333685463992	0.0252276852216126
ENSMUSG00000087214	-0.4482278165027613	-0.3395470131107496
ENSMUSG00000098552	-0.0585871643980973	-0.013925845930885
ENSMUSG00000078995	-0.1382009114686583	0.248394548441092
ENSMUSG00000070570	-0.1060664399589908	-0.0539839187995906
ENSMUSG00000073116	-0.1504610641702604	-0.3107385694892645
ENSMUSG00000023232	-0.1102231311586661	-0.4071291485284853
ENSMUSG00000050742	-0.4633504156508817	-0.8795332737991637
ENSMUSG00000041025	-0.1078283447141177	-0.206336710424818
ENSMUSG00000025431	-0.5086873421818985	-0.8839977018487505
ENSMUSG00000029027	-0.1571437320735413	0.4229402853495506
ENSMUSG00000043557	-0.0215595321925902	0.2928233855867448
ENSMUSG00000000244	0.0535048419458009	-0.2174367997639053
ENSMUSG00000042096	-0.2752658228894262	-0.2920707852713717
ENSMUSG00000078190	-0.5149063412671043	-0.5321534604437685
ENSMUSG00000090346	-0.6156920072313349	-0.6769136854753878
ENSMUSG00000114249	-0.4243413625360405	-0.4144684355062903
ENSMUSG00000022759	-0.0795630718371574	0.1329094279323462
ENSMUSG00000109648	-0.6987782622263529	-0.4814621351033107
ENSMUSG00000020150	0.0095140381359237	0.1347189041939416
ENSMUSG00000032065	-0.4702625140146744	-0.1883969803580146
ENSMUSG00000097278	-0.0799043399841618	-0.2926896267272824
ENSMUSG00000020937	-0.0468243655538967	-0.2781018754375716
ENSMUSG00000031748	-0.28106191088765	0.1075713015902001
ENSMUSG00000116339	-0.1862167880336128	0.4368718924921599
ENSMUSG00000095139	-0.5397039742090058	-0.1682320634044991
ENSMUSG00000085319	-0.268602559900384	0.0597522400448972
ENSMUSG00000112366	-0.3782885567580114	-2.0
ENSMUSG00000104096	-0.6518065487495008	-0.53455766023125
ENSMUSG00000022704	-0.0384789585086023	0.4221918004253258
ENSMUSG00000096957	-0.1874808943842909	0.0429319364801557
ENSMUSG00000005481	-0.0096558164784409	0.449706980025247
ENSMUSG00000024294	-0.0672901772315662	0.5002038054279145
ENSMUSG00000103160	-0.3757678354262885	-0.555143301637829
ENSMUSG00000085396	-0.0113760375806495	0.3369849724707304
ENSMUSG00000037499	-0.084215644082757	0.4092573290367949
ENSMUSG00000035021	-0.1398987933947629	0.243935787139222
ENSMUSG00000102054	-2.0	-2.0
ENSMUSG00000031505	-0.0640424501398873	0.4524442844986917
ENSMUSG00000001127	-0.0671937417657731	0.3825436431270116
ENSMUSG00000027857	-0.3484376549880567	-0.4568892021935505
ENSMUSG00000107842	-0.2182813804192939	-0.4477571627912336
ENSMUSG00000106647	-0.2699102574586801	-0.3084114489796257
ENSMUSG00000037656	-0.0155346174143911	0.4588317654185899
ENSMUSG00000005882	-0.0246557026025804	0.5407360443855934
ENSMUSG00000057156	-0.2164425656194747	0.4249364914169728
ENSMUSG00000089892	-0.7790801218600772	-0.7806050540524737
ENSMUSG00000075150	-0.8218961426112128	-0.7384906646728969
ENSMUSG00000011884	-0.0709179108334291	0.4484481393403433
ENSMUSG00000038384	-0.0271581356771049	0.0676324333959698
ENSMUSG00000096724	-0.8743430351039219	-1.0776202472158858
ENSMUSG00000026874	-0.5421156821188504	-0.4595849263181283
ENSMUSG00000058952	-0.2136458693106005	-0.1625135824503458
ENSMUSG00000055110	-0.2284586699522901	-0.4289007724345013
ENSMUSG00000102325	-0.4835611467139772	-0.7095868043644119
ENSMUSG00000116368	-0.076190419502801	-0.2149620092440867
ENSMUSG00000116564	-0.066078432405999	0.4859399380052293
ENSMUSG00000029772	-0.0404731374438443	0.4840696734867211
ENSMUSG00000078504	-0.3622257707197397	-0.3639135049752672
ENSMUSG00000048732	-0.0765714195244759	0.3734221832291424
ENSMUSG00000028847	-0.0566555839996796	0.2428998466034234
ENSMUSG00000078815	-0.1119371576255501	0.0312723774611893
ENSMUSG00000084768	-0.2173651548627036	-0.3787030052926665
ENSMUSG00000021987	-0.4443779441478498	0.3954392774859394
ENSMUSG00000094811	-0.1515565410163585	-0.2080820899151726
ENSMUSG00000110710	-0.0832757675177219	-0.1707377927484129
ENSMUSG00000034684	-0.0798724978208725	0.2687814997231237
ENSMUSG00000024583	-0.0668013253430835	0.5082937218598177
ENSMUSG00000109499	-0.1329027335801393	-0.666610406865248
ENSMUSG00000117132	-0.4625241961514362	-0.4128932253896194
ENSMUSG00000046756	-0.0570856892483917	0.2247992033008091
ENSMUSG00000096270	-0.3841487431721681	-0.3728234715097283
ENSMUSG00000028174	-0.4803583598450776	-0.35078880623219
ENSMUSG00000033624	-0.0179987467846286	0.4486126505674063
ENSMUSG00000032349	-0.0125969829998441	0.4336002420131233
ENSMUSG00000028582	-0.0808529492281708	0.2941715996333714
ENSMUSG00000032551	-0.1010723045466032	0.4171045052090619
ENSMUSG00000045100	-0.0937917087764689	0.4719731359017363
ENSMUSG00000103091	-0.3081134657393335	-0.2884409378430833
ENSMUSG00000075189	-0.474001363721541	-0.6601159108717304
ENSMUSG00000089787	-0.5190903182674558	-0.4633514001828487
ENSMUSG00000121488	-0.5985081291098138	-0.4234161116483206
ENSMUSG00000029600	-0.0517323124152502	0.4269511886106264
ENSMUSG00000121179	-2.0	-2.0
ENSMUSG00000055493	-0.37106328483202	-0.8959164373621642
ENSMUSG00000052560	-0.2751674432081817	0.4397128114730055
ENSMUSG00000052551	-0.4346419828346916	-0.2216524928612221
ENSMUSG00000058976	-0.4347187858112369	-0.256309499765851
ENSMUSG00000053626	-0.4539573096160404	0.2127802915241989
ENSMUSG00000020695	-0.2350256791053986	0.0605838514176801
ENSMUSG00000114780	-0.1686168569061973	0.0433543388096175
ENSMUSG00000042357	-0.1094751430156175	0.1838390370564211
ENSMUSG00000060663	-2.0	-2.0
ENSMUSG00000112707	-0.5041200117950135	-0.6673910877046145
ENSMUSG00000099657	-0.2688660398015606	-0.6257660018579786
ENSMUSG00000111865	-0.3931662368504677	-0.4605703336520459
ENSMUSG00000049550	-0.180939980088767	0.4572143560675243
ENSMUSG00000045551	-0.4094767052077686	-0.5168647756504593
ENSMUSG00000025532	-0.0342134540735671	0.3800161272840881
ENSMUSG00000098096	-0.9142178802764174	-0.421948986845145
ENSMUSG00000056124	-0.0100384969684593	0.3266061865512563
ENSMUSG00000087586	-0.6872928397459512	-0.4275327120541501
ENSMUSG00000038550	-0.1632891166420987	0.3988014888005923
ENSMUSG00000021209	-0.4127965694279783	0.3464507775096947
ENSMUSG00000095494	-2.0	-2.0
ENSMUSG00000071037	-0.1868079825334236	0.5111590222193052
ENSMUSG00000051236	-0.2367556469937551	-0.1452756577560359
ENSMUSG00000025173	-0.0411270129556384	0.4666499739154531
ENSMUSG00000078308	-0.5137991273635457	-0.552612163603619
ENSMUSG00000054723	-0.1712270985061924	0.2837655849831924
ENSMUSG00000025466	-0.2023763036815325	0.2129851209399411
ENSMUSG00000036499	-0.2421870361114992	0.4634052905878189
ENSMUSG00000109119	-0.4648682326103883	-0.5464067957270511
ENSMUSG00000121428	-0.8122050833935842	-0.8060374653930932
ENSMUSG00000103793	-0.0200896819981581	-0.0184796594482052
ENSMUSG00000105434	0.0984050924463158	-0.1063087957271073
ENSMUSG00000108495	-0.5674857547204656	-0.5455340709978607
ENSMUSG00000118473	-0.32024866538229	-0.353764141916299
ENSMUSG00000031985	-0.0696111778376689	0.4118539597976479
ENSMUSG00000113775	-0.1917814624477289	0.0534258169736125
ENSMUSG00000031645	-0.2926843439416729	-0.4739692329465333
ENSMUSG00000022790	-0.3423550924886304	-0.3584106878386476
ENSMUSG00000087334	-0.3459490461246394	-0.196225200804528
ENSMUSG00000116311	-0.0525463774899405	0.0532828596727398
ENSMUSG00000108219	-0.1279513523464264	-0.0382000247226471
ENSMUSG00000100899	-0.5579643790524196	-0.7285820255197427
ENSMUSG00000050931	-0.0613928243252135	-0.1818520091701402
ENSMUSG00000036480	0.1473077130341338	-0.0652417567766935
ENSMUSG00000041199	-0.1640708539858602	0.2966239522620205
ENSMUSG00000111780	-0.5030830766648984	-0.4667451895517694
ENSMUSG00000036185	-0.067973443813157	0.1537843864693698
ENSMUSG00000106518	-0.3866908588287543	-0.2270503409695826
ENSMUSG00000053768	-0.0344165887615214	0.3965874224584531
ENSMUSG00000024235	-0.3514622086597044	0.3027745224439712
ENSMUSG00000075111	-0.6298012260880194	-0.656434261389085
ENSMUSG00000075214	-0.5684625849396477	-0.6961643803451012
ENSMUSG00000029829	-0.2032363112809266	-0.1922927765167154
ENSMUSG00000022534	-0.3766183733530666	-0.2809010066442652
ENSMUSG00000109206	-0.0141555109997027	-0.3667618825663291
ENSMUSG00000062743	-0.374168558326735	-0.4169302862296268
ENSMUSG00000022844	-0.158744171833511	0.3596063268131416
ENSMUSG00000039069	-0.102974300512397	0.1304450623007338
ENSMUSG00000091882	0.0454246935099879	-0.2053329744585787
ENSMUSG00000034793	-0.149513913632598	0.1611980250524203
ENSMUSG00000032611	-0.1431322059206442	0.4284305968969211
ENSMUSG00000093804	-0.6245110532557058	-0.5028450475034824
ENSMUSG00000114800	-0.3324039869878443	-0.0794363386699242
ENSMUSG00000043659	-0.40803788820612	-0.5809351215212398
ENSMUSG00000119972	-0.564635087131481	-0.7806617660543197
ENSMUSG00000041958	-0.0989190302484178	0.4090463931426377
ENSMUSG00000024052	-0.1823997296376688	0.377998311622935
ENSMUSG00000049323	-2.0	-2.0
ENSMUSG00000067194	-0.0416712440955636	0.3528413736266933
ENSMUSG00000021470	-0.1144298260245829	0.5350392929644323
ENSMUSG00000089941	-0.2880829884442397	-0.1776685676800626
ENSMUSG00000035696	-0.0445773319645956	0.4816048494733152
ENSMUSG00000102694	-0.2585326081335213	-0.4961213778105529
ENSMUSG00000062200	-0.8154830032473772	-0.3727103769734873
ENSMUSG00000109328	-0.4534504273464343	-0.8419137949962783
ENSMUSG00000081321	-0.5519869405496893	-0.6801223114431486
ENSMUSG00000036686	-0.0806737504613458	0.3931338411630651
ENSMUSG00000062314	-0.6064247967304125	-0.6970236517625444
ENSMUSG00000021032	-0.2099821113628749	-0.0158646736339739
ENSMUSG00000090266	0.1038522771520235	0.1529796067124738
ENSMUSG00000113172	-0.39942108683397	-0.2643053265762978
ENSMUSG00000021816	-0.1261488017991976	0.4164700840387005
ENSMUSG00000028955	-0.1985758450048677	0.4777869519955321
ENSMUSG00000087190	-0.2048990757425411	0.3025603556860008
ENSMUSG00000050357	-0.0557750198769039	0.1504530951126974
ENSMUSG00000112476	-0.2103000706241568	-0.2399622184851909
ENSMUSG00000049482	-0.051517982975953	0.2284737616140589
ENSMUSG00000100335	-0.3099810418759052	-0.5456921684361414
ENSMUSG00000020092	-0.0032364925646932	0.3064125883207171
ENSMUSG00000022554	-0.1748140115347291	0.1637122453794297
ENSMUSG00000006576	-0.0350478429553987	0.3540653918972602
ENSMUSG00000092162	-0.4098356490570491	-0.3889959862907077
ENSMUSG00000029364	-0.0313348727726622	0.1927742375436826
ENSMUSG00000109699	-0.4304961726560678	-0.4659372979215632
ENSMUSG00000109153	-0.6049998435182045	-0.4997509522291322
ENSMUSG00000115490	-0.3106124598832634	-0.5285838285880591
ENSMUSG00000078577	-0.4168402575922398	-0.3145090605115266
ENSMUSG00000054079	-0.0707086223109493	0.5063975954974447
ENSMUSG00000033845	-0.0142681450909968	0.3676831029490073
ENSMUSG00000075132	-0.5506596404545225	-0.6164731588028346
ENSMUSG00000069895	-0.0355456646810852	0.2825351093380061
ENSMUSG00000042641	-0.3605543522704569	-0.3282689523532719
ENSMUSG00000026946	-0.3486857316811488	0.0783782174153603
ENSMUSG00000078495	-0.0149278427262468	0.3485731468901011
ENSMUSG00000114757	-0.3649312629615378	-0.3908347619279361
ENSMUSG00000096819	-2.0	-2.0
ENSMUSG00000079410	-0.1230154290336444	-2.0
ENSMUSG00000092429	-0.4608618994268809	-0.3644420876503979
ENSMUSG00000103615	-2.0	-2.0
ENSMUSG00000019867	-0.5260231010499549	-0.4167415855059512
ENSMUSG00000039347	-0.1294325919738796	0.1739749185652456
ENSMUSG00000085921	-2.0	-2.0
ENSMUSG00000097259	-0.1816946470056306	0.4574961567181672
ENSMUSG00000021534	-0.171589282125726	-0.1568216834769388
ENSMUSG00000021048	-0.0111614724488042	0.4485402980428079
ENSMUSG00000110281	-0.5646840498013066	-0.5692556595972436
ENSMUSG00000032436	-0.0329329153935622	0.3537466326331778
ENSMUSG00000061731	-0.0081825344404265	0.4615912584128605
ENSMUSG00000099190	-0.3557511234298864	-0.3056567025644915
ENSMUSG00000111199	-0.2049057585348093	-0.2662454937498685
ENSMUSG00000029847	-0.2621884913313262	-0.0166049471662562
ENSMUSG00000071491	-0.3750240002703538	-0.620769959940746
ENSMUSG00000035027	-2.0	-2.0
ENSMUSG00000000730	0.0196343087301799	-0.17809205196523
ENSMUSG00000049037	-0.3613771805929291	-0.3110732038268844
ENSMUSG00000022024	-0.0369488318044592	0.3273908155404372
ENSMUSG00000029422	-0.0635458765732414	0.4738558541811181
ENSMUSG00000070287	-0.2994364562827232	-0.0743973069711076
ENSMUSG00000091311	0.0381990935607869	0.0144006502143865
ENSMUSG00000107083	-0.044691111984195	-0.0717295376461547
ENSMUSG00000086641	-0.1100862336815408	-0.1141973585563712
ENSMUSG00000022159	-0.3706260838346674	0.4323444832291552
ENSMUSG00000087079	-0.6584819881070061	-0.5908947173324447
ENSMUSG00000083466	-0.2832583155802426	-0.5904333933211182
ENSMUSG00000020491	-0.0667957537994502	0.3124236407735996
ENSMUSG00000024171	-0.4062696289059864	-0.4001322048853221
ENSMUSG00000114722	-0.3908742840775809	-0.1046402378102998
ENSMUSG00000040652	-0.0251488336642137	0.2880962339387046
ENSMUSG00000040009	-0.1570005698800076	0.3661000583511652
ENSMUSG00000099486	-0.6048861399046654	-0.483807172942739
ENSMUSG00000001021	-0.1247250005146038	-0.1063197798096869
ENSMUSG00000036298	-0.3157382770710931	0.3824648017503841
ENSMUSG00000104676	0.0569389078315398	0.2168699707642218
ENSMUSG00000033751	0.149222808762902	0.20152165884324
ENSMUSG00000062519	-0.0511673212839887	0.3996013907196898
ENSMUSG00000036357	-0.7484961031536007	-0.5948534988373926
ENSMUSG00000055491	-0.0588606099611035	0.459929896134561
ENSMUSG00000099921	-2.0	-2.0
ENSMUSG00000039405	-0.3138689141209356	-0.4181925141757973
ENSMUSG00000112489	-0.1111055483947205	-0.2296418926240493
ENSMUSG00000115846	-0.3733576822116786	-0.3177177046383192
ENSMUSG00000110439	-0.2865477638727624	-0.3730502000880323
ENSMUSG00000006342	-0.1748632485985773	0.1692499227063056
ENSMUSG00000021336	-0.4221487347546797	-0.2127993296967994
ENSMUSG00000100948	-2.0	-2.0
ENSMUSG00000089870	-0.6338740336106101	-0.5439492636825872
ENSMUSG00000094764	-0.730334985943774	-0.4442119602368013
ENSMUSG00000046323	-0.1531100402918361	-0.1774899829677208
ENSMUSG00000039182	-0.1591944516640582	0.300156620450389
ENSMUSG00000000766	-0.4627353933319481	-0.5950633985523505
ENSMUSG00000100706	-0.4258309380188892	0.2120772849238308
ENSMUSG00000029228	-0.2697926973638586	-0.131857847009626
ENSMUSG00000096429	-0.345338013043921	-0.8845758922388766
ENSMUSG00000053110	-0.0150680137833268	0.4844490401468815
ENSMUSG00000057054	-0.1712902333415904	0.4388052190978523
ENSMUSG00000040576	-0.3127948738578524	-0.322395237005104
ENSMUSG00000044694	-0.3890935936369386	0.2144888526299642
ENSMUSG00000097428	-0.1103090079362555	-0.0852421072433157
ENSMUSG00000040935	-0.1794570210783929	-0.1832753440572491
ENSMUSG00000002771	-0.1167072755366786	-0.1902441228324884
ENSMUSG00000085962	-0.1140278047366294	0.0466233656862875
ENSMUSG00000011254	-0.1484778516419508	0.4451887007479811
ENSMUSG00000022286	-0.0799016254792135	0.0839218054685893
ENSMUSG00000111587	-0.3326636217894589	-0.3007516152814008
ENSMUSG00000040354	-0.0591286542285324	0.3820938031971754
ENSMUSG00000041153	-0.1010772374384277	0.522683877063546
ENSMUSG00000111496	0.1893115620718784	-0.1388128050607019
ENSMUSG00000036197	-0.0239672130468082	0.4478148701007263
ENSMUSG00000022971	-0.0681470705583263	0.4662410730921464
ENSMUSG00000044700	-0.0254927285227441	0.2361889809388004
ENSMUSG00000115447	-1.057804372274724	-0.5578041045622173
ENSMUSG00000033444	-0.0379105594988146	0.549652255678007
ENSMUSG00000093390	-0.2694820947707975	0.3038856273823765
ENSMUSG00000028766	-0.0131882408496342	0.294300854141354
ENSMUSG00000025105	-0.420873828277354	-0.2064882955357577
ENSMUSG00000113630	-0.3936427152510217	-0.3911513605456664
ENSMUSG00000003534	-0.0064373354641663	0.175235725393775
ENSMUSG00000064032	-0.1838703711438888	0.282011814286731
ENSMUSG00000090199	-0.2173198813796631	-0.0478164800791685
ENSMUSG00000022342	-0.4615612502104291	-0.2343248899020539
ENSMUSG00000030435	-0.0828951503833941	0.3244528464321471
ENSMUSG00000051177	-0.4315945574446913	-0.0041789320512612
ENSMUSG00000056900	-0.2073786154640064	0.4973512898789781
ENSMUSG00000060261	-0.0163393495002902	0.4057816319217098
ENSMUSG00000027880	-0.4163456259736101	-0.2575855042434273
ENSMUSG00000045179	-0.3822982211269364	-0.1295394411308461
ENSMUSG00000026098	-0.1292493828706716	0.5014038210564786
ENSMUSG00000026883	-0.0960581118733499	-0.1704552509479248
ENSMUSG00000115335	-0.2400488611374978	-0.3458820099724075
ENSMUSG00000018882	-0.037181352317426	0.3643336999610699
ENSMUSG00000079093	-0.3056106859120558	-0.2315223287955951
ENSMUSG00000095195	-0.0708426494146872	0.4069276366618714
ENSMUSG00000113867	-0.4405494440933103	-0.4817132687202587
ENSMUSG00000095681	-0.0564019186933916	0.3717691894974039
ENSMUSG00000112639	-0.5206009192932178	-0.0018666950280931
ENSMUSG00000005107	-0.2890588497637238	-0.1700818296623165
ENSMUSG00000038370	-0.2482146682786455	-0.0544644539880033
ENSMUSG00000053101	-0.4388356243572736	-0.3967737581322576
ENSMUSG00000104622	-0.3220399160474662	-0.3824662659215079
ENSMUSG00000035227	0.0219265599319328	-0.4697220589724619
ENSMUSG00000097548	-0.3791955835900726	0.024761508956542
ENSMUSG00000057842	-0.2357180352413214	0.2351020230435428
ENSMUSG00000058153	-0.2451376965860191	-0.1538659772983047
ENSMUSG00000032252	-0.0726395960739228	0.5723222323356126
ENSMUSG00000074415	-0.3812460945424717	-0.4714519640162777
ENSMUSG00000054203	-0.5173078865338722	-0.5946413438116908
ENSMUSG00000047496	-0.3644979569048202	0.1139276506071124
ENSMUSG00000006932	-0.0307243706425641	0.3949340401101172
ENSMUSG00000095804	-0.5968422649863346	-0.7130650819117182
ENSMUSG00000034686	-0.0483436298721647	0.3558601431930992
ENSMUSG00000112798	-0.1972725107234286	0.2478265138297973
ENSMUSG00000003444	-0.1608080149638512	0.3131502538104868
ENSMUSG00000072972	0.1390730688228589	-0.1393776685619039
ENSMUSG00000036779	-0.0248020841256783	0.5053627304960112
ENSMUSG00000102368	-0.4606245169559386	-0.4453889881244462
ENSMUSG00000029371	-0.8053607990600793	0.0153507843687671
ENSMUSG00000030386	-0.0538031791816642	0.4465446227089072
ENSMUSG00000052271	-0.0015872030918361	0.1124354059185819
ENSMUSG00000006800	-0.2652185663312974	0.2436649653824059
ENSMUSG00000041341	-0.0222309561708942	0.3650163696424104
ENSMUSG00000024757	-0.4485099902214425	-0.3445231203508256
ENSMUSG00000110928	-0.0485727168569729	-0.2916865394210063
ENSMUSG00000028136	-0.0280403049408461	0.4740640886133903
ENSMUSG00000030329	-0.0110779749202712	0.0138129109988657
ENSMUSG00000022833	-0.0287656339338895	0.4502558844924563
ENSMUSG00000028078	-0.0518248853520173	0.4026004297660312
ENSMUSG00000015363	-0.0661159543568138	0.2978208924314132
ENSMUSG00000045867	-0.037111810149268	0.4574331462088459
ENSMUSG00000100075	0.4948030458484325	-0.2058139034057234
ENSMUSG00000002477	-0.0701251511974876	0.4188969600942863
ENSMUSG00000101536	-2.0	-2.0
ENSMUSG00000103921	-0.1129327791892755	-0.2427121027340863
ENSMUSG00000091275	-0.0554419250813881	0.0166494872434115
ENSMUSG00000073843	-0.068538060997667	-0.0114826018301936
ENSMUSG00000046634	-0.3642445020485494	-0.0868557949008391
ENSMUSG00000097463	-0.0556098226827656	0.4069150446625865
ENSMUSG00000100277	-0.3034984046733141	-0.2533197278194378
ENSMUSG00000111334	0.001338082445004	-0.1061817777830553
ENSMUSG00000042364	-0.0271857832781958	0.3388786298017404
ENSMUSG00000118581	-0.062547507826322	-0.0891855928288393
ENSMUSG00000102029	-0.3457789716975492	-0.3920397734139216
ENSMUSG00000058188	-0.705918283597984	-0.6141342638216057
ENSMUSG00000039316	-0.3578105870697754	0.0730382663809362
ENSMUSG00000087272	-0.0989027780738129	0.2366188729686771
ENSMUSG00000101476	-0.3803259800972589	-0.4141495955637386
ENSMUSG00000036395	-0.4094836180423138	0.4307984919168275
ENSMUSG00000106815	-0.2054422487452384	-0.4267439735184045
ENSMUSG00000027495	-0.1351154202164544	0.4070998041330624
ENSMUSG00000067702	-0.1404165838237265	0.1147688626040522
ENSMUSG00000046210	-2.0	-2.0
ENSMUSG00000090523	-0.4119599039124548	-0.1145400570539614
ENSMUSG00000029699	-0.0067608119360153	-0.1056552438066216
ENSMUSG00000096885	-2.0	-2.0
ENSMUSG00000071856	-0.205633126553345	0.100596526251249
ENSMUSG00000021276	-0.0191408887145437	0.319609424109181
ENSMUSG00000107096	-0.1202259575631884	0.0008492571218219
ENSMUSG00000033705	-0.1423914524126208	0.4249861159680485
ENSMUSG00000085019	-0.4010486480976012	-0.2481077725551885
ENSMUSG00000049230	-0.364460763546385	-0.8771526416050638
ENSMUSG00000041857	-0.4486141749977395	-0.4486363815418859
ENSMUSG00000086833	-0.3359395409711134	-0.3254430821089618
ENSMUSG00000101645	-0.03409843981862	-2.0
ENSMUSG00000050334	-0.3909975735651403	-0.1787590556191781
ENSMUSG00000104600	-0.2312440263634961	0.2133556964057756
ENSMUSG00000071054	-0.0338731978576402	0.3688181288577781
ENSMUSG00000115986	-0.3505858849085074	-0.2633243639848867
ENSMUSG00000024940	-0.0039884921987194	-0.0088272837645727
ENSMUSG00000030093	-0.3157842831851941	-0.1435845912640343
ENSMUSG00000121695	-0.4566184350282483	-0.5428929580525425
ENSMUSG00000104633	0.0281633611610877	-0.0182227863719442
ENSMUSG00000109958	-0.4217409353815134	-0.1102266017291365
ENSMUSG00000044254	-0.1686451602397252	-0.0146541945139105
ENSMUSG00000103352	-2.0	-2.0
ENSMUSG00000042742	-0.1798013000342069	0.5064057150838245
ENSMUSG00000046317	-2.0	-2.0
ENSMUSG00000095797	-0.114718634159534	-0.0933502895438989
ENSMUSG00000037646	-0.0943966545661852	-2.0
ENSMUSG00000026573	-0.2439129252346205	-0.6837347701173506
ENSMUSG00000059169	-0.4077615793869852	-0.600443951928707
ENSMUSG00000099928	0.500262828179188	0.2321185081681059
ENSMUSG00000111990	-0.9452460332359728	-0.618970161333076
ENSMUSG00000103192	-0.4504119384700096	-0.3836064373871247
ENSMUSG00000093426	-0.6071918323623401	-0.8221980988400915
ENSMUSG00000073043	-0.2038711511008177	-0.1355829075892896
ENSMUSG00000035521	-0.0941995878872685	0.2321281785709164
ENSMUSG00000099915	-2.0	-2.0
ENSMUSG00000035523	-0.4832282808696702	-0.4743634001734308
ENSMUSG00000025184	-0.1026354338446518	0.4785887147431301
ENSMUSG00000057666	0.082201372197066	-0.0091909585445145
ENSMUSG00000050996	-0.4952274789930178	-0.4639213137270795
ENSMUSG00000046157	-0.2589346380513636	0.1863652024865383
ENSMUSG00000039740	-0.2348523149016925	0.4395183742442316
ENSMUSG00000091890	-0.1381668829483995	0.2830957950244811
ENSMUSG00000099973	-1.5539971759710034	-1.7329127911794204
ENSMUSG00000002006	-0.0329766762671549	0.2984797282577164
ENSMUSG00000079539	-0.3683440062001236	-0.2757944426313307
ENSMUSG00000022487	-0.0678319725830874	0.1275265721596887
ENSMUSG00000041991	-0.366619422194222	-2.0
ENSMUSG00000015790	0.2245470468186385	-0.2598981234192951
ENSMUSG00000083646	-0.5134162344551263	-0.6159854067508982
ENSMUSG00000073400	-0.2710864607493261	-0.2011658711047208
ENSMUSG00000100062	-0.6367111350472754	-0.874446000131091
ENSMUSG00000046806	-0.0914403532226737	0.4104681418617694
ENSMUSG00000085419	-0.0311273886368626	-0.0201358978336841
ENSMUSG00000104887	-0.1946025964477873	-0.2033014319381193
ENSMUSG00000063200	-0.0448108923646306	0.3199883321242597
ENSMUSG00000112778	-0.3779261347643146	-0.3353377390411868
ENSMUSG00000004748	-0.3944577192986722	0.1885330817858868
ENSMUSG00000040132	-0.3037343244968531	-0.309851074503671
ENSMUSG00000096228	-0.5582385864977675	-0.6958723975902238
ENSMUSG00000028745	-0.0092502253284231	0.3071805785102319
ENSMUSG00000022364	-0.0105241966376438	0.4429981044398865
ENSMUSG00000113250	-0.3184518104491517	-0.0852172695158431
ENSMUSG00000043051	-0.2758216527504252	-0.2713448329136397
ENSMUSG00000038425	-0.0987772532429848	0.5339646401484328
ENSMUSG00000096929	-0.2997145142385978	0.3214811944824954
ENSMUSG00000022615	0.1723249872164294	-0.4269166437805305
ENSMUSG00000070498	-0.2703639001169145	0.1954546183994544
ENSMUSG00000000838	-0.258597670446354	0.5654711881817425
ENSMUSG00000102686	-0.3448164085968304	-0.4094537375476361
ENSMUSG00000110440	-2.0	-2.0
ENSMUSG00000036570	0.0134859890584894	-0.2937628524706395
ENSMUSG00000104099	-0.5565214056025036	-0.4418768016634571
ENSMUSG00000086263	-0.5354374900685611	-0.5301367648068086
ENSMUSG00000019577	-0.178217724515046	0.4661888199960929
ENSMUSG00000073528	-0.3825645334285316	-0.4050131051244833
ENSMUSG00000047641	-0.1845581260861699	-0.0780331700143613
ENSMUSG00000109860	-0.5830414593105223	-0.3440594381011331
ENSMUSG00000092303	-0.2820009884764767	-0.2632950589770825
ENSMUSG00000066647	-0.1657454155208452	-0.3661093730469257
ENSMUSG00000106032	-0.2657316304139391	0.2759315954270305
ENSMUSG00000105272	0.079673963061913	-0.1765710284986365
ENSMUSG00000116743	-0.0308770089965147	0.4716442854499585
ENSMUSG00000103783	-0.113460433545252	-0.0179219804999337
ENSMUSG00000035299	-0.5466336455412742	-0.8255720852185515
ENSMUSG00000121594	-2.0	-2.0
ENSMUSG00000073155	-0.0754737533307898	0.3491632550952886
ENSMUSG00000108077	-0.5060194370325348	-0.7471706011058221
ENSMUSG00000032289	-0.3776582987149184	-0.3901442390900232
ENSMUSG00000091418	-0.1054402689864571	0.001740028200767
ENSMUSG00000117767	-0.3202678404310963	-0.2510953582342858
ENSMUSG00000038128	-0.4807008290153242	-0.0548142415120029
ENSMUSG00000080775	-0.5821247263931484	-0.8018231013031739
ENSMUSG00000097023	-0.0687188325878729	-0.2844137793188961
ENSMUSG00000029530	-0.2152600668017795	-0.0515068340875886
ENSMUSG00000026341	-0.04901618171081	0.5302035415000756
ENSMUSG00000112866	-0.5300352055799061	-0.6071995317130747
ENSMUSG00000048693	-0.5656474668282554	-0.5391866199540475
ENSMUSG00000102758	-0.5432778699444074	-0.4879415133481328
ENSMUSG00000031734	-0.1779423396505146	0.0416093045911681
ENSMUSG00000032298	0.0493924809437288	0.2346726501310902
ENSMUSG00000067931	-0.1265782490009147	0.3851044898722399
ENSMUSG00000103247	-0.2284223661780222	-0.2740640413645352
ENSMUSG00000028016	-0.060140633331811	0.5417915969668412
ENSMUSG00000029673	-0.3260513765853602	0.4761997471767551
ENSMUSG00000001166	-0.2133945026050658	0.3670408034376158
ENSMUSG00000113642	-0.0175860161128909	-0.0059556540897852
ENSMUSG00000059205	-0.5587106047732832	-1.010263535799717
ENSMUSG00000086039	-0.0763325693301938	0.0561684410603949
ENSMUSG00000069385	-0.7388864113806539	-2.0
ENSMUSG00000084790	0.1227962976576599	0.046418912230654
ENSMUSG00000063994	-0.3394164307651195	-0.5472625348119607
ENSMUSG00000034391	-0.0176705030258944	0.2606670603977267
ENSMUSG00000101513	-2.0	-2.0
ENSMUSG00000021550	-0.1327958793277742	0.033568737386387
ENSMUSG00000105662	-0.4375596194605756	-0.3565042712721155
ENSMUSG00000109379	-0.016225816368286	-0.1277146822668468
ENSMUSG00000103252	-0.0919833064836497	-0.0927817496995612
ENSMUSG00000089702	0.1444683451571467	-0.0075230095653546
ENSMUSG00000102969	-0.4666009241049649	-0.2920190394077959
ENSMUSG00000052914	-0.4835563862906073	-0.0296923701408857
ENSMUSG00000055833	-0.0865259835678637	0.3193505284857051
ENSMUSG00000109113	-0.3055258988221714	-0.1375904749593533
ENSMUSG00000075410	-0.0408140260029633	-0.2126188818046886
ENSMUSG00000032221	-0.0594271401309659	0.44070290060477
ENSMUSG00000036585	-0.0947919207538847	0.2203513294686478
ENSMUSG00000092060	-0.0215439236574936	0.4604645343835234
ENSMUSG00000113717	-0.5104155402643078	-0.509148271047284
ENSMUSG00000013822	-0.1542512541527993	0.3697478206129622
ENSMUSG00000023013	-0.0805386418547506	-0.1675018170546847
ENSMUSG00000091494	-0.0759061559063584	-0.1655763713581608
ENSMUSG00000110388	-0.3050711748801554	-0.5612972845614667
ENSMUSG00000086203	-0.4352912420838071	-0.2446170136375359
ENSMUSG00000032940	-0.4721410273298788	-0.1039677701956196
ENSMUSG00000016554	-0.0874509370821187	0.4055911902033978
ENSMUSG00000053747	-2.0	-2.0
ENSMUSG00000022580	-0.0009521478982837	0.260588129499718
ENSMUSG00000110624	-0.0766598046024602	0.069918613300265
ENSMUSG00000039795	-0.0132031937863543	0.4170948644191268
ENSMUSG00000098024	-0.1866462916310863	0.4164111526120824
ENSMUSG00000086528	-0.421952704595016	-0.455735946950815
ENSMUSG00000107718	-0.5408277312397394	-0.285076183107427
ENSMUSG00000117888	-0.3770912472289119	-0.2764663425742931
ENSMUSG00000100583	-0.0987248074793364	0.0980626630592895
ENSMUSG00000083527	-0.6274278734084089	-0.3524085403350785
ENSMUSG00000078922	-0.2208406202335423	-0.2248397332507341
ENSMUSG00000112483	-0.5626278820242583	-0.4739348282304405
ENSMUSG00000022761	-0.1139037030306009	0.5019154984486439
ENSMUSG00000071398	-0.3092280197911527	0.1379211094729434
ENSMUSG00000086900	-0.2800422559990452	0.2548491029336971
ENSMUSG00000044033	-0.1861217115555395	0.190132717702155
ENSMUSG00000100063	-2.0	-2.0
ENSMUSG00000044471	-0.2034946321237061	0.0879958155213109
ENSMUSG00000061689	-0.0360999314773844	0.3525938414153575
ENSMUSG00000022184	-0.1655890887202582	0.3373681996600698
ENSMUSG00000104259	-2.0	-2.0
ENSMUSG00000053799	-0.2398273077257218	-0.3078183336234676
ENSMUSG00000084892	-0.2214681849103879	-2.0
ENSMUSG00000027506	-0.0153882662143171	0.4030528826971634
ENSMUSG00000113905	-0.2898526670631642	-0.4389179691351438
ENSMUSG00000028018	-0.1643543184907153	0.5283213861006179
ENSMUSG00000042251	-0.155209673550498	0.3198972746462496
ENSMUSG00000074595	-0.2345157801615101	-0.3466055067139506
ENSMUSG00000071493	-0.4169144068075129	-0.2653864851123197
ENSMUSG00000102359	-0.4987999231599798	-0.5445696487183326
ENSMUSG00000086175	-0.2979862069980297	-0.0930575863615114
ENSMUSG00000037605	-0.4897593706534346	-0.2819587578137804
ENSMUSG00000105152	-0.1108548958889856	-0.2026299583741301
ENSMUSG00000105078	-0.1796478447952232	0.3693090165758697
ENSMUSG00000041135	-0.2189668003540789	0.482759566341833
ENSMUSG00000030775	-0.4694517250328389	-0.6854877623336909
ENSMUSG00000099467	-0.2163636511770195	-0.1811159166293558
ENSMUSG00000072919	-0.0596898539557032	0.3567507341495066
ENSMUSG00000078492	-0.3366698433517168	0.5126056932188808
ENSMUSG00000109824	-0.347950441874069	-0.5235343296429632
ENSMUSG00000113440	-2.0	-2.0
ENSMUSG00000044976	-0.4717017743502962	-0.4451061716383828
ENSMUSG00000045763	-0.0015311519509121	0.2585721576103418
ENSMUSG00000018841	-0.0420943158282291	0.3288629712055194
ENSMUSG00000037246	-0.216452716887553	-0.4144106706844514
ENSMUSG00000108464	-0.407794586778105	-0.6762686042658935
ENSMUSG00000027199	-0.3977593797357802	-0.127684495704384
ENSMUSG00000020538	-0.0310400565420569	0.1555194350069569
ENSMUSG00000030231	-0.0531933695339028	0.4747845555438852
ENSMUSG00000099364	-0.2004726751522217	-0.2069825369320515
ENSMUSG00000099102	-0.4230121821603589	-0.2548810001147015
ENSMUSG00000022623	-0.0256228995347381	0.3280324369193628
ENSMUSG00000002326	-0.0111789403442863	0.3492025153212995
ENSMUSG00000100955	-0.450475406898243	-0.6585041443132986
ENSMUSG00000075218	-0.580423690056521	-0.6463518493713412
ENSMUSG00000036752	0.087053720048381	0.1931346204191744
ENSMUSG00000060510	-0.0138885368260683	0.4438079002282118
ENSMUSG00000033533	-0.4292773087462954	-0.5810845004873836
ENSMUSG00000055639	-0.7102413312295996	-0.302446539885965
ENSMUSG00000031952	-0.0304873607205241	0.0473124916260872
ENSMUSG00000110221	-0.0093575116796237	0.1996767558921006
ENSMUSG00000075086	-0.5837878749636777	-0.8763768645650827
ENSMUSG00000116597	-0.255786057840138	-0.3502631667898822
ENSMUSG00000035078	-0.1599119806030131	0.4749949638307272
ENSMUSG00000085976	-0.2878801914469643	0.1632812070166331
ENSMUSG00000021721	-0.5225819051347684	-0.3201830480890426
ENSMUSG00000024527	-0.0163939172839509	0.3788258063078141
ENSMUSG00000024947	-0.0746513921622763	0.4482513862075484
ENSMUSG00000084940	-0.2745256578324389	-0.2456541263174945
ENSMUSG00000059429	-0.4620552924005489	-0.4567337825837134
ENSMUSG00000116409	-0.2081334236838111	-0.2331315314939923
ENSMUSG00000024512	-0.3651587803670554	-0.7520682512307257
ENSMUSG00000120856	-0.2321177994862536	0.4185329637476352
ENSMUSG00000092322	-0.8258720136840594	-0.5671916362289986
ENSMUSG00000037355	-0.0912904928186091	0.34194469395111
ENSMUSG00000089789	-0.3034694041189817	-0.3693136797083275
ENSMUSG00000075033	-0.2876289758913385	0.4705254447132089
ENSMUSG00000009731	-0.2706867977041245	0.2452282104941807
ENSMUSG00000109838	-0.5867752294559468	-0.4853309009002775
ENSMUSG00000024827	-0.0312400319163823	0.3633936121227341
ENSMUSG00000019715	-0.0368886880989022	0.1697050510343743
ENSMUSG00000078671	-0.0016277422506045	0.1577963340260116
ENSMUSG00000097446	-0.5906607620075304	-0.4532407368197407
ENSMUSG00000104238	-0.6540948535574166	-0.2153028302011478
ENSMUSG00000066009	-2.0	-2.0
ENSMUSG00000067764	-0.5579412459112963	-0.5383583326981635
ENSMUSG00000056014	-0.0713655561845316	0.2092586515313501
ENSMUSG00000085439	-0.3557621580903565	-0.3665802285304989
ENSMUSG00000103122	-0.121260996691276	-0.2494086111498653
ENSMUSG00000115145	-0.2409194162055258	-0.329351775803163
ENSMUSG00000024135	-0.0159217046627466	0.2375261448387639
ENSMUSG00000030876	-0.0446682958345378	0.5236512756732463
ENSMUSG00000022187	-0.2372558845054166	-0.1712689726271622
ENSMUSG00000026523	-0.4356294038167914	-0.2627822230305913
ENSMUSG00000081517	-0.4033714603924286	-0.4981815644682517
ENSMUSG00000002688	-0.5180405390521827	-0.0025267653910377
ENSMUSG00000100035	-2.0	-2.0
ENSMUSG00000024911	-0.167393637436716	0.1857080219684018
ENSMUSG00000109654	-0.121356665009253	-0.0399145026376862
ENSMUSG00000021947	-0.5069718553252495	0.4256432043041335
ENSMUSG00000115971	-2.0	-2.0
ENSMUSG00000112375	-0.2539302835951607	0.4041338362771409
ENSMUSG00000086657	-0.5158959932950754	0.5503230311649239
ENSMUSG00000114360	-0.3564586970018129	-0.5654448275525311
ENSMUSG00000108041	-0.7545097877651632	-0.5620282252438771
ENSMUSG00000087402	-0.5098279395705588	-0.2472147225014684
ENSMUSG00000110392	-0.5918248444034045	-0.5462479185629874
ENSMUSG00000028464	-0.1208812876518294	0.3660009729517637
ENSMUSG00000054252	-0.1998853044245238	0.063480776342721
ENSMUSG00000103870	-0.4679267618272403	-0.245326218317853
ENSMUSG00000066361	-0.3644578887329184	-0.3122310035990259
ENSMUSG00000115749	-0.3975885895066618	-0.6088425416197168
ENSMUSG00000021902	-0.2677640625115837	0.4667680028235262
ENSMUSG00000049439	-0.1109553638169463	0.5002825921449648
ENSMUSG00000020627	-0.3242322867597446	0.2706481433643349
ENSMUSG00000023041	-0.2231001608338429	-0.3145879130119856
ENSMUSG00000046179	-0.0781368260183001	0.4646129327297579
ENSMUSG00000117520	-0.4841401916416622	-0.5305948122557643
ENSMUSG00000045045	0.0057261275697932	0.2822145865859937
ENSMUSG00000039676	-0.1569979514988781	0.23763370418521
ENSMUSG00000054966	-0.3321318173183032	-0.4898143696844284
ENSMUSG00000100565	-2.0	-2.0
ENSMUSG00000054258	-0.4112049895118305	-0.3825521675587436
ENSMUSG00000112071	-0.4514666189886647	-0.4899107018426734
ENSMUSG00000108795	-0.2110991804012722	-0.5431131562686153
ENSMUSG00000042371	-0.1091166506523847	-0.1003083829172122
ENSMUSG00000053931	-0.0277906796621156	0.3404012782033495
ENSMUSG00000017421	-0.0411717028695192	0.3750557250312246
ENSMUSG00000017943	-0.126863038340169	0.0039741003857825
ENSMUSG00000026107	-0.2343436622730327	0.5232775918482427
ENSMUSG00000107477	-0.0668442792790811	-0.0517761499932859
ENSMUSG00000030659	-0.1435055348487791	0.5224760545187728
ENSMUSG00000026736	-0.2703401052300447	0.4665778952651936
ENSMUSG00000114187	-0.1996387491298656	-0.1760223723856187
ENSMUSG00000104282	-0.6730704220412884	-0.544014703234941
ENSMUSG00000110894	-0.1848541045636321	-0.2522505215578243
ENSMUSG00000047045	-0.2993615184394002	0.393783263829376
ENSMUSG00000006200	-0.5578825554106974	-0.4744767733068035
ENSMUSG00000075249	-0.6374864999370337	-0.5466219944366374
ENSMUSG00000070877	-0.0907987181187526	0.0268006226329138
ENSMUSG00000059031	-0.3271829179346535	-0.473279331401957
ENSMUSG00000023066	-0.2185828606627915	0.4659458793090665
ENSMUSG00000032091	-0.3263565894304526	-0.1751343602780928
ENSMUSG00000027424	-0.0957267624565164	0.396969579986691
ENSMUSG00000041879	-0.0241253909754199	0.4575431057211237
ENSMUSG00000025645	-0.2060297903916776	0.3043099650567934
ENSMUSG00000109378	-0.0417460144929432	0.155689403301361
ENSMUSG00000032261	-0.1947423876731593	0.4965530040393406
ENSMUSG00000116718	-0.2345390324826063	-0.1390974781391599
ENSMUSG00000022570	-0.1184600294041678	0.2623243426831923
ENSMUSG00000040234	-0.0236320442371187	0.3351267879421011
ENSMUSG00000113875	-0.366970504609141	-0.2617110747525618
ENSMUSG00000029469	-0.1440675829798751	0.4502192302953573
ENSMUSG00000055421	-0.7417282626039567	-0.4453991613265424
ENSMUSG00000025912	-0.1908622609424337	0.4625357522298901
ENSMUSG00000026068	-0.4526716292112187	-0.2587341281619213
ENSMUSG00000024392	-0.1014825836928637	0.4048655181223515
ENSMUSG00000038372	-0.3886835690481384	0.4244036497599708
ENSMUSG00000040195	-0.0263609039725528	0.3552990017703402
ENSMUSG00000105652	-0.4139907139741233	-0.506345410747841
ENSMUSG00000022365	-0.0325989037975117	0.4891447858261156
ENSMUSG00000032595	-0.1921021291245735	-0.0130672932032197
ENSMUSG00000036214	-0.1267031193342364	0.3132440035677407
ENSMUSG00000019792	-0.0333031009209074	0.4977197874121148
ENSMUSG00000032320	-2.0	-2.0
ENSMUSG00000105402	-0.0611539760969211	0.3622418873953525
ENSMUSG00000069793	-0.1723184315893137	-0.1936437653728477
ENSMUSG00000031298	-0.6798121150414346	-0.2678367991409877
ENSMUSG00000030108	-0.4176556871556764	-0.188603440030423
ENSMUSG00000068874	-0.2991471603150348	-0.0411253896906199
ENSMUSG00000097858	-0.0812257060454648	0.4180393095381337
ENSMUSG00000112466	-0.4807273658902874	-0.5182384613372529
ENSMUSG00000030884	-0.0480678952532042	0.4850703485245273
ENSMUSG00000096569	-2.0	-2.0
ENSMUSG00000041571	-0.0555437811375419	0.3003554470428332
ENSMUSG00000047013	-0.0721664312820318	0.3516761251594844
ENSMUSG00000043931	-0.3614656186987203	-0.4275612822479886
ENSMUSG00000050982	-2.0	-2.0
ENSMUSG00000082853	-0.9355974242937792	-1.1047918914456736
ENSMUSG00000023026	-0.0086834409450825	0.4385338052040706
ENSMUSG00000030619	-0.0533433109755369	0.4400115574687671
ENSMUSG00000081161	-0.120728143546154	0.0057922992852307
ENSMUSG00000097901	-0.1017061465731822	-0.0305785891026225
ENSMUSG00000027845	-0.0325747480301269	0.5200698717315662
ENSMUSG00000043795	-0.3055562657944022	-0.2082425631678321
ENSMUSG00000118318	-0.5645445717313363	-0.5831136617199526
ENSMUSG00000020458	-0.030010843275919	0.4732287983366947
ENSMUSG00000104153	-0.5696833425940933	-0.4805136981275414
ENSMUSG00000103747	-0.1264749151417781	-0.2341205321459634
ENSMUSG00000105589	-0.3487388540168957	-0.3819979514090647
ENSMUSG00000109508	-0.4409810558360262	-0.1979955542742656
ENSMUSG00000085280	-0.3839418613767708	-0.4021618713669969
ENSMUSG00000114916	-0.4193427507775718	-0.5078726898147038
ENSMUSG00000031425	-0.458534086755702	-0.3867173089948654
ENSMUSG00000121492	-2.0	-2.0
ENSMUSG00000104735	-0.0987991711245834	-0.1674824014909833
ENSMUSG00000109585	-0.3746230888783636	-0.1182722662888711
ENSMUSG00000106026	-0.7663194629933293	-0.6712874020372862
ENSMUSG00000057375	-0.0676204103177025	0.440472050114548
ENSMUSG00000039873	-0.3287886373504937	0.1994820122570071
ENSMUSG00000102526	-0.3036236883550623	0.3808954401099606
ENSMUSG00000059383	-0.3965888510784075	-0.6573803520806177
ENSMUSG00000033182	-0.2721028324358589	0.5165403976689688
ENSMUSG00000111294	-0.3603830427683278	-0.6128220684978413
ENSMUSG00000063176	-0.4008243781039515	-1.0019220915406906
ENSMUSG00000109356	-0.2422513640099052	-0.322044838941058
ENSMUSG00000117055	-0.5348200650149793	-0.5552855324089787
ENSMUSG00000052926	-0.0546438929920157	0.2104924168690352
ENSMUSG00000070493	-0.0908527850146381	0.3872691326601299
ENSMUSG00000071451	-0.1177971753839325	0.479689590735558
ENSMUSG00000099757	-0.5435222187530768	-0.743342232163838
ENSMUSG00000101695	-0.0027626295128009	-0.0193623397507725
ENSMUSG00000093619	-0.4792773632555716	0.48136636944294
ENSMUSG00000110130	-0.3105533253146836	-0.4102705714416891
ENSMUSG00000036564	-0.1264450470545281	0.0115609710534733
ENSMUSG00000014778	-0.0566967542783443	0.3650872007977053
ENSMUSG00000097211	-0.2416335122024088	-0.3930782745639738
ENSMUSG00000046330	-0.0191683029315133	0.2648461456391501
ENSMUSG00000094161	-2.0	-2.0
ENSMUSG00000056832	-0.1482672449685029	0.4755907129279923
ENSMUSG00000094721	-0.5560286341765471	-0.547661149622148
ENSMUSG00000100161	-1.2655858479476556	-1.416121401501374
ENSMUSG00000118202	-0.5860836068205418	-0.5838303499848514
ENSMUSG00000114911	-0.2563884937174511	-0.1838888221916734
ENSMUSG00000038122	-0.2950285332154437	0.546087896802636
ENSMUSG00000020080	-0.2622630010451445	-0.2579496878943402
ENSMUSG00000097262	-0.1300984576745934	0.1717586224234324
ENSMUSG00000097448	-0.006963151280822	0.2106373670306359
ENSMUSG00000120583	0.0290938807087485	-0.2650301330236088
ENSMUSG00000105057	-0.1597563589014546	0.4103303970662176
ENSMUSG00000104696	-0.3179571438366512	-0.7609509569514472
ENSMUSG00000047843	-0.0227159402209968	-0.060311555251311
ENSMUSG00000055897	-0.0456415976535261	-0.070647705279698
ENSMUSG00000086839	-0.0781511755389682	0.3607402991491908
ENSMUSG00000030703	-0.0664561259508553	0.1133548522139817
ENSMUSG00000102828	-0.0350776924056366	-0.0216028008893923
ENSMUSG00000121450	-0.2158125078156408	-0.0200667578573373
ENSMUSG00000108075	-0.4263809401123121	-0.4965920458792718
ENSMUSG00000102112	0.4423157409705265	0.1324174929530751
ENSMUSG00000023132	-0.3627515810957189	-0.3340509058175725
ENSMUSG00000040231	-0.237467575823281	0.4943702957145882
ENSMUSG00000037509	-0.2277883480519826	0.0041507184255539
ENSMUSG00000023967	-0.0740691961095272	0.4623021430220226
ENSMUSG00000107623	-0.5004814453401827	-0.4760681524207379
ENSMUSG00000092602	-0.5236376861941304	-0.3367758920292535
ENSMUSG00000117636	-0.3535939209463815	-0.3641277937251836
ENSMUSG00000086935	-0.107768226461081	-0.0786385087542806
ENSMUSG00000112955	-0.3954702630465365	-0.213564762797528
ENSMUSG00000112168	-0.5867525891657583	-0.3809081309436846
ENSMUSG00000102517	-0.5092948951250049	-0.2716544980646482
ENSMUSG00000084911	-0.1950327205838605	-0.0728458112935453
ENSMUSG00000102885	-0.3734342686577471	-0.328073676054162
ENSMUSG00000106028	-0.3355543473561637	-0.0519143456040603
ENSMUSG00000034403	-0.1773979738335935	0.2163123496758636
ENSMUSG00000102194	-0.0243598720242319	-0.3305495967333254
ENSMUSG00000092243	-0.0628353038915116	-0.1111061093007909
ENSMUSG00000090322	-0.0455327771846323	0.297874266038981
ENSMUSG00000091705	-0.1007096164948131	-0.0274306199369502
ENSMUSG00000101265	-0.3134337954166993	-0.1180634951175811
ENSMUSG00000028158	-0.293001765945462	0.4900543228407749
ENSMUSG00000038286	-0.122611950817522	0.3537581720313553
ENSMUSG00000086350	-0.133599345521036	0.2130297981590756
ENSMUSG00000117380	-0.5179898630000669	-0.668538690138522
ENSMUSG00000019210	-0.0415270940395199	0.3777505197848175
ENSMUSG00000100557	-0.4670171988890696	-0.5859597498893819
ENSMUSG00000025436	-0.1106753225223667	0.1795376591306906
ENSMUSG00000074582	-0.0156908337726858	0.3907641803584792
ENSMUSG00000051855	-0.0352288544006082	-0.3200474510654843
ENSMUSG00000104645	-2.0	-2.0
ENSMUSG00000030966	-0.115691295789415	0.0683201382027371
ENSMUSG00000109823	-0.5216638425520722	-0.552581718129925
ENSMUSG00000062818	-0.3651975841622514	-0.2737254263583784
ENSMUSG00000042680	-0.1451188837380765	0.5297551836948563
ENSMUSG00000027882	-0.050213746269685	0.505612798114257
ENSMUSG00000049015	-2.0	-2.0
ENSMUSG00000040189	-0.0652595222840283	0.4129055342269535
ENSMUSG00000062151	-0.4383737236989312	-0.4365113204515375
ENSMUSG00000093938	-0.0914139791875512	-0.0178420602137655
ENSMUSG00000111283	-0.313452618288527	-0.195505641203247
ENSMUSG00000109887	-0.4221762870677034	-0.2185367417415371
ENSMUSG00000087242	-0.0192649927091951	-0.2268550882159933
ENSMUSG00000117911	-0.3143377848635975	-0.036799055391383
ENSMUSG00000027900	-0.1667206429147943	0.5488118358350628
ENSMUSG00000116498	-0.1998694777548389	-0.2672106655173265
ENSMUSG00000117905	-0.0211973943945294	-0.3434060458056066
ENSMUSG00000005338	-0.3827773234573144	-0.1468822084254199
ENSMUSG00000098129	-0.4699431428330193	0.1514495299985147
ENSMUSG00000085595	-0.2052775115524656	-0.2193303680653554
ENSMUSG00000024335	0.0593914835277174	-0.1289899104225679
ENSMUSG00000027528	-0.5350094966165279	-0.3722508224004561
ENSMUSG00000107880	-0.4841996747961459	-0.5012228372895984
ENSMUSG00000052563	-0.2584793682624406	0.2434855136584415
ENSMUSG00000096769	-2.0	-2.0
ENSMUSG00000102718	-0.5735352610603873	-0.5680186901464432
ENSMUSG00000024696	-0.500554045232847	0.5127545499172725
ENSMUSG00000027380	-0.3755792821608525	-0.1971257488805022
ENSMUSG00000086312	-0.2345154820629118	-0.3489081521039722
ENSMUSG00000115158	-0.6864403943401648	-0.5542656835356236
ENSMUSG00000109212	-0.5713135487549797	-0.6687821061665191
ENSMUSG00000021510	-0.0983103707811468	0.4894989242751887
ENSMUSG00000087459	-0.3276697181167883	-0.5930714104449343
ENSMUSG00000005087	-0.3988984677074551	-0.2584206229613506
ENSMUSG00000071653	-0.554162990123841	0.2998292502065017
ENSMUSG00000091491	-0.4996238157324254	-0.7929420946749105
ENSMUSG00000118251	-0.3019163390995195	0.4450428380008637
ENSMUSG00000086298	0.0052298613455928	0.0181737845313821
ENSMUSG00000024978	-0.131093770942067	-0.4213459165600363
ENSMUSG00000006587	-0.1792040758076477	0.2286236087584432
ENSMUSG00000026343	-0.3743400466907723	-0.201659616517219
ENSMUSG00000095384	-2.0	-2.0
ENSMUSG00000027171	-0.1068466762229656	0.3911282016352166
ENSMUSG00000083218	-0.2671851787113974	-0.1804356662569656
ENSMUSG00000100938	-2.0	-2.0
ENSMUSG00000116849	-0.2561086314705429	-0.1823008592588057
ENSMUSG00000100056	-2.0	-1.6061265958506166
ENSMUSG00000030780	-0.0502528476398917	0.4350722022870957
ENSMUSG00000112249	-0.2574340082682798	-0.1258126978495185
ENSMUSG00000026923	-0.0437448153766356	0.4369189014502084
ENSMUSG00000099868	-0.2661823217775827	-0.1674122827688008
ENSMUSG00000112949	-2.0	-2.0
ENSMUSG00000121395	-2.0	-0.3445881994503744
ENSMUSG00000020628	-0.0315215345090165	0.2880165853840986
ENSMUSG00000031551	-0.2921141809985654	-0.3659687404035777
ENSMUSG00000113027	-0.4038336741907218	-0.3902626279182955
ENSMUSG00000114220	-0.342902058968273	0.2086434068626531
ENSMUSG00000099760	-0.0910325924674356	-0.022284989255414
ENSMUSG00000075110	-0.8878690938696275	-0.7685518699559771
ENSMUSG00000118590	-0.0167203848266367	-0.1974394527622616
ENSMUSG00000085199	-0.0502621115726021	-0.0562035614921205
ENSMUSG00000036764	-0.1998050760392634	0.1448617741043974
ENSMUSG00000114594	-0.3380131017582639	-1.1247403614587772
ENSMUSG00000085878	-0.6961489329949759	-0.5367575966128497
ENSMUSG00000053646	-0.0587274453239932	0.4182661485123595
ENSMUSG00000121628	-0.3012374642559825	-0.4141054183943801
ENSMUSG00000003051	-0.1730740369004884	0.3936797723002516
ENSMUSG00000046922	-0.3514953783962243	-0.1552105427559769
ENSMUSG00000084850	-0.4215842972028761	-0.3039483359671064
ENSMUSG00000034462	-0.0351807217260031	0.3928766120293837
ENSMUSG00000103085	-0.0890093203084844	-0.0033290865471375
ENSMUSG00000053783	-0.1465682859157543	0.0559554523621689
ENSMUSG00000019982	-0.2096255930453679	0.2114494228141523
ENSMUSG00000121537	-2.0	-2.0
ENSMUSG00000036955	-0.0800169024731891	0.2802144849555357
ENSMUSG00000041062	-0.2284454415049714	-0.3422306157401905
ENSMUSG00000069668	-0.421240258528412	-0.5636621115210955
ENSMUSG00000039774	-0.3181822575983269	0.1280307376152713
ENSMUSG00000042462	-0.3586002613570126	0.3416485523002048
ENSMUSG00000103610	-0.489703305639953	-0.4731515007745713
ENSMUSG00000036907	-0.1550502658496493	-0.1343202708101773
ENSMUSG00000102863	-0.169280998379023	-0.1930430628768505
ENSMUSG00000004371	-0.1455579208163251	0.2545524272823309
ENSMUSG00000034311	-0.1536563301967579	0.3578274029705155
ENSMUSG00000090925	-0.5635040445447637	-2.0
ENSMUSG00000046546	0.0180915604961424	0.3496939395694153
ENSMUSG00000004187	-0.1254157959652252	0.1370203487618769
ENSMUSG00000091102	-0.0567381264224685	-0.0366442272703072
ENSMUSG00000027324	-0.2162027215957098	0.4735453586747535
ENSMUSG00000029068	-0.0866096322527466	0.390143475773371
ENSMUSG00000035969	-0.0201362617574167	0.4190991956139979
ENSMUSG00000060404	-0.3854047868587184	-0.6059895272316288
ENSMUSG00000023186	-0.4350450544291582	-0.1338964625036075
ENSMUSG00000117229	-0.0585241471810192	0.0351478556512347
ENSMUSG00000031085	-0.2650332030860156	-0.4287281974393719
ENSMUSG00000005936	-0.0665320483034297	0.5436345262418895
ENSMUSG00000036553	-0.0273240476909043	0.2282364149638364
ENSMUSG00000084997	-0.3644834812732023	0.0655894983804351
ENSMUSG00000056617	-0.2006861983953253	-0.149798467400908
ENSMUSG00000068259	-0.2867174976627716	-0.3464696989598573
ENSMUSG00000097108	-0.1867386790610262	0.3634946481320295
ENSMUSG00000038209	-0.0972543278377438	-0.2799649639542445
ENSMUSG00000070704	-0.5177482739366813	-0.7002367761406231
ENSMUSG00000045608	-0.2200136844179804	-0.2226371301877867
ENSMUSG00000105039	-0.2627543861439967	-0.2931334396967462
ENSMUSG00000114231	-0.2578649045843449	0.0169277594998838
ENSMUSG00000026828	-0.4763828005429487	-0.5220516811635467
ENSMUSG00000031970	0.0392792488081039	-0.1480425719398181
ENSMUSG00000072572	-0.3740341291938422	-0.0271628513641609
ENSMUSG00000120773	-0.7975022560729117	-0.950593953016321
ENSMUSG00000035638	-0.2914599614403536	-0.3238631926758311
ENSMUSG00000052508	-0.3786618749869855	-0.4435223932249577
ENSMUSG00000037216	-0.1186040437302456	0.2883601331719396
ENSMUSG00000048628	-0.3807642942341283	-0.4208223466994351
ENSMUSG00000085404	-0.1393878454732127	-0.3539273656787471
ENSMUSG00000002957	-0.0171453044247286	0.5038091980385382
ENSMUSG00000032232	-0.2317890046404666	0.2369396287394428
ENSMUSG00000105308	-0.379644457868479	-0.215139741583999
ENSMUSG00000021496	-0.1867181171523534	0.5052723778271222
ENSMUSG00000111655	-0.3467853630123793	-0.4179161734325247
ENSMUSG00000035773	-0.2240738294884665	0.3289839327442853
ENSMUSG00000118049	-0.1924185684890146	0.4688035430733556
ENSMUSG00000069867	-0.0930335889301806	-0.1607057653346615
ENSMUSG00000031422	0.074904899030292	-0.1329663160796497
ENSMUSG00000106869	0.1023610427536224	-0.0068898993757117
ENSMUSG00000120050	0.0516281714258506	-0.436182288887159
ENSMUSG00000103044	-0.213443060426567	0.2704272683698169
ENSMUSG00000085071	-0.4844562395763632	0.1565346746077711
ENSMUSG00000079380	-0.2020168441406983	-0.1984734973715235
ENSMUSG00000055137	-0.4480874076791893	0.4347275841282456
ENSMUSG00000045479	-0.4220908805863184	-0.3991651208639992
ENSMUSG00000054885	-0.2673008937590003	0.1784451143683505
ENSMUSG00000086355	-0.3721306946995285	-0.3548334697891853
ENSMUSG00000024259	-0.0825886065348331	0.5171602552989294
ENSMUSG00000113908	-0.5986284131490578	-0.6972669181540243
ENSMUSG00000036099	-0.0717354802230414	0.515251085206437
ENSMUSG00000075512	-0.4275896683295391	-0.6189325949810138
ENSMUSG00000024944	-0.1423466061479245	0.42540736972714
ENSMUSG00000015882	-0.1751401973887535	0.5631287605465808
ENSMUSG00000101423	-2.0	-2.0
ENSMUSG00000022817	-0.0709756950936239	0.3160790103837697
ENSMUSG00000041827	-0.1985759822162756	0.0327135862315166
ENSMUSG00000026657	-0.3481922372990574	-0.3702959491721507
ENSMUSG00000049401	-0.078213778269296	0.1940162133155183
ENSMUSG00000085454	-0.2231720321506397	-0.0816132474425992
ENSMUSG00000050345	-0.2048651064717337	-0.4584414728935074
ENSMUSG00000066058	-0.0510436259023769	-0.0440187792605062
ENSMUSG00000026458	-0.0054472393927678	-0.0818582715259114
ENSMUSG00000044339	-0.1718139619496356	0.1833125590721055
ENSMUSG00000018796	-0.1071886237300868	0.4571546393352276
ENSMUSG00000025746	-0.3822601000768359	-0.4442602750628275
ENSMUSG00000042129	-0.336685683941838	0.0408952516531948
ENSMUSG00000020778	-0.0833197508721117	0.4261360120012451
ENSMUSG00000027996	0.0084106588068723	0.3704660862888646
ENSMUSG00000106227	-0.2710415491955005	-0.1007462002836855
ENSMUSG00000038633	-0.0737780816707645	0.4344491372047675
ENSMUSG00000018830	-0.2863950601587485	-0.2367460586160427
ENSMUSG00000102380	-0.2825753339776263	0.4271490593022989
ENSMUSG00000001131	0.0126703054902538	0.1203433649266561
ENSMUSG00000099216	-0.1607213590482886	-0.3878748847589277
ENSMUSG00000040666	-0.2970324424627152	-2.0
ENSMUSG00000104441	-0.479512012979672	-0.5485522313397306
ENSMUSG00000120293	-0.2186059938040704	0.4276130032182305
ENSMUSG00000030341	-0.048615556617354	-0.0248399748190253
ENSMUSG00000063823	-0.335826788961002	-0.3751756326447337
ENSMUSG00000118200	-0.4154462567260942	-0.5578946381006997
ENSMUSG00000025364	-0.083202226357179	0.4154721659786958
ENSMUSG00000026574	-0.3440343115733789	-0.2316804488467156
ENSMUSG00000109209	-0.068314362434447	-1.1740979123098352
ENSMUSG00000049676	-0.1612013910624664	0.055238845397357
ENSMUSG00000063133	-0.4449460552024551	-0.3048727332965554
ENSMUSG00000033080	-0.2197450636526667	-0.1763041155059041
ENSMUSG00000121455	-0.1962597292712224	0.271573050567286
ENSMUSG00000027030	-0.3747641233466238	-0.0429130287008976
ENSMUSG00000115300	0.0833577591804735	0.0043099357773507
ENSMUSG00000051243	0.0186197057221592	0.2716799352934573
ENSMUSG00000109769	-0.5825568731858556	-0.4402633214404888
ENSMUSG00000113186	-0.2619056614474957	-0.4597023162281212
ENSMUSG00000044881	-0.1919218347753182	0.3912153661015706
ENSMUSG00000098905	-0.1465233714227625	0.4420355267803089
ENSMUSG00000086817	-0.4026049757843378	-0.4039516493913197
ENSMUSG00000037159	-0.4072227543175348	-0.345471119594594
ENSMUSG00000107201	-0.0292442239429572	-0.0673123878015705
ENSMUSG00000071042	-0.3772214503214482	-0.433719730827541
ENSMUSG00000085024	-0.1204270602777023	0.2039478593632906
ENSMUSG00000054737	-0.370161212015857	0.3651763791560458
ENSMUSG00000021852	-0.6265395130740834	-0.7992331964411248
ENSMUSG00000020099	-0.1230592452871452	0.2963492248187813
ENSMUSG00000048101	-0.3760468959190524	-0.6204805610446177
ENSMUSG00000071522	-0.4057270352042647	-0.4994400112090738
ENSMUSG00000075701	-0.1510079652791862	0.2564401512812969
ENSMUSG00000097639	-0.0260425128391569	0.1473389581651005
ENSMUSG00000048621	-0.9765518843541986	-1.0019212190999007
ENSMUSG00000120676	-0.4422154675272626	-0.3235772844249855
ENSMUSG00000034071	-0.1454494858202599	0.3699816188686308
ENSMUSG00000032397	-0.0193192936849756	0.3706622081589135
ENSMUSG00000100674	-0.6281278672590078	-0.8721716348844031
ENSMUSG00000096318	-1.2143584392133386	-0.7326823262256495
ENSMUSG00000101157	-2.0	-2.0
ENSMUSG00000110290	-0.2507339352013303	-0.5963065538464769
ENSMUSG00000000317	-0.1733982706218072	0.2415265583743882
ENSMUSG00000025332	-0.0445792569285299	0.3955709971208203
ENSMUSG00000120672	-0.3611614512044714	-0.4897875668475421
ENSMUSG00000074264	-2.0	-2.0
ENSMUSG00000032911	-0.1896042824863007	-0.1084537338765657
ENSMUSG00000037946	-0.3132813477058264	-0.3548360259749217
ENSMUSG00000101613	-0.2854685665233504	-0.4067298426300328
ENSMUSG00000026475	-0.1330104400198191	0.1740015682172008
ENSMUSG00000049057	-0.5674438539230559	-0.8094934760546819
ENSMUSG00000032725	-0.0708014452228706	-0.0088913769614668
ENSMUSG00000078674	-0.1070956922740694	-0.2258091037802722
ENSMUSG00000042133	-0.0399574490435927	0.4907799101017976
ENSMUSG00000053310	0.0068784902762155	0.1530766986745724
ENSMUSG00000085402	-0.163991273788113	0.1035929515047212
ENSMUSG00000023110	-0.0385135056344929	0.3725404855213641
ENSMUSG00000044674	-0.2674204983739378	0.0345549852686715
ENSMUSG00000104240	-0.1385626143164762	-0.2578093875628385
ENSMUSG00000089968	-0.0503169190909069	-0.0853840794756297
ENSMUSG00000104414	-0.1485263924426091	-0.1717889344487719
ENSMUSG00000120373	-0.2414729388793041	-0.1936927421002426
ENSMUSG00000047259	-0.2653622412782498	-0.3226402092605308
ENSMUSG00000097657	-0.3450968589496126	-0.0788696733752217
ENSMUSG00000084066	-0.7300548443739624	-0.4308141536845146
ENSMUSG00000110654	-2.0	-2.0
ENSMUSG00000053375	-0.1441440787137621	-0.3473103246343829
ENSMUSG00000046573	-0.1925699729467207	0.4497668045344362
ENSMUSG00000061838	-0.180922194052952	0.3554277645073652
ENSMUSG00000096953	-0.4753306115389465	0.3906161543050263
ENSMUSG00000115161	-0.0724907465402545	-0.1396845174234535
ENSMUSG00000104253	-0.4480627920590973	0.4965491279723303
ENSMUSG00000019996	-0.0311202036028515	0.3115529798880186
ENSMUSG00000075324	-0.5962283195136796	0.2642325474413511
ENSMUSG00000075165	-0.5927838683537905	-0.4381307137177546
ENSMUSG00000018620	-0.3470749878033654	-0.4198775573331957
ENSMUSG00000030284	-0.1894912617652563	0.4568820206232484
ENSMUSG00000084990	0.2521279549113128	-0.1594946887846116
ENSMUSG00000025480	-0.164969931331698	0.3943392400389452
ENSMUSG00000040478	-0.0015766548128861	-0.2491768981280574
ENSMUSG00000085057	-0.2077175983468854	-0.2814028266675951
ENSMUSG00000026021	-0.0440485788087126	0.4583583000162247
ENSMUSG00000107937	-0.0513720920886726	-0.1373091708184239
ENSMUSG00000042333	-0.2193139462143115	-0.1123283599979416
ENSMUSG00000100303	-0.3589373751276131	-0.4008462380766397
ENSMUSG00000042256	-0.4695318652359933	-0.3079695814297195
ENSMUSG00000053161	-0.4750099045499459	-0.1972306518713175
ENSMUSG00000016256	-0.0474806140481682	0.3816113915322341
ENSMUSG00000020953	-0.0524205247194947	0.1667445748272716
ENSMUSG00000029512	-0.0094322462043324	0.2605865087875047
ENSMUSG00000093533	-0.5856117399735296	-0.9113481482039592
ENSMUSG00000031584	-0.0189503986250948	0.4142809317711872
ENSMUSG00000118102	-0.3997140284851205	-0.4207120103487504
ENSMUSG00000039563	-0.2303900784624935	0.3758687353691564
ENSMUSG00000094733	-0.4098954646837818	-0.4100796503417139
ENSMUSG00000103908	-0.0654926609603053	-0.4971284336640488
ENSMUSG00000087136	-0.2512173967453892	-0.2588693675948114
ENSMUSG00000100197	-0.41136218316356	-0.1561244186166035
ENSMUSG00000044633	-0.2872595773350842	0.4270321023007609
ENSMUSG00000022019	-0.5439201488349161	0.5682301283447627
ENSMUSG00000114144	-2.0	-2.0
ENSMUSG00000024078	-0.0430285792880416	0.5000214705522834
ENSMUSG00000051726	-0.2128088290314803	-0.0531885589105941
ENSMUSG00000106732	-0.1848776362712533	-0.0653720876993658
ENSMUSG00000112197	-0.4793118795637969	-0.4391427966613395
ENSMUSG00000020649	-0.0632924767409379	0.2721462025624995
ENSMUSG00000106501	-0.329471576267023	-0.2484046846137758
ENSMUSG00000030682	-0.1230572849918686	0.3630381818815563
ENSMUSG00000039615	0.0803630889801478	0.0402835823308648
ENSMUSG00000007891	-0.039075567051336	0.3646796700327409
ENSMUSG00000029126	-0.1219721793387069	-0.0538016061528342
ENSMUSG00000121042	-0.0451798771446409	-0.264943508645895
ENSMUSG00000021520	-0.3195330394655192	0.4242542322261768
ENSMUSG00000094258	-0.2552755972910254	-0.1276850784366938
ENSMUSG00000043909	-0.0369525201329212	0.3613643872046768
ENSMUSG00000044030	0.0291203611236865	0.1865257808963538
ENSMUSG00000041670	-0.5037125865597821	-0.3136395863882174
ENSMUSG00000103539	-0.3336162596481866	-0.6747971987965038
ENSMUSG00000054277	-0.2114880073129358	0.3117047088501128
ENSMUSG00000118309	-0.3271626233689159	-0.3560951228712329
ENSMUSG00000025185	-0.1318872659395674	-0.0632754948910586
ENSMUSG00000034109	-0.2640255660505168	0.4904675282876412
ENSMUSG00000031171	-0.04803772162711	0.3921110518953521
ENSMUSG00000022336	-0.0268994061647734	0.4777470562680115
ENSMUSG00000086843	-0.4000252774557205	-0.026521248890368
ENSMUSG00000061778	-0.2228682210395143	0.4630146773456444
ENSMUSG00000097739	-0.7674145046440953	-0.335173441518579
ENSMUSG00000026433	-0.0518099118585875	0.3180019447693719
ENSMUSG00000000753	-0.1056163610339979	-0.051664999034909
ENSMUSG00000066306	-0.0076890125526051	0.2321928120497772
ENSMUSG00000104118	-0.4309087664243899	-0.3607827372113811
ENSMUSG00000116865	-0.62320230227697	-0.6549565764663269
ENSMUSG00000099456	-2.0	-2.0
ENSMUSG00000115257	-0.5295795118389419	-0.4628780977706696
ENSMUSG00000022075	-0.1228190020673573	0.3532632411581251
ENSMUSG00000047415	-0.3090305013004477	0.0479589167085338
ENSMUSG00000041180	-0.4019233289456802	0.4386220807813862
ENSMUSG00000021404	-0.4517985915969638	-0.5095847256807864
ENSMUSG00000082167	-2.0	-2.0
ENSMUSG00000101140	-2.0	-2.0
ENSMUSG00000039678	-0.047998819177411	0.3967330791147082
ENSMUSG00000117687	-0.4714765784878066	-0.4839196771686357
ENSMUSG00000114888	-0.3111461005179707	-0.1649108829952749
ENSMUSG00000085936	-0.2218059013412887	0.219049632308073
ENSMUSG00000100119	-0.5052422670165192	-0.5095159067479229
ENSMUSG00000085820	-0.3592409815553386	-0.4355670759977302
ENSMUSG00000110063	-0.2157789589451962	-0.3763881217088026
ENSMUSG00000005683	-0.0216427871885971	0.3507409729066483
ENSMUSG00000030654	-0.2214483699525987	0.5082584190289489
ENSMUSG00000022112	-0.4566853030469998	0.0053322315812801
ENSMUSG00000057193	-0.0201573698556977	0.2824204374260981
ENSMUSG00000084829	-0.3497853694696174	-0.2554935998917912
ENSMUSG00000039145	-0.0738812417552608	0.4726970770571126
ENSMUSG00000073242	-0.4042701597256236	-0.2734202968857452
ENSMUSG00000084973	-0.3158166341524905	-0.0671583570441571
ENSMUSG00000024065	-0.2765090275796085	0.3073376948062581
ENSMUSG00000040867	-0.1980110387336387	0.394244991533877
ENSMUSG00000022322	-0.2132705769883088	0.2357359496908465
ENSMUSG00000044156	-0.4195273363993844	-0.7334525547537246
ENSMUSG00000108375	-0.4044257444510561	-0.3021790594259179
ENSMUSG00000005982	-0.064702878743303	0.4232786496420348
ENSMUSG00000019961	-0.0677945051524609	0.5038979500760759
ENSMUSG00000030980	-0.0163086863168023	0.2898706620928729
ENSMUSG00000006642	-0.1583023621069306	-0.2062577953437363
ENSMUSG00000078429	-0.022503750228958	0.3987369890534828
ENSMUSG00000094887	-0.7180783522610875	-1.279901915749896
ENSMUSG00000024738	-0.0793108936141488	-0.1922703542043471
ENSMUSG00000040564	-0.0742288924804546	-0.0303030987035748
ENSMUSG00000100987	-0.2752168758031282	-0.3809027231576726
ENSMUSG00000096870	-0.7758275748162125	-0.3720259426363394
ENSMUSG00000086326	-0.3035494223963407	-0.3826733263385597
ENSMUSG00000000120	0.01074081313843	0.2776623806115506
ENSMUSG00000102097	-0.1417611364602791	0.3530063167554004
ENSMUSG00000085237	-0.0188595845058714	-0.3097588974895895
ENSMUSG00000025056	0.0079260666389125	0.3627206681976277
ENSMUSG00000035311	-0.0621703904220861	0.3700409749909918
ENSMUSG00000027361	-0.0217895264532828	0.3213494215784149
ENSMUSG00000084204	-0.6046247799458435	-0.652744592147714
ENSMUSG00000057637	-0.0548353303604692	0.5004148777562675
ENSMUSG00000109293	-0.1070256733329483	-0.2634814343013255
ENSMUSG00000110730	-0.319560413447727	-0.51684187530675
ENSMUSG00000026618	-0.0558734966303814	0.384101690580098
ENSMUSG00000030314	-0.2237557190981096	-2.0
ENSMUSG00000087644	-0.2251681207449573	-0.0318102291088003
ENSMUSG00000108072	-0.1939049931852574	-0.340914219353117
ENSMUSG00000064065	-0.4550904882425717	-0.3414849230339952
ENSMUSG00000028036	-0.4540124035807279	-0.3746721123050234
ENSMUSG00000026179	-0.0267925022475736	0.3280365180437292
ENSMUSG00000116395	-0.0120279600245549	-0.0317708843434655
ENSMUSG00000107979	-0.4969333812846268	-0.4418301926904318
ENSMUSG00000095785	-2.0	-2.0
ENSMUSG00000097379	-0.0979743604864746	-0.3492042623929641
ENSMUSG00000079701	-0.7036906821663041	-0.6512093494779556
ENSMUSG00000034673	-0.2742105097935782	-0.1475090271470457
ENSMUSG00000100964	-2.0	-2.0
ENSMUSG00000028463	0.1120577675599083	-0.1751187473676642
ENSMUSG00000121427	-0.5903617562474236	-0.5755650019691997
ENSMUSG00000038022	-0.2339575021789211	0.397343747514115
ENSMUSG00000114309	-0.2326287475782064	0.2831501041241495
ENSMUSG00000028629	-0.3437631910085109	0.4736743696655339
ENSMUSG00000017679	-0.0503126278612568	0.4476878575030565
ENSMUSG00000041353	-0.2862066483951401	0.3645797722724854
ENSMUSG00000111554	-0.2225450472598122	-0.3610535269493169
ENSMUSG00000111021	-0.5400652843654487	-0.4092098647140679
ENSMUSG00000087117	-0.1377116349046103	-0.1766205956220142
ENSMUSG00000059273	0.0157846195343685	0.2748161840052895
ENSMUSG00000084885	-0.5894619896130854	0.1334841710428015
ENSMUSG00000030543	0.1179133114922992	0.2358373930663963
ENSMUSG00000111225	-0.2881710146151612	-0.2862424269087519
ENSMUSG00000043333	-0.2097401764164844	-0.0746878053425285
ENSMUSG00000057899	-0.3798362427126172	-0.3593585892664452
ENSMUSG00000063236	-0.2862249486274721	0.3422872387887436
ENSMUSG00000094722	-0.7312250023351656	-0.7489320162385318
ENSMUSG00000107365	-0.2513515547755829	-0.2278505780269414
ENSMUSG00000085922	-0.3419559608965091	-0.3254087014666449
ENSMUSG00000053773	-0.3805925458896812	-0.53316771753559
ENSMUSG00000105679	0.2940542226263947	-0.3603832419261868
ENSMUSG00000024588	-0.0266106320296998	-0.1849732386358108
ENSMUSG00000117796	-0.2462441921367881	-0.2636254919090876
ENSMUSG00000030890	-0.0117408722126454	0.2192769011726554
ENSMUSG00000053914	-0.322232497486852	-2.0
ENSMUSG00000103596	-0.027483175602493	0.0890622571101085
ENSMUSG00000042229	-0.0641175489633974	0.4040728642044568
ENSMUSG00000060503	-0.697021360300423	-0.4043688812472167
ENSMUSG00000104607	-0.417043046825191	-0.3580814311833169
ENSMUSG00000009075	-0.0182346526445741	0.0441181176679076
ENSMUSG00000090215	-0.2319247005109794	-0.9813844549805524
ENSMUSG00000020482	-0.0991514265078902	0.3979056111869125
ENSMUSG00000033256	-0.1058754236219532	0.4328708823783032
ENSMUSG00000094675	-0.7094423232251822	-1.0317572593625457
ENSMUSG00000049760	-0.1243718602365283	-0.2370592885487966
ENSMUSG00000024283	-0.0271570261111214	0.4368286905845691
ENSMUSG00000114297	-0.4181281326795641	-0.464350258647883
ENSMUSG00000033918	-0.019373964736513	0.3697025882857358
ENSMUSG00000070985	-0.3231902892654287	-0.6399468560278482
ENSMUSG00000101711	-0.0418943503977787	-0.002098709642429
ENSMUSG00000042961	-0.2098164882564965	-0.0229943508844387
ENSMUSG00000040749	-0.1384309425450715	0.4460846189492499
ENSMUSG00000032328	-0.1879648054532123	0.4794664710065287
ENSMUSG00000033039	-0.0109811307677548	0.3457598162887734
ENSMUSG00000062949	-0.536070299011675	-0.7334904531517468
ENSMUSG00000091050	0.1249624050126055	0.3886446180438426
ENSMUSG00000055003	-0.176263056498458	-0.0103461652513956
ENSMUSG00000075121	-0.6996267195715763	-0.7628337694793235
ENSMUSG00000093469	-0.8590685534639784	-0.6147077114686128
ENSMUSG00000097048	-0.0586295123337266	0.31639310468559
ENSMUSG00000081138	-0.2006385359792603	-0.2926471958447212
ENSMUSG00000113646	-0.1039950281122761	-0.0847950341659757
ENSMUSG00000101791	-0.4440880572774542	-0.7130058231493683
ENSMUSG00000056071	-0.3024911417935492	-0.4537397197195908
ENSMUSG00000061578	-0.1964052430087603	0.439986328160046
ENSMUSG00000051906	-0.1793609580329705	-0.2467278754931099
ENSMUSG00000026281	-0.0485993333538176	0.1255307106470395
ENSMUSG00000002963	-0.19503517032817	0.1157569157853669
ENSMUSG00000110358	-0.3808240360062801	-0.2919287158763533
ENSMUSG00000086054	-0.0692582373396643	-0.0571324482655635
ENSMUSG00000120797	-0.0074296055382945	0.2387740029547329
ENSMUSG00000111500	-0.7793935442316928	-0.3608060607567628
ENSMUSG00000025272	0.0004482211052628	0.2269585333070635
ENSMUSG00000024083	-0.1611292580195864	0.4668845174898796
ENSMUSG00000109032	-0.0134940278009807	0.0516078103724516
ENSMUSG00000105240	-0.5375143433655759	-1.1557801220818111
ENSMUSG00000112354	-0.3966613754921417	-0.369006182016606
ENSMUSG00000110659	-0.4405798657375147	-0.4901149752336228
ENSMUSG00000046764	-0.3630732166535725	-0.5710120400892749
ENSMUSG00000095301	-0.4989958980543028	-0.4322593422490252
ENSMUSG00000033721	-0.4317231612215446	0.070634749766594
ENSMUSG00000107304	0.248082194366868	-0.1322637687914121
ENSMUSG00000098036	-0.3795445384169379	-0.4104596097216994
ENSMUSG00000086648	-0.2573411566730529	-0.0843816477484585
ENSMUSG00000093768	-0.216991789696633	-0.1152048625410295
ENSMUSG00000090808	-2.0	-2.0
ENSMUSG00000020650	-0.2334998565724405	0.3980839273862276
ENSMUSG00000000708	-0.0156896630665146	0.2337041186969979
ENSMUSG00000079491	0.0606978403536116	-0.0913691684427538
ENSMUSG00000108644	0.0024711274848881	-0.2096106740937418
ENSMUSG00000027775	-0.0509219190248823	0.4232484960842543
ENSMUSG00000029106	-0.0608502045529864	0.5344548553898767
ENSMUSG00000051509	-0.5128423858448596	-0.5098824489491232
ENSMUSG00000066042	-0.2428021822704165	0.4640383264601243
ENSMUSG00000097789	-0.3209624169096273	-0.2840178704983971
ENSMUSG00000047129	-0.3976565069286033	-0.0920557837758729
ENSMUSG00000014104	-0.5701240686158426	-0.7893134357940206
ENSMUSG00000021982	-0.2247588410638343	0.3820843620120024
ENSMUSG00000116894	-0.3254028215651997	-0.5150101097329235
ENSMUSG00000083053	-0.4834585447019796	-1.0407971374222014
ENSMUSG00000112547	-0.2703226241030799	0.5414174765671796
ENSMUSG00000048425	-0.3943724241041665	-0.3861877661038084
ENSMUSG00000010751	0.0105876662358394	0.409758356461715
ENSMUSG00000058252	-0.7257390873292517	-0.3158453925910895
ENSMUSG00000014301	0.0047215143032786	0.3144912282919558
ENSMUSG00000074656	-0.0355901610137335	0.3611727173955012
ENSMUSG00000038521	-0.2741161242542959	0.1286269551174858
ENSMUSG00000075141	-0.582718707355671	-0.8310231126414103
ENSMUSG00000042292	-0.0064065701264604	0.4195423941239546
ENSMUSG00000118094	-0.3665004379296963	-0.1952395140363191
ENSMUSG00000046095	-0.3583539904993201	-0.2346073210143327
ENSMUSG00000025892	-0.5137991273635457	0.2120567101715963
ENSMUSG00000091375	-0.4420452603278864	-0.540619817425414
ENSMUSG00000024391	-0.3655723087445442	-0.2160412802574857
ENSMUSG00000020922	-0.0545796724916427	0.3351175533020451
ENSMUSG00000090742	-2.0	-2.0
ENSMUSG00000021962	-0.0230397777788605	0.4724036062610856
ENSMUSG00000103920	-0.4627193609223509	-0.7265336449913514
ENSMUSG00000032182	0.1105984634331552	0.2104555030110025
ENSMUSG00000031434	-0.5477610904692277	-0.0486414956690327
ENSMUSG00000036026	-0.0206930581513401	0.3202996127873364
ENSMUSG00000036208	-0.095298949473929	0.4596641384275133
ENSMUSG00000069565	-0.3486089678145449	0.3794509231243545
ENSMUSG00000020078	-0.0289156356736152	0.4298501063279728
ENSMUSG00000003657	-0.2628191295396715	-0.0124135417830107
ENSMUSG00000027971	-0.5281408491140333	-0.4664767983296052
ENSMUSG00000027655	-0.024160284170704	0.4157173583072788
ENSMUSG00000106644	-0.4327672458915189	-0.4181781810733836
ENSMUSG00000027519	-0.0162727049299878	0.4402114479245798
ENSMUSG00000063681	-0.466978249247838	-0.5435556187103121
ENSMUSG00000039126	-0.2535700764658	-0.2647644949214364
ENSMUSG00000066952	-0.1804379034322523	-0.2736585472999621
ENSMUSG00000030557	-0.2887581432766646	0.545540657075299
ENSMUSG00000028298	-0.0947025764099038	-0.3270984249880886
ENSMUSG00000040541	0.0864467520679717	0.0037140550534598
ENSMUSG00000121457	-0.157453163504985	-0.2425628214765928
ENSMUSG00000109982	-0.0421913657303763	-0.0486365408990103
ENSMUSG00000052485	-0.2731751875349567	-0.2745712744006178
ENSMUSG00000027550	-0.128837853749742	0.559844407596027
ENSMUSG00000030316	-0.0177685791126909	0.4223586798433181
ENSMUSG00000034000	-0.2620115621281842	-0.3078216862711537
ENSMUSG00000059189	-0.970431990653899	-0.6743364636084819
ENSMUSG00000062944	-0.0785395204607273	0.4447503415859661
ENSMUSG00000014867	-0.0760011311969133	0.4823627015022941
ENSMUSG00000078520	-0.2636647016985832	-0.4437718182026427
ENSMUSG00000038170	-0.1980653072146307	-0.2756351501175688
ENSMUSG00000108441	-0.5207737627309351	-0.9593724256573464
ENSMUSG00000041992	-0.1700183563227873	-0.2357358216471284
ENSMUSG00000108379	-0.4098539499785774	-0.0411922445841223
ENSMUSG00000019943	-0.0735782144024717	0.4682776013468654
ENSMUSG00000094464	-0.4069468747766537	-0.3517934343091026
ENSMUSG00000089998	-0.1036713542742246	0.4554980959690338
ENSMUSG00000031452	-0.2293242446261101	0.0516261662129679
ENSMUSG00000051220	-0.0335195088663435	0.4135160190653315
ENSMUSG00000111839	-0.4173063444765605	-0.6994662520457577
ENSMUSG00000028300	-0.1332726806110058	0.490794779823196
ENSMUSG00000021189	-0.0193359122300601	0.3357471467769475
ENSMUSG00000109765	-0.2280634602143206	-0.2289772485014558
ENSMUSG00000056919	-0.1524541149509537	0.5165364315370856
ENSMUSG00000034216	-0.0614366474309971	0.4031407763354304
ENSMUSG00000114465	-0.4423888685828168	-0.5134728960595221
ENSMUSG00000024867	-0.2904805610126966	0.3751447107600677
ENSMUSG00000079547	-0.2465815752785579	-0.0923432891606968
ENSMUSG00000101602	-2.0	-2.0
ENSMUSG00000042572	-0.0294174411551466	0.3301722059756503
ENSMUSG00000029203	-0.018960833031867	0.5152258910730669
ENSMUSG00000048939	-0.4167474811626694	-0.4284420913689076
ENSMUSG00000022787	-0.0674559218385023	0.4309047780508888
ENSMUSG00000015355	-0.4078530111233601	-0.3000962421197088
ENSMUSG00000037419	-0.2522980342906908	0.3314410641462314
ENSMUSG00000085417	-0.0704331328018854	-0.0514730957742877
ENSMUSG00000109249	-0.4387263644624204	-0.5654764437865231
ENSMUSG00000085514	-0.091849463027227	-0.1151147288471851
ENSMUSG00000100110	-0.3935524207786464	-0.1869142960571446
ENSMUSG00000084938	-0.3399866884775453	0.3884862805692149
ENSMUSG00000103281	-0.6693658882518778	-0.531262895374476
ENSMUSG00000032312	-0.0361676125502157	0.1716206893383352
ENSMUSG00000041747	-0.0511500252612897	0.4868842317857234
ENSMUSG00000118337	-0.4821285012684749	-0.4844419289991568
ENSMUSG00000022297	-0.1627350043190684	0.4449617819679761
ENSMUSG00000024610	0.021387292214679	-0.0922918294453644
ENSMUSG00000040007	-0.065632967968866	0.2718829438299845
ENSMUSG00000026336	-0.5023663699098958	-0.6663282401845769
ENSMUSG00000035649	-0.0877009786341815	0.5142815162878593
ENSMUSG00000104990	-0.6016939485227897	-0.5028170412640984
ENSMUSG00000057103	-0.2557339361443393	0.4651483881343103
ENSMUSG00000060675	-0.0977745761441483	0.3322946139234587
ENSMUSG00000035357	-0.4093364653263737	0.0941049510631967
ENSMUSG00000037343	-0.0189675474783543	0.4433518717914632
ENSMUSG00000106457	-0.0646588256310318	-0.0744180283204218
ENSMUSG00000087142	-0.1766293356751971	0.2841843005252698
ENSMUSG00000111786	-0.3112015813214063	-0.5122622309784315
ENSMUSG00000030727	-0.0753781700351674	0.4440207372120509
ENSMUSG00000047675	-0.0881806365702366	0.1342536284970424
ENSMUSG00000075064	-0.5773136609853826	-0.3133631945720105
ENSMUSG00000101396	-1.950730020205249	-1.3050983537109164
ENSMUSG00000107817	-2.0	-2.0
ENSMUSG00000049001	-0.3893956175285887	-0.1678265176831913
ENSMUSG00000069554	-0.4869238484311184	0.3094355428638755
ENSMUSG00000095890	-0.7819791786543759	-0.8296678641824518
ENSMUSG00000111820	-0.3335065428000433	-0.2632472833129846
ENSMUSG00000026303	-0.3527082021702687	-0.3527205295059494
ENSMUSG00000075167	-0.6680206804720458	-0.7571505008592786
ENSMUSG00000046204	-0.1263266408845098	0.22811807824214
ENSMUSG00000043924	-0.1496720373407284	0.0638156571557519
ENSMUSG00000029135	-0.230324235960969	0.3849495100347861
ENSMUSG00000026603	-0.0862361473225309	0.3326683125582574
ENSMUSG00000064373	-0.2642207139586869	0.0654401056384464
ENSMUSG00000036139	-0.1548761512519849	-0.0436960562008323
ENSMUSG00000043300	-0.0487607186497434	0.1745400875951198
ENSMUSG00000096840	-0.7680051901857241	-0.8250234117137624
ENSMUSG00000028612	-0.1191056136037162	-0.1681254926390068
ENSMUSG00000087538	-0.1561690926856399	-0.3135230012491163
ENSMUSG00000045103	-0.705616672473247	-1.077998138423346
ENSMUSG00000040919	-0.35272796521094	0.2195693334998146
ENSMUSG00000104937	-0.418754380339734	-0.3273357111098374
ENSMUSG00000001995	-0.0092835886328895	0.4710398646278344
ENSMUSG00000032745	-0.0059492258864311	0.4004651115991003
ENSMUSG00000103766	-0.0299205715495885	-0.1957877595597467
ENSMUSG00000110093	-0.3143888380059286	-0.3445853187882322
ENSMUSG00000051495	-0.0155994381314196	0.3179996894541574
ENSMUSG00000004872	-0.4016002057877339	-0.1917085245805332
ENSMUSG00000031755	-0.0578228284136871	0.5216779998228581
ENSMUSG00000024986	-0.285261960659676	0.4730286388604141
ENSMUSG00000054034	-0.6904275294479715	-0.3572990663196471
ENSMUSG00000106241	-0.1353387217435908	0.0042378608145686
ENSMUSG00000078314	-0.7626922725359782	-0.872144456624775
ENSMUSG00000085622	-0.0440829950248457	0.4659298368770085
ENSMUSG00000104402	-0.4499078532642452	-0.4636587589743342
ENSMUSG00000075551	-0.2121133750549672	-0.1935767671012666
ENSMUSG00000028614	-0.0205376732926385	0.402213220396167
ENSMUSG00000103594	-0.5791531947306843	-0.1501636916625632
ENSMUSG00000043747	-0.22787567801676	-0.4107306187092868
ENSMUSG00000097653	-2.0	-2.0
ENSMUSG00000114838	-0.4371903352602208	-0.3911234204888458
ENSMUSG00000024875	-0.195792803922529	0.2335661603221708
ENSMUSG00000091648	0.0847756859099148	-0.0733239334432183
ENSMUSG00000111878	-2.0	-0.5219650828506505
ENSMUSG00000104898	-0.476566337838598	-0.4232945480468995
ENSMUSG00000026437	-0.0448499918267071	0.3181922678759875
ENSMUSG00000030124	-0.0648827666535353	-0.2355527611304338
ENSMUSG00000109884	-0.4431802730945137	-0.4858266722603631
ENSMUSG00000021278	-0.1380717366411798	-0.1088977237746952
ENSMUSG00000116971	-0.3803714390587389	-0.326419389001138
ENSMUSG00000032380	-0.2694368642261253	0.0307524469612472
ENSMUSG00000104445	-0.0426309459379887	-0.022687935085966
ENSMUSG00000095651	-0.2859017020724762	-0.4670653179750504
ENSMUSG00000007682	-0.4152211402203654	-0.4834823419786438
ENSMUSG00000075570	-0.3864835453302454	-0.3388039392367412
ENSMUSG00000026011	-0.3321053188226465	-0.2626406711124562
ENSMUSG00000103195	-0.150416604963284	-0.232075067273443
ENSMUSG00000052496	-0.3316435343206423	0.3136145392797667
ENSMUSG00000106008	-0.556862858795751	-0.4160949098931157
ENSMUSG00000034640	-0.0458068099121385	0.4725373458639543
ENSMUSG00000114697	-0.5305373457227122	-0.8954020757908615
ENSMUSG00000027276	-0.1841322875953242	0.4868457293473305
ENSMUSG00000022672	-0.1071849550061255	0.4179941929277187
ENSMUSG00000103421	-0.2470916554309605	-0.1857881084722451
ENSMUSG00000110104	0.0183045444956467	0.2484179328526202
ENSMUSG00000082635	-0.7743579900647146	-1.1787105546032215
ENSMUSG00000112390	-0.2907079855674564	-0.5764392538222266
ENSMUSG00000027374	-0.0616406131181822	0.3427983804036201
ENSMUSG00000059070	0.0937248849615021	-0.2381014661750423
ENSMUSG00000021743	-0.287176514356002	-0.2249990839138464
ENSMUSG00000050813	-0.2870938373703195	-0.4010820678339253
ENSMUSG00000028673	-0.0530937317868626	0.4005839202959159
ENSMUSG00000050332	-0.1973418739773365	0.5219765609409169
ENSMUSG00000107993	-0.4231951122215288	-0.4944731633394075
ENSMUSG00000120430	-0.0338115068266217	0.078115338525922
ENSMUSG00000057534	0.0056036147140787	-0.1808057464532652
ENSMUSG00000114554	-0.3530059170712457	-0.224608028303388
ENSMUSG00000031782	-0.1341423226767259	0.4308416536655805
ENSMUSG00000032869	0.0086428327127098	-0.4773747829660413
ENSMUSG00000110594	-2.0	-2.0
ENSMUSG00000110369	-0.3733127462918674	-0.3371058590093617
ENSMUSG00000083161	-2.0	-2.0
ENSMUSG00000113965	-0.3534588506313133	0.4239742220357147
ENSMUSG00000037373	-0.0330476213556535	0.4528988292331997
ENSMUSG00000053541	-2.0	-2.0
ENSMUSG00000085158	0.0298684557731951	-1.3768106877434247
ENSMUSG00000101925	-0.2070501106416487	0.1855464042903555
ENSMUSG00000109040	-0.6004535748706644	-0.3828070804408224
ENSMUSG00000022659	-0.354220812615615	-0.4740385162766232
ENSMUSG00000083010	-0.6394523279659201	-0.7267472573911857
ENSMUSG00000098004	-0.0466056750702589	-2.0
ENSMUSG00000118064	-0.1776054140340929	-0.2559648530433731
ENSMUSG00000100594	-0.3860590730763576	0.5197028044542955
ENSMUSG00000110898	-0.3011071332139844	-0.5404115207679917
ENSMUSG00000105842	-0.0671302743744758	0.0067560455581479
ENSMUSG00000042894	-0.532016861472592	-0.4130872089783202
ENSMUSG00000000435	-0.6836553156055502	-0.4625211977901255
ENSMUSG00000042589	-0.0759762990502996	0.3822714177769788
ENSMUSG00000020091	-0.0286860129724165	0.2371932457621907
ENSMUSG00000096867	-0.34623211825431	-0.6759147303393284
ENSMUSG00000119960	-0.0183868595452038	-0.2139612064601411
ENSMUSG00000070000	-0.0073235893588288	0.2702345807326881
ENSMUSG00000114989	-0.5053512318397698	-0.641406972029824
ENSMUSG00000038048	-0.5163590791742526	-0.4858099238669225
ENSMUSG00000024481	-0.3847139904180416	0.0719838705394054
ENSMUSG00000074059	-0.3256327482600663	-0.2291320890543004
ENSMUSG00000085382	-0.3752127659230581	-0.2743861084050147
ENSMUSG00000017264	-0.0172045823628952	0.3800548675490824
ENSMUSG00000033007	-0.1426870472601535	-0.0897551016351866
ENSMUSG00000086417	-0.3253254715241045	0.269867706599524
ENSMUSG00000086358	-0.3705292369676112	0.3766265878755938
ENSMUSG00000121326	-0.3869031403715386	-0.2081548846807161
ENSMUSG00000075416	0.0082327394913548	-0.1877178310243136
ENSMUSG00000121548	-2.0	-2.0
ENSMUSG00000076431	-0.0623225616525439	0.3149520222548135
ENSMUSG00000047414	-0.3699936052491868	-0.4361128137395494
ENSMUSG00000058470	-0.4769501590290728	-0.5304253815008914
ENSMUSG00000045624	-0.0273661369029862	0.5201115702582134
ENSMUSG00000085177	-0.0862738627739207	-0.0293403026407333
ENSMUSG00000026463	-0.1814959302153855	-0.1594781358633023
ENSMUSG00000052928	-0.0977502078730679	0.2949412651992867
ENSMUSG00000053040	-0.2734750742674501	0.3905599689189607
ENSMUSG00000121159	-0.2657134689893732	-0.2511822374647225
ENSMUSG00000097680	0.0137551872706484	0.0040662260887009
ENSMUSG00000099815	-1.441819622279018	-2.0
ENSMUSG00000023165	-0.6267270937348096	-0.7546704160251928
ENSMUSG00000089890	-0.3225972866938592	-0.1423199658015882
ENSMUSG00000028801	-0.0906215757495017	0.0956379969920295
ENSMUSG00000103043	-0.3988865636737196	-0.2047827002663373
ENSMUSG00000110379	-0.4129224219225023	-0.4137201856406522
ENSMUSG00000035371	-0.5977521711846031	-0.4865405679132492
ENSMUSG00000042073	-0.1761313028529601	0.2559552581298482
ENSMUSG00000063430	-0.0808451018497505	-0.0057744680488885
ENSMUSG00000033862	-0.1495906393426202	0.40403997683635
ENSMUSG00000061286	-0.0532797734745479	0.3251016959619436
ENSMUSG00000121385	-0.2897023512122338	-0.303184218714273
ENSMUSG00000029417	-0.3450035219726134	-0.2805800563720148
ENSMUSG00000024462	-0.0177850479336617	0.2451981839957896
ENSMUSG00000028218	-0.1260386036701833	0.4284137548266632
ENSMUSG00000030706	-0.0532025982257419	0.4277492676345096
ENSMUSG00000086632	-0.1889702149510499	-0.1346615933227659
ENSMUSG00000037720	-0.0476140569818082	0.4282271528098953
ENSMUSG00000111866	-0.4336802605885375	-0.6594080122439354
ENSMUSG00000075153	-0.5808862775053633	-0.6025856319048224
ENSMUSG00000031633	-0.2220316260914372	0.4427828854718606
ENSMUSG00000075267	-0.415891182298051	-0.6868332751721636
ENSMUSG00000095095	-0.5881194253829732	-0.5378351160579179
ENSMUSG00000035673	0.0048969269175566	-0.4414875060939305
ENSMUSG00000060923	-0.4311074757624002	0.4920644018915568
ENSMUSG00000019920	-0.7683826114821769	-2.0
ENSMUSG00000027022	-0.513061417641121	-0.4740253728088757
ENSMUSG00000097044	-0.5273938981610568	-0.4709485094669894
ENSMUSG00000097149	0.3178737073248862	-0.0880593426182323
ENSMUSG00000029640	-0.0192001673251479	0.3971265955706406
ENSMUSG00000113832	-0.2896055536795981	-0.5531724683982525
ENSMUSG00000020799	-0.0529996122925062	0.1956031244700252
ENSMUSG00000087102	-0.4234591735847952	-0.2582162575302789
ENSMUSG00000099146	-0.3396935854113178	-0.5176235680095587
ENSMUSG00000086410	-0.3120139771010539	-0.1380386731064595
ENSMUSG00000009580	-0.5433437243505179	-0.5982438969484338
ENSMUSG00000090572	-0.5738914039989422	-0.7056047658451062
ENSMUSG00000092242	-0.3267604331678282	-0.3945886239994041
ENSMUSG00000075289	-0.0185593345594338	-0.0235730746836765
ENSMUSG00000111258	-0.1229310375502787	0.0891214035697177
ENSMUSG00000056972	-0.6413316626945893	-0.0711872613080689
ENSMUSG00000086021	-0.5782164702825013	-0.6490177918494465
ENSMUSG00000111208	-0.6297923006792977	-0.4873999099112643
ENSMUSG00000057402	-1.0199951731911083	-0.6047232434221488
ENSMUSG00000110405	-0.2817383604550825	-0.3803935446769017
ENSMUSG00000044550	-1.0056951679159585	-0.5948353881631057
ENSMUSG00000031189	-0.7741021828935206	-0.4909696429958443
ENSMUSG00000037316	-0.0668414425673855	0.4679701872753849
ENSMUSG00000087689	-0.4670424034596543	-0.4412017245292525
ENSMUSG00000070524	-0.0721712516590404	-0.5167031855629078
ENSMUSG00000000378	-0.0354628118372626	0.513652209891252
ENSMUSG00000013846	-0.200239146638567	0.3666814022740239
ENSMUSG00000032572	-0.2601935635205175	-0.2453962091244057
ENSMUSG00000106186	-0.1539812396815627	-0.2521963385433087
ENSMUSG00000028423	-0.0110506211635288	0.3421063202787655
ENSMUSG00000034641	-0.3262488752443398	-0.2321576748193529
ENSMUSG00000010825	-0.2306213444529926	-0.0617058863554023
ENSMUSG00000035186	-0.2986432560318517	-0.3787030052926664
ENSMUSG00000027652	-0.0812417288839619	0.4469476577842733
ENSMUSG00000066319	-0.1750862493542282	-0.0522376915233624
ENSMUSG00000027194	-0.0963328935480627	0.3585447166221861
ENSMUSG00000034617	-0.0573951650590026	0.3953844116355982
ENSMUSG00000039099	-0.1651086312562339	0.4046497009231018
ENSMUSG00000085767	-0.0691208281471248	0.1896946395003151
ENSMUSG00000043727	-0.3171660165342939	-0.1497876634331173
ENSMUSG00000072821	-0.8036813035039952	-0.8729119255357488
ENSMUSG00000063626	-0.4159717564556541	0.2017061555371763
ENSMUSG00000095521	-1.0569033573660245	-0.6662054288178861
ENSMUSG00000087202	-0.298776651648636	-0.4191949791183389
ENSMUSG00000114233	-0.2230833780534998	-0.4258323273225818
ENSMUSG00000117923	-0.3767635318189418	-0.5247837954614972
ENSMUSG00000032388	-0.0368025533674635	0.4117156441466834
ENSMUSG00000073010	-0.7089196204210244	-0.7008633498751796
ENSMUSG00000090785	-0.591331719458435	-0.5058956589875859
ENSMUSG00000050930	0.0432257977149404	0.3831619973437733
ENSMUSG00000117615	-0.5706434472541615	-0.2425893937347562
ENSMUSG00000048827	-0.2542956255408264	-0.1161108612218281
ENSMUSG00000117448	-0.3317532662370174	-0.065592659155247
ENSMUSG00000003184	0.0285119601288786	0.1723401736248133
ENSMUSG00000102968	-2.0	-2.0
ENSMUSG00000032905	-0.1035752032156962	0.4460497880147919
ENSMUSG00000047889	-0.4573216856557409	-0.4880396754959761
ENSMUSG00000024430	0.0553255705659576	0.0273160862872792
ENSMUSG00000097321	-0.2897341704972664	0.5304896434908356
ENSMUSG00000085284	-0.5553301450755991	-0.990564402515122
ENSMUSG00000039449	-0.0379115073176619	0.4211368091810187
ENSMUSG00000116010	-0.2307792845223048	0.2870291630880991
ENSMUSG00000027584	-0.26681373287816	-0.267285318646575
ENSMUSG00000117017	-0.2150868603577565	-0.582775833834258
ENSMUSG00000086228	-0.0079464514923135	0.1230646267086035
ENSMUSG00000097563	-0.3816978891532175	-0.4674509978787834
ENSMUSG00000045440	0.0382258200016202	0.0156856055196848
ENSMUSG00000033955	-0.023637547247766	-0.1225885672589543
ENSMUSG00000056966	-0.4461614240940261	-0.2574234809475567
ENSMUSG00000115813	-0.1025298328102585	0.2741282792710284
ENSMUSG00000106648	-0.0131749000412677	-0.0101888359413533
ENSMUSG00000020088	-0.099912767346922	0.3495269565492178
ENSMUSG00000006344	-0.2687710666913457	-0.156574729424204
ENSMUSG00000057195	-0.3427140511643851	-0.2520872167716265
ENSMUSG00000073805	-0.0649151422884254	0.2034511973431347
ENSMUSG00000038656	-0.3347973757745408	-0.3124740708313471
ENSMUSG00000109167	-0.2781216500197383	-0.4983686406522888
ENSMUSG00000071533	-0.0670358001673624	0.3544073460902839
ENSMUSG00000054142	-0.4416995220371356	-0.144618253340237
ENSMUSG00000095918	-0.2585997185708591	-0.2502384929905589
ENSMUSG00000112352	-0.3171809811613572	-0.231210403015363
ENSMUSG00000002129	-0.0170246048559936	0.3627135092230663
ENSMUSG00000025044	-0.595290023639297	-0.7417518892079484
ENSMUSG00000096433	-0.4780088166657553	0.4762857375359775
ENSMUSG00000085541	0.1516517283515179	-0.3067894122968533
ENSMUSG00000039934	-0.2864580502343373	0.0746311313824347
ENSMUSG00000111008	-0.5018974058589071	-0.1890562520125757
ENSMUSG00000017418	-0.0403234751960877	0.4573413404993454
ENSMUSG00000046840	-0.1348336999819828	-0.1919080522302202
ENSMUSG00000097097	-0.2739958042724562	-0.3158315703288517
ENSMUSG00000085873	-0.348841336441763	0.3153257687760493
ENSMUSG00000003411	-0.2658146957797186	-0.0321825453115225
ENSMUSG00000097381	-0.0002680423949192	0.0938204225563399
ENSMUSG00000048502	-2.0	-2.0
ENSMUSG00000038260	-0.0415923762340672	0.3062152287343009
ENSMUSG00000048852	-0.2606618738268919	-0.2238755467779049
ENSMUSG00000086918	-0.2202099229254706	0.4845315910803613
ENSMUSG00000042340	-0.2100259219135888	0.2454406084336519
ENSMUSG00000022105	-0.4826700062821019	0.2824891535592125
ENSMUSG00000108932	-0.3169408881819702	-0.3335891087004788
ENSMUSG00000033386	0.0062995664511314	-0.112242307976771
ENSMUSG00000113723	-2.0	-2.0
ENSMUSG00000118370	-2.0	-2.0
ENSMUSG00000109093	-0.4107496283258159	-0.3511442979526336
ENSMUSG00000020940	-0.0475932189640016	-0.1806117803622383
ENSMUSG00000048217	-0.1497627699560872	0.1099317104370211
ENSMUSG00000044824	-0.3790522504878751	-0.2804198109535922
ENSMUSG00000054146	-0.2464890997295987	-0.1974633889805759
ENSMUSG00000018593	-0.002444998772634	-0.2180039278136757
ENSMUSG00000028583	-0.1260812164907278	0.2433731946766102
ENSMUSG00000021611	-0.0378245061674762	0.2439914565976081
ENSMUSG00000038578	-0.2885609388374188	0.2730230441480147
ENSMUSG00000085582	-0.4412844712131984	-0.5796108338954875
ENSMUSG00000031787	-0.0556250264934211	0.3919268487497648
ENSMUSG00000120204	-0.1459169330160363	0.2685587838794866
ENSMUSG00000055943	-0.0584622322286784	0.5413860148004787
ENSMUSG00000024985	-0.0903888851741099	0.2749061312283528
ENSMUSG00000000889	-0.3996525466669061	-0.366738843253527
ENSMUSG00000095824	-0.0946718989155687	-0.1573114090583875
ENSMUSG00000035382	-0.0642413997848142	0.4130122632482863
ENSMUSG00000013611	-0.1912804642073132	0.0896211383230697
ENSMUSG00000040035	-0.2671209058936177	0.4130032023691302
ENSMUSG00000062868	-0.6257081779273723	-0.9139578188062324
ENSMUSG00000019817	-0.3211638009421215	0.1594962085562316
ENSMUSG00000075254	-0.1141832359577169	0.2587507494792981
ENSMUSG00000094786	-0.0803545560677088	0.3514468761358806
ENSMUSG00000034057	-0.2685498444087096	-0.2625563980627797
ENSMUSG00000100609	-2.0	-2.0
ENSMUSG00000039086	-0.1136456759930873	0.3770015551246852
ENSMUSG00000000386	-0.3369386459169847	-0.4527871650031438
ENSMUSG00000120270	-0.4827328255223382	0.351392348859315
ENSMUSG00000002190	-0.0734054887460599	0.3969580888123836
ENSMUSG00000028454	-0.1927392999609119	0.3219681585646921
ENSMUSG00000102312	-0.3712431484930222	-0.471386126518436
ENSMUSG00000091815	-2.0	-2.0
ENSMUSG00000091472	-0.0641022462729728	0.4472067316356172
ENSMUSG00000057265	-0.0696545125663749	0.4501308162667682
ENSMUSG00000026047	-0.1590053900052002	0.4634480196822816
ENSMUSG00000067813	-0.3910802847420442	-0.4179166281699552
ENSMUSG00000054099	-0.0569987229413982	0.3332069857507052
ENSMUSG00000036634	-0.2496976160390558	-0.2991912689585335
ENSMUSG00000107748	-0.4049182090125952	-0.5632927107199013
ENSMUSG00000027130	-0.0364574294512768	0.264632736361204
ENSMUSG00000048655	-0.3472888548365199	0.046917625264675
ENSMUSG00000115973	-0.4122789801141319	-0.4415589268581629
ENSMUSG00000047181	-0.1251183979625449	-0.0837308633287817
ENSMUSG00000097156	-0.2200550587099738	-0.2815388361031685
ENSMUSG00000017132	-0.1118191576921039	0.2172030622794409
ENSMUSG00000020467	-0.4444451288875638	-0.1679799436191759
ENSMUSG00000045877	0.0483557907416158	-0.0014938466476209
ENSMUSG00000027339	-0.1148171713927664	0.4279483963270969
ENSMUSG00000048450	-0.2629281174939381	-0.1561062516466525
ENSMUSG00000020135	-0.0603243297015546	0.1132224936887241
ENSMUSG00000078307	-0.5332142363060409	-0.0780782890455559
ENSMUSG00000084909	-0.3825743844581273	-0.3976536858657934
ENSMUSG00000039092	-0.585386931774662	-0.463110180846611
ENSMUSG00000093672	-0.0975888026030692	-0.2549238024308885
ENSMUSG00000107346	-0.6582324132327907	-0.77980767746485
ENSMUSG00000004843	-0.1775153411838428	0.4692436513280772
ENSMUSG00000058704	-0.1382275391527115	0.036050515537037
ENSMUSG00000107009	-0.3831150664653516	-0.2613698856226295
ENSMUSG00000117358	-0.2012597430950055	0.5168541361211066
ENSMUSG00000101705	-0.1731584049721647	0.069092330719552
ENSMUSG00000029288	-0.4968475859824524	-0.421434133551454
ENSMUSG00000042474	-0.3899618981124565	-0.2268760301074146
ENSMUSG00000094560	-1.1053583385384187	-1.078413397724447
ENSMUSG00000054717	-0.2292248431982824	0.4201604626512602
ENSMUSG00000117684	-0.327078447945291	-0.0589335943418804
ENSMUSG00000115589	-0.2923378653952765	-0.242797320840415
ENSMUSG00000017999	-0.0444006566085823	0.4160387341916148
ENSMUSG00000048285	-0.0726682426307563	0.5406860255857047
ENSMUSG00000035513	-0.2078520040550979	-0.1524301785867849
ENSMUSG00000105260	-0.1551299623862532	0.0108154600902595
ENSMUSG00000114646	-0.5460722709535385	-0.5477892987961887
ENSMUSG00000050128	-0.4870534522833207	-0.8133265845962424
ENSMUSG00000038518	-0.0011647749041398	0.1862560431237026
ENSMUSG00000059729	-0.2436224157340689	-0.3107392800696627
ENSMUSG00000102422	-0.2985055835801969	-0.4725918134311532
ENSMUSG00000090761	-0.0102165801031779	0.024111389273852
ENSMUSG00000024026	-0.0063042403722577	0.1567689686308841
ENSMUSG00000105501	-0.214839758055244	-0.5393670223808288
ENSMUSG00000032657	-0.0747350541894751	0.3138145115297291
ENSMUSG00000034274	-0.0415302480048705	0.4331698853868945
ENSMUSG00000086708	-0.4416414054454916	-0.4403779250658913
ENSMUSG00000027350	-0.3870630020348453	0.0337196987029234
ENSMUSG00000006021	-0.3040062281042761	0.1823975314210534
ENSMUSG00000000392	-0.4877330258012672	-0.3569968732268009
ENSMUSG00000118229	-0.3489413213159599	-0.178642662279286
ENSMUSG00000019865	-0.3711006397131577	0.4311787474751593
ENSMUSG00000038570	-0.3337411758748775	0.3633806705931886
ENSMUSG00000067543	-0.6690917778103175	-0.4074590766829062
ENSMUSG00000024936	-0.0349195231051092	0.141424059897377
ENSMUSG00000095562	-0.0614578602028789	0.4334216189336468
ENSMUSG00000001622	-0.6466388440133584	-0.4915241503517672
ENSMUSG00000117445	-0.2769845923373802	-0.3809045814240364
ENSMUSG00000047907	-0.2471444380330055	-0.1943707075370049
ENSMUSG00000063590	-0.49102745915979	-0.4982193398130893
ENSMUSG00000113776	0.0549976216618009	-0.0749166696572112
ENSMUSG00000022016	-0.2680557262153594	0.4485254550093024
ENSMUSG00000070796	-0.3949096755681701	-0.3856573904611984
ENSMUSG00000107895	-0.4803627965606682	-0.1358509818903843
ENSMUSG00000101717	-0.4244390069753874	-0.254802904569158
ENSMUSG00000042078	-0.1206152988567865	0.1442192175114864
ENSMUSG00000035851	-0.048621191186002	0.4663396243203381
ENSMUSG00000086931	-0.1700061509748065	-0.2747340850155039
ENSMUSG00000087179	-0.0450265610657638	0.3167254030700059
ENSMUSG00000107709	-0.4631068756741092	-0.4193733423028525
ENSMUSG00000086168	-0.6278971637865444	-0.5996513110042045
ENSMUSG00000020168	-0.752993808083284	-0.8661169857452878
ENSMUSG00000086529	-0.2128361939479862	-0.084111792228646
ENSMUSG00000058818	-0.4474135411323824	-0.9132878929450466
ENSMUSG00000034115	-0.3526340498674971	-0.4648753258416186
ENSMUSG00000006204	-0.4065686015948014	-0.2755868167220653
ENSMUSG00000096768	-2.0	-2.0
ENSMUSG00000110266	-0.3556226690853591	-0.2080153370405516
ENSMUSG00000057228	-0.3912143231157875	-0.0818435892536554
ENSMUSG00000038770	-0.2480287327833297	-0.2003268945441256
ENSMUSG00000030323	-0.0487266099559984	0.379922701963357
ENSMUSG00000109931	-0.2144882265966569	0.2692980787503808
ENSMUSG00000114384	-0.3611959686874948	-0.4943798810339885
ENSMUSG00000007908	-0.4491489116313777	0.0184543287050867
ENSMUSG00000095654	-2.0	-0.5093143982299732
ENSMUSG00000047264	-0.1209902995005069	0.2726815136395171
ENSMUSG00000033777	-0.5851127176785359	-0.6135117358825947
ENSMUSG00000073008	-0.8097435673821568	-1.0875437958902892
ENSMUSG00000041415	-0.0152541992405435	0.4380408407860268
ENSMUSG00000114638	-0.1156024212777541	0.2828984147777156
ENSMUSG00000034342	-0.0206947890109015	0.5046122060833078
ENSMUSG00000112516	-0.4923688866416519	-0.3874840054907255
ENSMUSG00000113691	-2.0	-2.0
ENSMUSG00000120469	0.1617103309432485	-0.0302216123817363
ENSMUSG00000063765	0.031246836232675	-0.4598988714353508
ENSMUSG00000026288	-0.1045051880672402	-0.2186998321621923
ENSMUSG00000020346	-0.0191558664663175	0.3926470153146517
ENSMUSG00000013353	-2.0	-2.0
ENSMUSG00000033106	-0.0689011045455859	0.4473279933490268
ENSMUSG00000097842	-0.0300729276098188	0.2618127062523159
ENSMUSG00000028520	-0.3039700227519812	-0.6093803475999857
ENSMUSG00000048373	-0.0999829608955499	0.2099383792818921
ENSMUSG00000102571	-0.322593270337252	-0.2432467773359239
ENSMUSG00000046667	-0.1627085995487009	0.4271276195431109
ENSMUSG00000031835	-0.0223067506705501	0.4770891157388446
ENSMUSG00000101553	-0.109463967080752	0.287442280888421
ENSMUSG00000121729	-0.4835402541327826	-0.3517118243392498
ENSMUSG00000033491	-0.1104875336967498	0.2213986394781275
ENSMUSG00000073779	-0.0734286314385736	-0.0791692249427371
ENSMUSG00000107044	-0.3498704477614047	-0.4123117266189143
ENSMUSG00000118169	-0.3201913994905273	-0.0541477212692045
ENSMUSG00000094098	-0.2944934451183049	-0.1703399301879298
ENSMUSG00000032921	-0.1968802081113056	-0.1462379017572371
ENSMUSG00000047749	-0.1183565557263855	0.4439138629542261
ENSMUSG00000070730	-0.0344446083123833	0.4251026460738469
ENSMUSG00000080078	0.2795665702800117	0.0317497865513402
ENSMUSG00000074802	-0.0542445404486218	0.5181940234120533
ENSMUSG00000026579	-0.3677039024852255	-0.1934203875890609
ENSMUSG00000052372	-0.7813138044648554	-0.7192759787604643
ENSMUSG00000020190	-0.1497936724172181	0.5014161412304244
ENSMUSG00000100886	-0.3950179390101337	-0.5616712912027363
ENSMUSG00000090861	-0.2132830673151013	0.5138148104390932
ENSMUSG00000085781	-0.4716837605595142	-0.3457803197040689
ENSMUSG00000114333	-2.0	-0.6827203545405491
ENSMUSG00000022124	-0.0690240871924106	0.4431005074570393
ENSMUSG00000111366	-0.3413924543379501	-0.4222908775200003
ENSMUSG00000087383	-0.2479855284053127	-0.2376954355537008
ENSMUSG00000032939	-0.0104131520066015	0.4687563199880815
ENSMUSG00000020522	-0.0641881295337801	0.4042855442274455
ENSMUSG00000031561	-0.1781932416974738	-0.2567574791388228
ENSMUSG00000059263	-0.1293256521108178	0.5303774791379879
ENSMUSG00000027884	-0.0667359908269191	0.4952892360387887
ENSMUSG00000051703	-0.1483296951459583	0.2557828389433034
ENSMUSG00000030742	-0.196648876063666	0.2787549724069221
ENSMUSG00000087559	-0.3439531877476598	-0.2992677345544607
ENSMUSG00000109985	-0.3413617628961046	-0.3156568797547029
ENSMUSG00000033295	-0.0182416276278763	0.4241521933452039
ENSMUSG00000021916	-0.1280627368367539	0.4090172671370839
ENSMUSG00000019767	-0.3341478237663552	0.2060618171224371
ENSMUSG00000107008	-0.3112136742321507	-0.190790690236126
ENSMUSG00000028884	-0.0698698228155306	0.415288598133004
ENSMUSG00000030534	-0.0596534809794755	0.1123958464278316
ENSMUSG00000027597	-0.0975722739131185	0.4769999248478563
ENSMUSG00000028023	-0.1465798500195261	-0.1358427876201454
ENSMUSG00000028085	-0.2141915657348707	0.5510709228464412
ENSMUSG00000020525	-0.0417400859353024	0.5018900656312296
ENSMUSG00000038192	-0.3698195500516624	-0.2662071725992184
ENSMUSG00000100221	-0.3611686338072672	-0.7058371804810131
ENSMUSG00000110363	-0.2674388277980994	-0.4024480671408413
ENSMUSG00000097441	-0.3807192115452575	-0.0848978878196634
ENSMUSG00000038576	-0.2689924017183129	0.2725813669455773
ENSMUSG00000010554	-0.0257892398729795	0.4574461731695422
ENSMUSG00000067787	-0.0716634575724391	0.341750583840719
ENSMUSG00000067724	-0.0527881877121911	0.1349412014480696
ENSMUSG00000004631	-0.2100442363154058	0.2975250312189565
ENSMUSG00000048047	-0.2709413661479392	0.3517054974008181
ENSMUSG00000025872	-0.0869867283855978	0.4213419551404176
ENSMUSG00000086659	-2.0	-2.0
ENSMUSG00000038914	-0.0148424495716248	0.3164748409800321
ENSMUSG00000078796	-0.3712631606332407	-0.2417651963315561
ENSMUSG00000095241	-0.2673115025145074	-0.1705422247008837
ENSMUSG00000114486	-0.6625363458678354	-0.8291334520514313
ENSMUSG00000095193	-0.0529965701882617	0.4240311546159159
ENSMUSG00000108095	0.1825451494469393	-0.3025854675169784
ENSMUSG00000021514	-2.0	-2.0
ENSMUSG00000037601	-0.0793015101539055	0.333717239113083
ENSMUSG00000084758	-0.1705139260935436	-0.2520918729017244
ENSMUSG00000030157	-0.3792016564851592	0.0966679219166526
ENSMUSG00000089875	-0.2817912057358649	0.4921164298560337
ENSMUSG00000044629	-0.4790840911974233	-0.2896994740513916
ENSMUSG00000078625	-0.3419464167851023	-0.273249976853168
ENSMUSG00000047810	0.0559796574138489	-0.3497690438076609
ENSMUSG00000102990	-0.8332409298273123	-0.5260846692454547
ENSMUSG00000079435	-0.0041641989167417	0.3073068753822224
ENSMUSG00000114852	-2.0	-2.0
ENSMUSG00000090487	-2.0	-2.0
ENSMUSG00000027067	-0.1009340967343691	0.4197687799782426
ENSMUSG00000025647	-0.096623364695744	0.4303302011945578
ENSMUSG00000003746	-0.39062247204184	0.4724331671366956
ENSMUSG00000121511	-0.3837276595121596	0.5372885542314543
ENSMUSG00000036924	-0.4159916759676851	-0.519797812226582
ENSMUSG00000053347	-0.2862244449410329	0.5344327809475148
ENSMUSG00000094500	-0.0462548977146637	-0.0920119695867805
ENSMUSG00000034998	-0.03077201192002	0.4258164853735461
ENSMUSG00000083258	-0.2946959305281687	-0.4937133873999096
ENSMUSG00000107108	-0.2436720382904453	0.1281907961146658
ENSMUSG00000095028	-2.0	-2.0
ENSMUSG00000023990	-0.0160544456756524	0.1950368458465991
ENSMUSG00000103567	-0.0279951857800448	0.1052455080920085
ENSMUSG00000014704	-0.1562943041182542	0.0564768985852332
ENSMUSG00000092536	-0.3377902915845294	0.1667270022699886
ENSMUSG00000041220	0.0002367128294781	0.2056562931808855
ENSMUSG00000024066	-0.4355384691526685	-0.4492798881657679
ENSMUSG00000033177	-0.4254118028426538	-0.2778394531358197
ENSMUSG00000112500	-0.3049684367333173	0.4846733143604009
ENSMUSG00000033111	-0.3797810516408523	-2.0
ENSMUSG00000026729	-0.3631828467166103	-0.3206956859266887
ENSMUSG00000096988	-0.0741522308937845	0.0929528143979051
ENSMUSG00000097030	0.0093234783950958	0.229684708600614
ENSMUSG00000039252	-0.2762209851760719	0.0849985713850526
ENSMUSG00000026082	-0.0318882749981604	0.4326473770142192
ENSMUSG00000020492	-0.0775002054526339	0.501261703117452
ENSMUSG00000074111	-0.4678078931172027	-0.3401324588429832
ENSMUSG00000039578	-0.517830143292414	-0.0159012519159241
ENSMUSG00000022475	-0.0252571748969902	-0.2643972683085915
ENSMUSG00000121472	-0.1425775174243351	0.4540508233137278
ENSMUSG00000019843	-0.0815153603372212	0.4842938588570053
ENSMUSG00000047631	-0.2608526651500397	-0.1871999755957946
ENSMUSG00000108237	-0.4380063663664957	-0.2388756729853829
ENSMUSG00000103779	-0.059364200085112	-0.1327379814387965
ENSMUSG00000091531	-0.3927397559586267	-0.2550167635952823
ENSMUSG00000023150	-0.0565304146977074	0.4464209668829167
ENSMUSG00000108607	-0.0288452694952717	-0.3946912898514224
ENSMUSG00000027377	-0.3195421035069667	-0.1705297473603741
ENSMUSG00000096257	0.0518257937155514	-0.0180441068278225
ENSMUSG00000086310	-0.0235220903578638	0.0290500138921124
ENSMUSG00000054072	-0.3979612896230384	-0.2280520059647174
ENSMUSG00000002718	-0.0993854759088677	0.4894235040393184
ENSMUSG00000033712	-0.0767956812239494	0.3381530588294029
ENSMUSG00000097627	0.0172352392947534	0.2586080734029184
ENSMUSG00000082831	-0.7253637663473503	-0.5070231879602037
ENSMUSG00000087300	-0.0091887406332573	-0.0354958002680496
ENSMUSG00000055172	-0.284266169589896	-0.1783077598358579
ENSMUSG00000033313	0.0434369466711232	0.0512190705650514
ENSMUSG00000085909	-0.4446245002156457	-0.5137795635847746
ENSMUSG00000049334	-0.3964038063373116	-0.663053848641588
ENSMUSG00000105711	-0.5175794617534046	-0.4304914916615254
ENSMUSG00000094846	-0.7910411311015039	-1.1587599456546065
ENSMUSG00000042817	-0.2946069143237704	-0.148311118029594
ENSMUSG00000032119	-0.0169286834652259	-2.0
ENSMUSG00000106990	-0.5142399712801026	0.1090803917855944
ENSMUSG00000031818	-0.0658838961580488	0.2972574446737793
ENSMUSG00000033467	0.1347131080429139	0.150036418401718
ENSMUSG00000087400	-0.1450280243980442	0.0368713619731006
ENSMUSG00000086402	-0.3326331673713508	-0.3509104018971861
ENSMUSG00000105530	-0.8866636809039947	-0.5467036504908604
ENSMUSG00000092583	-0.4285984266805874	-0.3147029916693017
ENSMUSG00000049561	-0.0888398334595639	-0.3795593167205017
ENSMUSG00000102893	-0.0047290635926118	-0.0735193626873613
ENSMUSG00000109926	-0.0235079698584247	-0.2064701304742708
ENSMUSG00000071112	-0.2496872745862353	-0.1267638234700719
ENSMUSG00000036862	-0.3168437711500863	-0.3165804068349416
ENSMUSG00000097760	-0.0289441381483432	0.3128925488760958
ENSMUSG00000100619	-1.6209447950333171	-2.0
ENSMUSG00000023931	-0.2436473785199791	0.3678529316663551
ENSMUSG00000055048	-0.4276240549379097	-0.3957737308486773
ENSMUSG00000091142	-0.6853294458111024	-0.6654409050020574
ENSMUSG00000032028	-0.4105859492462205	-0.6368747401640577
ENSMUSG00000039865	-0.0889839463691438	0.1855489539319857
ENSMUSG00000120282	0.0209544684043408	0.0915679904763241
ENSMUSG00000035842	-0.055429096070615	0.4326229993151818
ENSMUSG00000028073	-0.1659145255076596	-0.1514176703528729
ENSMUSG00000067848	-0.326227887897498	-0.790736305561319
ENSMUSG00000075102	-0.733580839603084	-0.5346483236853488
ENSMUSG00000112437	-0.0542135410048426	-0.4383212931389802
ENSMUSG00000002910	-0.229580437015094	0.4620827954082474
ENSMUSG00000112441	-0.0276180173752338	-0.0308923037616138
ENSMUSG00000073245	-2.0	-2.0
ENSMUSG00000063522	-0.1692700963136971	-0.1607382109489468
ENSMUSG00000116717	-0.3058033176898642	-0.3972114396995624
ENSMUSG00000104453	0.0212147769321997	0.0457844941520268
ENSMUSG00000037071	-0.0228558098858911	0.4270941584100785
ENSMUSG00000040363	-0.2104142116959712	0.0995432193666694
ENSMUSG00000054364	-0.0386958726781317	0.4882593030383066
ENSMUSG00000023393	-0.0323139887454997	0.2159113231980517
ENSMUSG00000001436	-0.0711560518805192	0.3962436463617975
ENSMUSG00000106698	0.0084959285765781	-0.0351819461701886
ENSMUSG00000085816	-0.3411578438062884	-0.3191300621261956
ENSMUSG00000051182	-0.5545063301755745	-0.4831255196738708
ENSMUSG00000109570	-0.1757867950833402	-0.0977250795254982
ENSMUSG00000018199	-0.1219843719982715	0.4450366034584773
ENSMUSG00000059816	-0.1757036071441705	0.1125872406717605
ENSMUSG00000015290	-0.0612592811728771	0.3458424763295713
ENSMUSG00000042105	-0.121089007513772	0.4923636173772757
ENSMUSG00000018623	-0.3950897700898536	-0.4534086785251403
ENSMUSG00000114458	0.018688018760442	0.046794735888931
ENSMUSG00000099501	-2.0	-2.0
ENSMUSG00000066760	-0.3668712349186286	0.0793835077873045
ENSMUSG00000091990	-0.6085603452389409	-0.7108790355635245
ENSMUSG00000038379	-0.0476225863193333	0.5048301112420823
ENSMUSG00000056211	-0.0425649326343259	0.4895830530387127
ENSMUSG00000120088	-0.0515643419494348	-0.2180261691590238
ENSMUSG00000121289	-2.0	-2.0
ENSMUSG00000036013	-0.7956668310864051	-0.6512448726873201
ENSMUSG00000034758	-0.015209399505147	0.0291154063222109
ENSMUSG00000075010	-0.4475048062352365	-0.3216112731165521
ENSMUSG00000096084	-0.3142292855201902	-0.1934266248748676
ENSMUSG00000111245	-0.5214043600401113	-0.3512320609603783
ENSMUSG00000073130	-0.6989096415981473	-0.843364119574478
ENSMUSG00000057067	-0.7087061584161829	-0.988767989680634
ENSMUSG00000083847	-0.5727644452669808	-0.7031819123567097
ENSMUSG00000024224	-0.1212440588189468	0.0186381787608203
ENSMUSG00000103348	-0.425749208473172	-0.4697529035108468
ENSMUSG00000039850	-0.0072218381684219	0.4348144026160164
ENSMUSG00000024245	-0.3426259086953916	-0.1423422664325769
ENSMUSG00000027698	-0.1573972498956983	0.3722954562460253
ENSMUSG00000114935	-0.1261649448636426	0.2703084218028894
ENSMUSG00000043488	-0.0916337045060056	0.076990577554424
ENSMUSG00000050248	-0.099228810416174	0.3181698075763978
ENSMUSG00000106759	-0.1512247040176354	-0.4187293677579844
ENSMUSG00000062914	-0.4481315243109853	-0.5639921516433967
ENSMUSG00000114770	-2.0	-2.0
ENSMUSG00000033632	-0.1661278837974546	0.4893894480735125
ENSMUSG00000063020	-0.7454195393123383	-0.5892487744730173
ENSMUSG00000106632	-0.3375233989440088	-0.3703794217348899
ENSMUSG00000063884	-0.0472869669969936	0.4376459391396372
ENSMUSG00000030805	-0.1640744024871427	0.4341749863995512
ENSMUSG00000074987	-0.3166456404864629	-0.004729941692273
ENSMUSG00000095953	-0.4168683597664646	-0.5030266757162669
ENSMUSG00000086028	-0.1072414345542918	-0.1969972191363677
ENSMUSG00000112400	-0.2352056810893116	0.3289639784473136
ENSMUSG00000110135	-0.4082477257024224	-0.3842571762236631
ENSMUSG00000041408	-0.0185810913966115	0.3514306346842927
ENSMUSG00000070847	-0.6645407753664072	-0.3763912212344725
ENSMUSG00000072772	-0.3887044012112695	0.5246533767373125
ENSMUSG00000121527	-1.0296483809652737	-1.0480953541046227
ENSMUSG00000026141	-0.505557920257319	-0.2339103167965813
ENSMUSG00000028967	0.0784241903641141	-0.2284808652524089
ENSMUSG00000048398	-0.393329344937851	-0.6788077222174016
ENSMUSG00000083753	-0.8388387112231726	-2.0
ENSMUSG00000100384	-2.0	-2.0
ENSMUSG00000101952	-0.0326090159130313	-0.124505006217617
ENSMUSG00000100428	-2.0	-2.0
ENSMUSG00000030972	-0.4214944220312285	-0.2436636659891574
ENSMUSG00000024902	-0.0607028434548611	0.3612335921226835
ENSMUSG00000087677	0.1090443771411621	0.2481191353643562
ENSMUSG00000097261	-0.3818437094179363	0.4593894718148567
ENSMUSG00000025366	-0.0578875303207721	0.4734963127697369
ENSMUSG00000020524	-0.4037606024373474	-0.4636568365167726
ENSMUSG00000022296	-0.1841942737174837	0.1246643495529734
ENSMUSG00000067818	-0.0898383064518541	0.0522097549733141
ENSMUSG00000104753	-0.4158463071632979	-0.6068447299513351
ENSMUSG00000101580	-2.0	-2.0
ENSMUSG00000043991	-0.0181880046621854	0.4471127382702123
ENSMUSG00000082976	-0.3851485348729981	-0.2550880212528094
ENSMUSG00000112254	0.0428471076368692	-0.0329197036623627
ENSMUSG00000068463	-0.3537994495496203	-0.3397397317489127
ENSMUSG00000096277	-2.0	-2.0
ENSMUSG00000100108	-0.3769056355974234	-0.4375486767153792
ENSMUSG00000118087	0.1551907826723324	0.2614336973484253
ENSMUSG00000037669	-0.1354564074022594	0.4354790101694255
ENSMUSG00000046345	-0.4772100596482696	-0.5224119848640277
ENSMUSG00000037600	-0.0300699488483772	0.1395248975965812
ENSMUSG00000121627	-0.6683553069564733	-0.54491903941244
ENSMUSG00000055760	-0.2575300229246444	0.493473386966147
ENSMUSG00000096922	-0.4718690809560725	-0.7421966733646921
ENSMUSG00000095724	-2.0	-2.0
ENSMUSG00000005510	-0.0972857316360474	0.3493463096032918
ENSMUSG00000036403	-0.1058207837931861	0.430294728471592
ENSMUSG00000120434	-0.1441350001926095	0.2395847431768416
ENSMUSG00000035237	-0.1614402835373472	0.0714662842695465
ENSMUSG00000120539	-0.147391322991997	0.2396671846131984
ENSMUSG00000002731	-0.1206646074617275	0.508999983627312
ENSMUSG00000071764	-1.2457139074301489	-2.0
ENSMUSG00000081903	-0.4278268494695957	-0.5305656359887018
ENSMUSG00000020700	-0.0862886955903455	0.5593003432953695
ENSMUSG00000018363	-0.054304478981569	0.5654749679155184
ENSMUSG00000038982	-0.1033071512182019	0.1571701661626734
ENSMUSG00000020636	-0.3740524206208564	-0.384474797236839
ENSMUSG00000026578	-0.1982839572852863	0.4031399524151663
ENSMUSG00000004996	-0.1761964579192949	0.3788497681638854
ENSMUSG00000026943	-0.4785430885337924	-0.2977456298193766
ENSMUSG00000055045	-0.0611918749827319	-0.2292276408532349
ENSMUSG00000099884	-0.5460255148415303	-0.5650901809056188
ENSMUSG00000085987	-0.2868966807887974	-0.3441329079680982
ENSMUSG00000044719	-0.0395558612793713	-0.0008798157586396
ENSMUSG00000086454	-0.0349848551070231	0.1989972426757458
ENSMUSG00000024041	-0.2362239615673022	-0.1212917736346912
ENSMUSG00000061787	0.0571447898890291	0.230479576377421
ENSMUSG00000029108	-0.5731209640198136	-0.2085731088473239
ENSMUSG00000041329	-0.2021292989213721	0.5239170304276869
ENSMUSG00000037400	-0.047890473366292	0.4691265883165118
ENSMUSG00000026357	-0.6705915024212425	-0.7524730348389705
ENSMUSG00000030204	-0.0622822581518564	0.3281120119277917
ENSMUSG00000042606	0.0214697213905582	0.3133238016047279
ENSMUSG00000104148	-0.3711929179992822	-0.3506523073939196
ENSMUSG00000039148	-0.1013068433257617	0.3274394502285604
ENSMUSG00000020251	-0.2799326940447602	-2.0
ENSMUSG00000113543	-0.3235428938186933	-0.2705259018661742
ENSMUSG00000024870	-0.1795759969821145	0.3760872786604642
ENSMUSG00000032306	-0.0684952443111449	0.3489641783428575
ENSMUSG00000039768	-0.0098525789329484	0.347400667817936
ENSMUSG00000115425	-0.5732038568365028	-0.4328251281676544
ENSMUSG00000022407	-0.0166899655149435	0.3545006643378458
ENSMUSG00000099786	-2.0	-2.0
ENSMUSG00000101134	-2.0	-2.0
ENSMUSG00000087070	-0.3281394980264833	-0.4156794069295972
ENSMUSG00000104826	-0.4390231956016541	-0.78748203117315
ENSMUSG00000021919	-0.3001974698821528	0.0321434358453349
ENSMUSG00000042265	-0.3093655924497345	-0.4280911826295171
ENSMUSG00000037151	-0.0622536870401294	0.4565633948601847
ENSMUSG00000073896	-0.4514396005591248	-0.5754231294904666
ENSMUSG00000117441	0.0002355842776445	0.0309434597024809
ENSMUSG00000085894	-0.0276102422440938	-0.287660138269417
ENSMUSG00000113902	0.0368100797084821	0.0868351585163419
ENSMUSG00000062624	-0.5662554086758358	-0.3614917742753532
ENSMUSG00000020183	-0.3161526875251293	0.4944868691905003
ENSMUSG00000024885	-0.0902159725296199	0.1765212871503229
ENSMUSG00000050002	-0.0759207422643661	0.289914774096379
ENSMUSG00000074377	-0.4435665068210341	-0.0855306460366764
ENSMUSG00000006390	0.1047949688558921	0.101665292443995
ENSMUSG00000085547	-2.0	-2.0
ENSMUSG00000027796	-0.2673584413304543	-0.154419540727783
ENSMUSG00000097643	-0.1016196490998403	0.4436897166058645
ENSMUSG00000099472	-0.1398924402932698	-0.1268167430010715
ENSMUSG00000044921	-0.4909239120687673	-0.4467460639629684
ENSMUSG00000106082	0.0344526982197487	0.3075632093032036
ENSMUSG00000052942	-0.3665691175683144	0.0383392299900801
ENSMUSG00000062464	-0.0613070919045403	-0.3266690195895912
ENSMUSG00000091623	0.3943634120103395	0.2264772029059279
ENSMUSG00000040675	-0.0106118600890063	0.5021716578581232
ENSMUSG00000104106	-0.3514366501791249	-0.39191982841814
ENSMUSG00000114904	-0.428452946816693	-0.3696844254669116
ENSMUSG00000037857	-0.016437847076276	0.3604487508588862
ENSMUSG00000074461	-0.3636752203786851	0.4672166942945015
ENSMUSG00000038095	-0.0170557703194453	0.4400065117242724
ENSMUSG00000061517	-0.119416644812838	0.3664229572259727
ENSMUSG00000047514	-0.0909057878120981	0.4341813788315973
ENSMUSG00000045075	-0.2411633212078197	-0.2887638851583347
ENSMUSG00000074149	-2.0	-2.0
ENSMUSG00000113536	-0.0311324275627975	0.1102727280074814
ENSMUSG00000085467	-0.2674278943642737	-0.5894059679014834
ENSMUSG00000021492	-0.2273984395879838	-0.1700561308363807
ENSMUSG00000053742	-2.0	-2.0
ENSMUSG00000117264	-0.3872983492351117	-0.2002983779740185
ENSMUSG00000086119	-0.1169761113594079	0.2095150145426309
ENSMUSG00000107068	-0.0860791760532832	0.206509076214548
ENSMUSG00000109986	-0.0815267828558888	-0.134261696054065
ENSMUSG00000100972	-2.0	-2.0
ENSMUSG00000032415	-0.3686487821018521	0.3507134720999715
ENSMUSG00000097047	-0.2801659187759913	-0.8457455778660403
ENSMUSG00000031904	-0.0834501487613604	0.3747703350474445
ENSMUSG00000037855	-0.170238882528502	0.4498626915821059
ENSMUSG00000104788	-0.5819928687414474	-0.6540922294437012
ENSMUSG00000120474	-0.1091893529769065	0.385205393893081
ENSMUSG00000109566	-0.4230193138387289	-0.2170557846337817
ENSMUSG00000032423	-0.0178653197536969	0.4656929935201888
ENSMUSG00000035726	-0.0636887744278029	0.4618885263439726
ENSMUSG00000066057	-0.0602606607819298	0.4964170441591474
ENSMUSG00000025020	-0.2662432489030369	-0.2180565914242382
ENSMUSG00000043140	-0.0717129398448897	0.3131101294872434
ENSMUSG00000050855	-0.0184921672015035	0.4813927462714876
ENSMUSG00000038344	-0.013886922562142	0.3365225719139578
ENSMUSG00000103825	-0.3730944936294305	-0.3143582054003542
ENSMUSG00000092239	-0.2585827036758525	0.4268858617423682
ENSMUSG00000097622	-0.2590169495678564	-0.0131006824887858
ENSMUSG00000042888	-0.5169835798558678	-0.277500992918218
ENSMUSG00000024440	-0.3430991433136118	-0.3496686350469238
ENSMUSG00000092357	-0.7751995026390355	-1.196097755846102
ENSMUSG00000023830	-0.0444558839922308	0.3789132969888545
ENSMUSG00000113394	-0.9876146765854308	-0.3423194803954297
ENSMUSG00000045587	-0.1904353027899561	-0.301785108118689
ENSMUSG00000052707	-0.0133543637559867	0.5086737865755439
ENSMUSG00000063011	-0.2024625462690113	-0.093223021772963
ENSMUSG00000102591	-0.2561192836181835	-0.4129972765044354
ENSMUSG00000029798	-0.8942896430963853	-0.2954533058315333
ENSMUSG00000108651	-0.4990263172966829	-0.4750630928935607
ENSMUSG00000118315	-0.2654774715692237	-0.377801338270099
ENSMUSG00000027006	-0.0733382276541925	0.4972821963186466
ENSMUSG00000115340	-0.0799066473267079	-0.2042325663771147
ENSMUSG00000091329	-0.3182840126164394	0.3453921215116269
ENSMUSG00000112905	-0.5934926228116162	-0.3259257089185528
ENSMUSG00000075327	-0.0427902239802285	0.3136495969670282
ENSMUSG00000019877	-0.0981654167644582	0.4694741466714671
ENSMUSG00000097580	-0.4324316337151768	-1.1758364029877442
ENSMUSG00000087010	-0.0616010735205243	-0.0525459853685991
ENSMUSG00000025722	-0.0703876774815299	0.3110435798070898
ENSMUSG00000031392	-0.10143672198312	0.3711347569503843
ENSMUSG00000056328	-0.3854934029707028	-0.3158511445073381
ENSMUSG00000104925	-0.0935959938275633	-0.0189339762839621
ENSMUSG00000031179	-0.6347118365332277	-1.0151568691559083
ENSMUSG00000034055	-0.4842675898359692	0.1708776244861389
ENSMUSG00000111544	-0.3840518411566037	-0.4901383345546072
ENSMUSG00000083814	-0.6913946131674327	-1.0177803424925154
ENSMUSG00000094349	-2.0	-2.0
ENSMUSG00000073267	-0.8976096573226923	-0.8915194080741079
ENSMUSG00000043999	-0.2431515881041124	0.074854384919537
ENSMUSG00000115229	-0.7567209971398214	-0.9032232837366488
ENSMUSG00000100307	-2.0	-2.0
ENSMUSG00000110727	-0.4153897406092945	-0.4377356928319004
ENSMUSG00000093812	-0.2972054636623732	-0.3038843312878453
ENSMUSG00000078763	-0.4627872506342551	-0.4487982307722358
ENSMUSG00000057729	-0.1376170652411593	0.0428070481842012
ENSMUSG00000056679	-0.5425601887857011	0.1296184919258909
ENSMUSG00000103202	-0.5535470283580053	-0.2968620710378581
ENSMUSG00000042671	-0.2363538656929578	-0.1147987293144619
ENSMUSG00000020015	-0.0398577551426831	0.5518404434564425
ENSMUSG00000039159	-0.0245782102514887	0.4552801553404969
ENSMUSG00000112874	-0.3447405176685287	-0.6616706258598638
ENSMUSG00000037278	-0.0543323350069453	0.4814965178073267
ENSMUSG00000062165	-0.5643228249931589	-0.4813134557894828
ENSMUSG00000028410	-0.0383251432675483	0.4855206963101504
ENSMUSG00000029624	-0.062277345791827	0.4001907603978047
ENSMUSG00000108094	-0.0918664192586396	-0.2520744902707177
ENSMUSG00000033544	-0.0977058263208894	-0.1731417112156315
ENSMUSG00000056429	-0.1288275705163876	0.4438810454045166
ENSMUSG00000067971	-0.8417109822694876	-1.3885651848116
ENSMUSG00000086058	-0.203630374567415	-0.1574665189365363
ENSMUSG00000033460	-0.1534060990314814	0.3997450022153466
ENSMUSG00000022085	-0.5126913352561124	-0.6458643126111594
ENSMUSG00000001105	-0.0850298169185333	0.2787645724643111
ENSMUSG00000031271	-0.6546818391612587	-0.8129372217803368
ENSMUSG00000082821	-0.7188206797632167	-0.3297875740396968
ENSMUSG00000121387	-2.0	-2.0
ENSMUSG00000020100	-0.0768931322837241	0.4306241907767358
ENSMUSG00000086962	-0.102601770726947	0.2070116388063814
ENSMUSG00000049491	-0.2394036827819487	-0.4274102000123937
ENSMUSG00000102553	-2.0	-2.0
ENSMUSG00000025199	-0.0566671627460807	0.4323945522833126
ENSMUSG00000011148	-0.1199331214955403	0.1328965079265508
ENSMUSG00000079531	-0.4469234228302163	-0.7782287180562083
ENSMUSG00000090440	-0.375291803198189	-0.4980519606559199
ENSMUSG00000085739	-0.3596253112217272	-0.2122184221652009
ENSMUSG00000114123	-0.4222720449486914	-0.4020850903378425
ENSMUSG00000041126	-0.0536500322275299	0.4700157122817192
ENSMUSG00000104851	-0.5133425854195228	-0.7031734050185583
ENSMUSG00000057554	0.0300912229450192	-0.5214980040903583
ENSMUSG00000115131	-0.2844869341009063	-0.5310087369181132
ENSMUSG00000031246	-0.8632381609787846	-0.386561805125197
ENSMUSG00000035509	-0.3885243847968296	0.1998539241529311
ENSMUSG00000041438	-0.042171073425089	0.3371764285303323
ENSMUSG00000031344	-0.7316554305105895	-0.3398922584387087
ENSMUSG00000075114	-0.5733393800321885	-0.6544678739765776
ENSMUSG00000034371	-0.0433360647973089	0.3895162149823578
ENSMUSG00000105293	-2.0	-1.28282730729255
ENSMUSG00000097845	0.0033845239242632	0.3807049709294847
ENSMUSG00000101391	-0.4742862467157681	-0.610662713274565
ENSMUSG00000034401	-0.2873168017568862	0.4219775225967199
ENSMUSG00000086981	-0.3225016344739475	-0.5309792378501632
ENSMUSG00000014075	-0.1501384084312889	0.4494345818321147
ENSMUSG00000031877	-0.2736414050825395	-0.3898856237820819
ENSMUSG00000036109	-0.7360788816589708	0.2095293299396152
ENSMUSG00000096967	0.2812140507323238	-0.0887476561223118
ENSMUSG00000053749	0.2572594344637513	0.1590574101844098
ENSMUSG00000114182	-0.3792055664762488	-0.5664708462931786
ENSMUSG00000084818	-0.6960138568157244	-0.3892953452937361
ENSMUSG00000101264	-0.2930242772809184	-0.4885893551409329
ENSMUSG00000032116	-0.0399874473895187	0.4544121786694187
ENSMUSG00000039195	0.0462232647402749	0.1773251014588014
ENSMUSG00000002871	-0.0665326557357684	0.1184426412268438
ENSMUSG00000025157	-0.0360529290724408	0.3612997506278448
ENSMUSG00000085221	-0.3884880505104504	-0.3585241047277243
ENSMUSG00000005950	-0.055075066258634	0.2647101801685965
ENSMUSG00000030911	-0.3263770305225849	-0.3198478537753497
ENSMUSG00000121880	-0.1418043571309952	0.409447861991698
ENSMUSG00000005672	-0.0201399010115144	0.4497483029891291
ENSMUSG00000065987	-0.3600416014576741	-0.4473755804976129
ENSMUSG00000026816	-0.0466092529315128	0.4433747158820255
ENSMUSG00000026283	-0.0764845026245011	0.2409928007755758
ENSMUSG00000090685	-0.0511300917166596	0.168480394258757
ENSMUSG00000018322	-0.0575755217863871	0.2883896441330483
ENSMUSG00000060036	0.0067242316437521	0.2518731868297188
ENSMUSG00000040247	-0.0674778365086025	-0.1302992608264456
ENSMUSG00000063801	-0.0230138582227058	0.3684738795560226
ENSMUSG00000051379	-0.3599449174899738	0.3602744099370605
ENSMUSG00000044201	-0.063478416163751	0.4745256979352577
ENSMUSG00000073406	-0.052632456693338	0.2733846716658016
ENSMUSG00000027204	-0.3370054479401159	-0.1888262316088976
ENSMUSG00000040705	-0.1929303627655733	-0.1594309885755699
ENSMUSG00000121325	-0.6075097638380287	-0.3963023357393336
ENSMUSG00000026572	-0.2937216831578968	-0.3689639285158112
ENSMUSG00000024687	-0.0574249053762417	0.4886037310324788
ENSMUSG00000018770	-0.1879277168620149	0.2951873936282607
ENSMUSG00000103971	-0.4587918119924589	-0.5974480040945173
ENSMUSG00000108752	-0.3103878623465758	-0.2067965187171391
ENSMUSG00000096847	0.0242232877248956	0.1877738914742403
ENSMUSG00000121805	-2.0	-2.0
ENSMUSG00000016757	-0.0774602335099684	0.4914922427453659
ENSMUSG00000052632	-0.0814948215181483	0.4710662889429368
ENSMUSG00000003345	-0.0789400884886754	0.3429364235811518
ENSMUSG00000060974	-0.2826923926229747	-0.3612229062014711
ENSMUSG00000116735	-0.9716736152758992	-0.6989452068290642
ENSMUSG00000025887	-0.4198359909278038	-0.4574305213158796
ENSMUSG00000112201	-0.8772813523535501	-2.0
ENSMUSG00000115123	-0.3368937395980403	0.2674904070787256
ENSMUSG00000107023	-0.005299675630682	0.0564720174614319
ENSMUSG00000019734	-0.1724434778235446	0.1830636116389971
ENSMUSG00000028923	-0.1045456289661786	0.4560138992873204
ENSMUSG00000106126	-0.5688286548319051	-0.3596815782769893
ENSMUSG00000089832	-0.0497312658235869	0.146359514978875
ENSMUSG00000060679	-0.0461427358186108	0.5256477335542787
ENSMUSG00000095093	-0.2273991727215728	-0.2730691358785336
ENSMUSG00000006998	-0.0892840507878655	0.4275429077240078
ENSMUSG00000094626	-0.2370917035089823	-0.0157917064618361
ENSMUSG00000103291	-0.2270774460018598	-0.289958156206184
ENSMUSG00000047257	-0.1629782816700192	0.0955929046142693
ENSMUSG00000079604	-0.5006272074013595	-0.3501073436052747
ENSMUSG00000095302	-2.0	-2.0
ENSMUSG00000035932	-0.4347870927918532	-0.6176918794632053
ENSMUSG00000043102	0.0057520145969183	0.0231050626573393
ENSMUSG00000056214	-0.1297571998568989	0.3571817983581742
ENSMUSG00000118535	-0.3689159920215087	-0.5696066322844349
ENSMUSG00000115352	-0.5574780578151763	-0.3936744302644736
ENSMUSG00000026737	-0.139511064886186	0.4645208441241177
ENSMUSG00000103503	-0.532537403742086	-0.3759261265818349
ENSMUSG00000113287	-2.0	-2.0
ENSMUSG00000027419	-0.3361945173765175	0.1197721814968713
ENSMUSG00000096607	-0.1643181778859995	-0.237767210607412
ENSMUSG00000108713	-0.1220793944510799	0.1412827966248491
ENSMUSG00000085307	-0.5279419661680228	-0.410248276606193
ENSMUSG00000117853	-0.288673712606096	-0.5206277343249164
ENSMUSG00000056673	-2.0504285059472656	-2.0
ENSMUSG00000075190	-0.617301235953198	-0.796458557049099
ENSMUSG00000058631	-0.7553048709280202	-0.8673562130255219
ENSMUSG00000089701	0.0289507285490654	-0.1637803554429997
ENSMUSG00000090137	-0.0470993115324765	0.1909527153425193
ENSMUSG00000118663	-0.1275795001055664	0.4496579424520027
ENSMUSG00000092559	-0.4660917535837927	-0.5288397709554871
ENSMUSG00000095348	-0.3961336311525846	0.0379205952922505
ENSMUSG00000062732	-0.3288414179348717	-0.1960828851559262
ENSMUSG00000116780	-0.1409720022805826	0.4484014340079335
ENSMUSG00000056696	-0.2808723487205222	-0.4997566621678754
ENSMUSG00000025860	-0.0978179855141812	0.41355121317555
ENSMUSG00000031631	-0.2025564220329337	0.5150924704054171
ENSMUSG00000037953	-0.3691173202228967	-0.4510276549530328
ENSMUSG00000042269	-0.2581606955790897	-0.0206216434342698
ENSMUSG00000025158	-0.4307101479632966	-0.0318965010106983
ENSMUSG00000097239	-0.0558405039367697	0.4544829495708286
ENSMUSG00000094295	-0.7042652397604834	-0.3554542190058458
ENSMUSG00000028028	-0.3464843579795307	-0.2059516288633027
ENSMUSG00000100510	-0.358435470468994	-0.3722270807313561
ENSMUSG00000105593	-0.3567416150450642	-0.4302011345993961
ENSMUSG00000110215	-2.0	-2.0
ENSMUSG00000120895	-0.482370393813946	-0.6622716593434401
ENSMUSG00000050511	-0.111328060591261	-0.1495407538330807
ENSMUSG00000061549	-0.692208143583084	-0.3936493805870463
ENSMUSG00000038884	-0.0385721661152014	0.2216426714285295
ENSMUSG00000067144	0.0148946100911153	0.1914135640338851
ENSMUSG00000114425	-0.137759941354094	-0.1246420121954777
ENSMUSG00000025650	-0.2376954355537007	-0.1369903017414144
ENSMUSG00000072852	-0.0479256803653578	-0.0115188128743298
ENSMUSG00000044792	-0.0894389832555131	0.4921902652991727
ENSMUSG00000079186	-0.6859382761305145	-0.7784904625822308
ENSMUSG00000039720	-0.0844131892899104	0.0423572472650166
ENSMUSG00000052562	-0.4563746652519516	-0.5555820274243972
ENSMUSG00000106612	-0.2181972503517307	-0.282524390851069
ENSMUSG00000023800	-0.3291311772091191	-0.1041438180699166
ENSMUSG00000099510	-0.1378860405402638	-0.0807554425380967
ENSMUSG00000007476	-0.0566214433394401	0.407453112062379
ENSMUSG00000111348	-0.3152978714753045	0.3972261370229584
ENSMUSG00000070374	-0.4915766793759279	-0.6184068626574604
ENSMUSG00000121376	0.2268870374318007	-0.2932631227775147
ENSMUSG00000003848	-0.0303089663088308	0.3829135384309658
ENSMUSG00000009941	-0.7219026335469118	-0.4820325093320177
ENSMUSG00000040936	-0.2167975719854036	0.349447325758857
ENSMUSG00000089653	-0.3562645319708961	-0.1879373569132094
ENSMUSG00000050397	-0.1259403894968246	-0.0855563478684963
ENSMUSG00000044876	0.0085201179502633	0.3972059521390519
ENSMUSG00000031972	-0.2436641226559749	-0.201391059874648
ENSMUSG00000046378	0.0236195817063855	0.2152863910176074
ENSMUSG00000032383	-0.0554082744059684	0.4067707210873995
ENSMUSG00000096409	-0.6422400488841894	-0.5657547020224123
ENSMUSG00000111806	-0.3562502295453951	-0.409366783625936
ENSMUSG00000038467	-0.0236491955169752	0.4011636823074577
ENSMUSG00000090627	-0.1103319635365262	-0.1257764004425865
ENSMUSG00000086408	-0.4103622201520165	-0.3547362475855223
ENSMUSG00000058491	-0.6135891507694813	-0.7225929229008426
ENSMUSG00000114709	-0.0755845529439905	0.0923303761172992
ENSMUSG00000042396	-0.2908847839989328	0.4327881635280534
ENSMUSG00000108952	-0.2763873863727021	-0.2563994662360824
ENSMUSG00000015957	-0.2165941444405834	-0.0550942942358365
ENSMUSG00000114792	-0.6668060000784776	-0.5579619934883469
ENSMUSG00000058589	-0.4273446699095063	0.3040710673750256
ENSMUSG00000066705	-0.0227748850329602	0.3539120013829009
ENSMUSG00000055553	-0.0378800408375603	0.2796993324501794
ENSMUSG00000087113	-0.0280801471112328	-0.0363473914630917
ENSMUSG00000026271	-0.2033361808206905	-0.298099056874186
ENSMUSG00000046844	-0.3169246704695253	0.0888269357472865
ENSMUSG00000112174	-0.8273507231692064	-0.4431537652746135
ENSMUSG00000027405	0.0080094703533382	0.266631928901649
ENSMUSG00000047545	-0.6160462561068604	-0.6721655436619861
ENSMUSG00000108181	-0.0560069746916239	-0.0128140478957065
ENSMUSG00000098649	-0.2590062261110328	-0.2215758089374334
ENSMUSG00000009741	-0.0213513732654683	0.3902842371549079
ENSMUSG00000035215	-0.1395842467005388	0.3101807761425838
ENSMUSG00000036639	-0.1145460499015124	0.3310910690406606
ENSMUSG00000101589	-2.0	-2.0
ENSMUSG00000108880	-0.4906960824170117	-0.3784674935285315
ENSMUSG00000078675	-0.2467766276324648	-0.2522486584193124
ENSMUSG00000113603	-0.0577370041018182	-0.1301386577608154
ENSMUSG00000048058	-0.0683176154060658	0.4910026220610594
ENSMUSG00000006333	-0.0375184347840871	0.1839732579607803
ENSMUSG00000068523	-0.097524648705873	0.3927753653461271
ENSMUSG00000038535	-0.1668868166759806	0.4497439858484765
ENSMUSG00000110902	-0.4961230111925023	-0.3687520729482312
ENSMUSG00000117654	-0.1156333665884792	0.191007326842255
ENSMUSG00000032128	-0.7805768056428685	-2.0
ENSMUSG00000034667	-0.0303529293020028	0.4762300372213929
ENSMUSG00000079470	-0.0672249719380689	0.5479683108151214
ENSMUSG00000030032	0.0043306615653172	0.1437952038457665
ENSMUSG00000111961	-0.2946733323790774	-0.4484153428192653
ENSMUSG00000120471	-0.3685919501326891	-0.2232309900296178
ENSMUSG00000042557	-0.0250075796197901	0.0926680210014324
ENSMUSG00000107579	-0.4366029337960101	-0.3788428566953554
ENSMUSG00000107198	-0.4929087276601455	-0.551836191413597
ENSMUSG00000028527	-0.032284328637519	0.3922029481504154
ENSMUSG00000059030	-0.4665106172434711	-0.6685549271272129
ENSMUSG00000095914	-2.0	-2.0
ENSMUSG00000046402	-0.2925747832305833	-0.4733842322688617
ENSMUSG00000035683	-0.0244687517373898	0.4193109289374206
ENSMUSG00000079654	0.0268445539267652	0.141361714010955
ENSMUSG00000021484	-0.017706600411955	0.3786522249085007
ENSMUSG00000062014	-0.2216160301373065	0.4359974882879937
ENSMUSG00000078794	-0.0271375167057081	0.273450852552548
ENSMUSG00000113019	-0.0791195111320913	0.4592561461476775
ENSMUSG00000036737	-0.0104815727846887	0.4166065611555745
ENSMUSG00000038002	-0.0315545051227989	0.4305990547119616
ENSMUSG00000062376	-0.1320719446581915	0.5120784156140602
ENSMUSG00000038331	-0.3275380417863485	0.4202112960500515
ENSMUSG00000022863	-0.0520096988068861	0.4715765500236191
ENSMUSG00000087587	-0.804447147067323	-0.6720688280570349
ENSMUSG00000109438	-0.2215243080914359	-0.3268430168124197
ENSMUSG00000028334	-0.0771846829592603	0.3752494195821091
ENSMUSG00000092365	-0.1094048511695936	-0.0518612936465824
ENSMUSG00000110333	-0.3340638394576281	-0.3114004457562234
ENSMUSG00000026815	-0.0948495127634161	-0.342790736279305
ENSMUSG00000089964	-0.1586889679709394	0.2421994234143213
ENSMUSG00000096527	-0.4909359899456695	-0.2521083404823159
ENSMUSG00000120129	-0.2836196519945144	0.4270961076730112
ENSMUSG00000026851	-0.0464360989166414	0.202725833522127
ENSMUSG00000108602	-0.3830349073978815	-0.4450865895408591
ENSMUSG00000110947	-0.3654489564258188	-0.3352563249607259
ENSMUSG00000022445	-0.2870109070013232	-0.1012214122467306
ENSMUSG00000043880	-0.3807254727499756	-0.28327567487317
ENSMUSG00000112346	0.1510325817564421	0.3133875450569812
ENSMUSG00000040711	-0.2124076276782139	0.3427518302403312
ENSMUSG00000066613	-0.0950238480708135	0.5065015147406169
ENSMUSG00000108145	-0.2633998653428255	-0.1567256014123363
ENSMUSG00000092176	-0.0754418210033866	0.2387860323980747
ENSMUSG00000093926	-2.0	-2.0
ENSMUSG00000033487	-0.4386488495475572	0.4437710103808013
ENSMUSG00000074476	-0.1579123516573472	0.1966906201009631
ENSMUSG00000120400	-0.0575092798270371	0.2538732728795982
ENSMUSG00000031075	-0.2929581109235515	-0.2249881476447943
ENSMUSG00000069678	-0.2609827046070325	0.3912993379883043
ENSMUSG00000121319	-0.0622388508533819	0.4679151845049532
ENSMUSG00000049134	-0.3329920299074211	-0.5493869760540353
ENSMUSG00000101771	-2.0	-2.0
ENSMUSG00000039989	-0.1616411203508047	0.1155972663226035
ENSMUSG00000084919	-0.46934753927687	-0.2777208961971189
ENSMUSG00000033059	-0.0381556395419806	0.4032197624326882
ENSMUSG00000042401	-0.0864613232559916	0.4811986097275119
ENSMUSG00000085434	-0.0300047935530298	-0.0907364157070792
ENSMUSG00000110718	-0.3555326554776208	-0.3737382850358136
ENSMUSG00000094021	-0.0861766144274103	-0.1070663496293849
ENSMUSG00000110447	0.0012501829832405	-0.1737358602551628
ENSMUSG00000040725	-0.0343250206900033	0.4265011765067063
ENSMUSG00000097223	-0.3222272076514664	0.4576712052455107
ENSMUSG00000040407	-0.1279677957983795	0.5259702288308467
ENSMUSG00000087478	-0.0722577198487314	0.4435868268984695
ENSMUSG00000001023	-0.5489821627752178	-0.3899666097387266
ENSMUSG00000104015	-0.5475630092471602	-0.427132113704032
ENSMUSG00000028270	-0.3969988273712073	-0.1722609585700594
ENSMUSG00000031354	-0.7602076823859295	-0.7915676735405762
ENSMUSG00000046818	-0.0361133347016519	0.3935962594612914
ENSMUSG00000089961	-0.2015732568897393	-0.2096310822225786
ENSMUSG00000004054	-0.0462958667318421	0.3567385099715619
ENSMUSG00000095901	-0.3408850849993173	-0.3469302864227947
ENSMUSG00000113055	-0.6032906477417633	-0.3679830160174565
ENSMUSG00000037995	-0.0838008069673225	0.4121035568475624
ENSMUSG00000099516	-0.4623790891288549	-0.4316011275174758
ENSMUSG00000029776	-0.045327848123686	0.5119985339653474
ENSMUSG00000025002	-0.4373626922198029	-0.3311232166298322
ENSMUSG00000021177	-0.0230886902717517	0.453717585065568
ENSMUSG00000032525	-0.0393910122843572	0.4094525988687463
ENSMUSG00000047507	-0.1353096611431913	-0.1969428105561018
ENSMUSG00000097847	-0.2357909790835672	0.0921159301153957
ENSMUSG00000079371	-0.1740827386447456	-0.1198139592782987
ENSMUSG00000085451	-0.3931451895647908	0.2843376382031947
ENSMUSG00000097055	-0.0779934608283056	0.4293242325551668
ENSMUSG00000022816	-0.0333333934181044	0.3235156915873622
ENSMUSG00000072884	-0.2695758016011109	0.4857254003998344
ENSMUSG00000087574	-0.105086639384943	0.2743740648444471
ENSMUSG00000010205	-0.0796608328853216	0.4818297376717137
ENSMUSG00000009035	-0.019218324720449	0.3718042445961728
ENSMUSG00000020674	-0.3770653768593956	0.0999900606133694
ENSMUSG00000050663	-0.5131033122738148	-0.2259098013588294
ENSMUSG00000070644	-0.0790767847311616	0.3333581896478289
ENSMUSG00000021506	-0.1709186428869933	-0.14639473962239
ENSMUSG00000038759	-0.0164334268345087	0.4163315658478186
ENSMUSG00000116760	-0.2889420901033752	-0.3386415457741482
ENSMUSG00000027568	-0.237895324021215	-0.1354030178187347
ENSMUSG00000104870	-0.5114769213005252	-0.3565029093038513
ENSMUSG00000038965	0.0137672206924598	-0.1980820276586075
ENSMUSG00000086796	-0.0124108604684734	0.05391701315164
ENSMUSG00000090200	-0.3706874653459127	-0.1615061689426127
ENSMUSG00000023940	-0.0729236809499026	0.4785598584846003
ENSMUSG00000003531	-0.1182754596365199	0.0748648391178048
ENSMUSG00000025498	0.2336437673003435	-0.0624579366067838
ENSMUSG00000049314	-0.3227294820672515	-0.2168105934484258
ENSMUSG00000052133	-0.021325098125975	0.3245857380336946
ENSMUSG00000029819	-0.3115294539401971	-0.2465295658939282
ENSMUSG00000079588	-0.4414865458947648	-0.5032754039194817
ENSMUSG00000105868	-0.4697395816806671	0.2098872223043574
ENSMUSG00000117100	-0.474077638558279	-0.5164512136088132
ENSMUSG00000050556	-0.1755729340157112	0.0888865389587917
ENSMUSG00000004814	-0.3263010534472073	-0.3154460184669713
ENSMUSG00000040514	-0.471758496937633	-0.3582614470039418
ENSMUSG00000109544	-2.0	-2.0
ENSMUSG00000030889	-0.3397668901160693	0.1182108080430498
ENSMUSG00000100579	-2.0	-2.0
ENSMUSG00000059768	-2.0	-2.0
ENSMUSG00000071633	-0.5270646055854911	-0.5239705140569084
ENSMUSG00000030378	-0.5789330218209813	-0.6402946358467287
ENSMUSG00000085720	-0.3345978287897097	-0.2693783945744537
ENSMUSG00000061259	-0.3384349044939349	-0.5712178121205148
ENSMUSG00000060152	0.1499743128656547	-0.2052991105858716
ENSMUSG00000121523	-2.0	-2.0
ENSMUSG00000066158	0.0749985283185875	0.1495430186423241
ENSMUSG00000087338	-0.0537144102790075	-0.2603621603373981
ENSMUSG00000003308	-0.0287517131324303	0.3456508847217338
ENSMUSG00000086593	0.049274632368342	-0.2054924349263239
ENSMUSG00000031355	-0.6968376503249912	-0.3359787004372569
ENSMUSG00000092503	-0.3479835380188088	-0.397905071086314
ENSMUSG00000028496	-0.3554119444130567	0.2380723608337335
ENSMUSG00000106095	-0.2837606981292273	-0.5236690112180337
ENSMUSG00000037533	-0.0653628996526862	0.5236517959001007
ENSMUSG00000067916	-2.0	-2.0
ENSMUSG00000046240	-0.1205825060007512	-0.2633562194972219
ENSMUSG00000116616	-0.5756015806201794	-0.4573555460360041
ENSMUSG00000047656	-0.2238092302869991	0.1403661670958678
ENSMUSG00000053870	-0.2522739667338821	0.452483509266331
ENSMUSG00000105692	-0.0822371408889506	0.0587819696567695
ENSMUSG00000003779	0.003041804859281	0.3953431703188317
ENSMUSG00000079298	-0.4722968293920412	-0.4259464969640267
ENSMUSG00000030427	-0.2303581893676682	-0.2703022303442454
ENSMUSG00000106897	-0.3423455396019212	-0.3461031914683519
ENSMUSG00000085051	-0.3008144653733579	0.4245187021892945
ENSMUSG00000049858	-0.2661116249592103	0.0021473067440686
ENSMUSG00000109876	-0.3555152064206838	-0.2906435280373718
ENSMUSG00000039899	-0.3443123187455286	0.0929810029942903
ENSMUSG00000040097	-0.0456741140240411	0.4027598899002281
ENSMUSG00000028017	-0.1377030476538589	-0.2166246095882366
ENSMUSG00000025139	-0.0708505226207484	-0.3063650187137706
ENSMUSG00000028419	-0.0829512912076316	0.4848488391217819
ENSMUSG00000015305	-0.1572812022109629	0.3948378210590857
ENSMUSG00000095557	-0.2500297539056394	-0.4085011152508647
ENSMUSG00000105741	-0.1632702679913369	0.1949225255662128
ENSMUSG00000004980	-0.1948337930344454	0.4418832629858079
ENSMUSG00000094736	-2.0	-2.0
ENSMUSG00000021099	-0.3957851825400008	-0.0814848668277758
ENSMUSG00000100599	0.0622539774600485	-0.2291416580098491
ENSMUSG00000079355	-0.2083238043162268	-0.1961872635992143
ENSMUSG00000086128	-0.3956166786863532	-0.206351251918456
ENSMUSG00000089771	-0.3024953425218405	-0.3739344647284356
ENSMUSG00000093675	-0.4559947467624036	-0.6455914248971463
ENSMUSG00000021963	0.023278804661019	0.4001696758678389
ENSMUSG00000066176	-0.3375680113862834	-0.3525831875349099
ENSMUSG00000029145	-0.3165426482523209	0.3085072152389324
ENSMUSG00000024901	-0.1668690867444315	0.3370805112010182
ENSMUSG00000097597	0.5533530582460252	-0.0733592070603888
ENSMUSG00000022868	-0.1368851751101399	-0.3639423986681749
ENSMUSG00000055409	-0.4374378374906107	-0.088866477953209
ENSMUSG00000038542	-0.0510020112065642	0.4782971783838239
ENSMUSG00000059668	-0.1849895955296674	-0.0339627922185523
ENSMUSG00000036957	-0.0611549760250439	0.3005950491605347
ENSMUSG00000086219	-0.0450668362269532	0.2117093508010423
ENSMUSG00000105254	-0.3174874186374611	0.2563165477224308
ENSMUSG00000039835	-0.1418508331806021	0.3735375987093278
ENSMUSG00000100097	-2.0	-2.0
ENSMUSG00000100637	-2.0	-2.0
ENSMUSG00000044177	-0.2581885701057239	-0.0613075920446134
ENSMUSG00000015377	-0.1643335214244824	0.5139212262794199
ENSMUSG00000030443	-0.0973672399773885	0.4406660609384547
ENSMUSG00000102212	-0.1906787077697255	-0.0370956325475681
ENSMUSG00000085502	-0.1935421664532736	-0.2041372158028746
ENSMUSG00000086675	-0.4460400445385236	-0.4430044841704686
ENSMUSG00000112852	-0.0367818495407899	0.0630181652690359
ENSMUSG00000020897	-0.1686784606408787	0.4565503413926191
ENSMUSG00000089675	-0.3019572481088602	-0.269560936409784
ENSMUSG00000059142	-0.1243254827347374	0.4840745173417076
ENSMUSG00000031870	-0.3818679826798575	0.0503069681305151
ENSMUSG00000096641	-0.4016804931364027	-0.2456866845165253
ENSMUSG00000109874	-0.4832676848354394	-0.3777262786020049
ENSMUSG00000027309	-0.1016705795367238	0.4363633624233608
ENSMUSG00000056941	-0.0788205145609122	0.4816294925873728
ENSMUSG00000097356	-0.3919853656856498	0.4649754349649173
ENSMUSG00000004665	-0.1911084679664978	-0.08412296697185
ENSMUSG00000020641	-0.463704738813059	-0.4713812405394877
ENSMUSG00000112847	-0.1519180838124379	-0.023933528497429
ENSMUSG00000086146	0.0082429667137484	-0.1640613492145505
ENSMUSG00000040552	-0.4015680161749423	-0.3873975255795508
ENSMUSG00000030406	-0.0127490154257353	-0.0491082746880522
ENSMUSG00000110714	-0.3435217409513959	-0.39450812887974
ENSMUSG00000109542	-0.4401302257560441	-0.4675488669490917
ENSMUSG00000116298	0.0239318971920471	-0.0197395839756537
ENSMUSG00000110442	0.0325723476802547	0.0636025606014137
ENSMUSG00000032218	-0.0831550992281424	0.3975753957298264
ENSMUSG00000085967	-0.2704812749262314	-0.338908520102252
ENSMUSG00000025936	-0.4061025843592515	-0.4899093600224218
ENSMUSG00000044037	-0.0079750259217895	0.4167326811358808
ENSMUSG00000060961	-0.3867266198366701	-0.3025474628207472
ENSMUSG00000044994	-0.3391952136752155	-0.4581887200975507
ENSMUSG00000095906	-2.0	-2.0
ENSMUSG00000000441	-0.019281699978624	0.5063356109855428
ENSMUSG00000104130	-0.4326630301866654	-0.4606270256059634
ENSMUSG00000038976	-0.0344310684379304	0.0990954339278946
ENSMUSG00000115880	-0.2499648813638328	-0.3706729858687165
ENSMUSG00000020392	-0.0011268043805582	0.3492639251906329
ENSMUSG00000063116	-1.1901773643084064	-0.3341870095024737
ENSMUSG00000107428	-0.409608290944091	-0.2868605624967341
ENSMUSG00000008348	0.1783443150396151	0.0072763681918955
ENSMUSG00000108431	-0.234650541680205	-0.4167828567838134
ENSMUSG00000085765	-0.1270123104377487	-0.012901816915063
ENSMUSG00000121006	-0.0734071344079093	0.1845171103392618
ENSMUSG00000024677	-0.4464147733843338	-0.5026813209117669
ENSMUSG00000023224	-0.2537538818759023	0.3302972693908995
ENSMUSG00000022715	-0.2628865874714171	-0.2696848824278015
ENSMUSG00000031089	-0.9216832808251432	-0.7100116713052738
ENSMUSG00000100121	-0.2409053489415211	-0.3660183702543276
ENSMUSG00000030672	0.0239788320005659	0.0517237939070636
ENSMUSG00000028068	-0.0132398172251448	0.4305217038480075
ENSMUSG00000117880	-0.4164131424789111	-0.485632935489199
ENSMUSG00000034601	-0.0167827646195534	0.4258480902249925
ENSMUSG00000099481	-0.063055293404628	0.4806538760275906
ENSMUSG00000102397	-0.6153913896207768	-0.6371690984937759
ENSMUSG00000001034	-0.0248152351325303	0.3169251625502574
ENSMUSG00000099083	-0.0184386039203283	0.5378958765852422
ENSMUSG00000022811	-0.0116745726226444	0.4276074868533702
ENSMUSG00000091614	-0.1655785332834448	0.3880908949506951
ENSMUSG00000101640	-0.357351512409636	-0.2620903296040804
ENSMUSG00000068323	-0.1135105156706676	-0.2326588299340578
ENSMUSG00000035530	0.1495417875180352	0.227337964937392
ENSMUSG00000025499	-0.0789086294383042	0.35249008269097
ENSMUSG00000115139	-0.6903828190248291	-0.7987940073036275
ENSMUSG00000079583	-0.6450015931634072	-0.9256896536554972
ENSMUSG00000091471	-0.0826615185059888	0.4770752170645418
ENSMUSG00000045395	-0.936112959004374	-0.5971453209294196
ENSMUSG00000025340	-0.0531451675329022	0.5303400845820129
ENSMUSG00000038733	-0.024038262052536	0.456799503809866
ENSMUSG00000120071	-0.0468243655538967	0.3103261836839078
ENSMUSG00000027552	-0.0587508133107855	0.458346509671337
ENSMUSG00000021376	-0.1159655157108174	0.491892609403483
ENSMUSG00000041355	-0.1168618500101443	-0.080733056753016
ENSMUSG00000085890	-0.0876008597206777	0.2953779482685199
ENSMUSG00000043733	-0.0241460510814511	0.4797796698303833
ENSMUSG00000105049	-0.5528630634734942	-0.500014511184547
ENSMUSG00000022938	-0.260598084307248	-0.5381882458817414
ENSMUSG00000030651	-0.2651342714234196	-0.2048598164145697
ENSMUSG00000115077	-0.5344821515451759	-0.860938597091919
ENSMUSG00000034063	-0.2878847419618338	0.0627271008204333
ENSMUSG00000019818	-0.1266753285097291	0.5453261705635615
ENSMUSG00000059187	-0.4171896566837117	-0.4028877739168121
ENSMUSG00000001657	-0.1818967557924332	-0.1816888399133576
ENSMUSG00000015843	-0.3059294438373511	-0.0116412927947735
ENSMUSG00000051493	-2.0	-2.0
ENSMUSG00000003680	-0.1449359713698032	0.3256732614955106
ENSMUSG00000004043	-0.1200291847775019	0.0027911685706683
ENSMUSG00000079283	-0.1041268172312742	0.4298768997938914
ENSMUSG00000024664	-0.1461549801437213	-0.0267621082720016
ENSMUSG00000040061	-0.2397245682474791	-0.1604589813489536
ENSMUSG00000105552	-0.0459647467295284	0.4633520974493584
ENSMUSG00000059873	-0.4987380230074998	-0.9788710927425024
ENSMUSG00000027864	-0.0129290190699106	0.3877424584092384
ENSMUSG00000078489	-0.0549779533311144	-0.1367963790062299
ENSMUSG00000079243	-0.1696613310707999	-0.1460811691466235
ENSMUSG00000081948	-0.5873519987788923	-0.7101257731343759
ENSMUSG00000081133	-0.6587866558861466	-0.7868025968632854
ENSMUSG00000099960	-0.5674203707109762	-0.7191208232928047
ENSMUSG00000118268	-0.2367190924386256	-0.340421293264726
ENSMUSG00000021460	-0.1384471902596666	0.3458395384461196
ENSMUSG00000029402	-0.0737940379660576	0.4448987972213775
ENSMUSG00000101060	-2.0	-2.0
ENSMUSG00000027744	-0.3282574848409608	-0.3537835215285428
ENSMUSG00000115167	-0.1411827066652931	-0.0985305625511303
ENSMUSG00000109612	-0.2817403544998786	-0.3625817448292319
ENSMUSG00000054582	-0.2580963281554548	-0.3240111773009359
ENSMUSG00000121767	0.0965833702378397	0.0916263746605562
ENSMUSG00000031730	-0.0970646493705199	0.5303969435230619
ENSMUSG00000106357	-0.3725808841422995	-0.20822334252861
ENSMUSG00000085014	-0.4493285257045474	-0.3824463384991323
ENSMUSG00000100134	-0.4447507330765604	-0.447095844824859
ENSMUSG00000046196	-0.3199138921784947	0.4463476266959749
ENSMUSG00000046782	-0.43314079288019	-0.315358930426402
ENSMUSG00000048572	-0.4773122125495139	-0.4401043820158603
ENSMUSG00000043429	-0.0958626728746742	-0.2936069080064914
ENSMUSG00000084799	-0.0024685837173356	0.212598258101498
ENSMUSG00000112581	-0.1104120376886481	0.3509570454043776
ENSMUSG00000033187	-0.3790868681794301	-0.0677325742111172
ENSMUSG00000028360	-0.3498695341065718	-0.1547822352970207
ENSMUSG00000044949	-0.1787580068912704	0.5176935333374015
ENSMUSG00000111399	-0.531442958947798	-2.0
ENSMUSG00000041669	-0.3412161510793404	0.4200369853344178
ENSMUSG00000036990	-0.042473067246407	0.5154406573295752
ENSMUSG00000052629	-0.1371533400170613	-0.0908570678287471
ENSMUSG00000038524	-0.1444826614677248	0.4653417997558744
ENSMUSG00000049916	-0.0534076435725862	0.3120541618784824
ENSMUSG00000051156	-0.7439707450145122	-0.5101795891347731
ENSMUSG00000033731	0.0066072184918032	-0.0234244482417082
ENSMUSG00000103303	-0.1472315891063896	-0.1070276737174706
ENSMUSG00000068860	0.0912187173138055	-0.064712758544399
ENSMUSG00000104493	-0.2615143546676792	-0.2724701291183538
ENSMUSG00000033405	-0.3231974189902494	-0.7788440681103374
ENSMUSG00000107271	-0.0514226398837062	-0.1767065688638277
ENSMUSG00000034501	-0.0544315681597203	0.4495314061065758
ENSMUSG00000008206	-0.0631201769480766	0.4424095236986439
ENSMUSG00000111227	-0.2448822381734944	-0.3262107673920128
ENSMUSG00000099418	-0.3879143294268061	-0.5129167989876965
ENSMUSG00000104157	-0.3665077093773391	-0.1279112376006398
ENSMUSG00000027469	-0.0098501799373533	0.3280348855985847
ENSMUSG00000039760	-0.4737744037277613	-0.4165792596321678
ENSMUSG00000090919	-0.2385134425462083	0.2278260533386757
ENSMUSG00000115601	-0.7815506795430535	-1.0520515080961923
ENSMUSG00000118134	-0.0222323274858352	0.2928167468491975
ENSMUSG00000071890	-0.4932782803029406	-0.5334274443699972
ENSMUSG00000106738	-0.1749265244728327	-0.2976827050925986
ENSMUSG00000085695	-0.3930791120115062	-0.3384083972854776
ENSMUSG00000041236	-0.1935985922911437	0.4416662340697788
ENSMUSG00000045591	-0.2573666064044466	-0.3056879566386849
ENSMUSG00000030167	-0.7615778050983834	-0.5183865539327334
ENSMUSG00000054362	-0.0279402523497624	-0.265245761727624
ENSMUSG00000087396	-0.059672514129539	0.4661038953038424
ENSMUSG00000048775	-0.404169478075465	-0.599076755974653
ENSMUSG00000025427	-0.0268678958793639	0.3003780648707025
ENSMUSG00000047193	-0.2771374750172931	0.4551144960189635
ENSMUSG00000054199	-2.0	-2.0
ENSMUSG00000082842	-0.7066611829486462	-0.4560071571476514
ENSMUSG00000108432	-0.3880372058714708	-0.3584204222871994
ENSMUSG00000107504	-0.1653692579564172	-0.1913426694227891
ENSMUSG00000015749	-0.0630234578115667	0.4639326855675641
ENSMUSG00000035868	-0.1859136293816784	0.4648965263900912
ENSMUSG00000034224	-0.1074296044662806	-0.0548023178966663
ENSMUSG00000039607	-0.4182241396782443	-0.2041234570256775
ENSMUSG00000037458	-0.0412333022754489	0.5038557542831106
ENSMUSG00000029771	-0.0208002933706882	0.1686264563136912
ENSMUSG00000046932	-0.4266984965387742	-0.3248372533031399
ENSMUSG00000034151	-0.5416078423112082	-0.6443623114724985
ENSMUSG00000027210	-0.3077881609589095	-0.109916151395425
ENSMUSG00000092600	-0.2311530141364638	-0.1699739048109686
ENSMUSG00000037236	-0.0618314547993626	0.2947544843759645
ENSMUSG00000106885	-0.2141454841038807	-0.2492798321634622
ENSMUSG00000061702	0.10960216756252	0.0941459324339872
ENSMUSG00000026429	-0.0587624480539139	0.3991030540395006
ENSMUSG00000097717	-0.0897837248568714	-0.2189361704670001
ENSMUSG00000116927	-0.5600436335477949	0.3199101652209771
ENSMUSG00000085198	-0.5036862695016242	-0.5090425562315871
ENSMUSG00000112667	-0.3103415369107596	-0.1934671694162496
ENSMUSG00000109145	-0.2815906604275449	-0.4092834356838846
ENSMUSG00000102106	-0.1860214570888864	-0.2669353715011049
ENSMUSG00000000182	-0.1856818038488145	-0.2982144904835446
ENSMUSG00000079578	-0.6500739442113239	-0.5185676914891861
ENSMUSG00000079317	-0.1526654044058596	0.528297710958988
ENSMUSG00000048996	-0.4792411476507638	-0.3688069358981961
ENSMUSG00000069824	-0.3613622097840696	-0.5098141728200092
ENSMUSG00000036040	-0.3490297849349291	-0.2239769462362802
ENSMUSG00000022197	-0.059274685574686	-0.2132372238987538
ENSMUSG00000096735	-0.4039565152631251	-0.3363806655759315
ENSMUSG00000085555	-0.2446380669741177	0.3256039089468251
ENSMUSG00000031880	-0.1321643723529444	-0.112142778866873
ENSMUSG00000111638	-0.3623717986567199	-0.5416958475157323
ENSMUSG00000102239	-2.0	-2.0
ENSMUSG00000038764	-0.0041016763535627	0.2409942968114675
ENSMUSG00000005824	-0.3079462819528687	-0.3015283477673227
ENSMUSG00000024130	-0.1142694474546268	0.4721582611625677
ENSMUSG00000031833	-0.0610891856622905	0.2875034418206811
ENSMUSG00000070377	-0.4778054597722771	-0.3551310912268661
ENSMUSG00000109828	-0.3869586088780434	-0.2994381871016222
ENSMUSG00000085667	-0.0789431095107861	0.0719534759916903
ENSMUSG00000025509	-0.2105009372327379	-0.2502530203913149
ENSMUSG00000110628	-2.0	-2.0
ENSMUSG00000085120	-0.430482597910892	-0.304150029880856
ENSMUSG00000046295	-2.0	-2.0
ENSMUSG00000030292	-0.3007356437792678	-0.2583762148979842
ENSMUSG00000027304	-0.0240238493635484	0.4420832355825548
ENSMUSG00000022603	-0.0389702795086984	-0.1454703692911559
ENSMUSG00000112904	-0.4435221279298431	-0.7324129560633087
ENSMUSG00000104563	-0.0915186270656382	0.3575868911012816
ENSMUSG00000040302	-0.0529145395409503	0.365470013712932
ENSMUSG00000047495	-0.3314424497538684	-0.0304821429246406
ENSMUSG00000032064	-0.0393778879331536	0.1411497086792602
ENSMUSG00000031508	-0.0518333999216635	0.4877615015471506
ENSMUSG00000061947	-0.2497888475817838	-0.3610477624340408
ENSMUSG00000055373	-0.2478215139050767	0.4000144483962662
ENSMUSG00000036744	-0.579562369510688	-0.4295390234235651
ENSMUSG00000086483	-0.2721181099477961	-0.3759589477450138
ENSMUSG00000103010	-0.9787881182041488	-0.5405381814546387
ENSMUSG00000085835	-0.4707619379413646	-0.4275886918733163
ENSMUSG00000106786	-0.3733874779055313	-0.6482408260958383
ENSMUSG00000112134	0.0191936669341478	0.055185379191013
ENSMUSG00000083983	-0.684401586620758	-0.5715401577521105
ENSMUSG00000062553	-0.4837309692766637	-0.5045700093436711
ENSMUSG00000079630	-0.6149208829477671	-0.3765939782593964
ENSMUSG00000026626	-0.0264459154073555	0.5833851517588742
ENSMUSG00000115520	-0.334815589237368	-0.2398772530205214
ENSMUSG00000071909	-0.3851354626937237	-0.4579470344992289
ENSMUSG00000066512	-0.2702454242080908	-0.3278862490251135
ENSMUSG00000098270	-0.4586921500878151	-0.5789217558714373
ENSMUSG00000121310	-0.1821890888188006	-0.4025630547789907
ENSMUSG00000097089	-0.0416578594494083	0.2032353473053194
ENSMUSG00000023971	-0.0894596877853252	0.3796288968476001
ENSMUSG00000035992	-0.1252879339094494	0.5333159240812505
ENSMUSG00000036899	-0.4351096279244293	-0.3829518261790787
ENSMUSG00000062987	-0.7360469056765514	-0.9304812313584792
ENSMUSG00000030732	-0.3002652687486666	-0.0387819089126555
ENSMUSG00000110895	-0.0846996998130015	-0.1826835121555935
ENSMUSG00000027395	-0.0338896314976909	0.2380029225712943
ENSMUSG00000090386	-0.5667679683416083	-0.4262277648292738
ENSMUSG00000057003	-0.3524226190295129	-0.2887687827056317
ENSMUSG00000118671	-0.0206852238206527	-0.0154006852498332
ENSMUSG00000096139	-0.6555490120979272	-0.6702153944644513
ENSMUSG00000026049	-0.1772545098496248	0.4965953616598167
ENSMUSG00000074952	-0.5059155669110154	-0.7451896853124808
ENSMUSG00000029817	-0.0572316297085396	0.4929756675236498
ENSMUSG00000086733	-0.4286598811665444	-0.2599853592950584
ENSMUSG00000113161	-0.2302932373425419	0.0113203668421814
ENSMUSG00000057147	-0.3900702358015779	-2.0
ENSMUSG00000042873	-0.250094327153213	-0.0650587941513722
ENSMUSG00000102918	-0.0276334754899004	0.3812230540227384
ENSMUSG00000024592	-0.2598162767018687	0.4783670494802874
ENSMUSG00000103234	-2.0	-2.0
ENSMUSG00000000223	-0.5742131666297571	-0.5455707376432839
ENSMUSG00000102203	-0.4621282892464416	-0.547963495140532
ENSMUSG00000067714	0.0074580094933132	-0.0149555316904988
ENSMUSG00000102659	-0.9832799668217476	-0.5451408161290052
ENSMUSG00000061603	-0.4786649587080443	-0.5129176478803695
ENSMUSG00000024074	-0.2681175609034619	0.4240592909515095
ENSMUSG00000040990	-0.6347316514258374	-0.0968871045783405
ENSMUSG00000075040	0.0218509904186113	0.2798074283625398
ENSMUSG00000046056	-0.0828049617824176	-0.0303985735586058
ENSMUSG00000053219	-0.4503869457271595	-2.0
ENSMUSG00000017466	-0.1589641807286702	0.2749591682951234
ENSMUSG00000071359	-0.0578433692324735	0.5195767913399879
ENSMUSG00000040614	-0.663578693907067	-0.3245419082130631
ENSMUSG00000049605	-0.3947479776626666	-0.2849441170061326
ENSMUSG00000111276	-0.8725898120341541	-0.747225585862816
ENSMUSG00000086792	-0.1621718822103229	-0.021499018018528
ENSMUSG00000109888	-0.4152423811696114	-0.2169034721286788
ENSMUSG00000073931	-0.425280336541451	-0.6259518170166207
ENSMUSG00000109377	-0.4754260418331333	-0.3977771787700227
ENSMUSG00000040562	-0.0810866568240065	-0.006392907136672
ENSMUSG00000109481	-0.4695728371866174	-0.6080696284688175
ENSMUSG00000031021	-0.2028342913443986	0.4259946805923765
ENSMUSG00000020888	-0.1738710110995451	0.2309763964536606
ENSMUSG00000019489	-0.2768519732231903	-0.1571067024137782
ENSMUSG00000063867	-0.5833791611560399	-0.6634330066593325
ENSMUSG00000112367	-0.5997439186224843	-0.5151673733200055
ENSMUSG00000031925	-0.5651709165612204	-0.2490754064856801
ENSMUSG00000037221	0.0844440035060877	0.1750836860836522
ENSMUSG00000025855	-0.2773443632849426	-0.1800664270979031
ENSMUSG00000079666	-0.3818223668085094	-0.4451267471049498
ENSMUSG00000086662	-0.4022107271291263	-0.5519358904754644
ENSMUSG00000093456	0.0152817766197561	-0.4476469746243629
ENSMUSG00000026192	-0.0518927129348286	0.4566969426832177
ENSMUSG00000009378	-0.4538856732089479	-0.1410435077113342
ENSMUSG00000026374	-0.0459005417671071	0.4805303692933084
ENSMUSG00000085150	-0.4078103583553817	-1.273060177247444
ENSMUSG00000096140	-0.139189498542877	-0.3162183462868408
ENSMUSG00000049864	-0.8048821723981813	-0.7459349664137624
ENSMUSG00000102794	-0.4428957600300783	-0.3952127517700394
ENSMUSG00000037679	-0.049271503248265	0.4069786815676672
ENSMUSG00000044320	-0.11745542690338	0.3100476557999268
ENSMUSG00000029348	-0.0702471535944335	-0.0324489350598148
ENSMUSG00000095074	-0.8938127077018272	-0.9149664345560478
ENSMUSG00000003053	-0.6537311537995307	-2.0
ENSMUSG00000110713	-0.3371562620374557	-0.2941125389545846
ENSMUSG00000086795	-0.3165773963983671	-0.5522506234887177
ENSMUSG00000073497	-0.8627471302943428	-0.6567912867351515
ENSMUSG00000061701	-2.0	-2.0
ENSMUSG00000085047	-0.3136576491559948	-0.4557175911728509
ENSMUSG00000040472	-0.0706509757757243	0.3986003289113681
ENSMUSG00000071103	-0.3582408161992337	0.4686594966076006
ENSMUSG00000075225	-0.1979360881194282	0.0982680976732256
ENSMUSG00000041481	-0.340104707388762	-0.6363883209179906
ENSMUSG00000086725	-2.0	-2.0
ENSMUSG00000102856	-0.0956146007152943	-0.1253892467119523
ENSMUSG00000114354	-0.3802584260272184	0.4801403745366617
ENSMUSG00000093553	-0.4314765477074802	0.5180941822991993
ENSMUSG00000005846	-0.085535405520406	0.3790022217344133
ENSMUSG00000070427	0.0328551009862248	0.0290273476340298
ENSMUSG00000044071	-0.4875968658375219	-0.3004263985427597
ENSMUSG00000079658	-0.0610642919083335	0.5108387298436171
ENSMUSG00000094195	-1.1929929402259123	-1.4526502005778477
ENSMUSG00000097308	-0.447775039043214	0.3574698268418217
ENSMUSG00000027001	-0.1646450744392189	0.4935185552250545
ENSMUSG00000102172	-0.3426505714883621	-0.0544540168985028
ENSMUSG00000087264	-0.297808391230657	-0.0856770504751716
ENSMUSG00000101031	-0.5929307795290037	-2.0
ENSMUSG00000091239	-0.582069177285154	-0.8806515854932265
ENSMUSG00000082661	-0.4138587174427149	-0.4727878412568826
ENSMUSG00000013483	-0.2100519849486784	-0.2644389430505855
ENSMUSG00000102548	-0.2573815313233875	-0.1808891271371962
ENSMUSG00000041445	-0.0259889324132199	-0.2027226235842586
ENSMUSG00000031832	-0.076581883876293	0.292489109737974
ENSMUSG00000099833	-2.0	-2.0
ENSMUSG00000061186	-0.2600716641964531	-0.0818816593132052
ENSMUSG00000032530	-0.3342023847762069	0.0920430660221392
ENSMUSG00000095909	-0.036623719992516	0.0876893688489397
ENSMUSG00000110190	-0.4232676866209232	-0.4684459820529421
ENSMUSG00000073386	-0.2962362976211306	-0.3466676374860162
ENSMUSG00000101931	-2.0	-2.0
ENSMUSG00000003847	-0.0244768384083832	0.5073368360182477
ENSMUSG00000029586	-0.2713044369205887	0.44563440047804
ENSMUSG00000085491	-0.2072260194743588	-0.4022848545342346
ENSMUSG00000085553	-0.555899249311372	-0.3224618464344062
ENSMUSG00000078907	-0.1869574432651895	-0.0102280517649319
ENSMUSG00000041763	-0.0364751892674234	0.5034458334441508
ENSMUSG00000102926	-0.5027321765229978	-0.4637873631733364
ENSMUSG00000053287	-0.6069714567725022	-0.8598862691541481
ENSMUSG00000095388	-2.0	-2.0
ENSMUSG00000112674	-0.3706393382438767	-0.3459768075151044
ENSMUSG00000004018	-0.1548865738252233	-0.006872073672852
ENSMUSG00000036985	-0.2949474999269805	0.2610991148536198
ENSMUSG00000036915	-0.1168158128886279	0.2122334293794233
ENSMUSG00000121311	-0.1306527967677188	-0.1223946359217165
ENSMUSG00000043740	-0.1372109956622111	-0.044884953193631
ENSMUSG00000074892	-0.3266924240562943	-0.3964687253381639
ENSMUSG00000052336	-1.1509027101161533	-0.2521716556862404
ENSMUSG00000054408	-0.1116308737278863	0.5101459193682593
ENSMUSG00000020312	-0.1932548610660159	0.3681767628760992
ENSMUSG00000086212	-0.2439333351984709	0.4799916992409243
ENSMUSG00000073768	-0.3162510894334517	-0.2041794816011224
ENSMUSG00000115021	-0.4176631858851019	-0.4682843292757666
ENSMUSG00000042372	-0.2473055874045818	0.038134975214308
ENSMUSG00000057455	-0.4646754930682287	-0.682764282995102
ENSMUSG00000111924	-0.483022228089933	-0.4011698943867172
ENSMUSG00000006651	-0.0398173889549706	0.2671768929553338
ENSMUSG00000003812	-0.3198750661866171	0.0543701800419636
ENSMUSG00000083127	-0.588610295341823	-0.8550088830685314
ENSMUSG00000006389	-0.1227328051354717	-0.2589146301948981
ENSMUSG00000040447	-0.1873355319918382	0.113110646728472
ENSMUSG00000104522	-2.0	-2.0
ENSMUSG00000113825	-0.257279109566283	-0.3457506837830665
ENSMUSG00000091827	-0.5708241479851176	-0.4630879534150117
ENSMUSG00000035296	-0.5531268351594991	-0.7497191894169927
ENSMUSG00000048330	-0.2565766324061292	0.1924232592436726
ENSMUSG00000075598	-0.3441306058515329	-0.3655418754936563
ENSMUSG00000096308	-0.7379259370673049	-0.8600094967395208
ENSMUSG00000113244	-0.3400942535336421	-0.2502525567433581
ENSMUSG00000020460	0.1266138330092837	0.2281081640234409
ENSMUSG00000113618	-2.0	-2.0
ENSMUSG00000099664	-0.2965488652986435	-0.508973823151282
ENSMUSG00000039087	-0.0090864628715863	0.3712940061261285
ENSMUSG00000099485	-2.0	-2.0
ENSMUSG00000025880	-0.0041711269356	0.1871849999188353
ENSMUSG00000090519	-0.691627273180003	-0.6483462531839549
ENSMUSG00000115469	-0.3329240105329157	-0.1135730136298369
ENSMUSG00000116759	-0.6532316709274545	-0.3243926610810357
ENSMUSG00000035187	-0.2458667544801251	-0.1907576719465296
ENSMUSG00000107317	-0.1210911885255251	0.0039656226344079
ENSMUSG00000120338	-0.1517964683671457	-0.2240953652691453
ENSMUSG00000014771	0.0186957563442845	0.3347459973257211
ENSMUSG00000113290	-0.5354731650523804	-0.7061139995089606
ENSMUSG00000097812	0.0038599165701486	0.260453494434319
ENSMUSG00000116158	0.1849680422260108	-0.0212969088585426
ENSMUSG00000038462	-0.2395588181891267	0.4360140388172777
ENSMUSG00000032968	-0.0991892981506507	0.1650197886050324
ENSMUSG00000107325	-0.3156195822405857	-0.3377150135598243
ENSMUSG00000059325	-0.1338780197337686	0.128438689493224
ENSMUSG00000039477	-0.0242811464861742	0.0145817724829022
ENSMUSG00000085528	-0.372662004701667	-0.3193318664458669
ENSMUSG00000027776	-0.3235039249929167	-0.5029688716531677
ENSMUSG00000052688	-0.3101465272944355	-0.3372451895079389
ENSMUSG00000022382	-0.1245199312913735	-0.0719545926653426
ENSMUSG00000086526	-0.3032530093213879	0.3500067627938382
ENSMUSG00000110274	-0.0664990457567536	-0.2862845556476932
ENSMUSG00000053113	0.0934153808417404	0.258090119775916
ENSMUSG00000105678	-0.4065894678370199	-0.2994568630763125
ENSMUSG00000030541	-0.0588631960863735	0.3714808923853795
ENSMUSG00000103864	0.3087824664088183	0.3174883494970021
ENSMUSG00000024789	-0.2937657566774058	0.41016322154192
ENSMUSG00000051166	-0.1168673065850655	0.4990183592466543
ENSMUSG00000018500	-0.0899686464205775	0.4309839926134217
ENSMUSG00000000486	0.0561161578100748	0.0426304749727108
ENSMUSG00000092168	-0.3869765000409574	-0.3054771054757267
ENSMUSG00000049130	-0.3089094859672477	-0.270936341393361
ENSMUSG00000040537	-0.2768031756380498	0.4808146693684504
ENSMUSG00000095098	-0.1221090788493288	0.2243372363352377
ENSMUSG00000006423	-0.1088730581583807	0.4354171846264586
ENSMUSG00000074596	0.0018913970958491	-0.417798639773868
ENSMUSG00000108003	-0.4855021874357731	-0.3993733717545665
ENSMUSG00000105068	-0.4096334975078118	3.3873648533247456e-05
ENSMUSG00000022641	-0.1761290877525186	0.4831220889441117
ENSMUSG00000024339	-0.2438481984850226	-0.1513518207994308
ENSMUSG00000087254	-0.2305222364747873	-0.2146952266398105
ENSMUSG00000022426	-0.0470852745227058	0.2237979989418145
ENSMUSG00000002803	0.0264517091911567	0.332806343381422
ENSMUSG00000108876	-0.3549058353242666	-0.5358312991681247
ENSMUSG00000111231	-0.2181427037272364	-0.095657794712931
ENSMUSG00000107159	-0.59442656130802	-0.5653311558681466
ENSMUSG00000018102	-0.443198829531168	0.6045431235312584
ENSMUSG00000027120	-0.5436637611017952	-0.4563133095050541
ENSMUSG00000120017	-0.3937861715720493	0.3966132121239591
ENSMUSG00000118384	-0.2522599926355138	-0.1947228033126736
ENSMUSG00000053329	-0.1462014376483208	0.3940977968242697
ENSMUSG00000034310	-0.2897377249238587	0.2376862678945578
ENSMUSG00000024937	-0.0620553450742514	-0.1585729500712998
ENSMUSG00000025916	-0.3392748843775661	-0.0946627176924629
ENSMUSG00000092494	0.0625819090256488	-0.1233511974287177
ENSMUSG00000019528	-0.2759037851953551	0.054796537763455
ENSMUSG00000052298	-0.0169237163618762	0.5387559082662048
ENSMUSG00000112552	-0.3657924590663302	-0.4459197902023206
ENSMUSG00000104538	-0.3072394196476665	-0.2032162014432284
ENSMUSG00000071691	-0.246511623028643	0.1538368070903288
ENSMUSG00000120438	-0.8750046350833454	0.572015873069695
ENSMUSG00000105960	-0.2390646583596324	-0.349242869979729
ENSMUSG00000045679	0.0252239151783107	0.1359413084239621
ENSMUSG00000051977	-0.0925420948110627	0.5184481326981414
ENSMUSG00000005917	-0.3020096520864677	-0.0384086389213104
ENSMUSG00000045102	-0.274691574097416	0.5071988079584657
ENSMUSG00000038429	-0.145714124508797	0.494375304287635
ENSMUSG00000121516	-0.4280453316318313	-0.6479769841087926
ENSMUSG00000046985	-0.0727035657179688	0.5193769330819934
ENSMUSG00000089633	-0.2883617992149319	-0.2872260877153867
ENSMUSG00000084873	-0.4895539236932766	-0.0708791536642198
ENSMUSG00000097079	-0.0036150447408709	0.0822043911804009
ENSMUSG00000109696	-0.3886569138395855	-0.4588964941058622
ENSMUSG00000039987	-0.0467714480269264	0.4049123612553535
ENSMUSG00000035275	-0.1253103041541619	0.3502359975169641
ENSMUSG00000086697	-0.0727776097668591	-0.8113082642221362
ENSMUSG00000112739	-0.2583634602298417	-0.3785562834948527
ENSMUSG00000116628	0.159091133328806	0.0644706434852223
ENSMUSG00000031239	-0.630094273933152	0.098649816278639
ENSMUSG00000034757	0.0343812033202931	-0.0405538048589185
ENSMUSG00000114860	-0.0882593893766387	0.0017414123839526
ENSMUSG00000021540	-0.0689257390083033	0.5225055259997424
ENSMUSG00000117871	-0.2095895632454575	-0.4926029423910497
ENSMUSG00000111290	-0.2263922813037006	-0.2230785291702502
ENSMUSG00000039497	-0.0152541992405434	0.4467949334953152
ENSMUSG00000101397	-0.3838884586806864	-0.7662350312432632
ENSMUSG00000091556	-0.452342926837515	-0.5275288164375678
ENSMUSG00000025969	-0.1051214914829048	0.1625667960321642
ENSMUSG00000109789	-0.5004987692120808	-0.3649153440234408
ENSMUSG00000024286	-0.0859497862679247	0.5288665864846608
ENSMUSG00000025323	-0.3474202797758843	0.4715351998302775
ENSMUSG00000040929	-0.3036934225445694	0.5282789243304017
ENSMUSG00000031326	-0.5417968139585551	-0.3242011351897603
ENSMUSG00000115049	-0.1007837730709496	-0.1281433480385965
ENSMUSG00000091122	-0.6421795703797564	-0.7638952329850849
ENSMUSG00000020434	-0.2344674908567813	0.4098077174817298
ENSMUSG00000094746	-2.0	-2.0
ENSMUSG00000104698	-0.4937232689596275	-0.2645322067693036
ENSMUSG00000060863	-0.3330922653340785	-0.1679993814392337
ENSMUSG00000041328	-0.0319358571583953	0.3925548612152552
ENSMUSG00000114181	-0.2864664496014064	-0.234271348406424
ENSMUSG00000068587	-0.4914314992531179	-0.3394762128672594
ENSMUSG00000048520	-0.3302613054257883	0.3892880242250225
ENSMUSG00000027312	-0.0847920777475912	0.4636356193772076
ENSMUSG00000120555	-0.2219726859909565	0.1443755386062484
ENSMUSG00000105615	-0.3624238204673983	-0.2614610652107946
ENSMUSG00000094954	-2.0	-2.0
ENSMUSG00000002210	-0.137054961900379	0.4825608933289444
ENSMUSG00000018341	-0.2286847917181544	-0.4166311701072949
ENSMUSG00000101890	-0.4796488064029136	-0.6842924507283599
ENSMUSG00000047632	-0.07408650229835	0.314972630834431
ENSMUSG00000102307	-0.019708588894892	-0.1396954204148201
ENSMUSG00000019737	-0.4424882265975404	0.3090728912308939
ENSMUSG00000030753	-0.1035455462331488	0.45785284191524
ENSMUSG00000106598	-0.6380264983305898	-0.5044229736582656
ENSMUSG00000085378	-0.210474142128706	-0.3179553376170637
ENSMUSG00000106466	-0.3228750530768042	-0.1796353658029002
ENSMUSG00000050815	-0.4940387035812876	-0.3715548707707224
ENSMUSG00000102662	-0.1143365754631109	-0.0971427486263581
ENSMUSG00000087336	-0.3074005140563546	0.3882689163146461
ENSMUSG00000045648	-0.4475853788379303	-0.4220206394557761
ENSMUSG00000036617	-0.1960049928871705	0.1666133847407029
ENSMUSG00000063157	-0.6099100467425714	-0.7853465417722367
ENSMUSG00000090038	-0.4876038062932934	-0.4705704156593738
ENSMUSG00000109412	-0.4677839192515809	-0.2564670317097386
ENSMUSG00000070619	-0.3010869788381848	-0.2538914753028005
ENSMUSG00000092294	-2.0	-2.0
ENSMUSG00000020248	-0.08464185483737	0.47293861007352
ENSMUSG00000101512	-2.0	-2.0
ENSMUSG00000074206	-0.3549591339587143	-0.3899436064007863
ENSMUSG00000115433	-0.367692155123837	-0.3202102815119805
ENSMUSG00000102919	0.0599436282628382	-0.1320299171681596
ENSMUSG00000121286	-0.4249463912912837	-0.323893038256081
ENSMUSG00000034557	-0.1906265669434586	0.4970651710634868
ENSMUSG00000110843	-0.5458569780862759	-2.0
ENSMUSG00000000579	0.1279731668024581	0.264958945784946
ENSMUSG00000033373	-0.0565922527294197	0.4495536806577099
ENSMUSG00000110791	-0.3558492629301052	-0.387451361540182
ENSMUSG00000101984	-2.0	-2.0
ENSMUSG00000030291	-0.278851632280646	0.4859291568982347
ENSMUSG00000102660	-0.436662041779251	-0.5260432242275623
ENSMUSG00000008373	-0.0510312192261002	0.3367078312456812
ENSMUSG00000051146	0.1616338887579817	0.2944926798421126
ENSMUSG00000028437	-0.0130954904206037	0.3900313291594019
ENSMUSG00000041202	-0.3239703167117989	-0.5353700821847436
ENSMUSG00000051367	-0.0385862154322452	0.2516318945441412
ENSMUSG00000055471	-0.3704040816415778	-0.0081038553623829
ENSMUSG00000115320	-0.393727007032858	-0.3835471729453621
ENSMUSG00000050587	-0.598398902844603	-0.3496332147742305
ENSMUSG00000006356	-0.2932670304203882	0.329800051163703
ENSMUSG00000029390	-0.104120745664469	0.3749212963745608
ENSMUSG00000111950	-0.3907743106789258	-0.2021565524950945
ENSMUSG00000100813	-1.1085381016448108	-0.8749576747980804
ENSMUSG00000085860	-0.0578811787866511	0.3788236278917031
ENSMUSG00000087518	-0.2382519275683408	-0.0680738117226006
ENSMUSG00000110000	-0.414006937514318	-0.5548060017408766
ENSMUSG00000085655	-0.0648532171683368	0.479424425294216
ENSMUSG00000018446	0.0148006817295656	0.1257876036284975
ENSMUSG00000037390	-0.3571136572845039	-0.1794178948461138
ENSMUSG00000080725	-0.9369300001830734	-0.6291780364867853
ENSMUSG00000109049	-0.07337854192034	0.0482191608574597
ENSMUSG00000043415	-0.0281691102645018	0.4911144959261063
ENSMUSG00000041439	-0.3119815518416374	0.0844303447704299
ENSMUSG00000110453	-0.1482820317724797	-0.1550711196053428
ENSMUSG00000049252	-0.5427007814854997	-0.3269213751894823
ENSMUSG00000041319	-0.3704315964133253	0.3167865551429315
ENSMUSG00000048027	-0.0604730599379008	0.4848297823295573
ENSMUSG00000000056	-0.0758636410195519	0.5139273443975422
ENSMUSG00000027364	-0.0200083613471317	-0.4446404586661852
ENSMUSG00000053291	-0.2171521527432117	0.2434954300537397
ENSMUSG00000086416	-0.3938584230287572	-0.2855724930768843
ENSMUSG00000120707	-0.4896373245130401	-0.2863611332904398
ENSMUSG00000117892	-0.3504817246874928	-0.4872857537322014
ENSMUSG00000031230	-0.7160165151175797	-0.4855856108295393
ENSMUSG00000055010	-0.3859392897012674	-0.1112838408212657
ENSMUSG00000009207	-0.7067983740236704	0.5841778370445653
ENSMUSG00000100939	-2.0	-2.0
ENSMUSG00000051396	-0.0076919301053635	0.4157333660531881
ENSMUSG00000084798	-0.5194699179725951	-0.2494403876473913
ENSMUSG00000101035	-2.0	-2.0
ENSMUSG00000113459	-0.256411066057223	-0.4180528434612258
ENSMUSG00000045225	-0.4059559090272238	-0.6333768464782725
ENSMUSG00000111306	-0.6095538375926952	-0.6379100756053752
ENSMUSG00000087361	-0.0683161922279845	-0.3109173170927888
ENSMUSG00000028999	-0.0427371248086151	0.2900248117867255
ENSMUSG00000037750	-0.0236469942453092	0.5114887087002392
ENSMUSG00000041187	-0.0369912021823891	0.1378292961470659
ENSMUSG00000019232	-0.3326425089903285	-0.1463724732738396
ENSMUSG00000060816	-0.4056624858475495	-0.3679909406300938
ENSMUSG00000022494	-0.4893319571189878	-0.2710574379507862
ENSMUSG00000049612	-0.0085905843827601	-0.2803465926305825
ENSMUSG00000026750	-0.0122939712471553	0.44074225577014
ENSMUSG00000024975	-0.0698470730137038	-0.5218729556564433
ENSMUSG00000099370	0.0078246472933922	0.2546051092559315
ENSMUSG00000108617	-0.0556359854143066	-0.2659239574932298
ENSMUSG00000113974	-0.5784367736943967	-0.5435030301212703
ENSMUSG00000028441	-0.229428677445321	0.0820022167093935
ENSMUSG00000085142	-0.4699149245451542	-0.7417339654596523
ENSMUSG00000102925	-0.2961742096156967	-0.2073740088002172
ENSMUSG00000113742	-0.6213522789632896	-0.4580911667750221
ENSMUSG00000030680	-0.0889160410597092	0.206509076214548
ENSMUSG00000097431	-0.3211032121845913	0.4596837292978265
ENSMUSG00000085139	-0.7319825734332976	-0.3468150889288903
ENSMUSG00000092080	-0.4356627986686119	-0.7643429502694515
ENSMUSG00000082305	0.0067754577427429	-0.0892639947020624
ENSMUSG00000073209	-2.0	-0.8600089555841359
ENSMUSG00000022212	-0.4999319224234792	-0.5965450120752995
ENSMUSG00000028248	-0.0426278797858645	0.4996972526865588
ENSMUSG00000110320	-0.1767196163666528	-0.1869935138803986
ENSMUSG00000057751	-0.2079191524132504	0.1647869926967135
ENSMUSG00000028541	-0.1924544191093305	0.1345289922272249
ENSMUSG00000118672	-0.4285835129858048	-0.3314199057601378
ENSMUSG00000028048	-0.049414354249717	0.0904937991964911
ENSMUSG00000121465	-0.3781630129016254	-0.474228157654076
ENSMUSG00000068101	-0.1071413773828629	0.3848098734493486
ENSMUSG00000059230	-0.4884920316464667	-0.627799276328345
ENSMUSG00000086607	-0.3500696120667125	-0.1918143019939911
ENSMUSG00000108311	-0.0934071521748572	-0.2311794889914174
ENSMUSG00000103238	-0.0531726547801786	0.0941685894158081
ENSMUSG00000026003	-0.1811114221193114	0.2993229077649255
ENSMUSG00000103726	-0.3355347863039173	-0.2339784916462163
ENSMUSG00000085634	-0.1526792306635581	-0.1703700176210694
ENSMUSG00000037339	-0.0374914471938241	0.3939645776569971
ENSMUSG00000009281	0.1422755583929534	-0.2802074786982992
ENSMUSG00000005716	-0.1829293600238682	-0.1918227453061893
ENSMUSG00000098650	-0.0580612410880081	0.4520852746108125
ENSMUSG00000079466	-0.1005915616932411	-0.3900386762751064
ENSMUSG00000119964	-0.5657130957134363	-0.7009095450605676
ENSMUSG00000104131	-2.0	-2.0
ENSMUSG00000102016	-2.0	-2.0
ENSMUSG00000075159	-0.4526654714496904	-0.8804602620337459
ENSMUSG00000013707	0.2366460733876461	0.1762585749619132
ENSMUSG00000009115	-0.3001329754135017	-0.2575243651714073
ENSMUSG00000091652	-2.0	-2.0
ENSMUSG00000115674	-0.5420598178970466	-0.4964155128135852
ENSMUSG00000047969	-1.817510593714076	-0.9519631569749676
ENSMUSG00000029029	-0.0980018978880092	0.3593986925028941
ENSMUSG00000121446	-0.3855225236402812	-0.280772674339928
ENSMUSG00000044176	-0.3579589006321388	0.4276091093208968
ENSMUSG00000079037	-0.1384927109912384	0.2902002798085653
ENSMUSG00000096875	-2.0	-2.0
ENSMUSG00000035234	-0.0481368852774386	0.4810396800784666
ENSMUSG00000114531	-0.3579654363066488	-0.1989048652986152
ENSMUSG00000037625	-0.3560759750622737	-0.1725817552492464
ENSMUSG00000040978	-0.3310833755247325	-0.0234139977101452
ENSMUSG00000092607	-0.1909923584356305	0.2865256279943142
ENSMUSG00000039055	-0.0659598196372236	0.3304020025915722
ENSMUSG00000087258	-0.3407982647909508	-0.0469162851773928
ENSMUSG00000021794	-0.0207216637680988	0.4187453044248301
ENSMUSG00000081836	-0.6978594578602315	-0.9519639346136444
ENSMUSG00000093948	-2.0	-2.0
ENSMUSG00000097350	-0.248040572455702	0.5118654543141575
ENSMUSG00000096221	-0.0510143193632803	0.1718229528163664
ENSMUSG00000020456	-0.02058084029641	0.4692884630711735
ENSMUSG00000107285	-1.009032805509804	-1.0293462501832775
ENSMUSG00000020111	-0.0533489090061955	0.480638942196275
ENSMUSG00000026765	-0.397816035293812	-0.2725841859833826
ENSMUSG00000030205	-0.337466548813205	-0.2654953990293366
ENSMUSG00000089766	0.2238254955059379	0.0144382922281886
ENSMUSG00000059891	-0.0381929114076901	-0.3518561164923023
ENSMUSG00000034059	-2.0	0.3818366197183218
ENSMUSG00000102269	-0.3063708222963358	-0.2925018716684828
ENSMUSG00000027248	-0.0381087934386333	0.4607706915734111
ENSMUSG00000085181	-0.3736629180802741	-0.3589189153952247
ENSMUSG00000121753	-0.3818441279109585	-0.4546278061032516
ENSMUSG00000107036	-0.3226458510362388	-0.2537901848546343
ENSMUSG00000029510	-0.1610304564554469	0.3634626772535405
ENSMUSG00000040434	-0.0429999045316427	0.0272911270030473
ENSMUSG00000078513	-0.4217599513864238	-0.2526177158188881
ENSMUSG00000054893	-0.0594957671258684	0.2722690020468243
ENSMUSG00000009894	-0.0352930081952743	0.3225426203341336
ENSMUSG00000007440	-0.3810401101475105	-0.3992363562183764
ENSMUSG00000040570	-0.3359962103793928	0.3509806597159634
ENSMUSG00000103833	-0.4800455412915273	-0.372744164953878
ENSMUSG00000091468	-0.939183594556436	-0.6566855627796285
ENSMUSG00000038871	-0.0829034554037477	0.5242467874172785
ENSMUSG00000107645	-0.3499196907684885	-0.5290917230365316
ENSMUSG00000020894	-0.1730115478062562	0.281045645556895
ENSMUSG00000027196	-0.1269697225198006	-0.1767479307960714
ENSMUSG00000029840	-0.0615599361400445	0.4711264716595115
ENSMUSG00000020471	-0.2025425747742526	0.4049017621565874
ENSMUSG00000036450	-0.0580605461065137	0.4759894574628783
ENSMUSG00000057469	-0.0868605689292876	0.3252516404483736
ENSMUSG00000029082	-0.2645623940095725	-0.2240824145703276
ENSMUSG00000026344	-0.4023269680449206	-0.1897342725201756
ENSMUSG00000100199	-0.1039835508862165	0.3873670430797848
ENSMUSG00000086830	-0.3883924272477486	-0.4713377834613023
ENSMUSG00000093570	-0.3333760794895292	-0.4426157653518875
ENSMUSG00000062397	0.0202563430974216	0.4590898841907158
ENSMUSG00000109772	-0.2466170537268259	-0.1860651822552124
ENSMUSG00000028517	-0.0149518457200217	0.3951837602747438
ENSMUSG00000085246	-0.0258423347448909	0.0647104805203934
ENSMUSG00000100157	-0.0124700319907495	-0.3272737016011536
ENSMUSG00000028328	-0.2912097242295702	-0.1555245639209636
ENSMUSG00000066196	-0.4111539474014731	-0.1383357383757751
ENSMUSG00000109422	-0.5485721972850732	-0.4425207093291176
ENSMUSG00000112732	-0.5795877392322675	-0.556631261017384
ENSMUSG00000049537	-0.6369880239815213	-0.6991695650636148
ENSMUSG00000061458	-0.0203153492283771	0.4697357373860071
ENSMUSG00000079484	-0.1569996970845437	0.295208521589268
ENSMUSG00000113488	0.0033852995851718	0.4148771243804358
ENSMUSG00000036023	-0.1203546296532045	0.0403015523109911
ENSMUSG00000112276	-0.7100919092525181	-0.3586016497528488
ENSMUSG00000073794	-0.2883823839949021	-0.3075521630703727
ENSMUSG00000110639	-0.3310885881717879	-0.3726831272123367
ENSMUSG00000058392	-0.0383063589574852	0.2766625902263865
ENSMUSG00000002413	-0.0364149222025363	0.4284500292433508
ENSMUSG00000121436	-0.3483617098360245	-0.4742379939362611
ENSMUSG00000024913	-0.0206062507288302	0.3294043886440743
ENSMUSG00000038591	-0.3394319922978621	-0.3582037585214566
ENSMUSG00000024807	0.0441593902174019	0.200235651237501
ENSMUSG00000026634	0.0222914210402721	-0.2095922372294812
ENSMUSG00000107648	-0.3373926868780727	-0.432702784469092
ENSMUSG00000079853	-0.636396405268411	-0.8316615315429903
ENSMUSG00000095371	-2.0	-2.0
ENSMUSG00000103472	-0.0236924894606613	0.3895767858669955
ENSMUSG00000053980	-0.4915483937272764	-0.3400841990631174
ENSMUSG00000120763	-0.334520700199579	-0.128786206332776
ENSMUSG00000018398	-0.0603206370484215	0.4626516117135596
ENSMUSG00000029518	-0.0462280380509655	0.4274127467317417
ENSMUSG00000086060	-0.4156022793809171	-0.4768183531145805
ENSMUSG00000074593	-0.2532481372081595	-0.3141551175143081
ENSMUSG00000105137	-0.0074212116473811	0.0289834740962279
ENSMUSG00000039683	-0.3837209345695517	-0.0073260627748205
ENSMUSG00000055102	-0.0634197110116881	0.3204308739191159
ENSMUSG00000087053	-0.5027694928517081	-0.5200911438923634
ENSMUSG00000036449	-0.2975532639830764	-0.4755400043019646
ENSMUSG00000086608	-0.5079694476039255	-0.2916052773079082
ENSMUSG00000029703	-0.0711238215471664	0.3987841511002975
ENSMUSG00000096197	-0.1539489235106909	-0.1573160132605478
ENSMUSG00000036931	-0.1056222319987512	0.4246213084707565
ENSMUSG00000075534	-0.0756221816304077	-0.4247345434193868
ENSMUSG00000024675	-0.3307106473227131	-0.4224716658145298
ENSMUSG00000046408	-0.0236343371497477	0.0204966056254701
ENSMUSG00000086007	-0.4020631679207634	-0.2387696964664881
ENSMUSG00000091358	-0.3423421006141448	-0.3322553925684703
ENSMUSG00000027889	-0.0556266061406353	0.4203472626513719
ENSMUSG00000035298	-0.0992006493727186	-0.1314438399016648
ENSMUSG00000026342	-0.1650623930260617	0.3887486065439123
ENSMUSG00000087476	-0.243423525773571	0.3474713088268024
ENSMUSG00000115817	-0.6699484250066767	-0.4879934504903296
ENSMUSG00000106120	-0.2457175780659101	-0.3439265333441709
ENSMUSG00000075219	-0.5486379070847661	-0.6779168055272317
ENSMUSG00000078591	-0.4354958500823875	0.0452059773969436
ENSMUSG00000083618	-0.4402709096739624	-0.370802706563837
ENSMUSG00000046230	-0.1976859809686815	0.50997952321866
ENSMUSG00000052296	-0.0492812327516826	0.4791253801539386
ENSMUSG00000038582	-0.0162839769736129	0.3434373488583979
ENSMUSG00000078127	-0.1704882016868825	-0.4461341999034785
ENSMUSG00000106231	-2.0	-2.0
ENSMUSG00000097595	-0.1199738799592057	0.5185655257343355
ENSMUSG00000020622	-0.5830813670350771	-0.675210313380169
ENSMUSG00000078117	-0.2737882204874167	-0.7038563199799954
ENSMUSG00000008496	-0.1326750218235633	0.1061079074602337
ENSMUSG00000107728	-0.557054515675253	-0.1414565467100255
ENSMUSG00000022878	-0.383731652496104	-0.5488912239856625
ENSMUSG00000033717	-0.1672211422254209	-0.1951301766275759
ENSMUSG00000028703	-0.0417213445757124	0.4902142021666489
ENSMUSG00000094932	-2.0	-2.0
ENSMUSG00000092541	-0.0668352626524875	0.0999877837376559
ENSMUSG00000039081	-0.2096022296312851	-0.1746115357029045
ENSMUSG00000117391	-0.4164000008599065	-0.126957505445363
ENSMUSG00000052316	-0.16709363429937	0.0163898564304764
ENSMUSG00000117916	-0.0420074295834433	-0.0777550741497945
ENSMUSG00000021748	-0.0936063377845464	0.2691784553884378
ENSMUSG00000086801	-0.1806271838706757	0.1723795389956523
ENSMUSG00000044026	-0.0692519210640031	0.4148139660609884
ENSMUSG00000090100	-0.2582614363676319	0.4777242157598387
ENSMUSG00000117950	-0.4936841230584159	-0.493147130165772
ENSMUSG00000104506	-2.0	-2.0
ENSMUSG00000035351	-0.0633455367397555	0.3896033493795752
ENSMUSG00000018415	-0.0295584634696421	0.4006598855656588
ENSMUSG00000072625	-0.6016765917258984	-0.3106951907579159
ENSMUSG00000085030	0.1813238380006703	0.0418943607496046
ENSMUSG00000003477	-0.420250919737288	-0.6404790683347767
ENSMUSG00000033740	-0.4582363448539877	-0.731261584074692
ENSMUSG00000055515	-0.4154919271211289	-0.433485696919889
ENSMUSG00000041734	-0.0215954978533613	0.3918260851040647
ENSMUSG00000120669	-0.1677681022210784	0.5174339686263337
ENSMUSG00000035395	-0.6555591509338389	-0.8265112881499473
ENSMUSG00000103816	-0.5916131458514132	-0.6160375013112397
ENSMUSG00000097315	-0.0542867622978284	0.1381190870287989
ENSMUSG00000086808	-0.4093491720031064	-0.4189521853748253
ENSMUSG00000018931	-0.0110924098446771	0.3075965772140358
ENSMUSG00000075387	-0.5078715430606603	-0.5726402052230116
ENSMUSG00000107766	-0.247161317544353	-0.2093195756294064
ENSMUSG00000046826	-0.3099099362165169	0.3913257963532893
ENSMUSG00000021587	-0.4422654845823566	0.1871281555826243
ENSMUSG00000053825	-0.6189177138247419	-0.5258886788123124
ENSMUSG00000023845	-0.0527069809439342	0.5202780621980372
ENSMUSG00000071573	-0.445425079846922	0.5111488493382221
ENSMUSG00000081502	-0.8180135755198491	-0.8460912772366987
ENSMUSG00000032786	-0.0854851691558139	0.4297077181337654
ENSMUSG00000085386	-0.427091937173028	-0.0674120958154915
ENSMUSG00000114167	-0.180681956325698	-0.39832909361938
ENSMUSG00000043013	-0.4245167966776207	-0.6757748094845688
ENSMUSG00000053441	-0.5050185285895717	0.0451539231699326
ENSMUSG00000026207	-0.0490930055472652	0.2516019669027048
ENSMUSG00000040901	-0.3394029572054619	-0.0820898976049134
ENSMUSG00000084754	-0.4143159088097474	-0.3815822301362791
ENSMUSG00000108398	-0.301384698488409	-0.4260242791933361
ENSMUSG00000104444	-0.0268074690597002	-0.6359483344058079
ENSMUSG00000032079	-0.1115743819920561	-0.3302363514845525
ENSMUSG00000039682	-0.0038085629441155	0.2564796122986234
ENSMUSG00000035984	-0.2821489944701413	0.037969385176864
ENSMUSG00000121041	-0.5536503531753804	-0.4536520477300216
ENSMUSG00000022265	-0.0813296031950111	0.4318139102529374
ENSMUSG00000114052	-0.5110075994395952	-0.4686588016888657
ENSMUSG00000029111	-0.0422589497728831	0.4920216000222433
ENSMUSG00000096023	-0.3090950919969445	-0.1698798907200274
ENSMUSG00000105004	-0.5390420213892131	0.5250020236820997
ENSMUSG00000107760	-0.5860420158826494	-0.1829701275883798
ENSMUSG00000021188	-0.209116527240612	0.3281536299710821
ENSMUSG00000005150	-0.0835539477851672	0.2168248960493609
ENSMUSG00000100111	-0.4880688024482234	-0.3564954086855958
ENSMUSG00000021749	-0.2743790830971898	-0.3347044426766808
ENSMUSG00000121093	-0.2848145678440124	-0.1127120332212425
ENSMUSG00000033697	-0.0112472144709559	0.352720324097466
ENSMUSG00000025575	-0.0592828496485809	0.470856905548868
ENSMUSG00000120788	-0.3797471074085611	-0.3246339756313896
ENSMUSG00000078451	-0.0965934191811271	0.2260237285876756
ENSMUSG00000111365	-0.2538621765602187	0.4650197961316229
ENSMUSG00000027455	-2.0	-2.0
ENSMUSG00000041380	-0.832904950910365	-0.6970217061807232
ENSMUSG00000085039	-0.0165341112538164	0.1412233168128377
ENSMUSG00000101222	-2.0	-2.0
ENSMUSG00000019838	-0.2840698244449443	0.4616686696571609
ENSMUSG00000108162	-0.1892469096594964	-0.4720469341904444
ENSMUSG00000113090	-0.3365222142097134	-0.3629908820313959
ENSMUSG00000043004	-0.0409366548863156	0.3800414717735586
ENSMUSG00000109601	-0.3929348371876946	-0.4737124274119199
ENSMUSG00000019986	-0.2104600401063749	0.4805941376209553
ENSMUSG00000067438	-0.2574028984158896	-0.0342786799380807
ENSMUSG00000117780	-0.3504731593510711	-0.2679235518902764
ENSMUSG00000051499	-0.0310392168956127	0.4468213226272576
ENSMUSG00000092500	-0.3180008566413939	-0.5789304194265623
ENSMUSG00000073491	-0.4821238619610043	-0.4936721850728217
ENSMUSG00000112495	-0.4749764544671815	-0.4281817351131348
ENSMUSG00000036376	0.022573689107455	0.0960704926025307
ENSMUSG00000032202	-0.4213481853618073	0.1377712388623623
ENSMUSG00000080819	-0.7353538988738881	-0.8991939312034554
ENSMUSG00000038930	-0.0259285355559849	0.3613073109581833
ENSMUSG00000038416	-0.0487635368667583	0.444917818330372
ENSMUSG00000022707	-0.4705462888155628	0.5377264356997835
ENSMUSG00000036061	0.0276370848784131	-0.3884559683753305
ENSMUSG00000034936	-0.0671157775336516	0.4274000856008724
ENSMUSG00000021076	-0.0784590765641888	0.5027389352505474
ENSMUSG00000098739	-0.0068688086481436	-0.380979983634448
ENSMUSG00000016498	-0.3734467470431243	-0.386193683941687
ENSMUSG00000021900	-0.0950137945987178	0.4780562967909048
ENSMUSG00000062064	-0.0935787544467297	-0.2496747725616272
ENSMUSG00000121662	-0.3647634290287096	-0.2745604704736726
ENSMUSG00000117970	-0.3824058997479901	-0.4444357272320027
ENSMUSG00000063623	-0.0572054697661337	-0.3354904762555419
ENSMUSG00000109816	-0.2860397992781759	-0.3963661144904534
ENSMUSG00000117952	-0.2847943188188258	-0.3577381318377889
ENSMUSG00000118419	-0.2115588304975563	-0.068255609828924
ENSMUSG00000110079	0.0540328418898776	0.0183859788953715
ENSMUSG00000044018	-0.1318164285342803	0.5018717421407972
ENSMUSG00000030826	-0.0408346366862331	0.1078378175676083
ENSMUSG00000053044	-0.2601273130803894	-0.5635845971397716
ENSMUSG00000074354	-0.4146705939229342	-0.4324906469156474
ENSMUSG00000091325	-0.2843754929283349	-0.0369428738015736
ENSMUSG00000032435	-0.0233195876393081	0.4071947052348805
ENSMUSG00000103530	-0.5652238975185915	-0.4113476258053722
ENSMUSG00000050085	-0.5048318438737972	-0.4483587349919994
ENSMUSG00000029580	-0.0222912066913301	0.3070135533698763
ENSMUSG00000004319	-0.0627790944160137	0.5294039160140162
ENSMUSG00000107944	0.3050175654362236	-0.1001398987227359
ENSMUSG00000103732	-0.4885032663404235	-0.4636936476262441
ENSMUSG00000070797	-0.3711232991574638	-0.4943671376234571
ENSMUSG00000020451	-0.0173479310582453	0.3968651035820279
ENSMUSG00000014850	-0.0653919789718378	0.4809157090061469
ENSMUSG00000021718	-0.4963790653165474	-0.2470256861982319
ENSMUSG00000032915	-0.3973335058287998	-0.3905087026037015
ENSMUSG00000104717	-0.4271084253574688	-0.4689709383867272
ENSMUSG00000020358	-0.049254671722061	0.3881264339866157
ENSMUSG00000041567	-0.4546412167000387	-0.4414249775556958
ENSMUSG00000001089	-0.0160557074956887	0.4739031094065698
ENSMUSG00000043948	-0.4968308161538539	-0.5778069181695014
ENSMUSG00000052997	-0.0307763008237201	0.4257558758220583
ENSMUSG00000073976	-0.5182040597425642	-0.3381314937051021
ENSMUSG00000118631	-0.4403820434110126	-0.2862530888378496
ENSMUSG00000031431	-0.4678333986824566	-0.4526502005778476
ENSMUSG00000079391	-0.063207975997781	0.4492104887821341
ENSMUSG00000047821	-0.1080715745769932	0.3934857030638878
ENSMUSG00000113272	-0.5064028297508347	-0.6520863729067884
ENSMUSG00000107656	-0.3094640624468198	-0.3429427696471644
ENSMUSG00000111117	-0.3797285745609563	-0.2974945886789637
ENSMUSG00000039852	-0.0055033584393755	0.5233903033547177
ENSMUSG00000110067	-0.3479078657481708	-0.314475964648165
ENSMUSG00000021760	-0.4216780898531241	0.0022916216903004
ENSMUSG00000101564	-0.417738134846343	-0.428296524134839
ENSMUSG00000101402	-2.0	-2.0
ENSMUSG00000037731	-0.19799308777419	0.0142617330316828
ENSMUSG00000003882	-0.354999063051534	-0.2759029654335366
ENSMUSG00000032623	-0.2274389104135686	-0.229166553003509
ENSMUSG00000062991	-0.4249142724818247	-0.2408179303541475
ENSMUSG00000086841	0.1457140177977656	0.229342361122414
ENSMUSG00000021646	-0.1375289539116821	0.421987055605999
ENSMUSG00000046688	-0.2478591687386557	-0.1734121255182075
ENSMUSG00000099419	-0.0863171972095428	-0.0311444652336351
ENSMUSG00000110685	-0.1237065109744471	-0.1004323808934864
ENSMUSG00000027465	-0.0357912055091741	0.2957517732827328
ENSMUSG00000027581	-0.0138302477655499	0.3361958748495267
ENSMUSG00000089714	-2.0	-2.0
ENSMUSG00000120385	-0.4963255981785081	-0.4305277706889744
ENSMUSG00000085704	-0.4685606311029634	0.503284210141862
ENSMUSG00000054150	-0.2447134401836821	-0.1869283217690786
ENSMUSG00000089728	-0.6624747309645561	-0.2567323788211189
ENSMUSG00000089809	-0.385762738126629	-0.1655073225823759
ENSMUSG00000004127	-0.1372858164637221	0.4950009214796143
ENSMUSG00000003283	-0.0247281516118714	0.4133463769719442
ENSMUSG00000096178	-2.0	-2.0
ENSMUSG00000105986	-0.3932829389309964	-0.2517817285383814
ENSMUSG00000092625	-0.1636339762647227	0.1431190808974882
ENSMUSG00000045519	-0.2187750036962584	0.4153112979978566
ENSMUSG00000121619	-0.3449999465368043	-0.256622895650591
ENSMUSG00000096974	-0.0748528892098496	0.2343567977442434
ENSMUSG00000092103	-0.2562939847850031	0.4374902251204278
ENSMUSG00000041468	-0.4053694816739518	0.2156777397636651
ENSMUSG00000097754	-0.4080261088330953	-0.3921533447327604
ENSMUSG00000079481	-0.5905754848000287	-0.3483731395073862
ENSMUSG00000102835	-2.0	-2.0
ENSMUSG00000108143	-0.4591366837496222	0.1839167878639745
ENSMUSG00000045326	-0.1737953172979109	-0.3508655862020822
ENSMUSG00000042178	-0.1283837539114293	0.3698653284935633
ENSMUSG00000026535	-0.2712849703137973	-0.3507167728174758
ENSMUSG00000031493	0.2073397118663337	0.0789585406515402
ENSMUSG00000101943	-2.0	-2.0
ENSMUSG00000106497	0.0264383875766246	0.0212730891407688
ENSMUSG00000040828	-0.1200363989687003	0.1222021117389861
ENSMUSG00000109718	-0.173730521442107	-0.1563569233745534
ENSMUSG00000036534	-0.044135201363288	0.4244798100339194
ENSMUSG00000104210	-0.4009142296246862	-0.3314044051144731
ENSMUSG00000105317	-0.34536436944242	-0.467378884526763
ENSMUSG00000040021	-0.0486784153431515	0.3554450066183062
ENSMUSG00000005686	-0.0398687041659073	0.3656942257914667
ENSMUSG00000087246	-0.3690098387628371	-0.0606891588936893
ENSMUSG00000027956	-0.1917820027739342	0.2462996066840905
ENSMUSG00000105945	-0.4766987180862105	0.319921392184004
ENSMUSG00000038538	-0.0430718347600738	0.5458855429464878
ENSMUSG00000116207	-0.9035478704372156	-2.0
ENSMUSG00000105824	-0.1528964347414276	-0.2723727058834778
ENSMUSG00000061306	-0.0300455610074759	0.4053777826270811
ENSMUSG00000103302	-1.504005145710394	-0.6151435760334751
ENSMUSG00000035435	-0.316704529888495	0.2736841175942199
ENSMUSG00000063108	-2.0	-2.0
ENSMUSG00000073207	0.0296442762326	0.3331916608178534
ENSMUSG00000047040	0.0660171496716518	0.0973879602575966
ENSMUSG00000004035	-0.2061159239377883	0.186114377845412
ENSMUSG00000047462	-0.450054336182846	-0.4532967512837861
ENSMUSG00000087504	-0.3712259959639052	-0.3705673818608521
ENSMUSG00000039018	-0.1133122513540393	0.4540642574405255
ENSMUSG00000038793	0.1101446166155166	0.0984962136698017
ENSMUSG00000113427	-0.1776167888574478	0.0509756030993077
ENSMUSG00000027935	-0.0990813672179418	0.234041728929783
ENSMUSG00000093887	-0.1533981850246107	-0.2305780650130776
ENSMUSG00000029123	-0.3433323158085171	-0.1001680113468141
ENSMUSG00000020265	-0.0958403611550251	0.366920289776195
ENSMUSG00000031636	-0.3657168454122076	-0.2477545117443027
ENSMUSG00000011114	-0.0813921419902022	0.4453332684577159
ENSMUSG00000021313	-0.2995143499629381	0.1241527997494268
ENSMUSG00000028701	0.0152619023667865	-0.0895175376311548
ENSMUSG00000078869	-2.0	-2.0
ENSMUSG00000039801	-0.0166599093560612	0.3503414591474882
ENSMUSG00000053835	-0.0514902090839165	-0.0374582121502127
ENSMUSG00000062478	-0.4279724920312207	-0.5348462546917768
ENSMUSG00000121571	-0.5826728188676411	-0.5757689860531974
ENSMUSG00000097750	-0.0182135472085957	0.3225000477318612
ENSMUSG00000061802	-0.474636136156108	-0.4485897735113807
ENSMUSG00000106696	-0.0294450470608585	0.0532969961826517
ENSMUSG00000108689	0.0583390049919564	-0.0177821522715383
ENSMUSG00000032839	-0.3568022502171866	0.1853096756864586
ENSMUSG00000028655	-0.0999864599362626	0.002156381851224
ENSMUSG00000106503	-0.4729085971620984	-0.2246619360294664
ENSMUSG00000034173	-0.0680053396019345	0.3203129068593022
ENSMUSG00000041681	-0.5325070902122438	-0.5923300808549963
ENSMUSG00000060735	-0.2034564153723731	-0.2346092441605271
ENSMUSG00000105734	-0.1179217110966791	-0.3299683774614733
ENSMUSG00000110901	-0.4907189621730465	-0.3180953419083063
ENSMUSG00000102987	-0.1057999493200362	0.3262948878184891
ENSMUSG00000112663	-0.4681388166312516	-0.4288893461391346
ENSMUSG00000051592	-0.7055595236350006	-0.5785260848232685
ENSMUSG00000022521	-0.0228147963111616	0.4661030043973746
ENSMUSG00000114099	-0.2159157403827868	-0.3436782849324372
ENSMUSG00000101869	-0.3473982439962744	-0.3619904290316085
ENSMUSG00000044122	0.0301406572237132	-0.2232877772285948
ENSMUSG00000121654	-0.4174369175964102	-0.3707639494672033
ENSMUSG00000038046	-0.1970811693627643	0.4468762689682778
ENSMUSG00000115747	-0.6283871168746346	-0.5061330821360082
ENSMUSG00000105352	-0.096467041477074	-0.2173383627061511
ENSMUSG00000027439	-0.0648068295407574	0.1589592368398084
ENSMUSG00000097571	-0.7590436043529591	-0.078897692222865
ENSMUSG00000028944	-0.2072541547031682	0.2989951263961232
ENSMUSG00000120396	-0.3485473339247543	-0.2359875998322884
ENSMUSG00000103144	-0.0224925900204736	0.4111423931578619
ENSMUSG00000108993	-0.4263379816045519	-0.8120164664119117
ENSMUSG00000019689	-0.4790471850206499	0.4175235065094647
ENSMUSG00000102343	-0.4601220756956832	-0.250997194778192
ENSMUSG00000031816	0.0055372427241669	0.3719993944165329
ENSMUSG00000085743	-0.4624919459562404	-0.4355460463141526
ENSMUSG00000106384	-0.2633500074889197	-0.4209058327966708
ENSMUSG00000112787	-0.5664394456560432	-0.3249549152870555
ENSMUSG00000090075	-0.0888517699905935	0.254184925703001
ENSMUSG00000034883	-0.2002505790346421	0.4807756250300674
ENSMUSG00000115725	-0.5010083450432474	-0.6367197898586152
ENSMUSG00000020936	-0.0218751091988634	0.471098876717466
ENSMUSG00000025196	-0.1508732039009508	0.0534954733612639
ENSMUSG00000112596	-0.073908734655517	-0.2610677819337713
ENSMUSG00000096732	-0.3901855755219777	-0.6097048009338152
ENSMUSG00000116617	-0.1520454037364361	-0.1446482950127706
ENSMUSG00000094152	-0.221149086040704	0.4089010823541431
ENSMUSG00000118638	-0.5595511677008347	-0.4752311548473431
ENSMUSG00000121095	0.0592255439787162	0.0304311522355198
ENSMUSG00000074281	-0.4411450896862627	0.1781524436779803
ENSMUSG00000099696	-0.1558890534603631	-0.13766929663291
ENSMUSG00000103713	-0.7780623159803219	-0.4420878058743558
ENSMUSG00000036046	-0.032831729403864	0.4081741375658012
ENSMUSG00000101650	-0.4131998756782929	-0.5543294901578177
ENSMUSG00000104002	0.0581959848745946	0.0835787221950537
ENSMUSG00000106334	0.0260630077853172	-0.2461653223596769
ENSMUSG00000028373	-0.4580215883029808	-0.3874413992647368
ENSMUSG00000043164	-0.3548877428100171	-0.3364036570226036
ENSMUSG00000056306	-0.4195718403440048	0.1559020128140535
ENSMUSG00000004446	-0.0377654728292063	0.3784447804163337
ENSMUSG00000051246	-0.206881266007788	0.0718739838254799
ENSMUSG00000037346	-0.3210686458096203	-0.3693559469210372
ENSMUSG00000085779	-0.1251186296821695	-0.0553379223271704
ENSMUSG00000024942	-0.0248156949651503	0.0875504423071622
ENSMUSG00000107767	-0.2790763495341267	-0.2175064499370868
ENSMUSG00000116754	-0.6146847833413384	-0.5892618970534697
ENSMUSG00000071646	-0.1082029352501493	0.4384353836766543
ENSMUSG00000085635	-0.290470896835339	-0.8376668406775324
ENSMUSG00000114186	-0.5605712982207716	-0.3761338293389327
ENSMUSG00000037455	-0.1063076862392642	0.1612037179981104
ENSMUSG00000121766	-0.4055831386546402	-0.3566869321453716
ENSMUSG00000018865	-0.0649413673133527	0.3365805989948375
ENSMUSG00000036120	0.0617313634105027	0.3139662956723978
ENSMUSG00000085801	-0.42472530486069	-0.4863267630428974
ENSMUSG00000084085	-0.3208413040118789	-0.566323625425699
ENSMUSG00000029676	-0.0805277680670097	0.5522997002289565
ENSMUSG00000105366	-0.4734291606308479	-0.8080814065972916
ENSMUSG00000121809	-0.0926493802011566	-0.3678787326703053
ENSMUSG00000007039	-0.1255802288013753	0.3493944894698002
ENSMUSG00000118108	-0.3378587374771448	-0.3795420115855169
ENSMUSG00000002111	-0.1890269894455661	-0.2173425175312356
ENSMUSG00000116171	-0.2720802422062841	-0.3686508119525905
ENSMUSG00000033860	-0.4798396554138965	-0.2596265717204281
ENSMUSG00000007034	-0.1833225029096614	0.1215160514400246
ENSMUSG00000023945	-0.5321753190836448	-0.2552468460061509
ENSMUSG00000040940	0.0030918285215524	0.067828553989905
ENSMUSG00000044149	-0.1423591433469714	0.5328376638481832
ENSMUSG00000047980	-0.4913511727435955	-0.6025550216245706
ENSMUSG00000018168	-0.2695669147407815	-0.2160468654112892
ENSMUSG00000108308	-0.3029623821383526	-0.2214248101318827
ENSMUSG00000020034	-0.3253969417433613	0.3966668775995711
ENSMUSG00000097974	-0.2398997378226873	0.0559118493226819
ENSMUSG00000107179	-0.1162142551989578	-0.3292909609701325
ENSMUSG00000063163	-0.5970595853000288	-0.6508950975999185
ENSMUSG00000102124	-0.4907036371737841	-0.4211110565788476
ENSMUSG00000103692	-0.5154302699949045	-0.7125203046246384
ENSMUSG00000118196	-0.5263352610530468	-0.5426668411492307
ENSMUSG00000032640	-0.1024085333129512	0.4669328337416354
ENSMUSG00000097164	-0.3175433546349517	0.5096578221953388
ENSMUSG00000038418	0.1321770504181281	0.102213483822211
ENSMUSG00000110676	0.069114703385227	-0.0957584891310198
ENSMUSG00000022241	-0.0119365283851288	0.510470208604406
ENSMUSG00000070618	-0.4631391967994077	-1.1990202255349671
ENSMUSG00000046438	-0.4833625755866746	-0.3754949341738471
ENSMUSG00000105624	-0.4846219055793795	-0.1116871481499448
ENSMUSG00000014030	-0.30500682920341	-0.3455412102971065
ENSMUSG00000005696	-0.7337571520131633	-0.5123515503569716
ENSMUSG00000027677	-0.0542265309786132	0.5072658016150324
ENSMUSG00000111397	-0.276513132128144	-0.1561341245695427
ENSMUSG00000045875	-0.6055650258231732	-0.6155000294845457
ENSMUSG00000103642	-0.3057861055409723	-0.590244044114504
ENSMUSG00000120246	-0.3799441458965904	-0.1337073430567482
ENSMUSG00000094424	-2.0	-2.0
ENSMUSG00000022551	0.0332470260189443	0.1912676442398022
ENSMUSG00000035983	-0.5037682731715185	0.5226695386768582
ENSMUSG00000068882	-0.1032893016568499	0.4930942903470644
ENSMUSG00000009214	-0.2947729785112861	-0.4071109620666898
ENSMUSG00000015090	-0.1339190441409013	-0.2330061522652589
ENSMUSG00000087355	-0.4213800415068869	-0.6262713348052025
ENSMUSG00000094514	-0.1281782336457596	-0.1658886903002364
ENSMUSG00000038797	-0.1072928061910008	-0.0375025261069102
ENSMUSG00000087291	-0.02217921505111	-0.204425277355161
ENSMUSG00000036880	-0.1267839437627415	0.4288355814994735
ENSMUSG00000100302	-0.3930441123758464	-0.3988991205889449
ENSMUSG00000074657	-0.0343382752424391	-0.0114249022917153
ENSMUSG00000097407	-0.4004645025602331	0.3395679000915648
ENSMUSG00000035148	-0.5019029233859095	-0.4970411266641988
ENSMUSG00000028415	-0.0749393769317643	-0.2498440743599259
ENSMUSG00000035165	-0.2431619271384403	-0.3849293327205579
ENSMUSG00000040550	-0.085915486439042	0.4669100101698702
ENSMUSG00000120185	-0.413805538166572	-2.0
ENSMUSG00000057173	-0.2708890142996326	0.0481832475769105
ENSMUSG00000095658	-0.8038914385761032	-0.5308032290623548
ENSMUSG00000118033	-0.4358620369178209	-0.3158495447479841
ENSMUSG00000030235	-0.3888504669892087	-0.6927796019013237
ENSMUSG00000022805	-0.1239520988183224	0.0341675311375618
ENSMUSG00000019338	-0.1188453918957947	0.3857913901413963
ENSMUSG00000102382	-0.2964323093115124	-0.3117104858890215
ENSMUSG00000006529	-0.3470618539658075	-0.033220956051981
ENSMUSG00000101636	-0.4942210218336804	-0.6598387644503034
ENSMUSG00000034402	-0.4734134002966518	0.0622234963630358
ENSMUSG00000046962	-0.0623802161963692	0.5169928277109619
ENSMUSG00000043162	-0.187479556882006	0.4395458406259902
ENSMUSG00000121429	-0.4982428655838495	0.2881324736702532
ENSMUSG00000099994	-0.2933567964390843	-0.316414842206239
ENSMUSG00000114516	-0.0624787981296994	0.4368804688301973
ENSMUSG00000044787	-0.3023813620615844	0.3697482654977028
ENSMUSG00000002781	-0.0938286846654002	0.5210488610345694
ENSMUSG00000006958	-0.1935131425555666	0.0947290432295743
ENSMUSG00000051786	-0.0442725253414058	0.4465526995026758
ENSMUSG00000121367	-0.3087704661135306	-0.4618333818341218
ENSMUSG00000074965	-0.5322267607381946	-0.6637427706365497
ENSMUSG00000020375	-0.0689268587898106	0.5507127798906275
ENSMUSG00000054426	-0.261655539895507	0.5007865437943386
ENSMUSG00000041147	-0.024565525987811	0.489519746958355
ENSMUSG00000027855	-0.4244357756571336	0.1000522216082176
ENSMUSG00000111691	-0.3931373078335837	-0.4645347282229554
ENSMUSG00000099496	-2.0	-2.0
ENSMUSG00000029686	-0.0445929244178123	0.5553619593185601
ENSMUSG00000117763	-0.2734106789514358	-0.348144215965731
ENSMUSG00000028044	-0.3367639524797862	0.2544354407851203
ENSMUSG00000024357	-0.1269877578768812	0.491948575331553
ENSMUSG00000087502	0.0019780428543286	0.3195033038939066
ENSMUSG00000080781	-0.5963888145157226	-0.6422548363405215
ENSMUSG00000070002	-0.0342502011583905	0.2903422946394156
ENSMUSG00000019837	-0.3299973456785868	0.453874920042603
ENSMUSG00000096753	-0.1679559033082881	-0.2473703863063792
ENSMUSG00000030345	-0.3975777410620351	0.3521442985152681
ENSMUSG00000061165	-0.3526888313497001	-0.4249057001652148
ENSMUSG00000081298	-2.0	-2.0
ENSMUSG00000109551	-0.4294598620270242	-0.3167726138281662
ENSMUSG00000042726	-0.1287363174884468	0.3136415816202114
ENSMUSG00000111424	-2.0	-2.0
ENSMUSG00000110695	-0.4171445337028246	-0.6736976957620335
ENSMUSG00000101981	-2.0	-2.0
ENSMUSG00000115072	-2.0	-2.0
ENSMUSG00000006494	-0.0085404430063289	0.3106172776073527
ENSMUSG00000043145	-0.3642195866386508	-0.0294452329651617
ENSMUSG00000021179	-0.0495715641131535	0.427674003052171
ENSMUSG00000121559	-2.0	-2.0
ENSMUSG00000100704	-0.5089987800499206	-0.2562372736265303
ENSMUSG00000070366	-0.3550478484035784	-0.1907091598299364
ENSMUSG00000039427	-0.0528959964819943	0.4617961581014539
ENSMUSG00000068614	-0.4409036169378439	-0.4943362567391639
ENSMUSG00000062546	-0.3198313457434655	-0.1698170761411031
ENSMUSG00000096674	-0.5525752696680603	-0.4334269960711457
ENSMUSG00000029440	-0.0204806702796477	0.4646784855345146
ENSMUSG00000031492	-0.3050720515900832	-0.326307626798814
ENSMUSG00000021003	-0.2957938695622063	0.5255203259415105
ENSMUSG00000021706	-0.3529693033792684	0.5161711277343879
ENSMUSG00000121284	-0.4101144869587144	-0.3937457168663061
ENSMUSG00000016257	-0.2400900752945839	0.4724153137791958
ENSMUSG00000059734	-0.2877069702642246	0.3515883830827592
ENSMUSG00000049090	-0.1723173982993553	0.3295260129270897
ENSMUSG00000054106	-0.3781824542611388	-0.4966007667669224
ENSMUSG00000037190	0.1713866059229391	0.1525482316144371
ENSMUSG00000045948	0.0821818920619135	0.238432026933255
ENSMUSG00000054509	-0.4581415495442545	0.0336860223176572
ENSMUSG00000002346	-0.0661822072254653	0.4238721173364996
ENSMUSG00000070436	-0.1133848700982696	0.1784531773040576
ENSMUSG00000022299	-0.0518178389378597	0.5107272684067606
ENSMUSG00000111023	-0.6406369987105518	-0.5165360915680239
ENSMUSG00000040034	-0.1051763753768678	0.1934435206340519
ENSMUSG00000058806	-0.0695711098066783	0.2065298074932166
ENSMUSG00000030098	-0.2613259676784385	-0.2140529089396371
ENSMUSG00000024201	-0.0245115760486893	0.3095319291227707
ENSMUSG00000051455	-0.2175645002820627	0.3690673552777664
ENSMUSG00000034037	-0.1909369442723683	0.2715437688565127
ENSMUSG00000030747	-0.246659968898032	0.5041491343580933
ENSMUSG00000031842	-0.0423819873872377	0.1679597334115656
ENSMUSG00000031725	-0.4415107915736749	-0.5469037574333276
ENSMUSG00000100645	-2.0	-2.0
ENSMUSG00000032854	-0.4263564117444679	0.4840611253755387
ENSMUSG00000062782	-0.3824390047673407	-0.5461522658117854
ENSMUSG00000097851	-2.0	-2.0
ENSMUSG00000111094	-0.3869457573377819	-0.2338364975870945
ENSMUSG00000061336	-0.5359300459548543	-0.4525445507062123
ENSMUSG00000109599	-0.2199175440557204	0.4371545048232483
ENSMUSG00000051154	-0.3418798047282175	0.3743523528377285
ENSMUSG00000118076	-0.2576725912010342	-0.278096289281214
ENSMUSG00000063779	-0.4457282233461578	-2.0
ENSMUSG00000024330	-0.2680069409952433	0.397400801485531
ENSMUSG00000118366	-1.0277147553481718	-0.5204891550232585
ENSMUSG00000096891	-0.2766885146780772	-0.3335336885862778
ENSMUSG00000027720	-0.4034158124570546	-0.3622812755549067
ENSMUSG00000029407	-0.0249182498014493	0.4217897782963402
ENSMUSG00000021589	-0.3252580541033091	0.289011501135932
ENSMUSG00000074529	-2.0	-2.0
ENSMUSG00000038903	-0.3004574519503101	0.3045353336229457
ENSMUSG00000114245	-0.1943088823415251	-0.2702964037318989
ENSMUSG00000086714	-2.0	-2.0
ENSMUSG00000086496	-0.3482261265162709	-0.2751605689220754
ENSMUSG00000100169	-0.2875296081062113	-0.4401531992606834
ENSMUSG00000070645	-0.1318370196120883	-0.1949822317090132
ENSMUSG00000028557	-0.1910036848283192	0.4838465126550948
ENSMUSG00000015542	-0.1347919967399442	0.2608962409320534
ENSMUSG00000046493	-1.269117154022911	-2.0
ENSMUSG00000074865	-0.0485245393180088	0.3680494925128157
ENSMUSG00000061653	-0.4402925021551742	-0.5852474968041288
ENSMUSG00000085684	-0.3030393401355807	-0.2598568821221116
ENSMUSG00000019278	-0.0917802498354003	-0.0500908095360414
ENSMUSG00000035093	-0.0477029447788086	0.5112893746302537
ENSMUSG00000117569	-0.0708023653730639	0.4443127885141003
ENSMUSG00000107118	0.0927879936947515	-0.1423699931382763
ENSMUSG00000114323	-2.0	-2.0
ENSMUSG00000056032	0.0682009318744039	-0.0359174245088327
ENSMUSG00000004880	-0.0465241658382066	0.3964166143962219
ENSMUSG00000117748	-0.0742623846519555	0.3422430036688999
ENSMUSG00000025324	-0.4404584314263952	0.0398027082465106
ENSMUSG00000029205	-0.0304532598314097	0.420653031955469
ENSMUSG00000060424	-0.4217356596772755	-0.0827608203432865
ENSMUSG00000102653	-0.2182846827850681	-0.2954623954996653
ENSMUSG00000116280	-0.1780061966336316	0.0965547886041198
ENSMUSG00000034278	-0.0733599269599585	0.4362348643674612
ENSMUSG00000109403	-2.0	-2.0
ENSMUSG00000034931	-0.0420234084583608	0.4149098695230018
ENSMUSG00000016239	-0.5542840464320041	0.1135976499737228
ENSMUSG00000067653	-0.0381262415991309	0.0346695983642911
ENSMUSG00000037279	-0.2201799262885489	-0.0168573432506735
ENSMUSG00000037922	-0.4461487580818543	-0.4721632077401945
ENSMUSG00000110604	0.3600254683201633	-0.1077937200373152
ENSMUSG00000097686	-0.0961489277636041	0.2643866661979936
ENSMUSG00000063229	-0.0163534192149443	0.3616564547977757
ENSMUSG00000047989	-0.1060204242799056	0.5137951206501411
ENSMUSG00000090090	-0.2417759570986688	-0.2021006637600804
ENSMUSG00000040829	0.0578653316811357	0.055379095977288
ENSMUSG00000042243	-0.332465052580875	-0.4910928714614205
ENSMUSG00000078584	-0.029997068644771	0.4105066215705377
ENSMUSG00000005474	-0.3453433996230575	-0.3396100407320941
ENSMUSG00000111155	0.0177002207145709	-0.1133435977075679
ENSMUSG00000086020	-0.3479529578666672	-0.5022252962151319
ENSMUSG00000024304	-0.4536854009970326	0.2511849552445075
ENSMUSG00000022931	-0.5436743611733038	-0.5249189233125059
ENSMUSG00000032239	-0.012527781158689	-0.4034031242695356
ENSMUSG00000073781	-0.2997611054922777	-0.653868924544822
ENSMUSG00000026718	-0.0606091577895858	0.5434407184276051
ENSMUSG00000046886	-0.4325790641663721	-0.5797306159217747
ENSMUSG00000002996	-0.0242682871941335	0.4500833671715111
ENSMUSG00000043885	-0.3793347823673269	0.1256192420721179
ENSMUSG00000006221	-0.3097881438462389	-0.0189708140033702
ENSMUSG00000027079	-0.2428931922078489	0.4566356371906596
ENSMUSG00000024077	-0.1338061476941814	0.5047407344462079
ENSMUSG00000034269	-0.0160179446115732	0.4108268160137809
ENSMUSG00000104398	-0.3673854791588516	-0.4863749404844685
ENSMUSG00000121618	-0.6063732108739646	-0.3034080900454807
ENSMUSG00000106880	-0.4556129284529501	-0.3477733913100441
ENSMUSG00000061080	-0.5499853507731496	-0.2356262749397122
ENSMUSG00000050030	-0.6564905749204389	-0.989528395247898
ENSMUSG00000020798	-0.1973573351473223	-0.2865203774075048
ENSMUSG00000084966	-0.4400431289223078	-0.6160776528293509
ENSMUSG00000074194	0.0336366684340554	-0.3660399589920018
ENSMUSG00000087099	-0.5018791985171273	-0.4546156824883939
ENSMUSG00000053687	-0.210132438019628	0.0934368151580514
ENSMUSG00000041343	-0.2751512397078262	0.1751916278680324
ENSMUSG00000030768	-0.1389992568046185	0.4423574595341812
ENSMUSG00000099674	-2.0	-2.0
ENSMUSG00000039997	-0.3048480220987414	-0.1290277867764572
ENSMUSG00000052137	-0.1872773739177265	0.4472820977569761
ENSMUSG00000045876	-0.410232416247605	-0.4043726278183521
ENSMUSG00000030990	-0.0710723602910501	0.4799701270300405
ENSMUSG00000086313	-0.3010824616064018	-0.236654080873334
ENSMUSG00000118300	-0.3941114731621953	-0.6343719402913945
ENSMUSG00000039155	-0.3016589618679912	-0.3490134876510953
ENSMUSG00000027869	-2.0	-2.0
ENSMUSG00000095621	-0.7509211573197562	-0.7039589751120237
ENSMUSG00000080822	-0.64155192219939	-0.7022033466020763
ENSMUSG00000106326	-0.5065567278164851	-0.6578466652624908
ENSMUSG00000028871	-0.2059018082302813	-0.0080758033902701
ENSMUSG00000030020	-0.3272033979578241	-0.1515160324856122
ENSMUSG00000042195	-0.0347491789525343	0.4203947749213497
ENSMUSG00000024266	-0.0729583055846684	0.0870847107622812
ENSMUSG00000025758	-0.0663805204784315	0.518394163368994
ENSMUSG00000028364	-0.4173919505946701	-0.4631376576436574
ENSMUSG00000094578	-0.2283390994289182	-0.3064227062528852
ENSMUSG00000018983	-0.01136524885075	0.279730350063554
ENSMUSG00000075378	-0.6774178694116858	-0.331819349933499
ENSMUSG00000085944	-0.3067540303206904	0.4407419409429677
ENSMUSG00000045868	-0.4672614138212607	-0.6881326440274458
ENSMUSG00000050022	-0.0972736697009748	-0.1459967943462188
ENSMUSG00000102650	-0.2530328450952867	-0.2247465992347103
ENSMUSG00000092220	-0.1025880202039918	-0.166965398322808
ENSMUSG00000027834	-0.3026583482104042	0.5078067747619107
ENSMUSG00000029003	-0.0753814763492619	0.2402526287098505
ENSMUSG00000052889	-0.2978123572288977	-0.0534908481008119
ENSMUSG00000050520	-0.4834104253046121	-0.40841032554244
ENSMUSG00000053819	-0.3508809788976738	0.6022972684322576
ENSMUSG00000033006	-0.1253341824743044	-0.0584947290243819
ENSMUSG00000020182	-0.0989969182376908	-0.3701583603270644
ENSMUSG00000067786	-0.1195877440574286	0.0284164568693095
ENSMUSG00000033998	-0.2398288165628738	0.333958050955456
ENSMUSG00000047875	-0.1240964435755909	0.3179605954627567
ENSMUSG00000029254	-0.3009811837073958	-0.6065543147595732
ENSMUSG00000105983	-0.5076167311008637	-0.6159958108124682
ENSMUSG00000107699	-0.3334520691342971	-0.2745570381174359
ENSMUSG00000023832	-2.0	-2.0
ENSMUSG00000112870	-0.1233829306430275	-2.0
ENSMUSG00000104556	-0.4980481051315503	-0.2305987440708791
ENSMUSG00000099355	-2.0	-2.0
ENSMUSG00000050122	-0.1560094569067139	-0.2423879406633536
ENSMUSG00000030868	-0.0679642005669452	0.4491771427436858
ENSMUSG00000111550	-0.8245090611053	-2.0
ENSMUSG00000045349	-0.1904472879988804	0.1815406190348979
ENSMUSG00000109951	-0.5514986660021626	-0.6853240166747571
ENSMUSG00000021420	-0.2131356192099932	0.4529750505967217
ENSMUSG00000040084	-0.010239790523196	0.3707010519827469
ENSMUSG00000113680	-0.5146550968555249	-0.5532382880447853
ENSMUSG00000009093	-0.2146956538395723	-0.3386809307001999
ENSMUSG00000089678	-0.236364044155309	-0.26684239316881
ENSMUSG00000111059	0.3050257415373502	-1.434448971934034
ENSMUSG00000087306	-0.5221000300084975	0.1886306439749558
ENSMUSG00000036327	-0.0208758385754968	0.408109996814367
ENSMUSG00000036095	-0.5108473287760407	0.1604769348010292
ENSMUSG00000102045	-2.0	-2.0
ENSMUSG00000054302	-2.0	0.0495806622220522
ENSMUSG00000112510	-0.4344431616751838	-0.3829109417883731
ENSMUSG00000116615	-0.5687453057058135	-0.5192304041879914
ENSMUSG00000105769	-0.3712041478899842	-0.2600552238452712
ENSMUSG00000027927	-0.4473191323560865	-0.507892241038551
ENSMUSG00000103646	-0.4366527833710126	-0.1879419092339892
ENSMUSG00000090364	-0.1474652350354835	-0.2739390026221198
ENSMUSG00000096995	-0.5015637258161894	0.4204231478258812
ENSMUSG00000075164	-0.4931511857621263	-0.5678494283372298
ENSMUSG00000040146	-2.0	-2.0
ENSMUSG00000003929	-0.1412140866849199	0.5356624177526569
ENSMUSG00000025007	-0.0128014342345383	0.3326804258225367
ENSMUSG00000095546	-2.0	-2.0
ENSMUSG00000040621	-0.1564603956475034	0.2145382514604372
ENSMUSG00000095315	-0.0573271665190075	0.4302128076583676
ENSMUSG00000112451	-0.3190710240156659	-0.2602255064844652
ENSMUSG00000094692	-0.692248381194536	-0.9121063329935488
ENSMUSG00000087681	-0.3618299419664021	0.3856062735983122
ENSMUSG00000006575	0.0273357427530745	0.2735558882183538
ENSMUSG00000058620	-0.2553189076046184	0.2898760092410272
ENSMUSG00000070908	-0.3037602660218617	0.3083769969337557
ENSMUSG00000120791	0.0003872180042909	0.2235250140968212
ENSMUSG00000027109	-0.0428069026772122	0.39432697837972
ENSMUSG00000000248	-0.3702270097502366	-0.3899894224078073
ENSMUSG00000021678	-0.0434325286636031	0.3687118577162311
ENSMUSG00000075591	-0.3053635680813499	-0.0090879706948691
ENSMUSG00000085235	-0.3334930641435037	-0.2154466082676321
ENSMUSG00000085338	-0.1654123507659036	0.0532897743274709
ENSMUSG00000031629	-0.0318365855532553	0.4781108967747325
ENSMUSG00000094782	-2.0	-2.0
ENSMUSG00000082082	0.0627084564291332	0.0266335124686489
ENSMUSG00000028277	-0.1804962056516486	0.4566477775793341
ENSMUSG00000112172	-0.4069477615683472	-0.7437014085245015
ENSMUSG00000056671	-0.0732698459391928	0.3819831626797026
ENSMUSG00000030062	-0.0427154652779832	0.4420775861295382
ENSMUSG00000085952	-0.075581658564687	-0.2101058206341522
ENSMUSG00000040268	-0.058826593900637	0.4984919544831998
ENSMUSG00000026544	-0.2566423433669416	0.30285194261116
ENSMUSG00000040859	-0.0329900771595861	0.4623039404956023
ENSMUSG00000028064	-0.0084010343402207	-0.2465016636026928
ENSMUSG00000085157	-0.5728704313441353	-0.9882754874256062
ENSMUSG00000114276	-0.3540362810339843	-0.4929727212876608
ENSMUSG00000050600	-0.3575847487602024	-0.1276456874925758
ENSMUSG00000114821	-0.5483413855611655	-0.3749920941666937
ENSMUSG00000116096	-0.422163888310532	-0.2188663050197938
ENSMUSG00000096701	-2.0	-2.0
ENSMUSG00000108796	-0.3041057646508475	-0.351412088140715
ENSMUSG00000079173	-0.236962447899578	-0.2214845293150996
ENSMUSG00000113710	-0.5000658795928162	-0.284485512690613
ENSMUSG00000017724	-0.0635759405483901	0.3741138494473525
ENSMUSG00000120805	-0.339388516290836	-0.3462228845211122
ENSMUSG00000095360	-0.1148429689879843	-0.0908626355502311
ENSMUSG00000101778	-0.0249775863033219	-0.0865803692835793
ENSMUSG00000025200	-0.0598277999907726	0.365069587780044
ENSMUSG00000035835	-0.0404709445672911	0.0133512431236515
ENSMUSG00000049176	-0.7615281455830442	-1.227654818534127
ENSMUSG00000072814	-0.7024355673419427	-1.050082329062005
ENSMUSG00000062783	-0.0914424975235744	-0.2305049576673078
ENSMUSG00000015536	-0.0652218723832533	0.3952806018608952
ENSMUSG00000040254	-0.5082688927283034	-0.5091659441159144
ENSMUSG00000105643	-0.0453393215955034	0.1105335513819341
ENSMUSG00000109574	-0.4455231966676866	-0.3738948107967941
ENSMUSG00000091237	-0.018881991419915	0.0539262192145178
ENSMUSG00000103050	-1.2284616096619698	-0.3312259081032343
ENSMUSG00000051185	-0.3562787362251491	0.4558290286905653
ENSMUSG00000107875	-0.4171068137622372	0.464870617429668
ENSMUSG00000015942	-0.1584791071328543	0.3956887073903801
ENSMUSG00000087466	-0.4809644305067282	0.4351895971852403
ENSMUSG00000014077	-0.0571203617659459	0.4526979570733356
ENSMUSG00000094004	-0.7316571630069374	-0.4943969632133855
ENSMUSG00000098747	-0.4623617097681452	-0.3414086587690742
ENSMUSG00000056267	-0.0250423597398119	0.4953364369509657
ENSMUSG00000040649	-0.1352605590780678	0.2807296642278301
ENSMUSG00000035459	-0.3188707888568743	-0.3941484532067021
ENSMUSG00000043061	-0.2585437924862684	0.4659331048278972
ENSMUSG00000085272	-0.4004297762556124	-0.3188823912860631
ENSMUSG00000101965	-0.4503443143673901	-0.3779246831950765
ENSMUSG00000052155	-0.2664304127618026	0.5053109088916566
ENSMUSG00000121815	-0.2281891831147928	-0.3442871775832828
ENSMUSG00000000794	-0.2498482896079742	0.4303730870723437
ENSMUSG00000034192	-0.1488364723986698	0.4156943461387753
ENSMUSG00000115837	0.0906012604106219	0.0320833382365419
ENSMUSG00000100738	-0.4963724462562659	-0.0537617907578474
ENSMUSG00000020052	-0.4656189842142808	-0.1479859150248962
ENSMUSG00000038005	-0.0745260840113532	0.4846940851720372
ENSMUSG00000008140	-0.2358720089432564	0.4494691423679619
ENSMUSG00000113795	-2.0	-2.0
ENSMUSG00000038077	-0.4213843961255217	-0.2340553128149772
ENSMUSG00000097841	-0.5272848764268975	-0.1174915135925872
ENSMUSG00000108064	0.0433748546927993	0.0734220494608256
ENSMUSG00000097648	-0.1033000994519797	0.4105110093909462
ENSMUSG00000058921	-0.399555000295427	-0.2519689678008869
ENSMUSG00000115596	-0.4496136658928359	-0.3173120789138183
ENSMUSG00000106674	-0.2551702321101232	0.3017815430543109
ENSMUSG00000036972	-1.1523615847683142	-2.0
ENSMUSG00000074269	-0.1711653898535304	0.0036125085838408
ENSMUSG00000015568	-0.3031959158405108	0.1756416184416099
ENSMUSG00000052616	-0.3128054047813521	0.42094441739016
ENSMUSG00000066071	-0.3559436790808151	-0.3654737006591479
ENSMUSG00000021795	-0.7057149807766492	-0.4241591254923103
ENSMUSG00000111454	-0.5793496059096244	-0.5456170481967371
ENSMUSG00000117942	-0.0568332577124515	0.1733826766647644
ENSMUSG00000020286	-0.4101006413019698	-0.1028099518256004
ENSMUSG00000063558	-0.283722803128944	0.2317836776708523
ENSMUSG00000087195	-0.4671310638842203	-0.4113139665825837
ENSMUSG00000115027	-0.4483891232831222	-0.7962677982421519
ENSMUSG00000106762	-0.445509144009884	-0.4917847028256977
ENSMUSG00000000690	-0.2410667717073295	-0.2060637112889218
ENSMUSG00000114112	-0.6222299719422637	-0.5071725867719024
ENSMUSG00000062438	-0.0080712904661646	-0.0004929433106094
ENSMUSG00000073747	-0.313511916561581	-0.2203231644811116
ENSMUSG00000026219	0.0029941045183218	0.1755871850371864
ENSMUSG00000032526	-0.2930928417186825	0.2289164824500152
ENSMUSG00000096700	-0.2841916315332409	-0.2571561411179638
ENSMUSG00000040249	-0.0122762797485435	0.3713021332881543
ENSMUSG00000020224	0.0398805269832671	0.3445423839318813
ENSMUSG00000037994	-0.0744452459231573	0.2774747111551509
ENSMUSG00000059547	-0.3540429542140167	-0.3588276207288449
ENSMUSG00000097283	-0.1056701996461673	0.0524466044628125
ENSMUSG00000059970	-0.2009068620542686	0.4835342370619609
ENSMUSG00000023961	-0.2353926277822388	0.4595565235809118
ENSMUSG00000099843	-0.1477104789364473	0.2882519091547261
ENSMUSG00000000204	-2.0	-2.0
ENSMUSG00000020537	-0.0667976785064425	0.3816333965512343
ENSMUSG00000068232	-0.3437346315817189	-0.2813287783888679
ENSMUSG00000087381	-0.059506425701741	0.2687524969852121
ENSMUSG00000056536	-0.160116883873173	0.5111817764854385
ENSMUSG00000115471	-0.9211033100403174	-0.5748447787285748
ENSMUSG00000051223	-0.0859516918934049	0.3089006215247705
ENSMUSG00000055312	-0.3606470070738181	0.0751139108907139
ENSMUSG00000042156	-0.1503009340996938	0.4518591699224707
ENSMUSG00000074664	-0.2601360088626657	-0.4874850330170428
ENSMUSG00000115531	-0.6267445249818538	-0.6005969750434118
ENSMUSG00000104710	-0.4160532511454342	-0.5197127543464548
ENSMUSG00000067430	-0.018803980438143	0.4386309389884614
ENSMUSG00000114658	-0.274487906431839	-0.5230124706606828
ENSMUSG00000025525	-0.4677443907674504	0.2704929695695792
ENSMUSG00000084335	-0.0763561791965182	-0.28427252095749
ENSMUSG00000081724	-0.3285061388018107	-0.6020064895434342
ENSMUSG00000090462	-2.0	-2.0
ENSMUSG00000029571	-0.1100845549124661	0.4787522934833391
ENSMUSG00000026520	-0.0580612410880081	0.2592664818918199
ENSMUSG00000030720	0.0421901857372376	-0.3927642167861074
ENSMUSG00000103209	-0.5246839453699822	-0.5947861856160096
ENSMUSG00000020448	-0.052784656667373	0.3598400338739261
ENSMUSG00000097682	-0.4192841287453654	0.1498685285375152
ENSMUSG00000021069	-0.2740188208492353	-0.2216794077879246
ENSMUSG00000026202	0.0173664490129857	0.2520934435606639
ENSMUSG00000081534	-0.0156175356425016	0.2500421481743463
ENSMUSG00000097124	-0.1661901542733455	0.2127834844120866
ENSMUSG00000049799	-0.1258952370051371	-0.2139484123046131
ENSMUSG00000029503	0.2281857251858231	-0.0161409789727622
ENSMUSG00000030733	-0.057240746422363	0.3808867678069303
ENSMUSG00000102836	-0.3047612811522359	-0.324310358745946
ENSMUSG00000073953	-0.5421415588278604	-0.3361210597820923
ENSMUSG00000035297	-0.0514934362407331	0.4677172943531995
ENSMUSG00000032500	-0.3027640295035813	-0.2194373051895947
ENSMUSG00000031352	-0.2179363498108794	0.4439598033580454
ENSMUSG00000108545	-0.6487146759908694	-0.3961892099122504
ENSMUSG00000090747	-0.5863838025296626	-0.1359452865045896
ENSMUSG00000027630	-0.0309015368378579	0.2750218820334825
ENSMUSG00000121707	0.0485086129470293	-0.0792371867795544
ENSMUSG00000098715	-0.2886441657487927	-0.4310577899036387
ENSMUSG00000047061	-0.2888714750371361	0.2309845614089456
ENSMUSG00000121678	-0.2545741654409036	-0.2568673100889037
ENSMUSG00000034839	-0.2211074628787327	0.142346973268725
ENSMUSG00000036256	-0.1591127528966559	-0.0183192658488099
ENSMUSG00000047407	0.0287330663675149	0.0458438978803051
ENSMUSG00000085437	-0.1633228944587336	-0.15891333211736
ENSMUSG00000116745	-0.5588060135201464	-0.4573495704829461
ENSMUSG00000022680	-0.0238669013619108	0.4389149385680266
ENSMUSG00000024299	-0.0298367380198663	0.3483671788615765
ENSMUSG00000047036	-0.0195960798896563	0.4001845388396861
ENSMUSG00000100531	-2.0	-2.0
ENSMUSG00000103733	-0.3609139235252676	-0.3438925944930188
ENSMUSG00000022800	-0.034266085131922	0.437815543629456
ENSMUSG00000082079	-0.2227581002687812	-0.3199137107405538
ENSMUSG00000004328	-0.0597693868556552	0.0564840676363573
ENSMUSG00000034958	-0.0468160453692666	0.2007093568007201
ENSMUSG00000000903	-0.2226993515965307	-0.2803780650577122
ENSMUSG00000112331	-0.2219112925249479	0.2556136782665932
ENSMUSG00000039199	-0.0414891526757702	0.4255218305390122
ENSMUSG00000106137	0.0293220791333869	-0.0913798882958859
ENSMUSG00000015981	-0.2969025066905759	0.5408578160764684
ENSMUSG00000071591	-0.176202843641736	-0.1348905744937157
ENSMUSG00000109327	-0.3116898333973454	0.4410994375603051
ENSMUSG00000038736	-0.0485158951234971	0.5372043537995751
ENSMUSG00000015889	-0.0302059687573671	0.4490999430153287
ENSMUSG00000009350	-0.2405155796051225	-0.2838575373792542
ENSMUSG00000087193	-0.0013908378958001	-0.5902632830144874
ENSMUSG00000102407	-0.4181585932650614	-0.4494771605812689
ENSMUSG00000121629	-0.3470350080923845	-0.3597426253412826
ENSMUSG00000006270	-0.2404451621064872	-0.1889256595530205
ENSMUSG00000081218	-0.810847202750701	-1.0474820674540275
ENSMUSG00000075204	-0.661454266056523	-0.5755773579517628
ENSMUSG00000116249	-0.0419196041090621	-0.0133398534546992
ENSMUSG00000110667	-0.3185899091870753	-0.2867913105422399
ENSMUSG00000036306	-0.3960877894353485	-0.1147225933187315
ENSMUSG00000112368	-0.038875846515938	-0.0525369666754597
ENSMUSG00000109848	-0.48898824008888	-0.4347303665152862
ENSMUSG00000121524	-1.0281572474577565	-0.9803421143780544
ENSMUSG00000015214	-0.5387716782194503	0.0413958436520625
ENSMUSG00000032536	-0.0870022223173296	0.3059361980637688
ENSMUSG00000035491	-0.7721123188672875	-2.0
ENSMUSG00000022048	-0.3900787657970196	0.1773622854908523
ENSMUSG00000023277	-0.0549035312174386	0.2439533208167522
ENSMUSG00000022044	-0.75292687624179	-0.6027511039056216
ENSMUSG00000036223	-0.0422150093763431	0.4022579424847642
ENSMUSG00000050558	-0.3206646052430471	-0.1701744865544111
ENSMUSG00000074227	-0.0364482664259037	0.4050470498500082
ENSMUSG00000120840	0.0437731894738627	-0.0323076261542023
ENSMUSG00000073396	-0.5336333076909371	-0.6788149361965793
ENSMUSG00000046519	-0.0483280963424441	0.4453943213978327
ENSMUSG00000104732	-0.8749092869173658	-0.9059350549604716
ENSMUSG00000009070	-0.2172082938017459	-2.0
ENSMUSG00000034951	-0.0994896597219657	0.19221162098035
ENSMUSG00000106350	-0.224382562566184	0.2002284209394216
ENSMUSG00000102629	-0.4886383729211357	-0.4382443508373722
ENSMUSG00000111654	-0.3969856102655797	0.4870498099828498
ENSMUSG00000050195	-0.247393707680061	-0.1711999146997764
ENSMUSG00000109060	-0.5773925983306748	-0.9260699414731858
ENSMUSG00000073922	-0.7873744852545288	-0.5156745593921271
ENSMUSG00000041552	-0.8086844931371493	-0.3102212203586078
ENSMUSG00000024184	0.1300993792558522	0.106466282550093
ENSMUSG00000031917	0.1296041846832321	0.1689549900212923
ENSMUSG00000011154	-0.2287898063506122	-0.2641204962302143
ENSMUSG00000107225	-0.0411989201343057	-0.0703077080955937
ENSMUSG00000050592	-0.0239898850455719	0.1855806815535024
ENSMUSG00000121366	-0.6881983903612924	-0.8561633803142128
ENSMUSG00000106139	-0.3637374335481856	-0.4696860422923889
ENSMUSG00000064044	-0.3749805599352666	-0.7245853486478655
ENSMUSG00000054666	-0.330193303267583	-0.4580587453115019
ENSMUSG00000116570	-0.0649484281675673	-0.1455393404458837
ENSMUSG00000089873	-0.4369734766486742	-0.1509041854795374
ENSMUSG00000115088	-0.5853595159456291	-0.8338729026223849
ENSMUSG00000001229	-0.0458292998514147	0.4699456618886648
ENSMUSG00000116031	-0.2872297899584377	-0.4183970968259718
ENSMUSG00000022347	-0.3166022439277861	-0.2550077009593688
ENSMUSG00000030930	-0.3198422300896218	-0.0841428924632546
ENSMUSG00000099913	-0.1048186482931332	0.4811016523466396
ENSMUSG00000048772	-0.2315836156907187	0.1663218079595406
ENSMUSG00000021347	-0.7598920093419125	-0.6894038360745828
ENSMUSG00000038642	-0.3285981250332675	-0.3962437359104973
ENSMUSG00000059534	-0.1514763894968368	0.3745489279138771
ENSMUSG00000096516	-0.4531649031196813	-0.7992545329214025
ENSMUSG00000064043	-0.0260628954252193	0.3495801650856206
ENSMUSG00000087066	-0.3053953274843041	-0.4737894789874833
ENSMUSG00000086560	-0.259222796636903	-0.1920177842197233
ENSMUSG00000022639	-0.1990937149953962	0.338707315872004
ENSMUSG00000118126	-0.4197389420087346	-0.3417696977433587
ENSMUSG00000034867	-0.0471115095783595	0.4788846692564282
ENSMUSG00000059319	-0.5373852084926708	-0.8893025710961427
ENSMUSG00000040502	-0.0473944842129461	-0.2070642422911448
ENSMUSG00000062591	-2.0	-2.0
ENSMUSG00000048481	-0.1134058460951249	0.3767758110977273
ENSMUSG00000086238	0.0923741935180515	-0.0847753954781829
ENSMUSG00000063698	-0.0667914992142616	0.4311195254856326
ENSMUSG00000110278	-0.3350569427895588	-0.1992706901781882
ENSMUSG00000107240	-0.051504291398744	0.2730693641002238
ENSMUSG00000094227	-2.0	-2.0
ENSMUSG00000028980	-0.0307833869313276	0.4468234957784264
ENSMUSG00000028397	-0.0230111106572586	-0.4066352796221315
ENSMUSG00000075549	-0.7467644246361448	-0.5987311462387567
ENSMUSG00000038271	-0.1307841264378562	0.2616011297683472
ENSMUSG00000041926	-0.0548177890971099	0.3598297928552593
ENSMUSG00000005233	-0.1196446014406626	0.4871180041833302
ENSMUSG00000001911	-0.1540235886491258	-0.2138241864373205
ENSMUSG00000031257	-0.4809476056916718	-0.7883221780541141
ENSMUSG00000105299	-0.5419400033908596	-0.5249336485644346
ENSMUSG00000111692	-0.1329017899396747	0.376162172042367
ENSMUSG00000033157	-0.1073262788601574	0.5044344318831764
ENSMUSG00000024769	-0.0245487061225402	0.1249839008859161
ENSMUSG00000057933	-2.0	-2.0
ENSMUSG00000022219	0.1203256543754777	0.1358911290568726
ENSMUSG00000029063	-0.0071002449686128	0.0253057833224074
ENSMUSG00000050148	0.0806701306027956	0.3677002378053718
ENSMUSG00000047030	-0.1248956567324216	0.248366161897477
ENSMUSG00000092544	-0.0366063320916294	0.4776085491745445
ENSMUSG00000051095	-0.0284234971460682	-0.0997799554607222
ENSMUSG00000022098	-0.52267496422038	-0.3070079290578882
ENSMUSG00000090708	-0.0368051059623846	0.0020110709179794
ENSMUSG00000106303	-0.5424426591323577	-0.6577384328303699
ENSMUSG00000057337	-0.0420946029261325	0.3457664766852417
ENSMUSG00000022357	-0.305711995712511	-0.140951454158112
ENSMUSG00000100023	-2.0	-2.0
ENSMUSG00000091175	-1.2439417127000891	-0.4223209653955441
ENSMUSG00000054181	-0.0635295885997417	0.4686214107654217
ENSMUSG00000104156	0.0803941277252286	-0.1303079374274309
ENSMUSG00000110301	-0.3418343845997258	-0.2066849460205846
ENSMUSG00000059923	-0.015543979809063	0.4663606971324486
ENSMUSG00000084787	-0.4425693176578951	-0.4282459946000379
ENSMUSG00000085236	-0.3223284553408077	0.4891605564786321
ENSMUSG00000041117	0.1461021013191279	-0.0938862568931111
ENSMUSG00000102110	-2.0	-2.0
ENSMUSG00000105588	-0.2046744684394467	-0.3575368647538789
ENSMUSG00000031516	-0.0351834531831559	0.4930055356158299
ENSMUSG00000044988	-0.495971622789968	-0.4839752651716729
ENSMUSG00000093617	-2.0	-2.0
ENSMUSG00000060114	-0.4222325451348574	-0.7358307511412726
ENSMUSG00000052557	-0.0482590759390255	0.5111127069124958
ENSMUSG00000001827	0.0521771742133952	-0.1915780773891947
ENSMUSG00000022338	-0.0812177472081792	0.5469690990269999
ENSMUSG00000111699	-0.3823870435865404	-0.2756115725790955
ENSMUSG00000051037	-0.2386548675873369	0.3957784531316959
ENSMUSG00000091923	-0.6051046548800978	-0.6798868794611748
ENSMUSG00000090799	-0.4879690307105425	-0.0370199558646637
ENSMUSG00000022598	-0.3315235060101345	-0.2122008653541242
ENSMUSG00000105128	-0.7370522475710056	-0.4492442322447602
ENSMUSG00000110540	-2.0	-2.0
ENSMUSG00000004934	-0.2490883536742423	0.3101442040114763
ENSMUSG00000028434	-0.1903670338068123	0.3885665570730193
ENSMUSG00000085277	-0.2787945221067397	-0.3932028143051048
ENSMUSG00000095363	-2.0	-2.0
ENSMUSG00000040583	-1.0636596077814462	-2.0
ENSMUSG00000058748	-0.0559864217333712	0.4477662379579814
ENSMUSG00000113437	-0.6305901639290522	-0.1504502559885097
ENSMUSG00000037161	-0.3378383160264973	0.3665170908595471
ENSMUSG00000115639	-0.4491385036234661	-0.3137973480080958
ENSMUSG00000075174	-0.5099945518478128	-0.7672365915566377
ENSMUSG00000051986	-0.5043246446116361	-0.6013524941997312
ENSMUSG00000049744	-0.4887927936866758	-0.3468486391929783
ENSMUSG00000090015	-0.0879981765012692	-2.0
ENSMUSG00000025175	-0.3417454665049842	0.0711234645772458
ENSMUSG00000085806	-0.4047432572893788	-0.4339893514244675
ENSMUSG00000102802	-0.5544533951544487	-0.6147842307815912
ENSMUSG00000068062	-0.1605043549425492	0.0062868962709501
ENSMUSG00000081041	-0.2635327413774923	-0.5579820514680526
ENSMUSG00000112917	-0.3289358648896104	-0.4414378425769106
ENSMUSG00000084957	-0.0732447582052494	0.5259699701023843
ENSMUSG00000091049	-0.2703559683430997	-0.351479378559978
ENSMUSG00000111489	-0.278607563588942	-0.3694720555281574
ENSMUSG00000056515	-0.109415355110352	0.1577390735518237
ENSMUSG00000057649	-0.081412152116106	0.4873595688358748
ENSMUSG00000079627	-0.6264098863741673	-0.8289672164747374
ENSMUSG00000097416	-0.0202681131977184	0.4107320306671445
ENSMUSG00000040174	-0.3252727491068664	-2.0
ENSMUSG00000094678	-2.0	-2.0
ENSMUSG00000041797	-0.6507171871906454	-0.3889610163721088
ENSMUSG00000048368	-0.135908464885895	-0.3595167741772728
ENSMUSG00000075704	-0.1968933292736425	0.436820113223957
ENSMUSG00000076439	-0.0686011241373159	-0.1741654869480857
ENSMUSG00000026228	-0.0167790631082703	0.0165765888842084
ENSMUSG00000038503	-0.0337354614509966	0.3965605856400147
ENSMUSG00000101321	-2.0	-2.0
ENSMUSG00000097145	-0.2988974687860464	0.4299017549047621
ENSMUSG00000057240	-0.3869289683367	-0.2064957015096219
ENSMUSG00000099349	-0.0486607323707636	0.0001938257980214
ENSMUSG00000031125	-2.0	-2.0
ENSMUSG00000098900	-0.5184693748647463	-0.6625954932169018
ENSMUSG00000102681	-0.4755347857770718	-0.7218856936721738
ENSMUSG00000110258	-0.3257533660042847	-0.2362592772762732
ENSMUSG00000086694	-0.2088114582229013	-0.1920860428545558
ENSMUSG00000021047	-0.5145914917914467	0.5238327970137518
ENSMUSG00000112297	0.1215561019513524	-0.1391582644645032
ENSMUSG00000009535	-0.0394925967646748	0.4999582945326376
ENSMUSG00000047497	-0.2961176956013908	-0.195814618057733
ENSMUSG00000028788	-0.033680266481621	0.4409905833092264
ENSMUSG00000016206	-0.2057998123822417	0.1363047768937922
ENSMUSG00000073471	-0.1429537496899169	0.3775113266295112
ENSMUSG00000034235	-0.0764973474118027	0.480151875339899
ENSMUSG00000006360	-0.1039381967393093	-0.1076031667228703
ENSMUSG00000022394	-0.0249064754596402	0.3831077152741587
ENSMUSG00000060373	-0.0354303913639403	0.4127735970187823
ENSMUSG00000035283	-0.006868367430471	0.0419990105834437
ENSMUSG00000071089	-0.1845829836549218	-0.2516756569431486
ENSMUSG00000082065	-0.2792810242971549	-0.426017144328746
ENSMUSG00000024806	-0.2610891727104037	-0.4835280892953268
ENSMUSG00000074513	-0.0553101990423062	0.4461629783396115
ENSMUSG00000110337	-0.3317257467603417	-0.3990337874927914
ENSMUSG00000105201	-0.366694182803654	0.3451069938119356
ENSMUSG00000111781	-0.3811421082610308	-0.4841820355755605
ENSMUSG00000021572	-0.0635276783218856	0.4402164912886487
ENSMUSG00000007880	-0.0068143657723013	0.3456720462291658
ENSMUSG00000107397	-0.4084352402109041	-0.2767335212451144
ENSMUSG00000010066	-0.1099327091123148	0.4743019486282449
ENSMUSG00000062300	-0.0188125972418771	0.1672564701682643
ENSMUSG00000032000	-0.0959022085910051	0.443826343976922
ENSMUSG00000063506	-0.2414461319475521	-0.208937883805976
ENSMUSG00000090949	-0.601227430869115	-0.4942421906681549
ENSMUSG00000073255	-2.0	-2.0
ENSMUSG00000102278	-0.2213642026174161	-0.1222661637990266
ENSMUSG00000036036	0.0307336728567033	-0.5668666377048596
ENSMUSG00000062825	0.0209979191682706	0.1644450592079748
ENSMUSG00000086596	-0.2722639234579018	0.0334116915837862
ENSMUSG00000103898	-0.0402027344027075	0.4557609402456073
ENSMUSG00000109717	-0.3480007644956583	-0.3313906748363405
ENSMUSG00000041570	-0.0388891456951615	0.5312596707304582
ENSMUSG00000007836	-0.0027531015803298	0.3660596791062394
ENSMUSG00000100242	-2.0	-2.0
ENSMUSG00000109754	-0.1061486150212486	-0.1759635084103039
ENSMUSG00000046138	-0.0903196904670596	0.4888861780975291
ENSMUSG00000015522	-0.0209545872516825	0.4404648045252102
ENSMUSG00000028879	-0.0465343173996515	0.5139563377852929
ENSMUSG00000103236	-2.0	-2.0
ENSMUSG00000016942	-0.0454723974462233	-0.1565592838876804
ENSMUSG00000114729	-0.2835589077730643	-0.1772364822091079
ENSMUSG00000117870	-0.3612103351536905	-0.2347048158725094
ENSMUSG00000035020	-0.5647412436592156	-0.6668441532390106
ENSMUSG00000092389	0.0700556076369886	-0.1696823848475245
ENSMUSG00000091780	0.2787376003350614	0.3136643616923521
ENSMUSG00000040522	-0.4568277737165712	-0.8948482986678234
ENSMUSG00000025839	-0.2187091739966412	-0.2205113021775559
ENSMUSG00000051730	-0.0395639483854073	0.4304353124320548
ENSMUSG00000101625	-0.3084229343460489	-0.1259080045858759
ENSMUSG00000085690	-0.5835858506817241	-0.3972920905611621
ENSMUSG00000118458	-0.4152134575796614	-0.3691773101003728
ENSMUSG00000073418	-0.2720154033978522	-0.1412060310612648
ENSMUSG00000042380	-0.1155038190609882	0.1304830114707215
ENSMUSG00000021884	-0.1526161519397786	0.4757011085858077
ENSMUSG00000073945	-0.7726913686963045	-0.8062989522243739
ENSMUSG00000108244	-0.0857172568629609	0.4699912842260506
ENSMUSG00000040658	-0.1520968106427759	0.3377470981345477
ENSMUSG00000038346	-0.0783650187711576	0.3746556133223199
ENSMUSG00000095002	-0.6007794961758227	-0.848452177589164
ENSMUSG00000038876	-0.0791574473620945	0.550907523167388
ENSMUSG00000116768	-0.3237086876213721	-0.664738408669908
ENSMUSG00000055691	-0.5532737478567824	-0.4525350951875905
ENSMUSG00000019731	-0.1667868242306742	0.1797051458675955
ENSMUSG00000020299	-0.2980653937978756	0.2096484993673032
ENSMUSG00000053550	-0.0051656981030866	0.2844957039511824
ENSMUSG00000111747	-0.3836669286504385	-0.8379442009101576
ENSMUSG00000015094	0.0202772335601293	0.1771652431485669
ENSMUSG00000091788	-2.0	-2.0
ENSMUSG00000066191	-0.2948413058246202	0.2203189051484844
ENSMUSG00000104068	-0.3925923764486692	-0.4000169862243324
ENSMUSG00000041828	-0.4253398661395521	-0.4354299171502855
ENSMUSG00000112129	-0.1616852312109976	-0.073298328442937
ENSMUSG00000104315	-0.0399999235021857	-0.052022329291999
ENSMUSG00000037477	-0.2709228883043963	0.0263775769806306
ENSMUSG00000035354	-0.0467409774222016	0.3911599639929995
ENSMUSG00000097724	-0.0113671212557265	0.2212430947079461
ENSMUSG00000100162	7.80791287429329e-05	-0.8214867758114115
ENSMUSG00000115587	-0.2290470082291291	-0.1890929001181563
ENSMUSG00000121855	-0.0623062192350231	-0.2193061744767439
ENSMUSG00000085889	-0.0211573578854167	-0.3499086091469855
ENSMUSG00000084826	-0.0713629968998798	-0.2844171232687332
ENSMUSG00000030322	-0.0659215024008751	0.3838369007100822
ENSMUSG00000075117	-0.470539102355211	-0.974993819360199
ENSMUSG00000108749	-0.2747066159465782	0.4220481933805802
ENSMUSG00000027293	-0.0620348044687002	0.4887661182585639
ENSMUSG00000075325	-0.3779679627791885	-0.8116059850271482
ENSMUSG00000043418	-0.5272435506827876	-0.3581468900536033
ENSMUSG00000107167	-0.2125135961120337	-0.1349333537739087
ENSMUSG00000111085	-0.4870217541443795	0.156338918886185
ENSMUSG00000001520	0.0191299216771736	-0.2141589951865688
ENSMUSG00000114049	-0.3897873481345103	-0.3487441084404636
ENSMUSG00000118020	-0.4457112552902574	-0.5666301890999929
ENSMUSG00000044544	-0.5072309530987301	-0.3777975860151078
ENSMUSG00000094421	-2.0	-2.0
ENSMUSG00000030236	-0.5653503119326704	-0.6720746246709857
ENSMUSG00000085888	-0.2872244048880696	-0.0899192835681651
ENSMUSG00000069911	-0.2770030011648027	0.1165825754289014
ENSMUSG00000006335	-0.111787359384887	0.3374412901126883
ENSMUSG00000038615	-0.0736306938116341	0.4778505463024092
ENSMUSG00000115548	-0.3419984347358447	-0.0839545329459786
ENSMUSG00000078861	-2.0	-2.0
ENSMUSG00000026697	-0.4468313563232772	-0.2967710615763909
ENSMUSG00000044627	-0.0273545735262518	0.3764747580957148
ENSMUSG00000040441	-0.0730534604887499	0.0168332672047636
ENSMUSG00000073723	-0.6629813267410487	-0.9723158900438134
ENSMUSG00000035270	-0.6363982101671937	-0.5027858024763563
ENSMUSG00000113752	-0.1309509571194007	0.1375825939807505
ENSMUSG00000021880	-0.6281961243901317	-0.5787722955809186
ENSMUSG00000079639	-0.5816373813470428	-0.3543123222436986
ENSMUSG00000121402	-1.0473696850879917	0.0803021599691411
ENSMUSG00000036478	-0.0805599719984504	0.450040227131326
ENSMUSG00000068917	-0.1145662905073749	0.3740716390536505
ENSMUSG00000008668	0.0594053468392116	0.1368917151953063
ENSMUSG00000017485	-2.0	-2.0
ENSMUSG00000030276	0.0048973563424036	0.0052356970117685
ENSMUSG00000100717	-0.4577030164120062	-0.2660813298453936
ENSMUSG00000040850	-0.01156555277408	0.4718028799006288
ENSMUSG00000085321	-0.3227990651324289	0.5085903139738596
ENSMUSG00000046856	-0.0774057322436647	0.1293656612220985
ENSMUSG00000106437	-0.4422967481672414	-0.5508460157339464
ENSMUSG00000051457	0.0425707875425184	0.072800047604269
ENSMUSG00000114807	-0.3477583018132824	-0.4065921038773728
ENSMUSG00000105302	-0.8261921736144248	-0.518214972859253
ENSMUSG00000029918	-0.1595066022623536	0.4369465327199426
ENSMUSG00000117977	0.0203832454583292	-0.1766183780245559
ENSMUSG00000055489	-0.5225858400654662	-0.3175704230267985
ENSMUSG00000029920	-0.0174533487484548	0.2719535332568713
ENSMUSG00000055632	-0.196332480045553	-0.0436705645162717
ENSMUSG00000033658	-0.0457509279380882	-0.2834863262327629
ENSMUSG00000115600	-0.114118955691195	-0.1658715101018048
ENSMUSG00000110946	-1.1511743844200937	-0.6963253157273522
ENSMUSG00000121565	-2.0	-2.0
ENSMUSG00000086072	-0.515633327163251	-0.5804885819941643
ENSMUSG00000104316	-0.2014703386436463	-0.14219184977005
ENSMUSG00000086753	0.0799876332388357	0.1330882218111141
ENSMUSG00000034218	-0.037200750418565	0.4760776951901486
ENSMUSG00000079070	-0.4776815083828903	-0.3948974059763758
ENSMUSG00000090217	-0.193535113738983	0.0711912244330934
ENSMUSG00000022758	-0.2031626722068267	0.1358124183452173
ENSMUSG00000023852	-0.0153344544971323	0.4876385869341147
ENSMUSG00000103529	-0.2736480922609846	0.1576591499516037
ENSMUSG00000097591	-0.1650101903916483	-0.0477608237125722
ENSMUSG00000117282	-2.0	-2.0
ENSMUSG00000063137	-0.3503373045597285	-0.4331655425945288
ENSMUSG00000058934	-0.4305408786957937	-0.2032099745167797
ENSMUSG00000107029	-0.20880609178084	-0.2523313226962033
ENSMUSG00000094337	-0.4029601937028569	-0.5134006538098341
ENSMUSG00000044148	-0.0985150877357492	0.4336594467139212
ENSMUSG00000110467	-0.2498462823418963	-0.3704811273957647
ENSMUSG00000063615	-0.7992404179017121	-0.6808269166228944
ENSMUSG00000042211	-0.0340514656325419	0.4332163357591093
ENSMUSG00000032437	-0.0626006775335547	0.5363200201665367
ENSMUSG00000021428	-0.0657507840931877	0.4365550846181549
ENSMUSG00000038388	-0.1192690458205342	0.5309265009319385
ENSMUSG00000108293	-0.4682856059182099	-0.2636532252962028
ENSMUSG00000117364	-0.5357388376396646	-0.4377794843215078
ENSMUSG00000094810	-0.4423655359770342	-0.6116916872218421
ENSMUSG00000002320	-0.1406589591416521	0.2402985830493337
ENSMUSG00000100827	-0.4312031136034868	-0.4145990606006294
ENSMUSG00000022543	-0.0625106941260511	0.0307472679789863
ENSMUSG00000106739	-0.5707174640438167	-0.1404741942293538
ENSMUSG00000094529	-2.0	-2.0
ENSMUSG00000073412	-2.0	-2.0
ENSMUSG00000018547	-0.0477998987780292	0.4011833392356799
ENSMUSG00000060475	-2.0	-2.0
ENSMUSG00000102258	-0.3354764093248528	-0.2662166323178948
ENSMUSG00000044452	-0.0236347040168918	0.3902814082296629
ENSMUSG00000011118	-0.4063854558460879	-0.1760119641226928
ENSMUSG00000046785	-0.0559977850275663	0.4418600262895003
ENSMUSG00000034902	-0.0287437320741753	0.3754371732250571
ENSMUSG00000027901	-0.1283972952881643	-0.2135272685839101
ENSMUSG00000085609	0.1118483486769861	-0.3199354838346901
ENSMUSG00000071553	-0.1735631337021967	-0.3312623354281147
ENSMUSG00000087100	-0.3429676800365349	-0.5525262892854644
ENSMUSG00000098071	-0.4477714101532472	-0.6236851585291748
ENSMUSG00000121528	-0.9818043083470976	-0.9388160220129422
ENSMUSG00000101802	-2.0	-2.0
ENSMUSG00000112097	-0.3110004971216049	0.0854722516067027
ENSMUSG00000081649	-0.4109534189519202	-0.4865969718000462
ENSMUSG00000022043	-0.0144988893701804	0.3866769273970774
ENSMUSG00000116840	-0.102486719769955	0.4432620484425839
ENSMUSG00000054021	-0.0837351818115027	0.4111514929427921
ENSMUSG00000027828	-0.0499863260488292	0.3443624026301444
ENSMUSG00000087159	-0.4092963414193587	0.4082369116680382
ENSMUSG00000097352	-0.2826124629618848	0.085646218604697
ENSMUSG00000103919	-2.0	-2.0
ENSMUSG00000110758	-0.5526329371986007	-0.0777528924872027
ENSMUSG00000106538	-0.3291130152589881	-0.2030815450019844
ENSMUSG00000092292	-0.5536147693729069	-0.5269313510880245
ENSMUSG00000089901	-0.1747303602992592	0.0778830835276347
ENSMUSG00000025161	0.0257414980907007	0.1296956913450593
ENSMUSG00000010097	-0.1954640885259702	0.4362695371426747
ENSMUSG00000115149	-0.3483092147006711	-0.1191015000197687
ENSMUSG00000094880	-0.188639647620086	-0.3084390143693457
ENSMUSG00000025413	-0.0456777807111437	0.4032403218635059
ENSMUSG00000027035	-0.1372412560263171	0.531592840533491
ENSMUSG00000103891	-0.8390065510283475	-0.5553943579230236
ENSMUSG00000113134	-0.4144443001089828	-0.4702188609689817
ENSMUSG00000052085	-0.3578826583626447	-0.1444595238433219
ENSMUSG00000029086	-0.3151700722353827	0.0627425119106079
ENSMUSG00000041886	-0.5082817707001211	-0.6118739213893483
ENSMUSG00000004567	-0.0967485940363016	0.3024746594022545
ENSMUSG00000117508	-0.4681477502133883	-0.4536303731828303
ENSMUSG00000075042	-0.7373099004974997	-0.672069644476854
ENSMUSG00000030788	-0.0686522933813151	0.4373182722848343
ENSMUSG00000046093	-0.3078721555687805	0.358421098794047
ENSMUSG00000030359	-0.2247769129660954	-0.3926668107943178
ENSMUSG00000026442	-0.1709964122913374	0.3490314547194771
ENSMUSG00000087042	-0.0222701774872818	0.0132019631948669
ENSMUSG00000051650	-0.0291180716283708	0.4169312708078025
ENSMUSG00000021879	-0.3005823819442319	-0.4219251894100267
ENSMUSG00000015401	-0.6158957986356212	-0.7586108800496079
ENSMUSG00000039335	-0.4319130857026678	-0.5943410534861466
ENSMUSG00000051136	-0.2800275578658164	-0.2921293279791269
ENSMUSG00000020697	-0.0665295173444964	0.4427835121738939
ENSMUSG00000020098	-0.0958638643094184	-0.0408129764110081
ENSMUSG00000031022	-0.0045526893681151	-0.2313291984228592
ENSMUSG00000113979	-0.5301673844214597	-0.1020266007660588
ENSMUSG00000097462	-0.3596897306457877	-0.1253829864258222
ENSMUSG00000112952	-0.2329532780396464	-0.3663461705442967
ENSMUSG00000091199	-2.0	-2.0
ENSMUSG00000085420	-2.0	-2.0
ENSMUSG00000045259	0.0801217050906551	0.2751532287435434
ENSMUSG00000019102	-0.169019167947614	-0.3729120168675302
ENSMUSG00000067389	-0.1652415300595782	0.0335298229819431
ENSMUSG00000027624	-0.043156727755581	0.2792616567843132
ENSMUSG00000032487	-0.4395150120022474	-0.3929996690508477
ENSMUSG00000044248	-0.3963923383224025	-0.4638505422490378
ENSMUSG00000101156	-0.5099690036677801	-0.6162188764385427
ENSMUSG00000117485	-0.2868560227004638	-0.4059995746035803
ENSMUSG00000022156	-0.654023185700851	-1.4029270684440978
ENSMUSG00000018167	-0.0439033493450976	0.4406931399718397
ENSMUSG00000032357	-0.5299087166036301	-0.2450083453042364
ENSMUSG00000116595	-0.3550915238112407	-0.2162574538288655
ENSMUSG00000042632	-0.0212605118313726	0.3361554209834234
ENSMUSG00000114702	0.0236704161158622	-0.3119213399248485
ENSMUSG00000100497	-0.4351529188299298	-0.7116229201370747
ENSMUSG00000114832	-0.2935090656475468	-0.2824313435070001
ENSMUSG00000030397	-0.0052005950923801	0.294989268990436
ENSMUSG00000020905	-0.2677503855238733	0.3509825952583384
ENSMUSG00000036501	-0.0194340926764733	0.4274007348986142
ENSMUSG00000085761	-0.0717273860435392	-0.1606870284677392
ENSMUSG00000030173	-0.4348461905432761	-0.6923893491410008
ENSMUSG00000074852	-0.3769515655378145	-0.2793705895176994
ENSMUSG00000043903	-0.0099777004783978	-0.1293270559646992
ENSMUSG00000112113	-2.0	-2.0
ENSMUSG00000053765	-0.1912062613961575	-0.2291689086060843
ENSMUSG00000060084	-0.7230972317255099	-0.8439357482988546
ENSMUSG00000034663	-0.152135154047899	0.4368344087308655
ENSMUSG00000060621	-0.159631023578355	0.0419692033272912
ENSMUSG00000030161	-0.1012423572078688	0.2880784261477451
ENSMUSG00000029053	-0.052746307446385	0.4965192257211321
ENSMUSG00000086001	0.2292147950823103	0.1582689880792548
ENSMUSG00000041890	-0.0279647075213137	0.2301458313730881
ENSMUSG00000091707	-0.6344539882576226	-0.8131237537882113
ENSMUSG00000120010	-0.1865412448360933	0.3597486147564594
ENSMUSG00000109930	-0.3286601388191696	0.2341713805763009
ENSMUSG00000027342	-0.325851024723104	0.4110679025647479
ENSMUSG00000042271	-0.3037979574137024	0.0466325716306449
ENSMUSG00000085562	-0.1739248083789161	0.1911406373447731
ENSMUSG00000113530	-0.2403141796673075	-0.2914733862480103
ENSMUSG00000048960	-0.3286155250227416	0.2732902423122585
ENSMUSG00000106577	-0.4256917986127461	-0.3847615962916509
ENSMUSG00000102392	-2.0	-2.0
ENSMUSG00000113907	-0.0630221523007805	-0.0404389107634446
ENSMUSG00000026937	-0.3363756905378217	-0.5160380450118652
ENSMUSG00000096934	-0.4102642045632957	-0.7112317472157493
ENSMUSG00000085669	-0.3650077262716129	0.0751446695295362
ENSMUSG00000032501	-0.0424471108925094	0.4312740006901827
ENSMUSG00000038167	-0.047110347844943	-0.0608240255734711
ENSMUSG00000039954	-0.4102362137455135	-0.2079999124154641
ENSMUSG00000011171	-0.4193235893984816	-0.3218042294431691
ENSMUSG00000029685	-0.4823353962250993	0.4774969017048374
ENSMUSG00000099782	-2.0	-2.0
ENSMUSG00000025425	-0.2867131274461197	0.0357935925443336
ENSMUSG00000110402	-0.36959409452552	-0.4575856922798495
ENSMUSG00000108652	-0.4495013674583844	-0.4446450528742905
ENSMUSG00000111312	-2.0	-2.0
ENSMUSG00000105063	-0.3288573459676273	-0.1090987840485805
ENSMUSG00000097766	-0.2460122477749981	0.3478188825241232
ENSMUSG00000121500	-2.0	-2.0
ENSMUSG00000005362	-0.0490008185741401	0.3771900471757358
ENSMUSG00000022108	-0.2865860742186333	0.4189499277613946
ENSMUSG00000034353	-0.340773516594778	-0.1335125179649792
ENSMUSG00000110162	-0.4074584108054597	-0.4970059359931482
ENSMUSG00000031618	-0.3571126689647533	-0.1081915691433912
ENSMUSG00000029736	-0.3937542333333071	-0.3312235802850087
ENSMUSG00000021384	-0.2491339801773253	0.0573406794779275
ENSMUSG00000043850	-0.2611401979277997	-0.4599620133278709
ENSMUSG00000066278	-0.0301750556328817	0.4204716414058955
ENSMUSG00000111078	-0.2480233512207691	-0.3513092899170502
ENSMUSG00000032046	-0.1665814272907219	-2.0
ENSMUSG00000021619	-0.3782615773307298	0.467218471542257
ENSMUSG00000046792	-0.0300475157075979	0.4076128393757084
ENSMUSG00000038179	-0.4008654757628238	-0.3863401338461857
ENSMUSG00000060715	-0.3996085118489285	0.1847712428353015
ENSMUSG00000032431	-2.0	-2.0
ENSMUSG00000114165	0.199252047494079	0.4269996086542655
ENSMUSG00000028255	-0.4845802843356048	-0.5051394442007102
ENSMUSG00000022583	-0.1332812987631489	-0.2019901525095793
ENSMUSG00000025026	-0.0743968946159803	-0.5595039772971354
ENSMUSG00000022309	-0.4206618979287786	-0.2741579420289912
ENSMUSG00000105709	-0.3099420298482417	-0.3532258795615416
ENSMUSG00000108360	0.1277024169778878	-0.0770862329012463
ENSMUSG00000120178	-0.442304925168426	-0.300805974871014
ENSMUSG00000033287	-0.0709783543773735	0.286863177700093
ENSMUSG00000113140	0.0218445478190226	-0.0716433794177078
ENSMUSG00000037531	-0.0644494076527417	0.4448685488241157
ENSMUSG00000045411	-0.1805676793209746	0.3939102265238756
ENSMUSG00000111229	-0.214926403114414	-0.1258673817681319
ENSMUSG00000106036	-0.3072189786779266	-0.004477561131326
ENSMUSG00000108242	-0.7072208745805632	-0.6276463137496523
ENSMUSG00000112214	-0.4087915428328448	-0.5025420236193902
ENSMUSG00000042448	-0.353764730353333	0.0731374367212333
ENSMUSG00000104814	0.00476112148257	-0.0419545216968909
ENSMUSG00000000976	-0.045457062715248	0.4908430327707255
ENSMUSG00000058884	-0.5752368145649384	-0.9825801436248917
ENSMUSG00000121663	-0.0031714785319168	0.0617902077313691
ENSMUSG00000072849	-0.7305252099947653	-0.5955501367518405
ENSMUSG00000045655	-0.5950573130747938	-0.6867745758572736
ENSMUSG00000029714	-0.0190238984786673	-0.0215257600451172
ENSMUSG00000033105	-0.0249220213378119	0.3513911886301108
ENSMUSG00000121508	-0.0274772535194163	-0.2960191142872176
ENSMUSG00000111110	-0.268646736218599	-0.3143085887464142
ENSMUSG00000032815	-0.0264078843480105	0.5098439437430461
ENSMUSG00000085980	-0.3242198258636126	-0.3595861472920357
ENSMUSG00000090907	-0.3486892212702236	-0.2721169884951321
ENSMUSG00000099542	-2.0	-2.0
ENSMUSG00000086682	-0.0410478619796523	0.3544081142235477
ENSMUSG00000070313	-0.4647760311453859	-0.3237304687734096
ENSMUSG00000108905	-0.0923313637151919	-0.2036818789687036
ENSMUSG00000068349	-0.0813428015879665	-0.1524784228151833
ENSMUSG00000108746	-0.3412460699412857	-0.3838247624774934
ENSMUSG00000109305	0.4391838395524851	-0.2288954349134176
ENSMUSG00000102719	-0.3336140126087781	-0.3069609060954967
ENSMUSG00000027993	-0.1290476614934148	0.0243164322860057
ENSMUSG00000060519	0.0006489588625409	0.2515282339138555
ENSMUSG00000039254	-0.0664257607257551	0.3296158872496367
ENSMUSG00000121355	-0.3341885095052175	-0.2513949403733659
ENSMUSG00000109160	-0.5033442927879735	-0.4539906616297759
ENSMUSG00000116987	-0.3374841188466957	0.4754779641891422
ENSMUSG00000085441	-0.8146610733816002	-0.9869469466276706
ENSMUSG00000079557	-0.077400853416225	0.4509873970680429
ENSMUSG00000090555	-2.0	-2.0
ENSMUSG00000091280	-0.4066047083587071	-0.2749046610389208
ENSMUSG00000117318	-0.2638539466692751	-0.2583303943160704
ENSMUSG00000053093	-0.6095259133583739	-0.790011808719189
ENSMUSG00000051890	-0.3123766992251946	0.3568739117391599
ENSMUSG00000020834	-0.2691279686530463	0.2946989632675186
ENSMUSG00000093401	-0.7361263769604652	-0.7052652556494087
ENSMUSG00000057321	-0.5331228934536432	-0.4874901035717902
ENSMUSG00000100100	-0.4315520890148011	-0.7303021697498292
ENSMUSG00000017843	-0.0088927067960042	0.4929597556452565
ENSMUSG00000039219	-0.0363536246299169	0.4874039636449855
ENSMUSG00000114442	-0.2425376932081837	0.0513282892808483
ENSMUSG00000105011	-0.4455950661612523	-0.4591592099034085
ENSMUSG00000107516	-0.5998064744938623	-0.3832000680254512
ENSMUSG00000019894	-0.329613116918293	0.3798633048757043
ENSMUSG00000037640	-0.0226178386457959	0.4433014853712625
ENSMUSG00000023829	-0.3437185317930755	-0.3562927436530455
ENSMUSG00000026421	-0.0684156226008932	0.2926613714126054
ENSMUSG00000054074	0.0948797252243533	0.1843466969730512
ENSMUSG00000024099	-0.0738575601278551	0.4750546046201756
ENSMUSG00000027403	-0.3737331506318682	-0.37885172384913
ENSMUSG00000021368	-0.1762909501315234	0.5153658989056973
ENSMUSG00000018543	-0.5781345881428501	0.2373290511252502
ENSMUSG00000040111	-0.1520922491125085	-0.1958746125798625
ENSMUSG00000078235	0.1284626633297776	0.2660170843178469
ENSMUSG00000108857	-0.4064552281480494	-0.4952982276401622
ENSMUSG00000117157	-0.3057063765256889	-0.2922682282977628
ENSMUSG00000032066	-0.3094778783690539	0.0613154586769143
ENSMUSG00000116016	-0.0792283261212491	-0.1761283059550603
ENSMUSG00000078800	-0.4321023885221657	-0.375976081790444
ENSMUSG00000023263	-0.3781111458698881	-0.4742258539254471
ENSMUSG00000114605	-0.5169455932461866	-0.3589697311751216
ENSMUSG00000026502	-0.0568304856423421	0.5062118861865316
ENSMUSG00000108580	-0.4090048856501677	-0.2793973635200978
ENSMUSG00000085002	-0.2023901456396746	0.3359975748207218
ENSMUSG00000005470	-0.0530588885117458	0.4280119426182804
ENSMUSG00000033597	-0.0970102380236615	0.1502891762266812
ENSMUSG00000039738	-0.0329508127768204	-0.2196826878598487
ENSMUSG00000095049	-2.0	-2.0
ENSMUSG00000111620	-0.1820672550734229	-0.4336869801787268
ENSMUSG00000031539	-0.1151451865079029	0.2141941450255218
ENSMUSG00000096457	-2.0	-2.0
ENSMUSG00000015027	-0.0756519560883364	0.3849885286440137
ENSMUSG00000039680	-0.0252073732339058	0.5206870728574015
ENSMUSG00000117852	-0.1490749013237928	-0.3833270766615788
ENSMUSG00000073062	-0.480854344944057	-0.1651227323554245
ENSMUSG00000030271	-0.2372332361947006	0.4459060808748672
ENSMUSG00000034987	-0.2416166946655127	-0.278135163168753
ENSMUSG00000028689	-0.2606484186819974	0.2820694348372147
ENSMUSG00000103431	-2.0	-2.0
ENSMUSG00000100140	-2.0	-2.0
ENSMUSG00000022864	-0.0445773319645956	0.5029987013245036
ENSMUSG00000024691	-0.1363028560758243	-0.3016152977031331
ENSMUSG00000113415	-0.3640169006568881	-0.5385843182135109
ENSMUSG00000120957	-0.3017880664704731	-0.0199847139038489
ENSMUSG00000067928	-0.1208356255566001	0.5533967814412522
ENSMUSG00000064127	-0.2378672349620474	0.4879541390579319
ENSMUSG00000091423	-0.3422492582363196	0.4565600556383857
ENSMUSG00000044055	-0.3068811372089461	-0.1457183765611378
ENSMUSG00000021431	-0.048018512500712	0.3930129765017804
ENSMUSG00000019578	0.0746321554077644	-0.0554014656421808
ENSMUSG00000040488	-0.000499378216317	-0.037487943664745
ENSMUSG00000021704	-0.1819354457299133	0.4912154100266787
ENSMUSG00000058665	-0.2945216812900175	-0.10267427068274
ENSMUSG00000105162	-0.2665338606123862	-0.4181806836444809
ENSMUSG00000011263	-0.1256780135225707	-0.2255199691206088
ENSMUSG00000086552	-0.1042526833693633	0.1484860458897362
ENSMUSG00000071847	-0.2197859801236195	0.4490551608842246
ENSMUSG00000080809	-0.5196745857621587	-2.0
ENSMUSG00000101758	-2.0	-2.0
ENSMUSG00000022613	0.0060878060588726	-0.1646314964215318
ENSMUSG00000120844	-0.310142447045782	0.4487752451609529
ENSMUSG00000002108	-0.2298496091482744	0.2872168744276052
ENSMUSG00000030275	-0.0425897463276528	0.3463005429429299
ENSMUSG00000032231	-0.1622664003717451	0.2637453503099891
ENSMUSG00000050189	-0.2217383080970102	-0.1555118893664002
ENSMUSG00000028558	-0.2570253584910093	-0.3338374439379128
ENSMUSG00000114350	-0.125964999000905	-0.1240991020954927
ENSMUSG00000066257	-0.5812030339850004	-0.664155157884825
ENSMUSG00000038215	-0.1069177773536676	0.5169455454591986
ENSMUSG00000081231	-0.569044342643449	-0.4309895982865154
ENSMUSG00000089756	-2.0	-2.0
ENSMUSG00000106164	-0.1486157852902334	-0.1064763609273635
ENSMUSG00000111174	-2.0	-2.0
ENSMUSG00000044952	-0.0802047107801254	0.3941451148503621
ENSMUSG00000105376	-0.1745950456777329	-0.3053714638485799
ENSMUSG00000020424	-0.1659878396861411	0.2806043180053595
ENSMUSG00000090874	-0.7062379455588856	-1.2328322559405769
ENSMUSG00000090881	-0.7929275363004239	-0.996932233865752
ENSMUSG00000109366	-0.0757945502763084	0.1070296321426538
ENSMUSG00000107696	-0.5842589637776564	-0.2364781191241174
ENSMUSG00000087036	0.2244247992063085	-0.0626142218011353
ENSMUSG00000036580	-0.1334095287342491	0.5448384195110068
ENSMUSG00000105657	-0.6556953801096326	-0.6256979054455842
ENSMUSG00000068999	-0.4837648359219538	-0.4830827471094642
ENSMUSG00000108984	-0.1321401155382097	0.103136857870589
ENSMUSG00000043219	-0.3672395161743551	-0.0953816004410709
ENSMUSG00000086698	-0.5360320979463002	-0.8136738768058532
ENSMUSG00000089833	-0.4874652851049312	-0.4842027206800443
ENSMUSG00000011096	0.0352237897461926	0.2263565290202915
ENSMUSG00000075158	-0.7156268901395967	-0.4411618802714288
ENSMUSG00000114468	-0.3782617848583893	-0.7008554984908607
ENSMUSG00000034709	-0.0321177270054335	0.5339036736304752
ENSMUSG00000054469	-0.2361472046976686	0.402326048818332
ENSMUSG00000020476	-0.1599793921476699	0.4226968410310925
ENSMUSG00000039853	-0.1703531735448406	0.2262538782580224
ENSMUSG00000027429	-0.0649904930638451	0.4817506819735129
ENSMUSG00000032092	-0.0093194392954161	-0.146883670193561
ENSMUSG00000080918	-0.3837797813484667	-0.2794297589643112
ENSMUSG00000067529	-0.4030085901182635	-0.3681341152501149
ENSMUSG00000027861	-0.0840734207710368	-0.0712781395616145
ENSMUSG00000075271	0.0098713034816619	0.2094206390683624
ENSMUSG00000055567	-0.4408580710941131	-0.14023264175295
ENSMUSG00000105297	-0.2821074146582691	-0.0931071996055638
ENSMUSG00000020878	-0.0671809664334511	0.2921519168239311
ENSMUSG00000031586	-0.0031713910364119	0.361555594663356
ENSMUSG00000112488	-0.4307569837552606	-0.4203670611243319
ENSMUSG00000081804	-0.6012685597593385	-0.9034758118234636
ENSMUSG00000102098	-0.5939869470608397	-0.6719418526373733
ENSMUSG00000112259	-0.21182116064895	-0.5256960114694045
ENSMUSG00000024081	-0.0466382637057867	0.3601812630494211
ENSMUSG00000029166	-0.1732650531026077	0.2340155811177994
ENSMUSG00000035775	-0.3304819212370573	-0.4116527605055323
ENSMUSG00000101282	-2.0	-2.0
ENSMUSG00000115154	-0.2325072224207895	0.1070070252843771
ENSMUSG00000109688	-0.2823233403763076	-0.2781898792406554
ENSMUSG00000037938	-0.0936910381999547	0.3167861363224022
ENSMUSG00000056258	-0.2830625921340137	0.1614862939307007
ENSMUSG00000015947	-0.4726147647476897	-2.0
ENSMUSG00000105509	-0.0917606146128115	0.29847623342564
ENSMUSG00000107538	-0.3051411418974997	-0.3962337861895702
ENSMUSG00000027886	-0.2629675826511982	-0.0839229193216829
ENSMUSG00000017734	-0.0968100282139059	0.0883401768722225
ENSMUSG00000025189	-0.1978606024952382	0.4158617401738491
ENSMUSG00000041577	-0.0064866174376904	-0.6914861254644376
ENSMUSG00000047828	-0.2946832617240051	-0.4950514724610877
ENSMUSG00000074448	-0.4736780947368769	-0.3987300570670546
ENSMUSG00000024403	-2.0	-2.0
ENSMUSG00000101933	-2.0	-2.0
ENSMUSG00000095065	-0.8511614467168774	-0.7153243254712948
ENSMUSG00000108732	-0.2407421717292187	0.5000744763826335
ENSMUSG00000037395	-0.1090448536964067	0.381519030439923
ENSMUSG00000001313	-0.3669686847976161	0.1671518577098231
ENSMUSG00000041132	-0.0649340039733805	0.3036322934049971
ENSMUSG00000048905	-0.1121695426452347	-0.2305536945303966
ENSMUSG00000090688	-0.3830080511240873	-0.3137375814498518
ENSMUSG00000101078	-0.6586003390934962	-0.8845444642577438
ENSMUSG00000118454	-0.2286972921286424	0.1473522598653792
ENSMUSG00000040627	-0.2473771261928853	-0.421507214351503
ENSMUSG00000038683	-0.1099903304127437	0.4264881634408309
ENSMUSG00000094822	-0.6236020164416761	-0.9446423898595678
ENSMUSG00000089983	-0.1694319880576821	0.0591026775572105
ENSMUSG00000026546	-0.0413321660960972	0.3322651115263592
ENSMUSG00000120096	-0.1297887019592193	0.0756484795473545
ENSMUSG00000040918	-0.0738152453045829	0.5028445521775403
ENSMUSG00000096911	-2.0	-2.0
ENSMUSG00000086978	-0.343992597075298	-0.1744449762764552
ENSMUSG00000114596	-0.3581823576666531	-0.2365428048588388
ENSMUSG00000036091	-0.1975923305844352	0.2336305801644631
ENSMUSG00000074748	0.0978420157674047	0.3613693007030355
ENSMUSG00000003809	0.004073626278047	0.1843381745491843
ENSMUSG00000117296	-0.2887838134542557	-0.136409149849953
ENSMUSG00000021288	-0.0182219711437423	0.414570938090533
ENSMUSG00000113975	-0.4828070061565749	-0.5873763161728435
ENSMUSG00000086363	-0.3632566170688279	-0.3752467285489648
ENSMUSG00000090466	-0.5713174977779593	-0.8661186449710044
ENSMUSG00000021337	-0.3666301303567145	-0.324566500407793
ENSMUSG00000111098	-0.2681901957003847	-0.2545173662527731
ENSMUSG00000114141	-0.5629816977127171	-0.4041874095975594
ENSMUSG00000024837	-0.1358607202096909	0.3408147925327298
ENSMUSG00000087004	-0.0145919400341132	-0.0208280859168634
ENSMUSG00000022755	-0.4185664795168405	-0.297901187835666
ENSMUSG00000015702	-0.0355017384517119	-0.1135239395641053
ENSMUSG00000048600	-0.2917809109549848	-0.5633082497406395
ENSMUSG00000021130	-0.2627545452068515	-0.0939272305425258
ENSMUSG00000032392	-0.0025553349219508	0.1056389212281471
ENSMUSG00000100608	-2.0	-2.0
ENSMUSG00000113052	-0.1898539461383539	-0.1668292926990801
ENSMUSG00000029629	-0.211814087677005	0.5393712183303971
ENSMUSG00000093789	-0.1649924099050241	0.0545385210837901
ENSMUSG00000000216	-0.3724825765015526	-0.1280434903544492
ENSMUSG00000030533	-0.0425533406225433	-0.2626646839748281
ENSMUSG00000037572	-0.1238907466027985	0.4507745638475535
ENSMUSG00000030588	-0.1349043202849447	0.4755215560898523
ENSMUSG00000068950	-0.4116059234122528	-0.5185515809432066
ENSMUSG00000120166	-0.0425306365042185	0.4742929146598024
ENSMUSG00000028468	-0.0019026365273022	0.4470370324537756
ENSMUSG00000052430	-0.4711282733729935	-0.2662862237003566
ENSMUSG00000002778	-0.0671596750479963	0.2691635001511733
ENSMUSG00000026728	-0.0841432087482666	0.3665327778149907
ENSMUSG00000113649	-0.360423274510081	-0.3104673903256822
ENSMUSG00000032300	-0.0824343130598578	0.4010439972478005
ENSMUSG00000120345	-0.0615720467402848	0.2786498150290779
ENSMUSG00000024050	-0.0158204414527339	0.3311372651064346
ENSMUSG00000049229	-0.5013887152580473	-0.8416055401819633
ENSMUSG00000056288	-0.1807529337960114	-0.1903775360288178
ENSMUSG00000108941	-0.3988005465976512	-0.2676610934255518
ENSMUSG00000111419	-0.6011684492676505	-0.4843375290573055
ENSMUSG00000116646	-0.3988486339837594	0.4715302140800083
ENSMUSG00000121625	-0.0615460243797027	0.2990494465975396
ENSMUSG00000020226	-0.2097821321893069	-0.2256982640878545
ENSMUSG00000037072	-0.0513617290508605	0.474290583282602
ENSMUSG00000025198	-0.0775261632297995	0.4221941003806314
ENSMUSG00000087198	-0.1458702628733074	0.0546564052462557
ENSMUSG00000108889	-0.5132063676207165	-0.4659746812620604
ENSMUSG00000003038	0.0526485482782571	0.2113122722615185
ENSMUSG00000050671	-0.167630978191429	0.2946729628479949
ENSMUSG00000121466	-0.7840979754605055	-0.902143908814908
ENSMUSG00000026019	-0.0255148354982798	0.4454936698244254
ENSMUSG00000092401	-0.6332023476122121	-0.8772155519101054
ENSMUSG00000121723	-0.6937626282020564	-0.4889943458589675
ENSMUSG00000051297	-0.1677333378857048	-0.0540415588910841
ENSMUSG00000057541	-0.0383711587729513	0.2603390408811428
ENSMUSG00000085282	-0.4761760432423585	0.3854658826433389
ENSMUSG00000116557	-0.1885093144222175	-0.1658048319175972
ENSMUSG00000104062	-2.0	-2.0
