	H2AK119ub1 mean gb	H2AK119ub1 mean promoter	H3K27me3 mean gb	H3K27me3 mean promoter	RING1B mean gb	RING1B mean promoter	SUZ12 mean gb	SUZ12 mean promoter
ENSMUSG00000024037	-0.05523127909163006	0.03530204991841429	0.2923867428234753	0.4461328540677642	0.07240380397686942	0.29672844186557046	0.04590492756423085	-0.07631465601563396
ENSMUSG00000118293	0.011577473819956849	0.07858127046457807	0.1821642079315477	0.5270572746789681	-0.0006153311699654829	-0.4780106188259674	0.026570562516470997	-0.20893487036125397
ENSMUSG00000042377	-0.01820837126626095	-0.2781048598078396	0.041803478484281974	-0.4122867287516243	0.01663349936971209	0.9440776149486177	-0.018359156683285787	0.2094278280316154
ENSMUSG00000109093	0.008013948459430487	0.08376671129233038	-0.1853052150229328	-0.07517132462376808	-0.04549747169365923	-0.5463634381562302	0.025817046770936488	-0.06591838450936213
ENSMUSG00000117569	-0.030706175123811685	0.08980013533801841	-0.11153728339259107	0.22531306120833783	0.10334499078866058	0.4717248304159528	0.07816209705327272	0.10945586726421394
ENSMUSG00000099531	-0.19479632434857452	-0.18253601338813127	0.21400521046957866	0.43366296156884504	-0.39614554052698275	-1.109354751991101	-0.11285466405852296	-0.34007128241097273
ENSMUSG00000071773	0.014360801158010847	0.06653105096456434	-0.0616645761564423	0.07044237782353624	0.0036681033417478304	-0.8788241067875009	0.03590996793134982	-0.16969689621018136
ENSMUSG00000041037	0.15946156259557986	0.02167171663972478	-0.14546654042062698	-0.0811282737728528	0.11740641115166042	0.7255902078643711	-0.12021809079903195	0.22486991624141042
ENSMUSG00000096576	0.007809045000061521	0.0639099515689765	-0.19171638447142703	-0.09776924329361449	0.02985363651633402	-0.3137967074138988	0.03854332195486546	-0.13897275587421526
ENSMUSG00000030527	0.01135699916754479	-0.21738355969361603	-0.07312878251322633	-0.4947494932355724	0.06792758663727187	0.9595330570064007	-0.05114525096943506	0.09212467239293577
ENSMUSG00000092040	-0.25796495540917574	-0.25503018475143424	0.4027226481671715	0.4320685697452226	-0.41329221933586513	-0.9701221118322885	-0.1044113388173864	-0.5780628332879819
ENSMUSG00000035152	-0.003426102465142744	0.04720747331548333	0.13260078699160727	0.2678362502129306	0.01613907229506848	0.8121431050273564	0.05328441383023399	0.06440933655459954
ENSMUSG00000114470	-0.017934588857645165	-0.28150960916354456	-0.16246842825568628	-0.639505898819164	0.1245817907971851	0.8605198836842063	-0.019235960369409735	0.21786481915978262
ENSMUSG00000109244	0.024728024212910545	0.06722043830881316	-0.2011739322583414	0.15698985034838073	-0.05782948861051853	-0.578896489381547	-0.0006358927260901037	-0.2549925984364329
ENSMUSG00000002768	-0.049860772981533616	0.0024974331340273936	0.29455139399040925	0.5974251271723028	0.24447287999561287	-0.2473972115882385	-0.014937903845308725	-0.04299351836022146
ENSMUSG00000026984	0.030166015422623167	0.07274639203700049	-0.20154803030044827	0.04014912753068136	-0.04966571090709704	-0.6050569274057512	0.026253671433675407	-0.15112305733037712
ENSMUSG00000108725	-0.011390491043566204	0.07994512218883297	-0.18206860170499364	-0.034715205889006055	0.013877929597160832	-0.6160133722900021	0.04414161805479143	-0.0729418106997562
ENSMUSG00000012123	-0.08270562915289724	-0.04383541675621522	-0.03483791358263821	-0.03883255863312328	0.10188986969227933	0.564106814481208	0.010963275294950003	0.16247159689507476
ENSMUSG00000064325	-0.029458319688048525	-0.17203363431311186	-0.08577191890625113	-0.44746795902830394	0.013842431516706055	0.9630368217419338	0.058461147359915595	0.2157916286477477
ENSMUSG00000113759	-0.0014001171515142241	0.06985287985639572	-0.10540417380009318	-0.02884096641367036	-0.08409168208193239	-0.7270773339228613	0.024176411823630145	-0.09051147148443274
ENSMUSG00000058119	0.005137005860730665	0.06968791112575808	-0.17306866787500136	-0.07188248884507692	-0.07689393145000499	-0.6005353450511721	0.0046185044546915854	-0.11276209508855602
ENSMUSG00000096732	0.016299143846036316	0.039571508061212644	-0.0019133627868003211	0.13433943644229063	-0.057692260857117275	-0.752886689897746	0.01981045213406526	-0.2557722494866894
ENSMUSG00000045215	-0.05306990467340421	-0.04429975317215373	-0.07673393923876408	-0.3682930446538321	-0.15295466823717907	0.9968460054612623	0.07826965537303206	0.12387872395499416
ENSMUSG00000030806	-0.09051798094158449	-0.036684676969724175	-0.050482568824824034	-0.21861502122670767	0.052470689589992285	-0.014072031880890644	0.03609549891277619	0.2595965389967531
ENSMUSG00000059456	-0.052501672196694174	-0.1532517086845646	-0.058053147069108996	-0.3725005663201601	-0.03494395868134744	0.3476864913309465	0.048152594284089675	0.3188982549639337
ENSMUSG00000115644	-0.05220617386199388	0.016075524894418214	-0.1308853307902326	-0.06296697175163403	-0.034013410945218134	-0.7270404321157256	0.033953547869648326	-0.1743426911272134
ENSMUSG00000045928	-0.018267431700228043	0.06719423887429943	-0.09984151367580886	0.04169061034261893	-0.051321192893300005	-0.740078170238089	0.030287621822577396	-0.15184513385306306
ENSMUSG00000097557	0.010576517028719321	0.043072565450851086	0.002552011331653503	0.10068908961610973	-0.03440514982525735	0.8569784612918288	0.05357003121132328	0.24876308741264588
ENSMUSG00000040865	-0.03021589994773912	0.1382484598391639	-0.01775982974772128	0.5751999850057201	0.07355855936274379	0.6081442036300357	0.05712571773958797	0.12094176773373898
ENSMUSG00000096750	-0.09331021260078831	-0.13848535627957206	0.33273622216095566	0.49059561787175443	-0.33474424773248745	-0.9864386850414826	-0.14532612604439527	-0.33108341062946517
ENSMUSG00000074628	-0.06778730441989676	0.0009900202060620922	-0.09333631602046048	-0.08355109462476151	0.0032224471542188853	-0.2629537015809448	0.04884774697659952	0.07356593429629535
ENSMUSG00000052298	0.05289252437849019	-0.01190766882560168	0.190920155175304	0.044489458833522046	0.03294529327518042	0.7914590287207897	0.07844262630577123	0.2255281608948969
ENSMUSG00000031493	0.2035398013870296	0.05338094017399408	-0.2614873275448538	-0.0664922901821785	0.11007633383512624	0.5238481170747707	-0.17550725738639894	0.27864918073146006
ENSMUSG00000005705	-0.07171462008429544	0.07847183491678575	-0.03846028901541354	0.31897222197803005	0.12641664052413973	0.8361018208223016	0.023618482733107345	0.17609176599746662
ENSMUSG00000043252	0.02296317223177544	-0.02049213859120247	0.2566894451181031	0.11772517847766788	0.037765110133726715	0.7911083097111735	0.058125216506038274	0.15911023977617297
ENSMUSG00000028175	0.11021187732986497	0.05260655324150139	0.3964642167048019	-0.14374092312207412	0.028269001613223432	0.38791450871126376	0.06244122696883488	0.22080020841353626
ENSMUSG00000015605	0.19141427787998064	-0.138656243311634	-0.09471084526892515	-0.3138788559730013	0.2600863093578817	1.0047463993575063	-0.30233720127876823	0.25985195381562515
ENSMUSG00000112452	-0.0384251594978538	0.0571248272765872	-0.08508035072716036	0.1747785541235355	-0.14325697760207104	-0.7507741685088709	0.018766735691891467	-0.19662021248781794
ENSMUSG00000096220	0.009189956677562172	0.06307423778411998	-0.19267658847405736	-0.10087026825418484	0.00964297143392401	-0.4509916906627093	0.024427029497494625	-0.20050335415209153
ENSMUSG00000046822	-0.11862448212209298	0.11350487853266619	-0.061972324889711716	0.11199907837354958	0.041161200662165845	0.47841353506345385	0.07209671368993024	0.17490756460769316
ENSMUSG00000104436	-0.027685941379185907	0.04672478269009783	0.1356716855256696	0.2813749039735358	0.03993957618510862	-0.31193407145132424	0.04005933161548762	-0.015308184953504195
ENSMUSG00000026604	0.025053977643640302	-0.1597134521911454	-0.03866327906955262	-0.31727596798022106	0.08068707784940192	1.0047497178532554	-0.00411894436163418	0.16527785170168097
ENSMUSG00000023066	0.08741821203072218	0.059530275880113406	0.2061280861866955	-0.10196202337676703	-0.005348376603429017	0.39593916016763886	0.046563796607130496	0.26501803266696844
ENSMUSG00000070796	-0.004526944863692983	0.07221542299726544	-0.17033798297424907	-0.039764563701453225	-0.03629122286103283	-0.6372411208087377	0.02079571738580446	-0.13169064446059556
ENSMUSG00000103542	0.0260536201036555	0.06990575240632668	-0.17721819623310872	0.0121440488456209	-0.08901844065390854	-0.6111866221636574	0.008078587264324089	-0.1575214541170219
ENSMUSG00000032297	0.01741036468631022	-0.15893549312578178	-0.1461440401480067	-0.5304237076766684	0.08532197705876333	0.9370431425231489	-0.012125830151554384	0.21157793854136012
ENSMUSG00000089828	0.02321216376545343	0.03220691760621173	-0.1702299078825679	-0.035727530740539436	-0.07621739363167096	-0.6958625098541827	0.024244500867037284	-0.1692828374425559
ENSMUSG00000095899	-0.1393598876959883	-0.14595131262994257	0.1399414338970013	0.2526717517482797	-0.29295455053289043	-0.9650497271933811	-0.07550103773613484	-0.33095963103847176
ENSMUSG00000025241	0.056159444292414235	0.11560006123208992	0.1850241131970373	0.38602059939136535	-0.03412913258126449	0.5108540420690008	0.02126798235930746	0.02768775982165634
ENSMUSG00000020015	-0.04527816859925338	0.0200279200652463	0.05630854120829001	0.03687485886558057	0.02770723890460533	0.8902994591821756	0.06034896358564349	0.22797615739176785
ENSMUSG00000074577	-0.08450298266239158	0.060024587329942695	-0.044437113498362296	0.1290878596828018	0.021188089183300896	-0.45462780699081456	0.03510317213223997	-0.033573961670744744
ENSMUSG00000024339	0.0572980488158597	-0.13873092735961814	-0.24704257176623046	-0.5551839398450624	0.11933815459591392	0.28163947122724753	-0.10370257316773548	0.33202328338062803
ENSMUSG00000079025	0.009352502862209455	0.07021233978509761	-0.15565737739202	-0.03894638966116036	-0.037427516969415035	-0.7165282638372737	0.03251315680167126	-0.08676187570322372
ENSMUSG00000104210	-0.05593440665452263	0.05919052683662569	-0.14562312918623438	-0.09848831605280772	0.009774835583908348	-0.5102778147948184	0.038498866472494946	-0.04465757259195369
ENSMUSG00000021797	-0.03837899857507795	0.02462782358446793	-0.00029291103180545397	-0.045778797331811845	0.0219200739436682	-0.3380382707010653	0.0361264313588318	-0.08977342157676073
ENSMUSG00000117994	-0.06138373503126035	0.06976860389617721	-0.0649282252899131	0.09835011300822978	0.02656107117924522	-0.6651626750525376	0.02799018067822905	-0.10937074383422446
ENSMUSG00000117375	-0.08392154851972955	0.08978053333790888	-0.1098118487777318	0.1944233623814631	0.06320474099959528	0.42664233702559873	0.08546472254756153	0.17473043285893156
ENSMUSG00000028943	0.4183623216100631	-0.18370153336233644	-0.33886284663768074	-0.7739290534283837	0.21991410891979696	0.7541412649832077	-0.45492372141366105	0.34103443107626696
ENSMUSG00000070533	-0.05947872084512003	0.05887652176085566	-0.1260522755799743	-0.015587728537310034	0.006756139578280029	-0.564858505593766	0.03453250087593414	-0.0641014850721777
ENSMUSG00000115338	0.03127874381364224	0.036208634172706575	0.07100557935060764	0.4729004711049287	-0.11322380998537351	0.9096626056409163	0.031439682175085186	0.06444603197528033
ENSMUSG00000078926	-0.0015797095232474856	-0.3638883990455807	-0.1758257780586034	-0.7024208774171321	0.06973117220503099	0.9750819553781297	-0.03971585738397241	0.09073937765839254
ENSMUSG00000073602	0.017030089729785258	0.06977378730317343	-0.21894638571080946	-0.020731089647695634	0.026090087687630062	-0.5050957794583484	0.033506509504813944	-0.17572206011049327
ENSMUSG00000053411	-0.06399199284331925	0.08568050839646162	0.4499763126888819	0.09095296671222099	0.09042493115935243	0.22999831638614976	0.04550012029259142	-0.12352108955385334
ENSMUSG00000103412	0.01674739075671261	0.05129051438695007	-0.08138565480302397	0.03206114601957412	-0.07813548426277749	-0.8190892461210224	0.02744044530152971	-0.15004546734930202
ENSMUSG00000097222	0.07644030512311892	-0.40968045458139	-0.2004417421114227	-0.6348852642781085	0.31933953996584236	0.8581717827304889	-0.32479849899500995	0.1343590174922435
ENSMUSG00000021178	-0.024137050548094452	0.03725093854571042	0.5652075510242999	0.10473991760187731	0.08783049683006994	0.4719697843462075	0.049377529671621456	0.030071557565041897
ENSMUSG00000021619	0.04835767355449063	0.1055818269734928	-0.017582079046749133	0.7679639410684598	0.013033538302077836	0.5810670208837254	0.04219071596626323	0.05479047644172368
ENSMUSG00000041438	-0.01449376912535949	0.048050211230729736	0.32263148998174285	0.4810045880077822	0.07267749148231563	0.656742587931479	0.049885555244427976	0.06039881391307153
ENSMUSG00000106086	0.5630717661032364	-0.22572781567926345	-0.31017291609425823	-0.7743245758787296	0.24745325337599872	0.7442379862582926	-0.6419326676459074	0.24814652768910067
ENSMUSG00000117841	-0.06675208255594321	0.1373501149928058	-0.03232887816889507	0.6608908468844354	0.17325352959736015	-0.07376635604914089	0.03966538594897434	-0.08541889503440206
ENSMUSG00000066031	0.007326723905439314	0.07226163817830726	-0.17293745352768988	-0.04973004172050016	-0.014207737762774978	-0.6282584415235897	0.027111785612051274	-0.11602474722424082
ENSMUSG00000024815	-0.038965966892587744	0.08326885965887135	-0.06680304536763529	0.07948898749383808	-0.0655706198952139	-0.46130229701447306	0.03943505129078306	-0.21380257495965743
ENSMUSG00000074476	-0.09137658055525576	-0.015615581252878652	0.1796152860938458	0.170269220308694	0.12676825417692583	0.8587460149784476	0.04826819168444497	0.08136520865738087
ENSMUSG00000071347	-0.056413400810305124	0.05653492549779006	0.05783935534891485	0.02814637354751355	0.008003763439725642	-0.41023522869422835	0.035623761235166744	-0.07325766693888472
ENSMUSG00000086698	0.006467117833813152	-0.023311313867368573	-0.12885083843264344	0.03675960378129904	-0.09652542724279672	-0.8448616556283551	0.016240814230258582	-0.17389269564784904
ENSMUSG00000033295	-0.1233281336478681	-0.01152563748049884	0.11782280429583936	0.03545529091572835	0.053258817790560777	0.7717762806948	0.029189885772473067	0.21022633998213702
ENSMUSG00000036898	0.06079584170770916	0.06529587752062317	0.45207961807573066	0.2423856177111363	0.046134855108650626	0.4756777972900168	0.03666058106811665	0.06942911805957218
ENSMUSG00000032537	4.000300667131307e-05	-0.21600180992016496	-0.11770184724907062	-0.5042642970898567	-0.03655999433935808	0.9600642652479251	0.03859699551960983	0.0763792617868279
ENSMUSG00000071748	0.12706592586005774	0.07108932461775122	0.10954119902551705	0.01724354142400624	0.027037991042555148	0.002580720150079152	0.04998207419874105	0.3280126850575955
ENSMUSG00000105958	0.002528780631063348	0.00213247247816295	0.0965351546861661	0.1321405055341497	-0.1091267721772595	-0.6016056449822804	-0.025212379648904475	-0.24221148029051617
ENSMUSG00000019737	-0.10311686977183315	-0.004194835546017017	0.08380676359358	0.3487908339618935	0.033548426894707016	0.008927246814147555	0.020368803018009304	0.07395500640755859
ENSMUSG00000036109	-0.011086695916173311	-0.009800319063177576	0.18292484702260756	-0.30782218699589364	-0.41340005596159296	0.8023601866618698	0.08912460511913155	0.20048739828907253
ENSMUSG00000028134	0.08876679953730283	0.030408865416061692	0.2680690428432723	-0.27439960557244386	0.05957895826853091	0.11965799156893256	0.06572148741708411	0.23820509825101688
ENSMUSG00000091185	-0.00819967541465262	0.0824302924976429	-0.2007028448022537	-0.047176074721510294	0.008182256922116826	-0.5477990764328982	0.031057078794246552	-0.06380412876335517
ENSMUSG00000098715	-0.032133286942374106	0.055134369865081294	-0.16836308441232528	0.09049679605320504	0.0731883385298526	-0.34975806173621254	0.052942705058673344	-0.1069031749696359
ENSMUSG00000101291	-0.3555518021960093	-0.21453858742936163	0.24177523924551725	0.417626392428424	-0.5297480871088222	-1.0969587052290435	-0.11252934160264295	-0.36373955320682555
ENSMUSG00000040866	0.0047346526587158655	-0.01813498024033398	-0.08379000062823701	0.2915516536169588	0.06368683257525357	0.502594943168898	0.07164985914699744	0.11806314485399041
ENSMUSG00000116124	-0.06762310485544948	0.05138588017851172	0.01753431322616461	-0.028939371819127372	0.05489718784957845	-0.43804246938357555	0.0332245132585239	-0.09301403031028727
ENSMUSG00000084940	-0.0791391565918331	0.054907267642936505	-0.037720159194012705	-0.05959631880607728	-0.021351949612285044	-0.3785653794620819	0.024807583009289758	-0.08862369696812328
ENSMUSG00000085168	-0.024320570096930172	0.08244123798748582	0.037955438751613516	0.37749021397391397	-0.03822296358203208	-0.5095544804235015	0.03055288219063474	-0.29366085554179416
ENSMUSG00000103524	-0.386688608389628	-0.22955245993033696	0.4351048267807696	0.2391910438158273	-0.5308478643335015	-0.935709666921976	-0.06319136254827074	-0.5416582636516035
ENSMUSG00000035615	0.0056426717616429485	-0.24412103102169372	-0.08653717357161819	-0.5287106877621522	0.03606455660492857	0.9810075876352685	0.0014528482517963681	0.15263399841711084
ENSMUSG00000047675	-0.10332026923528326	0.040302008505045415	0.35563031601957323	0.3325846611275082	0.30547866044013594	0.6960286218370138	0.032513300435938614	0.06881890503277847
ENSMUSG00000025808	0.023045657278942335	0.06555736005703565	-0.20242326808243113	-0.009271607131181359	-0.02282448457838999	-0.4341688451466778	0.018342640798646385	-0.2596385063421935
ENSMUSG00000052921	0.1796369215236788	-0.066773853325726	-0.21126345432656274	-0.28673930801200614	0.10202188638389574	0.4515409128602083	-0.13807526187116012	0.29875071835607225
ENSMUSG00000106065	0.004671570714195994	0.04826096998434657	-0.23438008099679059	-0.0500420929747795	-0.014614140743162614	-0.5895830500764317	0.022906675242644257	-0.11035407955490845
ENSMUSG00000050697	0.0023581865328210494	0.0025021182930157794	0.24213757970520058	-0.08249618120876713	-0.0063822655926402	0.584820778565823	0.07029206007605186	0.23420996035346134
ENSMUSG00000085498	-0.0065024225571076455	0.0825722276857769	-0.12909207534346878	0.2632609967095817	0.026341942885956718	0.5564014509023972	0.10579432967851445	0.08954584695923853
ENSMUSG00000115414	0.0038022782485942486	0.07762322284306285	-0.23093685218992677	-0.05601873910905594	0.01732210746654211	-0.45921716712084626	0.03249455331924708	-0.1288633885229648
ENSMUSG00000021326	-0.07639380902269366	-0.054609511509878805	0.3562933966890867	-0.07511402081975749	0.12124623216423185	0.8059167016900458	0.0475037002887949	0.11382436070644084
ENSMUSG00000103869	-0.03957072317640009	0.0768624676352614	-0.1720624926450828	-0.028855607121723824	-0.009117703528242593	-0.517909145681978	0.07107636174801162	-0.02967720193798485
ENSMUSG00000116555	0.03685513432855302	0.07046582095373938	-0.16203294274117327	-0.17783450431937065	-0.052925370933968326	-0.3306520899128667	0.009361905942712578	-0.03156289035974955
ENSMUSG00000046219	0.21531295085516367	-0.18136117819127007	-0.24892412918698864	-0.8450491029652492	0.20958618070094473	0.9638879181336601	-0.27111712758932005	0.21709825189954995
ENSMUSG00000022550	-0.10588815150320753	0.0266276370530128	0.18535577007181292	0.006244486021747209	0.03173533217200185	0.40807163377546535	0.034132283101998506	0.10452868878497328
ENSMUSG00000015749	-0.09101650515555051	0.005424188950947428	0.08235140245048776	0.18434795440643412	0.13777002476441594	0.910500819249522	0.031357375328939126	0.17092900736941904
ENSMUSG00000048626	-0.06753589833949387	0.07261706380603256	-0.14527021700077836	0.222334750533427	-0.0440026301264944	-0.7095407159778067	0.04284676022942091	-0.11325659458858037
ENSMUSG00000020212	-0.05250817922915516	-0.08709864059906278	0.1459405571552335	-0.17125219619366905	-0.01232545594475909	0.7277148194110654	0.05400997069975052	0.26712140085045927
ENSMUSG00000100856	-0.30035740130884325	-0.17205856861566712	0.18641034488641567	0.40074038869637624	-0.45657771028300587	-0.9980035044791536	-0.07077177695833159	-0.4430774832490179
ENSMUSG00000116951	-0.04695310955537646	0.08900526913422993	0.20619488872645592	0.2940094400572516	0.023863376584926474	-0.4252064809712836	0.030225497334048477	-0.03153539149061288
ENSMUSG00000055447	-0.035803877973722704	0.050451777198402	-0.14424817650595095	-0.12171410094999828	0.02415365220908053	-0.565592351463704	0.03720597446745208	-0.01190652855798402
ENSMUSG00000039209	0.040307428492894856	0.06265400478199992	0.2636818453828951	0.07174109503204786	0.044877245477694255	-0.2788715750229666	0.049832468717253636	-0.1692787510030045
ENSMUSG00000018752	-0.11405270058400238	0.01895404590691596	0.2403671329016944	0.49959181592538277	0.0852914173659818	0.30054148314290924	0.035728644387011045	0.06637412978814333
ENSMUSG00000030619	0.0958393313946051	0.06593476550323298	0.42118099369167117	0.38782499927331143	0.08375938839849398	0.6621390075246699	0.0349399216045958	0.07384421126187626
ENSMUSG00000058587	0.02888688935599685	-0.026070855094383116	0.16776458489444793	-0.12329768259918858	0.049759155648931075	0.6420679120046959	0.07249837219740929	0.29413805095273804
ENSMUSG00000086449	-0.03801717135739211	0.06132810947806465	-0.14519812665137072	0.05138607656042989	-0.022393719342015905	-0.6276897731360397	0.033848592628268004	-0.06210976491322972
ENSMUSG00000063019	0.00466034451286057	0.04793044584592321	0.21747698230058266	0.1905935666274465	0.08616134890111063	0.6306417551299306	0.057181857146284536	0.1496095053297362
ENSMUSG00000110165	-0.03143079666992321	0.05949552318463617	-0.14041654800681783	0.3880717251742834	0.09064130709814996	0.48681620805971776	0.0910927311979227	0.09290393492689593
ENSMUSG00000069678	0.10354541504069711	-0.1178944434307237	-0.04586031064912455	-0.09146501732868138	0.17259295758581603	0.8548504381859703	-0.17059297891492572	0.23423448611524106
ENSMUSG00000024127	0.0017661495664698101	0.07649851351880513	0.14963809115907248	0.22699544702920632	0.0193247087000459	0.5970999476028814	0.0529569391926971	0.17407689441593202
ENSMUSG00000090385	0.030039784524899193	0.06779585484085136	-0.10352691206467857	-0.049713119480663794	-0.048394385747285065	-0.5263100121283697	0.037521457321837266	-0.22231558959542697
ENSMUSG00000086491	-0.008376993438849456	0.06834371801449868	-0.17254847007850327	0.02500729427058501	0.09820615157179219	-0.7863733373575857	0.033049069593460226	-0.09218339453130915
ENSMUSG00000031938	0.05403160404143039	0.03213481163737318	0.049881045169534434	0.7354260285284704	0.01966223451471955	0.5959200038488882	0.03668414713134361	0.0005689647508506646
ENSMUSG00000111436	0.018404292468468388	0.09920732417212287	-0.2672373626317003	-0.11519875888208332	0.013984865383939615	-0.19172958660364214	0.039598392904502774	-0.07370326738598844
ENSMUSG00000064061	0.1191650445118109	0.08083081221255775	0.24648947504852572	0.4766129490607823	0.009138979851621931	0.3345624459482218	0.024982651963193887	-0.043331921226301515
ENSMUSG00000112690	0.13737467256191865	0.0814408921270804	0.6763279531011651	0.4150796263620791	-0.09318269081734466	0.04937274596051226	-0.017233007221744367	-0.03383059813281887
ENSMUSG00000111151	0.04319754041997429	0.05222797365572129	0.20055203635366597	0.1584440570678216	-0.020719599705357528	-0.6001849016588691	0.03235735766715619	-0.21303750604395744
ENSMUSG00000024360	0.10923392374558424	0.05104393012860342	0.4484325323301026	0.27910938839921823	0.07893161471408303	0.6069947611492114	0.05167518177209158	0.07161580747832032
ENSMUSG00000043747	-0.06367251197504467	0.01913326070547061	-0.16784434872385623	-0.12407669323891697	-0.014846761073517194	-0.32759330422448696	0.054948955588403604	0.06941575489747445
ENSMUSG00000079180	0.009306869000584861	0.04753543423249322	-0.16066179208265613	-0.04300421744727269	0.010541224049924554	-0.7114114303187343	0.03371150026140881	-0.1411831733889947
ENSMUSG00000104188	-0.017646236735172013	0.0664472242873952	-0.11217093508120884	0.010087662923159213	-0.06955237014259248	-0.7341016511210063	0.02863580575970644	-0.11081957481463758
ENSMUSG00000003123	0.0020314692575820257	0.008110206033947864	-0.07600763403319973	-0.0401536783002649	0.09462009914251394	-0.035864088739704106	-0.0010783336806101662	0.017601335835785673
ENSMUSG00000087581	-0.03687537198843486	0.07481766979415748	-0.14609889563128184	-0.02709041864572129	-0.025031636321352056	-0.5716248741195087	0.03230431891750263	-0.11130299097222864
ENSMUSG00000018648	-0.0005392743645405984	-0.11749917635155817	-0.10877931935884302	-0.37541183456483374	0.1395404209859593	0.8721395733034348	-0.09859924022322061	0.28082733006971694
ENSMUSG00000031303	0.02506603045589495	0.02918338770033503	0.1449035446836071	-0.11453174441418963	-0.3133884971074943	0.833486157492643	0.0545336043635387	0.20833315517340373
ENSMUSG00000041263	0.2512247720654828	-0.16783373782247302	-0.23671131561486797	-0.4751193739771009	0.14783148239761554	0.6233104842201139	-0.26950986281146305	0.2994418046308029
ENSMUSG00000032942	-0.07735173026085967	0.061993841021875815	-0.12018068841152872	0.15340720870805852	0.05718045846145722	-0.5227324262693817	0.03874280763932836	-0.0484065567786533
ENSMUSG00000030424	-0.00992650570966989	-0.0048729494644709215	0.05153480719528287	-0.02319679479581	-0.028070501249988482	0.6831712154676787	0.05724899752048648	0.23424097137397584
ENSMUSG00000118251	0.10063070422499311	0.08842496909693763	0.25680742603548135	0.33530187132026057	0.07133062635816123	0.5084596784763016	0.05508722868204474	0.17742655843563215
ENSMUSG00000042684	-0.034199583242002646	-0.010587322312963443	0.18021781353634514	-0.12763977721007608	0.06201095393362281	0.36215211017566135	0.05025948494795446	0.27473852565405416
ENSMUSG00000074818	0.18795668056491174	-0.2719664385552406	-0.2667006708796256	-0.6743942037947412	0.1486822545730389	0.5522038123046803	-0.2669287399105708	0.2999747805931375
ENSMUSG00000054074	0.37110943597418744	-0.21258489736073422	-0.21799049934507642	-0.49426312618645224	0.1881003922627581	0.9279306491592509	-0.48365504067108206	0.2877728278607579
ENSMUSG00000027667	-0.013406627186812958	0.014795447002390407	0.18182992976211787	0.017312581447767598	0.07854959502811162	0.8660804103687286	0.052303875642360456	0.1068261943914429
ENSMUSG00000109723	0.018492209255217957	0.05234113561290675	-0.17306415877107592	-0.042089316117865525	-0.010821504960814576	-0.615501269691183	0.033674695280539145	-0.19552013354508152
ENSMUSG00000025366	-0.021455434647849936	-0.11651783181461078	-0.026893677453592002	-0.1794421011452333	0.17951700808884855	1.0117786563561548	-0.0718299674440912	0.2378711145895695
ENSMUSG00000112924	-0.06769573816847294	0.04473036713653928	-0.15460686786496713	-0.1241281687181397	0.01471062211811569	-0.3497991329621471	0.06496904658401703	0.10564197043168638
ENSMUSG00000100600	-0.00417923684862509	-0.4204871551182178	-0.1558246701650445	-0.6739098814122266	0.2871726143511687	0.932564438413114	-0.2624511540975128	0.16761187838404115
ENSMUSG00000021203	-0.06025515134870439	-0.08224956464887541	0.09284387397039394	-0.2741039623465173	-0.02019800148831319	0.6470857148575507	0.034274159674363494	0.2876373621354212
ENSMUSG00000034518	-0.05422538156843538	-0.02578585782966103	0.05597045443737713	-0.10380408327974001	0.10289592399315275	0.9392462998396308	0.05190509417384375	0.2393126162053193
ENSMUSG00000101050	-0.2775474989377458	-0.12728772463578958	0.17628288126192793	0.250125159968755	-0.4687541523844561	-0.947789655077356	-0.09969373736636072	-0.3090391380556074
ENSMUSG00000040694	-0.11310813265537328	-0.020149519377525182	0.0603093212298938	0.23980683907660513	0.07183697513719765	0.7359264852655178	0.018232322538826062	0.10650585608569094
ENSMUSG00000025572	-0.10871507599825804	-0.16253949261537978	0.14123811584978602	-0.10999059174971176	0.1610046618931176	0.7828752721939596	-0.051461742872518146	0.2063011481790307
ENSMUSG00000021216	0.010090754652294635	0.06758711825004021	-0.2041642098757932	-0.05809831505215867	-0.014083627369158247	0.2909597667377036	0.04703605523164907	0.18207811573356464
ENSMUSG00000085899	0.0005858019332842801	0.06669394492693172	-0.13185222938634183	-0.004479567311694257	-0.05171651488832788	-0.7689253137036837	0.031362477680263755	-0.0906847737422015
ENSMUSG00000111116	-0.04221635697249837	0.07278410536011908	-0.15765785250119657	0.002968903143460211	-0.012253737943697437	-0.6783205934974204	0.04170731327231607	-0.06233585053641529
ENSMUSG00000044581	0.0006489060285433945	0.0926764207509071	-0.22842615842099445	-0.15601653171882277	-0.01743143052285219	-0.37493114550003176	0.03506118406856663	-0.030774404440909845
ENSMUSG00000041361	-0.03479205960433977	-0.06042387528025862	-0.06850622587061496	-0.42010182277345176	0.012630601704533381	0.3393819247688429	0.04683310968821172	0.2815759497677312
ENSMUSG00000037790	-0.011479769004815265	0.06717020845971697	-0.19516651503165078	0.012006858563283929	-0.017284147619729545	-0.6506865224599991	-0.0012664182103987454	-0.12924328889261433
ENSMUSG00000035557	-0.06446771373586405	-0.009787354775610296	-0.06390577470909123	0.12734880973476115	0.04586953353287891	0.04156242969177065	0.03424250217562236	0.03926363209149703
ENSMUSG00000033732	0.08367768199776524	0.08386441651519881	0.6267389999431284	0.305838196077849	0.014766904795483485	0.41641192692400814	0.008808982274933949	0.0034876483763477406
ENSMUSG00000029462	-0.026140718439580067	-0.016668866854386177	0.1431529331210586	0.2100286501271472	0.09476481048013403	0.9269577170414692	0.06114492664347853	0.0932690754610527
ENSMUSG00000081940	-0.014890738152424835	-0.04838683290769953	0.10333535785022815	0.2100204858208889	-0.2275957067552489	-1.0218338522538009	-0.00915898267335602	-0.21511022594647955
ENSMUSG00000052681	0.00872410526319789	-0.05927247933011879	0.24603543540440992	-0.09075361120692099	0.06008114192540675	0.838753727713517	0.08420715255824134	0.2349505778737954
ENSMUSG00000106507	0.0014044933318999586	0.11144920291835911	-0.20954843701046882	-0.14645615438034643	0.053187922705492295	-0.26089007572637407	0.056434957598051644	-0.10621230883911931
ENSMUSG00000020936	-0.026189585223398204	0.10112305989106425	0.3855574068475682	0.18934565562697142	0.08279619274561105	0.5327716343755053	0.0510339539388129	0.015244760388370766
ENSMUSG00000085037	0.3312943430123177	-0.2104811747592829	-0.18801234403203843	-0.7295531658770752	0.23590452350290378	1.016855769622367	-0.39335420210899	0.17984906833362116
ENSMUSG00000031880	0.1874684063205329	-0.14653766133759782	-0.31683894045164956	-0.8863691694073854	0.1110504472724344	0.6642895427902377	-0.1788000143903669	0.26772272771632816
ENSMUSG00000102948	0.02260674167016681	0.042601982507418285	0.10610343013955219	-0.010547146859105738	-0.04602824025612901	-0.6456305570057757	0.022772863089801445	-0.21832178862929083
ENSMUSG00000030714	0.027916008046670257	0.0869527514347722	0.22300186276082695	0.43998085336593895	0.046468957798298294	0.6971859680682128	0.04568405556752694	-0.0007643793748970396
ENSMUSG00000027443	0.0033306761007649843	0.07359726419206127	-0.12747430561973955	-0.05079388300440443	-0.027924838492492995	-0.5510319322923736	0.032778588781792434	-0.13423811061627045
ENSMUSG00000041958	-0.07924916277515226	-0.07726372027999058	0.19438034441133628	-0.049665537632085616	0.0027378518834760834	0.576969628999488	0.03995629889847848	0.23757353105266787
ENSMUSG00000058246	0.042213236428197125	0.131246927348709	0.12343828450981185	0.5399169874535167	-0.048046683887016904	-0.1844101597828773	0.02372653198148933	-0.14317015645184822
ENSMUSG00000059602	-0.061650694792960016	-0.024462488360104145	-0.10318209498067105	-0.12501953565226842	-0.001964012695845313	0.1901397744511814	0.03895366017546447	0.2930934014473721
ENSMUSG00000096183	-0.00520272510735742	0.08473066804427862	-0.20765836567549364	-0.1444152614472735	0.03495929991858963	-0.4413745741320537	0.048350201348479824	-0.054294971464681846
ENSMUSG00000036748	-0.08513224896132038	0.09182304758042222	-0.06925978959444588	0.018426621572923074	0.06988033346867299	0.4956935428992704	0.05586634933452142	0.15737776884884214
ENSMUSG00000020829	-0.10459524955233543	-0.017422487488816807	0.06528378604494554	0.09003635121791978	0.030627851812867268	0.769783835637356	0.017000109155885637	0.0888389240867501
ENSMUSG00000098905	0.025708972262485124	0.08553346809320791	-0.11240573427813849	-0.07278214580142699	0.025201721192016913	-0.3433663891948786	0.043199801045872996	-0.07261668247765651
ENSMUSG00000019432	-0.0987542747947261	0.06596462250588926	0.43626867651193235	0.2666970370910723	0.2059727472628836	0.8014629083606224	0.04722136553138682	0.04426046994499248
ENSMUSG00000060913	0.012321175761131897	0.06833088828107516	-0.15142632712059223	0.029627917569932875	-0.06773843984193871	-0.7334527609441523	0.023852290106563947	-0.1383794791138792
ENSMUSG00000083207	-0.019246824958339043	-0.04533715257202661	0.849300562823694	0.6083054589948887	-0.21857920274764894	-0.7253010707339074	-0.055817303421397284	-0.2768564012259024
ENSMUSG00000060962	0.05531584787950066	0.046347286797204894	-0.22318295434446284	-0.2412645683644691	0.05556267907621832	-0.5265400144067819	0.03351088838824423	0.04275761637724632
ENSMUSG00000002147	0.029458026927437264	-0.20471213649645711	-0.057618704631277176	-0.32012097540791945	0.16354550292514103	0.9116837570860865	-0.13643716892543453	0.2633775005778952
ENSMUSG00000107996	0.004467890748319769	0.023751788328642623	-0.18189910116286825	-0.033061385898994614	-0.062489796944687266	-0.6949631416342409	0.025768094097117944	-0.1725048897008401
ENSMUSG00000092354	-0.09369354017184961	0.081455249839469	0.21308729660861656	0.3337833012858629	-0.001485683054708975	-0.027930761150848082	0.044775107029768384	-0.06775347323196139
ENSMUSG00000042724	-0.026105028574186572	-0.17322552475254585	0.014227001170160514	-0.3261085762054768	-0.04445416857518773	1.0108172528680126	0.03500891943460566	0.19027254280565972
ENSMUSG00000026991	0.009744181820216462	0.007166057763178912	0.129050513286273	0.11654141948758986	0.039804323355925965	0.8467959603633309	0.06666102981774182	0.21902418406587784
ENSMUSG00000106725	0.006301476317203889	0.07516010967989782	-0.2977437824152254	-0.003474297700014617	0.005740587299510723	-0.29190135540368883	0.049214865769993885	-0.15706953966282963
ENSMUSG00000037573	-0.11506407912370746	-0.014398227607967816	0.038249915376341925	0.39047331777875965	0.08869122778192697	0.8303854186926928	-0.0125591205598381	0.11768550336563986
ENSMUSG00000086454	-0.015282130268023053	0.09714000756564221	0.34145997144121026	0.4664943835055364	0.026267418777589396	-0.2865652230467996	0.039117744677748346	-0.15589110446507756
ENSMUSG00000033124	-0.10263543866723086	-0.0012441211994745904	0.01092677937037607	0.04602440899735558	0.14745086265375948	0.7533008931712735	-0.04246839444791737	0.1868372997757491
ENSMUSG00000069307	-0.015386235381521063	-0.016936077610876253	0.2287858381556476	0.2910850347265404	0.039481439070508315	0.641934949377929	0.05406053074440465	0.06803596120983837
ENSMUSG00000004934	-0.09577008884307509	0.048541867193802525	0.23257004002045184	0.31309084884392524	0.05233825115822502	0.5606254540579638	0.009094095293078253	0.009568098193709828
ENSMUSG00000104395	0.0279569436792797	0.05975332506490531	-0.16771765161935717	-0.033050295867116865	-0.027855629819944744	-0.38502966676048944	-0.0019009606596696038	-0.22951004616471127
ENSMUSG00000104585	-0.06769388436293874	0.06304887505997006	-0.12608673031550915	0.025309979112966247	0.006040427137669835	-0.4081338283849647	0.02814956923881446	-0.14971567740242964
ENSMUSG00000074127	-0.03539132574701335	0.07123346344241453	-0.1545003376791308	-0.04392662770177463	0.0024971261615868157	-0.7047605635277308	0.03598687518275415	-0.010044501724926384
ENSMUSG00000054827	0.0043014648655167464	0.05016056322284072	-0.13660761422509837	-0.0465803619168402	-0.035352203273008566	-0.6701253012994154	0.03276389330861907	-0.18942849334058248
ENSMUSG00000070464	0.011185729552053658	0.06873433723824103	-0.07630807216753102	-0.017955649698468974	0.020431808969031618	-0.7798884989152506	0.04213814455742359	-0.08779523198091276
ENSMUSG00000048058	-0.07931781923594307	-0.11174452325217998	0.10613913368908784	-0.16778453716863345	0.02579846877076497	0.7925996414813299	0.0501653298054544	0.2508986382771757
ENSMUSG00000056486	0.04295132484291118	0.03791655048742244	0.06325121231406641	-0.06284519980234093	0.020592063167009088	0.6882044652319753	0.06189354929891519	0.22204096191987086
ENSMUSG00000118540	0.01664405039617647	0.07065366973492826	-0.163835425172135	-0.14172435115265142	-0.05189914347950888	-0.46128705758720717	0.01258595553737063	-0.1392865322040146
ENSMUSG00000110958	-0.059337881455036066	0.057320322655358684	-0.16197978964910054	-0.07877435547728684	-0.11682496760442872	-0.5473425537553025	0.04121696065389436	0.008195703196314907
ENSMUSG00000016637	-0.118877208482843	0.06947058312507962	0.08632473761359084	0.30141030987579226	-0.03675479586863051	0.6028608868776641	0.04409306849407119	0.1333556493529366
ENSMUSG00000095551	0.027477923145140908	0.08153819124090339	-0.11068839326448435	-0.16954758224626898	-0.018685150633268366	-0.329770300489452	0.008102658503728155	-0.08505007239525451
ENSMUSG00000075176	0.002957370262556047	0.020594266799603363	-0.1777790834465264	0.014963936854392151	-0.0326958673935893	-0.631223376592549	0.023743092536410017	-0.2621532556843073
ENSMUSG00000019370	-0.11306935121308817	0.021891149119790468	0.19737015678707248	0.21841437557731366	0.020382222860099285	0.46900218563060636	0.005563041776771915	0.1350586326924426
ENSMUSG00000100830	-0.06982767501216684	0.06386742654981359	-0.06417136047269922	0.10836916308910458	-0.04414525523322778	-0.7074065247338412	0.026702887901168815	-0.08399865762865812
ENSMUSG00000100953	-0.22901633128627624	-0.12473724153325585	0.12989720704224017	0.1793373473589703	-0.4188678576998816	-0.8084701277460495	-0.0610732210852283	-0.34340757429814767
ENSMUSG00000101090	-0.32818745180742276	-0.23379177212326285	0.4603009686935925	0.36836239672718185	-0.34485796154944254	-0.9068871958838844	-0.2458879324225656	-0.42306810350633733
ENSMUSG00000111751	0.00021632828452355923	0.06044907889553148	-0.06197886002387955	0.07900795783073263	-0.10487592944628779	-0.803883269410994	0.024383640572105757	-0.15123689607677188
ENSMUSG00000087202	-0.05989011947571288	0.07148231847843436	-0.1560646473585929	0.1508149610251906	0.006467906659223588	-0.7412391638833448	0.038362965148410894	-0.10255114505486072
ENSMUSG00000063549	-0.030608576656474797	0.09338549067896426	-0.11890277424050007	-0.0643928300321018	-0.0021759526967162213	-0.5306151069872186	0.039205361127282366	-0.10805275257724714
ENSMUSG00000029007	-0.1012454699867235	0.009073604987209105	0.3121597407719174	0.3983993146049316	0.0941282234845952	0.5563091327430744	0.05197490030477918	0.08520561692547353
ENSMUSG00000078808	0.008590971687520543	0.05051028363571128	-0.18964150862449472	-0.10749303259337036	-0.060352986504919624	-0.567770285481983	0.015225734615991873	-0.15352422737826404
ENSMUSG00000030802	-0.0817802117496278	0.04552489662521581	0.3933110677183256	0.09187964510990736	0.07371117700763687	0.2518203559454856	0.04238584176638077	0.08421315252261989
ENSMUSG00000020561	0.04276536384881369	0.11722180585885014	0.2539665095926601	0.3202234335369666	0.04755672260815375	0.3576014038588669	0.04759558762837626	0.05510877326426374
ENSMUSG00000022322	0.08167787751479172	0.06768179032067048	0.34543237376638936	0.07760120310324801	-0.03770763774456657	-0.19839746078575637	-0.036189163367137206	-0.06213268952883242
ENSMUSG00000026198	-0.10766101570948547	-0.08581960143860784	0.06620173084459606	-0.061807914334155056	0.08949358668177783	0.8349398502436224	-0.022817980978461883	0.17836412768032872
ENSMUSG00000005836	0.2754271940864507	-0.34475251656403294	-0.2546675988505977	-0.71290347620964	0.30043188533066945	0.8359305731540313	-0.5478066183848527	0.21902296106548028
ENSMUSG00000042229	0.022819987878709883	0.07971457821521814	0.2539407609351785	0.5704732446016185	0.03363121954622055	0.46225671021297227	0.04417542970482951	-0.005192362636077474
ENSMUSG00000024885	-0.10593958000395151	-0.013496604058284957	0.06032622873283992	-0.03666908874163832	0.012151554418401099	-0.00403909772091679	0.03530067545111999	0.1916004042874268
ENSMUSG00000058981	0.007378646587407278	0.07147524170219337	-0.226352947177889	-0.1353259740046933	-0.018392561781744785	-0.5249863610372245	0.023947386622573008	-0.06833240985338038
ENSMUSG00000093469	0.004792184194023497	0.028936259421604323	-0.17067530152761992	-0.04047912703588537	-0.046928434835018525	-0.6797717516689986	0.023338142792836566	-0.17972066044300194
ENSMUSG00000019831	0.032579412935208156	0.03402449704484313	0.051382281037988566	0.2979076807340793	0.02269166934150957	0.8573357942596789	0.05630525641726472	0.20167094719285844
ENSMUSG00000114355	-0.053689080167355616	0.06515925373646735	-0.11055630092865742	0.11718066715454109	-0.07505308180284483	-0.5581926898127845	0.015843655101483667	-0.1770908046894284
ENSMUSG00000004031	-0.03092194303957918	-0.16213802241370878	-0.10023109129094035	-0.5438473466269473	-0.047163119354271255	0.985207808441731	0.05353932522118856	0.16953359711813645
ENSMUSG00000086589	-0.0543361093858855	-0.1276765447291505	-0.07382869206773708	-0.13756376603583328	0.04240386261693195	0.8064482735885604	0.013939762219053242	0.2925812097391504
ENSMUSG00000035632	-0.007237343403475371	0.09992935406442165	0.4868943597509564	0.40314470224752713	0.025235405849164016	0.3180251038679661	0.03454635978892833	0.0315143895835868
ENSMUSG00000045639	-0.014771871694568395	0.02928003891036611	-0.14245241259566097	-0.4817445512975941	0.10343904549059799	0.5662736516654148	-0.024442566041331326	0.30754681942679557
ENSMUSG00000066113	-0.027178088916049392	-0.12619224945961635	-0.10644346407499695	-0.5720622612327735	-0.03649060136512181	0.7639743676514221	0.07161827087222646	0.2440939739499108
ENSMUSG00000105691	0.02492959758777365	0.07340120585865641	0.09973986855347898	0.16229169268562924	-0.0823918942898089	-0.5806267537352611	0.011819272493485633	-0.20762437553308313
ENSMUSG00000059663	-0.19353449199448575	-0.13968943057398925	0.2806340374378045	0.27462577951438516	-0.25938251536926604	-0.9083166198705389	-0.08808102123654193	-0.3131364925535562
ENSMUSG00000086302	-0.0604469805513201	0.06539488701114102	0.0953904340187422	0.4975810633991557	-0.006940947925035634	-0.667042593798331	0.031485160581149155	-0.030522314686568068
ENSMUSG00000063582	-0.01741093765366673	0.0204032636256799	-0.14221089624547828	-0.058877718472815754	-0.029340580341822728	-0.5975557678273395	0.021513166878982887	-0.21917085209935236
ENSMUSG00000058492	-0.04389497434732916	0.07795440469677688	-0.19178382934675245	-0.01325573961585036	-0.029004471571532495	-0.47605645354678144	0.03907439796597938	-0.215698302423637
ENSMUSG00000018559	-0.09738373823715163	0.05314743800497491	0.15951140789334883	0.2817776481276416	0.0995889396363644	0.6835724332311259	0.035561523776023965	0.11926829365848274
ENSMUSG00000110167	-0.01770775919138466	0.05608704327017096	-0.012791519402821194	0.18670485036366782	-0.09127480470441823	-0.970328165864326	0.032347546053350815	-0.11893253495695746
ENSMUSG00000024045	0.04333959603352441	0.024681702098317437	0.40419459172774613	0.46006981033578687	0.10744826478982558	0.7267934680178648	0.051079584442688265	0.038060970202369544
ENSMUSG00000079681	-0.09211177990492823	-0.03108410059935207	0.20883729173242077	0.15084386175309608	0.06997927352316088	0.3340194017482974	0.026049491689455417	0.12774760484250836
ENSMUSG00000007029	-0.10747014581207809	-0.10474433474890342	0.1784444619707907	0.15594055184879166	0.1420833881629739	0.8524903420028037	-0.012593393109965545	0.13995415003329492
ENSMUSG00000086769	-0.12247694930592302	0.02661308058021251	0.058318242369057686	0.08385800253930692	0.013321098767897444	0.4174271962766409	0.024274988910905546	0.2283680435668488
ENSMUSG00000053293	-0.05632972487152339	-0.0583711679947841	0.26095366561780453	-0.07606392340735857	0.002149693099938732	0.8051309762803398	0.05371658155143519	0.20784427598311042
ENSMUSG00000092367	-0.07015777680695406	-0.08651538803093053	-0.04169923369390913	0.005143530422693554	0.1493465030695492	0.5478432228237251	-0.024672498311515464	0.20482458590861854
ENSMUSG00000024974	0.0705798427807982	0.037305553764801935	0.3152300455469292	0.36837245489901793	0.07255919585764162	0.6959249230225714	0.053262832947805865	0.10495144937543179
ENSMUSG00000102082	0.03138163287022884	0.0026921214236214075	-0.07504594151171602	0.3284356287581042	-0.04205398123317289	-0.6762191993964226	-0.014882279577758346	-0.23990333558844815
ENSMUSG00000052684	0.5003704119270764	-0.1343844096537035	-0.27914276947895034	-0.5766226834476679	0.15054672977918188	0.8206365889748114	-0.5668967221814238	0.25835868611489965
ENSMUSG00000075149	-0.01894110785619562	0.015424653601453767	-0.1910507374897202	0.016571682914700247	0.0035074620158205283	-0.5662868906061309	0.017006509829935117	-0.21663588901054967
ENSMUSG00000019785	-0.015182089867087791	-0.046123007577923626	-0.16797012131521113	-0.4532417100235552	-0.0028460115390778196	0.7181983141126496	0.06044698209799752	0.2908815991484847
ENSMUSG00000022603	-0.05863041428745113	0.05351342618011531	0.05350528672822076	0.1881098419808048	-0.053440253490884396	-0.43466121276496295	0.03160854813440739	-0.16675963673718655
ENSMUSG00000078143	-0.02834962491024895	-0.06358195431257903	0.06155271833775229	-0.14704342298488174	-0.05057765626190929	0.8809841531837418	0.05187404959080456	0.24332525320750026
ENSMUSG00000094942	0.054783525964720844	0.060403924245292714	0.13640210522520202	0.3459692643350145	0.02503643863621252	-0.21445880899219188	0.03313133813849857	-0.1518760372732099
ENSMUSG00000063015	0.1004458015037539	0.06626456729505006	0.30750442158156144	0.2783281238776979	0.05512640936595011	0.5687772304869112	0.05319555880306104	0.17151606810114162
ENSMUSG00000112367	0.0201675483863194	0.0656800458267314	-0.1717744987501756	-0.01771952631191151	-0.07613967822721521	-0.7216419661323924	0.023644648111994394	-0.09406049187906788
ENSMUSG00000052293	0.04206642512622008	0.1230932743085764	0.20883306116677045	0.3144613424637566	-0.025781135115371168	0.6101383288840805	0.052119325103082086	0.08293112658289531
ENSMUSG00000092482	-0.08785452299196153	0.00779701505553726	0.03708122743046221	0.16985992838822733	0.0233562492560747	-0.5118169143432104	0.01789884573421952	0.009134117979171342
ENSMUSG00000045812	0.023178929699509427	0.07400969116882	-0.17247911717482117	-0.08187760489487185	0.003297429993376344	-0.6097091922224949	0.03449921163790224	-0.07362251105291893
ENSMUSG00000087291	-0.03533316779808249	0.07877325527798823	0.29908154577392837	0.5457891983498667	0.14198949641369743	-0.38519376533858896	0.014918876671427661	-0.1282838409194905
ENSMUSG00000026965	-0.10542308291280522	0.0026886984688201387	0.23193979306228213	0.011273484094414598	0.05930962688822776	0.6774513809796655	0.0039037857213788264	0.1499761164744655
ENSMUSG00000099341	-0.19776771369940196	-0.18400744085305282	0.25960659821571336	0.24953287655298073	-0.41497385973822176	-0.9806252510300221	-0.12473305974269262	-0.35327332267119343
ENSMUSG00000041695	0.06856268405745067	-0.26628085333045226	-0.16347603279879488	-0.7052800410031104	0.05609138663656671	1.0266773471184354	-0.06398075377223425	0.1360264168195448
ENSMUSG00000033794	-0.014575268795870911	0.08659076319194134	-0.2012405061172787	-0.1764919643380658	0.05057308249123328	-0.5626825700426881	0.019943398886295594	-0.03929697437991568
ENSMUSG00000105689	0.508367384242654	-0.09482886950560979	-0.4454460532415929	-0.7592166207515741	0.15847807145049608	0.5942027694320065	-0.4420022088534758	0.3155121528852442
ENSMUSG00000001786	0.05323528822906567	0.04321038453418058	0.23348760442669048	0.004184174906615823	0.03190332945738142	0.6616631957830562	0.0658819802701332	0.21429481339671272
ENSMUSG00000051510	-0.09085228132051186	-0.034551904198734905	-0.005242804423313263	0.36161976218565123	0.16761275076962562	1.0209896364262105	-0.01406978393689897	0.09415539378519408
ENSMUSG00000111155	-0.018898912831200487	0.07339977030143646	0.12141255647980735	0.30362348101267683	-0.05272558748755928	-0.5940958848336308	0.03368611074354972	-0.16806531043498527
ENSMUSG00000109994	0.008004780116642074	0.04026354285956127	-0.15306486491783605	-0.062485300466878085	-0.04905948451925366	-0.6307806823656928	0.02196790550527938	-0.18474213566788603
ENSMUSG00000103977	-0.18387292154355775	-0.2401824905728114	0.2674036165126959	0.27955422857381795	-0.4284674445544292	-1.1224835823660817	-0.10666365417011381	-0.27644172086591795
ENSMUSG00000096626	-0.295761081954626	-0.18417662358506656	0.22787715387579088	0.5311343645662946	-0.48067767994978194	-1.0293138885675917	-0.11402562185491573	-0.4311663982486797
ENSMUSG00000033644	-0.018175633320599793	-0.08707413633915327	0.20164858385686873	-0.13098527574222837	-0.046933982956180155	0.9251512699635422	0.09709365478691177	0.19231705972134955
ENSMUSG00000021749	-0.037141952943818723	0.06392838848201453	0.12842726683172154	0.15721597974273227	-0.052179483286918044	-0.8065698260397839	0.041166013650885014	-0.10877174490763675
ENSMUSG00000117684	-0.07048111086994374	0.02154620752782882	-0.14930395055403559	-0.13212586587375558	-0.04654093964523472	0.23828924513744518	0.09337864675683079	0.18763781786639852
ENSMUSG00000040828	-0.09168976192979776	0.032848071475036295	-0.07354869257844082	0.0065850393141989455	0.030555124075486186	0.17553896878197386	0.05406502293012666	-0.05454860114166127
ENSMUSG00000079049	-0.00288011830494439	0.06956091755477407	-0.18465804513614442	0.14179490189372965	-0.058379072062807104	-0.7025451245151252	0.02543286266997526	-0.16209181137623097
ENSMUSG00000103834	-0.022336903073128772	0.0687697569811402	-0.1095567653748823	0.04417767745837403	-0.010715147584023144	-0.7628283246875196	0.032459249004916535	-0.10779721728912565
ENSMUSG00000043340	0.022219359207600542	-0.2263627968846534	-0.18705460064609508	-0.7213005114480532	0.1483820335270296	0.9813698555977938	-0.10954514453793412	0.1574642593362935
ENSMUSG00000028197	-0.012332873904374375	-0.08084568199585843	-0.1228528766510338	-0.6025504094651455	-0.020577893554929984	0.1899032503055099	0.05241412715774041	0.32697226482550507
ENSMUSG00000034544	-0.07562305841046138	-0.20973637703727674	-0.12165381200793572	-0.5409819684503282	0.038524762086484136	0.8413154283907116	0.027091742708865267	0.11091538694020572
ENSMUSG00000005469	-0.13432517592284884	0.027591983275031387	-0.005258448028224061	0.18792544326616661	0.038693573271728135	0.6956981852652652	0.021859953730503732	0.1917348812949868
ENSMUSG00000030921	0.028339226588286488	0.07851555561266961	-0.20858123777522863	-0.014678995505848086	-0.013271964415101478	-0.4585439283248026	0.025933865002059537	-0.17008720998273383
ENSMUSG00000097819	-0.048275118625903085	0.06688055100713128	-0.12281025710150609	0.08041210334246934	-0.013430287373261518	-0.3975805507260625	0.038509258067044964	-0.0747893007168747
ENSMUSG00000086917	0.02858098116914821	0.14355997614537253	0.14295151424052485	0.41435513788759804	-0.009168538636873348	0.45542750154515466	0.0017680601913660043	-0.004024838902041417
ENSMUSG00000061414	-0.06373071091088271	-0.036232422657031894	-0.057164692183265024	-0.20070242346634776	-0.024967713943154557	0.6195391068381191	0.04773514156402169	0.21871751956250224
ENSMUSG00000101962	-0.21629670482000765	-0.17906740439202815	0.16012768061724958	0.4644509628492143	-0.4215940804209964	-1.0293840619116756	-0.15209192010696007	-0.3967703817954576
ENSMUSG00000089872	-0.03982210391916451	-0.00454173745815023	0.09380141240890336	0.037761746583426105	-0.016837529323907082	0.7823880869448725	0.058245883642791596	0.1723535079517853
ENSMUSG00000074783	-0.05060565191054212	0.07240501471096211	-0.07251709581450846	0.1703064631395725	0.030856609385052303	-0.5667168113873664	0.03282910229138894	-0.15364735656114406
ENSMUSG00000061544	0.05636982904433841	0.134119130809312	0.012060755315691661	0.3886080958935797	0.005933193915708104	-0.006131911673185442	0.052578993972153085	-0.18629338392169562
ENSMUSG00000070436	0.07366488046208598	-0.20240539998562102	-0.06838347427407276	-0.18307318800092653	0.09462606683341465	0.7210943703331653	-0.11356560843101486	0.2859931986059897
ENSMUSG00000039725	-0.11113886912994698	-0.06018583468690636	0.22428259920111057	-0.16550474802473764	0.11942526801096343	0.6954082166956184	-0.0166570327369453	0.25067661816592157
ENSMUSG00000032415	0.03568395950162943	-0.008777735160460542	0.034991374967146056	-0.06609491187238944	-0.028008211157313032	0.9419730209706565	0.0698540126696566	0.19774168627869718
ENSMUSG00000020732	-0.020841242123914697	-0.11760736486006405	-0.13299354416054188	-0.4544981241880143	0.09897062811429327	0.17928147107643788	0.008754914244899936	0.2924703089885007
ENSMUSG00000016664	-0.06011852199075305	-0.01156337814521595	0.11499899784300012	0.10498679098852598	0.0011238621865583553	0.7134231280435425	0.054941316192091964	0.22120694830735058
ENSMUSG00000117128	0.08082332183127681	0.05644262868843466	0.5015059788393271	0.7656372163190044	-0.006121939804449528	-0.3779011776074939	0.016436354242073754	-0.22635748457410076
ENSMUSG00000001493	0.017098033115236642	-0.06896944876774407	-0.13632179992725654	-0.13980747652608563	0.042133061365347	0.020347574286822854	0.03319922208597849	0.24616877198487758
ENSMUSG00000038866	-0.00528127266717382	-0.20566930896212623	-0.07192624400462339	-0.3040913651845948	0.25928071849783085	1.0244408230661306	-0.15637840034042014	0.24630984003088083
ENSMUSG00000115754	0.03365715644353672	0.07239508535067307	-0.14229629844514693	0.025241648423938987	-0.02541128881894719	-0.6293273241966769	0.019248698510475726	-0.11483222282667015
ENSMUSG00000024926	-0.11594070440895148	0.06557276165782176	0.17711736046816107	0.2063145012495583	0.11170115953281083	0.8327270464967174	-0.0007033636510946906	0.04068003997802697
ENSMUSG00000032698	0.19317790181871705	0.05003551571737963	-0.23115345752552133	-0.06425196411333238	0.1984673991567164	-0.4782797704559338	-0.29250251448628334	-0.05728944312325682
ENSMUSG00000107681	0.0018518458751376476	0.06500407469894985	-0.1467603528878192	-0.08664779430334218	-0.07541361497588757	-0.6608373869584638	0.03400615915583256	-0.12775154432804942
ENSMUSG00000078420	-0.01283436368411217	0.0004630890736000426	-0.1457591023639912	0.027669365152182053	-0.02876184320188229	-0.4889865054580565	-0.023029060719871007	-0.26891329091399774
ENSMUSG00000092618	-0.05908893853170979	0.06944474919515752	-0.15957472516141602	-0.04234113493628034	-0.029739021136974346	-0.47150576140733236	0.03788150112301347	-0.024244437321377803
ENSMUSG00000022102	-0.10981419557134948	0.0561497768958886	-0.05900704334427709	0.35910890506605603	0.07831207826115921	0.7440693846773991	0.03777286375670071	0.15206572462804227
ENSMUSG00000114538	0.01010078175507323	0.048570294977334394	-0.08833870822524283	-0.07122128238298489	-0.09344499439602168	-0.6384165249654326	0.01762418558575027	-0.17059303658145636
ENSMUSG00000032802	-0.09194202403542391	-0.16897071906800853	0.11344094391830437	-0.12436509997288354	0.13770246907128444	0.838775987414137	-0.07534400358139626	0.24547723922666395
ENSMUSG00000112387	-0.002384558919149682	0.08342502752385535	-0.20233081803681574	0.020200764566303955	0.025747566546354832	-0.566772400768298	0.04524161380909404	-0.15408172418213892
ENSMUSG00000110517	-0.06142917153866944	0.072136311980557	-0.012842680072819485	0.492921510700317	0.002418019750243028	-0.51381949787182	0.03725826439641434	-0.1497020263517924
ENSMUSG00000111294	-0.00035773190664489807	0.04710538810054354	-0.06035113184845143	0.23668819589350187	-0.047376611586139615	-0.6691170337627657	-0.007092139660652373	-0.2517539188298952
ENSMUSG00000107970	0.049010418506694346	0.09355189457899277	-0.22501836393818528	0.07767001693921097	-0.017045752704198724	-0.450833930287895	0.04862559849115768	-0.10310344026333727
ENSMUSG00000022131	-0.021993500525266108	-0.21951477183885454	0.057900435477504536	-0.39007226449863275	0.055756098552545076	1.0093999394186859	-0.020725458857472567	0.19965369737765193
ENSMUSG00000011632	-0.08010296984250845	-0.03722073823993618	-0.058504778635167023	-0.15997899639265697	0.06593113271091817	0.4939898618207729	0.0346538925949984	0.22794467342586106
ENSMUSG00000051557	-0.06197794095678852	-0.09901539481866126	0.10514171622290527	-0.06696126150580135	0.04128671384260085	0.7702686165280632	-0.0798404645644428	0.18156251502717036
ENSMUSG00000090203	0.01972669039527197	0.04927905897995738	-0.07254684470345507	-0.013231587477657066	-0.13143918263485024	-0.712285291037417	0.0052285595558592135	-0.1500280713057459
ENSMUSG00000004328	-0.06810149247569781	-0.12788314515347535	-0.010879336555397273	-0.3201384551838115	0.06326571777475162	0.42366651572320785	0.027597754470020566	0.24076695719240773
ENSMUSG00000093898	-0.03271821689972647	0.08571733208459063	-0.15923420523844226	-0.0992151711208498	0.033704952788222275	-0.1792951611282529	0.048011715885683266	-0.03843119699367054
ENSMUSG00000040838	0.0005817999756062217	-0.035515639141440125	-0.17560463119037711	-0.36821352390021905	0.018261870949735293	0.44063374815478773	0.050884163082464996	0.11845840754775577
ENSMUSG00000082827	0.0249215975927235	0.0439558769984269	-0.10269484904805419	0.11044714476424047	-0.1606249273382183	-1.000898583981153	0.0291508355289242	-0.08059087879564669
ENSMUSG00000113584	-0.03765565724808989	0.03781061374851999	-0.14715468535016	-0.17071688730066203	0.09019116024189008	-0.10120016618278635	0.04434054464403045	0.13475561288400079
ENSMUSG00000061207	-0.04469967814242533	-0.017919686850483396	0.15739103433627963	0.0933139246613328	0.051702440386643546	0.8404361534733764	0.05743358875212836	0.14816298488838764
ENSMUSG00000086712	-0.029201309860485757	0.07369826717329475	-0.034805209899087114	0.14623287562175308	0.010264090465996967	-0.4577513301604297	0.025350324117974152	-0.049415958710124296
ENSMUSG00000117490	0.024946658236230438	0.09208988923463622	-0.17390831362188458	0.13668000460889154	-0.05023361608409059	-0.3622382850744117	0.007794602049805421	-0.2904500928334085
ENSMUSG00000022664	0.021401295172106077	0.014680766982427375	0.06740484129251165	-0.012679571387300692	-0.014202795102549669	0.9453023933391006	0.0673499511084138	0.2064748212244928
ENSMUSG00000117923	-0.0365116653354683	0.09567679776488804	-0.15770820117445408	0.1239920292157297	-0.033653992608482654	-0.36947239499945095	0.028316143875369293	-0.09579331491115967
ENSMUSG00000022722	0.02111534288277213	0.010213422084723749	0.0008459108887979294	-0.05293102411539251	0.035684270105786474	0.9432759470343807	0.060264811980149456	0.24223217994059168
ENSMUSG00000097421	-0.004854886284237692	0.0771085121857472	-0.13915181029192916	-0.11496588067178957	0.061424234228216884	-0.6373273030523122	0.010839696096126318	-0.018981062579734677
ENSMUSG00000095463	0.06080234039982592	0.03381118424546056	0.43565954945510776	0.1496539043412884	-0.31278250193215795	0.2604233223651892	0.006026047551539349	0.16404085369669272
ENSMUSG00000112984	0.011080400044184424	0.060359385661322026	-0.18556026621660499	0.14321346004323546	-0.04470003709592778	-0.7522817571601159	0.026272269230891043	-0.19141068303775535
ENSMUSG00000079699	-0.024319424362069686	0.02480821033440776	0.05501193928308115	0.0442456763039234	-0.2349581132432881	-0.8553226025100141	0.027728234543726134	-0.19567798271995424
ENSMUSG00000039850	-0.08056248178735967	-0.014105352897464396	0.09024643110115299	-0.09361646254799567	0.017318601170226235	0.8983477631157853	0.04755885285121541	0.22009608654795818
ENSMUSG00000116964	-0.05440349594866319	0.06377219950934401	-0.14416697715224916	0.14187077672023665	0.0340297294575162	-0.3401216288129933	0.05074449098158826	-0.07694766725680285
ENSMUSG00000074196	0.026566771102970944	0.07640733201949061	-0.18495321094715814	0.12357289239914977	-0.03201515140723161	-0.5322689552112577	0.013435125503315715	-0.2249615142021172
ENSMUSG00000024696	0.043053210521592514	0.11560752191358326	-0.05050720208390769	0.4703564709420852	-0.059009890545409414	1.0040785880073464	0.023422815615884638	0.07365727985653775
ENSMUSG00000109588	0.009788345943835092	0.07843694739964831	-0.08384156845378532	-0.08404429386301022	-0.0004996506646189891	-0.5611018530595445	0.0293744131771727	-0.12100427838775679
ENSMUSG00000031661	0.006879606032897801	-0.21852364270715025	-0.028773756147565416	-0.5135840198756386	-0.04072488731458891	0.996132062471208	0.006124453491301418	0.12037280824284033
ENSMUSG00000091060	-0.022646719906420344	0.07752531965491256	-0.14781442174134024	-0.007512785509167563	0.01028431635824123	-0.6654296812571967	0.0349718645052992	-0.121572946810789
ENSMUSG00000044068	-0.02398450661432161	0.052230351605204436	0.16088277920199615	0.24950533600515357	0.026689566288345568	0.6546353056358973	0.0525659295005452	0.145353523609836
ENSMUSG00000078891	0.008028904995778673	0.030934398107788127	0.6621915554649586	0.47573182159402627	0.004830483474774716	-0.5603342118243664	0.03336735756156099	-0.3121804424157899
ENSMUSG00000118257	-0.09716548658885557	-0.15082029131165978	0.002915280928684316	0.018856355595993107	0.05075567859328035	0.8708638030054048	0.029666871940243443	0.25099292600154244
ENSMUSG00000105096	0.01082914867256069	0.06888018801953112	-0.12302886270432432	0.018259926037294736	0.004045631797570781	-0.6973533964607628	0.03627558525430782	-0.16077496006461262
ENSMUSG00000039478	0.04367964925960585	0.01926047819395704	0.06679335307303194	0.06183018477178111	-0.008317133373927366	0.8678033064070142	0.06565973525507177	0.24428790376953533
ENSMUSG00000031530	0.33680539498671297	-0.20822162611437078	-0.19454999608712392	-0.5559965984961024	0.31503954617790586	0.84615097724861	-0.5039404792589507	0.2513497243506294
ENSMUSG00000001998	0.06194323826852818	0.09346097889965135	0.30667506419695484	-0.03998995460325805	0.041076813521927956	0.5341312528379765	0.057153726410470646	0.19587495679995365
ENSMUSG00000006476	-0.0549478292350328	-0.07024421473749583	-0.011971079716390186	-0.3511767299734149	0.016269746143769342	0.1680716352300694	0.01715381954914125	0.28019163239067923
ENSMUSG00000024774	0.03356935287761111	0.06715597877087026	-0.11261521178970027	-0.02936039173895234	-0.039121882924808234	-0.5928150853665581	0.0313458676916033	-0.12960666436611387
ENSMUSG00000056770	-0.01034348332918289	0.01785788671497351	0.09974362578173841	0.08893475913358885	-0.018409680916800345	0.8048485028125735	0.058414778388956916	0.22648814473946025
ENSMUSG00000103216	0.0017823099793139452	0.08185116956966963	-0.14457941752056883	0.005847294815185518	-0.020342866565955214	-0.6986393272674014	0.02675289521765362	-0.0829455879328322
ENSMUSG00000108043	0.020673922657998278	0.0760580270294211	-0.028659433375711096	-0.030081328540470097	-0.0257762823450587	-0.4824608345395379	0.023683052071766117	-0.05364790566169462
ENSMUSG00000032468	0.04049113173698541	0.023044806356354863	0.18331363066034356	-0.11798845293094289	0.033882933716413786	0.714028743641352	0.07380494947253124	0.29554119943234103
ENSMUSG00000001630	0.02141505255055785	0.07347275489997553	0.08567766737365903	0.20282387453593176	-0.001723963227371561	0.6336661386420583	0.05272219181107376	0.2170092314656804
ENSMUSG00000021767	0.017795421225484165	0.09232379104017732	0.46339765087279466	0.5734006230922265	0.03056912191365836	-0.25236938898706873	0.035470809705654645	-0.14605433906255172
ENSMUSG00000090387	0.007525402390582414	0.08774732351818507	0.6799624466402255	0.37171581109195556	0.11555740820704077	-0.45513024810339836	0.03911022681560207	-0.12737206109276458
ENSMUSG00000068129	-0.0492863042901674	0.06595214649993483	-0.04640931291059548	-0.055493850334772	-0.04816709995830633	-0.5406882756495229	0.030508670835994844	-0.10207731317408124
ENSMUSG00000036921	-0.0862068981383959	0.06388727633113367	-0.011322570725953662	0.07574765492346584	-0.043043453934254544	-0.37035723835101325	0.02329709813738661	-0.0766312195568007
ENSMUSG00000042148	-0.028949584212802876	0.030736550092217957	0.1693161111530883	0.3216933175171797	-0.02377317158082337	0.4390375923813416	0.04637005658760799	0.1340783689909534
ENSMUSG00000051359	-0.025626618202894247	-0.17437690330085379	-0.07458149322534532	-0.3464903292799014	-0.03327819284252425	1.030459902354077	0.05847422250789706	0.19265879741903996
ENSMUSG00000090747	0.046168077660519606	0.08116847432302138	-0.02634965267600499	0.28703504703879834	-0.03173919076882515	-0.5104725092915049	0.0030876305518059977	-0.18068578175255345
ENSMUSG00000102963	-0.04124755551826684	0.06972507342829291	-0.1380393464070635	-0.05097623029236156	-0.07340907960009457	-0.6975500290237223	0.027596883493152036	-0.06355697161876386
ENSMUSG00000028426	0.12758366233425278	0.07306529569609627	0.3870053027689061	0.5237230959618201	0.037585112690988076	0.5439906273464885	0.03904846388663216	0.043853185004320575
ENSMUSG00000104014	-0.002011193211229667	0.07631582678819357	-0.19810058336301245	-0.1774323717085581	-0.024109230789866206	-0.5195958033255077	0.03953747718266637	-0.033594830576021494
ENSMUSG00000038112	-0.019365279863565156	-0.011184645783169883	-0.14619096803875173	-0.4352746610830346	-0.040912682756469435	0.24074189126645126	0.04627820206056862	0.23515864458241445
ENSMUSG00000045257	0.010315028884220423	0.126436524750635	0.041939510027131144	0.369856471337864	0.09207441723871984	0.7473193067370051	0.057659001007885555	0.13802306900377365
ENSMUSG00000063428	-0.03390260324072086	0.0867134051171866	-0.17942575583421264	0.08115318986425922	0.025800631687070696	-0.6090602951043017	0.049999613532951744	-0.10206255137475091
ENSMUSG00000024283	0.14668361748313175	0.036927806018691334	0.33486252218654544	0.004926708139491352	-0.0010269879862865317	0.7422966262204027	0.07153090836355794	0.22531941497680075
ENSMUSG00000060204	0.3360032376015528	-0.1852593630656304	-0.35938960385183544	-0.9601224314224883	0.2266333953376122	0.8530861049137021	-0.36928139168849167	0.26584647224538605
ENSMUSG00000047417	-0.11005282551535234	0.08382932001133893	0.3242423891890712	0.2005680558984086	0.07577259008586727	0.49412058323334423	0.03903311935599295	0.13033330038762095
ENSMUSG00000033220	-0.09079877521268506	0.003371774266270139	-0.02630175221344596	0.2508550769347392	0.006957230746486241	-0.10735517534630099	0.03571263579068735	-0.010708419369563052
ENSMUSG00000090572	0.009427102681697663	0.028057684110830317	-0.20295178951651996	-0.04884761593085006	-0.02573016847112632	-0.5893545371486454	0.0169003411412202	-0.18914904636936228
ENSMUSG00000097107	-0.07543024970726489	-0.05411338041845237	0.17671750258783694	0.4166879915893502	0.028790661249215418	0.33794220865377883	0.0435564954102629	0.1060364640557959
ENSMUSG00000038039	0.09058791690265115	0.04301124188445229	0.2839578287583833	-0.018823196890748288	-0.015792469782297758	0.6982637927210903	0.06359381872996087	0.200066309505539
ENSMUSG00000095484	-0.016689480483665784	0.01754404803195884	-0.17659336498526254	-0.020205200234578252	-0.0663057100154994	-0.7168447614618447	0.009147184028501787	-0.12656368230961196
ENSMUSG00000020723	0.037319412668869754	-0.25476992760882133	-0.08682148059262605	-0.4644771810189471	0.022976210449012213	1.0245379252687865	-0.024450824830727965	0.12526699837788471
ENSMUSG00000064177	-0.015356039187090439	0.07611397150654747	0.5204777016893781	0.5501218545958552	-0.0007517556831939665	-0.45619244420188776	0.04450785778017478	-0.15933237723926408
ENSMUSG00000106414	-0.012897267306595895	0.05715444942980691	-0.19942596040623667	-0.08988572240056358	0.005298477990094086	-0.5788810725175858	0.03409168009159764	-0.15831652019458237
ENSMUSG00000097615	0.1054795083000299	-0.2800803951075158	-0.1498501216142271	-0.6598475229017436	0.07817790646119463	0.9941705107153873	-0.09603852465805685	0.12871527801956004
ENSMUSG00000001227	0.26688020741738977	-0.21302023675653983	-0.21111596509162397	-0.6848037336208485	0.26374185642937903	0.9292366723998421	-0.42293849805553113	0.2649387818899379
ENSMUSG00000045019	-0.07162752289213324	0.07179696754456355	-0.16913292045878478	0.011849868092099869	0.027622327666762207	-0.4835908282614075	0.039532007937121375	-0.07522996820110685
ENSMUSG00000117449	-0.017926184786499433	0.025343817197981438	0.08577531827692089	0.06071021241480558	-0.10009951367611976	-0.8693316708395573	0.03416359184233676	-0.1531888566808236
ENSMUSG00000063652	0.01725438995562789	-0.18748726066025304	-0.10479535052404519	-0.4444913330193619	0.07001558905387521	1.051963382681487	-0.05756155128361941	0.11439217053765896
ENSMUSG00000099707	-0.007490068793654658	0.07663953027236398	-0.18424563665904023	-0.029040176642038375	-0.026100227625012344	-0.5545261133676748	0.033962692239328324	-0.10687080171602942
ENSMUSG00000044791	0.08716543225883229	-0.010577701060234146	0.20919611782684272	0.27083048892404493	0.042943948357277904	0.7521840612103524	0.06740207955758307	0.20694280057128756
ENSMUSG00000020395	-0.013076659043976036	0.07048814594931506	-0.11381557549063713	-0.04622928529851753	-0.019582622005957003	-0.6813937054377239	0.035447055442298876	-0.09332965098587484
ENSMUSG00000036572	0.1623718578574541	0.06120213041720988	0.5221409605430836	0.33432428883789816	-0.22560624245126457	0.5166133427938665	-0.026977798891463456	0.04288330397957134
ENSMUSG00000026866	0.041292594470427144	0.06335427305850905	-0.17882439915784393	0.20957944441142565	-0.04319542620529115	-0.5859192981254097	0.013829871068877897	-0.24055520294938473
ENSMUSG00000105986	-0.004264688039295583	0.07948347582483377	-0.1671615056069923	0.006279349525796726	0.0614113715126057	-0.6960542420781972	0.03263517611482995	-0.13644053878163584
ENSMUSG00000095651	-0.016960455421779347	0.08250301219244169	0.06336450773433334	0.4599293466101381	0.03092019951354311	-0.6532725945355371	0.03989498358548313	-0.19872456505383818
ENSMUSG00000000562	-0.033717695328199404	0.07891339275972703	-0.16068471197981274	-0.038866873127539475	0.005170086064519297	-0.655829946621136	0.03630786683369284	-0.07212151168661847
ENSMUSG00000092243	0.13893580735786537	-0.02981616877499238	-0.3512677657066923	-0.5555618576597675	0.0804898417456646	0.0438571589340918	-0.0793658372916405	0.27674345249147
ENSMUSG00000096218	0.010638747645855484	0.08226790592556156	-0.1598278600709332	-0.06589775278603308	0.026308284071625117	-0.5557170743717517	0.03908615864903844	-0.1233653591403068
ENSMUSG00000044681	-0.03442919290514693	0.051802157059772806	-0.12670939057502867	-0.06515340859427786	0.0902230462624577	-0.42266454607401	0.01568362907688048	-0.12739112842564465
ENSMUSG00000034709	-0.039160639666507784	0.037146621236891386	0.17111231407297006	0.08684913949496093	-0.003910908867588381	0.6388110029440157	0.05408515897015218	0.13135926949496743
ENSMUSG00000096929	-0.01888437922342656	-0.06654809790359921	-0.028429043436844145	-0.45464194668022145	-0.023806927651138707	0.8434286700023371	0.07474025446868439	0.25091062289014154
ENSMUSG00000034317	0.11655705268631268	0.002365910931916071	0.3739491291339897	0.1598001231386911	0.010206741216682438	0.6375308149673679	0.06370956495916692	0.17547070299741893
ENSMUSG00000097342	-0.0006058578216081023	0.0018229587958275594	-0.07641849483227882	-0.3296534054433924	-0.10102871531563705	0.5238164446992071	0.05232517847292089	0.2887124830531211
ENSMUSG00000111772	-0.013218704736300336	0.03688109127937557	-0.17180075337629275	-0.08717397500418346	-0.06115725596630587	-0.571708007908915	0.018447671999290316	-0.21764866753625062
ENSMUSG00000060336	0.00714831123199397	0.08835729936098516	-0.115573870376766	0.12399046356289534	0.04529310905635799	-0.10546318560946902	0.03597428362718358	-0.19204111771170315
ENSMUSG00000015656	0.005370064356260862	0.15372246442999477	0.26522979878209935	0.6738495466633223	0.12866121764940447	0.2935606420534935	0.053988366101285865	-0.029770249472698972
ENSMUSG00000092534	-0.08291273368250085	0.04825005093497228	0.2072455912492263	0.5370450751274924	0.05515350673133201	0.2747900875276721	0.04258913067810365	0.047200840635779964
ENSMUSG00000036955	-0.046931301565917405	0.04327486688097053	0.06612699344647276	0.2614954841873042	0.02747000117683799	0.7591016391013137	0.04953279736287745	0.17982754856216981
ENSMUSG00000115337	0.02360765132323417	0.07131235908983684	-0.06402455099734249	-0.04200356988540551	-0.0695190219893903	-0.6280354361304761	0.026631065035221686	-0.10436859685221227
ENSMUSG00000099752	0.0025319375959653723	0.0743116358755904	-0.1568600604454881	-0.1322152643500524	-0.005959767699407434	-0.5793372941713729	0.03950030303764446	-0.11752201902138619
ENSMUSG00000112449	0.13966788136556693	0.07158254571620669	0.5138716804664513	0.680177193250609	-0.10189143336944244	0.15097128927223671	-0.043692685805923503	-0.03177803620320918
ENSMUSG00000038276	-0.012109701299559255	0.010860327854486318	-0.20159796963878227	-0.17234231995700097	0.05747073484390104	-0.12863111021630955	0.05205588529662527	0.1150397853513256
ENSMUSG00000031391	-0.03000689319606792	0.05811352391633423	0.15069444803926135	0.5096511287163227	-0.141754655415543	-0.8515033720055992	0.03864487126441636	-0.1977057230566826
ENSMUSG00000061576	-0.03575062174097505	-0.19337355957659746	-0.09277786194551318	-0.6873836835697393	-0.11089377504308562	0.9105528438082281	0.07503331394307595	0.13223945779196908
ENSMUSG00000104912	-0.03900580452093006	0.0796903362815545	-0.14664818366350985	0.060189063225735764	-0.040273040409395326	-0.5907341821445136	0.03908553206516907	-0.1507084446537305
ENSMUSG00000017756	-0.052832634808632255	-0.12420291964687188	0.22722884749924782	-0.40292513583351597	0.03401785160302795	0.530580847490934	0.06365043541829624	0.27528026927082133
ENSMUSG00000039200	0.07760464131844239	0.031160349475847893	0.20477219007967692	0.047069663331914306	0.045385193581710455	0.6491426424442099	0.06959513873260252	0.2110209190041531
ENSMUSG00000109947	-0.09704080294068021	0.018875256614885857	0.13962055313141186	0.08730658008310681	0.06516410463321251	0.06954769434431535	0.030380593506792564	0.003595092812584355
ENSMUSG00000018589	0.041792603527816274	0.03925082992552098	0.11162905965995756	0.08108457088737489	-0.12622612209172046	-0.3082284348932817	-0.1107328598712059	-0.14464173842242511
ENSMUSG00000056031	0.054548044110733135	-0.37570805678608277	-0.22026302564549818	-0.6631218394391606	0.28410624216651864	0.9054588846269811	-0.29875610610076936	0.1128538634789433
ENSMUSG00000029868	0.0021421434438269864	0.06793467074085376	-0.1388975538602069	-0.0009297424726201209	-0.07028478367690708	-0.7368058353322101	0.024370204988600284	-0.12212008167546233
ENSMUSG00000037962	-0.05995628986799975	-0.01677896284110542	-0.14832357665063886	-0.24379191638203504	0.01409157465342184	0.2123296480212453	0.05596611511603672	0.28779563080365644
ENSMUSG00000106071	0.021517083211406513	0.07204894702637461	-0.08749791238012089	-0.038221587764349904	-0.05815963126428078	-0.6249841967918123	0.021381194789927727	-0.1503723262627622
ENSMUSG00000024558	-0.02876859950073612	-0.21677848996697408	-0.021900687469452982	-0.34396630496240077	0.035255801605196944	1.0000057101694066	0.01748387385274741	0.2183082129272939
ENSMUSG00000050272	-0.042519291909263304	-0.28463496182542	-0.11943342500286416	-0.6579251912452341	-0.11825777955981095	0.9602313017878793	0.0770023663267336	0.10230171182531679
ENSMUSG00000118273	0.03367568834379584	0.07072611820976465	-0.1065488490970868	0.07968817459318393	-0.08509009687418358	-0.6648595599368131	0.010028991488735484	-0.15487681885054405
ENSMUSG00000073457	0.012641977779108526	0.04878571710305496	-0.1638751945015726	0.09768667252235307	-0.0512618563043209	-0.7339512925667742	-0.003403993679826911	-0.18758653286197985
ENSMUSG00000115200	0.008228945238777374	0.07946433608447612	-0.19015891149918343	-0.019524651605069353	-0.024005972042348563	-0.5221436516548571	0.03115119436633816	-0.10333199209312917
ENSMUSG00000108917	-0.05622214133383666	0.016602098035079546	-0.2341207054597802	-0.08133818637008246	-0.03983505217695272	-0.48083973217128256	0.007441743777657273	-0.23669050784408552
ENSMUSG00000027329	0.07212976644848763	-0.016923008799092552	-0.19499110653086493	-0.16575310601072457	0.05718070440952379	0.16734905917513745	-0.009738458685793247	0.08998132349040082
ENSMUSG00000106467	-0.02074462326589155	0.02682825378862053	-0.18520770119665303	0.027334173769093455	0.06552552326186055	-0.7115129309328345	0.03681302049670469	-0.19841248897681765
ENSMUSG00000034152	0.04876366736716278	0.07467735830468875	0.23563690105328258	0.16242620494078347	-0.03121240157318783	0.536258782629452	0.04809046156285419	0.16191070705815555
ENSMUSG00000027202	-0.018329691105949154	0.058094917790425596	-0.1364464774087515	-0.12146581822656945	0.011746660502331974	-0.4619226188116491	0.039155296802556146	-0.0270269771114041
ENSMUSG00000106957	0.023201906298719543	0.06314567903694399	-0.13158563187631486	0.04898302218718566	-0.07067505173144319	-0.7747807038240578	0.02963047813182649	-0.1538628765751031
ENSMUSG00000111856	-0.015191183242356361	0.008802647686744838	-0.08466861117583821	0.08008838618499865	0.11290649435261844	0.7853171701094173	-0.013142524166911196	0.15062936840894062
ENSMUSG00000031380	0.02883874197444448	-0.038914973498700954	0.4077394767377677	0.7060491290555646	-0.17508566788491026	-0.8966371182972865	-0.017808203224455504	-0.2038613113139938
ENSMUSG00000058301	-0.12551850755244068	-0.004981920942572771	0.205263185175007	0.39389211209931335	0.12260310754345238	0.7176833591176446	0.005555017864570875	0.10437341943073378
ENSMUSG00000042672	0.0353286425704436	-0.014274289542085705	-0.222681053063717	-0.15597136010985235	0.044350520996918545	-0.17871295594145684	0.04503160964220174	0.16637394433323516
ENSMUSG00000073528	0.010498582887649377	0.0662956881214405	-0.11459917584213253	0.06085802994617642	-0.049025787849875234	-0.7588087708291096	0.03125959429090314	-0.12101481489592941
ENSMUSG00000034416	-0.10510250184902277	0.045354913245138066	-0.14720749559625718	0.034269764711741035	0.019006831165412352	-0.31951238393343856	0.04785609950984743	0.04809814737666686
ENSMUSG00000028999	0.0299807209809632	0.09859934469040836	0.43961181024104595	-0.04229754309268972	-0.03466084303250294	0.2176902062246778	0.0292659138847433	0.12401611321366593
ENSMUSG00000026427	-0.07131120171825173	0.10213137147699611	0.32490977002416316	0.3129984284971674	-0.016796349512443243	0.44126186780406795	0.04202418354061476	0.029813044290569583
ENSMUSG00000093401	-0.04666011141071742	0.0017432044650578238	-0.22827185388513913	-0.008059578627868769	-0.05635436416712032	-0.5415827893161493	-0.04159093693784186	-0.20076395840288408
ENSMUSG00000094590	0.009178906432648737	0.08826004079134418	-0.17139737453851492	-0.10191034685336108	0.012088283532523014	-0.44022465369223773	0.033832313069513995	-0.12196872231922651
ENSMUSG00000031731	0.0729529888420817	0.05305008601575277	0.2393671853788596	-0.019268628478722016	0.017085347749959054	0.6681806596400649	0.06554039826061037	0.212536071379043
ENSMUSG00000025066	0.15163076315934376	0.07746384085354018	0.5536913862972698	0.523377464959425	0.030010458455262956	0.4780406284697309	0.03005846692879651	0.08505332565457559
ENSMUSG00000105356	-0.032245378566560505	0.08178269906001838	-0.12642519961886076	-0.029478987733794003	-0.07014422965650814	-0.30826659852664096	0.0670008467854431	-0.02724325203519013
ENSMUSG00000040034	0.07448681201761832	0.0849043375727431	0.5608966514960322	0.09258539314133578	0.03224613608464901	0.09542405387281372	0.03967719603683707	0.0012101084606398471
ENSMUSG00000028019	-0.009666130067899792	-0.05166890713671251	0.018671427737435835	-0.29815730487827835	0.005144193250900653	0.9599081959225924	0.08163071696227471	0.23335297078838255
ENSMUSG00000066441	-0.01402638223538677	0.03879932694407766	0.38234619468908	-0.1025308941156981	-0.05658647176290168	0.385454340871307	0.054802231189357876	0.1548022464193308
ENSMUSG00000074424	0.02471550562872954	0.07229537627750464	-0.06654840979254559	-0.01313862690269385	0.027748606585570514	-0.44321051619516155	0.03652009750371321	-0.229730165413964
ENSMUSG00000097806	0.006984893415402094	-0.1354924406747106	-0.11022035961990213	-0.3572824536420165	0.05141503576402948	1.0334458770853185	-0.009425170828897962	0.09445229004401119
ENSMUSG00000031824	0.03998049077369342	-0.2593908122546034	-0.08434480516920918	-0.5572321855809659	0.04240703042539793	0.958565664374172	-0.059649210328820465	0.15432887308477394
ENSMUSG00000103199	0.04797468337612956	0.08306156351808881	0.22381473249556064	0.20760985228993525	-0.01896440332109897	-0.3861109338461687	0.04962172490343073	-0.14169654209266158
ENSMUSG00000071451	0.0752825347051893	0.041554167210642055	0.10188431362829703	0.2774366538115459	0.02252096552935501	0.8882682407890965	0.04438096084508123	-0.003509875955434394
ENSMUSG00000115164	0.0019515696526294368	0.054294866039813296	-0.18314851705769686	-0.12471545205726904	-0.023205547141705897	-0.6491718979452957	0.03291810043515988	-0.09239769523637426
ENSMUSG00000002055	-0.04575758875068625	0.03910637641299536	0.35358269144357857	0.21968913956099304	0.01577667486039412	0.4095267670449698	0.049153642524707324	0.1134403440604487
ENSMUSG00000097450	-0.009140839311404275	0.08125126217883111	-0.19323113884894164	-0.025194150965895862	0.012360719365662298	-0.5232240967321872	0.040460619970314075	-0.1069651575280613
ENSMUSG00000020105	-0.023624173434041218	-0.09290851514918128	0.16582237801046393	-0.18040758209277524	0.031498422674250084	0.9279335326681643	0.06022404494832549	0.24661439044466982
ENSMUSG00000001510	0.5229249561608116	-0.2694306324594793	-0.3144240913401028	-0.7930092269304777	0.24558192794610287	0.8253106222572183	-0.659914840144302	0.28417593556186316
ENSMUSG00000110628	-0.005608418878495169	0.052317891361093924	-0.20422287605525594	-0.14886797358504475	-0.005703540009037112	-0.5210473826318465	0.03925909908372837	-0.11448920857534377
ENSMUSG00000032249	-0.049507840926553595	-0.128530456706755	0.028096537542636635	-0.17372732199057617	0.29540861931401213	0.9454815872061888	-0.17244520361097218	0.27944965110587855
ENSMUSG00000101802	-0.31401214280039236	-0.24130564815556677	0.5999497957720535	0.44367953329381105	-0.5003119465543543	-1.0541199019048926	-0.24749185378979963	-0.4479314284892255
ENSMUSG00000025141	0.04420832476547347	0.020264731207174758	-0.22978439577034124	-0.19991583846527652	0.03786018175494465	0.27845485047885654	0.08641292365540781	0.2685734037550989
ENSMUSG00000090799	0.06443007668967121	-0.17187451871052856	-0.143417463061702	-0.5383867299676921	0.1585193565282011	0.7729716522087663	-0.1572327021411446	0.27271225341849253
ENSMUSG00000028979	-0.03260508851891997	0.08413974342815338	0.41107067076391096	0.3946758405540655	0.039359376805624756	0.09761053950698477	0.045169830531098076	-0.04209682467282508
ENSMUSG00000109562	0.01807377134760202	0.04322204707390891	-0.1385136590427132	0.07990315051402998	-0.025930207243426477	-0.8555675373659142	0.03338313913868226	-0.18416091455847008
ENSMUSG00000021587	-0.03888265310174747	-0.09748319358259332	-0.21941913053208206	-0.753562621301294	-0.0014352042407895782	0.5440199709302046	0.04566492839750946	0.24396581864735117
ENSMUSG00000107736	-0.06649171075010782	0.08424419190310808	-0.1596218347488754	0.09891881404416179	-0.025411018803939575	0.009913091791352795	0.06041685205780773	0.03538329896104625
ENSMUSG00000072753	-0.029012086461961066	0.04219094023447785	-0.15717354165805134	-0.09229108561827394	-0.04600868212703329	-0.41562454393736964	0.02317013272419688	-0.11197703255086182
ENSMUSG00000020803	-0.0693218904641457	-0.033143384434037415	0.22551647666757338	0.2618176972275281	0.14658321341189973	0.7971476268486563	0.055351312907157	0.12223034605172908
ENSMUSG00000023572	0.005366693266556588	0.09627751339326317	0.20610647384476527	0.2083175496640747	-0.047240524765214446	0.4759686986813322	0.050011945728044696	0.07315469322470493
ENSMUSG00000059326	0.0030497186282187894	0.07720607696484642	0.41572842541145794	-0.02855684222074989	0.19066409590750566	0.38607250673241034	0.05516027785389753	0.10849130756365134
ENSMUSG00000003363	-0.10859518428057047	0.04774320534680535	0.11711114598167238	0.2691747033335525	0.05410763642180703	0.392210693606802	0.04037875559381363	0.007230590814009896
ENSMUSG00000048376	-0.046115988039852264	-0.1873283059030744	-0.04411123443373188	-0.2295313067632438	0.08609056981401218	0.7262663905980402	-0.059132606059435565	0.2836323575688619
ENSMUSG00000014542	-0.07581372564083234	0.05887170945206163	-0.1546112616546685	0.07140807747418773	-0.012138007410726348	-0.46847633051274823	0.03677044941600358	-0.09297847158993124
ENSMUSG00000025929	-0.01859559987745918	0.08080972365570183	-0.18279121112337618	-0.07850214692844448	0.04202109096678443	-0.5208842834412167	0.050082147342298995	-0.06503592857910027
ENSMUSG00000092202	-0.054324922683537454	0.07096963122704719	0.12354283628457488	0.05381710023157736	-0.022727837771140347	-0.5061306220773623	0.0352710977703876	-0.13947265706399944
ENSMUSG00000096470	0.007489531653961823	0.077141049157427	-0.17997776070001484	-0.09398057222331883	-0.08086113767256145	-0.5974477135042315	0.01422571202516018	-0.06775733753803696
ENSMUSG00000109921	-0.025673029350563824	-0.045748062337030895	-0.08858328538805116	-0.11046335902114682	0.07000699835337187	0.6603662212227713	0.00103009840442303	0.26794384918857433
ENSMUSG00000111935	-0.03241957860300657	0.06181157684610484	-0.23169029061896965	-0.14634079722007917	0.04248640079333179	-0.533516631220795	0.041982028860724	-0.11690004841391866
ENSMUSG00000006538	0.5716085461016048	-0.25142671235181785	-0.3414418525575484	-0.8530581128978797	0.25994152752730054	0.7663760143478513	-0.6738714176706	0.2488800315414243
ENSMUSG00000038489	-0.07668949783838562	-0.15196069796816916	0.07194749617964091	-0.18227384230390706	0.18482456691521154	0.855474066735996	-0.11625080895987124	0.2797249774210242
ENSMUSG00000074952	-0.011243111516037655	0.042398273188291175	-0.20697741891374255	-0.12636856927966833	-0.04968663131913512	-0.43409539023126265	0.002673093770237167	-0.19759250737917228
ENSMUSG00000103352	-0.18180209181290743	-0.23661474982082514	0.1996352940121724	0.3130562812824405	-0.46690666417239485	-1.1331860447296291	-0.09861660848446653	-0.3152410851661837
ENSMUSG00000000632	0.23404495811187853	-0.2755367824429683	-0.1988628160431921	-0.7089262309716435	0.16067446015582704	0.9661726851887236	-0.1846888366076068	0.19683202650679946
ENSMUSG00000044719	-0.06479142208064508	0.051834044762922624	0.10210692573109002	-0.07916075057212482	-0.02180655064843845	-0.3262209916826823	0.03153251038440053	-0.004527869940277596
ENSMUSG00000039672	-0.06105363137179659	0.03216697263826378	-0.19852753882278396	-0.06606678155839181	0.049627789976846304	-0.16376218802177286	0.05012796913462391	0.02237520305953261
ENSMUSG00000010025	-0.06942480355413681	-0.09069859529406507	0.03289513056524651	-0.09750457581807576	0.07115177784511946	0.8669730334033299	0.0336384936230115	0.2205785664399187
ENSMUSG00000114062	-0.005527866485685373	0.06874486207110131	-0.16179990575172712	-0.016750336964592914	-0.119014424655921	-0.5437361699170576	0.02254624718917458	-0.1205810265331526
ENSMUSG00000046167	-0.011442359781648509	-0.21466356971599176	-0.1420178393426085	-0.7559572697787755	-0.06566026850883784	0.9076852907288823	0.027460076858832335	0.12405010899578858
ENSMUSG00000071179	0.003205395043701209	0.06700398171158363	-0.1158478303392456	0.05238951846840873	-0.1409605205234821	-0.7326081019528694	0.02106614173541849	-0.16422695880007945
ENSMUSG00000035078	-0.022169100054414134	0.05820553121205604	0.19456410714004843	0.177318732592886	-0.016983530740982022	0.6719928044463453	0.052660137267209375	0.14635648550299163
ENSMUSG00000026159	0.058206434533299926	0.05036471801637843	0.2749344029555898	0.17211912594439466	0.0670513319971656	0.6228089590745004	0.058468808136698976	0.11967280035862546
ENSMUSG00000101288	-0.05276605505746607	0.07555709218331871	-0.1858786001214249	-0.0934857083912349	0.03677954785591164	-0.457616170741678	0.04942369957653273	-0.0465578027670727
ENSMUSG00000032178	0.021149085784722098	0.04602894740011718	0.2899769657339993	0.452473557525614	0.010888329198487243	0.7904039984848158	0.04687075130046646	-0.004961353392281431
ENSMUSG00000114566	-0.03349161590950702	-0.1330392405637114	-0.13083490561658592	-0.47517000037102997	0.02692839263003012	0.5888652375756493	0.034178152779297234	0.23790769341849818
ENSMUSG00000027655	-0.04540769846107823	0.0753424257026706	0.3002923192358875	0.2070176470789932	0.004041697637134023	0.43495510081767863	0.04723440398055927	0.09756651372964238
ENSMUSG00000097986	0.11092832791797912	-0.022337176761785916	-0.15755961530726825	0.006369289868544681	0.08085764644332423	0.4397857805569218	-0.041240690628680035	0.15290023459915697
ENSMUSG00000096834	0.01650703262380704	0.03667590067958685	0.2497878822375403	0.061848909268753464	-0.21624587623609584	-0.41876312665855675	-0.09684164239014645	-0.260306675163051
ENSMUSG00000089753	-0.04297479931460277	0.07131718289100084	-0.14241643550631225	-0.031192022953998328	0.06058385366535401	-0.7319381590045029	0.031531431241161534	-0.038410214821087946
ENSMUSG00000022295	0.05267286286057585	-0.0033425141717742246	0.36453218056037845	0.05934219094426963	-0.062009542038099906	0.600068432989624	0.06308047211589021	0.12311434208562304
ENSMUSG00000115718	-0.05848169428158341	0.06847797996105166	0.1816187832635151	0.21940728180766642	0.03524196116066616	-0.4959981366339425	0.03556085783333131	-0.12028730929372031
ENSMUSG00000052852	-0.023679533997162425	-0.229605686879733	-0.037326576739413427	-0.5443514390325405	0.04513562841609839	0.9521271473276384	0.01562661551482658	0.17263788730629234
ENSMUSG00000113383	-0.05871656981854946	0.07136867338503827	-0.16871106647808054	0.030567910678918116	-0.04716122473689472	-0.6322934386783666	0.02890066469519259	-0.10460936435323617
ENSMUSG00000104945	-0.0906940842291516	0.06117643241679	0.06905835086467284	0.6841067051451191	0.02233120524228971	-0.21313386844223106	0.038447748277570575	-0.06638359062000912
ENSMUSG00000112345	0.020542676933210397	0.03189412021667311	-0.12073084981353543	0.07568012147174596	-0.05279244077398964	-0.5725609214651408	0.0044569349752459075	-0.29664317040991095
ENSMUSG00000021496	-0.10103880981347242	0.012895697878855843	-0.02268256381879019	0.1492639142893447	0.0557300027216464	0.8543837864798287	0.03183145322048115	0.21383161724778513
ENSMUSG00000041915	0.04666965325736662	0.06345293527996598	0.3531311130149373	0.1833009007561034	0.037973618448602586	0.5518492573128946	0.04415129460637739	0.15153591869196809
ENSMUSG00000086741	0.03280621236581349	-0.08454313102529647	-0.10008733680789479	-0.3352980331764297	0.04912683391950674	0.7389403079186343	-0.03858573739563576	0.2756604610523062
ENSMUSG00000038844	0.06156612246440864	-0.013405305390590705	0.1094154472340246	-0.049253733757970465	-0.0360224871802654	0.9022426063521362	0.08053045994833163	0.1956208465296843
ENSMUSG00000022454	-0.04878831556984712	-0.11913241774785335	-0.047723111552016084	-0.4843472574486244	-0.08743249394138705	0.9511862900004618	0.08020865412298456	0.09630064082963177
ENSMUSG00000109248	-0.06021489656667362	0.09687603399741933	-0.14786323008024282	0.03051068382403466	-0.002383037815242517	-0.43900545142592606	0.03884861962652167	-0.14243375126101063
ENSMUSG00000090657	0.015808968887250807	0.06625787963477967	-0.026870381432837955	-0.10784171488708723	-0.031807023588734856	-0.5434201125193603	0.026850625301548553	-0.19063398135516274
ENSMUSG00000054161	-0.10279012397726874	0.05090187483818258	0.35552929715282017	0.5596823097163716	0.05972700615670951	0.25668126616035003	0.04396557334434943	0.018938443253190718
ENSMUSG00000112637	0.00260589489777574	0.05654668981895676	-0.2201111808562343	-0.006464248139422942	0.01286511961141468	-0.5833879070596503	0.03156922592204722	-0.16139440592802004
ENSMUSG00000030739	-0.07033072019999294	0.035348858516532654	-0.10800258809675797	-0.14206607008405928	0.06249185505748354	0.059261666482480574	0.060036025620837	0.13512255155886532
ENSMUSG00000117243	0.01467370595856421	0.06679499768825158	-0.06473933912696879	0.03636390971819041	-0.06754976689357779	-0.7018598570801239	0.028896040136760143	-0.14773817837324257
ENSMUSG00000023330	0.0572426019886209	0.03268649953357639	0.15634153408453313	0.04889078946459425	0.02642153065894215	0.9134029203885745	0.0655665575476557	0.10394630158599609
ENSMUSG00000111786	-0.04055063496526836	0.08177112028581639	-0.17098089317653425	-0.10323861841651259	-0.01564117378366135	-0.5750516265119746	0.04343324788262216	0.002000830383165786
ENSMUSG00000037287	-0.032475684356625546	0.07753032656811783	-0.06411894827949277	0.09185959454920829	0.001671028389519269	-0.6235040750049196	0.03406458299308166	-0.18919546326362277
ENSMUSG00000041471	0.07416310090053022	-0.012849105627254831	0.13520726630571442	0.11309963224865746	0.0076966322511637765	0.7655180627558558	0.07596192334283663	0.26327863281925246
ENSMUSG00000098439	0.014785027432437038	0.06998425800664794	-0.003224515210559553	0.1880697140897824	-0.08581129139843836	-0.5044871534758325	0.007381743379345908	-0.2482252345139441
ENSMUSG00000030427	-0.04029711649002364	0.07662587495128813	-0.16210849234092944	0.0684191309507007	0.0023219508888137064	-0.6106020433254055	0.03475792888169093	-0.14341258424310352
ENSMUSG00000000805	0.07271463267130801	-0.236686166066149	-0.13144425878468832	-0.5499995563810085	0.12620622707501328	0.9355528310738669	-0.11150086078280565	0.20961275891018286
ENSMUSG00000036822	-0.03146469630612588	0.11619590071232845	0.38557292798682974	0.46447940203693405	0.11597069675294364	0.501733349365294	0.05121991504838185	-0.000620031439368951
ENSMUSG00000026577	0.05394178974592047	0.14150214771486694	0.3665174795425064	0.1367869205690911	0.019570018938438016	0.2977451521962756	0.04257291467882799	0.05420700981883683
ENSMUSG00000079179	0.12735918789123632	0.0656773756861051	0.37637713945171763	0.3656049653515395	-0.03513682189127415	0.6884166803305166	0.026431556632655433	-0.018113180322806066
ENSMUSG00000031851	-0.1034054165668809	0.05012431743898763	0.16120447925219025	0.04778125754791845	0.04175053260195442	-0.10648414845175934	0.03484027096499545	0.010250846667548441
ENSMUSG00000087409	-0.019338907696784348	-0.11671096765237872	-0.22455950676306288	-0.4104623335770859	0.006286619455016185	-0.24012177386288328	0.04612591277773813	0.17507117215948892
ENSMUSG00000117294	0.013664296869119408	0.07170591387921611	0.23843924764206362	0.42298111195678917	0.029799596610565252	-0.3579863311686245	0.043896365494198945	-0.061431653733013784
ENSMUSG00000112977	-0.06021689558353808	0.06394241965757304	0.003348097282419138	0.2310811205160035	0.010348484407520581	-0.7151440896446496	0.024598209557678028	-0.09379030840450277
ENSMUSG00000107254	-0.10519253622507813	0.04072536499367927	0.11108672857195831	0.5057372135585727	0.07889798801046533	0.08542797598432236	0.03223935895876539	-0.015766089122347893
ENSMUSG00000025651	-0.05139098315275059	0.05511078660995997	0.3489227857709107	0.39003948442157377	0.02359676144876157	0.5095341533186897	0.04715358400301464	0.08262841145904225
ENSMUSG00000099868	-0.04269804000395814	0.08117191927761228	-0.10069613540374105	0.3246579822909006	0.01798056983549956	-0.5653275910842936	0.04292114664228537	-0.1910068605301748
ENSMUSG00000029053	-0.0877185991756022	-0.06618120760334512	0.013027021096275255	-0.08129039868589978	0.08425995941263026	0.9389409485079102	0.0012187995605494883	0.24822316631020175
ENSMUSG00000016255	-0.05339927013244839	0.07433702161432848	-0.14732039146997555	-0.016882015282262002	-0.008902417657649986	-0.6484844090162437	0.040434993231640175	-0.03944445306355178
ENSMUSG00000061322	-0.006370081325963062	-0.1039671241626668	-0.0844330095387682	-0.36807163849668223	0.042880808490043	0.9500332796904666	-0.010088512775991293	0.2270820757499849
ENSMUSG00000087400	-0.05264271019301492	-0.21430432775741434	-0.05698741624907058	-0.23855271903114772	0.045064886781794766	0.5610367522121634	0.04058193031664231	0.3111711162092072
ENSMUSG00000056995	0.015650323402833146	0.02354718159032496	-0.12316275724385839	-0.05396420712001274	-0.052476670766709234	-0.6609261376484986	0.015021797002961357	-0.1494138202401822
ENSMUSG00000113688	0.01569803836224272	0.08692440111417281	-0.24055950919359728	-0.028815162699378463	-0.006488061700506198	-0.42110309722419403	0.04583390288225341	-0.058403443158617
ENSMUSG00000033327	0.13270221188448705	-0.08182980532959415	-0.22892830597812006	-0.28646228624687553	0.06389182044566696	0.088520636597704	-0.10745865446071777	0.21503538990156532
ENSMUSG00000027177	-0.023337106932697388	-0.2545855086343191	-0.12431640261608068	-0.5299322893705246	0.10801136554644646	0.9014317003618075	-0.05416314867575199	0.09712235730979614
ENSMUSG00000003279	-0.034155282175779914	-0.18894190813888864	-0.12133665708602162	-0.5725034692691301	-0.005035075796290506	0.985243543722893	0.04395042079246319	0.07008102112580174
ENSMUSG00000045404	0.037742234317223816	-0.4015712083118727	-0.1937941913889451	-0.726187562325307	0.22803473000433844	0.96891404679859	-0.20372563887268794	0.14641110084616388
ENSMUSG00000021786	-0.026611627666102797	-0.1197195195805781	-0.0638899970981345	-0.3292790625519692	0.10236126995306087	0.9544029271714362	0.010387664132022523	0.24749945849819655
ENSMUSG00000090964	-0.07934018402763059	0.056855626684505924	0.28836949701422077	0.2685514946353184	-0.017754675272669662	-0.23644738231429116	0.03884985036104683	-0.034407889656109455
ENSMUSG00000055732	0.604773066229967	-0.23045994370000397	-0.32486342516512395	-0.7942499823006995	0.25163196217335654	0.7790699884326749	-0.6498002488985519	0.25490798270549875
ENSMUSG00000057000	0.037784084323749946	0.024964964568101333	0.004663960914305876	0.41418700075177156	-0.17036104478443673	-0.7680328562104337	-0.027940856984316385	-0.25986807267369144
ENSMUSG00000059883	-0.003898250796185764	-0.203004417566807	-0.069691247036713	-0.23632457105921661	0.06846171832812853	1.1562193347114669	0.0002739712787692694	0.17717557296144074
ENSMUSG00000098096	-0.03826963181270974	0.05956239173848479	-0.13885081608004207	-0.034746702739095685	-0.07775141625867807	-0.7001934145553379	0.021663518485203315	-0.0524230346355609
ENSMUSG00000028295	-0.05981072494221043	0.12640700804367597	-0.0440605954227255	0.17751241303048057	0.0890671098370391	0.09220508394129534	0.04394517174558078	0.03436449579738777
ENSMUSG00000064145	0.012109338731358686	-0.037642501498004854	0.28006909601137586	0.2072960341800516	0.060017936291642066	0.7119049140245667	0.061729833329281295	0.15406267865701428
ENSMUSG00000063060	0.2931856792359623	-0.31104449665166517	-0.16100903819713844	-0.7652425306948644	0.14615711190495043	0.9377886656878598	-0.3141643819048262	0.02780473433416708
ENSMUSG00000086507	-0.05521472474698128	0.07684470384442056	0.2370346254763672	0.39306964868784094	0.014125817593595213	-0.10464917886402555	0.042459131285668125	0.01440675734380264
ENSMUSG00000101451	0.27410398685325477	-0.07368299045577684	-0.38958239470128453	-0.5386456642688229	0.07645534791594422	0.25951282888151295	-0.16076325234238117	0.30531675137984277
ENSMUSG00000045551	0.0024142761718843886	0.07373401427798046	-0.20835395464692727	-0.13262391332984227	-0.022410746288776234	-0.5346213039506661	0.031390524950830764	-0.11368900020408525
ENSMUSG00000106927	0.031271490965500574	0.0643370790426877	-0.23240938861588922	-0.03474043707169466	0.06246210365215428	-0.0199602448851261	0.07111929443851299	0.15937315884255662
ENSMUSG00000090808	0.015434849922973726	0.0638523717447245	-0.14922716402396044	-0.04390558789958561	-0.013637060543011106	-0.6788593625958096	0.033530736508194735	-0.14847055876343795
ENSMUSG00000062380	-0.10037673155623736	-0.1417258287409923	0.1701805418028777	-0.05080238211288788	0.20104834801907717	0.8851502480574875	-0.004095059216050689	0.20139334548969745
ENSMUSG00000108368	-0.04931503204714389	0.05586476538299865	0.3711223248009889	0.5127654655844954	-0.045858208175992274	-0.36811667663486	0.03499589511597795	-0.08874652667924492
ENSMUSG00000086784	-0.03266711547440579	-0.025575054461819846	0.25329312958928946	0.30765289601684936	0.0231416689983436	0.5702470781455217	0.05422412204581153	-0.036108941335917764
ENSMUSG00000062014	-0.003898143107945451	-0.03878208952272597	0.26649009970484594	-0.23017760726624553	-0.01905844710157737	0.7914838263506049	0.07247559781448451	0.22774442523041755
ENSMUSG00000095976	-0.18927708714788977	-0.1527254023991681	0.2919732794168717	0.517672776093503	-0.4666135597683725	-1.007785269097522	-0.20550769497849675	-0.3869030388458025
ENSMUSG00000019828	-0.018377812236899518	-0.13202162601546077	-0.20027076568801808	-0.5638763831710264	-0.08752625589373578	-0.10989010089691967	0.03824161983545149	0.2788596290784706
ENSMUSG00000097543	-0.12867755568781386	0.09558265837996985	0.010048466122790423	0.31492011746069476	0.04816358262452435	0.22583487163422294	0.050865536014622174	0.11019345749956413
ENSMUSG00000094632	0.01668175197325783	0.08276197674279671	-0.18596683978575543	0.15810210867052063	0.04104018981348823	-0.5127522712594723	0.04455179860705015	-0.24202694409755804
ENSMUSG00000022965	0.13097878475437824	-0.2525523642945413	-0.15086049329353138	-0.5773497558891613	0.19243465671473378	0.8906843791545597	-0.12980583966866321	0.24635968163847285
ENSMUSG00000095152	-0.12507319507260647	-0.1667387591666096	0.1864851451284888	0.3261834761907098	-0.31881323834084907	-0.9062554431890917	-0.1259761726467881	-0.4452764994723549
ENSMUSG00000019845	0.03267653394540049	0.08696860282222178	0.26818165854243875	0.08942407037725594	0.026340296032730137	0.5079937911091391	0.04729109783894918	0.13354995451996562
ENSMUSG00000017801	-0.11127351676240171	-0.06544477147803526	0.22659619432211586	0.16255387354256218	0.01572179066236854	0.669178484037312	0.003628143268688211	0.1402050143864152
ENSMUSG00000116579	0.010822447527222723	0.04118019919143224	-0.08673804885023055	0.1359036885398277	0.046304268115858284	-0.6774476692713969	0.03307552713224997	-0.23744878978811002
ENSMUSG00000098977	0.3335975317454488	-0.3474646566689455	-0.29121129521204936	-0.8076903722368455	0.19923849195908797	0.8388872976134948	-0.3116742359045579	0.2594101227119333
ENSMUSG00000034165	-0.11142301915484079	-0.036335085317661386	0.08525901856864343	0.09668775711794703	0.07948521037698256	0.4405203197190116	0.017073527149118556	0.19602224700859366
ENSMUSG00000094091	-0.03360584557295401	0.06995272282936575	0.4162821171991137	0.3351123170410144	0.009848888057150396	-0.3720385787591399	0.04234521306665295	-0.07260940041229891
ENSMUSG00000026980	0.0033852597706376386	-0.07569180137504337	0.15567654900416364	-0.031702082374962366	0.02346724306862992	0.764259545821771	0.06914569449787313	0.24439537384412308
ENSMUSG00000045664	-0.049709186727089495	-0.12006350254352523	-0.04383914146152339	-0.22322244890385837	0.0640003514218373	0.8705671672224828	0.008900525909771528	0.25746378577552953
ENSMUSG00000020115	-0.07617786351511273	-0.08667320496204335	0.13372125073118266	-0.07429475410228314	0.053532220858033004	0.6683304279541593	0.04092522909664198	0.30351621179613275
ENSMUSG00000032842	-0.11188494820500543	-0.005062634751493045	0.10131919347008095	0.17361884729428625	0.01311143648964737	0.7029628233249531	0.02578841652760665	0.11435599643856838
ENSMUSG00000038980	-0.09370799568647539	0.030362999202666805	-0.03441068300284661	0.1690874527453691	0.0194444663436375	-0.35175030941152385	0.034722382305909454	0.10069959370283105
ENSMUSG00000020583	-0.038378237301367184	-0.13540796787182344	-0.19347800039495358	-0.525742914546065	0.020624747381790487	0.2197891224037	0.03706305212789633	0.2900401498553694
ENSMUSG00000086867	0.023655786647447552	-0.27576743670579595	-0.11334605862045787	-0.4117080005140507	0.1262368830554949	0.7333167364185649	-0.052176137546943564	0.272309286365051
ENSMUSG00000003131	-0.019044108393775107	-0.01673031874264308	0.11144091379250524	-0.0529732107624618	0.024259798817582605	0.7222429321287517	0.060183852143457985	0.23295388298294295
ENSMUSG00000054537	0.020539806722979725	0.06361974734498524	-0.10902157874854204	0.04308953091401016	-0.03376848540191211	-0.6315331295220025	0.026746051020879805	-0.24335685566417833
ENSMUSG00000009563	-0.10163978986466261	0.05102018807308317	0.16855272056752496	-0.021761659380133525	0.08279026738168052	0.6473406838410677	0.03223389583278816	0.20695481275805389
ENSMUSG00000020590	0.02138910110021836	0.009972083743911342	0.10023125999105269	-0.19094452078610233	-0.14797106367566387	0.8597612862918226	0.07676855627520413	0.24661042029727973
ENSMUSG00000091022	0.002115851929787249	0.08177941956447661	-0.19082195022524487	-0.14717452883631407	0.013622544446012809	-0.5001061555996076	0.0422607547652673	-0.07504991817240807
ENSMUSG00000110945	-0.07456516946654483	-0.10972137582647859	0.059159767430940174	-0.17096392799609458	0.023557820213815805	0.9054776745238473	0.0369485110738003	0.16880125181608385
ENSMUSG00000020061	-0.0025109120038036004	0.08574583926065303	-0.09493489484352635	-0.1720620801855056	0.017397588373730122	-0.480120328251564	0.040959657457244614	-0.04546072746931642
ENSMUSG00000032803	-0.01772615865758076	0.033168965617169095	0.13261400465995518	0.16609839826690476	0.21160015185572206	0.9671574037882216	0.060497117256712286	0.15932962375902887
ENSMUSG00000073144	-0.011264877811921519	-0.1259419274708716	-0.010144283513889074	-0.41988317575463663	0.1032046499399429	0.9700981007335776	0.014559458912198975	0.13922680399296425
ENSMUSG00000094746	-0.16825648706493126	-0.12561576387647164	0.16867732577516503	0.8763779149602946	-0.3684752846537433	-0.987601539056896	-0.2387309375237622	-0.3594021995983607
ENSMUSG00000031799	-0.019068230184304702	0.04546611568870136	-0.10226294637377598	0.2091403698459211	0.1268209313503736	-0.6378091302534354	-0.0437038901816281	-0.048525512280655055
ENSMUSG00000062593	0.01582336290822073	0.07530346642813215	-0.19515664541445366	0.016931943315400697	-0.03134987250503258	-0.572892493293527	0.023548527212385498	-0.1685036160130736
ENSMUSG00000007209	-0.04849998929085727	0.06603695970759998	-0.1618618406363743	-0.06831772530815396	0.03320462206386656	-0.5710294777510277	0.05648164070561835	0.012781828457591904
ENSMUSG00000114319	-0.030443709990027917	0.08612945629881112	-0.0763040216518529	0.6284502224218872	-0.024257449886629555	-0.4347061416094695	0.04370257573047583	-0.14850624021319933
ENSMUSG00000025499	-0.1138555818965508	-0.03649571158191346	0.23127981661356195	0.009094188985474398	0.08634288392904994	0.6814384899422857	-0.00957502636646268	0.15111610306769122
ENSMUSG00000097091	0.01428312935493159	0.07163260272688846	-0.13400276438637604	-0.08635483147928634	-0.025436311415040873	-0.5021475763247232	0.031783433734542975	-0.10308705860700293
ENSMUSG00000027774	-0.01680802113614588	0.046521493504420065	0.2781659920187454	0.10118032503720703	0.02253252147380477	0.4293551427234957	0.05073325906996207	0.12428637821667406
ENSMUSG00000020961	-0.055512780089273905	0.03737336986489073	-0.055102427384250315	-0.153132663642625	0.03117215481058988	-0.35845559678917466	0.035217437049571726	-0.030364751315495857
ENSMUSG00000109291	-0.05250556586314498	0.062034024131857275	-0.1075322879756627	0.024927372648601013	0.06741365238219599	-0.6937632157729461	0.014617080959915096	-0.07217138113982272
ENSMUSG00000024446	-0.1276690535149677	0.00012647987027791796	0.17806028328834136	0.26910797106686707	0.053388722092793287	0.427519437900803	-0.01385930236380433	0.16367524871958605
ENSMUSG00000109311	-0.00889040340943148	0.07348824768804177	-0.1616043948316868	-0.07004012233561056	-0.021502084603992576	-0.6013586323389783	0.0312862186629689	-0.07710695839357604
ENSMUSG00000076431	0.4141114610735345	-0.11799444171121831	-0.20267473846434228	-0.42464622491193255	0.2551807339431419	0.8827775219071825	-0.5155509753167272	0.31394686557932056
ENSMUSG00000116701	0.039279401585340094	0.03948875511255906	0.15245326446493626	-0.010954707809502404	-0.05718923640074537	-0.4394175464613085	-0.006457141557651924	-0.21473750190043342
ENSMUSG00000090236	0.2268199723715791	0.011778490478375758	-0.3921008083168939	-0.20648861907608485	0.028245150578725526	-0.19037066840368394	-0.09492469591612429	0.15927176368384707
ENSMUSG00000032575	-0.0178433975066834	0.02658335882358356	0.25043152951927766	0.38314191271651526	0.08990887045911382	0.6464182082035167	0.03931942351610678	0.06964820833576023
ENSMUSG00000031302	-0.04332913386976182	0.05608447968316682	0.16223175055086733	0.10615477273531176	-0.15052722396009774	-0.9371059864684095	0.03849032064970324	-0.03116329519667449
ENSMUSG00000005610	0.1293592410291066	0.06493059724842754	0.47578979949475286	0.4129631938593287	0.15612423472725587	0.5875407652397855	0.04982999671619903	0.12714172454170222
ENSMUSG00000037316	-0.04159385684690964	-0.044062291662155834	0.13962439226815462	0.08032788312577022	0.08871257754620271	0.980942202739714	0.06302699124443156	0.13138716126202873
ENSMUSG00000026878	0.04888285290750275	0.0013268566058435294	0.1951991478996909	0.13927169898758307	0.06526988275322976	0.7736604108827557	0.06624440001044293	0.18415203775671415
ENSMUSG00000091650	-0.039025275060774973	0.06959440306540993	-0.14869037121696957	-0.062259586838476835	-0.058275646289585946	-0.6393496881816145	0.02836219745645896	-0.06489813258567083
ENSMUSG00000105771	-0.013077596261439596	0.07530615744171218	-0.19776273245752687	-0.16796353372833503	0.014442635563197692	-0.6424847795587931	0.03839831245296704	-0.03229045091275981
ENSMUSG00000029320	-0.020717328858998352	0.02738244352157143	-0.03068475575067009	0.18945988258891855	0.12491427862173499	0.9532858223632528	0.049073683625370464	0.1837713844037643
ENSMUSG00000030704	0.09708866075715165	0.03496062616384554	0.16919575698476996	0.10994485918889298	0.07059802909346796	0.8307047551151566	0.06751027923827617	0.20414392964538042
ENSMUSG00000052520	0.03698953126965639	0.047222021431136386	-0.1638621038852299	0.10413945341803567	-0.024176223486032742	-0.7125181252787711	0.01766448095239359	-0.16424522081481338
ENSMUSG00000055323	-0.05774431375045148	0.007766770624793473	0.18951778786363876	0.12818673617939236	0.029118145964965234	0.5322093511886724	0.04535566523933197	0.148692477115948
ENSMUSG00000030509	-0.003453351262902027	0.069346459612173	0.1746461548159539	0.2589665119563263	-0.014131876248441703	0.7486598490763504	0.04988833154925083	0.08832088697784234
ENSMUSG00000032456	-0.05531713048718239	0.06492062063125377	-0.10633932193730401	-0.023698943019197005	-0.018471277180602076	-0.6444515389392284	0.029859488523342193	-0.08674299283251612
ENSMUSG00000116029	-0.03927521573299544	-0.12547408189161832	-0.12880858820884875	-0.5576132027400424	-0.15105255555698807	0.4917463777425348	0.04646023508596028	0.26211463599743084
ENSMUSG00000019916	-0.010077289084181151	-0.031485727687356684	0.13676428014837244	-0.015738500031356868	0.038142661151616034	0.8446608597996139	0.07594292992660359	0.24801268654126668
ENSMUSG00000043458	0.26141725331315147	-0.04262647738262381	-0.43282916253297143	-0.6592388262972085	0.08610504634545658	0.00309241539091043	-0.21411141601410885	0.23090472662956382
ENSMUSG00000074274	0.14777735318062668	-0.03971785715055574	-0.07577079016942799	0.12459531799962671	0.05180068885793804	-0.3483482769060038	-0.05076215115621532	0.10968490012519871
ENSMUSG00000030708	-0.07853712936876821	0.09044376983388729	0.04539963239643862	-0.07420663920025898	0.04217449057991897	-0.26464052321429354	0.035193932378090105	-0.021859185315683288
ENSMUSG00000021595	-0.06499488394072866	-0.12047080722510314	-0.002311933804234445	-0.10688322427024964	0.03923844031213102	0.7575034733270155	0.027262530337531073	0.3246934310167722
ENSMUSG00000031691	-0.050040739296540515	0.093256865943479	0.34045399378716024	0.3705027007917281	0.0828849524137801	0.6033257416833822	0.04966228653193397	0.04136934193638851
ENSMUSG00000071005	-0.029252027597141232	0.026381925018577286	0.3637677469323494	0.18756379715857852	-0.2952703525604674	-0.8933070057524858	0.011006093774773795	-0.17999338855244124
ENSMUSG00000102243	0.0028235907386081616	0.08275581621648942	-0.15922362199144083	0.10211540577296402	0.08183515390021184	-0.7535326180196182	0.034859053773247536	-0.1354178843637379
ENSMUSG00000087386	0.06880512570555047	-0.2617393848986577	-0.23276254615040867	-0.6890613318804778	0.22506263252922362	0.7151960649927169	-0.30068326378579163	0.3006889080367933
ENSMUSG00000111273	-0.04745967531666449	0.00955992043806142	-0.12363969996455974	-0.101067124338753	-0.014367935399584876	-0.5213717739487287	0.02558334424691928	-0.3192770787420897
ENSMUSG00000042901	0.04143404464503301	0.09896306776906388	0.16371521859965807	0.9072525247556965	0.02003537266977995	0.32673268172262593	0.04276278966817112	0.07521746775736482
ENSMUSG00000112426	-0.10889907642214108	-0.019892681563414977	-0.020896536282200433	0.5037018358298205	0.160742036818847	0.6422338519273508	-0.01625576128822992	0.14307746228196083
ENSMUSG00000108293	0.030218553128964425	0.06268648787966692	-0.15338384054106302	0.17131619385855026	-0.09100745701168314	-0.6806371412025651	0.0004711327776958374	-0.20703974064177266
ENSMUSG00000004562	0.1310062262982489	-0.21879387178392054	-0.10618394360595595	-0.44594033488646	0.1430956440150482	0.9952309909787727	-0.18892173726441788	0.20722050559221167
ENSMUSG00000092303	0.012197305190963736	0.05148831753537793	-0.16775246869305557	-0.03219411440488702	-0.008673949265871391	-0.7021060451042177	0.0334675005070307	-0.14478610595352148
ENSMUSG00000053754	0.06347483691891417	0.05083509018206768	0.23588428345011173	0.3466788261089975	0.005747577580994312	0.7481529616296724	0.04793819426529297	0.10570666573900077
ENSMUSG00000051736	0.032794494701222796	0.10951870555639762	-0.06866503743196506	0.1163798411305147	0.029888958115519074	0.5126224302324925	0.051838964752133586	0.15612510031455562
ENSMUSG00000116520	-0.021471349599046594	0.06628401966366801	-0.09609999199446911	-0.07524447230413915	-0.05956802700858519	-0.6104878025766062	0.03205315728905378	-0.09600308314093593
ENSMUSG00000113406	0.05128420858077793	0.11690975756948854	0.23994232051373132	0.3011809675523666	0.05223292627120467	-0.1396291003041238	0.04914011268682282	-0.10867625051404572
ENSMUSG00000050921	-0.02319621906175774	-0.027553904576133895	-0.02750671266686358	0.06477121834687623	-0.14632375455480592	-0.8900206392112078	0.018329594877974698	-0.21760368641782418
ENSMUSG00000094379	0.012566344944310304	0.06104037641656163	-0.11873593071930535	-0.07750635431886084	-0.01358211154860749	-0.5944565040914854	0.03544822326568322	-0.2133031078252892
ENSMUSG00000047843	-0.023789133295699205	0.07764413160977542	-0.13061241336574278	0.1056784634408254	0.04360697796217598	-0.7022299468683565	0.026907629459274746	-0.1437244607388627
ENSMUSG00000031129	-0.03192793626452854	-0.17403018499771067	-0.14595463982958148	-0.5522016264182953	-0.03774539726541376	-0.0008684243925540791	0.045564938302384526	0.19795302365054113
ENSMUSG00000021189	0.04797688289408282	0.03959936315442438	0.308358263914889	0.27934189395576814	0.03098649638741713	0.6963469004874318	0.0539509301499381	0.03583149033149085
ENSMUSG00000021806	-0.0532648749558369	-0.04314232826050116	0.29668746646892097	0.27286524270973306	-0.01379908960241183	0.6602345739855638	0.073449166151964	0.12630927699724878
ENSMUSG00000060224	-0.10220795480870662	0.01408776687986018	-0.027420774429331145	-0.01732337447806176	0.0018797876193175078	0.3555275724283627	0.04516901267582432	0.27926364953383753
ENSMUSG00000118339	0.06561086882071307	0.03893079978394715	-0.19294865509623896	-0.10601861421988712	0.0964226889593427	-0.3015740722888435	-0.019712101713452994	-0.01426355772004645
ENSMUSG00000040888	-0.09890104959167709	-0.02555881234613544	0.14973043974615782	0.11723722037411595	-0.13520771124200498	0.5427252051165448	0.022253766015593066	0.17649807235583284
ENSMUSG00000113626	-0.0739884097751047	-0.06887980145906175	0.49268493589930473	0.933222755995645	-0.432108512107058	-0.8014254195304115	-0.2267952789995729	-0.24420072153501116
ENSMUSG00000024056	0.052606023991727625	0.033156428703737806	0.2972516114496121	0.34341013741214726	0.052413335712118786	0.7928675310409634	0.05364425915967469	0.05413615170951326
ENSMUSG00000003458	-0.04338805739999696	0.0982628222492266	0.23336567400651134	0.22716844059021485	0.02136078408112918	0.5668555712847249	0.05013289517374105	0.1098005351146596
ENSMUSG00000045871	0.008606080662020066	0.0671902426329973	-0.16842228439421883	-0.07321986458600929	-0.00873691465329721	-0.6347934526306098	0.03386850657898742	-0.13719239131895486
ENSMUSG00000108889	-0.018781232931730774	0.0393523671548327	-0.16998151604399772	-0.06911462133574918	-0.03573001099725924	-0.6652767358416904	0.03657467567586958	-0.0958665485591907
ENSMUSG00000020140	0.020843138785388488	-0.30818057546903227	-0.1919974871899094	-0.7080516087673728	0.06141060653557473	0.9887438157726396	-0.04143589556503684	0.040434636491161205
ENSMUSG00000096477	-0.008692848558738753	0.07721401152410465	-0.2100897480588152	-0.10544581341949523	-0.009850199281606626	-0.1865352714766703	0.03769097928084664	-0.08392880359013993
ENSMUSG00000037246	-0.025071200699642453	0.07455012790004531	-0.11216899216370813	0.014073120915878756	0.035548040213586006	-0.815776954063452	0.02545121215566462	-0.10536109459944606
ENSMUSG00000025887	0.02376707426492297	0.044380172617111344	-0.14546660238922332	0.03935474702840871	-0.04652692672054094	-0.7574249388262693	0.02520061039125128	-0.17478173328174668
ENSMUSG00000053297	0.4524216176231746	-0.13938606692829378	-0.3306359204955966	-0.6757780853896791	0.18170756384160766	0.808170150628709	-0.4340058816492995	0.3244991128432377
ENSMUSG00000028568	0.0890755800535101	0.07829145079321138	0.32826215723695956	0.373725760208207	0.04381581051465622	0.6663889111660212	0.04527285586935296	0.09887506980791363
ENSMUSG00000107539	0.01255260643773648	0.09085703635726708	0.372200269144748	0.5708006370749285	0.13186040610865804	-0.45111731962264795	0.04827716521556748	-0.21851190230916245
ENSMUSG00000097893	-0.03817252327553921	-0.10160511727477868	-0.06062838441164954	0.28238629345737376	0.01885338044094298	0.6926255756458232	0.04843222475635888	0.22104358428432316
ENSMUSG00000022009	0.059811676031361255	0.036572263739299046	0.39011233962898023	-0.009524364634625693	0.04332128194558236	0.7556720481110952	0.055222364300125004	0.11367992152557296
ENSMUSG00000033061	0.033653071494445796	-0.16194231845561163	-0.24717051798483203	-0.8067184023929322	0.07897636624319548	0.5207408390211903	-0.03557614890808674	0.26355020761665504
ENSMUSG00000014846	-0.11939768360298876	-0.047609076430659224	0.16239651955779272	-0.09719667155087677	0.14800328070657795	0.6021897586432896	0.004986351827028224	0.22933020841479904
ENSMUSG00000025393	-0.0422806626828507	0.04822152568883904	0.6009049998333054	0.3309685484739067	0.04665297780160889	0.2821788316459018	0.03274370559862442	-0.021835494619415474
ENSMUSG00000109984	-0.08050862261206648	-0.14312160383241398	0.11003640231991632	-0.23676656450835848	0.08879301505493804	0.700019303679814	0.010667635239637097	0.2674206909834143
ENSMUSG00000096769	-0.3300629108174178	-0.11590619839249004	0.20625708789526698	0.49170995747659174	-0.48048448309704916	-0.7940563011511718	-0.130955626168973	-0.5680970125610504
ENSMUSG00000020440	-0.11497541279441836	0.009188757201430312	-0.003995387699036247	0.14778072563616232	-0.01774470345239596	0.6362959145250313	-0.00376764040016464	0.20679585893342478
ENSMUSG00000063846	-0.036784968149286085	0.06967661865554127	-0.15097287719668642	-0.060729378044726084	-0.10520200302102732	-0.674836313053517	0.026611928707089838	-0.0589737872628152
ENSMUSG00000030469	0.003763351185502195	0.0849183077431903	0.4353696115544028	0.17441993274390089	0.05351263742328805	0.3616412175085028	0.047887701183953225	-0.03482424004025946
ENSMUSG00000022247	0.15418369934117174	0.06282991677630793	0.5760689140219438	0.33842357056979727	0.0698865826337344	0.4390957397678412	0.03806176940920669	0.06370136179376919
ENSMUSG00000085312	0.023288767390230593	0.019964513880162255	-0.038118142895454586	0.02264808811342206	-0.09230352839515392	-0.6842215851548669	-0.004742728700803278	-0.21800870869268496
ENSMUSG00000052865	-0.02908939308041542	0.06995571158915231	-0.03361216363426104	0.1107563613375766	-0.03884041207978726	-0.7567345863801163	0.031712402276581675	-0.12684228999703215
ENSMUSG00000042705	0.024868348502413345	0.04656523772525604	0.008357825993375685	0.09828997825215441	-0.017817181810936056	0.8383180669144329	0.049537758607719466	0.10193672452083612
ENSMUSG00000087612	0.19795044175069462	0.06987005861741635	-0.21397881170843408	0.29201019281707175	0.34667020242249813	-0.7026263081748002	-0.22663006245986117	-0.08888113998032336
ENSMUSG00000061843	0.01151938402979058	0.0646135733603071	-0.14946127632286085	-0.009157615575749506	-0.04445485620417073	-0.7157648511523089	0.029977933588037044	-0.16259676432577616
ENSMUSG00000001642	-0.10909628450812192	-0.0653459798436109	0.3061188589959682	-0.0783401204877994	0.0741306021728169	0.7656466654197193	0.05854562011110068	0.16408502940590874
ENSMUSG00000118279	-0.06327706823960733	0.06526735866142633	-0.14465999386563436	-0.044119672579151024	-0.094201473186156	-0.700002635577311	0.024400676158058632	-0.04967374637944709
ENSMUSG00000074454	0.007359182396469266	0.07290798348274215	-0.1576985089875346	-0.05484311073926205	-0.030663404644393977	-0.5197152568243543	0.01816099074209336	-0.21381339089042986
ENSMUSG00000033024	-0.026218914244126333	-0.04391137128141198	-0.14742359819651965	0.08764705977277183	-0.019462392260536053	-0.6000104566186831	-0.016035984590502372	-0.21007082060822338
ENSMUSG00000070327	-0.08369892355195202	-0.17084484482072423	0.22996177107018886	-0.14358374167693067	0.04657834909096881	0.8193747797185837	0.047738329805631315	0.22126314766247307
ENSMUSG00000094602	0.02712513526031086	0.06989572708580427	-0.16645899159805483	-0.025126462903845712	-0.10715913760415888	-0.5793045766677533	-0.0067546053964046004	-0.15286196912289815
ENSMUSG00000106690	-0.041358432159929404	-0.1056552345608066	0.1415587737999852	0.6987921057038677	-0.31398259493571806	-0.9752660531742569	-0.19947597500849198	-0.2723905420342273
ENSMUSG00000037104	-0.002495848106939258	-0.12984279074506963	-0.05594268046999701	-0.18874489058166422	0.09633138636629221	1.0286077961540026	-0.0520935430283356	0.23540596877684433
ENSMUSG00000091286	0.013761810325051305	0.05497183510784334	-0.11700297816471954	-0.06338784738442925	0.04843713624245779	-0.5205503315990267	0.021522698009644185	-0.18285260299706613
ENSMUSG00000062844	0.007549123506481292	0.0456838016988658	-0.13994039691774265	-0.04545203473710415	-0.1450832102801612	-0.6992220070423387	0.02172456713756939	-0.15007850618436588
ENSMUSG00000096901	-0.016087936941485966	0.08397977199757627	-0.2238805655513908	-0.11946242987301878	0.030240148805781325	-0.34186815687463185	0.05626912496814093	-0.011773561995793602
ENSMUSG00000105102	0.05076485399455177	0.08164177272352863	-0.2383012548967538	0.18012910943427754	-0.028775516080800857	-0.43497368975755546	0.01020665370837015	-0.14691924520369115
ENSMUSG00000025271	0.08478127848865452	0.06286748776354194	0.15773373305411958	0.9295763482724128	-0.12035111192643046	-0.04266043901892602	-0.08389857754379047	-0.2815074399489966
ENSMUSG00000100461	-0.379675086057248	-0.21865102212092455	0.34662467364823324	0.6171839972626098	-0.6580177686067223	-1.212625615064049	-0.14036127560634828	-0.26015792491692497
ENSMUSG00000048578	-0.11402995149152861	0.027368072522507145	0.20224473800684348	0.31157931127278654	0.19834903702702145	0.8772077001098594	0.037517635447873676	0.06979212056452755
ENSMUSG00000090778	-0.05349397376171227	0.03367938506182911	-0.16022640752030218	-0.08088938559855181	0.031825705620395536	-0.4060108348496516	0.04628800445305229	0.00885712611333378
ENSMUSG00000109226	-0.01420254414276336	0.030304554408881555	-0.1340047033197879	-0.10769409332996797	-0.021813246348607544	-0.5133084592497221	0.02771608982064766	-0.2506197522498834
ENSMUSG00000032279	0.021517783111877242	0.0009055826170587533	0.4115144451928396	0.08039107226522574	0.042940361809040956	0.5900344085936217	0.058507863488935774	0.10418190811529988
ENSMUSG00000013698	-0.11692694980791526	-0.028661692800850964	0.037924810687986574	-0.024910293119729254	0.040079314592199204	0.44074733065183086	0.03546309965695309	0.27028786039858027
ENSMUSG00000079698	-0.009235051431640105	0.024264143297295405	-0.17784494536237774	-0.10187581028745793	-0.05676224534922957	-0.6400563142357724	0.012089292880083757	-0.1250007940057227
ENSMUSG00000066363	-0.00950156071191044	0.07592534546985068	-0.06537700415744457	-0.08709215271545741	-0.09710330433354847	-0.6368566779880022	0.03111333410597765	-0.11733749635102364
ENSMUSG00000113965	-0.01317685148822556	-0.026765956397058092	-0.09078012853461846	-0.3075201467119145	-0.0992132127782657	0.9495216670094633	0.05396495309188956	0.24998964318936598
ENSMUSG00000030641	0.1262342446900486	0.07532337282378902	0.5001471233760608	0.3845931082974944	0.019586550363990988	0.5097041895798424	0.030349643317926354	-0.030472552502140315
ENSMUSG00000102460	-0.042177677203212464	0.06464157746539884	-0.14099371433408978	-0.0368348909721631	-0.11152092406462637	-0.5140374769681507	0.018574490865184368	-0.17344569934816448
ENSMUSG00000097589	-0.020147045029424826	-0.23365773348943775	-0.11128009135797039	-0.4158315029721136	0.19312783237249087	0.8174508272209718	-0.05895982846282707	0.18214611045926848
ENSMUSG00000100069	-0.03676022326140051	0.0758966640244838	0.0389527893869755	0.20550036736728908	-0.11654464076387254	-0.3338220565173314	-0.014789170121618067	-0.1959465634083279
ENSMUSG00000102420	-0.020323881179753027	0.00816212554503526	-0.17219683334792749	-0.021878070308069663	-0.015070082068512066	-0.7845856843829657	0.030954190940886386	-0.12956321209799485
ENSMUSG00000050066	0.05666438538812342	0.08189762807468201	-0.1465033344837881	-0.07297689136583096	0.056187549596687	-0.5832611837493293	-0.014792109150236543	-0.06075634962330525
ENSMUSG00000104556	0.008644025007475187	0.062303566337175785	-0.16344635157805792	-0.0329323371935588	-0.010572776308565755	-0.6602716865065814	0.033648864999841016	-0.18196282109596357
ENSMUSG00000106570	-0.019480804979141345	0.06797284524463323	-0.040787156586559174	-0.00591346157346373	-0.05438290090579136	-0.5078572467009687	0.03512466355501112	-0.2257111125988953
ENSMUSG00000085399	0.3914991391628354	-0.23100821423678525	-0.17437476618174777	-0.6534469346819028	0.25529162492535523	0.895634647453682	-0.5115362194278492	0.16073879288417686
ENSMUSG00000094577	-0.007497468460155836	-0.06433996666864082	0.00431515521702952	0.3722430857876444	-0.14985990789803483	-0.8396525777073698	-0.05544376776872909	-0.3500214429740428
ENSMUSG00000087138	-0.08919098925090539	0.037859828631378135	0.22711428803867986	0.38181875664218434	0.0936559494620373	0.8235528617625503	0.04115752613805291	0.0031967373545167543
ENSMUSG00000112397	0.2238326695626199	-0.06055387497119952	-0.3695273755468596	-0.7623523066183142	0.15980056792150407	0.6037429399141188	-0.286626001135207	0.30597547814727694
ENSMUSG00000022993	-0.06629808143650807	0.04419511099324983	-0.12418440902324805	-0.01494274856222999	0.025922573996632354	-0.42678971246975234	0.03830729802003089	-0.08576517743404684
ENSMUSG00000079247	-0.05081341537543479	0.03564106274058978	-0.2598691875734744	-0.35052968621876074	0.01373968623808386	-0.07778205175652154	0.08144998217249286	0.15825652465579765
ENSMUSG00000079013	0.024057463024070268	0.07328129596211874	-0.1492251942663212	0.0015951409941920014	-0.07067578674063943	-0.5970319113803342	0.00498342098198134	-0.12103796564236807
ENSMUSG00000043456	0.04470682300050772	-0.3724395130686494	-0.14478715812495718	-0.6391162180306271	0.1647187193875265	0.9718991468406094	-0.1338467523096147	0.12076021195721692
ENSMUSG00000100421	-0.27596660799685396	-0.136550269378575	0.2625600511924049	0.5746552815290313	-0.4502791661618523	-1.0055145024708985	-0.2011391521406509	-0.3990435144629346
ENSMUSG00000029695	-0.002298953348089716	-0.034226589693784885	-0.049222979423269905	-0.47190021348875855	0.05075527438530646	0.5598481032244724	0.06357231517066834	0.2473029332492522
ENSMUSG00000111649	-0.03345638523950736	0.0702882104492544	-0.09697358217436872	0.004528801545733541	-0.016215712331028212	-0.7574819322287567	0.032315254594440006	-0.11361064233995836
ENSMUSG00000116672	-0.028784997561116313	0.06135769717914053	-0.017837375698735114	0.035415989336333456	-0.1032037878433024	-0.7106725809642903	0.028114584609108643	-0.11705747747850405
ENSMUSG00000021981	0.1086491615669591	0.05759782609454133	0.4479940388311735	0.2624797793756778	-0.16946598959053366	0.2180864746743234	-0.04238909736367389	0.011604904148003858
ENSMUSG00000116717	0.021933282173660418	0.05727921698080363	-0.15016958644482115	0.06951512017443684	-0.04697510672911392	-0.7592449454732115	0.026732204309508366	-0.1846008992016601
ENSMUSG00000033147	-0.009747374321725932	-0.2612140937854679	-0.1293189133421284	-0.7078307972175596	0.01750225010773964	0.9495021918194021	-0.008416490877626547	0.09302940307924852
ENSMUSG00000036893	0.0052611844276211185	0.012200880492233935	0.1553402844140656	-0.0024484429684585862	0.017782807722955575	0.7492121163696186	0.07123737526891184	0.25566077381112834
ENSMUSG00000079451	0.017037529878116908	0.0799121106479714	-0.2012344944698046	-0.12159841132131022	-0.019045834505509496	-0.4767447059332371	0.029599301376609016	-0.10147112010433337
ENSMUSG00000027530	-0.05146653323044377	0.07288348025114012	-0.17720725872136586	0.09163534804266794	0.00435074562084789	-0.17508617572782315	0.051042355589706864	-0.03981713052388176
ENSMUSG00000040877	-0.07660416903228617	0.13441027652268966	0.11287273158171483	0.10686133750135653	0.01870468348184501	0.33025185161141796	0.05478820517273084	0.03862461124063062
ENSMUSG00000043131	0.04921403907596436	0.010129142779397249	0.3262100262569213	0.0203013593434124	0.04348310686511693	0.7943276325985533	0.06667473782129342	0.12351993852819133
ENSMUSG00000113003	-0.05707154003310332	0.06694317548367446	-0.15009276018898138	0.15863921666247266	-0.017575628199380633	-0.5200450187347145	0.03875336587549445	-0.12407878183168794
ENSMUSG00000024730	-0.010420617655225369	0.06772927344612593	-0.15107681175867926	-0.0014877301174687219	-0.09383273047068244	-0.7535816833496569	0.023997223837049747	-0.07071189381812996
ENSMUSG00000085184	0.03737780910597395	0.031054765301007998	-0.17549274052113648	-0.14846444885669713	0.05539396084176697	-0.5523994335277217	0.0064136328115137475	0.04241362673947884
ENSMUSG00000031954	-0.030118340312056423	-0.021742813996719734	0.17539284951780962	0.02887356311194414	0.0820366888641014	0.947136357836566	0.06896030004973168	0.14955916162948085
ENSMUSG00000112552	0.03271313227011878	0.06760335664676499	-0.20038303872823027	0.03441324352607036	-0.056450318281140055	-0.6314234381915924	0.019749064063308563	-0.13338627617319868
ENSMUSG00000001100	-0.008550271060019723	0.07209033360030552	0.36464781122835577	0.32862901259275	-0.00017884575965210203	0.5058505065161457	0.04269995653473731	0.05904049912458988
ENSMUSG00000072718	-0.03573905414973952	-0.12739605629366746	-0.011949176915531545	0.24234826873901424	-0.13284274193867857	-0.8332848371016027	-0.05695707614650808	-0.3377215531600313
ENSMUSG00000097283	-0.08148567095256025	0.09614203772327713	0.09753557367926612	-0.00805926261588022	-0.011575023036536063	-0.3770138765001375	0.0250685137780878	0.1235021058709535
ENSMUSG00000050896	0.4231938930854066	-0.18582412383362976	-0.24079216108194723	-0.6795751714601784	0.24875170845678668	0.9185454559760154	-0.5323887148449357	0.2490954012210964
ENSMUSG00000110534	-0.031369245580827876	0.02667314938704347	-0.1646404952112989	-0.10765865649260968	0.010942709691891372	-0.4578602269618568	0.03913285918681928	-0.056110021581761864
ENSMUSG00000086914	0.0336008543341475	0.0663840347601095	0.09033769363828008	0.38501786757237333	0.11510939915937	0.9359633738482814	0.055008749126395626	0.04719609226605059
ENSMUSG00000029009	-0.08139906212264703	0.03176923524635449	0.38143786262953255	0.1441237799543742	0.04825061112868709	0.36199498003735725	0.04331175135241582	0.05034180139546778
ENSMUSG00000095061	-0.04426418251426307	0.06071085144880112	0.3456631868491584	0.35172074521062324	-0.042070196541384636	-0.6703592935606731	0.04585614387338126	-0.08344997571184234
ENSMUSG00000033855	-0.08460957385229384	0.04361615615291398	-0.005076522452023169	0.11191145969028529	0.04309883014138785	0.4964573867537569	0.045913005563915685	0.20303193637359962
ENSMUSG00000111666	0.004597013387238502	0.06996556727106383	-0.1893310284645837	-0.07085742594227015	-0.010325405666019208	-0.553612757632171	0.0323368201050615	-0.1860725526352334
ENSMUSG00000032418	-0.02582945303731519	-0.1400148896284777	0.038539486271154604	-0.5455738837062519	-0.011093777042015918	0.8824530555114756	0.07927001288347894	0.2067747509827141
ENSMUSG00000007670	-0.022117422190297425	0.10786586213031599	0.5101197124082532	0.6467964379991271	0.016426080760532653	-0.01798318782069086	0.041339096455966985	-0.15326551340550937
ENSMUSG00000107301	-0.03486055979113134	0.07442175008832641	-0.10093476043234936	0.052534147093461166	0.10443190268919737	-0.545042440353274	0.03493626596135188	-0.16338923902851013
ENSMUSG00000085992	0.37910251739617284	-0.10052893740342184	-0.3260402821472738	-0.2998920839266217	0.03695508436443484	-0.0539036426324272	-0.34714359231161473	0.07711825912103884
ENSMUSG00000059864	-0.0005137353002395706	0.0715077668755858	-0.12260306383162475	-0.05442176977579388	-0.022403355907315698	-0.5800648476122345	0.033030312353909685	-0.12009311794795685
ENSMUSG00000075002	-0.021432265633865327	0.07161008808702145	-0.15671205944259345	-0.015198908071389041	-0.06806707080498349	-0.5857108426964192	0.03252039668681583	-0.13740465203972668
ENSMUSG00000027243	0.057148548100839816	0.08045094183834746	0.17328853840445066	0.4160842967625782	0.061378918192327624	0.8056181102741754	0.051199123685676806	0.09560607395784204
ENSMUSG00000026435	0.251361040006282	-0.2775765972877254	-0.13418247207048256	-0.5460811178893472	0.17309910553356558	1.0114111030673814	-0.19028991446363805	0.14554439660879206
ENSMUSG00000038374	0.04909524363806164	0.0755636463135042	0.518398195203749	0.3080702433144237	0.0722190685307735	0.37760247472201774	0.05002907144745884	0.016612427786544925
ENSMUSG00000110783	0.01909521243656398	0.05274659242939414	-0.12527877503547089	-0.05430707805183583	-0.02721387280706863	-0.5615224270463915	0.023588248903928376	-0.21903593864791548
ENSMUSG00000029379	-0.01626231111058282	-0.014228720650265675	-0.2082584290737807	-0.3528063405797556	0.04368746127549713	0.4421082462935745	0.060598247384717044	0.24602187908209255
ENSMUSG00000046079	-0.04012680191067605	-0.06591035390776534	0.06671286509284058	-0.004273868028089156	0.04139894562204356	0.9674795242478976	0.07003213761949695	0.2491895003991913
ENSMUSG00000103192	-0.016572498542965497	0.07959241053834845	-0.15211460745146077	-0.018908665726464827	0.032334989508882674	-0.721017654737067	0.034853691658266406	-0.07381765312050387
ENSMUSG00000049878	0.09073960389203752	0.10145537548720819	0.3344671200250345	0.23029366710391308	0.028523338190649783	0.2670536925213086	0.03997742913227708	0.042808687885660134
ENSMUSG00000045237	0.013689641773345751	0.06556141211948172	0.6134899327208515	0.5897351594342771	-0.23771326487213398	-0.24909547670471638	-0.02858863764926658	-0.20492926281247958
ENSMUSG00000014550	0.09454021578860015	0.040158885902475544	0.30351938802984585	0.11436235989251872	0.019159954826709402	0.6429164684286659	0.0601540224625386	0.13608015728258913
ENSMUSG00000101229	-0.21554689219443937	-0.21342189085350663	0.2784000575222143	0.32043703947703006	-0.4148492506683711	-0.996901962397414	-0.12638533622669532	-0.42984781364704705
ENSMUSG00000055095	0.0014889203020440611	0.061755433569198825	-0.2010577206833181	-0.07689584703303806	-0.010629749987943323	-0.5906500937385862	0.03495859871065088	-0.15008715606046522
ENSMUSG00000085708	-0.011216523233985658	-0.25838070466816304	-0.00834661239936052	-0.2233343856365057	0.16081823805373052	0.7043764642618747	-0.1716132620605615	0.30826551252405693
ENSMUSG00000069805	-0.041978716840107164	-0.14172968493380078	-0.06029269624846332	-0.526797907735375	0.07261706980846429	0.3457713636846645	0.010395326383992418	0.29611870995105805
ENSMUSG00000025481	-0.12248791643267543	0.0138564952782525	0.1858732918743391	0.2528295325683911	0.07354863062508313	0.18143231617737804	0.01958636593399982	0.15800233556912507
ENSMUSG00000081433	-0.004435122267094788	0.06982140544397922	-0.16631228223120065	-0.023708876415902295	0.006202615571021863	-0.7291870136123583	0.03311190514442371	-0.08653594817252057
ENSMUSG00000113007	-0.03740809808235575	0.06983736501264211	-0.14623256495050854	-0.05909186988991626	-0.06716382671509903	-0.5140005151359919	0.01579109017077618	-0.14888981613483698
ENSMUSG00000111182	0.028937679511639253	0.05141134394945222	-0.16317775535717882	0.023181803638193117	-0.04697582555963492	-0.5995570487163051	0.012425174754648105	-0.2095188561493816
ENSMUSG00000067773	0.030019265467349024	0.0270928694588048	-0.03827635944946934	0.09804095940741246	-0.05387817174990807	-0.6251746584348885	-0.006617001140139744	-0.23850010088952273
ENSMUSG00000108878	0.06364177744617584	0.09117088880511819	0.21862195338550108	0.6401388781997028	0.04329596383237155	0.4707266200514547	0.047621489871878406	0.06779129549622792
ENSMUSG00000043855	0.02439509931389272	0.04879122001023746	-0.09356376547345864	0.004180103563722226	-0.027286547564958536	-0.6566558376874668	0.023989868585703414	-0.20694381653643845
ENSMUSG00000026766	0.09009000504325665	0.06700059080819609	0.3238585631633745	0.08202627506320939	-0.003763227536552227	0.5712929073524763	0.04969522769661026	0.1261109470676837
ENSMUSG00000045948	-0.039723552802855666	0.06900593553350348	0.18285025990848353	0.4721917984663294	0.22421385889748688	0.37950118606121336	-0.04161962296678418	0.022113405655787705
ENSMUSG00000097484	-0.04721270289024332	0.06885965029016976	-0.14237755394107898	-0.07516182603157216	-0.1036166962537252	-0.45738050252427775	0.007592231303992669	-0.1587368260693326
ENSMUSG00000026630	0.12744162589926264	-0.22587386249006952	-0.1408134815617826	-0.5833054484354803	0.10180395593834105	0.9495108090699196	-0.1416562137322633	0.19265878170451162
ENSMUSG00000091680	0.1815114658355897	-0.024791550848275223	-0.27402825962059213	-0.22664655701738712	0.049630047969522126	-0.2014084297349537	-0.108109154825024	0.2133519452450173
ENSMUSG00000031898	-0.08185785581072641	0.12523079041270493	-0.021533776240780456	0.03784162123424438	0.05294449768757319	-0.3342266637484031	0.04833865909949631	-0.08071569473597048
ENSMUSG00000033350	0.3966081045219776	-0.24936227477108044	-0.25113124439719875	-0.7286465400805533	0.3234554389876492	0.7475678061521605	-0.5773027083787992	0.1906106916390147
ENSMUSG00000006542	0.012381042836316747	-0.15308670852810993	-0.14915845329779678	-0.44414235041408295	0.08113870030706047	0.4951255493957012	-0.02390158098282031	0.2848110568338516
ENSMUSG00000086430	-0.05728181573909389	0.04555920175427846	0.034393451891068266	0.20019203760447546	0.030702422724378228	-0.07721659097747478	0.022714276697198235	-0.08248977520208504
ENSMUSG00000109516	-0.23043262188753025	-0.13892231178331235	0.22253718831183775	0.41274520714047386	-0.35271217904939767	-1.0760912886887244	-0.05794006698759313	-0.3415886399081192
ENSMUSG00000024109	0.009186558056517236	0.03105102653294201	-0.17700485512411282	-0.43385883693043614	0.03282129940354191	0.2218392841494433	0.05130486495999039	0.28668829098342924
ENSMUSG00000063409	-0.042497486670304487	0.06976137299395363	-0.19479524028693485	0.03836139294565531	0.02242603151665179	-0.4731048685569021	0.07243416483181563	-0.03194537423537007
ENSMUSG00000010064	0.10677946721701048	-0.1202484319351799	-0.19533539126443844	-0.3454772475169948	0.07349703345855085	-0.19405333163278374	-0.08765099807263213	0.21877441535632164
ENSMUSG00000029521	0.053985858455375034	0.060872167790535996	0.44978283174294065	0.3679633304440374	-0.055047487399799255	0.3775862874678577	0.028072789662156754	0.020458601010287694
ENSMUSG00000031883	0.3018394015164294	-0.02869552509674489	-0.21581555000194214	-0.21743010595689496	0.13556876720601999	0.7364228281345946	-0.26893997974735384	0.3118343100794277
ENSMUSG00000074681	-0.019155297509233282	0.06850577977493473	-0.15079762069731226	0.10253975239759462	-0.050845281113267644	-0.831541123580411	0.03755873817279407	-0.10385239860160286
ENSMUSG00000038704	0.03574331082218527	-0.07460061465770469	0.10956437404162801	-0.10114714724071926	0.04249257226048697	-0.06871638840420885	-0.047410402506866615	0.17639492626883668
ENSMUSG00000032033	0.07028831509897765	-0.3036783973475528	-0.1728024699878154	-0.6641969184391284	0.04279889547776155	0.9055458565912481	-0.07986536609407249	-0.010451569756397688
ENSMUSG00000025350	-0.0597015021182703	0.0397125267818009	0.19312209484142237	0.08340615983786889	0.05989558268432605	0.6504504757281162	0.041467049601906586	0.11542694844311292
ENSMUSG00000106948	0.03381629921639965	0.026330949430235093	-0.24394785792791618	0.16237774187820053	-0.005826419612077971	-0.6543430057500704	-0.010097941114835293	-0.15448080826078328
ENSMUSG00000020023	-0.013382582633281542	-0.18750205025655076	-0.11558327098444658	-0.6338501650242894	0.12629346714140097	0.8434332517537033	-0.04037723827212125	0.20021928475931006
ENSMUSG00000095483	-0.02169601604714189	0.0530045470107701	-0.17712030134652113	-0.1425332899978891	-0.00010980837522200915	-0.38031662568883023	0.032052034688301215	-0.240946974706855
ENSMUSG00000029516	-0.08085730624425574	0.041438749173210276	0.17763884668515867	0.36014398288927935	0.01376053329563276	0.6028644399913923	0.04853344300183807	0.13817424668606754
ENSMUSG00000110168	0.009096449377462679	0.05430839368461566	-0.1722936899672881	-0.07743988172125711	-0.027548593715695877	-0.5450876992462855	0.024152329338081608	-0.21262986001468798
ENSMUSG00000018736	-0.0008992041089574687	0.0951021478444477	0.05417177704789803	0.024626948999560676	0.028682612002037828	-0.4199912580088529	0.04179154889699303	-0.04410525532644129
ENSMUSG00000025140	-0.06933821894993726	-0.08533161441981298	0.09444739657798891	-0.1782317577717594	0.04987822738465387	0.5869816504058991	-0.009454604508469022	0.22794165563366128
ENSMUSG00000029826	-0.01646287905250342	-0.24875701059805777	0.0131911186657101	-0.423558337504417	0.07940935193421994	0.983731133961206	-0.025827156691616626	0.17675272913374654
ENSMUSG00000039640	-0.11596006057323809	0.021145929214766213	0.3397181753492045	0.35551056995543345	0.12657617609638994	0.5354265954687126	0.03352126777454831	0.11283468867138814
ENSMUSG00000104904	0.03946681810004269	0.06816449548958307	-0.13899740110091602	-0.08135381106379368	0.06830238679584642	-0.5815155569895786	-0.012437871796930455	-0.0267689936725746
ENSMUSG00000112354	0.011960243420821026	0.07343570012747558	-0.10192253044248882	0.07243953631173651	-0.05264269495901035	-0.6452308665623091	0.027034248197487308	-0.21218829843948572
ENSMUSG00000073458	-0.004990882397210708	0.059191943279599576	-0.15247219289377878	0.11016316218569627	-0.15702055085692765	-0.7305323175160546	-0.0001564253058909948	-0.2053247654793899
ENSMUSG00000057229	-0.09139888521972134	-0.04182189968454075	0.33360005322141834	-0.11507453709981841	0.05096126388096437	0.6854012575566812	0.051251666809279575	0.1420824760627356
ENSMUSG00000114347	0.031006181648007336	0.00816507478244477	0.01624595868076663	0.1875221377938069	-0.056004687355646426	-0.8456636396725749	0.012853382569676738	-0.17245137919908432
ENSMUSG00000092572	0.0076656016571728935	0.08325001010780354	-0.1956346217252337	-0.13069019637920626	0.026211380784431013	-0.3959943259915458	0.04184579369924708	-0.17844836822296012
ENSMUSG00000104499	-0.2040292189937238	-0.16354052817772913	0.4010461000535388	0.377089060063917	-0.39400978403280784	-1.0280948405105146	-0.09765493813395243	-0.4115537113525999
ENSMUSG00000052270	0.0005916012616455912	0.082062870432076	-0.22016995856478994	-0.1844275979378156	-0.045061707006332545	-0.44548166161648656	0.03729873942293758	-0.06884632280295049
ENSMUSG00000078962	-0.001164672211151463	0.07619547214192633	-0.19608711066370654	-0.06492147240320878	-0.0388285535265734	-0.5385659694482788	0.025013185658818767	-0.1422712741819601
ENSMUSG00000103065	-0.01721633221468921	0.05652624342132898	0.5932996027616408	0.22443127150076736	-0.13779478298431433	-0.606100920753694	0.03304934418976639	-0.07780358917185477
ENSMUSG00000090658	0.010990102332835816	0.055947537379398685	-0.17879915756524176	0.1603651370483611	-0.03982001301977433	-0.8725506818497573	0.02558831111017531	-0.11804201874963619
ENSMUSG00000079162	0.0008674947029354008	0.09104803375173028	0.1090664080136853	0.5430447453485673	-0.008951197478149877	-0.5224211378410655	0.03460876956384278	-0.1828254381680327
ENSMUSG00000110670	-0.027121111256064718	0.07581699982760488	-0.17823252352290983	0.06335606124975117	-0.007463305300632217	-0.5870209526666099	0.0283878014535649	-0.14882463450321934
ENSMUSG00000102099	-0.004120391409274116	0.0756042021244788	-0.08293428287851345	-0.01641397494668397	-0.08373361115380082	-0.6438079512894184	0.029327950602473868	-0.18404799217372195
ENSMUSG00000047712	-0.0277553346714558	-0.16078708169196512	-0.048582668100183315	-0.517915946086798	-0.050402029180827354	1.0123020390528654	0.08654787339983648	0.135949343983505
ENSMUSG00000053862	-0.05348972911561259	0.050258860966330796	-0.10537287350872354	0.0016932777853670977	-0.06827165448309062	-0.7026619459371132	0.027692142499322624	-0.054990763795204615
ENSMUSG00000111045	-0.015684915200124827	0.06132496630372791	-0.15155906472695244	0.055970946697473704	-0.10390289519430773	-0.5925921815141937	0.03152820512958388	-0.12605810177448235
ENSMUSG00000027375	0.0648805993778093	-0.29336814531637134	-0.15920737348578928	-0.7407962963319754	0.11048699089964548	0.9453920740861983	-0.12199482430028237	0.1364851092652522
ENSMUSG00000026304	-0.08307276581748947	-0.019827546081598972	-0.119636639018204	-0.16636214568101584	0.03501450477757129	0.08652152057635853	0.0550830790167508	0.17130122692222136
ENSMUSG00000062272	0.013462671534480625	0.015407587695091828	-0.026131373883915596	0.03040026489264583	0.010729032178893205	-0.6600870839514634	0.021109116041099822	-0.2071250636583309
ENSMUSG00000113638	0.013596115075181325	0.044364600404199664	0.32423117421990966	0.10006715382944413	-0.14719360852887312	-0.7779868370978682	0.028743416562641635	-0.18216138012232877
ENSMUSG00000097915	0.11905358353736421	-0.20729742194384232	-0.24736807022260732	-0.6714331335290508	0.13443243612475408	0.7214262625971286	-0.1066400200926142	0.27423822474337983
ENSMUSG00000086585	-0.03306104147646488	0.08066844480968625	-0.15975046945733737	0.2242645256608332	0.09183474834467317	-0.5060536787473426	0.04672913026450043	-0.12848976475655913
ENSMUSG00000117399	-0.04471402126895712	0.08058387059372163	-0.08973676566408227	-0.05925394556263015	-0.03595495193223691	-0.47877129217743736	0.02789123932880777	-0.09718127138241098
ENSMUSG00000057342	-0.08173957753958418	0.0876857060313221	0.2475614691212875	0.36946695137894947	0.11741874515321807	0.3616526361245509	0.03864510232080312	0.0013145691170242113
ENSMUSG00000106656	0.016845169413246985	0.055571330242461046	-0.13047639276962172	0.11329203325212549	-0.08250599262536308	-0.8177151998098672	0.01983674574190797	-0.1690098564010145
ENSMUSG00000068758	0.001644602240277404	-0.04968263771392187	0.5211964700995013	0.6951745138239754	-0.037484504063559305	0.5246228577078845	-0.018876615693942663	-0.00199615389888123
ENSMUSG00000000365	0.07406405196755242	0.001253498393239516	0.2538912428017713	0.02290636801461725	0.02051878843100567	0.9243120597232092	0.07632816143026253	0.018169955192129196
ENSMUSG00000117786	-0.0567065845680141	0.07033974821911879	-0.08094962442472992	0.17853313079726196	-0.04825825600134043	-0.6433763925110134	0.029115652772609524	-0.1584620563447842
ENSMUSG00000001524	-0.0015172362850760374	0.08042290632242462	0.0751315446379579	0.49371661019103547	0.10484408844600951	-0.6348851168577792	-0.03010322351866316	-0.03325682212445792
ENSMUSG00000109013	0.0037762045535240096	0.0802223691856882	-0.20966858856598924	0.011077231011161339	0.02156494920041974	-0.5423369443251576	0.04522515617273759	-0.09534158859320277
ENSMUSG00000037536	-0.0062676997041724025	0.08651221344675332	0.06262393279799387	0.03776119392643084	0.004363733896111858	-0.5414297321519551	0.040041613174187314	-0.2326683029697706
ENSMUSG00000107290	0.0025376969375134895	0.08894711443892296	-0.18756900050648947	-0.02654158285943231	0.0470088538366624	-0.5475500076173867	0.04572852548093875	-0.06336400381294181
ENSMUSG00000013033	-0.1159871032118005	0.06857557179662002	0.13822816767378374	0.24128936565768982	0.03942603248739944	0.7616230544421039	0.04894838140795563	0.1397517560876083
ENSMUSG00000083253	-0.04813151069606611	-0.012755515976400567	0.12107090763127609	0.13232510971769237	-0.22644295801848502	-0.7416718997011339	-0.015068557939470529	-0.37087963422140124
ENSMUSG00000020867	-0.008784616632416363	-0.08173122391075129	-0.20510877837061672	-0.3778421847711961	0.0036103150352764235	0.009205248652738888	0.07244836665631012	0.20563783114640147
ENSMUSG00000030560	0.002355922858718329	-0.0836125677156106	0.07173091574631768	-0.30731640296964596	-0.024192544328780204	0.8911824558702035	0.09041527382188547	0.24128979125666664
ENSMUSG00000068114	-0.09354330169271574	-0.17156603050239733	0.16682801325439486	-0.19014510962945758	0.09081050578186266	0.8047256280533394	-0.002684816631457587	0.25880549792507673
ENSMUSG00000055319	0.0685867156750032	-0.004932406685130397	0.3424678835963583	-0.07860517238647255	0.008670427933172414	0.8782019627252506	0.0860175676601369	0.1276134184925972
ENSMUSG00000095063	-0.162533902708711	-0.13228050953678522	0.14109571631101048	0.22924447439001322	-0.28817809077817547	-0.8589317843518512	-0.08288023819166201	-0.3987996480820294
ENSMUSG00000031274	0.033774587746321694	0.06331730985218313	-0.013194240647527914	-0.19896368704323383	-0.19758988821800003	0.3621649552404268	0.0020171181609904276	0.27765287276768674
ENSMUSG00000021598	-0.045968646068082035	0.07529314652090999	-0.03592599839229286	-0.06378579399123371	0.04728525964090464	-0.6652541989712835	0.02441060082005797	-0.08217162446838328
ENSMUSG00000112707	-0.010893248995254725	0.044899893822187745	-0.18769372237436083	-0.12906240739565775	-0.010438915856184332	-0.5100034340796918	0.024539864590287896	-0.18377441481253193
ENSMUSG00000097010	0.13750125168046706	-0.27948729342270345	-0.14684609598408235	-0.6737584882298367	0.1325931074276148	0.9880688349324078	-0.1867478175178389	0.02364478670783266
ENSMUSG00000025407	-0.026602671828648748	-0.08498423068638342	0.013526826475729337	-0.01755045363088428	0.25033278621130606	0.9059878984097612	-0.16580531108244176	0.1815123026389376
ENSMUSG00000057637	-0.00344359061759536	-0.07351312490291917	0.17536707775303614	-0.14255068701749482	0.04380966508557267	0.9596424956302699	0.08903123197251599	0.24421039585710375
ENSMUSG00000036943	-0.012970096842021994	-0.15161367767563172	-0.08111734472208924	-0.4406972733625232	0.04607799946908173	1.0124884387385582	0.020222081899144023	0.2006487087993059
ENSMUSG00000053931	-0.020549909505375802	-0.007851714929037357	0.27103027511878697	0.06726624875079462	0.13303228816177248	0.8162563098402725	0.06196790059420785	0.14837469336883788
ENSMUSG00000022762	-0.03129137022561685	-0.015243154986482182	-0.1925244995600102	-0.6844325750908429	-0.030522585307325618	0.42210571714083955	0.052085262781456095	0.3036200081894172
ENSMUSG00000109732	-0.01569755926130706	0.06073784247354528	0.019636757285507758	0.13121077228202574	-0.022863885508973246	-0.6304083332464578	0.03523313811460513	-0.059633275351723566
ENSMUSG00000117896	0.06576982048655806	0.06373700550319256	-0.024931195046482786	-0.07056463594242543	-0.02460351832257938	-0.3435017519306357	0.013576674349990048	-0.061398406314911703
ENSMUSG00000021439	0.01438374254163208	0.05067501406478219	-0.1412778859945993	-0.005141193003207256	-0.11217276504057644	-0.7957677551054451	0.024090638628277056	-0.11361439648595319
ENSMUSG00000027517	-0.03221071816614412	-0.14989225820392285	-0.1191975317710113	-0.40819612823547213	-0.0042277400031108595	0.38983034009177725	0.011228813644694864	0.2959228346664171
ENSMUSG00000038828	-0.0930735523983228	-0.026192222955055328	0.2562168056436509	0.0680389386346432	0.04430383070275137	-0.11584471492956767	0.011350128001633826	0.006111218629152759
ENSMUSG00000087277	-0.05361465411227553	-0.10407676232677925	-0.02049433275577312	-0.28069116154582063	0.02826938975273911	0.6098781058729741	0.0032459144762906345	0.24781953809908466
ENSMUSG00000045248	-0.027787180422042597	-0.014033011692739628	0.16034946441138798	0.22887885107626482	0.023459248560554882	0.807034325521264	0.061593098484264475	0.16064016406024323
ENSMUSG00000082661	0.0008871397509659928	0.08981812512376425	-0.2578880096130493	-0.007404855101724059	0.05659317287421073	-0.4202835373201169	0.055029462640213196	-0.06643872577877272
ENSMUSG00000105020	0.021067072457530478	0.07001840648369326	-0.1801064309391053	-0.0651874831156353	-0.042925204214501675	-0.6365619482920275	0.02600585461768926	-0.08244122477646106
ENSMUSG00000033427	-0.02791246188557255	0.07944253509668034	-0.13148198641600622	-0.16005182415883937	0.02285629039251732	-0.5564951616616983	0.03947850655722051	0.012917719663854244
ENSMUSG00000109966	0.021967747109625797	0.04236879801496794	-0.16493528317526177	0.013852366933967408	-0.06463336245357822	-0.6420380565110555	0.023448884088200887	-0.25625101910898757
ENSMUSG00000093485	-0.11737883838731161	-0.06204035639934509	0.13696068175422815	-0.0419643264123299	0.14286904588479868	0.8210464977178462	0.019175625614973546	0.2329680903017155
ENSMUSG00000018168	0.03722766944214648	-0.3597962807409324	-0.1472129537529354	-0.7033116309001882	0.09026574346050968	0.9220784197543344	-0.11044087209368539	0.03915585657494323
ENSMUSG00000001663	-0.043714962236884904	0.02454712436445501	-0.0055530196984057145	-0.08011606108514537	-0.10992371328862027	-0.5146452080851116	0.029822359347624183	0.07177810779172893
ENSMUSG00000028777	0.015651136368581398	0.0625116998930763	-0.15455024571232095	-0.11126851939358236	-0.026761953605509127	-0.49796677035798315	0.02531608171895533	-0.20464113491620103
ENSMUSG00000027624	-0.026039168293966908	-0.25324338009468805	0.06589194802473568	-0.367419238953435	0.08742462902548462	0.9698766917607958	-0.03437552437604952	0.21722380780362893
ENSMUSG00000100261	-0.032653542343615394	0.07883154872214981	-0.13374383763878725	0.12866934538509758	0.010650332083060432	-0.6757069520397008	0.030351724290751073	-0.1497280449229235
ENSMUSG00000074882	0.040101270354322614	0.05701211532438082	-0.1813361519596728	0.11048584527296317	-0.021811056020467515	-0.5162738317135936	0.00794894090588627	-0.20284524003953006
ENSMUSG00000085440	-0.012148076587891283	0.023864223822640317	-0.1811108006676551	-0.1734043794471696	-0.012804659192422983	-0.33618553557248004	0.04156984858301283	0.004320181785009591
ENSMUSG00000025496	0.5491849888783841	-0.12587713921376614	-0.40843856468186224	-0.7527437897234309	0.15751878372389425	0.7780814275236957	-0.5410938837029885	0.31237770494238715
ENSMUSG00000020792	-0.128995993019541	0.10823983237213396	0.07072770119780247	0.22847451813123054	0.04556392619261935	0.6638968527627951	0.03018105171584331	0.09506369986536868
ENSMUSG00000017715	-0.11961656564437015	0.03949438407049585	0.33312461302119883	0.021367355850332226	0.0782966334811794	0.49320700140105095	0.03740790311888087	0.14491582332576508
ENSMUSG00000098004	0.008662183797500604	0.11331105132529337	-0.1417710460712441	0.4480071860300636	0.21440262285335218	-0.4805175623757981	-0.0022645785884271435	-0.1260841603928402
ENSMUSG00000089873	0.004584012811519544	0.030544199449126466	-0.10706253774126974	-0.05495473596411674	-0.045216500449816635	-0.5090628921517181	-0.00452744093961537	-0.2459801558524672
ENSMUSG00000055874	0.5075134726763422	-0.24791268383627324	-0.2542625580152614	-0.7791095841404428	0.24327737141363195	0.9750075017823054	-0.444578176628668	0.20786520321912078
ENSMUSG00000022241	0.037763779677404	0.050341189668893754	0.5538234288006079	0.21310321531852502	-0.02657442783978117	0.268012094786537	0.03868990752360565	-0.01003028376850379
ENSMUSG00000032737	-0.10603762390237806	0.0028925295252419936	0.014396440577203257	0.32591207946985185	0.19260587705550472	0.7484240090663509	-0.09190783648746291	0.14388660169927986
ENSMUSG00000028128	-0.0005867932470150494	-0.25763145262782955	-0.07204530890534797	-0.5366151586911312	0.10775984601814376	0.8740913643574746	-0.09626623350741147	0.22285340020033662
ENSMUSG00000081163	-0.0035169584542034116	0.05283702890184195	-0.17030109810966293	0.0443663615977782	-0.08522200479040486	-0.6864259881027184	0.03387464406927913	-0.22905419548472197
ENSMUSG00000102264	-0.31795576069509995	-0.19725820703179192	0.32056797795255876	0.5194889245080282	-0.48362410362835934	-0.8848384765330852	-0.18306869691091207	-0.5974985398557451
ENSMUSG00000028243	0.05547756204587803	0.03909249159747287	0.33182048409491044	-0.18587824214401	-0.041731659580618974	0.5376529770787596	0.06237470759228654	0.24465351786218706
ENSMUSG00000094269	-0.005778928326917621	0.04414748202023826	-0.18398364255846794	-0.0751912426528158	-0.029162585600774248	-0.6766014089694816	0.031927391350953904	-0.13470826077348635
ENSMUSG00000005779	-0.1189802798217462	0.017501694480982488	0.26197134828332197	0.11917289373425016	0.2152368205893285	0.698792008437861	0.020533759381199067	0.12857086133733994
ENSMUSG00000103044	-0.030336214573940617	0.012457792896262946	-0.22123998145687815	-0.486433426506648	0.005845571031496355	0.08862065825256508	0.07139958548542759	0.2894154677832046
ENSMUSG00000118581	-0.04517739425362002	0.05981093274328067	0.08054712161692971	0.24288355552479013	-0.09996278988121525	-0.7603545666427949	0.031248219594361526	-0.1533120706831254
ENSMUSG00000090077	-0.0292769634329344	0.06001609084495868	0.5639339295497018	0.5255353143695297	-0.046304311943887976	-0.5181790917082983	0.04587255652931444	-0.08482098315068447
ENSMUSG00000087366	-0.012737506795757355	-0.2731779630605007	-0.11798445466611313	-0.5355196130997902	0.05580469467878847	0.8791831336168066	-0.0072713039550399705	0.08922528161014741
ENSMUSG00000047352	0.02018996081411164	0.051047144360432006	-0.17672818766750995	0.09210937699592446	0.00040357582330563524	-0.5685444076072285	0.018182146075642752	-0.2713006688455296
ENSMUSG00000067242	-0.03398005242114827	0.03602315679722967	-0.1186842593071857	-0.1549792536306565	0.00639666294437824	-0.5903710324144162	0.03659531179752104	0.017820692178909536
ENSMUSG00000043460	0.15966818848046516	-0.3019913449508137	-0.12263732524203243	-0.5828520310262563	0.10531612772789455	0.9386555834688262	-0.19095842435166124	0.06452285230202912
ENSMUSG00000074604	-0.059285718502376586	0.07594744670119065	-0.15531383433237697	-0.011401706414730484	-0.011918689010121707	-0.5040908966879473	0.03528080679517648	-0.15854844815288824
ENSMUSG00000075163	-0.00289741266447352	0.03321224243959126	-0.23808705444077338	0.03646142270680413	-0.010495187807691632	-0.5534144545786719	0.028840270369748313	-0.24080530345667137
ENSMUSG00000115088	0.002061592332831763	0.07758279922017557	-0.19600445151774176	-0.04214585839221108	-0.030662821712247927	-0.47668969530140237	0.028243951799824314	-0.15494265743177085
ENSMUSG00000097266	0.025045016028177155	0.004530035034348488	0.4434084209639396	-0.12900249863712202	0.001305602457857269	0.3247757854872755	0.04489006343307867	0.23189523178391913
ENSMUSG00000043773	-0.046194598379853444	-0.04508117593982032	0.0673262079811926	-0.005177300110141614	0.09026047407664758	0.9828943246224621	0.06426673945773388	0.08933422292232433
ENSMUSG00000040785	0.05940197278207329	0.05267390418925072	0.18544350357900286	0.32381823725055303	0.020740670451677268	0.8695866553224134	0.04941070606332112	0.08851738493060786
ENSMUSG00000113204	0.03746427820090058	0.15699732861974097	0.19215863767421368	0.3728969851170363	0.03600928897889581	0.2509889656124896	0.0352993640399288	-0.12302450704131074
ENSMUSG00000036923	-0.017000064543021443	-0.17680066983177498	-0.13720386523047798	-0.48570971644006916	0.09581683475167299	0.7536804806811541	-0.030722327501779934	0.2637291589812229
ENSMUSG00000112482	-0.0732790804096091	0.06645281894778927	-0.09122069675829574	0.08818804376962004	0.023407423251410542	-0.5215510223911399	0.029868094116634387	-0.08843814816469407
ENSMUSG00000117193	0.0303450543941606	0.08233852847032876	-0.14524250310965192	-0.02591393541133767	0.00287611620308037	-0.38569410150317557	0.03922238079475818	-0.16050427818414972
ENSMUSG00000053886	-0.028993766990610046	-0.17414001489573752	-0.043494029724390135	-0.502583793427213	-0.02409910844886276	0.8988627658138294	0.07075156991170278	0.21532406694749032
ENSMUSG00000029847	-0.060053681691725	-0.1092797712345819	-0.06199950153793298	-0.07349830345381886	0.05403096762426033	0.9459416432488282	0.034418267119160295	0.1921729637500804
ENSMUSG00000043331	0.02429099144118776	0.03736401120294664	-0.015255664096775675	-0.0008577471738654419	-0.07300767519464449	-0.7709618842924042	0.02967375951639213	-0.1825078689097429
ENSMUSG00000083753	-0.22540236443517817	-0.5702748528709136	0.2781694498038782	0.6516436738138252	-0.551601826641742	-1.2653689335422054	0.05144611135027266	-0.14927268229014085
ENSMUSG00000115293	0.14344230096001587	-0.04680906697094996	-0.10857959303638814	0.002321262074989505	0.1378300378547734	0.8520902681322885	-0.22134421902716528	0.1899763322247682
ENSMUSG00000087501	0.0973680906820392	-0.37159477392411927	-0.14377564320682537	-0.6557276226068136	0.16582002351204173	0.8316664858015352	-0.2199846130261076	0.05202538845599983
ENSMUSG00000025401	-0.054972660447263226	0.054823778996642064	-0.11645000717281566	-0.05281812795622211	0.026681644047717112	-0.3783582834977752	0.04287749704635734	-0.021796319066759464
ENSMUSG00000073184	0.08664516181990936	0.07885256931541751	0.3508128190844831	0.5506839583807112	-0.02393954834655277	-0.04969866113459184	0.012097551873521573	-0.08035199541340897
ENSMUSG00000022914	0.08657422535917843	0.038269010328750894	0.26231811278723605	0.29499005465757216	-0.014214740450569252	0.7076285162078642	0.04374845169374284	0.1536303341990527
ENSMUSG00000001143	-0.019959890371996105	0.03005475515976581	0.3789230689426809	0.02477341986106027	0.003630331639748685	0.48001793828134226	0.05372058081174915	0.04952040043497822
ENSMUSG00000110365	0.006484261844609929	0.07415186843355981	-0.13841616237475896	0.03701941816428056	-0.045541704046210184	-0.6662944456940886	0.03251346486664282	-0.1974104419280229
ENSMUSG00000087428	0.03485116026695756	0.07933336807495003	0.06535233054951312	-0.16451253126385834	-0.10846604509445751	0.36761200175584985	-0.071218722237873	-0.09164798504176787
ENSMUSG00000107122	-0.13718141605623071	-0.14283602551820657	0.9067320102075074	0.4500305108987584	-0.42315995178504934	-1.0425374154348617	-0.1340590241517322	-0.3268450258828509
ENSMUSG00000045813	0.02668790061729567	0.06095169767285942	-0.15966141304244436	-0.04007291105476975	-0.07504081201188516	-0.6426782517454063	0.013353929045139767	-0.12447577188500397
ENSMUSG00000042312	-0.03746217374810265	-0.17078797218275166	-0.16920686106543095	-0.5395059197231118	0.02741975711057698	0.4506978671551917	0.036440673993637346	0.25812904680555515
ENSMUSG00000020387	-0.05361788784485616	-0.009178287291925047	0.05914969099424152	-0.09841919305672102	0.15160873632536198	0.9667611532977223	0.03690952651442062	0.24440385465165138
ENSMUSG00000005233	0.0878333926734174	0.04974447633262273	0.4158851016962022	0.31757828642957664	-0.010385052189336275	0.5627442432868494	0.03771190121117653	0.07728130616110551
ENSMUSG00000084921	-0.0762256063335579	-0.00046124961548271726	-0.08474917088457118	-0.10756883807854362	0.028317085960298017	-0.005748203304419617	0.044083242111961685	0.0011645723969305353
ENSMUSG00000085883	-0.030222694706924486	0.08316147113228747	0.04030621296083894	0.25380957682940736	0.01964768030471994	-0.5037885979432185	0.027344225962664996	-0.15798148535471113
ENSMUSG00000019027	-0.06533104532715822	-0.04439697889194249	-0.021218322999914968	-0.18504816764727164	0.0017606238789908968	0.6924893874388487	0.04551484196572897	0.266274163188819
ENSMUSG00000008822	-0.050014502016157106	-0.1357517215345851	0.04118371454350708	-0.27600944041901176	0.14627898087245317	0.7579544671238079	0.019471319651189867	0.24939794715595323
ENSMUSG00000101564	-0.010089609503787083	0.06303599028568768	-0.011700180276176553	0.03671285621430477	-0.1502131034665124	-0.659663567713003	0.01363718958663973	-0.2172303503917802
ENSMUSG00000079442	-0.10501743801124365	-0.06446440485049043	0.0800911612668929	-0.11314811395430084	0.05288041027184125	0.5712281785736811	0.009650783902427018	0.261255495890905
ENSMUSG00000092310	0.019302090369068214	-0.26501757359319916	-0.11278726881330559	-0.3455444905973037	0.21105661662588268	0.902901713127162	-0.2434397780502206	0.3092023457896643
ENSMUSG00000025035	-0.08669764529917165	-0.09751302414534196	0.000869299593595052	-0.06843014866830739	0.04232100237979342	0.8765981198870466	0.024683703983892236	0.23592003391289354
ENSMUSG00000090585	-0.013661633188187139	0.08315130075464751	-0.16118609242287926	-0.06776133223014172	0.08137233894124347	-0.5908849447282928	0.03167581050950454	-0.10935133613981013
ENSMUSG00000026582	-0.012426906460588163	0.0762315569276881	-0.17294837897250873	-0.0828621172522125	0.016818069543064418	-0.4688377540103862	0.04102330873938331	-0.07205211094612073
ENSMUSG00000091297	-0.03300653746147086	0.056010471482987656	-0.12674065179517402	-0.1280116990151178	-0.04628580092328863	-0.6972237758016453	0.033374957910160326	0.0076495282718132
ENSMUSG00000079593	0.013980176162270612	0.05299678135936126	0.08775033871048375	0.01855513188071697	-0.25367650025755845	-0.8183653272321987	0.00140121066456389	0.05367337551438374
ENSMUSG00000046034	-0.039390990749958055	-0.045605399625686015	0.15766533660947574	0.07223746525508802	-0.03484087387905377	0.777763382978386	0.06788847223023507	0.13075491897972139
ENSMUSG00000113618	0.011723611886136675	0.087579409018851	0.010237259696171785	0.2761420489697181	0.046049970940403515	-0.5455546011808439	0.036556048521579315	-0.25135366589694763
ENSMUSG00000004473	-0.06342868094811682	-0.23393371987390127	0.28446810479961177	-0.40806707424065647	0.375287847459159	0.5524268962114404	-0.16284475758046874	0.38705197102225763
ENSMUSG00000099973	-0.26858485223509426	-0.3376544169904993	0.34710410782728474	0.46208504890132296	-0.4932038458945394	-1.1977325473790013	-0.17575318450043229	-0.3790893075164043
ENSMUSG00000021217	0.022091982283474088	-0.16387679980618733	-0.09467504079876546	-0.3616828700897852	0.012105459037271615	0.904317653613589	-0.033093963924995445	0.08809217686492442
ENSMUSG00000116660	-0.0896189602838112	0.010888892511236661	-0.05298519503350224	0.07596155379398593	0.001086323423063723	0.06660463559717679	0.047948709760842124	0.1246097368387107
ENSMUSG00000109861	0.008151146489044137	0.05854325825043954	-0.11851171559017039	-0.014910653027806116	-0.023806815380581388	-0.6945694685141383	0.03645871481491333	-0.22291991311702744
ENSMUSG00000022897	0.046760831204566915	0.11013297191222686	0.18013880050579842	0.5626075665411916	0.03488495639263256	0.424478189537336	0.045651976319318464	0.19171723167304058
ENSMUSG00000052616	-0.017121421502378942	-0.15907984202766248	-0.0888569446472252	-0.14190583166570225	0.03236598967152503	1.0999337997423408	0.05516942679070982	0.24036346197850217
ENSMUSG00000050765	0.03286587455114239	0.06792788240629968	-0.0841002872924648	0.4552803526655823	-0.07261890731214721	-0.5598118070336249	-0.0016812418952418806	-0.26488774135646165
ENSMUSG00000084937	-0.007843301978392777	0.0404258089156771	-0.09567278840958743	-0.07688583102477668	-0.09588338354565805	-0.6372563568332701	0.014481884185093108	-0.15906475718482682
ENSMUSG00000090012	-0.04560994960607589	0.05892752226007136	-0.16049801821370593	0.036292225454570004	0.01174722765189995	-0.8315087943451809	0.031326751466953066	-0.0950289088136219
ENSMUSG00000103202	0.03861819833756556	0.047974066360126556	-0.024189381249876366	0.06873157997742849	-0.1193360528236762	-0.6399662382147537	-0.012732844061910109	-0.19282706640386246
ENSMUSG00000109985	-0.0021733170515020983	0.019865598587541878	-0.0012494634289410556	0.26846525285103573	-0.03713728487532197	-0.6098586898206593	-0.017436396739745966	-0.3481647479880232
ENSMUSG00000005493	-0.033973071430211554	-0.06517700583472853	-0.013410418585325212	0.5465638931692743	0.03448270272259438	0.9699935002040131	0.049476864388559805	0.10149047656619267
ENSMUSG00000106010	0.02229470900942319	0.07483728933654282	-0.14453031706293665	0.015572193301757076	-0.07123817898969527	-0.6287582477153816	0.028659442942542326	-0.19702815896483925
ENSMUSG00000022857	0.01511737895988674	0.04909966030205595	-0.17194380864511621	-0.029821189383454707	-0.029338587666892804	-0.6528840367367816	0.02746287842801275	-0.18609439408877396
ENSMUSG00000068302	-0.04066465677298977	-0.05298004499159217	-0.19978558825890907	-0.34959613481319085	-0.003589307730002045	0.015857488065733706	0.07017462488886045	0.22830674799393164
ENSMUSG00000022378	-0.02728680774715775	-0.11817266985973907	0.14424046657919926	-0.23337766770914548	0.025331617355798162	0.8159171793055865	0.07771036409058098	0.28611746251547726
ENSMUSG00000115230	-0.013309006111283673	0.07233534295949168	-0.1525620474377699	-0.059170661254551976	-0.11054822741330662	-0.44859881328421514	0.010413939072317246	-0.0825373404992274
ENSMUSG00000028886	0.03890099565275056	0.05420886940448653	0.2743098096366063	0.1859989147313275	0.026684653382746726	0.6711744430886974	0.053369947650453754	0.0794181526392623
ENSMUSG00000091438	-0.04121923277279824	0.06362633699621949	0.10392834704580606	0.15355375536027924	-0.006960871736602148	-0.29068241538190187	0.039297891638435604	-0.23962721348163132
ENSMUSG00000097693	-0.024848876116792762	0.11439995033093808	-0.18961955600131156	0.12346046599062867	0.010807504149352144	0.44695392246379856	0.10568130092511173	0.18196862565691685
ENSMUSG00000110552	0.01261469907190027	0.06835549552979829	-0.18443457336270572	-0.042946522605444994	-0.0450076575020112	-0.6495638686234138	0.03139460705543498	-0.12085036113922015
ENSMUSG00000026578	0.008591698522610325	0.0618915347954106	-0.11451443079610384	-0.19874754437165928	0.046804220214564964	0.33825281414739045	0.05884208703151901	0.12447426339690182
ENSMUSG00000084102	0.00859546501460573	0.022319431360090822	-0.03788835666237438	0.10546445268969813	-0.0293896579033399	-0.8611450535616554	0.03583551989210149	-0.2158218055058324
ENSMUSG00000038612	0.04451882487825688	0.07306871899161563	0.46812517783032775	0.459226330867274	0.18407261790930313	0.3361609044512849	0.051904729023036944	0.04038485503033673
ENSMUSG00000040514	0.017660447638141674	0.06416516033017813	-0.18876325452079948	-0.037368220285268997	-0.06275774152507274	-0.6867297283146401	0.017986387332100957	-0.08797794481956578
ENSMUSG00000085511	-0.09820340643100088	0.04795852249513784	-0.0020207314934459486	0.3116062315427074	0.036222415586579314	-0.05570637367171878	0.04232484607753143	-0.013035782726397443
ENSMUSG00000034412	-0.09836551034615991	-0.048990660034394895	0.17182549976200898	-0.05072758048655065	0.026498596458526036	0.645861952999154	0.048264730123803945	0.2528308053631419
ENSMUSG00000037580	-0.005265705667187537	-0.09327652948204708	-0.09435949275316921	-0.430534661326669	0.0076348679891249955	1.024062925476877	0.024835913643205393	0.17227646124137713
ENSMUSG00000062906	-0.08713803217926615	-0.0006353858211886332	-0.09932221429380715	-0.06527924443415953	0.04561331002542904	0.12653507934187422	0.05872429976025733	0.24223612242400983
ENSMUSG00000086421	-0.03580947246997743	0.044412097924061956	0.6308555923182569	0.4934507401150376	0.022496580789387433	-0.22705346036205012	0.04256863339232003	-0.0603216198757164
ENSMUSG00000043385	0.007305322924719859	0.08357362197818337	-0.22450490493210068	-0.16170501350856661	0.008282044998259299	-0.5381448214735813	0.03937107200714205	-0.032782408019181475
ENSMUSG00000093759	0.256636386401166	0.04209282466032032	-0.3030322235149633	0.15692020889869535	0.13349557818939897	-0.14845399400272447	-0.2124274127915612	0.03646087019593681
ENSMUSG00000099718	-0.060457306888783736	0.07658683010457615	-0.19131331908988755	0.11625949836652925	0.043952790196211476	-0.1355692984261785	0.10365561199593352	-0.03396890010460892
ENSMUSG00000113701	-0.013947519715951803	0.07675885830256814	-0.17232772679319333	-0.10472431141351056	-0.004357996873907699	-0.5949019798472884	0.04165440409611428	-0.041535479944354144
ENSMUSG00000056050	-0.03441339350133599	-0.1252530023807289	0.14095701870893992	-0.35636759065917745	0.07534167176776853	0.8359606204557506	0.018829448893496803	0.2541032928126588
ENSMUSG00000002500	-0.09043312348714178	0.06346802092515462	0.02457986196100393	-0.05698759578943955	0.0372668993195838	0.021139899444040322	0.05425275847200968	0.1292301462594321
ENSMUSG00000113662	0.05471940749610188	0.030369596635704942	-0.24051925813795905	-0.04581178053914581	0.04977505456790164	0.5385068525604998	0.08967195875162447	0.2549964361786599
ENSMUSG00000107647	0.04709592100415484	0.08283934504730027	0.14363238706738762	0.2699693672414271	0.03391023185105456	-0.38984489420165036	0.043083239431165196	-0.15288592909551352
ENSMUSG00000073052	-0.062275714110194676	0.047201070711530124	-0.12764918282916993	0.0248298880218627	0.02716368699646041	-0.43486952333015033	0.035159219915006694	-0.10182525079515417
ENSMUSG00000105107	0.0034678954541934592	0.023570237139952276	-0.14246884857293002	0.14746209103234972	0.12779006361177223	-0.13042864409893662	0.008547089436548904	-0.10943530356136226
ENSMUSG00000072964	0.09311963182455016	0.04502833522984262	0.19298528388795036	0.8443637054673104	-0.1110489250288537	-0.6077332211705557	-0.00931668699305127	-0.12488638151595388
ENSMUSG00000062190	0.0657861735023985	0.047010137586280455	0.05826765959563839	0.0485653803985196	-0.0933620252107783	0.8100301018865442	0.05150771868974223	0.23195066125287878
ENSMUSG00000058498	0.27319339928802416	-0.044863362189145606	-0.2353977260208821	-0.15872817417854507	0.08666633555920347	0.3895277578438401	-0.1919367601079595	0.3047533321336871
ENSMUSG00000112060	0.018828224847923694	0.03481544349849104	-0.16270443024517395	0.04558345901790695	-0.05297607766327997	-0.7410581650085076	0.017266571378032003	-0.1939202500760728
ENSMUSG00000029246	-0.05279223930935824	-0.05279766318052058	-0.012895640002048792	0.450237122625097	0.17832352280375072	1.0906941876321723	-0.0385211417043576	0.06797564112866415
ENSMUSG00000025362	-0.07132814608885182	0.07836482007775737	0.6907553514075945	0.16617570754706576	0.15840980853137007	0.11700169921889648	0.04452813123523042	-0.046450796710749254
ENSMUSG00000062199	-0.01666191034573468	0.050451203635608365	-0.09319534829581004	-0.10401486927595291	-0.16812533557731726	-0.6432024128839499	0.010565931725560862	-0.17171569093572195
ENSMUSG00000114264	0.0649188244997535	0.054672850627785756	0.19500560980902906	0.2577313380568977	-0.04768743263391507	-0.4222237807069514	0.007703707696426032	-0.21585323625016556
ENSMUSG00000095900	-0.3100959085541398	-0.03320350614076931	0.08805319150046069	0.39087668836324546	-0.3123850775364949	-0.9029693089661067	0.016525329164842395	-0.12144714088603978
ENSMUSG00000104571	0.003176002397972333	0.057141470330145	-0.16398702398014653	0.11428997213167393	-0.013904181561377179	-0.8423337052072408	0.029951737325643837	-0.1565713426493263
ENSMUSG00000028622	-0.04440336262560731	0.00882307536735009	0.3197401782925423	0.19617935976870557	-0.02017935743174415	0.5750197266847646	0.05065695234401161	0.11811017615813427
ENSMUSG00000037217	0.09393551602399654	0.05634607374004575	0.27112917351044263	0.194584175877612	-0.1806971602947095	0.5704434097980297	0.007158287626546356	0.15078481156757564
ENSMUSG00000111037	0.13549946176650318	0.07292187024023815	-0.22825688008292988	-0.13540633995162304	0.0359418865311223	-0.5891032021210061	0.001843353244184942	0.038515143376705474
ENSMUSG00000056211	0.10856702011836965	0.04000486175704186	0.1497050294632287	0.41732540835493903	0.021982659049082365	0.8607954266269164	0.04932411590508059	0.11471533748247292
ENSMUSG00000109604	0.4110019477584567	-0.22019669273516684	-0.34829248384969025	-0.8320639552576234	0.1882456488276764	0.8997102780629278	-0.5397062033502384	0.2572513567038966
ENSMUSG00000109993	0.013276890476616843	0.06605338540938467	-0.11373654635443131	-0.025988344255043674	-0.05236918494071155	-0.6537044313222514	0.031039329322462218	-0.19368689126270122
ENSMUSG00000052595	0.01194624912512332	0.08318143350406701	-0.15373424719837528	-0.10834507228433664	-0.07122142357774876	-0.4909372183197458	0.01840851092529428	-0.12707825163293623
ENSMUSG00000093697	-0.044475672758768875	0.06168652459935186	0.008470899772899184	0.18641520592260025	0.004585735789829459	-0.686949734004825	0.032534117267835255	-0.09594860914725066
ENSMUSG00000015942	-0.07262853089594937	-0.053312887242637816	-0.02578107558255968	0.43618761236156534	0.06898346782110847	1.1133059123066298	0.012231565193837612	0.05347752553091611
ENSMUSG00000021180	-0.007874549239884676	-0.16869509204065128	0.07790971118738378	-0.45040616501715464	0.06856586446359993	0.5635630259246734	0.08137921794757741	0.2616737173615745
ENSMUSG00000108365	-0.04346374768491119	0.060753122369916285	0.3812382941163913	0.4672184410527415	0.03821868116783371	-0.3748704860597136	0.027602737467027183	-0.14173173155423335
ENSMUSG00000024992	-0.04711829742062222	0.042802743282097655	-0.15534978157791446	-0.07403063324915753	-0.007035746570136947	-0.3624138070952294	0.03885316741001801	0.05326058767726498
ENSMUSG00000042156	-0.0490940658217868	-0.20941467146070444	-0.018281714120326753	-0.2217775175349101	0.06391195749774506	0.9608469071292477	-0.04846904065815712	0.24409037251951185
ENSMUSG00000108393	-0.05275435489769563	0.0649401913622478	0.033763944618916145	0.024001444610651373	-0.00601373530643301	-0.6735022959958354	0.03472355598164094	-0.10638883925964034
ENSMUSG00000020490	-0.0926349900976205	0.053067176694931044	-0.19282792404261323	0.057174968716236466	0.005080839874828642	-0.03741063707847736	0.06288484190794824	0.0034680815230484496
ENSMUSG00000072663	0.05118306719586308	0.08046273807010602	-0.19915700597875607	0.034649864728365926	-0.03928558261473853	-0.48612595940605685	0.0056672501075998305	-0.07624670057822275
ENSMUSG00000035191	-0.03675473742016702	0.07402192898606336	-0.1926190054440759	-0.021652141415927435	-0.043679681925769355	-0.3562311722432161	0.02559312870488184	-0.11752578159442925
ENSMUSG00000112488	0.039407891318293406	0.07068043461352455	-0.11382372306321697	-0.002488659491894585	-0.024080613106312813	-0.5400191917090383	0.0140078457108392	-0.13579144399269327
ENSMUSG00000031250	0.015513207663405248	0.02222413154809331	-0.07930139787504978	0.0482336129547956	-0.15740380179366953	-0.889343835298811	0.021239583221503086	-0.14327012123924593
ENSMUSG00000003949	0.036962480347582094	-0.27448543596756436	-0.1094466994961985	-0.41710387898073326	0.06611538379304094	1.087209781089646	-0.04540798321386608	0.163247317523726
ENSMUSG00000086815	0.16046850949104755	-0.32127800643751786	-0.2495465154811756	-0.7082904445728436	0.34746924855421396	0.8549642140427662	-0.5077854666408579	0.27854589627187415
ENSMUSG00000041912	-0.023186450686508875	-0.25057354249638414	0.004889812457850029	-0.4090513788313812	0.08055887967588649	1.0273123649797373	0.03809592788367039	0.20914687551211597
ENSMUSG00000113536	-0.027233859215393952	0.07698717813837405	0.13446116770066815	0.06820920525652403	-0.04325405042068939	-0.4902719465493428	0.03705444635863252	-0.21931551138584737
ENSMUSG00000095649	-0.0819959753793627	-0.28370655747809354	0.1765065721482312	0.41360220555645544	-0.35936907139825247	-1.2281188000390995	-0.03385246119375851	-0.38375666251355356
ENSMUSG00000089824	0.06893409140824397	0.06404787944005302	0.3184548800144141	0.19908415780806427	0.07768334854756528	0.5560865365466853	0.05485517505363102	0.09780822997906344
ENSMUSG00000085804	-0.09544098546944459	0.07006291211890377	-0.009061360562955988	0.14374728001143577	-0.0016808369008971327	-0.11678267522290883	0.04182014559551458	0.021491575914044866
ENSMUSG00000036916	0.12626507864666756	0.03395707426473213	0.4757081715861089	-0.07866338806442244	-0.2159658552070656	0.5948561274567794	0.021040539892661192	0.1676042837198788
ENSMUSG00000001029	-0.035673464335420624	0.07358889084513628	-0.12648475144410595	0.09629503315687007	-0.023235273626261013	-0.5102119162198463	0.029765932868303313	-0.1824379550859632
ENSMUSG00000045202	0.01804979321554645	0.05092494360593637	-0.17017143228706091	-0.08862737397810266	-0.027964468812346183	-0.593670576017486	0.02956121030099817	-0.15177633297729312
ENSMUSG00000086560	-0.03405234407345346	0.06067746647972432	0.2944003224461719	0.30847247702466135	-0.04986237600010052	-0.6348521255462509	0.05142272140650474	-0.08560670717922991
ENSMUSG00000039958	0.007968223872855673	0.04175376156802289	0.36088637787835837	0.20252843201031984	0.022739079515055938	-0.16710490170093759	0.047575767350411954	-0.1279326166574569
ENSMUSG00000110035	-0.006860066522218345	0.08338783189099312	-0.11921536139464041	-0.0328840769646941	0.004480358182293087	-0.5052778339295708	0.03673777724308079	-0.17942531508197376
ENSMUSG00000028756	-0.09134553824959157	0.13176768811012285	0.0726938742543424	0.3738274437271769	0.07827690064569243	0.6628908873926509	0.05146896601312141	0.15475993639364588
ENSMUSG00000050504	-0.01359836279281988	-0.031125004237540454	-0.04125547311317393	0.18799108436777243	-0.20993719556362334	-1.053329123506399	0.015756957224211554	-0.17123656137153964
ENSMUSG00000113675	0.011996386098204304	0.04568418631136114	-0.05576682809431068	-0.011630361674013037	-0.08317579394027232	-0.6457346442619597	0.0213351127488315	-0.2488541297508998
ENSMUSG00000107178	-0.005042886091776111	0.0741276153998393	0.5436899436190649	0.3722385723632924	-0.03037665479527937	-0.6690661919632911	0.04416552368779646	-0.10852163356425257
ENSMUSG00000062044	0.06182536144472561	-0.0283009997669742	-0.15680466067859933	-0.2953628218322718	0.10169106909281297	0.40057348113131513	-0.05523730397924272	0.2563120603593355
ENSMUSG00000058656	0.02231017658697102	0.0029667493173218817	-0.09274843521425322	-0.24716707985987157	-0.055078731046163	0.6401024171478152	0.040743985901682746	0.25350712695588584
ENSMUSG00000024276	0.029625450029846387	0.012651937736882113	0.34712919342551435	0.06140131373069309	0.06702004554229526	0.5979710492075375	0.06469745302475807	0.16091959754764198
ENSMUSG00000107027	-0.008596549373895443	0.07562014851115276	-0.007843612832550285	0.4428598754054883	-0.013822002280918825	-0.4065779214419576	0.021139628547097295	-0.14456865698554397
ENSMUSG00000095346	0.0043557983130095845	0.08347835836896539	-0.19090739298653298	-0.07352843525337427	0.006920872199269024	-0.49335354982892954	0.036658087581473264	-0.15809240989111278
ENSMUSG00000040592	-0.06710087647062711	0.06681942600430606	0.13011561548024309	0.011896351998135712	0.0412389390933592	-0.5778354967431013	0.036334793408351565	-0.08736158427156153
ENSMUSG00000027193	0.08951565532344101	0.016103721723781828	0.293527423091458	0.03865139096577377	0.06383479119187911	0.6120661003352231	0.0670455627944409	0.26070300912276
ENSMUSG00000112117	0.008924507558177197	0.05525174379479852	-0.12942635992391743	-0.18104994124311619	-0.04598704167563984	-0.5527754052957095	0.03594793224916659	0.016746727885504877
ENSMUSG00000030374	-0.1084726460834504	-0.05263157126418633	0.17522449704523718	-0.0033574492048413784	0.005607284622896954	0.7625917859695284	0.03252677994107184	0.18769823133500152
ENSMUSG00000110391	0.0030567118787767447	0.07822841306581625	-0.19068852767340327	-0.15313069588984293	-0.0010283592747795112	-0.5641899689367711	0.03892923468183349	-0.08128936686869835
ENSMUSG00000111517	0.0003806416017333447	0.07901132815150698	-0.19089894397147045	-0.03115929259940421	-0.008351918705800892	-0.5158401847516407	0.022176120150561276	-0.19564938457233305
ENSMUSG00000103877	-0.036447315017173486	0.07510858108765901	-0.1779756678823901	-0.0354152660508373	-0.009416096814743868	-0.4923712062046846	0.037257577926036796	-0.06071903892088996
ENSMUSG00000054391	-0.0008659724841547692	0.06269924875553254	0.223874101303059	0.3373894122278437	-0.0005303570315798867	-0.03216009137824718	0.037077515160359745	-0.06882396607647358
ENSMUSG00000030691	0.011977565242553834	0.07538755715712207	0.04412117124878052	0.27102209463081267	0.024228642343397434	-0.6119943240371658	0.03986238399378252	-0.11801725901903556
ENSMUSG00000042035	-0.0783744941364358	-0.1424328308904921	0.07226139982318917	-0.12140428852254688	0.06632843733991765	0.926942178143337	0.033400788838475415	0.2598547212279411
ENSMUSG00000031016	0.05052796041923593	-0.022734413012872955	0.23188816519812916	-0.004489883289424235	0.08098623790903109	0.8785244635990583	0.0626644324259415	0.19776661392233966
ENSMUSG00000110588	0.21867990419041378	-0.11083158473297783	-0.12738095120860385	-0.21887378794708567	0.13855625648858855	0.9069947738066172	-0.26416606808904614	0.25769641173109836
ENSMUSG00000084964	-0.027690769281697447	0.02995977776941309	-0.1688200715870953	-0.15720038131469716	0.08758345519074033	-0.3930035569670169	0.027792161154082035	0.04544284902564202
ENSMUSG00000026308	-0.08022043602255023	0.023473547063648764	-0.13497779579672037	-0.033361591338722955	0.024706300350530792	-0.11984904434555285	0.0694883413979756	0.026527057853338743
ENSMUSG00000037617	-0.01841382521776472	0.07926614370638677	0.15679458395095472	0.3281418943290493	-0.02301873049988998	-0.5064652308026335	0.043284220025390494	-0.0989330740069671
ENSMUSG00000024043	-0.007392976766823822	0.02269961208986994	0.13736700552482284	-0.15036343882037112	-0.03366455101229315	0.470612265433137	0.05696807061759081	0.29397190113303295
ENSMUSG00000018620	0.0011432364616952295	0.07766975342361046	-0.1608953283051884	0.02617213296912941	0.014799110328374335	-0.6556975242839355	0.029878476516223405	-0.12300928132320578
ENSMUSG00000090315	-0.013111229388614577	0.0016199572445996235	-0.17863914462579916	0.0480097726299459	-0.040618569184954746	-0.6692054874347101	0.003118701952620218	-0.24099613538639475
ENSMUSG00000074596	-0.07170657783111772	0.04940731293545743	-0.03689685957435284	-0.10686451248838984	-0.047322287997435965	-0.5194353046055289	0.027699209485118614	-0.045728817070397096
ENSMUSG00000034777	0.1985359616778035	-0.37488147729390203	-0.1884933846688094	-0.641963209529342	0.36880248256993226	0.7961883304383323	-0.47432895301448996	0.18466463152110404
ENSMUSG00000105881	-0.049235495307144425	-0.02781992732519997	-0.018606968281038805	0.5121438336671033	0.27727536115642437	0.6982246585645788	-0.09925079953773637	0.1597526723826451
ENSMUSG00000086279	0.2963363079256495	-0.17733701270718819	-0.15071579531806134	-0.676144862455732	0.17995321534277184	1.076098875931399	-0.27743612460651385	0.22955639224475186
ENSMUSG00000032530	0.038979525828332334	-0.29535382912448144	-0.11567090916353276	-0.6318350617835057	0.0394534752945421	0.9664463330199012	-0.0339231254271136	0.06799315118258308
ENSMUSG00000063888	-0.08633791938637914	0.09374556834005442	0.5937172746059742	0.3563728161266539	0.1144768768039874	0.29955018092328034	0.044286429264851865	0.023901336660923145
ENSMUSG00000102561	-0.02872891801715075	0.07361737750295975	-0.21726571203864498	-0.12172066678725275	0.012791865402008403	-0.4406450319022383	0.037667182228771454	0.008692116097927194
ENSMUSG00000092175	-0.01761896787657213	-0.058064896511298286	-0.12178441598305541	0.08880676549437028	-0.0923471692578087	-0.8827901724231465	0.028586893876618502	-0.21496452827816256
ENSMUSG00000034459	-0.006727967056574524	0.06880940316129788	-0.13025887904329883	-0.01951874222414815	-0.03737071830788361	-0.7874614485609227	0.03312782987814769	-0.08081059672010127
ENSMUSG00000033963	-0.08489545720507083	-0.03100186488980694	0.10408747190772948	0.08917450363738667	-0.058732369993383	0.4611177057025143	0.03099204342507764	0.19697649789509664
ENSMUSG00000104524	-0.06437744458332581	0.0546955903805425	0.04007308321821243	0.09074702975410565	-0.022617277823280848	-0.5476694169997196	0.027272875189017717	-0.004650529456026398
ENSMUSG00000100508	-0.15650657577808133	-0.16430458821157354	0.6381750299456901	0.3699794175031466	-0.39878308511120303	-0.9520552067562639	-0.09073257309658844	-0.46214415424330474
ENSMUSG00000101003	-0.20448547154135135	-0.13754125317822186	0.9525000808881684	0.35804505775223644	-0.3281221132835412	-0.9090852929391973	-0.21833331112344584	-0.4306625107262987
ENSMUSG00000022710	-0.024754792266077796	0.13593080895630963	0.39003309795249214	0.44224119225406894	0.059606620186529416	0.048411408392160814	0.039480349660498924	-0.11563402905371598
ENSMUSG00000052496	0.23719034661972205	-0.25472162181545327	-0.21757464413237237	-0.7907074604401989	0.12185358188343554	0.9112989421694399	-0.20961290825497692	0.20068740664853926
ENSMUSG00000042541	0.08389961328646611	0.04418304205605095	0.2265518056019357	0.087797897821929	-0.03176579013949654	0.5960313471990295	0.05821614123993532	0.20219048835204853
ENSMUSG00000027071	-0.06954747241919348	0.07051902630981983	-0.06405263329147994	0.2776172458927756	-0.018699021459078535	0.5947054852327237	0.05266053520570887	0.13692855918780292
ENSMUSG00000096607	-0.06873339450252229	0.06906158895201413	-0.18084950430378213	0.36216295793859804	-0.011474786572992834	-0.7417021399530674	0.04795545478693831	-0.06718209697266696
ENSMUSG00000093963	0.0019719024120351536	0.08140330929114656	-0.22437895781765657	-0.11674828245712061	0.010367555477861256	-0.47992727597725676	0.0483866042477047	-0.0828278389221759
ENSMUSG00000038599	-0.08674113626265297	0.003270224271198774	-0.11247637881940385	0.003532514808232173	-0.015857658218998132	-0.07167435485461277	0.03663218277708524	0.005050054722649966
ENSMUSG00000090379	0.02377121991277953	0.060185186392702254	-0.07427750074400209	-0.0651120430247152	-0.09090931924940346	-0.6724391203438763	0.028139694405909053	-0.12941799778140978
ENSMUSG00000111995	0.029487300980851405	0.06147579646754514	-0.022786412661008115	0.051057630404417985	-0.0781211309124427	-0.736011897610151	0.032846422261400846	-0.1776471171603288
ENSMUSG00000028530	-0.024009610727473724	-0.16070742812888378	-0.024392963134580475	-0.41729204831036215	0.00886870035261389	1.0145738831861586	0.04692428120692505	0.15905392555739387
ENSMUSG00000033382	0.11026193549167364	0.045832524746582635	0.29807322451815993	0.14873807465020134	0.0018295482928871731	0.5809355956614572	0.055150652769779325	0.19617053201176626
ENSMUSG00000092342	-0.022776776453548142	0.043419430528011345	-0.2355346143061659	-0.11594858996325998	0.059392560650040935	-0.48316491660458216	0.04182679013672609	-0.20019267301527724
ENSMUSG00000106847	0.05277100272163638	0.06721840688355679	0.09809719146751063	0.5205887701426526	-0.07151442841647045	-0.4005767361661668	-0.006780869869068201	-0.2905489680377615
ENSMUSG00000024972	-0.07993280325567743	-0.08727490609564657	-0.07462043738688512	-0.1744082290850722	-0.02194440114383353	0.3089422600515593	0.03900026517753297	0.2542143639283819
ENSMUSG00000038564	-0.08050233471237336	0.06295914898211162	0.12970561128837232	0.058450038767286695	0.011138064494474853	0.536154524453483	0.04460009676389518	0.2073206931215844
ENSMUSG00000083628	-0.13035336276770743	-0.15106655672714886	0.0885457543536714	0.224153701278592	-0.2575969710707122	-1.0278640214282282	-0.03704551431113203	-0.25583300321943353
ENSMUSG00000021113	0.051887157291834525	0.039922544722358885	0.28274247319880935	0.30318058001732234	-0.017999012555781624	0.6046111361110412	0.051098616118359745	0.09529799242374433
ENSMUSG00000068086	-0.002604114008521674	0.08567552839814763	-0.11881418773840027	0.04542303518314403	-0.03411697283832631	-0.604519580081573	0.023270219366274447	-0.14280315002898425
ENSMUSG00000087222	-0.05302306055592769	-0.11955230811140712	-0.04994812226354273	0.07467845399573105	0.13423365148683575	1.102070350572238	0.0033551451145767963	0.15328785739771725
ENSMUSG00000098257	-0.06521375504325158	0.0707219795809634	-0.16883718443821166	0.1016059960095971	-0.0335573889743614	-0.5870672614305076	0.02565658386483005	-0.13644177223084125
ENSMUSG00000033953	0.04665957686940993	0.023036710905920403	0.15909900374997366	0.024040647749560922	-0.008160256909448105	0.7477181924369799	0.07024525995601032	0.2532420372464054
ENSMUSG00000006777	-0.03916203069567899	0.05749431166089387	-0.1411478998662235	-0.03824845800912141	-0.04860941050328004	-0.431293005456455	0.014185964301628884	-0.054445268783488175
ENSMUSG00000026023	-0.056063862188170326	-0.04288571725768066	-0.06489780807475712	-0.11205613459028069	0.019390310458606494	0.08214981468922096	0.03931259159122234	0.147092647746515
ENSMUSG00000097352	0.016124185581843566	0.058651117144322536	-0.13553878496836533	0.02892868814863841	-0.018771372788001967	-0.24095909042866914	0.026641706930407436	-0.009643090887839212
ENSMUSG00000074466	0.31493059866390827	-0.19486360017741064	-0.17972488631698524	-0.48178078160369914	0.328513714106436	0.914842249112556	-0.4362239085960684	0.2869160974010977
ENSMUSG00000037306	0.020638653184926303	-0.182603234205131	-0.03563841331322925	-0.3337596959062124	0.13275236169927945	0.9607655864480884	-0.06001631737112238	0.17092085991288494
ENSMUSG00000100144	-0.25135132940540195	-0.17621759411405552	0.18784013771160812	0.2596909561613985	-0.42213322784622836	-0.9617346036486123	-0.12430955605135932	-0.3126962896355446
ENSMUSG00000069430	-0.004586464483109398	0.0754016993910103	-0.20237192928377704	-0.08521948719230127	0.047898257173347704	-0.5674412507631136	0.03971946101171974	-0.04607722027138825
ENSMUSG00000086387	0.01080328013096	0.0810694745187615	-0.1639655853577409	-0.06622985771005542	-0.006400813249115345	-0.5287324982480207	0.03117688861232729	-0.12955331589732097
ENSMUSG00000103378	0.024967304764978722	0.043886544040335124	0.040560674322428714	0.29519902987405766	0.011027416920207145	-0.6931752700241041	0.016021452592185705	-0.2451024542744916
ENSMUSG00000115880	-0.014722205050372115	0.07127453564940049	-0.13965041165284198	-0.0297979785056028	-0.07379430988881547	-0.6679342185169221	0.024155695614669348	-0.10608913652284614
ENSMUSG00000062931	0.07418517622256854	0.08739914376987235	0.11299596787774174	0.13533428082795432	0.03431731495234147	0.6613402115528211	0.05054554957189946	0.04608364136535574
ENSMUSG00000078137	0.5969169071782497	-0.23764464409827876	-0.3430809046388545	-0.8821145678399421	0.26134941006312895	0.7146323056727171	-0.6914380457909868	0.24697791126117766
ENSMUSG00000034330	-0.03914698031179579	-0.14630647992423543	0.0945578177299483	-0.37866897491085505	0.023201120674855136	0.8583636291639588	0.061593262176760234	0.24372529838701115
ENSMUSG00000038071	0.010605611848357954	0.04332744350125426	-0.1936276395461673	-0.0825052350978817	-0.05582042520740342	-0.5929792374603001	0.02715737552469229	-0.1692012582627566
ENSMUSG00000087652	0.0036985069279018568	0.059208924717710325	-0.18214458419069948	0.8506116480469785	0.06680354217023732	0.5466379071123674	0.07335690054071584	0.22446182380331894
ENSMUSG00000103577	-0.06312235096878765	0.053793877506752505	-0.17600638346615238	-0.058477777450277185	0.04459841611388726	-0.23046577986640138	0.0634393338641033	-0.029188371572092395
ENSMUSG00000043065	-0.00806330001058786	0.053971937424857085	0.15032562812174757	0.11832663164253379	0.031065740991401657	0.7211565938104157	0.05562522365354253	0.13015708641179535
ENSMUSG00000037465	-0.05644941389417043	-0.04810522825101815	0.17891600311582745	0.25019162605248646	0.19383739669413716	0.9006334797062591	0.02552249098710172	0.14676692742695302
ENSMUSG00000110591	0.0025558255544708697	0.04902823820675579	-0.2029031282471903	0.015911267602013272	0.03767929106766381	-0.68695204082581	0.03778607130903227	-0.14175131351188514
ENSMUSG00000039616	-0.00013299420920653837	-0.2731984805276603	-0.09789795293419533	-0.5441381004557205	0.03633923780458823	1.0116460722698435	-0.0011329734590278416	0.13203983726058377
ENSMUSG00000102187	0.02171855289318756	0.03201812501914309	-0.18158212293070258	0.019397734228370433	-0.04841019954564207	-0.7809859303787136	0.02232476091678526	-0.10542011219602902
ENSMUSG00000116862	-0.08732972574482657	0.06782158564480154	-0.15944646339820617	-0.04160564689436489	-0.019265863780451153	-0.3469015243767027	0.026351501426052915	-0.08191548902822889
ENSMUSG00000043061	-0.06543048625556591	-0.014982504060498503	0.3615231163748328	0.09014169046163764	-0.13320061170682163	0.5059942662231212	0.05618591279613907	0.12566583612652726
ENSMUSG00000036437	-0.013880582680645015	-0.14277934743909867	-0.12887396738015336	-0.723772885378311	-0.055587107379488535	0.7100393755644968	0.0242674774984389	0.17759472327675993
ENSMUSG00000023185	0.01496200813176445	0.06255090674233592	-0.03626011518768235	-0.037599677724278115	-0.1152314212222795	-0.5995726079438064	0.011955048600789109	-0.21634438042947554
ENSMUSG00000100417	0.0053769436021630646	0.06429352146212086	-0.19185115407781195	0.1221572364880574	0.09572811082837507	-0.3618244874821999	0.034201530202858405	-0.05129348937641643
ENSMUSG00000063903	-0.09161776052624732	0.02041372685897802	0.1121224015525378	0.31817787602753056	0.025035856616616867	-0.07901363722449002	0.03576992406664116	-0.05020607732335098
ENSMUSG00000073778	-0.033282448518467365	0.05656977353604662	-0.13407070744568453	-0.11039692370959453	0.01914474549038081	-0.5846734026703606	0.03403237524043859	-0.03412632051868503
ENSMUSG00000111470	0.038966302622233225	0.05904227100913173	-0.0688985847866218	0.10640906435468545	-0.07548891685888741	-0.6174920647041382	0.0029285786269691583	-0.20515326018376115
ENSMUSG00000028132	0.017321817105306003	0.06066142989543634	-0.17152015867495096	-0.11438798530660889	0.10018752677857981	-0.3701878679414487	-0.02723477664951468	-0.0605652132149564
ENSMUSG00000108307	-0.053594931085701646	0.06798496071836335	-0.16451599576580517	-0.09566265840800803	0.007151417953555006	-0.40358395053565055	0.04522517344865787	-0.08494214878684578
ENSMUSG00000016150	-0.09849764911216359	-0.02972298648843185	0.01658451109598244	-0.37446749273517016	-0.4334904395234371	0.8732157124623944	0.07584488386302414	0.19387551570238748
ENSMUSG00000004054	-0.05516050915973481	0.013239201330220607	-0.05685196163203699	0.2272610082598707	0.10687089495433438	0.6162913849510065	-0.03814519067268298	0.1717761418902475
ENSMUSG00000096169	0.011471502173767134	0.06295006727129875	-0.2437481683536792	-0.09132650541332989	-0.01670069606671477	-0.5082539867702548	0.04750194595608737	-0.08276177753332889
ENSMUSG00000009900	0.24354512277987567	-0.35802496064084893	-0.17010393534286836	-0.5939405060680254	0.24449085640742735	0.9413297729633293	-0.40541187824121416	0.17821170384620127
ENSMUSG00000016918	-0.04452664146110022	-0.1653619099096226	0.00694785003881393	-0.351056718239953	0.05655926548247371	0.8346542733485856	0.04216627571705513	0.2671509543623917
ENSMUSG00000109873	0.04167089940126918	0.06725771200823752	0.11055254516893996	0.20427417595822045	-0.028336672502056792	-0.6499963626020716	0.03282230800505766	-0.14305029470941044
ENSMUSG00000022429	0.026980572097318432	-0.048501221055855526	0.1259438527357369	-0.0808898238804939	0.03847030985929132	1.0072966159274188	0.08153818180590879	0.1754968623719329
ENSMUSG00000091407	0.0005597090420951245	0.07364770113971318	-0.20345791498521054	-0.11660787951278448	-0.003188399853317672	-0.6259483206364326	0.03864889076098649	-0.053915754743083744
ENSMUSG00000092463	-0.0475421447966349	0.059997210691636535	0.19738375964295776	0.09505936113821124	-0.17560836118026424	-0.6709637808758944	0.02064722637418359	-0.08811213807095662
ENSMUSG00000029015	-0.04610622564954477	-0.09766497910990311	-0.17986673201115744	-0.4336402065997875	0.014445083127561376	0.2946704061132616	0.04634847136504644	0.26728780503045196
ENSMUSG00000104682	0.04315255404601577	0.09631942120973219	0.3600227180108356	0.4975633860659802	0.03797134703842131	-0.27657382480913634	0.047262178192511134	-0.15731981831320724
ENSMUSG00000044337	-0.07601823018207063	-0.09328305079688574	-0.029134215389992668	-0.08255756679895353	0.03409459994017071	0.7645760094735542	0.025756607161228295	0.18189748999897648
ENSMUSG00000113320	0.020636440045147753	0.07825233455841417	-0.17295417339375582	-0.11478629020496688	-0.020407732982136835	-0.6106439488532015	0.030011349553143298	-0.048261123257596156
ENSMUSG00000053769	-0.09736972456028134	0.15859738946370386	-0.008801969782656682	0.5369002637647264	0.13778251526404445	0.46706278953854113	0.05571746002872204	0.018485519844104098
ENSMUSG00000057181	0.03938697400249013	0.10639306629156078	0.28365348104204313	-0.0495107171938684	0.002205298532743427	0.3031606536884328	0.05391768173370044	0.2841570122547257
ENSMUSG00000032280	-0.03318530230910233	-0.22163990065302291	0.15845421998568265	-0.33100277962010066	0.16869843210705202	0.9712621342732509	-0.04253601466891811	0.22766440112040937
ENSMUSG00000117341	-0.041106452290562485	0.04138899813477573	-0.21714100214920226	-0.1170637223337031	-0.02138471734014521	-0.2727007131042501	0.02700006103889363	-0.03397982691373174
ENSMUSG00000110442	-0.009316465039888644	0.0887220580215937	0.025164380489566877	0.2668049743369694	-0.04407552589433984	-0.37371392991521324	0.014539478602741601	-0.2177259977886645
ENSMUSG00000118015	0.023157196047173492	0.0645891708345581	-0.17454967463983553	0.010624290847950357	-0.06145340150981209	-0.6919236400789074	0.022935866890102925	-0.14677471890213403
ENSMUSG00000031256	0.1682537545504813	0.07045745461259824	0.8490175162443186	0.11175775309071304	-0.14688651615550277	0.1567884126059396	-0.0711431849291948	0.0720319294418192
ENSMUSG00000061080	-0.023305632554494995	0.0016460068021198482	-0.1758419393429991	-0.6124761621199284	-0.10581957985804091	0.5069977644824399	0.03423045512462127	0.2689401144029262
ENSMUSG00000106333	-0.03621921750562599	0.03913818773967282	-0.17320867910755178	-0.06106717896862482	0.06296980760086472	-0.38411378735535184	0.045816801456263226	0.006974558499627859
ENSMUSG00000086959	-0.031992356178930495	-0.12804921753221718	0.0861251713396378	0.20253750040380553	-0.20295339754270733	-1.0018838538485177	-0.02749496007560137	-0.2970374581367064
ENSMUSG00000109058	0.018548594199998904	0.060027098229654664	-0.13339042301202328	-0.07681764356346145	-0.010828992320954578	-0.579436422203063	0.03265623793015771	-0.1584500058893771
ENSMUSG00000087644	-0.029917372070265163	0.03993470311673168	0.3471152275352358	0.05912316861436309	-0.13031660762320504	-0.06170308252445771	0.010947784808636896	0.16306733334403153
ENSMUSG00000091614	-0.0528632185045666	0.0867105286341711	-0.047800334214573845	-0.03881402360058636	0.061487296196042006	-0.08064958050770275	0.05060582678199373	0.14474731421058248
ENSMUSG00000101681	-0.1946057438159593	-0.1703855791542821	0.24542554667348093	0.4165584380395034	-0.48761979895400626	-0.8654410016776847	-0.2551572876327624	-0.5356105054316072
ENSMUSG00000047804	0.06286178116379115	0.022478955314369574	0.3284515436237317	-0.05517896964357716	0.02672442247688126	0.6685365113360232	0.0727140714438897	0.22198576553042593
ENSMUSG00000022437	-0.09808081879927998	0.06683881551732526	0.3258531917183928	0.3547445207017544	0.0018994163994701108	0.4781124625522749	0.04488056145829147	0.04599820437949624
ENSMUSG00000031877	-0.016697770232082552	0.07305540328675651	-0.16045804499709873	-0.020810008519531048	-0.042849404331645885	-0.6491951917425759	0.023600339913928736	-0.11384651497843805
ENSMUSG00000006390	-0.12319373657046566	-0.0009769481176368222	0.1655751646177764	0.19606307483766194	0.06538987810816231	0.41526724996236564	0.025247937709302153	0.1593255179913073
ENSMUSG00000110285	0.030252376055215108	0.07918204147022989	-0.178612669040732	-0.18855985844831052	-0.05791748175478295	-0.3443421748092717	0.004293066629300735	-0.04888409164740368
ENSMUSG00000022364	-0.028455395432287794	0.04324519028628237	0.2626745966563573	0.09777769724732031	0.005050269008865849	0.49779897838651055	0.05268481292271765	0.12952626659664887
ENSMUSG00000060176	-0.01613584806529933	-0.07422667882612383	-0.045160391391629834	-0.2656635197761025	0.04184074942963838	1.0968762458829908	0.025281206177423153	0.20019685808639764
ENSMUSG00000092386	-0.03688006622922544	0.07402762658469143	0.32669631789963294	0.7370756485245319	0.08778533027455579	-0.26910398279869235	0.04020069073799379	-0.03388652324532837
ENSMUSG00000095538	-0.023622211340467696	0.06193183407277152	0.3784178728048169	0.28208890870183356	0.039503036761049076	0.16559087331057995	0.04495834856849523	-0.004357746821379127
ENSMUSG00000041237	-0.06447853456012086	0.016881262433784627	-0.1923145404189312	-0.16043160780336352	0.021566364195045283	-0.14967232687923965	0.07797896766013976	0.10486365040392637
ENSMUSG00000094707	0.02493975689259235	0.0648283508748092	-0.16597826039960928	-0.011836865033637789	-0.06251782713806878	-0.7420088344261142	0.025561779171382422	-0.08805867583082864
ENSMUSG00000032480	0.03601924253398006	0.03378270046381315	0.2734672579941317	0.35826906078794574	0.04669533463818457	0.678157107433219	0.053794731400383274	0.11168479238669991
ENSMUSG00000096806	0.004102954912959422	0.07843516812156198	-0.20280227705008014	-0.057003631267512865	-0.016807446090015117	-0.5449974269398083	0.028095247265583937	-0.1086632460761418
ENSMUSG00000111916	-0.025711045255651405	0.1020962131229635	0.010484993469962262	0.19511029666854804	0.011309975563374325	-0.21131042783983794	0.04823994430663334	-0.26772799052030777
ENSMUSG00000035495	-0.03184972487527255	-0.0030815060619548973	0.24873551788101778	0.03838097844120593	-0.01670069151186016	0.7678651860720165	0.06329671470392374	0.15360357476662473
ENSMUSG00000111334	0.018206620922866453	-0.33672902525441506	-0.0045825579990825815	-0.42599206051407207	0.24743226478772257	0.8371264148797671	-0.19133815596408496	0.29679242065401507
ENSMUSG00000061613	-0.07134822570255778	0.012122416232272837	0.35685872186848794	0.45172548983650335	0.13059836768975233	0.6097586548823158	0.04584595103816389	0.05373369272054274
ENSMUSG00000040345	0.4566193119038445	-0.04217902569936399	-0.33156158207521125	-0.2819688547814972	0.0788396915285374	0.129208374915491	-0.39967975155802654	0.1754825584664579
ENSMUSG00000040423	0.08383498044899264	0.03846044428444429	0.28902006671758895	-0.13092485171173607	0.05098578819640138	0.7055381276522787	0.07958982086637995	0.2457961776457996
ENSMUSG00000037965	-0.030292910775836734	-0.05958084201022147	0.06992374551582259	-0.14806541770052253	0.06248237272588226	0.9516276231140014	0.06498596157966281	0.2624821523886656
ENSMUSG00000026279	-0.030900459156977256	-0.03351646438112519	0.05938646034674027	-0.10789917237562077	0.11706542121672722	0.9511595294018109	0.04207236548097379	0.24433002742199053
ENSMUSG00000037098	-0.03355162627504187	-0.18761042007827156	0.08525148355585664	-0.4310005452605796	0.07612134158712926	0.8869761396175758	-0.016737337946719055	0.22834868601064284
ENSMUSG00000031732	-0.02845646227608256	-0.09572597538694363	-0.06420599631962542	-0.22085926422702826	0.028745331709601248	0.9695173410813759	0.03781963076780625	0.24988449113614714
ENSMUSG00000112255	-0.057367428885114834	0.014245320446307518	0.3692034388120574	0.10112048072287924	-0.016140120097511833	-0.37171735234863174	0.03981904362845373	-0.04529606242287512
ENSMUSG00000095917	0.012114100747151956	0.03209766793106945	-0.1419278843109762	-0.002078984286558838	-0.04607843777648476	-0.4804078517529448	-0.004939055151145821	-0.24965367342673156
ENSMUSG00000107813	0.03526774467041138	0.09099182150537559	0.10380245828250975	0.27006317916224215	0.0534536230347503	-0.5349870098874073	0.04780759979658156	-0.20166167324293183
ENSMUSG00000000394	0.010435008655252709	0.06193700477828786	-0.15261511923547735	-0.039833098934842055	-0.016534659481952523	-0.7691830014899536	0.03576038482978799	-0.09732745355397372
ENSMUSG00000045540	0.012187231860258385	0.06273870096549429	-0.16175253262575776	-0.1450874493015548	-0.019923070854235978	-0.3383814436287322	0.02251750918880451	-0.20679808461173205
ENSMUSG00000058546	-0.051953261271097693	0.09490312685623965	0.6355208422299922	0.6250683293196899	0.22663460350185494	0.2173332097871271	0.037133570880616494	-0.02134842738493714
ENSMUSG00000048920	0.2987583949355374	-0.016913912797212126	-0.1469462367339609	0.009577303195081655	0.14996350689902171	0.8182606334098835	-0.30635830227088895	0.2593290233434244
ENSMUSG00000002930	0.006429493994257629	0.0651237125604757	-0.0990562036064127	-0.009397409272648911	-0.08501087034512776	-0.7848624894228612	0.02948584983115812	-0.10188653955690458
ENSMUSG00000075273	-0.08275062358142023	0.033738635683096624	-0.09904358418097148	-0.13873120612576298	0.041048790280366274	0.30337123597608345	0.040750591403978714	0.17524790630375275
ENSMUSG00000075592	-0.1131388918198679	-0.04680226396028936	0.04070793443966989	0.20107567030046614	0.12696713165338225	0.8286103863556343	-0.004166679760183367	0.12139434044633002
ENSMUSG00000092120	0.016975207027185298	0.07636358538505045	-0.18624864200110874	-0.06748412727038137	0.0025156150576870484	-0.501292486697428	0.035401002889663274	-0.154677624277335
ENSMUSG00000103403	-0.09022432161110243	-0.01196508933011961	0.073469043132743	0.22382234171339366	0.0593066177123917	-0.06258061583572455	0.017848657466155108	0.031199797207583722
ENSMUSG00000073374	-0.016181584840026186	0.029077024176001467	-0.022693113582438963	0.16922824435757614	0.007666873343280402	0.8847082027749751	0.04244011705912036	0.1783335879613192
ENSMUSG00000103620	-0.07823523009129284	-0.04661656989428477	-0.15322444389437107	-0.06475076719208767	0.014757025593016566	0.1636156881124479	0.053719979684595374	0.18277710121399351
ENSMUSG00000111264	0.0489758788547006	0.03735947245347325	0.38700172030786356	1.0193298089668876	0.01948610126089676	-0.33460581164171765	-0.001228736917199491	-0.28263525885013
ENSMUSG00000022878	-0.057571269907865874	0.07734925596513319	-0.21479362301507685	-0.018813415971488032	-0.0038174172629005243	-0.42019406295230444	0.05176534535740885	-0.0930253463505194
ENSMUSG00000103899	-0.025732516753144283	0.06963518497875647	0.07881695578393798	0.3346549091622577	0.0029571984281273056	-0.6005293973427484	0.03414607504592211	-0.1281635107205377
ENSMUSG00000032091	-0.055863086214609094	0.060525764306244484	-0.12859364583669916	0.20257528005880093	-0.060866432736428534	-0.8255868158536633	0.026959416207697928	-0.11672033579670882
ENSMUSG00000024140	-0.059571324480956686	-0.21582513098255837	0.05021022651761907	-0.18325817321553606	0.11425324245841695	0.9952276573288795	-0.03318152410626707	0.2580098215130166
ENSMUSG00000048875	0.011770812761726202	0.04376800476023846	-0.13306409324614307	-0.017872697137424044	-0.05446868201697126	-0.7977222177455209	0.03327048068904318	-0.12354994968623462
ENSMUSG00000085454	0.047070258368497764	-0.29908632348054737	-0.17462152148666113	-0.626279088032602	0.2988379978538867	0.94716383472862	-0.34374442971742436	0.22934901627198706
ENSMUSG00000049001	0.03580482226975629	-0.36842064851577244	-0.20740474063712203	-0.7105929697857719	0.22556142641563726	0.9145735611376514	-0.2495999081895858	0.06890336920107197
ENSMUSG00000041341	0.03221643293165591	0.05618832056201838	0.20544268548872338	0.18776827351940809	0.018140651618706594	0.6719125331772501	0.053675032696891965	0.1916989603786883
ENSMUSG00000091595	-0.012115234802033248	0.07034794782252389	-0.16548772837249978	-0.06258686010360794	0.08565618176903535	-0.7079216050684474	0.037886615645388755	-0.048266472503192395
ENSMUSG00000032343	0.02991835686998746	0.075720920110341	-0.12981387631254396	-0.05998622587472235	-0.07396815049967069	-0.45899362689676176	0.01132596820226417	-0.21716984269152415
ENSMUSG00000075112	-0.022879843625218062	0.03749245822380614	-0.1772582362723721	-0.11655762763235744	-0.027069604483130595	-0.5987436862672058	0.02188837119702547	-0.11743815554991952
ENSMUSG00000049792	0.16655802758315436	-0.09388892467921595	-0.0850184023239452	-0.33054195936628966	0.20169455944551026	1.0188483617567785	-0.21997636114383812	0.25459915791451254
ENSMUSG00000115468	-0.03782921996552628	-0.032491725990275055	-0.1433111361241393	-0.24349036878433358	0.05904065540615506	0.6841454682047373	0.055704299439680936	0.2704941369179701
ENSMUSG00000001924	0.12178093536179825	0.05278651399240903	0.727464951735234	0.36572457657100726	-0.2031559200485006	0.2678494180408899	-0.06316376474946908	-0.025880972248165435
ENSMUSG00000041431	0.014201524114778596	0.05840630744505529	0.4800746889297138	0.31685418249672037	0.1503190209738188	0.49584222850755255	0.050808155772098386	0.033706385481383376
ENSMUSG00000086757	-0.08247528914324476	-0.11090897844740309	0.25296045768020026	0.29705707683404703	-0.2785528690716625	-0.8475179252227959	-0.14412160212557093	-0.35437193528464633
ENSMUSG00000111925	0.013582333134660403	0.027990109209799382	-0.11548828862718791	0.015227948010151182	-0.1414225202936384	-0.7877372160190732	0.00442580011988869	-0.14274697369336198
ENSMUSG00000094925	-0.001509426667310687	0.07747463581005644	-0.197309197193133	-0.1145983294022121	0.03532416600668894	-0.5512747838215956	0.04141826954159757	-0.0843382726628032
ENSMUSG00000047797	0.04436235761827684	0.08218382766707635	-0.06833192106615943	0.28180665791976095	0.26463453536521814	-0.9265873266105211	-0.07428017933941737	-0.09886999299317782
ENSMUSG00000033972	0.10014467628260222	0.020535340798179483	0.15692160825905435	0.11471309917846068	0.01316733746683929	0.6959929646736273	0.06448440218820549	0.19744130778644495
ENSMUSG00000027209	0.01915487563760567	0.0357333100613723	-0.04908720897881531	0.06804069036452735	0.0018327656114678348	1.0373193503741367	0.05157227743468338	0.11329271255116481
ENSMUSG00000103182	0.035697355708924065	0.03812218995103179	0.18457971437429027	0.03313152572664449	-0.04002531116292079	-0.4199514564996311	-0.007650337146545727	-0.24131106528433702
ENSMUSG00000101574	0.0025001103442957584	0.07830285584699102	-0.1285130521554315	0.18628874941394782	-0.074367672946126	-0.6234808801692875	0.021541796265644255	-0.14521962253467444
ENSMUSG00000103870	-0.021827839645989933	0.08145108338472419	-0.17219579857033032	-0.09552990510732712	-0.1313858317557386	-0.5194996427280303	0.03589345935726385	-0.012774619481730753
ENSMUSG00000073977	0.004778590222561774	0.07912888607592702	-0.1565552521861256	-0.060108284613399975	-0.036619243086576	-0.6166939651152497	0.03314101269637968	-0.12029638072359866
ENSMUSG00000069668	0.013730075260124373	0.06832109063768141	-0.17521411599582426	-0.08627834748274063	0.0017510909072773195	-0.47282355866978154	0.029549821434242816	-0.21537149737886105
ENSMUSG00000027520	0.016072932666626627	-0.24948754112448002	-0.15264263225417024	-0.4962026155330036	0.18567185578386936	1.0540892896084948	-0.1295527235413676	0.17317657655455915
ENSMUSG00000055401	-0.11811822380392085	0.06043294339043899	0.06987108985229175	0.5634572860862493	0.16102692661711987	0.6227596858218221	-0.013405295776504955	0.09130325010509731
ENSMUSG00000100000	0.026851386689640298	0.04849904082559511	-0.15749123654646804	0.04063019757620445	-0.05683388905592371	-0.7651737398800329	0.022526571744507118	-0.156913666001542
ENSMUSG00000071015	-0.00843035693330284	0.07666016034038993	-0.17638572901643335	0.0176330313947131	0.007727687100584024	-0.6314144045755405	0.04900321243309003	-0.04750936639509038
ENSMUSG00000019787	0.015845790513701385	0.03900642865559163	-0.17275558433397384	-0.019238936483038618	-0.02661564200681495	-0.5598067650651468	0.020475255993145196	-0.24865446872873453
ENSMUSG00000109870	0.005428699710418816	0.08027640599546328	-0.12302840116793344	0.12506331921540897	-0.04574126894499313	-0.6292773290519073	0.024165521020446563	-0.17967194441549345
ENSMUSG00000068950	0.008478823922862366	0.047624175839911576	-0.1715977629009342	0.04900420566336208	-0.038716496304309615	-0.6890387026038401	0.025219018274532073	-0.22956953358184004
ENSMUSG00000029797	0.03230292508962029	-0.24279377553584594	-0.1583356593644104	-0.6752938770535389	0.015001664039286088	0.5791298122901626	-0.003131434478269718	0.22489124866339258
ENSMUSG00000108490	0.030231815601844708	0.07433458813388459	-0.16482272196218478	-0.0542156795883343	-0.0744446059476101	-0.5579505948008929	0.013012164889831812	-0.13057028855771918
ENSMUSG00000046192	0.004772840180105931	0.07912710480039699	-0.20094633925393257	-0.07239530641427354	-0.010580378749910418	-0.5411168390174551	0.040077503606344524	-0.07215133671518893
ENSMUSG00000035033	0.4456293979623539	0.008126897583497605	-0.440546969126598	-0.4193163446445129	0.16226845379834448	-0.06538427942267026	-0.4307278220007929	0.2148827793224757
ENSMUSG00000096898	-0.1544952761045339	-0.2284771618425554	0.3708262345921102	0.2512491262848402	-0.48434833139220596	-0.9790303569064196	-0.1513045208335573	-0.3692772245397531
ENSMUSG00000052085	-0.000706228134068676	-0.25198679179958305	-0.11537736664207636	-0.6619693033955913	-0.03646670634647454	0.9608638096153175	0.010160932283898312	0.03004987497781116
ENSMUSG00000116325	-0.015491259607331952	0.07702194184266185	-0.11260269560118888	0.0647209673267242	-0.06876676865994193	-0.6039092150995655	0.0016479828441178235	-0.14212322725724633
ENSMUSG00000066357	-0.12072150589305819	-0.010513004646986205	0.27408583179968066	0.19657266585178665	0.17773213704127552	0.6676311215505063	-0.0012405388381520055	0.11004220878447406
ENSMUSG00000092464	0.017543766336913458	0.07223414723660936	-0.14986616476194167	-0.09288715415634685	-0.022768756204302663	-0.55342798084459	0.0329637754481586	-0.14402980766834014
ENSMUSG00000111377	0.032715892787725395	0.03884267553942921	-0.2125764937247352	0.11785581268693802	0.07731922152990789	0.09581609206049202	0.0694347501734058	-0.037651549808886825
ENSMUSG00000053856	-0.07687185298855154	0.026508870395880825	-0.1534943786127722	-0.015161737097354633	0.05433235208233984	-0.23919344607999923	0.0638790825381054	0.11086515854481295
ENSMUSG00000109907	0.015046605564154714	0.052038356641382656	-0.16884824066598492	0.036349780400381344	-0.05353245907382299	-0.7164031848451722	0.023761473393986692	-0.1979852752777276
ENSMUSG00000094181	-0.22638771445928574	-0.213659578814749	0.3320821417559774	0.7571900660414083	-0.4370125771768889	-1.0266447443333897	-0.28362142991496775	-0.425703939533844
ENSMUSG00000040938	0.46276313890965226	-0.10580409761678787	-0.4372346419049506	-0.6463830125480483	0.08996883669745093	0.3807564727169584	-0.3976567706762666	0.2840678398067788
ENSMUSG00000071669	-0.004990189417368507	0.07237794468366363	0.10322226420475936	0.20788791731951634	-0.0630601717830866	0.5241149190696032	0.03281678351026868	0.1770908632004154
ENSMUSG00000115423	0.06922809660900825	0.09883541711740379	0.3643906454455789	0.5841246804789502	-0.03047660318208746	0.4192502162904221	-0.012282170190848651	-0.1275520313247229
ENSMUSG00000091159	-0.010250074428088674	0.10529428473887147	0.2438243002165584	0.7110009798519183	-0.01836663376097157	-0.34011874152911226	0.03688269338281083	-0.05867486586017948
ENSMUSG00000070419	0.015064666628767641	0.06702472676853634	-0.18405455634269247	-0.006793424845411344	-0.012948533219250786	-0.5566173729696835	0.024401872529465313	-0.23616303679851977
ENSMUSG00000027804	0.07955927534375665	0.06168442627123215	0.5139551214472564	0.25280460258418613	0.0445767288289312	0.45399251300793436	0.031588537328020694	0.08753141624439832
ENSMUSG00000028233	0.0917704131222841	0.059930950021029765	0.41738900845219645	0.308644475537202	0.0	0.5208237919531526	0.02915344875222553	0.026631031607823097
ENSMUSG00000045917	-0.013061497695622946	-0.10416870149016737	0.12589331293518938	-0.20513384426219813	-0.01126697299577617	0.7799014599410801	0.08579403966698342	0.27924755746202584
ENSMUSG00000111746	-0.06819180356743007	0.047769501391861154	-0.06639564284010177	-0.11733513996358837	0.013885051845498264	-0.0997801624567504	0.04033425063553655	-0.0834544631374113
ENSMUSG00000029671	0.22941385216773047	-0.2499182317427298	-0.24095213263097026	-0.7994264474497677	0.1891497502004105	0.9712056685885456	-0.31156165707265066	0.23350024972286784
ENSMUSG00000036528	-0.03299669090407712	-0.007672167848741029	0.040845202869478944	-0.07832923903932694	0.010714059155538533	0.7260002980761407	0.05910832434683706	0.253045119384454
ENSMUSG00000027330	-0.08586439093843555	-0.05638913028439975	0.16898264482832204	-0.18795638220541924	-0.024503019699182393	0.29205661730554466	0.03988290967863419	0.185479373137406
ENSMUSG00000067767	0.01083155720122475	0.04291356954941386	-0.2012823664642244	0.06400698675157931	-0.030738701976558314	-0.6034342038940672	0.023145575698604284	-0.2953523844638209
ENSMUSG00000072949	0.019044302562093662	-0.18768292048758947	-0.07992059776037583	-0.35339051444778247	0.08040239533653457	0.9661813374854492	-0.03351018701408665	0.22896871535461738
ENSMUSG00000032754	-0.10989038016111984	-0.03141680570058192	0.2004022554185224	-0.1184833839197464	0.07569083784345648	0.49123702920678636	0.024774227448306905	0.24444028043425192
ENSMUSG00000024570	-0.09526226049036357	0.11728555028767401	0.13837002604073204	0.18600417902732153	0.10082004272457658	0.31495672017472975	0.03566866367955493	0.037200726623361845
ENSMUSG00000109110	0.28492292274221337	-0.026718805511579815	-0.3596958191189373	-0.30917725979658617	0.029794201061419865	0.21695674012331181	-0.08885350162946548	0.2475341418966871
ENSMUSG00000037210	0.049832107031877855	0.05101618828438406	0.24856307545615086	0.1939029474610855	0.029134614130312597	0.33797282612573465	0.053209445473157486	0.2290202259919386
ENSMUSG00000014402	0.05003786565605099	0.01765220304160487	0.3470401648819439	0.006301739322747123	0.0027822193417095242	0.6678358115084462	0.06379283354458641	0.15058938241432768
ENSMUSG00000025130	-0.07607104240446771	0.029468796932198636	0.3751800950302863	0.36317800037081344	0.07804673414877082	0.7135667841895981	0.04935783847058658	0.05378098705657715
ENSMUSG00000075267	-0.005518023305636666	0.010287790788715482	-0.11085492859159765	-0.14713769166692803	0.05804845128128552	0.954879078469141	0.05515454098201034	0.28130552433743394
ENSMUSG00000078532	-0.05706287953722361	-0.17274900491012046	0.04834419472565147	-0.2684805904745658	0.0703497689612212	0.8707869496816778	0.013815242162283692	0.26716433898728814
ENSMUSG00000037772	-0.11516987119928783	-0.015509035112158986	0.09856605597634512	-0.07674452689831761	0.10756106155640754	0.853193838971727	-0.002987755868913311	0.1812306118276983
ENSMUSG00000111807	-0.030193699789272638	0.0774964143708411	-0.20147724147404245	-0.01040772913171988	0.00038962283655308294	-0.4835287360865955	0.044939245291723745	-0.05731078695945235
ENSMUSG00000058402	-0.058464557571321	0.12078262921014049	-0.04519283454829037	0.026385480503184625	0.05400913842216872	0.06931280712879888	0.06032156368956435	0.08666462446133832
ENSMUSG00000025757	-0.03521052115107232	-0.17869477650412716	-0.1341336245500488	-0.46444961430473697	0.0007033768050916933	1.0566849996159295	0.046610114446375014	0.14886356488784946
ENSMUSG00000042662	0.36178261287643687	-0.11937091458760216	-0.3229335204756833	-0.7275833314908633	0.19811901596740397	0.8422912604552021	-0.3840501046918996	0.32345880520933284
ENSMUSG00000060860	0.012976486965556795	0.07120180038360685	0.3326913890366248	0.7005314424746143	0.12474611649149399	0.4610788634634956	0.049361734175036254	0.004978181124063896
ENSMUSG00000015839	-0.020891212883031196	-0.08379443762378559	0.17802179114275926	0.04985097252572026	0.10645665461507907	0.948416509856488	0.041280556918214216	0.15405190552282652
ENSMUSG00000117278	-0.0600621232146225	0.05499875442919728	-0.1261880857594736	0.0919456705846935	-0.11920990130151374	-0.773199106972426	0.008591553962449927	-0.0956577887438781
ENSMUSG00000072821	-0.07685737701558526	-0.09689205646342629	0.3624494968851076	0.5918197977082922	-0.3746099184324465	-0.745078893583108	-0.1850722955205759	-0.4105211329230852
ENSMUSG00000046041	0.012140173642228747	0.05472104512719045	-0.19512666872953488	-0.04672310550196827	-0.032299600237041974	-0.4836298994828185	0.015243053546569239	-0.21317368142038973
ENSMUSG00000040943	0.024214890993540922	-0.0021354971670206613	0.323446284213023	0.07060543350373528	0.11084832592083776	0.7023737416074561	0.07184406261730945	0.1553971451901984
ENSMUSG00000073177	0.054626697135426054	0.02996409309283088	-0.02149811097263822	0.5305745662596748	-0.14729067478521563	-0.5895257839329434	-0.07753648673940454	-0.23458124344941708
ENSMUSG00000101713	-0.15203481060480506	-0.20771328853427162	0.34800752805507784	0.25031103207764693	-0.4866127777836606	-1.0961233601208658	-0.08673569392823621	-0.32798838458527235
ENSMUSG00000116953	0.011164794046288895	0.06913857418802023	0.22062335383239715	0.18936193759691822	0.16105051323322933	0.7370426002439374	0.05670407937846926	0.05972976486671652
ENSMUSG00000017664	-0.09208928560958733	0.00010804584320633914	0.29280999754962744	0.11065673953105867	-0.009810898154213146	0.3589046338153764	0.03084070506772792	0.07756823335889389
ENSMUSG00000008958	-0.014193137942764666	0.12681436148397257	0.24491353319832357	0.3269684042767888	0.06721804022550873	0.43445299138175664	0.04792730563280722	0.09559674566309263
ENSMUSG00000101211	-0.018672209965416076	0.08432041895331709	-0.16675536167668745	-0.10188251330949545	0.04643129983233828	-0.43537893657675103	0.04088295824976336	-0.13554797063146773
ENSMUSG00000116720	-0.024998033434279022	0.06487843212358153	-0.10128515853685519	0.18197572339228793	-0.07543866502889285	-0.7205852474683593	0.02574035039075384	-0.18092195647657652
ENSMUSG00000041886	0.012220906831251543	0.060004054336180106	-0.18377434174717994	-0.08855675094359393	-0.031524478919597185	-0.4306481545630926	0.021243176645424116	-0.2701741348105134
ENSMUSG00000040018	-0.0038632414287738115	0.06453573870768006	0.354266122516687	0.06125465934718711	0.03608170128749025	0.41608890676436916	0.051937223828783935	0.18912095835077347
ENSMUSG00000051285	0.11561012014364182	0.050594384453419704	0.2639434065776955	0.3523678029205317	0.04507103260579237	0.5358566282876976	0.05252086042320771	0.12754886312938607
ENSMUSG00000082316	0.011006435095773592	0.07326897577600147	-0.17626046487400415	-0.07455516963454074	-0.023477659033387527	-0.5747978420011592	0.03090441799908488	-0.1574973958766361
ENSMUSG00000101866	-0.2974877195128534	-0.19526729888077266	0.5052106075697151	0.5692361974657089	-0.5404518282984224	-0.9802638751985348	-0.2160042425749278	-0.499165441399878
ENSMUSG00000118382	-0.09647511908592128	-0.0028334972037269424	-0.0089569136682533	0.3666803051583182	0.06876217206318089	0.33185548230728235	0.02626618502966119	0.08029978104852803
ENSMUSG00000018547	-0.09580239037484736	-0.03545445583677509	0.17761606326493387	0.1176029352806879	0.021273719503720662	0.7254414376494428	0.04726583784605377	0.148717138441127
ENSMUSG00000112774	0.0021957574939446517	0.07026956839058016	-0.13912115226399824	-0.03445090676759008	0.0004497127748160912	-0.7809239297853153	0.03521995860358103	-0.07340652809541123
ENSMUSG00000022019	0.03738273943139469	0.016542001766023606	0.02757854107188364	0.052465333015781275	0.020886192935405386	0.9390734895961137	0.06793078045249988	0.2431768140421068
ENSMUSG00000040054	-0.08036865906033386	-0.025597555053999743	0.35671886129107266	0.11027111869564377	0.07119171236465055	0.3274537972090824	0.04178277841256131	0.1568169255153675
ENSMUSG00000115326	0.030955020826849533	0.06487097679809231	-0.13487421331954008	0.12016620896148231	0.060529478956617026	-0.7087735182851974	0.03989131718565297	-0.11182513343616078
ENSMUSG00000087215	-0.04062654294469224	0.05896199737631157	-0.05497841019511174	-0.07418094993018916	-0.0452017244761732	-0.6671547578971312	0.03281388771747551	-0.056133261407273746
ENSMUSG00000093825	-0.08270439132744377	-0.013379858443331316	-0.1365028185287976	-0.06783697479452286	0.023474077965110498	-0.4732976371690178	0.012005081895108516	-0.33061189185132656
ENSMUSG00000087544	0.021637740749642975	0.05342084142432216	-0.13929657450022803	0.0337530070848123	-0.03840040480170087	-0.7404487325050368	0.033836873484770075	-0.20111337256427658
ENSMUSG00000064232	-0.03790098551359669	0.07644573752518034	-0.15237500532319284	-0.047854248755374834	0.004192480782432062	-0.676008776229396	0.041801520406699655	-0.06760701941668673
ENSMUSG00000091091	-0.02906967694532087	0.05728760626511876	-0.13406328466203263	0.0221500480633543	-0.04577341246573985	-0.42111915718224896	0.029511564192590396	-0.14149317119810345
ENSMUSG00000054889	0.0562180052365831	-0.28145799426917517	-0.1334653532409759	-0.4959264055774915	0.25064927798228837	0.9735640772321942	-0.18744507765633223	0.16127602771947458
ENSMUSG00000117919	0.03014689714997041	0.07469008530540483	-0.16127983905782778	-0.016579856393356796	-0.019818216619333615	-0.5904133162830685	0.03331619215226848	-0.09368522361676776
ENSMUSG00000022554	-0.020649595058011963	-0.1144092343891471	0.10291049890582665	-0.010103275809890788	0.25117333722467294	0.7874596957588682	-0.2280358444774825	0.2060565864205644
ENSMUSG00000024258	0.047833762684606596	0.08282053641895266	0.38467465405378753	0.33749826685079104	0.05577152525189163	0.3112538454395816	0.039194553638956485	-0.06632323513587912
ENSMUSG00000117236	0.030698880351097756	0.03231771137028856	-0.1476534592690772	0.13925890200359542	-0.10547213935878715	-0.7350224410168475	-0.004671746987737757	-0.24232596083082253
ENSMUSG00000107386	-0.05377873953941113	0.018552009357293155	-0.1875009971894823	-0.0403319723774925	-0.007369341720789402	-0.3531378387447569	0.04210743884071711	-0.07852510832384117
ENSMUSG00000053291	-0.030231243795490786	0.11281455391050418	0.23627511370976587	0.7770978054128157	-0.007738797706190015	0.21797415760430353	0.039334524188785566	-0.04784748457834833
ENSMUSG00000086267	-0.03218928554297461	0.06534098535675509	0.12866076672391658	0.3956177100183855	-0.14768640599129673	-0.61015728300046	0.03105058748578049	-0.18674066499864775
ENSMUSG00000001173	0.09482239594134445	0.06860286580659926	0.6605747500063356	0.34592652584499306	-0.11907125684656848	-0.35329502872045293	-0.048352610838501266	-0.040442715412386754
ENSMUSG00000099932	-0.45696055787266815	-0.20360416083354643	0.45121768824546904	0.4905809155241744	-0.5875113309700394	-1.0407372209179209	-0.2618675093481	-0.3516113495077973
ENSMUSG00000102981	-0.05799090854911619	0.09601313552717486	-0.00853153028122422	0.02606933500616808	-0.03694123937517603	-0.5126462066862654	0.04249378507427075	-0.03174311621056161
ENSMUSG00000074182	0.042970690280562725	0.05012427928489796	0.2486638643913266	0.3619248428419389	-0.024561632096464336	0.7662493255900099	0.04606483454249472	0.05082507695703321
ENSMUSG00000048234	-0.010439032926653935	-0.014541429949968612	0.13127308239610047	-0.04856900286897618	0.06049713267744919	0.8898772271276449	0.07200353433439562	0.24498857883261868
ENSMUSG00000037492	-0.020573057140078805	0.07248356241817196	-0.14273920824337194	-0.06434245744742194	-0.04080989681061612	-0.5862878203582736	0.03143079369426738	-0.10322002366413886
ENSMUSG00000050926	0.02164119137048938	0.0059250884419752015	-0.1381036748723519	-0.5106068223119086	0.07818202075415984	0.8357519692271134	-0.07371079323992825	0.27341752023192795
ENSMUSG00000040850	0.12097820559131314	0.042307669449267685	0.2875762264886668	0.17576565090062285	0.024337770809178982	0.5949948901722616	0.05965891952559103	0.16827816311118426
ENSMUSG00000101160	-0.2052554210653095	-0.17174647390616604	0.16121648475848782	0.26836493530858246	-0.4854207128613418	-0.9279127050698422	-0.1130651062575312	-0.4052728208454262
ENSMUSG00000115271	0.028375855438399277	0.07109407130817726	-0.1803221519470309	0.05587968532760019	-0.018270436317103567	-0.5670649427951112	0.023087765591489808	-0.19307064973741167
ENSMUSG00000090643	-0.008844819622528033	0.08770615873185106	-0.23398428757189127	-0.1499033660039601	0.02694676427885276	-0.2444724038173572	0.06117966511909026	0.012018543488487573
ENSMUSG00000031289	-0.028920485944311326	-0.033152725274692645	0.06111915074170571	0.17984023947445016	-0.16927407435188116	-0.6740224410173421	-0.059201920145682436	-0.32621682996132034
ENSMUSG00000040302	0.07325886825999367	0.06266541695068292	0.2646972464151846	0.09132838051490699	0.05181925465044612	0.8029197421609934	0.057907904513599236	0.114581735171696
ENSMUSG00000009739	0.037713939244847644	-0.30447796104280017	-0.1031829870727239	-0.545489410734046	0.13645086899075837	0.9911356835150135	-0.14988603652935656	0.13074017817885786
ENSMUSG00000073226	0.043130207734390316	0.06445345476820818	0.046222264138374554	0.4865689015763636	-0.00510291343739494	-0.44751904044332913	0.01646419454915999	-0.29541188314709627
ENSMUSG00000105526	0.030537441911091458	0.05031239765189335	-0.16296531875519807	0.0521003800401423	-0.0434982165192045	-0.8072740615135522	0.024824706167829835	-0.1127330498309728
ENSMUSG00000006498	-0.1216831282142853	0.04929037719938761	0.2853986772029669	0.39113689062282847	0.21591727953287665	0.7462008906016396	-0.004863601833864584	0.0564876473668961
ENSMUSG00000063047	-0.018367292331681526	0.06460980231921086	0.3116381911027317	0.37757337567568966	0.017203589695136058	-0.10536639169365754	0.03599213530014137	-0.000944477728743065
ENSMUSG00000067341	-0.03573255544906067	0.06569633782276622	-0.12348923858221561	-0.021386073787960345	-0.006908697858665547	-0.6840386602575503	0.03194737248483876	-0.06084285285272213
ENSMUSG00000021384	0.035364284912950905	-0.14655245550699264	-0.12036146531907282	-0.4360458972758956	0.08494204185540016	0.8669143002040286	-0.0598236745344892	0.25138946604031254
ENSMUSG00000032334	-0.03602210508714787	-0.25902608776266534	0.1132984677517616	-0.3833950146486973	0.18680881866393387	0.9678142842352365	-0.05582032226178162	0.24222608988873917
ENSMUSG00000094543	0.013535587599047492	0.06364656695452521	-0.12061026268178536	-0.0165776998880226	-0.13050980519914748	-0.7235873548900263	0.004690993417427514	-0.09185470429750149
ENSMUSG00000043144	0.006039535594624958	-0.015363381725365576	-0.1406082127766144	-0.23706098705629122	0.0023646241293299175	0.32110170330029403	0.06168055010052441	0.2422503214859406
ENSMUSG00000029020	0.002717422215001486	0.05807675981762316	0.44195862042503453	0.0876180600831366	-0.012687839187046652	0.35760071775102686	0.037031168855397485	0.13152786425563756
ENSMUSG00000101067	-0.03286425724731096	-0.1560854483503937	-0.24225729021873507	-0.6679684334462408	0.016974269484456628	0.2546185614328772	0.02514838882400182	0.3025471396438332
ENSMUSG00000001739	-0.06678382489625086	0.053775360094962074	0.05919230897473284	0.533263834906342	-0.013657673481407055	-0.4943492089282192	0.03318111633655579	-0.08489335133367683
ENSMUSG00000042268	-0.0758414948015584	0.06060448169810806	-0.13504613413433605	-0.04978886773992749	-0.011943926453169995	-0.45243493287568387	0.03560523236654861	-0.07586420663927478
ENSMUSG00000074876	0.10335302119998967	-0.05678002532453097	-0.05874092898456888	-0.19908170680174667	0.13217427500631604	0.9568238744008208	-0.11839502627433067	0.2780572321826743
ENSMUSG00000109503	0.02042946488095598	0.06723513112830211	-0.11449877885525617	0.008318742781463717	0.016056966551440118	-0.7409213973014351	0.0409338548810352	-0.09118949230232444
ENSMUSG00000117797	-0.07487832990182991	0.06661109984843458	0.06777567696159967	0.026941790873002414	-0.048570889972203955	-0.5815595072387248	0.03049501685982946	-0.07283338082171835
ENSMUSG00000051228	0.009319523625766601	0.08800196724456029	-0.1408875791910203	0.33061739969544485	0.21697515485966337	-0.811511058267233	-0.061288631516369305	-0.1928256941104592
ENSMUSG00000111878	0.021608112292721877	0.04918780757509825	-0.1281117178390168	-0.02715326578404667	-0.10881306620718895	-0.5992250174917255	-0.00831963130703528	-0.1787361801315163
ENSMUSG00000075090	-0.004385057069099196	0.028360164283149504	-0.23420372349402616	-0.09379486769403718	-0.015281940740752797	-0.4316882459958811	0.014674327372944057	-0.2085349368326249
ENSMUSG00000087220	-0.035375534962363404	-0.006160037936157266	-0.22723738568463264	-0.36310248145002105	-0.005384044503899177	-0.3984417265265057	0.05688450766538226	0.092339689158045
ENSMUSG00000101907	-0.3980347076438133	-0.2643210569355442	0.43532982079620974	0.5414108253000373	-0.3621274579545856	-0.8039921059357921	-0.34718177643328774	-0.4871651501408653
ENSMUSG00000043987	-0.0517024719698392	0.04660828360728966	0.1145325716765506	0.06748018191095316	-0.013170360827519545	0.835374437944595	0.055814969577066754	0.15150585599941233
ENSMUSG00000026594	0.014322434235259704	-0.0028506915211614636	0.05990680766967987	-0.07387524675850222	0.04586999849651238	0.9530006924175781	0.0750477711685742	0.26241828576769727
ENSMUSG00000025666	0.15349701366692453	0.0374479487130403	0.39570110547337917	0.1699614425121456	-0.2984200263508968	0.6379470242712416	0.004736368654924883	0.11190331950863333
ENSMUSG00000106061	0.0123793989664992	0.10089973382612662	0.3776664103980355	0.47651343007537644	0.12395559167202616	-0.49631147694409267	0.04286844048144373	-0.16083732140209053
ENSMUSG00000031495	-0.005294648884751063	0.07023003837053488	-0.16692592932057004	-0.012191219386259874	-0.050661447172147406	-0.6894133537554302	0.020152033713147565	-0.11005988957622131
ENSMUSG00000049154	-0.051716478749924334	-0.010042393900452529	0.05067525298740719	0.20984474769113962	-0.05913163710004724	0.23376926686802707	0.033954276726476655	0.012477445877571903
ENSMUSG00000082306	0.0025611231655899847	0.03372110218055984	-0.20938658684285624	0.0036708809508058005	-0.03577064895694552	-0.6168242612288076	0.02267981827180629	-0.2102612070734258
ENSMUSG00000118597	0.018003300527678342	0.06035601989352928	-0.17279313527491635	0.026051376735523293	-0.00859396046821359	-0.661596833907632	0.02564865010885331	-0.1924599788520446
ENSMUSG00000091183	0.0708985452768746	0.1002982227468191	0.09851743587116282	0.44705563790870745	0.03571880531513603	0.20727616821545503	0.04993659104704535	0.017495576304001448
ENSMUSG00000031125	-0.03600080659006784	0.004478841093645158	0.05305880763396101	0.05322703002340561	-0.18370779775257953	-0.49342066275501595	-0.07344046058104774	-0.36637890739390444
ENSMUSG00000052537	-0.004644164696146147	-0.005457373029527751	-0.16956157165325886	0.055764305374400476	-0.043973913699686284	-0.7281596514834295	0.021598491327675086	-0.27409918906496294
ENSMUSG00000005360	-0.03408690156398691	-0.09532974697039938	0.11091845440212379	-0.16904566113475988	0.020420980394617594	0.6492101062999787	0.056667204306034426	0.2993177243350165
ENSMUSG00000038583	0.005633516018929252	0.06948065186278543	-0.19706811633773597	-0.06542449326075578	0.018933233990251493	-0.510239091823566	0.0385854002337658	-0.21960072825848218
ENSMUSG00000032387	-0.0908176587326156	-0.05408968821898208	0.16566105726252764	0.1405498959216217	0.1520906186909878	0.7802931978987667	0.02430888227052882	0.19839246006688452
ENSMUSG00000020422	-0.06396177055266383	-0.1055442914019565	0.29833255285019655	-0.1464087474764546	0.06765518487867245	0.7660880039977577	0.07627970783446394	0.2760489741813155
ENSMUSG00000039410	0.07372188304174242	-0.24509107066149405	-0.07030110242758231	-0.389597167381377	0.16105312548141237	0.7485450799967797	-0.14953826013857507	0.14631947959656913
ENSMUSG00000095956	-0.05246863024225292	0.06743667087272422	-0.1349355178739585	-0.036047581451910254	-0.030017681366278134	-0.8778196043210895	0.02831321974137957	0.03801978967293124
ENSMUSG00000097683	-0.07662255487602582	-0.04792010026625484	-0.08271210144837474	0.28548285642110327	0.0664152061420877	0.36416017807693746	0.02268986383055771	0.18115663248964972
ENSMUSG00000087153	0.0438655591342601	0.10556336410809988	-0.03307431130651192	0.03709978397426879	0.02779963597037525	-0.18541773230269568	0.04162913215472892	-0.07960720286678907
ENSMUSG00000025090	0.00789461725601099	0.1054464058799967	-0.06382262760499907	-0.05290579753313804	-0.0017665546788623865	0.024698835455017602	0.03425779111767781	-0.02423671922635528
ENSMUSG00000098552	-0.02305831115419322	-0.15464631297477638	-0.12327598441677116	-0.34696181724958136	0.0848890383737896	0.9403536491023078	0.014082805566478118	0.26684900493074626
ENSMUSG00000016524	-0.010011038001221606	0.07449744845237344	-0.1046973462194872	0.011709604564970269	0.01577056425103107	-0.7133694960451586	0.035241773404705815	-0.14808203229964784
ENSMUSG00000094080	0.02817634235203803	0.06508196445930743	-0.20545791571407507	0.011307568400330203	-0.028684606420941713	-0.6538508412365016	0.027977146657767973	-0.11484740914631113
ENSMUSG00000053226	-0.101104462675347	0.09481356785240837	0.05020971962240188	0.4678618693807381	0.06632597228975351	0.40483946764640366	0.045415076223055344	0.10451629764867489
ENSMUSG00000075598	0.007479323494764101	0.062192499251280925	-0.17513846511601894	0.08220748734620953	-0.02579555858741931	-0.8665654975472784	0.03185434319326831	-0.071689992348109
ENSMUSG00000087027	-0.0956909740673394	0.05147502352535181	-0.033066612334784	0.16266353277563386	-0.015311840958881386	-0.5067862578509054	0.02923206012720018	-0.014623125265998071
ENSMUSG00000029306	-0.003142239218912324	0.08375475630682688	-0.19793445523655354	-0.10693308990418256	-0.02003236787828041	-0.45030620926484716	0.04508329008190206	-0.10436448431287257
ENSMUSG00000015290	-0.03899497200612512	0.07594131073697315	0.3455754860933738	0.5755919529643286	0.03332642650407932	0.3407408295830495	0.04466042086539883	-0.045752038412535084
ENSMUSG00000116975	0.0148421352033178	0.06930124160034819	-0.165388542279377	-0.007741024694792098	-0.08615708889688509	-0.6609647148759026	0.018240322572205838	-0.15844373493983752
ENSMUSG00000057454	0.24518326081205014	-0.07824989256282214	-0.39934076312536804	-0.6180506492830125	0.10543061296580873	0.32910333557959864	-0.1630419389989732	0.3391681237470474
ENSMUSG00000014554	-0.040373414261683345	0.14450994682338303	0.11033640121097389	0.27923760627019384	-0.014231604985461832	0.755720593224114	0.05210269357006222	0.0703520309790365
ENSMUSG00000102521	-0.0023027332443266157	0.03386524363015875	-0.15220834718359716	-0.0642610673091807	-0.08651625551192355	-0.5962360253012754	-0.005360930165534163	-0.1857688608053217
ENSMUSG00000093954	0.023977038852426778	0.016294208823143586	0.18643755836599513	-0.051593760217609794	-0.38006433390949246	0.7077697752201467	0.05821461399748069	0.21035358773368368
ENSMUSG00000115615	-0.05348004319377975	0.0635455409321535	-0.16264226763936107	0.11196258875480015	-0.023505346266688466	-0.6451412254335546	0.024758953664225425	-0.11926244554958552
ENSMUSG00000113720	-0.12114893858650976	-0.14789131267946806	0.21074614084176865	0.44335540293847664	-0.4251586700901749	-1.222053985696156	-0.06998040062791855	-0.22246450206822813
ENSMUSG00000046130	0.022676862106942922	0.07764847724691773	-0.18239184331419675	-0.057697836405316213	-0.049704153176714075	-0.5532431035766767	0.022544081385180714	-0.1366389023835481
ENSMUSG00000091947	0.026046499340335604	0.09180642792058724	-0.16700987544050883	0.2817744137877108	0.021034206926619614	0.3860440998683587	0.06285988366659102	0.27073130960195785
ENSMUSG00000105745	-0.07592298626696013	0.056350384666473574	-0.13918188029704984	0.26916888112103293	-0.11205319053495866	-0.679945496058887	0.011539886838105029	-0.10426227507723164
ENSMUSG00000108713	-0.059295413649534626	0.04775046681732327	0.15518637394294446	0.607100569474975	0.09189166439330401	-0.2092939614845514	0.027299291178580765	-0.13573607155595488
ENSMUSG00000046032	0.1078723790858837	0.06296870422417467	0.3780775583889831	0.8202591252239172	-0.1319384977932179	-0.10017461284271868	-0.0689559782234933	-0.14779200257589784
ENSMUSG00000104677	0.017960593614014586	0.022288765452770788	-0.1049959029458576	0.028678156703036542	-0.04200482608070471	-0.7844662747640447	0.029303098865807963	-0.21523824137622122
ENSMUSG00000085517	0.00590121368786941	-0.1949495147192217	-0.14188676901570654	-0.5242830666356334	0.054331120769272864	0.5910116871680509	-0.008938911367996598	0.2698929375896265
ENSMUSG00000070337	0.022024261192560683	0.06578338447734973	-0.16336557027184082	0.05109228435511089	0.08087107896519839	-0.5290776488725202	0.005061381141815979	-0.08421775488038426
ENSMUSG00000081289	0.0014097270015716035	0.019559415757335913	-0.029142290311199377	0.015925493802970907	-0.15139841622805922	-0.9344140972437788	0.05233333995642771	-0.06346528583330065
ENSMUSG00000110067	-0.04639611053027757	-0.02706093284920794	-0.1065869583845997	-0.2517606275397708	-0.05049066011075919	-0.40732805796391924	0.02583197014990557	0.1733914117670107
ENSMUSG00000026803	-0.05894049818984676	0.0513109257579301	0.4014329081661999	0.19332094690707496	-0.012520231390107162	0.36173144455581646	0.044344736463556265	0.09254971559783604
ENSMUSG00000003882	0.0048322512520496685	0.06513849552248262	-0.16423096619968627	-0.09384733943877041	-0.052590089022405584	-0.5723391915961146	0.02699846899254062	-0.17673753624826458
ENSMUSG00000044847	-0.08430362741314727	-0.04578266366664242	-0.011651849798642729	-0.07309463066918698	0.008161424649004712	0.8366626142907205	0.015057671126428378	0.2542601991272999
ENSMUSG00000085404	-0.05704469952081134	0.08683068938470816	-0.20141811697662818	-0.00743009212036061	0.05721449793772553	-0.3999787020758187	0.05274446693475554	-0.1190075899425469
ENSMUSG00000113488	0.03384969760810499	0.10860947231442443	0.04520580381526625	0.382204878064306	0.10655782913396261	0.7068083885093956	0.054995112174695236	0.018226114575941477
ENSMUSG00000044086	-0.05677830260190562	0.06708516450780717	-0.17276437973247014	-0.04722679401711793	0.014323091980025793	-0.3358113570620353	0.062400843755615845	-0.059980674079257806
ENSMUSG00000047286	-0.01069850836960784	0.07831687068338121	-0.15437975824015152	-0.05723964602912105	-0.02730797313178387	-0.6606820149244076	0.042665321855200264	-0.07879653256223845
ENSMUSG00000004730	0.0033426016038780038	0.07062438760623778	-0.1731180571042629	-0.057907225600917864	-0.022650693818612747	-0.7129388604442776	0.033454812893490005	-0.06649465652259866
ENSMUSG00000112202	0.029226929117440733	0.0738537833792209	-0.09642458983024549	0.010526733247445333	-0.053814283484799726	-0.2526978888765977	-0.00654649650678224	-0.10411983274411636
ENSMUSG00000091155	0.0035004947033782097	0.07005243701320306	0.07649867939821639	-0.06412209657179432	-0.013290475881383067	-0.5800285116538569	0.041434035526716435	-0.08062322892001762
ENSMUSG00000105065	0.033852654993809635	0.054869642197796706	-0.06905245582048852	0.04250346436140917	-0.0996932687348569	-0.7088316923562457	0.025118550650693572	-0.2114565827195261
ENSMUSG00000001289	-0.049801664928658215	0.025597776309381197	0.23599613768155664	0.08503808246396184	0.15644777571213692	0.20094118736676841	0.00475252971569029	0.28230363240916456
ENSMUSG00000073949	0.007601300419227575	0.06892212355721575	-0.16671466653492548	-0.029175597768252837	0.027475538727860196	-0.655818348166726	0.03907569055171962	-0.17862500836107933
ENSMUSG00000117390	-0.04128656600675804	0.006100556653159561	-0.24443995971298402	-0.35761816619026676	-0.05806192592849259	-0.32641203252540496	0.0450264531469628	0.0991019172782217
ENSMUSG00000099907	0.06275742805234626	-0.3053613943516612	-0.20286129769883035	-0.799056566427574	0.025664754142957547	0.7743171779934418	-0.0804519175003274	0.17733322052914016
ENSMUSG00000074737	0.34442367524529155	-0.1812446797674382	-0.24797719054880624	-0.7302226888956762	0.3046820479267014	0.8475861993907727	-0.5261015512158359	0.23148365872343915
ENSMUSG00000032854	-0.04062932327968202	-0.03922921811907204	-0.09133670590124741	-0.29332042163776056	-0.01981930631445783	1.0033268803960689	0.06064537179960515	0.14397721625123877
ENSMUSG00000010492	-0.04160919418955378	0.07107528962128123	0.17944652384385887	-0.10914028635708099	0.1191182677789938	-0.4601235207847944	-0.016241792304486746	-0.05589488045020726
ENSMUSG00000091175	-0.004950455394929998	0.06009806023271566	-0.2088348566809924	-0.15125012670375007	-0.027766867143098714	-0.6641820563738164	0.03645591867601551	-0.05865033578164769
ENSMUSG00000003033	-0.06844213165529531	0.09715893390774018	0.1521578071409712	0.558193658010642	-0.062160351654256936	0.35533141252552314	0.03810840017615755	0.014158702952744795
ENSMUSG00000108143	0.06244737642553661	-0.1574778813236188	-0.16667821073521544	-0.6611486832015121	0.0516324792760308	0.8188037851292121	-0.06524575621995203	0.21391127592523393
ENSMUSG00000101955	-0.07528399227240123	0.056879305310450476	0.0582727635710362	0.003794805791891953	0.004710828079809961	-0.6068826874838428	0.03248603697719556	-0.011365166972470952
ENSMUSG00000033634	-0.012019444145052405	0.10715290196180276	-0.15495454443269951	-0.04520427228955366	0.02759999304515083	-0.3294193647838265	0.035111702667001726	-0.23816126836746745
ENSMUSG00000091994	-0.10241030229640494	0.05751394392437627	0.15521738281730912	0.4837572439799002	0.2936462652289312	0.7829540771489222	-0.002925835227701512	0.0631223978180296
ENSMUSG00000031353	0.18927700227706692	0.07266728542688776	0.5546595862295329	0.750116548392764	-0.11996747115005256	0.5118610816472116	-0.03415119241005615	0.058050864664883475
ENSMUSG00000029517	0.0010415028280241767	0.04944148087217942	-0.1651547626543329	0.005958613209812321	-0.11241511928278693	-0.6886881821252662	0.002772443526727032	-0.15092228895816762
ENSMUSG00000086179	-0.10396901317193964	0.02933847810679647	0.04306079407692395	0.004026491041931514	0.015210440922338217	-0.08695300152593329	0.048794299103811486	0.09942761565775292
ENSMUSG00000046591	0.036268257003747195	-0.029649125765980777	0.3864971299310258	0.19948759363081608	0.03219752858143575	0.6716330637411556	0.059631659514509494	0.117334167464661
ENSMUSG00000004891	0.3604966671678679	-0.22119538830711402	-0.13403133004933132	-0.5421791984278799	0.23596806736484124	1.0396204080994897	-0.27674343881736513	0.17764825677377305
ENSMUSG00000037627	0.034707713198082885	-0.005893765537147155	0.019482074034979435	0.01081586252577092	0.006461462310537825	0.5317679198993057	0.057526546336436675	0.3425382320166923
ENSMUSG00000039828	0.06431078146691893	0.10283558256958643	0.1737201688480765	0.03855523113460552	0.005433233843407881	0.28787470191368103	0.035124341020228544	0.11037251437557448
ENSMUSG00000086908	0.017012235556785216	0.040837377188692195	-0.14638066319244183	0.06655928588121367	-0.0472714661514857	-0.6801167319886032	0.025473152803936867	-0.2640936361352771
ENSMUSG00000104466	-0.0036515371234342453	0.06622136847362682	0.011331679602471717	0.02407369941674246	-0.1339330073866346	-0.631254446520061	0.019962161591625876	-0.1675921628547918
ENSMUSG00000067616	-0.041390728170138044	0.046310949673562196	0.022589789568829382	0.25191618939963184	0.019885356529238694	-0.5137050831511653	0.019501961082726994	-0.029241053058488536
ENSMUSG00000030647	-0.000514988830302654	-0.008873208064524137	0.1799967872032616	0.006223201981158524	0.04616617171590386	0.7602967989419361	0.05176909283625139	0.1452657443751195
ENSMUSG00000053552	0.10154596148186844	-0.24584034078520023	-0.11525985085250813	-0.47540354338136975	0.14557597640373168	1.0054780054078016	-0.15822128988840717	0.08762555994480842
ENSMUSG00000056271	-0.05551954397089303	0.07341091982459337	-0.1599151441282008	0.07696927408350629	0.016220681988709518	-0.7181291820481687	0.0302866339785001	-0.05991529992614558
ENSMUSG00000109799	-0.039555634513859406	0.06503483314931123	0.33390346803689025	0.646588660418038	-0.04616048069701035	-0.402316207988184	0.04414617705166594	-0.13595949186550652
ENSMUSG00000024325	-0.07440239586534085	-0.024653841690782663	0.2877339218095407	-0.03940795181934552	0.13920596721973505	0.6750354114186068	0.03998281069650058	0.24457433061919925
ENSMUSG00000027368	0.38780103862169574	-0.1493030269183478	-0.20746239543187653	-0.6495863664845692	0.23575395979717295	0.9897358017006961	-0.4137415594897637	0.25372089586517
ENSMUSG00000051054	-0.07900692009340544	0.048542729328179275	-0.10670460898511307	0.040844305300306305	0.03463267535284276	-0.4383998998326736	0.02874973565778083	-0.08461952708470731
ENSMUSG00000050105	0.5131728918393583	-0.09800724570695696	-0.3325125390814497	-0.4921073695487401	0.0826886188394527	0.5335123639002014	-0.551719125157371	0.2911779555299751
ENSMUSG00000102212	0.016803975520235676	0.08864766948011221	0.09388829342384333	-0.007277096331344268	-0.02245638768229899	-0.6243187989540905	0.03644941944363665	-0.08770268605644505
ENSMUSG00000050023	0.03747170363255354	0.034312067794377954	-0.19949469688356145	0.057745435939326385	-0.049805703578774	-0.6858284817248055	0.014307766598527838	-0.1528870513226676
ENSMUSG00000039239	-0.011241810072227909	-0.28592736124282586	-0.11917555761660603	-0.6062056976415634	0.10009569360947919	0.999414830276321	-0.03693881977593463	0.13300939114270777
ENSMUSG00000047497	0.0385968275566717	0.06784122923924626	-0.1723762308773275	-0.1829648698906954	-0.06040269137696978	-0.1272912793868688	0.00288156359315489	0.16986649986612234
ENSMUSG00000032315	-0.0280684457372036	0.08898740951485812	-0.22592486167333065	0.24327321982289588	0.09089748561525957	-0.35862864655695775	0.08862455686767205	-0.07726595873118595
ENSMUSG00000049648	0.01951733437919545	0.06710467308468698	-0.11610795944129552	-0.07059061115382788	-0.07592296966841458	-0.7299238485553528	0.03143904710441927	-0.09382598296426391
ENSMUSG00000111259	-0.047763400390388996	0.07366335518677851	0.03570008470777672	0.043355528471402	0.008538544497674883	-0.5861985022047391	0.03502629523400295	-0.15806415182884068
ENSMUSG00000078509	0.03312770712585923	0.06615127505671149	0.0011334664127703453	0.2908139338405664	-0.09701489255564384	-0.5829666531699162	-0.012033578465170497	-0.21948216296155582
ENSMUSG00000033237	0.004342503829090294	0.02627622816643476	0.0684053626467298	0.14311588581809478	0.05067812354489599	0.8624654797826126	0.06125082867469264	0.22020101807955395
ENSMUSG00000032563	0.07445649410441076	0.11588097594426501	0.5877319551715131	0.1913560351428247	-0.015745425402555798	-0.1655163486651907	0.004146758904902015	-0.03240721375474398
ENSMUSG00000022306	-0.10116965416812633	-0.13066912779937556	-0.1499368433994351	-0.6227134960850392	-0.08902079856637174	0.8749852732787609	0.0718848685840272	0.03795159669910683
ENSMUSG00000053113	0.30564241405279385	-0.027243683456009693	-0.09883783577521581	0.17260386785166412	0.20588704951139164	0.6410792787035545	-0.2825448885977984	0.1668940755493931
ENSMUSG00000052508	0.016792857072334244	0.07083839845262618	-0.09502181804082001	-0.03179859997622831	-0.038470748042166644	-0.729758377430254	0.03343692491841756	-0.09678553576132184
ENSMUSG00000081948	0.013285100322831589	0.05123766534007965	-0.21438753256683524	-0.11028448320452526	-0.04662330071016112	-0.5300046597805635	0.019418221209664476	-0.0968538542039753
ENSMUSG00000110660	0.004652741453341935	0.022798831140419615	0.046325637303970865	-0.05438141612459475	-0.0330608532570935	-0.5385512080758005	0.01746594579373794	-0.2686680372121403
ENSMUSG00000018012	0.22804322353165327	-0.16925108672516184	-0.11803403044683458	-0.42738855080495103	0.15650028416624034	1.0233204607381963	-0.1988084953140778	0.2532770229380866
ENSMUSG00000104785	0.014802301373208593	0.04804413455045758	-0.10487017896052987	0.038762522229210804	-0.057179785575556495	-0.8717448872972275	0.03579471996435684	-0.1342088583120054
ENSMUSG00000086782	-0.06407151217554832	-0.005529616343375787	0.12374737140829052	0.1208518903281791	0.13752257799021592	0.6471185246943486	0.027309809457533394	0.23201807368191224
ENSMUSG00000094759	-0.1669577108695882	-0.11980944140421354	0.19490191939024526	0.4837837610033249	-0.3147673740586088	-0.9793848523720369	-0.09303061932278696	-0.41367333608326406
ENSMUSG00000089836	0.013066968645826238	0.04718407950128847	-0.0682882295114677	-0.021829019490449332	-0.14583122318663783	-0.8412857869495329	0.032107397055635034	-0.10340601702768398
ENSMUSG00000020547	0.07153012852323738	0.03504072977962962	0.26457958420093475	0.22773598790201655	-0.03287033753045909	0.6529975690581048	0.05042091624878541	0.10378507000359344
ENSMUSG00000031294	-0.06648782904865956	0.04949861835485418	-0.18948940061488748	-0.17831959660273583	0.00990806338230854	-0.14286209191277605	0.08458593162463146	0.13552005963915495
ENSMUSG00000114504	0.02028007980145064	0.061774821096601436	-0.10427749013767154	0.07366324351111754	-0.1020390762836126	-0.7225434168788317	0.015594395074092327	-0.1723163874017528
ENSMUSG00000061718	0.3748193768201121	-0.2391593368763868	-0.1896511895511428	-0.6679410933530497	0.22679158735387572	0.984975009636249	-0.4061385084786416	0.20545656227742792
ENSMUSG00000036944	0.010305707326881963	0.06772776122899447	-0.17159912506508243	-0.012878842586240235	-0.06197740121714211	-0.7424548264304542	0.02210666860067751	-0.07390201730460469
ENSMUSG00000118498	-0.015598064150626312	0.07636709114471645	-0.11123296996943345	-0.0012772552181351537	-0.0668177553776883	-0.6243844494668037	0.029585426474409846	-0.17311033539845422
ENSMUSG00000118030	0.09412776814951515	0.10938451966240104	0.17882919697917124	0.41238067468567485	0.025842542641116184	0.4187984204807293	0.05290459040796063	0.08423782003645189
ENSMUSG00000034731	-0.019071956277341595	-0.17409666394169823	0.1258247156212003	-0.3551224548373443	0.0632359074133591	0.9915403236105601	0.07673119599031585	0.23279300388178534
ENSMUSG00000030754	0.08560732024765294	0.0427118190836804	0.3346650685464003	-0.07013946165494978	0.03101095227187516	0.6102656606466152	0.0695220500300863	0.24410335960469212
ENSMUSG00000028729	-0.07126444066038753	0.0051899379878559415	0.38849227708235573	0.03504659892729583	0.06342841796832992	0.8000146812361842	0.05572947961428273	0.04663448054530666
ENSMUSG00000053287	-0.0881798687000616	-0.1159394250672419	0.0717135396210865	0.11345406185423267	-0.20065088328692574	-0.8804393758248611	-0.010452835895070178	-0.35178044042321366
ENSMUSG00000110613	-0.042172236768864856	0.07431233468033659	-0.1497211800599755	-0.008174372531640772	-0.012788503773256079	-0.6937015921359465	0.03530646711880744	-0.08178920773952209
ENSMUSG00000092460	-0.697126689966044	-0.33053794035321166	0.8166251147828462	0.7883010897742828	-0.5608258108632956	-1.37474820264054	-0.2305651202118828	-0.34535773599323344
ENSMUSG00000104396	0.014874172312175804	0.08178869692516692	-0.2302686095290681	-0.021471789486001227	0.030177470364682372	-0.3794579645965737	0.04774686423425392	-0.098257320605535
ENSMUSG00000090174	-0.11082359935786579	0.03531030837652215	0.10133354510562112	0.33797228129144197	0.024697233462536758	0.08742203082100046	0.03755809918809406	0.038131549950042413
ENSMUSG00000074418	-0.48000280029425124	-0.08253047687523885	0.41659348010861297	0.6299909294043058	-0.7829123252719776	-0.5739894135584184	-0.18896087514374393	-0.21434454729221059
ENSMUSG00000076752	-0.0013558649847773552	0.060341369052728556	-0.20261626831273885	-0.07932909177086779	-0.021582094442117616	-0.5828498606391979	0.025291435718738563	-0.15019119355323438
ENSMUSG00000022982	-0.03314023022937618	0.014841434276531236	0.3215728063234477	0.3160681043393013	0.10769558603218227	0.6511539186472876	0.05778914774466656	0.07930798238542049
ENSMUSG00000099865	-0.23133684585296282	-0.17714080766485968	0.22887527230163252	0.32375790286088585	-0.4700219681954526	-1.0278228825124507	-0.12476924644809005	-0.36545172205786447
ENSMUSG00000062908	-0.0597488430344541	0.015124812577167456	0.2434964634529375	0.059696803310398915	0.011737380621436033	0.6242385497123872	0.05459479994655776	0.11050989743498343
ENSMUSG00000102548	-0.035555467257210795	-0.2608389816999036	-0.18478658972511652	-0.6607185461849187	-0.02517249670942572	0.6391735709272781	0.03671812878299713	0.22488194791026667
ENSMUSG00000107595	0.013456337106513838	0.07055029144645948	-0.18112028214696455	-0.06968357551423655	-0.015739384276811555	-0.6240152008657649	0.03485024205697457	-0.1186142195884369
ENSMUSG00000087611	0.2880891711132206	-0.13472619533829053	-0.2629631968531356	-0.7688623953820178	0.23379417134744665	0.9603640645339431	-0.4091030376697893	0.2652933350215781
ENSMUSG00000020778	-0.09967083225881425	-0.039759022634679606	0.15464943296336398	-0.005163636464036059	0.03133079727357318	0.5746706382136928	0.03466856674399005	0.1759036741554237
ENSMUSG00000112556	0.03227572607690171	0.0718507292269514	-0.19720622584590444	0.03038624821305735	-0.021774346248186832	-0.5619476305279869	0.018047351381682786	-0.14998902112634735
ENSMUSG00000105704	0.012646419532932744	0.07045691426865244	-0.1471698886357827	0.016171777198992557	0.005303215171036824	-0.6955216250883255	0.034151668352025426	-0.16413592598603396
ENSMUSG00000014905	-0.018967170952112644	-0.06107813426921342	0.08988178461408422	0.09619206750200465	0.13116800955848396	1.043278644574485	0.043821071174400615	0.13610244073438169
ENSMUSG00000022450	-0.025760139857335718	0.05579885137958503	0.24668329559745134	0.4434023230990105	0.014861731947401747	0.6769554696808068	0.04954939404504108	0.06928108378222426
ENSMUSG00000032350	-0.017453955339726157	-0.0945646356221321	0.1651441921599906	-0.21625421524484106	0.07319687172506897	0.8862079118811672	0.060339021199269594	0.27120867781736535
ENSMUSG00000087401	0.013687614612389022	0.023638507580253543	0.021535751716807577	0.16730487272551814	-0.23058027637800402	-0.9087389463760472	-0.005784424073117966	-0.14638438713831384
ENSMUSG00000083752	-0.03789931161003867	0.08314731417556107	-0.15579387317210294	-0.07977320869036673	-0.05925522121065887	-0.5719069282247451	0.0355211183322115	-0.07108466669172751
ENSMUSG00000025474	0.002093514603498381	-0.015964862959229623	0.10238425191558799	0.12863410760364466	0.02135128224038356	0.766310642992871	0.05611827262038492	0.1615603987634287
ENSMUSG00000006720	-0.05340518388099757	0.00474439044715147	0.12841903240652616	0.09563742801694118	0.03527424930421492	0.6265009695198227	0.04554557234451078	0.10114562319417708
ENSMUSG00000111494	-0.002947690989550611	0.06561135456197782	-0.12781326412075034	0.009626841197181128	-0.07765917475216488	-0.6765732510154182	0.01486032325995747	-0.18239906741663234
ENSMUSG00000102189	0.0016516132375505865	-0.1172984011909031	0.08331923626882153	-0.33326069399472946	0.28057256672767983	0.9645600243202171	-0.04742749506338239	0.3064858030228002
ENSMUSG00000064043	-0.07377776047575123	-0.01768134074027672	0.05684548525450663	0.15281741903824916	0.04171559336688828	0.8666750196855405	0.04957360183524287	0.21163388272388464
ENSMUSG00000026439	0.06523190943069754	0.10011522550082658	0.5624307873208723	0.3417266095687435	0.03921075496380641	0.27018219621692297	0.02447200299608982	-0.0013519728981759016
ENSMUSG00000105049	-0.026023551915496074	0.043104484004115956	-0.18567171513541011	-0.08719725443506689	-0.04194052195475499	-0.6919802730005008	0.029950960124577986	-0.11182381006802836
ENSMUSG00000013523	-0.053762336779861516	0.07002353502778828	-0.15140380787036856	0.047482802118225316	0.07593846079016664	-0.697626929561426	0.02856751849452832	-0.04100695401474655
ENSMUSG00000040935	-0.09698336497912363	0.03919613383116723	0.04776224398302316	0.02549773868490994	0.018719271136219545	-0.20466173948157204	0.036288513385296664	-0.029045227985856344
ENSMUSG00000031628	-0.005331070918386804	-0.1809931239436838	-0.10613505295053226	-0.3466320248663108	0.049173097013991494	1.0208491180200552	0.024216407891777415	0.2305649069629803
ENSMUSG00000034832	0.06069470605455435	-0.1967180486872387	-0.20519097421347704	-0.5514216125248719	0.11278054430988198	0.26942373928681146	-0.06368113089340716	0.28965638372733854
ENSMUSG00000050503	-0.06830240043634214	0.0377742902013782	0.16403576436695952	0.36786883683072696	0.18561963765936054	0.34311277388072864	0.009177703573151286	0.12364868980732852
ENSMUSG00000046138	0.08763026209789995	0.057438408884049476	0.05557051349037329	0.26839220254090335	0.01957572009958275	0.7917960448586828	0.055779964389325754	0.23291920985694672
ENSMUSG00000099951	-0.0006233554308160416	0.0863258051489117	-0.053761385488046654	-0.055287274948603644	-0.11271353437576127	-0.6315641516061691	0.03355292221013613	-0.13840681604069693
ENSMUSG00000001964	0.0685403660647771	0.058950378048030085	0.4987819309808605	0.4394405731380136	-0.0995956710059503	0.14408565645723792	0.024922829270939147	-0.00490406109985253
ENSMUSG00000112639	-0.04498626148796138	-0.04895886613694709	-0.05982193469964987	0.0720485827762638	0.09125892928629413	0.7934760535099467	0.0042353149922631506	0.23285624575907934
ENSMUSG00000025817	0.027840365143550715	0.09042316819485147	0.30280391261730094	0.1805918392687177	0.0013227485234523773	0.47706452524437054	0.045872063439323166	0.09003059423572102
ENSMUSG00000034981	-0.023698985283440714	-0.11393501382861952	-0.016044841703293344	-0.4998444744071212	-0.09234815002072648	0.7623872527453747	0.07158933484294148	0.2419000854949638
ENSMUSG00000095104	-0.06948347285135208	0.018980454079289014	-0.2035434298189666	-0.16995809728996777	0.006326200059889153	-0.5237413284037216	0.028145731134831414	-0.16760129550394412
ENSMUSG00000049295	-0.0792237224966372	0.09026445326350113	0.13670854912415864	0.4938212588716884	0.2634197642730024	0.64349427430308	-0.012469802682991249	0.026198804346690977
ENSMUSG00000027224	0.19017208250015746	-0.2618832230531436	-0.21661129266296217	-0.8038601856648694	0.15622861239680136	0.9643192343834572	-0.20618930435415872	0.18757309205765768
ENSMUSG00000100642	0.5396990156180234	-0.20673214330222536	-0.42532937736152293	-0.9317655935460034	0.20364613387460956	0.821926843977962	-0.5950935789931888	0.2919514248720764
ENSMUSG00000099550	-0.20125781706429843	-0.16515046004568534	0.2142660608628819	0.32376650019001507	-0.4116590003430863	-0.9947298312549068	-0.1268139507792493	-0.370761679277045
ENSMUSG00000085630	0.03901639245084337	0.045781973051271796	-0.13096646907971563	0.024649962967004117	-0.06112385563085549	-0.6693664308422467	-0.001310722208664683	-0.13391281737851388
ENSMUSG00000021038	0.016029833857187592	0.03542837460658432	0.4260940204649331	0.09076864939632258	0.036527141769500004	0.5155524193830751	0.05279941979957287	0.05078263299436032
ENSMUSG00000024750	0.05269260179276059	0.011728064303381913	0.18457952419723725	0.06832177296547455	0.014419907084702137	0.708456724880302	0.06945217611378202	0.21500992642400776
ENSMUSG00000018398	-0.013758682400497602	-0.21126020292352224	0.03665643539963731	-0.40719246091360645	0.11477991605853825	0.9858788892826224	-0.05404122076422653	0.1933042255760481
ENSMUSG00000086289	0.4139101632855364	-0.20526892269251906	-0.430488859091523	-0.9615406514083717	0.1884755530659643	0.7563023343385898	-0.5723263245224625	0.30214631254323954
ENSMUSG00000020696	-0.10775538116398876	0.04696505378540505	-0.0460528468117839	0.09784440627643307	0.03245294549559928	0.4024884353570973	0.048839271039756764	0.26857325033327
ENSMUSG00000029084	-0.0378227131162029	-0.005562803195671151	0.09711202896738198	0.46859114844816163	0.01399531149245131	0.5934654200383339	0.04924038170952673	0.08788943337402677
ENSMUSG00000032691	-0.0662630668151705	0.05628079329803546	-0.1257718560813476	0.05517232120677467	0.06972355394493161	-0.6179810276820048	0.024997956416847877	-0.05284619306007905
ENSMUSG00000050663	-0.10288477770359129	-0.2590411482616986	-0.17448771088026713	-0.7609019312733473	-0.017010182098181566	0.8354732779146464	0.045546915905688344	0.023575816555402695
ENSMUSG00000085187	-0.02382886268340118	0.07942574637902626	-0.14971987245043822	-0.05435110233626542	0.011762887453453552	-0.6482995844092733	0.03629337749845628	-0.10073981447280754
ENSMUSG00000026700	0.016562462819731436	0.07944529792741473	-0.14413410522427236	-0.08556024014615302	-0.0378362499501365	-0.5151010629055143	0.034929763182849856	-0.009883230324015835
ENSMUSG00000047613	-0.10589706095150575	-0.014038713695868177	0.13030822010886833	0.1987733831584954	0.116743831841771	0.9522073683719202	0.03812409418135595	0.08809116890859885
ENSMUSG00000102787	-0.5467041576914478	-0.22400675336077602	0.33778781811721925	0.29663309250573605	-0.4337642425292992	-0.8227843132812893	-0.06437198222565899	-0.44170483265100946
ENSMUSG00000115318	-0.013573663779306463	0.15747440483138894	-0.20323066784369015	-0.14916929985523592	0.057742923947062166	-0.025724004153038712	0.07762570883774862	0.1091671755343627
ENSMUSG00000063687	0.1844223490066119	-0.010448390772928473	-0.44691405155888436	-0.6869027920358348	0.10139195027706731	-0.09768390760300805	-0.23763929627185598	0.2608476422777318
ENSMUSG00000108383	-0.05520311657259574	0.07284478626257122	-0.14281858329410055	0.050721411896336575	-0.05574133469766347	-0.6027266509118185	0.024281400830626576	-0.13328975410848862
ENSMUSG00000041112	-0.04178428109159577	-0.15574539335542262	-0.04017786320495562	-0.6096044219980035	-0.07142265802751378	0.939165586073051	0.08199054876508922	0.05789229193961487
ENSMUSG00000042121	-0.12169569269989829	-0.024908810276445648	0.05357502032424248	0.10997623473505132	0.06264066429140215	0.8016168863890867	0.024220430069134487	0.1956699096312237
ENSMUSG00000038510	0.10639656554797776	0.06755527205679861	0.3963595696259214	0.34369094916103576	0.023217925064184852	0.6775474516222456	0.03302916396194858	0.045114170747170515
ENSMUSG00000054320	-0.031217954877661415	0.014594950199948165	-0.136001480068748	-0.2647050675310542	0.054600180046611275	0.5639161248367004	0.05633683362770629	0.1667428506448147
ENSMUSG00000037493	-0.01613589102579413	-0.1647663743462611	-0.13846834879559658	-0.48884506954295204	0.014517652048932772	0.6857868593653447	-0.004983269259922873	0.25166140998878855
ENSMUSG00000038538	0.05419124731429918	0.06868066403944531	0.10083762539126921	0.14031521961958746	0.03700217835698538	0.8190384380347498	0.058227825488124677	0.2195671531426756
ENSMUSG00000115699	-0.047808402274204534	0.06663075895674055	-0.15737731873797467	0.03937788435882912	-0.038011478956683255	-0.6443796415326866	0.035569592955637996	-0.06604800291621339
ENSMUSG00000021892	-0.018156741376809643	-0.12539557893645942	0.025194657156767337	-0.43499053461949694	0.00893043941546745	0.9684592393040159	0.030152603202057673	0.15845199808036986
ENSMUSG00000036890	0.00919721996879852	-0.0400665109060832	-0.03459116894750871	-0.29122738616842847	-0.020844142198927624	0.8405624755606983	0.07233648760388707	0.2698493764212949
ENSMUSG00000046959	-0.018868108832204245	0.055572637143603894	-0.13340438784849032	-0.09916449111325121	0.04244789686119607	-0.5298661946717704	0.014003943075063696	-0.03047591105003939
ENSMUSG00000031865	-0.10018811358599088	-0.10706278922311534	0.07403726599734728	-0.09237382249075073	0.04678111654975013	0.8734565623010097	-0.009785766060249612	0.20620720304058524
ENSMUSG00000061296	-0.017305105673170396	0.07451926706608236	-0.0778340842475624	0.08752201457314282	0.1403990254804799	-0.5001686684387979	0.041092942880510956	-0.1585001861561822
ENSMUSG00000044254	0.0077999986324342584	-0.19016854829249594	-0.1437730288173825	-0.6620612908522224	-0.007351745404585139	0.8331157009103746	0.0011603561432545761	0.18057161801660995
ENSMUSG00000111961	-0.021643873890656487	0.07661263710196066	-0.16163173855462665	0.061244127219256345	-0.08456643545225051	-0.5590037952761381	0.010193610746501824	-0.1345872973625317
ENSMUSG00000035811	0.012496863217511978	0.04141043134340197	-0.14599422056691397	-0.05087056765516262	-0.02827240486778007	-0.5723121655424486	0.021594703876698058	-0.19068238403355697
ENSMUSG00000037466	-0.09171540732197202	-0.007248639112483524	0.15044156854117077	0.15298576422886095	-0.02104645954307318	0.8483276647867172	0.04474383452753412	0.10989698675194
ENSMUSG00000091079	-0.050241590381063635	-0.10942077073239688	-0.021335893468095557	-0.26269754058445494	0.02256917998533571	0.2527178980334494	0.014546460899315675	0.28600971164562883
ENSMUSG00000052906	-0.01876156751031865	0.0040314357047983584	0.1772651968121687	0.1736378919049067	0.00978976805061851	0.7715460797419278	0.0579090525415359	0.10672970842067392
ENSMUSG00000047098	-0.10154755742211513	-0.017208271998711222	0.24492762069596125	0.11089460844092675	0.017411906478131494	0.6765552233692358	0.04212527180984755	0.15626259089215627
ENSMUSG00000039512	-0.07788411412335104	-0.13127846917375885	0.1592907873010489	-0.13298115235995572	0.00960251818313862	0.7222025800500126	0.04024053024089081	0.27676372486942274
ENSMUSG00000024180	-0.13186741960383214	-0.08259945554388869	0.09262308164274628	0.09509215964563686	0.16260787291589088	0.8066535853045553	-0.03564360951988954	0.20360638401295872
ENSMUSG00000021710	0.03883160774223332	0.05300836574725704	0.1423213692849873	0.07888833178745136	-0.02091241690618606	0.8433352013962382	0.05557542028693304	0.17123288601916992
ENSMUSG00000046658	0.488739836926701	-0.09144985184614945	-0.28671521612126555	-0.3643179914273873	0.13685129014711384	0.6959621328556587	-0.43227897558894474	0.3128314951204568
ENSMUSG00000059316	-0.11898307563897344	-0.03987458148069534	0.19308692151405446	-0.08391773038702548	0.03603450876352976	0.6625459365465242	0.046711043853114094	0.2506616999550423
ENSMUSG00000090019	0.1683886471047695	0.07600116694044591	-0.2951904305243988	-0.02267118250842315	0.2115094459776602	-0.40860623284534514	-0.22116173536812186	-0.03910890424415584
ENSMUSG00000084834	0.005632727684255656	0.0787600868306672	0.20968920050475692	0.6234853962012635	-0.022684755714285715	-0.43001999043005174	0.03221829778687117	-0.2192776668304586
ENSMUSG00000079539	-0.041559340850716484	0.06404495036257529	-0.1220472635104275	-0.03767291603338145	-0.07623128165417703	-0.41493126773388567	0.02980439602921503	-0.12711590114751115
ENSMUSG00000029675	-0.012111317080285844	0.005800308210053284	-0.20611200157448847	-0.26451081632918294	0.033133167510224666	-0.3810402906837163	0.041488839538055246	0.07039858182974117
ENSMUSG00000075175	-0.05605338305994673	-0.016048911416792322	-0.10054928688503219	0.02410191572490412	-0.06042351137369286	-0.6602324841172592	0.013816753453690156	-0.31458895676667614
ENSMUSG00000027905	0.0428648348595319	-0.009257395287553427	0.37759954647581384	-0.06988845324295542	0.12812062949479583	0.7591727267813129	0.07838999522167409	0.21485446260606228
ENSMUSG00000113989	0.024789027644386646	0.05923632424955141	-0.20961583558894276	-0.008784664275223815	-0.04521978520953929	-0.38507246467367073	0.005109233702816018	-0.2655701138033661
ENSMUSG00000028782	0.2432413241322001	-0.30347658418886536	-0.14034290716092973	-0.47262718163430273	0.2919544168352642	0.938518610620864	-0.3635016581450993	0.218131260535397
ENSMUSG00000026343	-0.029158051771125782	0.0056289455884824535	-0.03511215154316261	-0.18931887951118284	-0.031567060887593264	-0.019018409920384487	0.02392202555516757	0.18583198280233545
ENSMUSG00000025185	-0.016537083303660334	-0.3081465174085887	-0.06818301583642525	-0.5911967882249057	-0.008644521523105825	0.6648452355419081	-0.021605108616984416	0.2166135703422195
ENSMUSG00000037149	0.07847520275938316	0.06923275865767181	0.46608269013789505	0.042312497908393205	-0.060312292796314004	0.2507579477521974	0.022369697352092516	0.13160152807498493
ENSMUSG00000028550	-0.021145996408228562	0.008978899274997721	0.009509904030183647	-0.2926938950496745	0.03121683185217242	0.8001087532245863	0.05104981317267647	0.293324590046069
ENSMUSG00000040751	-0.0606286264849007	0.05801500452609439	0.015494383235311104	0.38473537304567496	0.016912472150680608	-0.5459324341265032	0.027941853246984526	-0.05988315966934741
ENSMUSG00000021774	-0.02314462624302116	-0.10319072281961242	-0.03346861369729928	-0.2760086699132662	0.05587516824027806	1.0138147119807908	0.028132460024596514	0.2274579879652136
ENSMUSG00000107868	-0.08923640243218406	0.06489412248875903	-0.04157017213194436	0.300922028171113	0.10411243158774702	0.9676264764410363	0.04703543217095594	0.10396215152994707
ENSMUSG00000006469	-0.03411769299169048	0.039747661569584196	-0.11539817847709244	0.027948911326457826	0.04803036386758721	-0.3202354384205717	0.029406833112786895	-0.06804303889014693
ENSMUSG00000082326	-0.03753192689504581	-0.0941908740261628	0.10166069915081001	0.2389556778205712	-0.2661453310999522	-0.9775085826837628	-0.06503521841901773	-0.27566944036069374
ENSMUSG00000054920	-0.04366716469793486	0.03240612115855358	-0.04608330483394098	-0.07093651028436466	0.031039526937919143	0.6482061483921069	0.051237959729439016	0.25904295429978114
ENSMUSG00000021910	-0.06552201793627481	0.0256086335937208	0.2769448474905769	0.12317744774709177	0.039870299367134016	-0.2659587264936358	0.03677234324079238	-0.11651826089796627
ENSMUSG00000039615	-0.08561441739576699	0.012246431221480567	0.22949081720444112	0.32543788244140787	0.11462377166590491	0.625193676508157	0.005391806168425717	0.08804213528207087
ENSMUSG00000063583	-0.03591152739761843	0.0791199643958819	-0.15661653432517988	0.052945740041980924	0.03009511514464236	-0.5305113425155608	0.06652701778349426	-0.10744204101479568
ENSMUSG00000113719	-0.012229113522289831	0.051813350921679796	0.04952851241238262	-0.06667059178265898	-0.27729477501575145	-0.8022579874561294	0.018983375280804904	-0.0044732444173316566
ENSMUSG00000105762	0.027700059962462647	0.04979698736999059	-0.16392476193975528	0.0015621596590256193	-0.07502740262841921	-0.7171930986065314	0.010077544701136604	-0.1337101623993276
ENSMUSG00000102289	0.035643566470186766	0.057928169611572766	-0.15147840207561067	0.033860042766607985	-0.09999958960454759	-0.5655984465081598	0.0028049139318132577	-0.1987787831333148
ENSMUSG00000067724	0.2681724860686982	-0.3058035881533565	-0.1524804029981437	-0.5011877446675582	0.2923680040450535	0.9007489416947108	-0.35274615405711707	0.17269156543057307
ENSMUSG00000114617	0.013721853991733868	0.06933994748730889	-0.033469057724505105	-0.021713669119390402	-0.019998664698563734	-0.7387722733001946	0.04084996571021743	-0.1386869180775422
ENSMUSG00000034022	-0.08680215431073446	0.06861997479142852	0.34579452224453555	0.20743544440604417	0.08873544336224451	0.6449847125202097	0.048966464888527905	0.0682310975223564
ENSMUSG00000017929	-0.10489072516114913	-0.046659431614431535	0.09091569735823123	-0.11827350539008734	0.08448953526303134	0.8715523872506242	0.046605044230250005	0.23102876484068258
ENSMUSG00000104676	0.00656185830862438	0.061625353686855525	0.42769679448857223	0.3696084660447571	-0.04726299027504912	-0.5295428918597507	0.04572203166582418	-0.09002025613202451
ENSMUSG00000112558	-0.07596852338150774	0.07088019402862393	-0.1246350275534758	0.16180516850343074	-0.005158682916631574	-0.5712577015279745	0.040724240882567174	-0.10647511647547124
ENSMUSG00000079462	-0.006672544671576484	0.10184659009743366	0.1719709392602985	0.02862052932918414	-0.017724158578319906	-0.1930568151384359	0.012410420106600099	-0.04201695009895138
ENSMUSG00000064310	0.01302385089264635	0.0377386815330092	-0.17184583487190622	-0.06240257748508418	-0.053746835612176476	-0.6359650295985729	0.020194473549149248	-0.16291577879910327
ENSMUSG00000096256	-0.015008635261116749	-0.03276776890083922	0.21763669228636365	0.43582040247455095	-0.13462715096746375	-1.0594041992554055	0.012715398873055062	-0.2700070881908345
ENSMUSG00000044121	-0.017138968914686407	-0.019517639013134417	-0.02817489397760784	0.08753071688307748	-0.1977299568157787	-0.849856777548616	0.00822084643233345	-0.27912169544604853
ENSMUSG00000072754	-0.09930152851882135	-0.038304160951146506	-0.0664921863949303	-0.07508665271460725	0.043050132868180845	-0.26918422088203825	0.030688700562058302	0.15818093862396193
ENSMUSG00000112524	0.031039832540316264	0.0694497556322976	-0.11407942010331064	-0.08077297581141152	-0.0775766707169916	-0.6121955907717491	0.026665679559565336	-0.11955969232552122
ENSMUSG00000112959	-0.05943656261641677	-0.010845672734694702	-0.1549500526763393	-0.23429866996307477	0.040972036519737895	0.13626097846672192	0.07080460801758738	0.16654490033903102
ENSMUSG00000041009	-0.05443828172898978	0.06997042498921274	-0.14126564326273697	-0.002218056227885623	-0.059498806630333155	-0.7413217957159774	0.038164498251770734	-0.09019328703975492
ENSMUSG00000037362	-0.018653280103522504	-0.08384398157024453	-0.1781999448606025	-0.4647460059923583	-0.02032735064661001	0.4561609809643927	0.05402598643467415	0.26364791589495684
ENSMUSG00000040187	-0.023244711178928727	-0.16552546978988866	-0.046329716258563636	-0.5602506467356264	-0.0023578097572763967	0.8608429212701683	0.020987073694499463	0.19328212485470506
ENSMUSG00000031559	0.03381835494955604	0.061341642163433796	-0.16539093414589345	0.03948633640615647	-0.040813257031413426	-0.7155618895378033	0.025040222339359097	-0.13226661379608398
ENSMUSG00000105185	0.015024517076512423	0.07179284798273454	-0.182029272012436	-0.07006787194517126	-0.06314135224850116	-0.6338317104375826	0.02265796110419574	-0.08908371237699979
ENSMUSG00000025739	0.12574972841290447	-0.140921693198405	0.1551262857473547	-0.20640517350583473	0.05032969539929646	0.4729505714439187	-0.04407458994866831	0.2815675026110637
ENSMUSG00000073973	0.003134275522313046	0.062295036599937736	-0.19777288942945867	0.1157960649602442	-0.048899534478241295	-0.691526366107548	0.02830285318666403	-0.14563101370579418
ENSMUSG00000021913	-0.044847514820852065	0.012510848865177282	0.3399068381434657	0.1693166833083379	-0.05344397156464105	0.41070658761800005	0.048990664253184615	0.07032017924947272
ENSMUSG00000039254	-0.07164659828500168	0.026120757689715515	0.23169503762263924	0.39107153000906103	-0.025496340733293543	0.6066006226981071	0.05209860943963365	0.09816149536692972
ENSMUSG00000117417	0.039799259628241365	0.06377601517998656	-0.13989645950523127	0.08540532235104782	-0.033676181360176714	-0.5375617065009513	0.024093722095428927	-0.20970056500117826
ENSMUSG00000105137	0.03422472950774283	0.02352392357446476	0.22389137630024555	0.2095911667001835	-0.006617137171162968	-0.5287594283688773	-0.008004168894160413	-0.21808113322959147
ENSMUSG00000072770	-0.10155730364070918	-0.03683843940039233	0.04469612967009192	0.06671886408133311	0.03031853318683974	0.49237066071262237	0.031002550779828757	0.06725767337270534
ENSMUSG00000002221	0.03299341695181986	-0.000351331380865183	0.30913808526036224	0.2862267939103773	-0.09591541132208374	0.6734128746294219	0.05179666017037262	0.10267226213013408
ENSMUSG00000036106	-0.09169564806978223	-0.02048061029353407	0.23871500455302483	0.1850797774084208	0.036267424574163286	-0.2501841483594545	0.01712447797760619	0.01538557637283839
ENSMUSG00000109409	-0.0040486080056099105	0.05451249576558441	-0.09424789474975777	0.01711697371693514	-0.11535586433305699	-0.8058947280935262	0.02957187831920479	-0.14597215536013913
ENSMUSG00000111960	-0.01830554539703466	0.09246569274741957	-0.14108982336632006	0.10025709614054476	0.10091717835125058	-0.5626148611820905	0.036428162172631666	-0.19171947638965903
ENSMUSG00000092346	0.5954033541381155	-0.2273272639158092	-0.3820777251976794	-0.790107173647714	0.17432792546712664	0.808293317610074	-0.6351152443660707	0.2809037340377414
ENSMUSG00000100625	0.01440223625053926	0.073177449543726	-0.17341446633213448	0.06896910805617007	-0.03910694576674074	-0.5280012016929174	-0.003506485157419692	-0.1385439856382623
ENSMUSG00000028864	0.015413805016445625	0.06437183378180719	-0.1546774751528699	-0.03281878264205961	-0.051607440949279285	-0.646913002989398	0.03003845101996036	-0.1568865918656215
ENSMUSG00000110368	0.014044785911380902	0.08012493563596194	-0.18901786498894466	0.21311011347488767	-0.032950689017601606	-0.4818010907497267	0.0024006477561044903	-0.14514442403192845
ENSMUSG00000106822	-0.028521090164412653	0.0633652750335159	0.057519573008974055	0.0417319110229931	-0.13632828559015905	-0.6293966051357558	0.01741207311539761	-0.20037737918732143
ENSMUSG00000110186	0.00935481616138406	0.06647686577076135	0.15286817224625007	0.03256622375561498	-0.04196040582372996	-0.3999911434030534	0.029027155914240647	-0.24920696208717516
ENSMUSG00000026923	-0.08419850373961103	0.03409079139044591	0.08549638851480595	-0.015764447057251742	0.07227045437962043	-0.38691451992852394	0.011771849491400697	0.004809189538261538
ENSMUSG00000114400	-0.028139868327991393	0.07198985943664778	-0.1366868161671467	-0.018869635729328205	-0.048534421819053035	-0.70398039310509	0.02986590446619486	-0.10465693848083568
ENSMUSG00000046000	0.01367712198135176	0.061378568552844945	0.13375853448113453	0.041641225425342966	-0.02593170890140506	0.6716984648763148	0.05098545819949407	0.037808481869409674
ENSMUSG00000025732	-0.03567090157893661	-0.09012054291125982	-0.047798600161207974	-0.10924235754322247	0.05411359842403241	0.756153087459635	-0.03401419354537316	0.274024380563385
ENSMUSG00000101734	0.027712004003620703	0.04036782574423456	-0.0648386165326148	0.08029989996898057	-0.03394449141528974	-0.5777397188724909	0.002042346388357097	-0.25519224491304165
ENSMUSG00000104687	-0.030881576202784464	0.06673714743438697	-0.12509355267864064	0.007359670763699255	-0.055475871208498895	-0.7790943752863524	0.02806400222209409	-0.0769284830915815
ENSMUSG00000084973	-0.048170723265564215	0.07484993194993343	-0.16652338268866096	0.04618761160219259	0.05192549250641094	-0.6692273044572999	0.04560338414362097	-0.04759645220766484
ENSMUSG00000097178	-0.0760651704551434	-0.11794055599746545	-0.05984138574646712	0.015065773748720757	0.026630355023856623	0.6896500464288265	0.04035425330821107	0.2874861186146531
ENSMUSG00000107256	-0.05600118832340074	0.06586671847134576	-0.13967737818673023	0.011722498095926293	0.07070209498292025	-0.5426966057554274	0.027687962280879486	-0.05749516972259665
ENSMUSG00000103346	-0.05133951956173828	0.07009448456551713	-0.12730214374467325	-0.0009502254910189745	-0.048617858030888805	-0.8264847386152925	0.027856039379925434	-0.050628974925973444
ENSMUSG00000105434	0.05051286361842678	0.10566280566704749	0.6199721945718311	0.7406479835387759	-0.014223952731889478	-0.08238984196070548	0.02864104132972295	-0.1264634931877598
ENSMUSG00000041534	-0.058064889844451115	0.06376730049545805	-0.15949042153971849	-0.030813475718010276	0.0008614314582784388	-0.5894439268954189	0.0455438480781357	-0.032994785853038784
ENSMUSG00000078957	-0.07395736740629133	0.026012758767536417	0.05285899360348572	0.004776984003003526	0.035680296707642306	-0.39935702869896295	0.018486847691120488	-0.07842831537306408
ENSMUSG00000030077	-0.06549872524988495	-0.185633300143687	-0.19848411768403104	-0.8007343960301009	-0.0610383501205279	0.7507351579189754	0.05503911740711198	0.17754210491483047
ENSMUSG00000118414	-0.07814302178641354	0.04169344477717522	-0.17870748394827216	0.028797600228248024	-0.0354948207691957	-0.42393119521583517	0.0416406948069782	0.025377819203723062
ENSMUSG00000073437	-0.034588703002802215	0.030206852673088525	0.08147740537535186	0.11131927266463391	-0.00020138645364120578	0.9214885220905754	0.05681051419397084	0.10832851234998793
ENSMUSG00000113095	0.03058897299553679	0.06783640336757342	-0.16690281297322154	0.38993215184554164	-0.06527771493534067	-0.583798621616825	-0.0017765468453959654	-0.27019608793745686
ENSMUSG00000023906	0.23911000597625906	-0.17536442035000463	-0.2738125027010327	-0.6528838560940743	0.11254686506554137	0.7270615518444241	-0.18555960154152376	0.28875984903563673
ENSMUSG00000054717	0.016849791679705017	0.12102460446580796	0.07805792822243963	0.45905870659445025	0.04661142915011979	0.6497906624246536	0.05734806026076272	0.06091172821291595
ENSMUSG00000100240	-0.26978102114579944	-0.13239031491329212	0.1887898194158104	0.47638386816250416	-0.47332023141969887	-0.8656885837222407	-0.17433128872802178	-0.5045475246190584
ENSMUSG00000090073	-0.029258542566278335	0.08606853722080109	-0.14585266801451965	0.030464173671380164	-0.06525807146042692	-0.5671644900897592	0.019834164454851422	-0.11897869989562325
ENSMUSG00000030842	0.010949345639508442	0.07646020397397639	0.12782588667385456	0.43592186465357513	-0.005820179652395119	0.8228598055687432	0.045401965254945664	0.022534078522364876
ENSMUSG00000085996	-0.05233103101287172	-0.2384601963554191	-0.19141899103403986	-0.7390274313258326	-0.021605903880877672	0.9683117351858818	0.06395418499191836	0.08186127805129531
ENSMUSG00000097884	0.03339370621940117	0.07387000216698032	-0.16478926179950742	-0.07793619743723258	-0.03734427052467005	-0.41639956911298526	0.02615363701443829	-0.16159320499265095
ENSMUSG00000035158	0.0015565197716305157	-0.024899007088193908	0.0839220716860017	-0.24177373418278544	-0.014745701065376522	0.8027229778317396	0.07940369594343998	0.2842912738901558
ENSMUSG00000114780	-0.0353868055829777	0.049998469887515905	-0.06235709337180327	0.0696776453657586	-0.009617889097103871	0.10992089094295739	0.03760004019074086	0.09551273283686179
ENSMUSG00000041025	-0.009635867427695954	0.03493172839707159	-0.13952916771987534	0.03017506806207043	0.07428527427265119	-0.2960426185962352	0.01855344670520298	-0.023995991796333105
ENSMUSG00000020807	-0.07296561085094817	-0.05615217288644676	0.04442978326003501	0.25906814653431975	-0.008777819061752234	0.8610097274385	0.04733590453569849	0.1490522487562316
ENSMUSG00000058188	-0.0032945862252479197	0.029844602476443122	-0.11594114588897285	-0.09532196644173785	-0.054245417010779985	-0.5865003205973561	0.01897632859005517	-0.19478822700373125
ENSMUSG00000109982	0.041502733977338085	0.07701778579117506	0.42543281943390654	0.3434820920576554	-0.07973662015240199	-0.4900604520795283	0.022248695791665135	-0.07528952546464797
ENSMUSG00000090626	0.0668641838696438	0.059385109268565335	0.30226961755265375	0.3045332902708972	0.013795023305931187	0.5515320506465488	0.048570465538718015	0.0634028861722157
ENSMUSG00000104156	-0.05720802240885145	-0.047228101412522094	0.2375658967112298	0.4786843136734164	0.3193410135989642	0.43094311099446564	-0.022907763967487726	0.03372962805198667
ENSMUSG00000099429	-0.06910280342084017	0.04681147767090419	-0.13790658952706625	-0.07464737335770182	0.05967380758957313	-0.4113922127081992	0.033337981342398404	-0.053643230978848204
ENSMUSG00000030271	0.007427937994223033	0.08362900371414489	0.2105399155443026	0.5320980494944227	0.030975021742216117	0.6336408263578561	0.04657268740094869	0.042240825154647235
ENSMUSG00000018401	-0.10209875709526517	0.04846891162299363	0.1542669181119977	0.4901305910943617	0.05620736256117785	0.46149318740029655	0.034210327284095406	0.07143485262854815
ENSMUSG00000085355	-0.0033620044183519937	-0.12710621377092843	0.04107126199350037	0.14171525100272814	0.46391428287288217	0.9505390500809624	-0.26147783390965457	0.20875026763426532
ENSMUSG00000046707	0.01491676885355031	0.037086007438890636	0.5829348778209568	-0.0869412684675017	0.016658649403017804	-0.19605948006795285	0.048102787867732026	0.1056120126392433
ENSMUSG00000033618	-0.02687130768145078	-0.034678147233281977	-0.04928851295536507	-0.3605127235475852	0.02197293734378003	0.7673554306045314	0.05260802794506898	0.28762175098401005
ENSMUSG00000048834	-0.046113433676419076	-0.23330488742809713	-0.19563772661054613	-0.7088484296600601	0.02136463664619443	0.9547467751116019	0.03295005918958907	0.1331440381995097
ENSMUSG00000067627	-0.06764446653225786	0.05642938506718636	-0.18744792062381332	0.026420878678821147	-0.04362190325217888	-0.7411349406321945	0.03546376776457655	-0.07448019104162087
ENSMUSG00000031543	0.08109783828328207	-0.3233772219764123	-0.13343502346059358	-0.5829672761973874	0.08995920003655412	0.9705835892379526	-0.13723251961195906	0.06222225357510324
ENSMUSG00000111222	0.02579863288913094	0.03959973558990737	-0.14762300883266394	0.0231602972154632	-0.05037033603246693	-0.808831598805279	0.02599561290561967	-0.1344232361670861
ENSMUSG00000113427	-0.08728610498572266	-0.005417283865466247	0.006805395299746331	-0.22706473398814814	-0.008890816416257705	-0.14879757621488685	0.03844124522432368	0.11760736002724334
ENSMUSG00000026819	-0.023752345717823697	-0.09682371076037069	0.0694382758227292	-0.23178386417767186	0.07883191979014956	1.0182300073779371	0.041925943874890584	0.23398534450713052
ENSMUSG00000099869	-0.0372342455457468	0.07500383362552719	-0.17322198101979772	-0.021843585969448354	0.041635936144550995	-0.40352474371956054	0.05174648657156939	-0.10680741206589375
ENSMUSG00000040331	-0.031354980383253656	0.06561056949152996	0.07896231702114258	0.22417714442283526	0.03319978252468483	-0.16844643533913162	0.04065683083827312	-0.061997226637147816
ENSMUSG00000043733	-0.04287432077180918	0.007467567032725945	0.18093532290153647	0.04086090796389158	-0.0041290413521830605	0.6903429866268772	0.0650522258003211	0.22755904850743194
ENSMUSG00000096457	-0.17798481370060695	-0.14888535487861806	0.21637358360056802	0.4463313294748464	-0.2799829722838046	-0.8089400282210658	-0.18337677681211276	-0.4454295167243815
ENSMUSG00000055692	0.07757355878016255	0.024403466664668194	-0.0628543742584539	0.20077934106647102	0.17126993873611837	0.896400834022013	-0.1237736824180377	0.18718455694879746
ENSMUSG00000021120	-0.030359101911390945	-0.010835660386271373	0.23899080494871372	-0.09836794159786737	0.03150035076511029	0.7668293857802204	0.053876993261639	0.18740508214197296
ENSMUSG00000086920	-0.08917158626483916	0.02397364482998469	0.2382147604924711	0.22231842519352607	0.018171954382719013	0.24299078548663935	0.04181207946018448	0.035065405451714826
ENSMUSG00000063751	-0.019586271180122017	0.0164991175610643	0.10211459073573133	0.1692953949505675	0.03765677978826571	0.6725675040812882	0.049598773444180906	0.09733897372491067
ENSMUSG00000114535	0.053600871032163565	0.029071434704241395	0.7048208299403083	0.5510921672699655	-0.10403578845345272	-0.4998126677410008	-0.053251833249443256	-0.16808209533936957
ENSMUSG00000089737	0.2509873743520041	-0.23458411553406966	-0.12552633149521517	-0.7564538896616602	0.168117877886889	1.0232312683448053	-0.29816827618982394	0.05938363782058845
ENSMUSG00000107012	-0.011844186775157917	-0.10193830213835144	-0.19875809731135322	-0.6875518336213831	0.0312553093596116	0.5346834754505088	0.014439199625818633	0.2360110368880424
ENSMUSG00000105888	0.01724572524246093	0.05427106959053478	-0.17800394979632944	-0.046337611427559884	-0.06829994284660756	-0.6233925818146892	0.024214013816078475	-0.1895680474784359
ENSMUSG00000008305	-0.0045974080335171585	-0.0484581783868981	0.1383123036057653	-0.14953844806028616	-0.029185090696384797	0.9299772372647318	0.09624663162631912	0.24702955452517017
ENSMUSG00000118509	0.02544387036677076	0.040765664159206655	0.15514677960420073	0.1818377292373451	-0.12470039317429603	-0.8835640998145508	0.031809349372527704	-0.17876953146877336
ENSMUSG00000044134	0.0821156957832869	-0.03451318058391917	-0.09062294695656137	-0.10602108305466112	0.1108207577480413	0.8624148639963812	-0.08716326031910701	0.24798881654506866
ENSMUSG00000056411	-0.05554846128605364	-0.061350155138139364	0.05898382318342078	0.07602576797287398	0.2891120079742901	0.7485130952050169	-0.01765523758525056	0.14475275095966034
ENSMUSG00000020846	0.2104621087226971	-0.18776621675456887	-0.10593984533733927	-0.5395266731555685	0.17269671073545184	1.0023346152471162	-0.2536380236585996	0.0886985372708396
ENSMUSG00000025586	-0.009320552069362727	-0.3362011756292408	-0.21115967038605576	-0.6300854591596543	0.25243637203813385	0.9425986855795554	-0.18482592133116355	0.12309970998969237
ENSMUSG00000071332	-0.05209477824522154	0.04874657327754361	-0.04601131348656496	0.009143700795113618	0.018663328358163585	0.7814615262897509	0.05423529159257471	0.1279050348564057
ENSMUSG00000003360	-0.11561612704066015	0.02770399034940041	0.40181778725081346	0.027784378954797732	0.08360002679486772	0.5221402651976973	0.02685942180108017	0.12259430783957682
ENSMUSG00000099860	-0.05376805068219284	0.061508538905542295	0.10028336112374595	0.3534962635027762	0.06451217360836337	-0.42808201930424683	0.03244940945153424	-0.06034697295326608
ENSMUSG00000087402	0.05027371622797802	0.05377479239966923	-0.1345914194434402	0.13610250009607805	-0.04168447031942754	-0.7510250535034626	0.02126346501493137	-0.13484020329707327
ENSMUSG00000101278	-0.3787942328976335	-0.16867058942955823	0.22159901009813976	0.3417216160374037	-0.4748821688311442	-0.8712002022585394	-0.09723529886173839	-0.49519570391754714
ENSMUSG00000020912	-0.03252017304626076	0.0422744998620746	-0.18331695454649669	-0.10747987803442853	0.016109827844422497	-0.5721184470207679	0.053010508238359115	0.07297667457216783
ENSMUSG00000102900	0.5318308655648673	-0.17454080285594814	-0.38667037859704945	-0.8849426239470212	0.19269725841700183	0.8200631671047414	-0.6004752205434501	0.2557203275503001
ENSMUSG00000102618	0.00799770933031146	0.07158384534306056	-0.16583123373079933	0.09780920898499142	-0.0027941917943247185	-0.7280455985165518	0.03550794753958598	-0.12899247166772676
ENSMUSG00000107977	-0.023294266109380877	0.05021819266552999	-0.11023423416385812	0.045934022188411604	-0.191707612964368	-0.629923019491218	0.010449286499223165	-0.09524975281383254
ENSMUSG00000024400	0.09687661691088321	0.0708411699233936	0.31752204279994933	0.34559004940337873	-0.0023765493875280708	0.5563199581534678	0.03535726833359789	0.10810718325048248
ENSMUSG00000028207	0.02019563326030863	-0.03354696642952337	0.05135590378702911	0.016043505656983356	-0.09653412942830883	0.9786253505404924	0.07604246208671864	0.21799162883207712
ENSMUSG00000038418	0.2472151417363141	0.05737444034327871	-0.2893298312333078	-0.20537183980192572	0.13251096941689888	0.4927141012864791	-0.18684070921157378	0.2048667138759977
ENSMUSG00000087193	-0.001228201736742672	0.058757577996226856	0.6252075259478099	0.19042698599482646	-0.04636716890265616	-0.7146878041114895	0.051035003385182603	-0.11353700878801248
ENSMUSG00000035226	0.0638229844010097	-0.2868946559691841	-0.09125321763102669	-0.5804004939370339	0.02143902666893903	0.9799750002579044	-0.06334995876856062	0.09293302436393683
ENSMUSG00000034883	0.015353325931665607	0.03153250683233487	0.13789403555498483	0.02126491709361705	0.053198536381022114	0.8256093893564163	0.060954299671949944	0.19550829757350777
ENSMUSG00000030796	-0.12307721504122512	-0.020923493445754504	0.1829287630675896	0.12831051678216296	0.09162633063354765	0.6970786990667994	0.013346642287559904	0.12696199856227483
ENSMUSG00000001095	-0.10628485116279142	-0.07652511549996935	0.07708363341207611	0.00746553847180409	0.05197321552335736	0.4275521935678968	0.022234925134928408	0.14197586320936584
ENSMUSG00000025736	-0.07433005684913754	0.0003206198404179794	0.2087158025273607	0.3389857107953323	0.07765552740999197	0.5604951433042141	0.012195287207299416	0.12038336756669671
ENSMUSG00000047910	0.08700592560162253	0.0025354395906076466	-0.34219176775621474	-0.4886376994440084	0.037952211688722176	-0.14391870889591316	-0.0099072132074885	0.23065844339278652
ENSMUSG00000036845	-0.11830974114415893	0.09964913954776605	0.2793051902199237	0.38487835627651606	0.04045051061614183	0.35212443418012784	0.03952932804809552	0.07858527025466308
ENSMUSG00000060301	0.061385788364018486	0.0892659577534567	0.04882393998683603	-0.15100544018952813	0.022505944521238386	0.1932221798865881	0.042471952946373286	0.18168204419519546
ENSMUSG00000104106	0.0006791408960292733	0.082358868485366	-0.12089448998999394	-0.10335237164733288	-0.03377101479066866	-0.7063446419715719	0.033300770662440214	0.019470041071146214
ENSMUSG00000094066	-0.06235286437992747	-0.03740553935992319	0.5757966304535129	0.279664166795035	-0.30380886443527916	-0.9189704856939435	-0.027762136320099273	-0.24446350332696273
ENSMUSG00000037236	0.12980110709325246	0.06226679765250027	0.2651303567558694	0.4263207949830796	0.062497937839045274	0.6715000988775777	0.0516690107025124	0.06960671208290901
ENSMUSG00000033355	-0.032132758004472094	-0.041597499353130424	-0.16569479480754074	-0.2894490338385143	-0.06207096691097923	-0.3837440127766674	0.031359842274845784	0.09609280785489502
ENSMUSG00000072822	0.0011090555847961259	-0.06038704854289464	0.22437786419989478	0.5438031315606406	-0.20400560804398854	-0.9377182893952685	-0.03238643440001721	-0.32320711033988103
ENSMUSG00000104292	-0.029591199152694047	0.0790912373439589	-0.16359187846774204	0.14021536757548242	0.011710692420953683	-0.6830324684175311	0.03246479557983954	-0.09652333578825205
ENSMUSG00000115545	0.012109922848496102	0.06866628048752003	-0.16216025226667533	-0.0008955413820816993	-0.014438751463067306	-0.577827448041384	0.031227081603849995	-0.24702843561207605
ENSMUSG00000050132	0.18552739334110277	-0.18826629347561108	-0.2361656300458828	-0.7246824146711585	0.17594373394342827	0.839242929595485	-0.25737987538766494	0.27034528422550524
ENSMUSG00000003762	-0.08639486751285515	0.048407745545123226	0.08205410341250921	0.38424519376479216	0.03894360643017654	0.1742780187900766	0.042465730160744064	0.008800255324921014
ENSMUSG00000104990	0.00786658200017798	0.03680924579346088	-0.023857123329985512	0.07671590154942654	-0.21591120782815	-0.8857073760672146	0.01303206193776163	-0.12570329224628188
ENSMUSG00000063919	-0.04695520968440016	-0.0995133171534811	-0.06696739217585186	-0.2366753843107306	0.04380765040611746	0.8719140233072004	0.026087467754342675	0.2535299548981453
ENSMUSG00000025889	-0.028567010911642765	-0.07579136903424047	-0.09022299852611236	-0.5028697245739517	-0.05385636262507971	0.8503028188005002	0.07185668893042671	0.22954499956237487
ENSMUSG00000056069	0.028942748549235342	-0.19683635004679478	-0.12590973925735804	-0.5436124978242234	0.08874553063265256	1.0048037578669962	-0.03388645933461737	0.19676732341339837
ENSMUSG00000051236	0.01588759807879292	-0.13755959949415206	-0.10125859716961999	-0.35438440926622294	0.13814571690738964	1.0529625047149704	-0.055981652335353606	0.1306877493591386
ENSMUSG00000035390	-0.10508782168608066	0.09992760828436471	0.3213809940486164	0.1477703524887455	0.08932038096015119	0.40149226862141923	0.042166400397289736	0.08473161133445911
ENSMUSG00000021612	-0.013021946927750383	0.08575401584609152	-0.13970598752993574	-0.03444332883286902	-0.02782166592520177	-0.5911051410826577	0.03491542101396282	-0.12132782406579962
ENSMUSG00000040220	-0.07335559743594999	-0.014186905047881787	0.17117325788498228	-0.1884379626155494	0.037324972296260056	0.2387748433858909	-0.005242823225224902	0.27801051970067037
ENSMUSG00000003227	-0.04481418567142104	-0.0677216130357477	-0.1499476125530704	-0.5135356104770038	-0.005273595714653356	0.19668774830830996	0.0437208250589963	0.29686719725242744
ENSMUSG00000100969	0.02963876040233515	0.07164167597064407	-0.19362004886781356	-0.02815142783756602	-0.09814373188823351	-0.4377014756291302	-0.01911698117008003	-0.15023354445569018
ENSMUSG00000053178	0.04481171350220144	0.11292496768375174	0.20286212579108207	0.06394599810482149	-0.006122827732815361	0.38421404146592725	0.03953412910913879	0.17337496117253248
ENSMUSG00000063439	-0.025063115838438343	0.0797496481175219	-0.15459784912568753	-0.07304759332775952	0.058772010428769395	0.577409040640957	0.07919679822958223	0.16772699051307652
ENSMUSG00000029199	0.024955052726528537	0.1113084646004932	0.24926829959634253	0.23032456537911034	0.05624021336350382	0.5119650305779981	0.049232600905880906	0.038782060898045784
ENSMUSG00000058806	0.029858475677907854	-0.24847635612658303	0.0002130848034890831	-0.44476755938299256	0.10267156856805319	0.9450600965786864	-0.04042583576485531	0.15212768441410734
ENSMUSG00000038845	-0.09284336256239856	0.09400446978516795	0.5021502361582955	0.26887026000573183	0.1042896330743991	0.41309480287992095	0.045671996582849324	0.04513953405295332
ENSMUSG00000031370	0.18376683049443707	0.0782797199606038	0.8163352693559622	0.6581200600621652	-0.16317835243055198	-0.004740170081309669	-0.06334303760993172	-0.041413624484538364
ENSMUSG00000084861	-0.01613483597736652	0.029030378675105214	0.015064337005989952	0.15056279031144806	-0.012400063107134152	0.8099080081943104	0.053289599323925955	0.2249617029703792
ENSMUSG00000116752	-0.014939525018097397	0.01999793839953958	-0.004464430342709602	-0.08726434081876656	-0.03821748153300493	-0.6353078960981139	0.03436461387670928	-0.23544882782915225
ENSMUSG00000085528	-0.035838418393159335	0.06702514384137818	-0.14087335721452388	-0.022022405384377164	-0.07912101643621842	-0.5613535940505981	0.01947997044052774	-0.1428342563280016
ENSMUSG00000117412	-0.002024746752817219	0.10547250548425603	0.5140543041586155	0.3871859527942825	-0.03087196790831545	-0.556847449113338	0.04655193611187382	-0.1746557491594769
ENSMUSG00000084794	-0.10738342698898655	0.015967388795190333	0.011281693224438172	0.41658798407018066	0.07308735272137601	0.33839997695173374	0.03944943540288667	0.09852294718361476
ENSMUSG00000099417	-0.08105898001855252	0.08102254964303168	-0.016064591765834857	0.6090810329261411	0.08918708305967551	0.050347894680698745	0.046215066490202864	-0.0927743128315646
ENSMUSG00000040725	0.016236253556106296	0.08771945885828815	0.40559486853346294	0.27323260252990667	-0.017563872133789626	0.6346833414767328	0.024392965224134762	0.0705033195773412
ENSMUSG00000079271	0.005502741845666578	0.06460522448224565	-0.18257417413181135	-0.02359688188789638	-0.000787821469316774	-0.6472962005377199	0.03398977839840407	-0.1703082163439294
ENSMUSG00000097926	-0.009919956034552256	0.0837152608646955	-0.08317847721613955	0.33710973213179984	-0.06117888160532905	-0.540394443190617	0.010290444712388935	-0.23907959654750965
ENSMUSG00000094814	0.023064603489409974	0.05944160748117958	-0.1655191820287368	-0.036692895784922026	-0.0346799362481945	-0.6176464712918209	0.023212618997133724	-0.17293806335249212
ENSMUSG00000036564	0.12698352820902117	-0.3705470587569445	-0.16404518452768896	-0.6278180060556011	0.23544354731797382	0.9507816464334999	-0.2690477871197199	0.21855906437440256
ENSMUSG00000060480	0.016030084899934627	0.022848082105194793	-0.2020586282867479	-0.03782127765874144	-0.06864728234857517	-0.6230174584413798	0.016996009182780318	-0.18166176782515545
ENSMUSG00000042604	0.015989841836111685	-0.10276781459724796	-0.18623816559237716	-0.7484318235691001	0.024572747949806253	0.8019330945084259	-0.010051281444758427	0.1996197346559243
ENSMUSG00000113359	-0.07525679797176339	-0.02755767466302239	0.10972038223499296	0.2896678407975644	0.01605072526897679	0.7017583805205615	0.049605057628044	0.019631242846745937
ENSMUSG00000058126	0.022606022134356613	0.0842027082976699	0.09157909451909581	0.14327493374947878	0.04310555922091334	-0.43256118443412883	0.03366993598208318	-0.19444691484441703
ENSMUSG00000103190	-0.19665756319548391	-0.17579628051412546	0.1807282008293345	0.32503137626461903	-0.4458697828368804	-0.9881090073415816	-0.21139390881204412	-0.3440597807468749
ENSMUSG00000102794	0.0011377749800628445	0.0864894739586164	-0.1718365252773415	0.05429118335141808	0.04253667245601517	-0.436829267857542	0.031347124717356595	-0.1786403942523621
ENSMUSG00000046750	0.26611397907521067	-0.23971184474362295	-0.24939539905456157	-0.7168454341637696	0.14502510153454518	0.8885861361936607	-0.20987944498092154	0.25729251184769414
ENSMUSG00000099829	-0.18270297877569022	-0.22437370917910102	0.21678961374070282	0.36103623348187447	-0.39559326244677406	-1.0423189340672658	-0.16102235601543263	-0.3794783661452442
ENSMUSG00000029108	-0.08262456246951333	-0.3209629828248481	-0.23700058735440008	-0.633991658922513	0.06234901024439331	0.7873986345185445	-0.001620769455607296	0.03508665222215606
ENSMUSG00000016283	0.026041746134851253	0.06109634914116755	0.02101528059588321	0.14215499085531663	-0.13542137437681984	-0.6008777188584355	-0.019720990456125076	-0.17562256084105374
ENSMUSG00000108134	0.022474687135070615	0.09242409106599728	-0.12583898709506444	-0.023667397905035657	-0.04131175150263967	-0.5225353294985517	0.03555375399040381	-0.16226987801868067
ENSMUSG00000031586	-0.023162616152795357	0.017490763946557776	0.1657341048876036	0.11795438288390603	0.05896719262605884	0.7619437272251766	0.061563591117253014	0.2125947488292063
ENSMUSG00000099881	-0.07537163893607261	0.022468983532651546	0.024742675038746536	0.47388028769181556	0.32373998857466774	0.9763501575051158	0.008311447214421896	0.103445567846479
ENSMUSG00000047390	0.006796986080474852	0.05401461834445058	-0.1599886437177529	-0.004212598902400666	-0.054936247320850964	-0.7192954111817912	0.02423119056363628	-0.15010244870574108
ENSMUSG00000070852	0.029469866785837427	0.09129522963608865	0.04290118567647152	0.06086952508735914	0.0027356693776818264	-0.3061263333170806	0.029146619983410744	-0.27462545166425667
ENSMUSG00000030607	0.013117273499930715	-0.27490214851255507	-0.08863641450919969	-0.5616799658796905	-0.0018277437762620752	0.989348117302244	-0.013937468040613724	0.0917942809799111
ENSMUSG00000022304	-0.03668248073910122	-0.17961713270445995	-0.0762531088659249	-0.47132917759305126	0.06892909787306277	0.7382715619217333	0.036039390650747904	0.274831731321654
ENSMUSG00000102269	-0.04571039636322077	0.06990160713080912	-0.1104622482911084	-0.034693295476859135	-0.04112438073822722	-0.8079586680609797	0.027139629425125156	-0.045435089902953245
ENSMUSG00000035840	-0.005465999042204417	0.03928522954392688	0.07191723717384586	-0.0043292879345031565	0.03490808202050215	0.9262629562404459	0.05921789842625197	0.1773031294214569
ENSMUSG00000095901	0.008010342836030304	0.06368470701752584	-0.20979406498550504	-0.07272569463023285	-0.012973216477310923	-0.5406322844162078	0.03129040150718967	-0.15475853745095536
ENSMUSG00000053199	-0.017603350811790052	-0.22097746975596477	-0.12449422488792129	-0.5679250733842469	-0.015448842456501216	0.9894163585991189	0.028318723842944274	0.07054992024870753
ENSMUSG00000113895	-0.03490702031515557	0.1047662371868328	0.27183969108262257	0.10036302453251388	0.026919352325710768	-0.03160480981678099	0.03756100017321896	-0.14141088452019848
ENSMUSG00000007837	-0.05904022037123158	0.17904524712406444	0.03689973114102433	0.47983636771160365	0.13359593956972007	0.07486071884645427	0.05730752303793871	0.0250719890220818
ENSMUSG00000085750	-0.069783136583022	0.04682911540425883	-0.08533825698590108	0.07096961354557191	-0.015125165657944577	-0.17686618049964803	0.030675567683041846	0.0033147018399030392
ENSMUSG00000043102	-0.09635607249697126	0.06248120876920328	0.026598326337294573	0.012625022320595456	-0.017445741510913326	-0.47727611512858825	0.034109303156076076	-0.007696433769734445
ENSMUSG00000051615	-0.03535756760795879	-0.04267403071163561	0.0318011322898047	-0.08538522993944546	0.008889490502653086	0.9560464653912538	0.0561719438535181	0.25369821905822654
ENSMUSG00000058908	-0.056142827710274006	0.06158441174535151	0.07903941745181127	0.20699147595699846	0.04700835877398629	-0.4402312524023415	0.02176694221204109	-0.03216183648564358
ENSMUSG00000054135	-0.01853524643669974	0.08259305999635233	-0.16858984752938833	-0.05376731589346339	0.1255300781045662	-0.4882263016293501	0.025593927885394052	-0.10016011795936486
ENSMUSG00000082189	0.01683623254348266	0.014792523337360352	-0.11104891349073265	0.06786938186150202	-0.17168852375966942	-0.7851744794954734	0.00792444223811617	-0.19393672217917507
ENSMUSG00000022370	0.07219903951053071	0.04113687867033317	0.311774859777755	0.025457418868554644	0.0036969873656131913	0.6781696711171027	0.06088857294089264	0.14848230716192856
ENSMUSG00000026074	-0.03629846365414813	-0.08260563362339607	0.10471005173170743	-0.12458452824745561	0.06800874831368449	0.9528204087003489	0.056094116278928026	0.26027550639491376
ENSMUSG00000067158	-0.03104451039903261	-0.14118742703190748	-0.17857574215105013	-0.7043082952602938	0.037298878302352706	0.5599532213692342	0.04977336720994746	0.2523323001065915
ENSMUSG00000039568	-0.09603437052216351	0.020765711493980543	0.19186392760285856	0.4312017318981037	0.20124551889687042	0.8155692321836022	0.040202998145091685	0.0661329601635243
ENSMUSG00000036466	0.001349290304119788	-0.22138984471107115	0.026490027011212315	-0.4465102946624383	0.04677821298443874	0.9651074276090426	0.027344432185016164	0.1580420680740432
ENSMUSG00000087569	0.012130852852546559	0.03577106525305029	0.1862462780031997	0.0783291195298734	-0.1596162725274905	-0.7527400658003482	0.019342382572703664	-0.26028047441207824
ENSMUSG00000096881	-0.32392888486454174	-0.23018518780565544	0.2641198527131689	0.372550353066649	-0.4748127243471664	-1.092813791709582	-0.0934663462538119	-0.3734632538082862
ENSMUSG00000097993	-0.10156211679691361	-0.007786260580817106	0.09591840209400668	0.24027100442286697	0.019116781751601766	-0.04354652252770957	0.03234240689212632	0.020842534361116525
ENSMUSG00000010066	0.09730723028798756	-0.23643129646509334	-0.08219833167295648	-0.43196153233165785	0.1458618573536506	0.9851708202341313	-0.12413685257897722	0.1365017004832393
ENSMUSG00000046150	0.026799066102036573	0.06436596848792743	-0.07516088425506472	0.023838015214174293	-0.003314714924768869	-0.5352529718722592	0.04285704434570422	-0.21888693823588162
ENSMUSG00000061371	0.05351106210221461	0.08096374539360711	0.19457058701108101	0.46828477069749375	-0.0007820189002996081	0.4949233716777757	0.034976760196415047	0.05146607024864406
ENSMUSG00000024851	0.11065788229170412	-0.2416574235576827	-0.1619422978958157	-0.5345676002114572	0.12679039670297573	0.7756892519849693	-0.1524525345310849	0.27109587844583616
ENSMUSG00000028842	0.051415004859397304	-0.013198064235852458	0.12247649495710174	-0.03949459385305249	0.05690122386407669	0.8977706982815297	0.07316251041776774	0.22613258475608047
ENSMUSG00000110676	-0.06642312045039579	0.05566513798882602	0.0598243732356875	-0.030723991964717784	0.0018712752387689546	-0.5414776159812305	0.03223990090413717	-0.06539406665605192
ENSMUSG00000097087	0.00696186440782842	0.06262683105737954	-0.2231242307230064	-0.010398561415017243	0.007281779911500921	-0.32101164611850175	0.14788204899408866	0.11599904627872393
ENSMUSG00000102195	-0.233886786016616	-0.19643003576232684	0.17148462119043228	0.27254013422219864	-0.42698047480617646	-1.0985002957081647	-0.04193009646372636	-0.24598477091728768
ENSMUSG00000102909	0.03873082989501575	-0.07452769646882194	-0.03843904458234105	-0.13160120606523187	0.1026175751570197	1.0270579890167022	0.014653297647745367	0.26027488348992944
ENSMUSG00000045268	-0.023945863377770105	-0.05211056286662107	-0.0953490387769595	-0.08360842527731913	0.04003863363185495	0.4009478489280666	0.03299049255870361	0.25053722757143865
ENSMUSG00000104147	-0.008268877770123528	-0.02369382228563931	0.12188830772579334	0.02085378976672641	-0.059982448227848366	-0.5460747584894041	-0.04970079061707618	-0.2888657844712119
ENSMUSG00000052479	-0.0994009529224284	-0.18410899118570737	-0.19896981316406329	-0.666416310959219	-0.04652490432372688	0.9295588235720712	0.0687143941886104	0.05025549943206545
ENSMUSG00000106099	0.038835545109783716	0.1182662031554101	0.2045640276357579	0.34850550826170684	0.02616890714634673	-0.486886185256888	0.044181886547352944	-0.16276400640226732
ENSMUSG00000051980	-0.035548554502940116	-0.19733707676718182	-0.13198301335170393	-0.6006531219511223	-0.028222458114744296	0.664129973931081	0.04376827474948708	0.23634776981235958
ENSMUSG00000057315	-0.008220036862645212	0.0037191856426465053	-0.04804359059847801	-0.3758427217010809	-0.07003739863086265	0.7242481454628492	0.05934205217185131	0.2939347738481079
ENSMUSG00000071766	0.021705776191870196	0.047456706758927894	-0.03162785581793878	0.14507742212853675	-0.1675236200123489	-0.9415401904858485	0.026469828627680318	-0.12392378255495094
ENSMUSG00000029920	0.10205770065737353	0.056241119373495276	0.2794014097649474	0.3669302577347811	0.054481544350761475	0.9281887992457001	0.04384227055692291	0.011677104782805925
ENSMUSG00000026670	0.02423047820696294	-0.018427069255729865	0.11971175790458498	-0.06793971630687196	0.004052355420893328	0.7543691000322439	0.06650359405617089	0.27090627810195383
ENSMUSG00000024012	-0.11711602092057077	-0.012609532544860191	0.2091807798026975	0.02625652427245042	0.0814212836864425	0.642023597960227	0.023423581328441738	0.12886090591067653
ENSMUSG00000063975	0.016801473090039654	0.07626934334578213	-0.19969366635415203	0.15021671293514524	-0.025810580225015884	-0.6038376215720126	0.020126521641688322	-0.15063697805408058
ENSMUSG00000114412	0.008202176890191204	0.0534120734427849	-0.09319972335557958	0.05297398998021254	-0.12933930116337386	-0.876678131339329	0.029001209245574026	-0.12387614862743068
ENSMUSG00000103609	-0.054051102859580986	0.07211822976187661	-0.17947475678066904	-0.005265822140612997	0.04049620494952488	-0.606489079706748	0.034775859190070195	-0.07329107689311797
ENSMUSG00000020689	-0.023223097671918776	-0.2376508256235514	-0.06667839704553914	-0.4129554886640026	0.03759178609277178	0.9729641773296757	0.010831771770294263	0.2218124545420583
ENSMUSG00000087633	-0.04015765176529721	0.1471208684608171	0.059167925864329333	0.6797840655977051	0.012673119790949205	-0.047888202469961665	0.05813791145213378	-0.09147934684419814
ENSMUSG00000045348	-0.011104605207630125	-0.09159135304465493	-0.07406356400131806	-0.0382396125097012	0.0797403403359517	0.7977705133660236	-0.023610520830917442	0.2590639740076853
ENSMUSG00000029363	-0.084674358687009	0.01596601841960283	0.4937694173195774	0.274934481368437	-0.004662161203492943	0.4192089357918182	0.04244983809395198	0.0439662389848125
ENSMUSG00000091903	0.005339833841220165	0.04960793114377958	0.09938290802999998	0.1511817392200061	-0.16255149832012947	-0.7195792601451285	0.01142865078672878	-0.24315921935510043
ENSMUSG00000071652	-0.06241831857189406	0.07663969258525694	0.2831995269888765	0.18231131032995615	0.18290001119357427	0.31216463700390795	0.01835650045345897	0.027391505926552474
ENSMUSG00000022376	-0.05878160627969276	-0.27693019354870785	-0.17410079914676857	-0.6310369892884803	0.026949737997677324	0.8639013204487463	0.00636868762571835	0.04103844699565923
ENSMUSG00000098650	-0.019043705416796675	0.14836927540665615	0.07856830481293399	0.5185065785825782	0.049345715654604785	0.35083347296936745	0.05210139967997206	0.023130787702276324
ENSMUSG00000082639	-0.08535835677773754	-0.08614966007710266	0.03583170322620038	0.22299643911823924	-0.20659169573275615	-1.0060188704167368	0.0068152823296872	-0.28978181034338707
ENSMUSG00000092060	-0.05106703067970112	-0.004433797327619342	-0.0026851706671713327	-0.05660243098417801	0.1750556919768144	0.9665081699115442	-0.045167710432918264	0.2673880980733372
ENSMUSG00000116709	-0.050876822318022506	0.060529979373638576	-0.09220136666624272	-0.08172081915772364	-0.0061498959037945555	-0.5459714179249944	0.02764700223310478	-0.11126211625893023
ENSMUSG00000111912	0.020916242487157052	0.07872937197835005	-0.12048925236024641	-0.012142842680431198	-0.037566908985478806	-0.515373634940699	0.01952016066857028	-0.18773025563579823
ENSMUSG00000041629	-0.011593988178996595	0.04516943436313185	0.16150676351466833	0.30070222995215923	0.09355753376491366	0.86267908942347	0.05690570033850349	0.11360027903570272
ENSMUSG00000051682	-0.0050479715736684305	0.07002285377941782	-0.1328417613367986	0.04836496744053262	0.011394974846489348	-0.8220903720909509	0.03316351820512027	-0.10163934711030036
ENSMUSG00000085902	-0.07412650989909081	0.06603826546722322	-0.10735468958235517	0.053794590481954105	0.007977928821317093	-0.6114770399242314	0.02492382921837764	-0.06616141170390111
ENSMUSG00000026285	-0.06913509268079603	0.04755117189500228	-0.17785357356008685	-0.030526519779141184	0.020421813614776185	-0.2864347849475827	0.052847241452171304	-0.017185384972959475
ENSMUSG00000047514	-0.11312703907746968	0.02558338928562302	0.2827924042583946	0.26172256521714027	0.08696661266120509	0.6801365127813672	0.04193456839915185	0.09323000760049367
ENSMUSG00000105568	-0.011769044963347644	-0.09918187683960196	-0.15738947319703966	0.33994336927538965	-0.003194213508902921	-1.2294926380530309	0.02703020015609811	-0.12587164939227918
ENSMUSG00000099054	0.09485430943187755	-0.061723408982963114	-0.042805364643661824	-0.40565289564136797	-0.00566994622972139	1.138257976632947	0.012113427479456268	0.10761623771938482
ENSMUSG00000031886	0.005956046020854977	0.0645177215380001	-0.14044283554521203	0.053650468276668396	-0.10037752455144058	-0.7773008466182391	0.021016584929947957	-0.12828963089617013
ENSMUSG00000046258	0.02414775321879749	0.049752428279554756	-0.18603849053550878	-0.01201246799707962	-0.037644031224232356	-0.5351459776826231	0.015713884362817065	-0.21835711444334113
ENSMUSG00000098428	-0.07726592100352936	-0.10356333405031112	0.5572357630661133	0.9959467401220788	-0.4084504509038933	-0.9523964609443293	-0.04044489133104573	-0.18650984515104602
ENSMUSG00000075378	-0.02398394527143516	0.029594030794390287	-0.20369084632027912	-0.09456754753429372	-0.036965642258665506	-0.5247970815923083	0.017027603216063447	-0.21899132039249003
ENSMUSG00000108351	-0.032703287021274695	-0.308659856288538	-0.15045360288414109	-0.7338041667586351	-0.014191376793751915	0.8684854162634306	0.010924142682164755	-0.0011893442456809566
ENSMUSG00000086058	0.5321069948073678	-0.271741038805175	-0.379678623850052	-0.9769476389228604	0.23791040297776478	0.7268126625401654	-0.7078706389669588	0.252946553922101
ENSMUSG00000101112	-0.009809663066190022	0.05639348961860538	-0.20092887963961553	-0.26755690891131934	0.041986368037192225	-0.2167443117076611	0.047855279879155534	-0.04119822968643384
ENSMUSG00000034254	-0.10271874833712333	0.014816798717598273	0.1353526989756082	0.3654095156762368	0.1342700250030927	0.7477362248514597	-0.02517025192894451	0.01150954932093259
ENSMUSG00000103966	-0.08640254481740602	0.04398378642721645	-0.15272237571533628	0.07588791563220204	0.03997912913078993	-0.4209213712889311	0.05424753387549594	0.01645751863688011
ENSMUSG00000010307	0.04354460412427785	-0.0787597907140189	-0.17532507799964578	-0.5429091034446362	-0.021547598600802603	0.6879457312650261	0.03628561961221175	0.20932913446402224
ENSMUSG00000066043	-0.023240563637605405	0.022329944997176276	0.0999173124802616	0.14549020211433067	0.03832273872098702	0.7347102641628276	0.05741183586637628	0.22439819470097094
ENSMUSG00000112622	0.05261238276485785	0.12720313391082363	-0.21667926909308413	0.03256610938054043	-0.025351499736080974	0.1962719386232519	0.02139799724658008	0.07561489610553268
ENSMUSG00000085337	-0.04462602891400169	0.060017855690510616	-0.11619960109102817	0.1755043025740402	0.08548106336361788	-0.066624400261834	0.05331830464292034	-0.07267951799321952
ENSMUSG00000009670	0.0780899438036714	0.016888015279542534	0.3227920906848244	-0.16671462926019537	-0.23516975697580442	0.810437599529535	0.08766747237251554	0.18786768094785936
ENSMUSG00000112963	0.02427134188372177	0.04596292795635009	0.16690560627275966	0.3847136824838535	0.006696966723534509	-0.6404363257837024	0.015396285523167508	-0.24137672859747472
ENSMUSG00000061536	-0.0709786943833531	-0.09839804959784806	0.07566836780452123	-0.11999066610077593	0.028852619458972217	0.949585852141616	0.029436749046897547	0.20883335867460814
ENSMUSG00000085199	-0.07246857181274681	0.06560971160289639	0.29587683510123713	0.5043721174484085	-0.028194364726672583	-0.33538139178928333	0.037794741113008214	-0.0665120383663307
ENSMUSG00000092111	0.0012405496162484464	-0.04310593826314304	-0.12456257079855536	9.871045392095823e-05	-0.06464400737196757	-0.8427640230334174	0.03159808395827852	-0.19811635988962079
ENSMUSG00000024269	0.030704128580659327	0.045932505391984665	-0.012244603492414186	0.02552088741889008	-0.02503817739803564	0.8457768239659311	0.055763069369713106	0.23677751991857246
ENSMUSG00000025774	-0.008074076528578722	0.05541784577479888	-0.21394008641439985	-0.1650090196575041	-0.027251639661715288	-0.5208156664855389	0.029709378862516487	-0.14670134025195347
ENSMUSG00000024942	-0.05946648865594971	-0.17260119644099375	-0.007713616411217927	-0.23295550761048348	0.12067352095116024	0.7846796845213793	-0.04231875319071678	0.29345761474480236
ENSMUSG00000109299	-0.02280978049951282	0.08483155074758456	0.25725289946972885	0.4511999292442138	0.17406634848168137	-0.4467693584944338	0.05092634688311093	-0.12363431663250726
ENSMUSG00000023980	-0.09888955589248472	0.06991495936571009	0.21709825589474893	0.38356435632197167	0.09744806539765193	0.645631886621791	0.049906806976429546	0.061898898387109415
ENSMUSG00000082986	0.02511644035885193	0.07279018008355774	-0.1463307897884687	0.032375372400751876	-0.01850086179563959	-0.521524536718274	0.029645816515489948	-0.24707178621728926
ENSMUSG00000085156	0.018988979468785354	0.07743894636995297	0.4579129725211966	0.5449875795412509	0.25325585865098127	0.5828762202080953	0.05227486353767494	-0.07996975446530485
ENSMUSG00000004264	-0.10715494857819485	0.06462608084842501	0.5236876819108109	0.22745114737382074	0.1271960917911765	0.5186691765216466	0.037176321993119196	0.030220983669399116
ENSMUSG00000091012	-0.009957960176879666	0.040899778739876845	-0.20572598189896463	-0.14363685140225999	-0.021454593790206183	-0.5526084770033259	0.02585779207117873	-0.14136521996704077
ENSMUSG00000004127	0.02888122964840936	0.07798858305000733	0.11180038130776881	0.5210063585135447	0.09807699267487517	0.947275590377535	0.05278232752147412	0.020907567111271286
ENSMUSG00000021952	0.07957183660800365	0.015791278367890973	0.2866555873662258	-0.06111208325546591	0.05595177026774495	0.7630023232282217	0.0756774345644776	0.2130492092449208
ENSMUSG00000095621	0.05224134539067523	0.02736736731682196	0.23859350449421649	0.31066327278098554	-0.14831176306706464	-0.3946219235884004	-0.11207949346090329	-0.21203067312648718
ENSMUSG00000099555	-0.2580354923215694	-0.22494976788269966	0.3206594125923079	0.316688451400855	-0.42562179573153547	-1.0992607634147356	-0.07641920005522018	-0.36153725372120105
ENSMUSG00000110018	0.015286846823839406	0.05708915803204899	-0.13895695758648247	-0.012134649769953048	-0.07124663742005158	-0.7041076431544309	0.02419429706400244	-0.17580577059438982
ENSMUSG00000025532	-0.024761787202503882	0.05448703576062856	0.18988445833642922	0.18473913431588007	0.03440357189393364	0.6799485190915857	0.054282369320144304	0.13082554573590718
ENSMUSG00000104346	0.26008998504873254	-0.032623212046263755	-0.3322155346387345	-0.47527875287887555	0.10960445468415587	0.14590123482718556	-0.17634720462846015	0.27401691978625775
ENSMUSG00000107895	-0.01170495462104942	0.06533069461778783	-0.12396130215052367	0.06367843334520054	-0.004526260473803334	-0.5639846277967581	0.036890771791563845	-0.16885886996193883
ENSMUSG00000107300	-0.06970177320382256	0.07232868181903263	0.238227201751315	0.6472376580261052	0.1281720264678624	-0.3152322617925778	0.0335894975918013	-0.05858964064495495
ENSMUSG00000018387	0.44233440218670805	-0.17978317631874594	-0.4031910955115298	-0.9507013782390166	0.23990615505767168	0.815134754154175	-0.5208040310637553	0.3031609057567919
ENSMUSG00000109215	-0.029977659841330936	0.06371306653158446	-0.08947397091039527	0.062193891271302496	-0.08254016585569336	-0.5532627305901596	0.01546849188758015	-0.13237008248117843
ENSMUSG00000058628	0.020290809137489096	0.07249458251214944	-0.17477674532334006	-0.06698642496567478	0.012531596757356489	-0.582991053191395	0.03567084885736953	-0.11072504471874799
ENSMUSG00000042429	0.11225612261210707	-0.2502585580062705	-0.08366059040445051	-0.5749046369878038	0.1285014888303152	0.983124416721031	-0.11658638462822994	0.11094048137528571
ENSMUSG00000030804	-0.09848431120104194	0.026001386031616093	0.35048843004598973	0.221022678505567	0.0017276514128672371	0.4553232329853048	0.04050337389270187	0.06509886785164405
ENSMUSG00000025064	-0.06421793653496523	0.05918257311307697	-0.025655005846215526	-0.09129693492417756	-0.017270372432222764	-0.6897890348262893	0.027416963640614234	-0.009856815094065996
ENSMUSG00000020562	-0.04784135888095918	0.07431921705966775	-0.10976286095960357	0.09767652381040409	-0.030902091744262644	0.04444169448873984	0.05867468942113803	0.11726504374907264
ENSMUSG00000074378	0.012068569578092679	0.05327653406482448	-0.16034247872288296	-0.04796744699174957	-0.07401497962862426	-0.5866041593300125	0.011343515491295308	-0.21196009327156043
ENSMUSG00000104024	-0.27020279616660614	-0.19734084771556884	0.24855666263467469	0.2869985315210913	-0.4196059095870534	-0.9563650572959312	-0.12728198365279533	-0.4094666458726471
ENSMUSG00000105430	0.007454161845488638	0.06948899395879554	0.10722712480605505	0.39018326517523816	0.03125504825739098	-0.3670284665033786	0.04153076663141548	-0.15255952312959453
ENSMUSG00000059610	0.020051392887570074	0.07012667651928961	-0.17898989214901545	-0.18329622315340324	0.039715721111758986	-0.4865779109095033	0.03536100289455852	-0.03032520941992296
ENSMUSG00000042535	-0.04986954739127546	-0.010195826333626376	0.14550943074566605	-0.0913836798993684	0.006415867751616178	0.8386937242658047	0.06397244585656708	0.24178262221328575
ENSMUSG00000116204	0.016469754252110454	0.07539491111470564	-0.15419725366170914	-0.014426526635701825	-0.09012721669003257	-0.497521322464461	0.001171884332159867	-0.19605872505134106
ENSMUSG00000116723	-0.04219543770462913	0.06487893050680348	-0.16863886708067968	0.10761456741368801	-0.07278044321982223	-0.7078360527745308	0.015409720913078906	-0.1222525834056637
ENSMUSG00000018169	-0.09962881443765731	-0.07714752639702793	0.13899787693490692	-0.02935339418148711	0.02010222174062969	0.5551787614897185	0.005883711711208939	0.19067631470918758
ENSMUSG00000112852	-0.0031599678072256054	0.05669438921777717	0.37487205669044393	0.4573910496692957	-0.058473477807326	-0.10966343533505324	0.04639788663337696	-0.09187572355502996
ENSMUSG00000070847	-0.013913276912144938	0.07651636953590261	-0.26185629740656324	-0.23162116813450373	-0.01425947774114078	-0.3168202961506612	0.028296412888390465	-0.13989735095999525
ENSMUSG00000112854	-0.026317005434138493	0.07399452721839848	-0.13998673835805775	-0.03616059886590329	-0.0324505726943087	-0.6105140379422637	0.02745670911624154	-0.11853411735992371
ENSMUSG00000115867	-0.05296104388924787	-0.15646706511198352	-0.0056199205183052325	-0.3579988810890074	0.007972647885560109	0.4429825048775387	0.019219584881971737	0.2668774765286116
ENSMUSG00000090812	-0.023518350509395356	-0.10337487471457753	-0.11654922002097591	-0.4283773940080694	0.1372971517222933	0.9537435860942626	0.009021218771983808	0.2713508099450173
ENSMUSG00000027751	0.10580604908167457	-0.021567521326122385	0.44051940459175004	0.0437064162305518	0.026353461487406363	0.5538478436887402	0.0752306294557781	0.19019188571275855
ENSMUSG00000094778	-0.01463293349013318	0.039279318300313004	-0.17546203546009115	-0.01193369059200389	-0.06398232276729852	-0.6558811809394961	0.01395891540371652	-0.19317381034594633
ENSMUSG00000018919	-0.05956354338127368	-0.13549281927839388	-0.12192624052289179	-0.10026747943492158	0.07196686760582173	0.29120273957409715	0.017915071211928188	0.09160772794357923
ENSMUSG00000073910	-0.0272200137962658	-0.08254682445963223	-0.006730514739840543	-0.209775804329209	0.007230861147034616	0.9561260038839253	0.05896102993810545	0.2568429555856702
ENSMUSG00000037926	-0.010346544678622616	-0.012868925375530055	-0.029804079978373442	-0.019429391280990374	0.051327218399407445	0.9547310602201043	0.045249923484264175	0.28290828473445045
ENSMUSG00000089840	-0.04578101276551628	0.07757000328307077	-0.150521576554266	-0.029786899575784443	0.023821508427101845	-0.6862509207200831	0.052283178155820446	-0.027252775127091993
ENSMUSG00000055148	-0.0634044159942399	-0.018767685335592508	0.006224632527099816	0.32272851373052697	0.22700868242675298	0.7503248479720558	-0.14358362890228368	0.15117606939152817
ENSMUSG00000102643	-0.2103177728405641	-0.3090037893289589	0.3064629356484583	0.5903774216515975	-0.5322585931645112	-1.1740888099746603	-0.20165834423075216	-0.42533595347643854
ENSMUSG00000099963	-0.2198207958643696	-0.19594161522036815	0.2571009889995382	0.2600866591263096	-0.4998131245653606	-1.0025631953764098	-0.060766963471736046	-0.4448126525792122
ENSMUSG00000112891	-0.027240887724533973	-0.007135764622162008	0.10681532333276926	0.08330525747746659	0.05345434916448792	0.09626387687337135	0.04018224459008786	-0.0068680101448409525
ENSMUSG00000092402	-0.09111463604345527	0.007767831074591003	-0.10389071568231723	0.01597814644051872	-0.03600591963280799	-0.1203028387568902	0.04040265929844705	0.023770858430047923
ENSMUSG00000017417	-0.07732424778880422	-0.1306284753681416	0.1377890087645502	-0.18185636056279125	0.07690862301801714	0.7958578860489878	0.03884197344245899	0.2906583826794479
ENSMUSG00000079186	-0.051770918864532146	0.06211004268269694	-0.09359941258884624	-0.01731736986638841	-0.09584016583028289	-0.7915171106953948	0.02611027276920641	-0.076078488340294
ENSMUSG00000044505	0.0682021824758181	-0.04659017278168451	-0.3007509002551057	-0.7255953320412881	0.06272146535672048	0.2140618425558543	-0.01237373632929245	0.28743196924495135
ENSMUSG00000097028	-0.03220012588225537	-0.08826688438677102	-0.16667446133200975	-0.6931372641947092	0.022764797685984363	0.664123423892013	0.05628032556673029	0.2390489692304591
ENSMUSG00000032131	0.09478127135316464	-0.3228204287892852	-0.14298435501906465	-0.6031725676468809	0.14019260843532852	0.9353076206185799	-0.17995320924463848	0.1921833262316678
ENSMUSG00000061111	-0.04667727399001055	-0.18692644959429594	0.0051626301200036195	-0.13115884934933597	0.0925867628050543	1.0049662022759398	-0.0459841925431414	0.21168047973558515
ENSMUSG00000110475	0.22473136077057668	-0.13348097728218872	-0.21634354653625532	-0.30097920157809466	0.09226587472139289	0.3674115550263349	-0.1013133571953044	0.3535991039375508
ENSMUSG00000103201	0.00546529305157073	0.0693752376232764	-0.15175058059472565	-0.036134830446555494	-0.06836687925956468	-0.7201130766903452	0.027422198594071155	-0.10146394894753627
ENSMUSG00000107606	0.026171016446852366	0.053523627259072545	-0.18060112480440493	-0.004027454667594799	-0.0847298195228455	-0.4867350587101612	-0.0077721702940207185	-0.2873443938806132
ENSMUSG00000030217	-0.06997144787684312	-0.03318172228098545	-0.00933495563526554	-0.23655738984893873	0.014848854689632844	0.15202928886904002	0.03446986406534471	0.33104696260320343
ENSMUSG00000045757	0.08321320050140499	-0.0680972728307167	-0.18754852183712953	-0.4119499056294584	0.10833476774811152	0.5817010725095217	-0.07045687422822974	0.2807446382416303
ENSMUSG00000096351	-0.08871410184359262	-0.0032878093322864232	0.20836616873409292	-0.2399127653558866	0.02120146805711925	-0.05880331989465922	0.03418774009201811	0.2652840134537154
ENSMUSG00000043831	0.07613163777593392	0.09237607387976174	0.09826801592923565	0.1320034468427845	-0.0025812873053411844	0.09641051895647346	0.02556036793075812	-0.03157823043802119
ENSMUSG00000020782	-0.11413385742154893	-0.08107632243210573	0.20930022741798077	-0.054194638637394474	0.11876947939796072	0.682136739913064	-0.015581980137579055	0.21011749800645552
ENSMUSG00000026743	0.07466189099629247	0.018729279413136846	0.2794138683186875	0.23672919375917534	0.07641300634084822	0.5743874055567136	0.06106455109049833	0.14112370779166744
ENSMUSG00000038250	0.07086038038747641	0.02082972706433095	0.22695339415072535	0.40969708575693725	0.024757166711570654	0.6209799795262269	0.056441056236254394	0.16696524166836102
ENSMUSG00000010136	-0.00257008321496488	0.0790901028268997	-0.19317529831755742	-0.09274835872676389	0.015043721310842478	-0.5431490012449803	0.0433381396476782	-0.08325143267303933
ENSMUSG00000058325	-0.019519780533565845	-0.13015880256787327	0.10537066173912221	-0.23586929808678245	-0.052972031269415264	0.96132569983159	0.08896588289821823	0.23879729784492887
ENSMUSG00000039070	-0.06268917950784965	0.07290590254710078	-0.18422046428568403	0.051076355849676076	-0.008208259374467342	-0.6427214825199649	0.03859597700177913	-0.08911038709451052
ENSMUSG00000033788	-0.046350979414547175	-0.2297485689089727	-0.008463788551660061	-0.4874618565581174	0.0669048308818608	0.6198791386093255	-0.00600152458636477	0.27597495636664704
ENSMUSG00000030086	-0.023579274403956005	-0.05173736209537377	0.04128101367924152	-0.26185364970841324	-0.0187438590472222	0.8287718130885078	0.06917617888295478	0.2534734156244239
ENSMUSG00000107699	0.02516460541023439	0.024199443521302575	-0.00475286023951237	0.038207666399566416	-0.07043056624117355	-0.7016789742876172	-0.003471242581114087	-0.20030533337607406
ENSMUSG00000086448	0.11428420067984149	-0.29741836725848647	-0.20976985992872305	-0.7415274048425928	0.1499787680180122	0.9131457421347247	-0.18042086559131193	0.2022761318213407
ENSMUSG00000070417	0.004252419911900063	0.04463202136769771	-0.1212189561384604	-0.10350209212867399	-0.06243335493997984	-0.6353350914029071	0.030821498664653304	-0.17398426586786936
ENSMUSG00000033658	0.01828384062723724	-0.05773474133871695	0.14954620503303898	-0.02897897930645299	0.045779860156903926	1.0589796767590962	0.06860996745007941	0.055421049868499765
ENSMUSG00000115979	-0.011095754135655026	0.07604145274826485	-0.12294079310959113	-0.04407158382353697	0.010254580205121044	-0.6906838259126009	0.0338535589001053	-0.0926798987651218
ENSMUSG00000116543	-0.04036947390441675	0.07586902865435231	-0.18414192071233193	-0.040633439271828165	0.06131844146458615	-0.5216878845816196	0.04597963417758588	-0.03632861055003103
ENSMUSG00000035916	0.02666442153574	0.07268373105430762	-0.17229253921168378	-0.04317725240955183	-0.019264114324057585	-0.519278281965582	0.02798342794873522	-0.1741355916291071
ENSMUSG00000090304	-0.010905177897577554	0.04697856976491718	-0.17898417674213152	-0.11646830843265117	-0.05873009414875279	-0.5996854084624431	0.013875659487888159	-0.12107253694254957
ENSMUSG00000049674	0.008245970186588458	0.07774309098837043	-0.20551992325281002	-0.0825144696008176	0.008513070286608826	-0.41963304272922586	0.03218179238518323	-0.22737315166634214
ENSMUSG00000109323	-0.0682586858636855	0.06297450022114918	-0.08642385634430819	0.29659636724256394	0.032571535138245344	-0.31726354286423664	0.04446714297265289	-0.08935116774428031
ENSMUSG00000078921	0.0019733865689471886	0.07325580858588017	-0.1592194486057896	-0.009692066965178013	-0.06492070340196512	-0.7156191600028462	0.03281199888288488	-0.09939533052660315
ENSMUSG00000073245	-0.1652158087346108	-0.13401235625272148	0.18635511702501062	0.41216952627796555	-0.2635539422306228	-0.7902678773290475	-0.14573789157581551	-0.4588876147905187
ENSMUSG00000118100	-0.04099502644359697	0.027848539610243812	-0.010766865175405371	0.38516084670384537	0.03539956768559857	0.6427291471779105	0.02416103194769609	0.060446657434860857
ENSMUSG00000108060	-0.04773817924016004	0.07115164732861005	-0.11714327362062203	-0.051014696290582966	-0.011707328864860145	-0.6385498468727968	0.03154763951305654	-0.09891253975328246
ENSMUSG00000086859	-0.10456089024165363	-0.015198529287508089	0.2521187935979077	0.12201419498520895	0.3144630848156564	0.7525182002206254	-0.0429772451930327	0.1298421251193272
ENSMUSG00000002835	-0.037265062039342434	0.02433679721560655	0.3095292113256369	0.2533361354819951	0.02380371674776924	0.7577226337276525	0.052526669841056244	0.07311855345382837
ENSMUSG00000054310	0.01857551206361796	0.026047759178348978	-0.15846369424323772	0.07271961495101603	-0.05580361908266521	-0.8018183829536768	0.022483961861284894	-0.20670946707456309
ENSMUSG00000112348	-0.07523575296022056	-0.0071966699569769674	-0.1521690539284636	0.07277568440704417	0.041611755525614566	0.05684379808105649	0.07312407153542506	-0.009985614868178441
ENSMUSG00000039069	-0.11452276780466705	-0.024186992579282543	0.11650147710694232	0.13962278390765015	0.05322043949631378	0.4111727747998513	0.008903173833568645	0.14776006214458232
ENSMUSG00000108141	-0.005499267767858041	0.06853169198851247	-0.19017258596194297	-0.07306184166565974	-0.001776670206490527	-0.38998642083186263	0.047767490814633766	-0.12511453653264112
ENSMUSG00000022707	0.043634268649192724	-0.04283974513332369	-0.040792110931063275	-0.09656713185949498	-0.04843930578913203	0.8123469311592059	0.059707619074530725	0.22280392583422576
ENSMUSG00000104932	-0.021194894408071274	0.09559757563635021	-0.11126159965903051	0.13329592672395824	0.017767512627994808	-0.43215379176965973	0.03370635813621169	-0.22977415346500887
ENSMUSG00000057606	-0.046525289185436046	0.07471447819808036	-0.09134632554512079	0.004513480412699722	-0.024889907585240185	-0.6279411954326667	0.032089781093586206	-0.13945298332816508
ENSMUSG00000021441	0.01920343074563789	0.060745236029322316	-0.15956672493835175	-0.03612213505112367	-0.09954149964569141	-0.6650106675455884	0.013253277813389586	-0.13837250339075838
ENSMUSG00000038692	0.6213138985291398	-0.2154458667739439	-0.32039916925494777	-0.7128952730466799	0.21153284371178507	0.7602873897555272	-0.6611361391461482	0.253558868688912
ENSMUSG00000021685	0.5805651013277195	-0.2566516206572352	-0.37114512372119446	-0.8999450032496855	0.21479300063812162	0.7410120589541943	-0.694410196335151	0.25386880374189075
ENSMUSG00000090824	-0.02351581711432972	0.06446808368432715	-0.15464198620453212	-0.12316410728061719	0.025445064922635763	-0.45515197143017916	0.05287455585848892	-0.07135759530860558
ENSMUSG00000118265	0.5732696984025271	-0.04856849454816803	-0.5049723960679371	-0.5232363790606288	0.09750259553142854	0.13461896479162733	-0.45559273322625216	0.2720286292750197
ENSMUSG00000068922	-0.11069677384920726	-0.022325443959181346	0.3123492801849307	0.043316339166175145	0.05740877421630096	0.6123562955220326	0.036075999436115266	0.11941982121409903
ENSMUSG00000031162	-0.038825219520316916	0.06231388621351731	0.19526504316878068	0.5857091863830738	-0.17406385427024704	-0.3791387387309894	0.01654112361096602	-0.20757785695153633
ENSMUSG00000020903	-0.03131339236833103	0.12887905346270523	0.050506760683840794	-0.0643627110640956	-0.0015259486563121705	0.5903227445773767	0.04858027185460564	0.1923503288978662
ENSMUSG00000033033	-0.10202575854056789	-0.1038843665397879	0.3582430853417063	-0.11092891535834459	0.05767360032949224	0.6126811246826727	0.05740430376782357	0.26965919891919987
ENSMUSG00000087095	0.24599712703150076	-0.3141644345183406	-0.16031464301884457	-0.65119673505892	0.23134718075044486	0.920478008484876	-0.3433615433857317	0.07712822820575715
ENSMUSG00000118506	-0.0036144971616521304	0.08077565111904625	0.21634977516270928	0.6460938593641485	0.049386395951597675	-0.5604516711718375	0.04190626940170514	-0.16732322329365615
ENSMUSG00000020255	0.11914853761017925	0.045960599578531554	0.12911005238104267	0.3112183047077111	0.027509646800904397	0.7376209161996867	0.048986624454700305	0.1424370487818832
ENSMUSG00000118342	-0.00856901143226587	0.059801771703866566	-0.12337521113139253	-0.007178492351389787	-0.12410602559182862	-0.8464148997403429	0.02784687792809421	-0.07515207758378617
ENSMUSG00000097121	-0.06918064433291365	0.017085803608333557	-0.003016446666963324	0.35451377155350433	0.1328191179813184	0.7069030035513467	0.02577590365167575	0.15633888180523933
ENSMUSG00000108657	-0.04024836042695188	0.0011137500446025683	-0.1965061838915391	-0.3381316316941004	0.06225849327893891	0.004352733372496804	0.053624387853498864	0.23052219765930346
ENSMUSG00000020937	0.048107140251303894	-0.31680710121066263	-0.03658989595051498	-0.5103200264158902	0.17644483375954506	0.9632585776045584	-0.173377483805694	0.21838465477831642
ENSMUSG00000112392	0.026670547879016133	0.14132024767676118	-0.06824187080789834	-0.07429698745960789	-0.01029864837586758	0.36173307101861263	0.055011957089766896	0.19111915220998152
ENSMUSG00000000282	-0.10459308227899312	0.02526596140871167	0.08618571848750829	0.3605561713150408	0.28787133831093825	0.926376794465436	-0.006471502357989323	0.09635426430760241
ENSMUSG00000100328	-0.15086356118553956	-0.1789080755843464	0.26387200686933693	0.22169183309848772	-0.38658739408481674	-1.0352479003237929	-0.059524154748842095	-0.35503276222671454
ENSMUSG00000068417	-0.05850373621673891	-0.1178267643906417	0.5524623957064166	0.7862690740497363	-0.3030214968315517	-1.076640340672389	-0.025424067110078163	-0.1822922387537721
ENSMUSG00000118214	-0.062339794841368694	-0.04023143660068327	0.08542513104406503	0.12751588276219847	0.11383820201302616	0.35652493451847295	0.009790974914590134	0.15219430526741812
ENSMUSG00000035325	0.04809575833370454	0.045247304739706326	0.33924858372739725	0.2412083446690513	0.041099407683117484	0.6258469071194244	0.052590080693053876	0.09780187179320234
ENSMUSG00000044788	-0.03390093704510799	-0.20577251845532335	0.07333139573007225	-0.30306891320223284	0.10601272309398792	0.8754075986025175	-0.07110065509422142	0.24107308767764138
ENSMUSG00000049605	0.02544492485115879	0.09046127441987672	-0.20518797677597178	-0.12746676971189386	-0.022249264098486536	-0.3246641332669858	0.03749274806381109	-0.14359808471232235
ENSMUSG00000000902	-0.07972123457579894	-0.004552924130959868	0.23891854904273843	0.1585586654145429	0.002414719565480049	0.6067169313462889	0.05326826947676172	0.1409981722909304
ENSMUSG00000046790	-0.04026101631118033	0.07224478498352054	-0.08380106735845472	-0.020283814909195952	0.06754103995474439	-0.7282618471460212	0.03276809891378183	-0.09062016998270322
ENSMUSG00000104046	-0.05407577353596893	0.07002809131026948	-0.18447217825611376	0.034394627732621495	-0.005597205565562091	-0.6347262464923097	0.02380737957283415	-0.13295126143130737
ENSMUSG00000053783	0.027178599017638028	-0.0608726030024845	-0.19267064536292466	-0.38853779265531435	0.07184271228227523	0.33254723365821237	-0.011066125559118338	0.27996306040809726
ENSMUSG00000110363	-0.018639187943271594	0.07943853587102027	-0.14358674399837562	0.016200556794735643	-0.037155989426216264	-0.5701790216186661	0.020168286007247096	-0.15416011736894739
ENSMUSG00000010461	-0.05545438502473787	-0.164520612625509	-0.12231981894070185	-0.5086039051483634	0.04193466932713084	0.9261614516391202	0.022166217026781482	0.10434421364236557
ENSMUSG00000031584	-0.049464206358996635	-0.1144982128648176	0.09630595583692153	-0.3379317688205361	0.09538868093258969	0.5804853020382771	0.024163503425408073	0.2892267653043698
ENSMUSG00000041138	0.002557639629497954	0.06929033997363125	-0.16602240835595555	-0.11699408872989993	-0.013515642123242499	-0.5983007726496645	0.0374199342985759	-0.03637037838560321
ENSMUSG00000112213	-0.006094177582538183	-0.0030895459841208117	-0.1652366082215427	-0.48317055995640784	-0.061205095092044304	0.2638860521312715	0.04099718377309044	0.257844539320657
ENSMUSG00000059213	0.5749630821433193	-0.1441430775739974	-0.4389203514700675	-0.8066646262794397	0.11319486281674279	0.5304958605000929	-0.5549308194106564	0.30255958541410305
ENSMUSG00000110541	0.019106383454647657	0.059406203892278416	-0.1293986422413522	-0.03310402486267791	-0.07889865732868517	-0.7367559491504512	0.026957706551538178	-0.12543197801019257
ENSMUSG00000048411	0.017746651374517464	0.050322294761337316	-0.1269131167353438	0.11230027500118842	-0.0679528555402679	-0.7337382900899767	0.010316321241403248	-0.22437701173271582
ENSMUSG00000084085	0.2005941151246115	-0.17204996040332765	-0.3423989299399266	-0.8314899587509016	0.09984316061077003	0.5649389184883797	-0.18505944724617365	0.29410466162214366
ENSMUSG00000039294	-0.04920629815567967	0.044486919622408506	0.34999193552625585	0.09944369922807772	-0.02546904740354372	0.3812694298330441	0.04560453104249753	0.075180770572708
ENSMUSG00000026826	0.48447984868932753	-0.058628824112765154	-0.30440638558235267	-0.559906166863836	0.1789802007670373	0.8657560906436185	-0.4752221797308403	0.28323558849789177
ENSMUSG00000039089	0.006210556674865753	-0.23089305295885007	-0.11582630794331186	-0.45041878141015984	0.27756567260822457	0.9323286952033348	-0.13918158237627298	0.19007598891535618
ENSMUSG00000052013	0.03535891446161544	0.051439394005514	-0.1136362317181777	-0.07202057204180215	-0.09244007315877234	-0.30605514229719116	0.0005698769095704437	-0.17081932194906546
ENSMUSG00000062245	-0.019081255472745192	0.024518641190230506	-0.17381283446676513	-0.05482088509963494	-0.06856657175274314	-0.6898206380086678	0.015246088307801386	-0.14501411500223377
ENSMUSG00000098387	-0.0259409066255607	0.046956878964333565	0.1406964665946852	0.25484191812578577	0.08094436615713527	0.7982564500142195	0.050430374693417775	0.11746877071012952
ENSMUSG00000057531	0.0034867082367038282	-0.04633929382634049	0.1376298917155094	-0.14255601700544682	0.02425594325599856	0.9322201588461904	0.08870515658850493	0.25702099022152464
ENSMUSG00000118419	-0.06656143085585432	-0.045173770664374197	-0.09811053878617271	-0.25047772491529685	0.020238701782450408	-0.16189242213217472	0.042531383616337445	0.18621919827172603
ENSMUSG00000113056	-0.09178446857533787	0.008305023374143903	0.009983558896743993	-0.015234271754275004	0.03927620932974759	0.05285696802296576	0.04046552555253996	0.017588036540865888
ENSMUSG00000094892	-0.009252036672611213	0.02559472546589192	-0.12042654648063117	-0.05470907754321658	-0.09439889549681124	-0.5924672656678388	-0.006436631981002114	-0.1952796732960315
ENSMUSG00000104610	0.03534244015922982	0.05656604860082782	-0.14412829963954787	0.07037752076221708	-0.06053731977177802	-0.6917912866788956	0.007088235070528137	-0.1610700777259488
ENSMUSG00000035805	-0.07399817391595948	0.04868373380741054	-0.17022274921529845	-0.061983981765261084	0.009147896829082014	-0.40325460883758524	0.06888372973768152	0.03813160578695338
ENSMUSG00000091902	-0.1159105264262829	-0.18525366968485535	0.3269863109720782	0.32157632075032905	-0.3219812308138089	-1.0787149309203632	-0.10204986301706498	-0.3061185651339055
ENSMUSG00000104382	-0.024361663930862025	0.0793229948110258	-0.13117704839405067	-0.012562638758869205	0.05337295050170507	-0.48740234712430097	0.06799220881228168	-0.056378705722267365
ENSMUSG00000033948	-0.017063809060332336	-0.0430845810207168	-0.06667807882740504	-0.23297188765786594	0.03799208468360559	1.043557242757601	0.05065398411741509	0.2035517027188403
ENSMUSG00000108323	-0.0065579313551039865	-0.0010382988022399342	-0.018249297122791695	0.06336944430014695	-0.1313500137571101	-0.8018914133471985	0.004060447252166911	-0.21296418940316922
ENSMUSG00000097180	0.07890224431838198	0.0750507134054863	0.3923262645091198	0.19000857962535378	0.08747805653132659	0.5907351724720585	0.05595424691282427	0.04844765898551007
ENSMUSG00000102483	0.004023776747166252	0.07800071890774743	-0.20690216983705195	-0.08125934267161047	0.02086087481661539	-0.3896868027724971	0.03917932681624883	-0.0976800834301506
ENSMUSG00000092373	-0.04381587963616221	0.06244767712498966	0.0956274558324374	0.18342358315497012	-0.1691170089950888	-0.6485441769427965	0.018045918635027136	-0.07845196351759386
ENSMUSG00000031072	-0.01790297646223693	0.08233800569387159	0.23330001995624297	0.15846660057580836	-0.020517275344099195	0.6135001224382673	0.048255841391296364	0.1070850522004862
ENSMUSG00000019815	-0.02734882368099068	0.06722723229625613	-0.12241444029725629	0.5654106425762491	-0.05293101740767692	-0.6686466663890204	0.025618733278431394	-0.1556739422591193
ENSMUSG00000106549	0.022867345409398283	0.08422634637041854	-0.1351120103263162	0.06556400150380763	0.01076818789522016	-0.3659676807560421	0.03754124711467339	-0.30392601351262155
ENSMUSG00000085569	-0.00283964369212919	0.041053893269115245	-0.1531100482147848	-0.15596394575161218	-0.03686674586655134	-0.19265624764875358	0.022355170849094948	0.091478848427804
ENSMUSG00000093550	-0.07940351982217925	0.015278731917255905	-0.03991148466864464	0.09393588782532016	5.1409612453201525e-05	-0.42649479949587105	0.029307177990257848	-0.03301948320772254
ENSMUSG00000030662	0.053418000701507824	-0.0019800997429169076	0.32262672517590163	0.13388171984242317	0.04331930883994517	0.7359142700457699	0.06833579822378424	0.1369787797594618
ENSMUSG00000075702	0.13092047829604797	0.053705584403491616	-0.28500133357712376	-0.19233367800675766	0.08888399502541049	0.30462826122764175	-0.006874338512801947	0.241923991078439
ENSMUSG00000041354	-0.11921095101459932	-0.01749016626715516	0.030769075721761963	0.18764507348547313	0.16658207331391306	0.7714837883078935	-0.08557055455652099	0.18785712485364595
ENSMUSG00000024187	-0.060493486147938785	0.031871080295892966	0.13538908386065443	0.04514862910406562	0.010312287211658333	0.017605026892105444	0.04379139793387094	-0.015392858923374247
ENSMUSG00000067297	0.0005796632137935465	0.0665871611443482	-0.13858853065638507	-0.013155195241162982	-0.07680877589771007	-0.8002239661159621	0.02998756785869011	-0.07743946031624094
ENSMUSG00000086290	0.000131487638448613	0.09471548894285843	0.36167299815069526	0.4307989340782106	0.0668343726589231	0.09595072156983296	0.049987963095991905	-0.12350099579411938
ENSMUSG00000062825	-0.10364419506150642	-0.051616826792100126	-0.012426445578701095	0.3361088036284138	0.15063968830341182	0.9226552214865328	-0.02563232443593042	0.14878404301908443
ENSMUSG00000067613	-0.05957916467842513	0.03983348741015889	-0.09227312027085555	-0.07274558058918414	-0.02263396099705985	-0.5002449044006578	0.026377218225966836	-0.09491533559689466
ENSMUSG00000107022	0.004617863780915332	0.05707302010438251	-0.20122408050841378	-0.08266489672000764	-0.024533826335884006	-0.5210404735165285	0.02369786507880288	-0.19702471903738986
ENSMUSG00000038453	0.1543183620927156	-0.09767048166805774	-0.15251631484910552	-0.3016861680744722	0.08868236353158798	0.6408436197028833	-0.1445116907170868	0.21517964853793792
ENSMUSG00000101036	-0.2710829987568203	-0.12357426287757427	0.3619133037854268	0.20436374108927868	-0.5038314984186674	-0.7854097119080969	-0.14657573388669837	-0.4533121890252095
ENSMUSG00000109008	-0.020086153975302768	-0.06417849120786893	-0.0834033432233149	-0.21688692468307993	0.07650268535405921	0.9219668730248216	0.015281205411507126	0.28878903147855156
ENSMUSG00000037134	0.05831907461636149	0.06108690452776849	0.36433529049987184	0.06444107426734237	0.007223671605267823	0.3233342187037191	0.04757213346249956	0.10856956106255167
ENSMUSG00000107648	0.01918646195973681	0.06900943578227027	-0.22003614505467683	-0.01431707028261847	-0.011264104920290285	-0.5191106669843275	0.022504807144336954	-0.18274237876950136
ENSMUSG00000114178	-0.032501359469368586	0.0723559638592061	-0.13324471910152655	-0.037918033275370445	-0.02147591554592259	-0.7735241763145564	0.0422140621079741	-0.015697143236580113
ENSMUSG00000093671	0.02594510900323848	0.05884654747569492	-0.1973219989121277	0.05687879309658216	-0.04073585963577361	-0.5437585596000528	0.02094174212866895	-0.2702388341296954
ENSMUSG00000052534	-0.018327186478107684	0.11539037650604667	0.0648061621240347	0.305732884534481	-0.010594958065700988	0.3928182895260967	0.039919483128701326	0.1517709936426212
ENSMUSG00000061462	-0.04144912159350413	-0.13510280523092796	-0.12987389861601192	-0.3138926764453623	0.09796469872478285	-0.08639633118414243	-0.00850564493357614	0.30543942387495465
ENSMUSG00000029646	0.6120046035090645	-0.26547121434716076	-0.3601033432659175	-0.8866566669418459	0.2219835509647689	0.7486698920238392	-0.7160730147586857	0.2443831735556435
ENSMUSG00000028832	-0.0670328740962951	0.04004038065019716	0.20506329022740566	0.5398444783991996	0.24129584896135423	0.8348017102520625	0.024958399747819323	0.01722510815115524
ENSMUSG00000021730	-0.08486774914976883	-0.1019946054489704	-0.12671398168555434	-0.5877297745551031	-0.07418930874779561	0.9301394153597881	0.0810689758620971	0.15499479555730686
ENSMUSG00000002679	0.10777079566260207	0.09502299031001271	0.3010082662886591	0.3882492421282783	0.024164813765834386	0.01496319056031677	0.03331268010911842	0.007246577384855235
ENSMUSG00000002831	-0.085567056858599	0.041655634895327386	0.34503496841001774	0.021754108192536134	0.0382884665258696	-0.4786786641176079	0.02809593072914158	0.007152063865463701
ENSMUSG00000105909	0.001705771266471423	0.07985914094497779	-0.1929545680303056	-0.07766666392445468	-0.004250870023691648	-0.5521378310145709	0.04465516551107779	-0.06965932693840639
ENSMUSG00000102990	-0.029690099051352	0.01820054396105042	-0.16199641916297447	0.21313307556761582	0.05077741175026143	-0.7522525543254132	0.028770786614021705	-0.2138514545777977
ENSMUSG00000085277	-0.03054957000707032	0.032208037420286495	-0.19357501974678676	-0.13242477276553516	0.04630044393250466	-0.3548549746299659	0.053273128215739124	0.028999409210121563
ENSMUSG00000030922	0.02387052498572378	0.07495205498544703	0.005685116028771647	0.6203927088979805	-0.0006839985946418548	0.7919547512420457	0.03925059301051721	-0.02446746987793574
ENSMUSG00000036449	-0.034598382792498515	0.08366533786619143	-0.15264736657828915	-0.11238009302628986	-0.015887023612586648	-0.6448288704238121	0.040005914129731604	-0.020709807199754786
ENSMUSG00000015962	-0.0025657319116902944	0.07685050212229784	-0.07263029867831497	0.08560833770943997	-0.012803916710171436	-0.744327733518876	0.033095991239840764	-0.10114030264575413
ENSMUSG00000022790	-0.04756929266054932	0.09091260010619708	-0.1876140247422026	-0.014127076303786033	0.010023864406992988	-0.45114392320164	0.05366570269204322	-0.034280116993872414
ENSMUSG00000117661	0.022358361082156712	0.07651075072695881	-0.15245990682601096	-0.034189609221127154	-0.05258483624344235	-0.552804857124822	0.021051952538723828	-0.18597799835349726
ENSMUSG00000081225	0.018232769906856596	0.06188470285884299	-0.15740366566375963	0.14974738774860888	0.003583595997097344	-0.7639755719759709	0.030941551270882748	-0.19231701659859146
ENSMUSG00000078510	0.023341449157632834	0.04868823163030515	0.07193511094523757	0.20839357814603252	-0.07126364989462863	-0.617668373606363	0.015485525034813485	-0.3188588296534261
ENSMUSG00000058755	0.03715684135251112	-0.06436375138019848	-0.1755446639343685	-0.29135295721209103	0.08697183946596385	0.40884283925874804	-0.029803829132289628	0.3037661711686676
ENSMUSG00000066797	0.35853080625775535	0.019405497893645873	-0.4099886313690796	-0.2686842075374501	0.12483232566820625	-0.34410596693749684	-0.4169713222860744	0.12488881577352744
ENSMUSG00000104544	-0.016181539232668823	-0.002937079972331502	0.25237279213037417	0.05906500571367641	-0.028211774807869607	-0.42049002170446376	-0.02180205339388837	-0.33336208040736787
ENSMUSG00000025280	0.04686976570896713	0.06901927346784646	0.5011446076633808	0.5066089584678664	-0.04603767816218113	0.3970571194625717	0.010484798025289021	-0.005617305700827524
ENSMUSG00000040767	-0.1014104268696758	-0.05750571453587079	0.15678619818243444	0.04040200635014482	0.06675736683018686	0.7920171692653976	-0.006998669140259928	0.1332015561886602
ENSMUSG00000030117	-0.023602970579727156	-0.045412774438743544	0.4232869259876473	0.379502992412264	0.2739265637688041	0.6480379646496622	0.01996792079158878	0.02921478111802911
ENSMUSG00000109194	-0.06679372981467088	0.01563982570984407	-0.1622096235363212	-0.14239563727818147	0.031691900873125324	-0.23704955762253144	0.060419888758479284	0.05962558072988824
ENSMUSG00000061728	-0.048424189518978145	0.0705441905615019	0.20632541210049157	0.3993936761768199	0.04940954029361226	-0.500819323360728	0.0415405642320186	-0.056934427950178584
ENSMUSG00000085937	-0.06418266334385879	0.06988909569764142	-0.1801783167566618	0.03365134042477036	-0.024188181367649712	-0.5798590571186933	0.03961857559492203	-0.08791125234742893
ENSMUSG00000013833	-0.1295899273199084	0.07500105660529703	0.08350446257219031	0.37750753757011846	0.035643924404904236	0.4282615973515411	0.027087872878566177	0.08254067819646735
ENSMUSG00000103129	0.004397452118714007	0.06194691970262509	-0.15061638791014442	-0.01711709937131957	-0.05610036347201254	-0.8283074945899094	0.029049561610805453	-0.05026420115627257
ENSMUSG00000024403	0.01583008881169451	0.03975887001921262	-0.18190293929533272	0.24619059049836034	0.07568372693680081	-0.08670324633625329	0.06859545867584002	0.05856958946752333
ENSMUSG00000115532	-0.0029855623617254246	0.06677649985564278	-0.12946842312500617	0.010790547175147394	-0.012022945131108725	-0.8209460032556919	0.03370242575512956	-0.10670019585654969
ENSMUSG00000115234	-0.004995924654351336	0.03973584753687525	-0.05612441861812845	0.15966850006520542	0.014773677167314812	-0.24250823261398285	0.031764001937587036	-0.017999851767024226
ENSMUSG00000035278	-0.02300345273411586	-0.04567897716256882	0.08531880614576803	0.2591734701067866	0.17500855883537023	0.831592982721024	-0.12345099125734327	0.11400018590287
ENSMUSG00000117541	0.01911552652083981	0.06565543597185909	-0.10338635976731193	-0.03177323216186241	-0.12518917708504781	-0.7199531435163534	0.020402410883145063	-0.09674422846905686
ENSMUSG00000117931	0.020598007998034462	0.06320728083759046	-0.0757386692466381	-0.047549955104176526	-0.07233616434526793	-0.6786683022578115	0.024974609505637773	-0.1287683346051209
ENSMUSG00000020718	0.02315754866676777	0.08782607504541881	0.41306620284025825	0.46137614956148854	0.015498850089877614	0.2772538847892706	0.033318357280352685	0.034871402696832685
ENSMUSG00000052363	-0.05066159649975776	0.0690080458738407	-0.02402457614366097	-0.00709452089851903	0.07407624140056504	-0.6067935125879458	0.031512305432531425	-0.1154109184372925
ENSMUSG00000028931	-0.10014344550023187	-0.0551972183928767	-0.0286168065464097	0.03508215643858731	0.036561642932996616	0.7823576626948832	0.012673990534924906	0.1848872661139961
ENSMUSG00000062054	-0.06244241174443949	-0.10832315635882477	0.051651418038649755	-0.24178870312058823	0.07373042263128113	0.6193323707118715	0.016524690384798868	0.3030750924683807
ENSMUSG00000028256	0.07664571985167777	0.09786520984905515	0.22577162813465684	0.14190481619100148	-0.007761621081319836	0.6561163812683877	0.04348597137027882	0.00479820821337198
ENSMUSG00000031728	-0.02365574533118031	-0.07295658597787276	0.1595914615566352	-0.2895333786321257	0.07294469592347558	0.8985320836668542	0.0524558716528481	0.24551778760931278
ENSMUSG00000027315	-0.08953992584436739	-0.17006370813688884	0.0965327330813639	-0.13841542766762882	0.10952842194598184	0.8521854038607954	-0.05029020041429111	0.2565395759206617
ENSMUSG00000026085	-0.04595199410431069	0.06912454432611737	-0.09808082673142528	-0.06581511106648379	-0.003630745058456064	-0.4579520484278985	0.033401701959407296	-0.15529912815468064
ENSMUSG00000044120	0.014796222330124786	0.06569582204081947	-0.17770202885486214	-0.055938000936213365	-0.04665134265745576	-0.6745275002987227	0.032649681813395726	-0.11645686964943659
ENSMUSG00000020289	-0.06622169313730243	-0.06265453119298525	0.17747576490035602	0.057193912308814716	0.017002858866457915	0.8230611752947822	0.05429206214111701	0.15710065568337456
ENSMUSG00000115965	-0.0014900378478741594	0.07215433283534602	0.0683747064132705	0.07813543195177759	-0.03681452129254815	-0.6775785872198873	0.03589029545426846	-0.16241243324818927
ENSMUSG00000042349	-0.00740947457507124	0.07312548696069113	-0.17163962314862533	0.1432074043878148	0.08448427590492995	-0.677790787757942	0.01994101153022857	-0.04680846691260017
ENSMUSG00000021940	0.013408357687711536	-0.022860231706649838	-0.06653338742405523	-0.05825755931619802	-0.03947838036207216	0.9133787889222615	0.04981965639471275	0.12216689587245647
ENSMUSG00000029554	-0.06544855782397978	0.05222806496649854	0.18899266974383971	0.3403441155802145	-0.020424162777165078	0.5873789165112409	0.0476821286733958	0.10731270286502088
ENSMUSG00000030994	-0.03156983219001465	0.07504807760774627	-0.16587985961987153	0.11433454362160302	-0.045864400376968865	-0.5749396010274342	0.028221503913773982	-0.20036886948975638
ENSMUSG00000020231	-0.041523072511824397	-0.07435676125931028	0.11247936655041763	-0.15905503530397913	-0.0141358503090242	0.7828379979283051	0.06935526191316731	0.28604319865566047
ENSMUSG00000045576	0.07144068987664604	0.08385020288846204	0.1564132934031711	0.43830802680619324	0.01088122564795957	0.4629638200903747	0.04662685126639567	0.1914198586564696
ENSMUSG00000102439	-0.0378735606270583	0.09856883605078931	-0.09581830632546623	-0.0915275960486756	-0.03673378684539388	-0.5867551697536155	0.04145476367684475	-0.1553004412662279
ENSMUSG00000036733	-0.016398856743934733	0.1275043948800695	0.5529698158943742	0.28111813330343666	0.0008324885832258211	0.10020805125968764	0.0397279658591384	0.041132910734562135
ENSMUSG00000028859	-0.0774845359582685	0.049519338837201145	-0.11819955264408723	-0.018139625863049836	-0.014690678478385445	-0.5253752841111092	0.031514126571669965	-0.04402234239667421
ENSMUSG00000106048	-0.03943588995738667	0.02775979035244109	-0.005696750990829711	0.01247361275408565	-0.23141022680938095	-0.7820801787961931	-0.0059579980665975755	-0.14548550284942927
ENSMUSG00000092467	-0.05263257497951041	-0.004709336800549857	0.08334482243229903	-0.05548702103060037	0.032788127356040114	-0.4590455370568785	0.018278630872051532	-0.31401699559269597
ENSMUSG00000107341	-0.08641722259043526	0.015180771465358088	-0.09200584909642437	0.1937036830868365	0.015357436574986392	-0.27857344011060997	0.0359863602611357	-0.007030918604940234
ENSMUSG00000107181	0.07678043483459142	0.09963886272765603	0.2197302875661757	0.48211785606290136	0.03432200320161086	0.42608890339077155	0.018716101953950792	-0.10760255023193
ENSMUSG00000042340	0.019882005449608053	0.07615909017958429	-0.10426738033080744	0.27732514445191764	0.09177187158015189	0.6017283701040013	0.04013942351661539	0.09352122714712494
ENSMUSG00000046805	-0.03761724273463368	0.0650319899250145	-0.195819039003431	0.10307437618469904	-0.06452389629187684	-0.6286085863742961	-0.002983315930633168	-0.17728228134586654
ENSMUSG00000034532	-0.038249909793769445	-0.01216391496101449	-0.05312486918402757	-0.21957138527182302	0.00963056676191415	0.39918130452213724	0.04841121107862805	0.24212538187309238
ENSMUSG00000039377	0.6075199893072056	-0.1807157593891123	-0.3457762076044566	-0.845963315607771	0.2453715092106098	0.773174820729382	-0.6401289050827254	0.23928361652390995
ENSMUSG00000031376	-0.0343564027373143	-0.11691773007858297	0.05036043200767976	-0.4598213340398481	-0.4160951623941278	0.8716044141087468	0.08292184604331887	0.12960141141828163
ENSMUSG00000101462	0.0507977672295475	0.11657962258119592	-0.24966888002530332	0.1362406383609796	-0.0072269422810620765	-0.19614056616412748	0.03636394038340243	-0.05567457820578135
ENSMUSG00000066798	0.07470249685085112	0.08723783214631715	0.3328820136440404	0.521459499559586	0.07049876366046276	0.08690021090239916	0.0447184388076081	-0.03985243033769259
ENSMUSG00000007739	0.10171747633688667	0.0515028716170629	0.635577506460721	0.018167590335232964	0.09298589724872305	0.45354648247865886	0.029247867203970525	0.12827393476081264
ENSMUSG00000004035	-0.10825153058704175	0.06793699544483511	-0.17049950149539408	0.2142599550088666	-0.003651998785149574	-0.30282865811339454	0.075475709940121	0.01014537384598275
ENSMUSG00000024811	0.1284467492811833	0.06499913975656127	0.3172243721622896	0.6008379212029642	0.04854976436339981	0.5819859230481923	0.037800951374777014	0.12010452994599903
ENSMUSG00000028974	-0.08790394530702679	0.05216610506185033	0.20240099052077165	0.08835781961038887	0.017849961358937794	0.19149356238447543	0.04287914005120853	0.12188062943062138
ENSMUSG00000095267	-0.25956712275126836	-0.18833991205463566	0.24014826790173616	0.5147734713698462	-0.3154395673028706	-0.7643373948894181	-0.41434540540532827	-0.3949544231487712
ENSMUSG00000004895	0.05788601142215582	0.13027963159232767	0.3585968352241635	0.5552034931177925	0.02771947146865883	0.24020834037736707	0.03896421577842618	0.03120468204186516
ENSMUSG00000034653	0.01670053641428304	-0.04729778005050331	0.19528508117486393	-0.46335431774947006	0.019974782686216302	0.7359203695820428	0.09654105359840869	0.2620333046596707
ENSMUSG00000105734	0.06468897386570736	0.09170719254668501	0.1167809342786478	-0.058623146954331434	-0.016143260507029702	-0.22291937667397022	0.01622046093155394	-0.058134037112584844
ENSMUSG00000034528	-0.03342821814373997	0.07125725993586407	-0.1625222150047789	0.04588536613317941	-0.002431327925157434	-0.6484588958411527	0.03809132224154118	-0.1265695816063668
ENSMUSG00000066042	-0.015336758385428917	0.10376482080446982	0.4204750362558387	0.17998648049251814	0.148911993103734	0.49447452034323347	0.05321258708350776	0.06233059216808427
ENSMUSG00000103690	-0.027403100201571245	0.06272246731431026	-0.11262836899250668	0.03864412478454413	0.0048734801279448625	-0.36626788871675703	0.029371606882927906	-0.09523481673939839
ENSMUSG00000031967	-0.0629533523366406	0.0060961710364064725	0.22892233865718709	0.08880541136454224	0.05633649656799876	0.6286868500743099	0.03743075346175438	0.18267072952050192
ENSMUSG00000060376	-0.08467555841962074	0.07568338679165215	0.2558018561922943	0.2922867600201568	0.03806548317843146	0.6794616229217453	0.04774276381925852	0.012159898966654037
ENSMUSG00000018340	-0.07014247601448295	-0.07419605882024292	0.23714178878259293	0.13986689553313156	-0.009256775926514527	0.6197064464912589	0.06595841829910515	0.14064077660124844
ENSMUSG00000108460	-0.06639949566114597	0.06184300130101208	0.296109840055134	0.4708896464667798	0.0978312158076624	-0.23813989425683524	0.035997562989419696	-0.08763116591318722
ENSMUSG00000035283	0.3121878288635736	-0.3109107920066677	-0.24040092734667737	-0.6480356340109253	0.34874910501461037	0.7519901109985478	-0.5880863607107423	0.25996917102563366
ENSMUSG00000111619	0.007593582164093782	0.036901086486535825	0.07097418991206828	0.015094812999788019	-0.0513206697918704	-0.49378625191674774	0.01721720998036317	-0.34071758679487246
ENSMUSG00000101062	-0.044278803734291765	0.07266194579476373	-0.019764816382862396	0.0168688241844116	0.022544365879428183	-0.7256168893782833	0.032252285089697456	-0.08068744709728198
ENSMUSG00000098505	-0.0033731508945347155	0.06803378062901369	-0.19972741192370985	-0.12643454796256104	-0.013042056269337195	-0.5753228576873218	0.03390032713121369	-0.10835790092807603
ENSMUSG00000049396	-0.10475012382633472	0.019099770230101454	0.20458574728634657	0.31192458593896716	0.07045232018113999	0.8352376580735782	0.04709701671798667	0.06451263978583953
ENSMUSG00000027131	0.08305589406412298	0.08985733002627164	0.31788872802199863	0.11782992667621736	0.02921566605288268	0.32927122707609746	0.05389565053395776	-0.00974415847819965
ENSMUSG00000022185	-0.03870209111184952	0.11678047568182598	0.27600679639680054	0.5385426752959181	0.08517015491855161	0.5822942118951592	0.05080101753573374	-0.013200473644253252
ENSMUSG00000116537	-0.018329140395609306	0.06763233622586032	-0.1537387423090675	0.02640944651658672	-0.05445145704599425	-0.7525966200619206	0.03395891393668092	-0.09716080048412994
ENSMUSG00000097040	-0.08684403099328049	-0.33544501781576197	-0.22136916117551955	-0.5912376705472387	0.20407932366395198	0.7736501566172125	-0.07094017584125065	0.13037006861996142
ENSMUSG00000096484	-0.012024231557586584	-0.01270384714884791	-0.2479204819382282	-0.41296506991984683	0.06632073728363906	0.01944051802580991	0.05857278609196594	0.10306574325790345
ENSMUSG00000115289	0.011490968460742823	0.0748345157634191	-0.16412180086884395	-0.11940894035201152	-0.04698926718455138	-0.515348503710492	0.02924359785715918	-0.137810055290169
ENSMUSG00000045689	0.1698472942961995	-0.0396428185843557	-0.39748105703270614	-0.6738658426847007	0.09925034429555012	0.1773784056165875	-0.17936863835524183	0.2666063599341318
ENSMUSG00000102926	0.008416992138306156	0.029981664774410898	-0.1454568124398796	0.04427403301481345	-0.0567096502044896	-0.7425072366331339	0.017370128259782902	-0.21986571637521266
ENSMUSG00000054065	0.011715117823677776	-0.03070819808918605	-0.16598695115278664	-0.04183833377677053	0.03887125319246856	0.050341293718175785	0.049252535968673024	0.15184110059012043
ENSMUSG00000000157	-0.018113926545147895	0.08080979268538871	-0.08651652649822268	0.03136519801157124	-0.07858984664184118	-0.596488291984219	0.022597403500061786	-0.1283245358305482
ENSMUSG00000024743	0.06909657379006834	-0.1698811238894736	-0.07721774835359735	-0.3701088043238579	0.04785496949989487	1.0132893239275795	-0.051644976540170695	0.17074518949226972
ENSMUSG00000116573	0.00860470351194298	0.05018979811118466	-0.15464693805890153	-0.06547046236622527	-0.06585399417552076	-0.684050854468345	0.024268886479544147	-0.13163870295263388
ENSMUSG00000102539	-0.0513641269684085	0.07187929208342235	-0.07324488471053467	0.28823250383547977	-0.01058849176659854	-0.58113808252038	0.023852525369694864	-0.15405296368941424
ENSMUSG00000024672	0.009623385544239471	0.08167259374391829	-0.022805089642403287	0.064223149476205	-0.04081313684533477	-0.6077887652639781	0.02178089216660103	-0.1880502087102325
ENSMUSG00000094936	-0.07634483269259854	0.0899752184202218	0.37008359524382634	0.7047693470104205	0.12609076085068452	0.40649028959022493	0.03983009910008649	-0.00964073834123469
ENSMUSG00000020576	0.06067534167819835	0.03824693994459514	0.10478628620065451	-0.17020385242934163	-0.10071584261090846	0.10936925792581444	0.012600553700762795	0.2662842498325863
ENSMUSG00000038192	-0.02079462955158573	0.06571859234316291	-0.18546433904120216	-0.07800691704936084	0.08488464534236978	-0.543719618259239	0.038331844897957254	-0.060555660343213843
ENSMUSG00000116908	0.03996873561104302	0.12166653391952588	-0.028774026577153	0.29172347376867813	0.05168222740959869	0.7043980594666789	0.06355705948226122	0.12277915172508301
ENSMUSG00000090097	-0.032238035517486614	0.004852598606572611	-0.21609649073672874	-0.02881057530649321	-0.040307637095520724	-0.48229762405562304	0.019987257433744913	-0.33451034997965884
ENSMUSG00000099643	-0.1749175649000123	-0.1937284389191824	0.22276797061817	0.46255024466352407	-0.4748207799519396	-1.212449851880116	-0.09379967470914737	-0.2831145641695358
ENSMUSG00000097361	0.20685090635146036	0.0611160199999856	-0.2453998842650396	-0.1999609921158811	0.14747477168383244	-0.5019246568335308	-0.17883661241804338	0.0006732362135095649
ENSMUSG00000081240	-0.0018553581333364821	0.06985895296848402	-0.12179805285761983	-0.04008040728657253	-0.14704528101138303	-0.7613499661998835	0.023805037747115718	-0.056704845369819054
ENSMUSG00000078578	0.12177925128033999	0.08401575699581436	0.42253888030904824	0.5677951320381994	0.047588417644298386	0.39196373304166554	0.03417386016906376	0.037828213051407045
ENSMUSG00000100120	0.014276468723090852	0.08684991506983926	-0.19894837880836663	-0.07710909292248558	-0.010234430406284434	-0.20509397766086745	0.030153992519913804	-0.035973103772570035
ENSMUSG00000096879	0.025043750040446344	0.08789534206349159	-0.18387768293162296	-0.13289035217841147	-0.038690910284872336	-0.35973185564498095	0.024638840124108885	-0.11311188235915833
ENSMUSG00000059874	0.0425784990858052	0.07602620366745746	-0.2053784287159497	-0.0035224293921849448	-0.05611829056219795	-0.455453103845103	0.019138543469119935	-0.15854876869310136
ENSMUSG00000025728	-0.07324493136122091	0.051963928505338805	0.2532490184817339	0.22726823246650568	0.03300433490384964	-0.6463060172469682	0.007424100015823165	0.016998663070538107
ENSMUSG00000020463	0.14517811514651507	0.05320084239218908	0.4792232138725301	0.14289393142906318	0.032675719371977996	0.6087798785254233	0.05092428071727305	0.04281792229269986
ENSMUSG00000117835	-0.06103231729825039	0.09082836854572993	-0.04990475805256242	0.24984186984928416	0.0483326063115553	-0.052638831164263176	0.0449961067183568	-0.09217738704516679
ENSMUSG00000108880	0.06259182731896458	-0.0016499296508143413	0.7589853249429427	0.5705485611857347	-0.02097645427211787	-0.15221742345090047	-0.11198625990824272	-0.2683402387214535
ENSMUSG00000048540	0.4992196642060528	-0.0778938154627089	-0.44685091169972263	-0.79999126433173	0.12698289481960678	0.5639202756827818	-0.5160106787648538	0.2926725910209627
ENSMUSG00000008540	-0.005407924425494315	0.05494004713975171	-0.09228442476278075	-0.2279992573896441	-0.041055319965117465	-0.35734608568879034	0.02667370872414123	0.11337178424966905
ENSMUSG00000002257	-0.09690959371896758	-0.13966670485548643	0.009165569201444956	0.05093883482283787	0.12049587232988582	0.5029557967579349	-0.055563975201811854	0.24904741297888072
ENSMUSG00000070298	-0.06742655407361176	0.0581696192849205	0.03135030626091927	0.24458950782243807	0.024115186327527453	-0.30614078410322443	0.03221576151116035	-0.07241980936741138
ENSMUSG00000032067	0.0045238663696780534	0.07480360437345138	0.05298190836874335	0.13119067734819076	0.02641958580432785	0.9976843432564046	0.056384361537487236	0.08473586159814041
ENSMUSG00000107534	0.045968854507073886	0.08779398375225979	0.37176448569337095	0.633666736600043	0.04520824034301872	-0.20565062910094314	0.03766389191251018	-0.12829368144403716
ENSMUSG00000099823	0.027367152914595842	0.04404754940492657	-0.20004660091468404	0.20176668150482824	-0.01998041412266556	-0.5538565181405807	0.0007204208210156438	-0.29476886339771263
ENSMUSG00000092094	-0.10715672223525083	-0.05098380438199718	-0.15690453233523902	-0.7735028972222534	-0.09486771230729188	0.8064603849440222	0.0690121229382045	0.1933439567186547
ENSMUSG00000021431	0.06692058287317428	0.019050742838662593	0.41257513832565634	0.05493123846787285	0.05979896934314055	0.6898436252699167	0.057115276824139395	0.12677244056102893
ENSMUSG00000038836	-0.03176768042837008	-0.10354482372509777	-0.11815468025145645	-0.29731189332949376	0.03899196285783874	1.154515654742935	0.053125648562270845	0.18088624651945379
ENSMUSG00000113195	0.009415389821738507	0.09990441566004686	-0.1293506194113793	0.04523985883126915	0.02519447622177077	-0.43754115970598223	0.034782122007599614	-0.17741207698421568
ENSMUSG00000034958	-0.10043151479086446	-0.07308289870527063	-0.02382339312429771	0.0258957650775277	0.04525887715303862	0.5820278401859611	0.01782029337904719	0.27842361650307146
ENSMUSG00000036167	-0.02538202986565143	-0.11513979832633699	0.11468778067088048	-0.2534078612832177	0.014516756378513018	0.9642669578565883	0.07502052174014665	0.23932088522008985
ENSMUSG00000096051	0.015533034777776513	0.07023996067210769	-0.15482129717865295	0.007300932725493592	-0.059090044489837706	-0.6326600566030852	0.02313879915495946	-0.17981774610805668
ENSMUSG00000064259	0.031885135867939535	0.04612202797884107	-0.17107073411599377	0.09007962540909101	-0.06915359638746041	-0.592130380891643	-0.005883631056913252	-0.2364138952633735
ENSMUSG00000051860	-0.027806819766390854	0.07108631094621581	-0.08049283039724724	-0.10806266161604909	-0.026610751858063723	-0.3604362733839281	0.029404170556531772	-0.11396450265814088
ENSMUSG00000109701	0.013698670023398616	0.06756134792042703	-0.14827285555869985	-0.005285974891699241	-0.06251600770432447	-0.6661202295176794	0.02712029448707447	-0.1451490553777386
ENSMUSG00000097330	0.4886036074622541	-0.15260447606581315	-0.32779741594090794	-0.5558767647378999	0.13893833866681052	0.8298131515979864	-0.4684081387609072	0.30197769524658474
ENSMUSG00000005886	-0.015501420316846648	-0.05008699190817254	0.05794111143532955	-0.2787361128565997	0.013771065728135292	0.9387722491218258	0.07349486367193751	0.1844065724200359
ENSMUSG00000112369	0.014098359418754258	0.07842314013371418	-0.20266524978167366	-0.08479441587323897	-0.022731947681119587	-0.4873513843133153	0.01952032968470274	-0.055058549418368886
ENSMUSG00000024869	-0.06379948074035781	-0.131019604372865	-0.03262324768619175	-0.07534922319509313	0.06461652290716752	0.913458124355366	-0.02470637510733742	0.21593883999939753
ENSMUSG00000072919	0.0037114689538597367	0.08331764303137462	0.12611337505483852	0.5172606856412458	0.03280758287168757	-0.4731898054617955	0.04164666567957662	-0.18940236132941332
ENSMUSG00000040855	0.06516376645740345	0.07010033679797265	0.1155839267400398	-0.09352586147623172	-0.198658777489982	0.3504113236591354	-0.006565079874962576	0.3084004025288093
ENSMUSG00000026176	0.20710371757723062	-0.10723254347141474	-0.08295865120777215	-0.06511984842266272	0.22492455249798093	1.0185864540804348	-0.24005319098742578	0.22435825151851962
ENSMUSG00000023176	-0.07859021096693797	0.06536248668105141	-0.10528379087748128	0.01364760614438775	-0.0029903002536970646	-0.5822697632095675	0.03240806536016098	-0.06183514037841388
ENSMUSG00000097104	-0.021821785058470267	0.11794937206215832	0.056852523949118695	0.37824660516766534	0.00196332200273841	0.21322257796219	0.004981808960079901	-0.18778120977437152
ENSMUSG00000114469	-0.005239308686846744	0.06275705321037339	-0.13630150694376142	-0.1030429019260171	-0.09974572464683533	-0.7092816752057327	0.032778865255931294	-0.06113998830522853
ENSMUSG00000026469	0.042063955032821794	0.038113276334319095	0.05051492974891677	-0.04655709844339673	0.015984594940295166	0.8253876598476196	0.06769946494882174	0.2971534688419359
ENSMUSG00000044339	-0.09333350154166617	0.003141390434334923	0.10233089091481277	0.08630671680094751	0.07749686396951665	0.7934742280840448	0.007255351242617916	0.10822835899229391
ENSMUSG00000090135	0.013557843753199017	0.06298599082825676	-0.04441988556313136	-0.024931102972156817	-0.10401009410149903	-0.7178841415917182	0.03310521081324114	-0.18102129875854728
ENSMUSG00000099822	-0.23791750299467077	-0.21411052766402974	0.35915825839657656	0.3473797244346899	-0.45045514436731054	-1.0000519689579677	-0.1822737582496279	-0.4273391023642097
ENSMUSG00000111482	-0.05548847067270261	0.05281240960192876	-0.11287262040337262	-0.10464453840694635	0.0660535746415116	-0.268974964926337	0.04147401312625666	-0.0035177240394798637
ENSMUSG00000044813	-0.0198173536304029	-0.018308777372688354	-0.06482225136910318	-0.1771509644152611	0.06699295770802946	-0.2229789246611827	-0.010233793716384831	0.0496834053868702
ENSMUSG00000064326	-0.06472127189912148	-0.06897981550520368	-0.006124369275691377	-0.12093807992597164	0.13901428041749792	0.960190647605176	-0.08254785390504811	0.22433212406760739
ENSMUSG00000014426	-0.006164921482833208	-0.022861119016782745	0.16291258484821194	-0.04207750841478412	-0.04458060526122737	0.6913631813528475	0.07554772588200975	0.2888178304962964
ENSMUSG00000023094	-0.1149736675711525	0.013991522465574772	-0.006787905626040702	0.11661703229360892	0.0353994917701824	0.6561603149091837	0.041971967039007324	0.2019712282364421
ENSMUSG00000070719	-0.05974604147764563	0.07196146464160719	-0.10650593666419876	0.22770961383197055	0.009470983814186429	-0.6548682275426732	0.03328592626999122	-0.1400086654834461
ENSMUSG00000054885	0.0442459100794631	0.08166302266203711	0.2886359956492251	0.10181377698901946	-0.19656574781215383	-0.0685493435675521	-0.006449880000170549	0.18833138360354656
ENSMUSG00000028919	0.14838481548932267	-0.1598672016229609	-0.17185498292352863	-0.3869456929091454	0.12880102951497213	0.7913509075181497	-0.14735613199063846	0.2758233022520818
ENSMUSG00000029680	0.010869712533209896	0.06858971926974088	-0.15393048679315635	-0.08116061430163295	-0.04289095778003948	-0.6252726713869553	0.03261765177870209	-0.14535534824239404
ENSMUSG00000006456	-0.07176177376589843	0.08240417122535508	0.26225276446344303	0.42625527412742864	0.12128068635403302	0.6574308915769747	0.04859186606032456	0.053090107057146015
ENSMUSG00000109316	0.01726021683183029	0.06642541450382071	-0.17369630033426542	-0.03512249669318435	-0.00679756707897039	-0.5346396214677116	0.01952944397008919	-0.2090374371130874
ENSMUSG00000117418	0.22790334073203297	-0.1891363109814552	-0.21587907760140204	-0.6259072831793212	0.1676642126351512	0.9218177535995846	-0.1837427747148908	0.2751165250618659
ENSMUSG00000005299	-0.04768825933431108	-0.07186144380470072	0.21152017342389962	-0.22045381808279252	0.005769073654371404	0.6878732317182188	0.04629601906410831	0.28091302130901197
ENSMUSG00000020326	0.052595580308685524	0.04173712693285969	0.47178471082207035	0.29527640572749075	0.058530802585793004	0.32554119594672837	0.049564058789404335	0.06566778487981746
ENSMUSG00000046997	0.05481917076668376	-0.3121771825649456	-0.09569012643988727	-0.5627221650928851	0.18376221947273003	0.9324156107309134	-0.16130169930001878	0.11782884520374456
ENSMUSG00000086284	-0.05299656894545183	0.058073038120921044	-0.09570938552033763	0.17760944039885707	-0.022721269394421695	-0.5729054801492256	0.024246949484625357	-0.0987344952999383
ENSMUSG00000028271	0.042677131783858485	-0.0015512689442909178	0.3343667018089891	-0.006955893011220856	0.05499237036744967	0.4745115667105796	0.06627075420543849	0.19452730572707527
ENSMUSG00000110277	0.07055261490746617	0.08974567812102921	0.20672045092802965	0.49727683046713245	0.05183218923260626	0.19307856942076723	0.02234752643280813	-0.12310778281523786
ENSMUSG00000038679	0.1203385365425881	0.06709522120285413	0.15266010987489054	0.466866173124435	0.019682743218952137	0.5137188328553072	0.04618204887452412	0.1853337335756655
ENSMUSG00000112965	-0.054381863913348996	0.0654289257015858	-0.1600487602659622	-0.0576385299000608	-0.018192861174681576	-0.5598747590116093	0.037391412991675255	-0.0688650063868665
ENSMUSG00000107083	0.0362167185465637	0.10523398120310498	0.2764491759297121	0.3324501258748735	-0.02192478863602743	-0.10138202695618612	0.009609198795876517	-0.1134492112958905
ENSMUSG00000054728	-0.04079519304749696	0.02965673094307958	-0.15538847063138855	-0.1567464710336237	-0.017084265571403412	-0.5819212137328017	0.03817495892287625	0.05663336247103125
ENSMUSG00000041530	-0.0017450846053692626	0.07386767082916196	0.23313064289670682	0.4189238195543264	0.04118881379112238	0.6361756453994948	0.04952426864801437	0.069940488951438
ENSMUSG00000100795	-0.009870459066322588	0.0612056173548276	-0.03844643139474424	0.36548255407968483	-0.016916500634673082	-0.27065165532591484	0.04237026059371851	-0.14993228406995102
ENSMUSG00000006281	-0.014978110885915073	0.10213155541719617	0.11357626785292228	0.5582941942512937	-0.01283469554415351	0.381888549088139	0.04087054977397617	0.0031759955962757935
ENSMUSG00000015597	-0.049655093345220634	-0.10004535561744025	-0.007649152757082334	-0.10513760846636584	0.024784114296123996	0.954315657564144	0.00826020851239923	0.25232211441514757
ENSMUSG00000081885	-0.019304049917753918	-0.11739712849533204	-0.1774116423729565	-0.2554672974142664	0.10612387606106871	0.9616617083902687	0.05122089341551651	0.1583426559471235
ENSMUSG00000090137	-0.10410350065996905	0.034076627867603716	0.3615460151421948	0.44752636725685013	0.2907414559290124	0.621697973015897	-0.003414338254128735	0.043867719687088795
ENSMUSG00000113227	0.01587746208316678	0.08597206555382539	-0.16316343313339143	-0.0404159622522762	-0.02578414608025427	-0.25163084707760497	0.01499187004743463	-0.17615169061738026
ENSMUSG00000073927	0.030723802151623437	0.03373585273590219	-0.24093185527003802	0.009210771725621902	-0.05465270133719379	-0.5707232794503305	0.018555776927200594	-0.15422651747275473
ENSMUSG00000104063	0.23620116787350418	-0.3153711874699251	-0.19778643460408232	-0.6334922057218376	0.26024927111710316	0.9485029534191054	-0.36313692264884245	0.24846027224159237
ENSMUSG00000091995	0.009300151468209394	0.06501178907708444	-0.14999810988143533	-0.03118765337838238	-0.07285956546112678	-0.7098222099143116	0.031197462480945445	-0.13174256685211316
ENSMUSG00000089901	-0.04734493493780312	0.08758310583010581	-0.18179862680050893	-0.07557184228747604	0.031998371746514154	0.4197608616104337	0.09368208768798507	0.08179320466322193
ENSMUSG00000070547	0.011561893802767759	0.060059757652446144	-0.24760806476234623	-0.10731655843029886	-0.020417056160916783	-0.454586856205655	-0.00010812811198057659	-0.12147056277703729
ENSMUSG00000009905	-0.011190739043555498	-0.020517511502762372	0.13160805104818887	0.051946104800534375	0.09962141690028017	0.8447374938389611	0.048223610327603306	0.19590638561969312
ENSMUSG00000106121	-0.02982726205760351	0.07380983075117946	0.06016199738268734	0.01200024464816285	-0.01683840188024751	-0.6865325563590753	0.035987822165943546	-0.13011460871007707
ENSMUSG00000067973	-0.03818084767966962	0.08995166462522074	-0.06637844438468495	0.44927309064535775	-0.020880375557116443	-0.4198243908830811	0.04085477201457107	-0.1574710152635245
ENSMUSG00000071185	-0.002515962023490359	0.07483883267151988	-0.17524457803274004	-0.1006566583028546	-0.034871186071561325	-0.5902528669780844	0.03036083632901792	-0.08221263748991803
ENSMUSG00000092103	0.038056418200164754	0.08964026255335786	-0.04873239010495459	-0.07315611577999585	-0.030903397490445735	-0.29420308329158557	0.0386038236107649	-0.05497475787053283
ENSMUSG00000021636	-0.015671181679766888	-0.17058220559068574	-0.12160103480534454	-0.4293906944561689	0.09022085779750445	0.8537203180288636	-0.04042985888918821	0.25346229644777374
ENSMUSG00000114019	-0.006523962424815344	0.011334656926443422	0.022983956530667145	0.2113008468722076	0.03218801461041325	-0.6469506950037867	0.01134494867766933	-0.2455436311178851
ENSMUSG00000039621	-0.015095391188771012	-0.17850283499900188	0.012914347992234235	-0.37173678130626675	0.04653051422529984	0.991522301699919	0.01812433261573256	0.19833035618344
ENSMUSG00000106296	-0.06273482426562878	0.06574283373524965	-0.05006284190638153	0.13769582456623827	0.011309778344286925	-0.7016012842896329	0.03003412686707236	-0.10452432548776734
ENSMUSG00000103796	-0.17669001169078946	-0.2695088628310356	0.28732868609057877	0.2608250876052641	-0.4013001455736464	-1.0899144666607798	-0.09893823671262747	-0.3579344089533526
ENSMUSG00000020836	0.3687502680706955	-0.29369361436244146	-0.2621957212703223	-0.8133425795856013	0.21607978135226893	0.9200847627302297	-0.3981986558062936	0.2276950176387054
ENSMUSG00000055963	0.07899221053844219	0.08729740355837064	-0.14112891621400495	0.10347418647484745	-0.006091624668172923	0.1868366653221115	0.003452098752135868	-0.04265359230895835
ENSMUSG00000075200	0.03444382415359986	0.06843786853127412	0.16993728094087585	0.3353951111497145	0.04393873850850646	-0.4496205751446809	0.02725770583339708	-0.23065464805793373
ENSMUSG00000106060	-0.06773783024835413	0.06355833676036349	-0.14017818799593854	-0.03916582869154121	0.016654284950355924	-0.4919162353903361	0.03281817345744754	-0.0749288774346272
ENSMUSG00000041775	-0.005506966286575876	0.07179480429365563	0.2645287428596756	0.6047459329404253	0.05819783339234663	0.4988464605061536	0.04836149599435089	0.0844067676501785
ENSMUSG00000085443	-0.0406006406977333	0.047081454038688283	0.1418009657514062	-0.011514035561995595	-0.0292856000312193	-0.3553792207294179	0.03694005148956553	-0.12550000902251732
ENSMUSG00000056716	0.008541474450387332	0.09126962644781815	-0.17383127494111733	-0.053781687485398334	0.034339500331068994	-0.6480850769501841	0.05168526426698088	-0.034196236462612814
ENSMUSG00000056899	0.05209302810558166	-0.011269689271414807	-0.01740929357588378	0.20594250518705026	-0.027613720113015633	0.884479659115363	0.05087300420558955	0.18981980940165205
ENSMUSG00000087412	0.04237562151787308	0.059577843704325666	-0.14887724901675956	0.03816133700740752	-0.03944796658344538	-0.7031277633184178	0.01973466496690557	-0.10674847390781177
ENSMUSG00000024218	-0.0521126951084147	-0.1318338195300231	0.13193824868546494	-0.27116712688125716	0.21121599832388624	0.7542562257804807	-0.01410743854736951	0.3301629139446732
ENSMUSG00000034997	0.004188201184069484	0.031710725692414135	-0.1644805248190664	-0.30896261580332457	-0.042364302033946394	-0.30920489771066695	0.03137490621986604	0.17210628158183292
ENSMUSG00000032386	0.03470964545578137	0.09403886803928369	0.16601399122637178	0.5077805346089237	0.056222250570049564	0.32202638120796023	0.0458227201806123	0.09728563199604215
ENSMUSG00000086262	-0.05036825847863837	0.09114007658753444	-0.1274684205134541	-0.020007227777793807	-0.004947881086844186	-0.42319680455007624	0.03971004142619154	-0.1654046900355174
ENSMUSG00000021687	-0.018597990643473162	-0.030440549208324095	-0.03528162152324915	-0.24116271611544957	0.09904255292534465	1.036152689163832	0.014050854683826053	0.21851820887922727
ENSMUSG00000036707	0.03319446860871473	-0.014680177326827915	0.16234771599751582	-0.018092435549366685	0.10389955051134872	0.806684446302176	0.07264722936743308	0.28870437922077197
ENSMUSG00000068859	0.529512384930544	-0.25436818145820145	-0.32852851243393383	-0.8227053473916798	0.21868785588168765	0.7431892856045604	-0.6790486413487051	0.25695632191293893
ENSMUSG00000090827	-0.017975059358140418	0.06411750079829455	-0.18262426868297987	-0.16565001545510843	0.017999917490317374	-0.5576656627779961	0.043816932973421235	-0.024791510938470807
ENSMUSG00000074001	0.3098834823041185	-0.27459764301646594	-0.23691484301187685	-0.8340239430656331	0.21550562069922033	0.9223454925797376	-0.3344137944241596	0.19361870893836086
ENSMUSG00000113184	-0.07782667185465032	0.0550476050355479	0.04948242676099221	0.05112378355057102	-0.014777138783830468	-0.5911317856505357	0.030076160316533727	-0.027325301199924466
ENSMUSG00000097519	0.02731013029383541	0.00410347854984155	0.09900102506487571	-0.013442917582584535	0.03504311664504686	0.7977752079764825	0.07193326318896757	0.24034798665802043
ENSMUSG00000040759	-0.038481889861076375	0.022892733829302677	-0.0959805306333862	-0.0403119318381918	0.0201380693712399	-0.010721229165716595	0.06304542543527299	0.08235953617770689
ENSMUSG00000025162	-0.021039077254559224	0.08602931576315385	0.4853194162038889	0.3139823924677106	0.0048976545549884514	0.12253651035697703	0.03696671086563373	0.10733922045967798
ENSMUSG00000001134	0.10703207438429682	0.046080431880270334	0.6035039980213561	0.9305610796543937	-0.16605089475751536	-0.20079989071947899	-0.08093696006793527	-0.18312241875568727
ENSMUSG00000101325	0.012071117852584301	-0.015454927230387676	0.12356367621564343	0.14604885041089868	-0.16147652957066552	-0.9328546682434762	0.012543642413008812	-0.2093781565755815
ENSMUSG00000087171	-0.06459538131975161	0.04309703068643125	-0.14620928196148333	-0.054327347368516056	-0.03503174810238457	-0.19304501603921823	0.03727595411169943	-0.033389456611583455
ENSMUSG00000072762	0.02104692118952965	0.0644001760842675	0.11548363003460813	0.1676797667644374	0.044001037936439	0.12819481500312166	0.03753404587101152	-0.019590737812043568
ENSMUSG00000025857	-0.08427369533358653	0.03592266652855271	0.2616364779307229	0.25801612596658	0.029415290415712732	0.5690966418758941	0.0484439054519233	0.12963858212891302
ENSMUSG00000001211	0.02655375480419227	-0.2940999855289161	-0.043247621877995454	-0.47415460057503334	0.03157233922624956	0.9830262491868115	-0.021793353525906445	0.16265496785965006
ENSMUSG00000072945	-0.0585753853360604	0.058496415232783004	0.015288543459381812	0.5220512089107324	-0.13625608392241825	-0.19201402672228576	-0.03614023983607406	-0.16549285883963594
ENSMUSG00000026516	0.09891148187626833	0.088383428579791	0.4941199914005454	0.26128651752550475	0.017705469521975825	0.3275411759432166	0.018981075339040344	0.09221137591942234
ENSMUSG00000096862	-0.0036865282620505146	0.02272795270421268	0.11489855965791021	0.263023862733585	-0.2632720885693959	-0.8728332142668276	-0.02482535808150569	-0.19024360717664934
ENSMUSG00000089935	-0.0896568068452509	-0.05984499793883184	0.030646163709717116	0.28368792117605	0.1399540954465611	1.0164492020487557	-0.03890653999132243	0.07673498428316679
ENSMUSG00000025374	-0.08812178073854793	0.011193845194127583	0.06035005763363154	0.24686935776712532	0.15130736751424753	0.9847313756861718	0.026976927314496378	0.10991928797572333
ENSMUSG00000102157	0.03179487297209646	0.05160559798846125	-0.1216343304062096	0.3164836939132811	-0.04058014778299817	-0.8145819784940443	0.024650173817948096	-0.22820457844625766
ENSMUSG00000004837	-0.03888304338746134	0.07446682199433606	-0.1527027039692178	0.025649466975777826	0.019623577320856733	-0.7002651746549751	0.03131051212632625	-0.10318014706028471
ENSMUSG00000008845	0.01042873070021461	0.0756622914721353	-0.1611245468961935	0.004883478280925502	-0.006286200438971704	-0.637796935963275	0.031905980564805904	-0.14778110334925865
ENSMUSG00000090346	0.011709295386390539	0.0461651458061211	-0.23372417250191824	-0.05874806945132973	-0.018063395230997398	-0.3880776120812666	0.024129430323699224	-0.2695704477320008
ENSMUSG00000055320	-0.028757285632827312	-0.04246009664689449	0.1814248338056256	-0.11318095282642697	0.05496880590845127	0.8174084237839735	0.07774707334063563	0.2681811492334568
ENSMUSG00000090237	0.021651686942788132	0.06271621938326002	-0.11313844393193087	0.047668542198166186	-0.16910646021273293	-0.6014156002722358	-0.011731352607195045	-0.19244288049765698
ENSMUSG00000026043	0.02997635360058424	0.07144134820182231	-0.14526528078679293	-0.04003505905508122	-0.020035331591207583	-0.5198223478835307	0.029507192151142392	-0.16495936205213757
ENSMUSG00000036858	-0.042407615475636345	0.08207651520232587	-0.010285963792794381	0.2236084383959967	0.011528596175299492	-0.3547732738299098	0.031953556760852084	0.03205307387740235
ENSMUSG00000029735	0.08321171024083364	0.06962149175127705	-0.009742869352207695	0.3265768082479707	-0.025437579122189215	0.7074361325136608	0.025715964881906382	0.09509374158806798
ENSMUSG00000103261	-0.010716426605679508	0.0709576240278997	-0.08950921578359686	0.02181919185432455	-0.06330228264072925	-0.5089811501877762	0.02948407739326168	-0.22302506833606422
ENSMUSG00000108683	-0.01916858798015669	0.0692179786300649	-0.06245887084363726	-0.04447202889390254	-0.055648515601183425	-0.6684704242936935	0.03419049921253525	-0.11360260896099308
ENSMUSG00000047694	0.15249742728714025	0.0200161838381272	0.5966879037309808	-0.09697040272655214	-0.054323021794954525	0.41501143076133595	0.0590235746730489	0.22063240263644296
ENSMUSG00000044033	-0.01197914836925218	-0.03434159593296112	-0.01637105041868075	-0.11779516576082115	0.03657636672828172	0.4602221556940185	0.05122174829608741	0.26635109901560716
ENSMUSG00000045559	0.02626437223532499	0.05298943521621352	-0.18730766965910586	0.012024999723491449	-0.049209476107032975	-0.6011251412687476	0.006987283588221649	-0.20593787412849046
ENSMUSG00000114334	0.035055664566546754	0.06219403606011398	-0.023968594653390365	-0.02623829673783989	-0.10075112699619758	-0.5851890660090662	0.011011353611451336	-0.1712977168317091
ENSMUSG00000026272	-0.07368912841447103	0.057587587811295915	-0.17799173006430036	-0.039257792982476135	0.008821694238170807	-0.42120688129047984	0.04828893061226582	-0.04174772555655981
ENSMUSG00000068220	0.02649771659929548	-0.16648377105747494	-0.10159178522271796	-0.20330154892640964	0.14263217005961248	0.37161095348335027	-0.09829703929857227	0.2561254918544463
ENSMUSG00000096566	-0.05636298224827818	0.01869097449869539	-0.1560721774711437	-0.02493717807812441	-0.010440730474206562	-0.3615313631665065	-0.010937976947969868	-0.34549992781050387
ENSMUSG00000101540	0.013285330967345093	0.051147405514999494	-0.10688193973928713	-0.00796165941522542	-0.08986044403043862	-0.7702580658343043	0.022377999513625534	-0.12678086286985124
ENSMUSG00000057322	-0.05000437002663838	0.057989483084897195	0.40626572745040035	0.2452296635094919	0.2727284068328735	0.6302490201164911	0.05211420018412405	0.06813152200856809
ENSMUSG00000010651	-0.04574207168111238	-0.08541026788042197	-0.022546990039407345	-0.14184368052924543	0.049202683431477746	1.007455424987793	0.011259377225750544	0.2182069566523317
ENSMUSG00000112308	-0.06021232522092668	0.06797153877208048	-0.05146285125765041	0.469713812903742	-0.040963760253562014	-0.6536832803467154	0.03535957206051482	-0.130618262805899
ENSMUSG00000025873	0.005953317171400352	0.08652216701080864	0.5635288280847777	0.2145357285647614	0.007664732508683123	-0.1475893066363495	0.03753424459319664	-0.07649022184098886
ENSMUSG00000047719	-0.03807393483326993	0.06563301030490508	0.3240612616724303	0.19106335184422504	-0.011657102657630203	0.3345744588529445	0.04470399610099722	0.17109002766234924
ENSMUSG00000028282	0.10001283170225164	0.06319893249934906	0.38774268569672604	0.23959859897041977	0.01328802364976367	0.5299716577511865	0.03494271254932335	0.0895333849017348
ENSMUSG00000042244	-0.017416263326209602	0.07643830745917433	-0.17541651080364393	0.11437695741512134	0.03238069364536514	-0.6901394242104203	0.04723669253841668	-0.14483380637445964
ENSMUSG00000044317	-0.09028097706818791	-0.061866666341147104	0.014750905598862964	-0.02149784737831412	0.04135596418366128	0.4333768345849201	0.0025692687354947896	0.2654531327627953
ENSMUSG00000048480	-0.05135003063759184	0.06719672331464828	-0.11498457373295462	0.006219558286447047	0.07454222692275374	-0.640845806654404	0.02529852933729298	-0.07573372053648764
ENSMUSG00000036120	-0.07058764086896652	0.0729264691442085	0.325626090898322	0.17551270181919615	0.15144310158017762	0.4431717793408561	0.04064285441536995	0.08293864805022161
ENSMUSG00000030655	0.12526040067900104	-0.004265013150373864	0.2876003989081691	0.15765650533241551	0.0207596060446705	0.8466900592060549	0.07658086912610523	0.14830049620361901
ENSMUSG00000035164	-0.034540464380146484	-0.25210573850123735	-0.14362553444834972	-0.5769671326669334	0.03177739146713343	0.9633335003555399	-0.006043865838083834	0.07283501581351898
ENSMUSG00000054675	-0.028741310574102983	0.06110107210148437	-0.22749395321903168	0.007748941446186895	0.02979663820837902	-0.12731950868598207	0.11679633553540729	0.11186046214680974
ENSMUSG00000042863	-0.025635980261263007	-0.08495440216325421	-0.004859342292645712	0.12064883136931236	-0.18328091904495894	-1.029995838150204	0.008681409083005187	-0.17757412996169306
ENSMUSG00000022938	-0.03619753238184142	0.06284656655074648	-0.07402501033008035	0.1887788777823692	-0.016322296339145614	-0.7166755887153705	0.029936905532941795	-0.11191829775944948
ENSMUSG00000022601	0.12340352547717641	0.07011139474404673	0.4433353724655644	0.32844387333835606	0.024566240525142027	0.4731597293821828	0.03708223959822728	-0.011491711338383448
ENSMUSG00000030822	0.02516170203427237	0.10702498973918746	0.39489830745738796	0.42468643008796775	0.1027707188981551	-0.19999223540630176	0.045966935901509236	-0.18002462562475469
ENSMUSG00000112190	0.0023597868549357637	0.09785682786290714	-0.06794730228270872	0.31466529885392897	-0.013809507002658901	-0.4985258681238446	0.03365805234993375	-0.17050978063884542
ENSMUSG00000087018	0.3728480976891629	-0.2183678019341509	-0.2505420836723419	-0.6273871771147914	0.264597927740065	0.9453823457471445	-0.4249380498328641	0.2822120934134112
ENSMUSG00000109326	0.005045013391046446	0.02768656089696712	-0.19332973686210694	-0.42568051955402697	0.04626643146193269	0.17047623037620796	0.05191913362770837	0.24472883438100443
ENSMUSG00000027722	0.10150767617978179	0.057578784317170194	0.13592129866635352	0.29293397244989566	-0.01735586646846854	0.8314213839330598	0.04674821311156792	0.1605538924173809
ENSMUSG00000035403	0.29053863360447774	-0.020907381930251767	-0.31477005598693863	-0.4620340231839248	0.10983274709356589	0.5239655768624354	-0.24132287018281665	0.27112805942588947
ENSMUSG00000028194	-0.02235599151695119	-0.23822200447194142	-0.03843388378851972	-0.5206640953417297	0.01802816542647881	0.9035644166326536	0.033845986365318784	0.12210235300389334
ENSMUSG00000037795	0.0029197511363820983	-0.01078633224880324	0.15460654614112215	-0.1405481243219878	0.18256252423259536	0.8885720366510217	0.07560748264610477	0.27675973436261553
ENSMUSG00000056413	-0.03265230842965122	-0.15444630371055948	-0.015992488717767282	-0.21303003674211812	0.08228061760784602	0.9763868085676474	-0.010210092789994296	0.22837696741508814
ENSMUSG00000006948	0.007812727893402593	0.053721416717453806	-0.2070415418957547	-0.23540255446482758	0.04644969189903026	-0.49476129195371643	0.044255081739486724	0.02421645367709875
ENSMUSG00000110568	-0.007980941968431668	0.07780019824402203	-0.17314300140027522	-0.00417698201873285	0.000678088530791654	-0.6733182846458042	0.03482905784424454	-0.0860215540841451
ENSMUSG00000114065	-0.0016086903126433238	0.07606972175049147	-0.22793848833826724	-0.030375675548863775	0.05757790970998634	-0.48288137434627265	0.04655081910475508	-0.1925136260336605
ENSMUSG00000110847	0.003719650482877146	0.06321565211580224	-0.161642249825615	0.09212199473944319	-0.028000364380470634	-0.8302444657781087	0.030794920340860434	-0.13609142151578166
ENSMUSG00000041219	0.11037264317441886	0.05797819470266668	0.4173569324474976	0.33950448333858024	0.009736096312173315	0.4637588068110586	0.04799633681923608	0.08793971853742559
ENSMUSG00000026815	-0.0023373747938175704	0.02142561371488848	-0.17649768361056722	-0.24674328822557118	0.025868813573942443	-0.350501998145689	0.039154078905757096	0.03645574864205233
ENSMUSG00000015671	0.09321112973060389	0.1046420055232441	0.05275291736759296	0.7559625490659424	0.0007724709228518201	0.24191465461561262	0.015766243891139432	-0.056622755594108475
ENSMUSG00000048440	0.022088086751588076	0.11400980855748787	0.21793673725710314	0.3053261180004067	0.02432499793625863	-0.37735942920583343	0.04121626611765616	-0.18767289052262473
ENSMUSG00000036459	-0.02950029132884783	0.029334901163846	0.12878313458563662	0.039245533623526466	-0.023037974807089467	0.7845011147106445	0.058977980031297256	0.17692293491447084
ENSMUSG00000110380	-0.03688133108759085	0.06131018930090761	-0.14337351595051498	0.037857398052597246	-0.03308934062336086	-0.8753941281386532	0.02855207760500922	-0.059209815367693125
ENSMUSG00000022382	0.32232563685340826	-0.32498554740365365	-0.20777090171335003	-0.6492126400779548	0.3880267694084802	0.7704325362690678	-0.579914430778997	0.2756064469582925
ENSMUSG00000020549	0.016261483690237943	0.04102865070103899	0.379648600143453	0.1911772019880895	-0.11471836647687687	0.5243515184430049	0.02875313809272471	0.10934081275559897
ENSMUSG00000053790	0.02351552167230201	0.07942903315243177	-0.24846084874003652	-0.045014570964009515	-0.025288044924022562	-0.35340559419416373	0.011704032916544982	-0.18082231159181578
ENSMUSG00000086763	-0.027321978516801553	0.06110561290935367	-0.06400722001268938	0.3320655849689433	-0.02545174427169364	-0.804855127762641	0.024356434287423068	-0.13707156112875932
ENSMUSG00000058740	-0.019316015764997297	-0.17517962984949892	-0.08985001188148797	-0.37234662731723145	0.031459940186402885	0.7250689692048936	-0.009266139012062913	0.2582516106064276
ENSMUSG00000079701	-0.05875060270404416	-0.027914104846476093	0.0034300441195100895	0.026612394733655776	-0.236268240839659	-0.8540607646835534	0.03557369407201251	-0.16625783605769284
ENSMUSG00000090061	-0.05212253277983833	-0.3165118822792215	-0.2003758859150759	-0.7563591254012348	0.015281927202572543	0.9231737537380512	-0.017288744815848404	0.02166885970413825
ENSMUSG00000014551	0.0073620052906128155	-0.005618634285781576	0.3374173427465495	0.10222109752256531	0.014580447361384417	0.3940269762160973	0.05401105856935309	0.20174756445134132
ENSMUSG00000106892	-0.052348677630060916	-0.14030868216530362	-0.048672323160216274	-0.2682982518764367	0.1039554770310565	0.7911985314268416	0.0017174614822128564	0.2406891119447843
ENSMUSG00000109709	-0.03699478993424369	0.09397760415573829	0.11414953804225453	0.07193186567545974	0.04240316388937024	-0.34636672914856115	0.03743222277628448	-0.024922584269856954
ENSMUSG00000022705	-0.03617615717986596	0.0778209350615359	-0.13768266790217362	0.025504766918145544	0.012939795407691301	-0.5944443780852884	0.03374718967057663	-0.0698771361961116
ENSMUSG00000030680	-0.0893512638790744	0.07616396464226315	0.3185048100461653	0.4192463885131175	0.13330202373927907	0.26499681071106335	0.032149486729552486	0.009009191218022128
ENSMUSG00000086669	-0.0594906342341542	0.05632610477924864	0.311224917987984	0.3694294959245483	-0.021721909497455366	-0.39611105615765535	0.046891258009287555	-0.08782220326184803
ENSMUSG00000067186	0.016046774232305744	0.051164228002921815	-0.14976625067602162	-0.0026427698155753188	-0.053479774771832744	-0.7411873251941332	0.028016148763416723	-0.16398639601185502
ENSMUSG00000116674	-0.001137440704356063	0.08663696629431575	-0.18821406155415477	-0.12015936498641826	0.012187789166453997	-0.5572051772127851	0.04200337146361247	-0.06015407816739152
ENSMUSG00000023070	0.020873593340066204	0.06189021778315454	-0.042331616274792656	0.007697578820150652	-0.17719367166031547	-0.7246871378899529	0.020586583324372215	-0.08486106174386993
ENSMUSG00000022244	-0.04932610853008515	0.039522002538721734	0.14732680732791292	0.23612353497792912	-0.046039048847859254	0.34873225195935104	0.03907479285877895	0.08029070785894869
ENSMUSG00000034959	-0.022923049570406508	-0.019739681047158557	-0.18073233956912246	-0.5835521947275604	0.002237102381969114	0.590011274336173	0.04729854521623687	0.25527236182720886
ENSMUSG00000080871	0.022345087934892552	0.03627362955991358	-0.14951957816673153	0.08074116832126871	-0.0037230422216043557	-0.6258563321374074	0.014103355768492882	-0.20697545332720516
ENSMUSG00000102196	-0.01742848570057188	0.07177964296340336	-0.1659305000304664	-0.05242918207066315	-0.05238117763032917	-0.5673836515517525	0.02716455968410525	-0.10649521212952463
ENSMUSG00000060314	0.01745445901864895	0.1331058928056811	0.23234304463063252	0.05227898250556228	0.06720710898805564	0.5345548289090882	0.05741247378771953	0.035268926342334535
ENSMUSG00000100217	-0.04229337730623611	0.08142030103227434	-0.15001901797579523	-0.12954115041379763	0.0668730674401307	-0.33907904498212843	0.05257663208285454	0.060610985819450645
ENSMUSG00000027475	-0.04014112924158778	-0.03124146699053232	0.1478770038638991	-0.045807784797413674	0.04312310852587563	0.5917205023184897	0.061518752872194465	0.26812325496148626
ENSMUSG00000040270	-0.008079890274624302	-0.15757710872771322	-0.08669606919209928	-0.3519078395264924	0.03364619116578314	0.968722687115818	0.010806565718794884	0.12521160557016373
ENSMUSG00000027993	-0.028073937855866572	-0.013081166313975658	-0.12169613942412544	-0.16708293613767902	0.0734373803670219	-0.29765899093727255	-0.005240244020278673	0.012018904115226992
ENSMUSG00000101417	-0.03332918071736896	-0.1695268092640382	0.07619457384551712	0.43082255071884257	-0.23063990753995067	-1.2105292352782948	-0.0034728130736711993	-0.32939328336621576
ENSMUSG00000105258	-0.0847813051184375	0.06102050681331162	-0.13227184199617847	0.062470341959396554	-0.013631519647360424	-0.44300344881836107	0.02447887293090419	-0.09053738699550713
ENSMUSG00000092357	-0.02601643591361016	0.017436551228251718	-0.18109580839913908	-0.040994359195757855	-0.020278819013042373	-0.36886292369841284	-0.006856189482838595	-0.2897079116778343
ENSMUSG00000072708	0.028413071583423457	0.06266865742770791	-0.25576062837303104	0.051327585136367454	-0.005658284235101618	-0.45604318175830766	0.02205798531576224	-0.18379409468029556
ENSMUSG00000093938	0.030576389129623543	0.05644897315578297	0.02908322421708259	0.15618490012207373	-0.004661681577998178	-0.8564156358851192	0.041930739752439425	-0.1005506466342617
ENSMUSG00000114446	-0.10213532007092173	0.021137762630872227	0.05653929339446281	0.37197232838496985	-0.0011997761796945228	-0.13769838424996655	0.03580233779321283	0.012868941883298528
ENSMUSG00000103010	-0.01194335990353923	0.06308335702290858	-0.17867668079113813	0.09482520771062222	0.017319257464663028	-0.7639465982378807	0.014952411743387697	-0.11065533893972734
ENSMUSG00000116491	0.00015742099717841462	0.0725768092308485	0.07733106622187806	0.1412471928496984	0.015645787019103127	-0.6208677092636616	0.04273180545710002	-0.1704866120940939
ENSMUSG00000045150	-0.020876588773650263	0.004533469678516866	-0.1891571480851555	-0.08450415470993264	-0.0031768784365603818	-0.6565416020619673	0.02648862787638066	-0.14407244353561452
ENSMUSG00000035448	0.008535345620015122	0.0520070373664794	-0.18208682323467706	-0.1116207089370835	-0.0353352134769183	-0.4699311050429527	0.01629602358983164	-0.2056469929077445
ENSMUSG00000027303	-0.02703694398467149	-0.1847033330058629	0.020115407011210076	-0.44178140415595346	0.04675869730124052	0.9510996178235255	0.04762598373618663	0.21904513975273995
ENSMUSG00000114045	0.0264343341214488	0.1039565740791134	0.028395467336096568	0.6866865300632393	0.060554997870034016	0.7904005246594642	0.057738854644920325	0.09507746993423109
ENSMUSG00000044037	-0.03962060888267538	-0.21886509230267528	0.14000840702382772	-0.34616429179309605	0.12004884319061941	0.8017886219682285	-0.062429287353098384	0.2548042697899124
ENSMUSG00000043753	0.06431458704025061	0.07543515623163903	-0.28110909539757883	-0.05264978408804101	0.16423278628698917	-0.4746578908714064	-0.16270596456263595	-0.09302502985715196
ENSMUSG00000005699	-0.04753159389859862	-0.05144407633612733	-0.0104311154072253	-0.05830230213123632	0.11488714508866463	0.7011568250762542	-0.08041013129533106	0.22246190501256882
ENSMUSG00000118128	-0.004958328861694561	0.08060192443418414	-0.1050613860497616	-0.10318319858082324	0.09317148023530977	-0.5776498908515109	0.043288269931724827	-0.15264228727620613
ENSMUSG00000005824	-0.07766062085852782	0.06239522199058175	-0.14757063482076627	-0.0004327911996425682	-0.031712472543018115	-0.504722802766901	0.032110645649756506	-0.050413653838363305
ENSMUSG00000066682	-0.01977637948006683	0.07486888957067223	-0.14272447798382998	-0.046543595242044225	0.03351648275057189	-0.6550762965561844	0.035106655649443146	-0.11156056130122242
ENSMUSG00000069727	0.06842551749761548	0.064932933453687	0.27418643408568616	0.2649069021624454	0.032745382283227875	0.1639759318935001	0.045625191647065515	-0.15439730318928305
ENSMUSG00000041632	-0.03212662487192941	0.10395762527358879	0.30872746333617984	0.4333305052961325	0.007317758230336309	0.3421547561907619	0.03878486301042251	0.03566740362617294
ENSMUSG00000012819	-0.08531587025181724	0.015987286648107644	-0.08814524091800184	-0.0862780938471814	0.05525388648534526	-0.0015095874481319896	0.051464571260514076	0.10168549691714164
ENSMUSG00000091624	0.00874596090363613	0.08525864749107197	-0.24468270006954265	-0.1785019712978806	-0.0032078989238696343	-0.38196124297532946	0.03247932101554803	-0.07129043469363087
ENSMUSG00000027522	0.016541812851734505	0.062441467301269635	0.19434368234156665	0.05543464028302333	0.043908264173052255	0.668158001019073	0.05751928294522582	0.20819421167214283
ENSMUSG00000031976	0.017883345388630737	0.03134755661432972	0.2501666125968229	0.5900427718896851	-0.007780928601753168	0.7141627765463883	0.04049008617175564	0.08844608572207327
ENSMUSG00000028869	-0.05417697595387627	0.06201728536571281	-0.08356654572590151	0.04341206872333594	0.023293965807120648	-0.8161007456730098	0.024597225445758972	-0.016992804386733007
ENSMUSG00000085672	0.003941020598877132	0.07935076848351533	-0.03621101671944404	0.0682146738495401	-0.005591890251967022	-0.5773229109380099	0.034371579615200896	-0.1451333664756733
ENSMUSG00000013974	-0.054595333893314106	0.07115589502268235	-0.14103010513445174	-0.054847588354664675	-0.05930707525373792	-0.6893138962830383	0.028888637745981494	-0.03339268318711287
ENSMUSG00000000278	-0.012797727567833705	0.10354582648911795	0.5470991271728135	0.44557245748314434	0.09174599043470102	0.2686907029393198	0.032024296758514134	-0.030254733562264564
ENSMUSG00000022665	-0.006600633595707062	0.07033338518772844	-0.17098679212256634	-0.06944311395560232	-0.05465593851222979	-0.5600692223318765	0.027958335523170105	-0.059092417329491914
ENSMUSG00000038080	-0.029466202894608995	-0.10278397562985712	0.12681066397690535	-0.254624035589249	0.052079134374918075	0.8230807999205544	0.026226750128221142	0.27390509267627217
ENSMUSG00000090777	-0.08893786446240556	0.05838704902801812	0.0659934739038501	0.0926053266334843	-0.013478234144364887	-0.6883063656885204	0.025118797968855543	0.011370197910487491
ENSMUSG00000114970	0.021823075001957317	0.0305724577633322	-0.10039123993334448	0.028839553295753672	-0.11454523917457139	-0.7296294014813448	0.0002372945717983299	-0.17546053349836307
ENSMUSG00000092335	0.09404915875362413	0.09295582909992234	0.29816728187711167	0.5888912350516209	0.05047940507253895	0.08676525312452991	0.033060051793454594	-0.05034659324406432
ENSMUSG00000096497	0.013265844400091154	0.0470076358329362	-0.17995173980210138	-0.07292773800252836	-0.021156333180485182	-0.615830775369665	0.023198527921152182	-0.14388795657406728
ENSMUSG00000093673	-0.02511416437032754	0.05568433680737728	-0.18276569552945302	-0.052265666305676126	0.07945152215125026	-0.22596594809197196	0.04958577057133976	-0.050350714985843766
ENSMUSG00000114541	0.01586203967674794	0.07961020228034371	-0.10380500671080117	0.07492058126062956	0.011406709775161561	-0.5755767898822259	0.024873017839683927	-0.17700274143348801
ENSMUSG00000009588	-0.10585746467021978	0.033007928533862745	-0.07253757212826141	0.1533324614996875	0.04570989600113619	-0.26023639833055534	0.02989475421204836	0.0093160399353244
ENSMUSG00000063550	0.11222545066221398	0.07992893728827527	0.4428762764394316	0.37810787019386877	0.02764873587159401	0.5677369520118586	0.03197182486513104	3.612755635051812e-05
ENSMUSG00000111424	0.006795824175963472	0.10329333637085487	0.18301857643192102	0.2940951378175845	0.12697628069831085	-0.1568568320305252	0.04705833299108799	-0.17406273880676937
ENSMUSG00000102785	-0.019260999248676174	0.06891245719245495	-0.11528393375188427	0.1657536542896133	-0.08669711904823285	-0.7105234098401627	0.023317312402437618	-0.19625965108998053
ENSMUSG00000045318	0.5984128422006147	-0.13670362034612935	-0.3524404054258258	-0.8355496692840549	0.12968907982350436	0.7176031482099052	-0.6704445065349905	0.2821117326849851
ENSMUSG00000052713	-0.028716316892601734	-0.07284354421422042	-0.17004453268374975	-0.4289688383959751	0.06109829576860907	0.6094059084573636	0.03423909442745777	0.27795176489404627
ENSMUSG00000061353	0.3162537335282715	-0.33855889166253117	-0.21320570364066632	-0.7623497316962595	0.24166140908551623	0.9670593563223029	-0.37017194461699304	0.11219438461418035
ENSMUSG00000085714	-0.032608057737282765	0.07120173297913733	0.5807669775789399	0.5519931483648806	0.03262770617005796	-0.21474915700656388	0.03761856182090784	0.0004864990582156281
ENSMUSG00000025265	0.0770999059187745	0.03090637235832154	0.77810337108276	0.04410431650538108	-0.09475438548714138	0.09847315305084704	-0.018899297012320515	0.044841232483026676
ENSMUSG00000104030	0.016245019082988484	0.09126111093210515	-0.03297268445989411	0.18004617642270013	0.013365899387485947	-0.487509875127343	0.04150686461126979	-0.13407459205647498
ENSMUSG00000054901	-0.02301201268748218	0.11733042476100922	-0.20440846808230578	-0.051376531669206756	0.09753795249527493	-0.11623512119408187	0.06948134488174423	-0.08596616219811447
ENSMUSG00000024260	0.08210646012149506	0.05768326505298048	0.39259909153612693	0.08482407919527186	-0.011512626774447865	0.5424585422628118	0.044536997033617735	0.07726046161467606
ENSMUSG00000075478	0.02345369956977285	0.031243527595558887	-0.2896716512086573	-0.5915041908323628	0.07212569444022086	0.056415657645720506	-0.022692495884398645	0.2667260629154389
ENSMUSG00000116498	-0.05363967101532239	0.031292758810765986	-0.23067445325602554	-0.3815864339380624	-0.05976712347757341	-0.2771340687257398	0.047162760812558234	0.18061006222948406
ENSMUSG00000038628	0.01474712743009781	-0.06419525079313014	0.15675894789188025	0.0525417698985683	0.003758869472445747	0.819820865348024	0.0537983953607183	0.16422955658810232
ENSMUSG00000028453	-0.0632624644019566	0.0560915706100685	0.31878374360591943	0.2290353395588558	0.01730825560392561	0.33058842883161227	0.0451159407444682	0.04982057193327309
ENSMUSG00000113847	6.910592740327903e-05	0.0758721211142938	-0.10542671777672981	-0.10772116615667962	-0.018714751870555216	-0.57739081028031	0.03849129623506813	-0.09512732289321375
ENSMUSG00000097183	0.029485847940305954	-0.2620448634800591	-0.12620014036618848	-0.43941114056263775	0.28151269383945937	0.9975679572126751	-0.21754653730635368	0.21590366983495668
ENSMUSG00000026104	-0.04534504225444404	-0.17410311437522696	0.05370070839667222	-0.3157308334530214	0.03441518319646623	0.8388905579306479	0.0111614852197931	0.26259983079851523
ENSMUSG00000005823	-0.04386363724927492	0.13061692518886597	0.1505060989783754	0.34526709736797184	-0.012656889850933606	0.600448012237044	0.04324319300578197	0.02989453004182542
ENSMUSG00000107180	0.010033205921018196	0.05259534108184315	-0.11129121194411512	-0.07362578600065287	-0.05935252351523706	-0.6450076501332568	0.029836868032159264	-0.16692676519304997
ENSMUSG00000028165	-0.06640864523162682	0.02651083359955279	0.01818516809147843	0.3909808052306662	0.08633507792141082	0.7022792479703507	0.03835893698414958	0.08706509381334279
ENSMUSG00000045624	0.1478734855634706	0.045934221840459845	0.40302119979762996	0.16116902271566572	0.01738452128889545	0.6651441462790921	0.04442428733212494	0.12760310823239562
ENSMUSG00000028681	-0.11574550143997563	-0.05842430765774953	0.1863562869923384	0.18773393487027407	0.0912997723553435	0.7492349514131528	0.03566444046907965	0.14366412567251524
ENSMUSG00000032939	0.04541180998982291	0.05849763383822125	0.23069666512631196	0.2517710348801776	0.013273763530737837	0.612297624861001	0.051596780005268406	0.1096484675384693
ENSMUSG00000084824	-0.025504299548524623	0.07146703964354835	-0.14198976019550302	0.031702327991351066	0.03494092349222192	-0.680513950765447	0.03348569933393747	-0.08107136378249565
ENSMUSG00000028459	0.07609650913600853	-0.09578976223146018	-0.2733979708935692	-0.6488438360489569	0.056808367051121196	0.13126590811051403	7.118248551818418e-05	0.30144683306949555
ENSMUSG00000034158	-0.0099950303486398	-0.03217911254734473	0.1464515846377061	-0.06929855155372472	0.015125790865570496	0.9217977933374861	0.0722589962928129	0.23287773850661514
ENSMUSG00000028240	0.04851280322342815	0.07561792438121372	-0.23885117790885443	-0.3175662756047165	0.04771601168949049	-0.48745690085261645	0.05217485517544677	0.0055063065313952775
ENSMUSG00000113027	-0.007408176061610039	0.0605491488721675	-0.22781567519462767	-0.1225940139470015	0.08064219333359887	-0.4722981346420976	0.038230879656578266	-0.10549082063826347
ENSMUSG00000085725	-0.01978503388550723	0.009023266833649974	-0.04967826738312883	0.06303515686360857	0.11592744839892595	0.976862007233613	0.01699464808004006	0.17748094214046647
ENSMUSG00000027424	-0.00042476176516137443	0.03449798683311127	0.18460556001949419	0.5142415211582367	0.06693312562813579	0.8854586479834717	0.05317567857725841	0.039845467594008616
ENSMUSG00000068876	-0.056215440980076144	-0.20449296341364254	-0.0020932407771958594	-0.2698526555300294	0.050930531656151926	0.8336018408451913	0.02631282749385935	0.19704146661543054
ENSMUSG00000054203	0.02141414774385001	0.012817878055778083	-0.12135761213170415	0.20293203009780542	-0.0772163407703123	-0.7969721412309698	0.006195748974223925	-0.2601456343988369
ENSMUSG00000108356	0.0031912197813955823	0.07310317282197429	-0.12913765408770267	-0.03550554325245063	-0.012034763861783634	-0.6057761058903222	0.03376607523864552	-0.11466310592313601
ENSMUSG00000087614	-0.0335401923735823	0.08313498445978389	-0.08100341687700574	0.016827276244966313	0.010740987481006714	-0.4817076560113169	0.02975783651424512	-0.11662137728786831
ENSMUSG00000035764	0.03338911964531465	0.04854433607317474	0.1296057613342189	0.3240897849271211	0.021213521843911565	0.7114752745599316	0.052830369180865755	0.13678815828701463
ENSMUSG00000035954	-0.006953054085064848	-0.019042196347044942	-0.002284533345287443	-0.16978249608015678	-0.05423956253666525	1.0124889877728627	0.07665033544432527	0.21988102676839158
ENSMUSG00000112038	0.00421163043378292	0.05399660050285488	-0.17069320924733675	-0.06971512212715054	-0.042352922347705504	-0.6541277264627542	0.03156686385643772	-0.13750354737779125
ENSMUSG00000075576	-0.0638041277381931	0.08058864820368768	0.11332378588312851	0.27583146984603507	0.0777713557542772	0.7675553591669478	0.05077674087459179	0.13394058398101233
ENSMUSG00000041439	-0.03942001686866075	-0.23676537352987817	-0.15897006501442978	-0.6626725026911544	-0.012914300768167478	0.9561647304677828	0.02210180760316741	0.02218766127214865
ENSMUSG00000103083	-0.04405204568909499	0.07420473530315579	-0.1641954123417524	-0.06608624512316996	0.0678653036726081	-0.4791442474147281	0.04766626084387881	-0.005655402191153125
ENSMUSG00000097919	-0.11915308880807397	-0.0436596602970279	0.011182186875317246	0.19994581963043054	0.1411518665174504	0.9151381513284995	-0.038149101341071	0.15543955975242496
ENSMUSG00000054160	0.6505228889218193	-0.06826990304245534	-0.2743714556710166	-0.5578804948093594	0.2215201638223723	0.7086916166126586	-0.6005198437517878	0.26547366063310696
ENSMUSG00000025821	0.013383927407291045	0.07038333786604017	-0.12072513174324569	-0.13771891151127483	0.13000485152173916	0.5814651429479445	-0.01545588420219457	0.3577668440596381
ENSMUSG00000036368	-0.0325161988155223	0.09081195821906163	-0.1627418758136705	-0.0628665677590784	0.02841000531980198	-0.46418795373865673	0.04232688933334766	-0.051863843285392806
ENSMUSG00000046435	0.0025527790042674248	0.039357758881148834	-0.1054780318864186	-0.02424040396524566	-0.08196518500984999	-0.7331218339980176	0.033476290856549365	-0.22046680820849296
ENSMUSG00000027950	-0.03275708679330261	-0.20590874824846012	-0.033999375439745474	-0.4166555327061588	0.08529965737546369	0.6156994057568113	-0.019272910883058714	0.23635107252978824
ENSMUSG00000085919	-0.09202132435142199	-0.07024504415639166	-0.07379482892878764	-0.1168920194054977	-0.011052044435593225	0.0652119227627571	0.03333337862140865	0.24754212361830014
ENSMUSG00000111821	-0.00958996119309874	0.0758551018695422	-0.1627185401183013	0.05237717693650701	-0.09061576775432541	-0.6740055582895743	0.02730711382935	-0.10521449108793957
ENSMUSG00000111131	-0.039020118785912036	0.09921079093764787	0.07305430721311582	0.43312129174889924	0.05938019327400134	-0.6054234941351859	0.03969422754239581	-0.18631730008500286
ENSMUSG00000100054	-0.232640141649161	-0.21183991045498693	0.3285742484308209	0.2919765149629683	-0.5889901112728884	-1.0734042026040744	-0.09382743916185343	-0.31411981623716284
ENSMUSG00000063087	-0.04577800780900859	-0.13521508743456362	-0.10538175523007133	-0.5924132759611744	-0.05922246615054646	0.9911000462781276	0.08448838606362762	0.13869951776573283
ENSMUSG00000011114	-0.025340867522679167	0.017487777794450175	0.32999460605720493	0.2543798868912175	0.04511730566815262	0.7314338546255073	0.0567175645305277	0.05291635752854644
ENSMUSG00000103302	0.023172576815397028	0.04904895338389683	-0.04145985308150419	0.030267195043147965	-0.022118585722674	-0.7668934811689592	0.026030374190135874	-0.14480020135187513
ENSMUSG00000108627	-0.03131998921979404	0.0631572384009188	-0.12384274786260298	-0.05298520311656837	-0.044634271936122016	-0.755151346949017	0.031805306815629875	-0.013535645338721971
ENSMUSG00000117357	-0.007545336392722425	0.06956239551724402	-0.17688626022597206	-0.16567640917778303	-0.05655037113969072	-0.6747544356259355	0.03697860557574637	-0.0009973283775757125
ENSMUSG00000021738	-0.008280542229782917	0.0345887039663623	-0.07430232194568323	-0.057558201339325044	0.03623187288058616	0.8168958913050736	0.055734677057828676	0.30560350007037307
ENSMUSG00000112930	-0.021764882667547145	0.05996048005530749	-0.06572646109776624	0.014814692448156919	-0.18102359070662918	-0.8190846627205083	0.026069844729662055	-0.09873274683804831
ENSMUSG00000041161	-0.10809856289652478	-0.08428968071762323	0.1489871901550517	-0.08703877121899178	0.1007950812340958	0.7343522103802888	0.013508110218273695	0.2823191750389934
ENSMUSG00000090362	0.01057555161502763	0.019091698248003653	-0.09552006114234741	-0.001249683014123315	-0.01611037343376815	-0.7995192588723563	0.03397503465568165	-0.16342355512784346
ENSMUSG00000100187	-0.1599572772674813	-0.12740652938943883	0.15282864435528398	0.32751808180268516	-0.4748827753689277	-0.8920697910213895	-0.1824474038549903	-0.42011353376643223
ENSMUSG00000018659	-0.05056478412373192	-0.14913714107257914	0.01114693207512929	-0.1456378834058981	0.10186617111936114	1.0607639698785178	-0.025607088046689614	0.14441420864298907
ENSMUSG00000044125	0.02988575734619001	-0.003221281649210317	-0.05193352568367841	0.16078119908645722	0.06646454898574555	1.1098844531664709	0.059955007284027584	0.15705124431902967
ENSMUSG00000040857	-0.0718687080419434	-0.06379352628625123	0.09833858303214697	0.37019737421114474	0.24109053571274336	0.7345967992934168	-0.16529972441278917	0.1160676667891912
ENSMUSG00000103434	-0.013189692719194124	0.07923872995472094	-0.1412525537923393	-0.04986343346002936	0.08274463371580155	-0.6750062442917668	0.03592085181641909	-0.10808819727513504
ENSMUSG00000074508	-0.04676637880269232	0.06772634402298529	0.07625150279245499	0.18241108289438784	-0.008267441662142883	-0.5906101569905245	0.03454218178893594	-0.06817329506929246
ENSMUSG00000051124	-0.07507316999717763	-0.0006061654597184774	0.06281515450770743	0.4857476728895291	0.044829958487086534	0.41484086062598485	0.041594940939939144	0.04118652559083763
ENSMUSG00000024359	0.14247947166533562	0.06528875743038456	0.5013030711438471	0.564585907614314	0.048333601421751006	0.6725429352169249	0.023972301518781682	0.023003263581974576
ENSMUSG00000039168	-0.06089663260033206	-0.050898675596302165	0.023085797251294782	-0.1315081589927177	-0.03265783143359164	0.7968654504113453	0.053312675771084936	0.23872354622128336
ENSMUSG00000016128	-0.012867628523049013	-0.30177944340514334	-0.15078976400720584	-0.7954941655119888	0.020633803505569894	0.8524306598553071	0.024907383350445074	0.12926487870468364
ENSMUSG00000033949	0.055210837164178156	-0.328153838546968	-0.21346772704651262	-0.7586950958160663	0.16682116243011474	0.9311351410277154	-0.21053373787004367	0.18678472597241524
ENSMUSG00000022898	-0.0016869416420670635	0.06099814111327453	0.12043157863392995	0.2853583324015178	0.032266114630310025	0.8701283673605837	0.0517048540718511	0.0988118775884276
ENSMUSG00000112773	-0.06296379955042945	0.029956125010395622	-0.11746465493645274	-0.10378210395981172	0.020629663782564367	-0.4952209756238186	0.028833918436504066	-0.03203932794780968
ENSMUSG00000034923	-0.09784000996149037	0.047107850830221204	0.13094040055017786	0.11930609981093002	0.0018174042566110812	-0.1940282745644686	0.03904556013618675	-0.012161366039258215
ENSMUSG00000028140	0.0188952729717895	0.07715098350241258	0.33821442903937593	0.11142210147399888	0.06411374625867783	0.5460849804452972	0.05379435445606431	0.07827659387337037
ENSMUSG00000024132	-0.05658511454926001	0.02884544191446791	0.17558091914519347	0.4279628221059216	-0.038224361601411516	0.7168642181953041	0.05243628206545	0.0783867317121792
ENSMUSG00000021791	-0.028742865329872268	0.07662274496399665	-0.16341714465016963	-0.06453957424334573	0.047553878614676144	-0.6087176155086734	0.042691564602661214	-0.04590813479239137
ENSMUSG00000039886	-0.04097834528314127	-0.13862343999686225	-0.02813992243123431	-0.16980889574920602	0.09302332352752149	0.9034747679457089	-0.055403471217005146	0.24771094070478902
ENSMUSG00000116604	-0.03801875892772442	0.07497891060969548	-0.19723647566898406	0.07036226018306209	-0.010316956137517597	-0.5801430052632071	0.03396686692222404	-0.13909899166174122
ENSMUSG00000096764	0.04915295592791729	0.008509014415845506	0.0766084419319472	0.17532776175362697	0.0499486801028731	0.8104060350924092	0.059104507728635826	0.16073687243314927
ENSMUSG00000022677	0.029134366273050882	0.10069445508406613	0.3212419721460958	0.3795514475980809	-0.022521323547990413	0.282784945224283	0.027323380321640584	0.06054834415827113
ENSMUSG00000026482	-0.028637795886004624	-0.2203015169721475	-0.07683118241762169	-0.491493456930075	0.04367720966716984	0.8956249856173353	0.005333916957025009	0.22718467782453894
ENSMUSG00000038150	-0.12574143808267163	0.028287671194530205	0.1408682101616337	0.2031360364156847	0.10497430189318016	0.6712613921345808	0.011702357117107098	0.12374097834422927
ENSMUSG00000031604	0.04285492831500647	0.05714035221817654	0.42397487983547333	0.2762306720789509	-0.028906389238811725	0.3496810543174863	0.04537791786898371	0.07307883922063102
ENSMUSG00000016252	-0.057854347358852865	0.1394247296913949	0.3612815887683366	0.466042309991231	0.16978028550965896	0.36124381639646597	0.04778058234385964	0.02393041661602668
ENSMUSG00000117811	-0.009579675761280493	0.07027682393692988	-0.11804107465505077	-0.02259718696143518	-0.08502656710411662	-0.7441257730281495	0.029641067236453985	-0.10460261700491338
ENSMUSG00000050321	-0.07470696308485705	-0.18781773262917736	-0.18526569570524315	-0.6434976241876496	0.009484755472978328	0.9631378510344161	0.0349265956542992	0.06159264229609247
ENSMUSG00000105105	-0.06308126992848748	0.062096809120637475	0.017581295629570306	0.33319001324412584	-0.002019261377577408	-0.142429373297163	0.03250730321689631	-0.08958907149470718
ENSMUSG00000031688	0.5571666768320251	-0.17164220460291205	-0.3035531226613918	-0.6759792038453197	0.21027357491706572	0.8123956116655294	-0.6072259014057674	0.26052488006999774
ENSMUSG00000030208	-0.1091270099354919	-0.035945611601798905	0.04692801634490444	-0.08695937272532982	0.05790371029184882	0.11664498539815174	0.029801576748693784	0.19532361106156262
ENSMUSG00000109981	-0.021403438820124118	0.06650668257539982	-0.07243382032859902	0.02351518232718841	-0.03970942854742627	-0.8319375864253672	0.031106936915885734	-0.09204716726135882
ENSMUSG00000114121	-0.05195214455156127	0.07403869071823313	-0.13059944521728958	-0.01196489093363362	-0.007887070496421011	-0.7071837927449235	0.030331030808423715	-0.0853721123124819
ENSMUSG00000097267	0.005717942628144214	0.07215544106151452	0.36834893657848655	0.18501803333415118	0.0045447344046730676	-0.36573591940288624	0.04610502431263491	-0.1322913635260796
ENSMUSG00000047246	-0.05121857475923465	-0.07268963515991815	0.020182211527821847	0.1776271836942864	0.10035119141233609	0.7691494867441416	0.04032187716574399	0.1396895034468961
ENSMUSG00000062511	0.016560540546941227	0.06534580909481956	-0.1779249034975415	-0.0529621174257734	-0.04162447658713386	-0.6626448153459952	0.025692609012353113	-0.11505042690641332
ENSMUSG00000087083	-0.09368535240386708	0.09331220201487489	-0.17375720561369132	0.2663575229993179	0.01903862106509571	-0.2581069001915712	0.14756529596034323	0.01056480717717707
ENSMUSG00000029381	-0.024786053588821244	-0.225868076823175	-0.04582515029834412	-0.37852734649681313	0.09373099737689675	0.9898900455177572	-0.038990814376937195	0.22473488182858772
ENSMUSG00000106902	-0.005276598574898705	0.07940859439447363	-0.14131059175238347	-0.13665601535059207	-0.02060019050321125	-0.5724827887694697	0.03779038280641523	-0.03991527623230709
ENSMUSG00000026489	-0.064344042804909	0.031247338725415283	0.010986647798128857	-0.14224163431187303	0.09202141221473185	-0.4908068932279782	0.020314797617329048	-0.029615052276448596
ENSMUSG00000091031	0.014036585242295452	0.05280791655792838	-0.020032986560285515	-0.029497718483616098	-0.12029428272259853	-0.8209035619494524	0.03905664490383406	-0.12888603710487515
ENSMUSG00000029761	-0.02835345513856814	0.0844863283595498	-0.09130189894833723	-0.07913285346587566	0.0069363779965298245	-0.2030022426771679	0.038297884872914405	0.05813625124731404
ENSMUSG00000035949	0.07648025861860021	0.05313858276610786	0.27812731345280833	0.41366041953089056	0.06648581224558252	0.7366166007250219	0.051699656377862	0.08710599996762655
ENSMUSG00000033728	-0.0019741684156991957	-0.04088079122933894	-0.07076862505674794	0.029742875003634546	0.11969778241201459	0.8034267845179754	-0.07881712687965708	0.1880615440467351
ENSMUSG00000056332	0.023173489060035073	0.04818606313946253	-0.16048300818023892	0.04319848249530078	-0.05794471433332918	-0.7638566081517735	0.021839698925254725	-0.16539187412311684
ENSMUSG00000024228	0.029080982520649726	0.08679486504003378	0.044550724886058886	-0.252272367502706	-0.04722788983811155	0.5338562182777761	0.049368934154682485	0.2358764735132125
ENSMUSG00000110266	-0.03395189152177882	0.07526702911997765	-0.15879716030942428	-0.04635861835228549	-0.04196126374134344	-0.5756517230199175	0.04200017145037083	-0.11715012713683867
ENSMUSG00000003053	0.04025398852681339	0.07207035571762915	-0.19393064003772473	-0.06840288478079064	-0.05078282536946137	-0.33943759943482704	-0.005742129224513004	-0.15107557926267476
ENSMUSG00000025277	-0.029410044842978215	-0.21701058246363072	0.10166522186403035	-0.3763834745685994	0.003150958828645467	0.9894400996445218	0.08608165079058455	0.22255731656434186
ENSMUSG00000040340	-0.02430911190260667	0.08014006759043328	-0.1410767884944532	0.0969371512012698	0.042440725804168085	-0.7964555580992548	0.04953646069502241	-0.009194929201082336
ENSMUSG00000023795	0.002073211065917402	0.15270136714916172	0.178153533251494	0.8212030345387076	0.03014224295079835	0.11676576777833982	0.03791721067812474	-0.187505217647416
ENSMUSG00000105963	0.02216542506229502	0.07505883626578551	-0.15783731930208258	-0.11564608724870114	-0.04899552897917796	-0.49185310914120484	0.022598646903236094	-0.11941978638871167
ENSMUSG00000068617	0.00961492314153689	0.07466095505180532	-0.15707481769420814	-0.26274471333545274	-0.10427653177819854	-0.5864739207386851	0.010537502706252247	0.06088802689861924
ENSMUSG00000022407	-0.03456079466240025	0.0536868781154855	0.5504913498047856	0.11083149241245906	0.025926972819951773	0.29178816697230064	0.044740968901440935	0.03199217462809409
ENSMUSG00000018765	-0.004225022252940969	0.09945598203454402	0.47234113160914726	0.4138029438920374	0.03739888409967508	0.3644392488131588	0.03252469602101627	0.03196517859200745
ENSMUSG00000099616	-0.03668861456669788	0.07210087533505666	0.04277283177401423	0.05806234395073885	-0.014545190061948432	-0.649979159568056	0.03499593174254877	-0.09614150365574489
ENSMUSG00000086022	-0.02195025037795123	-0.11821884485513592	-0.26068472704500606	-0.725761699597589	0.02461522779993322	0.4521734536334342	0.04483293514619943	0.23844260459508682
ENSMUSG00000025351	0.08603518479593344	0.06490688271917894	-0.19026629115422333	0.5385761261547167	0.15747922389118663	0.06366696221700294	0.011068721245211521	-0.02881968098553238
ENSMUSG00000058017	0.012120575769067438	0.08639882898591929	-0.2667188501005877	-0.06872260140476848	0.01902817328727382	-0.2851014306986348	0.008150518062936762	-0.14105883145861925
ENSMUSG00000086046	0.012780624913598437	0.07469775148121321	-0.026525107387684852	0.06811192525054009	0.055254517185108584	-0.5319350380060812	0.04410085828696395	-0.22325882634787414
ENSMUSG00000106237	-0.1489896430403398	0.08397733161754038	0.10369596432162652	0.4305018598085266	0.07513624973746025	0.5909128852757616	0.031025634488549114	0.151772021425632
ENSMUSG00000038366	-0.11858220474031682	-0.026092323967285447	0.24594570428706736	0.0927480785594554	0.12043149690253047	0.780669156717606	0.036947127599661435	0.11429914679318919
ENSMUSG00000115690	-0.0354280579426218	0.08494985679533634	-0.16867900647435993	-0.024173641726437437	-0.003876968174032158	-0.6396550416731589	0.0439593359709629	-0.06798341695349362
ENSMUSG00000116260	0.0661870177149228	0.042593083343483266	-0.23024281886387504	-0.05781947176287121	0.04480826570754062	-0.3486678675495991	-0.00802986197227551	0.0956916555724232
ENSMUSG00000051951	-0.05797861567124625	-0.10256742748013413	-0.12362619024163692	-0.43846130408670364	-0.10383194032564656	1.0016135566003102	0.08113611717003144	0.13058443903727493
ENSMUSG00000112739	-0.03276807839836789	0.07582347588395441	-0.14177980189305187	-0.025276658452490115	0.0007758869129423918	-0.6821251697324305	0.03480070943866819	-0.08055506116206589
ENSMUSG00000004044	0.2940642422467439	-0.24735273688096734	-0.18657664763184306	-0.5955552972774576	0.2619502504174893	0.9448987069771878	-0.43673313373774	0.25583153662587377
ENSMUSG00000087272	-0.1161538379304364	-0.054042919991614945	0.027765952876894165	0.1306218767123422	0.0692177996601776	0.5858958763894304	0.009752105748561002	0.17645393384631272
ENSMUSG00000030259	-0.025248352749829558	-0.09464755879777124	0.010937987183660458	-0.2591750665497287	-0.02210669258765267	0.9663114722537717	0.052612674382966566	0.2183865677828175
ENSMUSG00000099793	-0.2529617542392279	-0.20844107815951854	0.2848619926486086	0.26592939907426455	-0.4835101312204976	-0.9909897381296795	-0.09729265821070388	-0.4289760454044905
ENSMUSG00000102054	-0.29428516884606926	-0.21057642923981387	0.357075607281974	0.20538508569855712	-0.31930495304994577	-0.9478894388647774	-0.03359456266353167	-0.3602602804911464
ENSMUSG00000079559	0.03320630738749103	-0.21134811916999793	-0.21542052002221093	-0.857355998237343	0.0823598169301163	0.7117003736914586	-0.11623486389412499	0.18562780366872766
ENSMUSG00000096293	-0.04753092645936939	-0.03533663191745063	-0.131823379567927	0.03542757814918199	-0.08640777625920047	-0.7344468995481042	0.007888929377233067	-0.26998384656355756
ENSMUSG00000099681	-0.12967929027564806	0.037364067214013814	0.11670558890403783	0.0956968990431635	0.04260649386991252	0.6889991506988635	0.029887250166417183	0.20088373981630317
ENSMUSG00000036208	0.09378926965133406	0.021854327270302676	0.3530489252075017	0.2911467305199993	0.04931080728629003	0.8836602230059482	0.051344909332041576	0.02613152591974957
ENSMUSG00000113134	0.01628061917801593	0.0650390330537586	-0.20061179270989765	-0.1357950465880466	-0.03401446580502541	-0.4885608684119632	0.022102557838975977	-0.13003800149482217
ENSMUSG00000034614	0.08945917938032813	-0.04942857051311154	-0.17724311719177807	-0.21598221208398694	0.09983642820877496	0.17237824134197285	-0.04296225841217931	0.06621353609676052
ENSMUSG00000060556	-0.011696535961704835	0.07973497872012414	-0.15580143841978017	-0.08582594358408015	-0.0861786548112091	-0.549207289615121	0.030235188048574013	-0.11180289183243972
ENSMUSG00000045421	0.0087322185386971	0.07362400609476918	-0.18803466055551446	-0.05666943927849876	-0.0476149864943849	-0.49303370775577876	0.027296190702393298	-0.24772901185749646
ENSMUSG00000069248	0.007083471606076253	0.06944903890602588	-0.16246729733579984	0.007537669025293392	-0.07821227133313728	-0.6528217117343491	0.020805327562005028	-0.19580402404402392
ENSMUSG00000105041	0.00924489895838776	0.06738236746749243	-0.1520230480777249	0.03541205420863129	-0.028643594194058753	-0.7676552105295504	0.031041682082980655	-0.13775555330883696
ENSMUSG00000029384	-0.021373915030880104	0.08818949128034202	-0.04047805496503304	0.3555440544498525	-0.010889688349333237	0.708133249796567	0.047251296599073817	0.20896017111606907
ENSMUSG00000018509	-0.0758583985913198	-0.10186212230863466	0.16206646990459717	-0.13061267746849342	0.04774784105501528	0.7694210104371894	0.06002408413912715	0.27311305972029654
ENSMUSG00000010376	-0.0029691555279935944	0.05861831842796523	0.28083783624163305	0.3427863431526536	-0.029773377894104443	0.5351803908019764	0.04512615051001011	0.08490593841791656
ENSMUSG00000002771	0.11399924186459484	0.06952594035403173	-0.19697771816484844	0.858585572208914	0.28930977251032886	-0.5664211841927113	-0.14294829825654634	-0.10746350041117493
ENSMUSG00000118518	-0.003480463273643798	0.0993708412290753	0.12568632033886207	0.27508037288626247	0.056102962287580965	-0.3546373331960276	0.04221095108890309	-0.21393535973992994
ENSMUSG00000019971	0.0909267336144141	0.01092597891272801	0.19225835003883068	-0.024348874556021718	-0.011117385158114557	0.897523293294598	0.08803746318473564	0.21649344180572228
ENSMUSG00000053536	0.018813668985424536	0.07880795657125306	0.3721898952801678	0.31487045420839466	0.014104545283239593	0.5120448515095961	0.0314729149650389	0.008371931054359072
ENSMUSG00000109147	0.08968155828805058	-0.07336522301674187	-0.19962388073564083	-0.7403143614102656	-0.01331028058682792	0.7321970166850446	-0.012929397933493875	0.21713047178687492
ENSMUSG00000054428	-0.06103615932755213	0.06176514884362634	0.3682100933703656	0.21053303029806156	0.16797072001176894	0.631766921978515	0.054201947376927004	0.030482107545140812
ENSMUSG00000113331	-0.06004378205364596	0.048648835291994035	0.021662962480594686	0.01776422860483105	-0.012384928482413904	-0.5120573641234815	0.0299424573938278	-0.09898083314952695
ENSMUSG00000038527	-0.051212993622216325	0.07767992926249702	-0.13617103970361888	0.33709258456110713	0.021359410573604132	-0.6640968224264278	0.04418856940270661	-0.16571454905446675
ENSMUSG00000025153	-0.10860887452490257	-0.030101182123097203	0.2371052088388926	0.219640377617509	0.13032449889443595	0.8165311601179759	0.029541625313553473	0.10171435671077737
ENSMUSG00000100400	-0.07777676627069433	0.04944890754128315	-0.06513976367483669	-0.10488520836447053	0.006116389165590165	-0.5439346865789184	0.0269359836101773	-0.0028340894978422515
ENSMUSG00000050912	-0.001919773958765969	-0.051053591972869274	0.2716103164361264	-0.1766732857490826	0.03907029055436704	0.6687574927780415	0.07814119446227318	0.25946568700934886
ENSMUSG00000021123	-0.025119736612389764	0.08005159550106747	-0.15940492082913849	-0.0415933198043114	0.02061164841203611	-0.6210084896998583	0.03744835143847676	-0.05873034590454898
ENSMUSG00000078302	0.6044774819499453	-0.21014970588973156	-0.3003721358603988	-0.7593834936049345	0.26106471617887955	0.7084633660787403	-0.671383075430086	0.26126060206800156
ENSMUSG00000084821	-0.07060227268278475	0.06361908224099591	-0.08153388278471081	0.07995841563324603	0.009669887730588966	-0.5349132619503781	0.03150124215550099	-0.06917080294412152
ENSMUSG00000063615	0.0059462832613460526	0.031045216896698893	-0.1696367926403536	-0.030548776962034004	-0.05773074327407516	-0.48042410225536636	-0.012834884042321748	-0.240246921011705
ENSMUSG00000085486	-0.058334763430045636	0.0645164771661508	-0.11109724447026074	-0.058244049137497346	0.04595036453955217	-0.3385835611990417	0.028316410569010853	-0.06023079277875293
ENSMUSG00000063895	0.10375708140243732	0.033382826889716534	0.2802361013418085	0.2815497384790345	-0.24781378111005326	0.5557704135559731	0.010472015827836856	0.12218881823585706
ENSMUSG00000070459	0.0313215647036364	0.056308897793250545	-0.17644991516093186	0.01778954001395039	-0.029011602780772174	-0.49470738479902593	0.02300773008528904	-0.22906579013665568
ENSMUSG00000075078	0.024857518926919384	0.06874692629265379	-0.18571482454976654	-0.017381799407894725	0.013546512516171672	-0.4948660543171463	0.018165341715121568	-0.17242099987238757
ENSMUSG00000116812	-0.040422043494197445	0.08679298983661465	-0.1276118442872721	-0.05937072871654203	0.09281647592440187	-0.5167212638469847	0.029079691443179567	-0.11916856697062886
ENSMUSG00000118028	0.0014211025077746076	0.05582715022400746	-0.05837909145063598	-0.11551108923090257	-0.02791246382505054	-0.5494394270193298	0.03861776546916396	-0.23432789677867402
ENSMUSG00000000693	0.05124576674768222	-0.20089266535497247	-0.0866660918826692	-0.3571273130306798	0.12275152127518797	1.0117937734097493	-0.07144646650352725	0.22699195972578598
ENSMUSG00000109868	-0.004722574616975617	-0.10830321451620392	-0.19391326883097257	-0.48031306857804945	0.06947898562809501	0.5481796902709368	0.03437874323669845	0.25846973094898823
ENSMUSG00000079577	0.03200880180179588	0.06011316199314192	0.08389467534422389	-0.09245378508924504	-0.1969473335519178	-0.25076103635876634	-0.08582726766277202	-0.1119631387976672
ENSMUSG00000002948	-0.11041805042751045	-0.010701802760449075	0.14343860591226767	0.21153086456633172	0.01762787489722169	0.8324866959180374	0.02799675367520147	0.11805878575044557
ENSMUSG00000045435	-0.06496228859137831	0.02513906475880962	0.17781968275215587	0.2572631294364229	0.25779395339093925	0.8767135384886208	0.039185931734387815	0.11329097016974217
ENSMUSG00000052426	-0.07974875604589388	0.029361039124864367	0.0029710402094121346	0.25697724006353706	-0.004906906018564172	0.19395987066222253	0.058239591350782854	-0.024664897351847997
ENSMUSG00000041658	0.15083217280938485	0.050230781640424826	0.49308747464229175	0.21984738810312104	-0.12499121300503797	0.3766275885061484	-0.003459772077415657	0.09692855886575348
ENSMUSG00000033029	-0.06162743167413013	-0.13668564589985724	-0.03782545874792122	-0.1499667980490394	0.0670035133742661	0.8744808920665663	-0.016022693787052567	0.20169062676467456
ENSMUSG00000051669	-0.053065894811187515	0.06832215592293961	-0.18098941259403123	-0.0023737036024907843	-0.08544991647749102	-0.57738721235368	0.01703380499836725	-0.114779440798958
ENSMUSG00000044748	0.007060270782950018	0.064313581057243	-0.13736008775671488	0.19723764439556024	-0.08261111021529688	-0.6575323223012951	0.012556700478310593	-0.2152496466135263
ENSMUSG00000111002	-0.015790399721184113	0.06815057419730713	-0.10497291245610875	-0.01706079153863863	0.023845110953147786	-0.7551684682423612	0.03846732928129429	-0.131418898936204
ENSMUSG00000100274	0.017356875600187564	0.07791453595236567	-0.16642424780754503	-0.006830300638660348	-0.07843156263836215	-0.549762534962079	0.0025508423946734027	-0.16600545545753517
ENSMUSG00000004371	0.1290739833530054	0.06150736156454125	-0.21145843399189015	-0.054059025009498426	0.07802119617680685	-0.5283341458464251	-0.086402093931078	-0.015380427707347377
ENSMUSG00000086381	0.00967311119071907	0.0743842935254217	-0.18753980926490973	-0.0031072161036046486	0.006088558216192218	-0.6488833840554928	0.02831784768558883	-0.09289743115824897
ENSMUSG00000107198	0.020671717018263636	0.0658237973389635	-0.11428345957439703	-0.03947663975252035	-0.06728934735545122	-0.5608355304271554	0.019733955459015573	-0.24011617657501425
ENSMUSG00000024030	-0.07175960196221587	-0.15891122709037447	0.016280246330390824	-0.22670740019432656	0.06536562446551347	0.7908916101056307	0.02088296649860734	0.2668876155604189
ENSMUSG00000100157	-0.021722045999072404	0.07714336447792068	-0.19102308398492157	0.028224336100467522	0.08037173477263924	-0.42364306767069304	0.047094316521511255	-0.10298259510366423
ENSMUSG00000102368	0.022131330164316086	0.08672749028978881	-0.17338886247584726	-0.20614558288003748	-0.006587814260207936	-0.18374434462018308	0.020218562209991072	-0.06687899626218002
ENSMUSG00000031148	0.0578746649448431	0.086345166050499	0.8285161420260335	0.3243052551445532	-0.20177779094480489	-0.02057757172589869	-0.11415578664497489	-0.06935494865833461
ENSMUSG00000038357	-0.05277143597051469	0.05687919519789484	-0.06694990995530642	0.06761322223642395	-0.06647954180667114	-0.3462138151494637	0.03974721922163399	-0.054876103106388255
ENSMUSG00000027293	-0.000657927946320136	-0.07302165596686758	0.18680680738740527	-0.11244971830913354	0.008707622606498135	0.7587064607748016	0.08488259668247619	0.2758121791511355
ENSMUSG00000020868	-0.10869094359335016	0.005382395087458858	0.21538822527979626	0.02052813766390108	0.02428782288039731	0.6531220429450562	0.045284947502317145	0.14016155729694457
ENSMUSG00000095005	-0.11637561689095313	-0.1297976573216604	0.5289805073655536	0.21583999017923672	-0.2836502188449664	-0.914996940364959	-0.11910194205122902	-0.32338835089934004
ENSMUSG00000056917	0.17413043017830956	-0.07987893990270407	-0.1692842580830408	0.007081025885818382	0.05741737181599529	0.4384450870713479	-0.10448804255057245	0.2165338149724711
ENSMUSG00000032174	0.46906220281277006	-0.16322116633389275	-0.30939984393788833	-0.6889173936613773	0.17923021819893942	0.9179144281616635	-0.5166392673681182	0.27875310609312715
ENSMUSG00000096278	0.00015116475892207326	0.039975270770657656	-0.08315980559692579	0.10292922984027617	-0.1156589398245759	-0.8862877023450005	0.03031050051557523	-0.20007405888572297
ENSMUSG00000096003	-0.02463435357393684	-0.21577070101205137	-0.10340388410222794	-0.4538966724260092	0.08239395189256657	1.032614851669014	0.028260450039633622	0.20104508288543851
ENSMUSG00000009115	-0.02728461640984607	0.08122216972398792	-0.15426030967840496	-0.018100729270854155	0.03334524975223833	-0.6168583330424894	0.04160475927083469	-0.08512025741917559
ENSMUSG00000042502	-0.06898435792758695	0.022164669377943525	0.25257038681302124	0.2877061529859894	0.1882478205896033	0.8818364572168991	0.04310471803071627	0.009902849255995383
ENSMUSG00000034219	-0.00035293305315409196	0.07435407504843693	-0.20637723968829189	-0.025422907921423283	0.011216848591262166	-0.3079603053925209	0.049626885184358434	-0.050539269803008886
ENSMUSG00000024436	-0.02466395481869199	0.1332109788957666	0.49275343597496857	0.36745567278402474	0.14144499379258296	0.36619240203927944	0.04550674372352339	-0.03352802677824309
ENSMUSG00000040498	-0.09893476064838243	-0.018101645634557156	-0.00950473757541903	-0.04680926239093851	0.024336830034149413	-0.005922798896424573	0.03296348243810863	0.07822252628716288
ENSMUSG00000111463	-0.0121194107932725	0.037762527147297414	-0.10731406035616178	0.20091216741876794	-0.07889488198552683	-0.9995085808910089	0.02924589431248429	-0.14520120397050873
ENSMUSG00000014686	-0.00868092332309467	0.07966985771010929	-0.18886210310494947	0.1007894271297495	0.08572340405120506	-0.5590052079575154	0.036004846531960205	-0.1048216675839826
ENSMUSG00000034501	0.037725520920232486	0.06268224372812532	0.06750484979023638	0.31651686150455105	0.004450781310160856	0.5242089317439345	0.04155641914149788	0.0208238054432223
ENSMUSG00000085923	0.21858966315534265	-0.29192778176390954	-0.2190796811055099	-0.7100370833181308	0.36465066858779827	0.7949940778370066	-0.6053584954862734	0.3307441084455269
ENSMUSG00000116670	0.010863920506200886	-0.009958992385309033	-0.13270887776705068	0.1106664030322435	-0.06911051621606461	-0.704232484535449	-0.006546676307856968	-0.2544483300146507
ENSMUSG00000112102	-0.00425104688710054	0.07667104885225663	-0.17976682204425137	-0.0972296765633395	-0.019146457980029296	-0.6417171189601054	0.03794355658443872	-0.0551882709274766
ENSMUSG00000020705	0.09978584852424416	0.0652850193444149	0.36736420181892937	0.45900483647747786	0.024517709632163598	0.5447938541011167	0.03739563626480349	0.05312439520262415
ENSMUSG00000055994	-0.06792859465078527	-0.07629002873810496	0.09346382061756138	-0.19716156704646032	-0.0296306802674291	0.31853059319531657	0.04344842210640814	0.1676942756960438
ENSMUSG00000036545	0.019116391835534	-0.32355606919895846	-0.11854519330480365	-0.5907976466687805	0.08609570383104981	0.862006604033486	-0.07321037100082109	0.06159479451320933
ENSMUSG00000113123	0.04202273899116857	-0.019427260829926296	0.1512415863930891	-0.022620765993281704	-0.22504566003602633	0.6449644737052549	0.06553073325395278	0.2771864082542851
ENSMUSG00000113744	-0.00937770359200718	0.08386881114982593	0.06385120602755005	0.20427511763975925	0.009549117736361414	-0.5819883803573324	0.021460896848071433	-0.24400448453857204
ENSMUSG00000042501	0.026989988326436263	0.06709533580251936	-0.17910165740466769	0.014328154150001327	-0.03296886047694431	-0.6556828698369811	0.026375134070239212	-0.08206713141073317
ENSMUSG00000037235	-0.019686217903007286	-0.07661489315151836	-0.03943625750302717	-0.1428029268319423	0.06897767882666991	1.0474076026435772	-0.035418605072054056	0.2062005361781515
ENSMUSG00000100423	-0.2668778627275843	-0.24653411080193208	0.27713521397089536	0.44572680266753417	-0.37007895642307526	-1.0885348327190771	-0.14123874430753205	-0.34395804640990946
ENSMUSG00000117461	0.041400944238317215	0.05615394757060675	0.44724299703195947	0.5616879669282078	-0.017527620742564642	-0.515808071428153	0.03609039605073604	-0.262178648241526
ENSMUSG00000022401	0.05723621253292984	0.10535612080797382	0.20071873806264365	0.4211649389892335	0.02279788433810852	0.5583952404927968	0.04183909847071619	0.017922937547470763
ENSMUSG00000112766	0.015265295144633817	0.06816779638618663	-0.17532338442271247	0.0284850958833956	-0.041808496362893105	-0.7337597192782269	0.025735669537520114	-0.10997659393536807
ENSMUSG00000107538	-0.046356043617395384	0.06769104451499937	-0.1044070827648846	0.07484328621304898	-0.014436656654788438	-0.6776368869068315	0.03040087127792509	-0.13986514333667985
ENSMUSG00000117511	0.021761709906362614	0.05772103978415679	-0.11068108109507611	-0.09488932731569535	-0.016026094682742013	-0.4504248548331098	0.022364436181438345	-0.18494851021527178
ENSMUSG00000044149	0.11044216239879388	0.09754225723649804	0.4773364488831359	0.32448742221105203	-0.08192421976432843	0.2305980415816715	0.013002985764273427	0.01032829987474626
ENSMUSG00000097231	-0.05580588735925971	-0.02051132504911679	0.22328597696606306	0.4872081078537939	0.04517646956524866	-0.0901728230902535	-0.023268764090677848	0.032442087287292205
ENSMUSG00000116166	-0.04453457879365905	0.09063317812732775	0.27367971808004554	0.21608453452106072	0.006704647181864615	-0.4020674388637227	0.04189825086368083	-0.09660625595333985
ENSMUSG00000115182	0.024437760241645064	0.05679905024561123	-0.06307456008950421	0.16568383941736156	-0.023873438798905182	-0.4801337653821396	0.008760967863038482	-0.3354431287426612
ENSMUSG00000026276	0.04188127238977624	0.03385154058562456	0.2064591855678149	0.24556105951920898	0.06629889902090295	0.9167391572723723	0.05980671098686181	0.03752778101894016
ENSMUSG00000032198	-0.10350679222768933	0.041438076467309105	0.358971102156682	0.4057088806109881	0.03929684374063312	0.24208609096226597	0.04050018789451165	0.07071942018697729
ENSMUSG00000110834	0.09163624626969807	0.05586427408266266	0.11931288149749167	-0.023497730113980535	0.009509298327247019	-0.028225967450997324	0.02308183963608819	-0.013261055135860927
ENSMUSG00000020864	-0.02138892957097238	0.10713079085004322	0.11715381000380345	0.31305263918582527	0.008283198522518055	0.5537341111762369	0.05145978962756496	0.17069045287599163
ENSMUSG00000034471	-0.07175725605817028	-0.08247265138920938	0.013045514005614378	-0.10242744879648166	0.051573626808141516	0.9206746979994544	-0.03957119237116384	0.1859416032612475
ENSMUSG00000030166	0.05622075984496677	0.0157710959675936	0.41917466503492845	-0.12155266807081973	-0.026069054451948626	0.638290766046966	0.06624448895480137	0.18645317632602953
ENSMUSG00000030120	-0.12757101798819373	0.02964059336647256	0.17546701520240443	0.21493395276771984	0.05320539175560307	0.6814206077110723	0.02433376715175739	0.12368114196046197
ENSMUSG00000026241	0.4055349630639311	-0.20674324421455764	-0.1586763372865656	-0.7095962205303963	0.19477254248655188	1.032353622208781	-0.29162211482782646	0.15327201979019728
ENSMUSG00000020032	-0.01559072355705915	-0.2486517272952452	0.049633009845080664	-0.45596954027040915	0.060287822568043936	0.9705991509095678	0.012977872423128884	0.1774209781008514
ENSMUSG00000059895	-0.06768297763645713	-0.06494656311520453	-0.004832924484298673	0.005544215065559821	0.04754231291617619	0.2943646604913754	0.013636910763384538	0.08172652651631619
ENSMUSG00000030595	-0.1049052429251475	0.0009287561825046531	0.06279360009687031	-0.13363151218898586	0.056002482050366016	0.35965439362066076	0.031061031369085834	0.20637302188509057
ENSMUSG00000110946	-0.2976144280346674	0.037284905343223235	1.309759435540517	0.4383007918018112	-0.5442212115330136	-0.6598373431719644	-0.22266598606278773	-0.25178955112341544
ENSMUSG00000039976	0.04355337767986802	-0.15982607207640465	-0.07952070282825727	-0.28333159311056305	0.0965588328780076	1.0111847783826635	-0.04009702521186809	0.2190093231862029
ENSMUSG00000106583	0.004345904214740015	0.08164720216263867	-0.13833531610858177	-0.040745122153083756	-0.015976619796551923	-0.5540258425029174	0.034673136835360024	-0.13629289559185967
ENSMUSG00000107440	-0.035749602065659136	0.05860042215330569	0.230959570386791	0.0419956677383744	0.07533535728083636	0.20629998093458576	0.043229105476829933	0.18596068488170034
ENSMUSG00000110326	-0.0021343192265459443	0.07679216681725455	-0.13924622513995735	0.004793239982902583	0.07036502707415877	-0.7206910378700777	0.03561303481927617	-0.15631652070753918
ENSMUSG00000032571	0.021234096213142616	0.08599383779021025	0.31202167146689364	0.36699445304410006	-0.0629828242513244	0.31513969761840627	0.03123228730337438	0.13504535520190677
ENSMUSG00000027366	0.03277839531498518	0.07466666157688373	0.057887277545718	-0.006436392216852216	0.05396805817543378	0.8324151727363636	0.0619467287941004	0.17901209209203475
ENSMUSG00000113302	-0.028039957472384514	0.07701870991813742	-0.1609359997481257	-0.06322110312785649	0.006234223118462778	-0.6798921853230468	0.039941647403312394	-0.06162552995118668
ENSMUSG00000073896	0.015492619045489264	0.07433878298676458	-0.17337317626465648	-0.0835381571784919	-0.028699573588931153	-0.5532872838704342	0.024755291349282463	-0.13642197261745945
ENSMUSG00000036815	0.036796951447137745	0.07413788256475032	-0.17093782987769857	-0.06692645715651081	-0.040738606989242365	-0.4144368188916433	0.015868601682873296	-0.15536987882737466
ENSMUSG00000090476	-0.027563499837271514	0.06046259982142875	-0.16563897481156784	-0.09606687380172345	0.04131446399253902	-0.513897210049902	0.04738051503541253	-0.21248456414915687
ENSMUSG00000046982	0.003151402977685347	-0.28877429185675035	-0.0968898778095761	-0.4161481975100624	0.2505777326007246	0.8074925178222939	-0.19479187538390882	0.188520976545075
ENSMUSG00000079528	-0.024270808937974384	0.08126070842041429	-0.041321135116987255	0.08469704258110483	-0.027478182307291373	-0.3829160438691342	0.034328166070988875	-0.18085564067607562
ENSMUSG00000103188	-0.0012261561378227315	0.11168521379392728	-0.17960728213857644	-0.059436897439453844	-0.005170110713509657	-0.3327543004524916	0.03800664491968061	-0.13157915088651148
ENSMUSG00000024587	0.009797454070669787	-0.041144826595261794	0.4283559719571661	-0.08729564809046302	0.012774762199832467	0.5923004170455602	0.05933973343932552	0.22400302092201402
ENSMUSG00000009596	-0.025146988995721875	-0.07822934532769947	-0.08276265130435993	-0.3262424259585027	0.20832220409868568	1.0677173054578546	-0.04045005746341701	0.26148123410570034
ENSMUSG00000022272	-0.06212719388175879	-0.12606652907191693	0.08924308987092255	-0.20591437640852922	0.09826918157000468	0.9438527943588089	0.03799732458579752	0.2583528135795977
ENSMUSG00000004105	-0.08159804586272908	0.011162901790694431	0.2326462729338333	0.03242370982583255	0.010213278198926756	-0.03836667395950406	0.039478381624494706	0.060728605940011636
ENSMUSG00000100014	-0.005970066532790155	0.07789525712640707	0.2888085510284913	0.1244714000244744	0.05327768706010006	-0.45709504992614747	0.041106416209914114	-0.1591329970981475
ENSMUSG00000018412	0.12162792679663141	0.06869757736010672	0.3223453430510509	0.22604023744116256	0.05792779599533005	0.48683093212849304	0.05373766604538521	0.2137908902233957
ENSMUSG00000037143	-0.023407189554629455	0.13948214598218567	-0.08982215098992499	0.27055484005974845	0.008071542243079266	0.5457146010068501	0.05529554827149014	0.12499896131734282
ENSMUSG00000031809	-0.019948450126223077	0.010001096665505232	-0.1375628997566072	0.04509964780511821	0.13273664734118681	-0.3184908094641896	0.001463283213665456	-0.05828354459756302
ENSMUSG00000019997	0.07979236409583106	-0.06250972044698744	-0.11161780649494112	-0.1183642754865443	0.11506119980278053	0.7130620467499487	-0.08070480460721312	0.29010697782873623
ENSMUSG00000035725	0.12083178058561451	0.04399818368936158	0.3412878751951671	0.22332502200918075	-0.2504250137181712	0.37536213265533735	0.0032148600560917284	0.18476323926233335
ENSMUSG00000031652	-0.046323638310325155	0.03672744949429204	0.13597716190501657	0.5572793708544241	0.01862855139488397	0.5646619801728199	0.04819704298099079	0.1102355690339504
ENSMUSG00000025142	-0.1076387620178989	0.038630926713964474	0.21595734628109597	0.24854815528401686	0.06149891277723119	0.6896622427211132	0.046337744605785505	0.07676658462815149
ENSMUSG00000101984	-0.18563386488415556	-0.20417662718625326	0.27418332437915294	0.18604222847597685	-0.40973694939282046	-0.9729622147768189	-0.11801806733150531	-0.31805544397615104
ENSMUSG00000048814	0.03848401408237845	-0.27415146944466046	-0.09716798937449864	-0.5545066755193099	0.13223533716509656	1.0004310234479368	-0.05151861000479357	0.1205411988868552
ENSMUSG00000026018	-0.0302987681500671	-0.14041657235826738	-0.07097237287652867	-0.6209105696319529	0.048421194371925984	0.9203896306358831	0.0437722069196965	0.18186310672029796
ENSMUSG00000050742	-0.0062948373290971915	0.023719581119111825	-0.16652015644911886	-0.0820227733629748	-0.054836765609979084	-0.6351797355430551	0.026421000642203117	-0.19932642995257288
ENSMUSG00000020704	-0.04680581585628181	-0.14119032053621217	-0.14919819250712435	-0.5316875597447878	-0.0035126127903071236	0.09166337269148465	0.03820606144458032	0.32368073418985904
ENSMUSG00000100972	-0.2026831617558079	-0.17001042749554596	0.2606681734508507	0.39396153614111473	-0.3511378997024058	-0.8828014282591606	-0.17479935640687844	-0.45076747780402393
ENSMUSG00000056071	-0.010774149497417335	0.07248323712535083	-0.1841380803821869	-0.08832965851849574	-0.07406958764291724	-0.5627343198547143	0.00868664136980235	-0.10216575166669184
ENSMUSG00000072941	0.18080018328714995	0.0017681348908054062	-0.30132828284494734	-0.26418099661724126	0.039447398405839676	-0.32060898361198986	-0.16740600622620505	0.06901074933001297
ENSMUSG00000104004	-0.0479206390384474	0.06672018865232854	-0.07863576040516555	-0.008131702210676621	-0.003564575225272981	-0.5733037473382188	0.03139656195559058	-0.10071977614283278
ENSMUSG00000073682	0.019147044269620106	0.08721995132506645	0.46831585383412777	0.5274587447763596	0.06383171999322947	-0.2509002443726199	0.041016184198589226	-0.07059939366506802
ENSMUSG00000004098	-0.090618623401576	-0.10599952248140827	0.003996230785192775	-0.21773917228504372	0.030017330697195737	0.10445674385469325	0.030442342137044845	0.15313381906380327
ENSMUSG00000116298	-0.016447239452618112	0.07348388618158581	0.3384829086487919	0.4196226456177538	0.06630939431077243	-0.5045012565517575	0.04970153394488665	-0.10969555211214395
ENSMUSG00000062629	0.013262896328902395	0.06414114257387551	-0.1550673952575398	-0.007981550484469913	0.03397039933216981	-0.4860197249614542	0.015850535607734938	-0.2450580553096689
ENSMUSG00000101981	-0.3030502199029662	-0.20221860298505753	0.260199395251157	0.33415465450502113	-0.4201264798743638	-1.014875930491351	-0.11782149383887483	-0.3564689987727656
ENSMUSG00000000247	0.5597775780086557	-0.2555457740590628	-0.3255739433048732	-0.778866031780119	0.2374773258037797	0.7900179232023533	-0.6561496848525469	0.2592450079151918
ENSMUSG00000040429	0.07003943499868269	0.11347705752944139	0.1017975535881678	0.06143815997157866	0.011056609675609952	0.23948647192443612	0.05286451882112298	0.09470952419862318
ENSMUSG00000109578	-0.014239751779885153	0.08547849353350248	-0.22133002184112083	-0.147971046252252	0.0015433799245614388	-0.35936354756014127	0.054166316586119104	-0.026389960538680184
ENSMUSG00000017418	0.02087670365619637	0.11916088936655754	0.11085084751990917	0.03885408149381989	0.04298791356077805	-0.12602231428725522	0.046153310058165864	-0.11761429602355356
ENSMUSG00000078680	-0.016302352952577696	0.040079872163299064	-0.1775464148668669	-0.019749983151934086	0.007880283130218935	-0.509194195504253	0.02094062195079798	-0.30216897624968114
ENSMUSG00000028020	-0.05615387427186128	-0.21210724136318557	-0.17085240632353038	-0.8466229758663439	-0.037426963052089056	0.811947212524895	0.05646855701885728	0.12427269792898238
ENSMUSG00000021768	-0.045651721158155134	-0.02251881606710831	-0.03535900612573388	-0.24935362098962585	0.01049741117659686	0.685113599063302	0.0530590782912113	0.2752141914330997
ENSMUSG00000103818	-0.03599591548056014	0.05166873963961704	0.23716508123419427	0.2920098669201687	0.08558887425284048	-0.3541308049774767	0.038906766992264606	-0.12990323406635584
ENSMUSG00000100552	0.17569754521973677	-0.1800107163740005	-0.13401432063727758	-0.44352453094134797	0.13930451185755802	0.9580738323972802	-0.1625239989739008	0.2614183687667619
ENSMUSG00000070856	0.007149463267031253	0.019299157571449035	-0.2176515683230684	-0.03709943334091161	-0.04347917236276334	-0.5931650760800519	0.017406835683449525	-0.19339616068443088
ENSMUSG00000110223	0.020588966006553074	0.06488419512408565	-0.17683387634758682	-0.06190227426000302	-0.07889012315223073	-0.5909536034077855	0.012025780426584753	-0.14585604052094367
ENSMUSG00000025644	0.17732916379223493	0.04017926190570742	-0.17862620941698085	0.060132591655313004	0.17743441399759693	-0.3584118588878359	-0.1599256750804764	-0.06800045895963282
ENSMUSG00000022759	-0.05801185400360827	-0.04283931881309894	-0.12152326560054086	-0.29998100545589873	0.07359031701488693	0.11499090920362949	0.04330850666677572	0.15766613941757104
ENSMUSG00000033735	-0.039495758815815574	0.048790955280448293	0.14284315574768033	0.1329036436197302	0.01578026483062451	0.6075880184512537	0.050375530588592905	0.1059474960532138
ENSMUSG00000106579	0.02137460933034831	0.04931571087806399	-0.16070828645265628	0.027644235242328678	-0.11266438151029838	-0.7055742046784228	0.012884398096776994	-0.17594019288265136
ENSMUSG00000057069	-0.011124646013169703	-0.12329655298241127	0.09002994711380342	-0.39995869392989714	-0.19882941685007438	0.7984968425869104	0.08948083851173486	0.2355840437534632
ENSMUSG00000101717	0.10628426455643	-0.2969654382870057	-0.16206044204155878	-0.7058229725139321	0.14708378701849614	0.9772648409292038	-0.1808624184542234	0.005425794183671145
ENSMUSG00000101480	0.02522432251926816	0.06586650698178842	-0.13293790694947483	-0.11602009336224556	-0.053013464914336554	-0.5279823016239648	0.0189835842903312	-0.1430525151930539
ENSMUSG00000086541	-0.019413709234405982	0.016564702844305557	-0.17949299963983165	-0.29076645758892294	0.09413991014632411	-0.3452117592637728	0.029722385711435113	0.059648769954821414
ENSMUSG00000027843	0.015493657983356269	0.08688040251333846	-0.1586668212471215	0.047128692538195426	0.002529441632448781	-0.3278150300548606	0.03775165385129436	-0.1154752294705667
ENSMUSG00000007721	0.013781589282619834	0.08963253222909845	0.1185765444689303	0.21408128779159227	0.2812051196071306	0.3619341220338354	-0.004327038296697117	0.08073514545776074
ENSMUSG00000022525	-0.028375086739872935	-0.12405475422902987	-0.20362218431528092	-0.7183887131763073	-0.08994572342349344	0.6344417268154066	0.04884794296394146	0.20214706367876958
ENSMUSG00000046748	0.01685651480948569	0.07396146643199879	-0.2086983771767746	-0.03348923060017274	-0.017044029032739286	-0.5817985697431429	0.02904815768012672	-0.10224622564640924
ENSMUSG00000040287	0.012378702076731094	0.07667404231519248	-0.22613381109093933	0.08751208656735428	0.0936654274940876	-0.5135431304800869	0.04060315877137683	-0.013144547270729667
ENSMUSG00000051156	-0.0235892486374339	0.04829220047951515	-0.1376374509317198	-0.09986631560992253	-0.13914941924482832	-0.658002655042554	0.00744422184656246	-0.13401012995575898
ENSMUSG00000033227	0.479315092986856	-0.3277385364171513	-0.2682104068828074	-0.7498783101681566	0.3183099924422992	0.7782193915215421	-0.6097412959963942	0.21953005719314714
ENSMUSG00000085055	0.07892791825091326	-0.277673670229434	-0.15186699056823771	-0.6103374347744295	0.06656702545884981	1.020730245858302	-0.07141677137615968	0.054881335229620354
ENSMUSG00000039634	-0.023956688486902133	0.03638140606734805	0.04420239670335711	0.019978394509725446	-0.03310783480988437	0.5141390215464122	0.04829657458652569	0.09303410641703885
ENSMUSG00000113104	-0.009047819992907824	0.08748077860262654	0.009880069591504292	1.0204479479663962	0.2906860257174076	-0.5518758307174272	-0.017275766453244894	-0.06556658122791385
ENSMUSG00000029322	-0.07117739230318525	0.037743922674118746	-0.06698569818461254	-0.06670246721898174	0.049809804564677096	-0.22972363252093936	0.03899411038989007	-0.038084658232687106
ENSMUSG00000021469	0.4475985422188689	-0.2818318208396428	-0.30900597256901946	-0.8395085209386126	0.25425730768735827	0.9151252432896597	-0.522968747773053	0.24196826206687258
ENSMUSG00000030584	0.08002169966572115	-0.20659095965359645	-0.10138680950551225	-0.22200461051568107	0.1508719177472466	0.8381754372795555	-0.1600352693735557	0.2981525865472497
ENSMUSG00000039477	0.1673847532439783	-0.2990175215748315	-0.12304478680418846	-0.4725233710386309	0.3888214957429426	0.7948385729429926	-0.3899074945719881	0.22395494761514367
ENSMUSG00000022124	-0.04457758198750206	0.12427839396751732	0.01608283250913194	0.22111716207982737	0.11068290515727468	0.6809372384907145	0.04094540131688676	0.2505668037320702
ENSMUSG00000001657	0.5990343609819528	-0.2817938148268879	-0.33592774048437535	-0.7360650248129554	0.2110493166883	0.8591753132552606	-0.6414939127944332	0.2640250660563235
ENSMUSG00000073594	0.3969652799166644	-0.21928611803685333	-0.3981870955902133	-1.0256077525249223	0.2138929786359965	0.890053534601053	-0.508965794965879	0.25239531134042664
ENSMUSG00000118505	-0.0862492682923736	0.011707927041415156	-0.14888861687252694	-0.1492046329629723	0.025207187862848618	-0.18205083646042178	0.05170714674149126	0.07686620819037884
ENSMUSG00000079694	-0.002729761803956121	0.013960762547325234	0.12665608437104608	0.2533829333906089	-0.19452741049400946	-0.9145841359238926	0.005082905614331059	-0.24104767947059696
ENSMUSG00000038600	-0.03700309913453564	0.07020992845155805	-0.011663537852585629	0.10390154849374636	0.008730513891312408	-0.6316725777151899	0.034129954751697146	-0.09067914400615976
ENSMUSG00000114593	-0.010336626984984498	0.03963659431466645	0.07462992680595823	0.1021876557863629	-0.18022731147858884	-0.9008395161647834	0.033320757823615994	-0.1329741404567482
ENSMUSG00000087473	-0.03611989455465557	0.07187610414206831	-0.13638932801247705	-0.01796419274698466	0.006297975636671116	-0.59626694831558	0.031638027636093066	-0.09788952922355992
ENSMUSG00000100553	0.029777597961772803	0.07760071201236655	-0.21884638106173804	0.022785328187336758	-0.010953295454079859	-0.46626433497026243	0.032303352061387354	-0.18657391454294486
ENSMUSG00000054604	0.07759200222540812	0.04974723526380731	0.3524095668606652	0.1952831623557392	0.05779965351701479	0.5403582378980002	0.05070022708059723	0.1874909838067543
ENSMUSG00000020589	-0.034392234575189945	-0.1018082233036786	0.048355502991057286	-0.3646829269227156	-0.09789455279713354	0.26975621690758844	0.053841293516669074	0.3073462002138177
ENSMUSG00000100343	-0.31502767774500917	-0.2011068106900743	0.26664736316253257	0.34306966933046756	-0.5159527905311865	-1.022435647319528	-0.11712979729684247	-0.4063915538443291
ENSMUSG00000068749	0.042495995518112104	0.011793361472824282	0.34629574504134025	0.2012518774542423	0.07706154414370565	0.68469713173661	0.05630104573322225	0.11837917572348139
ENSMUSG00000075327	-0.13298863414811676	0.047590017436617164	-0.006790851467522119	0.5919194355539853	0.1251491100640652	0.6232167753103725	0.021205145510382162	0.16073570467459478
ENSMUSG00000051379	-0.02290828975596282	-0.10054516405804319	-0.1554238811657317	-0.4893910917930009	0.046141165581052745	0.8067537941731988	0.04198135148622172	0.24196620750663658
ENSMUSG00000019933	-0.050132851615771794	0.07336828742581296	-0.09202528104352	-0.05868116029352786	0.0	-0.5585440635415668	0.03446436132623587	-0.09330292869782662
ENSMUSG00000055357	0.023124146841548916	0.009701152048953388	-0.03760111362268096	0.25770120653519585	-0.12324122370562796	-1.0144877384688258	0.015657545282322032	-0.1779648511696225
ENSMUSG00000020680	0.14553492874513635	0.03443517396988893	0.363583711369257	0.10194239919868625	0.0789879372209653	0.8339709649890336	0.06425542047293524	0.1521125725318298
ENSMUSG00000090706	-0.015652517175735244	0.09022769487480124	0.09977555023164625	0.41459477243408727	-0.04025689658572696	-0.353801471535158	0.014244044455169143	-0.22730279465060244
ENSMUSG00000021057	-0.06425676943497118	-0.1601618901848847	-0.01920146655037286	-0.2558429202744356	0.07986980140572272	0.6247796735606548	-0.026757347292426938	0.2934114287252791
ENSMUSG00000075602	-0.025802359527656665	0.07259327580995555	0.151844337238133	0.36748241988046215	0.04385643462371773	-0.3599546214491674	0.03215262353818475	-0.14355197772349404
ENSMUSG00000075408	-0.08082288120300224	0.0018682328318039808	-0.06270060857454159	0.2727338351031541	0.030676201076908226	-0.2774245565491694	0.04286285437026127	0.05384640771714225
ENSMUSG00000025473	-0.07497602605738277	0.06385884599906796	-0.03098345815035274	0.16960782837976043	0.0022513571388415587	-0.5563201316119988	0.029502983013418898	-0.0775605695524588
ENSMUSG00000024085	-0.02514708918943276	-0.10171095662946605	0.07348690716656124	-0.37232740590735514	0.050918452122888806	0.9198950149956077	0.05925683855607549	0.18320286706287633
ENSMUSG00000031636	-0.03362041203890081	-0.04441792614848434	-0.1999421138646661	-0.4133926624997343	0.02127056762702917	0.17963602704918952	0.05743482109432649	0.24105893065677278
ENSMUSG00000035478	-0.04034474571177227	0.03491164487000228	0.08557520769663164	0.3515419928152205	0.24600778005586002	0.8851667324125373	-0.06108522465999545	0.07168842245815234
ENSMUSG00000102303	-0.02908659748294527	0.06701122901729208	-0.14166105424550282	-0.02647231590442753	-0.0903658462035391	-0.7822319072186886	0.024525847421953406	-0.05231759927288427
ENSMUSG00000115253	-0.016735550675318452	0.010338518185906143	-0.07846466921982093	-0.06861706444225309	-0.08794208311735469	-0.6648734646541412	0.018055131901379202	-0.21928553166999573
ENSMUSG00000079263	0.022604891721339712	0.06909114389312863	-0.1783047930962256	-0.04847617063016739	-0.02355306295360681	-0.5029584430844127	0.02116948879024061	-0.20572377159727595
ENSMUSG00000107917	0.011817951225534635	-0.00026501469651973864	-0.17696217801604638	-0.008781915248661011	0.01600489571558741	-0.7784982858113265	0.030509650467605794	-0.14305051427296328
ENSMUSG00000059854	-0.047217371815494395	-0.0447283311339359	-0.12052173937804503	-0.3238569569067051	0.023941070061353598	0.41256663680486216	0.04906222323241324	0.19790338544311356
ENSMUSG00000073633	-0.011253839019226053	0.10657278330272275	0.1027429418014267	0.5414621511257138	0.11752423213788936	0.7248580443834566	0.05139122470569177	0.05385345568780377
ENSMUSG00000031662	0.0959268205792854	0.021107420011104827	-0.18648682472678568	-0.081067487478072	0.11024714039725135	-0.23318231240762347	-0.08698530447337556	-0.05872302748799098
ENSMUSG00000074918	0.5591739060733073	-0.21124130870073807	-0.2680615307178397	-0.64784117133662	0.24295488084451397	0.886786464128675	-0.5795543383101204	0.2426378148596787
ENSMUSG00000036223	-0.06608488051708189	0.028456390497383015	0.35146735213801694	0.13067383347239095	-0.003462823413481031	0.2924219885182929	0.048262794561243175	0.1509074263053912
ENSMUSG00000112420	0.028269282588908744	0.04893601617827879	-0.004549224383701971	0.04195416275792051	-0.10181219062579792	-0.6863211178449081	0.004063263009315032	-0.19157430764669914
ENSMUSG00000112427	0.025492219089036334	0.059621055133428066	-0.1561941625023791	0.04112177456930882	-0.05428864596209333	-0.6210263093755948	0.016713906834050274	-0.23601816752426055
ENSMUSG00000117229	-0.09768862359091808	-0.03588347214450405	-0.051830610746332925	-0.09959991298899921	0.06145447568000635	0.4036250048365497	0.03753956645722556	0.31021361611433385
ENSMUSG00000111894	0.015834256171210037	0.0810618453391294	-0.1987554191247748	-0.11993036991229689	-0.04038940997031489	-0.4864174018705169	0.03143258006669857	-0.04196538719087365
ENSMUSG00000050424	-0.020526680341943302	0.014898691905204153	0.5795343773765436	0.38769900902738985	-0.24608428499807802	-0.7095910531701844	-0.023405582642459788	-0.14959063979883816
ENSMUSG00000005951	-0.034456153477755186	-0.07780867850070493	-0.0646340622077502	-0.21818039085740612	0.0003560493260990061	0.8437186528874391	0.04208378843080589	0.27619932577527034
ENSMUSG00000054836	-0.09337806063466912	0.08305325309349373	0.056029102640319066	0.48214880439315955	0.0066564499590835435	0.5862556595667039	0.04295347978289053	0.029511383045139748
ENSMUSG00000061028	-0.08774798584909495	0.08263933856675289	0.016889307227608247	0.37476368149219813	0.07455444438035025	0.4323241455818785	-0.0013883296789349853	0.0635607517072416
ENSMUSG00000045991	0.2042777441230148	-0.2608711398275947	-0.16868280181519785	-0.4844763821078405	0.34186464890860757	0.8660921187630852	-0.42423401794811727	0.23775870393522244
ENSMUSG00000103411	-0.0004123064108041419	0.0915858781374536	-0.29709000972746114	-0.2674446852175889	-0.0445991565088159	-0.21659795670933651	-0.01319682905152736	-0.06061614144768929
ENSMUSG00000024029	-0.07692990717068339	0.07099273513358181	-0.04457366982004792	0.17490194353417246	-0.02557822078793142	-0.4266510930172578	0.036608577903414985	-0.10606276201918496
ENSMUSG00000038168	-0.06623480843245573	-0.19935976902696848	-0.13929889253303912	-0.729253963231871	-0.2159855262719489	0.9432875462050048	0.0809207137736549	0.03993330816031443
ENSMUSG00000037159	-0.0236267788474942	-0.07763313781042243	-0.27781632731456984	-0.7872628713811927	0.016264016200014275	-0.050190113877744365	0.037551066486618184	0.27675366615626235
ENSMUSG00000039680	-0.03596115777579367	-0.062138828691286514	0.11080772853360944	-0.10984024769455047	0.026066740622371045	0.8462989161251037	0.04946206005706383	0.2698941803564931
ENSMUSG00000036966	-0.09851309828770904	-0.06280618108542618	0.1650185725485457	0.025833318719621162	0.017137170141801716	0.7694849224113541	0.04711780671430439	0.19032032885684713
ENSMUSG00000101568	0.0017877714850911275	0.07732032122039434	-0.18173267424828632	-0.09965544442424032	-0.03956752726161709	-0.6253794609862655	0.0346519777334227	-0.06727237246537712
ENSMUSG00000032987	-0.040840487196487134	0.07056836031176415	-0.1921229179730134	-0.1967685067288054	0.02711566027358492	-0.29446131843112616	0.06297840222259844	0.04931454262138977
ENSMUSG00000026249	-0.019447840849324827	-0.14185180645538212	-0.18625239860253076	-0.5172830361393234	0.12703450768260924	0.10009115390963036	-0.033648186706095144	0.23644186506458215
ENSMUSG00000027073	-0.037687934479960966	0.0721620271935463	-0.16752624172811387	-0.07431264811099081	-0.07308952235717958	-0.637671356119076	0.0328859626841721	-0.05887570807608912
ENSMUSG00000078995	0.024373761285121254	0.06239931987588654	0.13936504711365327	0.05619472108313189	-0.11768670199865544	-0.7590184801487913	0.030181847089373395	-0.1373696150305029
ENSMUSG00000058558	0.06016985799524027	0.07653201823035437	0.4426835563311266	0.2459542788137476	0.07940941951613159	0.6103713824725524	0.05283327999778331	0.08706421756084003
ENSMUSG00000049112	0.2254656257062482	-0.32511556427208255	-0.18221903041117646	-0.732150802901022	0.1900860744213101	0.9644002484435883	-0.2779490407096103	0.06557004626716137
ENSMUSG00000039257	0.17856995496623415	-0.3286744422275409	-0.21603390832586253	-0.6737559363717036	0.3222599442834174	0.8807515420223645	-0.4517740560939037	0.1992946322892904
ENSMUSG00000047050	0.020260821365154225	0.05049744923915494	-0.10554871855200329	-0.10742697771771233	-0.03731058498428436	-0.4941425184189736	0.01598318023045109	-0.18637434452867815
ENSMUSG00000031551	-0.021726463447542033	-0.18397584538860512	-0.23843714560867516	-0.6278657244775142	0.0319716408598182	0.0551093572893321	0.03408570562317795	0.22803003381253573
ENSMUSG00000089857	0.008345482894113212	0.12361792428107168	-0.2048399570639832	-0.010805630104625874	0.03770019375393258	0.4163643904162382	0.0840610013240947	0.20028152937857446
ENSMUSG00000109274	0.036776411635571014	0.07077103428375602	-0.019466098193940518	0.6551692415135194	0.3441239530001153	1.0066343548007588	-0.1825233015955364	0.024490829551291057
ENSMUSG00000109334	0.022462947632162833	0.0613605993624659	-0.1668247552261806	0.08414869047678453	-0.07322029712820707	-0.7357097894263545	0.03424291577672885	-0.2011713330661034
ENSMUSG00000108803	0.0116130057177104	0.058927930201058284	-0.16357985621610663	-0.08567840707416438	-0.04837846932703191	-0.5681474782749987	0.026152063713544595	-0.20640206169674727
ENSMUSG00000021365	-0.04164752944037158	0.07496426913172702	-0.1709460383172659	0.06678850268612074	-0.02444619215578928	-0.4623132259087742	0.034985675533098615	-0.12391384543595084
ENSMUSG00000003119	0.059317036168237094	0.041145916261093214	0.2662970190308069	0.28014625858872866	0.04057511906565847	0.7523124254480197	0.0556439766156451	0.10012796443624253
ENSMUSG00000016921	0.09175654094752886	0.027846997896447512	0.3532425851573835	0.1858827894965302	0.09225949425795646	0.725388167693798	0.056259439986419094	0.14627773599074584
ENSMUSG00000101086	-0.07279838519519417	0.006415276008037596	-0.05882673786660739	-0.13144179682214727	-0.0788075117000157	-0.3363442384212977	0.030437927089052564	0.09047798075182123
ENSMUSG00000075266	0.08528225345189204	0.0885906165900645	0.3341372901823146	0.17566308860643134	0.01808360236652229	0.6183159021216438	0.045339599708781236	0.07227460606364952
ENSMUSG00000020553	-0.08218283353593626	0.07212844949805329	-0.1198231763455129	-0.10173149050686416	0.017480031486578396	-0.35359626508190695	0.037499942792303474	-0.014239386360648781
ENSMUSG00000047940	0.019141793242907053	0.002710750718803334	-0.03587426256577748	-0.047106087648916405	-0.030588996417954258	1.1213018604388922	0.05756257421878265	0.12379813237952571
ENSMUSG00000010051	-0.07060705787769597	-0.03164928107631271	0.06756465029151515	0.18868191905991463	0.08746309185255807	0.27434464221082416	-0.033065805807762375	0.13178229076800077
ENSMUSG00000062036	0.007800709409455431	0.05523246366271786	-0.1666745422398111	-0.021630200233006446	-0.03770890941474851	-0.7199538537035536	0.029131130426606235	-0.14078263067884847
ENSMUSG00000036036	-0.04097680131757875	0.03583443570514844	0.5919565877456145	0.28132388454083596	0.14890567368942373	-0.24212615021373943	0.03786507556421107	-0.1164370394807399
ENSMUSG00000117137	-0.02027778675780661	0.05882040323804169	-0.16895210880465886	-0.09983199937244545	-0.02218144771280653	-0.45336302626933866	0.03541411820733056	-0.001292888020909766
ENSMUSG00000082479	-0.07621741519845628	-0.07514559250045903	0.10170708065256884	0.19910740680534472	-0.17627210594759135	-0.8499755971702573	-0.0486870467982041	-0.25451437348907313
ENSMUSG00000106738	-0.003925441279143516	0.056271820971167646	0.06548200783093987	-0.055740998894089504	0.020834324144678555	-0.397215982350628	0.04026035679024239	-0.05065498952819442
ENSMUSG00000041399	-0.07046682449410102	0.05837321668426103	0.052005182688336336	0.2661734829309417	0.033063735265296816	-0.5837066186021125	0.01683400329093021	-0.07043833094451579
ENSMUSG00000031723	0.013118557714138612	0.15704155174360102	0.08079420419652424	0.14215011654500415	0.022288950203598574	0.23714822100155247	0.046168250276577845	0.10861161649691119
ENSMUSG00000027883	-0.014933776114395836	-0.08773240552310231	0.05588863675025517	-0.3619134523704956	0.06358120066239303	0.9237773950730481	0.057051323391864715	0.24937331590444092
ENSMUSG00000081937	-0.0899400089220468	-0.06228172170908009	-0.051905933208530666	0.03210297148857855	-0.15045012612409572	-0.7488982579106311	-0.012392252140256573	-0.2843747339814539
ENSMUSG00000014782	0.12623601808385493	-0.017922824790732875	-0.17248926739389203	-0.2051374291247388	0.1517346950133918	-0.31287811392695786	-0.10625177986769951	0.02309730504186025
ENSMUSG00000084336	0.008198522752831616	0.06600252098408696	-0.1830694424897103	-0.04360507380300101	-0.040299288927818075	-0.47391948315187893	0.01852650754278019	-0.2645169360601012
ENSMUSG00000005566	0.01592205499209054	0.06797601343284992	0.055627411904225516	0.32067620779977096	0.2405123456437343	-0.5997735079753975	-0.09345674051909571	-0.10620505684922461
ENSMUSG00000043441	-0.02764676918977166	-0.13017996613075433	-0.2536936354070079	-0.6578782523698743	0.04034208424636275	0.2277830115176664	0.030974229500481478	0.2976581667333094
ENSMUSG00000114787	-0.08076116444850327	0.07250796200156344	-0.10804523397963768	0.13755932757395256	-0.04776506596957281	-0.4013810770600972	0.037553432366158046	-0.1268975197819985
ENSMUSG00000096706	-0.22226780349232467	-0.1822371538737416	0.13633324026193194	0.3467799787040509	-0.3797974259881002	-0.9037795528377502	-0.14581966757142611	-0.44163565903339913
ENSMUSG00000054052	-0.00881121784331748	0.07363403519062316	-0.19881622776282942	0.07945203866367817	0.003532030638655259	-0.4500213404086026	0.039035243366913566	-0.12397569954413512
ENSMUSG00000086126	0.6168621488801521	-0.2885176643487564	-0.3684615937846602	-0.8249855927228011	0.21041675681799607	0.83181536987434	-0.6748018831285544	0.2625082126314519
ENSMUSG00000062232	-0.024644754091042203	-0.17132530208419802	0.01768639401163766	-0.3969910126817585	0.002353708302719082	0.9912266510301148	0.07440324970271563	0.18076148265715344
ENSMUSG00000104211	-0.006327795866431063	0.06675689901150285	-0.1683364560845528	-0.05799653259087322	-0.0588994098650931	-0.6080111335088164	0.02170742344605367	-0.08257299168446881
ENSMUSG00000023984	-0.07899482037969235	0.12070869432860724	-0.000666293146426522	0.5487260246142739	0.10745467792649727	0.7995943566602646	0.04048434468035951	0.017627436680059776
ENSMUSG00000108440	-0.03141913857912564	0.006068798081003912	0.17221023641340524	0.13240047495414603	-0.28498219229612703	-0.961215912260588	0.03490460555481415	-0.13306201917576557
ENSMUSG00000092614	-0.03723611724783619	0.04183154991173358	-0.22576483069172631	-0.05384014317541984	0.011589862919288985	-0.5474896154176043	0.026115008348484237	-0.1975666347746762
ENSMUSG00000046447	0.41871907707578754	-0.15800249710759212	-0.1235368006730373	-0.18550199682031907	0.29850082959268587	0.9213266354292875	-0.4622358298566329	0.25294300503220496
ENSMUSG00000067288	-0.06852109363399951	0.12488069878271559	0.2824636499909102	0.5116440053987534	0.215163393225029	0.5461940865788509	0.03560881348030241	0.002095107729979784
ENSMUSG00000035177	0.005020048469795535	0.06317568774308664	-0.161755290480728	-0.03849064250064017	-0.05689821295666011	-0.7452683449722517	0.029927436089821645	-0.08869279159128578
ENSMUSG00000042353	-0.03683270750541625	-0.158012595551701	-0.1488673634597309	-0.5341114630236601	-0.036984498942067574	0.35826759255678176	0.04676200372459452	0.305592706118129
ENSMUSG00000070616	-0.08010991011520563	-0.20769573538988953	0.2766297846424736	0.39234466907047466	-0.4175874134992113	-1.0621166042216286	-0.14271956354859194	-0.38495432783705125
ENSMUSG00000039508	0.006859985715433487	0.09918914463233584	-0.23048939532942583	-0.08995208832551817	0.006802793765325554	-0.39072283033705263	0.051541671693740736	-0.021059984295042303
ENSMUSG00000056223	-0.04207875364880906	0.06841515888146264	-0.20716693417074603	0.19742284686946787	-0.0713999233399083	-0.6070769867427783	0.028233319643576116	-0.14179844137459843
ENSMUSG00000091415	0.003571514551973687	0.1874893002655021	0.04334140770544983	0.3830762782642891	0.03331436846795408	0.3811446873877988	0.053335457611554664	-0.03259117162593048
ENSMUSG00000018427	-0.05660046316151981	-0.11108965686469793	0.0055425094378288575	-0.21613642860271404	0.041506568657550896	0.891148624607567	0.03564147838501929	0.26124335977816954
ENSMUSG00000050240	-0.06544601698595004	0.01322915393480395	0.2012500247042232	0.08766074653451972	0.08428070639791001	0.7674432149057447	0.05866938212706499	0.16393618183730155
ENSMUSG00000101303	-0.013271621960347035	0.06452836236415019	-0.21633114107346574	-0.14010901739766204	0.03243465131242382	-0.4515076286078888	0.03575323534231824	-0.1481534906981048
ENSMUSG00000097655	0.0552091113531272	0.07777418730163978	-0.19117921458852052	-0.0009067039077316208	-0.03640734570804965	-0.4385301202958292	0.006335910859545669	-0.0782976996364139
ENSMUSG00000072902	-0.0562363643361055	0.05390922601683675	-0.11557749967514779	0.003919788564960225	0.008788808393570012	-0.5099432401521949	0.03496359096877384	-0.10315838302276745
ENSMUSG00000112913	-0.00324091070639021	0.010767052119576246	-0.143406505420422	-0.007667400016139284	-0.051341675987931566	-0.7585516178283185	0.029654967430040664	-0.20525232376724373
ENSMUSG00000112652	-0.09377980660019726	0.0392169171124149	0.07711161126401211	0.2615411903486583	-0.007426155513164501	-0.10256898954720033	0.0323260305801654	-0.07292889987941624
ENSMUSG00000022054	0.08979354850514004	-0.37368286520158295	-0.24476391056933186	-0.7302847386187783	0.36806822001363787	0.8417283715238648	-0.4260451185910414	0.17216545852200585
ENSMUSG00000050545	-0.008217028404564173	-0.02632300610126667	-0.02232924120466519	-0.004901387947203961	0.019356484330375796	1.0734548562864457	0.05933612384020407	0.21807012228123154
ENSMUSG00000110889	-0.02383123324495486	0.0729761905552299	-0.12589899268658636	-0.013293420616207195	-0.053756538516174984	-0.57740338694027	0.03172370917233769	-0.176549008410212
ENSMUSG00000101099	-0.34871211948385333	-0.20217607413462968	0.5237553192294346	0.28985984737639314	-0.5538540484633263	-0.9453700396684243	-0.21172720234118883	-0.4263084623833717
ENSMUSG00000030327	0.04411523783214596	0.1044196056166248	0.47986241898544696	0.2546466753003323	-0.011972650624386239	0.39336750008387783	0.012146188321794387	0.048922108201622995
ENSMUSG00000078552	-0.05007485485597871	0.05581253143174149	0.40438709982061577	0.38925737388264775	0.04657654747375514	-0.6320500396742231	0.0349733407153168	-0.053914168430488685
ENSMUSG00000100056	-0.2378727132496613	-0.1914255852740167	0.2881188112156101	0.6363489315035628	-0.42654503951558986	-0.905030351973056	-0.3825418001531231	-0.4362697419716425
ENSMUSG00000068428	-0.037440162226365634	0.06439430930794882	-0.1690133050697481	-0.06312194513263625	-0.012886073908831452	-0.5607738556864943	0.056516859853256156	-0.08147970895769516
ENSMUSG00000073557	-0.017831497078517927	0.022284434724562135	0.06093558878627815	-0.03293418442238748	0.004152783562874629	0.6588418925112395	0.05619169068459834	0.23730439708549989
ENSMUSG00000098758	0.015149622916090566	0.04323664007251314	-0.1448076180425367	-0.023387656222002916	-0.08536446001679064	-0.6861213619500506	0.01808214739134353	-0.19457207098439097
ENSMUSG00000059862	0.007840378422778183	0.03768398226159139	-0.21227034238792647	-0.022828726401567967	-0.009008215591253695	-0.6598355511711779	0.026667409043830394	-0.13998687609358043
ENSMUSG00000091418	-0.02093148044870996	-0.1420342871461403	-0.04730680810213213	-0.23540278994237382	0.0595252869407625	1.0352020349749913	0.05298978051326393	0.25620644056335656
ENSMUSG00000062121	-0.0032137528182832886	-0.015561772123318648	0.06944875236243181	0.10380069513267508	-0.02013880748770734	-0.7533687077371176	0.007091646268839092	-0.24420804576201818
ENSMUSG00000001349	-0.029643827446749527	-0.08166233791581477	-0.11025706939947325	-0.4329561283502867	0.024835091565385273	0.17798280205518732	0.0141190087897404	0.30554696107310336
ENSMUSG00000101888	-0.06898296806623401	0.03994007770039219	0.20130261950380174	0.1976976523952788	-0.013934583016101842	-0.2707997524123517	0.03770555693725345	-0.1254542997632412
ENSMUSG00000100846	-0.04867927890689735	0.09789654774329948	-0.17318117569620076	-0.012689121834066591	0.09831175602604514	-0.200480079673614	0.0634080454546888	-0.03647669601612655
ENSMUSG00000022811	0.05603343988963747	0.012929288413188633	0.18153829412384784	0.31544095519606574	0.024361612735874866	0.8300981965524271	0.05946353160773018	0.09143272360322839
ENSMUSG00000110661	-0.09085879799944829	0.09349597808282001	-0.08944321606806795	0.4459657137014807	0.03258712274592965	-0.13879713370861707	0.05773119372293457	-0.07802444697804033
ENSMUSG00000060512	0.0033625598505435117	-0.15598518984356552	-0.09902829854162763	-0.5389713171222095	0.03532849230509598	1.0298670194698292	0.0185931388437936	0.10459545571025028
ENSMUSG00000073779	-0.09270827140929429	0.027595116233329893	0.1488274918867014	0.3106400236025828	0.026404425024138083	0.017654559818327475	0.03282950971611827	-0.056017667745631175
ENSMUSG00000056962	-0.12280005867378271	-0.04874485092364501	0.2885970263640449	0.17341249189511693	0.17119035941501212	0.7880836445891939	0.011894690647900275	0.11123956504869902
ENSMUSG00000104801	0.0111812987072231	0.05950288412333869	-0.09217991149459981	-0.04863415184743079	0.008772224628690761	-0.7513435928544129	0.03920671357190856	-0.15547725293961595
ENSMUSG00000086860	0.06701298730636071	0.0505288268566846	0.0615724848643821	-0.0004214613155106295	-0.13753335308960665	0.3720461512321771	-0.034425028113396296	-0.07326232907925015
ENSMUSG00000027341	-0.016180662140597768	0.050756335739038545	0.11984893404569001	0.3580284647025255	0.1067388959776808	0.8555745457405468	0.04426855102055526	0.04463835087689302
ENSMUSG00000086942	-0.00939422642288612	-0.022260329411968465	0.2230787671083289	0.1568784033115439	0.027579217375282256	0.5785465003898367	0.05920191520810928	0.17868596587417832
ENSMUSG00000018008	-0.08783727494381655	0.060072145950003826	0.024949422397277904	0.20058287629039542	-0.02742090603145667	-0.2876790739215998	0.03848693337261642	-0.08409551022687892
ENSMUSG00000085203	-0.06420216688921575	0.06035982084250716	0.0013413014433687476	0.248029504586849	-0.010644710080168596	-0.7195347503948909	0.024105024732616505	-0.05963331661842541
ENSMUSG00000012211	-0.0931098721561801	-0.03689033444370371	-0.039785779977587324	0.3183719175754826	0.04500982448765307	0.7233608186787145	0.026202772550020653	0.11230054919788356
ENSMUSG00000096569	-0.011322319056202986	0.06546303994985093	-0.19330344422922938	-0.15934511205995344	-0.009230643436551	-0.49910458942651253	0.03355278992067821	-0.12384011248151673
ENSMUSG00000080729	-0.006204953508245958	0.11198899269658909	-0.19766759462734565	-0.10984483081351977	0.0513721100119803	-0.11627991409308688	0.053756040055130266	-0.15133306882424796
ENSMUSG00000085495	-0.049841545938927645	0.08459983650494457	-0.17899070629917485	0.47104264194242584	0.0714002687558997	0.19741923370073142	0.16978042150505673	0.1176967164902288
ENSMUSG00000025991	0.005553170300088506	0.08516619588597958	-0.2312116840337262	-0.12667670805979794	0.026215399292628037	-0.4706285442942063	0.04286956077681958	-0.07341500787914723
ENSMUSG00000024912	0.30683279973983313	-0.2765534916193819	-0.2576455247302423	-0.7856540582700108	0.1811911986603348	0.8811666041287488	-0.3420503400419141	0.25289526451674027
ENSMUSG00000029056	-0.05324281642686265	-0.20957809354513343	0.24719060842794777	-0.3435248456004859	0.06308963023051414	0.8811893882636948	-0.0005509716972872392	0.22821437405606892
ENSMUSG00000106270	0.008047274035140606	0.06712411382014703	-0.1774621666800386	-0.023591957503100967	-0.06696389634354852	-0.5457053502211698	0.02334119794975769	-0.0813112570301887
ENSMUSG00000001175	-0.09275903045897901	-0.16432175176969693	0.05895071538501773	-0.1107237820131978	0.1875917577772286	0.9218117705162728	-0.08500229700374802	0.2613205110875706
ENSMUSG00000115449	0.011552550306641683	0.056126775653058	-0.11518830447811972	0.003804860234758012	-0.07643585228960227	-0.7082904956426249	0.028521909707553715	-0.22921924079379763
ENSMUSG00000021850	-0.004673873124567407	0.09573523969392712	-0.12737802122666655	0.11181695388951539	-0.02168785036644131	-0.37306577122174245	0.031445202391283116	-0.19945689152124857
ENSMUSG00000019861	0.017884191140509754	-0.016574277024421144	0.10692329202542425	0.005436815747685491	0.0004591591545162199	0.8417427650701275	0.06756430601334251	0.18372557097015732
ENSMUSG00000071562	-0.2156156631203432	-0.2837936626436641	0.23840454618131113	0.6728421143549347	-0.5764878098175147	-1.1696424895021136	-0.1337004412728942	-0.4330041939568247
ENSMUSG00000021348	0.0021174971334660952	0.050901236376850845	-0.1710326440410286	0.01653123154754432	-0.05300945399588927	-0.6809396030038484	0.02671977731667547	-0.21260178891513956
ENSMUSG00000041028	0.10190614230602422	0.08661085119230164	0.633278180362405	0.2585670817122485	0.007409926133374656	0.0821783545910506	0.02425467338351601	-0.046873694544089364
ENSMUSG00000044252	0.011797166957571261	-0.011909646229848692	0.15609733127601855	0.09345078013858703	-0.04662143610893544	0.7166789720727336	0.0667416766285435	0.1822716972957773
ENSMUSG00000115397	-0.001223108054194455	0.04198652669385114	-0.11298341479642562	0.02798797711471513	-0.16893096165120997	-0.833861714463121	0.015040699598835064	-0.09175103574574318
ENSMUSG00000047084	-0.027214435840744233	0.04647656288317357	0.3544518657154524	0.32976839284413323	0.07461447183010295	0.5824601342106887	0.05206638317875276	0.03545994562075318
ENSMUSG00000103047	-0.0076260370622557	0.11353969256938312	0.24875953974298376	0.1820788421612203	-0.005860778050870947	-0.45351106307548905	0.04867142262590567	-0.15737183896062246
ENSMUSG00000090322	-0.0759797262650602	0.04260467023321095	0.08035750296306228	0.15297625728709252	0.0453750527693414	-0.42430468556907636	0.024052057323285053	-0.07920819409895109
ENSMUSG00000101517	-0.0487026525654448	0.09377139179020035	-0.05210141153960196	0.0440822329045842	0.024274250656187546	-0.238185357276962	0.040244203021877284	-0.14033703052588395
ENSMUSG00000028957	-0.04654935444032123	-0.09715400909047364	-0.010480761016397278	-0.2163269093829824	0.048402871779947114	1.0017283023094121	0.021665269841143534	0.21987240623437337
ENSMUSG00000104936	-0.0004741512538036785	0.04388974377573958	-0.0660399189038266	0.09331987445032616	-0.06394957492615297	-0.8875283885220266	0.02256776851216633	-0.11611407053953593
ENSMUSG00000027088	0.08190751288819773	0.05342390904872715	0.16923524033592655	0.07777387303671164	0.045844714986231105	0.8040059461373686	0.06279013830628519	0.17274672294651686
ENSMUSG00000117328	-0.022557872117524167	0.061029749284219	0.0333088220842885	0.09316092841357314	-0.1198493233873533	-0.5787641804072419	0.00151836461880539	-0.20687400932071578
ENSMUSG00000105311	0.0007881410186354083	0.10059200435273959	-0.07672092108113644	0.2805760999619263	0.17152966023091804	-0.3008813850048365	-0.015759746483571323	-0.15487710403716667
ENSMUSG00000094745	-0.018014530993825113	0.06563127948016244	-0.15489727202086634	-0.2246471932717047	-0.07780747102586842	-0.5693877799567933	0.029523602661855275	-0.09030674008982698
ENSMUSG00000086805	0.1273755202852463	-0.3451873073829929	-0.1837033017270044	-0.7537310436570166	0.07966948724804085	0.945434525323241	-0.10709507003043103	0.14080989253101828
ENSMUSG00000030346	0.021950592076184862	0.019691491662343075	0.265442635409871	0.2503626642330374	-0.02747733681026454	0.8754172973054402	0.050076075247645326	0.05253425182769901
ENSMUSG00000111597	0.028230144210958475	0.049247786787192764	-0.14119999772008507	0.08009522702843382	-0.05905305998121468	-0.6904764344097076	0.02261868308124848	-0.2414391457992342
ENSMUSG00000118002	-0.019524378203860358	0.11241628525374732	-0.1361513334172028	0.1103904028548994	-0.01851595185497666	-0.245552962973016	0.022946263198581507	-0.10472008173977343
ENSMUSG00000104164	0.010213099296668443	0.08698798427687598	0.1012180790239797	0.20169201369235942	0.04821206778974183	-0.526812481239277	0.03709491490636765	-0.15975541539938187
ENSMUSG00000026955	0.11226867566837516	-0.22771110942006634	-0.03950531731670337	-0.3869912505543122	0.10170735011016312	0.876870828656301	-0.13618562702384795	0.22200867800291457
ENSMUSG00000086321	-0.005101937849727567	0.08733861697616788	0.04325437338745967	0.08842880889606065	-0.01887734091688485	-0.672222339937625	0.038950263080343155	-0.1982585443398741
ENSMUSG00000036381	0.01753232406730565	0.08557779915144946	-0.07427959477742703	-0.11762905535894888	-0.04049831782435574	-0.5633109901949992	0.02853456449750372	-0.08256922059969134
ENSMUSG00000046152	0.005776139060914454	-0.03516012870375879	0.0847555167302321	-0.13899620136764212	-0.09962580776821407	0.7093061909888796	0.06409596380265375	0.24054900209225288
ENSMUSG00000071340	0.011753145417698794	0.07682581897932778	-0.1797598983539975	0.03187008436610208	-0.0001698691748962533	-0.6795021020953067	0.03337008042177996	-0.1018491976404293
ENSMUSG00000009145	0.035543707639808714	0.030521123568813993	-0.12628280861353014	0.8949214281746795	0.08604409591044018	0.12561623440249925	0.052387426423215165	0.11415960278929098
ENSMUSG00000109403	0.006005603891019007	0.07415947399217152	-0.20692558051943669	-0.06402879860656885	0.031160185251421106	-0.5009921741341368	0.04097596200749429	-0.15010391674726836
ENSMUSG00000096742	-0.11201944416137508	-0.14647802276200825	0.1981014524197867	0.27291958030461877	-0.3197701604902777	-1.0900074688933594	-0.05040821002139806	-0.27784990594604503
ENSMUSG00000001155	-0.07997352970533426	0.03996674222483034	-0.1618348845551514	0.028689936802685154	-0.011056277951143723	-0.47601501578664035	0.04197536917581394	-0.019357193533651746
ENSMUSG00000089982	-0.0011113123411553572	0.06283678439764807	-0.10949431367660142	0.2569831945912383	-0.11311539649821901	-0.6543801250040396	-0.006728352231534698	-0.2228281244665631
ENSMUSG00000104811	-0.007037368177570873	0.010834379450241238	-0.10746111717476664	0.04148450951766091	-0.060963673184193	-0.8002406541680972	0.02688290772927761	-0.21685291273389445
ENSMUSG00000037058	0.08149166615121664	0.11071331765047783	0.42360381512831896	0.3375072081961024	0.04260445357148002	0.37426058451534544	0.04443935380714883	0.07803670529673418
ENSMUSG00000112657	-0.04432561957813317	0.06735356691492542	-0.1710978572045639	-0.024018785288461294	-0.10843984768416753	-0.6141913157361699	0.011020672338078352	-0.12971480014292588
ENSMUSG00000051401	-0.017124789990812905	-0.08818548853076101	-0.14979275360961417	-0.7146221621887006	-0.1052643509342718	0.24201024877393099	0.053503854876721005	0.2922797503194416
ENSMUSG00000090662	-0.019509258601416387	0.044454724388108116	-0.19787706950758488	-0.10902607550210427	-0.028244166872526805	-0.5287788784027104	0.016061549201654257	-0.18349722578820699
ENSMUSG00000011306	0.002931598177974483	0.0691994828244547	0.2982366700191805	0.17776648552340957	-0.01106878469213024	0.6261014826104692	0.047448273723098976	0.13918935134582117
ENSMUSG00000103660	-0.23991444811620657	-0.1610769289202492	0.15814058673315734	0.5921204318416224	-0.4524311467965113	-1.0348193855037051	-0.1361530722360737	-0.44421986560757304
ENSMUSG00000090629	0.018948361029427173	0.03944970142566985	-0.11210568841896655	0.033140755711383175	-0.015119966978733634	-0.5095529097567362	0.015506919759305498	-0.2370147277257655
ENSMUSG00000020349	0.056978223311623784	0.023688477569825395	0.24346938202881088	0.32211283838667987	0.09572902870838448	0.7120910661275643	0.060902628235208776	0.1416299427520713
ENSMUSG00000030744	-0.059363782326270265	0.08299375794737679	0.7101517214446516	0.29659628573656793	0.02991218449376467	0.1445056298927388	0.02807873743890021	-0.07466135712212378
ENSMUSG00000102331	0.013385397498146392	0.07240347321534518	-0.17029932577279452	-0.007833978709832422	-0.1143183949164799	-0.6238484130670274	0.004297056873278526	-0.1603870096777128
ENSMUSG00000118312	0.008257810974554584	0.004637152251607546	-0.10876532046418715	0.0801547504533482	-0.05326948206593031	-0.958528910918673	0.03378407508641308	-0.14974831073724723
ENSMUSG00000075379	-0.005201507115489023	0.013810534141237573	-0.16209605452941628	-0.0009939426511997862	-0.022912062175234216	-0.7011241373581231	0.01530194910439769	-0.1821312389802693
ENSMUSG00000048562	0.5159478206773711	-0.14914031925479135	-0.30559906844558427	-0.7807252212527263	0.17325504339861736	0.7390903869204597	-0.6026381860408081	0.2603660012224205
ENSMUSG00000015852	-0.033991682048840614	0.07206988325312633	-0.1588995245224949	0.01573350933617776	0.007763242124759651	-0.7291973310063655	0.0413105659155597	-0.10973609336110535
ENSMUSG00000089794	-0.023092433668767873	0.06812662350190342	-0.07021075218384651	0.21594328782046754	-0.0803881229759197	-0.620019062222373	0.02157786367873049	-0.14311610171161726
ENSMUSG00000036046	-0.06793247730700207	-0.04511048554413313	0.05007344259601056	-0.20038706668281428	0.0527567516091043	0.7619860192354644	0.017743742775817584	0.26379435903086107
ENSMUSG00000058513	0.03685607636755299	0.0721060284082238	-0.22636694257403708	-0.0007610809661959816	-0.03494037879350827	-0.36136938098866533	-0.002216699278411115	-0.20230327359543945
ENSMUSG00000102529	-0.271538531828414	-0.18774626033626923	0.2682025459769475	0.4486841110797786	-0.45590645143085495	-1.024682488895869	-0.18628853707033088	-0.38665246918280244
ENSMUSG00000087702	0.02475957169361731	0.051841682348006096	-0.13295938444105673	0.014614835465126097	-0.10012407539857564	-0.7556335544397982	0.022389825915907057	-0.16473301752952677
ENSMUSG00000022184	-0.0010196919753387365	-0.04430709717048674	-0.018555334545905914	-0.385705350765934	-0.14826097809814762	0.26557357612085036	0.04676435065605699	0.34754694115067486
ENSMUSG00000020461	0.01629312536482814	0.051371620634576634	-0.08470644506873147	0.7150212080600492	0.028480194825702305	0.6406540535988864	0.07090717766692693	-0.01460630818240638
ENSMUSG00000100776	-0.0006235576439271862	0.09279812757093622	-0.2038095533604613	0.12494489427257635	0.0352175414614846	-0.31923263141254155	0.050820912644078	-0.04353085240181375
ENSMUSG00000110924	-0.029494732335300162	0.06297063785531552	-0.15917076985933362	0.036684785269994115	-0.029079954461862935	-0.8312111748803884	0.02810138781790328	-0.07582718000893715
ENSMUSG00000025515	0.007999373904987511	-0.028879626423598388	0.4858041010485168	-0.03205835201024188	-0.2708282617962688	-0.13021180649362415	0.0006303421397342718	0.09005121488108046
ENSMUSG00000041995	0.04277058490775474	0.03939755218199485	-0.16868205105433376	-0.1450526655814061	0.08072601415860392	-0.22734464575642677	-0.015035859102739302	0.027572541495291883
ENSMUSG00000110823	-0.07192538322152696	0.060233211240134255	-0.14836407781338604	0.03777695024970849	-0.03803564781407994	-0.6338634735069195	0.030289873514505627	-0.06405146051041416
ENSMUSG00000019951	0.027182928599607217	-0.08011058317062167	0.23774440155320004	-0.2419830138171132	0.019017750451273407	0.6048984243898334	0.09104504671235653	0.3192360171100376
ENSMUSG00000024235	-0.022933531279797803	-0.15929147951349507	-0.07295602365132269	-0.6529492444900917	-0.13908863176178804	0.8837906018238125	0.07055130752366477	0.16000308714048023
ENSMUSG00000060459	0.003659684582603684	0.08048615275811416	-0.12530325685261715	0.2823307579867749	0.02563922019821472	-0.4184383595309203	0.031958215854257975	-0.19899460227124802
ENSMUSG00000110440	-0.058014251167191305	-0.06635421034999536	0.38336334348652057	-0.02176394347577537	0.023783360734859493	0.262547953870705	0.0485529219664238	0.19272338057192537
ENSMUSG00000032547	-0.004791782824899338	-0.020368236302324004	0.16283206011940007	-0.038208245571149435	0.006446817829694104	0.6393702997671862	0.06796548666187611	0.3160178747420211
ENSMUSG00000105822	0.005643791466758197	0.03997005260797921	-0.11559973679932388	0.15199659608278188	-0.12071828194230104	-0.9106527978447149	0.02660993981274645	-0.1825327848041012
ENSMUSG00000087358	-0.005846358086594616	0.02616836196569922	-0.052169790725485284	0.09104516600378106	-0.2211131177415641	-0.8582073676830753	0.013279077162175353	-0.1862748618326286
ENSMUSG00000089759	-0.014054984826116914	0.05896670430873789	-0.08441366077903117	-0.046142132172183915	-0.022107558831210523	-0.8207770777487964	0.02210236191424997	-0.042788369429165314
ENSMUSG00000027344	0.006674467165883636	0.11134857388822547	0.01624409224517373	0.3151029380513756	-0.0070797807428022936	0.39072527942304397	0.04195942386117308	0.0007919779975352759
ENSMUSG00000117916	-0.025567600958959213	0.0863226402299173	-0.1309100177782388	0.027901720527554824	0.14871154410584836	-0.4832359066770713	0.031853163189598147	-0.14720906150984392
ENSMUSG00000104586	-0.028424717804004077	0.0897771236142517	-0.18562813660115085	-0.1003800269111013	0.0038145079052824826	-0.4052906959953105	0.04181239321767293	-0.11725300552718165
ENSMUSG00000031596	-0.028101356156201233	-0.2526438380950476	-0.08498103233373998	-0.608751496067835	-0.0036433346243987734	0.9887652834376124	0.0008505933150533274	0.12789030872806167
ENSMUSG00000090635	0.0038585333148742906	0.07438119967952096	-0.11732283598622732	-0.030832264715487414	-0.14002145171461453	-0.6660669502335871	0.020566708840176574	-0.13795858640896874
ENSMUSG00000061637	-0.025651628170432157	0.01605787864247943	-0.11090616179373342	-0.055389057177397026	-0.0740401201709471	-0.713812654722416	0.02731134070471107	-0.1670587189247008
ENSMUSG00000040327	0.06551728963933222	-0.23087424779846832	-0.13244315059392756	-0.5958138644720532	0.1010090892238045	0.7781680348265803	-0.11321973056037553	0.230035862481297
ENSMUSG00000071662	0.06176426150937095	0.07902007343590052	0.5879080299389389	0.0010359606405698774	0.05837529133851389	0.33644341131164474	0.0367819721273505	0.016396830554146584
ENSMUSG00000075061	0.01981809274854951	0.06602939166962463	-0.14975874674132753	-0.05470818774041986	-0.02635839246477553	-0.46508948205184164	0.027471793794919104	-0.24747206487196466
ENSMUSG00000086204	0.026092360821157127	0.10308948251490586	-0.22342253020536332	-0.04005427601152679	0.014578181740004248	-0.24479597822429763	0.031564489001136245	-0.13747956146115942
ENSMUSG00000085742	-0.07476788923719574	0.06078085040118433	0.49908243011763037	0.5202310491685542	0.06259058338644284	-0.14302789632691773	0.039612273404973836	-0.027581732415566607
ENSMUSG00000050201	0.18130848012199147	0.011350991504591679	-0.29869421601483326	-0.07343026016405903	0.0267832076250982	-0.1387347097472327	-0.07210641272883278	0.10451669650299852
ENSMUSG00000026832	0.04064962540167826	0.07674767692678955	-0.10108951948028733	0.060054739586847185	-0.06056242619590841	-0.44536811642866164	0.003039174639782427	-0.211387561257073
ENSMUSG00000039753	-0.020643752651721945	-0.013089364858679231	0.017824665385473618	-0.0994948939171873	0.06820899051478219	0.07084992782941185	0.04356320630583323	0.08651311308722298
ENSMUSG00000093383	0.030625702769644127	0.044037357789924375	-0.1667112757038618	0.05627857944401914	-0.06639424638650712	-0.6996422673431322	0.007308346204051297	-0.16805530135013616
ENSMUSG00000094673	-0.012641724784804041	0.04944122326813269	-0.19168972522882083	-0.03465676030300072	-0.0016619188297000154	-0.6136157929660156	0.03019945411160217	-0.19544770103754439
ENSMUSG00000019558	-0.028598018656674218	0.02944351517426759	0.4570487107887941	0.2700335202233794	-0.19605868474433055	0.12000870682870335	0.023672752495391473	0.20563941957103213
ENSMUSG00000027933	-0.05983297976019597	0.043830309889969256	0.29925406855092845	0.28498539230237435	0.021633849157995648	0.5769851044918058	0.04903801041882749	0.08446600982572688
ENSMUSG00000049811	-0.031700801657172456	0.11581156424603758	-0.025633371875468658	0.5268327111108896	0.023983153216896622	0.4351511337978578	0.052289514707759235	0.09259611718237788
ENSMUSG00000029659	0.015618154669776514	-0.22850825048030057	-0.18944123042880415	-0.7692642373702263	0.03291784153094346	0.6708928965522132	-0.011878272062655515	0.1992786853634429
ENSMUSG00000045345	-0.08169759172764715	0.03472060530633949	0.19449431172070822	0.11579494552034159	0.04046190990766744	-0.4493440839114146	0.024170220365116294	0.004158950092904401
ENSMUSG00000038172	-0.04631478313656544	-0.06205618229453179	0.1856244116228743	-0.017292956516520963	0.07268007263139825	0.7355830767999192	0.058625252404811576	0.19939581160609804
ENSMUSG00000110663	-0.0007079259473374983	0.0580772577636646	0.08193476363300459	0.0403928657213354	0.0626806047035198	-0.12903762384557976	0.04417365502291212	-0.05770947337820585
ENSMUSG00000031590	0.09083787005093624	0.07916693016920966	0.5315491284747146	0.07277739208893896	0.002959322768040673	0.08800398073292294	0.02392788087242626	0.13970933031884503
ENSMUSG00000118611	0.0006775500253501932	0.0691788788003137	-0.08185757747609428	-0.0500045518712944	-0.052657761849519105	-0.5543773194607178	0.034829186692813485	-0.13281425390172433
ENSMUSG00000005320	0.02196105821703337	-0.15103266001602278	-0.09895981442149196	-0.46022421731813046	0.14694949266640744	0.8277037989105757	-0.08402706923040704	0.2644529087888893
ENSMUSG00000053192	-0.06574942963778914	-0.0925981587302232	0.1391706762850427	0.16274174154254065	0.14539961288432982	-0.11674429400014846	-0.017612315719103155	-0.02687138916121094
ENSMUSG00000093858	0.054765452453984995	0.08773849169003334	0.24243285253897018	0.2991316923844384	-0.022228444010851944	-0.4168423154594314	0.03495457751531677	-0.21248584899700823
ENSMUSG00000027427	0.10541914098255466	0.04406449179403231	0.5260688807187351	-0.144331021354007	0.036143559030244174	0.5555632786015249	0.0580398822352815	0.19724833196757732
ENSMUSG00000042116	0.16910504216385192	-0.08961818027352453	-0.2265267472030198	-0.43679133913038165	0.11154365869682119	0.6095165917673927	-0.12881887084464447	0.2991564371030517
ENSMUSG00000111471	-0.05828527025283629	-0.05736323247844671	0.21384539850704345	-0.0781484385797381	0.03852360036863068	0.19972762708827047	0.042918663364508246	0.18769296200312777
ENSMUSG00000045100	0.021565707714170365	0.07847289046644965	0.15930469852920368	0.18563418715030972	-0.012485929871904842	0.6849000378544479	0.04508174376939293	-0.010659789606707548
ENSMUSG00000040467	-0.08945305814912384	-0.07647205166649224	0.06345747912720745	0.0114107283940207	-0.00943257792906449	0.8400472954786105	-0.017925145226431006	0.2261128708916434
ENSMUSG00000114206	-0.0270146748179407	0.07747401202663151	-0.1789665878578148	0.09432272594220191	-0.03251357698624585	-0.5985575696551954	0.024588091044803972	-0.11498522567701035
ENSMUSG00000057729	0.19395545986445212	-0.22273967509881895	-0.1927647644205048	-0.6368452419809157	0.14556691434916463	0.882838520819169	-0.19353960765670597	0.2491187663919956
ENSMUSG00000110677	-0.06660855407504415	0.012520107795670588	-0.1493434459558513	-0.12485085601365312	0.012679036600335963	-0.2319446871345767	0.05131250512624414	0.05568101572348517
ENSMUSG00000102379	0.03270888079074918	0.06684053354501904	-0.18810500049133036	-0.04600552963146674	-0.050316198739048	-0.5589017211328037	0.013469745167449698	-0.11825249395135799
ENSMUSG00000069808	-0.05448422611881174	0.011256928523377674	-0.05299576999219286	0.12568903979740653	0.09635827770630487	0.689112312164067	0.015205847509791655	0.2591919980410902
ENSMUSG00000005958	-0.08587431829547854	-0.10351975101307487	-0.006841616638672776	-0.03525836695474127	0.10321345011081315	0.8339016045156171	-0.07000982323649542	0.2452914488047787
ENSMUSG00000114922	-0.07001666009926256	0.06772098847408722	0.28294185518495146	0.5388003106556818	-0.031700349596666066	-0.2903026179684996	0.03696121098371417	-0.08538923034972923
ENSMUSG00000101035	-0.04926141383301152	0.06320264288392757	-0.176457359558507	-0.0502952003167491	-0.08603655820181692	-0.610098038064857	0.004398889580077947	-0.11261715391046034
ENSMUSG00000092027	0.003928463434529572	0.059960439808182595	-0.10910694001736053	-0.060585514597238176	0.007771101335094138	-0.7348063520880455	0.04141945269499683	-0.12474602311719589
ENSMUSG00000026504	-0.006813841493584105	0.1106549001856685	0.0015329349364983052	0.5275504377463255	0.018979609218514184	0.8283516928757241	0.057160089817418845	0.11154873990782228
ENSMUSG00000020642	-0.01847350691130978	-0.09207799625286552	0.129242020556242	-0.3546489791585617	-0.27293591892670876	0.8308488212554968	0.10167893872110761	0.20930710697235796
ENSMUSG00000031433	0.13755872595720922	0.0640695534562785	0.22684718482920924	1.0543945346497832	-0.13596110366701278	0.06708299414053578	-0.06755082020270506	-0.018596291277748422
ENSMUSG00000071065	0.00575553024342004	0.05481550897671459	-0.21405503052046226	-0.09631469695826304	0.0002996671007668983	-0.5643122369283304	0.03357608360082588	-0.14161743484759717
ENSMUSG00000104314	-0.018792554794649637	0.07670816169504814	0.10845536734662782	-0.012764489662322631	0.027063285916346238	-0.5212147316723709	0.04404852523434917	-0.1654770730732303
ENSMUSG00000055839	-0.011773286467896105	0.05900473464478784	0.3408431594516601	0.4731152677005002	0.18987305992494496	0.7883359739764209	0.05147972802232821	0.043608625297720686
ENSMUSG00000087540	-0.020737712042254487	0.07563411919858469	-0.13974913832632113	-0.02906640527443864	-0.000435238293616802	-0.7407708594027236	0.03169051530151234	-0.11444808286885104
ENSMUSG00000090355	-0.02040658913795554	-0.0279947482070452	-0.09762745775298329	-0.02095410485795252	-0.12030133709616113	-0.7007360028251377	-0.0029068056775045648	-0.23970200201442224
ENSMUSG00000078815	-0.056089410036216286	-0.23406552506180922	-0.010465224214782798	-0.33942542428401296	0.030243678889109983	0.720313626209297	0.01056198566960485	0.2853876004174995
ENSMUSG00000022375	0.01153323309662313	0.07786010246661354	-0.15901787942777754	-0.09136552536689196	-0.05089163542564871	-0.42411682824243324	0.017569459374133373	-0.07624388931553969
ENSMUSG00000037406	0.25798542398273805	-0.3026704325522879	-0.21483959477773923	-0.763779205059491	0.24580800148731882	0.9576056689125236	-0.3644531295953357	0.1469154341081998
ENSMUSG00000021149	0.12902578993341743	0.04470097628654969	0.37977208180425	0.41014209134950397	0.048529055797393784	0.6827576248282899	0.040894035555663955	0.07031987907486534
ENSMUSG00000044017	-0.06857591720892696	0.07083215182002416	-0.11235987863981468	0.07852317534587137	0.014923604186959372	-0.4112663770612344	0.039568557721845546	-0.13871305773413056
ENSMUSG00000097218	-0.0010017628607562612	0.07901052605102725	-0.17159128196648407	-0.08878176269097222	0.02048433108040284	-0.5849620478303904	0.03871497553928432	-0.13607527804602804
ENSMUSG00000106411	0.0137189327701852	0.052780140166284996	-0.18544955329898205	-0.05574441236056269	-0.0521898205904546	-0.6073442993854682	0.0069183239940975305	-0.15598578592725082
ENSMUSG00000011382	-0.05181963905531857	-0.08545455451103486	0.09571186789974966	-0.0178664428410108	0.05960715425023459	0.6545840966239649	0.041984942690230766	0.26007244619344966
ENSMUSG00000115190	-0.036925075955213285	0.07001157812617234	-0.1931015784898362	0.09907340913989028	0.012988124007057178	-0.5482225878171999	0.037211288676603865	-0.09403839415663016
ENSMUSG00000106542	0.019113840113993863	0.05727830040647342	-0.1690661831514558	0.007553878540597747	-0.049007765634706296	-0.7100804568428539	0.010871966405793005	-0.13348282725899377
ENSMUSG00000101893	-0.2508278455007924	-0.23356613076129515	0.3338123164192328	0.5930706999586267	-0.3948976699452076	-1.0670218133223162	-0.17543510137608676	-0.44561565014367893
ENSMUSG00000032850	-0.10687172652358785	0.012416176360018683	0.09534329823671978	0.33213607378895194	0.012473088817932658	0.5005104780074426	0.03601871196666546	0.0934747007337565
ENSMUSG00000086168	-0.043733363900667996	0.05954288555803726	-0.11641621264416585	0.11365767512512304	-0.09542517221463019	-0.7927886642529465	0.02277717763274223	-0.09470652146655653
ENSMUSG00000094370	-0.020163846625187606	-0.19524262226080574	-0.11053142695516488	-0.45999107775569903	0.10615631353655176	1.0422255010662203	0.009367673450693337	0.18889734558989124
ENSMUSG00000035107	0.017758799020127093	-0.026158638255176177	0.12177196564556436	-0.08896905475733496	-0.024833640993994655	0.7146978318160999	0.06877109273872473	0.2984864134399721
ENSMUSG00000044923	-0.09205732353493298	-0.12081953427636462	0.1043500851682988	0.23305070852950116	-0.1951317861025035	-0.7884823783629321	-0.05196559678571931	-0.4251494989836844
ENSMUSG00000059981	-0.08726965054792332	0.014214218918250143	0.21340284493641543	0.3096134603234322	0.05089464859319074	0.8649799752164596	0.04997626335551454	0.0544611768039555
ENSMUSG00000055368	0.05987270776501011	-0.3396776228501488	-0.179158809669028	-0.811555888772424	0.1067617882497084	0.9411355596537629	-0.1118272049404805	0.08635113607579761
ENSMUSG00000116061	-0.03580055824344507	0.06333268686805678	-0.006683052601454409	0.04277455774498824	-0.10372754025034918	-0.5871435527732519	0.017630328455826173	-0.1951640287766739
ENSMUSG00000030614	0.02684066095230797	0.028175170826709506	0.26070782558994626	-0.19087277928807933	-0.09050769307640398	0.7549237221977189	0.07243009781927882	0.23137008388396893
ENSMUSG00000075064	0.03530657177094292	0.007930743607452495	-0.07661618373842217	0.17623831053377678	-0.11797030631709819	-0.8075413704325588	-0.010672285852796396	-0.2231135672100386
ENSMUSG00000092157	-0.02939724872625876	0.06383387113834174	-0.1194545652007848	-0.04846371272740825	-0.08905659795680579	-0.7034853609041802	0.025356829367413125	-0.042580017495697356
ENSMUSG00000028976	-0.09503043200468636	0.053008786000807426	0.04317929749129795	0.10268318037660183	0.056658531800231934	0.12278048048406179	0.04485627276343194	-0.008520415888531918
ENSMUSG00000034450	-0.08461846562815077	0.062377392910660114	0.045222334909644946	0.3840073098773746	-0.00933023852966908	-0.11711348205550963	0.029492606246191534	0.005344108141763504
ENSMUSG00000031734	0.6893025308197539	-0.15796709917770504	-0.290855834160243	-0.5969655536849946	0.2093760033288038	0.7175388471923697	-0.6668987706684019	0.24322625136864973
ENSMUSG00000075214	-0.12239921264539767	-0.13222122777806442	0.047069659971956446	0.14746581381630372	-0.1682515121570358	-0.9411694587793676	-0.0212866526085695	-0.2426114589148662
ENSMUSG00000027573	0.021025885157604174	0.03448173515189754	0.4034322687938626	0.2546371529768009	0.11397533143078019	0.6279895014385928	0.056031652420262285	0.0556318214233423
ENSMUSG00000038312	-0.05240835514501741	0.030110031831106623	0.19882829587041614	0.0942322102545131	-0.018893025891848048	0.5046905943103295	0.04982255165757052	0.17080376022720847
ENSMUSG00000117647	-0.05208452782811027	0.06469053929064604	0.02975868506591609	0.0005638892765482129	0.03254086433454707	-0.05084514163895245	0.04355270800465258	-0.037551265453470116
ENSMUSG00000019775	-0.039079267928004785	-0.15343570478262028	-0.16280997833730568	-0.5501003824996218	-0.0179970420892806	1.0005968463235733	0.03403679390429085	0.1462056932080397
ENSMUSG00000087071	0.07331946173114347	0.07776590863628931	-0.13165419208108586	0.13250229452939777	0.10387798334628409	-0.7202582746254325	-0.002475308435809398	-0.012935934589779268
ENSMUSG00000118338	0.007196367651365332	0.05557611690421889	-0.13664533156551698	-0.039071566338233346	-0.1476680352638412	-0.681512583589641	-0.004577910509238332	-0.11999998028552179
ENSMUSG00000092474	0.19160393075923618	-0.1074000800565721	-0.09780469687027404	-0.41135830637862036	0.15754593140341272	0.970481502465229	-0.24979415557424248	0.2887467585903227
ENSMUSG00000043727	-0.025922329846178833	0.06687034979533517	-0.19057159447238067	0.052110277546546804	-0.017901167283171704	-0.5182686255556811	0.03500341026416742	-0.10516649772513562
ENSMUSG00000045980	-0.10413386279866386	-0.019245850897822676	0.04997986661527814	0.158475592003305	0.03783786104877859	0.5153944323299454	-0.0032297315733653686	0.18306611324412375
ENSMUSG00000100231	-0.14626405916913593	-0.147394388716776	0.19563062875436196	0.4395719705559704	-0.33865185220330246	-1.1232381529735684	-0.07036747738048388	-0.32721868732245823
ENSMUSG00000034457	0.07932741660854473	0.010924778423225479	0.7589647089973757	0.7669037718945848	-0.13343601970015254	-0.2620020129743978	-0.12291635527835068	-0.3025590466110062
ENSMUSG00000105304	0.016847548007040608	0.06455251405239694	0.12979473546290765	0.25974136038255274	0.05929202975212178	-0.5012250399036222	0.02157686821686377	-0.2615861117934364
ENSMUSG00000114516	0.060326439756876044	0.11321184318761902	0.05170257400311468	0.018568847838133236	0.026637747829492884	-0.021277695549099807	0.0343466232677947	0.012810832301222328
ENSMUSG00000027357	-0.04862647661608266	0.013261613483645173	0.06025003941645576	0.07334689393733156	0.012435998643293507	0.7183142213170077	0.05075802386354808	0.25186856868349006
ENSMUSG00000024897	0.003593282813159071	-0.10083599831679635	-0.08511976066553806	-0.29969709560783414	0.1188747270206226	1.0748143449742986	-0.031561723963942544	0.20488963581355704
ENSMUSG00000113533	0.03967110618742415	0.043965418305900665	0.13927781866572347	0.21345544537004432	-0.07489147610073149	-0.6966945582922363	0.006312730560755764	-0.20065099165096104
ENSMUSG00000061653	0.03394706430966175	0.09502053439563209	-0.20011714752855606	0.010924515655762357	-0.01210252615841104	-0.4378242243015949	0.01187367792634588	-0.07123577234285575
ENSMUSG00000045575	0.003278320252114608	0.0654698428449677	-0.2185925667112144	-0.1266020533809914	-0.03591105743384362	-0.5034854387123566	0.03144838073686089	-0.1439860568335529
ENSMUSG00000055334	-0.003210660091029993	0.0406110499992829	0.20118496558243953	0.290109692295377	-0.004142554404946583	0.5961503226169491	0.05167433596142216	0.11250483639053295
ENSMUSG00000018770	-0.0012205020438349479	0.041694184173182956	0.3643149966013371	0.32822589207757885	0.10906909427999469	0.658689459438206	0.05205458845408966	0.09127478013021494
ENSMUSG00000105782	-0.017729602670782593	0.05807589355960711	-0.06014441820799603	0.2517712727152251	-0.0873008746327583	-0.482788853473788	0.00279776321943237	-0.12946796914789546
ENSMUSG00000032999	0.000931741847731371	0.08604694016855659	-0.22758569890323832	-0.09023714955064957	0.01173492561005826	-0.4600023771119162	0.0459451272654172	-0.09286751562009717
ENSMUSG00000068739	-0.12699509090700797	0.03414590454412305	0.031087529219641957	0.43403180016070475	0.09149862903616955	0.7516536906711977	0.00490174140659283	0.09858464540940126
ENSMUSG00000039676	0.02503342719210399	0.1533078076780199	0.03733497401185498	0.4032783883886143	0.032744221413777044	0.2585380975974396	0.03141711311044242	-0.05854865284718713
ENSMUSG00000032009	-0.0020806221508680167	0.038343386312053626	-0.09506311462800655	-0.2009615451858465	0.006066381955354006	0.32685004458405337	0.05045953693840181	0.16340926209192516
ENSMUSG00000085151	0.35458563009379634	-0.23183676454264274	-0.2156942636520554	-0.5828940365685731	0.21763980648203235	0.9600883425708612	-0.4768641592362739	0.27794496929945556
ENSMUSG00000101463	0.015406269481833561	0.05161119493092515	-0.13449212630953078	-0.0011091297361327523	-0.08567978716363574	-0.7719358246591522	0.026211027084857213	-0.13465833420034098
ENSMUSG00000115217	0.03170210549786479	0.06412618811914009	-0.10358835809260801	0.03448653725240179	-0.0315707947086209	-0.7797864454202543	0.03763512092461987	-0.14993769143635266
ENSMUSG00000001348	0.11395523093019809	-0.1287328750378743	-0.1850032993628483	-0.25504386327850187	0.06723778112701095	-0.14574587110229664	-0.08530453862356806	0.10217723438592621
ENSMUSG00000117102	-0.021387365971594317	0.0618309143755334	-0.1154308530541504	0.01289736593537083	-0.06472238877050014	-0.5888875984652222	0.025281453188160594	-0.14803263539178185
ENSMUSG00000046415	0.005111834140260868	-0.3151217171788449	-0.03804045114243494	-0.5781591599247409	0.17955908165574486	0.7507718944337693	-0.04872462230910069	0.2488745702847563
ENSMUSG00000087618	0.5473995667297654	-0.2325169426591437	-0.3736615596929106	-0.7742888238110018	0.2015572909160139	0.873894149644444	-0.5512682743265606	0.2965691912017015
ENSMUSG00000092004	-0.04966176345037269	0.05715672552455154	-0.15777454642156719	0.07257417207764244	-0.013659341961045679	-0.8545730779685723	0.028198975350618535	-0.0917953439949531
ENSMUSG00000112522	0.010089634304966899	0.05115185191274439	-0.16912935741610727	-0.015593980316965692	-0.02624071128315143	-0.7726692088835653	0.026526995864657815	-0.08457329846988083
ENSMUSG00000044948	0.008194932974083191	-0.21239110182321438	-0.11314695823973903	-0.5738958516096804	0.0968458380943311	0.9961042728758834	-0.03690704027943306	0.14120559716346054
ENSMUSG00000098391	-0.022714801040474856	0.06881472319041913	-0.13023571704985237	0.030036373378868664	-0.03385897795619947	-0.8193688172712911	0.030654377686580376	-0.07559542445340996
ENSMUSG00000045826	-0.08184662247671735	0.010057368653904497	0.2139902471875179	0.32712271935274606	0.07708654101163105	-0.3568675332350754	0.015802810816864667	-0.015875007532796852
ENSMUSG00000086557	-0.0495887748366541	0.13916194393987608	-0.20845067426427943	0.012932885576455055	0.027802194451303375	0.05659730200503364	0.10136308993320403	0.08288801510874073
ENSMUSG00000075205	0.01555448196044451	0.06433390929342453	-0.1466994901962968	-0.060510920240474046	-0.05203764313074721	-0.5881883537943656	0.018799308732286683	-0.19312653264872592
ENSMUSG00000027864	-0.08691533297220812	-0.07123665143260963	0.15936438657103794	-0.012253941718832762	0.03207201604450887	0.7130416765934415	0.05862321514018856	0.27241523493162983
ENSMUSG00000027006	0.0847790709170262	0.05260700886120744	0.22762256104047915	0.09551020997879013	-0.03682707461457957	0.8161990652196698	0.04242720708784615	0.14968250827999824
ENSMUSG00000074405	0.1677672839640219	0.07262760105940594	-0.1816520117768881	0.7972989010057232	0.2728462833713458	0.37279398367919026	-0.1779664857196439	0.07629292335982865
ENSMUSG00000023289	-0.0023794949147248686	0.04384735999924404	-0.19174217900006219	-0.07551162859505975	0.0014919624599950554	-0.7130348336244211	0.0343745230834022	-0.08906055543182002
ENSMUSG00000035469	0.12585076857075625	0.030666158735099838	0.4019972234057189	0.3761986700377902	-0.3249183779505853	0.5426813890850772	-0.028847226617787713	0.09689193002762249
ENSMUSG00000101470	-0.06000186176317029	0.06693360629834458	-0.20627680272540685	-0.017686806822809098	-0.03485253118474898	-0.5318615934314653	0.016999196458479915	-0.15100632790378773
ENSMUSG00000053559	0.010520245002455153	-0.27144541939295885	0.0002236637215659032	-0.36124746791249923	0.24583035237569323	0.9661405593019493	-0.21170921942945103	0.24003598334339843
ENSMUSG00000105560	0.015354625019449952	0.06189967298270908	-0.11937160272504262	0.02943800689317797	-0.054321261388671785	-0.8275378996458816	0.02795160453323275	-0.09769514257132647
ENSMUSG00000022157	-0.024780408423522134	0.08469781669539782	-0.10696750845861079	-0.065713664042401	-0.029571979199703585	-0.49961082113484395	0.035158926042017535	-0.16030168946589207
ENSMUSG00000051827	0.03601024918848228	0.0513219395135194	-0.12605147275384843	0.06631832828299364	-0.1028882662831384	-0.7323020443662783	0.013938856665654087	-0.18021091458809171
ENSMUSG00000018287	-0.0017034253030003832	0.07829492342371225	0.21164181275936272	0.4680225294145526	0.15677433453722944	0.690618383905336	0.053546958752211944	0.10433515917696783
ENSMUSG00000021488	0.06922965814045173	-0.020797929920295388	0.2895715096012983	0.05711640804801998	0.09872230548530313	0.7961305616184147	0.08707337270642598	0.22716262263653467
ENSMUSG00000097761	0.03489885213272834	-0.19992191479025362	-0.14623944872540992	-0.53009160245168	0.09713814267144855	1.0310354785607951	-0.01366408664370422	0.20014829382290975
ENSMUSG00000071138	0.004081376525070901	0.07816412319945155	-0.19661051469167085	-0.055621473644940723	-0.011817036348728896	-0.5548731088211892	0.03811565495078745	-0.08955245708938271
ENSMUSG00000049092	-0.030927274090824075	-0.09166571738922245	-0.11194552310415691	-0.21600337509725137	0.04257098186838448	1.0356862228391526	0.03107401611419119	0.15022020018231869
ENSMUSG00000040746	-0.03671275969761201	0.08334492684918335	0.3100436086317679	0.4255848610881627	0.10483637871281423	0.5349155612250559	0.04970276514656579	0.031554250153855275
ENSMUSG00000110773	0.0292695151994358	0.07822099713742169	-0.14616647296595509	0.606215591536713	0.2101610027935519	-0.18293680345157	-0.00022608838872562043	-0.09371474160517418
ENSMUSG00000003872	0.2545575558943302	-0.04348979905860839	-0.22363795992867752	-0.3719748847976189	0.1333584773495137	0.8457564340920471	-0.16257476210659733	0.27983124233914064
ENSMUSG00000110185	-0.02221235087818857	0.11870537420795292	-0.03147083002393932	0.0769274806192231	0.10217111481717404	-0.47591939195669064	0.0410461527127037	-0.16165583028463673
ENSMUSG00000056509	-0.012757718152037047	0.0774543407546254	-0.11549046693165807	-0.07754924206612956	0.003264200473125589	-0.7029560986912583	0.037734836916830425	-0.06255931044852729
ENSMUSG00000117227	-0.0610787888165596	0.07409552413783328	0.08824749978871647	0.14113237063983103	0.015725604108265012	-0.5444405647108183	0.034302606189772	-0.10376064158808682
ENSMUSG00000115674	0.0055452093011017795	0.07678321528043429	-0.2072502060672801	-0.13206896965821774	0.0009493411616576797	-0.45680009841635943	0.03680664381931952	-0.16550358536027102
ENSMUSG00000055571	0.008001297143437294	0.056857569301946416	-0.19792077199126695	-0.16788595455981098	-0.03585468661899061	-0.3470798119275605	-0.0022453708039187337	-0.19371743358769908
ENSMUSG00000038388	0.010991717161101647	-0.009644952700328169	0.11108362658186248	-0.17444616204126281	0.030031483196672037	0.837546578050408	0.07630480058614289	0.2856001846095475
ENSMUSG00000053889	-0.015546410746221317	0.048477593795432546	-0.08299272359920641	0.0743188407194666	-0.1305216581639678	-0.9268496929600999	0.03093356833460459	-0.12687271350874066
ENSMUSG00000028683	0.02442195198993582	0.005992623071761294	0.3326143006471454	0.07244816109434322	0.028184508915920076	0.5284054325246361	0.06430561272230996	0.19586524474267888
ENSMUSG00000099836	-0.22408886401753939	-0.11818999538593648	0.29535556551681075	0.3420146379519443	-0.5423690333826704	-0.8806243591017027	-0.1651777578817351	-0.429068096363243
ENSMUSG00000118376	-0.04549242194267798	-0.03600360922187893	-0.12117162589201892	-0.2125827586529173	0.072272695518523	0.3870757192718047	0.03442996717397245	0.24790772802593025
ENSMUSG00000052276	0.0125200617332335	0.05646752341115066	-0.17240317135698935	-0.05663055755468165	-0.0742010769948995	-0.7432992313343647	0.023535820263094677	-0.07304995717857679
ENSMUSG00000079334	-0.0722894818397513	-0.041938623638930354	0.19033630806611593	0.35029201695461476	0.061275819151214994	-0.08424180810463831	-0.02742747135072665	0.07801231955669304
ENSMUSG00000021994	0.45712825798164614	-0.2387198631489654	-0.3315488878113929	-0.8534425293158608	0.26300055696707514	0.823274153112877	-0.5997722726786368	0.2677772237788685
ENSMUSG00000106598	0.0006834642205244545	0.06924895065263	-0.15309655755721313	-0.0678098538599252	0.022168156785492794	-0.6167326649312119	0.038562165055175575	-0.19581625401999245
ENSMUSG00000025159	0.013920611217508276	0.006659387888545698	0.22739690424021586	-0.031721923994607534	-0.029949596720378183	0.7717860842595994	0.07252459467681878	0.22798528522653919
ENSMUSG00000097899	-0.04171656888451743	-0.047222416052899646	-0.20188598977712077	-0.4157319719723076	-0.04287409531611245	0.12656144771322464	0.054880696006495644	0.1251155188773751
ENSMUSG00000034908	-0.07019921205786804	-0.0726171373641427	-0.011547867845131954	-0.12352038075155355	0.06938272629559754	0.8615309547778179	-0.03106266537943894	0.2530338000639378
ENSMUSG00000100783	-0.07131592261337712	0.011457421404181635	-0.18553478686568273	-0.09466065260056333	0.03121872854309263	-0.07520736379046018	0.07140918219407053	0.005105830935119571
ENSMUSG00000045594	-0.03566458114987544	-0.015990540857616198	0.20959195281331386	0.23301343763358362	0.020865857895791907	0.7616712873223335	0.06586527994174997	0.13261215760475004
ENSMUSG00000020429	-0.051435663350681615	0.0707947939285525	-0.15249969125424598	-0.08374829300985681	-0.05680954173731394	-0.5854235893792722	0.0517436151809304	-0.04178118980335352
ENSMUSG00000073096	-0.07826943865509925	0.03661368332535433	0.04328749181908975	-0.11446544092989357	0.024990003709995268	0.42228416772951777	0.045670500819972315	0.3274614716762629
ENSMUSG00000004814	-0.04059154612233252	0.08072029739400649	-0.16003985459643902	-0.026817965348264357	-0.0460598105494121	-0.6907488509541673	0.038933664411290536	-0.04898700124735577
ENSMUSG00000112980	-0.08154562456537144	-0.09559222740326664	0.046325680754137975	-0.061940069232424205	0.15971321772322536	1.0100681247388	0.03633878931117285	0.10561386661603855
ENSMUSG00000109900	0.029465791466963747	-0.005573437336932607	0.2061808196435622	0.30389721379340456	-0.11167081704777936	-0.6241861228721636	-0.09781684188597971	-0.23003064190521902
ENSMUSG00000020063	-0.011208586677776366	-0.001002023102208649	0.2543584120596619	-0.23748876673479913	0.0920510279123428	0.3580537455067216	0.060642401665225484	0.2810515361780435
ENSMUSG00000117190	0.017110684545868542	0.08397786102715941	-0.11910756881193035	0.010476088385563576	0.0659822038034604	-0.578810051719324	0.03646092888283748	-0.1252703788138703
ENSMUSG00000022787	0.05482767921151463	0.05818340286258296	0.14465860965345329	0.3479588367976065	0.04925601193292106	0.7099321916928906	0.05533042292067427	0.13827950242969042
ENSMUSG00000023892	0.07055144934364224	0.11484339260357611	0.38485588938782533	0.25119789841496376	-0.02273006167895496	0.11657757505143106	0.006243503483078339	-0.09869391027732406
ENSMUSG00000113734	0.0026368722853049587	0.0325296473917719	-0.15170168148376864	-0.05547200827325502	-0.0859758962170429	-0.6800754322814717	0.009042576012686876	-0.14429191032748445
ENSMUSG00000029206	-0.029902727342378022	-0.09354937451844912	-0.14060667789817927	-0.5054101186700878	0.026036112552561004	0.6384439299717913	0.02552058393597187	0.27835516733078314
ENSMUSG00000106396	0.015440324277803924	-0.2343894966560226	-0.17527814387999488	-0.6246118852800917	0.13745132047965364	1.031388076189066	-0.07855789938237236	0.13010520194513267
ENSMUSG00000022076	-0.07464917124783116	-0.17147613435556489	-0.21488390189341558	-0.9103045721808961	-0.06065901813497555	0.6437211753161486	0.08297931830868288	0.18902060027332213
ENSMUSG00000024165	-0.00893235138511761	0.00531629014194373	0.3122906685808412	0.3238478541674035	0.016745659461802294	0.6006282739841741	0.058075054943678574	0.08236677147989863
ENSMUSG00000092429	0.0041204983382100435	0.0685721788108292	-0.19215242216539355	-0.10283838017968391	0.05243120158987056	-0.5933744403161705	0.03721924494558163	-0.10134395576067952
ENSMUSG00000105293	0.017671074885231564	0.06307537721121101	-0.20522274909542834	-0.054508491723289906	-0.04196567930361079	-0.6345811181936268	0.03236162319960963	-0.09929132894546835
ENSMUSG00000115376	-0.06840603722381071	0.07740715302960739	-0.005057868620438943	0.05780594150813981	0.019757420749225433	-0.49914967037518	0.036854951872042296	-0.06197509115958047
ENSMUSG00000075128	0.019357536134953723	0.030160379674255593	-0.22738072190079622	0.07301029301737157	-0.02434338399723691	-0.5087858943157171	0.024777480716355656	-0.2621156677417018
ENSMUSG00000040663	0.3559170733786412	-0.2471357582901309	-0.22063061280533017	-0.6987357385678299	0.29497276308683945	0.9013263295969788	-0.4862743135591141	0.22269611408983747
ENSMUSG00000045009	0.14632755245428727	-0.02651651396212945	-0.21065688426393098	-0.31484572704540154	0.12878344709818662	0.5113481369914645	-0.08681960389834663	0.2791024561246708
ENSMUSG00000068893	0.005367475181724979	0.08151522255976275	-0.20304250240341964	-0.07398930155723102	0.03703281826577443	-0.47753739785353744	0.03802641334133316	-0.14885959561443368
ENSMUSG00000040128	-0.02380333557039127	0.08250640581243829	-0.10451312077506003	-0.10462145720878563	0.06973716109243376	-0.5630739462972184	0.03705529500315851	-0.03320999922977179
ENSMUSG00000070820	0.03431993095504041	0.10686917952524619	-0.2241539134489503	-0.016019090480572817	-0.030944190842664258	-0.5828955138711189	0.031573221805695446	-0.05995164112532046
ENSMUSG00000103994	-0.3044212500273173	-0.28820461358307015	0.3420996779488377	0.4306457414831161	-0.4616086099427502	-1.1010821128629789	-0.10911605824263826	-0.4596258738560331
ENSMUSG00000110976	0.024024753612772533	0.08529450736013701	-0.07575868330490222	0.04983891479113741	-0.0117302829518795	-0.39727888402712935	0.020187360304227783	-0.19369776309290576
ENSMUSG00000097063	0.4063210285157054	-0.31855641307681	-0.23810479496588374	-0.801400731770578	0.21051359066705147	0.9950152244608137	-0.4098827227770377	0.193404992491497
ENSMUSG00000112895	-0.0010679035908321977	0.07810805709134021	-0.20338820153971549	-0.11597380894412304	-0.012692395767520572	-0.5997146532593495	0.04427936079954591	-0.06636031090266636
ENSMUSG00000021012	0.11372882353797997	0.06573331143866361	0.37935085822304704	0.29444800091045215	0.009251044909189154	0.46539994673902046	0.03799185197780976	0.15915816617782988
ENSMUSG00000057551	0.050060832238526615	0.10301434193156885	0.34871515453663726	0.2760156821898609	0.008175111100300737	0.0505790077050969	0.007718059551451439	-0.23444151235437372
ENSMUSG00000071656	-0.05497115986989467	0.09968020976313598	-0.011246074541086615	0.2251696425818729	0.00615830952573629	0.02067301588308786	0.06753725126405384	0.030085883312213547
ENSMUSG00000103733	-0.009389212741129607	0.07112596033782696	-0.1992366559652555	-0.1882872042030361	-0.09502647378929498	-0.5286867665546516	0.016823481346623148	-0.018898309136993665
ENSMUSG00000054753	0.00988274117944965	0.07830989774379941	0.47241580732752136	0.6596319109688598	-0.0016739455276258974	-0.35710237688503277	0.019367226454686814	-0.16398672322519908
ENSMUSG00000118531	-0.028227263541669538	0.07041430355822542	-0.15100262961849373	0.012212656936497313	-0.022401732665403847	-0.7808012735983841	0.032365802771056155	-0.07100348565262801
ENSMUSG00000112540	-0.04579539726251298	0.06949634925808235	-0.18213938309516273	-0.033980581510883165	-0.024033729351227162	-0.39416284552085856	0.027704845431786418	-0.08626061194157357
ENSMUSG00000051329	0.07243632055691912	0.061977782989581724	0.7159837273278247	0.043422134214660686	0.04083558073046581	-0.28487601582904826	0.036347888447393006	-0.10353983936282427
ENSMUSG00000027690	-0.029507949047697088	0.05608071771256489	-0.1443378205612111	-0.10534771687939179	-0.01320522034240666	-0.654624592085946	0.036373477263535715	-0.011116081667245203
ENSMUSG00000095773	-0.01422112060466424	0.05793312296476612	-0.20327101703387038	-0.10501188688631397	0.004993391562288729	-0.5347088399022086	0.03440012513924037	-0.16017329804338548
ENSMUSG00000085723	-0.08644904551186904	0.05731395432878311	-0.1203211952209612	0.10032907505740395	0.01894401401469296	-0.038819353083099056	0.07029977104543782	-0.005321854958402653
ENSMUSG00000102685	-0.00046859946347965753	0.06729176950581632	0.002034383434344184	-0.000711006095117239	0.05139937651186809	-0.7290352802113377	0.042910679899657085	-0.20268544624322898
ENSMUSG00000023505	-0.08639276742932056	0.08466914133531718	0.28435233679622146	0.4622795075407182	0.10748268766644777	0.27860824160700487	0.02894032115957352	-0.047576687326667644
ENSMUSG00000102979	0.01082976481621889	0.0656926417833746	-0.1640694869018434	-0.054432524876360404	0.0204103645384832	-0.6368142284138438	0.038996757543814264	-0.13492966296711703
ENSMUSG00000005881	-0.013886492406164797	0.07305372679476801	0.5098668233904833	0.22955684888211894	-0.04563600152697382	0.37619532662686	0.04060793584056695	0.023027968850175634
ENSMUSG00000093479	-0.009730834319041759	0.0711036629997607	-0.16654079241716077	-0.18068516960297074	-0.02037811534841834	-0.6213428150140966	0.040547524260353046	-0.05497243982543296
ENSMUSG00000031283	-0.004087242143978228	0.00999290512023091	0.05600018264208849	-0.49942448551313096	-0.35314377127669905	0.25243225434921596	-0.00340835740758047	0.3119730055458078
ENSMUSG00000078648	-0.09886081264617089	-0.100889745045324	0.0056308870175957315	0.18556432351770114	0.05839394145586082	0.6150759261331679	0.01835757001748125	0.09261430530556855
ENSMUSG00000085223	-0.05277454298702114	0.06424580591359104	-0.13803081312440638	0.13115677438059287	-0.0025623781655222944	-0.8012792846396909	0.02721943405858809	-0.0680133752806842
ENSMUSG00000039646	-0.10612301883103059	-0.016533003647786527	0.04395932751650383	-0.008966168095505544	0.02061440822305102	0.4274848758835132	0.03707494536178197	0.12379965760310467
ENSMUSG00000097080	-0.03590399369959256	0.03423438759191052	-0.06769872153008771	0.46154824827820373	0.12617398204338498	0.8040006845225952	0.0004439920563217292	0.040128896491161185
ENSMUSG00000042747	-0.09254148119730025	-0.007262281633710677	0.01634689987501041	-0.007849671279985006	0.08701973066816727	0.931579711502983	-0.047157797147230326	0.151967334162282
ENSMUSG00000089849	-0.033400774969903284	0.0797952953317291	-0.13103552332574872	0.007348796855802586	0.037092462068251286	-0.7559543889348765	0.030526882325781653	-0.09571216030825984
ENSMUSG00000110730	-0.05820754425044899	0.06933217045486245	-0.12838592521408596	0.13718845490963857	-0.05094377529371745	-0.5965637115439723	0.03024278839876371	-0.1375795823846335
ENSMUSG00000113800	0.003838095126096175	-0.15042000177786122	-0.20783868325969426	-0.5339002348349977	0.16050505867469395	0.7062480006990007	-0.05330356590010878	0.2612141609210018
ENSMUSG00000000983	-0.0038006123311418857	0.07639620179057378	-0.13118910525589955	-0.001017890060593163	-0.032440003794693424	-0.4430535662330332	0.051234917195042654	-0.17021428682634726
ENSMUSG00000107352	-0.0864619816728109	0.09347422516349327	0.10655076443858344	0.0219296306047991	0.019638433100134994	-0.3878697566881704	0.03852523728781356	-0.05496551893142303
ENSMUSG00000025645	-0.11048284545738303	0.011647656184254118	0.01940205188585288	0.1970460685468689	0.03971367665802083	0.33157143784074966	0.0381989342550444	0.19685857105868992
ENSMUSG00000039693	-0.11159448850630883	0.017783645262200862	0.07671756515544186	0.1405895892889648	0.0938089149143509	0.5670990833175871	0.016598383241965053	0.19000044235475008
ENSMUSG00000022434	-0.07159881351622195	0.05136381150287251	0.027142634252883796	-0.03427004912806425	0.07345574156722084	-0.438382579366758	0.021470196580478718	-0.05419522000280297
ENSMUSG00000097233	-0.05448057841058113	0.048027515542325164	-0.07639501273174475	-0.028884972109627927	0.07076650127598214	0.6090315869708512	0.0219403124047103	0.2440531495568245
ENSMUSG00000027660	-0.002526699409119537	0.027161882708458495	0.15185037096634763	0.4859392645814568	0.048419448247074816	0.6754803565822273	0.05330363648410093	0.1540007813358432
ENSMUSG00000055691	-0.021548218672710284	-0.023545352041196115	0.43757651250685203	0.47855916682153965	-0.1253519681875084	-0.6469138957181433	-0.043660230535312775	-0.3814421070689158
ENSMUSG00000033429	0.06346051796133746	0.06624383560776628	0.12223031504782976	0.4773443469074861	-0.012253609553780631	0.5754191939866593	0.04213716428096686	0.10096288471051718
ENSMUSG00000085142	-0.019669861530605837	0.07648379819004583	-0.14623701445725423	-0.06312922439214279	0.02271506564124237	-0.4381069771939075	0.035762902399022786	-0.17452576967282843
ENSMUSG00000091142	0.026782880545175893	0.05757031541172575	-0.019142518123544207	-0.08383756610150102	-0.09509310538406071	-0.5633739554508803	0.002625471772648491	-0.1432656060205863
ENSMUSG00000027569	-0.014369045497280492	-0.03399765455780469	0.4239860466504534	-0.08270513875545721	0.13998577647408983	-0.21621984757133292	-0.035389907325895434	-0.049046899947932654
ENSMUSG00000092312	0.05202090628320214	0.06882595510915109	-0.1356705001206599	0.008892372766883887	-0.022132601425220024	-0.3414851645023539	0.005881196997409188	-0.17424985937557283
ENSMUSG00000057098	-0.0022186218115833878	-0.24755820780032836	-0.12222082432245657	-0.5061885522089559	0.13524729525267856	0.9950823698544563	-0.03961594838025874	0.13774220359655356
ENSMUSG00000097146	0.03455912415894571	-0.1921100319110782	-0.19625078033186052	-0.6895938861431337	0.06769569344412142	0.7643084755187923	-0.0313813370896287	0.21817890646699917
ENSMUSG00000031101	-0.05220392080681361	0.060635931492357326	0.08454206918499337	0.1299819763045697	-0.13368775476868203	-0.9794020597982173	0.028547220573945875	-0.045554751114841106
ENSMUSG00000115659	-0.04277253103485312	0.07153452883415673	-0.15538983304999884	-0.10347505635302957	-0.05535312623505858	-0.695542078504663	0.053792159778877885	-0.006604258579971822
ENSMUSG00000117750	0.023128633060266246	0.07254101298781127	-0.13720135538203784	0.030842131922217922	-0.04928075651432951	-0.6739331415695595	0.025347743386511117	-0.09343575127776034
ENSMUSG00000051316	-0.039694261492575045	0.031165309304070597	0.16367374280091448	0.1572645190472849	0.0508085514997541	0.5070563547976156	0.04973857675279695	0.10109664839514008
ENSMUSG00000061119	0.04862776703309821	0.1048153901570143	0.08606393871182702	0.38418164463345394	0.011787864078710868	0.6847993117724996	0.04296642034030934	0.010920972195013645
ENSMUSG00000029038	-0.02211684198987074	0.0408969800181453	0.23239645348429516	0.328748048194677	0.05594511953693074	0.666862657027229	0.05358756258907112	0.09686573759318717
ENSMUSG00000019433	-0.09720646037010301	-0.05296547583786103	0.03888243752915169	0.0034102463356551205	0.12166864681466517	0.769498900588018	-0.029866125784506314	0.16030068277968926
ENSMUSG00000069998	0.0008497135401517308	0.0727913226821132	-0.14316470471527648	-0.009645004775542696	-0.0064886728291604235	-0.7099087752137355	0.03460608246270786	-0.1620804910545569
ENSMUSG00000027875	-0.008669933097109637	0.07320145763244865	-0.14609458282559837	-0.04035845669106641	-0.0015096144343847984	-0.5543045657776118	0.03333567742647882	-0.05194396129035571
ENSMUSG00000105224	0.036260945553131085	0.05223266081797836	-0.0964256816220579	0.1031418160061142	-0.04624057521131695	-0.9307526431628231	0.036287417557493165	-0.09920145989308757
ENSMUSG00000109505	0.015735317817960448	0.07220196312066644	-0.1465912347218806	-0.015003967542233074	-0.12364482773588042	-0.6464298548535055	0.029881732171227457	-0.18512770413820012
ENSMUSG00000049134	-0.0702513175570562	0.04875021913819598	-0.11784503716840074	-0.08398946483411888	0.028070130734826778	-0.5493239731775359	0.03232907513635423	0.0046357924142793605
ENSMUSG00000039523	-0.06485908770554136	-0.042592019458900315	0.23028189430238494	-0.11834911728295154	0.021906117682451987	0.7597312112933678	0.04670764664796609	0.23425162621170373
ENSMUSG00000073974	0.010321071983293562	0.07146648940696385	-0.21019579046370612	-0.059685741467320204	0.006421613544700389	-0.5178951382153448	0.03481253779648332	-0.17633973594433228
ENSMUSG00000086998	-0.048938956946992435	0.05938391965230155	0.49220276567626	0.12400230230426149	-0.12025464430624644	-0.5437265316718745	0.0343767620902927	-0.05117063354345691
ENSMUSG00000026187	0.007687447413064152	0.07178186867093217	0.23073604875928896	0.32462678958494234	0.06720708383580422	0.6602196846935942	0.05170352796547485	0.04195041644761721
ENSMUSG00000106013	0.034209803654704087	0.06932490341924039	-0.1972643496934693	-0.0018523940832347874	-0.0095951192005493	-0.44263726017136173	0.019075918950897403	-0.17581417400724791
ENSMUSG00000106257	0.02386146872432843	0.03488980962862786	-0.1752900608582241	0.03470514907903258	-0.04793781767447501	-0.6457485540632656	0.001248607972865301	-0.19633548698693837
ENSMUSG00000032328	0.08921972314384728	0.09518985105041744	0.1609049389497775	0.1466315822193454	-0.00014250816207206363	0.6250284060683388	0.05555669026144864	0.1548111720979772
ENSMUSG00000104431	-0.18963646937405731	-0.21337049398244318	0.47624367249598565	0.6752243525089227	-0.4353147140037433	-1.1086869013506586	-0.21317423643968203	-0.3629835504456419
ENSMUSG00000117037	0.03892790603790486	0.10920229753955824	-0.03298486715012294	0.3335384186489624	0.013027410393620889	0.8667568305023454	0.03393342077850281	0.14243947300459014
ENSMUSG00000078798	0.020714268769207494	0.037537080482662924	-0.18006386552759163	-0.0298113716565164	-0.027881387584269692	-0.6514292099413252	0.017769409138052694	-0.15745468246154037
ENSMUSG00000049694	-0.05695679255822327	0.07472507120800509	-0.16518833237748573	-0.0993391192113987	-0.030926829813601616	-0.5463099434142696	0.04838698825824739	-0.06621559432581037
ENSMUSG00000021235	0.011278500370546896	0.10156558268319368	0.38513120698469583	0.08718793291935432	0.03337063831689004	0.1839607162678272	0.0510771889522911	0.11622838706213748
ENSMUSG00000117332	0.029921123151064818	0.0785477626746521	-0.22253266543511446	-0.06462691363664311	-0.05231955982271403	-0.44930516465269515	0.01904411567728781	-0.12362235057031863
ENSMUSG00000110767	-0.02914811302186505	0.07117983237456046	-0.10139532210904549	-0.0510296121238314	-0.0845411103832202	-0.6959607996039259	0.033001019572695744	-0.07742414696737093
ENSMUSG00000036639	-0.01425005947500213	0.06979430851954516	0.23522330875252453	0.37061010531948924	0.10568594756589239	0.5671746204902575	0.04354278541843278	0.10764079910568955
ENSMUSG00000042320	-0.022403448155312256	-0.2142395160992202	-0.10994196247852865	-0.39459687772510393	0.08803180096964545	0.8585657426831472	-0.012735116886958497	0.2665748735420531
ENSMUSG00000101780	-0.11539242849562523	-0.1522680014021955	0.2163857627826311	0.3565989706986718	-0.3716164906695242	-1.0287229791928503	-0.09498759052355686	-0.3754708800001114
ENSMUSG00000024764	-0.034742154838795836	0.016389759053542938	0.3430550710282234	0.16978328010313976	0.06371296743787455	0.7406865747093783	0.05907227017539496	0.06510376131542471
ENSMUSG00000035095	-0.022311926815910824	-0.1335685101463284	-0.06382640644999829	-0.5534506151040234	0.060123486463580594	0.5196858198638089	0.0017295486961301787	0.2708764398678521
ENSMUSG00000033149	-0.01231695740486431	0.07625618467695663	-0.16013725818042457	-0.012974233618141548	-0.006590768597565355	-0.6935553443823425	0.03613533427193955	-0.12746133941772797
ENSMUSG00000114342	-0.02414238059927365	0.04587262237204324	-0.24914828148343546	-0.26900113143990795	0.02000102681076093	0.15639737395544984	0.06010763525625107	0.11113306655522671
ENSMUSG00000085360	0.28745701410286023	0.006213245454629757	-0.26707286589802776	0.06863240244483355	0.15358495176908704	-0.4333002551197201	-0.3867107281378142	-0.02429096266718845
ENSMUSG00000100575	-0.274199184335306	-0.2010882493389222	0.3039972809521292	0.5802525209983711	-0.47324586194823354	-1.0751936320478261	-0.18867757549878356	-0.4306706811894577
ENSMUSG00000019659	-0.0921191757679819	0.04202496063528193	0.11807283657417841	0.19439353040839277	0.008456241279574561	0.693595346544221	0.04670673335185813	0.11349608319559633
ENSMUSG00000113336	0.021026531911930036	0.03938321670017696	-0.09954270126311206	0.0831008007308224	-0.15362278935047194	-0.8657767902732768	0.008758569845662922	-0.1315336770848829
ENSMUSG00000102719	-0.014598379200826406	0.06741950910582632	-0.14355112127352357	-0.17325498458469493	0.021563523374567527	-0.523673148963407	0.03956551752462547	0.04101640140417247
ENSMUSG00000030291	-0.015080249562314574	-0.03214687386535903	0.17557489574604068	0.10751436889172027	0.06066421625491944	0.9344259216881121	0.08156844854954848	0.04822748302895187
ENSMUSG00000113109	-0.019940639662369725	0.04410844129839165	-0.13818266016628306	-0.3495446541132723	0.11173608385904875	0.6407655272414348	0.012363406798022614	0.33219612296855927
ENSMUSG00000115426	-0.04574660041740502	0.06488067449352684	-0.13119002585356251	0.07127971632653748	-0.11210411742608264	-0.708724066413064	0.023421044755312925	-0.07892583756231848
ENSMUSG00000043267	-0.05231613263936795	-0.08363059139367236	0.05734939252361246	0.004293501338828332	-0.20760762732832871	-0.7920957074490125	-0.004366670083657965	-0.2833782784860498
ENSMUSG00000018481	0.09785851174547863	0.02254533903049305	0.24884246845075342	0.2980718335684568	0.05141568116114202	0.7250217508536506	0.05956855245056313	0.1579931309356811
ENSMUSG00000089707	0.036200980672888114	0.1187211431219874	0.2754919912883218	0.26773058691583	0.010841106407994128	-0.29617341216931836	0.047934493553816876	-0.17019466688052604
ENSMUSG00000037469	0.022333253973297808	-0.18812985948813557	-0.14900883285795352	-0.6630196129457657	0.0881365435769858	0.6482137477610765	-0.03580821640070698	0.23250164335538212
ENSMUSG00000086843	0.016463769188341765	-0.20180740996148208	-0.21100886714764377	-0.8349246107158587	-0.021466874820961237	0.7619129047097745	-0.004516830091406354	0.13705508009041675
ENSMUSG00000085405	-0.010704104308917883	0.08307511678555626	-0.1894401953072167	-0.09127037414431508	0.023462742413468983	-0.538226578191975	0.04562090040951895	-0.12152327517691142
ENSMUSG00000114005	-0.05497312660373841	0.05553155429337347	-0.121058892709178	-0.03926164977145347	-0.00882686912292896	-0.4595170590848094	0.03135711011004894	-0.09909740698928358
ENSMUSG00000069171	0.49290326658372874	-0.1902819255879001	-0.26100545648339396	-0.6131233874863059	0.2253902237860404	0.8213003653204446	-0.5784719216344331	0.24874785582187073
ENSMUSG00000116262	0.27332323718131685	-0.18101942735270313	-0.26403149318608593	-0.6472128605939692	0.19192046953812206	0.8243574502893405	-0.29996492978605643	0.3086851115559458
ENSMUSG00000033065	-0.10136585093620488	0.08072907932914225	-0.024037264497532407	0.2719962734851551	0.0783653738447884	0.40733716781577944	0.048501593614463295	0.2182946925949184
ENSMUSG00000025602	0.04012025270835493	0.0159799989181566	0.26429148050402546	0.3786259594495162	0.09172807979596055	0.6958399703636553	0.05859886607605426	0.10790006684411825
ENSMUSG00000114512	-0.003680670056239399	0.06987655812969311	-0.10256672340056625	-0.06978247472647896	-0.04757697898712689	-0.6583461973365013	0.03459173787619436	-0.0690972676655489
ENSMUSG00000090907	0.17019506158196418	-0.28042177256026035	-0.19238499406133985	-0.6644469981356736	0.2782847176444138	0.9273346809495958	-0.37698360678840176	0.13592473709322425
ENSMUSG00000105574	-0.033163841443924945	0.04667097251739549	-0.22150728601431785	-0.06256459858013444	-0.02124269927793037	-0.5418332458527675	0.04911799345863211	-0.21342626005494753
ENSMUSG00000063364	0.023217242925142614	0.10482007465116125	0.07099561545058068	0.5843480350647816	0.03603543671292666	0.25970526562476487	0.04302327169736853	0.004221831303256707
ENSMUSG00000020622	0.010022218471431749	0.05387107946700325	-0.1316327842698421	0.003022447401166639	-0.12618313318488478	-0.7683296985565365	0.023709764595958784	-0.14634981483025095
ENSMUSG00000031683	-0.013397837884655983	0.08382767901061718	0.30674832171229527	-0.017763214134149385	0.02064855105983793	0.5775660263933187	0.053609717333185	0.170245613893392
ENSMUSG00000091792	0.027954873776877737	0.08114715646801736	-0.22163769403617564	-0.008873445222299159	-0.03946871192587623	-0.43481391908244676	0.03901528696087148	-0.1611019523038464
ENSMUSG00000048174	-0.04752301478226865	0.06577079206059416	0.43953204642862065	0.6223343824153398	-0.00045877511384839753	-0.2761326903979907	0.04048990165208262	-0.07792930322356802
ENSMUSG00000041605	-0.0843030448252455	-0.09455691224609164	0.03039039267277943	-0.0867928429910956	0.0683754441365031	0.8774698940161196	-0.04075204772071888	0.19166053800507277
ENSMUSG00000110055	-0.000669301754148921	0.06899840937370075	-0.14550566479093496	-0.09557234565948365	-0.00493886660213778	-0.6312869419853974	0.042414923827622505	-0.11843265376195194
ENSMUSG00000102747	-0.010786796367382223	0.03954932286207201	-0.22146001358629752	0.03057388123150562	-0.017348853278156006	-0.6080901837657533	0.02619251343682566	-0.21254385882158072
ENSMUSG00000037876	0.020621411415966562	0.01291488963133891	0.2026429049921864	0.13032720205905715	0.07213814090251527	0.5903632352933484	0.053578993542018706	0.20428827062559515
ENSMUSG00000037315	0.13653185235577026	0.03135750675631575	0.28685334994528855	0.12874984461117123	-0.3118784137698633	0.622958181887362	0.026962115292471722	0.19707228843886954
ENSMUSG00000021087	-0.021842013661598214	-0.29154991553578036	-0.10667422199104112	-0.7639927405407705	0.015351267146546572	0.8595092024148697	0.009977583668400375	0.1384541119493841
ENSMUSG00000114690	-0.014610632759861096	0.07066771435603664	-0.14229796622503077	-0.03715247943744551	-0.05399238740493759	-0.6627765600309902	0.026233782181225185	-0.09833071243532315
ENSMUSG00000074749	-0.048873942901022704	0.07667077786308732	-0.08751889913095995	-0.011154295165744399	0.03235912201000449	0.6992283975439589	0.06335357039331138	0.248087183808559
ENSMUSG00000034667	-0.07883261587126573	-0.03733678211735669	0.1316171555428791	0.020645620928130645	0.07601192372147991	0.8946046841803968	0.03839647590020417	0.19881998254749275
ENSMUSG00000114465	0.009416670954335377	0.02096466309351203	-0.19813169275237427	0.025689409049826428	0.009112775535407791	-0.6520070315647659	0.029628119756701324	-0.23534284089137802
ENSMUSG00000097433	0.1273843679429103	-0.32577034992479476	-0.19188834748729017	-0.7050484874080544	0.28016000709272615	0.9278034868010021	-0.38796629073590644	0.18782524435287415
ENSMUSG00000118036	-0.006197927447478627	0.043543029487789806	-0.05467141902760176	0.011483251221213076	-0.2306482410351749	-0.7254437762205245	-0.006089918497607736	-0.1850170375735201
ENSMUSG00000114309	-0.028281541706689128	-0.01501139837949973	-0.22067207010730452	-0.40882323339161664	-0.01049219912872805	0.3069074418514321	0.08921688881421709	0.236634523904953
ENSMUSG00000042225	0.10209164237999993	0.031044173829173547	0.23956242996927676	-0.02547265689124978	-0.24340716535560167	0.4536333604824683	0.037098645596627886	0.30382231866571774
ENSMUSG00000117536	0.015821581731670142	0.07572482604677809	-0.09954849762868309	-0.10222583969478186	-0.06091388370782186	-0.54220462751205	0.024489067601109624	-0.06850537086610706
ENSMUSG00000082396	-0.010596848044650331	0.13480979925968486	-0.2287849999427082	0.06081716323861979	0.0373835409472823	0.2834795513976297	0.1002264432515282	0.021105541224589932
ENSMUSG00000050555	0.047371745321774024	0.000985904623583167	0.3368579950332013	0.03509355623424943	-0.02452575927578247	0.5951469110156818	0.0640234272004939	0.1869947441465332
ENSMUSG00000033769	0.019467022961930605	-0.05388789587047882	-0.004514375577585161	-0.18993425627414515	0.011416019812038549	0.742380330994406	0.0653527567489573	0.2817742381435577
ENSMUSG00000037818	0.04715462904443609	0.10520184547824633	-0.0833248048739661	0.03238657437404693	0.0332813411266188	0.5581127880517914	0.05324609430574508	0.1971872207561336
ENSMUSG00000107976	0.01511729926689408	0.05459374575967737	-0.15999672408422924	-0.02553849250363575	0.006592093981511282	-0.6287058433045697	0.0371002233759809	-0.17302339761862184
ENSMUSG00000084798	0.019644690984068968	0.07138720129189724	-0.10831793428982557	-0.026668773997415456	0.016247182018119366	-0.6652411601301265	0.0380174704837244	-0.14846241862030898
ENSMUSG00000000028	-0.03685217652814865	0.034775528738221206	0.25220711460957684	0.12779923964656728	0.010274095336370718	0.8137324932227802	0.055458366847166034	0.06119101128431748
ENSMUSG00000028755	-0.07804945453362278	-0.06520774738445442	-0.01632372308084387	-0.30196538171392967	0.03546641946570319	-0.12775747031073598	0.031306279764528905	0.2638764328902845
ENSMUSG00000086665	-0.1056937472521078	-0.14256837608277492	0.2309378105978996	-0.13860193517908884	0.09217841966852683	0.815516753552844	0.012621567272655065	0.23966987435407391
ENSMUSG00000038146	-0.0909091443509767	-0.04132857156735322	0.02874019428711834	-0.06881286598358347	0.0823261278805968	0.9527674893737068	0.01606479045867726	0.18847916058887743
ENSMUSG00000097226	-0.10157747298972952	-0.11442508515575332	-0.0033870504515988165	0.09350530483072518	0.00988814828708922	0.8591476211417887	0.0067816632599608465	0.1992692687254882
ENSMUSG00000014075	-0.04739646513009362	-0.012434322512474782	0.04815687505838472	-0.02067257128766138	0.05883451891234246	0.5517382066071481	0.04049317034879341	0.20168891159299884
ENSMUSG00000030378	0.020042208242750985	0.04985200528973166	-0.16689082183336723	-0.00949562457484765	-0.06860159995312692	-0.675850624534382	0.017085291348924708	-0.181808829613928
ENSMUSG00000099541	-0.3425129452119026	-0.15716268703538835	0.29311020081720573	0.5913094874601377	-0.547015408853431	-1.0674508012333	-0.1705742004210163	-0.41453474425418746
ENSMUSG00000098206	0.0008976405225279427	0.06883646698758109	-0.2135376205199848	-0.1173701000489703	-0.008145640396765037	-0.6403597899659262	0.03431250479772174	-0.047220936374545816
ENSMUSG00000039963	0.02531122377060835	-0.17987702759290794	-0.08176288196950889	-0.29694342208810903	0.16826693078334978	0.9998575370839472	-0.10533188946285	0.23663779155291478
ENSMUSG00000117840	0.0862326814605801	-0.03970060077304183	-0.11274203597594848	0.37440025428657414	0.07613826585641899	-0.21105188492071472	-0.05232637275702333	0.0009273573330411955
ENSMUSG00000111542	0.0007945546449347546	0.08393459661855739	-0.18092992867912777	-0.1291389249285274	0.12323785075692364	-0.5277299836941158	-0.00022830331681544802	-0.12865771703068385
ENSMUSG00000021118	-0.04530497987591311	-0.12437311501385592	-0.036844632140577954	-0.47997178626237613	-0.017917909688777732	0.5115620609339337	0.02084267650364588	0.27600749937226393
ENSMUSG00000118005	0.015602922308496227	0.04089938392388338	-0.08634624890016869	0.10767312457641448	-0.14540262989100664	-0.8625746372826468	0.012272244308335845	-0.1660282672661561
ENSMUSG00000034311	0.13587071900115782	0.054133062085584556	0.5830918681498406	0.922712402026453	-0.1587142433218664	-0.05375999734230952	-0.0889376003015913	-0.10567186812644082
ENSMUSG00000068290	-0.09415447394528087	0.04448098310993605	0.27366225876575623	0.2405071064143274	0.06151341383874389	0.6877098896140765	0.05117321236359323	0.08310793677377483
ENSMUSG00000048572	0.009916099324225658	0.08442666562160996	-0.015214526450111388	-0.06080904949891244	-0.0428592531657804	-0.5282891202301344	0.031582351854446356	-0.1668768315329894
ENSMUSG00000038816	-0.040696901844937065	-0.11547426434006237	0.026857702779723883	-0.31117487186470466	0.025277581977767194	0.7144250498352344	0.04736858731780659	0.2977984993828456
ENSMUSG00000023092	0.06175045148174901	0.017058263314211012	0.16882234284674394	-0.04029287946175342	-0.2777817664282271	0.7517933812295512	0.06465116204220524	0.2421284016612713
ENSMUSG00000016494	-0.03284486744439004	-0.1389294111571073	-0.19326412001682666	-0.7921427791545252	-0.0643348327798399	0.437207116452946	0.040345346086102185	0.22715024913603765
ENSMUSG00000031776	-0.060526625539824186	-0.037587065648702254	0.020067077978216243	-0.17369822548861805	0.010272305377715507	0.5163826090019396	0.02953385549973779	0.2583812510820688
ENSMUSG00000015443	-0.031242443114076823	0.07529863191663118	-0.1526659735679481	-0.07884548857340141	-0.017963486350353594	-0.6837578873989588	0.032773378893545375	-0.006551786263943149
ENSMUSG00000031428	-0.04297864042424093	0.03840732217436317	0.08185202402268316	0.045735092484663266	-0.13143750198635373	0.7130901812493162	0.049972039295242035	0.16975770593224226
ENSMUSG00000044221	-0.024534409963855808	-0.028807845236902725	0.09274922484418126	-0.15582430522734295	0.12378419685261019	0.799261286764121	0.03672867146121807	0.30667407079539044
ENSMUSG00000046924	0.016777732126279577	0.07396157860617619	-0.1969394196693808	-0.10221883727630873	-0.05816514657901103	-0.5288662910003787	0.011956704434924581	-0.13198570333261794
ENSMUSG00000116616	0.02648151525805392	0.05325996125914179	-0.11713460500035489	0.02318718190231317	-0.06867665705683154	-0.7532917912550708	0.024645174499849112	-0.16323413408391665
ENSMUSG00000035371	-0.02922685265871393	0.011133734886669851	0.00915161676071019	0.04584039175551201	-0.25570821239260016	-0.8839311659046961	0.025977589131429956	-0.16581163521619957
ENSMUSG00000109079	0.030571641898341752	0.06736590697097296	-0.11410218434187744	0.07363050162579574	-0.028454869829735226	-0.530761527036981	0.008703295604008399	-0.20290156515286356
ENSMUSG00000073497	-0.09227102295687231	-0.11934786628361316	0.13990100944253606	0.29397150411615336	-0.3123133512142396	-1.18906569239762	-0.0014206628580271108	-0.2025821881729114
ENSMUSG00000030772	-0.07189841120577935	-0.05361752510733575	0.019734630854005637	-0.24657992779282625	-0.019018570616876562	0.3057064426482723	0.04347491899986988	0.3708633013401982
ENSMUSG00000094103	0.04054394551244767	-0.0033690915831419144	0.2032707831969412	-0.15298023777437864	-0.23595950565748622	0.45921213456874554	0.05136590473159002	0.2955506026194088
ENSMUSG00000104442	-0.11044584415892274	-0.13583945358463853	0.11847007071096671	0.4030848605846256	-0.33098011865731275	-1.108941204920054	-0.08798389293643397	-0.2745282412950146
ENSMUSG00000103091	-0.05056139926583851	0.06656038086818679	-0.18279582463798555	-0.07257948220567975	0.007065392050950026	-0.4118041143434642	0.05481702386470067	-0.06809974405002545
ENSMUSG00000104982	0.01777953549861544	0.041362593284335315	-0.21219741155608263	0.14752621939747057	0.018674180848805025	-0.7652834660001179	0.026592451864401973	-0.17825228695395304
ENSMUSG00000111147	-0.0945049960837965	0.02495707263780818	0.01651509306591606	-0.02619234922084672	-0.011182552705919998	-0.0518141872532411	0.028986111246528855	-0.07053969692773003
ENSMUSG00000109124	-0.05053086985160277	0.015215646890679647	0.011407616960132816	-0.17322906487137377	-0.13863185052429203	-0.26836885236219504	0.01633241584642298	0.035950803626910076
ENSMUSG00000117785	0.04615922738944983	0.05538975887410997	0.02121910119729082	-0.054363528646066694	-0.047480686605079224	-0.3933202460914041	-0.0004917216166608895	-0.19867040067538572
ENSMUSG00000039358	0.3018138607924179	-0.24771979424433926	-0.26313415793860995	-0.985919262819836	0.15135129425035992	0.9237798360627844	-0.3479318445124815	0.16500257593049295
ENSMUSG00000053141	-0.05789123882944607	-0.16713141802566353	-0.060830089672793075	-0.5610420591950145	-0.11858636012753926	0.8808092998917634	0.11520975172802446	0.07110560743942815
ENSMUSG00000079295	0.033992670901630814	0.07193126476726198	-0.15628904587304912	0.02546220378238782	-0.018433988564949124	-0.5785575900049397	0.015979391664408427	-0.1359524100143131
ENSMUSG00000022179	-0.06365446079633066	-0.032989510477649864	-0.06162061468671193	0.04410403989659666	0.08524317648795403	0.5725382078758653	0.00873194320397852	0.14615969238099322
ENSMUSG00000079215	-0.05703525279729021	0.004182601905873051	0.05547017218426092	0.04416422604042277	-0.03909579015814545	0.8490890396739369	0.05362545605289224	0.22400949050331387
ENSMUSG00000103907	0.02939603497045457	0.06293725032793493	-0.1194218324954604	0.018054987911763187	-0.03151646594091977	-0.6371528168810967	0.02623257171131935	-0.1917067708331305
ENSMUSG00000108426	-0.009953909349254948	0.07624519681684315	-0.27457654065365605	-0.1972270349045534	0.01282051566227449	-0.4280642652217977	0.03834481043772269	-0.058240901659383164
ENSMUSG00000113864	-0.024801612129483064	0.07743960260402154	0.2593895705310592	0.29983501651016337	0.07359167306230138	-0.46193003475251887	0.049969434774641004	-0.1565463630968293
ENSMUSG00000098760	0.11231923766774872	-0.30396232038096666	-0.10407958874246731	-0.42799172369348465	0.1267228399999413	0.9249063806522496	-0.15811092824438877	0.12950074619698596
ENSMUSG00000058997	0.0139709288779638	0.002093945433480293	0.06540401011894785	-0.055280265338063864	0.004333236733202054	0.7271075722358251	0.06555785675665782	0.26547907395437775
ENSMUSG00000026127	0.051695308248718715	0.09233103126219762	0.4701455246966193	0.3127555172347583	-0.04345487652693869	0.42509196832164664	0.028088011927527794	0.021415900737987728
ENSMUSG00000002210	-0.06586494017315017	0.13793467407894439	0.18823091124200708	0.30393627509316873	0.015628742054845678	0.4977481720681891	0.052075354210922714	0.0073713733834981365
ENSMUSG00000023072	0.003494202772747867	0.02989003574383208	0.41999338541655473	0.1159846695278474	-0.012638116527795784	0.40275623040638003	0.04802027572829409	0.09538889366870257
ENSMUSG00000027304	-0.012156673535727469	0.022523493556703602	0.2029355090031443	-0.07766981373942661	0.04102779340130312	0.5283372667087591	0.05918958687421178	0.2788780669715626
ENSMUSG00000023809	-0.06348606269220053	-0.051841928958976526	0.11089234880721291	0.0433183611455593	-0.03371858339133049	0.7719355481547904	0.068593779607779	0.22741679906891699
ENSMUSG00000023403	-0.0004281492734778958	-0.08091204118865224	0.057937249346518824	-0.2459086312480915	0.05655937137640626	1.0616263765754095	0.1071642453310157	0.1843412852882593
ENSMUSG00000073652	-0.06997828221216407	-0.015412442707957164	-0.09239877338101408	0.15566191726089265	0.08098862427860151	0.7595981780486151	0.05544273967358439	0.12403092927927027
ENSMUSG00000027708	-0.0030771643233397095	0.07934532926671292	-0.03877200265466226	0.3161811139331689	0.04194941866313217	-0.5619320130691297	0.040960379548326535	-0.13996995907680365
ENSMUSG00000046242	-0.05469325818063242	0.014156502145742935	-0.029996461575203057	-0.29114594480022205	0.010538187950119224	-0.0033092721605889885	0.04759162829113487	0.13565748776411896
ENSMUSG00000039191	-0.09014079301117055	-0.2065379733981833	0.15594767102990933	-0.11013529998658056	0.09248259337330353	0.6073719616917437	0.018340348159620157	0.194682021960959
ENSMUSG00000027259	0.07029926387480327	-0.011593056737838317	0.29174653904680237	0.2147963979982394	-0.004679531294265571	0.7528782480077988	0.06555049925614026	0.1187858164994336
ENSMUSG00000014243	-0.01816279978366464	0.055301367288477156	0.11428870738396531	0.276058016430097	0.030353882221044643	0.7215836757754343	0.05302122240141145	0.14173568808711942
ENSMUSG00000083452	-0.15106008589751563	-0.06616495928793342	0.21702751782198487	0.19467983336097905	-0.3660512928540634	-0.6908754831069676	-0.2102474184567741	-0.3943227430264355
ENSMUSG00000034641	-0.03457764457136253	0.0700984776481223	-0.12880002328454856	-0.04332948693709638	-0.06272200898744448	-0.5568388224054811	0.020874429734111133	-0.05373334801884998
ENSMUSG00000110928	-0.020399493989856188	0.05378501213946246	0.11013697274558015	0.29693826284886227	0.05311162329623998	-0.9730743718166628	0.06312807255863795	-0.08542073471116722
ENSMUSG00000015401	0.01882536489798364	0.00425153842052195	0.033883745932314725	0.21744873864431094	-0.18394290269438876	-0.875849987209332	-0.011091437474056368	-0.23085673145382568
ENSMUSG00000046909	-0.0741357800827307	0.12759730114287202	0.0706397530500749	0.3810618023225664	0.1237080567398896	0.2515700826123864	0.049827767082952036	0.039655923210440695
ENSMUSG00000112745	-0.01714391092223598	0.07577080553337982	-0.12150833213066826	-0.05068129850357993	-0.023852319072912267	-0.6495722931818307	0.033420661623932646	-0.16526635137468948
ENSMUSG00000050954	-0.042915251193188175	0.06654220150131875	0.13071538055236476	-0.0724438837467908	0.06688835604874942	0.024427158451210386	0.04400753229862166	0.05530929445319089
ENSMUSG00000025609	0.03291598978148531	-0.032444745592200085	0.15361215741996856	-0.21922704976791713	0.0120413707241801	0.5522860519617956	0.07604342954583011	0.3614430785922231
ENSMUSG00000114794	0.020290496344430746	0.069504205574702	-0.14551341567728465	0.1942057812968011	-0.06037509143477834	-0.6139994372864448	0.009650553424534247	-0.2516144560762285
ENSMUSG00000052675	-0.058750613900196175	0.1002275445836996	-0.07803207079287244	0.34037849309765084	-0.016942186309040208	0.5156760151510387	0.05440169145175522	-0.01853599948355236
ENSMUSG00000025383	-0.056503429439777944	0.04904075156685713	-0.21221987019829336	-0.10191629258555569	0.1059759357111251	-0.08915430869811448	0.05064469949554719	0.04617908510836974
ENSMUSG00000107557	-0.00024935925956826033	0.0734924001157114	-0.25842485925418257	-0.13674087590413536	0.07829389195378357	-0.302257117508787	0.04998506185458602	-0.11999020204825954
ENSMUSG00000097113	-0.11247388446167053	-0.06604273149126956	0.09602790275549786	0.016219063761589308	0.17032790913324197	0.7496636033322699	-0.015794984621249508	0.16351094375814626
ENSMUSG00000086249	-0.009400001506265654	0.07177140558356356	-0.126578244732686	0.00507097742968865	-0.05060682430087159	-0.7635532402508163	0.028130851679682174	-0.06273211894002394
ENSMUSG00000047193	0.10065299976070212	0.006275112079022316	0.08661027608237377	0.2698496469902606	-0.03836912084339326	0.8370559802464044	0.054340561394868814	0.14242066185884344
ENSMUSG00000081321	-0.085345250757799	-0.029895136302062034	-0.11458729175213404	0.07503418207629978	-0.11547000462524512	-0.8721686794709879	0.012976038666434375	-0.17231712861686416
ENSMUSG00000043015	0.013691067628377431	0.051979576520549194	0.22814269247692467	-0.2255003690976369	-0.0067877360642977225	0.5925643973272698	0.06445276098782184	0.21215789166565407
ENSMUSG00000056148	0.0035950966163251774	0.07203853968776835	-0.09625088180811928	-0.05758466362857142	0.03473268728783372	-0.6365155047761639	0.04749600655550302	-0.17375358777290287
ENSMUSG00000112398	0.020583006559217076	0.07905398824035165	-0.17668618312101772	-0.024457381739056486	-0.015575059905579742	-0.5410199031298765	0.03100696246035072	-0.17166830795772106
ENSMUSG00000033520	7.010036201759995e-05	0.07366119194037349	0.04328652026698735	-0.010890892419803332	-0.00042878452032214424	-0.44002194972123176	0.03700226149442653	-0.22284140810713834
ENSMUSG00000018537	-0.10747184231379153	-0.18607673268880456	0.30862811480042907	-0.1805463404656985	0.14303484762236776	0.8237177629920042	0.0031638483904055104	0.23901110732634762
ENSMUSG00000092544	-0.05650927887776184	0.13407787713829614	0.13560143685566914	0.3769307879686546	0.00857960135995306	0.299737160604025	0.03987098266040718	0.0879838277262028
ENSMUSG00000043066	-0.04095747897271962	0.03955325676531587	-0.2102468199281231	-0.11511038482343801	-0.03081580061776595	-0.49809305092728096	0.01603475010828026	-0.22441749130325236
ENSMUSG00000113944	-0.005706542199537479	0.05159108552746629	-0.15068350955072274	-0.08960206176046485	-0.016289184328218652	-0.45841058610737984	0.03220427372375664	-0.05044160976905056
ENSMUSG00000099041	-0.07714349710509173	-0.002731602630301533	0.23292710921399642	0.2476440878669938	0.022242546391857403	-0.1994996554801889	0.037174064300255216	-0.0031388146948209098
ENSMUSG00000075158	0.008331550480613625	0.06080043723652546	-0.20055554790549798	-0.0891711173439396	-0.008801855906997731	-0.5425266373340778	0.03310686370635265	-0.17963168495633383
ENSMUSG00000116615	0.0005556774401929143	0.06213941315789732	-0.11403516790011034	-0.038261153994967136	-0.10974277475772942	-0.6234436601081276	0.005022323601830375	-0.1757914756227722
ENSMUSG00000116311	0.027326560124132926	0.06318007281003361	0.11133119247832661	0.14472605256732177	-0.057078386212501366	-0.5293166336317423	0.034500411551703504	-0.16467933851765204
ENSMUSG00000107230	-0.04605173699310543	0.09296591530100594	-0.02162190971383593	0.30258529814990254	0.04102807564506339	1.0246429049803594	0.05507814484928758	0.12918947543738027
ENSMUSG00000017561	0.034086839475815416	0.015537855392231847	0.172979452717874	0.14640924399276745	0.0547470760142155	0.7991172591308168	0.062294872526313404	0.1483562206124442
ENSMUSG00000032834	-0.02982880702855395	0.06448563760565636	0.5394683759506522	0.23434948522351776	0.01219335198044053	0.3619786836194868	0.031041672071422447	0.07497061605753218
ENSMUSG00000113447	-0.05390677578776062	0.06360352116942952	-0.14153046613169548	0.05438505025876154	-0.09460085328083376	-0.7400908734943388	0.021372183975951975	-0.11144200722179162
ENSMUSG00000093688	0.0661367725161086	0.09867578685226984	0.07789896001874745	0.07573118874066644	-0.047213088019051996	-0.2853855769121296	0.0340029321659099	-0.10859697100793089
ENSMUSG00000038732	-0.03483690045114504	-0.17813630415439605	-0.04619299474940208	-0.6897850633923723	-0.1070373380248401	0.902657088845394	0.07946432325969002	0.13758061052191883
ENSMUSG00000108603	-0.0555757934810639	0.07858774607127977	0.3624179966736523	0.10970270886754845	-0.09546366956251494	-0.4606991288775871	0.03740968906442563	-0.10127599146364286
ENSMUSG00000040118	-0.07561171355471791	-0.12833636794527703	-0.09325544427594823	-0.4656253998598539	-0.08331490263316191	0.8832141539265	0.09670068244468627	0.11082129511768068
ENSMUSG00000025193	-0.04701050498838766	0.08803853740351139	-0.08521864471084155	0.09330530245070373	0.020088591029455604	0.4785485276316321	0.06295776269422677	0.252879575405248
ENSMUSG00000031486	0.19980500746631952	-0.2715564003092451	-0.12351556003824687	-0.48015848571481096	0.22008972858126463	0.9890040316184268	-0.24911074346129392	0.14473078847680884
ENSMUSG00000111753	0.04275860207016007	0.06846172274623581	0.16776788191365385	0.1451957833653718	0.018649890170833197	-0.21449342274522204	0.036617278567092036	-0.27797286681315725
ENSMUSG00000110542	0.009929620803001082	0.06972407108784626	-0.16610253528320376	-0.0401607981325406	-0.04552136100365221	-0.7007271840993815	0.029945041954536677	-0.10316458043559346
