	AFF4 mean gb	AFF4 mean promoter	BRD4 mean gb	BRD4 mean promoter	CDK9 mean gb	CDK9 mean promoter	H3K4me3 mean gb	H3K4me3 mean promoter	HEXIM1 mean gb	HEXIM1 mean promoter	RBBP5 mean gb	RBBP5 mean promoter	DPY30 mean gb	DPY30 mean promoter	INTS11 mean gb	INTS11 mean promoter	NELFA mean gb	NELFA mean promoter	ZC3H4 mean gb	ZC3H4 mean promoter	SET1A mean gb	SET1A mean promoter
ENSMUSG00000023092	-0.07405211759994579	0.0	0.0	0.0	0.0	0.0	-0.12448822672097405	-0.1595645964051964	-0.04277435832304166	0.0	0.0	0.0	-0.06838729068358601	0.0	-0.09092380727078739	0.0	0.0	0.0	-0.17127762193754148	0.3206223813400694	-0.05297839078656075	-0.2970696043849581
ENSMUSG00000100832	0.0	-0.0053212490754775965	-0.008052423825142213	-0.007065522234549706	0.0	0.0	-0.08657660353660558	0.0	-0.009111582437575934	0.0	0.0	0.0	0.0	0.0	-0.013136628132020439	0.0	0.0	0.0	-0.24677482839090462	-0.03592248658247905	-0.023853218243706564	-0.13755083771243704
ENSMUSG00000021103	0.019535046384203666	0.007657929088746891	0.006507953565414448	0.0	0.0	0.0	0.0	0.019594991183274308	0.009544844787947667	0.0	0.0	0.0	0.019384604974549066	0.0	0.0	0.0	0.014444587502643923	0.0	0.051826299040056575	0.0	0.020265798610868833	0.1789088677347613
ENSMUSG00000028234	0.0227747081323886	0.0	0.0	0.009834123459209643	0.0	0.0	0.39488273029218857	0.048188610442639224	0.016096600483470412	0.0	0.0	0.0	0.04106683012290987	0.0	0.0	0.0	0.0	0.021359004318839282	1.0369565411059225	0.0	0.3134978046534925	0.47676164289607376
ENSMUSG00000115688	0.0	0.0	0.0	0.0	-0.04685590913477523	0.0	0.13190341472370704	-0.04026233070621421	0.03581695281646399	0.0	0.0	0.0	0.0	0.0	0.035353648757011344	-0.03725295376356664	0.0	0.0	0.7774442416998294	-0.09565856137991875	0.18885977340817933	0.0966219352014452
ENSMUSG00000101879	-0.3166952640379674	0.0	-0.18335160000491507	0.0	0.0	0.0	-0.27955422109186506	0.0	-0.2730014303618878	0.0	0.0	0.0	-0.22552676549889922	0.0	0.0	0.0	-0.2877413557712282	-0.14832868619172013	-0.9694517699645624	0.0	-0.3941902104968046	-0.25485405140238526
ENSMUSG00000035951	0.03268449180156811	0.013003196083965761	0.017310411602602178	0.0	0.0	0.0	0.05938157284491668	0.0	0.0	0.01886829315134497	0.0	0.0	0.0	0.0	0.0	0.0	0.04571752345068635	0.013206677861124746	-0.047261431911337616	-0.041250057619719734	0.0	-0.09843001924353964
ENSMUSG00000030693	0.03260954891044027	0.012544394181634541	0.009658011046262183	0.0	0.0	0.0	0.14060287836365215	0.0	0.015751869858905483	0.0	0.0	0.0	0.0356588186947758	0.0	0.026231066361117678	0.0	0.04057229963579042	0.0	0.15030329897551764	0.0	0.0972947284939982	0.0
ENSMUSG00000104117	0.028110807779279642	0.014413371797315845	0.017790673248637416	0.0	0.0	0.0	0.0	0.0	0.019469063038012564	0.0	0.0	0.024418826079131144	0.0	0.0	0.015491734398070944	0.0	0.020264746435677102	0.0	-0.09345820779907815	-0.04461263067476832	0.0	-0.1449183619844685
ENSMUSG00000102690	0.0	0.0	0.05397710421446233	0.0	-0.019585936508333495	0.0	-0.04672876236289049	0.0	0.04061232545775139	0.0	0.0	0.0	-0.01563093613569047	0.0	0.0	0.0	0.060305233277945826	0.0	-0.2179529015446465	-0.021410155703888708	-0.008380126186943476	-0.05787676738610848
ENSMUSG00000032271	0.0	0.0	0.004585481420854243	0.0	0.0	0.0	0.01178443245589592	0.0	0.020343400731364366	0.011798226478938667	0.005109709938958373	0.03669960609591276	0.02542571714136617	0.00414138290394293	0.0	0.0	0.03488399682692313	0.0	0.36853317421964926	0.0	0.0	0.0
ENSMUSG00000114711	-0.3245493976214229	0.0	-0.16555182227563003	0.0	0.0	0.0	-0.2701875381206572	0.0	-0.248111436684047	0.0	0.0	0.0	-0.2244560124018991	0.0	0.0	0.0	-0.3069484052563051	-0.1768541826071196	-0.962363293546124	0.0	-0.40380892695025844	-0.24986433935877192
ENSMUSG00000102940	-0.03807762630219272	0.0	0.0	0.0	0.017393232040302964	0.0	-0.09578807639984915	0.0	0.0	0.0	0.0182800656982529	0.0	-0.08046691990367903	0.0	-0.013173855098252812	0.0	-0.08778727713250295	0.0	-0.04264446656709621	-0.02156692548992405	0.0	-0.0782191830335511
ENSMUSG00000106940	0.07292626363754774	0.01863557368466155	0.0	0.0	0.017311732342519176	0.0	0.08827760057731397	0.0	0.05526520934223203	0.0	0.0	0.0	0.023209433669286607	0.0	0.039982171457312164	0.0	0.0	0.0	0.21151032182862783	0.0	0.03953226115871844	-0.07551743393212185
ENSMUSG00000033576	0.046972939120952885	0.0	0.024946409750661692	0.0	0.0	0.0	0.09941051756558933	0.0	0.019960360374145787	0.0	0.0	0.020781164105550975	0.018014366472655377	0.0	0.022916323933983702	0.0	0.04269659440471033	0.0	0.22062394766448493	0.0	0.059077918029078476	0.0
ENSMUSG00000043487	0.0	0.01611563777366261	0.019725621316031616	0.0	-0.019765672207348192	0.0	-0.03816466649670904	0.0	0.025958605523340755	0.0	0.0	-0.027583941141003786	0.0	0.0	0.0	0.0	0.03473229925632758	0.0	-0.021213504895648022	0.0	0.014485517207120121	0.044345216602553784
ENSMUSG00000037876	0.021256368958826516	0.0	0.009289897545526837	0.0	0.0	0.0	0.09536368820247958	0.0	0.01811565847867926	0.0	0.0	0.0	0.04075772550316441	0.0	0.011924238774870905	0.0	0.018222977959122137	0.0	0.1504790170223133	0.0	0.05798310124959579	0.05915476861949261
ENSMUSG00000037636	0.0	0.0	0.0	0.0	0.0381057998168073	0.0	0.03813380572089463	0.013831643424343957	0.0	0.0	0.00653190821923391	0.0	0.02144453902041536	0.0	0.005904435906374022	0.0	0.007067892601843043	0.0020899845904540637	0.4072148109635615	0.0	0.0	0.012777802361346605
ENSMUSG00000041358	-0.0755171196388075	0.0	-0.05498339476833518	0.0	0.0	0.0	-0.12259532021934354	0.0	-0.09455027049302406	0.0	0.0	0.0	-0.013802055086389986	0.0	-0.038383430772997544	0.0	-0.09973302654029137	0.0	-0.719606986013476	0.0	-0.10120137056191807	-0.03076012391460287
ENSMUSG00000004071	0.0	0.009553952484976693	0.005684109232350608	0.0	0.008832244003464848	0.0	0.02598605356280056	0.043457688602371244	0.005198175568208708	0.0	0.004184697948346241	0.0	0.0	0.0	0.009992429638306547	0.0	0.004131841369696965	0.0	0.0	0.0	0.0	0.19078900505911223
ENSMUSG00000020457	0.03416356709141335	0.0	0.0	0.0	0.0	0.0	0.09985767232648501	0.1117846387231881	0.02473252115267233	0.0	0.0	0.0	0.032122283665113674	0.0	0.0	0.0	0.0	0.019652024349287256	0.3785101068258367	-0.15564137428502592	0.054345030679864355	0.34382069564883816
ENSMUSG00000027860	0.03921748156362822	0.0	0.008271889841520386	0.0	0.0	0.0	0.13630384925212674	0.0	0.026441148006535447	0.0	0.0	0.0	0.04225963956425274	0.0	0.01561050414548949	0.0	0.01223739988715593	0.0	0.6120476270866813	0.0	0.09618509632000066	0.06848358960375744
ENSMUSG00000115076	0.02527899002905889	0.0	0.018625964078914103	0.0	0.0	0.0	0.0	-0.07425382379869855	0.018495580290147123	0.015038591747902712	0.0	0.0	0.038963593121386024	0.0	0.01122750701716835	0.0	0.030746537892600602	0.0	0.03518442341114575	0.0	0.0	0.04598204834828359
ENSMUSG00000048620	0.03170858010585583	-0.009092896380325424	0.0	0.0	0.0	0.0	-0.06033840235719048	-0.0078020532008545185	0.0	0.026889131010944534	0.0	0.0	0.0	0.0	0.0	-0.00856890739128921	-0.02784107074296131	0.0	-0.1603406412045771	-0.029736026323283968	0.0	-0.0759557654439615
ENSMUSG00000028785	0.04215511561343593	0.0	0.023491648956092088	0.0	0.0	0.0	0.12563881692633772	0.0	0.02374082824311328	0.0	0.0	0.0	0.029038628163658594	0.0	0.023549157396801006	0.0	0.033067487739732115	0.0	0.19633424917810013	0.0	0.07577673485345202	0.02074354119831967
ENSMUSG00000025453	-0.12774809475323987	0.0	0.0	0.0	0.0	0.0	-0.27188603920367205	-0.09908000527157165	0.0	0.0	0.0	0.0	-0.11720739168478159	0.0	-0.12584060707151382	0.0	0.0	-0.0864502537697713	-0.5534506485526368	0.364705605297154	-0.10208066868044512	-0.28112482143662776
ENSMUSG00000036882	0.03891871507375864	0.00702592748307126	0.007214578063635069	0.0	0.0	0.0	0.093148748269228	0.0	0.023092622075592806	0.0	0.0	0.0	0.020398657735390246	0.0	0.014506286649284019	0.0	0.02748801263967477	0.0	0.0	0.0	0.01542398392548478	0.07834635603570107
ENSMUSG00000096929	0.017514436281514605	0.010472263325067982	0.011011600158887773	0.0	0.0	0.0	0.0	0.011689410386137746	0.010215739794615592	0.0	0.0	0.0	0.0	0.0	0.006417159038311964	0.0	0.010655312130443554	0.0	0.042658875588721445	0.0	0.003673572481435655	0.09497259912037478
ENSMUSG00000034145	0.028622600876458446	0.0025047275803518343	0.019758540555643155	0.0	0.0	0.0	0.007035721471342524	0.0	0.02317433472400359	0.0030146051978335287	0.0	0.0	0.004175203921285852	0.0	0.012313266180292682	0.0	0.0296995439843637	0.0	0.0	0.0	0.0	0.004357783170339148
ENSMUSG00000044359	-0.022491962867491725	0.0	0.0	0.0	0.0	0.0	-0.07773682738359143	0.0	0.0	-0.011954351969447958	0.0	0.0	-0.012020495437724377	0.0	-0.026269021708220753	0.0	-0.021278787689191808	0.0	-0.07668034570607993	-0.027048226674609176	-0.027330436915610067	-0.12035521249614715
ENSMUSG00000089794	0.03545243066621706	0.0	0.018512534623461224	0.0	0.0	0.0	-0.029596572399454044	0.0	0.03820331530085781	0.012606194514953234	0.0	0.0	0.0	0.0	0.0	0.0	0.03307161501888871	0.016616400915175522	-0.1504966107871707	-0.04716208569569519	0.0	-0.07563861745245345
ENSMUSG00000051920	-0.013432210647660056	0.0	-0.007534062173977341	0.0	0.0	0.0	0.0	-0.02810634450026088	-0.008876161108406725	0.0	0.0	-0.030251728764948246	0.0	0.0	-0.0095615410312538	-0.026261986283302202	0.0	0.0	-0.2714435424299234	-0.026205993830515747	-0.020880177721115487	0.0
ENSMUSG00000019370	0.026373779921988146	0.0	0.0170708519164815	0.0	0.0	0.0	0.15985134258552294	0.07384107942333476	0.03844969390247427	0.0	0.0	0.0	0.02099752902690933	0.0	0.0	0.0	0.01783953346177658	0.0	0.056726052864712745	0.0	0.029434284323358272	0.2875052548885045
ENSMUSG00000108991	0.0	0.0	0.015816006396572112	0.0	0.0	0.0	0.0	-0.037158281031817855	0.03288522389164365	0.013283573486975654	0.0	0.026940053035127347	0.03983339429038718	0.0	0.0	0.0	0.02294454634652306	0.0	0.0	-0.05329561645826795	0.044905468375516865	-0.09960510414301657
ENSMUSG00000116660	0.053915769480997605	0.0	0.027575238393894166	0.0	0.0	0.0	0.0	-0.05122727872995561	0.04133052384943788	0.0	0.0	0.03527763896428079	0.0	0.0	0.023092183054751518	-0.036880947885478646	0.04858755378327541	0.0	-0.031990917195447645	0.0	0.0	-0.06455978999957311
ENSMUSG00000048216	0.0687483186138734	0.0	0.0	0.0	0.0	0.0	0.19815649451318426	-0.04713146792086995	0.011423809323045986	0.0	0.0	0.01499514615923264	0.04969638103627649	0.0	0.033463544617999635	-0.04391316214454735	0.0	0.0	0.20427571309617004	0.0	0.06340733604975082	0.0
ENSMUSG00000027810	0.020489491121666	0.0	0.009140226878148416	0.0	0.0	0.0	0.03133455456890087	0.12187695728700451	0.0	0.0	0.0	0.0	0.0	0.0	0.015668575349336692	0.01510243842239147	0.016230667341689143	0.0	0.27622906008893094	0.0	0.05253960922794827	0.2728711382979676
ENSMUSG00000097378	0.027507123274714704	0.004122020111912539	0.00999283783603862	0.0	0.0	0.0	0.147508952278874	0.0220668786785604	0.008660105264993806	0.0	0.0	0.0	0.0	0.0	0.0	0.0	0.01220652029523355	0.0	0.3854436735179976	0.0	0.08707427883808073	0.1401738060418994
ENSMUSG00000002910	0.014728486426785802	0.0	0.012139892398468022	0.0	0.0	0.0	0.14771932581700248	0.015773899302873	0.025070985097406823	0.0	0.011816988840453829	0.0	0.0	0.0	0.0	0.0	0.019075730504214152	0.0	0.3383478775740146	0.0	0.08909172760303855	0.19979892264973179
ENSMUSG00000106060	0.058759250163897096	0.0	0.030543706850029287	0.0	0.0	0.0	0.0	0.0	0.046620620102656676	0.0	0.026002209723354243	0.024490958032799662	0.032227123533683726	0.0	0.0	0.0	0.031176206096777053	0.0	-0.18230531685486218	-0.04758046054175613	0.0	-0.09454827537623313
ENSMUSG00000051827	-0.006157064334316422	0.0	-0.019156015358327422	0.0	0.030803061280606187	0.0	-0.05836999891042751	0.0	0.0	0.0	0.0	0.0	-0.005965976288868076	0.0	0.0	0.0	-0.015995657531871734	0.0	0.02437569207813076	-0.033668566576526705	-0.004574801966109154	-0.1098184156155569
ENSMUSG00000120555	0.08754516130109732	0.0	0.0	0.0	0.0	0.0	-0.0227948772045731	-0.03954846918999929	-0.012721110065833655	0.0	0.0	0.0	0.0	0.0	0.0	-0.03745373349402823	0.056842443617970986	0.0	-0.3446067835409278	-0.015497224111378882	-0.04814537297355685	-0.05059116173256968
ENSMUSG00000090315	-0.048833574237896124	0.0	-0.02713243361975201	0.0	0.0	0.0	-0.10740293186435393	0.0	-0.037792164914814554	0.0	0.0	0.0	0.0	0.0	-0.044791289020513214	0.0	-0.054661876274598085	0.0	-0.23854023716733008	-0.03470811048247166	-0.01980592083568955	-0.09283436588143983
ENSMUSG00000103757	-0.3151811807996458	-0.1609470499641903	-0.19590199578800313	0.0	0.0	0.0	-0.28443860164857354	0.0	-0.20817755807633284	0.0	0.0	0.0	-0.23311137585061195	0.0	0.0	0.0	-0.2968062815319674	0.0	-0.967913069791783	0.0	-0.3843870078307544	-0.2858312335403728
ENSMUSG00000002007	-0.04622136820750232	-0.06871970731408529	0.0	0.0	0.05227658388024119	0.0	0.0	-0.02272931005757428	0.0	0.0	-0.03752133756620544	0.0	0.0	0.0	0.03152987765065193	0.04329969419300984	0.029101088190117547	0.0	0.611982838195575	0.0	0.0	-0.13969408786521423
ENSMUSG00000070717	0.054472062401185795	0.0	0.0	0.0	0.0	0.0	0.14977214989597057	0.03630397927120562	0.011152735076054876	0.0	0.0	0.0	0.0	0.0	0.012594605281605423	0.0	0.010368096319260835	0.0	0.556511192984037	0.011478627327500934	0.19043361993834934	0.16182752102616046
ENSMUSG00000063751	0.01861950825116343	0.0	0.016047437021933342	0.0	0.0	0.0	0.0832549689671815	0.0	0.03592866510533786	0.0	0.0	0.0	0.033325299983536644	0.0	0.0	0.0	0.022550653194394275	0.0	0.5163227356949905	-0.12164491085501847	0.09869809544878907	0.12811168724231786
ENSMUSG00000102739	-0.3127213817829095	-0.16849425882788127	-0.19338069190537216	0.0	0.0	0.0	-0.2738493573841069	0.0	-0.21180537743106964	0.0	0.0	0.0	-0.22523439467055767	0.0	0.0	0.0	-0.30549127965209544	0.0	-0.9920985135813607	0.0	-0.4094751823306078	-0.24014491725627474
ENSMUSG00000115019	-0.015690441777535567	-0.009971253081461838	0.0	0.0	0.0	0.0	-0.011457324741554954	-0.07270753597899741	-0.03900192013361204	0.0	0.0	0.0	0.0	0.0	0.0	-0.030325080362208247	-0.01564869473833779	0.0	-0.0025058347221850463	-0.017510684799121393	0.0	-0.030871714310905882
ENSMUSG00000038949	0.04473824544627364	0.0	0.0	0.0	0.0	0.0	0.04930650495799893	0.08857911835747755	0.024697805492016937	0.0	0.0	0.0	0.037902051297307844	0.0	0.03390628341729715	0.0	0.02382123992309268	0.0	0.018850250050221007	0.0	0.02316218698875372	0.2772090374791366
ENSMUSG00000058028	0.03721911301861473	0.007823072745467619	0.02817089564196543	0.0	0.0	0.0	0.014617936958761018	0.0	0.03512988381920546	0.0	0.0	0.0	0.014779498305367567	0.0	0.012963581742968744	0.0	0.03936979159022039	0.0	0.0	0.0	0.023013579734470848	-0.07286794558430582
ENSMUSG00000054589	0.01893328671457812	0.0247776626688776	0.0	0.0	0.0	0.0	-0.04342738192506049	0.0	0.01785831323758435	0.011414641581094363	0.0	-0.022849913675960724	0.0	0.0	0.0	0.0	0.016971746851824593	0.0	-0.09543501380952407	0.0	-0.01637173119986371	0.043363679782832815
ENSMUSG00000097820	0.009881734077209827	0.0	0.008777137551699909	0.0	0.0	0.0	0.06247914219003248	0.04451683293771331	0.022644015999994504	0.0	0.0	0.0	-0.05534547448607341	0.0	0.0	0.0	0.013266192510834812	0.0	0.4896675706054558	0.0	0.0478387979675992	0.19337397055779504
ENSMUSG00000106375	0.0	0.0	-0.023456582155097074	0.0	0.0	0.0	0.203188669307194	-0.023286825290152205	0.029195003033171192	0.0	0.009804369144077008	0.0	0.0	0.012406662045590348	0.0	0.0	0.011335990641962217	0.0	0.5280384533305792	0.0	0.1449375377565673	-0.05067830379014967
ENSMUSG00000022663	-0.020516373802484073	0.011118752750627153	0.0	0.0	0.0	0.0	-0.03306508109146509	0.09306712713917438	-0.016259630200007386	0.0	0.0	-0.04578580675236594	0.0	0.0	-0.01814541940308977	0.013520549167072047	0.0	0.0	0.020625504843303104	0.0	0.0	0.20275598143698853
ENSMUSG00000043366	-0.01498032070622696	0.0	0.0	0.0	-0.0064090778873394545	0.0	-0.06299289728043553	-0.012664961232886213	-0.004555079896907661	0.0	0.0	0.034260832557430065	0.0	0.0	-0.005084377210994152	0.0	0.0	0.0	-0.07076032194972598	-0.04607908729055468	0.0	-0.07410434862117386
ENSMUSG00000027347	0.03645858917157002	0.0	0.022429182808137934	0.0	-0.025266788262879692	0.0	-0.025001752203214187	0.0	0.019812637517580865	0.0	0.0	-0.021154752007377403	0.0	0.0	0.021849311567381156	0.0	0.02727001595190402	0.0	-0.0530224654011476	0.0	0.0	0.023810003286995778
ENSMUSG00000087095	0.02376836413979566	0.0	0.031077844477005477	0.0	0.0	0.0	0.02542373431344864	-0.04363462214828132	0.0	0.0	0.0	0.0	0.0	0.0	0.0	-0.03231180708225821	0.024635064232331114	0.0	-0.20731644086545323	-0.04189825679670281	-0.02720496815256759	-0.0863268200782861
ENSMUSG00000103292	0.0405999524548088	0.017962540224514528	0.02759598034409027	0.0	0.0	0.0	0.0	-0.05054839589871639	0.021550674598271202	0.0	0.005851072849290234	0.0	0.0	0.0	0.0	0.0	0.0	0.01075764616320404	0.07318654129247823	0.0	0.010825985511919345	0.012642175931513903
ENSMUSG00000049680	0.030557421290659612	0.0	0.0	0.0	0.0	0.0	0.14894670995348147	0.049711966248197376	0.027819502117570182	0.0	0.0	0.0	0.043939671618495865	0.0	0.025324443550015265	0.0	0.0	0.011534364010888254	0.2191998870277267	0.0	0.062073848740593275	0.24109838234361666
ENSMUSG00000029198	0.0	0.0120700856327741	0.014409608984095686	0.0	0.01565500106472555	0.0	0.14948771021318663	0.09271536752085317	0.0	0.0	0.0	0.0	0.0	0.0	0.0	0.01577039145501187	0.018359893382692755	0.011940875322064004	0.3921699836402393	0.0	0.0	0.27055469744072863
ENSMUSG00000031995	0.03982971285247695	0.0	0.021733794413742458	0.0	0.0	0.0	0.10278349110694415	0.0	0.03326219402870466	0.0	0.0	0.0	0.030161917253047173	0.0	0.022452557316043446	0.0	0.030941788966544873	0.0	0.2893572100980907	0.0	0.038317084072255876	0.072593282044249
ENSMUSG00000014453	-0.0252274431881043	0.0	0.0	0.0	0.0	0.0	-0.045486267325262536	-0.022971524343327235	-0.03512556593014518	0.0	0.0	0.0	-0.010814654495122984	0.0	0.0	-0.012208220865193242	-0.020732076067051238	0.0	-0.10917756174757441	-0.022715163804028705	0.0	-0.06941656384116984
ENSMUSG00000032224	0.03630747996559552	0.015682681258447906	0.01831076869090312	0.0	0.0	0.0	0.04942320427322362	0.018066475839804013	0.03562718706322122	0.0	0.0	0.0	0.029805406394104516	0.0	0.020171661853839007	0.0	0.028342633291475974	0.0	0.0	0.0	0.0	0.10163910866529842
ENSMUSG00000107240	0.04793620074399096	0.0	0.0	0.0	0.045341947326268964	0.0	-0.06943803719839818	0.0	0.07700814027407618	0.0	0.0	-0.029322607349936608	-0.03653934790411556	0.0	0.0	0.0	0.04178716056179976	0.0	0.060307377766894286	0.0	0.02182199274415195	0.054062969622181926
ENSMUSG00000110020	0.04903394234163941	0.0	0.0	0.0	0.0	0.0	0.19870977092445824	0.0	0.031070644574122685	0.0	0.0	0.0	0.07875322619418731	0.0	0.026862764091004975	0.0	0.016877812174851625	0.0	0.20878814785432417	0.03752131163872473	0.15012094902533044	0.2032228046267905
ENSMUSG00000120740	0.045743749102806305	0.00841969647782661	0.0	0.0	0.0	0.0	0.019133144464470647	0.053241215484865816	0.021409287200110025	0.0	0.0	0.0	-0.043496437353839346	0.0	0.0	0.0	0.02339873484083492	0.0	0.12173936753122742	0.0	0.018349172186660507	0.2203121271633491
ENSMUSG00000031709	0.02924454171361936	0.014437625281330482	0.017101743166274348	0.0	0.0	0.0	0.009256794348541708	0.019513412180390172	0.01997104196755485	0.0	0.0	0.0	0.0	0.0	0.02511089128439907	0.0	0.010658920102223475	0.0	0.15443063157793838	0.0	0.0	0.12754628126644554
ENSMUSG00000020413	0.034401721168132386	0.009323483058931055	0.009637226064732626	0.0	0.0	0.0	0.0	0.04485968535480449	0.024988734853825034	0.0	0.0	0.0	0.0	0.0	0.01391658974914872	0.0	0.01601597344308963	0.0	0.12876624318654403	0.0	0.0076091628350087315	0.17117922875525013
ENSMUSG00000086175	0.013387305362784152	0.0	0.01356965884058979	0.0	0.0	0.0	0.06943275055874314	0.0	0.011215631554323816	0.008711672730347265	0.0	0.0	0.010991035540549319	0.0	0.011186294556645096	0.0	0.026055451813662794	0.0	0.0	-0.04212516549037702	0.0	-0.08646500158339192
ENSMUSG00000029286	0.01866693178824503	0.0	0.0	0.0	0.0	0.0	-0.08900176923866361	0.0	0.014215819758724295	0.0	0.012398137422717823	0.0	0.018535999740030257	0.0	-0.02824717973266655	0.0	0.0	0.011245983282554467	-0.0686270394954339	-0.04693686124664652	0.0	-0.06976827262798276
ENSMUSG00000037031	0.04120129639233908	0.0	0.026297009967728942	0.0	0.0	0.0	0.026493704306013496	0.0	0.03343522891680683	0.0126603767382297	0.0	0.0	0.024048252059177655	0.0	0.02508028053741455	0.0	0.03747937684987001	0.0	-0.10097175937684671	0.0	0.0	0.0683481624650858
ENSMUSG00000006005	0.0	0.0	0.006653939458747482	0.0	0.0	0.0	0.08031656752152466	0.10634040571199642	0.0	0.0	0.0	-0.05712380899266523	0.028481000574982623	0.0	0.0	0.01697123026396749	0.01348084468992524	0.0	0.21383730900306333	0.0	0.03654010434831439	0.35200690220346853
ENSMUSG00000035456	0.01881628112287545	0.014886708057877776	0.025856791561178427	0.0	0.0	0.0	0.1285793732024936	-0.041657398393501695	0.0	0.0	0.0	0.0	0.02421132388017273	0.0	0.017599802455319575	-0.038233990872779705	0.026945920143094132	0.0	0.0	0.0	0.015713168390693644	0.0
ENSMUSG00000104645	-0.1551460373941489	0.0	0.0	0.0	0.0	0.0	-0.2600786613830942	-0.03455893976796065	-0.11461598968938778	0.0	-0.07824682027179715	0.0	0.0	0.0	-0.19169384521204919	0.0	0.0	-0.04431688786253678	-0.6487373285785155	0.0	-0.13545236433879504	-0.2525930787126224
ENSMUSG00000102570	0.05249469785756342	0.0073736856344933325	0.0348499124919871	0.0	0.0	0.0	0.0035338779944739107	0.0	0.016806834826480904	0.0	0.0	0.0	0.020982712099888126	0.005765805832756774	0.0	0.0	0.018100936533745508	0.004298412943791372	0.1269800924660784	0.0	0.0	0.0
ENSMUSG00000027173	0.033799765965133455	0.0	0.016370755909097867	0.0	0.0	0.0	0.07320134968928725	0.0	0.020926730661385607	0.0	0.0	0.0	0.034983812006152346	0.0	0.02107537831864506	0.0	0.01969074401462318	0.0	0.35259623255340067	0.0	0.027542839231948255	0.12006819392113899
ENSMUSG00000091114	0.0	0.0247787531984465	0.022633291688262003	0.0	0.0	0.0	-0.03859233134183436	0.0	0.035130797523186985	0.029814295615608877	0.0	0.0	0.0	0.0	0.018814407622442325	0.0	0.06077139976671162	0.0	-0.12956647120603373	-0.029451979232703866	0.0	-0.08182023853574381
ENSMUSG00000018433	0.04466961498480474	0.0	0.0	0.0	0.0	0.0	0.04525189357695889	0.04128717219156629	0.03627996454038079	0.0	0.0	0.0	0.03271440496780373	0.0	0.02967956973748923	0.0	0.02153270680927677	0.0	0.3288147038232536	0.0	0.0280938783889922	0.2786972254722713
ENSMUSG00000085779	0.03803979856676294	0.0	0.033785878213310125	0.0	0.0	0.0	0.0	0.0	0.04021262372703228	0.008008360563602024	0.0	0.0209280756810833	0.01388987688409516	0.006955012670820193	0.01019732143185857	0.0	0.04456112175450204	0.007039971184881033	0.0	0.0	0.0	0.0
ENSMUSG00000020708	0.024906939059201477	0.0	0.0	0.0	0.0	0.0	0.15456809406177716	0.1000098505645931	0.042157282325906244	0.0	0.0	0.0	0.0	0.0	0.01615916990587629	0.02148541410574862	0.02046263589961866	0.0	0.36453667454364297	0.0	0.10857877888520273	0.2892264450397594
ENSMUSG00000102653	0.04583212227150782	0.01895734331040763	0.02410643067947383	0.0	0.03479497075950509	0.0	0.024080110048305348	0.0	0.05329931679274709	0.0	0.0	0.0	0.0	0.0	0.0	0.0	0.07182853587449742	0.0	-0.34305621913758283	-0.05100088793711773	0.0	-0.0656767035101327
ENSMUSG00000031258	-0.014991442887428819	0.0	-0.016826032705419283	0.0	0.0	0.0	-0.024459336164119824	-0.05480105415431399	-0.057882674828110665	0.0	0.0	0.0	0.0	0.0	0.0	-0.025352033100086827	0.0	0.0	-0.2935663144927356	-0.016092377674825648	-0.021819530406115256	-0.09845430063091185
ENSMUSG00000106719	0.04895221279954186	0.011517461387507318	0.02673791456149653	0.0	-0.018189163457052314	0.0	0.04170971543299387	0.0	0.034715854179224744	0.0	0.0	0.0	0.0	0.0	0.0	-0.02314022849884349	0.03634266491795871	0.0	0.0	-0.030142343478668912	0.0	-0.07629999033771184
ENSMUSG00000108948	-0.3267134318318343	-0.19093461148177848	-0.20015254728292312	0.0	0.0	0.0	-0.25800407224580385	0.0	-0.23155036883440894	0.0	0.0	0.0	-0.2502346786337766	0.0	0.0	0.0	-0.26546095908618655	0.0	-0.9538232916878231	0.0	-0.39625898189238407	-0.2595624118453165
ENSMUSG00000071816	-0.06009231234714965	0.0	0.0	0.0	0.0	0.0	-0.09833676321263266	-0.020222399963189457	-0.04074021635120497	0.0	0.0	0.0	-0.03725696943838682	0.0	0.0	0.0	-0.04439141394364716	0.0	-0.2403765806824941	-0.013645953255546406	-0.06491024845454953	-0.18188382882702972
ENSMUSG00000068860	0.04248141838222725	0.012997438148828033	0.0	0.0	0.0	0.0	0.1122490249837256	0.0	0.027603367402850815	0.0	0.0	0.0	0.03603537749362218	0.0	0.016767466290845075	0.0	0.017815987189065945	0.0	0.654731146442335	0.0	0.1282169041477561	0.0528917117637691
ENSMUSG00000063439	0.04553228394700845	0.013571484317324509	0.024152731345070143	0.0	0.0	0.0	0.07948126150009589	0.0	0.041046437959912724	0.0	0.0	0.0	0.0	0.0	0.0	0.0	0.027261124533917006	0.0	0.09421813865107306	0.010313461034586524	0.06013446491759972	0.11082632758313035
ENSMUSG00000086552	0.038073210661401145	0.014258639516864105	0.022263231296574357	0.0	0.0	0.0	0.097191257837499	0.0	0.028573016469859755	0.0	0.0	0.0	0.01484234914580281	0.0	0.008090752853034178	0.0	0.030556008737827607	0.0	0.04403715636127545	0.0	0.030250801539188035	0.0
ENSMUSG00000075167	-0.07445533259479117	0.0	-0.0645065850772028	0.0	0.0	0.0	-0.12596775490080164	-0.08221623409473294	0.0	-0.03538539841498367	0.0	0.0	-0.045971187438383077	0.0	-0.04909239169087948	0.0	0.0	0.0	-0.09313694848580914	-0.042912591066903594	0.0	-0.1000879875038235
ENSMUSG00000109082	0.02574805521601282	0.0	0.027764874071457706	0.0	0.021761752476385666	0.0	-0.1021900417611082	0.0	0.0	0.013823731049352972	0.0	0.0	0.0	0.0	0.0	0.0	0.015524540687158025	0.0	-0.3472923505840318	-0.04642280214396137	-0.012836038302299482	-0.06851897649975348
ENSMUSG00000096109	-0.04476223407254869	0.0	-0.035634923133785246	0.0	0.0	0.0	-0.1145226800911737	0.0	-0.043927435816440256	-0.036318439459152134	0.0	0.0	0.0	0.0	-0.042064341482036784	0.0	-0.03918506334972506	0.0	-0.16616602344551015	-0.04529494203979026	0.0	-0.06381804503006516
ENSMUSG00000089968	0.024348623770093298	0.006896088566683144	0.02859995310357781	0.0	0.0	0.0	0.02054464177448396	0.0	0.03392228429099313	0.006024732653248821	0.0	0.010457615356679271	0.0	0.0	0.009191737687350793	0.0	0.04601686971812417	0.0	0.007529155236663197	0.0	0.0	0.0
ENSMUSG00000024173	0.04207348774685217	0.0	0.0521134708294048	0.0	0.0	0.0	-0.15371591531398335	0.0	0.05917815468380764	0.0	0.0	0.03679754071509443	0.026184782134542107	0.0	0.0	0.0	-0.021635082190368526	0.0	-0.181129034016494	-0.044337918975802866	0.0	-0.07844010976245157
ENSMUSG00000118417	-0.1621099912397871	0.0	0.0	0.0	0.0	0.0	-0.24560441935383368	0.0	-0.08485403465970556	0.0	0.0	0.0	-0.2494312485293984	-0.0521434692826066	0.0	0.0	-0.19702602427360796	-0.14778868222982888	-0.5056576367930262	0.0	-0.13847471581334211	-0.141668678827824
ENSMUSG00000072621	0.0193225708203095	0.0	0.03267496672456174	0.0	0.012724483311479693	0.0	0.0	0.0	0.023621616243012258	0.010339721586663636	0.0	0.00604343187588427	0.0	0.0	0.013277285894463342	0.0	0.0347569251210255	0.0	0.02012896007687248	0.0	0.030234035196618367	0.0
ENSMUSG00000051936	-0.02204951642372456	0.0	-0.016129215058261075	0.0	0.0	0.0	-0.08115257929425748	-0.012694512548056258	-0.020658842185592736	0.0	0.0	0.0	0.0	0.0	-0.01821002228777947	0.0	-0.02768140478635754	0.0	-0.026156017877497564	-0.024752366399448333	0.0	-0.13386075932417552
ENSMUSG00000022629	0.031285000228919634	0.012638107708281304	0.021830879433614506	0.0	-0.03501863223587208	0.0	0.0	0.0	0.018455335296597986	0.0	0.0	-0.03115466927030451	0.02987697711367884	0.0	0.0	0.0	0.036436406582304195	0.0	-0.07741412415856104	0.0	0.0	0.08457252935461304
ENSMUSG00000057021	-0.11755577741689437	0.0	-0.0737705019120056	0.0	0.0	0.0	-0.15332135813283415	0.0	-0.06094734263716383	0.0	0.0	0.0	-0.06086897504112687	0.0	-0.06681206944646306	0.0	-0.08040332244733499	0.0	-0.3368584354561417	0.0	-0.09348479421226281	-0.14625475119587458
ENSMUSG00000058981	-0.027453804546517444	0.0	-0.035181285011418	0.0	0.0	0.0	-0.08693900324559448	0.0	-0.0190366727179702	-0.013078275557084074	0.0	0.0	0.0	0.0	-0.044376047917298156	0.0	-0.02808242254241749	0.0	-0.18716497685060438	-0.03700789948505471	0.0	-0.08814062866473783
ENSMUSG00000061469	0.023089415949819263	0.0	0.02624214623806377	0.0	0.0	0.0	0.0	0.03972710857571388	0.039332238842388186	0.0	0.0	0.0	0.01064872728227698	0.0	0.0	0.0	0.020280640308895113	0.011162457637655665	0.023341499115470142	0.0	0.016281724037410735	0.1556788462343366
ENSMUSG00000020609	0.020995460012143797	0.0	0.0	0.0	0.0	0.0	-0.06849855312530952	-0.055438187131158674	0.019403027340130996	0.0	0.0	0.0	0.0	0.0	0.0	-0.04408791009807835	0.0	0.02671427832637641	-0.3775965200502945	-0.02664056833050436	-0.05687585931907242	-0.11640476107104157
ENSMUSG00000027957	0.043569286658642965	0.0	0.0	0.0	0.0	0.0	0.02556250363765925	0.05955996230980045	0.03268179695048346	0.0	0.0	0.0	0.034151118239993186	0.0	0.024327147720059793	0.0	0.018607456432559455	0.0	0.14702651989593252	0.0	0.04043836295743193	0.27067837865416267
ENSMUSG00000002984	0.034745020984903764	0.0	0.0	0.0	0.0	0.0	0.14350676415743466	0.06615485415691899	0.02619766837824644	0.0	0.0	0.0	0.02316747248829324	0.0	0.01278127758142694	0.0	0.011022155143479928	0.0	0.613488479381045	0.0	0.12904202355006578	0.3799463267787401
ENSMUSG00000110167	0.0	0.0	0.0	0.0	0.02603492965306528	0.0	-0.06292892324684067	-0.028153311609154356	0.0	0.0	0.0	0.0	0.0	0.0	-0.009145837074207694	-0.00768686423047859	0.03836038503501845	0.0	-0.02181503609488951	-0.049871494388381725	-0.015484467051406074	-0.10485217486563503
ENSMUSG00000095804	0.0	0.0	-0.04748210853961349	-0.01000871996664836	-0.004945517833252924	0.0	-0.06862841785010858	-0.041696021440763224	0.0	-0.01178140943814802	0.0	0.0	0.0	0.0	0.0	-0.0032382131347343246	0.0	0.0	-0.027219819339877084	-0.03772176378274848	0.0	-0.053111725665606645
ENSMUSG00000043747	0.028320506081217205	0.0	0.0350550436973363	0.0	0.0	0.0	0.029407406992170128	0.0	0.0	0.0	0.0	0.0	0.01735151117975362	0.0	0.023355981162895237	0.0	0.05026415620371253	0.010702242740611215	-0.07464331697292313	0.0	0.019800767110849774	-0.11879481777940164
ENSMUSG00000073073	0.03518414367036204	0.0	0.0	0.0	0.0	0.0	0.13137189292663515	0.05861579235616873	0.014602608129520927	0.0	0.0	0.0	0.0160607561512791	0.0	0.01578831788810786	0.0	0.0174399548651195	0.0	0.20756342867182975	0.0	0.04716084678934719	0.2083724006127865
ENSMUSG00000036062	0.033591045472626764	0.027710664284477413	0.03205453454658014	0.0	0.0	0.0	0.05229081994027403	-0.03917227056687073	0.037445186919691	0.0	0.0	0.0	0.0	0.0	0.0	0.0	0.034385780939070985	0.0	-0.10305144732733532	-0.03981052328272305	0.0	-0.043635690436966745
ENSMUSG00000042269	0.04650385658544357	0.0	0.03190017816057423	0.0	0.0	0.0	0.0	-0.051711498644255866	0.042611260311547064	0.015646310703328725	0.0	0.0	0.02363431847291656	0.0	0.020072475040692896	-0.03590930362627164	0.03499461710918054	0.0	-0.042755390616891015	0.0	0.0	0.0
ENSMUSG00000071691	0.02906834784312145	0.01306096583290317	0.015031983419530276	0.0	0.0	0.0	0.0632837932831598	0.0	0.017407436005549087	0.0	0.0	0.0	0.010363504794902612	0.0	0.0	0.0	0.026432433028664073	0.0	0.10816762972409386	0.0	0.015493033157772658	0.04190453946563109
ENSMUSG00000003458	0.04868837610182818	0.0	0.029175097764649063	0.0	0.0	0.0	0.0	0.07736137796319266	0.02357051371906154	0.0	0.0	0.0	0.01886856213507223	0.0	0.02179530156770602	0.016970867848136506	0.032806546920704754	0.0	0.06855649924937718	0.0	0.0	0.21938661587211714
ENSMUSG00000087207	-0.34694213443129546	0.0	-0.16738712239334425	0.0	0.0	0.0	-0.286878237237483	0.0	-0.21861286653112622	0.0	0.0	0.0	-0.24077882663031608	0.0	0.0	0.0	-0.30932703713122633	-0.1563123851806214	-0.9779177894108375	0.0	-0.37265573820327613	-0.25588321767270966
ENSMUSG00000030225	0.021713396455005054	0.0	0.018012456772744885	0.0	0.0	0.0	0.033509284767879385	0.028216902067471454	0.0	0.0	0.0	0.0	0.027895432042473335	0.0	0.0212364203756133	0.0	0.02715337735334552	0.014063078898340353	0.02104955532890605	0.0	0.0	0.1443403276161531
ENSMUSG00000085110	0.038964507181792986	0.0	0.03899969723287993	0.0	0.015731687334667538	0.0	-0.06973116560250055	0.0	0.0	0.0	0.0	0.0	0.023826043070827668	0.0	0.03514633818310846	0.01701042682849413	0.06995496444957448	0.0	0.07805523697386316	0.0	0.0	-0.10068817853722964
ENSMUSG00000099840	-0.305742050521003	-0.17573422756628904	-0.17061082907997616	0.0	0.0	0.0	-0.2881225006517565	0.0	-0.2510448626861942	0.0	0.0	0.0	-0.21288698433677908	0.0	0.0	0.0	-0.29292156006791104	0.0	-0.9880032790814389	0.0	-0.4000054063755561	-0.24762365445533122
ENSMUSG00000109980	0.0407887219364268	0.01580817335531351	0.0	0.0	-0.022706016181252123	0.0	-0.059457756790628855	0.0	0.013980263270814723	0.0	0.0	0.0	0.0	0.0	0.019970834641215907	0.0	-0.022246150730802446	0.0	-0.010457425922183888	-0.04133793932845772	0.0	-0.11554987414378734
ENSMUSG00000026623	0.03633790988003418	0.011095180108118496	0.018909908877497744	0.0	0.0	0.0	0.05173825738098738	0.0	0.02575615262019776	0.0	0.0	0.0	0.023495912325002963	0.0	0.017678979872036264	0.0	0.02550100688013108	0.0	0.04037475225281797	0.0	0.0	0.049806326163268
ENSMUSG00000030077	-0.009816630338446692	0.0	-0.005446711434205803	0.0	0.0	0.0	0.056863445618296454	-0.048378232427676575	-0.01006895232917864	0.0	0.0	0.0	0.0	0.0	0.0	-0.03325227688568975	0.0	0.0	-0.09145016905419444	-0.010710540364449583	-0.01193791053018946	-0.04372366611039079
ENSMUSG00000094590	0.03983858879454599	0.02504625174350489	0.022181883765839967	0.0	0.0	0.0	0.0	0.0	0.03390126226843513	0.0	0.0	0.0	0.02343802383008641	0.0	0.018086120973607726	-0.030577230659289703	0.04444434226616629	0.0	-0.07724855916368947	0.0	0.0	-0.05443254443358366
ENSMUSG00000054612	0.03026206197867555	0.012485888892955781	0.01849926074590227	0.0	0.0	0.0	0.0	0.0	0.023332246852902656	0.0	0.0	0.0	0.006834347488510015	0.0	0.018652139162004748	0.0	0.023418620649429532	0.010345073621402323	-0.0637358491429994	0.0	0.0	0.04500588629771351
ENSMUSG00000031504	0.03243495602060331	0.013513362922911202	0.022411959233367314	0.0	0.0	0.0	0.05936904124797991	0.0	0.030491204005665	0.0	0.0	0.0	0.009013195558271849	0.0	0.01603773248440502	0.0	0.03304463298284167	0.0	0.0	0.0	0.003035196328955825	0.013897797605043727
ENSMUSG00000019880	0.0	0.0	0.0	0.0	-0.008588368107927291	0.0	-0.0220775699077186	-0.04239546240889199	-0.006250099131953513	0.0	0.0	0.0	0.0	0.0	-0.009379490773193028	-0.03049678629455482	0.0	0.0	-0.1509372304303805	-0.030630411449730725	-0.009916495129123648	-0.06316557704729711
ENSMUSG00000022020	-0.043147807459593235	0.0	0.0	0.0	0.0426385206954155	0.0	0.02047960963261119	0.09122472377170816	-0.04667355411564241	0.0	0.0	-0.05441569976258263	0.0	0.0	0.0	0.02125478081402854	0.0	0.0	0.19547857942509894	0.0	0.03661317708517984	0.22916960849707352
ENSMUSG00000049866	0.03259870700215021	0.0	0.0	0.0	0.0	0.0	0.13189008446145675	0.052325829556517066	0.017759855721178018	0.0	0.0	0.0	0.022249026480706247	0.0	0.019843773989233142	0.0	0.0	0.016214797072539366	0.10630275031146247	0.0	0.028572591445720635	0.19765958818373675
ENSMUSG00000113404	0.046075895180049724	0.019600723436268466	0.027703954351850246	0.0	0.0	0.0	0.08305069913008199	0.0	0.01997378473863847	0.0	0.0	0.0	0.02367100570175285	0.0	0.025990679168145472	0.0	0.04245500214263055	0.0	0.0	0.0	0.033591282616247164	-0.09251258680090088
ENSMUSG00000110548	0.0	0.0	-0.01646263121644519	0.0	-0.023972941966036828	0.0	-0.06818721683372862	0.0	0.044768563382778445	0.01864021959306114	0.0	0.0	0.0	0.0	0.0	0.0	0.027297792801245366	0.0	-0.047112305928272674	-0.03756704423330832	-0.013780610720028728	-0.11908892409770977
ENSMUSG00000093827	0.03986726542383025	0.01055568973701447	0.02346292735349801	0.0	0.0	0.0	0.0	0.0	0.02797383074830443	0.011258590769374717	0.0	0.013100160255164028	0.01442580331583841	0.0	0.014614375849777102	0.0	0.04436498646786264	0.0	0.0	0.0	0.0	-0.07912903803183613
ENSMUSG00000115918	0.06299172822361288	0.0	0.037539435573428155	0.0	0.0	0.0	0.0	0.0	0.04316377457340259	0.0	0.0	0.0	0.032036396131089176	0.0	0.030859760259661598	0.0	0.055331080295236895	0.018823378118505138	-0.1728054386998765	-0.06267966116944414	0.0	-0.1341524187574098
ENSMUSG00000115526	0.04919342231829889	0.0	0.02884676578954312	0.0	0.0	0.0	0.23197554233140594	0.0	0.04373004509922479	0.0	0.0	0.0	0.07764876264119193	0.0	0.07614961797556216	0.0	0.04388979239147041	0.0	0.36348169650538653	0.0	0.09082068141966991	-0.12651738037540994
ENSMUSG00000097370	0.0	0.011886200212497519	0.0	0.0	0.0	0.0	-0.04023388008212396	0.061072487617827395	0.04130713065617174	0.0	0.010798727869738123	-0.04088949203820675	0.0	0.0	0.0	0.0	0.015535377318850218	0.0	0.15707049976942067	0.0	0.04842414131535101	0.20161555631517034
ENSMUSG00000033970	0.022617863323805124	0.018261088223435678	0.018247841968365434	0.0	0.0	0.0	0.03060433032769469	0.0	0.018343316058158865	0.0	0.0	0.0	0.0281076385352627	0.0	0.0	0.0	0.03023385525230036	0.0	0.2639446856536901	0.0	0.037446653646243055	0.11783596900963975
ENSMUSG00000021803	0.04509380419003798	0.0	0.02180307523400601	0.0	0.0	0.0	0.01313237294343124	-0.04528517728862788	0.034080892469211206	0.020136486758753087	0.0	0.0	0.014397298080147633	0.0	0.0	-0.029828829093148546	0.048855952689733084	0.0	-0.04365971575822908	0.0	0.0	0.0
ENSMUSG00000026226	0.03342325441503076	0.0	0.017882555148452106	0.0	0.0	0.0	0.07368872150471084	-0.06051783826294125	0.02767191311403589	0.0	0.0	0.0	0.015134014998197628	0.0	0.012843868150587953	0.0	0.027447087541104184	0.0	0.0	0.0	0.03753416260020262	-0.052910460772319826
ENSMUSG00000084860	0.0	0.022312686124692078	-0.009213374699958947	0.0	-0.032115599493290875	0.0	-0.07483615044244296	0.0	0.0	0.0	0.01350115907058938	0.0	0.0	0.0	-0.02316287379988579	0.0	-0.005021796238596851	0.0	0.0	-0.030980338504731378	0.020669491856673775	-0.08727481725927928
ENSMUSG00000075271	0.0	0.009723941597175859	0.0	0.0	-0.040735052939148475	0.0	0.03970556875783785	0.0	0.009743602167991436	0.0	0.01151003329379425	0.0	0.0	0.0	0.006799057738609654	0.0	0.013285048560001924	0.0	0.27873435172597555	0.0	0.07484682141351819	0.09287762296920132
ENSMUSG00000044254	0.041106004479690886	0.0	0.025642122562875833	0.0	0.0	0.0	0.0	-0.054579000392738566	0.024989730723791962	0.017243949732399705	0.0	0.0	0.008392033017430994	0.0	0.01873878212539709	-0.038297262471604435	0.04330470073077831	0.0	0.056948161419544376	0.0	0.0	0.0
ENSMUSG00000085491	0.05251106417123625	0.0	0.017546610832696975	0.0	0.0	0.0	0.22671480490181414	0.0	0.0431288017706972	0.0	0.0	0.027161030010239114	0.057337123356683374	0.0	0.011327464335567689	0.0	0.0	0.0	0.9407619486548938	0.0	0.12021130068624486	-0.049680919191722905
ENSMUSG00000028617	0.035954879612264255	0.0	0.019849455853285347	0.0	0.0	0.0	0.027225392072118833	0.05704084624228895	0.023274810550809204	0.0	0.0	0.0	0.024340857188528943	0.0	0.0	0.0	0.03344616512909392	0.0	0.10653769177898566	0.0	0.025279893047765494	0.19874506746376294
ENSMUSG00000026037	0.014185954065465462	0.0	0.0	0.0	0.0	0.0	0.05218613513800997	0.054058626385877134	0.02877001288207741	0.0	0.0	0.0	0.01894648537517917	0.0	0.01528526785150347	0.0	0.011695389288349678	0.0	0.29075597893289723	0.0	0.03156920279559136	0.24109229652241454
ENSMUSG00000022802	0.03077675416745456	0.010511264692838251	0.0	0.0	0.0	0.0	0.0	0.023939265841496988	0.019654681253085966	0.0	0.0	0.0	0.024319730629660873	0.0	0.014581515779966676	0.0	0.016097384258706854	0.0	0.024556757212920027	0.0	0.013803816209136599	0.16378546118787188
ENSMUSG00000094588	-0.04237036806052591	0.0	0.0	0.0	0.0	0.0	-0.06333788821101458	0.0	-0.019108951424691763	0.0	0.0	0.018338060822973512	-0.013174116507941218	0.0	0.0	-0.0031412497722824707	0.0	0.0	-0.12752832050866703	-0.042630751829221235	-0.014125148632661642	-0.08307213059924988
ENSMUSG00000024072	0.00950971893667955	0.0	0.0	0.0	0.0	0.0	0.0085658198317094	0.035519095673315786	0.007862442338728478	0.0	0.003021454528978477	0.0	0.0	0.0	0.0	0.0	0.012779548716916694	0.0023804742185621897	0.08307063551848974	0.0	0.025771119641862822	0.24612360044193984
ENSMUSG00000054412	0.04007738646715805	0.0	0.022126852483601127	0.0	0.0	0.0	0.06856454849650334	0.0	0.04017995763434068	0.0	0.0	0.0	0.014927733787461858	0.0	0.022005528305586698	-0.03737718452122296	0.034557599473693634	0.0	0.06128838726187342	0.0	0.028635716978115008	0.0
ENSMUSG00000058628	-0.01435354265158988	0.0	-0.04592263403544653	0.0	-0.01122580749429557	0.0	-0.07908380494133452	-0.046742096719610264	-0.015049086350190503	0.0	0.0	0.0	0.05104632849679558	0.0	0.0	0.0	0.0	0.0	-0.055458506045019285	-0.024857162681406326	0.0	-0.09218629902245262
ENSMUSG00000121871	-0.03426252461713747	0.03745997054521677	0.038517573071291514	0.0	0.0	0.0	0.0	-0.027044660886346356	0.032999911620023914	0.0	0.0	0.0	0.0	0.0	0.03318846646869538	0.0	0.03688593131059365	0.0	0.028649778306337564	-0.024886236662865213	0.0	-0.08454598044332767
ENSMUSG00000029695	0.014519520487936812	0.03193631302923278	0.0	0.0	0.0	0.0	0.030246759997184767	-0.040005591627539416	0.0	0.014877426733646353	0.0	0.0	0.013663896428621444	0.0	0.0	0.0	0.01934995743853383	0.0	0.10271243875964725	0.0	0.04509025592825593	-0.07384299937331983
ENSMUSG00000023781	0.0	0.0	0.013854792938361449	0.0	0.0	0.0	0.3052906272994219	0.0	0.026023576660313567	0.0	0.0	0.020917795432026643	0.06904850117436315	0.01915973646200974	0.016782842171284902	0.0	0.021773347897139177	0.0	0.4643630474379411	0.0	0.33010945595960245	0.0
ENSMUSG00000044390	0.023920819399447475	0.005708347921723478	0.019376954689007474	0.0	0.0	0.0	0.11513720474468139	0.0	0.041859483063866956	0.0	0.0	0.0	0.017200124627353004	0.0	0.006593231636019882	0.0	0.026949501242784477	0.0	0.21743508058128921	0.0	0.0	0.045942565160232596
ENSMUSG00000022543	0.03730326445383602	0.011606564541249172	0.01834840488744937	0.0	0.0	0.0	0.0	-0.04632534059714008	0.016509381039196552	0.0	0.0	0.019528979740378444	0.0	0.007768802658125213	0.011331131328560316	0.0	0.03630097914351376	0.006590138288095825	0.0	0.0	0.0	0.0
ENSMUSG00000105881	0.0	0.0	0.0	0.0	0.0	0.0	0.41563858426051636	0.0	0.03806180894204927	0.0	0.01410540649296985	0.0	0.03478905335960813	0.0	0.017213497485646545	0.0	0.0	0.01664624805783932	1.0949065745777982	-0.15423346458728393	0.41526693592138547	0.3158006943317866
ENSMUSG00000121338	-0.3423038312706026	-0.17924071796662622	-0.18845758418418626	0.0	0.0	0.0	-0.2562370668381366	0.0	-0.2378368291251517	0.0	0.0	0.0	-0.23482116093646718	0.0	0.0	0.0	-0.31109017892020935	0.0	-0.9781420095315739	0.0	-0.364119430608293	-0.2404465454409882
ENSMUSG00000120165	0.03231276379731428	0.0	0.0	0.0	0.0	0.0	0.21849952387085408	0.0	0.03884817654865045	0.0	0.0	0.0	0.06156943671109897	0.0	0.021508759014168672	0.0	0.0	0.017336576198798692	0.9449544237349834	-0.28105965753124623	0.15570928091141711	0.17158326769107324
ENSMUSG00000090000	0.03861478395319837	0.0	0.02048522402117447	0.0	0.0	0.0	0.12442419607406577	0.03203863856695665	0.018256720003666738	0.0	0.0	0.0	0.02261844682228142	0.0	0.0	0.0	0.02495676189665009	0.0	0.38464707959576855	0.0	0.07200778309679022	0.16266197211141517
ENSMUSG00000033688	0.04070863655040516	0.0	0.038150733199616864	0.0	-0.021096279807479502	0.0	0.0	-0.05981413364314558	0.0	0.0	0.0	0.0	0.026985532261683064	0.0	0.023382335216354806	-0.0473717042320859	0.05139946518583498	0.0	-0.07874364652235444	0.0	0.0	-0.05445127595552631
ENSMUSG00000107809	0.039998094452512796	0.0	0.0	0.0	0.0	0.0	-0.09656404199900152	-0.012490084098670695	0.02585781560980003	0.021760357513870118	0.0	0.0	0.0	0.0	0.0	0.0	0.04896207547033097	0.0	-0.15388889823668117	-0.05419502011178737	-0.017320361457543693	-0.11232735356098174
ENSMUSG00000078198	0.0	0.0	-0.04274923248727792	0.0	0.0	0.0	-0.10278389331335962	0.0	-0.01652013595432262	0.020739774052546067	0.0	0.0	0.0	0.0	-0.0336018007588783	0.0	-0.026562873337786272	0.0	-0.13283568923544323	-0.034154802142393116	-0.006984138795539371	-0.10136009701039501
ENSMUSG00000052955	0.03462158231358008	0.0	0.018256395594535468	0.0	0.0	0.0	0.0	0.0	0.022290687939517682	0.0	0.0	0.01546102340132205	0.025796744995117794	0.0	0.021475021780181035	0.0	0.035934375874102475	0.010358248492318714	0.02614332449748462	0.0	0.0	-0.09042188702448614
ENSMUSG00000100041	0.063984283150457	0.0	0.07021582561925235	0.0	0.0	0.0	-0.11034207460617827	0.0	0.0	0.0	0.0	0.0	0.024728367837570014	0.0	0.030945328409088983	0.0	0.050079144154681704	0.0	-0.03944411579453842	-0.04084821436322503	-0.03259140614004566	-0.1038386980782546
ENSMUSG00000120474	0.03729995451662249	0.0	0.008768728153908278	0.0	0.0	0.0	0.14905559091374987	0.0	0.022010659234595175	0.0	0.0	0.0	0.03265410367691436	0.0	0.01055544210363987	0.0	0.014855006391534744	0.0	0.49938149728224795	0.0	0.12473618695392252	0.06072013195267396
ENSMUSG00000024426	0.03154025231325124	0.0	0.01744147759192556	0.0	0.0	0.0	0.10636662550976324	0.0	0.02670427854479705	0.0	0.0	0.0	0.013495823320651724	0.0	0.01529389857699004	0.0	0.022214157357312227	0.0	0.22366766698292728	0.0	0.06765035798388079	0.11738933789607617
ENSMUSG00000085295	0.04253912170534443	0.02068680716625848	0.037235095169992447	0.0	-0.015940931770268462	0.0	-0.0998649343730046	0.0	0.0	0.0	0.014788999459681651	0.0	0.0	0.0	0.0	0.0	0.0	0.0	-0.30002077190556925	-0.04160672574949863	-0.013395330450996253	-0.10005296265579453
ENSMUSG00000084102	-0.00909376491031807	0.0	-0.03417337237764238	0.0	-0.003434083705316282	0.0	-0.13804803701876728	0.0	-0.017476239155624657	0.0	0.0	0.0	0.0	0.0	-0.040594645153931304	0.0	0.0	0.0	-0.1564446316399258	-0.036732957220255116	-0.023169106119584237	-0.12361339453503047
ENSMUSG00000066149	0.036250797586145245	0.0	0.0	0.0	0.0	0.0	0.11644004839608804	0.09918656281702039	0.032682857560098554	0.0	0.0	0.0	0.03185161837634289	0.0	0.0274352510106871	0.0	0.007925822702220975	0.0	0.2711143938462778	0.0	0.050448537544051486	0.29559502038781277
ENSMUSG00000021065	0.0	0.008586459787783584	0.0	0.0	0.0	0.0	0.01417019669196811	0.057950530985380166	0.0	0.0	0.00938403639123474	-0.03138365587689916	0.009819841216057501	0.0	-0.01896748241256009	0.0	0.007421079809235703	0.0	-0.09108045215528902	0.0	0.0	0.24959155521648474
ENSMUSG00000029320	0.03375983506346084	0.014046008947650384	0.011512796234982504	0.0	0.0	0.0	0.0	0.0	0.009915205128351479	0.0	0.0	0.0	0.02630132704017529	0.0	0.0	0.0	0.021158093881808615	0.0	0.19700033223673907	-0.0763518721609598	0.027560360604062344	0.08539737092846822
ENSMUSG00000020473	0.03151211409056162	0.0153047783155046	0.025905175173526356	0.0	0.0	0.0	0.0	0.0	0.029697945496791542	0.0	0.0	0.0	0.022453130456393532	0.0	0.015892666133655673	0.0	0.03469953283644718	0.0	0.03121908464900606	0.0	0.011664747064785014	0.03663524453020002
ENSMUSG00000095606	-0.3052948150442466	-0.18266853948941408	-0.17260825490473763	0.0	0.0	0.0	-0.3136148483933225	0.0	-0.22217318979902018	0.0	0.0	0.0	-0.2024495508285785	0.0	0.0	0.0	-0.33802375632969184	0.0	-0.9651878311744544	0.0	-0.363942808758747	-0.2667317601000225
ENSMUSG00000099429	0.062096982592885756	0.0	0.031961883499074424	0.0	0.0	0.0	0.0	0.0	0.03265324789549589	0.02400351337635303	0.0	0.0	0.030560499450757603	0.0	0.03698881313955736	0.0	0.04730944795627836	0.011256939007000998	0.0	0.0	0.042998572741758646	-0.05458877324398603
ENSMUSG00000117745	0.010879484589584895	0.014535281733710397	0.0	0.0	0.0	0.0	-0.0356655696858626	0.0	0.0	0.009082898876394657	0.0	0.0	0.0	0.0	0.011665480905406754	-0.015314882708512712	0.01389100752216268	0.009825425649095531	-0.23605028837129757	0.0	-0.029631488865144082	0.0
ENSMUSG00000108866	0.0	0.014315141883167315	0.0	0.0	0.0	0.0	0.14765037738036124	0.0	0.048582894190185286	0.0	0.0	0.0	0.04745608758565276	0.0	0.015131197350103319	0.0	0.014323309403417228	0.0	0.8854341829842592	-0.061142442202584135	0.11558207403417423	0.07610024816717238
ENSMUSG00000036197	0.03849779382866747	0.0	0.0	0.0	0.0	0.0	0.051669234395048544	0.04962886489113544	0.03499991824698903	0.0	0.0	0.0	0.035275925053248135	0.0	0.028354017350536328	0.0	0.02770847182837687	0.0	0.03167417502998978	0.0	0.02463965235118426	0.19065368392507712
ENSMUSG00000104861	-0.03144038405286247	0.0	0.0	0.0	0.0	0.0	0.1467003227208716	-0.013333894469473525	0.0	0.0	0.0	0.02436040068965064	0.03205482778235353	0.017596399180259473	0.03243033184045691	0.0	0.0	0.0	-0.030744599501567483	-0.05660536935020061	0.0	-0.10368105265181678
ENSMUSG00000121625	0.040567588852328924	0.008244387559744937	0.01491747276908587	0.0	0.0	0.0	0.03433943731936114	0.0	0.03670277078284536	0.0	0.0	0.027574475367216973	0.03971572419726457	0.0	0.0	0.0	0.026463218313431052	0.0	0.1682758631528185	0.0	0.027052141359593124	0.0
ENSMUSG00000026527	0.0	0.0	-0.007945056399480512	0.0	0.0	0.0	-0.05401479576978669	-0.024264345635196347	-0.009432859033554912	0.0	0.0	-0.03902642881481192	0.0	0.0	0.0	-0.03066312214976033	0.0	0.0	-0.16986565035540316	-0.013522725278207037	-0.015922744993741515	0.021785685175013447
ENSMUSG00000098470	0.029347855433487745	0.016071923576235946	0.0	0.0	0.0	0.0	-0.032287775287637765	-0.038100049006934596	0.01642137786946453	0.0	0.0	0.0	0.015989538368517332	0.0	0.022077929379509514	0.0	0.0377585210848619	0.0	0.07213186491388009	0.0	0.0	-0.037016707119177275
ENSMUSG00000049073	0.01697319032686101	0.0	0.022451088332121324	0.0	0.027209451036644332	0.0	-0.05240982208259423	0.0	0.014448568760669491	0.0	0.0	0.026660611873826796	0.0220745616065102	0.0	0.0	0.0	0.0	0.0	0.0	-0.04628718405166103	-0.031305686757621555	-0.12676232088061787
ENSMUSG00000118024	0.0	0.014899275248814448	0.0	0.0	0.0	-0.003239000602253961	-0.04712435108487208	-0.00833272433823108	0.0	0.0	0.0	0.0	0.0	0.0	0.0	-0.014803396618112202	0.0	0.015242701915561652	-0.20628543477107608	-0.0367291914271407	-0.019889278917750927	-0.10809574483653431
ENSMUSG00000063882	0.034363189964857765	0.0	0.014970165109068345	0.0	0.0	0.0	0.12926954070190502	0.09291078041077978	0.030123186298179155	0.0	0.0	0.0	0.0	0.0	0.0	0.02267606308764968	0.016299195380312194	0.0	0.2756894175102527	0.0	0.05086292034507692	0.32301538807180097
ENSMUSG00000026430	0.04471837582515746	0.023955591697643483	0.026089706931383388	0.0	0.0	0.0	0.027268623883678237	0.0	0.03487065418424183	0.0	0.0	0.0	0.014111366391068692	0.0	0.02431975947003206	0.0	0.0376665452546709	0.0	0.052729769221633443	0.0	0.0	0.06626469797979982
ENSMUSG00000096607	0.03751546608848322	0.026395861619828355	0.031779503507989984	0.0	0.0	0.0	0.04102746118339472	0.0	0.03848968355226466	0.0	0.0	0.02429640281053065	0.0	0.0	0.023466283383812347	0.0	0.05201647315639824	0.0	-0.08577121703423561	0.0	0.0	-0.08273545124993896
ENSMUSG00000103694	-0.03801229486157828	0.0	0.0	0.0	0.0	0.0	-0.10638181387097313	0.0	-0.031006851440366946	0.0	0.0	0.0	-0.012917441232310685	0.0	-0.009607215824952497	0.0	-0.025834762772713394	0.0	-0.35106321747337027	-0.016818043392873735	-0.03591487536659835	-0.1180058482262382
ENSMUSG00000029231	0.046801437422066154	0.0	0.03423166358140362	0.0	0.0	0.0	0.08886967702556059	-0.043306960149848785	0.03588504313595627	0.0	0.0	0.0	0.0	0.0	0.0	-0.021521754017032137	0.051072520026138817	0.0	-0.10978514975010492	-0.028213499257224238	0.0	-0.03392934938444655
ENSMUSG00000075589	0.054954090479479446	0.0	0.0	0.0	0.0	0.0	0.03605127540493791	-0.054630161358519405	0.03446001441827407	0.0	0.0	0.0	0.02714290174098892	0.0	0.02077438375649844	0.0	0.03703761976260364	0.0	-0.08445195084742563	0.0	0.02729755331734312	-0.055841436790166746
ENSMUSG00000099643	-0.32785711064812906	-0.156281036963136	-0.17169499997185356	0.0	0.0	0.0	-0.28053688269470334	0.0	-0.27228625525200556	0.0	0.0	0.0	-0.24016654829062814	0.0	0.0	0.0	-0.28663176869735935	0.0	-0.9754264020007194	0.0	-0.3921300171064174	-0.22968433319728343
ENSMUSG00000019988	0.0	0.013232864040045316	0.0	0.0	0.0	0.0	-0.05148878718231122	0.04127774739469778	0.0	0.008269829680860688	0.012890585185741002	-0.032646072395902906	0.01596513672132037	0.0	0.0	0.0	0.007286739004446298	0.0	-0.09646686492812932	0.0	0.0	0.12852321817341117
ENSMUSG00000101139	-0.3778622384065824	-0.15913148593427712	-0.18116924437719062	0.0	0.0	0.0	-0.2610665521386313	0.0	-0.21673572283560888	0.0	0.0	0.0	-0.2201079514929488	0.0	0.0	0.0	-0.33085041339033006	0.0	-0.9915915923320463	0.0	-0.3639868364718965	-0.23019331744272326
ENSMUSG00000074593	0.04935440638192642	0.005998000283061278	0.045979369085743654	0.0	0.002595430235510454	0.0	0.05898236017865174	0.0	0.02474866478549413	0.0	0.0	0.015368487108249469	0.0	0.0	0.01823525651778081	0.0	0.0	0.0	0.01635101031333919	0.0	0.10682823050323263	0.0
ENSMUSG00000121825	-0.015105929228835618	0.0	-0.021810995794394314	0.0	0.0	0.0	-0.09535112214973417	0.0	0.0	0.01809563843030626	0.0	0.022808736917851236	0.0	0.0	-0.028468406368168546	0.0	0.020234894503214383	0.0	-0.24516190859317766	-0.03699006949757238	0.0	-0.09419317156307178
ENSMUSG00000040690	0.032583608549686546	0.0	0.03461229176961963	0.0	0.0	0.0	0.03569642020842364	-0.04268642384882497	0.02131112027808317	0.0	0.0	0.0	0.0	0.0	0.02139625588425504	-0.030535926349575755	0.049234166811240536	0.0	-0.07642294736397588	0.0	0.0	-0.043189393671571624
ENSMUSG00000031133	-0.0525234183212591	0.0	-0.026959073332687135	0.0	0.0	0.0	0.0	-0.04612428895420382	-0.03300142627185144	0.0	0.0	0.0	0.0	0.0	-0.04060206908656278	0.0	-0.0411201043414647	0.0	-0.09134864326856902	-0.027727698272620505	-0.032335753406939435	-0.13194511570346762
ENSMUSG00000041984	0.025036981219812154	0.0	0.03345966218395655	0.0	0.0	0.0	-0.08855108428062496	0.0	0.0	0.0	0.0	0.0	0.016388428416454826	0.0	0.01972318502744209	0.0	-0.04150030447447588	0.0	-0.21012012340739256	-0.044356283160938745	-0.023130173151927457	-0.08091880079112956
ENSMUSG00000085090	0.07451187956467904	0.0	0.09553918744253592	0.0	0.034555295781943655	0.0	-0.054973439561845895	0.0	0.030502270352868874	0.0	0.021874945913995213	0.015727841605159366	0.0	0.0	0.0	0.0	0.0	0.0	-0.08069612081165431	-0.04758169116844582	0.0	-0.09284317334051366
ENSMUSG00000097543	0.03777644473961751	0.0147015677707855	0.024559867297061246	0.0	0.0	0.0	0.09023457924478842	0.0	0.014135416254354716	0.0	0.0	0.0	0.021428203964338845	0.0	0.01614966007195426	0.0	0.03385372833738481	0.0	0.04148394312846581	0.0	0.033211215314600494	0.0
ENSMUSG00000108689	0.036354484775265906	0.007863194855508238	0.02730065049148509	0.0	0.0	0.0	0.0902855649525168	0.0	0.0	0.008334423468775125	0.0	0.016657146315555375	0.05221204558098748	0.0	0.025253436788374876	0.0	0.0	0.0	0.3471410312833763	0.0	0.045313067056544344	0.0
ENSMUSG00000114929	0.0	0.037403816516221836	0.029285380624805072	0.0	-0.027798834673032072	0.0	0.0	0.0	0.0	0.023291065822421228	0.0	0.0	0.0	0.010599177408295274	0.01096153095655629	-0.02317207055049741	0.05899395515943277	0.0	0.0704225963868313	0.0	0.0	-0.0355547578030885
ENSMUSG00000081138	0.05355120590222369	0.0	0.04717947558698623	0.0	0.0	0.0	-0.027538744177063302	0.0	0.0	0.0	0.0	0.0	0.0	0.0	0.03190409800492006	0.0	0.02598988609672118	0.017430690557983575	-0.21042245043326296	-0.039308639188072425	-0.021679220707117846	-0.058143091659569136
ENSMUSG00000022225	-0.0436522626260581	0.0	0.0	0.0	0.0	0.0	-0.062063515166165234	0.0	0.0	0.0	0.0	0.0	0.034928463689895974	0.0	0.051348245620795756	0.04773273508014551	-0.04989883299005821	0.0	-0.16291745387016685	-0.03763743217290141	0.03032344206736659	-0.06204101927350996
ENSMUSG00000060084	-0.09229188034343001	0.0	-0.030168947814436735	0.0	0.0	0.0	-0.1609718743539137	0.0	-0.08627138879930002	0.0	0.0	0.0	-0.04000627469105597	0.0	-0.03288786154826986	0.0	-0.03421148492726148	0.0	-0.09158197109584554	-0.027481600271315187	0.0	-0.06877613296242291
ENSMUSG00000022661	0.0	0.0	0.0	0.0	0.0	0.0	-0.06006301015713974	-0.05246459773211376	-0.01897381963007557	0.0	0.0	-0.010478357894290618	0.0	0.0	0.0	-0.03634391561838852	-0.008370156812127716	0.0	-0.17658306854758504	-0.02659874215575572	-0.025858052017295092	-0.11353644142451698
ENSMUSG00000067438	0.029467776065165114	0.0	0.0025414913614820456	0.0	0.0	0.0	0.10777525619444207	0.0	0.029849968507570827	0.0	0.0023828116249044813	0.0	0.010250057535964353	0.0	0.013573028443542383	0.0	0.024530985322955952	0.0	0.0	0.0	0.0061582650294750236	0.005524245967506383
ENSMUSG00000106643	0.038527373223724896	0.0	0.033290954886958074	0.0	0.0	0.0	-0.058399947463250064	0.0	0.03632808253020718	0.0	0.0	0.02001899998227167	0.019574660506919583	0.0	0.022129686804464515	0.0	0.05769897872859585	0.0	-0.1760508347498788	0.0	0.0	-0.10062661858411517
ENSMUSG00000029314	0.021866632167666742	0.01615467496655431	0.014524379510314872	0.0	0.0	0.0	0.0	0.0	0.014382544921870057	0.0	0.0	0.0	0.00937800808213907	0.0	0.013310558202259815	0.0	0.02290792700010147	0.005015742433430254	0.0	0.0	0.011553080912638524	0.07740222380421473
ENSMUSG00000110397	0.01763635602563313	0.024422914019327533	0.0	0.0	0.0	0.0	-0.08601649144586683	0.0	0.014395421875511521	0.0	0.01898248723760324	0.0	0.0	0.0	0.0	0.0	0.01867483580798118	0.0	-0.050997794418220284	-0.0327207577173376	0.016754232902183613	-0.08907308153565618
ENSMUSG00000024552	0.02070934994798226	0.0	0.0	0.0	0.0	0.0	-0.04606154502937158	0.0	0.0	0.016824524380674416	0.0	0.017094889557277677	0.0	0.0	0.014600757782369059	0.015810142850203213	0.019274828731570225	0.0	-0.19259162255999282	-0.04620377881979768	0.0	-0.10799635030206613
ENSMUSG00000001666	0.07574812224428333	0.01095265200971679	0.02908503700720534	0.0	0.0	0.0	0.0816925014374237	0.0	0.0630125200853399	0.0	0.0	0.0	0.025376035295526202	0.0	0.01052504272241295	0.0	0.04860655320065437	0.0	0.08002882770750819	0.0	0.0	0.05955225175832798
ENSMUSG00000006538	0.035708149502083265	0.0	0.03522353721924855	0.0	0.0	0.0	0.12969181959064333	-0.04462854046198685	0.0	0.0	0.0	0.0	0.027667241315806754	0.0	0.02839727623215359	-0.040814298335341906	0.04792521084211221	0.0	0.0	0.0	0.0650065297198847	-0.04430872162992941
ENSMUSG00000101389	0.0	0.013302953826973675	0.0	-0.007785322646481017	0.0	0.0	-0.0882862161509396	0.0	0.0	0.015684086881468298	0.0	0.013075142470057033	0.0	0.0	-0.020825207358105582	0.0	0.0	0.0	-0.2748376275156747	-0.03903202186036464	-0.028454379594296104	-0.12708747546032198
ENSMUSG00000027315	0.03926454579072785	0.0	0.01936710914465586	0.0	0.0	0.0	0.11275858644945369	0.0629393897614843	0.03219052119849217	0.0	0.0	0.0	0.0	0.0	0.0	0.0	0.0164168327599339	0.015268944092559078	0.18824484862055407	0.0	0.0479266298872844	0.22219478937157555
ENSMUSG00000034617	0.013182941967581794	0.0	0.008937071236431154	0.0	0.0	0.0	0.10940491554293676	0.07401357339325389	0.0	0.0	0.0	0.0	0.016186332079759842	0.0	0.01416240439884683	0.0	0.0	0.007148665051973424	0.43221580425012424	0.0	0.0367267145989464	0.2303055160043153
ENSMUSG00000100121	0.06734488518836955	0.0	0.0	0.0	-0.03500645261135429	0.0	-0.013401164136397565	-0.02140598371308899	0.0	0.0	0.0	0.03916499411206264	-0.011526420055103515	0.0	0.0	-0.02253934714498006	0.0	0.0	-0.012423466776917937	-0.018722482664687706	0.0	-0.048739465815360844
ENSMUSG00000107813	0.04928390101373442	-0.024309159388904385	0.0	0.0	0.0	0.0	0.0	-0.036963337836835246	-0.025186261653118068	0.0	0.0	0.0274945065609681	0.030732589411275206	0.0	0.0	0.0	0.0	0.014699363280879785	0.17440394982941324	0.0	0.0637590606667977	-0.07242148752134189
ENSMUSG00000035762	0.0	0.011778159729461444	0.0	0.0	0.0	0.0	0.03125582695958183	0.07212217923835254	0.0	0.0	0.0	-0.045472036160005	0.016975358402357667	0.0	0.0	0.0	0.013706793534219037	0.010368069725089246	0.11015863982080162	0.0	0.028984435116467862	0.20180965151064176
ENSMUSG00000020308	0.023003788153545573	0.0	0.0	0.0	0.0	0.0	0.25509221359360346	0.01871093691371172	0.03421373510857935	0.0	0.006717075789411053	0.0	0.056518365755083066	0.0	0.00968285236200913	0.0	0.0	0.0	0.9376447188056616	0.0	0.2388624524781492	0.2844487381134565
ENSMUSG00000029865	-0.05223667380712014	0.0	0.0	0.0	-0.011859593267386115	0.0	-0.09997777701674398	-0.0289033014770533	-0.02688403042271107	0.0	0.0	0.0	0.0	0.0	-0.04516176496041085	0.0	-0.030417390043105594	0.0	-0.060709078621559026	-0.03185164211406237	0.0	-0.07343015202892683
ENSMUSG00000030373	0.036656096478994114	0.0	0.05243250178162018	0.0	0.0	0.0	-0.06991323119187423	0.0	0.03654464742681774	0.0	0.0	0.02810831160129449	0.0	0.0	0.03277650194510733	0.0	0.06273263205242106	0.0	-0.25263434518564554	-0.046429075831117494	0.0	-0.1260463310984921
ENSMUSG00000047889	0.0	-0.00790182588625595	-0.019214137085207045	-0.003914523364111799	0.0	0.0	-0.07234690045208289	0.0	0.0	0.0	0.0	0.027514048893827966	0.0	0.0	0.0	0.0	-0.02140724153595308	0.0	-0.28379255520283697	-0.03597161654995362	-0.01688745616190123	-0.10190434636081742
ENSMUSG00000021458	0.0	0.15217663021131012	0.0	0.0	0.0	0.15793765382548494	0.1542894948098033	-0.21768711814375452	0.0	0.07480013236160984	0.0	0.09382913867064668	0.0	0.0	0.0574175954647933	0.0	0.0	0.0	0.06012723799011009	0.1687145087798176	0.0	-0.2687176202643011
ENSMUSG00000109130	0.019523342506369386	0.03381290067711141	0.023724026795069866	0.0	-0.014662538512864476	0.0	-0.02856759538128401	0.0	0.0	0.019780763345255723	0.0	0.0	0.0348511173323329	0.0	0.0	0.0	0.0	0.0	-0.17014366464761	-0.031370084450715784	0.0	-0.08631825431993063
ENSMUSG00000109140	0.041678932628425584	0.015543292690157471	0.0	0.0	0.03021796289058546	0.0	-0.20797219886109447	0.01798494277094628	0.0	0.0	0.009415286512398882	-0.03953987889218481	0.0	0.0	0.0	0.0	0.0	0.0	0.08200782128082536	0.0	0.024743077054164925	0.07979635993623868
ENSMUSG00000118265	0.09011359494373591	0.0	0.0434198707745213	0.0	0.013713547690741274	0.0	0.14952878126431085	0.01727597895487717	0.0	0.0	0.017861199296713204	0.0	0.023667057252627795	0.0	0.0	0.0	0.05007992446269859	0.0	0.0	-0.0445508303311058	0.0	-0.06835067916835828
ENSMUSG00000043549	-0.05923624470975327	0.0	-0.026582688147076313	0.0	0.04787419328193582	0.0	-0.20284203670098802	0.032315731895015104	-0.05191802468727646	0.0	0.0	0.0	-0.05874303267312602	0.0	0.0	0.0	0.0	0.0	0.0	-0.020563636951486046	-0.048575522888751506	0.16515046310997925
ENSMUSG00000015092	0.07808103424565153	0.0	0.016260551088102034	0.0	0.0	0.0	0.028112455114451214	0.035360625588688646	0.024658243797966394	0.0	0.0	0.0	0.0	0.0	-0.0464212012553018	0.0	0.024181165157275607	0.0	0.04402016005751297	0.0	0.014473449365585514	0.17708210450745648
ENSMUSG00000099822	-0.3156518279497873	0.0	-0.18692136782200258	0.0	0.0	0.0	-0.2669519292375814	0.0	-0.2438855915424766	0.0	0.0	0.0	-0.20916607338719204	0.0	0.0	0.0	-0.30483736751812357	-0.18584470889369076	-0.9861778617438728	0.0	-0.3953796755047939	-0.23787895122271444
ENSMUSG00000109944	-0.04808803521536475	0.0	0.0	0.0	0.0	0.0	-0.03106271081494588	-0.02083096915709659	0.0	0.0	0.0	0.030019336611990674	0.056639990175807016	0.0	0.03617474447891842	0.0	-0.06849218522750246	0.0	0.37526650642730947	0.0	0.0885053297038856	-0.02058245704869098
ENSMUSG00000114896	0.04474094942945734	0.0	0.0	0.0	0.04792839211696992	0.0	-0.0779183571706713	0.0	0.03461858996763595	0.0	0.0	0.025761136800672546	0.0	0.0	0.0	0.0	-0.055381964319250514	0.0	-0.032548766257112546	-0.037671583745416994	-0.018714888175514238	-0.08204484703147508
ENSMUSG00000113723	-0.31276849400110796	0.0	-0.18822706327815963	0.0	0.0	0.0	-0.30488066850100237	0.0	-0.21453445853221717	0.0	-0.1625672359954362	0.0	-0.23732866643351586	0.0	0.0	0.0	-0.2934870382461789	0.0	-0.9960347367565282	0.0	-0.38320819107894266	-0.23965880199914666
ENSMUSG00000024696	0.0	0.0	0.0	0.0	0.0	0.0	-0.07453153833548098	0.10364189411623173	-0.00966119130213565	0.0	0.0	-0.03392273765296189	-0.03631047600057342	0.0	0.0	0.0	0.0	0.021146502287047265	-0.05339554099739333	-0.1866686260135984	-0.016331057016560204	0.31433160607083527
ENSMUSG00000115597	0.023416525043403927	0.0	0.0	0.0	0.05096201833825258	0.0	-0.02234769431784562	0.0	0.05152800536052226	0.0	0.0	0.0	0.0	0.0	0.0	0.0	0.07088477612280332	0.01375579034038582	-0.10552897679086971	-0.03622244195324769	-0.02595551066612834	-0.09659313624749861
ENSMUSG00000030114	0.03676079032893127	0.014117806328063082	0.0334959333378254	0.0	0.0	0.0	-0.04603451102416187	0.0	0.01817402672618155	0.0	0.0	0.03031979832378225	0.0	0.0	0.0	0.0	0.05586076635459536	0.01335611265276215	0.0	-0.022336703990986834	0.0	-0.07997029630309457
ENSMUSG00000004535	0.032513108078781786	0.0	0.0	0.0	0.0	0.0	0.06297368682081259	0.09694117742660471	0.012832143771833948	0.0	0.0	0.0	0.029173247547538965	0.0	0.0	0.017422378105783367	0.014894496613606768	0.0	0.1410957226780371	0.0	0.018460571508937446	0.30803229755853656
ENSMUSG00000097113	0.023958482413599668	0.0	0.009217645066895467	0.0	0.0	0.0	0.15481581353340945	0.0	0.03209681161455459	0.0	0.0	0.0	0.03916204316186872	0.0	0.00880136538471965	0.0	0.015764502497696148	0.0	0.9665353522230642	0.0	0.1830578233289856	0.012189846083586194
ENSMUSG00000090199	0.05575040957851649	0.0	0.04610216927046268	0.0	-0.018107532998125973	0.0	-0.015963680082189204	-0.02235598887291621	0.0	0.0	0.0	-0.017159360681631635	0.0	0.0	0.0	-0.0166321681768331	0.0	0.0	-0.28081202708884967	-0.016203636949416334	0.0	-0.020666388304742492
ENSMUSG00000027219	0.0	0.0727566301981244	0.0	0.0	0.0	0.048084938024711005	-0.0916804525040964	-0.12755466740976676	0.0	0.0	0.0	0.08584470838167661	0.04509581549017619	0.04295853862478058	0.0	0.0	0.0	0.0	-0.08759770593845627	0.1953336975186183	0.0	-0.2423702013933554
ENSMUSG00000024824	0.04941373178037165	0.00717307698663916	0.0	0.0	0.0	0.0	0.09174657284380043	0.015369171710213502	0.03101454846456949	0.0	0.0	0.0	0.0	0.0	0.0	0.0	0.01540661875572912	0.008981055121292578	0.6748521686904934	0.0	0.04942937802422882	0.08489013123395896
ENSMUSG00000044286	-0.0464561706742397	0.0	-0.007303247290967745	0.0	0.0	0.0	-0.1373044130723572	-0.014661815304487784	-0.02609576980939093	0.0	0.0	0.0	-0.03306388691430871	0.0	-0.005135437080484084	0.0	-0.006470714292232892	0.0	-0.030037560865935762	0.0	0.0	-0.05084030807137365
ENSMUSG00000086939	0.03819783298508051	0.0	0.02878091858501925	0.0	0.0	0.0	0.0	-0.04727806473148455	0.03461956436869902	0.0	0.0	0.020306211208619415	0.0	0.0	0.019933196875246154	-0.03376796748469028	0.044605684188251817	0.0	-0.05786938419770978	0.0	0.0	-0.061039654283184565
ENSMUSG00000097585	0.0	0.0	0.0	0.0	0.0	0.0	0.07264080899013957	0.12580498815693328	0.0	0.0	0.0	0.0	0.018419328112729207	0.0	0.017325539198477735	0.00617886683017906	0.005199246336298091	0.013175724890023334	0.25532605340821	0.0	0.012875737544997979	0.34266003275149376
ENSMUSG00000025931	0.026178878094770198	0.010167450424427182	0.014403707634281407	0.0	0.0	0.0	0.05714634935443978	0.023109971658901652	0.022550323796923958	0.0	0.0	0.0	0.022195781876383165	0.0	0.020341594672378227	0.0	0.0322205364058202	0.0	0.0	0.0	0.0	0.05804669331495029
ENSMUSG00000071658	0.030061350433358974	0.010498440079058076	0.0	0.0	0.0	0.0	0.23823850245164158	0.0	0.05716630185879303	0.0	0.011301507748211037	0.0	0.10512157797909573	0.0	0.0	0.0	0.01603423036733527	0.0	1.4090448544478091	0.0	0.36704145372990227	0.03540199782938498
ENSMUSG00000017718	0.04318810411001726	0.0	0.017704411677069598	0.0	0.0	0.0	0.14907958157341747	0.0	0.03729209735302907	0.0	0.0	0.0	0.044461020399642726	0.0	0.028421658580995664	0.0	0.02137403201225988	0.0	0.318559807635404	0.0	0.12063248760703572	0.13984401008964156
ENSMUSG00000029177	0.03635111237335996	0.0	0.014814837931609093	0.0	0.0	0.0	0.15477102407065826	0.03262871446147011	0.02532950423270552	0.0	0.0	0.0	0.026119560789782788	0.0	0.0	0.0	0.019058505316696988	0.0	0.49430400880055886	0.0	0.06611371131059793	0.16459823849164332
ENSMUSG00000020224	0.010704959925856211	0.01203785590392467	0.007635545526407217	0.0	0.0	0.0	0.14967839794401153	0.0	0.030277598406790663	0.0	0.0	0.0	0.0	0.0	0.016527273300155732	0.0	0.013235681054046062	0.0	0.6915642352254173	0.0	0.12666557485854674	0.21579441088813783
ENSMUSG00000024833	0.043227804012738145	0.0	0.022622656362097482	0.0	0.0	0.0	0.06224039604225146	0.0	0.03680705811474966	0.0	0.0	0.0	0.0362234099761544	0.0	0.02385348711195037	0.0	0.029429522863574753	0.0	0.18935877602135498	0.0	0.023841609519197702	0.08419619676395562
ENSMUSG00000029782	0.02848492263938428	0.0	0.0	0.0	0.0	0.0	0.03660886297884192	0.08683274430017528	0.023042118143323354	0.0	0.0	0.0	0.05546709857735204	0.0	0.0	0.0	0.0	0.018390449674618004	0.501848525508238	-0.17297863523936652	0.05611919504720697	0.2667824796406731
ENSMUSG00000049232	0.0	0.013106920656886853	0.013369565607698895	0.0	0.0	0.0	0.028932720066759298	0.03693895978973801	0.012497858249209449	0.0	0.0	0.0	0.025094501425412405	0.0	0.0	0.0	0.016350948652528483	0.0	0.4635178757596199	0.0	0.010071867871175422	0.1364772367415276
ENSMUSG00000049122	0.0	0.0	-0.005509253661410183	0.0	-0.002588672157051053	0.0	-0.02200090900886466	-0.030646166803982598	-0.004876003383072	0.0	0.0	-0.024548726384784128	0.0	0.0	-0.0035784259969254286	-0.022687321807078012	0.0	0.0	-0.12080774603986952	-0.015254080033909745	0.0	0.0
ENSMUSG00000030159	-0.019805708989702447	0.0	0.0	0.0	0.0	0.0	-0.039873448118611286	-0.010564671187537811	-0.01865655725676758	0.0	0.0	0.0	-0.00842398564887604	0.0	-0.006367175389485526	-0.002638173291233975	-0.01717894703892338	0.0	0.0	-0.029303080319456727	0.0	-0.07772577638962411
ENSMUSG00000035498	0.030591483785332284	0.0	0.020301162548803958	0.0	0.0	0.0	-0.04058417112347075	-0.02674113086523438	0.02557958897431198	0.0	0.0	-0.01703241879745665	0.0	0.0	0.023705338518307365	-0.0325096615568162	0.03215901291146089	0.0	-0.12390253028490254	0.0	0.0	0.0
ENSMUSG00000121483	0.026674024853729324	0.0	0.0	0.0	0.0	0.0	-0.05817282383592263	-0.0381778832189731	-0.011382361364488966	0.020264694591687754	0.0	0.0	0.0	0.0	-0.013684054453656625	-0.02887526191028494	0.031887699369937884	0.0	-0.1012053768654334	-0.01038673009414691	0.0	0.0
ENSMUSG00000031548	0.034403831270680425	0.00710868139465335	0.015929075712692656	0.0	0.0	0.0	0.04798774913913087	0.0	0.028365835719306173	0.002862080774241993	0.0	0.0	0.016333663672849337	0.0	0.015490551982281163	0.0	0.031021145340980768	0.0	0.02307148012021233	0.0	0.0	0.0
ENSMUSG00000121717	0.0	0.0	0.0211357167624891	0.0	0.0	0.0	-0.08837960550569743	0.0689495882907177	0.0	0.0	0.0	-0.031360720446152145	-0.035199337681716444	0.0	-0.01875532785320233	0.0	0.0	0.0	0.305297091595964	-0.03094831446803798	0.03234271510167005	0.2191520350242013
ENSMUSG00000032739	0.044656911826433235	0.0	0.03224132341515462	0.0	0.0	0.0	0.1046760757123353	0.0	0.04286615565847337	0.0	0.0	0.0376856773281635	0.043348681056558765	0.0	0.034292882612955065	0.0	0.05440892971723096	0.0	0.4936772504248503	0.0	0.06412569991904803	0.0
ENSMUSG00000113196	0.0	0.0	0.020092195363446894	0.0	0.0	0.0	-0.06329113393952822	0.0	0.02063881129942095	0.0	0.0	0.014918022458744018	0.0	0.0	-0.021861767818938106	0.0	-0.04934503949759149	0.0	-0.18535828423497622	-0.03775482320144854	0.015756607437830472	-0.06999676289106901
ENSMUSG00000105087	0.0	0.0	0.021665786065949894	0.0	0.01173568540288073	0.0	-0.045898746366675146	0.0	0.0	0.0	0.0	0.0	0.013241097856023287	0.0	0.02714327164924115	0.0	-0.01541706580661003	0.0	-0.2538935843434895	-0.04378785697916579	-0.027792945720744054	-0.0892445804400433
ENSMUSG00000029217	0.03221013862518452	0.00987995964440227	0.019006412869871602	0.0	0.0	0.0	0.0	0.0	0.0166130061625936	0.004166688595482498	0.0	0.0	0.0183454095724344	0.0	0.010820964203500308	0.0	0.027126023714164574	0.0	-0.103232979553168	0.0	0.0	0.05205656813294489
ENSMUSG00000055944	0.04429780970297626	0.0	0.03393020862718452	0.0	0.0	0.0	-0.0414079070341377	-0.027976452673534914	0.028400712652599323	0.0	0.0	0.0	0.0	0.0	0.020671035200828518	-0.02569159663973964	0.03954117075063828	0.0	-0.14528771314300065	0.0	0.0	0.034255150553946415
ENSMUSG00000027540	0.04718310302060026	0.0	0.024815140354870358	0.0	0.0	0.0	0.06124504994796201	0.07100141846497829	0.03303649576114954	0.0	0.0	0.0	0.030517917257178444	0.0	0.029279590673693904	0.0	0.031109108452130153	0.0	0.0	0.0	0.01640841464068976	0.23191116110204005
ENSMUSG00000080990	-0.02951657612559776	0.0	-0.050024867324589	-0.0005534402252317938	0.0	0.0	-0.029038431351458043	0.0	-0.022372206676241787	0.0	0.0	0.0	0.0	0.0	-0.01703512446175667	0.0	0.0	0.0	-0.16027922960231147	-0.03349579630958607	-0.0223899845476808	-0.08583338573211427
ENSMUSG00000109966	0.017568099475633585	0.0	0.0	-0.005437983938821904	-0.005406477419612794	-0.003585810510814913	-0.07929907266069036	-0.01373076247020507	0.0	0.0	0.0	0.024391469419578357	0.0	0.0	0.0	0.0	0.0	0.0	-0.05899150671716259	-0.051921398019585216	0.0	-0.1185451980942936
ENSMUSG00000112470	0.026013291170668047	0.0	0.027218360723720986	0.0	0.0	0.0	0.0	0.0	0.027297245126875726	0.01455925359989207	0.01484675984852467	0.0	0.014539524833389281	0.0	0.0	0.0	0.047339253809485844	0.0	0.15714645417181752	0.0	0.034903381013420935	-0.07906933258263121
ENSMUSG00000066607	0.04026604121398102	0.01582409431232425	0.023359303030129997	0.0	0.0	0.0	0.09154430253976432	0.010033902219070245	0.029067568586079975	0.0	0.0	0.0	0.0	0.0	0.019522771239801576	0.0	0.03731137524213189	0.0	0.013329851037323221	0.0	0.0	0.04537489280175955
ENSMUSG00000039117	0.041670941443664136	0.0	0.0211149438185199	0.0	0.0	0.0	0.0811630797550964	0.02393315005131162	0.032367856985929144	0.0	0.0	0.0	0.03741309089888592	0.0	0.026759361894120044	0.0	0.023882872125219095	0.0	0.0	0.0	0.021082817100384788	0.20063832117993557
ENSMUSG00000118526	0.03524929661957533	0.0	0.013049369501433573	0.0	0.0	0.0	0.14185500405182677	0.0	0.023723540807590177	0.0	0.0	0.0	0.03297915680776683	0.0	0.011481868077549695	0.0	0.017541472574476486	0.0	0.35959584290916236	0.0	0.09256255838771169	0.06270775477050569
ENSMUSG00000108864	0.0444867714108694	0.023028375343417114	0.0	0.0	0.021965711784712558	0.0	-0.10662494769534862	0.0	0.0	0.0	0.0	0.03432358469281056	0.0	0.0	-0.027749147974945848	0.0	0.06972797080742435	0.0	0.0	-0.03769783799532997	-0.02072221269076488	-0.0896263513821477
ENSMUSG00000019577	0.03045096710073755	0.015441095373094127	0.023498529796135783	0.0	0.0	0.0	0.05026906775916691	0.0	0.024892460092655874	0.0	0.0	0.0	0.022513558581169466	0.0	0.0	0.0	0.025031766297331393	0.0	0.1351198156864058	0.0	0.026325881044183107	0.10754710530120891
ENSMUSG00000118236	0.029130573361165542	0.010359820952465269	0.009382906906697776	0.0	0.0	0.0	-0.03245595171905771	0.0	0.011481929484903697	0.010082297058726226	0.0	0.013382928583870586	0.0	0.0	0.0	0.0	0.04285524487206704	0.0	0.029709570306137596	0.0	0.0	-0.06821447147035606
ENSMUSG00000096151	0.0	0.0	-0.04664409603849558	0.0	-0.014392741528929411	0.0	-0.05164932331949606	0.0	0.0	-0.010903194352099375	0.0	0.0	0.0	0.0	-0.0171568686748637	0.0	-0.008748144363026844	0.0	-0.11286879695180589	-0.03296888245548999	-0.009228149256433399	-0.08462584739766273
ENSMUSG00000102916	-0.01056491220071798	0.0	-0.04843222331523244	0.0	0.0	0.0	-0.4089062170091323	0.05939972243565019	-0.04643408778309042	0.0	0.0	0.0	-0.04585739072296845	0.0	-0.10227082105038177	0.06962400026928198	-0.034942857723370295	0.0	0.0	0.0	0.0	-0.05543610368723975
ENSMUSG00000037295	0.04922125110526854	0.0	0.0	0.0	0.0	0.0	0.10652768343666337	0.02951500138667885	0.03680342336575665	0.0	0.0	0.0	0.03128984735513803	0.0	0.026272296595650033	0.0	0.030766513964609388	0.0	0.1002652518139159	0.0	0.055734339218205864	0.11515821868331441
ENSMUSG00000046862	0.028639236539944962	0.0	0.0	0.0	0.0	0.0	0.12217317876635496	0.03791498096065038	0.039101489356168515	0.0	0.0	0.0	0.056644323344658645	0.0	0.02484516876924173	0.0	0.024374617191436743	0.0	0.4640478888971196	0.0	0.07219988740502556	0.18131053112794956
ENSMUSG00000116380	0.05693310827365748	0.0	0.027822296537075488	0.0	0.0	0.0	0.09831734986743043	0.0	0.0395470947675274	0.0	0.0	0.0	0.04206144270502911	0.0	0.036242039602900344	0.0	0.050570464579311476	0.0	0.18381649788031898	0.0	0.03111690591263543	-0.07966946451881551
ENSMUSG00000110981	0.026130532017574606	0.01824651105243219	0.028261809775379478	0.0	0.0	0.0	-0.059735441694968916	0.0	0.02519967319098686	0.0	0.0	0.0	0.0	0.0	0.0	-0.019060310211191343	0.0	0.0	-0.23250208801148617	-0.035108734486449376	-0.024972160032765093	-0.07401124650414512
ENSMUSG00000101451	0.026275168729678982	0.015391359104398126	0.039203452479943446	0.0	0.0	0.0	0.0	0.0	0.039309473640916144	0.009475442004923021	0.0	0.018439336599641212	0.0	0.0	0.01471074368175546	0.0	0.02528936813506383	0.0	0.018774362384196615	0.0	0.0	-0.07832406055993656
ENSMUSG00000078972	0.038038598304221106	0.0	0.034799632102271334	0.0	0.0	0.0	0.20882322722119306	0.0	0.023240397246225505	0.0	0.0	0.021079590694093223	0.061790764136073185	0.0	0.030636609868167262	0.0	0.020221715074150715	0.0	0.1410023451478812	0.0	0.07770539193988435	0.0
ENSMUSG00000002052	0.04300894386408537	0.0	0.018096664722651923	0.0	0.0	0.0	0.08615719652118231	0.06524541337139814	0.0355412214544126	0.0	0.0	0.0	0.0	0.0	0.028166774420522796	0.0	0.02328723648083641	0.0	0.1881174524202116	0.0	0.03803422293095991	0.2921313987026545
ENSMUSG00000028789	0.04595159365933764	0.0	0.0	0.0	0.0	0.0	0.0886780320712129	0.0461052555159238	0.03630633424722649	0.0	0.0	0.0	0.04112628995685899	0.0	0.03351380805492887	0.0	0.030501767760875088	0.0	0.24635013699393454	0.0	0.05736438874279647	0.16565810581306695
ENSMUSG00000040385	0.0	0.0	0.0	0.0	0.0	0.0	0.2268261330563753	0.04520226282913034	0.04052986610850674	0.0	0.0	0.0	0.04878365941481173	0.0	0.009452170387235882	0.0	0.012203913287356023	0.008877667398242917	0.7157638308646348	0.0	0.13855451399063365	0.2825748898495041
ENSMUSG00000027160	0.026564733125815653	0.013813096282815487	0.0	0.0	-0.030270887956795223	0.0	-0.05756704307794519	0.03576349306664052	0.011512070314977056	0.0	0.0	0.0	0.021528009664858582	0.0	0.0	0.0	0.023347601208837367	0.0	0.0	0.0	0.014551073656638824	0.11211087616738838
ENSMUSG00000040396	0.02727824223694157	0.0	0.01221006290051471	0.0	0.0	0.0	0.08698697763044709	0.03436631382279979	0.016682608693541375	0.0	0.0	0.0	0.0	0.0	0.008659759673271842	0.0	0.008800484968570998	0.0	0.07476524740116204	0.009019884410462722	0.0	0.19197673695727965
ENSMUSG00000118109	-0.015762128662596818	0.0	-0.011731902937675898	0.0	0.0	0.0	-0.09407588926335292	-0.08159769347992861	0.0	0.0	0.0	0.0	0.0	0.0	-0.016913599597172854	-0.020852128887310306	0.0	0.0	-0.33247104452019255	-0.04593053091078051	-0.03172486759506494	-0.13156868063579294
ENSMUSG00000028893	0.034180434534426984	0.0	0.0	0.0	0.0	0.0	0.18373705906055357	0.0	0.03794450719634601	0.0	0.0	0.0	0.04423928038316814	0.0	0.014884087933596536	0.0	0.012373413390856403	0.012247257015121528	0.5847497641934529	0.0	0.10514496357675618	0.17695948034862527
ENSMUSG00000002660	0.010356071993602445	0.0	0.013171475343074515	0.0	0.0	0.0	0.1519045831526257	0.04961446531480784	0.03321504352084182	0.0	0.0	0.0	0.0	0.0	0.0	0.0	0.020098170198917385	0.012025099082472523	0.4370514794344476	0.0	0.049837228204379275	0.2333438288631679
ENSMUSG00000050953	-0.29999391892247207	-0.15519401138297617	-0.17625045882418988	0.0	0.0	0.0	-0.2882518194694333	0.0	-0.2351796167473141	0.0	0.0	0.0	-0.25606300456818953	0.0	0.0	0.0	-0.3144394262686816	0.0	-0.9772333363054618	0.0	-0.3740905189388551	-0.2559992433946617
ENSMUSG00000001065	0.04045817444271378	0.0	0.02049731634286582	0.0	0.0	0.0	0.02299712914957762	0.056413602059295784	0.03425635459680756	0.0	0.0	0.0	0.01850054042543603	0.0	0.030351731772819288	0.0	0.03152301182740113	0.0	0.2423718988473002	0.0	0.0	0.3313301970691382
ENSMUSG00000091816	0.03397549172695165	0.0	0.03521091360702697	0.0	0.019188226494354997	0.0	0.0	0.0	0.023976032006779058	0.01485614149756219	0.0	0.0	0.0	0.0	0.017166460422569085	0.0	0.05952551066832965	0.0	-0.15188716893104753	-0.03531059674070146	0.0	-0.08041660754984438
ENSMUSG00000101207	-0.287780181719773	-0.16074891920566436	-0.18581463031961326	0.0	0.0	0.0	-0.29602456441997277	0.0	-0.2517936395954211	0.0	0.0	0.0	-0.23060426622411942	0.0	0.0	0.0	-0.3031008196624826	0.0	-0.9478265682752273	0.0	-0.40065734669538444	-0.2683444187045772
ENSMUSG00000103324	0.0	0.0	-0.034765802897944155	0.0	0.0	0.0	-0.07780851841234093	-0.007701454190365187	0.0	0.0	0.0	0.025092330888053682	0.0	0.0	0.0	-0.019702857260899515	0.01680506471155574	0.0	-0.24095673427686384	-0.03490667139674876	-0.026932301856748626	-0.09623359081306995
ENSMUSG00000089959	0.02677390714538514	0.02151981978141751	0.036546673717562525	0.0	0.0	0.0	-0.051854822258544396	0.0	0.025335208459734884	0.0	0.0	0.0	0.0220279479912314	0.0	0.0	0.0	0.05315427737208516	0.0	-0.07840571887493727	-0.036247080119518396	0.0	-0.07842231862506906
ENSMUSG00000064302	0.03765988301934781	0.0	0.0	0.018404780154307576	0.0	0.0	0.06628025974255256	0.11770886734097272	0.028515740973790647	0.0	0.0	0.0	0.04169429007397027	0.0	0.03413189183368726	0.0	0.0	0.0	0.11583979081567614	0.0	0.037692500035426214	0.3302420672515708
ENSMUSG00000035551	0.02757731708754464	0.012013318303148335	0.0	0.0	0.0	0.0	0.068336179291681	0.0	0.0220752175124769	0.0	0.0	0.0	0.03257910664791438	0.0	0.02204948261742367	0.0	0.030707435267583797	0.0	0.22437977221901273	0.0	0.0658367806312301	0.05449922593025438
ENSMUSG00000021510	0.0	0.013498976171364557	0.0	0.0	-0.028473241921890744	0.0	-0.0615798325710826	0.04486735466242952	0.0	0.0	0.0	-0.02390627661609234	0.029748818561912086	0.0	0.0	0.0	0.022174224027803547	0.0	0.17065260366125323	-0.0628912329461863	0.0	0.14326217087231363
ENSMUSG00000030421	0.022919653025606935	0.0	0.0	0.0	0.0	0.0	0.1446654961689682	0.061860059523561974	0.024404604453952664	0.0	0.0	0.0	0.04722420570665221	0.0	0.008109024713964345	0.0	0.0	0.007089770785102534	0.252145976681158	0.0	0.053703818455592356	0.22869907448537935
ENSMUSG00000096935	0.05596458218133687	0.0	0.0	0.0	0.015850004919392955	0.0	0.0	0.03656446526110131	0.046530527604632485	0.0	0.0	0.0	0.037752928539846284	0.0	0.0	0.0	0.019246327387972342	0.0	0.24839286745430197	-0.09537277954671097	0.051312520740557706	0.2861937610334354
ENSMUSG00000031754	0.042032911252391086	0.0	0.0	0.0	0.0	0.0	0.1116975216017847	0.09303856063700627	0.025686569467909214	0.0	0.0	0.0	0.028021911453534738	0.0	0.030015430465613935	0.0	0.020237777927030298	0.0	0.29158606328852105	0.0	0.04673677116652719	0.26698109360424416
ENSMUSG00000060301	0.015237078888846884	0.0	0.008791422181614363	0.0	0.0	0.0	0.0	0.005066076599241812	0.004918773649599298	0.0	0.0	0.0	0.013447045315588468	0.0	0.0	0.0	0.01685508071101118	0.004868572331341914	0.02654249751568013	0.0	0.0055977205493828374	0.037630776703131155
ENSMUSG00000086216	0.043968551014482056	0.008587692624571116	0.005896193891454127	0.0	0.0	0.0	0.11644856459110779	0.041338213332339405	0.018888821306640047	0.0	0.0	0.0	0.0	0.0	0.0	0.0	0.016740715500390593	0.0	0.37511193713446617	0.0	0.03729222340329199	0.17748028212648825
ENSMUSG00000086929	0.040472569260294196	0.0	0.0	0.0	0.0	0.0	0.13025191178959894	0.03673403133215882	0.03283312656060616	0.0	0.0	0.0	0.031718277944283495	0.0	0.018030207710471587	0.0	0.01560029079912506	0.0	0.6425445933887046	0.0	0.150871138309745	0.1626489039665656
ENSMUSG00000063386	0.0	0.020221378972690385	0.0	0.0	0.0	0.0	-0.10084557602814963	-0.031726271216752096	0.02534693388197904	0.0	0.0	0.02597731905489478	0.0	0.0	-0.018156528359601787	-0.012280631564586947	0.0	0.0	-0.21157063324289482	-0.03839899668425549	0.0	-0.0622090132536466
ENSMUSG00000032593	0.026886755532022244	0.0	0.015960675644064084	0.0	0.0	0.0	0.14564017664885268	0.0	0.04315925119331983	0.0	0.0	0.0	0.04097272367829417	0.0	0.010646622642903484	0.0	0.02622962218920015	0.0	0.5826297974553315	0.0	0.053850447534280636	0.009725825219157658
ENSMUSG00000108030	0.024583200788205816	0.0	0.015260055737568461	0.0	0.0	0.0	-0.08270300076663994	0.07377973641118676	0.018951531646693956	0.0	0.0	0.0	0.0	0.0	0.0	0.0	0.01576604116014535	0.0	0.36732520640935323	-0.11029204361404894	0.022729241487358717	0.1750766205361663
ENSMUSG00000029524	0.04179624679222333	0.0	0.01391347686244604	0.0	0.0	0.0	0.18804505360173818	0.0	0.0330609137453027	0.0	0.0	0.0	0.042718207957545724	0.0	0.016902302543285466	0.0	0.017969352726785133	0.0	0.4434341655117904	0.0	0.17285951193059768	0.11401900584461169
ENSMUSG00000016206	0.021454229817471082	0.014512705433324795	0.01710085650839525	0.0	0.0	0.0	0.0	0.0	0.0	0.0	0.02704903617028073	0.0	0.02315653453191576	0.0	0.01589440299472121	0.0	0.02041384026598609	0.0	-0.16233217980274908	0.0	0.013390634554336296	0.02973437441174307
ENSMUSG00000104120	0.03061461612626689	0.02612766391978866	0.058434856987003736	0.0	0.0	0.0	-0.09631084657536212	0.0	0.0	0.0	0.0	0.023594747256980464	0.0	0.0	-0.02479208629133741	0.0	-0.04541262965066609	0.0	-0.03279163451631411	-0.030732300556225854	0.0	-0.07743557500320465
ENSMUSG00000082316	0.01865436879807254	0.0	0.0	0.0	0.0	0.0	-0.032346415983499605	0.0	0.028432128862158658	0.0	0.0	0.01668946372876949	0.025043753371131156	0.0	0.0	0.0	0.047469086520379136	0.02081692825862296	-0.09734781933023612	-0.04062474306452945	0.0	-0.0803897559770007
ENSMUSG00000027108	0.018617102199586816	0.0	0.0	0.0	0.0	0.0	0.0	0.07940053785512752	0.012432403751545744	0.0	0.005425572795107494	0.0	0.03048426492168582	0.0	0.0	0.005131951022800174	0.012577305116766035	0.0	0.09048429583500052	0.0	0.0192136210743394	0.2370466984339453
ENSMUSG00000027788	0.017285853850037492	0.0	0.023550986681057724	0.0	0.0	0.0	-0.039477084259553825	0.0	0.0	0.0	0.0	0.03537902851486285	0.0	0.0	0.020793358218633828	0.0	0.026622463720841077	0.0	-0.10729409441082952	-0.04305201484145502	-0.018394926481511226	-0.06982842325656435
ENSMUSG00000053797	0.028793304238639007	0.012786548965590028	0.02219163085666679	0.0	-0.03952838437303849	0.0	0.0	0.0	0.0	0.012315571178701029	0.0	0.01916768205171108	0.0	0.0	0.048928031480302565	0.0	0.035892243712205577	0.0	0.02172960566485153	0.0	0.0	-0.07203846459207004
ENSMUSG00000067813	0.010897500868197194	0.008747794066334164	0.0	0.0	0.0	0.0	-0.05127143230775637	-0.010924659567339906	0.0	0.0	0.0	0.022031249700012703	0.009005234897008193	0.0	0.0	0.0	0.0	0.010451686687991618	-0.14973790010955756	-0.044971584872161297	0.0	-0.05066656131219202
ENSMUSG00000111240	-0.0020588106052972233	0.0	-0.03840539705663181	0.0	0.0	0.0	-0.11795268319910882	-0.019192942902695527	-0.020403620250949276	0.0	0.0	0.0	0.0	0.0	-0.030166844605442313	0.0	0.0	0.0	-0.18164292042381824	-0.03000790871274281	-0.00985033482915645	-0.13381837612692635
ENSMUSG00000046352	-0.02455581619515854	0.0	-0.008149706423527562	0.0	0.0	0.0	-0.0050495064689408675	0.0	-0.04983368842500934	0.0	0.0	-0.006285854625702568	0.0	0.0	0.0	-0.020268075817455832	0.0	0.0	-0.11127780456236787	-0.021293507837082226	-0.010409540121636071	-0.015346248380693931
ENSMUSG00000086712	0.057625255406085304	0.0	0.0	0.0	0.0	0.0	0.0	-0.04683980716236306	0.024168358882952184	0.0	0.0	0.0	0.021126699530331156	0.0	0.02754936507075636	-0.04699348707468026	0.03037463443497192	0.0	-0.062110898154813354	-0.01957077827897509	0.0	-0.09840080397712626
ENSMUSG00000055015	0.023011188154204124	0.0	0.023263503263596042	0.0	0.0	0.0	0.11781864494103288	0.0	0.0	0.01301220136599694	0.0	0.0	0.015235269297296749	0.0	0.0	0.0	0.04029626998830348	0.012834894373209046	-0.15902899680850743	-0.04377257155296979	0.0	-0.11772949387783718
ENSMUSG00000109654	0.06185766336427649	0.026441407385540502	0.052692515870624186	0.0	-0.04419508541891953	0.0	0.0	0.0	0.049335098467356536	0.013143348285950292	0.030277505592766256	0.0	0.03784833560833116	0.0	0.0408045415508655	0.0	0.04081025149413598	0.0	0.0	0.0	0.0	0.0
ENSMUSG00000084764	0.029051625331771577	0.01391230784954802	0.028246291960534898	0.0	0.0	0.0	-0.02518093720166542	0.0	0.01373675577292846	0.0	0.0	0.0	0.0	0.0	0.008647373002401686	0.0	0.01603623612368524	0.0101288407604839	0.0	0.0	0.0105336654905819	-0.05289161070186577
ENSMUSG00000020839	0.015534716677204664	0.015417402331125563	0.022319272419896834	0.0	0.0	0.0	0.009970049979325352	0.0	0.012866973018223099	0.0	0.0	0.015600001412107614	0.016276742492396974	0.0	0.021286923167617145	0.0	0.047323645077672345	0.0	0.0	0.0	0.0	-0.061816624074253874
ENSMUSG00000023186	0.0	0.0	-0.0060008588845943695	0.0	-0.007567164449705403	0.0	-0.06087261472545175	-0.0333739385253513	0.0	0.0	0.0	0.06674967113416044	0.0	0.0	0.0	-0.023409868015831503	0.0	0.017948571415153908	-0.08818189618451336	-0.02452980593610864	0.0	-0.011157489798324182
ENSMUSG00000110823	0.04932673439249058	0.0	0.02801393046389953	0.0	0.0	0.0	-0.05026481880610653	0.0	0.028867165353115978	0.0	0.0	0.03858452654132541	0.0	0.0	0.0	0.0	0.05238516677553088	0.02276021859998109	-0.13850242542491664	-0.041790073460370544	0.0	-0.10602581006086563
ENSMUSG00000031734	0.03275500210632764	0.0	0.015183216563123512	0.0	0.0	0.0	0.14986403566225573	0.0	0.006708019035683188	0.0	0.0	0.0	0.03951577288849094	0.0	0.015077604725269865	0.0	0.024903887225321525	0.0	0.23198346256778735	0.0	0.05132550613369741	0.03173515756073158
ENSMUSG00000100422	-0.35823487811897364	-0.16322136282598354	-0.17151228823041956	0.0	0.0	0.0	-0.27762273955127614	0.0	-0.25715494891912605	0.0	0.0	0.0	-0.20949041269015622	0.0	0.0	0.0	-0.2805089280621707	0.0	-0.9828795145435069	0.0	-0.37762728095243614	-0.2544430009281862
ENSMUSG00000095609	0.021334560709015165	0.0	0.026204649113842786	0.0	0.0	0.0	0.09910870757429587	0.0	0.018364736760408645	0.0	0.0	0.0	0.026058470022465804	0.0	0.022274006990188052	0.0	0.04219054250369223	0.0	0.026870613597170023	0.0	0.029894495340119513	-0.11084979873218541
ENSMUSG00000010142	0.03476202477267704	0.012602011907220014	0.012030563042740413	0.0	0.0	0.0	0.10670948378925786	0.0	0.02872708228379902	0.0	0.0	0.0	0.017580914850508552	0.0	0.023714138031130778	0.0	0.04415396592944403	0.0	0.0	0.0	0.027734970868222047	-0.06447512654822704
ENSMUSG00000066952	0.03713221460167188	0.015735969389732405	0.02465076495535592	0.0	0.0	0.0	0.06927665275984315	0.0	0.02354891858493947	0.0	0.0	0.0	0.014323149558825583	0.0	0.01542686414155732	0.0	0.04459612076612237	0.0	0.0	0.0	0.020836426800675722	-0.062105597925759065
ENSMUSG00000000805	0.022030309989267235	0.0	0.026255071343241343	0.0	0.014572667051649633	0.0	0.0801584163735729	0.0	0.006460897562121204	0.0	0.0	0.0	0.018748254913513035	0.0	0.00846678252462831	0.0	0.026094783677333235	0.0	0.0	0.0	0.039321932008435	0.010725721393929995
ENSMUSG00000003345	0.03417225943442837	0.0	0.0	0.0	0.0	0.0	0.16731007086142474	0.05827645173652472	0.029327619312636798	0.0	0.0	0.0	0.044833860380076335	0.0	0.020069879716061376	0.0	0.0	0.013900672272430858	0.32084378092093646	0.0	0.056666579911607486	0.312002042408981
ENSMUSG00000106894	0.0	0.03362202561195959	0.0	0.0	0.02563861474647054	0.0	-0.06682315713748589	0.0	0.018570431781505855	0.024093264328657455	0.0	0.0	0.018957111339999506	0.0	0.0	0.0	0.03223679966162395	0.023044784142195466	0.0	-0.03835946307999073	0.0	-0.09497590504830983
ENSMUSG00000099737	-0.3342025356997186	-0.21678170698284188	-0.1714268573221185	0.0	0.0	0.0	-0.26734144849688385	0.0	-0.21233376800361872	0.0	0.0	0.0	-0.20650256529060276	0.0	0.0	0.0	-0.3111130981254842	0.0	-0.9903864859554073	0.0	-0.37864263815230553	-0.24396425079325412
ENSMUSG00000117123	0.01965576391756001	0.015971566351371924	0.012957634921684696	0.0	0.0	0.0	-0.05411895708824548	0.03545612382279193	0.014949020703302996	0.0	0.0	-0.03939446036109719	0.0	0.0	0.0	0.0	0.01675551957282114	0.0	-0.033799880658505255	0.0	0.0	0.09632333060098014
ENSMUSG00000082986	-0.009574903089836903	0.03630011093702312	-0.028945251732203168	0.0	0.0	0.0	-0.061617985376869806	0.0	0.0	0.0	0.0	0.0	-0.014677396646337628	0.0	-0.035591976208049825	0.0	-0.03767464816651267	0.0	-0.04925899973668032	-0.022463498369872235	0.0	-0.054269388004475054
ENSMUSG00000020743	0.02572684905466401	0.0	0.0	0.0	0.0	0.0	0.17759770012488163	0.011260353851535428	0.04479560597897773	0.0	0.007411165612271953	0.0	0.0	0.0	0.0	0.0	0.013223293464985426	0.009599074136215928	0.6082232946348681	0.0	0.15342630390721862	0.17956060146567318
ENSMUSG00000020064	0.027332285214994687	0.0	0.0	0.0	0.0	0.0	0.08691270433654866	0.09033588413780065	0.01700325721240473	0.0	0.0	0.0	0.03808233261057329	0.0	0.018141134314969776	0.0	0.023187959720091803	0.0	0.17901209364080517	0.0	0.032340309160361014	0.24292497468135726
ENSMUSG00000026596	0.02649539016491873	0.0	0.0	0.0	0.0	0.0	0.11883662854814273	0.08657797942857708	0.023547309555344655	0.0	0.0	0.0	0.03929281019003248	0.0	0.02481169807714967	0.021607035617915726	0.0	0.0	0.20256883845316262	0.0	0.06196338445178781	0.27369996379910094
ENSMUSG00000034853	0.03202926269103108	0.011808173354002721	0.02012883516156412	0.0	0.0	0.0	0.041057846335587136	0.0	0.02822012671631805	0.009504389793811092	0.0	0.0	0.01671835992603112	0.0	0.014275228999861002	0.0	0.034807099483005186	0.0	0.0	0.0	0.0	-0.07054328826872609
ENSMUSG00000058252	-0.07187719456342141	0.0	-0.02951079837388932	0.0	0.0	0.0	-0.13555475606210132	-0.04119102414742191	-0.07063599126627099	0.0	0.0	0.0	-0.02951545531651667	0.0	0.0	0.0	-0.05204953275258279	0.0	-0.4295664844872341	0.0	-0.08351878410541339	-0.08190455184888501
ENSMUSG00000027861	0.03622033204064303	0.014619616609481884	0.02242201527976328	0.0	0.0	0.0	0.014478514715846269	0.0	0.035134890496733046	0.0	0.0	0.0	0.024928411904239063	0.0	0.018254967120983408	0.0	0.03991511122520196	0.0	0.28327428645484765	0.0	0.029782733289223033	0.0
ENSMUSG00000030255	0.016031474310744944	0.0	0.03170796227861944	0.0	0.0	0.0	0.06040323282486599	0.0	0.010040950433293602	0.0	0.0	0.009378399923940411	0.016230441759388536	0.0	0.022371391372767797	0.0	0.03703001879174242	0.009540664719794733	0.0	0.0	0.0	-0.09669163663066954
ENSMUSG00000103258	0.0	0.0	0.03855604901975969	0.0	-0.009749147685903556	0.0	-0.07124443860550281	0.0	0.0	0.0	0.0	0.0	-0.019619382124071785	0.0	-0.002948798130755159	0.0	-0.02370525829585725	0.0	-0.2665101074069188	-0.036354763947599136	-0.012966096677702725	-0.07864828449139614
ENSMUSG00000022760	0.04269684932269684	0.0	0.0	0.0	0.0	0.0	0.2210565148239845	0.04922400589175741	0.028823258024830378	0.0	0.009288648174897052	0.0	0.0	0.0	0.0	0.0	0.0	0.016575878894203713	0.8824877128305522	-0.06578984001111644	0.12647510433276732	0.2588319589838898
ENSMUSG00000086050	0.03957370608699665	0.028206732955366763	0.04312643325895767	0.0	0.0	0.0	0.0	0.0	0.03187011437949405	0.0	0.019860933169115816	0.0	0.020248197301005712	0.0	0.0	0.0	0.0463936882328857	0.012433759354625401	-0.10000337092949196	0.0	0.0	0.026625343502521454
ENSMUSG00000057503	0.0	0.0	0.016237198994395026	0.0	-0.012086136928709055	0.0	0.0	-0.016873334012869865	0.014538803194350386	-0.012760886309542247	0.0	0.02053278400708129	0.0	0.0	0.017255016946326134	0.0	0.0	0.0	-0.08080028243364344	-0.043561951645140776	0.0	-0.13457745650798753
ENSMUSG00000062825	0.019707452212654755	0.0	0.006058898071673813	0.007909972194512126	0.0	0.0	0.40543598458795177	0.02717489750456284	0.022089163584621742	0.0	0.0	0.0	0.0	0.0	0.0	0.0	0.006383306358020957	0.0	0.9271465484902183	0.0	0.3925592333034212	0.37939281969898514
ENSMUSG00000020876	0.028021514435085756	0.01241391775514833	0.0	0.0	0.0	0.0	0.13448496563368703	0.01761516331617626	0.03903580904855337	0.0	0.0	0.0	0.025486200494889887	0.0	0.0	0.0	0.014059536019102908	0.0	0.3594301451128657	0.0	0.09150901877301718	0.20895720446899874
ENSMUSG00000029710	0.039621874818933214	0.0	0.0	0.0	0.0	0.0	0.1321679199157666	0.021144604840868247	0.02918967586125053	0.0	0.0	0.0	0.03882268778934769	0.0	0.019724464446455925	0.0	0.021681291269562003	0.0	0.23690512134138114	0.0	0.058833244120032956	0.12616480676415645
ENSMUSG00000042744	0.04868026305162459	0.0	0.0	0.0	0.0	0.0	0.05448254459532151	0.03648269156612577	0.03150875732828299	0.0	0.0	0.0	0.029959029300036417	0.0	0.03401225739544195	0.0	0.03099053458825946	0.0	0.1536211892955256	0.0	0.023029175817458114	0.24943953271072689
ENSMUSG00000104665	0.039672803650791205	0.0	0.046562526144004204	0.0	0.0	0.0	-0.1017052311562828	0.0	0.028617266328038595	0.0	0.02932537527813651	0.0	0.0	0.0	0.05868975633613307	0.0	0.08183589796766061	0.0	0.1043315077781194	0.0	0.031831466003558184	-0.0821588662493182
ENSMUSG00000030188	0.0	0.01602770263422324	0.011812031475230161	0.0	0.0	0.0	0.0	0.0	-0.02749556322992969	0.0	0.013291069289419848	-0.029023740401322076	0.0	0.0	0.0	-0.022522743119315652	0.0	0.009595063217977873	0.20991560395950856	0.0	0.0281060662739596	0.08543231285579886
ENSMUSG00000110917	0.0	0.0	-0.007042784145020914	0.0	0.007459991993633341	0.0	-0.03494729484804518	0.0	0.0	0.0	0.0	0.0	0.02323682952665583	0.009533991350142167	0.007294023684721248	0.0	0.020699764728097102	0.0	-0.12612149220265956	-0.041875247359659744	0.0	-0.12099274934743255
ENSMUSG00000101903	0.0	0.020890186134462092	0.025922208843041	0.0	0.02577303829567745	0.0	-0.046753915798721665	0.0	0.06765915251076317	0.0	0.0	0.0	0.0	0.0	0.0	0.0	0.053014666581266405	0.0	-0.26933882628648814	-0.04062361368751516	-0.017426891234470998	-0.07559439426647696
ENSMUSG00000031833	0.03797733752223157	0.0	0.014078467069012278	0.0	0.0	0.0	0.14878446050697722	0.0	0.03492165331981079	0.0	0.0	0.0	0.027390720660868333	0.0	0.014419788766822483	0.0	0.021644417710372295	0.0	0.505969988546627	0.0	0.12060551147335101	0.11701166731561977
ENSMUSG00000031302	0.0	0.0	0.0	0.0	0.03887795644074201	0.0	0.031118868130695882	-0.05213319966513901	-0.027986640712929084	-0.024686171939742253	0.011755935268015025	0.013513238610986161	0.0	0.0	0.015166643133974337	0.0	0.0	0.0	0.0	0.0	-0.05502497601500904	-0.0921875445013274
ENSMUSG00000001786	0.0	0.09243425764942034	0.0	0.0	0.0	0.1295850560227624	-0.15359698605417998	-0.20842515434653805	0.0	0.0	0.0	0.07944421354461736	0.0	0.0	-0.06557779708406644	0.0	0.0	0.0	-0.20307086131982593	0.25551599434610134	-0.04742699353216151	-0.3329094612437233
ENSMUSG00000028600	0.006203467572742007	0.0	0.009302444173663478	0.0	0.0	0.0	0.05989170842434278	0.0	0.014838671925274834	0.007686809928467974	0.0018895153776037343	0.0	0.010941093600636151	0.0	0.012962513414229802	0.0	0.030741158078848634	0.0	0.0	0.0	0.0	0.008759546340936486
ENSMUSG00000086475	0.06892868789029917	0.0	0.022902877385721165	0.0	-0.030426260358517938	0.0	0.18697526948671966	-0.04610402503790516	0.0	0.0	0.0	0.0	0.05806259895556722	0.0	0.0	-0.04160196974217276	0.0	0.0	0.7871926935405222	0.0	0.12083938978246345	-0.036086268374407655
ENSMUSG00000107858	-0.0456820116005792	0.0	-0.03929580407242336	0.0	0.0	0.0	-0.11613050315319824	-0.03930154886219294	-0.05264580395535742	0.0	0.0	0.0	0.0	0.0	-0.06671902268082999	0.0	-0.03589309863036916	0.0	-0.11105765740444297	-0.04044708857991786	0.0	-0.12468975514149977
ENSMUSG00000051166	0.018456600272382367	0.0	0.0	0.0	0.0	0.0	-0.04434784775958463	0.0659073961549075	0.012290449828858518	0.0	0.0	-0.04247644389931757	0.02331362768964192	0.0	0.0	0.0	0.017355898794950236	0.0	0.07381673989082228	0.0	0.011862255470725327	0.19979638461267446
ENSMUSG00000073096	0.03306604682825396	0.015951981735482106	0.02367300958503448	0.0	0.0	0.0	0.0	0.0	0.023384611484019272	0.0	0.0	0.0	0.010306523411242193	0.0	0.018614400190469987	0.0	0.02727317788874207	0.008753102652999611	0.03053577236694964	0.0	0.0	0.09237719908256015
ENSMUSG00000104425	-0.31578840393833346	0.0	-0.18765847202283598	0.0	0.0	0.0	-0.2722159076720502	0.0	-0.22688890528011058	0.0	0.0	0.0	-0.2731033614328216	0.0	0.0	0.0	-0.2982090878915875	-0.1317144695442014	-0.9430920477964025	0.0	-0.3891032176470377	-0.2949214815968548
ENSMUSG00000020120	0.01630778949276607	0.021964731673490456	0.0	0.0	0.0	0.0	-0.06519526654416918	-0.040842233667166085	0.0	0.0	0.0	-0.017992714826822836	0.0	0.0	0.0	-0.02996834917447045	0.015606181976105027	0.0	-0.185044995343573	-0.024126528520295426	0.0	-0.027623859528908036
ENSMUSG00000104677	-0.016913646453806587	0.0	-0.00676068297214447	0.0	0.0	0.0	-0.013888478528693377	-0.006290803860956544	-0.012101288589386264	0.0	0.0	0.0	0.0	0.0	0.0	-0.006760558918641555	0.0	0.0	-0.1326193011073289	-0.04069792972678755	-0.005364041548771459	-0.12176368954867153
ENSMUSG00000037627	0.0351294366714599	0.0	0.01803117329758433	0.0	0.0	0.0	0.008846393968473438	0.0	0.019722483651708585	0.0	0.0	0.0	0.02984206046974226	0.0	0.012474994670939378	0.0	0.02848603126767311	0.004029329344704902	0.013282597964271305	0.0	0.0	0.035147296495337536
ENSMUSG00000006269	0.047382766706153205	0.013521122952057353	0.030418001441191583	0.0	0.0	0.0	0.0856589089540135	0.0	0.04120985526769896	0.0	0.0	0.0	0.015483589497543087	0.0	0.019428584291147227	0.0	0.044417917336388474	0.0	0.0	0.0	0.03274080179844538	-0.07323561080956531
ENSMUSG00000074832	0.04495527669345985	0.0	0.023260417316160534	0.0	0.0	0.0	0.09056658010914803	0.0	0.032515698856607114	0.0	0.0	0.0	0.035522801641673325	0.0	0.01889506547598907	0.0	0.031808263567081434	0.0	0.1759628731003781	0.0	0.04281160785246537	0.07035759779243234
ENSMUSG00000120037	0.0	-0.005432552015704141	0.0	-0.010118337834066392	0.0	-0.005256768516426505	-0.08212828544363522	-0.003209795807793917	0.0	0.0	0.0	0.023883829507406196	0.0	0.0	0.0	0.0	0.0	0.0	-0.2594761835020616	-0.039992821334478616	-0.022764846161656978	-0.14238417594724728
ENSMUSG00000015222	-0.008823244162204896	0.0	-0.007420744471496214	0.0	0.0	0.0	-0.03674596875558168	0.0	-0.010657620785519212	0.0	0.0	-0.027619803945403795	0.0	0.0	-0.002708457889217031	-0.009601682733966343	0.0	0.0	-0.11244840139337663	0.0	-0.005399978607249739	0.03235100914728972
ENSMUSG00000113584	0.04433406190441074	0.01783783296248682	0.04626463698852551	0.0	0.0	0.0	0.08794311803460143	0.0	0.0	0.01039886963379133	0.0	0.0	0.03531302755633505	0.0	0.022393855862310998	0.0	0.03242687896352567	0.0	0.14384398683494662	0.0	0.1012653735834368	0.0
ENSMUSG00000118483	-0.09260245213916206	0.0	-0.04263364937497986	0.0	0.0	0.0	-0.1523233021427837	-0.05111226041971245	-0.07084659623505625	0.0	0.0	0.0	-0.04176570661368817	0.0	-0.06171464778467984	0.0	-0.07864667261324479	0.0	-0.3183507167686933	0.0	0.0	-0.09353973330622402
ENSMUSG00000086495	0.02721225466401875	0.0	0.0	0.0	0.0	0.0	0.12801662578739392	0.04628266291258421	0.01918921542571144	0.0	0.0	0.0	0.029082138507321244	0.0	0.031624047294899114	0.0	0.017907890558358508	0.0	0.4408721695080103	0.0	0.05608003885383259	0.2520395509759371
ENSMUSG00000109304	0.017860144065701924	0.0174603585336326	0.0	0.0	0.0	0.0	-0.1872104118001117	0.03982410300854637	0.02055468669788161	0.0	0.0	-0.0461494745802374	0.0	0.0	-0.10294392875358366	0.0	0.0	0.0	0.09159551984120944	-0.03856188587777866	0.0	0.17784361468234317
ENSMUSG00000093579	0.04754560380555253	0.0	-0.051564798346492385	0.0	-0.016533968507717413	0.0	-0.17361277645960327	0.0	0.0	0.0	0.0	-0.021383738405739764	-0.14865364899769135	0.0	-0.014372514385446098	-0.012987928503116863	0.0	0.0	0.10618708058978651	0.0	0.0	0.1504103258967165
ENSMUSG00000115699	0.04333237315419577	0.0	0.03278702033001702	0.0	0.0	0.0	0.02616128358911713	-0.03928183487405922	0.03615597279490468	0.0	0.0	0.0	0.03224312634859595	0.0	0.0	-0.03431976400846516	0.04756061111276787	0.0	-0.04559780354537319	0.0	0.0	-0.05290575036989805
ENSMUSG00000105933	0.06920185362376946	0.0	0.03101827535408262	0.0	-0.010534639018447423	0.0	-0.10030928659836555	0.0	0.0	0.0	0.0	0.0	0.05273632889814721	0.0	-0.023411139590305347	0.0	-0.02137284001778107	0.0	-0.13365499052262986	-0.03683038397093467	0.0	-0.06302323509006141
ENSMUSG00000109149	0.03480287117778092	0.0	0.031497523813142705	0.0	0.0	0.0	0.0	-0.04566931651501703	0.05015125455253984	0.0	0.0	0.018593878247489967	0.022633308401719565	0.0	0.0	-0.038031323374976146	0.048905111900249036	0.0	-0.08073501463085715	0.0	0.0	-0.06238043563600449
ENSMUSG00000109993	0.013444911325447237	0.021259490183399003	-0.016445268354799127	0.0	0.0	0.0	-0.048840506702075695	0.0	0.0	0.018051028716794044	0.0	0.0	0.0	0.009226708317123494	0.0	0.0	-0.011840433426360764	0.012934274794184027	0.0	-0.03517234331248434	0.0	-0.06804896852878088
ENSMUSG00000031403	0.0	0.0	0.015249855160096188	0.013700416733241738	0.0	0.0	0.30978500123023806	0.07450420108343711	0.0	0.0	0.0	0.0	0.04988909928450379	0.013727030941879423	0.0	0.0	0.0346490715616046	0.0	0.8040058601510065	0.0	0.12274391313905698	0.17523280449713113
ENSMUSG00000039200	0.0	0.016569469056259563	0.0	0.0	0.0	0.0	0.07364694162988832	0.019677782147906244	0.018645761510340975	0.0	0.0	0.0	0.03413532856819376	0.0	0.013706848376156988	0.0	0.023178621702394514	0.0	0.2018113651365464	0.0	0.043324382605985215	0.12110846773968575
ENSMUSG00000087306	-0.018072564949131523	0.0	-0.01604939327532085	0.0	0.0	0.0	-0.024334643972429598	-0.030243747211291413	-0.021380500969819097	0.0	0.0	-0.029759267540560314	0.0	0.0	-0.013647200065297405	-0.022852326348565294	0.0	0.0	-0.20084930198453418	0.0	0.0	-0.029221201233709887
ENSMUSG00000027524	0.0	0.0	0.0402526292530819	0.0	0.0	0.0	-0.014096336837861493	-0.04848379504596303	0.03556086472659977	0.0	0.0	-0.014062895246084117	0.0	0.0	0.0	-0.031056990580883414	0.03800875495107001	0.0	-0.17037706550857284	-0.018476760885490377	0.0	-0.05387153552703813
ENSMUSG00000108317	0.0	0.0	0.03096184130371761	0.0	0.0	0.0	0.15875751648981684	0.0	0.0341944036949662	0.0	0.0	0.0	0.05687255790930821	0.0	0.05775748852749495	0.011277557968297353	0.07760358994113523	0.002753163201682507	0.17512443089777663	0.0	0.028266998788948675	0.0
ENSMUSG00000113507	-0.026817150292912248	0.0	-0.016298940959287966	0.0	0.0	0.0	-0.12658205134320627	-0.05317832902112281	0.0	0.0	0.0	0.0	0.0	0.0	-0.02923466793882675	-0.04149645917422694	0.0	0.0	-0.3002152683940611	-0.02126331030013718	-0.030489025377445907	-0.03212095549161989
ENSMUSG00000108155	0.03340162032300432	0.019093454345247313	0.0	0.0	0.0	0.0	-0.08099660324406097	0.0	0.028510963415714432	0.0	0.0	0.0	0.0	0.0	-0.030129786084318454	0.0	0.03663120296293986	0.0	-0.0651297459143014	-0.02784321333892478	0.030090437404911	-0.05212409162527758
ENSMUSG00000045559	-0.27971093685763154	0.0	0.0	0.0	0.0	0.0	-0.2810668230139815	0.0	-0.18586323813594977	0.0	0.0	0.0	-0.2746834263612665	0.0	-0.11132338666332142	0.0	-0.2409982605490189	-0.1215052782814272	-0.7744019271701129	0.0	-0.32393567560483355	-0.2777932571193842
ENSMUSG00000033581	0.04030140711555821	0.0	0.0	0.0	0.0	0.0	0.10249111184276374	0.0498414085135426	0.031365299273049416	0.0	0.0	0.0	0.040573821300552655	0.0	0.025240746947701398	0.0	0.02752409239024268	0.0	0.2305160319657154	0.0	0.06982096237797396	0.1570249951744499
ENSMUSG00000026617	0.033089810014655455	0.018860403299820732	0.016615830446134964	0.0	0.0	0.0	0.05623899484443929	0.0	0.015561895547630544	0.0	0.0	0.0	0.023631596844607493	0.0	0.0	0.0	0.021247720306886212	0.0	0.5494448779831834	0.0	0.03311919299487275	0.08551135933352187
ENSMUSG00000018925	0.03697346577573877	0.021566132137837136	0.0394336636916289	0.0	0.0	0.0	-0.042103466417041324	0.0	0.032990197235942105	0.01609971368885127	0.0	0.0	0.0	0.0	0.0	0.0	0.027476397427809923	0.0	0.02574424387663488	0.0	0.03695209470207521	-0.08695684880585952
ENSMUSG00000041025	0.03422612728812276	0.00485266080258373	0.02219538299729693	0.0	0.0	0.0	0.13735299660918965	0.0	0.019646502276878888	0.0	0.0	0.0	0.006593128776773444	0.0	0.014666799077332999	0.0	0.03589533413252248	0.0	0.1419096330805598	0.0	0.03681030387422058	0.0
ENSMUSG00000023151	0.014240151551086724	0.0	0.0	0.0	0.0	0.0	0.03289616118690721	0.0	0.0	0.01427662225021902	0.0	0.0	0.014275385090696298	0.0	0.0	0.032901849470159394	0.025263834127887956	0.012675167218567249	-0.12566137574694267	-0.03950496258038513	0.0	-0.0849810270320026
ENSMUSG00000020463	0.0	0.12172557021737847	0.0	0.0	0.0	0.13083728454444352	-0.06174619134813367	-0.25597964779025423	0.0	0.04325809465297576	0.0	0.07266637990480994	0.0	0.02422419270440998	0.0	0.0	0.0	0.0	0.09571324000734341	0.21620519873900065	0.0	-0.34013624340052506
ENSMUSG00000005899	0.04276484173622136	0.0	0.0	0.0	0.0	0.0	0.0429789658587224	0.02825077302350166	0.037585699542136836	0.0	0.0	0.0	0.03321526836336704	0.0	0.025804918890949758	0.0	0.027193295958741825	0.0	0.2305185870175014	0.0	0.02418796945754853	0.21117162250162014
ENSMUSG00000026812	0.03858711517109747	0.0	0.02354944869358407	0.0	0.0	0.0	0.0	0.033759728942746765	0.028499132500152808	0.0	0.0	0.0	0.02954767885717041	0.0	0.019508722381178747	0.0	0.02763660761984882	0.0	0.04475782812262178	0.0	0.012857747204941428	0.23469994202940825
ENSMUSG00000060063	0.04263919714664325	0.0	0.019105125425327014	0.0	0.0	0.0	0.09516635291006809	0.0	0.02709042228792289	0.0016965143019947448	0.0	0.0	0.017294779074161302	0.0	0.01295467531477983	0.0	0.03246825691110871	0.0	0.12097559855088809	0.0	0.05725913550920408	0.0
ENSMUSG00000109029	0.05358619884021676	0.020009482602769607	0.03752090200222196	0.0	0.0	0.0	-0.049351988843270425	0.0	0.028476022902494454	0.0	0.0	0.0	0.0	0.0	0.020628785303340183	0.0	0.0	0.0	-0.13516693254275738	-0.041023597475978474	-0.03270710492841288	-0.1023428443282145
ENSMUSG00000113394	-0.055630628826233354	0.0	-0.018118935178008874	0.0	0.0	0.0	-0.19376932025237562	0.0	-0.01191528426228567	0.0	0.0	0.0	0.0	0.0	-0.01491036751184604	0.0	-0.06815312808872709	-0.0024395110773658413	-0.5002538268266344	0.0	-0.10195629871892062	-0.11203841338617362
ENSMUSG00000028359	0.06739562801134569	0.0	0.0	0.0	0.039649275009810914	0.0	-0.08751603086241604	-0.028323374994301223	-0.03364782107942012	0.0	0.0	0.0	0.0	0.0	0.0	0.0	0.05969464668819103	0.0	0.05325187315277519	-0.030412946592828415	-0.023156292996829964	-0.12065755578603826
ENSMUSG00000033623	0.04755728789310205	0.0	0.0	0.0	0.0	0.0	0.06363105784440762	0.06168919526861627	0.03433676782919657	0.0	0.0	0.0	0.02761410303929903	0.0	0.0173640332794045	0.0	0.022522718210226517	0.0	0.18750466008302175	0.0	0.02513412651412677	0.2051229287979064
ENSMUSG00000120332	-0.03040227528487177	0.0	-0.020839347836944876	0.0	0.0	0.0	-0.044400658722602994	-0.025588062615833015	-0.04211320194517399	0.0	0.0	0.0	-0.018835336136048375	0.0	0.0	0.0	-0.03980341868924518	0.0	-0.177228314823311	-0.03932131350420466	0.0	-0.08434062748873097
ENSMUSG00000044071	0.0	0.0	-0.0017342453309470152	0.0	0.0	0.0	-0.03677688434310673	-0.03942620236731706	-0.003864137338489266	0.0	0.0	-0.0140519262152257	0.0	0.0	0.0	-0.028292139274715324	0.0	0.0	-0.14442792321020087	-0.024203204151222006	-0.011730858849091811	-0.039841853097693586
ENSMUSG00000045341	-0.058997218747552496	0.0	0.0	0.0	0.0	0.13488139270951302	-0.18285987969205345	-0.1502013762388617	0.0	0.0	0.0	0.0	-0.06413748717429249	0.0	0.0	0.0	0.0	-0.04091426306185075	-0.38089830341068914	0.31588632279806766	-0.07828635361118189	-0.25670286208413023
ENSMUSG00000014402	0.03586862276102099	0.0	0.012361553858252819	0.0	0.0	0.0	0.0	0.0694325174458015	0.024248536167382026	0.0	0.0	0.0	0.023454231112192712	0.0	0.0	0.0	0.017960688452179668	0.0	0.18545141602377127	-0.07140030970766231	0.02629952482351426	0.20904576194257518
ENSMUSG00000020229	0.04028302570275179	0.0248068829615453	0.03341595345704363	0.0	0.0	0.0	-0.03142295429712158	0.0	0.032101619625703764	0.0	0.0	0.03285957461813366	0.0	0.0	0.0	0.0	0.038780946260912386	0.0	-0.08785172705584367	-0.031658789820789984	0.0	-0.04130456943296844
ENSMUSG00000047495	0.031851742638232296	0.011571977499991873	0.023301430055901542	0.0	0.0	0.0	-0.028365586237003255	0.0	0.02634857226509951	0.0	0.0	0.0	0.0	0.0	0.02154821720449875	0.0	0.024588832071151576	0.0	-0.11138497224045933	0.0	-0.02981835446712871	0.01793436779884196
ENSMUSG00000086061	0.045124518057739926	0.0	0.014415860950858523	0.0	0.0	0.0	0.016826283872636297	0.0	0.025711732458394514	0.013752966396456043	0.0	0.01614432448241134	0.0	0.0	0.008368746913312214	0.0	0.043277151894955	0.0	0.037283816235494524	0.0	0.03187948688311176	0.0
ENSMUSG00000024963	0.024113862453758843	0.010741033208218242	0.020866093345878606	0.0	0.0	0.0	0.13158166153038306	-0.0423177672359526	0.04982860984259741	0.0	0.0	0.0	0.0	0.0	0.0	0.0	0.030679591271318283	0.0	0.33502642054080606	0.0	0.0642738100968949	0.08815269279094556
ENSMUSG00000020538	0.03219344809404951	0.0	0.007534121756842538	0.0	0.0	0.0	0.15509408373697128	0.0	0.023385138993678854	0.0	0.0	0.0	0.035908808664761406	0.0	0.012195410912246811	0.0	0.013208238264532731	0.0	0.685345691960419	0.0	0.10526435515912279	0.153362619706978
ENSMUSG00000078671	0.031642302957041596	0.0	0.015341101137680058	0.0	0.0	0.0	0.14063872717702613	0.0187433006230288	0.03485724093460656	0.0	0.0	0.0	0.04784457626186669	0.0	0.022570404372852137	0.0	0.0	0.0	0.5989412348603943	0.0	0.06813612016479993	0.13950485408806543
ENSMUSG00000073139	-0.04284666137306708	0.0	-0.028555307725259264	0.0	0.10263046558129507	0.0	-0.09271863526246141	0.0	-0.05953285075016403	0.0	0.0	0.0	-0.07557039992162809	0.0	-0.01810454388770945	0.0	0.0	0.0	-0.015728683404177185	0.0	-0.06571252956281483	-0.01519870200265354
ENSMUSG00000117707	0.03434145122217597	0.0	0.0	0.0	0.0	0.0	-0.06741908067124255	0.0	0.0	0.0	0.021216223359014876	0.0	0.02031181028045037	0.0	0.025717774578366222	0.0	0.027749480004145143	0.0	-0.3915324368016979	-0.029687251060051267	-0.05603751641880947	-0.13309035073075492
ENSMUSG00000020122	0.01897689510407076	0.014047565934831587	0.008124944137854785	0.0	0.0	0.0	0.0	0.013258161758416155	0.00855753732431668	0.0	0.0	0.0	0.012151886715501168	0.0	0.009216635829095755	0.0	0.010521271982719382	0.0	-0.15011761840866006	0.0	0.0	0.04000730835163553
ENSMUSG00000040187	0.024009826923288694	0.0	0.025640662306368692	0.0	0.0	0.0	0.03469203444421177	0.019768068797496232	0.018153309150220794	0.0	0.0	0.0	0.01882095721814426	0.0	0.017116799212872458	0.0	0.03484186785597481	0.0	0.08069784089438169	0.0	0.0	0.04371581262124992
ENSMUSG00000054293	-0.10182362490225126	0.0	0.0	0.0	0.0	0.0	-0.17858283193112762	-0.11713464010527141	-0.08744528998161567	0.0	0.0	0.0	-0.08935412144493686	0.0	-0.14876631744728086	0.0	-0.08890357328956155	-0.1114497446647608	-0.25786650907763053	0.0	0.0	-0.18586441330439823
ENSMUSG00000121287	0.03457603964720017	0.0	0.031878173769308155	0.0	0.0	0.0	-0.03057716912062819	0.0	0.028441509281242876	0.0	0.0	0.0	0.014177209748613612	0.0	0.0	0.0	0.038763605336970326	0.0	-0.07370534655053494	-0.04817845791909737	0.02453705324907321	-0.07494598561534692
ENSMUSG00000038691	-0.018291462488803173	0.0	0.03202920603870685	0.0	0.0	0.0	-0.04359618927527476	-0.046999584443801264	0.029899804709988823	0.0	0.0	0.04195140444408046	0.0	0.0	0.0	-0.012451305532981443	0.0	0.0	-0.15562258384648947	-0.04703079826908222	0.0	-0.08361393243749468
ENSMUSG00000040711	0.035630002273008436	0.027884207490197998	0.026990306155656705	0.0	0.0	0.0	0.0	0.0	0.02831754463842946	0.0	0.0	-0.0353747746169456	0.01560829697267851	0.0	0.02524026289000006	0.0	0.03143696099749291	0.0	-0.040524483061838056	0.0	0.0	0.03773911223345668
ENSMUSG00000113115	0.0	0.0	0.0	0.0	0.011136839009589172	0.0	-0.08975733053647336	0.015968141608867954	0.0	0.0	0.014051151417470464	0.0	0.0	0.0	0.0	0.01153912258034257	0.012188188098266883	0.0	-0.4038311953658933	-0.03944209029654027	-0.061261993193478054	-0.12042861511200847
ENSMUSG00000092008	0.0	0.0	-0.013770331480746582	-0.009607637481756415	0.0	0.0	-0.09257508114515339	-0.04155517746083061	0.0	0.0	0.0	0.0	0.0	0.0	-0.027166287389957643	-0.016961314587353584	-0.01152624278963945	0.0	-0.12172854224326285	-0.045961601546843374	0.0	-0.07393872356607638
ENSMUSG00000016833	0.0	0.0	0.011898138166186279	0.0	0.0	0.0	0.0	0.07850413545757541	0.0	0.0	0.0	-0.04733476297534075	0.012974244791047265	0.0	0.0	0.0	0.012547572325877047	0.007643637773414813	0.2963835944040003	-0.0325580423068316	0.03200655840913914	0.2447242750576846
ENSMUSG00000107645	0.0	0.018904312220090917	0.024895012518301132	0.0	-0.013521761488100775	0.0	-0.08105501503398876	0.0	0.0	0.0	0.0	0.016519831462235807	0.0	0.0	0.0	0.0	0.022660192738292204	0.0	-0.1337699131654896	-0.028688439266884257	0.016250891755257225	-0.0657980223805071
ENSMUSG00000006457	0.04245206219846218	0.0	0.020785232137992	0.0	0.0	0.0	0.09518627290346769	0.0	0.03518193063743774	0.0	0.0	0.0	0.035313104117963755	0.0	0.019673285622150427	0.0	0.026224985360418177	0.0	0.12247675211853556	0.0	0.04546673696872604	0.11094265814694321
ENSMUSG00000121060	0.02870259558769933	0.0	0.04171320031374341	0.0	0.0	0.0	0.0	0.0	0.031517285918524776	-0.024467244103165555	0.0	0.026390472423251075	0.0	0.0	0.0	0.0	0.044220242619390684	0.01195551989224114	-0.11544150733187822	-0.04207648095755546	0.0	-0.0651280681155322
ENSMUSG00000118559	0.04464692882782097	0.009752774134656694	0.0	0.0	0.0	0.0	0.17641643644786809	0.0	0.03322558283552811	0.0	0.0	0.0	0.03345649113530821	0.0	0.01317983659241583	0.0	0.011114695956878392	0.0	0.39353940640712576	0.0	0.09056428197631207	0.0754074226520279
ENSMUSG00000117521	0.0	0.0	0.0	0.0	0.016795762995621334	0.0	-0.06482259100814788	0.0	0.010365111347459486	0.0	0.010633145692654389	0.02879011579238936	0.0	0.0	0.0	0.0	0.023481190987617404	0.0	-0.4464631460595189	-0.025690229007463736	-0.04803931095923434	-0.1258172158028007
ENSMUSG00000120209	-0.3303337390167977	0.0	-0.17009689277270348	0.0	0.0	0.0	-0.2688681724956536	0.0	-0.24007668467480245	0.0	0.0	0.0	-0.22592140865681012	0.0	0.0	0.0	-0.3213541344990816	-0.15674660300863685	-0.9553390994332446	0.0	-0.37529683425889804	-0.2886617860056072
ENSMUSG00000108703	0.06437983580763743	0.0	0.006481448348670815	0.0	0.0	0.0	0.290574856898574	0.0	0.02921589354716802	0.0	0.0	0.07721740716886064	0.04153847601232176	0.0	0.0285041710761655	0.0	0.03448874022340988	0.0	0.42631342877581063	0.0	0.11755176446300554	0.0
ENSMUSG00000020783	0.035979347949214986	0.0	0.01918414131326296	0.0	0.0	0.0	0.0	0.03615426610413372	0.029823962029678353	0.0	0.0	0.0	0.03520419099388204	0.0	0.026428988691791076	0.0	0.024117019372351625	0.0	0.20436782056590055	0.0	0.03873250252595851	0.27575100474124037
ENSMUSG00000108293	0.0	0.019341950469958895	-0.01939517529749952	0.0	0.03157020984047151	0.0	-0.08564711804143926	0.0	-0.040725019329010494	0.0	0.0	0.0185123663456932	0.0	0.0	0.0	0.0	0.0	0.0	-0.39844946059106195	-0.029352579096948	-0.05583175312180979	-0.08636097980842088
ENSMUSG00000040548	0.04740065023957466	0.0	0.0	0.0	0.0	0.0	0.08059122716246778	0.051507869271966523	0.031697009316505285	0.0	0.0	0.0	0.038258806369898306	0.0	0.024428736618569702	0.0	0.03086452219253453	0.0	0.2866794446827253	0.0	0.05844680191493145	0.23674063592986166
ENSMUSG00000007613	0.012624684239681742	0.008399471652868279	0.0	0.0	0.0	0.0	-0.05278349913898699	0.06772001101409975	0.0	0.0	0.009154877597072906	-0.048415356698669615	0.0	0.0	0.0	0.012571507219099373	0.013506393617448606	0.0	-0.041155928065491655	0.0	0.0	0.18695698005755196
ENSMUSG00000101157	-0.314275988959629	-0.15963996498477417	-0.1908865742960573	0.0	0.0	0.0	-0.23430999745336942	0.0	-0.2578764202813048	0.0	0.0	0.0	-0.24663020617719164	0.0	0.0	0.0	-0.2813951379032673	0.0	-0.9826191381891166	0.0	-0.41117520852263056	-0.2538867180548946
ENSMUSG00000020887	0.015128418444749669	0.0	0.0	0.0	0.0	0.0	0.22369904585724598	0.0	0.024543544466466886	0.0	0.0	0.0	0.05544848601111613	0.0	0.020388098673987925	0.0	0.013188314893080342	0.0	0.597468480821094	0.00676076926160607	0.20264288996230034	0.027003629218673286
ENSMUSG00000109535	-0.3370050247421448	0.0	-0.15184254441357042	0.0	0.0	0.0	-0.27490199048947356	0.0	-0.2080410788914506	0.0	-0.15138136364948274	0.0	-0.23453452528371072	0.0	0.0	0.0	-0.3495127346174063	0.0	-0.9769760414711878	0.0	-0.37583400126055766	-0.27266605000325106
ENSMUSG00000040550	0.0	0.008849301235678952	0.0	0.0	0.0	0.0	0.055432364878058374	0.0755176154887075	0.0	0.0	0.0	0.0	0.027515233713496495	0.0	0.0	0.022304383830434555	0.012391562019403893	0.0	0.11480123843141912	0.01117927260912629	0.024513765599994276	0.19611823813621554
ENSMUSG00000030708	0.05117459683263527	0.0	0.02796163644820382	0.0	0.0	0.0	0.09822630788610429	0.0	0.03607612143676265	0.0	0.0	0.035619681917045426	0.03670970973291377	0.0	0.029852155264048625	0.0	0.043962448139295424	0.0	0.4480461230694685	0.0	0.0729035537174917	0.0
ENSMUSG00000110441	0.02900948811882412	0.0	0.023687795508898154	0.0	0.0	0.0	-0.06604005982147415	0.0	0.018327923330093823	0.0	0.0	0.0	0.0	0.0	0.019398679990732	0.0	0.02234890935432985	0.0	-0.15353658196088754	-0.04994469707195041	-0.013387475464335052	-0.13503480591886247
ENSMUSG00000059108	0.04318160406499826	0.0	0.007071885370353475	0.0	0.0	0.0	0.0	0.0	0.02011762769846211	0.0074968342785095565	0.0	0.026466375060300237	0.012541679418519185	0.0	0.008957391372452337	0.0	0.03999656229265915	0.0	0.45020333751305697	0.0	0.008854715933007662	0.0
ENSMUSG00000087108	0.022487126061689934	0.0	0.0187283506814646	0.0	0.0	0.0	0.1456926479969674	0.0	0.027066353818624295	0.0	0.0	0.007046466867517753	0.03762472268154435	0.0	0.0305838199592905	0.0	0.013799562669588188	0.0	0.4929878083767487	0.0	0.09768249898928615	0.0
ENSMUSG00000096966	-0.11917220058130291	0.0	0.04193187152034466	0.0	0.05553928470943786	0.0	0.0	0.0	-0.11096173074472342	0.0	0.0	0.0	-0.026041781387796288	0.0	0.032835994554229794	0.0	0.06429293409976491	0.0	0.21776036898896398	0.0	-0.06987884274728043	-0.11204433991166332
ENSMUSG00000032842	0.040910334724006354	0.018488415490852384	0.02593922249655579	0.0	0.0	0.0	0.025137845378142485	0.023858739945865622	0.03319469019807452	0.0	0.0	0.0	0.017680970519168948	0.0	0.017821870381241597	0.0	0.03446715611808497	0.0	0.0	0.0	0.0	0.19546166256195652
ENSMUSG00000029644	0.04104209895792034	0.0	0.04653365525071923	0.0	0.0	0.0	0.10215730486439152	-0.0433707339048025	0.03116141996482325	0.0	0.0	0.0	0.0	0.0	0.0	-0.0382788042692255	0.04456548955098612	0.0	-0.12545835831650545	-0.0328695972066938	0.04512621816870825	0.0
ENSMUSG00000003452	0.004866798517381095	0.012895136820747687	0.0	0.0	0.0	0.0	0.0	0.03241945927398628	0.006522644969679012	0.0	0.0	-0.03313279792193863	0.02197017968570327	0.0	0.0	0.0	0.018782082214328075	0.0	0.10696168400982625	0.0	0.0240390597909663	0.09015730511803431
ENSMUSG00000030861	0.02691701636925034	0.01449660192777464	0.0	0.0	0.0	0.0	-0.05457243364473278	0.08772737849840093	0.0	0.0	0.0	0.0	0.014108709105471573	0.0	0.012207374277041648	0.01768779107166653	0.021543011406454746	0.0	-0.04751176522139565	0.0	0.0	0.29658956316777035
ENSMUSG00000112652	0.028232339952546443	0.0	0.03035235878964007	0.0	0.0	0.0	0.0	0.0	0.04105082082275893	0.012732810930818739	0.0	0.02261446462088639	0.025669577861079047	0.0	0.018774456298977112	0.0	0.03749616281740968	0.0	0.1971363294276329	0.0	0.013616829870157075	0.0
ENSMUSG00000104963	0.0	0.0	0.03768649844728891	0.0	0.0	0.0	-0.05511967461273572	-0.04527674533980608	0.03198143130452751	0.0	0.0	0.051319538430196786	-0.020131524811194373	0.0	0.0	-0.020302906146794905	0.03436326924600509	0.0	0.0	0.0	-0.02233712064386424	-0.07551508573225069
ENSMUSG00000085536	-0.07280486024626469	-0.023551458832869132	-0.0971561152077298	0.0	0.0	0.0	-0.14354835607741825	0.0	-0.029512036292459576	0.0	0.0	0.0	-0.07537000066321012	0.0	0.0	0.0	-0.03109327066178124	0.0	-0.550375107711039	0.0	-0.04566613559364508	-0.12448265281804526
ENSMUSG00000054423	0.011861819229882914	0.019142855253170124	0.0	0.0	0.0	0.0	-0.0310539919028291	0.015907504110992763	0.0	0.0	0.0	-0.027986565581085834	0.0	0.0	0.0	0.0	0.017838133605759077	0.012676050972045758	-0.22306250997936142	0.0	-0.021135512671696187	0.0506519978868886
ENSMUSG00000108217	-0.009028697679230013	0.0	-0.01410119487648096	0.0	-0.008199163892247683	0.0	-0.10217769272622608	0.0	0.017789700421529442	0.0	0.0	0.0	0.0	0.0	0.0	0.0	0.0	0.021246053860257474	-0.10575102033405477	-0.03994982537135436	-0.0103202529825483	-0.07854189692493979
ENSMUSG00000108095	0.0722565139267013	0.0	0.020649600578128455	0.0	0.0	0.0	0.267020143790896	0.0	0.0	0.0	0.0	0.033483024453889794	0.04221027393463625	0.0	0.06702910877033146	0.0	0.028997982903442385	0.0	0.6818947705845035	0.0	0.07809303669924074	-0.09009826692305078
ENSMUSG00000091077	-0.12306563651105573	-0.10737965682731859	-0.12309338171040465	0.0	0.0	0.0	-0.2867193104788698	0.0	0.0	0.0	0.0	0.0	-0.3149582923489011	-0.09253989415236852	0.0	0.0	-0.21646777881168872	0.0	-0.37777540093557926	0.0	-0.224588083785921	-0.2024951720677453
ENSMUSG00000090176	-0.01817799429480753	0.0	-0.019059553902009974	0.0	0.0	0.0	-0.11177972454028462	-0.021105734058516654	-0.024517658270610553	0.0	0.0	0.0	0.0	0.0	0.0	0.0	-0.020582185769269457	0.0	-0.28847199937328766	-0.025323993692208707	-0.020403940691707256	-0.08753502950763963
ENSMUSG00000104461	0.029120423393657967	0.0	0.02438341969460255	0.0	0.0	0.0	0.0721863159648636	0.0	0.03342669601505462	0.0	0.0	0.0	0.027444112637040472	0.0	0.02392160477901214	0.0	0.042484108941377496	0.0	0.04273058080850644	0.0	0.07012688867256457	-0.07479292916221914
ENSMUSG00000030806	0.02441552287849414	0.008460214657596566	0.013155089508893178	0.0	0.0	0.0	0.07850324417233295	0.0	0.008284695757427537	0.0	0.0	0.0	0.017183970988335528	0.0	0.003574362055551339	0.0	0.023055391791442652	0.0	0.19586930732664048	0.0	0.034101696338978055	0.0
ENSMUSG00000099551	-0.3161525228367296	0.0	-0.16108697302258182	0.0	0.0	0.0	-0.3177558441073651	0.0	-0.2205041115476121	0.0	0.0	0.0	-0.2207877607981462	0.0	0.0	0.0	-0.31293638252132344	-0.1605664779496192	-0.9892160780974735	0.0	-0.3974780593935104	-0.23621114454787356
ENSMUSG00000036769	-0.07952188530521441	0.0	0.0	0.0	0.06636281480186985	0.0	-0.0726437499065189	0.1153399447134025	-0.08162937601070289	0.0	0.0	0.0	-0.07954944547613611	0.0	-0.04841411559144272	0.0	0.0	0.0	0.0	-0.024963538267407298	-0.05983557376793981	0.06209057284315517
ENSMUSG00000110547	0.01581415386056583	0.0	0.026696826899910063	0.0	0.0	0.0	0.0	0.0	0.01660954063334441	0.008933592104845064	0.005363601534750906	0.015209053981015772	0.0059884571309616035	0.0	0.020555972565196298	0.0	0.0346358301829045	0.0	0.3469033710888813	0.0	0.0	0.0
ENSMUSG00000030407	0.05018134474571406	0.0	0.028685281592087112	0.0	0.0	0.0	0.02401705957236371	0.06564338926865423	0.034333572016575775	0.0	0.0	0.0	0.022642613802981493	0.0	0.0	0.0	0.03404246353436912	0.0	0.07391096663567988	0.0	0.02454952546478445	0.19955697918847556
ENSMUSG00000116737	0.009202860155835352	0.011613180520106058	0.016876984166970605	0.0	0.0	0.0	0.10718733941446676	0.0	0.014025719884256672	0.0	0.0	0.0	0.015594192608764764	0.0	0.009371108792150617	0.0	0.029488392240103647	0.0	0.0	0.0	0.024078421101384927	0.012579990662469039
ENSMUSG00000046922	0.0	0.0	0.0	0.0	0.0	0.0	0.18222409685401494	-0.05415715199572769	0.0	0.0	0.0	0.0	0.05076129864567296	0.0	0.028013048624158623	-0.04528078386908461	0.04965297406753885	0.0	0.19630504550472375	-0.02181305473321382	0.050828596423707205	-0.03512428437324614
ENSMUSG00000027230	0.04363941525039862	0.0	0.01716812366738576	0.0	0.0	0.0	0.11008491456133354	0.0	0.028919784307148214	0.0	0.0	0.0	0.027611066325343814	0.0	0.018840316955550995	0.0	0.03355360209792142	0.0	0.08927929615298533	0.0	0.03772367688652649	0.03483577758454434
ENSMUSG00000075175	-0.03818152776161172	0.0	-0.022429715775974992	0.0	0.0	0.0	-0.09445460382355211	-0.014259123253475104	-0.04652379876554245	0.0	0.0	0.0	0.0	0.0	-0.05334727466402448	0.0	0.0	0.0	-0.13077324983842817	-0.03817941704323479	-0.008840894203761995	-0.09748099297494771
ENSMUSG00000041774	0.04679210998195529	0.0	0.022809778457427755	0.0	0.0	0.0	0.1701285330509915	0.0	0.039767459935047135	0.0	0.0	0.0	0.039199713157599535	0.015890261436050324	0.02480547444038066	0.0	0.042236178003352005	0.0	0.5563669362404341	0.0	0.13953285753324182	0.0
ENSMUSG00000102095	0.04487603299813869	0.0	0.0	0.0	-0.026219220852079818	0.0	-0.06917270476543141	0.0	0.0	0.0	0.0	0.018995409478694908	0.027100344042733975	0.0	0.035956999494721475	0.0	0.02191830179899941	0.0	-0.048283479912559546	-0.04779769650997284	0.0	-0.12404242051529542
ENSMUSG00000075590	0.025249349283781572	0.0070101327840261796	0.013864969260193288	0.0	0.0	0.0	0.1335898346748661	0.0	0.03651247488984425	0.0	0.0	0.0	0.022351350101660693	0.0	0.011144270747163723	0.0	0.030200130763016125	0.0	0.10015640091601405	0.0	0.062901654389416	0.0
ENSMUSG00000117817	-0.016182320018209483	0.0	-0.014200783468387568	0.0	0.0	0.0	-0.07148647114545159	-0.05226186364550418	-0.02157392485537632	0.0	0.0	0.0	0.0	0.0	0.0	-0.028267114445148185	0.045634369767170946	0.0	-0.26489824329372813	-0.013574368576431892	0.0	-0.03618949859408044
ENSMUSG00000086418	0.07190209233605278	0.016038915057028504	0.049066353738900115	0.0	0.0	0.0	0.014927930075251603	0.0	0.030975945143916037	0.0	0.0	0.0	0.03332792934530764	0.0	0.042963601120543385	0.0	0.0	0.0	0.32059108183449464	0.0	0.03549617634261227	-0.0732981849921236
ENSMUSG00000036185	0.06762000223530217	0.013348295181783	0.032435621486259676	0.0	0.0	0.0	0.11367830892704646	-0.04750182266634966	0.08276821313334964	0.0	0.0	0.0	0.01820414590030179	0.0	0.0	0.0	0.07504694443888782	0.0	-0.04158058756694544	0.0	0.05509335086556017	0.0
ENSMUSG00000015357	0.01766124006197853	0.00680210648760522	0.0	0.0	0.0	0.0	-0.04904239703777902	0.06715723562882984	0.012896597464317395	0.0	0.0	0.0	0.022163607235620802	0.0	0.0	0.0	0.011376725436914686	0.0	0.09462103548797433	0.0	0.0156768229102307	0.25442724579520865
ENSMUSG00000100428	-0.33107309626348275	0.0	-0.17469444355257915	0.0	0.0	0.0	-0.29491721621599937	0.0	-0.2523021189775559	0.0	0.0	0.0	-0.19785925153308742	0.0	0.0	0.0	-0.29544249075469553	-0.15222016072831046	-0.9786747562189105	0.0	-0.3881300808816183	-0.26738173969599555
ENSMUSG00000030499	0.04416339514936197	0.0	0.0	0.0	0.0	0.0	0.21336141569830488	0.05087870749474624	0.017875512390000996	0.0	0.0	0.0	0.0414965383276196	0.0	0.026967446700413577	0.0	0.0	0.014460450165346916	0.23923654512981907	0.0	0.11263306342975035	0.27016346499476895
ENSMUSG00000070821	0.019306923214919683	0.021257956838542643	0.01384516830534326	0.0	0.0	0.0	-0.07507656287265031	0.0	0.022060933584098764	0.0	0.0	0.0	0.012528547693529707	0.0	0.0	0.0	0.033190809262301564	0.0	-0.10436557432339863	0.0	0.01154136001947859	-0.06528655788942486
ENSMUSG00000100693	-0.3178600831092408	-0.15244947412976284	-0.17172446480848036	0.0	0.0	0.0	-0.2772421640030793	0.0	-0.2610814484818096	0.0	0.0	0.0	-0.24975413744647793	0.0	0.0	0.0	-0.317426554971252	0.0	-0.9747924920562064	0.0	-0.36482399105847746	-0.24554054475744816
ENSMUSG00000048621	-0.16338053479371836	-0.05518060998493135	-0.05070941844983756	0.0	0.0	0.0	-0.11356801638749729	0.0	-0.1046660876553331	0.0	0.0	0.0	0.0	0.0	-0.06398590514186375	0.0	-0.12004688265827387	0.0	-0.28027179789666956	0.0	-0.1077576515484906	-0.13252586165205557
ENSMUSG00000075161	-0.08677476856928071	0.0	-0.0493888946580141	0.0	0.0	0.0	-0.13216112521180118	-0.0652703949283065	-0.04815979500208822	0.0	0.0	0.0	-0.03307232410279337	0.0	-0.07547087483197173	0.0	-0.038107085914409804	0.0	-0.09903089117062273	0.0	0.0	-0.06747120271032135
ENSMUSG00000062157	0.036286384224629695	0.007320404113099593	0.019663870504032347	0.0	0.0	0.0	0.07823307893540976	0.0	0.02492664114807531	0.0	0.0	0.0	0.013376365977631678	0.0	0.007069341666672161	0.0	0.021342932074748303	0.0	0.0	0.0	0.010214378201497246	0.002500855294172405
ENSMUSG00000030732	0.033168730789473466	0.028860148505468808	0.029522073871103744	0.0	0.0	0.0	0.0	-0.04421006675067523	0.032334598384626496	0.01890680578238448	0.0	0.0	0.0	0.0	0.0	-0.03126865391138838	0.04332845775150824	0.0	-0.14598323110113648	0.0	0.0	-0.024284806627411032
ENSMUSG00000085430	0.0	0.0	0.015196070804782053	0.0	0.0	0.0	0.046220934744467285	-0.036073692897416215	0.017727009833036787	0.0	0.0	0.01915056465661147	0.0	0.0	0.015344181809323667	-0.024205604458054565	0.03668527126746265	0.0	-0.06911669322652728	0.0	0.0	-0.0343698781784845
ENSMUSG00000024235	0.026462867555040563	0.0	0.02334192735399413	0.0	-0.016470787977487213	0.0	-0.058365578251818324	0.0	0.03577881909182593	0.0	0.0	0.0	0.0	0.0	0.0	0.0	0.026967456475380236	0.0	-0.45122737481811154	-0.026113518408344975	-0.03547582800095301	-0.032304028816950284
ENSMUSG00000022350	0.03869147916666247	0.0	0.010553092845529265	0.0	0.0	0.0	0.0	0.06722366583354408	0.028274321962068798	0.0	0.0	0.0	0.0461117630721545	0.0	0.028438266697157856	0.0	0.012056114871570961	0.0	0.2841189344602588	0.0	0.007687300264027863	0.20943658077590802
ENSMUSG00000120086	0.035424747038555277	0.0	0.0	0.0	0.0	0.0	0.1701780405952731	0.0697032200577611	0.022777194409086553	0.0	0.0	0.0	0.028766777942086857	0.0	0.023060789369648504	0.0	0.0	0.0	0.26980749231040035	0.021838464294891762	0.12581378659455217	0.18065716790104977
ENSMUSG00000094237	0.06371618630509919	0.0	0.0	0.0	-0.034837225216378435	0.0	-0.0621169674527354	0.0	0.029825676877688848	0.03400659494972325	0.0	0.0	0.030699042929365955	0.0	0.03314277525676834	0.0	0.0	0.0	-0.0687347358821777	-0.04512369707788527	0.0	-0.09701388361686783
ENSMUSG00000089879	0.02709397739576347	0.01982059556254562	0.022712937184017408	0.0	0.0	0.0	-0.056154250514128215	0.0	0.029781899870036103	0.021061781765610594	0.0	0.0	0.0	0.0	0.0	0.0	0.01312695533137953	0.015456101805242253	-0.1358960319593643	0.0	0.0	-0.07846846210291468
ENSMUSG00000098552	0.028047530514025087	0.0	0.0	0.0	0.0	0.0	0.1696031494136438	0.0	0.0065209212528426486	0.0	0.0	0.0	0.022012198830061103	0.0	0.01379468301532933	0.0	0.010437477718567472	0.00796291124772674	0.1312728062492932	0.0	0.09300375572501937	0.03575245742326134
ENSMUSG00000086969	0.007984446953440236	0.01774089660300228	0.031950252017726756	0.0	0.0	0.0	0.1401421285582081	0.0	0.024986477964124863	0.0	0.0	0.0	0.029677139563333683	0.0	0.025002851387902172	0.0	0.04580357420671082	0.0	0.08873795553830802	0.0	0.0	-0.06175749772188016
ENSMUSG00000000411	0.05104588474175129	0.02008084113509748	0.0	0.0	0.006358654270595918	0.0	0.0	0.0	0.04007053779036136	0.0	0.005951429063707103	0.0	0.0	0.0	0.021947946151695253	0.0	0.029989589415825742	0.0	0.21489096413766806	0.0	0.008101402043117743	0.04259937317545736
ENSMUSG00000067951	0.0	0.0	-0.03226112731596929	0.0	0.0	0.0	-0.15412530159311622	-0.037304676438817824	-0.027843878766182217	0.0	0.0	0.0	0.0	0.0	-0.05891968646717684	0.0	-0.0371671132685794	-0.04449521329565929	-0.17884996294572758	-0.04367950314781439	0.0	-0.11511840538095235
ENSMUSG00000020696	0.03514015703572114	0.0	0.0	0.0	0.0	0.0	0.05644781179838646	0.030187143031424238	0.029178817519058042	0.0	0.0	0.0	0.01991466254715002	0.0	0.02784989307601922	0.0	0.024362843647490275	0.0	0.31828700281780936	0.0	0.05460910240056219	0.2200575489239251
ENSMUSG00000111658	0.026556054164530045	0.0	0.013217953188413678	0.0	0.0	0.0	0.06594642509038816	0.0	0.029075563181054462	0.0	0.0	0.0	0.038832209578310205	0.0	0.014863749913857265	0.0	0.019469250181334448	0.0	0.4058599712654351	-0.11816433172784496	0.047066046134675	0.0
ENSMUSG00000024900	0.037779301177629766	0.023049816432350125	0.024877442170468642	0.0	0.0	0.0	0.08937558474267074	0.0	0.04172731062886705	0.0	0.0	0.0	0.017904767560392887	0.0	0.023022026020843273	0.0	0.026999137103919078	0.0	0.026588256551391288	0.0	0.0	0.10358877037117138
ENSMUSG00000057672	0.03926082893453798	0.0	0.020874514775977657	0.0	0.0	0.0	0.09878340047236973	0.0	0.03749600679251617	0.0	0.0	0.0	0.029000251027443358	0.0	0.022499758115777535	0.0	0.02677555753956126	0.0	0.2053133557365857	0.0	0.02991049841348945	0.08718472528829836
ENSMUSG00000042675	0.05692477438819795	0.0	0.023604524306906627	0.0	0.0	0.0	0.10739154882250894	0.0	0.043269347440015996	0.0	0.016253614281288686	0.0	0.05173899488486996	0.0	0.0	0.0	0.028926261358934457	0.0	0.19361585797444458	0.0	0.1589562490788992	0.1566540665137684
ENSMUSG00000111910	0.05872090910603538	0.0	0.0	-0.02085610921507905	0.0	0.0	-0.08539524594049176	-0.05392633557961089	0.033727257577155195	0.0	0.0	0.031369084006409254	0.0	0.0	0.0	-0.023675655092621057	0.0	0.0	-0.2601303820169884	-0.04346180465238307	0.0	-0.08910731091825615
ENSMUSG00000086783	0.05063892222639456	0.0	0.03741215292757545	0.0	0.0	0.0	0.06942264188567958	0.0	0.04987584420271261	0.0	0.0	0.0	0.03074699391259796	0.0	0.02047219549423901	0.0	0.061840405352905456	0.0	-0.06863012096343472	0.0	0.04569082192166645	-0.06718685470592692
ENSMUSG00000085303	0.026614143615720173	0.0	0.0	0.0	0.0	0.0	0.09410892772628428	0.018921364747505963	0.02583654692009384	0.0	0.0	0.0	0.023544182106350245	0.0	0.017663306917425015	0.0	0.0174679045313075	0.0	0.047987178332662236	0.0	0.02676682641226695	0.08885572183590658
ENSMUSG00000066272	0.0	0.0	0.0	0.0	0.034654648966609046	0.0	-0.050381694991289985	-0.02276970001557853	0.02088879268159869	0.0	0.0	0.02691751267494991	0.042857347250874624	0.0	0.05521351336002552	0.0	0.0	0.0	0.0	-0.049837317057950796	0.01486952763617605	-0.12648415107529254
ENSMUSG00000089812	-0.08795987088682154	0.0	0.014784505592341124	0.0	0.0	0.0	0.12779585219598394	0.0	0.028684421000962766	0.0	0.0	0.0	0.054070881303800306	0.0	0.0162677249274519	0.0	0.02647671513927665	0.0	0.300067200339548	0.0	0.09808719268915272	0.056749577777191744
ENSMUSG00000029410	0.043086025365134	0.0	0.03383073570354536	0.0	0.0	0.0	0.1239998517737357	0.0	0.0230760758657874	0.012618546792141527	0.0	0.0	0.023105612227195642	0.0	0.026001611346946736	0.0	0.04521674047563969	0.0	0.11287444520492665	0.0	0.046537899792905325	0.0
ENSMUSG00000053117	0.03409475966180052	0.0	0.0	0.0	0.0	0.0	-0.016793886220688337	-0.027114157529940033	0.015369790977635078	0.0	0.0	0.01970045638480764	0.0	0.0	0.0	-0.015623084357360767	0.0	0.014269845084944442	-0.13754626756131474	-0.04019587272763511	0.0	-0.03575050776551747
ENSMUSG00000087084	0.0	0.01942432914041724	0.047592345250161996	0.0	0.0	0.0	0.0	0.0	0.03645241261117303	0.022455933124914285	0.0	0.0	0.0	0.0	0.03442864196823067	0.0	0.03250802818860042	0.013703324616555837	-0.1425213832026376	-0.03722759815568598	0.0	-0.055221086266167986
ENSMUSG00000031660	0.03680899722938556	0.0	0.017290522922156493	0.0	0.0	0.0	0.03265462432523858	0.051874230273983316	0.023867427533486023	0.0	0.0	0.0	0.0	0.0	0.02558298724545668	0.0	0.022688949108791007	0.0	0.2080409755246311	0.0	0.0219951864443604	0.2420262048135004
ENSMUSG00000037390	0.0	0.017051797093654456	0.0	0.0	0.020206363157303335	0.0	0.0	0.0	0.0	0.0	0.010067658982363809	0.0	0.01454103418332194	0.0	0.012322346544147775	0.0	0.02885532720541324	0.01587403363696373	-0.19717881161948184	-0.04632769541900236	0.0	-0.06474089295047548
ENSMUSG00000025193	0.020830325101817836	0.0	0.012313237177534464	0.0	0.0	0.0	-0.10768207187168158	0.07980528052411866	0.0	0.0	0.0	-0.04038561612833165	0.031790042255594946	0.0	0.0	0.0	0.01593980870463981	0.0	0.013891182140500868	0.0	0.02816409022058774	0.21034227096648134
ENSMUSG00000032718	0.02649581390486761	0.0	0.017737443255573318	0.0	0.0	0.0	0.09801878643696961	0.0	0.019602020143858312	0.0	0.0	0.0	0.02784141713656409	0.0	0.02129660357206199	0.0	0.02811475912933962	0.0	0.13320241497134394	0.0	0.021776948216545026	0.041755274319530855
ENSMUSG00000018599	-0.35116241109708946	-0.1780111508534654	-0.16004846696158914	0.0	0.0	0.0	-0.31203085013638215	0.0	-0.21153650140726873	0.0	0.0	0.0	-0.22255140013020427	0.0	0.0	0.0	-0.287110038644874	0.0	-0.9562402648796563	0.0	-0.3934948503782458	-0.26050942033346003
ENSMUSG00000109647	0.0	0.026395358847525856	0.0	0.0	0.0	0.0	0.08041131791545998	0.0	0.03950574525185577	0.012643884661725072	0.0	0.0	0.026660048017190154	0.0	0.0246117925697954	0.0	0.050890056835153394	0.0	0.3734952771256834	0.0	0.08825513947842498	-0.05495708103194641
ENSMUSG00000050808	-0.2763725349430443	0.0	-0.1649770702374584	0.0	0.0	0.0	-0.29897149709603044	0.0	-0.21654949366509274	0.0	-0.13800408198340008	0.0	-0.25247815828909925	0.0	0.0	0.0	-0.3399665305813449	0.0	-0.9820949062500991	0.0	-0.4196133012264928	-0.24366778055017344
ENSMUSG00000034647	0.030797801647546048	0.0	0.016926301016894026	0.0	0.0	0.0	0.01968463730323175	0.06820442176369151	0.01729460125958656	0.0	0.0	0.0	0.037633428490287	0.0	0.016171764356569012	0.0	0.015569181651437447	0.0	0.07139330713876908	0.0	0.0	0.2174562395531243
ENSMUSG00000025220	0.023422730221000058	0.0	0.0	0.0	0.0	0.0	0.13664038286304322	0.09192101555875083	0.02784721268208498	0.0	0.0	0.0	0.036036081568070664	0.0	0.01881479797633211	0.0	0.0	0.011726281841286434	0.41264720948061134	0.0	0.07593804269565396	0.4096917859055547
ENSMUSG00000103920	0.0	0.0	-0.01252393034619659	-0.012051884400698433	0.0	0.0	-0.06619807152945742	-0.04821371392489118	-0.07176389318867395	0.0	0.0	0.0	0.0	0.0	0.0	0.0	-0.048219068600139386	0.0	-0.14252180491024824	-0.037657619727478726	-0.010100315277177474	-0.09179773789194452
ENSMUSG00000007379	0.04025516205830359	0.0	0.0	0.0	0.0	0.0	0.12030037115349763	0.023846395809912404	0.03387701190210207	0.0	0.0	0.0	0.04738211381439172	0.0	0.025622254567867254	0.0	0.018092787845641167	0.0	0.4329876375263033	0.0	0.0839881945281735	0.18799652824650456
ENSMUSG00000057195	0.0	0.0	-0.013436576231531838	0.0	0.03159970317516404	0.0	-0.09825450898276039	0.0	-0.011111888681784666	0.0	0.0	0.0	-0.006862600297032895	0.0	0.0	0.0	0.0381877938172965	0.0	-0.21916640769703363	-0.02976031947225145	-0.011413960084444499	-0.10006582448154985
ENSMUSG00000107230	0.022917735049076658	0.007357635223337322	0.014745500850068897	0.0	0.0	0.0	0.0	0.06249704189111215	0.024025631743117053	0.0	0.0	0.0	0.025435413510618836	0.0	0.0222254323873582	0.0	0.018490606928924316	0.0	0.011134604617465089	0.0	0.0	0.2174887553828445
ENSMUSG00000121480	0.022934053704927352	0.0	0.0318569853766876	0.0	0.0	0.0	0.05286251523166306	0.0	0.0	0.006709693091702995	0.0	0.0	0.02240079158306334	0.0	0.017511961219556088	0.0	0.02047085005296935	0.0	0.5314609545970042	0.0	0.013133408137787263	0.026663080562682892
ENSMUSG00000065979	0.0	0.0	0.009979691499098286	0.0	0.007021732963922319	0.0	0.024697970844275954	0.026664259994670293	0.008788026194646494	0.0075520304022929224	0.0	0.0	0.0	0.0	0.010003275650301423	0.0	0.019552777140892753	0.0	-0.3388554603529169	0.0	0.0	0.11779187135434445
ENSMUSG00000037095	0.07546708189834889	0.0	0.030806179702324868	0.0	0.0	0.0	0.2659113881339981	0.0	0.033848760800410216	0.0	0.0	0.045184690645102915	0.06354161130244818	0.0	0.03791231841489595	0.0	0.04884363373088044	0.0	0.16967499481217826	0.0	0.1192336618503054	0.0
ENSMUSG00000031613	0.017042965325438753	0.01780814640284151	-0.00994463484930306	0.0	-0.029325821228029316	0.0	-0.06829261638053553	-0.020528060893201996	0.0	0.0	0.0	-0.033124683285743944	0.0	0.0	0.0	-0.024314613129654144	0.0	0.0	0.12670435173102151	0.0	0.0	-0.030237757666184677
ENSMUSG00000020814	0.03695192944531318	0.0	0.01721392652323145	0.0	0.0	0.0	0.11250145694523161	0.0	0.02760787388049004	0.0	0.0	0.0	0.027183654477549623	0.0	0.018408352221475733	0.0	0.03088688611631373	0.0	0.06581091143379524	0.0	0.049777640997703224	0.03850954068831174
ENSMUSG00000075591	0.020679844702303617	0.02669613194856121	0.0	0.0	0.0	0.0	0.0	0.0	0.0	0.014613128280646218	0.0	0.022385611928349796	0.015541848818603871	0.0	0.0	0.0	0.03007783325136153	0.010235842966823623	-0.02237042827511674	-0.029621375542224937	0.0	-0.0648974725728312
ENSMUSG00000121809	0.034073536924338524	0.0	0.011202680191219012	0.0	0.0	0.0	0.01800896883096153	0.0	0.03672769703565943	0.0	0.0	0.010342756965327786	0.01594730386167087	0.0	0.007197306724163022	0.0	0.037900926217512745	0.0	0.250558775110155	0.0	0.0422949441807856	0.0
ENSMUSG00000086386	0.027931161473874505	0.0	0.025093276338592336	0.0	0.0	0.0	0.0	0.0	0.019046822053126067	0.0058040907333020645	0.0	0.0221610017202037	0.015905314059794125	0.0	0.013560791357560312	0.0	0.03385852506752352	0.0	0.0	0.0	0.010136321683053215	-0.08704720186269017
ENSMUSG00000113149	0.0	0.0	0.0	0.0	0.0	0.0	0.20664083514391798	0.07541656749369831	0.016768857960922423	0.0	0.0	0.0	0.0444642155009664	0.0	0.015152214178387668	0.01963864579096068	0.0	0.0	0.39634451437219437	0.025576358919476055	0.18972799312790606	0.23471848851910732
ENSMUSG00000036744	-0.017804720305458512	0.025339675719166958	0.0	0.0	0.0	0.0	-0.10200940827510219	0.0	0.0	0.01994836633300122	0.0	0.02071860153920857	0.0	0.0	0.0	0.0	-0.013236993078138259	0.0	-0.06182799545242842	-0.03125821467213853	0.013959115863106025	-0.07940219569383081
ENSMUSG00000113179	-0.009428596132950773	0.0	0.0	0.0	0.0	0.0	-0.11778859886781097	-0.0300349434846077	-0.031274318400814426	0.0	0.0	0.0	0.0	0.0	0.0	0.07959579638991707	-0.02354797982829787	0.0	-0.2780153803363052	-0.04046334150629222	-0.02633179637246995	-0.07774636285135948
ENSMUSG00000051067	0.029613363499032958	0.006639787027643063	0.017927278606850814	0.0	0.0	0.0	0.10546414424060349	0.0	0.028944104992445787	0.0	0.0	0.0	0.0227073745493304	0.0	0.013274840274887826	0.0	0.03121856494542297	0.0	0.08073358640399776	0.0	0.06112705842983157	0.0
ENSMUSG00000106261	0.026744529810862512	0.01660476592435345	0.025095379159557337	0.0	0.0	0.0	0.04531513002614781	0.0	0.02993770162115995	0.0	0.0	0.0	0.028118868732380675	0.0	0.02407861685816534	0.0	0.039016079491864725	0.0	0.014913321247465139	0.0	0.0	0.07765727452451189
ENSMUSG00000111546	0.08607536696851267	0.0	0.0	0.0	0.0	0.0	-0.1125078551426094	0.0	0.05207997246989851	0.0	0.0	0.027571804986088355	0.053231324768153836	0.0	0.05546223679838936	0.0	0.0	0.0	-0.169831885049704	-0.05136957592973965	0.05653881343946911	-0.06625025850529755
ENSMUSG00000032657	0.0394035587847083	0.0	0.014055322679382365	0.0	0.0	0.0	0.15446738162800364	0.0	0.027489576092695398	0.0	0.0	0.0	0.04856541390701814	0.0	0.023070099151364033	0.0	0.025131587865620923	0.0	0.11946811109098499	0.0	0.1079625924780374	0.07399619778519705
ENSMUSG00000090124	0.026845023056370952	0.012528290062409648	0.02413706736222719	0.0	0.0	0.0	0.00794316774665342	0.0	0.011981890864834551	0.0	0.0	0.0	0.017774478795901806	0.0	0.014044456588218946	0.0	0.026843643798634194	0.0	-0.089551503737777	0.0	0.0	-0.13124887224981915
ENSMUSG00000092412	0.05441755210961119	0.0	0.028137977145171713	0.0	0.0	0.0	0.06104251605707974	0.0	0.04233364108334679	0.0	0.0	0.02097107219872074	0.03232792375170335	0.0	0.023161200391166505	0.0	0.039754056931011174	0.0	0.5413154560039453	0.0	0.05725789946938685	0.0
ENSMUSG00000036580	0.028460727859977806	0.01456293017160238	0.02241507968603815	0.0	0.0	0.0	0.05576243008727064	0.014504383094190165	0.017154414158777786	0.0	0.0	0.0	0.0	0.0	0.018644617748167336	0.0	0.02721991501865321	0.0	0.02609328165791918	0.0	0.0	0.07980985778157848
ENSMUSG00000107516	0.02559451903911281	-0.016510842636911667	-0.01095435309963333	0.0	0.023175557735055335	0.0	-0.10843748912546292	0.0	0.0	0.0	0.0	0.0	0.0	0.0	-0.025600251587782456	0.0	0.0	0.022279421616541506	-0.1089687469929734	-0.03553618747680143	0.0	-0.0979688741638786
ENSMUSG00000074212	0.02983150540379128	0.010805789810083139	0.0	0.0	0.0	0.0	0.0	0.0	0.028280900317182934	0.0	0.0	0.0	0.03349076263200826	0.0	0.008087296775450309	0.0	0.01441775095545448	0.0	0.1751338245942355	-0.1636443740670963	0.028910020422050584	0.06141282685053455
ENSMUSG00000086355	0.017691576860194305	0.009754582855383553	0.0	0.0	0.0	0.0	0.0	0.0	0.016281841801192777	0.0	0.0	0.025518375996409826	0.01328829946561635	0.0	0.0	0.0	0.024319102382672996	0.014495175950986679	-0.20026962784174404	-0.051980576215952104	0.0	-0.09552260072116087
ENSMUSG00000084162	-0.04755405990364118	0.0	-0.02599991303693793	0.0	0.0	0.0	-0.08638191982246063	-0.07904448874356523	0.0	0.0	0.0	0.0	0.0	0.0	-0.025812858672948004	-0.0212197151759157	-0.05589837750624798	0.0	-0.1700851081251653	-0.04160511289527791	0.0	-0.13139325276807856
ENSMUSG00000070643	0.04022672072286039	0.0	0.015290770586870006	0.0	0.0	0.0	0.1298138140090922	0.0	0.028947917713643856	0.0	0.0	0.0	0.039267543299782964	0.0	0.020173411612557302	0.0	0.022158885240969605	0.0	0.40584764021069103	0.0	0.09432906192444539	0.08351645750501471
ENSMUSG00000075201	-0.06876338973464807	-0.025376587686873064	0.0	0.0	0.0	0.0	-0.1924567885989558	0.0	-0.03185651040900411	0.0	0.0	0.0	-0.019503594080270692	0.0	-0.03421583372845643	0.0	-0.05764004775933054	0.0	-0.10990636155197173	-0.028836492792705653	0.0	-0.07709077682703486
ENSMUSG00000099908	0.03221861261286314	0.0	0.0	0.0	0.0	0.0	0.13465620794812466	0.05086284633385416	0.026141224321656047	0.0	0.0	0.0	0.0385479765280892	0.0	0.01937928044059642	0.0	0.0	0.011507043978834286	0.27452537611443845	0.0	0.06860224127051812	0.22262978058652322
ENSMUSG00000023266	0.04492019250762199	0.0	0.0	0.0	0.0	0.0	0.169589222003174	0.018539894641633525	0.03933411118687106	0.0	0.0	0.0	0.042719405583516654	0.0	0.024759969976653202	0.0	0.02041114822206577	0.0	0.6052134086947393	0.0	0.1145980686440273	0.19164358113170735
ENSMUSG00000121824	-0.14442755910270297	0.0	-0.033631321575616775	0.0	0.0	0.0	-0.09250749148582392	0.0	-0.03577257124081965	0.0	0.0	0.0	0.0	0.0	-0.030496450593046134	0.0	0.04554768271759558	0.0	-0.21946384087649382	-0.023291963339466946	0.03937318960273262	-0.0943386509264267
ENSMUSG00000032348	0.01883839123084724	0.0	0.0	0.0	0.0	0.0	0.20317981745638664	0.024966239838370836	0.019779026194271115	0.0	0.011693551053261442	0.0	0.028145009598523903	0.0	0.01085415431307113	0.0	0.0	0.0	0.613551006255456	0.0	0.07845533404165593	0.1977616107785009
ENSMUSG00000027981	-0.2878833066015849	-0.1698244948036029	0.0	0.0	0.0	0.0	-0.2845540745960468	0.0	-0.24786182342917368	0.0	0.0	0.0	-0.21782834725527675	0.0	0.0	0.0	-0.31603611650728936	-0.1540784279762355	-0.9811319407769677	0.0	-0.419560669356732	-0.2539361535193256
ENSMUSG00000041120	0.03615099297058908	0.0	0.018833291270161857	0.0	-0.03576923530862214	0.0	0.04115720719861355	0.0	0.030338390145633238	0.0	0.0	0.0	0.01229651863877803	0.0	0.01831196212518384	0.0	0.038389979492823856	0.0	0.06719671655807784	0.0	0.03713194515056657	0.0
ENSMUSG00000110909	-0.30993690696459886	0.0	-0.19320458850692807	0.0	0.0	0.0	-0.31570660868658423	0.0	-0.25402882555220113	0.0	0.0	0.0	-0.22050249229197433	0.0	0.0	0.0	-0.33080426208029384	-0.15459301871758324	-0.9555596010718174	0.0	-0.380942148774288	-0.21741690217596593
ENSMUSG00000096687	0.043947704957243705	0.013295775508146713	0.0071319467277228005	0.0	0.0	0.0	0.0	0.008546547653627152	0.03172823685647084	0.0	0.0	0.0	0.0	0.0	0.0	0.0	0.021053628557851985	0.007487954591363255	0.1822425282390955	0.0	0.019578721444532342	0.1371354138226337
ENSMUSG00000039959	0.03980732183588049	0.0	0.0	0.0	0.0	0.0	0.08139902389846464	0.023968030463048184	0.03169472502174037	0.0	0.0	0.0	0.030623521348354502	0.0	0.030356174319930963	0.0	0.034823169649260466	0.0	0.12289184225169798	0.0	0.03905425638772739	0.147962749778576
ENSMUSG00000096569	-0.2857735543795636	-0.18362567403349997	-0.17518603862290671	0.0	0.0	0.0	-0.27367267755243996	0.0	-0.25585151863343564	0.0	0.0	0.0	-0.2024980014508547	0.0	0.0	0.0	-0.33605774679825756	0.0	-0.9601465831962018	0.0	-0.39136137386829417	-0.2685221862867813
ENSMUSG00000114218	0.0	0.02730771032953512	0.1005591040711893	0.0	0.01628642080722878	0.0	0.0	0.012432866007698872	0.050403478464179405	0.014488408313071974	0.0	0.0	0.0	0.0	0.0	0.0	0.11086342000186737	0.010374794707448814	-0.1460074450771371	0.0	0.0	-0.03562063847881217
ENSMUSG00000044067	0.02107740049919595	0.0	0.0	0.0	0.0	0.0	-0.06277319808118224	0.0	-0.036005945776249826	0.0	0.0	0.017724334830779398	0.025844578522918462	0.0	-0.032524151451786054	0.0	-0.023018516542514907	0.0	0.0	-0.017067586272320932	0.023523436992372516	-0.0722745854979309
ENSMUSG00000085979	0.0688191099487444	0.0	0.01982359209851249	0.0	0.0	0.0	0.0	0.0	0.0	0.0	0.0	0.0	0.0562354888339729	0.0	0.011235213895492924	0.0	0.05187127754507091	0.00986205232228053	0.21646987089679465	-0.03255517622533773	0.056517696265540054	-0.05154643703782805
ENSMUSG00000006143	0.03468575718694159	0.0	0.02038148140251117	0.0	0.0	0.0	0.15895940987206705	0.0	0.037087763093072115	0.0	0.0	0.026886567497772927	0.04773064910303803	0.0	0.038319483015699256	0.0	0.045250055387081316	0.0	0.4073524521352368	0.0	0.09815901589093	0.0
ENSMUSG00000020639	0.04217838845986219	0.011887455457127237	0.024627574281155955	0.0	0.0	0.0	-0.09014034716910276	0.014469613364677454	0.017426854840018838	0.0	0.0	0.0	0.0	0.0	-0.03767128158529733	0.0	0.02041427929433298	0.0	-0.09521017826519469	0.0	0.0	0.14563299800321353
ENSMUSG00000027997	0.03579770437578744	0.004029025857594564	0.021444870715273005	0.0	0.0	0.0	0.0	0.0	0.021488544869351055	0.0034454859063030117	0.0025962778157162525	0.0	0.00811456688908757	0.0	0.00861984176109891	0.0	0.020747710234718608	0.0	0.016872219605178623	0.0	0.0	0.0
ENSMUSG00000030303	0.0	0.0	0.0	0.0	0.01943677095210452	0.0	-0.06771929896646348	-0.04140463320672809	0.0	0.0	0.0	0.017456115592261175	0.0	0.013166547016004782	0.0	-0.03299621809945303	0.0	0.0	-0.05366043676538045	-0.019793151828576515	-0.017104908178219	-0.07658060429516754
ENSMUSG00000040389	0.032864191848519596	0.0	0.01705444591666253	0.0	0.0	0.0	0.0	0.051893014459700425	0.023562772213006865	0.0	0.0	0.0	0.0128259480984079	0.0	0.014542726508102443	0.0	0.012222722312716507	0.0	0.012768290347138611	0.0	0.018661974502034044	0.2794191902943364
ENSMUSG00000074060	0.042853044006042035	0.0	0.021646601694205708	0.0	0.0	0.0	-0.08540061281408505	-0.035202078585168495	0.0	0.0	0.0	0.0	0.0	0.0	0.022751100579527218	0.04282844802258472	0.03151742128281565	0.0	-0.12348173843169151	-0.05507625841240305	0.0	-0.07167095954557823
ENSMUSG00000104169	0.0	0.0	0.05998043180363417	0.0	0.02236705552671563	0.0	-0.09319911533305691	0.0	0.032379075336653323	0.0	0.020465532242089537	0.0	0.0	0.0	0.04576924313920901	0.0	0.04536290086570548	0.0	-0.08892767502373262	-0.055065684073130214	0.0	-0.08565644742607763
ENSMUSG00000113262	0.04300165586737947	0.0	0.0	0.0	0.0	0.0	0.01576024711235402	0.0	0.045635997557805646	0.0	0.0	0.020806305915308815	0.035810975397385196	0.0	0.024260554548978998	0.0	0.05559717029894623	0.013102931342849677	0.5831200548996179	0.0	0.05176189907628039	0.0
ENSMUSG00000038984	0.03797109820545989	0.014146717717615742	0.0	0.0	-0.03284263522486356	0.0	0.0	0.0	0.009892300344243642	0.008091389812594598	0.007672094217905438	-0.02011573200641975	0.0	0.0	0.0	0.0	0.0328082784756692	0.0	0.2813413194224196	0.0	0.0	0.03467285540424088
ENSMUSG00000029521	0.03295730865483706	0.017529350779264985	0.0	0.0	0.0	0.0	0.035198448918384924	0.0803479507140534	0.02259119658023588	0.0	0.0	0.0	0.036000481086913665	0.0	0.02256812817715737	0.0	0.022813793353814227	0.0	0.16018723492384987	0.0	0.0	0.18308957231319714
ENSMUSG00000067352	-0.28103700722631575	-0.17642547189032243	-0.1952630298799263	0.0	0.0	0.0	-0.28664137726829814	0.0	-0.2531897472740329	0.0	0.0	0.0	-0.2464757310814692	0.0	0.0	0.0	-0.3220090435489457	0.0	-0.9757274475141581	0.0	-0.3555965793268809	-0.24032991981188617
ENSMUSG00000020622	0.0	0.0	0.0	0.0	0.0	0.0	-0.12207486135919393	-0.047024552767283595	0.0	-0.02352231954391468	0.0	0.0	-0.025486008842996666	-0.017503642679926434	-0.032920915233093734	0.0	0.0	0.0	-0.32413938407162	-0.03935511627652166	-0.02569826815110236	-0.10987915277890666
ENSMUSG00000031930	0.037996096685621955	0.0	0.0	0.0	0.0	0.0	0.046256392014471105	0.05885862574383573	0.031567027048327	0.0	0.0	0.0	0.026817696301049482	0.0	0.03176502576967932	0.0	0.01733006534360293	0.0	0.16909757550288365	0.0	0.019636851591128265	0.23420368302176964
ENSMUSG00000024174	0.0	0.0	0.0	0.0	0.0	0.0	-0.07112501800421829	0.02720347458845359	0.00802068315147016	0.0	0.011336931002450009	-0.023050132177035016	0.011146600096791942	0.0	0.0	0.009403389829779906	0.016910825231422726	0.0	-0.09903635975398088	0.0	0.0	0.09018822165444862
ENSMUSG00000029686	0.018194325486760015	0.0	0.0	0.0	0.0	0.0	0.05906896359744416	0.11115423127317071	0.012525946688007775	0.0	0.0	0.0	0.028562210668296378	0.0	0.0	0.007074905389019115	0.0	0.012175916157818815	0.16676103207374907	0.0	0.03053242091228246	0.2971129878950528
ENSMUSG00000113603	0.0	0.013997350364769233	0.021543870222030033	0.0	0.0	0.0	0.01964072566589606	0.0	0.0	0.0	0.00863254272721196	0.0	0.013066406733646509	0.0	0.0	0.0	0.00762331838980428	0.010876401943332758	0.0	-0.04045300647153301	0.03389661821837469	-0.06196111206856874
ENSMUSG00000027481	0.04420656500966414	0.01754693889605867	0.036578308585227474	0.0	0.02246900829645641	0.0	-0.03959000439724665	0.0	0.0	0.0177668244792972	0.0	0.0	0.0	0.0	0.0	0.0	0.05808088165727494	0.0	-0.17359731914795976	-0.03333529985601957	0.0	-0.10244833473239372
ENSMUSG00000024519	0.04920585276558497	0.0	0.041366962610699866	0.0	0.017972169693224467	0.0	0.0	0.0	0.02184617921159349	0.0	0.0	0.0	0.0	0.0	0.021016977257768146	0.0	0.05331863046928416	0.0	-0.07400693289941179	-0.04425563992559326	0.022198993143543736	-0.09998698854230464
ENSMUSG00000090235	0.05764954796599214	0.0	0.009479773479536902	0.0	0.0	0.0	0.19682859812186207	0.0	0.021220893122794973	0.0	0.008413482801438832	0.0	0.05214742613649748	0.0	0.025892220360389934	0.0	0.0	0.0	0.6207413173787585	0.0	0.20142567533049116	0.17436513793208996
ENSMUSG00000112451	0.04626147675636706	-0.017128542874533345	0.04897323467994565	0.0	0.0	0.0	-0.04162569340623095	0.0	0.0	0.0	0.0	0.025451241587227728	0.0	0.0	0.03043589231940567	-0.01344216060810402	0.0	0.0	-0.04222584221924726	-0.02237759840268217	0.0	-0.07976987952011412
ENSMUSG00000081302	0.0	0.0	0.04422858685470104	0.0	0.0	0.0	-0.11253284879378335	0.025731532913648256	0.02645730464059661	0.0	0.0	0.01867740153062092	0.0	0.0	0.0	0.0	0.07621669935852979	0.021998809850995088	-0.36837478070191915	-0.05070737929226619	0.0	-0.05680016080143096
ENSMUSG00000079015	-0.019612389736817226	0.0	0.0	0.0	0.03688855882065093	0.0	-0.1643897054813702	0.0	0.0	0.0	0.0	0.03735004826741588	0.0	0.0	0.03131456481297407	0.051299720322457935	0.0	0.0	-0.3517891263814263	-0.03787108616236695	-0.0694868277749514	-0.16077779030747766
ENSMUSG00000048078	0.03353358609655089	0.0	0.021394225499796252	0.0	0.0	0.0	0.046007569818199416	-0.06266665974069517	0.030730407399510624	0.0	0.0	0.0	0.015828253970872175	0.0	0.014046693754521269	0.0	0.03069271928331417	0.0	0.08028015217069692	0.0	0.0	-0.06854653554122293
ENSMUSG00000007589	0.0	0.012954696388773335	0.015169824003041255	0.0	0.0	0.0	0.054940582150984435	0.09068590059033657	0.0	0.0	0.0	0.01614272553146192	0.0	0.0	0.0	0.017357078071270838	0.013060513489832436	0.0	0.31657683891956817	0.0	0.024097198262499363	0.22508356904288462
ENSMUSG00000117824	0.05853478324905362	0.027866891270925242	0.028330432968429055	0.0	0.0	0.0	0.1018716401563692	0.0	0.04266211490926981	0.0	0.0	0.0	0.03554513963994821	0.0	0.02019353259959611	0.0	0.033247083254626594	0.0	0.3358624744760076	0.0	0.061949209632146354	0.0
ENSMUSG00000121883	-0.036640089182858424	0.0	-0.02124600194304619	0.0	0.03743595762216464	0.0	0.0	0.036087342520546406	-0.0388077764264171	0.0	0.0	-0.02192828020073178	-0.016522780113180636	0.0	0.0	0.0	0.0	0.0	-0.3653654299534101	0.0	-0.043130889186542454	0.10577255546783021
ENSMUSG00000103995	0.05579938191638001	0.0	0.0	0.0	0.0	0.0	0.18995791180433896	0.0	0.03115895655380764	0.0	0.0	0.0	0.09750567939415733	0.0	0.0570056287252521	-0.04562982503360846	0.028330520290954158	0.0	0.40224419571595543	0.0	0.24828488679888003	-0.05112057476597111
ENSMUSG00000096621	-0.10766670744103966	0.0	-0.08318859968511941	0.0	-0.004867277702410799	0.0	-0.08934916659352439	0.0	-0.04294952662940615	0.0	0.0	0.0	0.0	0.0	-0.011130428627235695	0.0	-0.010342294240700692	0.0	-0.10371938534199436	-0.012198873964452553	0.0	-0.08073942727991512
ENSMUSG00000036845	0.01797501048642347	0.0	0.020901363719843764	0.0	0.0	0.0	0.08545277015887356	0.0	0.042560885626150444	0.0	0.0	0.022513593276984645	0.02209378799921192	0.0	0.0	0.0	0.03650085648958235	0.0	0.37550538677812983	0.0	0.04404428258202312	0.10520620576027907
ENSMUSG00000007034	0.03558420819893171	0.009805066695150966	0.019783408738521368	0.0	0.0	0.0	0.12345698364729833	0.0	0.03983664664502767	0.0	0.0	0.0	0.019832852743148468	0.0	0.017687946733728768	0.0	0.03712686867190376	0.0	0.07476943450541423	0.0	0.06998890442757302	0.0
ENSMUSG00000070732	0.03484697574009044	0.026381311583360094	0.02066751169408126	0.0	0.0	0.0	-0.054125553605271076	-0.05146719062069859	0.0	0.0181711468929953	0.01878397525523566	0.0	0.0	0.0	0.0	-0.028390324350400245	0.019842521913436422	0.0	-0.08747244182372961	0.0	0.0	0.0
ENSMUSG00000112166	0.07717799649574468	0.0	0.0791357064407935	0.0	0.0	0.0	-0.09100841229648902	0.0	0.0	0.0	0.026792512763038415	0.027598684404128354	0.0	0.0	0.04562202830655916	0.0	0.02934177393932194	0.0	-0.3153642245709795	-0.0424454653086626	0.0	-0.08505377822452637
ENSMUSG00000075467	0.022117786065614684	0.011703483004108096	0.011123508547383809	0.0	0.0	0.0	0.05334656415981903	0.035486886731183005	0.0	0.0	0.0	0.0	-0.07731509702711996	0.0	0.0	0.0	0.012261057425933313	0.0	0.12683679742933562	0.0	0.04320673434785105	0.18132317341600387
ENSMUSG00000029276	0.028794419140264205	0.0	0.007671051403663647	0.0	0.0	0.0	0.0	0.052689197184865956	0.014811534047827908	0.0	0.0	0.0	0.0075324003484089855	0.0	0.006905826672857756	0.0	0.01076620793709804	0.005767364960921673	0.02803325904278171	0.0	0.0	0.19558764259489744
ENSMUSG00000009654	0.03698287326099482	0.0	0.027109830359646637	0.0	0.0	0.0	-0.0427700518031256	-0.025176812079807008	0.0	0.0	0.0	0.020645726648676702	0.0	0.0	0.0	0.0	0.034246798809149014	0.02082901278368013	-0.13956027169419255	-0.05226750046269807	0.0	-0.11653801116259543
ENSMUSG00000074343	0.02687292567790783	0.0	0.02396474953313712	0.0	0.0	0.0	0.07742278715882765	0.0	0.0	0.0	0.0	0.014745040189925245	0.014240720697486157	0.0	0.015190021594046282	0.0	0.03003555331702018	0.0	-0.18048323732956348	-0.04764031387734349	0.0	-0.13324083856003097
ENSMUSG00000035614	0.0	0.0059546293163858345	0.0	0.0	0.0	0.0	0.01305624577421048	0.0900525295657869	0.0	0.0	0.0	0.0	0.02803442136802273	0.0	0.0	0.01428034023000666	0.010930655021682476	0.0	0.08670984528624197	0.004921927497940071	0.012308803028622079	0.25911030323031436
ENSMUSG00000112858	-0.06538628500748771	0.0	-0.02337066977805654	0.0	0.03446042379198111	0.0	-0.10715891635359544	-0.06909739388239121	-0.04135555055701167	0.0	0.0	0.0	-0.01735039844413088	0.0	0.0	-0.030069508381961638	0.0	0.0	-0.01719292924299657	0.0	0.0	0.05782151211918478
ENSMUSG00000046947	0.035764300539461516	0.020001611938588855	0.027645370137736908	0.0	0.0	0.0	0.0	0.01837491550753353	0.030393687901124143	0.0	0.008431463422207797	0.0	0.0	0.0	0.0	0.0	0.031138192900987786	0.0	0.2128037252712417	0.0	0.013923913690447993	0.12469979691820847
ENSMUSG00000042035	0.04442412941466523	0.0	0.01655748183289496	0.0	0.0	0.0	0.10111501919041857	0.0	0.03630954896044655	0.0	0.0	0.0	0.029424702636885975	0.0	0.024247863940187502	0.0	0.025907255626172326	0.0	0.2078262645405388	0.0	0.04945350440832081	0.12353746414291968
ENSMUSG00000085088	0.03211580560246217	0.012451111761404475	0.047736106965948245	0.0	0.0	0.0	0.031472136945499864	0.0	0.027881384651999234	0.010447835791267603	0.0	0.009727150986578892	0.0	0.0	0.0	0.0	0.0564672998441014	0.0	0.07112103433874756	0.0	0.031769924669225964	0.0
ENSMUSG00000110613	0.030798370665683358	0.017276940789749028	0.025895685335610177	0.0	0.0	0.0	0.0	0.0	0.023137029820959814	0.018834400666436747	0.0	0.0042768699970534285	0.011397088225889375	0.0	0.021168298843180958	0.0	0.02202339786206195	0.0	0.0	0.0	0.0	-0.10733678393218445
ENSMUSG00000114045	0.0	0.0	0.0	0.0	0.0	0.0	0.3446652531038519	0.06928070230761538	0.0	0.0	0.0	-0.050993350586613556	-0.23948220126048117	0.0	-0.05161770122409415	0.0	0.0	0.0238969387704957	0.6856967539920269	-0.16326444817714686	0.19344046725579836	0.3657367001048935
ENSMUSG00000104538	0.03369948223621168	0.012971118912917343	0.04494336299499863	0.0	0.0	0.0	0.0	-0.04341724128959822	0.01829619547966515	0.014261867707578233	0.0	0.0	0.0	0.0	0.01911418950301263	-0.03428555304361101	0.057210864796484545	0.0	-0.056433855689058746	0.0	0.0	0.0
ENSMUSG00000075387	0.0	0.0	-0.007453350016904373	-0.005603425896982636	0.0	0.0	-0.07024236820980141	-0.03254139412939742	0.0	-0.006046390967616357	0.0	0.0	0.0	0.0	0.0	0.0	-0.01968595460144548	0.0	-0.11886102063864849	-0.03935518900910396	-0.0015329850039514925	-0.0579662760451154
ENSMUSG00000086322	0.07453565492621532	0.0	0.027581975151843574	0.0	0.0	0.0	0.28232030482693077	0.0	0.08162283143183185	0.0	0.0	0.032956020611327325	0.1280708492263311	0.0	0.0652323787530125	0.0	0.04838523889781587	0.0	0.7160445630830587	0.0	0.3998764654230229	0.0
ENSMUSG00000120713	0.034556892372221704	0.0	0.028594986321026195	0.0	0.0	0.0	0.12997034365306603	0.0	0.021332640418810993	0.0	0.0	0.032956289539525015	0.0	0.0	0.02730411085863012	0.0	0.04259567559756084	0.0	-0.08565698822660929	-0.04919757067487005	0.0	-0.1332201987819579
ENSMUSG00000091400	0.04666001954658289	0.0	0.03500251100736585	0.0	0.0	0.0	0.0	0.0	0.03734410944818665	0.018406545238999192	0.0	0.0	0.026645564424125006	0.0	0.023495938487633712	0.0	0.050085495059715296	0.0	-0.09467697565880107	-0.04678962935330598	0.0	-0.11066209748458813
ENSMUSG00000097075	0.0	0.0	0.024133445696274965	0.0	0.0	0.0	-0.22643276753393204	0.033866159182256036	0.025562220797471592	0.0	0.0	-0.03326999543030014	-0.03742131174801254	0.0	-0.02726328868998636	0.0	0.015062178227617906	0.0	0.046554882085115795	0.0	0.0	0.2722924726932071
ENSMUSG00000085034	-0.019433348040158106	0.0	0.0	0.0	0.0	0.0	-0.1332168319897838	-0.041496840067757515	-0.024661768408281548	0.0	0.0	-0.003064645348540692	0.0	0.0	-0.025003200771342316	-0.022846244208893564	-0.002629986571934473	0.0	-0.17857679702632853	-0.007196902191842503	0.0	0.0
ENSMUSG00000111006	0.03408307752921637	0.00878227274964428	0.06006626792127709	0.0	0.0	0.0	0.008811163471737316	0.0	0.03986419457560647	0.0	0.0	0.013399287625360305	0.0	0.0027737517650304744	0.0	0.0	0.026620730555367057	0.0	0.03602303566074434	0.0	0.006699360027882378	0.0
ENSMUSG00000096484	0.02609919465427903	0.02451743766345373	0.03646126346354092	0.0	0.0	0.0	0.0	0.0	0.05687664954797623	0.01174620108649806	0.0	0.0	0.0	0.0	0.012388799795882394	0.0	0.058960521005001286	0.0	-0.062135516779924946	0.0	0.028960155455986982	-0.04073459790632021
ENSMUSG00000097655	-0.012364594627926585	0.0	-0.0066603384952377866	0.0	0.0	0.0	0.0	-0.04632345175961803	-0.01585841175262873	0.0	0.0	0.0	0.0	0.0	-0.003458999521001535	-0.02692589233526343	0.0	0.0	-0.10785838538221666	-0.004899775856985183	-0.003606931686975467	-0.0024259787522061815
ENSMUSG00000014353	0.04301129760031037	0.0	0.019258238644605	0.0	0.0	0.0	0.027355157688970663	0.06653463604617818	0.019326167302047836	0.0	0.0	0.0	0.03266452058091705	0.0	0.0	0.0	0.021161030391415533	0.0	0.1061310142476982	0.0	0.023179755366530056	0.2394348662647803
ENSMUSG00000095663	-0.07474364534509964	0.0	0.0	0.0	0.0	0.0	-0.1527431333022572	-0.05626676815487248	-0.06973522627507879	0.0	-0.048695891312310335	0.0	0.0	0.0	-0.1845546411248318	0.0	0.0	-0.06585714221308482	-0.5994879206354584	0.0	-0.04817688432305765	-0.2713249884429469
ENSMUSG00000103360	0.020359043453374887	0.0	0.0	0.0	-0.014847566626188358	0.0	-0.11167106520973898	0.0	0.051715340629559646	0.0	0.0	0.014737739840530287	0.021070466874937358	0.0	0.018801072388414074	0.0	0.0	0.0	-0.06834675875583543	-0.05201972707317232	0.0	-0.11642361073230027
ENSMUSG00000047910	-0.32015892028930937	-0.1743022520865907	-0.1592828788218923	0.0	0.0	0.0	-0.28250814554714565	0.0	-0.2522850907710347	0.0	0.0	0.0	-0.2606352679489213	0.0	0.0	0.0	-0.29603026308916014	0.0	-0.98382509749913	0.0	-0.38850464693826137	-0.2151627918307897
ENSMUSG00000038550	0.0333277740444142	0.0	0.006043259396388151	0.0	0.0	0.0	0.022356147096054844	0.0	0.04905082236295855	0.0	0.0	0.0	0.0027527101638671336	0.0	0.0	0.0	0.012941635656654562	0.007941945037843129	0.2499338341058474	0.0	0.019027081932415413	0.15111304200592438
ENSMUSG00000000938	0.04160318475264335	0.009476941970516004	0.01759481243786857	0.0	0.0	0.0	0.1070122048506133	0.0	0.01744655472267436	0.0	0.0	0.0	0.009584269885128394	0.0	0.009521325772636726	0.0	0.026415099444857402	0.0	0.1848656557334858	0.0	0.0216345380530956	0.0
ENSMUSG00000032254	0.023889631905108896	0.0	0.0	0.0	0.0	0.0	0.019505362309394383	0.06298916615650949	0.02407362854529475	0.0	0.0	0.0	0.02378826298202483	0.0	0.01928214537398698	0.0	0.022808341045067876	0.0	0.135865458638312	0.0	0.026980095601277423	0.21077618716897523
ENSMUSG00000111664	0.0	0.0	-0.014004709559368509	0.0	0.0	0.0	-0.08566863547019536	-0.0053046471939688315	0.0	0.0	0.0	0.020785080529849287	0.02917147972376164	0.0	0.0	0.0	-0.016123206590673927	0.0	-0.06001726898216623	-0.03721660899474914	-0.03546541917743411	-0.07988200129685026
ENSMUSG00000022255	0.03192377878819193	0.0	0.0	0.0	0.0	0.0	0.14862188940315835	0.10092117641214818	0.01961984363061319	0.0	0.0	0.0	0.05016198859730129	0.0	0.014708882989602379	0.0	0.0	0.015183507315942167	0.26656659318286446	0.0	0.03872903865248286	0.2898065090754853
ENSMUSG00000064201	0.06950056727392924	0.0	0.0306885421396223	0.0	-0.030805316484891498	0.0	0.0	-0.027489122473538446	0.05548049584380583	0.0	0.0	0.027717955144977796	0.0	0.0	0.0	0.0	0.06798452503526953	0.0	-0.22231268028467152	-0.03577952733606361	0.0	-0.054526760854251455
ENSMUSG00000022540	0.036645850990267764	0.006674426375885963	0.011749016558090372	0.0	0.0	0.0	0.0969688557723742	0.0	0.0	0.0	0.009951185663442167	0.0	0.0	0.0	0.0	0.0	0.019384039235573688	0.0056665412990604125	0.25208231951573645	0.0	0.025453546226151064	0.11632895070701502
ENSMUSG00000023159	0.023895647724698543	0.0	0.0	0.0	0.0	0.0	-0.04788378842971047	0.0	0.028191173817684715	0.028283724051011986	0.0	0.02547698599131021	0.0	0.0	0.0	0.0	0.039499265052978565	0.017894168515054126	-0.13648836177761103	-0.03855779446372227	0.0	-0.1001968936831413
ENSMUSG00000107842	0.03548047514629311	0.0	0.030245726061066635	0.0	0.0	0.0	0.0	0.0	0.06917496324281582	0.0	0.0	0.011209434137667791	0.03080075311457781	0.0	0.04299375055802598	0.0	0.03518900225910142	0.00904496467821811	0.029241967409013376	0.0	0.0	-0.10065423557192933
ENSMUSG00000114414	0.03739578184357486	0.0	0.020546443402157832	0.0	0.0	0.0	0.10037227359688582	0.0	0.026101119269855536	0.0	0.0	0.02361115446740683	0.04058483573796318	0.0	0.03442798928363018	0.0	0.03779032213176806	0.0	0.7681650675552448	0.0	0.08332205088701897	0.0
ENSMUSG00000025041	0.036812365926268485	0.0	0.0	0.0	0.0	0.0	0.10938031654665172	0.07661271967260229	0.030002685879255756	0.0	0.0	0.0	0.039049635724119576	0.0	0.025328068947959515	0.0	0.02315997900563105	0.0	0.18355207098962698	0.0	0.045749525925177774	0.23466791050593647
ENSMUSG00000086690	0.029898957538835196	0.0	0.026797466339043185	0.0	0.0	0.0	0.058639322170939284	0.0	0.02633450340743068	0.0	0.0	0.01827961674242723	0.006940884209110075	0.0023670385311282405	0.01320088647503238	0.0	0.03541940505426953	0.0	0.0	0.0	0.045807126299743414	0.0
ENSMUSG00000029861	0.035001714907734516	0.009440233508626663	0.00841785902523895	0.0	0.011487261264310687	0.0	0.0635185142831675	0.015044118796903361	0.0	0.0	0.0	0.0	0.0	0.0	0.009065523909040965	0.0	0.030341704254285493	0.0	0.25137702954599206	0.0	0.0	0.047031786060500805
ENSMUSG00000037730	0.03064791014773516	0.0	0.0	0.0	0.0	0.0	0.14263892131266	0.07265193078707836	0.022864989264947986	0.0	0.0	0.0	0.031170763280608135	0.0	0.0	0.0	0.016786007060627828	0.0	0.24416743834316598	0.01567546883446402	0.046610449438519296	0.33242710332065933
ENSMUSG00000047819	0.030517105483950334	0.0	0.0	0.0	0.0	0.0	-0.03274576974993994	-0.02474463587350584	0.0	0.0	0.0	0.0	0.04183516356661473	0.0	0.01574300577157614	0.0	0.052151965063897424	0.012061153066634689	0.19922115320872189	0.0	0.048103610293019565	-0.0496060349687714
ENSMUSG00000041649	-0.034930626940325046	0.0	0.0	0.0	0.04111764663784176	0.0	0.051226280679627416	0.04585266469078738	-0.034216312319069464	0.0	0.014936809876931828	-0.02478993518286908	0.0	0.0	0.0	0.0	0.0	0.0	-0.03554306110471183	0.0	-0.01738273594650094	0.06287980953998545
ENSMUSG00000110027	0.021447820524530467	0.0	0.018886438334916378	0.0	0.0	0.0	-0.0708692917922563	0.0	0.0	0.0	0.018785763928230725	0.02177057815430269	0.0	0.0	0.0	0.0	0.02399168739527821	0.0	-0.1875539131446071	-0.04483676591083182	-0.01919319248498513	-0.10221438198936542
ENSMUSG00000033762	0.026801339290499493	0.009781692106402357	0.009852907813184613	0.0	0.0	0.0	0.027415683708326113	0.04256299072205501	0.01982658015455196	0.0	0.0	0.0	0.0	0.0	0.0	0.0	0.017677416361816415	0.0	0.16536175373008433	0.0	0.009229993350117316	0.22456407239125803
ENSMUSG00000042451	0.05060174791918459	0.0	0.04141692918989583	0.0	0.0	0.0	0.024891560236532984	0.0	0.016072132097216488	0.0	0.0	0.0	0.02618583532354201	0.0	0.031745173825830184	0.0	0.05571378106797288	0.0	-0.08891501326949344	0.0	0.012692471787042983	-0.06652711579886059
ENSMUSG00000063133	0.05425697539771557	0.0	0.0	0.0	0.02100233004799082	0.0	-0.05711007092019831	0.0	0.0	0.0	0.0	0.03219840952610854	0.0	0.0	0.027850302296729523	0.0	0.06843051337693104	0.0243264359779577	-0.21871516899312224	-0.04364582600585151	0.0	-0.0870719229249494
ENSMUSG00000093721	0.05530574189226302	0.0	0.027676987077763882	0.0	0.0	0.0	0.0	0.011607707324503419	0.046877855486824244	0.0	0.0	0.0	0.01720856735730548	0.0	0.03206748572571946	0.0	0.07372151845500685	0.0	0.054343822153348084	-0.05142983453258982	0.0	-0.11015044708966587
ENSMUSG00000118216	0.016105994641581724	0.0	0.01762528995010471	0.0	0.0	0.0	0.11625150361020466	0.0	0.0	0.0	0.007296138278370945	0.03541319098133221	0.022685356883560465	0.0	0.021415050972959482	0.0	0.03811753669190091	0.0	0.06935685374804894	0.0	0.0	-0.12344525679207621
ENSMUSG00000052316	0.029226844390565637	0.022934976842308403	0.021129123359317045	0.0	0.0	0.0	0.0760135541705875	0.0	0.03685909071618176	0.0	0.0	0.0	0.01568269423268398	0.0	0.017824086263334423	0.0	0.0270947658404842	0.0	0.4076838362675552	0.0	0.034640872736927675	0.0
ENSMUSG00000079180	0.0	0.0	-0.010385345674932468	-0.011169704232644781	-0.01967662673812175	0.0	-0.02835764281460951	0.0	0.0	0.0	0.0	0.0	0.053597391357880664	0.0	-0.010340674054266696	0.0	-0.00791263942006281	0.0	-0.1479517980742212	-0.03846131198231619	0.0	-0.08995708838066735
ENSMUSG00000112284	0.01188855170796832	0.0	0.0	-0.006424208439549165	0.013292640258866631	0.0	-0.10794270170054557	0.0	0.0	-0.030077601432565163	0.0	0.0	0.0	0.0	0.0	0.0	0.024218638247093725	0.0	-0.2051820246763801	-0.04028285688589342	-0.01151455998104324	-0.15185505645937203
ENSMUSG00000086649	0.029663655458475532	0.0	0.025736677638327904	0.0	0.0	0.0	0.0	-0.03943848550075222	0.020202229265755815	0.01798488431615066	0.0	0.05519305445304954	0.01894879147463087	0.0	0.0	0.0	0.03890236996228385	0.0	-0.05263007690672399	0.0	0.0	-0.055820745651920974
ENSMUSG00000008035	0.014229974835202438	0.0	0.0	0.0	0.029582243809122277	0.0	0.2672830182260817	0.03741403867790825	0.0	0.0	0.008220297547081978	0.0	0.12414648323765726	0.0	0.0	0.0	0.02452679325485913	0.0	0.8088249927220763	0.0	0.0909786895377348	0.09194199207607281
ENSMUSG00000040183	0.03514511099797538	0.0	0.019908935786373205	0.0	0.0	0.0	0.07964444377321755	0.0	0.03593162575958168	0.0	0.0	0.0	0.023642614333837034	0.0	0.02660268923043455	0.0	0.03231160011523624	0.0	0.10450934992163878	0.0	0.02700561287671253	0.12871172481600032
ENSMUSG00000110130	0.041102905283243736	0.0	0.03883063175132294	0.0	0.0	0.0	-0.027147261513496418	0.0	0.01853193011716731	0.0	0.0	0.0228313899071851	0.0	0.0	0.03003593482097969	0.0	0.04941979249954938	0.0	-0.14937202092698854	-0.039167213854600647	0.0	-0.13160289014075177
ENSMUSG00000020258	0.06089088939931081	0.0067898527106752815	0.037168725256124906	0.0	0.0	0.0	0.04567543645624635	0.0	0.029224893408834444	0.01036876491833959	0.0	0.0	0.0	0.0	0.010393989030354933	0.0	0.04238796778201599	0.0	0.028911708934016324	0.0	0.04807866877911458	0.0
ENSMUSG00000067642	0.026029932941380274	0.008806344144849229	0.028385607930116206	0.0	0.0	0.0	0.06821080682838603	0.0	0.019283848308383367	0.009084134224104368	0.0	0.0	0.008923721235485477	0.0	0.015593203528882936	0.0	0.046942108885384116	0.0	0.17645773865492773	0.0	0.0	0.0
ENSMUSG00000120735	0.05011199390941715	0.0	0.04465835698133417	0.0	-0.03222974796164166	0.0	0.18654632171752664	0.0	0.0	0.0	0.0	0.0	0.030326165240662516	0.0	0.0	0.0	0.0317169698611112	0.0	-0.14714344446574282	-0.050365174838254576	0.0504859168662903	-0.07097941850662996
ENSMUSG00000024261	0.0	0.0	0.0	0.0	-0.025901293668022376	0.0	0.0	-0.04745407037104696	-0.030727569244513548	0.0	0.0	0.032910621424911746	0.032599291733058006	0.0	-0.023667835155691742	-0.021861196267207627	0.0	0.0	-0.10844889324738477	-0.021797443353464802	0.04086583120729931	0.0
ENSMUSG00000047996	-0.07561317973773046	0.0	-0.03501187365214128	0.0	0.0654649086636756	0.0	-0.1786493173044711	0.0	-0.07761513340559528	0.0	0.0	0.0	-0.05601170446309221	0.0	-0.05362542308366968	0.0	0.0	0.0	0.0	-0.02712210669791212	-0.07073533020418854	-0.07967836607205911
ENSMUSG00000030541	0.044727663099533785	0.0	0.0	0.0	0.0	0.0	0.12861240192660436	0.022976063425304782	0.028883101501425167	0.0	0.0	0.0	0.044043860937505556	0.0	0.02468330222401398	0.0	0.02240736711147951	0.0	0.42159542343439266	0.0	0.0840616173402203	0.1047379345627215
ENSMUSG00000032595	0.052779698411790824	0.020971875854042366	0.03023573077055702	0.0	0.0	0.0	0.10495154006275483	0.0	0.026647633272710813	0.0	0.0	0.0	0.02955659396575189	0.0	0.030138549274090983	0.0	0.04960080127767555	0.0	0.050909253969177566	0.0	0.044902546184813326	0.0
ENSMUSG00000023348	0.027913316641547677	0.0	0.0	0.0	0.0	0.0	0.11840908697497954	0.0	0.023620676850061098	0.0	0.0	-0.039714978193824614	0.0	0.0	0.0	0.0	0.012540438008692712	0.011556075382168747	0.25994676028850233	-0.03421659480174447	0.009980272744115004	0.08412434596962214
ENSMUSG00000099372	-0.3187993197730909	0.0	-0.09672822004867809	0.0	0.0	0.0	-0.20107447749658983	0.0	-0.11364502523908877	0.0	0.0	0.0	-0.314857164273446	0.0	0.0	0.0	-0.2782143335797893	-0.12087988945377467	-0.403464266611596	0.0	-0.13147359093734232	-0.16077189699868366
ENSMUSG00000118128	0.0470171002626547	0.0	0.0479714005834543	0.0	0.0	0.0	-0.05897138418966366	-0.06827635983943299	0.0	0.0	0.0	0.0	0.0	0.0	-0.012509194698955783	-0.01307102169454948	0.05695149876932219	0.0	-0.022571350968807642	-0.0385803714547143	0.0	-0.07574915372826921
ENSMUSG00000034216	0.037653931293638816	0.0	0.0	0.0	0.0	0.0	0.16861264189968717	0.0	0.03130827397260974	0.0	0.0	0.0	0.0324264333475571	0.0	0.017723259899356636	0.0	0.021284159441904142	0.0	0.31963947973147977	0.020147598857959807	0.05291554794999397	0.10181538327866417
ENSMUSG00000001082	0.03633352693194677	0.0	0.0	0.0	0.0	0.0	0.25300590619971824	0.040212709617617255	0.02915489491450238	0.0	0.0	0.0	0.07140722231289644	0.0	0.0	0.0	0.01745340952873642	0.0	0.4268785096999991	0.019815109188520592	0.15599527778918215	0.21248608253468415
ENSMUSG00000081410	-0.04106055133500938	0.0	0.0	0.0	0.0	0.0	-0.15640336050706174	-0.052540470746835745	0.0	0.0	0.0	0.0	-0.0504787305575663	0.0	0.0	0.0	-0.049127789533308056	-0.04271516834986144	-0.20260664669853218	-0.04454233252531612	-0.0730991507937113	-0.1911047424705592
ENSMUSG00000032565	0.046433597710711955	0.0	0.03809030030694711	0.0	0.0	0.0	0.016308432309112185	0.010800911312596787	0.023561717050605814	0.0	0.0	0.0	0.0	0.0	0.013077218147404422	0.0	-0.02764207707618649	0.0	0.00786764060689904	0.0	-0.0485515888091051	0.036662470810227034
ENSMUSG00000031983	0.03569051404207019	0.011680457625151422	0.02529467752239716	0.0	0.0	0.0	0.012133294030068353	0.03432867945720863	0.022882350481228334	0.0	0.0	0.0	0.016007324251445493	0.0	0.014573796134549595	0.0	0.027859407699126367	0.0	0.0	0.0	0.0	0.15902899582889765
ENSMUSG00000114594	0.0	-0.018860120945667216	-0.021407296584924042	-0.0015673178059713683	0.0	0.0	-0.06328181336487185	-0.015399231985973793	-0.018344744583008457	0.0	0.0	0.0	0.0	0.0	0.0	-0.0010415341855364302	0.0	0.0	-0.07446627360642781	-0.02982645850496312	0.0	-0.07209748422199343
ENSMUSG00000068877	0.041264161420629025	0.0	0.043823453730076734	0.0	0.0	0.0	-0.0459143661816183	0.0	0.01992811246879318	0.0	0.0	0.0	0.0	0.0	0.0	-0.01830179332387442	0.0653686487449735	0.016896540312692748	-0.1879505018511734	-0.029947101558372706	0.0	-0.07819218545089321
ENSMUSG00000029600	0.042119630786519584	0.0	0.0	0.0	0.0	0.0	0.15147160584893035	0.0807417081667059	0.03071821693105644	0.0	0.0	0.0	0.04139413776161521	0.0	0.03203502738443318	0.0	0.019825282874274985	0.0	0.19630697211379664	0.0	0.06466333192341499	0.29049782518660816
ENSMUSG00000104588	-0.0644297272037326	0.0	-0.027397737173361695	0.0	0.0	0.0	-0.09444121984382746	0.0	-0.04795940901603655	0.0	0.0	0.0	0.0	0.0	-0.019015768672063227	0.0	-0.03179841319369293	-0.023880025256933043	-0.5150323495541007	0.0	-0.06447274661370954	-0.04635396588983997
ENSMUSG00000071551	0.0	0.008426169949225182	0.0	0.0	-0.016753792131068406	0.0	0.0	0.0	0.0	-0.014311555246490278	0.00871400986778901	0.0	0.011782386468477743	0.0	0.019546251839251162	0.0	0.0	0.009857854050803019	0.0	-0.04775309647011738	0.01414101556988797	-0.13414185185185995
ENSMUSG00000111303	0.02471774060542981	0.0	0.02002199012500589	0.0	0.0	0.0	-0.04375942109763809	0.0	0.0	0.0283791671777557	0.016483590240451068	0.0	0.0	0.0	0.0	0.0	0.028069308113569443	0.0	-0.19619019741352442	-0.016991842560890136	-0.022992342186247575	-0.08560774267210969
ENSMUSG00000028386	0.04189292996425395	0.01395510412107504	0.012493777761305367	0.0	0.0	0.0	0.017972110445817088	0.0	0.0	0.0	0.0	0.002321706768814047	0.012104929558285975	0.0	0.006075675594114689	0.0	0.027411932166915214	0.0	0.10944845086305259	0.0	0.01799776722818269	0.0
ENSMUSG00000069539	0.018792233172319695	0.008634982023654572	0.004730751492466113	0.0	0.0	0.0	0.0	0.016630741769257464	0.014490217528165091	0.0	0.0	0.0	0.006022418614814395	0.0	0.0058732266294896866	0.0	0.009613731413412572	0.0	0.0	0.0	0.002646053304203866	0.13981298174821533
ENSMUSG00000015714	0.012185636275092332	0.0	0.0	0.0	0.0	0.0	0.2009198775108004	0.020065324072391567	0.027139289404370475	0.0	0.0	0.0	0.009803307711308266	0.0	0.0	0.0	0.008952114127353417	0.014566700491543507	0.4905276999533299	0.0	0.10019833797085911	0.15998555176777116
ENSMUSG00000091756	0.04706003874107155	0.0	0.03348191177658974	0.0	0.0	0.0	0.0	0.0	0.03578001999080429	0.011974294910195256	0.0	0.0	0.02892403707185934	0.0	0.02649362331326043	0.0	0.04436600292464071	0.0	0.09263569179856243	0.0	0.016379613599554435	-0.07111262593035628
ENSMUSG00000056987	0.015189465917937905	0.022055147456602555	0.014045338353819641	0.0	0.0	0.0	-0.06068825876727853	-0.04208807250870734	0.0	0.018335406374225913	0.0	0.025090900074303413	0.0	0.0	0.0	0.0	0.0	0.0	-0.09129714121782294	-0.048470621349775436	0.0	-0.11778559090236687
ENSMUSG00000028008	0.0	0.0	-0.032657188674502756	0.0	0.0	0.0	-0.07976442851228695	0.0	-0.006266297814521947	0.0	0.0	0.0	-0.0040003088948399245	0.0	-0.004745966730815025	0.0	-0.0012552322397451077	0.0	-0.20438914928623667	-0.03171105421949873	-0.007655090337366831	-0.09551679311692293
ENSMUSG00000052234	0.03413044021583218	0.0	0.016576190691925667	0.0	0.0	0.0	0.0849540094386886	0.0	0.020680972489977287	0.008328524056038622	0.0	0.0	0.019607637746263454	0.0	0.029945940263503362	0.0	0.03478265741593717	0.008424042795381762	0.0	0.0	0.026669620908561547	0.0
ENSMUSG00000115439	0.0	0.0	-0.02593382777602667	-0.017079740922464032	-0.004032508604581383	-0.0016777422141327492	-0.05271511314648874	-0.07039988128974677	0.0	0.0	0.0	0.0	0.0	0.0	-0.012193541960435227	0.0	0.0	0.0	-0.07860756442012448	-0.03737382924541686	0.0	-0.10675995650205015
ENSMUSG00000027570	0.02173143793922678	0.0027792798166303167	0.021193205026047792	0.0	0.0	0.0	0.025422102225157166	0.0	0.02136115329481842	0.002523216149871582	0.0	0.0	0.008500229627737483	0.0	0.014468667159082047	0.0	0.030488117117336646	0.0	0.08039905971309168	0.0	0.0	0.0
ENSMUSG00000024526	0.027377682486236985	0.0	0.018420013643915843	0.0	0.0	0.0	0.05406821223148078	0.0	0.02828609600153551	0.006400669762756106	0.0	0.0	0.01439737047411618	0.0	0.014549574768215001	0.0	0.030542902734962574	0.0	0.08560951683694389	0.0	0.023889571893882255	0.0
ENSMUSG00000024066	0.018634935902336187	0.0251339830311211	0.0	0.0	0.0	0.0	-0.07577205249473339	0.0	0.0	0.0	0.0	0.0	0.0	0.0	0.0	0.016208539852064552	0.019575020779178234	0.01791592587726657	-0.19909547166818184	-0.03992776243858485	-0.018866886812197968	-0.09223666590056809
ENSMUSG00000094810	-0.03236609613320577	0.0	-0.03329254345898689	0.0	0.0	0.0	-0.13383196337270556	-0.014677055130359091	-0.02491946133251152	0.0	0.0	0.0	0.0	0.0	-0.05558740311335009	0.0	0.0	0.0	-0.15640408930958874	-0.03162163246868054	-0.00596919362256032	-0.10174746019235964
ENSMUSG00000095075	-0.012101284527393704	0.0	-0.021568873908331572	0.0	-0.008498128931944836	0.0	-0.059026910740560413	-0.03388613913797617	0.0	0.0	0.0	0.06784349546123744	0.0	0.0	0.0	-0.006686762930022405	0.0	0.0	0.0	-0.02280492645429727	-0.011597860083900863	-0.09076713253724632
ENSMUSG00000025268	-0.008860157529276713	0.0	0.0	-0.009248772394886333	0.07162489747548274	0.0	0.12397271607184444	-0.040293418443762725	0.0	0.0	0.0	0.0	0.0	0.0	0.0	-0.037617707484692155	0.0	0.0	-0.4225286504220147	-0.04682190544709354	-0.024393010148555747	-0.053100768837766335
ENSMUSG00000117786	0.03480330427071879	0.0	0.031545498582262826	0.0	0.0	0.0	0.0	0.0	0.016583507190176986	0.0	0.012689744994558882	0.0	0.016735824090465937	0.0	0.01875782938287815	0.0	0.04622164442128424	0.0	-0.10219475996372172	-0.045099407958644325	0.0	-0.08673231806097499
ENSMUSG00000047084	0.04669716233253785	0.009851559375000152	0.0	0.0	0.0	0.0	0.17721165169811887	0.042242054625472585	0.027785867712259917	0.0	0.0	0.0	0.018541289978328317	0.0	0.0	0.0	0.010021711171313244	0.0	0.5385568641551752	0.0	0.08200438408198021	0.24042776651333744
ENSMUSG00000115167	0.02936423105879847	0.01000382929801539	0.046058014975275355	0.0	0.01851988637926224	0.0	-0.050923616376459535	0.0	0.0	0.0	0.012727725038880363	0.0	0.0	0.0	0.0	0.0	0.036598030333956574	0.00952872875831224	0.021893669315732774	0.0	0.0	-0.0838278313004281
ENSMUSG00000085036	0.032172455776650136	0.0	0.058615972670372996	0.0	0.0	0.0	-0.05540493947647386	0.0	0.03214462377058115	0.0	0.0	0.0	0.03256359878228824	0.0	0.0	0.0	0.032064555715420766	0.0	-0.05761242596997588	-0.03760616809081846	0.03429927281503717	-0.05749394879672298
ENSMUSG00000114470	0.030802042572374923	0.0	0.009215429885304771	0.0	0.0	0.0	0.16049424575677307	0.0	0.0	0.0	0.0	-0.05171190317636227	0.04178579360300564	0.0	0.020836069975879685	-0.04110171406707163	0.02212519458112372	0.0	0.42797158215619246	0.0	0.10918554612153174	0.0
ENSMUSG00000039632	-0.31847817201215556	-0.1708701191986134	0.0	0.0	0.0	0.0	-0.2745044826396321	0.0	-0.23739033533120527	0.0	-0.1835079243008786	0.0	-0.2184546690633984	0.0	0.0	0.0	-0.32748508035726104	0.0	-0.9636986919374352	0.0	-0.38086372468123403	-0.2574421553004214
ENSMUSG00000114417	0.03232441318059288	0.016620865197087997	0.037776846424666145	0.0	0.0	0.0	-0.06557994104387162	0.0	0.0343504434330125	0.0	0.0	0.012891189787630097	0.0	0.0	0.014700531475702274	0.0	0.058756740551222805	0.0	-0.093232101480484	0.0	0.0	-0.07441680883210276
ENSMUSG00000115381	-0.05112120178965092	0.0	-0.06244025815767307	0.0	0.0	0.0	-0.08672140453166535	0.0	0.0	-0.01698250629677748	0.0	0.0	-0.005037131596669853	0.0	-0.0181817309968597	0.0	0.0	0.0	-0.24867099496219017	-0.024513890947862275	-0.012731616863825049	-0.13252919776536526
ENSMUSG00000053897	0.03077671877066586	0.0	0.018662116292699014	0.0	0.0	0.0	0.04903394206444666	-0.042854160965992	0.027813348250807755	0.0	0.0	0.0	0.02053354647997074	0.0	0.0	-0.032118231789062174	0.019889163342600005	0.0	-0.04631571072537992	0.0	0.0	-0.025617551476148383
ENSMUSG00000066677	0.01995431292372027	0.01456089096437592	-0.007747064749614543	0.0	0.011328616422097515	0.0	-0.09321513241681736	0.0	0.0	-0.01586440981920287	0.009913703821173458	0.0	0.0	0.0	0.0	0.0	0.0	0.0	-0.1777811150144446	-0.040217072050972996	0.0	-0.11434811139562272
ENSMUSG00000026616	0.0	0.0	-0.0058067356461566355	0.0	0.0	0.0	-0.07761745270813457	-0.01848147849412254	0.0	0.0	0.0	0.02509373260008841	0.0	0.0	-0.020350766250716586	0.0	0.0	0.013777272785662048	-0.07229883550371348	-0.012097656329405532	0.017031589931246056	-0.051401614428937
ENSMUSG00000018572	0.06142610386866168	0.0	0.0	0.0	-0.0361613554407576	0.0	0.2617273614120349	0.0	0.04042937056984197	0.0	0.010164476870160139	0.0	0.056578554444057225	0.0	0.014705611873569585	0.0	0.0	0.0	0.7655727898740722	0.0	0.30715569507228085	0.1877706223195736
ENSMUSG00000085580	-0.03597658772534138	-0.003202851536023843	-0.027421777426891836	0.0	0.0	0.0	-0.10144978834905848	0.0	0.0	0.0	0.0	0.0	-0.007655740113399317	0.0	-0.03494560627595797	0.0	0.0	0.0	-0.25967195468803417	-0.03035445580363096	-0.0095651721113112	-0.08478457547093085
ENSMUSG00000028029	0.018639632601547895	0.0	0.0	0.0	0.0	0.0	0.07108673729785671	0.12602136601897262	0.017886345111631563	0.0	0.0	0.0	0.0	0.0	0.006899152826839394	0.011557059259907977	0.008816878844168886	0.0	0.2283866042771616	0.0	0.025968649416188493	0.3793178294935821
ENSMUSG00000101086	0.025556420630797935	0.026441912410674374	0.024054754664810784	0.0	0.0	0.0	-0.074091521425054	0.0	0.023318715720877403	0.03004170260467461	0.0	0.0	0.0	0.0	0.0	0.0	0.0	0.0	-0.15385204530413701	-0.04176992265846278	-0.041274233898782965	-0.08746427101718818
ENSMUSG00000110534	0.027751841800378926	0.0031594736920938227	0.01491644443853737	0.0	0.0	0.0	0.040790340083684755	0.0	0.02353384573890056	0.0	0.0	0.0	0.0051708155726640625	0.0038620435043332903	0.011188124646814904	0.0	0.006400788266196274	0.0	0.049204556002809874	0.0	0.0	0.0
ENSMUSG00000083814	-0.03776186800409532	0.0	0.0	0.0	0.0	0.0	-0.26487936918336463	-0.10531621417445675	0.0	0.0	0.0	0.0	0.0	-0.020675681847651783	0.0	0.0	-0.06507214052861267	-0.027302062818341327	-0.07647162048345595	-0.039395347483445274	-0.04424305551348123	-0.14359299894335048
ENSMUSG00000037708	0.0	0.0	0.0	0.0	-0.014514039644136787	0.0	-0.05174604293047043	-0.05789345176203881	0.0	0.0	0.0	0.0	0.015025592429821573	0.0	0.0	-0.040278542919178505	0.019277518565324	0.01446442674590187	-0.13594854501381748	-0.03205106663153082	0.0	-0.08145151105995252
ENSMUSG00000118217	0.04607782315533603	0.0	0.014029633923358398	0.0	0.0	0.0	0.012651394686746526	-0.0493099840793223	0.04520345226825934	0.0	0.0	0.0	0.02735306698788904	0.0	0.013255171855516374	0.0	0.027518874446995852	0.0	0.58845856993576	0.0	0.06687811250580068	0.0
ENSMUSG00000108426	-0.006651538295734061	0.0	-0.02862872815526184	0.0	0.0	0.0	-0.08638934408376123	-0.015181542388914207	-0.043465794228526415	0.0	0.0	0.0	0.0	0.0	-0.03169553922106923	0.0	-0.026972807886786722	0.0	-0.008709835154661201	-0.03388115980171281	0.0	-0.08255887659709489
ENSMUSG00000085037	0.03405819988862353	0.0	0.0	0.0	0.0	0.0	-0.03488021586603335	0.0	0.03340745960428717	0.0	0.0	-0.05326363923396671	-0.07377538901747174	0.0	-0.042571146244442894	0.0	0.02759505392183248	0.0	0.2804157115719874	0.0	0.04581470770551439	0.16014401834693082
ENSMUSG00000107765	-0.11495690962732814	0.0	-0.08800562971361055	0.0	0.0	0.0	-0.1897965057053929	0.0	-0.039342232258616334	0.0	0.0	0.1310540366289079	-0.028761275445640788	0.0	0.0	0.0	-0.07761299241777576	0.0	0.056179850559600175	-0.026573359922763065	0.0	-0.06617219249327017
ENSMUSG00000024712	0.028077002163939394	0.0	0.0	0.0	0.0	0.0	0.06542001452824656	0.04030126932522708	0.02370673014065954	0.0	0.012192068765211997	-0.03636347440961568	0.0	0.0	-0.04923282330543618	0.0	0.018934651669534418	0.0	0.09613575902422386	0.0	0.0	0.16242784033836508
ENSMUSG00000118509	-0.06662721426051613	0.0	-0.01987603206557757	0.0	0.0	0.0	-0.1306010435114886	0.0	0.0	0.0	0.0	0.0	-0.015961886302428563	0.0	-0.04031869222649687	0.0	-0.11334843429609034	0.0	-0.017714666392602246	-0.017536381045342414	-0.040335614535504646	-0.12281965745913745
ENSMUSG00000089768	0.0	0.0	-0.04613876322575477	0.0	0.0	0.0	-0.07764658138880987	0.0	-0.060411147217442424	0.0	0.0	0.0	-0.055968512738510674	0.0	-0.032929158453114726	0.0	-0.0990858229028948	0.0	-0.1563559998788612	-0.033668160189848056	-0.035436417547164485	-0.10194832117180219
ENSMUSG00000106896	0.0	0.0	0.02513263389451496	0.0	0.0	0.0	0.19641719367111193	-0.04302605094224269	0.0	0.0	0.0	0.0	0.05918680575402108	0.0	0.031776657088795006	-0.03991985242696705	0.03836919253443553	0.0	0.18654935028815292	0.0	0.11981714591268698	-0.06745023022786291
ENSMUSG00000067873	0.0	0.0	0.0	0.0	0.0	0.0	-0.13054911138997008	0.10434348950656597	-0.05633586708060755	0.0	0.0	-0.044944026289547634	-0.06119738770698347	0.0	-0.04821553348266444	0.0	0.0	0.0	0.19219494515393096	-0.15227212264251871	-0.05190078860691082	0.30361368999752575
ENSMUSG00000019889	0.008659968676096665	0.0	0.0	0.0	0.0	0.0	0.026826685232618244	0.08637252655424829	0.011296961163378747	0.0	0.0	0.0	0.030767252306586713	0.0	0.007111724182167489	0.0	0.015191611423477011	0.00864481545849184	0.0	0.0	0.011484905338805805	0.14864608226254808
ENSMUSG00000106957	-0.05731847018211945	0.0	0.025591330743030417	0.0	0.0	0.0	-0.06528954185301433	0.0	-0.0065108895931833	0.0	0.022327487136428643	0.017294605287020072	0.0	0.0	0.0	0.0	-0.013348196128906168	0.0	-0.14627449245370763	-0.03959714409198762	0.0	-0.07457966506755576
ENSMUSG00000024875	0.0	0.008709553412060755	0.009974162452178272	0.0	0.0	0.0	0.02471638508706135	0.041953184383826655	0.0	0.0	0.011219636119267169	0.0	0.013116022344327249	0.0	0.0	0.0	0.020381627519961927	0.0	0.13691922083380922	0.0	0.015604209970473933	0.21442377901251586
ENSMUSG00000030058	0.0413790803606555	0.0	0.0	0.0	0.0	0.0	0.05890263923229996	0.02823737255399573	0.034382982921133405	0.0	0.0	0.0	0.026535526774155827	0.0	0.03257891567101291	0.0	0.03533880254120281	0.0	0.30766274495681484	0.0	0.04442186046544084	0.14278303988003832
ENSMUSG00000039741	0.03868748056180434	0.0	0.0	0.0	0.0	0.0	0.17269717996635556	0.0	0.03654024413959157	0.0	0.0	0.03703927789490986	0.04662655612752553	0.0	0.0	0.0	0.026625044287127385	0.0	0.3049000807325852	0.02351140340340896	0.10804561986290329	0.11299785946650644
ENSMUSG00000007050	0.0269584807158242	0.0	0.0	0.0	0.0	0.0	0.21950040517088082	0.06971128218589621	0.032530774869692004	0.0	0.0	-0.048700847754374	0.023958008628123677	0.0	0.0	0.0	0.012723594812860891	0.0	0.6447140629851789	0.0	0.14169464773065304	0.3113990893868006
ENSMUSG00000072259	0.019774046731910036	0.0	0.0	0.0	0.0	0.0	0.09181636725291352	0.0	0.017693814358004913	0.023445378467487517	0.0	0.026366759352680673	0.0	0.013337529293863894	0.0	0.0	0.023101450027088757	0.0	0.05647525554053856	-0.04136992196759995	0.0	-0.11143506741365021
ENSMUSG00000095174	0.03827868295168687	0.010406963842806094	0.0	0.0	0.0	0.0	0.06709980137014025	0.0	0.018318838237920427	0.0	0.0	0.015140844826326327	0.032057222663692445	0.0	0.01760621054212354	0.0	0.029616428569424706	0.0	0.06683903650310702	0.0	0.025538477198933495	0.0
ENSMUSG00000034919	0.03789881058162037	0.01369683198251205	0.024665627637809894	0.0	0.0	0.0	0.03365102743104062	0.0	0.014515478340473922	0.0	0.0	-0.040986003899404946	0.020024345768429885	0.0	0.019405759114412505	0.0	0.032367886952442276	0.0	-0.0892766047087449	0.0	0.0	0.0
ENSMUSG00000032717	0.029529842627241256	0.0	0.010149330517244426	0.0	0.0	0.0	0.15535272613917947	0.0	0.03162287454462858	0.0	0.0	0.0	0.0406228406662637	0.0	0.015433871390614567	0.0	0.020952355994291284	0.0	0.5301738088983422	0.0	0.08688166570102086	0.04283084404546549
ENSMUSG00000072419	0.026564648251346978	0.0	0.0076427741967167	0.0	0.0	0.0	0.17738968382359407	0.0	0.03320430216399904	0.0	0.0	0.0	0.043982947195733486	0.0	0.006562055884288931	0.0	0.012356004225210864	0.0	0.6459725117527384	0.0	0.1328054407833324	0.062119266486679786
ENSMUSG00000031461	0.04573948133874775	0.0	0.03673183244114955	0.0	0.0	0.0	0.03722404629431332	0.0	0.02895359649447199	0.0	0.0	0.0	0.0	0.0	0.028335286678311897	0.0	0.04452023279792281	0.014302737640288964	-0.03079524227774974	-0.047105712543007765	0.0	-0.12998142795384277
ENSMUSG00000020429	0.046018201943628434	0.022083150776172684	0.0	0.0	0.0	0.0	-0.03167198301007409	-0.025061978073607036	0.026556428855972907	0.0	0.0	0.0	0.048870326472579315	0.0	0.0	0.0	0.0	0.0	-0.12146289852887801	-0.04615858349600093	0.026833923264768248	-0.06512260125757852
ENSMUSG00000004996	0.03766423708102623	0.0	0.015278049938422399	0.0	0.0	0.0	0.12464305567821013	0.017835249408560752	0.021713115163588686	0.0	0.0	0.0	0.0	0.0	0.0	0.0	0.024351690506382993	0.0	0.33008942590664997	0.012086269514589798	0.062124797971718555	0.1350301375420929
ENSMUSG00000115610	0.0	0.024734995856373038	0.0	0.0	0.06186490617832531	0.0	-0.02249638712915476	-0.056949145307963786	-0.03953763028524316	0.0	0.0	0.0	-0.04998533399563632	0.0	0.0	-0.026309992055752022	0.0	0.0	-0.015195661092822103	0.0	-0.00882523281302678	-0.026914714585660107
ENSMUSG00000002731	0.023782820921301684	0.0	0.0	0.0	-0.019718889272325613	0.0	-0.06801423322076333	0.05205022908683933	0.01816676241704333	0.0	0.0	-0.021160324114984697	0.0	0.0	0.020385229483620763	0.0	0.016613966483567544	0.0	-0.06532343785094241	0.0	0.0	0.15606481950175885
ENSMUSG00000112202	0.03676223529228382	0.0	0.03526252533083163	0.0	0.0	0.0	-0.04078453407605097	0.0	0.0	0.018013241058841695	0.0	0.03683844552347538	0.02346568622270369	0.0	0.0	0.0	0.053319214423685014	0.0	-0.1929758217229102	-0.04123271881383796	0.0	-0.09629971042438623
ENSMUSG00000086092	0.028371638451436833	0.02313981711036482	0.0	0.0	0.0	0.0	-0.06537718843385085	0.0	0.015539545097273233	0.0	0.0	0.031389463468742634	0.0	0.0	0.022870865729547087	0.0	0.027188686918614518	0.0	-0.10583642090130964	-0.030313169962442543	0.0	-0.12097325214405638
ENSMUSG00000107473	0.0	0.0	-0.08908414367303627	0.0	-0.019543980838020687	0.0	-0.11138638569735719	-0.013956226174045905	-0.018692185357172805	0.0	0.0	0.0	0.0	0.0	-0.05485747222940428	0.0	-0.019144421033616812	0.0	-0.1392027511285062	-0.025831706720543374	0.0	-0.06591337456544169
ENSMUSG00000085449	0.0	0.0	0.0	0.0	0.014725409696095924	0.0	-0.08950407621627196	0.0	0.0	0.0	0.017418524993977412	0.017227840513689436	0.0	0.0	0.0	0.0	0.013700326678774022	0.01837816640613135	-0.22344557946572102	-0.04389973282848401	-0.03903429036078253	-0.12202203769019024
ENSMUSG00000102718	0.0	-0.027995310218999224	-0.05468190693450059	0.0	0.03294156001208357	0.0	-0.10218089826546325	0.0	0.0311054892112978	0.0	0.0	0.0	0.0	0.0	-0.03300458812213583	0.037159594791026644	0.03017654408793638	0.0	-0.08323231841015709	0.0	0.0	-0.051005824554561735
ENSMUSG00000103613	0.08029413136150869	0.0	0.04133603537807958	0.0	0.0	0.0	0.0	-0.027970595754055673	0.06294689137687363	0.0	0.022801459675243524	0.0	0.0	0.01057924084259998	0.012753076054488803	0.0	0.0653845088645292	0.0	-0.04829103172856821	0.0	0.0	-0.06435814909041426
ENSMUSG00000078808	-0.0010727110117471073	0.0	0.0	-0.004620649766571397	-0.0058738610756270525	0.0	-0.08482332401227038	0.0	0.0	-0.012991811975514442	0.0	0.0	0.0	0.0	-0.006258022888516169	0.0	0.0	0.0	-0.23797660870778395	-0.04102057693519515	-0.011976179693833246	-0.1104147543736152
ENSMUSG00000012819	0.03708583182982901	0.024934262029461203	0.030981290978689836	0.0	0.0	0.0	0.04381857777656253	0.0	0.028443045662667605	0.026118970558766382	0.0	0.0	0.0	0.0	0.0	-0.029564882145515108	0.04879272892409113	0.0	-0.14173995184747307	0.0	0.0	-0.05525700468613582
ENSMUSG00000029281	0.0	0.0	-0.013029794087995315	0.0	0.0	-0.0031137180774696294	-0.0978274967719305	-0.04764823377118601	-0.023801655799110682	0.0	0.0	0.0	0.0	0.0	-0.026248163699515933	0.02905361993175644	0.0	0.0	-0.07962369684937294	-0.04519018112364392	0.0	-0.09675587531969283
ENSMUSG00000032103	0.01421142005812396	0.0	0.007259602764621459	0.0	0.0	0.0	0.14774151846052289	0.05696026509707049	0.0	0.0	0.0062741501873615	0.0	0.0	0.0	0.0	0.0	0.010957430259778883	0.003754919697351644	0.5997653280274188	0.0	0.07417688379615137	0.18621927730391186
ENSMUSG00000040502	0.043214142869585276	0.009447182262346095	0.011758375675293064	0.0	-0.038136032676118536	0.0	0.13755859649553723	0.0	0.02975988573189108	0.0	0.0	0.0	0.0	0.0	0.0	0.0	0.021759294800970427	0.0	0.1331533205769444	0.0	0.10079392094231573	0.12653221385864957
ENSMUSG00000043385	0.05219874908977933	0.0	-0.015516500000089733	0.0	0.0	0.0	-0.09722191442847432	-0.021100997614032328	0.0	0.0	0.0	0.0	0.04462657842827142	0.0	-0.025064354954184995	0.0	-0.019516589126641087	0.0	-0.03317743970153234	-0.039996591406158924	0.0	-0.0861830940917927
ENSMUSG00000106537	0.07026200004412042	0.0	0.08885593688008997	0.0	0.0	0.0	-0.022306846190077986	0.0	-0.0192551914568776	0.0	0.03071410088132958	0.0	0.0	0.0	0.0	0.0	0.026200813904046966	0.0	-0.15469553990821625	-0.04342191882978596	-0.032730984999793225	-0.09511579033261826
ENSMUSG00000105991	0.0	0.011501967233195742	0.0	0.0	0.0	0.0	0.07278776027114502	0.03655606939229518	0.0382851700776919	0.0	0.014586147469464916	0.0	0.02999984035958648	0.0	0.0	0.0	0.0	0.0	0.8097654242596992	-0.15707460924241395	0.1058811461158222	0.1339026196526548
ENSMUSG00000038280	0.03101999182028536	0.0	0.00964632856573667	0.0	0.0	0.0	0.0825068360727181	-0.054134877033957696	0.01600155036310377	0.0	0.0	0.0	0.02199104316819015	0.0	0.009626164476026449	0.0	0.02787899601008815	0.0	0.08895048756915958	0.0	0.027225606075212273	0.0
ENSMUSG00000120208	0.033521506753763225	0.0	0.01853919671934743	0.0	0.0	0.0	-0.0973954907340631	-0.03406806966685672	0.0	0.0	0.012377822579205888	0.0	0.0	0.0	0.0	-0.00993771680569073	0.0	-0.007227142017856459	-0.14608319529621872	-0.055853305762927914	0.0	-0.10268300835667017
ENSMUSG00000092365	0.05298502077921464	0.014196491431823225	0.014244540622185484	0.0	0.0	0.0	0.0	0.0	0.04004217138780053	0.0	0.0	0.0	0.009910889458256078	0.0	0.018024132759199212	0.0	0.02047880799490443	0.0	0.08168713333969083	0.0	0.06315011133554235	0.032175839509775817
ENSMUSG00000037625	0.031076133429696704	0.0	0.035725967076790995	0.0	0.0	0.0	0.05380669927492513	-0.045570468792968555	0.03322660531444185	0.0	0.0	0.0	0.0	0.0	0.0	-0.032471996600241915	0.05175550192675196	0.0	-0.11064567457960608	-0.034460941422797674	0.0	-0.09325048601792292
ENSMUSG00000085077	0.0	-0.011204426423029679	-0.031246238725752825	0.0	0.0	0.0	-0.08540268181152282	-0.019944566909216217	-0.011154811916068208	0.0	0.0	0.0	0.0	0.0	0.0	-0.013882807101184887	0.0	0.0	-0.015998979619104743	-0.018752794579439885	-0.0175239190280234	-0.10181758794313046
ENSMUSG00000047342	0.024321647193674564	0.014718484323690537	0.01585415175570365	0.0	0.0	0.0	0.03438428418125094	0.0	0.028624104941284804	0.0	0.0	0.0	0.034168840991251115	0.0	0.0	0.0	0.024018643433648366	0.0	0.05025351391549258	0.0	0.029095573915826085	0.11338760182560924
ENSMUSG00000112904	0.0	-0.01126452485752596	-0.009016168590823504	-0.006868961293856677	0.0	0.0	0.0	-0.016065131952149987	-0.014296141825571195	0.0	0.0	0.04080514191431739	0.0	0.0	-0.011141455233969417	0.0	0.0	0.0	-0.1257393202351983	-0.045032133879338104	0.0	-0.09910908737115623
ENSMUSG00000036894	-0.2306867812842683	0.0	-0.02548679020021072	0.0	0.0	0.0	-0.18131953086308902	-0.0873008434833596	0.0	0.0	0.0	0.0	-0.1719153557388574	0.0	-0.07982360200575055	0.0	0.0	-0.02891673919515167	-0.4568168604728598	0.0	-0.07443544452820111	-0.25358262805115883
ENSMUSG00000110695	0.030288137419921052	0.0	0.029594724529934356	0.0	0.0	0.0	0.0	0.0	0.033335460093994004	0.0	0.0	0.013365668509136567	0.025339672402920087	0.0	0.02493868801093865	-0.030116501188221317	0.01967749638753083	0.0	-0.05738775413303784	0.0	0.0	-0.049065712945268104
ENSMUSG00000091585	-0.1038295809214431	0.0	0.0	0.0	0.0	0.0	-0.16519644300095784	0.0	-0.06841099091741484	0.0	0.0	0.0	-0.04985076643457684	0.0	-0.07428650438858844	0.0	-0.09442670703160193	-0.04124649992874829	-0.39128508811948975	0.0	-0.08586312925221823	-0.1604530175917834
ENSMUSG00000100402	-0.011654539815961982	-0.006720730436735159	0.0	0.0	0.0	0.0	-0.04933873155800655	0.0	0.03843818201988619	-0.008130009178608065	0.0	0.0	0.0	0.0	-0.02115055124148786	0.0	0.0	0.0	-0.1972882618608441	-0.03807314100310569	-0.018830795653524406	-0.11706437891901256
ENSMUSG00000121090	0.018525137812964467	0.0	0.0	0.0	0.0	0.0	0.0	0.04925255396260343	0.0	0.0	0.0	-0.037640382696212	-0.0745854011422314	0.0	0.0	0.0	0.01798865902211203	0.010639001162461734	0.15627508323600317	-0.02488426840454383	0.019249832261118652	0.2065784214815089
ENSMUSG00000053477	0.017787192125160722	0.012627343394257619	0.01298309603973166	0.0	0.0	0.0	0.061427240894401915	0.0	0.008504556160308485	0.0	0.0	0.0	0.029394057922944423	0.0	0.015542741349411207	0.0	0.014549286974996127	0.0	0.0	0.010859988899750653	0.0	0.189185265865578
ENSMUSG00000048240	0.03456547629711998	0.010291328899782015	0.013426663904306652	0.0	0.0	0.0	0.0912806491299438	0.0	0.03213116837715705	0.0	0.0	0.0	0.011845435282428927	0.0	0.012299044450099963	0.0	0.027942778544154237	0.0	0.16959225615705517	0.0	0.06684657954640713	0.0
ENSMUSG00000097807	-0.33535073413172367	-0.15302443200819482	-0.18871116203478996	0.0	0.0	0.0	-0.26267507463777134	0.0	-0.24837716963534115	0.0	0.0	0.0	-0.21273890872544582	0.0	0.0	0.0	-0.29906663327972155	0.0	-1.001876035312795	0.0	-0.3640353043563276	-0.26683990070012475
ENSMUSG00000006344	0.04164240653022922	0.017289365029717254	0.025496477939916794	0.0	0.0	0.0	0.067815589457294	0.0	0.02482807876963611	0.0	0.0	0.015727226953616204	0.014016354988985291	0.0	0.0	0.0	0.03767421020687458	0.0	0.04648852334784934	0.0	0.01529842614241222	0.0
ENSMUSG00000045291	0.04634152724498947	0.0	0.015183662989382948	0.0	0.0	0.0	0.0690543031228917	0.0	0.01697650424515788	0.0	0.0	0.0	0.019459599855578744	0.0	0.027427352995047692	0.0	0.03454267348791619	0.011598004598670206	0.0	-0.07546578160987538	0.0	-0.11017998984127027
ENSMUSG00000040037	0.0	0.0	0.0	0.0	0.0	0.0	-0.06926684851425804	0.03687720698075698	-0.00869061198628883	0.012158591773069077	0.0	-0.05632424843296138	0.0	0.0	-0.007196346952152507	0.0	0.0	0.0	-0.15901424847870957	-0.008346508983180095	-0.010237016190256883	0.021667962971938657
ENSMUSG00000110229	0.04729320648318004	0.017329442220789554	0.03117449478810518	0.0	0.0	0.0	-0.03910792550805445	0.0	0.03953622404542191	0.0	0.0	0.0	0.0	0.0	0.02472963228159422	0.0	0.020572528362961532	0.0	-0.11300622440929382	-0.04735621435725283	0.0	-0.10041220287084585
ENSMUSG00000099541	-0.3517868772061558	-0.19764342486173028	-0.18691368225406907	0.0	0.0	0.0	-0.29497548872177176	0.0	-0.1815786865879243	0.0	0.0	0.0	-0.2107443831819783	0.0	0.0	0.0	-0.33610955783378543	0.0	-0.9779228468183766	0.0	-0.3721602912042223	-0.22286011615222154
ENSMUSG00000015837	0.028546064515253836	0.0	0.0	0.0	0.0	0.0	0.13298626644894695	0.05669911050906171	0.03513703926472635	0.009479753989143802	0.0	0.0	0.05220370872466338	0.0	0.0	0.0	0.0	0.0	0.9928887179739844	-0.15863143184348844	0.07368812551567887	0.2556236610438439
ENSMUSG00000104060	0.07083831561658763	0.016859803164132353	0.02368178722354381	0.0	0.0	0.0	-0.04851065553848385	0.0	0.05972213893796819	0.0	0.0	0.0	0.0	0.0	0.0	0.0	0.08316130256327649	0.01375719247950502	0.0	-0.032985775657331774	0.02560267267599367	-0.03557650220844753
ENSMUSG00000105809	0.06020504041573767	0.0	0.037896402634190036	0.0	0.0	0.0	-0.11261274681862447	-0.027631854984060733	0.034629672548722144	0.0	0.0	0.0	0.0	0.0	-0.017715239210996343	-0.015085178305520003	0.0	0.0	-0.09472779926565511	-0.021959512132646353	0.0	-0.09356749246941928
ENSMUSG00000075187	-0.03889009534590677	0.0	-0.024629380695482685	-0.007164349421198035	0.0	0.0	-0.10991634925564256	-0.04203160560801644	-0.060754362081939746	-0.044824570263038016	0.0	0.0	0.0	0.0	0.0	0.0	0.0	0.0	-0.08641759106667256	-0.028944834163164027	0.0	-0.05633023283990637
ENSMUSG00000110576	0.0	-0.003876960617300939	-0.013966702210001852	0.0	0.0	0.0	-0.07785036241296579	0.0	0.0	-0.02221005803001365	0.01958508561623029	0.0	0.0	0.0	-0.016505758197422955	0.0	0.0	0.0	-0.15005823256596587	-0.039572083367263026	-0.014945089914738117	-0.14082040350334774
ENSMUSG00000030651	0.039671106042439425	0.0	0.03986678232957152	0.0	0.0	0.0	-0.034065874734059906	0.0	0.03956531925921183	0.0	0.0	0.0	0.025981009080842093	0.0	0.0	0.0	0.056284155786527665	0.02042230394577528	-0.03355663157663842	-0.053616899761069654	0.0	-0.09968950746445619
ENSMUSG00000028238	0.0	-0.004402069541854164	-0.0036747019082295973	0.0	0.0	0.0	-0.07283355111595567	0.0	-0.003912267007788947	0.0	0.0	0.0	0.0	0.0	-0.00827612456660227	-0.003026717957449354	0.0	0.0	-0.1651256497966188	-0.044751175583409485	-0.008738894955344802	-0.11046040246413184
ENSMUSG00000098230	0.03231344461945443	0.0	0.038124059093253754	0.0	0.02248675748517648	0.0	-0.03474063091143427	-0.05117406956835584	0.022875686900076433	0.0	0.0	0.0	0.023857139240176062	0.0	0.0	0.0	0.03419155094231883	0.0	-0.21686347979850476	0.0	0.0	-0.04123115868392419
ENSMUSG00000002028	0.040005842275916144	0.0	0.0	0.0	0.0	0.0	0.06771142141221632	0.10875723185013184	0.026071501114051515	0.0	0.0	0.0	0.036391480122744554	0.0	0.030477649453470097	0.02316104910125516	0.0	0.0	0.05731319726969101	0.0	0.03755973830788809	0.34873778267204175
ENSMUSG00000112630	0.03871872002076821	0.029826127885257896	0.0	0.0	0.0	0.0	-0.04389800470267826	0.0	0.03206240292841109	0.0	0.0	0.021680137409944955	0.02755235185291936	0.0	0.0	-0.029131822630083775	0.05184245360123381	0.0	-0.10922663457513881	0.0	0.0	-0.06393091549031897
ENSMUSG00000082919	0.035703104020618735	0.0	0.0	-0.008640020841227381	0.017407764429701045	0.0	-0.1243321466478428	0.0	0.0	0.0	0.0	0.0	-0.03487176408836295	0.0	0.0	0.0	-0.06480404617230721	0.0	-0.16590087821356228	-0.033719082641185505	-0.0273575074260717	-0.12517136066179524
ENSMUSG00000009828	0.0384475673655714	0.0	0.0	0.0	0.0	0.0	0.11266591449166363	0.02507373561699087	0.03319658233888583	0.0	0.0	0.0	0.04455227710899477	0.0	0.0287217817319243	0.0	0.028624885822228465	0.0	0.19053100588974606	0.0	0.05094176349040536	0.17427483313028333
ENSMUSG00000085391	0.03700014606849971	0.0	0.038563476068172495	0.0	0.026208645449676993	0.0	-0.03637159388873246	0.0	0.0	0.0	0.0	0.0	0.0	0.0	0.02759629028275239	0.0	0.03272233944188995	0.0	-0.19887661973584506	-0.05286008670146895	-0.027134115852321904	-0.1328953932096499
ENSMUSG00000039512	0.040107750180706295	0.0	0.02079757704958951	0.0	0.0	0.0	0.05404364136938256	0.026212345504954535	0.03156043592969075	0.0	0.0	0.0	0.02831213247195606	0.0	0.02327053688525147	0.0	0.029517666158793945	0.0	0.10328285635052335	0.0	0.0	0.17201873213128618
ENSMUSG00000086338	-0.03780706943303772	0.0	-0.028351171506299896	0.0	0.0	0.0	-0.1465396313508852	-0.0541448453266487	-0.04719298005809948	0.0	0.0	0.0	0.0	0.0	-0.07262429817318743	0.0	-0.025215750861923958	0.0	-0.10192456419146373	-0.036398636507184605	0.0	-0.037283137226126806
ENSMUSG00000067786	0.03993212430928611	0.01633856283933737	0.01698555699175608	0.0	0.0	0.0	0.1011909193944314	0.0	0.014662917821642397	0.005710613761756312	0.0	0.0	0.0	0.0029589221418944156	0.0	0.0	0.03826408459568566	0.0	0.48764832470933883	0.0	0.05347470776974056	0.0
ENSMUSG00000040205	0.02637133900564241	0.016405200298953846	0.02306397147123621	0.0	0.0	0.0	-0.02510385832383587	0.0	0.0	0.0	0.016139983506392643	0.0	0.0	0.0	0.0	0.0	0.014029396028292831	0.0	-0.13377363143551538	-0.020461134849389814	-0.014570051882263235	-0.08814303565987654
ENSMUSG00000108539	0.049593579401943526	0.019964450036213253	0.0	0.0	0.020945624920057852	0.0	0.0	0.0	0.0	0.02089976232431504	0.0	0.0	0.016664916904115368	0.0	0.0	0.0	0.03018606972483206	0.016554935888847953	-0.25113738995288015	-0.05362125141161468	0.0	-0.09208913556288141
ENSMUSG00000028750	0.0420829786538257	0.020577911306004837	0.02780112804878439	0.0	0.0	0.0	0.0	0.0	0.022658522782588345	0.0	0.0	0.0	0.025294728876012487	0.0	0.025932644029437207	0.0	0.03295586008143148	0.0	0.10428355640181483	0.0	0.020230425079408913	0.045087020238051716
ENSMUSG00000046573	0.023326053059897312	0.0	0.016733767572037917	0.0	0.0	0.0	-0.0573287684660187	0.11525346593221386	0.0	0.0	0.0	-0.04317406492835661	0.0	0.0	0.0	0.0	0.020784589451061358	0.018011194385910062	-0.048092154659961965	-0.06686757992794681	0.0	0.2772760636344775
ENSMUSG00000026650	0.031939889472370836	0.0	0.0	0.0	0.0	0.0	0.09885257891103451	0.0	0.011326247993637238	0.0	0.00187862980975817	0.004889312528414815	0.030113022742585278	0.0	0.01254392643200272	0.0	0.0	0.005668894310405995	0.18022011615056133	0.0	0.04060644545759376	0.0
ENSMUSG00000110594	-0.33729265255643265	-0.19366102847731886	0.0	0.0	0.0	0.0	-0.276711546443969	0.0	-0.21354282753116322	0.0	0.0	0.0	-0.2216643390441723	0.0	0.0	0.0	-0.32356252992273477	-0.15389131907800957	-0.9811608133170203	0.0	-0.3707581576458817	-0.2604501408055329
ENSMUSG00000032020	0.02876460794739431	0.020585612218865828	0.02538606011304796	0.0	0.0	0.0	0.0	-0.027494290233929995	0.018706280739219032	0.0147603709151689	0.0	-0.022830962440717806	0.0	0.0	0.0	-0.028972484172486157	0.03190812640148349	0.0	-0.2258722818095486	0.0	0.0	0.0
ENSMUSG00000094638	0.030897134623474737	0.0	0.019142667975687724	0.0	0.0	0.0	0.10863271801631026	0.0	0.02702275270916194	0.0029521166149764078	0.0	0.0	0.010356104433984529	0.0	0.020752571251356624	0.0	0.0359696796054068	0.0	0.3234909385389841	0.0	0.044142470094487095	0.0
ENSMUSG00000031948	0.04285244099747653	0.0	0.015698472851501055	0.0	0.0	0.0	0.1054414564834316	0.06022268470605278	0.031124899367032003	0.0	0.0	0.0	0.0	0.0	0.027821102776146193	0.0	0.02521870275892922	0.0	0.29720193931197914	0.0	0.038765851603474406	0.20438308299590535
ENSMUSG00000029248	0.03892933239472034	0.005879744587314217	0.01599265574328521	0.0	0.0	0.0	0.0	0.0	0.02520469628030764	0.005854803448740795	0.0	0.0	0.01960189146821572	0.0	0.014954657952293145	0.0	0.02597466675086626	0.0	0.0	0.0	0.014704455665352216	0.006275523527126156
ENSMUSG00000090935	0.006629275002292791	0.008321903661748158	0.0	0.0	0.0	0.0	0.03358315562268366	0.04426386903949361	0.0	0.0	0.007906758184297515	0.0	0.006232614885506713	0.0	0.0	0.008268423530190923	0.014650834343368743	0.003884149897939587	0.0	0.0	0.0	0.09371431413409843
ENSMUSG00000121205	0.033205858157603615	0.01916308156750277	0.024366749627201763	0.0	0.0	0.0	0.0	-0.06372487695749252	0.029973057432171157	0.0	0.0	0.0	0.01155147373519647	0.0	0.021555073529949887	-0.04465293027000583	0.019374014406099434	0.0	-0.04486741789814898	0.0	0.0	0.0
ENSMUSG00000020330	0.03267596024370357	0.0	0.0	0.0	0.0	0.0	0.047974540161148674	0.12470715592940408	0.0	0.0	0.0	0.0	0.031407842957464585	0.0	0.023648229115263042	0.0	0.0182978087489728	0.0	0.2990701841166048	-0.11818054163852965	0.03750631215865564	0.2810366991118532
ENSMUSG00000008496	0.025647116675754724	0.0064265920486540895	0.01790344515380366	0.0	0.0	0.0	0.09026464601504278	0.0	0.018408569783425918	0.0	0.0	0.0	0.018141670119778887	0.0	0.011043145453319912	0.0	0.03047117912822104	0.0	0.015958443997938974	0.0	0.02519731990271572	0.0
ENSMUSG00000026111	0.010586612886748892	0.008641403487873189	0.014597684871851842	0.0	0.0	0.0	0.0	0.07741716252333719	0.0	0.0	0.0	-0.06167258697758119	0.0	0.0	0.0	0.0	0.01961253746585992	0.011985556209160243	0.25786883766512264	-0.05172232357479978	0.0	0.2446580107041149
ENSMUSG00000020108	0.04495586683914237	0.0	0.0	0.0	0.0	0.0	0.258340711359811	0.03573102085741535	0.031926837765578954	0.0	0.0074611055176581065	0.0	0.04429610198217861	0.0	0.0	0.0	0.0	0.008490059098445942	0.7624902269626421	0.0	0.10478638279621773	0.1545546673792283
ENSMUSG00000100681	0.0	0.02304069371388079	0.0	0.0	0.02737207309730953	0.0	-0.05860775136232543	0.0	0.0	0.0	0.0	0.032753190640280094	0.0	0.0	0.026575009102118685	0.0	0.05337919166892422	0.0	-0.1792791495882861	-0.03942297714605573	-0.03863374374646973	-0.09776175445425155
ENSMUSG00000063362	0.035128880435278266	0.0	0.019071592044266904	0.0	0.0	0.0	0.034664846888754236	0.07428334955314254	0.024816549045390737	0.0	0.0	0.0	0.0	0.0	0.02288187495704281	0.013916821633875531	0.0	0.0	0.34868415011498455	0.0	0.04265955808685542	0.17132452152171962
ENSMUSG00000070306	0.04626743647763015	0.00993309843403708	0.01915210066141434	0.0	0.0	0.0	0.01155266729377303	0.0	0.047701198404476466	0.012630570726070003	0.0	0.0	0.0	0.0	0.009368751900193312	0.0	0.02174239670889094	0.0	-0.0991154447916796	0.0	0.0	-0.040534450064531435
ENSMUSG00000034684	0.02922070686775005	0.0	0.022416679820657863	0.0	0.0	0.0	0.11690257974661172	0.0	0.03192542593786721	0.0	0.0	0.0	0.020548325706997793	0.0	0.01589720120526744	0.0	0.0322087421563026	0.0	0.058271366731293225	0.0	0.032471228009569565	0.07196562693909642
ENSMUSG00000107266	0.0	0.0	0.01065448127731339	0.0	0.0	0.0	0.0	0.0	0.01209551160470179	0.0	0.0	0.016006656976235923	0.01050009862316917	0.0	0.019734228133574897	0.0	0.031201139226732795	0.006355929665767757	0.203648448994726	0.0	0.02722542245584203	-0.10559297883443743
ENSMUSG00000087225	0.04519143879030576	0.015309477229535405	0.021357470522650596	0.0	0.0	0.0	-0.08066964835587566	0.0	0.0	0.0161001178158099	0.0	0.0	0.0	0.0	0.014378248172494867	0.0	0.0	0.010853536971221822	-0.11578036476549955	-0.056734739568492676	0.0	-0.0845317031349352
ENSMUSG00000116324	0.0	0.0	0.0	0.0	0.0	-0.005828809117511602	-0.06818755833062937	-0.03847709751667697	0.0	0.0	0.0	0.0	0.0	0.0	-0.011166103377109972	-0.00909498773032571	0.0	-0.012601682173103687	-0.2869867190742326	-0.04341285557380093	-0.02968477055037905	-0.13277041831297484
ENSMUSG00000090482	-0.2982881133517092	-0.18423682182130324	-0.17136056868517624	0.0	0.0	0.0	-0.281850559420587	0.0	-0.24163468954296216	0.0	0.0	0.0	-0.24062172662294018	0.0	0.0	0.0	-0.2855577402286207	0.0	-0.9837819660330478	0.0	-0.3753368661765154	-0.27002630293937374
ENSMUSG00000104256	0.0	0.0	0.036292691410757846	0.0	0.031849801251421984	0.0	-0.05493528811935421	0.0	0.0	0.0	0.0	0.03179182925695412	-0.022475636954889286	0.0	0.0	0.0	0.04089847191779025	0.0	-0.15881619748600354	-0.032480820038301085	-0.03734499109242502	-0.09158270693824871
ENSMUSG00000030282	0.0302308162648304	0.0	0.025065613073453265	0.0	0.0	0.0	0.06449715086049489	0.0	0.03536439365511619	0.0	0.0	0.0	0.027087344572642235	0.0	0.021903410457797673	0.0	0.025247363011813406	0.0	0.4430975495676721	0.0	0.032080291450433465	0.13632584270708398
ENSMUSG00000017999	0.04303269050979743	0.0	0.0	0.0	0.0	0.0	0.07687810480911404	0.06445187158691033	0.025063509201597427	0.0	0.0	0.0	0.03781277756405578	0.0	0.02367588798861702	0.0	0.01738956679280934	0.0	0.21746306418976133	0.0	0.04993929931086285	0.26490906621358845
ENSMUSG00000031210	-0.10947189294048337	0.0	-0.10850722093438354	0.0	0.0	0.0	-0.20231390670332547	0.0	-0.07792731620778093	0.0	0.0	0.0	-0.11579756798688198	0.0	-0.07252772625520826	0.0	-0.10626306218731345	0.0	-0.10578403308634408	0.0	-0.09039562794047523	-0.11783269580861595
ENSMUSG00000020788	0.0377707438598759	0.020790532755329726	0.030071009122829815	0.0	0.0	0.0	0.027713831230604277	0.0	0.03240029092133602	0.0	0.0	0.0	0.0319379017097087	0.0	0.021020106465345634	0.0	0.03576107297075487	0.0	0.06353154025810333	0.0	0.0	0.056718647130061584
ENSMUSG00000066964	0.024625409540997463	0.023755740563375614	0.0157635859928191	0.0	0.0	0.0	0.028827134790968583	0.0	0.0367949375437234	0.0067376398799264825	0.0	0.0	0.01936323933187563	0.0	0.0	0.0	0.036915300757370824	0.0	0.02263627760516206	0.0	0.0	0.06266836009042967
ENSMUSG00000102329	0.05247414172363251	0.0	0.030764342837716372	0.0	0.0	0.0	0.0	0.0	0.017754961467008612	0.02140091251769235	0.0	0.020163404112195835	0.0	0.0	0.0	0.0	0.041585199286882236	0.016318909103985358	-0.18726755883056032	-0.034014940154005205	0.0	-0.10406958508018077
ENSMUSG00000030851	0.046238306090802046	0.0	0.03683512205107451	0.0	0.0	0.0	-0.02671352686364241	-0.025032660489470407	0.026646858361677694	0.0	0.0	0.0	0.0	0.0	0.018682067683283694	-0.02368424720774404	0.04502825570624806	0.0	0.03114861209035335	0.0	0.0	-0.06076725171661594
ENSMUSG00000119972	-0.03252173899497636	0.0	-0.03854655475565283	0.0	0.0	0.0	-0.15187096950638437	-0.04298887482767523	-0.018198931753265812	0.0	0.0	0.0	0.0	0.0	-0.055977579584335656	0.0	-0.02621415211785285	0.0	-0.19783250975472202	-0.040515616169255156	0.0	-0.14287097334429072
ENSMUSG00000114988	0.0	0.0	0.0	0.0	0.0	0.0	-0.037130912929196944	0.0	0.025034696103659448	0.0	0.0	0.01981408573770021	0.028153143293989526	0.0	0.03342095376454501	0.0	0.0	0.012847642477004925	-0.16176914415991242	-0.0403705549615545	0.01368728722706078	-0.10670408386340076
ENSMUSG00000115586	-0.07553961780842479	0.0	0.0	0.0	0.0	0.0	-0.11565047172243757	-0.04065220733070591	-0.04029675811624361	0.0	0.0	0.0	-0.07612355493663044	0.0	-0.048060343614010036	0.0	-0.06820603756533969	0.0	-0.11927570405312417	-0.03375643938605899	0.0	-0.07338483827021734
ENSMUSG00000028409	0.04987132708566837	0.0	0.0	0.0	0.0	0.0	0.027289407967863475	0.06924985553648814	0.030356873781412722	0.0	0.0	0.0	0.020939828819602064	0.0	0.013066410927026827	0.0	0.023618929887060353	0.0	0.28770182444078857	0.0	0.014018754550785495	0.332801043692299
ENSMUSG00000020741	-0.012559782040448999	-0.02472221936472668	0.0	0.0	0.037641106330908725	0.0	-0.017810473459321654	-0.05084029111456238	0.0	0.0	0.0	0.0	0.0	0.0	0.0	-0.03271362400449417	0.0	0.0	-0.02245078801833987	-0.005678115917216498	-0.03059638839492134	-0.050361481605531014
ENSMUSG00000032484	0.06598042522366758	0.0	0.023838469053343768	0.0	0.015706174837386618	0.0	0.0	0.0	0.0	0.01817957605435338	0.0	0.010719132166604202	0.02543718061432969	0.0	0.026929301842112213	0.0	0.08974462923335644	0.006109879580554339	0.0	0.0	0.0	-0.04276616360052059
ENSMUSG00000040489	0.014780187775994163	0.011083162031509886	0.008154394834510165	0.0	0.0	0.0	0.04987083714992754	0.0	0.0	0.006063797431866913	0.0	0.0	0.024641437056951317	0.0	0.016670820854052103	0.0	0.027899850609794552	0.0	0.0	0.0	0.027063883093190997	0.08358323973875532
ENSMUSG00000069259	-0.03382137964957182	0.0	-0.020826558701281916	0.0	0.0	0.0	-0.10028380930247462	0.0	-0.027446879196508678	0.0	0.0	0.0	-0.018614906347884985	0.0	-0.018300094483312813	0.0	-0.034754170815516856	0.0	-0.22244054823087775	-0.036940802151462365	0.0	-0.1202182232506251
ENSMUSG00000116461	0.044488195312433004	0.0	0.0	0.0	0.0	0.0	0.11948178037072658	0.053466267871707655	0.04134134199667609	0.0	0.0	0.0	0.042874008391852146	0.0	0.024556298259331033	0.0	0.023492862296658517	0.0	0.24296066187087256	0.0	0.04717947441096969	0.2155382835675274
ENSMUSG00000059588	0.0	0.0	-0.0014059948821542045	0.0	-0.004688179825488788	0.0	-0.06193937308341244	-0.05427444616664401	-0.0019334197376424534	0.0	0.0	0.0	0.0	0.0	0.0	-0.02860731846915982	-0.004092319884698562	0.0	-0.09300111689337613	-0.023252740279080805	0.0	-0.0320850806198806
ENSMUSG00000070686	-0.05652907534355032	0.0	0.0	0.0	0.0	0.0	0.0	-0.021193499374617453	-0.05252925374541299	-0.03222029439726219	0.0	0.0	-0.034612199472146436	0.0	-0.02960047860509113	0.0	0.0	-0.070650811151972	-0.37517233074026396	0.0	-0.05117495877204586	-0.19638529267070948
ENSMUSG00000102001	-0.027183678076787957	0.0	-0.00705054373385977	0.0	0.0	0.0	-0.10756097413926538	0.0	-0.0040068299413328345	0.0	0.01853422797548407	0.03161256301038171	0.0	0.0	-0.01934481499714293	0.0	0.0	0.0	-0.20884898455243114	-0.025850543887705364	0.0	-0.06889664942536138
ENSMUSG00000113450	0.012032686720588558	0.010430948840427334	0.0	0.0	0.0	0.0	0.011485503737002984	0.024832637790966696	0.03489773400984464	0.0	0.0	0.0	0.019413090984898015	0.0	0.0	0.0	0.020237656098778263	0.0	0.14553243331072943	0.0	0.023510562963604886	0.09908659859331453
ENSMUSG00000081207	0.034523048664212574	0.02788765340997166	0.017903178476175757	0.0	0.0	0.0	-0.06728443021406882	0.0	0.0	0.0	0.0	0.0	0.01714422199499717	0.0	0.0	0.0	0.021431668070134656	0.020868910197176908	-0.11256328146056119	-0.04118511017925453	0.0	-0.08625936571278235
ENSMUSG00000028099	0.04206041263026293	0.0	0.0	0.0	0.0	0.0	0.052487255023899775	0.08324590452992135	0.04045681676838229	0.0	0.0	0.0	0.0302046799685611	0.0	0.0198516473536412	0.0	0.02630649315697057	0.0	0.24040058937338454	0.0	0.04685645725191625	0.2161986947124079
ENSMUSG00000062328	0.043664676314964054	0.0	0.0	0.0	0.0	0.0	0.3228187770227701	0.0	0.03829614721184082	0.0	0.0	0.01993002875787732	0.08215374109221743	0.017705044476520992	0.06151470321357894	0.0	0.028442562793383003	0.0	1.089171319834751	0.0	0.3330408090564185	0.0
ENSMUSG00000089951	-0.3212500056794236	-0.19073088349943507	-0.15404211055453043	0.0	0.0	0.0	-0.3018154446152356	0.0	-0.21629053879064153	0.0	0.0	0.0	-0.24905899448337565	0.0	0.0	0.0	-0.31755066210950017	0.0	-0.9599389630152131	0.0	-0.3842829578188484	-0.2377347942560313
ENSMUSG00000115001	-0.09151450446749963	-0.0391687828672691	-0.059341516958006046	0.0	0.0	0.0	-0.13891947629196622	0.0	-0.08018580718431596	0.0	0.0	0.0	-0.05067388256375616	0.0	-0.057126599528852205	0.0	-0.05144154306407277	0.0	-0.12571508233306639	0.0	0.0	-0.1266697664474336
ENSMUSG00000106676	0.0	0.0	0.05858369518687409	0.0	0.0	0.0	0.0	0.006722271289277104	0.034417650057543915	0.0	0.011239047451666845	0.015293520513091508	0.0	0.008858145028026182	0.0	0.009508945929260907	0.03246114428097589	0.0	0.029519379299911847	0.0	0.0	-0.06357337641164011
ENSMUSG00000027229	0.0	0.01741138812877302	0.016803588111241646	0.0	0.0	0.0	-0.046936247264219334	-0.0505954615336393	0.0	0.0	0.0	0.0	0.02191069390077331	0.0	0.016404522595101192	0.0	0.027178112672904955	0.0	0.07357673965247542	0.0	0.012300732419113225	0.05797404289157218
ENSMUSG00000025916	0.021068467535482496	0.015603474428171631	0.0	0.0	0.0	0.0	0.0	-0.047120677191926585	0.010865247058649283	0.007694969936692265	0.0	0.0	0.015482446797867177	0.0	0.009904060957400618	0.0	0.016622336329991945	0.0	0.018977540885144726	0.0	0.019535092088991683	0.0
ENSMUSG00000030279	0.030753843935970165	0.0	0.0	0.0	0.0	0.0	0.028909807550455448	0.04038055813167414	0.019561849886518434	0.0	0.0	0.0	0.03695399145255967	0.0	0.02785600677888056	0.0	0.021226416648388705	0.0	0.13535365559716986	0.0	0.0313063221659983	0.23703017907980128
ENSMUSG00000054978	-0.33020775224603555	-0.1871858300358177	-0.14736714428592101	0.0	0.0	0.0	-0.2764176486828433	0.0	-0.21988981934448926	0.0	0.0	0.0	-0.197955940047871	0.0	0.0	0.0	-0.29676552489498026	0.0	-1.0381427405145196	0.0	-0.38326407044494704	-0.25549888432481027
ENSMUSG00000050088	0.0	0.0	0.009761859435949427	0.0	0.0	0.0	0.22008329229397258	0.06379522113012923	0.018604149346075752	0.0	0.0	0.0	0.04254929282243543	0.0	0.0	0.0	0.016938401968987486	0.01110958045035797	0.6110940741714648	0.0	0.04445492797593157	0.2497195859389055
ENSMUSG00000031532	0.03208955160888828	0.0	0.02503488422427455	0.0	0.0	0.0	0.02737809607502989	0.023855063792466602	0.03934657364977269	0.0	0.0	0.0	0.04038108433482895	0.0	0.03721891668146348	0.0	0.0	0.0	0.17518812203770298	0.0	0.038732700971769056	0.22124436995266053
ENSMUSG00000045349	0.0303315950476355	0.0	0.028199942504256264	0.0	0.0	0.0	0.07156147265594225	0.0	0.03522235411765831	0.0	0.0	0.0	0.017128657187828134	0.0	0.009727175834532253	0.0	0.03850787912030238	0.0	0.02076392507727773	0.0	0.029141563084633327	0.054140259199508066
ENSMUSG00000103899	0.03443183499348382	0.0	0.037434853971455635	0.0	0.012271121759737965	0.0	0.0	0.0	0.02515972966706948	0.0	0.0	0.01099388155772068	0.03614199889847402	0.0	0.0	0.0	0.043883231642044565	0.0	0.1327890303292463	0.0	0.008529621243125434	-0.0629439723211016
ENSMUSG00000038650	0.03967604583196622	0.011140846032747453	0.0	0.0	0.0	0.0	0.13351157850404707	0.015163781818231378	0.026836404292264	0.0	0.0	0.0	0.034467524030156974	0.0	0.015475041296884555	0.0	0.0	0.0	0.42127172603393864	0.0	0.050091306303055874	0.20595442051826746
ENSMUSG00000000275	0.039183979964905774	0.0	0.0	0.0	0.0	0.0	0.16579213193615322	0.024759774564309632	0.03655796972879739	0.0	0.0	0.0	0.05083191062824877	0.0	0.021845422699428907	0.0	0.0	0.0	0.23487691498968385	0.028362739368458668	0.0695704687717914	0.1359513391750042
ENSMUSG00000073154	-0.01430210127277302	0.0	-0.011922072349322264	0.0	0.0	0.0	0.0	-0.03210602022532528	-0.016089026116947087	0.0	0.0	0.0	0.0	0.0	0.0	-0.008106804287824898	-0.009694520557025577	0.0	-0.10868392424934763	-0.029465778030657266	-0.03410548473132379	-0.12347703281270857
ENSMUSG00000060918	0.0	0.0	0.02516372805298473	0.0	0.0	0.0	-0.0696097045240121	0.0	0.03081784900914466	0.0	0.018000366267490884	0.0	0.0	0.0	0.013906650647792729	0.0	0.03338467548506555	0.013682240044023325	-0.22706833669363805	-0.04114783200222169	0.0	-0.055807824017495844
ENSMUSG00000078202	0.030508336624335313	0.0	0.0	0.0	0.0	0.0	0.22641583400823206	0.0	0.04423099869931491	0.0	0.0	0.0	0.05767115245316392	0.0	0.007299521423324018	0.0	0.008917386539664634	0.0	0.4582003594618127	0.026040010002081133	0.23904218126110527	0.1384708471647524
ENSMUSG00000020914	0.04570772862138531	0.0	0.0	0.0	0.0	0.0	0.09025699427636776	0.07246510425717619	0.03137231149502169	0.0	0.0	0.0	0.048565186345315293	0.0	0.029351405456308495	0.0	0.019637123193159245	0.0	0.3378797892495872	0.0	0.07775494721112547	0.2516996499171357
ENSMUSG00000107096	0.0	0.01588076554245684	0.011823074228479618	0.0	0.0	0.0	0.0	0.0	0.025180806577325025	0.0	0.0	0.012287767635385801	0.0076167568170194665	0.0	0.010841077016065253	0.0	0.03183236734317472	0.004224386683280401	0.04826912249341631	0.0	0.009717821683446273	0.0
ENSMUSG00000086203	0.0	0.0	-0.008588972836018437	0.0	0.0	0.0	-0.10776179080207902	-0.008625544138656497	0.0	0.0	0.0	0.04015559148588371	-0.01082916497686238	0.0	-0.02524139858445028	0.0	0.0	0.0	-0.17859017465063007	-0.04041123204909088	-0.007764194815911994	-0.07587073668569702
ENSMUSG00000002781	0.03594960501487553	0.0	0.0	0.0	0.0	0.0	0.13164295159282677	0.03730298176001045	0.03880786244809945	0.0	0.015072771530236118	0.0	0.051012719120194935	0.0	0.027085414981123754	0.0	0.0	0.0	0.316514721878576	0.0	0.05759343934250382	0.266651912788401
ENSMUSG00000112148	0.020772134066163562	0.0	0.01290442422184368	0.0	0.020893175601644817	0.0	-0.0994887025492585	0.0	0.0	0.01438399921946805	0.0	0.026039932576591273	-0.02468568493930637	0.0	0.0	0.0	0.0	0.0	-0.2047660531563325	-0.04796206715440572	0.0	-0.11476065478322864
ENSMUSG00000030849	0.029121227081080107	0.0	0.0	0.0	0.0	0.0	0.09688765523456902	0.0938659253188745	0.02282691149429746	0.0	0.0	0.0	0.026675037723077406	0.0	0.02376432366241833	0.0	0.017329338109394576	0.015499486132997009	0.07562324114749748	0.0	0.0	0.2847341428396902
ENSMUSG00000026036	0.044248395242389604	0.0	0.0	0.0	0.0	0.0	0.054157315801673746	0.070841704336797	0.039007992064051394	0.0	0.0	0.0	0.02888046898111274	0.0	0.0281075577171687	0.0	0.026969641382082465	0.0	0.2696763099147455	0.0	0.042343191752310994	0.21190683294286045
ENSMUSG00000024477	0.018352424720361665	0.0	0.0	0.0	0.0	0.0	0.03066701223688263	0.07629399293247913	0.0	0.0	0.0	0.0	0.025166470850890212	0.0	0.0	0.017039720629352554	0.01983360570294479	0.012531750787534657	0.09733516630048769	0.0	0.023547966797751427	0.23309965649157122
ENSMUSG00000103788	-0.03698199932139786	0.0	-0.01972474083291377	0.0	0.0	0.0	-0.10485517024733607	0.0	-0.017298134268233942	0.0	0.0	0.0	-0.02599139039549572	0.0	-0.024498504118872305	0.0	0.0	0.0	-0.07351064503744068	-0.015203477302307034	-0.024380854267059982	-0.08656755147700941
ENSMUSG00000011034	0.03484805408662148	0.0	0.01754838570451323	0.0	0.0	0.0	0.0	-0.0520766980644877	0.02364497616828893	0.0	0.0	0.019381918276318355	0.019769547796553082	0.0	0.013278056968808809	0.0	0.03513554147680035	0.0	0.02423455840705511	0.0	0.0	-0.07346016920160983
ENSMUSG00000009145	0.051076973996373586	0.02351628005651438	0.025476215945812886	0.0	0.0	0.0	0.0	0.0	0.04826824296859218	0.0	0.0	0.02238897412576979	0.0	0.0	0.02384020561135274	0.0	0.04472474254373685	0.0	0.07369669844146493	0.0	0.037735180147422706	0.02718350422547481
ENSMUSG00000061904	0.0	0.0	0.0	0.006968954175246234	0.0	0.0	0.16925294440349722	0.042599290460256595	0.03581209129060247	0.0	0.009969015161023236	0.0	0.03066562232957723	0.0	0.00901273215566454	0.0	0.0	0.0	0.4884480222523485	0.0	0.0910284090316484	0.20383302725102997
ENSMUSG00000046962	0.0217070623832359	0.0	0.0	0.0	0.0	0.0	0.12039317916006659	0.08015221794833352	0.0	0.0	0.0	0.0	0.03043429451384202	0.0	0.007935155269637284	0.0	0.011830744473366291	0.010677437365796386	0.3514986600709549	0.0	0.023375387626220087	0.21347031618457943
ENSMUSG00000102815	0.0	0.0	-0.03542954182405582	0.0	-0.018648246049602357	0.0	-0.13028082790825868	-0.02962817088062303	0.0	0.0	0.0	0.0	-0.03680818066696993	0.0	-0.023467510420470038	0.0	-0.023683345525655944	0.0	-0.1094366036529404	-0.0444486126690237	0.0	-0.09097331066225749
ENSMUSG00000100704	0.0	-0.02215219330098489	0.0	0.0	0.0	0.0	-0.07835698185102209	-0.05153459178100835	-0.01511670089831268	0.0	0.0	0.0	0.0	0.0	-0.011763131989797782	-0.02495843008666179	-0.019006435729289953	0.0	-0.06691978524579748	-0.017406663094479247	0.0	-0.05001064299522601
ENSMUSG00000054362	0.036618528800533644	0.0	0.019859777248394148	0.0	0.0	0.0	0.10624964830524206	0.0	0.03347295508784958	0.0	0.0	0.0	0.02707105624526947	0.0	0.016935809257996502	0.0	0.03178676584705074	0.0	0.23137159404267632	0.006458847445311111	0.06179114103541091	0.0
ENSMUSG00000072780	-0.0032735331447317417	0.0	-0.006550069364770895	-0.0033225178740924795	0.0	0.0	-0.03991404400140209	-0.051205676430813404	-0.0036786241608009218	0.0	0.0	0.020105459404009735	0.0	0.0	0.0	0.0	0.0	0.0	-0.040683427321099676	-0.04862940349841952	0.0	-0.05469138658654759
ENSMUSG00000038217	0.05103196857087055	0.016103118663408845	0.0	0.0	0.0	0.0	0.0	-0.03070302378256673	0.03988606266328014	0.00774556134421491	0.0	-0.029509551574584934	0.03653779158183482	0.0	0.0	0.0	0.07194652157697028	0.0	0.02083039501712848	0.0	0.0	0.030648580639150356
ENSMUSG00000104781	0.015646371285803984	0.019597903226557717	0.0	0.0	0.0	0.0	-0.059763310225512234	0.0	0.014810793934987432	0.0	0.012988340658619278	0.0	0.0	0.013052348170206063	0.0	0.0	0.0	0.0	-0.20386677280416088	-0.041292453904765214	-0.019367005120748397	-0.07211697655643724
ENSMUSG00000062252	0.04074858052312191	0.0	0.023626869893191002	0.0	0.0	0.0	0.0385821835587489	0.0	0.02918043194381838	0.0	0.0	0.0	0.024697901133878354	0.0	0.018730362413202806	0.0	0.032037925108261346	0.0	0.41366428808191286	0.0	0.06892777117072592	0.030886800913433637
ENSMUSG00000034471	0.05390034572532901	0.0	0.0	0.0	0.0	0.0	0.09523497825056523	0.03524889277337979	0.04691399357646456	0.0	0.0	0.0	0.03936100191787164	0.0	0.0286430385900492	0.0	0.03082434156062952	0.0	0.13139661847978154	0.0	0.03059303978714379	0.2026172003446447
ENSMUSG00000066141	0.025052603230106305	0.0	0.0	0.0	0.04871445720127484	0.0	-0.1551053316329696	-0.019203278554667632	0.0	0.0	0.0	0.03807873147489675	0.0	0.0	-0.024543271071985874	0.0	0.0	0.023897210085107812	-0.15164067940267892	-0.043344965283799435	0.0	-0.12510021050237685
ENSMUSG00000027944	0.07286983140145399	0.0	0.0	0.0	0.0	0.0	0.18217112454979328	0.056655839478317906	0.055003715481971964	0.0	0.0	0.0	0.04255821781703831	0.0	0.0	0.0	0.017156405102402905	0.01610064794236865	0.3964608758320666	0.0	0.10547657609583136	0.19897021450081143
ENSMUSG00000056174	0.02661788433640015	0.0	0.018762671089505703	0.0	0.0	0.0	0.11668615812982654	-0.049828527731892	0.03415650542554513	0.0	0.0	0.0	0.02105689718028678	0.0	0.01738922822571853	0.0	0.029439347227350848	0.0	0.11276932172622198	0.0	0.05328692836762891	0.0
ENSMUSG00000000567	0.024518626680388997	0.0	0.0	0.0	0.0	0.0	0.1609661608960155	-0.045785340824006066	0.027427657533784844	0.0	0.0	0.0	0.023832024302490706	0.0	0.0	-0.04257695463381353	0.032068122868384674	0.0	0.0	-0.04525146098425394	0.05810836304332465	-0.04525089025812493
ENSMUSG00000017428	0.02806011237705366	0.0	0.0	0.0	0.0	0.0	0.07884737430235073	0.07994287155270188	0.02416277802529469	0.0	0.0	0.0	0.041332949831722025	0.0	0.024033304518388414	0.0	0.017445995490357857	0.0	0.22645238667722342	0.0	0.0549425943374707	0.3198383941235509
ENSMUSG00000086807	-0.03741011081598273	0.0	0.0	0.019850776766343142	0.046307202083368	0.0	0.12592499292236645	0.07064210218725299	-0.052572624754719396	0.0	0.0	0.0	-0.028018596254381644	0.0	0.0	0.0	0.030504992191375275	0.0	0.0	-0.04748989144264945	0.0	0.05907914109903691
ENSMUSG00000022974	0.02946918087325902	0.0	0.0	0.0	0.0	0.0	0.07404375476122423	0.0696871451751172	0.0	0.0	0.013018023083614327	0.0	0.038198434468652266	0.0	0.019831662398115756	0.0	0.02175430679569004	0.0	0.2158965450074628	0.0	0.03256856261574472	0.26586251646815307
ENSMUSG00000046317	-0.2780414545555953	0.0	-0.1936143735392375	0.0	0.0	0.0	-0.28294781563282206	0.0	-0.24717014151404734	0.0	0.0	0.0	-0.24130368654151899	0.0	0.0	0.0	-0.31395389613231084	-0.15650117283327347	-0.9642144035718646	0.0	-0.38497246333529034	-0.2699759471662748
ENSMUSG00000027573	0.033792868635608306	0.0	0.0	0.02375768446626617	0.0	0.0	0.2923373038446674	0.11350922504256596	0.029696468328140376	0.0	0.0	0.0	0.0	0.0	0.0	0.0	0.0	0.0203719540596361	0.8263647607659614	-0.22483548744106904	0.13082193645252324	0.4254232680901146
ENSMUSG00000108942	0.08692761503417817	0.0	0.05774640592918422	0.0	0.0	0.0	-0.032819418572354576	0.0	0.048068739933582204	0.0	0.0	0.020044012013664948	0.0	0.0	0.0	0.0	0.053717414181959834	0.01657169376496546	0.09873739018731578	-0.028609167261269275	0.0	-0.05604272466480986
ENSMUSG00000028453	0.03655206630265824	0.0	0.0	0.0	0.012589558515455013	0.0	0.023065996109890928	0.029493488959413106	0.03477556026822035	0.0	0.0	0.0	0.01851017818732083	0.0	0.0	0.0	0.02560672285265042	0.0	0.11227829319579251	0.0	0.0476120854729443	0.13819133630653713
ENSMUSG00000102953	0.09703183423994019	0.009358710166612803	0.06425005325203491	0.0	0.0	0.0	0.09381309094602369	0.0	0.014014374080969855	0.0	0.0	0.0	0.0	0.0	0.011218195722284947	0.0	0.047520247540358274	0.011024779621374603	-0.08125292700032521	0.0	0.014875625426086956	0.0
ENSMUSG00000091475	0.060494007385047344	0.013668754834822827	0.04433207759936855	0.0	0.0	0.0	0.0	0.005869138973462154	0.0	0.009568059481265875	0.0	0.0	-0.058108373135512294	0.0	0.0	0.0	0.0	0.010047078360571542	-0.01665709115985183	0.0	-0.024604000290879106	0.07677233379194885
ENSMUSG00000006423	0.0	0.0	0.0	0.0	0.038648330749314425	0.0	0.13860777799613855	0.053344757840034555	0.0	0.011731338451148488	0.0	0.0	0.0	0.0	0.019375184967855685	0.0	0.022423763651919188	0.01482761251999055	0.4068712657096027	0.0	0.02340462350288464	0.2025233412865259
ENSMUSG00000113669	0.02950850295513571	0.0	0.0	0.0	0.0	0.0	-0.04867629252894345	0.0	0.0	-0.019773692892951823	0.0	0.0264427742295043	0.0	0.0	0.0	-0.023071325100554436	0.025054015260492748	0.022922866901035843	-0.4050349403280357	0.0	-0.056300786585708605	-0.11854243717761406
ENSMUSG00000036083	0.02739447334194013	0.0	0.0	0.0	0.0	0.0	-0.05554968282341692	0.0	0.0	0.016703385224457492	0.014533724844017687	0.022061926541159436	0.0	0.0	0.01592147810227915	0.0	0.011848015655704591	0.0	-0.19284247580935895	-0.04079569191940956	0.0	-0.12651738750956149
ENSMUSG00000098188	0.0	0.0	0.0	0.0	-0.0346455095546767	0.0	0.18422795301960843	0.06793015467286635	0.0	0.0	0.0	-0.06797122739995616	0.0	0.0	-0.10445628369751289	0.0	0.016481366598929514	0.0	0.2060100927475956	-0.0415036278382645	0.04984578189347229	0.21047145332067888
ENSMUSG00000086191	0.0388292342903206	0.0	0.0	0.0	0.0	0.0	0.09729646416159828	0.038440157477444725	0.03336757152908225	0.0	0.0	0.0	0.02893911130524387	0.0	0.02797419875329773	0.0	0.020625430891382357	0.0	0.3847658555636701	0.0	0.13151454429138412	0.20121509752514966
ENSMUSG00000114828	0.029601578322331734	0.0	0.0	0.0	-0.019278162901289253	0.0	0.0	0.0	0.03215520713963719	0.0	0.0	0.024302911808539114	0.0	0.0	0.017814560174774233	-0.015281949814789975	0.04921106983185521	0.0	-0.17866981898590428	-0.042341162001935814	0.0	-0.07318416176924819
ENSMUSG00000030598	0.030951884884971814	0.0	0.014491186986727998	0.0	0.0	0.0	0.15173629858935614	0.0	0.02347059495541882	0.0	0.0	0.0	0.03973570630600998	0.0	0.010313533748032122	0.0	0.019669399419917806	0.0	0.39580963964144644	0.011777886373656002	0.10978117008353731	0.0
ENSMUSG00000069520	0.0	0.021436189126381486	0.0	0.0	0.0	0.0	0.10811336282451159	0.018189021641275782	0.03449712769505711	0.0	0.0	0.0	0.0425538371265295	0.0	0.032252972356753506	0.0	0.023812610724702796	0.0	0.2694325569351398	0.0	0.04882396541602455	0.1644499130859968
ENSMUSG00000036959	-0.01799026973191672	0.0	0.0	0.0	0.05669100134663593	0.0	0.1004448059983987	0.0	-0.021304642928386106	0.0	0.0	-0.02803424698109968	-0.011649796358207	0.0	0.0	-0.016850477145078712	0.0	0.0	0.03139749600448205	0.0	-0.05431777545720742	-0.03584129411140619
ENSMUSG00000029475	0.03723136920412654	0.0	0.0	0.0	0.0	0.0	0.13875148332850065	0.0	0.034470358657733	0.0	0.0	0.0	0.04615899233040063	0.0	0.024093955109109114	0.0	0.024454654314663052	0.0	0.24021216385027563	0.021032363979397672	0.06371077933167613	0.1100882838876474
ENSMUSG00000022965	0.037928036556642196	0.0	0.0189797554531119	0.0	0.0	0.0	0.0992016108751452	0.0	0.028984641710561705	0.0	0.0	0.0	0.0301702182923213	0.0	0.018539044147592998	0.0	0.02492867493878834	0.0	0.2798056767657131	0.0	0.053491054714052355	0.027027819522144725
ENSMUSG00000101549	0.060512135914025475	0.0	0.03459471325691445	0.0	0.0	0.0	0.060878995127909195	0.0	0.02897060031644801	0.019104968919877396	0.0	0.0	0.02992180564225567	0.0	0.01937393286205066	0.0	0.03483994859575563	0.0	0.28912090429350207	0.0	0.008691984449160195	0.0
ENSMUSG00000040354	0.0386773318107563	0.0	0.0	0.0	0.0	0.0	0.045252015685728925	0.017208820896881992	0.022058541268970583	0.0	0.0	0.0	0.026395915254228984	0.0	0.01641730838141037	0.0	0.022252566671989066	0.0	0.3823949233396903	0.0	0.013586293887258405	0.14927781402439821
ENSMUSG00000109122	0.0	0.0	0.0	0.0	-0.007123347436222116	-0.011970142575277763	-0.14112561952717975	-0.0670658803537298	0.0	-0.03017655046456143	0.0	0.0	0.0	0.0	-0.043525946078538935	-0.0287474117049338	0.0	0.0	-0.06386768506017926	-0.03359677536552264	0.0	-0.09198003508589349
ENSMUSG00000114541	0.0	0.014705226276009124	-0.014792989895447403	0.0	0.0	0.0	0.0	0.0	0.0	0.013142831486677829	0.0	0.02964352090162531	0.014559853170933355	0.009186699585257651	0.0	0.0	0.0	0.0	-0.025581411764084103	-0.042873295923047124	0.030285016293098682	-0.10035085912911253
ENSMUSG00000106447	0.03644495622387505	0.0	0.02540233903661604	0.0	0.0	0.0	0.0648572158389627	0.03536903967837002	0.0366110487948909	0.0	0.0	0.0	0.0	0.0	0.03147152356852347	0.0	0.03535446101213263	0.0	0.09472237872097466	0.0	0.05883701443299485	0.19730863818826497
ENSMUSG00000116719	-0.3317016357350845	-0.16295799446115256	-0.18003051789238383	0.0	0.0	0.0	-0.2748846330260437	0.0	-0.25600212837606995	0.0	0.0	0.0	-0.1929408083588022	0.0	0.0	0.0	-0.2905637513100973	0.0	-0.9977443061405844	0.0	-0.3764850074684531	-0.26938457205356375
ENSMUSG00000030120	0.024692225712349976	0.0	0.0	0.0	0.0	0.0	0.20564378888281312	0.06013025135712356	0.026746054883617497	0.0	0.011954417484804303	0.0	0.02506842667162909	0.0	0.0	0.0	0.0	0.01268668022011883	0.429766288820887	0.0	0.07916774914317558	0.2473266621248416
ENSMUSG00000087362	0.04120825343332629	0.0	0.028775845421266422	0.0	0.0	0.0	0.12048898377892453	0.0	0.02934071449659259	0.0	0.0	0.0	0.027275257459414316	0.0	0.029880650088307124	0.0	0.039386650877735074	0.0	0.21510874568178834	0.0	0.06673052629670663	-0.09331277510188685
ENSMUSG00000106491	-0.04995328735077526	0.0	0.0	-0.010899999734839093	0.0	0.0	-0.07856166343456969	-0.06788135250029392	0.0	0.0	0.0	0.0	0.0	0.0	-0.05751025720708723	-0.034585679048721396	-0.010783843401063864	0.0	-0.11413855743924237	-0.044349988291536815	0.0	-0.07604331539191947
ENSMUSG00000112721	0.03420716243187722	0.0	0.07408828921854309	0.0	0.03627605696414519	0.0	0.0	0.0	0.03675544376463357	0.0	0.01809394498798867	0.0216161794257679	0.0	0.0	0.03165581397407485	0.0	0.07594398025565396	0.0	-0.22594575832166044	0.0	0.0	-0.08133524263588843
ENSMUSG00000049799	-0.019130505048047666	0.0	0.0	0.0	-0.01252673620793658	0.0	-0.06678224064722178	-0.014712672172905058	0.0	0.0	0.0	0.030285156669887424	0.0	0.0	-0.021685013442137822	0.0	0.0	0.0	0.03915689867640773	-0.022305175588890086	0.01972180466547871	-0.07893157814776877
ENSMUSG00000026495	0.02693776641976925	0.0	0.0	0.0	0.0	0.0	0.0	0.08106545617287768	0.027711390513902086	0.0	0.0	-0.05906645762618867	0.03699612993211371	0.0	0.028799044681340542	0.0	0.016982293899167708	0.0	0.03661116432548675	-0.1501249494101315	0.0	0.24228619525601455
ENSMUSG00000044279	-0.08159925470576418	0.0	0.0	0.0	0.08684576760442216	0.0	0.2112040682662846	0.030477844325582044	-0.05937381724694872	0.0	0.0	-0.04441269645223286	0.0	0.0	0.015265091932266439	0.0	0.0	0.0	-0.3857837427787726	0.0	0.07633135511892164	0.04001755726647181
ENSMUSG00000061099	0.040367378915869244	0.010632268782986953	0.03356607470696661	0.0	0.0	0.0	0.12090505348610293	0.0	0.03213862467735589	0.0	0.0	0.03545114572140495	0.0	0.0	0.01093687977155215	0.0	0.042186269596955414	0.0	0.09082173638818296	0.0	0.023669210870179293	0.0
ENSMUSG00000034384	0.011118059821401164	0.0	0.014681793768284193	0.0	0.0	0.0	0.12833405291075517	-0.03865696496146534	0.015723419164681632	0.0	0.0	0.0	0.017891773590940876	0.0	0.012724224216707691	0.0	0.02769348153988347	0.0	0.0	0.0	0.05158228476415355	-0.04635086560101782
ENSMUSG00000107078	0.04020969282537609	0.016677650168636603	0.026804952444290195	0.0	0.0	0.0	0.0	0.0	0.04041671836902411	0.0	0.0	0.0395895101498283	0.020551482673208273	0.0	0.0	0.0	0.047410742135729565	0.0	-0.10651046055913022	-0.038196483362712585	0.0	-0.06005208766121389
ENSMUSG00000092221	-0.29106244148425486	-0.1841193219741945	0.0	0.0	0.0	0.0	-0.29738079693812924	0.0	-0.23905757091072047	0.0	0.0	0.0	-0.23861218864422207	0.0	0.0	0.0	-0.3119155850838959	-0.172438929328524	-0.9859410261305093	0.0	-0.3613029234853243	-0.2508645708424615
ENSMUSG00000058820	-0.04418726410360769	0.0	0.0	-0.0197599611096471	0.0	0.0	-0.11074622373549302	-0.029823130538315618	-0.04009725586886458	-0.0136672612832901	0.0	0.0	0.0	0.0	0.0	0.0	-0.022112494588508225	0.0	-0.18360515079931777	-0.04945210469910928	0.0	-0.08519894296775568
ENSMUSG00000070877	0.04204148137084315	0.011833585353712442	0.040223327400281776	0.0	0.0	0.0	0.0	0.0	0.023567066205922815	0.0	0.0	0.0	0.0	0.0	0.020350359639251987	0.0	0.06030626407454751	0.015228333860362405	-0.06421405498106968	-0.0423607920060811	0.0	-0.14306085348487219
ENSMUSG00000035105	0.03033887491441389	0.0073341159170353665	0.011823699788090112	0.0	0.0	0.0	0.10796987946238985	0.0	0.02189013075780719	0.0	0.0	0.0	0.021543782715826607	0.0	0.011257799651641667	0.0	0.019454098545800158	0.0	0.0	0.0	0.023804584371517324	0.026063564968998632
ENSMUSG00000035069	0.018583778925703752	0.010604139105240324	0.0	0.0	0.0	0.0	-0.045898248767241245	0.018492632179053895	0.009476459597227111	0.0	0.0	0.0	0.02126493483295263	0.0	0.008566607201933743	0.0	0.009274036845530076	0.008350930791775348	0.0	0.0	0.0	0.1231684321590703
ENSMUSG00000060279	0.04041209234412931	0.0	0.0	0.0	0.0	0.0	0.0779360110116914	0.03794464877770201	0.023076887074706787	0.0	0.0	0.0	0.03007439405174691	0.0	0.0329516456549733	0.0	0.032324174749380936	0.0	0.0817814848888525	0.0	0.03647100201532323	0.24970521510883073
ENSMUSG00000075189	-0.03351993097539023	0.0	0.0	0.0	-0.035030576912647146	0.0	-0.09995209668277384	-0.056600011544679134	-0.04963776050834398	-0.023291765704131644	0.0	0.0	0.0	0.0	0.0	0.0	-0.014769024620180591	0.0	-0.015333660919351733	-0.032076354502869664	0.0	-0.07175305591858798
ENSMUSG00000120069	0.0	0.0	0.022004232674205898	0.0	0.0	0.0	-0.04619088606529711	0.0	0.02694128905016112	0.010214987483494697	0.0	0.0	0.02505296203058793	0.0	0.018799487752596034	0.0	0.01594155559572725	0.0	-0.28124694419492585	-0.04898238500216585	0.0	-0.09996066434521272
ENSMUSG00000055128	-0.04804591370894145	0.0	-0.029130124591103188	0.0	0.07868879948576178	0.0	-0.11025736443844976	0.0	-0.058701380469105724	0.0	0.0	-0.025399602335869496	-0.036277089726076295	0.0	-0.017042371789743854	0.0	0.0	0.0	-0.1325499436232565	0.0	0.0	0.12514489172084725
ENSMUSG00000120965	-0.015928700496727122	0.0	0.0	0.0	0.0	0.0	-0.0616785720941753	0.0	0.03782952988846293	0.0	0.0	0.01946234297210721	0.021051376229605102	0.0	0.0	0.0	0.03245888902842901	0.018030519768523587	-0.17745493547687613	-0.042504542694823406	0.0	-0.09901085539540029
ENSMUSG00000035969	0.03156939073387593	0.010434180410304195	0.0	0.0	0.0	0.0	0.15349255527549657	0.022969262151621754	0.03197979547788073	0.0	0.0	0.0	0.04444380038480017	0.0	0.019716115686002518	0.0	0.0	0.0	0.3886074823465676	0.0	0.061228180669496486	0.10629709765985218
ENSMUSG00000030491	0.0318379829823425	0.01615936724746697	0.0	0.0	0.0	0.0	0.01859793769047215	0.0	0.02297750199563778	0.0	0.0	0.0	0.02273909993291703	0.0	0.016674569927907053	0.0	0.016964061109080754	0.0	0.2092571049837071	0.0	0.04517552518196639	0.08796692264074742
ENSMUSG00000121890	0.030857922754577657	0.0	0.02954534391170325	0.0	0.0	0.0	0.04126660453041125	0.0	0.0	0.0	0.0	0.028041799193966148	0.021455159651639716	0.0	0.029307489866080356	0.0	0.04691639834332989	0.0	0.0	-0.061319389973009036	0.03672485486276994	-0.09767669877942045
ENSMUSG00000108467	-0.08237112838249906	0.02330287282446919	0.0	0.0	0.0	0.0	-0.08321853861664963	-0.01167297874833195	-0.0063598891467778005	0.0	0.0256019268546484	0.0	0.0	0.0	0.0	0.0	0.0	0.0	-0.18181789925954628	-0.04433714694548957	-0.013330444394175817	-0.11435469881684293
ENSMUSG00000054191	0.06480174290411427	0.0	0.015765989639171894	0.0	0.0	0.0	0.1965794591648544	0.0	0.0642242997846284	0.0	0.0	0.0	0.091632086886499	0.0	0.03886026590663598	0.0	0.032736970045170205	0.0	0.7998453500618677	0.005036819709342888	0.282645779689676	0.0
ENSMUSG00000114387	0.05234258433158081	0.0	0.0	0.0	0.0	0.0	-0.0404615106746891	0.0	0.0188996260598322	0.0	0.0	0.015798790443710242	0.0	0.0	0.02144325797718873	0.0	0.04427309773143096	0.0	-0.3214297245548748	-0.03583769182659987	-0.01585702036669045	-0.10253374111025368
ENSMUSG00000030922	0.03011055824829751	0.0	0.009833374383636184	0.0	0.0	0.0	0.0	0.08286024457330324	0.010325524241911717	0.0	0.0	0.0	0.013804138244301916	0.0	0.01653002908272959	0.0	0.012257789915000318	0.0	0.08041279446930184	0.0	0.01082495217719772	0.2613680102469002
ENSMUSG00000109491	0.033915676607467776	0.0	0.0	0.0	0.0	0.0	0.17319131895654805	0.02619000343212539	0.03765692876658498	0.0	0.0	0.0	0.02977363649079314	0.0	0.01581837975566025	0.0	0.0	0.0	0.2518231053301274	0.021428996521153876	0.118071683399769	0.2160166396075676
ENSMUSG00000026321	0.02258410451464414	0.0	0.023148933691709422	0.0	0.0	0.0	0.05174090917605322	0.0	0.019903541173503785	0.0	0.0	-0.022416039862678528	0.015910002091403894	0.0	0.021736309925813914	0.0	0.030318738418145676	0.0	-0.038755236467000374	0.0	0.0	-0.020826372487282904
ENSMUSG00000029718	0.04266192494592419	0.0	0.007815417155460287	0.0	0.0	0.0	0.20398228511207273	0.0	0.03240223325889365	0.0	0.0	0.0071402738716978	0.02094737748218423	0.0	0.0	0.0	0.017995543808892355	0.0	0.44295082096446897	0.01408169042782036	0.09016537027223714	0.0
ENSMUSG00000072952	0.04519251120697345	0.0	0.03415210345261505	0.0	0.0	0.0	-0.023707444924330877	-0.024959248243826625	0.025086164876751464	0.0	0.0	0.0	0.0	0.0	0.01557693079336452	-0.018915260044882753	0.036296545140859324	0.0	0.25123510962820517	0.0	0.0	-0.026219681504793445
ENSMUSG00000120897	0.0331402699281524	0.025301617200592336	0.011356748332534743	0.0	0.0	0.0	0.0	0.0	0.027380404636494077	0.0	0.0	0.0	0.02552838076840036	0.007504930494421691	0.008557072003322334	0.0	0.045702380052042704	0.0	0.13129332639796093	0.0	0.022043101894528416	0.0
ENSMUSG00000030672	0.02795957497037489	0.0	0.0	0.0	0.0	0.0	0.2079625682308958	0.0	0.03810773775665465	0.0	0.006087189678337722	0.0	0.043611176101465816	0.0	0.0060932343120785395	0.0	0.005711032450969045	0.0	1.2034534612360457	0.0	0.1573142303945596	0.120812489248348
ENSMUSG00000086842	0.0	0.0	0.04829601113695459	0.0	0.0	0.0	-0.10939459591674683	0.0	0.047493821303786335	0.0	0.0	0.0	-0.030295791372280903	0.0	0.0	0.0	0.06656224387813267	-0.013496211996165575	-0.2436309243890189	-0.02425979523748832	-0.033119407852325304	-0.08089641279497563
ENSMUSG00000044040	-0.3104103169429586	-0.16944858302952692	-0.16702015802291595	0.0	0.0	0.0	-0.2886169087181228	0.0	-0.210578047435307	0.0	0.0	0.0	-0.2281052281878108	0.0	0.0	0.0	-0.32845594970308	0.0	-0.9827698909476141	0.0	-0.38451255096555703	-0.2627777208693419
ENSMUSG00000032099	-0.009012908644984344	0.0	-0.05647336819919458	0.0	0.0	0.0	-0.06118719961693485	0.0	-0.04414323996911971	0.0	0.0	0.0	-0.001283285374719001	0.0	0.0	0.0	-0.03720931842343248	0.0	-0.09352358820510673	-0.022626166038861004	-0.015932831164238322	-0.10145447185829758
ENSMUSG00000110442	0.03187443657820903	0.01670667180784773	0.045305803145215796	0.0	0.0	0.0	0.024357487799908813	0.0	0.010682998763376571	0.0	0.0	0.0	0.019601339527051693	0.0	0.029344978967284756	0.0	0.0	0.008094210319700423	0.13190911272535186	0.0	0.03389930215903698	0.0
ENSMUSG00000085824	0.031139252469167693	0.009203500830337497	0.0	0.0	0.0	0.0	0.1420051799507969	0.0	0.043009460223983	0.0	0.0	0.0	0.04993717586580083	0.0	0.01930933238076661	0.0	0.0	0.0	0.8922190238933555	-0.21509521799817677	0.12218889538301915	0.06936663600500782
ENSMUSG00000114019	-0.06355581753703186	0.0	-0.0016073532745368713	0.0	-0.006150292305898916	0.0	-0.1003104059721356	0.0	-0.007503036894219308	0.0	0.0	0.0	-0.0058316596386592005	0.0	-0.042520103136368136	0.0	0.0	0.0	-0.039840790200911656	-0.03031095161278327	0.0	-0.0716039326015125
ENSMUSG00000011171	0.02112419824626259	0.0	0.0	0.0	0.0	0.0	-0.07756454134127272	-0.04666670853229939	0.0	0.0	0.018682741600078157	0.0	0.0	0.0	0.0	-0.027883249018532504	0.02432522194144871	0.0	-0.15881096359218877	-0.023072124003949004	-0.024195399794072397	-0.040502122662457424
ENSMUSG00000079700	0.0	0.0	0.0	-0.009081630165144045	0.0	0.0	0.02036058224440226	-0.008889863645495169	0.0	-0.007347952747607763	0.0	0.028428834463983598	0.012287143412488814	0.0	0.0	0.0	0.012832936350699634	0.0	-0.1598592780150134	-0.05140503020606922	0.0	-0.06810981993557697
ENSMUSG00000060503	-0.05481738826045084	0.0	-0.09919426959798659	0.0	0.0	0.0	-0.1433028185404136	0.0	-0.022639461257184967	0.0	0.0	0.0	-0.026969743090053167	0.0	-0.051931903962634474	0.0	-0.02441981038929182	0.0	-0.5058224064527889	0.0	-0.08811943098901523	-0.08658818011322666
ENSMUSG00000038425	0.026760240855435956	0.0	0.0	0.0	0.0	0.0	0.08666896109419286	0.04557599101464554	0.027971271514541384	0.0	0.0	0.0	0.035587740876807425	0.0	0.0	0.0	0.015081670844388502	0.014032879948408628	0.28056943062655804	-0.10652424644042024	0.0	0.14298043647925401
ENSMUSG00000086962	0.02829823064947696	0.012928443132856016	0.019553195200659526	0.0	0.0	0.0	0.0	0.0	0.01607372563018734	0.013957302591781934	0.0	0.0	0.016315554070723458	0.0	0.016483120974766348	0.0	0.03796432781277675	0.0	0.3014713718796788	0.0	0.035970576094735994	0.0
ENSMUSG00000028133	0.020033119121970373	0.016337466455658263	0.01705965078312989	0.0	0.0	0.0	0.0	0.0	0.03802917714750197	0.0	0.0	0.0	0.007482421053551014	0.0	0.018582963339451645	0.0	0.012550671508584027	0.0	0.10106499954539643	0.0	0.022654431347849478	0.07272981452150683
ENSMUSG00000035370	0.04851410434510212	0.013759124660730593	0.02426141610119839	0.0	0.0	0.0	0.10528547722173011	0.0	0.042380800357929675	0.0	0.0	0.0	0.01755194338262255	0.0	0.0	0.0	0.03213222605313702	0.0	0.3665264377376939	0.0	0.06686715522126846	0.05471633304022985
ENSMUSG00000087541	0.022484263059890028	0.0	0.02093604956900118	0.0	-0.02773798998709592	0.0	0.0	-0.02920938084627897	0.019261389442383377	0.010938537680167254	0.0	0.0	0.0	0.0	0.0	-0.02652840907578325	0.03179414754873556	0.007876268439627902	0.0	0.0	0.015790354199812822	0.0
ENSMUSG00000116469	0.033077478773593606	0.0	0.01958576795369571	0.0	0.0	0.0	0.0846850738944382	0.0	0.023532128452348193	0.0	0.0	0.03079062355561388	0.029925336073519857	0.0	0.029163985186855212	0.0	0.029668743065199597	0.0	0.5420878992747614	0.0	0.07218654092787177	0.0
ENSMUSG00000085900	0.06289369479958833	0.0	0.049706159326691084	0.0	0.0	0.0	-0.07377161608361303	0.0	0.0	0.0	0.029591047265181507	0.0	0.013544792585279042	0.011852970471096354	0.0	0.020206532645247622	0.04751246783504312	0.0	-0.062071864990727525	0.0	0.0	-0.06094932120013085
ENSMUSG00000025257	0.0	0.0	0.0	0.0	0.07118394084933591	0.0	-0.11610650904208425	0.09433089924212973	-0.0380091954119585	0.0	0.0	-0.040276729328233396	-0.04172861219894273	0.0	0.0	0.0	0.0	0.0	0.18791918420205003	-0.14221207637300495	-0.0188645967320889	0.2291261631517139
ENSMUSG00000069118	-0.0282402711641204	0.0	-0.03536029259901864	0.0	-0.014066332409181533	0.0	-0.15972239073541997	0.0	0.0	0.0	0.0	0.0	-0.012002904333763165	0.0	-0.0680226576805143	0.0	-0.043387393284580834	0.0	-0.1308378605362287	-0.01969304297953913	0.0	-0.08255017973814387
ENSMUSG00000089991	0.0	0.0	-0.01134252972530732	0.0	0.0	0.0	0.04007987809166486	0.0	0.0	0.0	0.009879258899497007	0.0	0.01678639523197082	0.0	-0.013017637378950526	0.0	0.0	0.0108507862759374	-0.0275190406869626	-0.030528136114862617	0.014660268768087185	-0.08720531096187795
ENSMUSG00000028011	0.0	0.0	-0.02010662116771091	0.0	0.0	0.0	-0.07369056012670225	-0.014423554646423982	-0.027061676175151123	0.0	0.0	0.0	0.0	0.0	-0.014468021748009003	0.0	-0.014833999611721438	0.0	-0.2429155990656374	-0.032316711503137245	-0.010200599920734077	-0.09950629750480475
ENSMUSG00000093482	0.0	0.02580339958774384	-0.0019909080702224524	0.0	0.0	0.0	-0.0638323891123457	-0.018718040294760756	-0.005680319103540215	0.0	0.0	0.0	0.0	0.0	0.0	-0.004909759022387406	0.0	0.0	-0.1979766638864633	-0.02045971199059901	-0.042663447940396435	-0.05310881666887529
ENSMUSG00000102758	-0.02050449204559221	0.0	-0.019804862149243617	0.0	0.0	0.0	-0.061049890285893055	-0.01915580958740302	-0.019516152294133005	0.0	0.0	0.0	0.0	0.0	-0.016073581311156687	0.0	0.0	0.0	-0.19769407976722717	-0.0355447238113144	-0.015590585312220795	-0.08223710561095673
ENSMUSG00000042743	0.02608978021757301	0.013714102791308802	0.0	0.0	0.0	0.0	0.0	0.07251203562300838	0.021310719024768533	0.0	0.0	0.0	0.016735468375823445	0.0	0.023984158611538575	0.0	0.020994419978736727	0.0	0.145616899698266	0.0	0.029070379878014106	0.22586131623644787
ENSMUSG00000058287	0.026471277149651445	0.0	0.019753765173980593	0.0	0.0	0.0	-0.07451141799739652	0.0	0.03191027373826692	0.0	0.0	0.022461814567819354	0.0	0.0	0.018237487365047406	0.0	0.033362994110137933	0.0	-0.18277246538890202	-0.042382118914421854	0.0	-0.09782474008570827
ENSMUSG00000092130	0.06797631496926328	0.0	0.014915961850385628	0.0	0.0	0.0	0.10201568017366594	0.0	0.0	0.0	0.0	-0.030953372109158904	0.051713098878511436	0.0	0.0	0.0	0.019879685280932414	0.0	0.09637925867870419	-0.03470466767389008	0.05402905742992603	-0.060447535544822864
ENSMUSG00000047180	0.04192536019861507	0.012752412084624323	0.02687924600750356	0.0	0.0	0.0	0.1308770841457719	0.0	0.025991669244136165	0.0	0.0	0.0	0.015904696630067792	0.0	0.018107451284475686	0.0	0.047990577041773515	0.0	0.0	0.0	0.046969763139592495	-0.08884577705530833
ENSMUSG00000039155	0.03199780729153744	0.0	0.023850217518729202	0.0	0.0	0.0	0.04419488832488774	0.0	0.0	0.0	0.0	0.023554061569293	0.0	0.0	0.02480478235125638	0.0	0.040611314424792995	0.01669576058198939	-0.13464991645094052	-0.051080327792677405	0.0	-0.10219039996036336
ENSMUSG00000016200	0.014802746565758255	0.0	0.0	0.0058574805268235	0.0	0.0	-0.07061882875718543	0.064941068634613	0.0	0.0	0.006755373338067418	0.0	0.013913316023362026	0.0	0.0	0.01126320391593899	0.012051184939698884	0.0	0.0	0.0	0.006928292962295578	0.21381360377369266
ENSMUSG00000028391	0.037248146689591	0.0	0.014825816833515214	0.0	0.0	0.0	0.0	0.0	0.03223964798066916	0.0	0.0	0.0	0.009371683232659677	0.0	0.02154776215373318	0.0	0.019523045590327588	0.005475777054539666	0.06125972920317207	0.0	0.0174821331974886	0.09489738364024648
ENSMUSG00000110264	0.01942699951383616	0.012617364911028767	0.008411258672371877	0.0	0.0	0.0	0.04401368510795101	0.0	0.013683072592990383	0.006397152560981185	0.0	0.0	0.00920231735286009	0.0	0.00877463753233359	0.0	0.0	0.004534695418937133	0.0	0.0	0.0	-0.06908596328401428
ENSMUSG00000032293	0.016992544662563856	0.0	0.0064061810548962095	0.0	0.0	0.0	0.05381690809921762	0.06253157013455816	0.015388746982365614	0.0	0.0	0.0	0.042472611005519946	0.0	0.0	0.0	0.0	0.0072951085271392	0.3543892191161302	0.0	0.034949724520102685	0.2656634138076626
ENSMUSG00000029290	0.013918945438257842	0.01193820696833906	0.0	0.0	0.0	0.0	0.03659575930925907	0.05885444194130381	0.011481883286993122	0.0	0.0	0.0	0.028280139379069397	0.0	0.0	0.0	0.014084183630778822	0.0	0.09460117070187266	0.0	0.028980699733161145	0.17516814633970923
ENSMUSG00000118383	0.06022257184107587	0.0	0.03711094713362355	0.0	0.0	0.0	0.02444092222238774	0.0	0.04512427390161646	0.0	0.0	0.0	0.012863579235767312	0.0	0.0065955772873313445	0.0	0.038865822992902435	0.0	0.1114666147583986	0.0	0.009341357056182394	0.006391922201313955
ENSMUSG00000031373	-0.05326979589704565	0.0	-0.022101063970219856	0.0	0.0	0.0	-0.09969292577068611	-0.0514979807912107	-0.04427041686770886	0.0	0.0	0.0	-0.02167282914748836	0.0	0.0	-0.03464819384185666	0.0	0.0	-0.3854464961644674	0.0	-0.04896708068758742	-0.08706178730209808
ENSMUSG00000107520	0.0	0.01213502581484327	0.0	0.0	0.0	0.0	-0.11583821552066571	0.0	0.0	0.0	0.0	0.020960794414894544	-0.043142039937641805	0.0	0.0	0.0	-0.012105505091940692	0.022996218812545623	-0.2715996493837309	-0.03490194863381431	-0.041520137352790386	-0.11480799309392913
ENSMUSG00000121770	0.0	0.012558092075873842	0.0	0.0	0.0	0.0	0.015845265701929994	0.0	0.0	0.016828186708270063	0.0	0.012669371569155555	0.013653053958074339	0.0	0.0	0.0	0.02315377316732227	0.011108746310168158	-0.074517879125217	-0.04856724552206127	0.0	-0.07550847280047894
ENSMUSG00000100149	-0.33478547427869365	-0.15815287201771985	0.0	0.0	0.0	0.0	-0.2625100452813264	0.0	-0.2530818200745756	0.0	-0.13501276665763529	0.0	-0.22893431650209428	0.0	0.0	0.0	-0.32210313222028825	0.0	-0.9742889293374312	0.0	-0.37673934373011364	-0.28708665472235667
ENSMUSG00000078752	0.04898786030237796	0.0	0.0	0.0	-0.02895045748757876	0.0	-0.06114026571642171	0.0	0.028523656889541296	0.0	0.0	0.0	0.02153032213828064	0.0	0.0	0.0	0.05250269277017164	0.01923353896319202	-0.02702916190305231	-0.04428632149489971	0.0	-0.09273152795102944
ENSMUSG00000078813	0.05767170446763554	0.0	0.011761979625092069	0.0	0.0	0.0	0.11961070990518963	0.0	0.025960903746559787	0.0	0.010253935782777335	0.0	0.026727416551061377	0.0	0.0	0.0	0.014436839384877106	0.0	0.6381526526192719	0.0	0.06717520099267724	0.13168418341213187
ENSMUSG00000073380	0.03307237744206577	0.016949708086377826	0.0	0.0	0.0	0.0	0.07099405225124669	0.0	0.0	0.0	0.0	0.028291781676087608	0.026813709238165385	0.0	0.0	0.011977200691188239	0.03760966296931015	0.0	0.3122097917393161	0.023557838238308947	0.07890266101021806	0.0
ENSMUSG00000056995	-0.02610162598772996	0.0	0.0	0.0	0.0	0.0	-0.07744017067696346	-0.10343862058716725	0.0	0.0	0.0	0.0	-0.02424142851090599	0.0	-0.02393394990494002	-0.052334788802337426	-0.04387085109567749	0.0	-0.14907327693665698	-0.05263248677058236	0.0	-0.0891209820110666
ENSMUSG00000099802	-0.13959672580386923	0.0	-0.02407722050763373	-0.01032421470883451	0.0	0.0	-0.020634666252481997	0.0	-0.00949431527854687	0.0	0.0	0.0	0.0	0.0	-0.005153253257907164	0.0	-0.057470123487548486	0.0	-0.15317853514512372	-0.03915929519493543	0.0	-0.08912393004344753
ENSMUSG00000083646	-0.022614900827239937	0.0	-0.024911027985931453	-0.009514596295346789	0.08375313118492872	0.0	-0.01571877681505185	0.0	0.0	0.0	0.0	0.0	0.0	0.0	0.0	0.0	-0.03585201222624483	0.0	-0.40778533316311755	-0.022977329744161282	-0.04748156130611365	-0.09788531510230035
ENSMUSG00000109962	0.050583126473589715	0.0	0.0	0.0	0.03372455185726151	0.0	-0.035130130564345496	-0.057167731745801066	0.0	0.0	0.036359851911702004	0.0	0.0	0.0	0.040433974543744616	0.0	0.06982849504078242	0.0	-0.3234448883903467	0.0	-0.033523378581940357	-0.06989800486402865
ENSMUSG00000054142	-0.01359195607375255	0.03609156659283178	0.0	0.0	0.0	0.0	-0.035873401629456604	0.0	0.0	0.03114620331331891	0.0	0.0	0.0	0.0	-0.04272299824392898	0.0	-0.037597911736140265	0.0	-0.12587925057795396	-0.01863313917747351	-0.01174993723683355	-0.06203081367940313
ENSMUSG00000039179	0.03279350642023698	0.0	0.032397091835700866	0.0	0.0	0.0	0.04164309310858667	-0.055921199295473144	0.023750066162162957	0.0	0.0	0.0	0.0	0.0	0.020694789639981975	0.0	0.046199017631491666	0.01250564988375389	-0.06540889751473579	0.0	0.0	-0.04221957699396366
ENSMUSG00000026834	0.0	0.0773636292515961	0.0	0.0	0.0	0.11804550751388015	-0.1666579805808671	-0.19035001089643303	0.0	0.0	0.0	0.06064076572385957	0.0	0.0	0.0	0.0	0.0	-0.048308234428249455	-0.2877137105108605	0.2841798008235209	-0.05052954231087618	-0.31411792449295
ENSMUSG00000035745	0.029716692501018216	0.013432739074504344	0.02061820087482607	0.0	0.0	0.0	0.13114204266328733	0.0	0.040102979156486133	0.0	0.0	0.0	0.025996885084242204	0.0	0.013626630762007208	0.0	0.030205456955666517	0.0	0.2745563777563197	0.0	0.08556900578596081	0.0
ENSMUSG00000049521	0.049299813889936664	0.0	0.015875470212405113	0.0	-0.04552834906690517	0.0	0.13016730081270347	0.0	0.04227893209942272	0.0	0.0	0.0	0.029144320564939055	0.0	0.009587269019631429	0.0	0.024633208176148457	0.0	0.31152799800062875	0.0	0.13524241374958526	0.0
ENSMUSG00000108004	0.0	0.0	0.0	0.0	0.051224013187126306	0.0	-0.10561335355821638	0.0	-0.01958229361823187	0.0	0.0	0.025450742822202305	0.0	0.0	0.0	0.03441303549309013	0.042680404456873426	0.0	-0.09993465326521192	-0.039817960121220436	-0.03354785165345927	-0.06552415000050583
ENSMUSG00000026319	0.0	0.0	0.0	0.0	0.0	0.0	0.0	0.10441860375738868	0.0	0.0	0.006264923956546442	-0.06075009832253966	0.018390253217321875	0.0	0.0	0.0055991069171204555	0.010128959717158504	0.0052699226377745075	0.10282376381969566	0.0	0.018861012017907755	0.24736558909337786
ENSMUSG00000028036	0.0	0.021319609915096602	0.0	0.0	0.0	0.0	-0.058327725546247156	-0.04886635883258462	0.0	0.020041587036379746	0.0	0.0	0.0	0.0	0.0	-0.020730460988151466	0.0	0.019488268633519323	-0.177784388098505	-0.02848197679486149	-0.010783325990914975	-0.058066706754614554
ENSMUSG00000031399	0.0	0.011063738455670782	0.0	0.0	0.08677521904214759	0.0	-0.09105943973840848	0.053890300471764636	-0.02955480641854692	0.0	0.0	0.0	-0.07164343969677159	0.0	-0.03245871424161046	0.0	0.0	0.0	0.20715898504253	0.0	-0.05166278162610526	0.04159155200242398
ENSMUSG00000021779	-0.2354513301139407	-0.11837009240634222	0.0	0.0	0.0	0.0	-0.370513688306837	0.0	-0.12517915154561013	0.0	0.0	0.0	-0.17684418806293717	0.0	0.0	0.0	-0.16071595883388673	-0.13491094629991135	-0.8203939654867157	0.0	-0.2912444245846823	-0.267400180500952
ENSMUSG00000086648	0.03038850656262973	0.0	0.03577477639188918	0.0	0.0	0.0	-0.037706035977505985	-0.02872617265113952	0.03619006473884564	0.0	0.0	0.0	0.0	0.0	0.0	-0.019106698059375427	0.03816434869192023	0.0	-0.0960580463390204	-0.03328354655286302	0.0	-0.07454767933414361
ENSMUSG00000085074	0.03539904773006715	0.01604512980533529	0.0	0.0	0.022955445006227107	0.0	-0.0758888892916518	0.0	0.02026504487139883	0.0	0.026893395039077957	0.0	0.025003972321337047	0.0	0.0	0.0	0.0	0.0	-0.1141936061160246	-0.0375886401818943	0.0	-0.11229308999129184
ENSMUSG00000116114	0.05442046505057611	0.0	0.038460658096074095	0.0	0.0	0.0	0.0	0.0	0.037666210547493896	0.0	0.0	0.0302674252597998	0.03370263214422361	0.0	0.029967930630093922	0.0	0.05292260071074828	0.0	-0.07499688891278218	-0.045905117633463666	0.0	-0.0641831017291557
ENSMUSG00000058799	0.037233124617868534	0.0	0.0	0.0	0.0	0.0	0.20573512225842103	0.07901449939568575	0.02303110655343252	0.0	0.0	0.0	0.05269094676687598	0.0	0.01943508019106196	0.0	0.015824836892544214	0.0	0.4110905678161692	0.0	0.10550085119937015	0.3197560177642281
ENSMUSG00000001131	0.0	0.0	0.008985947825484786	0.0	0.0	0.0	0.16496733212465492	0.0	0.0	0.0	0.009127471023346927	0.01074709188172494	0.0076908186932290535	0.0	0.017083770215317616	0.0	0.012638406709067566	0.0	0.8965988122604078	-0.06217487116457438	0.09234785911649053	0.0
ENSMUSG00000025588	0.0	0.04892273318217912	0.0	0.0	0.0	0.0	-0.05384966440710788	-0.013315249109772312	0.0	0.0	0.0	0.0	0.0	0.0	-0.0056854577867655786	-0.008408836479818995	-0.007083446364083773	0.0	-0.03452257797279544	-0.011577043033600874	-0.004178298445881579	-0.060159104265504304
ENSMUSG00000060523	0.0	0.0	-0.04908089948101835	0.0	0.0	0.0	-0.12645923744910764	-0.11581958384012575	-0.043372780362682994	0.0	0.0	0.0	-0.04566501296253022	0.0	-0.07393230146137691	-0.046139748746793524	0.0	0.0	-0.07789132388137196	-0.042250485532768035	0.0	-0.09738300807055505
ENSMUSG00000052539	0.01603937483129963	0.008797265827948503	0.004142654072191024	0.0	0.0	0.0	0.0	0.050375284733276626	0.005384874732761608	0.0	0.004332851048519818	0.0	0.011868944793776625	0.0	0.0	0.0027606058464563765	0.008812554661306505	0.0	0.0	0.0	0.0	0.16275719410669878
ENSMUSG00000032479	0.03299973914037324	0.0	0.0	0.0	0.0	0.0	0.07239915311904171	0.05714448608880232	0.029416259397012826	0.0	0.0	0.0	0.04145806332802785	0.0	0.02456688754098537	0.0	0.016389356540146616	0.0	0.17863735347603896	0.0	0.049315394680459326	0.22270570598293465
ENSMUSG00000114661	0.011436302295867612	0.0	0.0	0.0	0.0	0.0	-0.036508713958522045	0.0	0.0	0.0	0.01361734659780166	0.012706427117786585	0.0	0.008148598202993296	0.0	0.0	0.02550437913287807	0.013727730255262678	-0.14923472141356586	-0.048714205305246276	0.0	-0.10485495129020053
ENSMUSG00000102398	0.026079184418250044	0.0	0.0	0.0	-0.023367453999666138	0.0	-0.13999771318263796	0.0536975669164729	0.03478584194269385	0.0	0.0	-0.028537035385597077	0.0	0.0	-0.06912102528929501	0.0	0.0	0.0	0.20174947615868125	-0.048745611332339386	0.0	0.20567029611864107
ENSMUSG00000112564	-0.03842648996705465	0.016988901027313492	0.0	0.0	0.0	0.0	0.09554667482266584	-0.03843150118816677	-0.05093426280286269	0.0	0.0	0.013864785002029683	0.023964189521859986	0.0	0.0	-0.03087740501544992	0.0	0.0	0.05102844427559215	0.0	0.0	-0.019725163932134002
ENSMUSG00000097415	0.0324850118748338	0.0	0.0	0.0	0.0	0.0	0.11464002972413573	0.034483793129134126	0.027579700005611753	0.0	0.0	0.0	0.05531048736064681	0.0	0.025443057846629903	0.0	0.021377154127970588	0.0	0.407818328189784	0.0	0.09320323473747569	0.15194381196099177
ENSMUSG00000111794	0.048695005464673785	0.0	0.04207958087440061	0.0	0.0	0.0	-0.04543557805368526	0.0	0.0	0.0	0.0	0.035671854726459555	0.0	0.0	0.016493487305591966	0.0	0.05094859518678735	0.014251347479389082	-0.07732250956637478	-0.04823361347286364	0.0	-0.08819971687858315
ENSMUSG00000036244	0.03918743996520724	0.0	0.027442821525478667	0.0	0.0	0.0	0.0	0.0	0.02951765552724291	0.007010926996086228	0.0	0.007869095540035242	0.02440143289763056	0.0	0.02554050736866378	0.0	0.05327012066876146	0.0	-0.08482432127902009	-0.030481637057281043	0.0	0.0
ENSMUSG00000032257	0.04780148581197595	0.016976003753463698	0.0	0.0	0.021242782223245778	0.0	-0.06266955952299177	0.0	0.0	0.018845317571132798	0.0	0.0	0.0	0.0	0.01815729792957506	0.0	0.026160717766471196	0.0	-0.290139408296677	-0.037004777418113394	0.0	-0.12290826392811384
ENSMUSG00000043110	0.029245695495369015	0.0	0.0	0.0	0.0	0.0	0.13249068321116705	0.0	0.033251166347069955	0.0	0.0	0.0	0.030885728700487225	0.0	0.017474840734583198	0.0	0.02615238330353233	0.0	0.06454087675602756	0.0132825075890875	0.04550306204720927	0.059566448733023275
ENSMUSG00000029359	0.034229484995788026	0.0	0.014843987351522703	0.0	0.0	0.0	0.08861889868871964	0.0	0.023249039028246186	0.0	0.0	0.0	0.022183505605328883	0.0	0.0173119348505037	0.0	0.028092894021794493	0.0	0.1198689485672668	0.0	0.03955711605763802	0.05796684390928675
ENSMUSG00000081836	-0.018877414598077624	0.0	-0.017706880507645097	0.0	0.0	0.0	-0.06969081997798399	-0.11149841014415417	0.0	0.0	0.0	0.0	0.0	0.0	-0.023501709004859327	-0.05630673034982774	-0.019361586073045136	0.0	-0.08376097416640921	-0.020372726719852307	0.0	-0.0914591448453223
ENSMUSG00000106732	0.04453675069914496	0.0	0.03082213421776539	0.0	0.0	0.0	-0.038998832707531295	0.0	0.0	0.0	0.0	0.01761888869343873	0.0	0.0	0.047445851063842144	0.0	0.011255643839947807	0.012335596502228185	0.24182267285866987	0.0	0.033571295264980906	-0.08126285051496084
ENSMUSG00000042579	0.04139321852093172	0.0	0.0	0.0	0.0	0.0	0.0	0.06388607720371937	0.04183420964033567	0.0	0.0	-0.037547851230294804	-0.036304836990289475	0.0	-0.049746897682572254	0.0	0.0	0.0	0.6850126086789639	-0.16010563637087533	0.0754345866613276	0.22490638825454434
ENSMUSG00000020099	0.03948617688441545	0.0	0.022866169290910454	0.0	0.0	0.0	0.12907212795146497	0.0	0.03812410045316569	0.0	0.0	0.0	0.03854915233458765	0.0	0.027197846280492682	0.0	0.028698333967931557	0.0	0.12023058161204168	0.0	0.05084979431356763	0.11555993476679906
ENSMUSG00000085871	0.05558123032229336	0.013462389027109677	0.014263580071249433	0.0	0.0	0.0	0.0	0.0	0.0	0.00514611220780978	0.006360128941587211	0.0	0.0	0.00592399736016455	0.0	0.0	0.017434763979776103	0.004438287474105572	0.006832543796887326	0.0	0.003826279495846907	0.0
ENSMUSG00000000701	0.04919183908979083	0.0	0.017725627238750142	0.0	0.0	0.0	-0.034695050418075316	0.0	0.03337401458505434	0.0	0.0	0.01987832716062579	0.0	0.0	0.030772202431143435	0.0	0.04774784588213111	0.0	-0.030029009406147885	-0.04174256203936393	0.0	-0.09753436332199314
ENSMUSG00000031770	0.04030365089078453	0.0	0.0	0.0	0.0	0.0	0.15462950877379597	0.04116915555979125	0.025630685404194567	0.0	0.012164672091421358	0.0	0.04341700568039561	0.0	0.0	0.0	0.0	0.0	0.4464887968172844	-0.10293074892534115	0.05121393645125852	0.10401162018671245
ENSMUSG00000100562	0.034242939211913535	0.01651151521073206	0.03076998415335082	0.0	0.0	0.0	-0.09247316120981536	0.015006883404422595	0.018415664006282494	0.0	0.0	0.0	0.0	0.014747093955141125	0.0	0.0	0.04901720575423261	0.020319745940078737	0.0	0.0	0.0	-0.06715427271675951
ENSMUSG00000018604	0.023639824541799817	0.01350820265603292	0.0	0.0	0.0	0.0	0.2941809824737101	0.0	0.03915118883399546	0.0	0.0	0.0	0.058383770886640735	0.0	0.0	0.0	0.0	0.020769223481969808	0.9385952465967555	-0.11386931848519026	0.16914568085470005	0.08950712158899791
ENSMUSG00000107673	0.0	0.0	0.05326801386827684	0.0	0.05283176799446259	0.0	-0.06862207739993481	-0.025837076922824734	0.0	0.0	0.0	0.0	-0.03030732468219987	0.0	0.0	-0.011413021261574452	-0.04314144947902123	0.0	-0.2765414033045595	-0.02345752161845554	0.0	-0.09741468533908244
ENSMUSG00000055110	-0.04649585465901508	0.0	-0.01347258538435264	0.0	0.03397429461804612	0.0	0.11840988572436552	0.0	-0.04530950912708112	0.0	0.0	0.0	0.0	0.0	0.0	0.0	-0.01524850455661003	0.025233737360882958	0.22605401993535776	0.0	-0.014041937795560178	-0.11398501095795267
ENSMUSG00000117958	0.050704617263239875	0.0	0.01548467972734387	0.0	0.0	0.0	0.019363905749931087	0.0	0.040422018165544235	0.007724136129386494	0.0	0.0	0.01676129971829549	0.0	0.0	0.0	0.046338885410491394	0.008703709106404608	0.25994794776540836	0.0	0.052545152083873024	0.0
ENSMUSG00000006311	0.04449975140646282	0.0	0.03661528844777691	0.0	0.0	0.0	0.16566241612978763	-0.030259886451711182	0.0	0.0	0.0	0.0	0.08872939466881336	0.0	0.057938058548817783	-0.044472712843838524	0.0629392709030244	0.0	0.3920117589081336	0.0	0.260453176989123	0.0
ENSMUSG00000060030	0.0	0.0	0.0	0.0	0.020959227356673604	0.008758607096854332	0.0	0.0	0.0	0.0	0.0	0.009193710351184218	0.0	0.0	0.014586915546904475	0.014676890934109055	0.0212452342781095	0.012503582678894992	-0.23836570838660004	-0.050490630800260033	0.0	-0.07475819711510504
ENSMUSG00000002791	0.041162618941018234	0.022396499359960003	0.02665730561275209	0.0	0.0	0.0	0.037282001684912885	0.0	0.0337866398324411	0.0	0.0	0.0	0.029240485246066417	0.0	0.0	0.0	0.0361772039720372	0.0	0.06374777235854161	0.0	0.02930388799853931	0.038917766954714036
ENSMUSG00000110824	0.03659437047373577	0.004987030825118616	0.01884734232282367	0.0	0.0	0.0	0.039627497278880645	0.0	0.027625927679342892	0.0	0.0	0.0	0.0064297336123989406	0.0	0.014175380638764909	0.0	0.04221546412602855	0.0	0.048818288000365785	0.0	0.011334805078855826	0.0
ENSMUSG00000020780	0.04422466135507802	0.0	0.02685681110218239	0.0	0.0	0.0	0.051977825115139625	0.05541981067238892	0.02753684679717827	0.0	0.0	0.0	0.03410229460192955	0.0	0.03290160090082861	0.0	0.03247280892166897	0.0	0.10987469389841274	0.0	0.0	0.22426094789511072
ENSMUSG00000109336	0.039041358794123765	0.0	0.01722209491549287	0.0	0.0	0.0	0.03689657882493106	0.0	0.026743571652994458	0.0	0.0	0.0	0.024719514632739508	0.0	0.021000690375705785	0.0	0.030893411060097964	0.0	0.14523239993005638	0.0	0.029429635060348864	0.1614113229490047
ENSMUSG00000109214	0.0	0.026279857103846647	0.0	0.0	0.0	0.0	-0.015032162381180627	-0.061647396010164286	0.0	0.02051925143406952	0.0	0.0	0.0	0.0	-0.017271925896851427	-0.03761074314390775	-0.03563413024813301	0.0	-0.17714442775843786	-0.02207783341849005	0.0	-0.03650038049274803
ENSMUSG00000094098	0.03817279598321143	0.0	0.0	0.0	-0.018283681845843218	0.0	-0.06360547439810703	-0.04587363561308669	0.021412015773404958	0.0	0.0	0.025319782852152046	0.037607211258779485	0.0	0.0	0.0	0.0	0.0	-0.04579845133184451	-0.03822083410527078	0.0	-0.07784981751123175
ENSMUSG00000050312	-0.09724635130872558	0.0	-0.01903750120955605	0.0	0.0	0.0	-0.1946579926038342	0.0	-0.09764399529404649	0.0	0.0	0.0	-0.0992302432402106	0.0	-0.08001008660303797	0.0	0.0	0.0	-0.4601997996227684	-0.08016414326831589	-0.09468960337308777	0.1895349810174484
ENSMUSG00000121601	0.01905055436298665	0.0	0.028001174550833917	0.0	0.0	0.0	0.0	0.0	0.021208100785349845	0.015890119290602845	0.0	0.012948371023920047	0.019353385179172178	0.0	0.0	0.0	0.04761121124279755	0.0	0.03980340482736235	0.0	0.02680178575224316	-0.09934415583345661
ENSMUSG00000096199	0.0	0.0	0.010522498720207083	0.0	0.0	0.0	0.05611507706828986	0.04226971061613259	0.02540860720276086	0.0	0.0	0.0	0.0	0.0	0.0	0.0	0.009779760944832017	0.013366950287298777	0.5146352072882376	-0.10060446708320588	0.01855751247839359	0.22005870832818852
ENSMUSG00000026887	0.02196852617185446	0.006287351172299581	0.0076837547254226144	0.0	0.0	0.0	0.0	0.049944490320672844	0.015174139127868587	0.0	0.0	0.0	0.0	0.0	0.0070047923031904625	0.0	0.011968922512391641	0.004188286481462966	0.013670594625779036	0.0	0.0	0.18039050520889885
ENSMUSG00000079283	0.0	0.010747615248574005	0.016337078982601623	0.0	0.0	0.0	0.0480741315241371	0.019639300588864733	0.011354127759484424	0.0	0.0	0.0	0.01071002216570587	0.0	0.0	0.0	0.0	0.008471908525699678	0.47118010778801406	0.0	0.038084883128597015	0.1776495412358004
ENSMUSG00000070780	0.02821893097042506	0.006041225885862145	0.016223406278937556	0.0	0.0	0.0	0.08898586831600588	0.0	0.017338497066335504	0.0	0.0	0.0	0.009626921026678857	0.0	0.010347736617044056	0.0	0.02614979096320436	0.0	0.041003742580453584	0.0	0.025606375900445122	0.0
ENSMUSG00000045664	0.03627235536782217	0.015872824011491652	0.021231702380886803	0.0	0.0	0.0	0.08032533314539417	0.0	0.03147939301208675	0.0	0.0	0.0	0.0	0.0	0.014623287657349826	0.0	0.03166551408451751	0.0	0.12667503338232514	0.0	0.0250063926715496	0.04669529565513687
ENSMUSG00000035172	0.03776608638955336	0.0	0.0	0.0	0.0	0.0	0.1526818836660775	0.0	0.03756716843217917	0.0	0.0	0.0	0.040277257913725203	0.0	0.020488959419350472	0.0	0.026445366350884212	0.0	0.042959238694638226	0.021321470190840193	0.06250335728106446	0.16474304793289657
ENSMUSG00000091318	-0.025342472171859705	0.0	-0.013929661419051982	0.0	0.050924785849559506	0.0	-0.06759086821570047	-0.01908853614364612	0.0	0.0	0.0	0.0	0.0	0.0	-0.03781593224084733	0.0	-0.008564163341136414	0.0	-0.18808805638661352	-0.032728563599054045	0.0	-0.11583228663851972
ENSMUSG00000099452	0.049888528180233295	0.01826199793601877	0.029270960429556413	0.0	0.0	0.0	-0.058367557729985024	0.0	0.023260759293134762	0.0	0.0	0.0	0.04241393605061194	0.0	0.0	0.0	0.0	0.016653244895289267	0.0	-0.04238700183470754	0.013688910519218299	-0.05306900077335187
ENSMUSG00000015001	0.02103778842722545	0.0	0.019353919798045936	0.0	0.0	0.0	-0.040148838247702545	0.0	0.019699739930991913	0.0	0.0	0.0	0.022751357982071112	0.0	0.03014376950266667	0.0	0.02814835763671604	0.0	0.29563453847289617	0.0	0.015755682330957994	-0.11556037390698916
ENSMUSG00000106035	0.00923355228839488	0.008018430399701293	0.0	0.0	0.0	0.0	0.16403774137180502	0.03530942680776098	0.04519000146420346	0.0	0.0	0.0	0.03808549233350359	0.0	0.019140557191006803	0.0	0.0	0.0	0.8760276934936929	0.0	0.14141053069639034	0.2528481702345155
ENSMUSG00000099768	-0.038386807153679675	0.0	0.0	0.0	0.0	0.0	-0.1350538227015988	0.0	-0.007995677313991588	0.0	0.01971367147629266	0.0	-0.016584748587274385	0.0	0.0	0.0	0.0264072552424758	0.0	-0.23685781378998833	-0.034737888021408356	-0.02937039868276546	-0.08696760404624831
ENSMUSG00000032290	0.04166185900921602	0.0	0.020573884512917473	0.0	0.0	0.0	0.02285976490177989	0.046852028229105655	0.029021066807506903	0.0	0.0	0.0	0.027418909895798947	0.0	0.02133651021271361	0.0	0.023608156026607836	0.0	0.08927298875736708	0.0	0.0	0.15606463419055017
ENSMUSG00000115441	0.034943143482074036	0.024623273959394905	0.033313252113644096	0.0	0.0	0.0	0.0	-0.034010742114013615	0.03154794532101499	0.0	0.0	0.025044264571939142	0.02067413733378745	0.0	0.0	-0.03738413989868645	0.042947154090106625	0.0	-0.1015704872650805	0.0	0.0	0.0
ENSMUSG00000033721	0.016751483402001287	0.013102977580532537	0.0	0.0	0.0	0.0	-0.03973958199966911	0.020630414120555676	0.0	0.0	0.011554621374298461	-0.03498141140643895	0.0	0.0	0.008589758001148667	0.0	0.0	0.010716879485635862	-0.1819704755273027	0.0	-0.017345742623688064	0.0
ENSMUSG00000099761	-0.34872258464982286	0.0	-0.17937285536225955	0.0	0.0	0.0	-0.22667449485403163	0.0	0.0	0.0	0.0	0.0	-0.2603713086276214	-0.08416256205371297	0.0	0.0	-0.17582515242802427	-0.09282583779742945	-0.2714375310930156	0.0	-0.22213280699622878	-0.14967826424927358
ENSMUSG00000032018	0.042362829780953494	0.011577372168794809	0.020339598360471653	0.0	0.0	0.0	0.0	0.04851717721453702	0.011471563619767644	0.0	0.0	0.0	0.0	0.0	0.015793411067958046	0.0	0.027454363066800887	0.011812559580463556	0.047052656917625384	0.0	0.0	0.17645660954182574
ENSMUSG00000074366	-0.34073921480221464	-0.17194308059722063	-0.19297382193258963	0.0	0.0	0.0	-0.30790814692810153	0.0	-0.22000430692716116	0.0	0.0	0.0	-0.22813333829893634	0.0	0.0	0.0	-0.2913600152147704	0.0	-0.957072838315438	0.0	-0.3762182182870647	-0.24634237351873797
ENSMUSG00000042433	-0.046950925824754186	0.0	-0.02860125708477157	0.0	0.0	0.0	-0.17031092613080773	0.0	-0.07138975881333642	0.0	0.0	0.0	-0.02887477571279569	0.0	-0.04243594889992577	-0.02689319980742837	-0.02901499023263402	0.0	-0.31309344391295474	0.0	-0.036383294601557516	0.0
ENSMUSG00000094192	0.0	0.0	0.0	-0.006141631169000568	0.0	0.0	-0.09496920253540612	-0.010324448935628143	-0.005110046901867615	0.0	0.0	0.0	0.0	0.0	-0.03558633574129502	0.0	-0.011211268543462164	0.0	-0.03882741772780661	-0.033539189539358645	-0.010259269015236773	-0.1693744941703424
ENSMUSG00000040434	0.045659065590152134	0.0	0.019717915924558373	0.0	0.0	0.0	0.15987723865745923	0.0	0.0282321945251837	0.0	0.0	0.0	0.02169541834582393	0.0	0.0	0.0	0.02079541093147417	0.0	0.1616237846191402	0.020466362261288062	0.0844192471528912	0.052915653406213285
ENSMUSG00000104036	-0.05562895647889702	0.0	-0.07041797500928318	-0.0028264150384218205	0.0	0.0	-0.0999181546349988	0.0	-0.03916518491512656	0.0	0.02777854073443331	0.0	0.0	0.0	0.0	0.0	0.0	0.0	-0.1392673047789885	-0.025891087350456313	-0.0754172445718694	-0.12055258666793994
ENSMUSG00000032034	0.03813468741059851	0.0	0.0333105787791147	0.0	0.0	0.0	-0.04569620046804699	-0.0415549805600444	0.0	0.0	0.0	0.0	0.0	0.0	0.0	-0.02394248414574195	0.03620591871674968	0.0	-0.20344337703780502	-0.03013776577673442	-0.014003390716151854	-0.033842037685169156
ENSMUSG00000024251	0.02916620559219852	0.0	0.0	0.0	0.0	0.0	0.0	0.06039957357179973	0.021883997013947203	0.0	0.0	0.0	0.026068613510223344	0.0	0.026265363618161952	0.0	0.014980304250308052	0.0	0.2832910250946383	-0.11426725651260143	0.03456663278559913	0.1802080764779464
ENSMUSG00000108867	-0.04940807939760043	0.0	-0.04218361944499873	0.0	0.0	0.0	-0.11883545577189665	0.0	-0.035079671791382896	-0.02144558534511931	0.0	0.0	0.0	0.0	-0.05346518128560997	0.0	0.0	0.0	-0.18946885583178344	-0.03461338117872244	-0.023978523807911562	-0.1203375277578289
ENSMUSG00000003429	0.04175322562403574	0.0	0.0	0.0	0.0	0.0	0.39754368121728967	0.019674858828941433	0.032581819423460306	0.0	0.0	0.0	0.035267035113965235	0.0	0.00785423513217598	0.0	0.0	0.008921043253393325	0.8192287972534822	0.0	0.4185796860206694	0.32687282991496563
ENSMUSG00000117282	-0.3186044506873581	-0.19131365934104194	-0.17229677298432167	0.0	0.0	0.0	-0.2762254721185024	0.0	-0.24475338129007873	0.0	0.0	0.0	-0.22143334884770438	0.0	0.0	0.0	-0.30506702219093906	0.0	-0.9960022309157686	0.0	-0.3571639499952006	-0.24983506645132017
ENSMUSG00000029687	0.023754161446152427	0.0	0.0	0.0	0.0	0.0	0.10200826635344777	0.11514268696460171	0.017486233278007055	0.0	0.0	0.0	0.04131374736494439	0.0	0.0	0.0	0.0	0.016358362764322676	0.16058129857238113	-0.1108444573615146	0.026471853094500168	0.2882806382812137
ENSMUSG00000075297	0.0	0.09377609216952916	0.0	0.0	0.0	0.12732498171655993	0.0	-0.19820284081007167	0.0	0.0	0.0	0.0755351738783104	0.0	0.033065335132265984	0.0	0.04186945962856954	0.0	0.0	-0.2320065549541206	0.234133715329952	-0.0565992965891875	-0.29180209651727995
ENSMUSG00000120283	0.02509377956494421	0.0	0.016608299725617594	0.0	0.0	0.0	0.2556474291799056	0.03259812186275315	0.0552358798896412	0.0	0.0	0.0	0.0	0.0	0.0	0.0	0.0	0.010048480666338344	0.9006098770436157	-0.15866610344174353	0.11887517152341759	0.2247336095233821
ENSMUSG00000006800	0.0	0.007059340205035292	0.0	0.012622069789610904	0.03803171206900404	0.0	0.17862858532551923	0.06523737900908026	0.0	0.0	0.0	0.0	0.0	0.0	0.0	0.0	0.01861188331612077	0.011462284210609113	0.3407036700478699	-0.2208790076314312	0.0	0.19306937743787825
ENSMUSG00000085504	-0.01512061482181025	0.0	0.0	0.0	0.0	-0.0005919750971586423	-0.0828327557752888	-0.0004435528595487792	0.0	0.0	0.0	0.0	-0.006935012407425076	0.0	-0.012024109198138391	0.0	-0.01188941663009703	0.0	-0.14055116807711307	-0.01738507873050065	0.0	-0.0404289413228873
ENSMUSG00000113356	-0.32013152030525366	-0.1622148830343444	-0.19217773351297637	0.0	0.0	0.0	-0.29040142396544427	0.0	-0.2181197055063183	0.0	0.0	0.0	-0.21104479404698667	0.0	0.0	0.0	-0.30335121616556737	0.0	-0.9695894674104353	0.0	-0.3990423892721973	-0.26662222160271143
ENSMUSG00000104639	0.03321939591735732	0.0	0.015485565832145776	0.0	0.0	0.0	0.21576369563205852	0.0	0.026059518968908867	0.0	0.0	0.02045054774920682	0.08268908083936953	0.0	0.022169010634749787	0.0	0.031354409529070044	0.0	0.5881668442244241	0.0	0.21518934986017846	0.0
ENSMUSG00000100532	-0.321876031566134	0.0	-0.1800155026859116	0.0	0.0	0.0	-0.279312782717453	0.0	-0.23318297317787492	0.0	0.0	0.0	-0.21429165382411533	0.0	0.0	0.0	-0.3043692899891888	-0.1541153887762739	-0.9961956938486017	0.0	-0.39802548826229334	-0.2513105499743884
ENSMUSG00000113098	0.02925256940451142	0.0	0.0	-0.01711042584823898	0.0	0.0	-0.061270999029562206	0.0	0.0	0.0	0.014039989874287099	0.014700112489224428	0.0	0.0	0.0	0.0	0.013695572313352333	0.014185513929810024	-0.16669280945183484	-0.04581483835478817	0.0	-0.09279457405021116
ENSMUSG00000059455	0.03263950739108663	0.02564961034688271	0.02269098631605627	0.0	0.0	0.0	-0.07126456773918434	0.0	0.0	0.0	0.018745404882621733	0.0	0.0	0.0	0.0	0.0	0.030908754914912094	0.0	-0.1295356554791754	-0.036740084525054936	-0.015032958754647469	-0.0891632046594821
ENSMUSG00000112554	-0.03090384160921202	0.0	-0.03792323620229542	0.0	-0.004825292482210031	0.0	-0.06604626070120638	0.0	-0.07516806086274065	0.0	0.0	0.0	-0.013331172354884393	0.0	0.0	0.043726734543105585	-0.08984548159791055	0.0	0.0	-0.029077347867691162	0.0	-0.09736420777711047
ENSMUSG00000113960	0.0	0.015024485645447727	-0.00824411011305926	0.0	0.0	0.0	-0.0688994885486734	0.0	0.0	0.0	0.0	0.0	0.0	0.0	-0.015982807736754978	0.03642015951953614	-0.006557292857434955	0.0	-0.17742419095564108	-0.03882424825988911	-0.011005706344984566	-0.038258040724141996
ENSMUSG00000121341	0.0	-0.008086888104825211	0.0	0.0	0.0	0.0	-0.06184559106743431	0.0	0.03654865415128434	-0.016915770558486354	0.0	0.0	0.0	0.0	0.0	0.0	0.02602078540247858	0.01609735287973263	-0.21399778545630743	-0.03979865555356062	-0.0132175637222086	-0.15171838530084303
ENSMUSG00000022369	0.03702699423218099	0.008253085677941807	0.014099035331528266	0.0	0.0	0.0	0.0	0.0850451118889117	0.026346499581964455	0.0	0.0	0.0	0.046374085525029245	0.0	0.011774109345442603	0.0	0.019378780848387372	0.0	0.02289438546016057	0.0	0.0	0.22029432260413442
ENSMUSG00000054237	0.02326374095515978	0.012154688622927366	0.0	0.0	0.0	0.0	-0.04782682402449279	0.056024853358866394	0.02031107118534092	0.0	0.008045806821123828	0.0	0.026484628926321464	0.0	0.0	0.0	0.0	0.0	0.08340149389587194	0.0	0.015276512473880108	0.18534969584522715
ENSMUSG00000043727	0.03717307716533312	0.024830808040884663	0.0	0.0	0.0	0.0	-0.04453645234471527	0.0	0.024329496645856492	0.0	0.0	0.0	0.025164597407336998	0.0	0.022308376883018934	0.0	0.03494399244707596	0.0	-0.06329260428112829	-0.03080882654712153	0.0	-0.07059866065592328
ENSMUSG00000112354	0.021690226136962674	0.0	0.015032171607985388	0.0	0.0	0.0	-0.05473999873226512	0.0	0.01768236043977701	0.0	0.0	0.0	0.0129777313881414	0.0	0.0	0.0	0.023761581171836667	0.014712852094137025	-0.12642793187877865	-0.051931156160903595	0.0	-0.13223958381629802
ENSMUSG00000034362	0.04363984373347424	0.0	0.0	0.0	0.0	0.0	-0.040776795656657094	-0.014845260511203662	0.01570450045913749	0.01718133171568237	0.0	0.020108223368717978	0.0	0.0	0.0	0.0	0.01972990792613016	0.0	-0.08216464969469468	-0.05574466197640809	0.0	-0.0825543997924933
ENSMUSG00000066122	0.03007159845926683	0.0	0.0	-0.012258026189616298	0.0	0.0	-0.05694064330808829	-0.03157260994822074	0.022437387084105382	0.02036136051693105	0.0	0.0	0.0	0.0	0.0	-0.012218690851240346	0.0	0.0	-0.02781821778574338	-0.03573906444949937	0.0	-0.09164929246634125
ENSMUSG00000086954	-0.014495987750968201	0.014550079553428519	0.018107111709052746	0.0	0.0	0.0	-0.1080964410907639	0.0	0.016263851245614337	0.0	0.0	0.0	0.0	0.0	-0.048950873267442324	0.0	0.0	0.0	-0.11601493760862644	-0.043417064082990606	-0.012419439819793545	-0.07029288650546141
ENSMUSG00000048720	0.018548678950779208	0.0	0.0	0.0	0.0	0.0	0.11345746625945918	0.053165902365298945	0.0	0.0	0.0	0.0	0.020740389390673297	0.0	0.019381452653753708	0.01984205377104218	0.018167131348701182	0.0	0.15356050647212943	0.0	0.042159861560953374	0.2248463464670163
ENSMUSG00000101925	0.035700157394415274	0.03199320740307337	0.027629249118948183	0.0	0.0	0.0	-0.04410822908935621	-0.0537801485352816	0.022045375881076624	0.0	0.017006471189331632	0.0	0.03178711815531754	0.0	0.0	-0.02876077416162845	0.04577159980037996	0.0	0.0	0.0	0.0	0.0
ENSMUSG00000114005	0.03323642620104578	0.0	0.020002037595186747	0.0	0.0	0.0	0.0	0.0	0.01285923222177093	0.0	0.0	0.0	0.011389716764425972	0.006090781119623266	0.020538762573351348	0.0	0.030478606151457234	0.0	0.0	-0.05303572537250296	0.011011628493809192	-0.07454258911865318
ENSMUSG00000045009	0.031220944517844813	0.0	0.0	0.0	0.0	0.0	0.19396253909176564	0.0	0.030170357499938547	0.0	0.0	0.0	0.04615066384559331	0.0	0.015906990635147212	0.0	0.010085758536438894	0.0	0.4432720548140139	0.016358308963237634	0.12800681935171473	0.1164075164242669
ENSMUSG00000033237	0.03521290684060531	0.0	0.0	0.0	0.0	0.0	0.05693698097325801	0.05092531707878618	0.026803096820097252	0.0	0.0	0.0	0.05134506450758387	0.0	0.020778534557076313	0.0	0.016445594555797083	0.0	0.12189276558515512	0.0	0.0392513048686045	0.2225910329201588
ENSMUSG00000052336	-0.1099783198048165	0.0	-0.16161638020513902	0.0	0.0	0.0	-0.2438930134911461	0.0	-0.15624498533821096	0.0	0.0	0.0	-0.05273127510961295	0.0	-0.06079004309548015	0.0	-0.10669770863038697	0.0	-0.8481837397635749	0.0	-0.1661965724789705	-0.06782957686125757
ENSMUSG00000082534	0.0620186206495778	0.0	0.04304672954498154	0.0	0.0	0.0	-0.08579663608723363	0.0	0.0	0.023922565225989664	0.0	0.0	0.0	0.0	0.01889231385369718	0.0	-0.01707873728941195	0.0	-0.21272309588804322	-0.04739976760376681	0.020533542378717327	-0.085708870106011
ENSMUSG00000094584	0.04773714687298709	0.028937761819436175	0.042477324855726646	0.0	0.0	0.0	-0.05123514391672963	0.0	0.024825821815452436	0.0	0.0	0.0	0.0	0.0	0.0	0.0	0.052063118130598086	0.01937800134810347	-0.23726914774054367	-0.033936707997867833	0.0	-0.08735007396043273
ENSMUSG00000086126	0.025971460795921983	0.016920403537984886	0.0	0.0	0.0	0.0	0.09409867161397491	0.0	0.038967534607165705	0.0035218215230497507	0.0	0.0	0.010600473415072201	0.0	0.005430033535210943	0.0	0.023911412053434222	0.0	0.07919811267027078	0.0	0.02726368351331039	0.0
ENSMUSG00000092457	-0.019706515458978356	0.0	0.025558508789667644	0.0	0.0	0.0	-0.021250652596017928	-0.01824783473526852	0.0	-0.0268759303601508	0.0	0.0	0.02413695850876653	0.0	0.0	0.0	0.03844061465421001	0.0	-0.13867786570536528	-0.0332312147472083	0.0	-0.15579785289181536
ENSMUSG00000099190	0.03360155756119367	0.0	0.0	0.0	0.0	0.0	0.0	0.0	0.017470720912646304	0.023065819825984775	0.0	0.01081813695663449	0.01867487747761576	0.0	0.0	0.0	0.01957099593982814	0.015719032509935414	-0.04904692722473284	-0.02842723841355896	0.0	-0.07202359728954087
ENSMUSG00000086056	0.023402333936056823	0.0	0.0	0.0	0.0	0.0	-0.07098075300184657	0.0	0.014509514173709919	0.018456753985639996	0.013417488495870588	0.0	0.0	0.0	0.0	-0.009827945774940894	0.015255864395802317	0.0	-0.16524895887076332	-0.04493033266200986	0.0	-0.1033339030206438
ENSMUSG00000097634	0.02204252989175576	0.0	0.012390129570423257	0.0	0.0	0.0	0.09022415411107912	0.0	0.019210376953417492	0.009965058682747505	0.0	0.01772272430422431	0.0	0.0	0.010553031024942316	0.0	0.03252285301281848	0.0	0.0	0.0	0.015391315179900188	-0.08746141980598911
ENSMUSG00000037992	0.03310541695858623	0.003590634464076037	0.010329247757441777	0.0	0.0	0.0	0.1637307770831743	0.0	0.02832392317940208	0.0	0.0	0.0	0.027206430604551798	0.0	0.013053237790160085	0.0	0.023001237008187903	0.0	0.4965988573750159	0.0	0.15372116614503464	0.0
ENSMUSG00000111235	0.020205999350279797	0.0	0.0	0.0	0.023823795168256993	0.0	-0.06912287517227017	0.0	0.02752511776917816	0.01865714343953323	0.0	0.017719944280348232	0.0	0.0	0.0	0.0	0.04084398035829484	0.0	-0.11301278157023693	-0.037562570902218304	0.0	-0.10479414273779832
ENSMUSG00000085931	0.0	0.015431372366837868	0.0	0.0	0.0	0.0	-0.03542810064357616	0.0	0.0	0.01141508541116096	0.010367413796074268	0.018401658183239245	0.0	0.007637904578299715	0.0	0.0	0.0	0.012125841983421889	-0.1212622838770601	-0.047583838406825535	0.0	-0.12205165442772054
ENSMUSG00000045813	-0.019301392425962606	0.0	-0.019087909034332575	0.0	0.0	0.0	-0.0972983488486665	-0.02497320625302958	-0.03753678545302476	0.0	0.0	0.0	0.0	0.0	-0.018087183361570003	0.0	0.0	0.0	-0.22991428488912913	-0.02654893439970889	-0.03462525461126089	-0.07729490968297127
ENSMUSG00000066009	-0.2946169488843777	-0.17074259053760832	0.0	0.0	0.0	0.0	-0.2902068835267208	0.0	-0.2553441225147087	0.0	-0.17009737924605406	0.0	-0.2387103710262526	0.0	0.0	0.0	-0.3117455775730109	0.0	-0.9815275283819114	0.0	-0.3535292023170323	-0.26617475081455855
ENSMUSG00000110914	0.013880576431895997	0.0	0.016846755173666007	0.0	0.0	0.0	-0.05186355088516593	0.021668711060521068	0.0	0.0	0.0	0.0	0.0	0.0	0.03179205185817135	0.0	0.0463370932750152	0.0	-0.3547917545437062	-0.0456455754539281	-0.02871637430549184	-0.08810870106083767
ENSMUSG00000022756	0.0674782484660256	0.021627774933858476	0.03981415902617828	0.0	0.0	0.0	0.0854932928025644	-0.043841259657753644	0.02314451382942226	0.0	0.0	0.0	0.0	0.0	0.0	-0.03372118228554037	0.047766561786795766	0.0	-0.07084978869863055	0.0	0.0	-0.028525190004994982
ENSMUSG00000104788	-0.0480586719961667	0.0	-0.01681243049121164	0.0	0.0	0.0	-0.10521401304111105	0.0	-0.08154830473601885	-0.005156697673797894	0.0	0.0	-0.005917097322420431	0.0	0.0	0.0	0.0	0.0	-0.04465900406785313	-0.022878570926575886	-0.009693195794491337	-0.09927188226517279
ENSMUSG00000114241	0.04663296622385096	0.0	0.0	0.0	0.0	0.0	0.13850637112303607	0.06251219362921645	0.0	0.0	0.0	-0.053441074663324754	-0.06333885290909357	0.0	0.0	0.0	0.02145910713037913	0.0	0.8839106471011473	-0.14336706078286102	0.06664047922764335	0.2608685205259932
ENSMUSG00000034135	0.03638951213028112	0.0	0.0	0.0	0.0	0.0	0.05352409357510911	0.040440248515915794	0.0265496165481226	0.0	0.0	0.0	0.03182671850991942	0.0	0.029660524877159693	0.0	0.030693189125352276	0.0	0.08648800758529959	0.0	0.03506052744453507	0.17372373913459407
ENSMUSG00000028415	0.049229126529290415	0.0	0.017952134386214378	0.0	0.0	0.0	0.0	0.0	0.02946051964083049	0.012969158518423257	0.0	0.0	0.030166868993527943	0.0	0.01641346087165219	0.0	0.034207681859937236	0.0	0.03939712940384914	0.0	0.02641041899892571	-0.09482461856460483
ENSMUSG00000087441	0.03974380429336292	0.0	0.03530153601471564	0.0	0.0	0.0	-0.047884404794867746	0.0	0.03879113545091315	0.0	0.0	0.0	0.025630226934804653	0.0	0.013814516954450153	0.0	0.04364601581560698	0.0	0.19042840883758064	0.0	0.01556704373051225	-0.04123454071205457
ENSMUSG00000083674	0.05078951127119628	0.0	0.022016575687868165	0.0	0.02871873507824789	0.0	-0.03630790353865331	0.0	0.0	0.019017044767878626	0.0	0.0	0.031651406427844773	0.0	0.0	0.0	0.05784417628564608	0.017122626720542405	0.0	-0.045424398262125014	0.0	-0.056029506874225844
ENSMUSG00000091275	0.05031939730962759	0.010491713802221764	0.03897606314624189	0.0	0.0	0.0	0.0	0.0	0.034919108830707764	0.0	0.0	0.0	0.023467353400748073	0.0	0.015091369750588324	0.0	0.04418353597459679	0.007076789133369038	0.041995603424782826	0.0	0.0	-0.07051036484574512
ENSMUSG00000027184	0.0	0.0	0.0	0.005388526934020366	0.0	0.0	0.23499957759575266	0.07705723040840078	0.0	0.0	0.007841921518137075	0.0	0.04456977456088404	0.0	0.006166622447757895	0.0	0.0	0.010076767908475616	0.6256365742690423	0.0	0.1172141059078579	0.3916753343226261
ENSMUSG00000103088	0.028094075283515568	0.006187115640548857	0.012814178467310623	0.0	0.0	0.0	0.13615364654911663	0.0	0.021564233571492904	0.0	0.0	0.0	0.025678283378319938	0.0	0.013572201510581248	0.0	0.020629545558559007	0.0	0.3923357353673228	0.0	0.10318323740638634	0.0
ENSMUSG00000062012	0.033204265218645515	0.0	0.0	0.0	0.0	0.0	0.20726840571215846	0.039677811943025165	0.029269104638259782	0.0	0.0	0.0	0.04771032921486729	0.0	0.021816650332387142	0.0	0.0	0.013598557696843483	0.25888115524665867	0.0	0.12125071547658314	0.17836977950103974
ENSMUSG00000120414	-0.05031309751239801	0.009439074207260936	0.02245983712910146	0.0	0.0	0.0	0.0	0.013970594780313384	0.0	0.0	0.0	-0.028064204677195503	0.027222746056445098	0.0	0.0	0.0	0.015815806942414558	0.0	0.43274714337677483	0.0	0.013791246074892696	0.07278820122706538
ENSMUSG00000093725	0.055302041470131014	0.0	0.0	0.0	0.05988594253165543	0.0	-0.10838571081659819	0.0	0.0	0.0	0.0	0.0	0.020222145588042945	0.0	0.0	0.019281288212032392	0.043228055631351514	0.0	-0.14116178916089192	-0.054698667951449835	-0.018911696603842055	-0.08801339811559582
ENSMUSG00000061778	-0.06687168308115342	0.0	-0.016766790718466984	0.0	0.07691569178223279	0.0	-0.1017843286411579	0.06534059111796439	-0.03827888220707095	0.0	0.0	0.0	-0.04444140445399867	0.0	-0.02204567797296181	0.0	0.0	0.0	-0.22487933082969228	0.0	-0.04177099361240994	0.0
ENSMUSG00000024012	0.0426808654370008	0.0	0.0	0.0	0.0	0.0	0.1021563028616543	0.024292421625156657	0.035585378115982266	0.0	0.0	0.0	0.02420234248388212	0.0	0.023081729343798946	0.0	0.027372993867908646	0.0	0.31156636818132677	0.0	0.02966895467333364	0.15811321122947455
ENSMUSG00000110831	0.0	0.024450887454378595	0.0	0.0	-0.006023376203003882	0.0	-0.009186278506335702	-0.05260406602570246	-0.004620214287984358	0.0	0.013907549755586113	0.0	0.0	0.0	0.0	-0.03160437879759803	0.0	0.0	-0.14426928461505087	-0.030269743991789843	0.0	-0.04011388837884387
ENSMUSG00000091061	-0.02262271906325601	0.0	-0.02586212703088668	0.0	0.0	0.0	-0.033382728967542505	-0.02167345051121667	-0.02706935400907618	0.0	0.0	0.0	0.0	0.0	-0.015072380621678858	0.0	-0.011285411039536342	0.0	-0.17828016267480876	-0.03912464662023839	0.0	-0.13634881204339439
ENSMUSG00000116197	-0.054599259959063964	0.0	-0.035341948755466215	0.0	0.05558542513988829	0.0	-0.06535731764404845	0.0	0.0	0.0	0.0	0.0	-0.02524249669448708	0.0	0.0	0.0	-0.029436232050631783	0.0	-0.5121598104812852	-0.01381231617476873	-0.03902086969986765	-0.09112341474060255
ENSMUSG00000099552	0.0	0.0	-0.008041524917431922	0.0	0.0	0.0	-0.08004974408991519	-0.03483659346196842	0.0	0.030183568568619812	0.0	0.03255227886931115	0.0	0.0	-0.01691293180988972	-0.020718474693642252	-0.013496498041941642	0.0	0.0	-0.018079020816872	0.0	-0.02642250698164401
ENSMUSG00000034394	0.050791244302383395	0.0	0.02852797128300613	0.0	0.0	0.0	0.1637241825144251	0.0	0.029963720224124087	0.0	0.0	0.0	0.03202040741747724	0.0	0.023451896365432708	0.0	0.0391312063308595	0.0	0.3479931823015032	0.0	0.1324868389099378	-0.04992233793696077
ENSMUSG00000096370	0.02758675501086082	0.0	0.0	0.014077102498393002	0.0	0.0	0.2847846376478663	0.07951475926300702	0.0	0.0	0.0	0.0	0.0493936225016843	0.0	0.02248802565061088	0.0	0.0	0.015160910611596978	0.6287396842654612	0.0	0.15395942843850385	0.376862947706223
ENSMUSG00000026725	0.025527380572135702	0.02094044929766358	0.021714540902090615	0.0	0.0	0.0	0.0	0.0	0.012702723588518983	0.019883922746736157	0.0	0.0	0.0	0.0	0.0	0.0	0.025706009160308674	0.015317207744889181	-0.12956902855668306	-0.0407749453398812	0.0	-0.10653293864940942
ENSMUSG00000028551	0.0	0.0	0.005460550773392608	0.0	0.0	0.0	0.18717149646893907	0.005114161023746427	0.0	0.0	0.0	0.0	0.008187744648832379	0.0	0.0027340597868614758	0.0	0.00907426009801699	0.0	0.20211261499166092	0.01212977484849829	0.08955105071004962	0.1061909708597491
ENSMUSG00000106735	0.026246956720777613	0.0	0.035651096960549605	0.0	0.0	0.0	0.06094440126698804	0.0	0.026810706753928062	0.0	0.0	0.05611663372047389	0.0	0.0	0.017745706384094118	0.0	0.021512310992135054	0.0	-0.06393987272930632	0.0	0.021062357100745336	-0.0832638236964363
ENSMUSG00000035441	0.02382743741067285	0.0	0.00864766417290659	0.0	0.0	0.0	0.0	0.02079048686619968	0.011287182219109503	0.0	0.0	0.0	0.014339575133300392	0.0	0.008352511909132727	0.0	0.014361812172384959	0.0023368941891576123	0.0	0.0	0.003686430090312302	0.14454084693171745
ENSMUSG00000051705	0.00817471908794737	0.0	0.005666086267015924	0.0	0.0	0.0	0.04409666795298756	0.09392237331398617	0.008617439456624966	0.0	0.0	0.0	0.025958825944766704	0.0	0.0	0.0	0.010805116431263213	0.0	0.20639842245519915	0.0	0.015043172304813978	0.291305661761133
ENSMUSG00000039737	0.04761510485051901	0.0	0.0	0.0	0.0	0.0	0.043099393345260424	0.055324598322399166	0.03751808493189833	0.0	0.0	0.0	0.0342315441541364	0.0	0.033117940452664585	0.0	0.029268934480265463	0.0	0.27738437938587135	0.0	0.04853318596786565	0.30021448193046946
ENSMUSG00000036282	0.0	0.0	0.0	0.0	0.03980314867036658	0.0	0.1390261014826148	0.12326483524058546	-0.060583756364088755	0.0	0.0	-0.05811846041456292	0.0	0.0	-0.06403454921486146	0.022566937770059872	0.0	0.0	0.19618727579296832	0.0	0.056404546918547724	0.29065112366100315
ENSMUSG00000107044	-0.006576196548138324	0.0	-0.011527798411290426	0.0	0.039085594520883116	0.0	-0.10021439564066356	0.0	-0.011104244416734379	0.0	0.0	0.0	0.0	0.0	-0.0295380336880057	0.0	0.0	0.0	-0.1834676927235543	-0.041253932035559354	-0.019575304506039132	-0.09744196933692441
ENSMUSG00000071767	-0.03101763343731235	-0.025683059126894045	0.0	0.0	0.0	0.0	-0.03133230340577986	-0.06857021904165717	-0.044177760082372564	-0.016791598344483794	0.0	0.0	0.0	0.0	0.0	-0.021399313383903263	0.0	0.0	-0.08812769760637276	0.0	-0.057826157850810904	-0.09408459114219705
ENSMUSG00000117048	0.0618962998194432	0.0	0.029021335379310783	0.0	0.0	0.0	0.11162329391990738	0.0	0.06408251239258471	0.0	0.0	0.0	0.05420686992965967	0.0	0.04283877854398584	0.0	0.036289143082504	0.0	0.3245842925790764	0.0	0.06381103127643946	-0.0867621146984856
ENSMUSG00000029309	0.038200805824222674	0.0	0.024607895866294076	0.0	0.0	0.0	0.06994374957569983	0.0	0.025864055248583897	0.0	0.0	0.013657896002242209	0.02897882963812725	0.0	0.02139825638124224	0.0	0.038360367856661026	0.0	0.40874802247902914	0.0	0.038156689046598406	0.0
ENSMUSG00000111803	0.01395986371959787	0.01897112431358641	0.015673963194072108	0.0	0.0	0.0	-0.06786969006136938	0.0	0.0	0.0	0.015487997672490263	0.027161462600772558	0.0	0.0	0.0	0.0	0.036184643096056526	0.0	-0.14673899788043038	-0.041237152926996236	0.0	-0.10711964612569874
ENSMUSG00000073652	0.02780554588915037	0.0	0.0	0.0	0.0	0.0	0.16981597800950182	0.032918295491470656	0.02798634608587345	0.0	0.0	0.0	0.03538866847901132	0.0	0.016282446178594107	0.0	0.0	0.0162658065298098	0.47183141800249034	0.0	0.08668849093563886	0.1451344070682889
ENSMUSG00000041765	0.03583297158131514	0.0	0.015088897690199499	0.0	0.0	0.0	0.022742626441872908	0.09452158748905444	0.02185475507657987	0.0	0.0	0.0	0.03341728558283453	0.0	0.03275759605912752	0.0	0.019660978645700856	0.0	0.05998226732945162	0.0	0.0	0.2950851174339415
ENSMUSG00000042772	0.0214832169230703	0.0	0.0	0.011667036276175047	0.0	0.0	0.1493690104814758	0.11681657032445206	0.0	0.0	0.0	0.0	0.053284843905853176	0.0	0.0	0.01348215557507051	0.0	0.013792828837386412	0.20229868744087778	0.0	0.07021714870499247	0.4213239872006595
ENSMUSG00000056281	-0.08419735140322995	0.0	-0.060091028910881236	0.0	0.0	0.0	-0.18197024974182233	0.0	-0.05560379175041693	0.0	0.0	0.0	-0.049135231045465244	0.0	-0.04591930149932305	0.0	-0.05038202872698853	0.0	-0.1309648588526218	0.0	-0.0742101009400574	-0.21170707202757036
ENSMUSG00000001829	0.04179215665847354	0.0	0.02687525661904586	0.0	0.0	0.0	0.04387221717046102	0.02005079514190189	0.0350064148894979	0.0	0.0	0.0	0.025297004487027885	0.0	0.020032470027161256	0.0	0.028591331150428244	0.0	0.0924030350256157	0.0	0.0	0.1752661034525025
ENSMUSG00000052014	0.025559168427284323	0.0	0.0	0.0	0.02023373457219497	0.0	-0.03822519698875656	0.014078714239009332	-0.019876401224660986	0.021782624764666598	0.0	0.0	0.0	0.0	0.0	0.0	0.04516014474613193	0.0	-0.1403250858538735	-0.04367306737141313	0.0	-0.11129688412047414
ENSMUSG00000027157	-0.0466903850216449	0.0	-0.03206273077649202	0.0	0.0	0.0	-0.03905650222476799	-0.021938074196159008	-0.04300279340180897	0.0	0.0	0.0	0.0	0.0	-0.028196630700546666	0.0	-0.024100742429118128	0.0	-0.14210059581499948	-0.035362502605779174	0.0	-0.12158640618439688
ENSMUSG00000040565	0.02789004245375547	0.0	0.0	0.0	0.0	0.0	0.043790538558263405	0.09292274305950438	0.015223660474712533	0.0	0.0	0.0	0.033146415100741164	0.0	0.0	0.01009903937530754	0.012126620165191858	0.0	0.09800252771758015	0.0	0.03641935678665722	0.25266031977599834
ENSMUSG00000027312	0.026711437161541958	0.008304577150006405	0.006080691372659925	0.0	0.0	0.0	0.0	0.06079632906150057	0.009049056818579924	0.0	0.0	0.0	0.020623579131441548	0.0	0.0049954139967902655	0.0	0.017269858810300378	0.0	0.0	0.0	0.013189694237465941	0.17882766450191548
ENSMUSG00000020427	0.03669220362069272	0.0	0.030523593507255205	0.0	0.0	0.0	0.046070187553348525	0.019728970459811486	0.025291837997899233	0.0	0.0	0.0	0.0	0.0	0.0	0.0	0.042063979169801605	0.0	0.0665919502727261	0.013731594856637663	0.03099993916084329	0.13984109765467648
ENSMUSG00000035024	0.023670944614565283	0.007269245078186215	0.0	0.0	0.0	0.0	0.014214289654753909	0.09957576048986991	0.017479425330093484	0.0	0.0	0.0	0.0	0.0	0.015592505730545764	0.00676184226615003	0.009761923396833726	0.012254838713283782	0.0	0.0	0.0	0.24828385601798444
ENSMUSG00000022463	0.03300834966292703	0.0	0.0	0.0	0.0	0.0	0.1543472031343767	0.07454250078733192	0.0260117284192181	0.0	0.0	0.0	0.048266509960256714	0.0	0.027999745957150837	0.0	0.009516577840158691	0.0	0.18919485645575526	0.0	0.07069678427249805	0.3325060155763665
ENSMUSG00000109389	0.0	-0.007062068991189136	0.0	0.0	0.0	0.0	-0.040732324145558635	-0.026534500497516596	0.0	0.0	0.0	0.02766653049117528	0.0	0.0	-0.028238825069778095	-0.010733866366848177	0.020999847240866176	0.0	-0.08292443444805916	-0.03355573863990211	0.0	-0.07739785144963941
ENSMUSG00000041377	0.03341353255844641	0.0	0.016740006463660993	0.0	0.0	0.0	0.08249874985410666	0.0	0.026166747829546366	0.0	0.0	0.013202828050100833	0.01790703471556044	0.0	0.007876878190902548	0.0	0.030653970270590095	0.0	0.38153870250523386	0.0	0.05281492515114576	0.0
ENSMUSG00000092202	0.01438891137904514	0.0	0.13050529028598062	0.0	0.022974221222258603	0.0	-0.03445205375003257	0.035489166609013814	0.0	0.0	0.08568025704795114	0.0	0.0	0.0	0.02518424527712241	0.0	0.05561276986446211	0.0	-0.18302638424709802	0.0	0.0	-0.10593332852495774
ENSMUSG00000087238	0.03411161791503847	0.0	0.02943184721589182	0.0	0.0	0.0	0.021957614644169444	0.0	0.03747512437877636	0.0	0.0	0.017341579299700705	0.02964578051356654	0.0	0.028802906650408196	0.0	0.04090310653284636	0.0	0.08500493357491268	0.0	0.05877678238259923	0.0
ENSMUSG00000043931	0.044679666288373276	0.021326044332815472	0.0	0.0	0.0	0.0	-0.06380822897422563	0.0	0.0368794063752533	0.0	0.0	0.02092891197019277	0.0	0.0	0.0	-0.02214862304309	0.0	0.0	0.035476346390195306	-0.023706306886966642	-0.021371712887750124	-0.09925055602459121
ENSMUSG00000048251	0.027693029177292928	0.006872834345804685	0.021189561345877517	0.0	0.0	0.0	0.08997371099146857	0.0	0.015775474561642213	0.0	0.0	0.0	0.011948757694991381	0.0	0.014986393170027784	0.0	0.026348570605531408	0.0	0.021530859266427903	0.0	0.0	0.011200490887749217
ENSMUSG00000068506	-0.04480479633749341	0.0	-0.07425956625873663	0.0	0.0	0.0	-0.09769604260354901	0.0	-0.08005756844301529	0.0	0.0	0.0	-0.06462274329595494	0.0	-0.05759721061611159	0.0	-0.08624150018769004	0.0	-0.30398448617019197	-0.02109222243627773	0.0	-0.10118481955506291
ENSMUSG00000118339	0.0	0.0	0.039407743451822456	0.0	0.0	0.0	0.17520311540084102	0.0	0.06430256377188824	0.0	0.0	0.04717232186444599	0.016177902493936556	0.012690501369581275	0.0	0.02493712296218001	0.04352116367231388	0.0	0.561012568232039	0.0	0.07923753590250274	0.0
ENSMUSG00000032985	0.0	0.010694190997448618	0.0	0.0	0.0	0.0	-0.04536822064454129	0.024310701072743073	0.0	0.0	0.008777773462560146	-0.051848885381768274	0.013424386557978599	0.0	0.0	0.0	0.012260742361857596	0.0	0.06023076534351821	0.0	0.018000250967773742	0.10949562224866578
ENSMUSG00000115986	0.017188566646623632	0.0	0.0	0.0	0.0	0.0	-0.053852561163876295	0.0	0.015972196577547348	0.017193878942400934	0.0	0.0	0.02320794723370075	0.0	0.0	0.0	0.04080003312454506	0.020576699323391196	-0.17139550948742788	-0.040365318219182655	0.0	-0.1045023072968752
ENSMUSG00000089761	-0.10400389570128452	0.0	-0.05986571576372172	0.0	0.0	0.0	-0.1366633132318767	-0.08897479963404602	-0.06540335598314527	0.0	0.0	0.0	-0.04463402381348491	0.0	-0.0671363492379641	0.0	-0.050781433297766694	0.0	-0.16301723034418505	0.0	0.0	-0.09486397047696137
ENSMUSG00000022445	0.0	0.03341526107540454	-0.03618812373662129	0.0	0.022826444062210422	0.0	-0.09446661801962064	0.0	0.0	0.0	0.02120981840543953	0.01776906233377107	0.0	0.0	0.0	0.0	0.02409767272597977	0.0	-0.703340700442908	0.0	-0.11271555051483453	-0.08088429051849033
ENSMUSG00000025389	0.053261286593915394	0.0	0.0	0.0	0.0	0.0	0.16685156718134334	0.0	0.034096029324670436	0.0	0.0	0.016657232894931838	0.0180547401078201	0.0	0.021977515806282384	0.0	0.02730442671634327	0.0	0.5693971634438504	0.0	0.06824143509085127	-0.06026606154111214
ENSMUSG00000098959	0.06115655785108166	0.02024642507327018	0.0	0.0	0.0	0.0	-0.07426318679983748	0.0	0.0	0.020236871771949824	0.0	0.0	0.02585263969673807	0.0	0.0	0.0	0.023239310974615016	0.02124680709737891	-0.09076490042276075	-0.0287118126200915	0.0	-0.08977034755207759
ENSMUSG00000022956	0.04800403873240887	0.0	0.017273846009817406	0.0	0.0	0.0	0.0846120538725207	0.05027919284474557	0.030090526448725015	0.0	0.0	0.0	0.027307823568144138	0.0	0.0	0.0	0.023439255433244977	0.0	0.2864118967069899	0.0	0.045138074344967825	0.2768775801796096
ENSMUSG00000005124	0.046313795603283026	0.0	0.03830580953946273	0.0	-0.022251781736354045	0.0	0.0	-0.047991916144683865	0.04138765509334862	0.0	0.0	0.0	0.0	0.0	0.0	-0.028627614818438087	0.05224728190872791	0.0	-0.18486354954276765	-0.031026842752084907	-0.02205255170917178	0.0
ENSMUSG00000026914	0.0	0.006461933054711763	0.0	0.0	0.0	0.0	0.03361281506116439	0.10559088058887509	0.0	0.0	0.0	0.0	0.01745146419795054	0.0	0.0	0.0	0.015105810285384177	0.008415559175710987	0.1374111877907667	-0.03655817135629669	0.03408024062619633	0.25625371776074757
ENSMUSG00000046185	0.030442605572771595	0.016178866927463842	0.029289268575198327	0.0	0.0	0.0	0.025163540460088733	0.02866014773186036	0.03857444076524007	0.0	0.0	0.0	0.018828426976435858	0.0	0.0	0.0	0.03595635196020966	0.0	0.15290205601662915	0.0	0.0	0.15740084721625056
ENSMUSG00000037720	0.02490499041915154	0.0	0.0	0.0	0.0	0.0	0.08848783867559376	0.07508995798490216	0.013608066215658687	0.0	0.0	0.0	0.018276022680323713	0.0	0.020645178613801028	0.0	0.01547074357797401	0.0	0.41186040160704496	0.0	0.055835560877804315	0.28611050128194976
ENSMUSG00000079547	0.03307961491355839	0.015278122358746118	0.036035969909225314	0.0	0.0	0.0	0.0	0.0	0.027295959096931825	0.0	0.0	0.026097202688355144	0.0	0.0	0.014970047860793532	0.0	0.047383606785935076	0.0	-0.09451125041528134	-0.029514151872230235	0.0	-0.05465240993513834
ENSMUSG00000092619	-0.3147819851895853	-0.18579518297794628	-0.19143428947306387	0.0	0.0	0.0	-0.2974787587219597	0.0	-0.2345097972940803	0.0	0.0	0.0	-0.23222985524820264	0.0	0.0	0.0	-0.30946837007107164	0.0	-0.9471228404962246	0.0	-0.3755626082880907	-0.24431166706201018
ENSMUSG00000062661	0.046155099841207484	0.01008106229996647	0.02451134002253751	0.0	0.0	0.0	0.08360864664260961	0.0	0.0244623838386162	0.0	0.0	0.0	0.020973965915857803	0.0	0.0163716996828926	0.0	0.03200358409629973	0.0	0.0	0.0	0.025556021539795474	0.06674901413428537
ENSMUSG00000042873	0.031598928141377575	0.008076048008377523	0.02234813344379203	0.0	0.0	0.0	0.059458190593337575	0.0	0.020636676439110713	0.0	0.0	0.0	0.0	0.0	0.014693341101897437	0.0	0.030274828607922768	0.0	0.052652519220051514	0.0	0.025719330435879078	0.05564657046020348
ENSMUSG00000110588	0.04088946676149465	0.0	0.0	0.0	0.0	0.0	0.20322385618825967	0.02315672088176442	0.016103615609816	0.0	0.0	0.0	0.08206469783105597	0.0	0.015368336295167987	0.0	0.0	0.0	0.8318748391903492	0.010405383064350016	0.2716687381560671	0.29910538768381406
ENSMUSG00000091216	-0.035021923856838014	0.0240039849649671	0.06650824150480224	0.0	0.0	0.0	0.12923410935361088	0.010723703048249766	0.0	0.0	0.0	0.01594204003140736	0.0	0.0	0.0	0.009199686850287455	0.08611351369725356	0.0	0.2333373213824908	0.0	0.0	-0.055209899930104125
ENSMUSG00000085256	0.0	0.009069961782308289	0.0	0.0	-0.059591396061487285	0.0	0.09028959953364894	0.007005650179075507	0.0554364036812095	0.0	0.009890955123026682	0.0	0.05813950660901338	0.0	0.0	0.0	0.0	0.0	0.2776920854878814	0.0	0.13136426906390547	0.07907197945767992
ENSMUSG00000029330	0.03462180559771686	0.0	0.018697689676064024	0.0	0.0	0.0	0.04745246201092941	0.0	0.031416284899395255	0.0	0.0	0.0	0.023834889826863652	0.0	0.02189204699040007	0.0	0.029772130528666084	0.0	0.029153151351852275	0.0	0.017762338120900445	0.09416908126332485
ENSMUSG00000021069	0.03175019792402159	0.0	0.02463911876147221	0.0	0.0	0.0	0.07125703429436682	0.0	0.0	0.016939702400204495	0.0	0.04861277133335215	0.0	0.0	0.017061884301636625	0.0	0.04686795300262755	0.0	-0.08923464839884075	-0.04239557211022913	0.0	-0.0955541828812735
ENSMUSG00000068115	0.03549558088433969	0.0	0.0	0.0	0.0	0.0	0.06192450980995338	0.04740902097588072	0.022444761373958344	0.0	0.0	0.0	0.029217287161857196	0.0	0.024958134333857514	0.0	0.0238264411645809	0.0	0.29136542624187484	0.0	0.0494714739114433	0.18420987593149946
ENSMUSG00000021262	0.0407352879080229	0.0	0.02263591172487074	0.0	0.0	0.0	0.03618136441622841	0.03812217615708002	0.027577656240818895	0.0	0.0	0.0	0.024651059951169826	0.0	0.02689547085722852	0.0	0.021389905448571944	0.0	0.04017390495157926	0.0	0.0	0.15964930617522438
ENSMUSG00000033111	0.0	0.10895496140745124	0.0	0.0	0.0	0.11890627531226397	-0.10506261506240455	-0.23878235957451327	0.0	0.03856643973494625	0.0	0.06278417968848549	0.0	0.0	0.0	0.0	0.0	-0.0356343364472099	-0.12807876307117214	0.24754314391885915	0.0	-0.3270327509952838
ENSMUSG00000097018	0.04806057013092551	0.0	0.026597557818818632	0.0	-0.039656908026375975	0.0	0.08739181114501074	-0.04158644111386117	0.0524472224299884	0.0	0.0	0.0	0.02542854481071909	0.0	0.0	-0.034340451877324825	0.06055608895985023	0.0	0.0	0.0	0.04502508532918261	0.0
ENSMUSG00000106753	-0.13633305870765616	0.0	-0.02880233458486965	0.0	0.0	0.0	-0.1371048203612884	0.0	-0.007253764064086261	0.0	0.0	0.0	-0.016677498345342025	0.0	-0.005069865923307715	0.0	0.0	0.0	-0.07891722988784612	-0.0180375570532822	-0.018620535614039854	-0.07624287227590884
ENSMUSG00000025102	0.04755585574333707	0.009604900172144484	0.01582595446049229	0.0	0.0	0.0	0.0	0.03053431162482596	0.020446322800627043	0.0	0.0	-0.03371847486370644	0.0	0.0	0.0	0.0	0.014352504787840108	0.0	0.1308535881891888	0.0	0.051908597405364985	0.10320798444337415
ENSMUSG00000114188	0.023828268426928638	0.009900386424815716	0.0	0.0	0.0	0.0	0.0419986063681777	0.0	0.016056397509315982	0.0	0.0	0.0	0.015219197389005967	0.0	0.017100197340547824	0.0	0.03199970440658361	0.0	0.08784702617717308	0.0	0.007863333364338143	0.04516068742168049
ENSMUSG00000032578	0.018711642219024844	0.008189614906637084	0.010773108122764094	0.0	0.0	0.0	0.13205309536419021	0.0	0.01247597668988218	0.0	0.0	0.0	0.024865708667321115	0.0	0.0	0.0	0.024278952694827906	0.0	0.23644758045983288	0.00467944984075519	0.06982695321280362	0.0
ENSMUSG00000026628	0.03188512311144553	0.0	0.024776014234811825	0.0	0.0	0.0	0.12036046299802171	0.0	0.03189002334115393	0.0	0.0	0.019337516705912286	0.017859926012356017	0.0	0.0	0.0	0.03381186886046755	0.0	0.3214749395863596	0.0	0.020902625397613287	-0.09619386107852546
ENSMUSG00000070815	0.019594193164514623	0.018335136510805698	0.01988487199277163	0.0	0.0	0.0	-0.0477707676137072	0.0	0.020500249102869527	0.015836041569266903	0.0	0.0	0.01064890314721878	0.0	0.0	0.0	0.0	0.0	-0.1673702854072105	-0.0447586975392653	0.0	-0.10452435441716314
ENSMUSG00000034168	0.0	0.0	0.0	0.0	0.0	0.0	0.314378613104544	0.03745875076287997	0.012752365859747261	0.0	0.014594741058435357	0.0	0.05872551172854556	0.0	0.0138112528111673	0.0	0.0	0.0	0.4676782995437594	0.02257316019336942	0.2467325760562798	0.21615845418293783
ENSMUSG00000072964	-0.06506188781408144	0.0	-0.038829183653227586	0.0	0.058012847755140394	0.0	-0.06241528425485481	0.07968276617524118	-0.038976895552355395	0.0	0.0	0.0	-0.09830087962533231	0.0	-0.0819529723170976	0.0	0.0	0.0	0.05400201768544033	0.0	0.0	0.14285924162439653
ENSMUSG00000062444	0.03598111806556039	0.0	0.019329350986041827	0.0	0.0	0.0	0.07358411052745549	0.0	0.024717239319155097	0.0	0.0	0.0	0.029266661787086604	0.0	0.017603022809487598	0.0	0.02847777329346664	0.0	0.279217456144456	0.0	0.038188734001233356	0.09288303352946603
ENSMUSG00000056679	-0.06649535791638955	0.0	0.0	0.0	0.06332132046546836	0.0	0.0	0.06643497951343806	-0.06546071462658404	0.0	0.0	0.0	-0.020041408538820787	0.0	0.0	0.019229581249862543	0.0	0.0	-0.22783417034253953	-0.01487370413971978	-0.03931299021136455	0.04848422972334571
ENSMUSG00000070504	0.0454081853476884	0.0	0.03448508013404133	0.0	0.0	0.0	-0.1133253437201866	0.0	0.0	0.0	0.018843659759362735	0.015430262369276304	0.0	0.0	0.0	0.01956721476030255	0.035355849933509494	0.0	-0.174324336295364	-0.048128919391097154	0.0	-0.09672855889965441
ENSMUSG00000032807	0.03606741995811113	0.02006049208491831	0.023732565180764054	0.0	0.0	0.0	0.05090424874682736	0.0	0.026160830657370977	0.024796418267728146	0.0	0.0	0.0	0.0	0.0	0.0	0.05843070068363391	0.0	-0.08543264101325358	-0.03170793798362648	0.0	-0.04020194530643889
ENSMUSG00000112219	-0.04785310541959565	-0.009820996226709622	-0.01572971940412471	0.0	0.0	0.0	-0.12590024017561013	0.0	0.0	0.0	0.0	0.0	0.0	0.0	-0.03488409989554293	0.0	-0.03257528185993477	0.0	-0.16439341420555462	-0.030989179510107472	-0.023396142515608224	-0.1261326558760184
ENSMUSG00000071984	-0.3299054469979086	-0.18718550411034238	0.0	0.0	0.0	0.0	-0.2766642369464607	0.0	-0.22908550676706793	0.0	0.0	0.0	-0.22362460588938526	0.0	0.0	0.0	-0.2922612764113093	-0.17056313978388093	-0.967138122868771	0.0	-0.3991756017312057	-0.2570919133159039
ENSMUSG00000034151	-0.017010519974311418	0.0	-0.018802996159305273	0.0	0.0	0.0	-0.09390673839205155	0.0	-0.02033582416256694	0.0	0.0	0.0	0.0	0.0	-0.03214836031927565	0.0	-0.015587559324048997	0.0	-0.11601787120434824	-0.03330206199879911	-0.007029718357421777	-0.11530699582175384
ENSMUSG00000024246	0.02720072795741677	0.006519019037986615	0.011052837111275403	0.0	0.0	0.0	0.0	0.0026474569566068973	0.017558363729515622	0.0	0.0	0.0	0.011619706358872665	0.0	0.0	0.0	0.00922460258041631	0.003056336072479297	0.2077142376742343	0.0	0.0	0.16149735580496344
ENSMUSG00000110286	0.030593205598279438	0.0	0.02529854843894018	0.0	0.0	0.0	-0.049012107356364555	0.0	0.02574797007009139	0.014697471803277656	0.0	0.0	0.0	0.0	0.017713677703151045	0.0	0.023490069244818633	0.0	-0.10532896822058711	-0.031388377203853665	0.0	-0.09686760844979315
ENSMUSG00000103655	0.02397338286707802	0.0	0.016242323038294874	0.0	0.0	0.0	0.022125429087244932	0.0	0.01587020493610038	0.013394155190425874	0.0	0.01661961223078103	0.0	0.009869845991623894	0.0	0.0	0.03660517127917507	0.0	-0.14887142307034457	0.0	0.0	-0.0690372863387786
ENSMUSG00000029089	0.016212089956876143	0.009687202312610332	0.010624391587910835	0.0	0.0	0.0	-0.06064785182165145	0.01876125497536147	0.0	0.0	0.0	-0.04302164319450222	0.0	0.0	0.009741233467594186	0.0	0.012460114899366428	0.0	0.12141201465680063	0.0	0.0	0.13763039756820258
ENSMUSG00000101342	0.0	0.0	0.0	0.0	0.0	0.0	-0.026340888313145402	0.0	0.023293167674866985	0.016698175662281933	0.0	0.0	0.0	0.0	0.028985399270890496	0.0	0.02691106288283451	0.017508525237227093	-0.2980800466991009	-0.03895755400842975	-0.015848100030185712	-0.11496041219428364
ENSMUSG00000019853	0.027369555451999608	0.0	0.015375467867124792	0.0	0.0	0.0	-0.048207992490911206	-0.018292053465678818	0.02279869104588093	0.0	0.0	-0.022918526083942483	0.03666505576873101	0.0	0.0	-0.016611487620478645	0.022128486792377344	0.0	-0.0239577968669248	0.0	0.0	0.0
ENSMUSG00000029059	0.0	0.024763685703605588	0.04941196658321889	0.0	0.0	0.0	0.0	0.0	0.043510940212466785	0.0	0.020672876532571494	0.0	0.040487144861573954	0.0	0.021120194439503547	0.0	0.03753722557499925	0.0	0.10956359204800199	0.0	0.026209118732321655	0.07434869387977545
ENSMUSG00000103810	0.0	0.0	-0.014430122838739323	0.0	-0.0047552192753509415	0.0	-0.06812863121179716	-0.013620440290641859	-0.03032045622745636	0.0	0.0	0.0	0.0	0.0	-0.03609329056846532	0.0	0.0	0.0	-0.1611677696782759	-0.04207088545197901	-0.03747356267622579	-0.12032340309790203
ENSMUSG00000102046	0.0	0.0	-0.0062670491649102385	-0.00718882705121743	0.0	0.0	-0.03161283308129015	0.0	0.0	0.02717691824341806	0.0	0.0	0.0	0.0	0.0	-0.005886103359010226	0.0	0.016676136172055822	-0.09342963579482653	-0.045464717243989594	-0.016794494908209518	-0.1509556870020993
ENSMUSG00000115419	0.04751127027004939	0.0	0.0	0.0	0.0	0.0	-0.08135028654367386	-0.014882165466281743	0.0	0.0	0.0	0.0	0.02942218930892082	0.0	-0.04647264017517638	0.0	0.03562204303043303	0.0	-0.1514662591695023	-0.052606229188386325	-0.02798004321149693	-0.12161083268758863
ENSMUSG00000021260	0.038908131681175254	0.011446146553459935	0.0	0.0	0.0	0.0	0.11018479197716813	0.0	0.01666141222414037	0.0	0.0	0.0	0.03167187095871576	0.0	0.01398005596099841	0.0	0.02796425331814433	0.0	0.14637995986082913	0.0	0.0728192241088971	0.019679325067362953
ENSMUSG00000021750	0.048522787779659515	0.025650541973355118	0.031503896404225136	0.0	0.0	0.0	0.037892047893240036	-0.050658290741556644	0.0	0.025399078444425894	0.0	0.0	0.0	0.0	0.0	-0.04009200139749224	0.04764937629621163	0.0	-0.15265841463929078	0.0	0.0	-0.07144435080924104
ENSMUSG00000094893	0.059093803405241827	0.023221305859172824	0.028269398837999324	0.0	0.0	0.0	-0.0489451884656416	0.0	0.033161957263329385	0.0	0.0	0.0	0.0	0.0	0.0	0.0	0.05865188107645851	0.021617724208381997	-0.14545737516156296	-0.03607741119975004	0.0	-0.09071464916938617
ENSMUSG00000021870	-0.3283486603217053	-0.16935189389455996	-0.18889755453086668	0.0	0.0	0.0	-0.27264527308259107	0.0	-0.22766024316972125	0.0	0.0	0.0	-0.2592633009798031	0.0	0.0	0.0	-0.2808542668838058	0.0	-0.9554589807092769	0.0	-0.3939224039424796	-0.25629277730742545
ENSMUSG00000100786	0.04320466438019452	0.0	0.020912447073230256	0.0	0.0	0.0	-0.04654552132079791	0.0	0.0	0.016472267641759755	0.0	0.0	0.017978473204287863	0.0	0.018125383662124617	0.0	0.053839170244303514	0.0	-0.09950856410750276	-0.03400903504033614	0.0	-0.05783578623706567
ENSMUSG00000009646	0.0	0.0	0.027037754972723788	0.0	0.0	0.0	0.020618668822822615	-0.04645005824144812	0.03405083435704344	0.0	0.0	0.0	0.023344322967734525	0.0	0.02559217605523605	-0.037540759796442294	0.045592214481889395	0.0	-0.06580091017386566	0.0	0.0	-0.06364655058349812
ENSMUSG00000066752	0.0	0.0	-0.009600251037954319	0.0	0.0	0.0	-0.14755178601016308	-0.010868305793762745	0.0	0.0	0.0	-0.033537498197622195	-0.029100534061051286	0.0	-0.11278706546691768	-0.013746422423234822	-0.08001013632288594	0.0	-0.013895939747159363	-0.01409141834212673	0.0	0.0
ENSMUSG00000004994	0.04398340632526555	0.014949100868969653	0.027875708057518718	0.0	0.0	0.0	0.0	0.025328742308349576	0.030833382653527402	0.012096963434052532	0.0	0.0	0.0	0.0	0.0	0.0	0.02690297186241715	0.0	0.13545790825183737	0.012007262713057798	0.0	0.18695634760756924
ENSMUSG00000026273	0.044579306711826354	0.012553475306680073	0.019288076776692465	0.0	0.0	0.0	0.042654956922330976	0.014315093060278117	0.04219263962768836	0.0	0.0	0.0	0.0	0.0	0.0	0.0	0.024071043149562772	0.0	0.5029784364982359	0.0	0.027110472675292478	0.13293914995378533
ENSMUSG00000017119	0.035579578967864116	0.0	0.0	0.0	0.0	0.0	0.1402147199470876	0.07970402797543838	0.03175274368104229	0.0	0.0	0.0	0.05006421683854333	0.0	0.03087793666699476	0.0	0.018169518469763446	0.0	0.4004477210909926	0.0	0.09049205402817123	0.3050692280367691
ENSMUSG00000038876	0.0	0.0	0.01117643053310513	0.0	0.0	0.0	0.14556921585201876	0.09511906169357459	0.0	0.0	0.0	0.0	0.03220780980493724	0.0	0.0	0.017117944793552973	0.01665971622247771	0.015956323460434765	0.30637322175577497	0.0	0.038367315628769626	0.17304115998710437
ENSMUSG00000033323	-0.19477387520931955	0.0	0.0	0.0	0.0	0.0	-0.2739763310376942	0.0	-0.08381921029887572	0.0	0.0	0.0	-0.1160753003402101	0.0	-0.10996433058221962	0.0	-0.13301236917399742	-0.08152022774284351	-0.6823890758937935	0.0	-0.18820085413416945	-0.22904435635210546
ENSMUSG00000035495	0.028790032026473202	0.0	0.015168350044575741	0.0	0.0	0.0	0.0	0.10084849939608655	0.02248102758144768	0.0	0.0	0.0	0.0	0.0	0.034640721611801706	0.007857536839260748	0.01833801024351917	0.005900213969084689	0.11026433138690939	0.0	0.0	0.2882007298560105
ENSMUSG00000076433	0.0	0.01604116382811972	0.012701993127655	0.0	0.0	0.0	0.0	0.0	0.030048017797559962	0.0	0.0	0.0	0.025742336520906378	0.0	0.011693541296795687	0.0	0.04369895687074972	0.013439095347949187	-0.16611637411376998	0.0	0.010649377470501197	-0.045280154729719184
ENSMUSG00000075304	0.0	0.0	0.012604242328758609	0.0	0.0	0.0	0.20452928668854573	0.0	0.05122166692982733	0.0	0.0	0.011677915986091074	0.07001078297201142	0.0	0.047763236074480936	0.0	0.032726402287773695	0.0	0.2629016399975515	-0.060094086932157675	0.16323953645642378	0.0
ENSMUSG00000051435	0.03156800040030983	0.009002120116110155	0.018567173722196486	0.0	0.0	0.0	0.037518513261185125	0.0	0.029614999394400675	0.0	0.0	0.0	0.014837924978036135	0.0	0.012403612856120912	0.0	0.030353111081023273	0.0034565708297359665	0.0	0.0	0.011602435557154898	0.0
ENSMUSG00000023993	0.05783587334285277	0.0	0.02542805367586004	0.0	0.0	0.0	0.04602660414113835	0.0	0.025573764655329193	0.0	0.0	0.03959186369192896	0.020329071024903233	0.0	0.043059145528856944	0.0	0.049912915950240964	0.0	0.0833899002369527	0.0	0.0	-0.12865682018927138
ENSMUSG00000066030	0.027671149920845815	0.0	0.0	0.0	0.0	0.0	-0.06782709128243217	0.0	0.0217246346206776	0.01044397478746667	0.012408358296406404	0.015211782136451031	0.014317082365011223	0.0	0.0	0.0	0.0	0.0	-0.16299253637291872	-0.049572730736941996	0.0	-0.10428405293958323
ENSMUSG00000084980	0.05077518224282179	0.0	0.016696733028484304	0.0	0.0	0.0	0.0	0.0	0.024399475269057717	0.014640445978852876	0.0	0.009927450085437217	0.023249288095052296	0.0	0.02018073664128435	0.0	0.04684850845516102	0.0	0.0	0.0	0.03932836790780253	-0.08488549990266972
ENSMUSG00000000739	0.045530396127958714	0.016657987634027135	0.024875879810454426	0.0	0.0	0.0	0.0	-0.054688359560855104	0.03400450780683219	0.0	0.0	0.0	0.013808708550055854	0.0	0.023270368736854157	0.0	0.03736719353243991	0.0	0.10271059569780708	0.0	0.022534707025448224	0.0
ENSMUSG00000100586	-0.08153650143868531	0.0	-0.02893858137926413	0.0	0.0	0.0	-0.08090666484014482	0.0	-0.022335944894292664	-0.02176488185770915	0.0	0.0	-0.018818208164693817	0.0	0.0	0.0	-0.03894068805754527	0.0	-0.18025266211678173	-0.037810155119691914	0.0	-0.12058248226333271
ENSMUSG00000081166	0.0	0.0	0.0	0.0	0.0	0.14040596265217575	-0.14013004139828736	-0.15085393754712526	0.0	0.0	0.0	0.0	-0.04960318529158632	0.0	-0.15941297218146228	0.0	0.0	-0.06686122384476537	-0.3963194174644314	0.3180588145359376	-0.0861081798557886	-0.2980928383787761
ENSMUSG00000116709	0.0	0.0	0.021383854481892235	0.0	0.0	0.0	-0.04589023710187632	0.0	-0.02588370986458319	0.0	0.013990727526083272	0.012919646038962729	0.0	0.0	0.0	0.0	0.02316549307709519	0.01652852289504993	-0.20647823992406383	-0.03555665989816756	0.0	-0.11835672260125754
ENSMUSG00000024897	0.02022261505652087	0.014664317852332914	0.019379698719230933	0.0	0.0	0.0	0.010116939509771728	0.0	0.011834513154956382	0.010198799880026331	0.0	0.0	0.0	0.0	0.014309191591271912	0.0	0.021184622112350487	0.0	-0.13365460026933096	0.0	0.0	0.03532376331560615
ENSMUSG00000071256	0.038201092701248426	0.0	0.0	0.0	0.0	0.0	0.1528253453369243	0.04432645518285864	0.037521861673502875	0.0	0.0	0.0	0.03717932485872	0.0	0.022575441722548738	0.0	0.0	0.0	0.3083807745980839	0.01913145798101501	0.06881793936683622	0.1892965399098656
ENSMUSG00000002635	0.042657072872726826	0.0	0.012056152342932891	0.0	0.0	0.0	0.03506407652878129	0.04267744434284191	0.024911064096013166	0.0	0.0	0.0	0.0	0.0	0.01472898988586294	0.0	0.017254620249423043	0.0	0.3583331751608701	0.0	0.03561730545628536	0.29982642764885686
ENSMUSG00000114790	0.031613230796731326	0.020997310384696176	0.019096919814931314	0.0	0.0	0.0	-0.05068935379518725	0.0	0.021915712905819267	0.0	0.0	0.0	0.0	0.0	0.0	0.0	0.027715846703927023	0.015785618863663753	-0.08149407906502766	-0.04713980755105267	0.0	-0.11269581539368383
ENSMUSG00000025983	0.01511702890200239	0.020659124230146195	0.015137494711018338	0.0	0.0	0.0	0.0	0.0	0.016714857849774414	0.0	0.0	0.0	0.010460817752450386	0.0	0.005031291763331586	0.0	0.016745070174971368	0.009276879854048967	-0.09576727316350717	0.0	0.0	0.08745458011377813
ENSMUSG00000075517	0.058710809036249985	0.0	0.0	0.0	0.0	0.0	-0.030456808835375538	0.0	0.027042922838078066	0.0	0.0	0.030365196413586516	0.035899014170865925	0.0	0.0	0.0	0.055524879822901906	0.0	-0.187858660801412	-0.051922560547232315	-0.020200866302740816	-0.09735473916284197
ENSMUSG00000038591	0.0	0.0	0.0	0.0	0.0	0.0	0.012822279180161492	0.0	0.0	0.011238183464426819	0.009573834143525051	0.010264147861898776	0.02075337116732315	0.0	0.0	0.0	0.016247977728389564	0.013384560158374553	-0.2137722371845281	-0.05139010218367253	0.0	-0.0982373925994489
ENSMUSG00000106367	0.0	0.038092149772967196	0.0	0.0	0.0	0.0691981405969955	-0.10338409803032159	-0.13237945980357987	0.0	0.0	0.018276031433251735	0.0704562147892992	0.0	0.0	0.0	0.0	0.021598443059639677	0.0	-0.1351009174149567	0.017345674660492083	0.0	-0.22256337012488378
ENSMUSG00000116881	0.0	0.0	0.0	0.0	0.0	0.0	-0.12750677031312116	-0.0262432678267075	-0.01651578571928058	-0.012061300599014533	0.0	0.0	-0.00512686500429782	0.0	-0.05163664370788082	0.0	-0.03665440813672458	0.0	-0.23288959854877211	-0.023371454938484998	0.0	-0.09104363109881304
ENSMUSG00000053091	0.033938325180314984	0.009696984357131856	0.017170119442834763	0.0	0.0	0.0	0.0	0.09388143983397863	0.0	0.008220990945723927	0.0	-0.038417828598597985	0.0	0.0	0.0	0.02053252890069842	0.017743937848787507	0.0	-0.06915516570531671	0.0	0.0	0.22459668692888948
ENSMUSG00000048534	0.04575844656222167	0.0	0.027365524882876566	0.0	0.0	0.0	0.0	0.0	0.022626221329147683	0.0	0.0	0.0	0.020548379538879162	0.0	0.01891203594705379	0.0	0.04416526216918151	0.013790144048022621	-0.12914343814244006	-0.05478729402339975	0.0	-0.11276833154028809
ENSMUSG00000112988	0.0287151515847909	0.017976720011724068	0.025804102532312717	0.0	0.0	0.0	-0.08394633362405396	0.0	0.023210807107379643	0.0	0.0	0.01857065627840665	0.0	0.0	0.0	0.0	0.0	0.02608481029914261	-0.3161702278515022	-0.038942979835237555	0.0	-0.1164256524106323
ENSMUSG00000085352	0.0	0.0	-0.007715214956555392	0.0	-0.0029702963283264063	0.0	-0.05387966852498706	-0.046619722367491	-0.0059003330150288295	0.0	0.0	0.0	0.0	0.0	-0.017645116689450905	-0.013031170231920717	-0.01955928742946919	0.0	-0.02532963130371294	-0.0018764598050660108	0.0	0.0
ENSMUSG00000031131	-0.06922640442997045	0.0	-0.0396436405099412	0.0	0.0	0.0	-0.12419983972041174	0.0	-0.07797410408455975	0.0	0.0	0.0	-0.045765804535053495	-0.027662202818161008	0.0	0.0	-0.03720496149920863	0.0	-0.19725621971006366	0.0	-0.08257865267134752	-0.12217958759910272
ENSMUSG00000047976	0.0	0.0	0.0143597134436564	0.0	0.0	0.0	0.11652949320887154	-0.046378672929295955	0.011086768997703554	0.0	0.0	0.007640728589019823	0.030870535140841163	0.0	0.013478905310114132	0.0	0.02654003518862092	0.0	0.026566946442053263	0.0	0.035984514677415036	0.0
ENSMUSG00000031540	0.04142864546747901	0.0	0.0	0.0	0.0	0.0	0.08965969653873596	0.09551184772880711	0.034712132513102935	0.0	0.0	0.0	0.03912129699927544	0.0	0.03220351110496757	0.022261028639282365	0.0	0.0	0.1412750886516513	0.0	0.03296320794808749	0.27029726272938076
ENSMUSG00000015536	0.026021616868422123	0.0	0.012271100791917736	0.0	0.007094044094890645	0.0	0.0	0.03241118052156835	0.0	0.0	0.0	0.0	0.0	0.0	0.01184195707043463	0.0	0.01174979221297307	0.007950054834948015	0.0517914735393146	0.0	0.010813743518986136	0.07289957272887163
ENSMUSG00000099633	-0.323805569822805	-0.190786515395319	0.0	0.0	0.0	0.0	-0.2851050929715005	0.0	-0.2510207038643142	0.0	0.0	0.0	-0.21985844499303586	0.0	0.0	0.0	-0.3067779251537636	-0.16279395965358048	-0.9808379951485829	0.0	-0.37060586978252325	-0.2411032780368098
ENSMUSG00000090145	0.024724913257669536	0.0	0.02623599808121419	0.0	0.0	0.0	0.0	0.0	0.01642617219073928	0.0	0.0	0.0	0.01799956143515124	0.0	0.01277122483286458	0.0	0.026263432425299656	0.01385067509329941	-0.08535303021078174	-0.04507763637056189	0.0	-0.11515153610537801
ENSMUSG00000030500	0.0	0.023128622093113768	-0.009653052729191395	0.0	0.0	0.0	0.0	-0.05022231655001304	-0.015276975828513308	0.0	0.0	0.0	0.0	0.0	0.0	-0.02349617919738611	0.01636913654999267	0.0	-0.17241135835323454	-0.018561036333655963	-0.008566363691399794	-0.03228645374108473
ENSMUSG00000020910	0.04369133314087794	0.0	0.0	0.0	0.0	0.0	0.15965998394669476	0.07338350548771361	0.040379203049999354	0.0	0.0	0.0	0.044871844892004464	0.0	0.023593002915524113	0.0	0.0	0.01900333254115516	0.3642470320329637	0.0	0.08220139986269744	0.2285360894080485
ENSMUSG00000116665	0.018722048259528265	0.0	0.014820471150542294	0.0	0.0	0.0	0.0	0.0	0.03769987255003944	0.011697400132369223	0.0	0.0	0.0	0.0	0.016276698915839778	0.0	0.027911938213265326	0.012305053712469823	-0.1691146924662814	-0.04982492209539846	0.0	-0.08487709083605871
ENSMUSG00000086805	0.0320705322689952	0.0	0.02367205343865075	0.0	0.0	0.0	0.09302553616927613	0.0	0.028743013469698025	0.0	0.0	0.0	0.007212998608338425	0.0	0.009939280152989505	0.0	0.02389610893455531	0.0	0.05980396914454898	0.0	0.013210930453548172	-0.09996985785758086
ENSMUSG00000007836	0.0	0.0	0.0	0.01689346347438832	0.0	0.0	0.4263258642901805	0.08207573910479284	0.0	0.0	0.016720576435954346	0.0	0.059610271314392324	0.0	0.0	0.0	0.013426894245119225	0.013862068647050724	0.6763545409221713	0.0	0.3294593204884964	0.4084072718405459
ENSMUSG00000037353	-0.3018206453075877	0.0	-0.1965047155311697	0.0	0.0	0.0	-0.2977070664004201	0.0	-0.22437932525730636	0.0	-0.1657433269983235	0.0	-0.23834440031694135	0.0	0.0	0.0	-0.3208352969122447	0.0	-0.990139865887802	0.0	-0.3654410410631759	-0.23177967114726328
ENSMUSG00000107144	0.0	0.015123846774167227	0.03638280675543272	0.0	0.0	0.0	-0.03986595943958764	0.0	0.03084542292505059	0.0	0.01774475664865812	0.0	0.0	0.0	0.0	0.0	0.030222358207590887	0.020837535988732295	-0.14806363951727683	-0.04060358849050624	0.0	-0.10302661328526008
ENSMUSG00000020660	0.011766727062766325	0.0	0.016277331790859873	0.0	0.0	0.0	0.20762562287597974	0.0	0.005698083676309751	0.0	0.0	0.014622014975414915	0.04533386470937867	0.0	0.0331997417399731	0.0	0.02919896645537598	0.0	0.3234685823492607	0.0	0.2248547917339128	0.0
ENSMUSG00000055561	-0.004995165940234414	0.0	-0.014258284358446154	-0.005585067092721045	0.0	0.0	-0.08545885913907551	0.0	-0.007849170421120984	0.0	0.0	0.0	0.0	0.0	-0.00771794511758571	0.0	0.0	0.0	-0.19241693336258323	-0.03476574254137675	-0.012682680270552029	-0.09310785939798234
ENSMUSG00000105152	0.0	0.0	0.0	0.0	0.02456532875562934	0.0	-0.044997169429308446	0.0	0.02880424829526807	0.022273320875062133	0.0	0.0	0.0	0.0	0.027020019280856716	0.0	0.034879495675236745	0.0	-0.13921457354560987	-0.0387312135203609	-0.01869032616053737	-0.0728152885572304
ENSMUSG00000021668	0.014119561077637822	0.0	0.007414069968423052	0.0	0.0	0.0	0.0	0.09583958286904654	0.0	0.004628218717077026	0.0	0.0	0.012308947413222065	0.0	0.0	0.01523895323964798	0.0080826532097178	0.0	0.028723880107164732	0.0	0.015899283261935092	0.2391253610594369
ENSMUSG00000024993	0.021244750413365536	0.01586056364040913	0.0	0.0	0.0	0.0	0.0	0.021060011453551016	0.0	0.0	0.007941996026648124	-0.04879585984794187	0.005226071724102943	0.0	0.009493352208493072	0.0	0.007935667771128018	0.0	0.10261828178220159	0.0	0.0	0.12454802345909988
ENSMUSG00000028599	0.035113726964738155	0.02166160045868969	0.025280464379376512	0.0	0.0	0.0	0.03885787823132194	0.0	0.03633160052382013	0.0	0.0	0.0	0.025864473824774113	0.0	0.018173569260583097	0.0	0.03601232396728891	0.0	0.014750094547045846	0.0	0.010868965367309413	0.0
ENSMUSG00000096318	-0.08293759690227813	0.0	0.0	0.0	0.0	0.0	-0.20352403128932792	0.0	-0.044523072816246484	0.0	0.0	0.0	-0.165900333735596	0.0	-0.046038010653492556	0.0	-0.15732817854760486	-0.12379813105943928	-0.5096088995237782	0.0	-0.07720234274068892	-0.15509145520850726
ENSMUSG00000103411	0.0	-0.0029558976403855075	-0.036112318561092635	0.0	0.0	0.0	-0.25462638875022064	0.0	-0.039364343737877595	0.0	0.0	0.0	0.0	0.0	-0.06996426049041007	0.0	-0.05425252611166402	0.0	-0.03235456203995211	-0.017911147067241315	-0.06155947914189119	-0.05395065009635017
ENSMUSG00000047441	0.031220900856826578	0.018288884337851665	0.026253996593559287	0.0	0.0	0.0	0.0	0.0	0.025636125395061233	0.0	0.0	0.0	0.0	0.0	0.026288311289084047	0.0	0.039121013270144944	0.01645634166801302	-0.22126442383654318	-0.05544617498105329	0.0	-0.10430937735257295
ENSMUSG00000111514	0.031893492641647904	0.008451000503361122	0.031951306810484886	0.0	0.0	0.0	0.05754183168915111	0.0	0.029590696515492895	0.006528696303928605	0.0	0.0	0.023066475968729228	0.0	0.0	0.0	0.037403037501113665	0.0	0.22866613946699618	0.0	0.06222191579207193	0.0
ENSMUSG00000111982	-0.010134369876794258	0.0	-0.04507170349862928	0.0	0.0	0.0	-0.04631898534629896	-0.02535629903900037	0.0	0.0	0.0	0.026382596691529814	0.030477762750857455	0.0	0.0	-0.017724275814180665	0.0	0.0	-0.1939599112331254	-0.027639469079845946	0.0	-0.057368978498696016
ENSMUSG00000042406	0.023319700890154248	0.0	0.0	0.0	0.0	0.0	0.3793210497322818	0.009570944741708054	0.04559034915304411	0.0	0.012913723122318302	0.0	0.06012417329132481	0.0	0.0	0.0	0.0	0.012373786321525903	1.2370287635727506	0.0	0.3976164916517103	0.30488154908400317
ENSMUSG00000099973	-0.08908985398263504	-0.06921376725416484	0.0	0.0	0.0	0.0	-0.21463653310548708	0.0	-0.10472042188987793	0.0	0.0	0.0	-0.20114492579116802	0.0	0.0	0.0	-0.23118036781815487	-0.1266631377667078	-0.47756138761009126	0.0	-0.13583636273812494	-0.18757110605924432
ENSMUSG00000028435	0.049701387112897816	0.0	0.008571224044571904	0.0	0.0	0.0	0.13304167702820666	0.0	0.029973222447849775	0.0	0.0	0.0	0.0	0.0	0.00903011847743011	0.0	0.009297586441306294	0.0	0.562636805220202	-0.06194741580797289	0.04433858130036887	0.04406159824472182
ENSMUSG00000052446	0.04187777394168937	0.0	0.0	0.0	0.0	0.0	0.18090802840895562	0.0606212569075136	0.02841332845263818	0.0	0.0	0.0	0.05790618101170151	0.0	0.02429784861019168	0.0	0.0	0.012051463254969752	0.5392754872484586	0.0	0.10496596672067597	0.2029169428078599
ENSMUSG00000086736	-0.05404582783566334	-0.018192114718520114	-0.02292763140826064	0.0	0.0	0.0	-0.11869780106587638	-0.057144101589759154	-0.07843204286673598	0.0	0.0	0.0	0.0	0.0	-0.026143081226622643	0.0	-0.018870550346644335	0.0	0.0	0.0	-0.050634704102739604	-0.12522707849976172
ENSMUSG00000118028	0.03519719026330022	0.021973952883943583	0.0201985146533728	0.0	0.0	0.0	-0.05988146807689809	0.0	0.027459987457091686	0.0	0.023355345292218156	0.0	0.0	0.0	0.0	0.0	0.033452089716694916	0.0	-0.1997885664412305	-0.035515914765556926	0.0	-0.07318935441936808
ENSMUSG00000068246	0.05932078297969228	0.02337592422257874	0.031303575996384815	0.0	0.0	0.0	0.0	0.0	0.032130505230204914	0.025803212084750678	0.0	0.0	0.0	0.0	0.027753365357582906	0.0	0.049321684122691625	0.0	-0.11762981435052544	-0.044698076011203014	0.0	-0.0709204856055065
ENSMUSG00000099468	0.038792884823162246	0.0	0.035864593695046125	0.0	0.036646787809228816	0.0	-0.06650509806834055	0.0	0.0	0.025230253240304673	0.0	0.0	0.0	0.0	0.0	0.0	0.04833383579715257	0.018684114132545792	-0.12417155000083949	-0.04927235233321725	0.0	-0.09344720062054072
ENSMUSG00000018909	0.02036898329124152	0.010262071777980148	0.023533078132722762	0.0	0.0	0.0	0.05912821283513822	0.0	0.022774840947001825	0.007837579900639102	0.0	0.0	0.0	0.0	0.017292955431791015	0.0	0.03395894645535378	0.0	-0.06014173229210259	0.0	0.0	0.03349130853434825
ENSMUSG00000037705	0.03264136340124467	0.0	0.02964094680500801	0.0	0.0	0.0	0.0	0.0	0.021864760903963065	0.0	0.0	0.0	0.018526806680253416	0.0	0.0	0.010229670032468802	0.030041397309400822	0.018586875200785054	-0.1877373643147682	-0.0402453284395407	0.0	-0.051279794576801103
ENSMUSG00000103213	0.0	0.015249659312911388	0.046199302333675	0.0	-0.03955417417363852	0.0	0.0	0.0	0.02914075862162637	0.0	0.0	0.015436221742561672	0.018948570456383335	0.0	0.0	0.0	0.03731817876212009	0.0	0.14472246622937934	0.0	0.013320158914703726	-0.04050381192330979
ENSMUSG00000072774	0.029220802994830954	0.014739890338988855	0.014603334980355358	0.0	0.0	0.0	0.0	0.0	0.025358069030761134	0.0	0.0	0.0	0.018307840826836612	0.0	0.0	0.0	0.026091923790842974	0.011345353401464475	0.027204902977605264	0.0	0.02572299262846712	0.14506661252143926
ENSMUSG00000045709	0.038331962738364235	0.014331236602577952	0.018195207210700597	0.0	0.0	0.0	0.05847331244653848	0.0	0.02711523607505379	0.0	0.0	0.0	0.0	0.0	0.0	0.0	0.027351785255617423	0.0	0.10654941965278715	0.008130225317645512	0.021866305268465655	0.08756957065119715
ENSMUSG00000114014	0.016079844307591126	0.004874595034443968	0.011340208770274694	0.0	0.0	0.0	0.0	0.0	0.02434214184232733	0.008364824957771603	0.0	0.005682820756907242	0.0	0.003052792006195751	0.012441476430355715	0.0	0.03559866652182181	0.0	0.0	0.0	0.006250726820106257	0.0
ENSMUSG00000020680	0.0	0.0	0.0	0.0	0.0	0.0	0.16199592708257	0.10265928418231847	0.0	0.0	0.0	-0.06658203943987458	0.05778177752345533	0.0	0.021355116283065818	0.0	0.022290235028546324	0.0	0.5000866595198741	-0.06764874129390351	0.09541217146875514	0.3654398896267295
ENSMUSG00000085862	0.011407409767779972	0.0	0.0	0.0	0.0	0.0	-0.10757292365006409	0.08493567160419122	0.0	0.0	0.0	-0.038723803015954496	0.0	0.0	-0.008996664883177019	0.0	0.019766828279729847	0.0	-0.12165250313973176	-0.03242917747910321	-0.006962502445336236	0.22959272290397956
ENSMUSG00000031137	-0.07582030060284461	0.0	-0.045146536731594016	0.0	0.0	0.0	-0.03901884666347714	0.0	-0.06941831376464677	0.0	0.0	0.0	-0.04490302650175445	0.0	-0.030669844553483983	-0.03878375522828806	0.0	0.0	-0.12610491823733863	0.0	-0.07765263932982729	-0.11689472396352768
ENSMUSG00000103305	0.02572331283075513	0.0	0.0	0.0	0.012407977401476866	0.0	-0.07397520073744182	0.0	0.016603878018312167	0.017364639982839724	0.0	0.019669846646622347	0.0	0.0	0.0	0.0	0.0	0.0	-0.22073774903513835	-0.041617968263287265	-0.02472370538054816	-0.10267426057819971
ENSMUSG00000033948	0.03035236809348704	0.0	0.01442926461851194	0.0	0.0	0.0	0.0	0.05683047454639635	0.024900826188979222	0.0	0.0	0.0	0.02934386668630937	0.0	0.013486678599526417	0.007112199977207467	0.025400099170506035	0.0	0.0	0.0	0.010340630359969212	0.14372659888679215
ENSMUSG00000037525	0.02132290986263387	0.0	0.0	0.0	0.0	0.0	0.2511063233371881	0.003770344698119654	0.024876812713100962	0.0	0.0	0.0	0.044785699301240704	0.0	0.010786639900591482	0.0	0.0	0.0034891820575717603	0.9234365178076748	0.0	0.201377292838106	0.19283487628244764
ENSMUSG00000031831	0.04228507096930378	0.0	0.0	0.0	0.0	0.0	0.09333218528682802	0.03277594903045547	0.026809807692031562	0.0	0.0	0.0	0.042241522361136465	0.0	0.02763125253381473	0.0	0.02390672826099532	0.0	0.225640636067084	0.0	0.07304590342930267	0.19485315603698597
ENSMUSG00000089682	0.0	0.0	0.0	0.0	0.047883467810194376	0.0	0.18944079997073532	0.07693612304784586	0.0	0.0	0.0	0.16558850613952775	0.02793056656517844	0.0	0.0	0.022456560409840218	0.02443573300392763	0.0	0.15334179800494985	0.0	0.02032007492925414	0.11507484563383528
ENSMUSG00000117560	0.01168639324277947	0.0	0.015751153065857754	0.0	0.0	0.0	0.063212741936917	0.0	0.019987124199005123	0.0	0.0	0.012349271310779132	0.028128775820909287	0.0	0.01630333462924831	0.0	0.028480492468877426	0.0	0.12551385202003976	0.0	0.006771833708082764	0.0
ENSMUSG00000090175	0.027452695004295195	0.022545780102068168	0.024049694057819135	0.0	0.0	0.0	0.0	0.0	0.0	0.0	0.0	0.018508256163447548	0.017675690858757517	0.0	0.015298830475146602	0.0	0.025832434712440167	0.0	-0.09650211283274457	-0.03783806087328466	0.0	-0.07506653589649545
ENSMUSG00000025728	0.019155480085420763	0.0	0.02773093624442498	0.0	0.0	0.0	0.18095334030313162	0.0	0.017918748887754243	0.0	0.0	0.018918647027747357	0.01904344797093207	0.0	0.0365364393462462	0.0	0.03974838573421102	0.0	0.22312850547573837	0.0	0.04270495482481411	0.0
ENSMUSG00000056184	0.08304405453762703	0.0	0.0	0.0	0.0	0.0	0.11107346862282845	0.0	0.0464142803775825	0.0	0.0	0.0	0.025150294119053163	0.0	0.06292711966876616	0.05009976854881016	0.049450249146452574	0.0	-0.12237880304170821	-0.052282138459194466	0.0	-0.06694173551019272
ENSMUSG00000097211	0.03430441429877056	0.0	0.02490570675899679	0.0	0.0	0.0	0.0	0.0	0.0206191261294952	0.018980567312421513	0.0	0.0	0.01404880166297332	0.0	0.011558046255724527	0.0	0.01920941133493347	0.0	0.03380638677513306	0.0	0.011861236029698687	-0.05240079400800332
ENSMUSG00000037499	0.023635415663213852	0.0	0.014839590297950012	0.0	0.0	0.0	0.1122205069764516	0.0	0.02444591591806178	0.0	0.0	0.0	0.032710249216897865	0.0	0.015710364736750092	0.0	0.027779804770846205	0.0	0.16615222933620244	0.015320499861109966	0.04332739278115544	0.0
ENSMUSG00000037808	0.0	0.0	0.0	0.0	0.0	0.0	0.058878411524611825	0.1187557730172076	0.0	0.0	0.0	-0.04828798694280972	0.00943240523091482	0.0	0.0	0.0	0.01712313746288584	0.012335710669788329	0.23158038086028324	-0.1017400768133327	0.02976543059766405	0.3537367719942573
ENSMUSG00000035873	0.030745708886197928	0.0	0.0	0.0	0.0	0.0	0.1163114145045425	0.05760166789607061	0.029066951723582982	0.0	0.0	0.0	0.04419937077674371	0.0	0.023387373129831503	0.0	0.018926798417302937	0.0	0.20314941275761428	0.0	0.06032849779920189	0.25892065117189966
ENSMUSG00000094932	-0.3133053951979469	0.0	-0.1923579497139157	0.0	0.0	0.0	-0.2368956625591813	0.0	-0.263888227703401	0.0	-0.17175343122762543	0.0	-0.2194790199450762	0.0	0.0	0.0	-0.3125938776355152	0.0	-0.9621157571865682	0.0	-0.4005755562529047	-0.25973047740010047
ENSMUSG00000017724	0.03458467004703108	0.0	0.0	0.0	0.0	0.0	0.1892678514780653	0.02455664549493633	0.024615133587178768	0.0	0.0	0.0	0.03592631812108123	0.0	0.01705131812487898	0.0	0.0	0.00997267642296773	0.5098227847077499	0.0	0.10242099552199824	0.2582053760844135
ENSMUSG00000031897	0.019320654033508692	0.0	0.006433804562519885	0.0	0.0	0.0	0.223054482326685	0.0	0.020408467575568686	0.0	0.0	0.0	0.0844011607979708	0.0	0.0381093430740843	0.0	0.025345338072910718	0.0	0.5293423953756733	0.0	0.24134727593681016	0.0035343810834709277
ENSMUSG00000024182	0.03651783722936532	0.0	0.0	0.0	0.0	0.0	0.04017385333292532	0.027816037831274055	0.03178439045950361	0.0	0.0	0.0	0.029337720524973736	0.0	0.02476660458940322	0.0	0.03471557563033154	0.0	0.0681884905413011	0.0	0.02481804973727865	0.1345796511945812
ENSMUSG00000034973	0.008794831333075038	0.010251181491226667	0.0	0.0	0.0	0.0	-0.05892061185086038	0.0	0.0	0.006217862314596527	0.005569300789231152	0.0	0.011397850507643149	0.0	0.0	0.0	0.012605074492087176	0.0	0.06571854419921977	0.0	0.009411627237482269	0.13255100117025823
ENSMUSG00000101099	-0.34428826846806165	-0.1527401019026512	-0.16524484224629887	0.0	0.0	0.0	-0.27937287854052295	0.0	-0.2217614124270442	0.0	0.0	0.0	-0.25261514693099324	0.0	0.0	0.0	-0.31048072757483514	0.0	-0.9587900770207192	0.0	-0.3855874716183835	-0.2618144280927251
ENSMUSG00000117157	0.06364182040364945	0.0	0.03410879028422515	0.0	0.049774056734150696	0.0	0.027096222157588577	0.0	0.06391968690336135	0.0	0.020445841518809987	0.02024158687164132	0.0	0.0	0.0	0.0	0.07510421315769299	0.0	-0.06224927046356357	0.0	0.0	-0.08786717243831434
ENSMUSG00000042901	0.0	0.0	0.014821260002707004	0.0	0.0	0.0	0.08576694684723775	0.12663634897635223	0.0	0.0	0.0	0.0	0.022361678593274308	0.0	0.020301774247788798	0.022286603260231817	0.0	0.01663080921522694	0.14513818896532865	0.0	0.04385237002865891	0.30961683316611066
ENSMUSG00000040219	0.030661753859367126	0.019450151694564388	0.017041396351707556	0.0	0.0	0.0	0.028279821576043886	0.0	0.020333760521564347	0.01287676081760497	0.0	0.0	0.0	0.0	0.01791956190478453	0.0	0.02701959208592244	0.0	0.06089796223543594	0.0	0.0	0.06083198154097143
ENSMUSG00000085995	0.0313815979551934	0.0	0.024913877023629294	0.0	0.0	0.0	0.18769898735192875	0.0	0.02522397949614852	0.0	0.0	0.04924422903422853	0.024358417540374554	0.0	0.026633213530509577	0.0	0.040671208984039274	0.0	0.2364075818115187	0.0	0.03528021705819552	0.0
ENSMUSG00000027646	0.02592536419166053	0.0	0.0	0.0	0.0	0.0	0.17158996832485515	0.0	0.02866256289289968	0.0	0.0	0.0	0.040307323942724786	0.0	0.014572988094229225	0.0	0.0032810996576906337	0.004278526402151891	0.3253107819757727	0.0	0.08813610071756899	0.17668639303994807
ENSMUSG00000064080	0.033917407370646885	0.0	0.03493321498658093	0.0	0.02173186169908561	0.0	-0.02286146558439361	-0.05379260804996138	0.0	0.0	0.0	0.0	0.0	0.0	0.02527310524242383	-0.03316599239477244	0.05231081056930886	0.0	-0.06422609727168885	0.0	0.0	-0.04032991939239499
ENSMUSG00000117975	0.0379560859784653	0.0	0.021296043552629786	0.0	0.0	0.0	0.04961459094804429	0.00878001705517134	0.008492212161208615	0.009257384783019205	0.0	0.0	0.0	0.0	0.01003150870189692	0.0	0.03509542503151985	0.0	-0.13783018765487443	0.0	0.0	0.10680396173829834
ENSMUSG00000085039	0.038884275016327845	0.0	0.0	0.0	0.0	0.0	0.0	0.025374334712137177	0.006463993005320802	0.0	0.0	0.0	0.0071718239401449705	0.0	0.008732578492403794	0.0	0.004995330789800523	0.007824061145499706	0.5186518336982313	0.0	0.0423734974143972	0.23922147296707172
ENSMUSG00000086330	0.05099296762134313	0.0	0.04189848911268592	0.0	0.0	0.0	-0.03431384056519899	0.0	0.029302725119073815	0.01966902050752297	0.0	0.0	0.0	0.0	0.035400024685146594	0.0	0.05068363239326886	0.0	-0.03815854473510579	-0.028897393148552653	0.0	-0.0840949853343424
ENSMUSG00000039254	0.04650096905567765	0.0	0.024208920232992384	0.0	0.0	0.0	0.03979019887653729	0.05427512845570576	0.03368836691578871	0.0	0.0	0.0	0.035067319111300094	0.0	0.02485056413082065	0.0	0.030921493584934928	0.0	0.08223868482932448	0.0	0.0	0.18152759883111827
ENSMUSG00000093976	0.03337431007418965	0.0	0.01901171327260595	0.0	0.0	0.0	-0.06391027789021513	0.0	0.03390930296240269	0.0	0.018914207286440877	0.02120324986947533	0.0	0.0	0.0	0.0	0.024748520075692504	0.0	-0.19298411289487186	-0.03425721579703203	0.0	-0.08616201746581421
ENSMUSG00000027663	0.02188296806808758	0.0	0.0	0.0	0.0	0.0	0.160590117891596	0.05978052631270324	0.0107300091592266	0.0	0.0	0.0	0.027547463691226095	0.0	0.0072933624872426606	0.0	0.0	0.008064057445579129	0.6151764205688967	0.0	0.05918945538882835	0.20778088836329184
ENSMUSG00000098727	0.0	0.02451381729446738	0.042071235313902965	0.0	0.0	0.0	-0.08349931726724619	0.0	-0.014333601178683208	0.0	0.0	0.016447654548370112	0.02326057475962132	0.0	0.027849910072965476	0.0	0.0	0.0	-0.22077063986304069	-0.047198827029304884	0.0	-0.09925466804791852
ENSMUSG00000092525	0.05374448112334609	0.0	0.03112925623348233	0.0	0.0	0.0	0.1040335021866911	0.0	0.0	0.018414102260215587	0.0	0.013835768451553099	0.017669680668567455	0.0	0.05985081795907561	0.0	0.05574474256851998	0.0	0.05176486453883841	0.0	0.0311650044228418	0.0
ENSMUSG00000063998	0.021327121455582923	0.0	0.0	-0.014959459095064543	0.0	0.0	-0.05558283406214361	-0.010668733518107211	-0.014002715849689543	0.0	0.0	0.020335658336127882	0.0	0.0	0.0	-0.007314119258282268	0.0	0.0	-0.13921085598516367	-0.03695282058661268	0.0	-0.09019131358981534
ENSMUSG00000116950	0.0032934994534847273	0.0	0.0	0.0	0.0	0.0	0.057099770639870345	0.0	0.04204933516888022	0.00701467105211376	0.0	0.0	0.010413671343679968	0.0	0.006364784052280355	0.0	0.03746125209940153	0.006423640226506866	0.07775843176092755	0.0	0.11282928043400965	0.0
ENSMUSG00000015149	0.035564327673478814	0.0	0.023089101359328068	0.0	0.0	0.0	0.03429675536076586	0.0	0.02599879747308257	0.0	0.0	0.0	0.026546242601290265	0.0	0.031552736493864524	0.0	0.036460827740890656	0.0	0.08691615924814276	0.0	0.026991780154131253	0.16443511846782455
ENSMUSG00000079465	0.0318161880574165	0.0	0.0	0.0	0.0	0.0	-0.028881678400851492	-0.03241006349688956	0.0	0.0	0.0	-0.012683085183036147	0.0	0.0	0.0	-0.029755488845012536	0.027650974784816762	0.0	-0.15340369354117483	-0.02582430787937653	-0.011732330932028192	-0.09041339794483048
ENSMUSG00000090808	-0.30135129938341204	-0.15788869965471308	-0.17524342131317125	0.0	0.0	0.0	-0.31766859261007707	0.0	-0.24701232886637853	0.0	0.0	0.0	-0.2162864406859384	0.0	0.0	0.0	-0.3108685263614077	0.0	-0.9352291940389065	0.0	-0.40311048940003336	-0.26803636250819785
ENSMUSG00000041119	0.04271477839199022	0.0	0.0235708709859612	0.0	0.0	0.0	0.07857958145458835	0.0	0.028622393495417245	0.0	0.0	0.0	0.021670294588248196	0.0	0.01316198044355188	0.0	0.02988274030475867	0.0	0.1530590175374834	0.0	0.03459809508935479	0.01639322161985478
ENSMUSG00000029922	0.02494607444351485	0.0	0.0	0.0	0.0	0.0	0.28674626973571626	0.04575714987269864	0.021588845293586945	0.0	0.0	0.0	0.049315554795067884	0.0	0.014950643800923855	0.0	0.0	0.011713947215870268	0.6733798697375348	0.0	0.20691069975221377	0.3071473677980932
ENSMUSG00000029208	-0.044281456645215565	0.0	0.0	0.0	0.0	0.0	-0.049042052570973216	0.06029679914091603	-0.026252118270946756	0.0	0.0	-0.037742147880406314	-0.036190516043939455	0.0	-0.031501128733829285	0.0	0.0	0.0	0.16303824266196493	-0.033877305067026985	0.0	0.1715565810605755
ENSMUSG00000109195	0.06382447823938944	0.0	-0.052605573841187483	0.0	-0.022349799879993377	0.0	-0.08777921799122858	0.0	0.0	0.0	0.0	0.0	0.023514265209262336	0.0	-0.027552165740721578	0.0	0.03952506131444371	0.0	-0.06506518399181549	-0.030936427133886273	0.0	-0.06065121216814986
ENSMUSG00000099681	0.0	0.0	0.0	0.0	0.0	0.0	0.15171338803728673	0.06826919618342761	0.035114353392938114	0.0	0.0	-0.06273574453350002	-0.09851680218994767	0.0	-0.1613778785811891	0.0	0.0	0.0	0.4983507656782395	-0.0901444031842673	0.0815478737129487	0.2387267632733087
ENSMUSG00000117797	0.01914559329150073	0.02422324534969733	0.013473280597699283	0.0	0.0	0.0	0.0	0.0	0.025781844772846896	0.0	0.0	0.0	0.01641925054363348	0.0	0.026008288971365683	0.0	0.041516410701050215	0.0	-0.1562319211921397	-0.03485360997983246	0.0	-0.09049612133333343
ENSMUSG00000054910	0.0250273456157768	0.015356626255303325	0.015733813567898	0.0	0.0	0.0	0.0	0.013329372954323683	0.008728750864905032	0.0	0.0	0.0	0.0	0.0	0.01243989664001974	0.0	0.023990761866210488	0.0	0.11920116945231159	0.0028982279580887504	0.0	0.16259822629237114
ENSMUSG00000035674	0.023453396501094664	0.0	0.02252587349329003	0.0	0.0	0.0	0.07888890596781441	0.0	0.0	0.0098269521050518	0.0	0.0	0.01798477085127316	0.0	0.014570127592303984	0.0	0.031959202947645204	0.0	0.4272086219660186	0.0	0.06594625975400555	0.12911611354714914
ENSMUSG00000086346	0.044435486510033144	0.025495046745034226	0.0	0.0	0.0	0.0	0.1113474530000656	0.0	0.036799466874208764	0.0	0.0	0.0	0.06172509737339823	0.0	0.02529638930356966	0.0	0.0	0.0	0.6886061465096667	-0.15914354871264885	0.08488334922597776	0.018024665327066813
ENSMUSG00000024271	0.034034671021173774	0.0	0.013118542814550297	0.0	0.0	0.0	0.0	0.0902955394355681	0.020032620514096287	0.0	0.0	0.0	0.031724074238541705	0.0	0.020646186830810258	0.0	0.02037833596932678	0.0	0.1138730208101849	0.0	0.010576817960857299	0.2631470795592482
ENSMUSG00000028063	0.035230962017023006	0.0	0.012377573534451949	0.0	0.0	0.0	0.14878158113659862	0.0	0.0338756902899957	0.0	0.0	0.0	0.03757211418736023	0.0	0.012984423133567539	0.0	0.02184560351138654	0.0	0.6792172655503216	0.0	0.1037657392757119	0.005874373731838078
ENSMUSG00000048440	0.030814175804738917	0.0	0.014853664223563249	0.0	0.0	0.0	0.10036194883592166	0.0	0.022481192715445856	0.0	0.0	0.009722688239173827	0.012797943445083651	0.0	0.011475476698246464	0.0	0.018712665242408912	0.0	0.15551788868443842	0.0	0.0171948875840622	0.0
ENSMUSG00000081849	0.0	0.0	0.023757998863249308	0.0	-0.036575414533255864	0.0	0.0	-0.027715804077270756	0.05282023114283684	0.0	0.0	-0.020561563107425462	0.0	0.0	0.025532069469915816	-0.026084657259641503	0.0	0.0	0.22430266604768118	0.0	0.03829411170927561	-0.03677525313504998
ENSMUSG00000092201	0.02743858223771527	0.0	0.0	0.0	0.0	0.0	-0.032422021785638785	-0.027144768071530122	0.01701852253048248	0.015498953163597368	0.0	0.0	0.0	0.0	0.0	-0.028597864761601352	0.01822764004507263	0.0	-0.08305696690403579	-0.01085228667439931	0.0	-0.017946352535323784
ENSMUSG00000113977	0.03945261177259336	0.0	0.015996707614851332	0.0	0.0	0.0	0.08995504360738378	0.0	0.03035675417964403	0.0	0.0	0.011428054376911467	0.016684499064723066	0.0	0.019276485993738136	0.0	0.04010627520510307	0.0	0.09763125641162643	0.0	0.01650321321683012	0.0
ENSMUSG00000027381	0.043346931861480184	0.0	0.0	0.0	0.0	0.0	0.15049040621971763	0.03270295191606025	0.029595097059905935	0.0	0.0	0.0	0.03851353907542712	0.0	0.0280235260652556	0.0	0.0	0.0	0.21184813611698922	0.026365246033382497	0.07889154150130392	0.1619211401587781
ENSMUSG00000102874	0.0	0.0	-0.005597784486358039	0.0	-0.021976983835789797	0.0	0.01843347332439816	-0.012736268658592152	-0.030700269886464876	0.0	0.0	0.0	0.0	0.0	0.0	0.0	-0.02571780394353786	0.0	0.10979102054031237	-0.04057527583372684	0.05419267365173143	-0.06667494470471354
ENSMUSG00000044715	0.03297767314518893	0.0	0.0	0.0	0.0	0.0	0.12481368469542597	0.0936576785841743	0.02235701813077196	0.0	0.0	0.0	0.01632230372941843	0.0	0.028536953315047704	0.0	0.0	0.016060375344292277	0.3576657685657993	0.0	0.06235470067905214	0.3447439004418406
ENSMUSG00000020623	0.020605092155237256	0.015620847068065907	0.016224405490081015	0.0	0.0	0.0	0.012320207869641591	0.0	0.015371624902789895	0.00891691292165489	0.0	0.0	0.01205020124109378	0.0	0.0	0.0	0.02007418179559176	0.0	-0.08324796531025462	0.0	0.0	0.024191026742368452
ENSMUSG00000013338	0.03458198925060881	0.0	0.03375200062767232	0.0	0.0	0.0	0.025314069079818674	0.0	0.024997665882804342	0.0	0.0	0.022203915768879597	0.014304479305455753	0.0	0.027133763072932974	0.0	0.04802638946568634	0.0	0.0	0.0	0.01525181867730958	-0.10629713882402075
ENSMUSG00000097035	0.04532082420500833	0.0	0.0	0.0	-0.016007894120401236	0.0	-0.039896472122036786	-0.04848492577509875	0.023610370514121827	0.020231885154796653	0.0	-0.019228064464398977	0.0	0.0	0.0	-0.03338739266364471	0.02539787394793274	0.015056618568692774	0.0	0.0	0.0	0.0
ENSMUSG00000121873	0.03974443339040363	0.0	0.02372154521269887	0.0	0.0	0.0	0.0	0.0	0.03408437164950089	0.0	0.0	0.0	0.030172001909692794	0.0	0.022005760354989273	0.0	0.04561315076513808	0.023254336724818837	-0.1535054744772163	-0.054114245031103875	0.0	-0.10089651036083053
ENSMUSG00000032652	0.03669652456744905	0.012772650274339936	0.014881019696737571	0.0	0.0	0.0	0.0	0.049504585075079446	0.030270164162167334	0.0	0.0	0.0	0.033351244363830565	0.0	0.015003354740746927	0.0	0.0	0.0	0.2764092253044568	0.0	0.03587162201305764	0.18072295638065616
ENSMUSG00000042298	0.03416090185428848	0.0	0.005669981108506384	0.0	0.0	0.0	0.0	0.048808385158824845	0.01700326452924543	0.0	0.0	0.0	0.02279891204302864	0.0	0.006325126718398768	0.0	0.0	0.005591994538150069	0.5111810558243789	0.0	0.026743323884089742	0.24466923961132167
ENSMUSG00000035277	-0.05537940707544099	-0.010397173750588419	0.0	0.0	0.0	0.0	0.15433632367999878	-0.06804973788423323	-0.012120272703673763	0.0	0.0	0.0	0.0	0.0	0.0	-0.04228879052517336	0.0	0.0	-0.007982591406418715	-0.014210266722893628	-0.018721286396462658	-0.09355318947288113
ENSMUSG00000112211	0.0320017868878615	0.0	0.013256119758171175	0.0	0.0	0.0	0.0	-0.052370922322361554	0.0	0.0	0.01510937281254343	0.0	0.014079764851572677	0.0	0.0	-0.030355413435097445	0.017242875237870423	0.013673194578117578	-0.1027251950623278	-0.024524705951327885	0.0	0.0
ENSMUSG00000111498	0.0	0.02062704814130137	0.03790231308473228	0.0	0.019239973319475474	0.0	-0.07097601275083135	0.0	0.0	0.022460504006316568	0.0	0.018974431334210812	0.0	0.0	0.022029375441577074	0.0	0.04140434142653097	0.0	-0.1355987595333548	0.0	0.0	-0.06189287208712721
ENSMUSG00000048677	0.04457221706285814	0.011731911043577707	0.026091969417846816	0.0	0.014990588382009437	0.0	0.0	0.0	0.02966634352991502	0.0	0.009594153204048371	0.0	0.0	0.0	0.024825891881312668	0.0	0.03778294378472266	0.008431127379401049	0.0	0.0	0.0	0.02133381762256581
ENSMUSG00000022685	0.03489628394250001	0.0	0.018483519542067058	0.0	0.0	0.0	0.0	0.011797376650770963	0.03073433142285859	0.0	0.0	0.0	0.02419991215029327	0.0	0.019834151698943137	0.0	0.018291431779916125	0.0	0.060598635310735935	0.0	0.023857060586071364	0.14377336315417028
ENSMUSG00000115264	-0.002752805405182912	0.0	-0.03134006029010347	0.0	-0.021989682617224917	0.0	-0.033726192306551064	-0.010717651778759598	-0.003921475744613392	0.0	0.0	0.0	0.0	0.0	0.0	0.0	-0.0357954566615494	0.0	-0.05379105315415255	-0.03194211103151885	0.0	-0.07395741125036498
ENSMUSG00000120289	0.022110076774083907	0.0	0.0	0.0	0.0	0.0	0.0	0.05053247383353159	0.0	0.0	0.0	-0.055513194641057216	0.01859710809187398	0.0	-0.06234462855977014	0.0	0.021248129341215772	0.0	0.6859059312928437	-0.09033124335628685	0.0968139004333896	0.17039033810746648
ENSMUSG00000100596	0.038148917154507855	0.0	0.025873107232741804	0.0	0.0	0.0	0.024699112534004582	-0.04727521771048018	0.03019500797931417	0.0	0.0	0.0	0.02169132833360104	0.0	0.0	-0.03855076018428752	0.04471074543737486	0.0	-0.028239218616969985	0.0	0.0	-0.054269089459010864
ENSMUSG00000100795	0.030548267113158504	0.0	0.021006489049435192	0.0	0.00661061358140065	0.0	0.0	0.0	0.022622188298269542	0.0	0.0	0.008150921862797977	0.018828820244320626	0.0	0.008171974821753678	0.0	0.042124008645437604	0.0064290606246092535	0.0	0.0	0.0	-0.054630118294356454
ENSMUSG00000104888	0.017797700304250912	0.017640335223741088	0.04960844112617343	0.0	0.0	0.0	0.04457921271422467	0.0	0.02273548325198352	0.0	0.033850801564542746	0.015339996327647432	0.022194337932982304	0.0	0.0	0.0	0.0	0.0	0.0	-0.04924638215738857	0.0	-0.08886707784949442
ENSMUSG00000102303	0.031194452591176147	0.0	0.0	0.0	0.0	0.0	-0.1645945851817587	0.0	0.051965756934456805	0.0	0.0	0.03341418181870044	-0.021759513808617358	0.0	0.0	0.0	0.03116541250899274	0.0	-0.27809206160192634	-0.03528298398154357	-0.024941501402169657	-0.1142180368122473
ENSMUSG00000115272	-0.045945977699242684	0.0	0.0	0.0	0.0	0.0	-0.02096372638491379	-0.02296706607128124	-0.03981038350569259	0.0	0.0	0.0	-0.020008810872205653	0.0	0.0	0.0	-0.024682551923182507	0.0	-0.20533491588597602	-0.03338072027062563	-0.016606831391642596	-0.0842006567709945
ENSMUSG00000107060	0.0	0.0	0.03311331467480385	0.0	0.0	0.0	-0.04480845236401843	0.0	0.0229534235941744	0.0	0.03554200685058897	0.0	0.030605439479064703	0.0	0.025874918672622996	0.0	0.05581491052999397	0.0	0.0	-0.02801616183220472	-0.02390973834397986	-0.07912681315378459
ENSMUSG00000111717	-0.05056090840689462	0.0	-0.031111271452461054	-0.005402297714825924	0.0	0.0	-0.10351672920730402	-0.010600991392082499	0.0	0.0	0.0	0.0	0.0	0.0	-0.021965204099989928	-0.0020840730560471865	0.0	0.0	-0.059377831528806095	-0.04081955962815529	0.0	-0.11282516552263479
ENSMUSG00000116850	0.03798733367639177	0.02739880807258308	0.032823232746697795	0.0	0.0	0.0	0.0	0.0	0.03711511103235106	0.0	0.0	0.0	0.01661577699009343	0.0	0.0	0.0	0.054554339204152986	0.01686973462986768	-0.12316399910074981	-0.03285697601587706	0.0	-0.046692077676265244
ENSMUSG00000109137	0.03262647177858036	0.0	0.025527347852757603	0.0	0.0	0.0	-0.06436208846366046	0.0	0.0	0.0	0.0	0.025240891703528813	0.021685591816195615	0.0	0.0	0.0	0.04886759098967389	0.0	-0.24737962535215405	-0.05274028356090978	-0.02487110114678171	-0.06275086811753582
ENSMUSG00000003752	0.036116906177069176	0.0	0.0	0.0	0.0	0.0	0.08990088076793074	0.05519080614304174	0.0420604181490865	0.0	0.0	0.0	0.030626852514682276	0.0	0.030822054430599693	0.0	0.03044612596788776	0.0	0.2469126790363422	0.0	0.03808384491452289	0.20184228922336062
ENSMUSG00000049214	-0.037382153046203244	0.0	-0.03455158093455363	0.0	0.0	0.0	-0.09336524629566513	-0.017779331182769063	-0.033120964344547664	0.0	0.0	0.0	0.0	0.0	-0.03075331716359838	0.0	0.0	0.0	-0.14654207003285682	-0.03264512011238	-0.011998563411174334	-0.10451186612472012
ENSMUSG00000056370	0.03216361719834945	0.013666941155839813	0.03080844628625525	0.0	0.007816340262473992	0.0	0.0	0.0	0.033276926435238996	0.0	0.0	0.01940142591342186	0.0	0.0	0.032725089212724635	0.0	0.03917575144154491	0.0	0.11796691587372607	0.0	0.0	-0.07203986361165232
ENSMUSG00000069132	0.0	0.0	-0.035416345368566755	0.0	0.0	0.0	-0.1264559339449268	-0.06449082953992205	-0.028149129692271256	0.0	0.0	-0.038870424051684026	0.0	0.0	-0.03022843510796036	-0.03829017316564848	0.0	0.0	-0.27090015039280024	-0.028158246365875973	0.0	-0.03608332389225609
ENSMUSG00000050844	0.03617058967248407	0.0	0.02606671016187367	0.0	0.0	0.0	0.0	0.0	0.03481610995056031	0.012257968949185688	0.0	0.0	0.016950371710048463	0.0	0.016832267952528554	0.0	0.035847773003155836	0.0	-0.08406279166792589	-0.03485606661334201	0.0	-0.08058459573585194
ENSMUSG00000002257	0.03449948650981876	0.007060073047178261	0.010619782550189565	0.0	0.0	0.0	0.14749589135113567	0.0	0.026706533922473248	0.0	0.0	0.0	0.026817108240747907	0.0	0.008669859958895243	0.0	0.02414034584234378	0.0	0.2846860845611606	0.0	0.12360954881204658	0.0
ENSMUSG00000022209	-0.018820357304045715	0.0	0.0	0.0	0.036712956683889506	0.0	-0.061754404511221835	0.0	-0.015717004653869285	-0.02590630135112605	0.0	0.0	0.0	0.0	0.0	0.027976148762227954	0.0443727885848595	0.0	-0.11897639465089713	-0.031776535492571534	0.0	-0.07262700398701508
ENSMUSG00000104786	0.0	0.010531563712087633	0.0	0.0	0.03782336263450239	0.0	0.16415268898205057	0.08098115457624644	-0.04573354518636464	0.0	0.015497764149900919	-0.043070569674113345	0.0	0.0	0.0	0.0	0.0	0.0	-0.15808565220021434	0.01908359975460552	0.0	0.14234042895129545
ENSMUSG00000106398	0.024146961036917748	0.0	0.013850634797156564	0.0	0.06160399887586102	0.0	-0.08839027718828878	0.0	0.028190561673453757	0.0	0.0	0.028233997244514406	0.0	0.0	0.0	0.0	0.03770735130372462	0.0	-0.14554857415698863	-0.03428530294669996	0.0	-0.1077225277275112
ENSMUSG00000050926	-0.12809140691108986	0.0	-0.03675605867442	0.0	0.0	0.0	0.0	-0.037026410533329196	-0.10078132381221093	0.0	0.0	-0.011810694909092367	0.0	0.0	-0.020007065617355487	-0.025285376277524675	0.0	0.0	-0.04492288576908154	0.0	-0.11020300848560653	-0.12399046848660815
ENSMUSG00000110410	0.018980216610795034	0.023925106246641792	0.011336676560494807	0.0	0.0	0.0	-0.0776102348427278	0.0	0.02410331668326508	0.020434124090326154	0.0	0.0	0.0	0.0	0.0	0.0	0.0	0.015917194246199997	0.0688183467702975	-0.0321284946603725	0.0	-0.09777573886949409
ENSMUSG00000110813	0.061710767726268365	0.026734023696739394	0.0	0.0	-0.01747343840526606	0.0	-0.04212773250296424	0.0	0.0	0.02129174677314736	0.0	0.0	0.0	0.0	0.0	0.0	0.026805382627853924	0.0	-0.11348970502284511	-0.04221964859848303	0.010943198675902266	-0.07281709370490368
ENSMUSG00000029096	0.0	0.027210263055868638	0.034711314793556075	0.0	0.0	0.0	0.02303158466203784	-0.03607816857557498	0.029889135922798248	0.0	0.0	0.0	0.0	0.0	0.0	-0.030309302772481037	0.046956988495504795	0.0	-0.10991160100813985	-0.02689343961346309	0.0	-0.05714914218296925
ENSMUSG00000117351	0.022614736510601887	0.0	0.016153482974331237	0.0	0.0	0.0	0.06413921246751154	0.0	0.021744727287344483	0.0	0.0	0.013277976659708006	0.011335267484494926	0.0	0.016236268767014655	0.0	0.0370296142480993	0.0	0.18118768164521795	0.0	0.02932325957858525	0.0
ENSMUSG00000027775	0.025441674515144546	0.016977192674444835	0.016643683254618725	0.0	0.0	0.0	0.0	0.019548120076273462	0.009269915151970877	0.0	0.008770466860276493	0.0	0.0	0.0	0.012136912488922756	0.0	0.01887876803636605	0.0	0.12066797779644192	0.0	0.0	0.12117007885264748
ENSMUSG00000103561	-0.11720078764444244	0.0	0.033145026656755255	0.0	0.0	0.0	-0.022830769449619894	0.0	-0.02718084105890118	0.0	0.0	0.0	-0.03171715313448252	0.0	0.0	0.02600785881074985	-0.010025143768830423	0.0	-0.05067049802264078	-0.03361284368587315	0.0	-0.09127600099695037
ENSMUSG00000105293	-0.2948260558073325	0.0	-0.25701178550736664	0.0	0.0	0.0	-0.2280290517989767	0.0	-0.25618250010104404	0.0	-0.11313675327603558	0.0	-0.1451480618504443	0.0	0.0	0.0	-0.36698099679272383	0.0	-0.9352172860319662	0.0	-0.3024414590556876	-0.06918821864179536
ENSMUSG00000083554	-0.029138510166719145	0.0	-0.01716108122615896	0.0	0.0	0.0	-0.17444691692630937	-0.05444276713224012	-0.033920003974987546	0.0	0.0	0.0	-0.014134268935962702	0.0	0.0	0.0	0.0	0.0	-0.17485494406983035	-0.031647642670052975	-0.037060531628031364	-0.0857665510222408
ENSMUSG00000103077	-0.30796705351486686	0.0	-0.18230468758594293	0.0	0.0	0.0	-0.2901116300851958	0.0	-0.22078871350951526	0.0	0.0	0.0	-0.22228090680530763	0.0	0.0	0.0	-0.32088498482074557	-0.15519865694664103	-0.9648740150471369	0.0	-0.3944937052222145	-0.27379100128466866
ENSMUSG00000121593	-0.3397197681795723	0.0	0.0	0.0	0.0	0.0	-0.296939094266931	0.0	-0.26347532241654226	0.0	-0.16205691708393122	0.0	-0.19930216080809665	0.0	-0.14294728021450095	0.0	-0.31083790999765015	0.0	-0.9719455998635262	0.0	-0.36945884346559593	-0.2760124585258892
ENSMUSG00000049217	-0.02568997497225324	-0.022400534877022704	-0.03405835831460072	0.0	0.0	0.0	-0.1054485367925525	-0.025501067166278583	-0.03904528342425681	0.0	0.0	0.0	0.0	0.0	-0.043826194493659154	0.0	0.0	0.0	-0.06796956849901202	-0.026491114116575225	0.0	-0.09299175578113678
ENSMUSG00000106826	-0.042181872876324855	0.0	0.0	0.0	0.030552554799232634	0.0	-0.08820032384198301	0.0	-0.00865797985605736	-0.006592409428637209	0.0	0.0	0.0	0.0	-0.006482936166550831	0.0	0.0	0.0	-0.18447517232683924	-0.029782054890630114	-0.02672421508900574	-0.09115010257418116
ENSMUSG00000087135	0.04023283021825868	0.0	0.0	0.0	0.0	0.0	0.20536438730694606	-0.04611015165492782	0.06552863690001048	0.0	0.0	0.0	0.047760590146277204	0.0	0.015319295913017592	0.0	0.0	0.0	0.8477423981907095	-0.06699031221085731	0.19117392017595	0.09621173538067382
ENSMUSG00000075599	0.045593510799089354	0.0	0.0240209723804609	0.0	0.0	0.0	0.0	0.0	0.039002406636688323	0.0	0.01716828771962405	0.0	0.0224658218101329	0.0	0.0	0.0	0.05905727477060906	0.0	-0.06841620308491836	-0.04510269744127094	0.018246860177193566	-0.10876068391173802
ENSMUSG00000030562	-0.024957136385131716	0.0	-0.010547453046136876	0.0	0.0	0.0	-0.027134333957099382	0.020089389246319	-0.01753531178994753	0.0	0.012770311490915037	-0.008153571724033228	0.0	0.0	-0.014305303838712573	0.0	0.0	0.0	-0.09257925988933585	0.0	0.0	0.016724257524312027
ENSMUSG00000120650	0.05414531449383749	0.0	0.03506662009510662	0.0	-0.014965290792808866	0.0	-0.0671049513906279	-0.018685986158729448	0.030397519409410146	0.0	0.0	0.0	0.0	0.0	0.03578742353399885	0.0	0.0	0.0	-0.05287370152831824	-0.04931213297640502	0.0	-0.11197090067072403
ENSMUSG00000116574	-0.006216686751891576	0.0	-0.009352085340103363	0.0	0.0	0.0	-0.08180338068328899	-0.006232391071343616	0.0	0.0	0.0	0.0	-0.010171900376817679	0.0	-0.01056140093296428	-0.005738304356606792	0.0	0.0	-0.07153126279632953	-0.03358735226865284	0.0	-0.11173492447465981
ENSMUSG00000079414	0.018111924738711902	0.0019850131798169746	0.010535984262874378	0.0	0.0	0.0	0.08840476884269342	0.0	0.009149316378751588	0.0	0.0	0.0	0.013680384543392607	0.0	0.010100181548433297	0.0	0.020237547587787	0.0	0.12027684764990142	0.0	0.025120049978650857	0.0
ENSMUSG00000121467	-0.05054424198552345	-0.07248280691906953	-0.11239880403549632	0.0	0.0	0.0	-0.2045590186991754	0.0	-0.1056559410938177	-0.03557548355805735	-0.03260893412491064	0.0	-0.0501523938712914	0.0	0.0	0.0	0.0	0.0	-0.03304789770672689	0.0	0.0	-0.08328694641840734
ENSMUSG00000030945	0.020212080098029706	0.0	0.018551611371083812	0.0	0.0	0.0	-0.061939505638915676	0.0	0.0	0.0	0.012477535313354826	0.0	0.01747281225479231	0.0	0.01496577693194203	0.0	0.0	0.0	-0.1051908637134839	-0.03866385979077505	-0.015694715061954686	-0.123917807272878
ENSMUSG00000026034	0.0	0.0	0.0	0.0	0.0	0.0	0.16684772392061112	0.07142461628637745	0.02192783837046098	0.0	0.0	0.0	0.03279767432544058	0.0	0.02507087502024834	0.0	0.016901883127328717	0.01409560750810357	0.6599315994802388	0.0	0.10044498712858348	0.3038770310885572
ENSMUSG00000047228	0.02787091718741355	0.016012330358671348	0.018362576904799262	0.0	0.0	0.0	-0.04802346709228882	0.0	0.02099171222498142	0.015130921718041672	0.0	0.016266018413344904	0.0	0.0	0.006964680811379957	0.0	0.02064203991645585	0.0	0.0	0.0	0.0	-0.06647286085593122
ENSMUSG00000086796	0.043846993109310804	0.0	0.024464658051526676	0.0	0.0	0.0	0.10687690062738546	0.0	0.03636238870832081	0.0	0.0	0.0	0.01641459559919875	0.0	0.01688723934054961	0.0	0.041973985621740484	0.0	0.16530439814360431	0.0	0.04418350954823202	-0.0707763571521215
ENSMUSG00000087689	-0.007716184634906087	0.025009349056647208	-0.02010803188865242	0.0	0.0	0.0	-0.06709833213095336	0.0	0.0	0.018357920879049087	0.0	0.03225542595396544	0.0	0.0	0.0	0.0	0.0	0.0	-0.188706589663002	-0.04598170125963924	-0.018485748131219632	-0.09156280712164275
ENSMUSG00000117179	0.0407419111597253	0.0	0.02302099954414012	0.0	0.0	0.0	-0.04700434807424456	0.0	0.0	0.0	0.0	0.0	0.024275916840540285	0.0	0.0	0.024418634903310504	0.03972492034518555	0.0	-0.19026149307948814	-0.04867986382478201	-0.029534353519503422	-0.08605172946730831
ENSMUSG00000025202	0.022047435394310755	0.0	0.020656878067062047	0.0	0.0	0.0	0.0443398783295869	0.0	0.0	0.010662658076532954	0.016389294159628184	0.014872184932421009	0.0	0.0	0.025935365438648713	0.013959078864651683	0.03205147093564838	0.0	0.0	0.0	0.0	-0.08720210954213797
ENSMUSG00000117789	0.041453362057068954	0.0	0.0	0.0	0.0	0.0	0.19447047384053245	0.030850041226899928	0.030965314538497567	0.0	0.0	0.0	0.026055698886004397	0.0	0.0	0.0	0.01894380839563714	0.0	0.2877987839459718	0.03052771231482814	0.16267420894157492	0.11652292364030731
ENSMUSG00000027534	0.004070669327322605	0.006523072602455868	0.007334785669400003	0.0	0.0	0.0	0.0	0.04126617111792169	0.01279312751871349	0.0030221546163759494	0.0	0.0	0.0	0.0	0.0	0.0	0.008043090397345713	0.0	0.11776241699042572	0.0	0.026354274863452	0.18082612667655495
ENSMUSG00000114911	0.0	0.015595981149916916	0.032356554680805644	0.0	0.0	0.0	-0.07412213704080764	0.0	0.0	0.0	0.0	0.0	0.0	0.0	0.033102115632800556	-0.011956215841299758	0.01585078719696048	0.0	-0.0655870732064575	-0.033312568594793306	-0.04428186390560332	-0.10094837178912808
ENSMUSG00000028232	0.0	0.0	0.0	0.0	-0.017703184169561185	0.0	-0.10242583317659372	0.087455717979773	0.0	0.0	0.01063528565404289	0.0	-0.03137864880814111	0.0	-0.03518094035999283	0.011455567165941039	0.015938089411480703	0.0	0.0302880676877383	0.0	0.0	0.30024713535962105
ENSMUSG00000104156	0.04152725667390808	0.024210820993539356	0.0	0.0	0.0	0.0	0.3472166385345042	0.0	0.03911233337504297	0.0	0.0	0.0	0.06947421105687769	0.0	0.020165972441031244	0.028679319460915474	0.0	0.0	1.4911711742572702	0.0	0.472879054800577	0.07125263493114395
ENSMUSG00000069227	0.032073658655739135	0.0	0.01976626636372885	0.0	0.0	0.0	0.13225985600344534	-0.039858555632773934	0.015360353571583968	0.0	0.0	0.0	0.026003984365245144	0.0	0.022297712459254257	-0.04355598214076011	0.03263353331772781	0.0	0.0	0.0	0.040715324171223824	0.0
ENSMUSG00000081108	-0.12857561325193065	0.0	0.0	0.0	0.0	0.0	-0.18010174446495505	-0.12245987599603951	-0.01890524402256244	0.0	0.0	0.0	-0.04999568022584395	0.0	-0.03883340922816298	0.0	-0.10673960461759074	0.0	-0.17815971908330358	0.0	-0.027232300833988483	-0.15415999089479418
ENSMUSG00000117444	0.03240223397477858	0.0	0.022486812773725027	0.0	0.0	0.0	0.0	0.0	0.0167526490996027	0.012044060364745788	0.0	0.0	0.020909055668895463	0.0	0.0	0.0	0.01069656235599388	0.010711674408930755	0.08500588418588227	0.0	0.01921967726806956	-0.07549485272689085
ENSMUSG00000101958	-0.03301156850313547	0.0	0.022877115699996703	0.0	-0.02294333400879299	0.0	0.0	0.0	0.0363674824323374	0.0	0.0	0.0185587584585023	0.0	0.0	0.03231244311865203	0.0	0.05987253211052856	0.0	-0.08503449096369516	-0.05154550498865215	0.0	-0.08468584486247073
ENSMUSG00000024844	0.0	0.0	0.0	0.0	0.0	0.0	0.3559261821304404	0.0508886506784774	0.03490097170067287	0.0	0.0	-0.06982381916541602	-0.04177050167331154	0.0	0.023978094411281035	0.0	0.0	0.0	1.0999460866371364	-0.03472874215443644	0.40404627096678497	0.46232986602907
ENSMUSG00000046396	-0.02225803757374556	-0.032980220266569944	0.0	0.0	0.0	0.0	-0.08071508535762943	-0.020567310208395317	0.0	-0.01269176367779451	0.0	0.0	0.0	0.0	-0.04036007330830041	0.0	-0.03047254109382189	0.0	-0.11542175293567886	-0.0347163808310106	0.0	-0.08377948922138857
ENSMUSG00000042909	0.04030321530251548	0.0	0.04009809874238444	0.0	0.016025715052986913	0.0	-0.03885801132142711	0.0	0.01809199023658203	0.019457021135527084	0.0	0.0	0.01559719616878583	0.0	0.0	0.0	0.052701423672218944	0.0	0.0	-0.03307639784843936	0.0	-0.12422388803591382
ENSMUSG00000107993	0.0	0.02563236883242535	0.0	0.0	0.0	0.0	-0.0699450194228848	0.0	0.014999081301552761	0.013680512848253223	0.0	0.023430398285663543	0.0	0.0	0.0	0.0	0.0	0.015539647088960636	-0.08472747514992054	-0.04268661634000142	-0.016226560465293013	-0.1319399350852167
ENSMUSG00000099793	-0.31172151083944893	-0.17772118327512	-0.1889224591031317	0.0	0.0	0.0	-0.2825309953512759	0.0	-0.24579689473428823	0.0	0.0	0.0	-0.2176533115772071	0.0	0.0	0.0	-0.31271477917711943	0.0	-0.9455226128394998	0.0	-0.380948499844754	-0.2691631080803902
ENSMUSG00000108950	0.02558617029554617	0.0	0.020529933956578737	0.0	0.0	0.0	0.0	0.0	0.0	0.0	0.020757713042766825	0.0	0.012245026185482982	0.0	0.022503712011373942	0.0	0.05272699126710445	0.019711376180178933	-0.20579633175380838	-0.04466034477789346	0.0	-0.09737928334130574
ENSMUSG00000117571	0.03442539123919096	0.006047129928912542	0.016611894412067233	0.0	0.0	0.0	0.0	0.0	0.026817240321648814	0.0	0.0	0.018517610697870206	0.017752163065554914	0.0	0.013805766913701063	0.0	0.040086803887435116	0.0	0.03719272657278142	0.0	0.0	-0.12235027230014515
ENSMUSG00000049811	0.04001530775292159	0.0	0.02550388901332934	0.0	0.0	0.0	0.036325388449776196	0.0	0.030117957203689733	0.0	0.0	0.0	0.039172644202590104	0.0	0.030476357031333577	0.0	0.030622411614813015	0.0	0.09620241109985556	0.0	0.04341960649004471	0.11437014892196509
ENSMUSG00000054792	0.0	0.0	0.0	0.0	0.0	0.09960842784021007	-0.10881986747300772	-0.041933589421998076	0.0	0.0	0.0	0.09895432973606161	-0.046841056614719045	0.0	0.0	0.10186848741031887	0.0	0.0	-0.28554963676316886	0.1934362829011628	-0.05701001353110069	-0.17777305491978845
ENSMUSG00000112767	-0.0349074952825677	0.0	-0.012144096309362418	0.0	0.0	0.0	-0.07153595967217709	-0.015738963569173998	-0.020162858511289586	0.0	0.0	0.0	0.0	0.0	-0.02611737082253733	0.0	-0.014948551363298859	0.0	-0.014817747218123725	-0.044958681106675724	0.0	-0.07875373049248066
ENSMUSG00000026885	0.034025470484073034	0.009414917636078953	0.019792876372019447	0.0	0.0	0.0	0.0	0.012128579984868992	0.02150846341574648	0.0	0.0	0.0	0.011753940505289072	0.0	0.01957101877553075	0.0	0.029784578038224548	0.0	-0.083612403466705	0.0	0.0	0.15276849486978733
ENSMUSG00000015519	-0.021869380644037775	0.0	-0.017086361739392264	0.0	0.0	0.0	-0.08583338826010391	-0.052804754389746994	0.0	0.0	0.0	0.0	0.0	0.0	-0.03257909106230916	-0.019723972124946025	-0.01866828055908117	0.0	-0.15402345141305115	-0.047234656408769726	0.0	-0.12098643482007085
ENSMUSG00000067212	0.06632300543530885	0.0	0.037686368243934974	0.0	0.0	0.0	0.1305075772586441	-0.050644708925248305	0.08948230647126962	0.0	0.0	0.0	0.02872302467866778	0.0	0.021470807086784095	0.0	0.06818312071925824	0.0	0.3717748681542229	0.0	0.08200764046913729	0.0
ENSMUSG00000085982	-0.04373109383535363	0.0	0.0	0.0	0.04738641075888106	0.0	0.0	0.08959881777998757	-0.05286294673617636	0.0	0.0	0.0	-0.04536153706612126	0.0	-0.037280382142087884	0.0	0.0	0.0	-0.22574527545390893	-0.033904792331140826	-0.04681161990328446	0.07677300239851903
ENSMUSG00000031637	0.03695546525318173	0.014047368625602316	0.015873830935692695	0.0	0.0	0.0	0.037404040868037496	0.0	0.027572707130746034	0.0	0.0	0.0	0.021498866235451247	0.0	0.021121025327615443	0.0	0.0	0.0	0.12039076038059392	0.0	0.015806775125169703	0.13039895202800433
ENSMUSG00000080268	0.027842484624430345	0.018799964395900193	0.022605169017863695	0.0	0.0	0.0	0.05058118653616197	0.0	0.027294052620985616	0.0	0.0	0.0	0.0	0.0	0.0	0.0	0.02367397994106094	0.00940096280813707	0.20162635408828897	0.0	0.036891072563030564	0.1858329397954367
ENSMUSG00000036136	0.03815393878836967	0.03546239411497302	0.0	0.0	-0.02232285033353642	0.0	0.028604449757381915	-0.03420680424525527	0.0	0.0	0.0	0.0	0.0	0.0	0.0	-0.028787211479136425	0.02115210287193167	0.0	-0.17094969808884	-0.01605004230083835	0.0	-0.026659539485898526
ENSMUSG00000082170	-0.02970823386103551	0.0	-0.030187945946689786	0.0	0.09282074847634501	0.0	-0.049335889733380725	0.0	-0.06759100773665665	-0.020379894386326928	0.0	0.0	-0.011330828478957833	0.0	0.0	0.0	0.0	0.0	-0.2955739365706618	0.0	-0.06128832270060552	-0.1011705256805303
ENSMUSG00000027255	0.025113012772612957	0.015979330365709976	0.018332551248100206	0.0	0.0	0.0	0.08094228107037275	0.026886703420882653	0.023949098554294744	0.0	0.0	0.0	0.0	0.0	0.0	0.0	0.021967736507468826	0.0	0.12080008458311665	0.0	0.030281645251959907	0.16160722030507077
ENSMUSG00000105423	0.0	0.0	-0.009990815945859684	0.0	0.0	0.0	-0.09358376209936763	-0.003456916860844872	0.0	0.0	0.0	0.02256226472656197	0.0	0.0	-0.017644637399707445	0.0	-0.005014718663476473	0.0	-0.1990535919127722	-0.04290666873278644	-0.016209548977921685	-0.11288563836508804
ENSMUSG00000021381	0.029000959230196608	0.0	0.026586152535446026	0.0	0.0	0.0	0.1278252825630782	-0.05799614982560757	0.025284624118702692	0.0	0.0	0.0	0.01750105663682333	0.0	0.02377787277300383	0.0	0.05596420783852326	0.0	0.09692181846366948	0.0	0.0	-0.06480057572818439
ENSMUSG00000021690	0.019752937243581917	0.0	0.0	0.0	0.0	0.0	0.07607560971573007	0.056909188986743756	0.0	0.0	0.0	0.0	0.014335433983909738	0.0	0.009683147310055429	0.0	0.01874132221253698	0.011344073701740908	0.043155434363562985	0.0	0.012574561129848491	0.16222544899457755
ENSMUSG00000073987	0.0	0.0	-0.009064888803983298	0.0	0.0	0.0	-0.09443595077817248	0.01853664265740971	-0.02503824856619484	0.0	0.01200689124855789	-0.032244967723016695	0.0	0.0	0.0	-0.008919824862555286	0.012198646515375416	0.0	-0.14665448785733895	0.0	0.0	0.060088071821575335
ENSMUSG00000038628	0.021563297949084147	0.00866179010348172	0.0	0.0	0.0	0.0	0.03829082340028943	0.0454156986287962	0.03748872117972884	0.0	0.0	0.0	0.021470676667420547	0.0	0.0	0.0	0.009295781852898755	0.0	0.023634776570156293	0.0	0.04683611361679484	0.11306108230696844
ENSMUSG00000097817	0.01710976554552118	0.0	0.0	0.0	0.0	0.0	0.18670447317533437	0.0	0.018951876346485128	0.0	0.003241616311547846	0.0	0.0654464089504188	0.0	0.009185239819026319	0.0	0.011721909282023319	0.0	0.8941441515631614	0.0	0.26891598086184226	0.08040906694270396
ENSMUSG00000117100	0.0	0.0	-0.011299057989788136	0.0	0.0	-0.005033144250530589	-0.05274210482737749	-0.03503282336649524	0.0	0.0	0.0	0.0	0.0	0.0	-0.005523357021549435	-0.0063184867168557595	0.0	0.0	-0.1540163180645671	-0.024987340457117355	-0.00792990972795685	-0.0837342735053441
ENSMUSG00000073267	-0.09465891953458813	0.0	-0.08680944303518254	0.0	0.0	0.0	-0.15932551693843033	0.0	-0.06351369074672152	0.0	0.0	0.0	-0.0436555662532887	0.0	-0.09370153125219496	0.0	-0.05463744356143636	0.0	-0.21331756938469418	0.0	-0.07192692146578378	-0.2130190176569341
ENSMUSG00000034107	0.038107431220809125	0.0	0.02971458592693737	0.0	0.0	0.0	0.06921071862632491	0.0	0.02245219350086921	0.01631645609440052	0.0	0.014638236048508493	0.014068236150178931	0.0	0.0077501541133006	0.0	0.048859112646557804	0.0	0.02278222285526394	0.0	0.0	0.0
ENSMUSG00000053889	0.02652386694694438	0.0	0.032425496776394294	0.0	0.029800661261185888	0.0	-0.04398297186439956	0.02259725902617249	0.0	0.0	0.0	0.0	0.0	0.0	0.0	0.0	0.04284854092531321	0.0	-0.28283363576190323	-0.03927052953320637	-0.03022379853213243	-0.16795443415869088
ENSMUSG00000111212	0.0328461223381048	0.0	0.024011816085642446	0.0	0.0	0.0	-0.07038767474649253	0.0	0.030052572369329587	0.0	0.014456613821559439	0.0	0.0	0.0	0.019925923440148343	0.0	0.019369636186392307	0.0	-0.24735279130191848	-0.04704904006771938	0.0	-0.10245217252133286
ENSMUSG00000086074	0.018691186099250662	0.0	0.0	0.0	0.0	0.0	-0.03614018403069327	-0.04731607578416223	0.018855313204398053	0.0	0.0	0.0	0.022020779386251407	0.0	0.0	-0.028880540603982992	0.046055539878981325	0.0	-0.024653763521957296	-0.016251006658204895	0.0	-0.06116966853079421
ENSMUSG00000056910	-0.012598473656152452	-0.035412570609913964	-0.02202159521868296	0.0	0.0	0.0	-0.09511696154090939	-0.02657088270812001	-0.013564810205962936	0.0	0.0	0.0	-0.013291635191451656	0.0	-0.05977159941112959	0.0	0.0	0.0	-0.15351226307784016	0.0	0.0	-0.06766623539369218
ENSMUSG00000097266	-0.07782473107595785	0.0	-0.06361496721712499	0.0	0.13222453312838647	0.0	-0.33473895960503414	0.0	-0.11449084088461647	0.0	0.0	0.0	-0.11798650970358743	0.0	-0.029512487367499673	0.0	0.0	0.0	-0.5645820872770205	0.0	-0.0644809708322371	0.10956857919757604
ENSMUSG00000042453	0.014325271714114152	0.009780717629750363	0.012551331748660449	0.0	0.0	0.0	-0.03282524718696245	0.0	0.0	0.0	0.0	-0.037701828730757454	0.0	0.0	0.008893751931123295	0.0	0.015031713067085064	0.008703398362289066	-0.14835857883129527	0.0	0.0	0.014124679362307133
ENSMUSG00000027953	0.04084139823916497	0.0	0.025476392743094038	0.0	0.0	0.0	0.14925809371399917	0.0	0.044435235825013616	0.0	0.0	0.0	0.009531355557036028	0.0	0.006855891751293197	0.0	0.028765840015099627	0.0	0.30474006863924497	0.0	0.08287595100421974	0.019832948020257108
ENSMUSG00000051877	-0.06391724855525945	0.0	-0.03162502316206772	0.0	0.0	0.0	-0.13629283073136664	-0.08146402578895423	-0.034142630573499436	-0.04751932731638028	0.0	0.0	0.0	0.0	-0.0449009423597477	0.0	0.0	0.0	-0.1265144263592262	-0.05281979908893645	0.0	-0.08112523146769941
ENSMUSG00000030270	0.032791752180639434	0.017693947697139153	0.015260444850383803	0.0	0.0	0.0	0.08742681881933867	0.0	0.03141740015250862	0.0	0.0	0.0	0.025287430530446665	0.0	0.019529448703764742	0.0	0.028759066080535974	0.0	0.5124963029809121	0.0	0.05991036089510802	0.0
ENSMUSG00000046916	0.0	0.01437416058523289	-0.014443253084924501	0.0	0.0	0.0	-0.014921820673143557	0.0	0.01260741119543587	0.0	0.0	0.013069511362976748	0.030300255354337148	0.0	0.0	0.0	0.03371068328159516	0.0	-0.20036036118353678	-0.04090329146832916	0.0	-0.08159424352989197
ENSMUSG00000020952	0.013617366441219572	0.010377695197632323	0.0	0.0	0.0	0.0	-0.07703601902974361	0.02331991871835711	0.0	0.0	0.006535930035358307	0.0	0.0213813571821711	0.0	0.0	0.0	0.01170119631201974	0.004848039982412539	0.03286642491519502	0.0	0.0	0.14006152008920383
ENSMUSG00000026728	0.03594040633755517	0.0	0.0	0.0	0.0	0.0	0.1676691969272441	0.027680785286407338	0.0	0.0	0.0	0.0	0.03413142977880351	0.0	0.02250302228198952	0.0	0.014175523498476172	0.0	0.336167542793708	0.016887235713040863	0.06761114953071556	0.07094865852985485
ENSMUSG00000121508	0.03644471440544303	0.0	0.031204111214280218	0.0	0.0	0.0	0.18506999872884286	0.0	0.02201556517586964	0.0	0.0	0.0	0.033076019012144915	0.0	0.04365341589277511	0.0	0.041263206186931446	0.0	0.09242709378413813	0.0	0.04960764292889189	-0.09135022813528682
ENSMUSG00000040136	0.026923637934566435	0.03041198807987893	0.03301613868702066	0.0	0.0	0.0	-0.04568330756281225	-0.03920525273117754	0.019809251423702684	0.0	0.0	0.0	0.0	0.0	0.0	-0.02801242441435108	0.04404273936502748	0.0	-0.2380295783832383	0.0	-0.026038806791927903	0.0
ENSMUSG00000003863	0.03656309605280016	0.0	0.0	0.0	0.0	0.0	0.17904742460173204	0.0	0.030556312935262335	0.0	0.0	0.0	0.043644152353309595	0.0	0.02407202427403517	0.0	0.020055122567498085	0.0	0.29336253142250596	0.02544397018690119	0.11227366170448796	0.20986282660685046
ENSMUSG00000043668	0.03431028731959973	0.0	0.02231957697552379	0.0	-0.017539922536375267	0.0	-0.047462074265015794	0.0	0.021694047258298002	0.0	0.0	-0.036720132839340204	0.0	0.0	0.02008907161704886	-0.017997151973114342	0.014919885696671048	0.0	-0.03608721369103653	0.0	0.0	0.0
ENSMUSG00000117743	0.031243359363251955	0.011386771564167685	0.003537242574072841	0.0	0.0	0.0	0.0760729587721507	0.0	0.04498288150885848	0.0	0.0	0.0	0.03917506175392391	0.0	0.008326665688845786	0.0	0.022175546815995647	0.0	0.5441047102509751	0.0	0.09874869949096073	0.0
ENSMUSG00000118229	0.030722971327230734	0.01787143204087918	0.021702959749393087	0.0	0.0	0.0	-0.028442719688782883	0.0	0.0	0.02525186010392328	0.0	0.0	0.020456121617062673	0.0	0.022667740664861574	0.0	0.052811491254171374	0.0	-0.1260287656903618	0.0	0.0	-0.08811035507512438
ENSMUSG00000107519	0.0	-0.007893994285009639	-0.007326982379170141	0.0	0.0	0.0	-0.09370194969393934	-0.014976653089372967	0.0	-0.006806407249137447	0.0	0.0	0.0	0.0	-0.02411272166927193	0.0	-0.01686073888102125	0.0	-0.028079393108125128	-0.040792293126096606	0.0	-0.03393575576491917
ENSMUSG00000094325	-0.31558256000674584	0.0	-0.19164541607315	0.0	0.0	0.0	-0.26896298679196584	0.0	-0.2254600025429873	0.0	-0.1792522444801047	0.0	-0.2612008736715478	0.0	0.0	0.0	-0.3068024447526491	0.0	-0.9709365975465152	0.0	-0.3885345470187243	-0.22431768193784601
ENSMUSG00000087042	0.0	0.007314275897861486	0.03865420104396544	0.0	0.0	0.0	0.02040977905516572	0.0	0.024529043918863798	0.0	0.016040452500485077	0.0	0.021864203887049617	0.0	0.022411880420217696	0.0	0.031033282785084458	0.0	0.08350275826246084	0.0	0.004901516225961633	0.0
ENSMUSG00000121700	0.0	-0.023054502033564284	0.0	-0.016839650989409455	-0.06430042415402029	0.0	-0.08838153966920219	0.0	0.0	0.0	0.0	0.0	0.0	0.0	-0.132308884508241	-0.027732246102173796	0.0	0.0	0.5384050649457988	-0.02258045338955745	0.07174207009837023	-0.12452555368345547
ENSMUSG00000061894	0.040327483580191906	0.013115507086634521	0.01540091191571782	0.0	0.0	0.0	0.0	0.0	0.01734460059600265	0.0	0.0	0.0	0.019381244471843966	0.0	0.010273130383239348	0.0	0.03385422880968174	0.007623281510633656	-0.08656443955062743	0.0	0.0	0.04432278624728338
ENSMUSG00000095577	-0.06787353631980045	0.0	-0.02610991592199039	0.0	0.0	0.0	-0.07512468728784832	-0.01292925973609908	-0.0458617755692566	-0.007054770227755525	0.0	0.0	0.0	0.0	-0.045910767495426365	0.0	0.0	0.0	-0.09959683942646787	-0.03142122528369239	0.0	-0.07570120746722853
ENSMUSG00000090291	0.03220218595814194	0.009760582838367608	0.033729170154712974	0.0	0.0	0.0	0.09834566811191582	0.0	0.034725777216783264	0.0	0.0	0.0	0.0	0.0	0.008257107666184385	0.0	0.04919345074174004	0.0	0.1622239999275708	0.007011430895157655	0.0	0.09390079817170677
ENSMUSG00000030706	0.0345125791724687	0.0	0.0	0.0	0.0	0.0	0.11305096321001687	0.07665469082655567	0.02244800307126997	0.0	0.0	0.0	0.031935047800377286	0.0	0.022576390769009236	0.0	0.0	0.018558748958094284	0.3086470971178489	0.0	0.06485780479617213	0.26943717647728355
ENSMUSG00000116125	0.04055350534703751	0.0	0.012762102271494474	0.0	0.0	0.0	0.11890890822343306	0.0	0.031491560034523164	0.0	0.0	0.0	0.03859103388423183	0.0	0.023504502907782165	0.0	0.0	0.010124320039760604	0.08878067065034015	0.0	0.03662057806518269	0.1919094674809382
ENSMUSG00000116624	0.0	0.0	-0.030318107774091167	0.0	0.0	0.0	-0.050955490998828325	-0.017901801519381887	0.0	0.0	0.01747091211684812	0.02573362414009406	-0.01622426521400866	0.0	0.0	0.0	-0.028677613087526845	0.0	-0.03907946820051801	-0.035973083470092065	0.0	-0.06081266240011893
ENSMUSG00000059659	0.028109996334112205	0.0	0.0	0.0	0.0	0.0	0.11665409188282147	0.06713686393290595	0.014709895501655414	0.0	0.0	0.0	0.04231615195482729	0.0	0.023372353016259038	0.0	0.0	0.011983708142263794	0.5795049200293061	0.0	0.07412951713680621	0.2911172745814018
ENSMUSG00000106692	0.028363618753178672	0.024550259791961866	0.03439198761021032	0.0	0.0	0.0	0.02547740486419304	0.0	0.027473974179718554	0.0145075255882434	0.0	0.01635117521516198	0.013236876421196583	0.0	0.0	0.0	0.046646671827307314	0.0	0.0	0.0	0.0	-0.05918632394027429
ENSMUSG00000101454	0.060034859086948306	0.0	0.03732602577828405	0.0	0.0	0.0	0.0	0.021368846462932405	0.04197304504284436	0.019511472878275808	0.027472298220335024	0.0	0.0	0.0	0.0	0.0	0.09396952228854899	0.0	-0.14835118834404287	-0.06245124809698531	0.0	-0.08616040933702905
ENSMUSG00000067148	0.03330117056676613	0.0	0.006629607659090546	0.0	0.0	0.0	0.17426060912743765	0.050986668909759905	0.007176118146908766	0.0	0.0	0.0	0.012160691850335966	0.0	0.0	0.0	0.0029028042309569013	0.0	0.68307333231844	0.0	0.13340314539222156	0.3163443568009812
ENSMUSG00000110767	0.04431265735998517	0.0	0.0	0.0	0.0	0.0	0.0	0.0	0.0	0.030663910960062664	0.0	0.01925426712930755	0.029412740363923905	0.0	0.031069655407268134	0.0	0.03957098016468039	0.0	-0.15118376052218324	-0.044677564884272644	-0.026769578352720536	-0.09096704418694959
ENSMUSG00000047454	0.0	0.10479570188941871	0.0	0.0	0.0	0.1266311305988588	-0.07327193228174687	-0.2334432239103014	0.0	0.04052437225777947	0.0	0.06778679573907043	0.0	0.0	-0.06047838425513938	0.0	0.0	0.0	-0.12701613244096172	0.23709717623154555	0.0	-0.3225885185533318
ENSMUSG00000087106	-0.2141812655397357	0.0	-0.18100226277127165	0.0	0.0	0.0	-0.3161146410039615	0.0	-0.16905206102117296	0.0	-0.08523398430962745	0.0	0.0	0.0	-0.10964537290968793	0.0	-0.12043775539762443	0.0	-0.7974008050262096	0.0	-0.17071538392103333	-0.062987455017248
ENSMUSG00000110067	0.0318902242600077	0.033497359174957164	0.0	0.0	0.0	0.0	-0.018267058177358676	-0.04475656607515453	0.0	0.0	0.0	0.0	0.0	0.0	0.0	-0.02522537219088848	0.03783075947424421	0.0	-0.15760684317069182	-0.0236432267034555	-0.01420459752411593	-0.0425824592075439
ENSMUSG00000031530	0.031240168594466187	0.005576275577522383	0.0	0.0	0.0	0.0	0.23919641962063024	0.039894899583264046	0.020392322697284537	0.0	0.0	0.0	0.04238078406988863	0.0	0.01796187915080415	0.0	0.0	0.0	0.39519788991497606	0.0	0.113141265411608	0.20947654724372183
ENSMUSG00000091754	0.042187929504362	0.0064889830165885	0.03929529980843588	0.0	0.0	0.0	0.0	0.0	0.03374294883606498	0.004572214094758165	0.0	0.0	0.016164815838048168	0.0	0.013632954646270241	0.0	0.04445687636653965	0.0	0.021045908638356068	0.0	0.04490539984551618	0.0
ENSMUSG00000051768	0.03602375309794095	0.0	0.0177911979559958	0.0	0.0	0.0	0.10553132163541448	0.0	0.03713157247307393	0.0	0.0	0.0	0.027819331393442396	0.0	0.019516629402010266	0.0	0.03100203199951724	0.0	0.18658300523728844	0.0	0.049281301996706654	0.06645620269557237
ENSMUSG00000073975	0.0	0.014441867685367676	0.030849724407649617	0.0	0.019049338452779202	0.0	-0.06630632641670772	0.0	0.0	0.0	0.016358497337874527	0.013696085437153884	0.0	0.0	0.0	0.0	0.015623858522744635	0.0	-0.08717582443679074	-0.04206268287939468	0.0	-0.0860000063438616
ENSMUSG00000120185	0.0	0.11545684686087757	0.0	0.0	0.0	0.13620242007666183	-0.09463279459801238	-0.2166785345293285	0.0	0.0	0.0	0.0759209739838015	0.0	0.041727009344412896	0.0	0.0	0.0	-0.034315342848476205	-0.1753710793927786	0.24029288805204266	0.0	-0.3007644840485816
ENSMUSG00000108563	0.0	0.0	0.02797287302762852	0.0	0.0	0.0	0.32061787250213664	0.05241567898357846	0.0	0.0	0.0	0.038244704486381446	0.04923993870256876	0.0	0.0	0.0	0.0	0.02273261358563694	0.6191662970417987	-0.15126720534491808	0.17406886893794876	0.23244064474212575
ENSMUSG00000056216	0.02677124747643568	0.0	0.0	0.0	0.0	0.0	0.13101145230105407	0.060653839179443655	0.02771225685498471	0.0	0.0	0.0	0.039634879164098025	0.0	0.0	0.010796842424429354	0.015340188611736668	0.0	0.3716453683629527	0.0	0.06164193606648451	0.20750686012753314
ENSMUSG00000020132	0.03573148307959311	0.0	0.0	0.0	0.0	0.0	0.06826735927635953	0.05708813968367716	0.03945099605962484	0.0	0.0	0.0	0.030120733075600627	0.0	0.02213636138099251	0.0	0.025848120599721244	0.0	0.12804961389660993	0.0	0.036249825326388485	0.14995473330777273
ENSMUSG00000097565	0.02786189634847657	0.014936146706285125	0.0	0.0	0.0	0.0	0.10743821826689885	0.0	0.029056746723109556	0.0	0.0	0.0	0.0355781753105075	0.0	0.0	0.0	0.025910697482814413	0.0	0.14270493294792985	0.018144989475116887	0.03449055065594018	0.0785599789533278
ENSMUSG00000114309	0.046449342429024106	0.0	0.04065030509593915	0.0	0.0	0.0	-0.04579352507518342	-0.020408753882451558	0.06417884786906941	0.0	0.0	0.0	0.0	0.0	-0.021827823463013818	0.0	0.04346242456191468	0.008346880277742826	0.22812800563443966	0.0	0.042742520278714946	0.0
ENSMUSG00000033368	0.02566584654116571	0.01176911121933706	0.01648149295101338	0.0	0.0	0.0	0.0	0.0	0.0	0.0	0.0	0.005681218025244544	0.02581390563245534	0.005559308234098296	0.00980242538334807	0.0	0.013828721277088543	0.0	0.04488713798816241	0.0	0.01751672990949375	0.0
ENSMUSG00000038214	0.028189687973521563	0.0	0.0	0.01660205973329143	0.0	0.0	0.19794898964171895	0.06710023867491588	0.02070825027089045	0.0	0.0	0.0	0.04822349941055621	0.0	0.022813217237500592	0.0	0.0	0.0	0.321477098727452	0.0	0.08295495374301927	0.28052760130298393
ENSMUSG00000113186	0.038005118673747805	0.0	0.038665576649295014	0.0	0.0	0.0	-0.022743248640169467	0.0	0.023159188076591633	0.0	0.0	0.0	0.029877984935613267	0.0	0.02451144635238619	0.0	0.04064107521633514	0.0	-0.17615204983866128	-0.0331002856853773	0.0	-0.05265774010081865
ENSMUSG00000120957	0.03287007513318142	0.0	0.03851470720092721	0.0	0.0	0.0	0.05287779782850885	-0.04129438125711937	0.022638301569223016	0.0	0.0	0.0	0.0	0.0	0.023696647204042715	-0.03515340635039304	0.05004412468756113	0.0	-0.07467038236626701	0.0	0.0	-0.04653547449780599
ENSMUSG00000015243	0.038491611679980435	0.0	0.018491459356305678	0.0	0.0	0.0	0.05057669489007682	0.0	0.02871862316326602	0.012028495103350356	0.0	0.0	0.034726662408370274	0.0	0.018892189873181114	0.0	0.024570649705169242	0.0	0.09706331154720058	0.0	0.0	0.07315747334312171
ENSMUSG00000094105	-0.05511826772545283	-0.011992870928816846	0.0	0.0	0.0	0.0	-0.12923787053703562	0.0	-0.025235890082245284	0.0	0.0	0.0	-0.023381550069253222	0.0	0.0	0.0	-0.02297938890276247	0.0	-0.33941959091634377	-0.021468359351076362	-0.01611840495065383	-0.09623894516444234
ENSMUSG00000024395	0.05124464887754337	0.0	0.032457860848523645	0.0	0.0	0.0	0.0878397795900375	-0.04876714159672433	0.031109287190984193	0.0	0.0	0.0	0.0	0.0	0.0	-0.0366649229159017	0.04750511272639722	0.0	-0.11796279691946718	-0.027667087004703446	0.0	-0.06566029315348591
ENSMUSG00000031209	-0.06177911409202445	0.0	-0.04658288212686312	0.0	0.0	0.0	-0.11998520310012958	-0.028839368520628406	-0.05450147717618736	0.0	0.0	0.0	0.0	0.0	-0.0395302189244228	0.0	-0.0396720683287152	0.0	-0.1341421592768971	0.0	-0.062253672669486546	-0.16285789008121562
ENSMUSG00000029202	0.034004187481557736	0.0	0.0	0.0	0.0	0.0	0.10217879420230294	0.07882004409845166	0.016913887661867633	0.0	0.0	0.0	0.05269402625265072	0.0	0.02175436154600376	0.0	0.0	0.016819009657723778	0.22326972061388167	0.0	0.05041502897561518	0.24380511155080759
ENSMUSG00000021629	0.03540972984479392	0.0	0.017200489814181586	0.0	0.0	0.0	0.036518643455135225	0.04659714009346064	0.03294690828376065	0.0	0.0	0.0	0.022271153959515018	0.0	0.0	0.0	0.01771038048315321	0.0	0.24636027443053007	0.0	0.03293153657274479	0.2235705507351488
ENSMUSG00000101053	-0.32351516270118763	0.0	-0.19441542849724863	0.0	0.0	0.0	-0.2606604408783915	0.0	-0.22505992777342793	0.0	0.0	0.0	-0.2292334611088146	0.0	0.0	0.0	-0.28821475299204297	-0.17128127028690843	-0.9739962554222429	0.0	-0.4029267174376972	-0.2633919377242735
ENSMUSG00000039115	0.03946239191833954	0.023109103249436592	0.023403275693231175	0.0	0.0	0.0	0.0	0.0	0.029976414555268623	0.01245454711903704	0.0	0.0	0.021563146833742407	0.0	0.022017652278550306	0.0	0.030613915401652626	0.0	0.07017495126717609	0.0	0.0	0.030088090474001104
ENSMUSG00000090012	-0.04389161612297396	0.01895600331564612	0.0	0.0	0.0	0.0	-0.023878964697539123	-0.011700485603474975	0.0	0.0	0.0	0.03196319245120713	0.022217656499711837	0.0	0.0	0.0	0.02150091879157898	0.0	-0.3576630292506144	-0.0458010668094507	0.0	-0.0880320144808448
ENSMUSG00000072423	-0.027461183922310166	0.0	0.0	0.0	0.08630933336131068	0.0	-0.05687943511275103	-0.04561877261759141	-0.01554525052906466	0.0	0.03326896578493925	0.017790838753626498	0.0	0.0	0.0	-0.02585592276452693	0.0	0.0	0.043309771447219536	0.0	0.0	-0.020189685036228106
ENSMUSG00000085189	0.011605276305615142	0.016227928971141253	0.0	0.0	0.0	0.0	0.13918967724428577	0.0	0.0459062228924686	0.0	0.0	0.0	0.04682851510546359	0.0	0.01372670899568439	0.0	0.022716515632239587	0.0	0.6489254761482934	0.0	0.14317260140040633	0.039133910615406366
ENSMUSG00000075267	0.0	0.0	0.017853201128357973	0.0	0.0	0.0	0.038624744901537444	-0.10486019182032326	0.02312857782786585	0.0	0.013701852280564808	0.0	0.025628205959536375	0.0	0.03706495604331792	0.0	0.0	0.0	-0.05322694758767786	-0.03778910795128203	0.0	-0.03509992185592562
ENSMUSG00000074882	-0.034498229825511026	0.0	-0.04294375788986712	0.0	0.0	0.0	-0.12166950903981281	0.0	-0.040514527352366714	0.0	0.0	0.0	-0.009614947041988287	0.0	-0.03262128759816245	0.0	0.0	0.0	-0.36315380038766026	-0.015445318036427874	-0.05474252762758821	-0.10292514772335112
ENSMUSG00000086379	0.035893615126820655	0.0	0.02175084000816701	0.0	0.0	0.0	0.04353441730000142	0.0	0.019122950775003755	0.0	0.0	0.0224334157222364	0.01757552340275924	0.0	0.021554106208509463	0.0	0.03395556274813606	0.0	0.0	0.0	0.01271815225770899	-0.11680144879762294
ENSMUSG00000114431	0.0	0.018546255428027864	0.020947473633946705	0.0	0.012198167063838743	0.0	0.0331822920963647	0.0	0.0	0.0	0.02730122743678393	0.0	0.0	0.0	0.043096595124205876	0.0	0.0278295509576755	0.009163965403424706	0.0	0.0	0.024054777859949892	-0.0928374342495758
ENSMUSG00000101179	0.028553483973501617	0.008741783988711496	0.021720851783758828	0.0	0.0	0.0	0.05108452663339882	0.0	0.019195684375149832	0.0	0.0	0.0	0.002046545697208524	0.0	0.009584857811857077	0.0	0.03490446677834851	0.0	0.08528542033722862	0.0	0.015604432503358925	0.0
ENSMUSG00000073916	-0.03595099744406698	0.0	0.0	0.0	0.0	0.0	-0.12396946923871992	-0.019069101031342406	-0.056329255353174144	0.0	0.0	0.0	-0.023639962306866238	0.0	-0.06363258482122502	0.0	-0.04487216991002582	0.0	-0.1978591752459772	-0.04235179575054126	0.0	-0.11560751793370584
ENSMUSG00000024054	0.023432876273209155	0.01345410767825882	0.012243553666418383	0.0	0.0	0.0	0.0	0.09908456542903837	0.0	0.0	0.0	0.0	0.02871352497622338	0.0	0.0	0.014632871617200718	0.021469164484000287	0.0	0.07317538823430447	0.0	0.02593202668375225	0.24597711539454442
ENSMUSG00000047828	0.044528258941192424	0.0	0.0279375297916145	0.0	0.0	0.0	-0.03573958393776408	0.0	0.028017001720629958	0.0	0.0	0.0	0.037190137564996714	0.0	0.02439443832699393	0.0	0.048810276406353346	0.0	-0.16153760230685196	-0.0467694416966847	0.0	-0.10271964079284131
ENSMUSG00000003031	0.0	0.0	0.0	0.0	0.0	0.0	0.2788237843429332	0.08226284247881942	0.028726517200484795	0.0	0.0	-0.07057260962448722	0.0	0.0	-0.07274744248143039	0.0	0.01194605254486437	0.00929127870509372	0.3666726637721064	0.0	0.07587836726364446	0.23249827575738255
ENSMUSG00000039145	0.02592626972159146	0.0	0.013342584178195949	0.0	0.0	0.0	0.01687378069204339	0.05204772488610519	0.01890290470977039	0.0	0.0	0.0	0.014318351990353483	0.0	0.02069464954299336	0.0	0.015300078478818854	0.012090861021503035	0.0	0.0	0.0	0.1870507673356161
ENSMUSG00000112427	0.019728530680353185	0.0	0.0	0.0	0.038178684406646915	0.0	-0.07826204125539313	0.0	0.0	-0.018407046912726724	0.021068928388590463	0.0	0.0	0.0	-0.03196676835139775	0.0	0.0	0.0	-0.16201948210567071	-0.033564556573016824	-0.025317139989807412	-0.12046067766173914
ENSMUSG00000064181	0.030785072191652735	0.0	0.0	0.0	0.0	0.0	0.09340698218621689	0.021791425195581457	0.030298212073427113	0.0	0.0	0.0	0.0342480185477903	0.0	0.019457684184344404	0.0	0.028630173731055638	0.0	0.05669814562267241	0.0	0.04363007156066803	0.15848134146890452
ENSMUSG00000022558	0.046752718852290265	0.0	0.020060073456754424	0.0	0.0	0.0	0.026207381801568893	0.0	0.03967740920809108	0.0	0.0	0.0	0.04533922839237792	0.0	0.03446852837883874	0.0	0.029038430712842175	0.0	0.11734153260086548	0.0	0.028134555853550576	0.14768739908357936
ENSMUSG00000091191	0.04285053591906768	0.0	0.02288491390476599	0.0	0.0	0.0	0.33397617615281455	0.0	0.0	0.0	0.0	0.04921963279472443	0.11910690616997333	0.0	0.1007883580709465	0.0382881162121853	0.036975003032896435	0.0	0.636566377362142	0.0	0.21854447764717663	0.0
ENSMUSG00000109071	-0.01734043026385853	-0.030158974471587274	0.0	0.0	0.0	0.0	-0.0603482185649037	-0.02236524735785542	0.0	-0.01854562167317895	0.0	0.04422751176173284	0.0	0.0	-0.026117454595937863	0.0	0.0	0.0	-0.09706626723877244	-0.0350082787621512	0.0	-0.06295303266374908
ENSMUSG00000109482	0.041197428125702006	0.0	0.02443701262104954	0.0	0.0	0.0	-0.04927693548450205	-0.04695276576938714	0.026655774731570554	0.0	0.0	0.0	0.01940410597871886	0.0	0.0	-0.045919555071503686	0.02900734468690358	0.0	0.031935456560712935	0.0	0.0	0.07904410513202274
ENSMUSG00000100492	-0.34328034014195075	0.0	-0.18583690623871965	0.0	0.0	0.0	-0.31228000970733877	0.0	-0.21991304761604483	0.0	0.0	0.0	-0.21680956963531303	0.0	0.0	0.0	-0.3074048517179866	-0.1305147180735493	-0.9670824269099411	0.0	-0.40448411647317845	-0.24508936830821296
ENSMUSG00000030272	0.0371804156213314	0.016877655694851047	0.02073740657399198	0.0	0.0	0.0	0.0	0.0	0.031036947168456376	0.011806519928923676	0.0	0.0	0.022434949214201614	0.0	0.0	0.0	0.035699808460545046	0.0	0.24859919696630242	0.0	0.027230664381244857	0.04327876151726601
ENSMUSG00000095763	0.0	0.0	-0.05210285226991984	0.0	0.0	0.0	-0.11410208821842412	-0.06910933076468079	-0.07646951119247614	0.0	-0.05938465883785001	0.0	-0.06271183982037393	0.0	0.0	0.0	-0.15000656561232	0.0	-0.40337854994209843	0.0	-0.05413057523016697	-0.1743626992791401
ENSMUSG00000101151	0.02677131936404028	0.0	0.03455727609036457	0.0	0.014615183036343266	0.0	-0.08048632186272543	0.0	0.0	0.028410122663996656	0.02063870351722882	0.024146202637459452	0.0	0.0	0.0	0.0	0.07505654939249622	0.0	-0.19954810723408778	0.0	0.0	-0.07541055388693103
ENSMUSG00000094612	-0.043458862725545985	0.0	-0.013411742278087946	0.0	-0.016207219820057805	0.0	-0.10154230358765497	0.0	-0.03959592255253741	0.0	0.0	0.0	0.0	0.0	-0.025961822688430183	0.0	-0.07596898694226852	0.0	-0.0616137562507688	-0.0282953765142386	0.0	-0.1054102612352893
ENSMUSG00000117664	-0.03211166586841859	0.02402831322203763	0.0	0.0	-0.030260035838351518	0.0	0.0	0.0	0.028457559320697972	0.0	0.0	0.015638463640608634	0.014014807879900004	0.0	0.0	0.0	0.0	0.0	0.2171481962070916	-0.04037297591016099	0.01321010577186505	-0.055694450886131355
ENSMUSG00000032193	0.043595085909567934	0.0	0.0	0.0	0.0	0.0	0.15426746459108417	0.04673977782358085	0.03340280081574102	0.0	0.0	0.02320682339422442	0.05750092447157574	0.0	0.027560055889882643	0.0	0.0	0.0	0.5383779598949361	0.0	0.08143876056324681	0.25059847475696917
ENSMUSG00000079442	-0.08004192707302972	0.0	0.0	0.0	0.0	0.0	-0.2162123256669147	-0.038839177843874584	0.0	0.0	0.0	0.0	-0.09288067883769695	0.0	-0.11059580324917292	0.0	-0.06389307587052254	-0.0815149453320732	-0.5718936260462495	0.0	-0.05979260871869154	-0.22652518089683948
ENSMUSG00000062753	0.04913534907102926	0.0	0.0	0.0	0.0	0.0	0.19458615181992903	0.0	0.054616218911691855	0.0	0.010913552657002943	0.0	0.030263296789239644	0.0	0.007250825934514713	0.0	0.0	0.0	0.9726283191507057	-0.05176315236450946	0.23354062933295075	0.10909240487160884
ENSMUSG00000009418	0.03769915223714328	0.0	0.0	0.0	0.0	0.0	0.10124518189939094	0.04221016902369065	0.028437718579163218	0.0	0.0	0.0	0.03674827345552526	0.0	0.027503813128500462	0.0	0.030848775083829584	0.0	0.12648491631362793	0.0	0.04645055862539101	0.1729115056280415
ENSMUSG00000001376	0.023547526009143283	0.0	0.0	0.0	0.0	0.0	0.09867686191811852	0.0676542883147967	0.01735028698524084	0.0	0.015623455013611731	0.0	0.030744170879639526	0.0	0.0	0.0	0.02260061104868474	0.0	0.2519638177017757	0.0	0.036557405663789844	0.12237532133626193
ENSMUSG00000050212	0.0	0.0	0.0059696980185991455	0.0	0.0	0.0	0.2281275362561073	0.0	0.03840517937905721	0.0	0.0	0.0	0.07712015117594423	0.0	0.012535607003137968	0.0	0.008191574650972004	0.0	0.24334790997528855	0.02414250978370065	0.12645339916537673	0.11223154876753601
ENSMUSG00000024171	0.04554193753557186	0.0	0.0	0.0	0.0431326013308379	0.0	0.01751771135133981	0.0	0.04029784302367824	0.0	0.0	0.01925496346516925	0.03220290819707989	0.0	0.03173971656681281	0.0	0.029574762129958052	0.0	-0.29655325236379426	0.0	0.0	-0.08935891846489487
ENSMUSG00000078442	0.037928573175419	0.0	0.010743238192328666	0.0	0.0	0.0	0.1355611767799651	0.0	0.034481573361309394	0.0	0.0	0.0	0.009281588321351064	0.0	0.012630188381452655	0.0	0.032699240862484914	0.0	0.314090243326791	0.0	0.06644929839962001	0.013720262253934834
ENSMUSG00000058488	0.031080395815247935	0.00652297931794496	0.014189205062207765	0.0	0.0	0.0	0.030526492112191408	0.0	0.02426443734209239	0.0	0.0	0.0	0.0276324865529153	0.0	0.014280108812043528	0.0	0.026208621762821408	0.0	0.027215997389290293	0.0	0.020675663097420065	0.0
ENSMUSG00000022678	0.043448484535662094	0.0	0.0	0.0	0.0	0.0	0.07604432341006401	0.04067139435539961	0.037683758622295616	0.0	0.0	0.0	0.035417957796522216	0.0	0.023917472808179574	0.0	0.02734659668542082	0.0	0.1985203879823999	0.0	0.02933495611815845	0.14072089043171646
ENSMUSG00000113909	0.03972673264332418	0.0	-0.020766717998725138	0.0	0.03380520312637571	0.0	-0.03934882804180045	0.0	0.043243816225029735	0.0	0.0	0.0	0.0	0.0	-0.016726030163463815	0.0	0.02226325197561299	0.0	-0.09219750268761939	-0.04030258892509994	0.0	-0.12353639920493435
ENSMUSG00000104100	0.0	0.0	0.048072014701211786	-0.014193113680064463	0.0	0.0	-0.09550260683487223	-0.008928152289694666	0.0	0.0	0.0	0.0	-0.03948277544168608	0.0	0.0	0.0	-0.030901108485143512	0.0	-0.09017911142378299	-0.04279722167342608	-0.0031301181011722523	-0.1382178731643447
ENSMUSG00000041362	0.016053774537874464	0.0	0.019285905881080815	0.0	0.0	0.0	-0.021838549026171647	0.0	0.018694655136808173	0.0	0.0	-0.016109081987395184	0.013006185743750636	0.0	0.01913790407112493	0.0	0.019910283441958068	0.0	-0.05093236288538126	-0.035118961765646724	0.0	0.0
ENSMUSG00000109402	0.035235567485297575	0.016779650440028576	0.0	0.0	-0.017302583848014197	0.0	-0.07400843851969843	0.0	0.0	0.0	0.0	0.0	0.03531905076067619	0.0	0.028739431391006032	0.0	0.03650199286427038	0.0	-0.05377045423488188	-0.04617913832785857	0.0	-0.08521650957427976
ENSMUSG00000026523	0.0	0.014611093679194805	0.0	0.0	0.0	0.0	-0.05982701917157156	0.0	0.0	0.020437987968402647	0.011876208024795434	0.022335342013019028	0.0	0.0	0.0	0.0	0.0141573521184227	0.013342254602098378	-0.08259595397389193	-0.05123955037345077	0.0	-0.09844313632340516
ENSMUSG00000104159	0.06450329736611352	0.0	0.0118228924278543	0.0	0.03048484552433668	0.0	0.06507953465302221	-0.06072953357319266	0.014070975258235646	0.00933049634826061	0.0	0.0	0.0	0.0	0.0	0.0	0.03428727884289693	0.0	0.651894732041893	0.0	0.08331782196324058	0.0
ENSMUSG00000086727	0.008538546825921483	0.014153812706640869	0.0	0.0	0.0	0.0	0.0	0.0	0.0	0.016958588586731282	0.007854822898876854	0.01167646163318608	0.0	0.008336503100511233	0.0	0.0	0.01096762068173579	0.0	-0.17699469600276288	-0.0425030049259886	0.0	-0.09735766321443193
ENSMUSG00000037613	0.03167741410054586	0.0	0.02467974704176578	0.0	-0.023951510988322447	0.0	-0.03879603791754339	0.0	0.03311611380910553	0.0	0.0	0.0	0.02724169427019862	0.0	0.0	0.0	0.03646455892443268	0.0	-0.07209681914107828	-0.026547165102087933	0.0	-0.02934894700772463
ENSMUSG00000101192	-0.3257557561779841	-0.17147052451073555	-0.16551903774973376	0.0	0.0	0.0	-0.29862593855784286	0.0	-0.2491282209985956	0.0	0.0	0.0	-0.2664354436578516	0.0	0.0	0.0	-0.2948576944449295	0.0	-0.9545375877872229	0.0	-0.36785529178565235	-0.23850985915168665
ENSMUSG00000037822	0.043707188392473624	0.0	0.0	0.0	0.0	0.0	0.08044742666240763	0.026561805248713613	0.02937765431992577	0.0	0.0	0.0	0.025305790563590374	0.0	0.02504636469438894	0.0	0.02485377837769671	0.0	0.14565848367154796	0.0	0.025798353160363052	0.19113972189299228
ENSMUSG00000118280	-0.14586379231951413	0.0	0.0	0.0	0.0	0.0	-0.28474773178380786	0.0	0.0	0.0	-0.046679729167911965	0.0	-0.11431832183845163	0.0	-0.11833647446914872	0.0	-0.08123163875991886	-0.0873965019067756	-0.7247025242335979	0.0	-0.1968175655026907	-0.2609715029257455
ENSMUSG00000113425	0.04025560158475278	0.0	0.0	0.0	0.0	0.0	0.029131808245370667	0.0	0.02648927872516494	0.0	0.0	0.01879839321631841	0.01681810580236123	0.007720410778707484	0.023024826666026236	0.0	0.03828248594046877	0.010472934075369129	0.0	0.0	0.0	-0.10178125011112005
ENSMUSG00000112690	-0.049319987335223615	0.0	0.0	0.0	0.06706691867026404	0.0	-0.08443397578888262	0.09329939232453734	-0.04563350424282498	0.0	0.0	-0.041497246902597255	-0.09395650227663371	0.0	0.0	0.0	0.0	0.0	-0.13643781726906515	0.0	-0.045142161216781926	0.21210223718273058
ENSMUSG00000028420	0.0	0.0	0.0	0.0	0.0	0.0	0.11514669704104458	0.0349090243043837	0.018940064950435046	0.0	0.0	0.0	0.042086291321463305	0.0	0.025165774066893153	0.0	0.022912425916843865	0.0	0.2953476089839721	0.013021580195903715	0.05861296753346169	0.15676428691698274
ENSMUSG00000033902	0.045177781667696634	0.0	0.02709820280645905	0.0	0.0	0.0	0.02428306885289555	0.03681948332031622	0.041722428615663436	0.0	0.0	0.0	0.03035948498239902	0.0	0.024041789113139197	0.0	0.03147198334772838	0.0	0.1458508401676426	0.0	0.0	0.19392819499379646
ENSMUSG00000090643	0.0414898419228365	0.01861568941777962	0.021107491000914306	0.0	0.0	0.0	0.0024147546439520495	0.0	0.03794729588203377	0.01137225526763109	0.0	0.0	0.015601668004250962	0.0	0.014242414348281513	0.0	0.03963611200989317	0.0	0.0	0.0	0.01660623554373219	0.0
ENSMUSG00000031842	0.033782325682164153	0.02082009561875773	0.014193437144191745	0.0	0.0	0.0	0.1257348568061041	0.0	0.03201865665185244	0.0	0.0	0.0	0.011636024567133111	0.0	0.0	0.0	0.028879680497598776	0.0	0.15196854215487374	0.0	0.044067091587760315	-0.09167012473295841
ENSMUSG00000059669	0.0286186741724465	0.00848810095633496	0.01794875212342724	0.0	0.0	0.0	0.0	0.013211217869256093	0.023403913883783146	0.0	0.0	0.0	0.009147296729543775	0.0	0.01580009449678599	0.0	0.02242296510557558	0.0	-0.03898716172267008	0.0	0.0	0.15162530876565863
ENSMUSG00000114323	-0.3288054033954531	-0.15549757915147433	-0.2033563140147455	0.0	0.0	0.0	-0.293488426045845	0.0	-0.2012544841505737	0.0	0.0	0.0	-0.19514483177909867	0.0	0.0	0.0	-0.3315863679099603	0.0	-0.9477140867974997	0.0	-0.4088432085980618	-0.26700465297952325
ENSMUSG00000038034	0.038158527581280494	0.0	0.024535912639283827	0.0	0.0	0.0	0.10871847052236483	0.0	0.020001806464738314	0.0	0.0	0.0	0.019489146040885547	0.0	0.017333836336367984	0.0	0.040077184052901574	0.004872200015808403	0.044873709830059436	0.0	0.03346848705669924	0.0
ENSMUSG00000121734	-0.11670305148349097	-0.009666779241039869	-0.020096448087383922	0.0	0.0	-0.009233116921271597	-0.07132555781648924	-0.05645524718984133	-0.05304448887177148	0.0	0.0	0.0	0.0	0.0	0.0	0.0	0.0	0.0	0.06665567313875807	0.0	0.04775114658834856	-0.060073724361805476
ENSMUSG00000030493	0.047906667516917925	0.0	0.0	0.0	0.0	0.0	0.1480195270959197	0.052008039805138004	0.024381403727579416	0.0	0.01280530552830883	0.0	0.04321374802833817	0.0	0.0	0.0	0.016585788918230704	0.0	0.6142650393224307	0.0	0.09143491815438022	0.18690646564833094
ENSMUSG00000108889	-0.0123653951498862	0.0	0.0	-0.010975506285757936	0.0	0.0	-0.07547343094773584	-0.029644523725899142	0.0	0.0	0.0	0.0	-0.024352124435636502	0.0	0.0	-0.010486201791420013	0.0	-0.01976762946659092	-0.3314374363114987	-0.044509586867892095	0.0	-0.08937391805616568
ENSMUSG00000022422	0.03252525519354676	0.006363385808183908	0.011121533812357707	0.0	0.0	0.0	0.0	0.016948751440649265	0.02135147696357785	0.0	0.0	0.0	0.013652605876398216	0.0	0.015685138030455365	0.0	0.014018270447591819	0.0	0.1542995372863685	0.0	0.0	0.20161557654338186
ENSMUSG00000101285	-0.3218320902778531	-0.15892136058426498	0.0	0.0	0.0	0.0	-0.30004752021863135	0.0	-0.22422662806769877	0.0	0.0	0.0	-0.21362974829984097	0.0	0.0	0.0	-0.31404020616960276	-0.16781570463850884	-0.9994025675447179	0.0	-0.3634419134807693	-0.2693376155403476
ENSMUSG00000061360	0.03857173952850474	0.0	0.0	0.0	0.0	0.0	0.09126686991645251	0.07662121236690211	0.031175018727604465	0.0	0.0	0.0	0.012880838116348088	0.0	0.01203704907342229	0.0	0.0	0.012079827930025462	0.6474278232070926	0.0	0.060483313250127804	0.3372149716541187
ENSMUSG00000028093	0.0	0.0	0.0	0.009441062387702781	0.0	0.0	0.21944943808452855	0.05982310522811576	0.009787593394200572	0.0	0.0	0.0	0.044743500786231336	0.0	0.015605536307747659	0.0	0.0	0.008974934062609297	0.47191773364325657	0.0	0.05508957285947331	0.2352158083698823
ENSMUSG00000067103	0.03124736720430444	0.01615627908823564	0.0	0.0	0.0	0.0	-0.09874832871882036	0.0	0.02472459111642935	0.0	0.0	0.015780246979667123	0.0	0.0	0.01778891198566223	0.0	0.038130957894448134	0.0	-0.15658961180453132	-0.046098350296118785	0.0	-0.09265020103594666
ENSMUSG00000100901	-0.01439549250126372	0.0	0.05155539513103528	0.0	-0.017561865714364223	0.0	-0.09273170795841577	0.0	-0.013552562615160193	0.0	0.0	0.0	0.0419736463780301	0.0	-0.020322156162520876	0.0	0.07920947324096614	0.0	0.0	-0.03680302941662554	0.0	-0.05027206746578418
ENSMUSG00000117792	0.011414597518289445	0.0	0.0	0.0	0.0	0.0	0.0	0.0	0.0	0.0	0.011521525284084814	0.01494929613483619	0.0	0.0	0.0	0.02252295146562653	0.008342617052192608	0.018511093576782295	-0.17097897526472924	-0.03935909163156758	-0.019113880332033543	-0.09845958541984537
ENSMUSG00000029522	0.039655120486385996	0.022681278703775197	0.0	0.0	0.0	0.0	0.11757394370051023	0.0	0.029928173759913107	0.0	0.0	0.037736251852807275	0.0342259467145993	0.0	0.0	0.0	0.019279960855508982	0.0	0.48713216202981174	0.0	0.10290447503800015	0.023840518357711102
ENSMUSG00000073236	0.024149787685412018	0.0	0.0	0.0	0.0	0.0	0.2110340323047365	0.08869281994919884	0.013623179828052119	0.0	0.0	0.0	0.0	0.0	0.0	0.0	0.012068676789868091	0.00864982320251273	0.6714477144117172	-0.13793183118400953	0.09563922685420063	0.31942861466621525
ENSMUSG00000105057	0.016469662905249823	0.006866443209297968	0.009961587988443267	0.0	0.0	0.0	0.051910024520478694	0.026487990775848676	0.02598491392168373	0.0	0.0	0.0	0.0	0.0	0.0	0.0	0.007939715180938613	0.0	0.5793794053029073	0.0	0.05539490089064878	0.18501410786218095
ENSMUSG00000121320	-0.3193739931657695	0.0	-0.18827815286463137	0.0	0.0	0.0	-0.2693049093846915	0.0	-0.23451673588997213	0.0	0.0	0.0	-0.2253605636689887	0.0	0.0	0.0	-0.32822246690258344	-0.1532645896929199	-1.0018371790231284	0.0	-0.376321857626919	-0.23621490660263106
ENSMUSG00000114339	-0.05174462632120097	0.0	-0.008026337235680454	0.0	0.0	0.0	-0.044494003335011155	-0.028945681659437675	0.0	0.0	0.0	0.036117717640625546	0.0	0.0	-0.039917818990449314	-0.014181829843417586	0.0	0.0	-0.03901694506987065	-0.045136192959557724	0.0	-0.12372648050068906
ENSMUSG00000027284	0.03418882514497528	0.016858215479268846	0.017200160656243746	0.0	0.0	0.0	0.10488709975682244	0.057278972517624524	0.03538055972573423	0.0	0.0	0.0	0.0	0.0	0.0	0.0	0.022712800882107115	0.0	0.18735491804419885	0.0	0.03355159347834019	0.18864117810420467
ENSMUSG00000097651	0.04390523972411682	0.0	0.0	0.0	0.0	0.0	0.18913100288349285	0.024939899468435778	0.03867457784397323	0.0	0.0	0.0	0.04336679412988332	0.0	0.030243892478758836	0.0	0.0	0.0	0.7950757192908479	-0.19592863823733356	0.06862938975848067	0.19456949744373683
ENSMUSG00000120634	0.0	0.0272287663378231	0.0	0.0	0.0	0.0	0.0733150118303792	-0.052135854259348524	0.0	0.0	0.0	0.0	0.02004126166904616	0.0	0.03436700074187056	0.0	0.016149136588414926	0.0	0.6094530076977973	-0.15880497000589497	0.1145150239399809	0.052139728712494386
ENSMUSG00000102419	-0.20142946435496567	0.021511666107867533	0.04578061361258772	0.0	0.0	0.0	0.0	0.0	0.0	0.0	0.0	0.02754143875093315	-0.05346539280150347	0.0	-0.034949378043628	0.0	-0.04979704808303106	0.0	0.12866487327224377	0.0	0.07719888128398793	-0.0387037464099891
ENSMUSG00000070378	0.026553236257435553	0.0	-0.017970461723103587	0.0	-0.009873120896201458	0.0	-0.05741418705372884	0.0	0.0	-0.005836995634566119	0.0	0.0	0.0	0.0	-0.034180353355017956	0.0	-0.020305678619490338	0.0	-0.17129788651413302	-0.03278936967457795	0.0	-0.08654619746564797
ENSMUSG00000031253	-0.06468168518059995	0.0	-0.03239194473127083	0.0	0.0	0.0	-0.11655885920643189	0.0	-0.028121289953220496	0.0	0.0	0.0	-0.03175834201932127	0.0	-0.03314881672595861	0.0	-0.048737938832549725	0.0	-0.34564424641984137	0.0	-0.04957353210601149	-0.1568077250109521
ENSMUSG00000116689	-0.024302032023331192	0.0	-0.024493231447241113	0.0	0.0	0.0	-0.07769338488910876	0.0	-0.02316670603231319	0.0	0.0	0.0	-0.013017979189689832	0.0	-0.02566125804788013	0.0	0.0	0.0	-0.15983430945657018	-0.04288787665523197	-0.015301553426910669	-0.13224645463464074
ENSMUSG00000028236	0.0	0.017189849199014565	0.0	0.0	0.0	0.0	-0.055869078907400074	0.0	0.0	0.0	0.0	0.028078034212192984	0.010372859766526465	0.0	0.0	0.0	0.02807074674615246	0.018040662885736865	-0.2786680571010175	-0.044030597798962796	-0.01908447888329744	-0.10765153831314442
ENSMUSG00000084950	0.032468047787002595	0.0	0.01484115787283291	0.0	0.0	0.0	0.12276458681408624	0.03698262276420606	0.028912743942401637	0.0	0.0	0.0	0.03179900823307946	0.0	0.028138491879333476	0.0	0.0	0.0	0.2452136816505985	0.0	0.05902166015332476	0.2094467393682219
ENSMUSG00000024727	0.0	0.026106957302980457	0.0	0.0	-0.0036546951866182928	0.0	-0.047512455855991016	-0.04733569951618333	0.0	0.0	0.0	-0.0030392426803491635	0.0	0.0	0.0	-0.03270203354470527	0.0	0.0	-0.3044994229378193	-0.02147441890377109	-0.03773761413771841	-0.05987391003375184
ENSMUSG00000029821	0.01225745646780828	0.013771108426096648	0.023621655697393742	0.0	0.0	0.0	0.06219976581605177	0.0	0.0	0.0	0.0	0.011034564879471478	0.0	0.0	0.01428813697117061	0.0	0.019466382981729067	0.009450367593404993	0.03009849848004196	0.0	0.0	-0.08730407690684643
ENSMUSG00000079434	0.03770352505285609	0.0	0.036778592868813464	0.0	0.0	0.0	0.0	0.0	0.02809690147505458	0.0	0.0	0.0	0.01918822320580515	0.013455058771350378	0.0	0.0	0.04432257587714122	0.0	-0.11874547361812708	-0.04281818225204208	-0.017726984815985905	-0.0889693028815471
ENSMUSG00000062074	0.03567426052307583	0.0	0.03467446035785551	0.0	0.0	0.0	0.03459707975622358	0.0	0.017571447201012745	0.012562615429080382	0.020499853214699323	0.0	0.0	0.0	0.017977837351615584	0.0	0.041151673839937966	0.0	0.02497211795479515	0.0	0.021909353922255934	0.0
ENSMUSG00000028214	0.020196624543621075	0.01144696507947074	0.00664997598010104	0.0	0.012937120187760593	0.0	-0.06277569927023148	0.0	0.003910401163633732	0.0	0.0	0.0	0.0	0.0	0.00690487284068771	0.0	0.029926549892121113	0.004827085179450173	0.0	0.0	0.0	0.012193943522266165
ENSMUSG00000022500	0.04488132403140401	0.0	0.01929236230585124	0.0	0.0	0.0	0.05813003180779305	0.030695368462928484	0.030901791410386348	0.0	0.0	0.0	0.03739411083374416	0.0	0.02708655242053793	0.0	0.026439966152865948	0.0	0.0773304888607712	0.0	0.0	0.13347271462825286
ENSMUSG00000094021	0.04511112348946394	0.015289755037017676	0.025562794096664513	0.0	0.0	0.0	0.0	0.0	0.035246265235897696	0.0	0.0	0.0	0.03683019852468601	0.0	0.027982819155455498	0.0	0.04071536540643524	0.0	0.026574243336582898	0.0	0.01708083977273886	-0.04595189540710029
ENSMUSG00000031148	-0.028351249863747915	0.0	0.0	0.0	0.06429310438483159	0.0	0.0	0.044652765431523585	-0.015779736835167354	0.0	0.012043013925026519	0.0	-0.02742967892431274	0.0	0.0	0.011403364969072079	0.0	0.0	0.14112845872562693	0.0	-0.039410314169185987	0.08618529311011719
ENSMUSG00000081234	0.0	-0.005895323732033887	-0.006281664785784507	-0.006122146395249431	0.0	0.0	-0.1800452669869314	-0.0572480069600019	-0.005107444818947093	-0.01819757655786918	0.0	0.0	0.0	0.0	0.0	0.0	0.0	0.0	-0.07340697624717815	-0.01185894732054549	0.0	-0.07266885542786591
ENSMUSG00000001656	0.0	0.0	0.03726125677997888	0.0	0.0	0.0	0.1423696493796472	-0.04998505189084284	0.03911312433077487	0.0	0.0	0.0	0.035884035923186466	0.0	0.031247787112944167	0.0	0.055960268960775064	0.0	0.0	-0.04795007679802188	0.07510716945256173	-0.06093497220722649
ENSMUSG00000054944	0.03637141705841321	0.015961615907539736	0.02355478510789952	0.0	0.0	0.0	0.0	0.0	0.029982644397837557	0.009513557493621858	0.0	0.0	0.010703067345137806	0.0	0.0	0.0	0.016954654528048275	0.008994858511633938	-0.041332433262369406	0.0	0.0	-0.060010168157861726
ENSMUSG00000052382	0.0	0.0	-0.005293982002466835	0.0	0.0	0.0	-0.09779190833731823	-0.01360845392715783	-0.03008316561086995	-0.0036538507176443295	0.0	0.0	0.0	0.0	0.0	0.0	-0.10296576216899571	0.0	-0.027825166100685743	-0.03148292068462651	0.03545041154720498	-0.05000240784430297
ENSMUSG00000025952	0.06875178276032284	0.0	0.05679019730439313	0.0	0.0	0.0	0.0496007150367165	-0.05724194122672845	0.06917566583725214	0.015127570067541396	0.0	0.0	0.022830167800056762	0.0	0.0	0.0	0.06449147149450757	0.0	0.13331449456969577	0.0	0.0	-0.06292893993182869
ENSMUSG00000036231	-0.012830493522916864	0.0	0.0	0.0	0.0	0.0	-0.08724979538630961	0.0	-0.008373882091623337	0.0	0.0	0.021663309223917848	0.0	0.0	-0.004528546197799072	0.0	0.0	-0.002398233573720304	-0.18958398066587462	-0.04909392894609671	-0.01192633364955272	-0.10715190738828238
ENSMUSG00000100375	0.0	0.025786493571573532	0.0697573628334643	0.0	0.03973407522571594	0.0	-0.061047657912258635	0.0	0.0	0.0	0.03174616013184864	0.0	0.026459663843593943	0.0	0.0	0.0	0.07939925956764485	0.0	-0.42629488678451233	-0.04266528873020796	0.0	-0.09609971733424966
ENSMUSG00000109890	0.027571115211353168	0.02875454722184987	0.026457735214379562	0.0	0.0	0.0	-0.0347947857387433	0.0	0.020441825919314767	0.017420848921325033	0.0	0.0	0.0	0.0	0.0	0.0	0.0332618605672153	0.0	-0.14435525434523536	-0.038693568368762025	0.0	-0.08701282404678151
ENSMUSG00000111685	0.0478955579246416	0.0	0.0	0.0	0.0	0.0	0.12429522655604544	0.0	0.026907596938188484	0.0	0.0	0.0	0.018738103369836074	0.0	0.03032209969498501	0.014848179505756337	0.02790944583219212	0.0	0.02095023349803269	0.0	0.02172191164360376	-0.08962048389631108
ENSMUSG00000002763	0.034711541232286355	0.0	0.022835765095330696	0.0	0.0	0.0	0.08715814412140906	0.03618977036257824	0.03766166272780802	0.0	0.0	0.0	0.02697563977018555	0.0	0.0	0.0	0.032442846922064235	0.0	0.1751832452271389	0.0	0.05489198869985784	0.21562269002499562
ENSMUSG00000017561	0.039166688130656796	0.0	0.0	0.0	0.0	0.0	0.05729165570495383	0.06534479517139531	0.030397391658133176	0.0	0.0	0.0	0.026424623849282573	0.0	0.027175265742209243	0.0	0.018361604085221694	0.0	0.21896625902382383	0.0	0.05342567176500066	0.24145177418405028
ENSMUSG00000109196	-0.05978451914015181	0.0	0.0	0.0	0.0	0.0	-0.14673899994629896	-0.08758091122406113	-0.057555901667138795	0.0	0.0	0.0	-0.0446229618152536	0.0	-0.061090479004685005	0.0	-0.10671323516843897	0.0	-0.36009543136436617	0.0	-0.08929488500932953	-0.18287693551180853
ENSMUSG00000028706	0.029056122319697543	0.0	0.0	0.0	0.0	0.0	0.03232723130333447	0.03868994492182816	0.034913714371669284	0.0	0.0	0.0	0.023962800591783445	0.0	0.022874314880641546	0.0	0.01839064422486419	0.0	0.2381940934285376	0.0	0.01708183443148159	0.24225683820902327
ENSMUSG00000033016	0.0384759713150997	0.0	0.030497745286329987	0.0	0.0	0.0	0.045891332816751715	-0.03829943899934396	0.024358259420159706	0.0	0.0	0.0	0.0	0.0	0.01968056747134006	-0.03497353387761956	0.046163385539953576	0.0	-0.16240634228801132	0.0	0.0	-0.04959157403554376
ENSMUSG00000061983	0.03095314081074508	0.0	0.0	0.010027031444025456	0.0	0.0	0.4733646996320019	0.053346130459149925	0.0	0.0	0.003085223196333864	0.0	0.0	0.0	0.0	0.0	0.013534175001517053	0.00466269078629302	1.0663947149591604	0.0	0.513807262297436	0.43734571352347446
ENSMUSG00000039646	0.03319084326340571	0.0	0.023748042812379026	0.0	0.0	0.0	0.08237199079107982	0.0	0.015500344804991422	0.0	0.0	0.0	0.01923099377092018	0.0	0.008474201820750593	0.0	0.030534751508169526	0.0	0.05220088161304001	0.0	0.03674709523503801	0.010717467789191418
ENSMUSG00000049686	0.04295532032905882	0.0	0.0	0.0	0.0	0.0	0.13796440828691567	0.031420850152361575	0.02861544763413744	0.0	0.0	0.0	0.043002286548515775	0.0	0.026864137933332154	0.0	0.021766253151332515	0.0	0.25223227846868734	0.0	0.07874168888559333	0.2179287613931155
ENSMUSG00000112641	0.06337296612129448	0.0	0.0	0.0	-0.051815017490757634	0.0	0.10474540952349318	0.0	0.04073890720197598	0.0	0.0	-0.041801563729297886	-0.0464339724179994	0.0	0.0	0.0	0.03000745804766721	0.0	0.2436288435718743	0.0	0.05164704520305458	0.024443050677602933
ENSMUSG00000006711	0.0	0.11343950788176058	0.0	0.0	0.0	0.13573521494499685	-0.1124585712957958	-0.19857994433486975	0.0	0.04104079389068316	0.0	0.07337253090149447	0.0	0.0	0.0	0.0	0.0	-0.042824799737668326	-0.2296866274944797	0.24656492516011072	0.0	-0.2968117957835421
ENSMUSG00000121436	-0.009597572404298454	0.0	-0.002999395086354495	0.0	0.0	0.0	-0.10338618830130555	-0.03525032817353281	-0.00451463609375027	0.0	0.0	0.0	-0.01473491321244031	-0.0149955194040534	0.0	0.0	0.0	0.0	-0.0801185451866829	-0.029126898301743514	0.0	-0.07380593931794013
ENSMUSG00000115146	0.02203731582094178	0.016939750118759995	0.015541421996795948	0.0	0.0	0.0	0.0391767424783454	0.0	0.02281710860414509	0.0	0.0	0.017826582944859004	0.01381002868966337	0.0	0.0	0.0	0.02191096461279664	0.0	-0.10406100968820162	0.0	0.0	-0.07600552437882238
ENSMUSG00000037712	-0.07705497568186252	0.0	0.0	0.0	0.0947008611273854	0.0	0.051249571471418356	0.16125341949295904	-0.058515416049697844	0.0	0.0	-0.06180277232296455	-0.047844436406017835	0.0	0.0	0.023370267379322712	0.0	0.0	-0.16160343977545746	0.0	0.0	0.23862011605254255
ENSMUSG00000026207	0.031609483034016075	0.004459597285372929	0.012738144015913664	0.0	0.0	0.0	0.11080633187947958	0.0	0.016348494816798703	0.0	0.0	0.0	0.0195148999661405	0.0	0.0132467239360041	0.0	0.025139094031642557	0.0	0.04317282267001291	0.0	0.026443702542551323	0.0
ENSMUSG00000061353	0.025853539290726257	0.008644099776510525	0.020575917540947574	0.0	0.0	0.0	0.08281547312020653	0.0	0.015287038969860209	0.0	0.0	0.0	0.012462890162427869	0.0	0.019593765935343916	0.0	0.03497348519713225	0.0	0.019801136748562705	0.0	0.0	-0.04753648805153268
ENSMUSG00000060882	-0.019999868706743307	0.0	-0.015435488019781883	0.0	0.0	0.0	-0.04375882646988228	0.0	-0.025207879957332056	0.0	0.0	-0.037345480668380955	-0.009098259663550823	0.0	-0.019064008041386624	-0.015328087693428485	0.0	0.0	-0.08500211039470724	0.0	-0.01254921060163404	0.0
ENSMUSG00000023013	0.028033385556704406	0.0072723399544608915	0.002529963119966172	0.0	0.0	0.0	0.15865361390634614	0.0	0.024095208669020332	0.0	0.0	0.0	0.02107722779451435	0.0	0.02062306456814949	0.0	0.041084852427802514	0.0	0.04843437117264959	0.0	0.048304767397417576	0.0
ENSMUSG00000113593	0.03699677540872197	0.0	0.0	0.0	0.0	0.0	-0.036047592358126164	0.0	0.024291185985323625	0.023395663764032334	0.01506791021760201	0.0	0.0	0.0	0.0	0.0	0.028261138631977042	0.01946219129545537	-0.27551562353514464	-0.04622348556812538	0.0	-0.06981627508790181
ENSMUSG00000037716	0.03291246427201932	0.008792082650861422	0.02632095518564802	0.0	0.0	0.0	0.06817208622428221	0.0	0.028541165282131197	0.0049241628788896374	0.0	0.0	0.015497247730474218	0.0	0.011234669048655667	0.0	0.044035370709017654	0.0	0.02746914057856716	0.0	0.0	0.0
ENSMUSG00000037300	0.04456268172785345	0.0	0.0	0.0	0.0	0.0	0.06171938583048205	0.08136020535593864	0.0330981547868688	0.0	0.0	0.0	0.03295857004754409	0.0	0.040875418296444574	0.02266459051587899	0.02493390857784013	0.0	0.15602751219931663	0.0	0.0	0.26751017506158187
ENSMUSG00000026499	0.036552821832639616	0.0	0.0	0.0	0.0	0.0	0.0558023714601921	0.0899339172073032	0.027956271964995522	0.0	0.0	0.0	0.0	0.0	0.02779801255077985	0.023403340893169165	0.022517722891985392	0.0	0.13773294494644278	0.0	0.02490751951226304	0.2661964837168525
ENSMUSG00000024976	0.011514316855879558	0.0	0.012893486002027202	0.0	0.0	0.0	0.07857277348333419	0.08531882734341976	0.0	0.0	0.0	0.0	0.031135799917945062	0.0	0.0	0.012560371932941655	0.015351532596627014	0.0	0.07056536220422391	0.0	0.026171001723844765	0.2730083726147443
ENSMUSG00000046999	0.05184837989681408	0.0036512113380680286	0.003198167034997479	0.0	0.0	0.0	0.1276169405326756	0.004508354660163152	0.0	0.0	0.0	0.0	0.014970244181026717	0.0	0.0	0.0	0.009319305965931123	0.0	0.010737159317145355	0.0	0.05256718099994667	0.07227024219223478
ENSMUSG00000030204	0.04055658915149833	0.023495545755802354	0.029400659044514995	0.0	0.0	0.0	0.0	0.0	0.03158334331939461	0.0	0.0	0.0	0.016305415097330567	0.0	0.02819302516357381	0.0	0.03787525626014911	0.0	0.21916086222817222	0.0	0.016144144642870895	0.07079548607688138
ENSMUSG00000121499	-0.3233431800068565	-0.17799928282124325	0.0	0.0	0.0	0.0	-0.3159561787195781	0.0	-0.2198635841275588	0.0	0.0	0.0	-0.2198283623922466	0.0	0.0	0.0	-0.31172427169346517	-0.16959533498814272	-0.9806908287169988	0.0	-0.38173921986108617	-0.2319551114950592
ENSMUSG00000078650	0.040880598300372974	0.0	0.03404880180870728	0.0	0.0	0.0	-0.04331417177709542	0.0	0.038052378948628084	0.0	0.0	0.0	0.03200392469817222	0.0	0.022409705139626132	0.0	0.02649167529555195	0.0	-0.11215091050097367	-0.04216355891802735	0.0	-0.060127849578824874
ENSMUSG00000066892	0.0443270045988525	0.0	0.0	0.0	0.0	0.0	0.1598438282153176	0.05351162234895852	0.03206498484413329	0.0	0.0	0.0	0.03141946145946758	0.0	0.0	0.0	0.026432436806814286	0.0	0.2650175991996462	0.026293779027151656	0.08738979171977838	0.16879729405832194
ENSMUSG00000084758	0.02804391029776062	0.0	0.02890309045179218	0.0	0.0	0.0	-0.062465140098985336	0.0	0.043701318124003165	0.0	0.02093397539312938	0.009302343067056226	0.027321219719193556	0.0	0.037331778288194666	0.0	0.029699709129176452	0.0	0.0	0.0	0.0	-0.07631316105026492
ENSMUSG00000113225	0.0	-0.011774928349131075	0.009961870261888939	0.0	0.0	0.0	-0.05741347583270233	0.0	0.0	0.0	0.01413927959599492	0.015928877882382095	0.0	0.0	0.0	0.0	0.0	0.011345373406160288	-0.23500653841043936	-0.04000615236720012	-0.025945071873789832	-0.06799836991046919
ENSMUSG00000022270	0.03783078666145942	0.007786137528028647	0.016038766075825047	0.0	0.0	0.0	0.04202306575571085	0.009697581158186168	0.03188125329989026	0.0	0.0	0.0	0.028277888003659293	0.0	0.01704038038888893	0.0	0.025686382126540855	0.0	0.0	0.0	0.0	0.04721983314037528
ENSMUSG00000117763	0.03798020046625839	0.0	0.03798784971401849	0.0	0.0	0.0	0.09134304303389235	-0.03532760069584028	0.0	0.0	0.0	0.03379125643330976	0.0	0.0	0.02800491988332814	0.0	0.04786106292202022	0.0	-0.10680041922792763	-0.03643866142295558	0.0	-0.0746043300874847
ENSMUSG00000121771	0.030175648912528174	0.0	0.035367171266634544	0.0	0.0	0.0	-0.15030984657623236	-0.024747289911251226	0.056632028982385646	0.0	0.0	0.0	0.0342817128818512	0.0	-0.15119384550278425	-0.04468315267719279	0.0	0.0	0.013875023045654356	0.0	0.0	0.0788900240885229
ENSMUSG00000111818	0.028947607840239514	0.0	0.02488318641682941	0.0	0.0	0.0	0.013493852872864365	0.0	0.021399884401306784	0.0	0.0	0.01426603686651723	0.01991055409694031	0.0	0.02147034840612184	0.0	0.0414821302292982	0.0	0.050450406026515134	0.0	0.0265698313843215	0.0
ENSMUSG00000106397	-0.04776194758088057	0.0	-0.028068266819777896	0.0	0.0	0.0	-0.10364064490711525	-0.014372591705071103	0.0	0.0	0.0	0.0	-0.015575321526532642	0.0	-0.05987284741857902	0.0	-0.0710193870475166	0.0	-0.13663586876268288	-0.03099983510627359	0.0	-0.08531183869954546
ENSMUSG00000107647	0.0	0.0	0.018441886363552262	0.0	0.0	0.0	-0.006184220695595377	-0.009497094950193128	0.05050917197939754	0.0	0.0	0.017396979898784255	0.0	0.0	0.0	-0.009244806244132568	-0.04831633837411509	0.0	-0.07421695926578298	-0.03506913270912507	0.0	-0.07482865880293059
ENSMUSG00000067555	-0.004941957156371357	0.0	0.0	0.0	0.0	0.0	-0.08402000499390126	-0.011576471444719847	-0.030898817047825648	0.0	0.0	0.0	0.0	0.0	-0.027866414066358564	0.0	-0.02305205392662729	0.0	-0.1412801549465451	-0.03816640895283167	-0.021287820712513197	-0.12894805791380534
ENSMUSG00000073599	0.027815809341447013	0.013027993889915471	0.03585716254840247	0.0	0.0	0.0	0.07007979940512828	-0.05587415549812199	0.03496643080677088	0.011715253060795901	0.0	0.0	0.020702119313291294	0.0	0.0	-0.03826477645115797	0.0466255332382982	0.0	0.0	0.0	0.0	0.0
ENSMUSG00000029283	0.010622215891026306	0.01031532849867962	0.0	0.0	0.0	0.0	0.0	0.06444345398411394	0.0035003453625652714	0.0	0.005681550367236105	0.0	0.031578275054465095	0.0	0.006296897796559779	0.0	0.012988534846623741	0.0	0.09630479679286374	0.0	0.0	0.1691144276711248
ENSMUSG00000028419	0.03706352406115753	0.0	0.01958264639060078	0.0	0.0	0.0	0.0	0.07900429600197943	0.027048131509227236	0.0	0.0	0.0	0.023362866590027266	0.0	0.015770415197638346	0.012310855034172619	0.023472525686717108	0.0	0.0	0.0	0.022002924004508956	0.24231113859823497
ENSMUSG00000103770	0.0	0.019903556281719664	0.0	0.0	0.0	0.0	0.06381655893247493	-0.04481366800361203	0.0	0.0	0.0	0.03495932428028991	0.019694870849515735	0.0	0.0	-0.025615637593379276	0.022193464635176876	0.0	-0.10784975482966386	-0.03481387483018367	0.0	-0.05231989149071786
ENSMUSG00000087348	0.05176665902543125	0.0	0.01848036357992755	0.0	0.0	0.0	0.10097075061002374	0.0	0.038610797932117025	0.0	0.0	0.02798978449455511	0.028102255794284037	0.0	0.028862168589302722	0.0	0.022113506101740663	0.0	0.07566445426366197	0.0	0.01950170608104723	0.0
ENSMUSG00000090071	0.037319576746433616	0.0	0.0	0.0	-0.028361284824144684	0.0	0.1709410472607334	-0.0266024654624488	0.015493634678808817	0.0	0.0	0.0	0.0	0.0	0.012856500269384672	-0.03406895034008414	0.032058227923735715	0.0	0.0	0.0	0.08052952217226438	0.03578375018806397
ENSMUSG00000022906	0.031117351204526588	0.0	0.01872721852088932	0.0	0.0	0.0	0.09798687246409134	0.0	0.03152213844173703	0.0	0.0	0.0	0.04150391551346198	0.0	0.023126114726608044	0.0	0.02412383483416343	0.0	0.5050709208069691	0.0	0.06024208907739735	0.05369199321874909
ENSMUSG00000030711	0.013785831883176948	0.0	0.006650214277447997	0.0	0.0	0.0	-0.05551059601509916	0.0	0.040859026402975715	0.014835562403405418	0.0	0.026484869156401816	0.0	0.0	0.028873468260105818	0.0	0.04105035471433599	0.006194551932532954	0.0	0.0	0.0	-0.04937052520667487
ENSMUSG00000032375	0.019292201358690957	0.01864586537771016	0.0	0.0	0.0	0.0	-0.0588084862057969	0.0	0.012029491214393177	0.0	0.0	-0.027547283518950628	0.010494776634837142	0.0	0.01793256660350422	0.0	0.01770511305888164	0.0	-0.06069186711206973	0.0	0.0	0.07386325680074037
ENSMUSG00000016487	0.02235004449005821	0.010832089382313725	0.013003055979390494	0.0	0.0	0.0	0.0	0.04175373951118003	0.014897516221179892	0.0	0.0	0.0	0.017892901192284722	0.0	0.01567887329380134	0.0	0.016622445721573745	0.0	0.011009007261768344	0.0	0.0	0.12686417356502516
ENSMUSG00000034042	0.02441532102319793	0.0	0.0	0.0	0.0	0.0	0.12515080959721533	0.11064560563137349	0.019390304729421454	0.0	0.0	0.0	0.03555653309827918	0.0	0.012675124092821455	0.0	0.0	0.015441841964974943	0.2061314906948785	0.0	0.03088723433476041	0.2986729705145345
ENSMUSG00000079418	-0.08551009288934909	0.0	-0.03975279507943195	0.0	0.1188827013803091	0.0	-0.16313150072530752	0.0	-0.09542663793536567	0.0	0.0	0.0	-0.07479163161052071	0.0	-0.0390807183718316	0.0	0.0	0.0	-0.5557829442522106	-0.020499136386900915	-0.08262576846914368	0.0
ENSMUSG00000104860	0.02681193164436521	0.0	0.0	0.0	0.0	0.0	-0.3136084107253638	0.0	0.07957531295847022	0.0	0.0	0.022331542388399628	-0.08069905041155687	0.0	0.0	0.0	-0.030877035513969073	0.0	-0.16664990790842624	-0.03893128780741417	-0.015064006381646493	-0.11929067179815664
ENSMUSG00000103313	0.07728358245198202	0.0	0.0	0.0	0.0	0.0	0.1865277619648382	0.0	0.023659143928347757	0.009810326897777277	0.0	0.0	0.02433846500955248	0.0	0.053483236781784446	0.012939401870947028	0.01258802051988365	0.0	0.1420208955063109	0.0	0.12375640271460245	0.0
ENSMUSG00000037646	0.01389627108168412	0.11882275255533022	0.0	0.0	0.0	0.11601261644913596	0.0	-0.2342326455355467	0.0	0.0429308491781864	0.0	0.06789918263963789	0.0400648936962097	0.025541078694500875	0.0	0.0	0.0	0.0	0.0	0.18746486528273384	0.0	-0.32519711306395593
ENSMUSG00000093752	0.03154325223311636	0.0	0.0	0.0	0.0	0.0	0.1549263627069629	0.0813878271114603	0.03390954211275902	0.0	0.0	0.0	0.04249686486112583	0.0	0.028518356675503776	0.0	0.0	0.0	0.45228778568504463	0.01952743915963784	0.10567162317714145	0.30824369177392086
ENSMUSG00000029298	0.015841840279060715	0.012342266627583155	0.014560545288534009	0.0	0.0	0.0	0.04334978600997308	-0.070351270545708	0.016907755075861747	0.0	0.0	0.0	0.02189330452093969	0.0	0.011439821888696106	-0.04547389772688436	0.021820727253990157	0.0	0.0	0.0	0.0	0.0
ENSMUSG00000034872	-0.3582836497814749	-0.18641786615503414	-0.17900607935294177	0.0	0.0	0.0	-0.2684878016085242	0.0	-0.23373113622652145	0.0	0.0	0.0	-0.22218188094887117	0.0	0.0	0.0	-0.28696424147280736	0.0	-0.96627864925987	0.0	-0.3971369073906292	-0.23420714262556128
ENSMUSG00000032023	0.033679362937521724	0.023163805016215514	0.023189812080814227	0.0	0.0	0.0	0.02628822675603518	-0.04592182571738961	0.025577372257128004	0.0	0.0	0.0	0.0	0.0	0.0	-0.03331749287033636	0.03450303994984722	0.0	-0.13844918916899307	0.0	0.0	-0.04425788637214503
ENSMUSG00000031381	-0.05270365790492431	0.0	0.0	0.0	0.044322793932961735	0.0	0.040457903238123254	0.10230419614346256	0.0	0.0	0.0	0.03833055594783847	-0.039125830479024515	0.0	0.0	0.01850060183154744	0.023590187414405835	0.0	0.17114959501487478	0.0	0.0	0.14114219922177249
ENSMUSG00000028141	0.034644118177629024	0.0	0.01741915521211486	0.0	0.0	0.0	0.0	0.04605821084651727	0.02571901501476578	0.0	0.0	0.0	0.0	0.0	0.0	0.004929293279372471	0.017050412094017923	0.004788672201321403	0.02493960780800605	0.0	0.014950604849042728	0.1899208007988132
ENSMUSG00000036594	0.01788180076121777	0.0	0.029668032030045328	0.0	0.0	0.0	0.0	0.0	0.027102933116298387	0.0	0.022011246530215016	0.0	0.023188658090706405	0.008246211845954216	0.03799745327499042	0.0	0.06150379149665816	0.0	-0.17764877929801143	0.0	0.0	-0.06301833733246108
ENSMUSG00000046667	0.0	0.0	0.008734461291050377	0.0	0.0	0.0	0.08724135983770079	0.054480764885813354	0.0	0.0	0.0	0.0	0.0	0.0	0.0	0.015192126907304794	0.017222946230693845	0.007462296724275057	0.15770777417617235	0.01230064516979329	0.05294799603073684	0.17716427688061426
ENSMUSG00000037628	-0.05676276458681769	0.0	0.0	0.0	0.04799622297985136	0.0	-0.0588068262799583	0.022416052403324855	-0.03943836904805973	0.0	0.0	0.028034856309237847	-0.06553638487789315	0.0	0.0	0.0	0.0	0.0	0.30434839573352396	-0.020686697854565422	0.0	0.0849272555643735
ENSMUSG00000107655	0.0	0.0	0.025799240418466853	-0.013934273780962144	0.0	0.0	-0.06635334740075313	-0.006698024079695664	0.0	0.0	0.0	0.0	-0.022880376539004425	0.0	0.0	0.0	0.018463099276938708	0.0	0.16872253626016065	-0.03708605622440989	-0.019899513437619774	-0.09458147190689031
ENSMUSG00000102376	0.11274412471189683	0.029790636405698567	0.0	0.0	0.0	0.0	0.0	-0.06317777260951259	-0.04262173639484586	0.0	-0.07967482963148918	0.0	-0.19442726565107143	0.0	0.0	-0.04827078722547409	0.0	0.026986452933534022	0.25211746841970206	-0.07583283675777035	0.0	0.0
ENSMUSG00000102510	0.027906210318881002	0.016238362726279293	0.02034086263109445	0.0	0.0	0.0	-0.04397442540358588	0.0	0.021238031130881636	0.02390843396761431	0.0	0.0	0.0	0.0	0.023977095132487615	0.0	0.0666619191667641	0.0	-0.17732115191134087	0.0	0.0	-0.07185938389934624
ENSMUSG00000032661	0.03448811393010859	0.008852897284210348	0.02075245028696179	0.0	0.0	0.0	0.11513713649822983	0.0	0.029790007227140546	0.0	0.0	0.0	0.011882704075777639	0.0	0.02483766445252011	0.0	0.0429815003729798	0.0	0.016461123049760412	0.0	0.027997138526656307	0.0
ENSMUSG00000114369	0.023635144234246723	0.013807222652032184	0.0	0.0	0.0	0.0	-0.05377721885914838	0.0	0.012438308886848992	0.0	0.006549929825430956	0.0	0.014369281515118033	0.0	0.011296983577017103	0.0	0.018861489354894814	0.0	0.1972647385042246	0.0	0.0	0.09190394556942079
ENSMUSG00000097742	0.022421780043821584	0.0	0.0	0.0	0.0	0.0	-0.029577083580625402	-0.02551250794012246	0.0	0.0	0.0	0.019981620734329842	0.01649087022739369	0.0	0.0	-0.01606329230821166	0.0	0.013692492381620736	-0.12410994485689181	-0.0290622414426738	0.0	-0.05157312645764615
ENSMUSG00000110605	0.023514136885526546	0.019308079090125347	0.0	0.0	0.0	0.0	0.08147257922551122	0.0	0.026539260657622597	0.0	0.0	0.0	0.020833284964111548	0.0	0.0	0.0	0.026029936615017294	0.0	0.11573223955296888	0.013874881195884425	0.025673658141288726	0.0910347447201456
ENSMUSG00000120009	0.030270103537145605	0.004583173709106868	0.007857582524695783	0.0	0.0	0.0	0.08937493634770632	0.0	0.03198954865346277	0.0	0.0	0.0	0.021756534167084268	0.0	0.0	0.0	0.008567332938027892	0.0	0.3275971233119898	0.0	0.015921652731569702	0.002945714969530444
ENSMUSG00000001672	0.024630671410967926	0.0	0.013987812061777793	0.0	0.0	0.0	0.12686694473660082	0.0	0.02373275085123986	0.0	0.0	0.0	0.023154059882385912	0.0	0.017048201977350765	0.0	0.021873537330860036	0.0	0.09870790471665201	0.0	0.034647030731964394	0.050167248287428516
ENSMUSG00000031750	0.0394625961959972	0.0	0.021635401773205054	0.0	0.0	0.0	0.0667292584411987	0.0	0.03630621634356185	0.006071523348512686	0.0	0.0	0.014489865160728137	0.0	0.020028185235434363	0.0	0.04022026240422812	0.0	0.2506132554819814	0.0	0.03454301649619473	0.0
ENSMUSG00000025006	0.039573657469022534	0.011042004089052426	0.011951261136671155	0.0	0.0	0.0	0.020782962640143787	0.027353173748834895	0.017275644055307043	0.0	0.0	0.0	0.01861563315972007	0.0	0.017827686550292255	0.0	0.021343256441557934	0.0	0.0	0.0	0.0	0.08999803388070798
ENSMUSG00000066571	-0.08592075902016534	0.0	-0.021636554126187924	0.0	0.0	0.0	-0.05895706400547071	0.0	-0.058327226217509076	0.0	0.0	-0.03411431176416376	-0.08355619989988791	0.0	-0.0366323769641887	0.0	0.0	0.0	-0.47433101994106086	0.0	-0.08433975801048624	0.2666499925843132
ENSMUSG00000022248	0.03474528706633318	0.0	0.0	0.0	0.0	0.0	0.14469981234450555	0.0660801662335879	0.017889433696593918	0.0	0.0	0.0	0.04498099062154447	0.0	0.016733044903114166	0.0	0.0	0.013011535183266476	0.8453937956311128	0.0	0.10620378666885488	0.2590944551060729
ENSMUSG00000032525	0.010861775478966522	0.0	0.0	0.0	0.0	0.0	0.04005056803648219	0.07571422218878048	0.013703019473649825	0.0	0.0	0.0	0.028832355337730584	0.0	0.0	0.0	0.011817780803329205	0.008854339411152323	0.29541660937058994	0.0	0.03916491780309245	0.29048726427090893
ENSMUSG00000022139	0.0198583762765646	0.0	0.012236694327524378	0.0	0.0	0.0	0.09734021659734524	0.0	0.0180193888453686	0.004985508363108071	0.0	0.0	0.033041751173999656	0.0	0.016840406554327267	0.0	0.021075981199703525	0.0	0.057803224772566116	0.0	0.024271104202648316	0.0
ENSMUSG00000085398	0.0342077269559257	0.0	0.009861634627775836	0.0	0.0	0.0	0.0	0.059886810696095694	0.031474218841840734	0.0	0.0	0.0	0.00954451334774854	0.0	0.006982545936592775	0.0	0.010514979208706225	0.004220863370938077	0.06918946229662902	0.0	0.0	0.24628858172328608
ENSMUSG00000105076	0.025322439055107664	0.0	0.02381775092649053	0.0	0.0	0.0	0.051648434550650046	-0.024708315569234234	0.030075256553411	0.0	0.0	-0.014879376641231734	0.0	0.0	0.0	-0.023302706506746224	0.0	0.0	-0.14311532501127733	-0.021669641730480308	0.0	-0.03533930453286348
ENSMUSG00000105586	-0.04571395797266981	0.026715009902280595	-0.03088789708626322	0.0	0.0	0.0	-0.15787842459271978	0.0	-0.011349479754413994	0.0	0.0	0.0367772402692883	0.0	0.0	-0.02940384874416898	0.0	0.0	0.0	-0.15179760164812264	-0.013502642004222208	0.0	-0.04137891164421144
ENSMUSG00000030187	0.0	0.0	0.0	0.0	0.0	0.0	-0.20462933373504177	-0.15294156420043226	-0.02463094786036102	0.0	0.0	0.0	-0.04304091119592035	0.0	-0.11491574195961951	0.0	0.0	-0.03649014438075747	-0.26849585189422337	0.2962160212739274	-0.03291904433052736	-0.295481403872501
ENSMUSG00000101075	0.05735059937659397	0.0	0.060926004615912396	0.0	-0.02651934332659579	0.0	-0.14369955001775273	0.02383411948225761	0.022744059130942837	0.0	0.0	0.0	0.0	0.0	0.0	0.0	0.0872569945178302	0.0	-0.18401777608938835	-0.05826482581502011	0.0	-0.15471126943131416
ENSMUSG00000110396	0.0	0.021290665911195654	-0.011450055558268236	0.0	-0.007130603716627604	0.0	-0.055977166665063624	0.0	0.0	0.0	0.0	0.0	0.0	0.0	0.017031009530822223	0.0	0.034228671015119984	0.0	-0.16672935318645624	-0.04192710927228432	-0.02228733533956095	-0.1026305218713278
ENSMUSG00000043866	0.055708931012151186	0.0	0.013088986550099602	0.0	0.015521857447412028	0.0	0.06661377872176823	0.0497346630134416	0.03004196392792658	0.0	0.0	0.0	0.0	0.0	0.0	0.0	0.014573321714534921	0.0	0.6082212575720305	0.0	0.10127887131479872	0.24009805648325183
ENSMUSG00000032013	0.04744379201404657	0.0	0.039054571918429565	0.0	0.0	0.0	0.0	-0.03951019455684018	0.046004355781726396	0.0	0.0	0.0	0.0	0.0	0.0	-0.022887623704833965	0.058883786594494655	0.0	-0.12217660972658904	-0.032973119292195686	-0.029106161371151806	-0.09611749879279857
ENSMUSG00000055067	0.04155984864145236	0.01356166068874648	0.022866154145392142	0.0	0.0	0.0	0.0	0.05762607803346349	0.024652122143679317	0.0	0.0	0.0	0.0324228255483911	0.0	0.024186460017850814	0.0	0.02544623977771216	0.0	0.024687862901739327	0.0	0.0	0.20290272097899872
ENSMUSG00000020721	0.03081086527455172	0.0	0.01385984869258794	0.0	0.0	0.0	0.025137226890664895	0.07047881899682157	0.02721004626566962	0.0	0.0	0.0	0.040705550223765374	0.0	0.022887720978776484	0.0	0.0	0.0	0.11682693130717056	0.0	0.03447361950466978	0.27269232305047203
ENSMUSG00000097279	0.025002551497294297	0.012776652617402531	0.0	0.0	0.0	0.0	-0.07256174314913039	0.03135074320496499	0.013598543114747466	0.0	0.00994770805879566	0.0	0.0	0.0	0.012336378743550449	0.0	0.020303935186101643	0.006870158408026045	0.0	0.0	0.0	0.11935358519849598
ENSMUSG00000085176	-0.020263343819664263	0.0	-0.024326327542992913	0.0	0.0	0.0	-0.1010976921732634	-0.07712551341024589	-0.011186123261840764	0.0	0.0	0.0	0.0	0.0	-0.047877489652937213	0.0	-0.02652995187199098	0.0	-0.15079471671975933	-0.04632028359008993	0.0	-0.0758649351755385
ENSMUSG00000109633	0.031947732754579045	0.0	0.022999119438286315	0.0	0.0	0.0	-0.034474806933550046	0.0	0.024702797921429803	0.0	0.0	0.018173722522282294	0.0	0.0	0.01695990300015754	0.0	0.04233696876590963	0.0	-0.14071760411084697	-0.039936609873529594	0.0	-0.09752545097808084
ENSMUSG00000103428	-0.010561555116034248	0.0	-0.011647446112808692	0.0	0.0	0.0	-0.06989274083568532	-0.023880077276314013	-0.017415910430255727	0.0	0.0	0.0	0.0	0.0	-0.013765429281711629	0.0	0.0	0.0	-0.13928904449080534	-0.03157334847630828	-0.003783891280313534	-0.04280407958993072
ENSMUSG00000095658	-0.06375673031877883	0.0	-0.04130336142930356	0.0	0.0	0.0	-0.12975426460404574	0.0	-0.06283759518990273	0.0	0.0	0.0	-0.026365539871924137	0.0	-0.04723596915860571	0.0	-0.06609696210486062	0.0	-0.38719542698625736	0.0	-0.060164454939934206	-0.09806930734447701
ENSMUSG00000087390	-0.07258354324886751	0.0	-0.017791023650007242	0.0	0.027286960404764946	0.0	-0.027174510207513075	-0.007953905974864228	-0.05409478613257988	0.0	0.0	0.03206838155416687	0.0	0.0	0.0	0.0	0.0	0.0	0.07501152669912503	0.0	-0.025831721392668545	-0.0972569508608524
ENSMUSG00000024472	0.03625539691550114	0.0	0.0	0.0	0.0	0.0	0.12532583280935305	0.043012984671471854	0.03252319179933385	0.0	0.0	0.0	0.04211145408817759	0.0	0.02268940528613883	0.0	0.02206461315802228	0.0	0.12016399678933365	0.0	0.045035710796086	0.1835674796063812
ENSMUSG00000028578	0.0	0.0	0.008886037722720347	0.0	0.0	0.0	0.0	0.08681563192623952	0.0	0.0	0.011514955058469514	-0.06287253568516775	0.00925439283823201	0.0	0.0	0.0	0.016714138092561018	0.0	0.10113603917297684	-0.03564077954934641	0.03407136631092637	0.30901127265555545
ENSMUSG00000102553	-0.3109891434352455	0.0	-0.1970700427412658	0.0	0.0	0.0	-0.264709323448306	0.0	-0.240955376754926	0.0	-0.147479774545769	0.0	-0.23727751171539543	0.0	0.0	0.0	-0.31477792482878614	0.0	-0.9750817751610066	0.0	-0.3808999735997733	-0.26345450859176167
ENSMUSG00000051606	0.04224990156070476	0.0	0.021975391276263887	0.0	0.0	0.0	0.0	0.0	0.020184428112024744	0.0	0.0	0.0	0.016965951900451314	0.0	0.024683881641924	0.0	0.0408249801573537	0.0	-0.0663227905806042	-0.03186604437446598	0.023152716413395107	-0.05147794165224423
ENSMUSG00000105720	0.044628114574634614	0.0	0.020923574458467716	0.0	-0.02105693993317522	0.0	-0.05023448478562191	0.0	0.04323405403873051	0.0	0.0	0.0	0.0	0.0	-0.02772536875836128	0.0	-0.007122227055480379	0.0	-0.2749384786123059	-0.039190276617829534	0.0	-0.08895540162767773
ENSMUSG00000101782	-0.328502454600535	0.0	-0.1812792773302899	0.0	0.0	0.0	-0.2970384805794822	0.0	-0.23829381267745872	0.0	0.0	0.0	-0.23084942720705043	0.0	0.0	0.0	-0.2769495381586257	-0.1417897162205879	-0.9958202158180433	0.0	-0.3808046473913543	-0.2613677848388079
ENSMUSG00000093573	0.037924440138098287	0.02650218028108184	0.039589989535852486	0.0	0.0	0.0	0.0	0.0	0.024071420166346794	0.029109095847453033	0.0	0.0	0.0	0.0	0.027160818667218128	0.0	0.03369903597448653	0.015523161180883732	-0.07913264399074643	0.0	0.0	-0.06728438951437027
ENSMUSG00000117528	0.09173039109187134	0.0	0.0	0.0	0.0	0.0	0.12703511064253437	0.0	0.028711848787007315	0.0	0.0	0.0	0.041645520490287316	0.0	0.03273901892396685	0.019838420372749684	0.046661269170368856	0.0	0.46288148837647947	0.010515519635267534	0.11530227707428642	0.0
ENSMUSG00000031503	0.03588524187952219	0.016228830140122222	0.019588411160597816	0.0	0.0	0.0	0.0127091935934318	0.0	0.026977674994868774	0.006435485815241643	0.0	0.0	0.011766730340453412	0.0	0.025212873272927566	0.0	0.029419544536767674	0.0	0.0	0.0	0.0	0.044854704672789535
ENSMUSG00000045812	0.031526011595522596	-0.030436119288148794	0.013209936620975905	0.0	-0.013277389547917379	0.0	-0.06939166001801542	0.0	0.014059483776185652	0.0	0.0	0.0	0.02152845922749072	0.0	0.0	0.0	0.022054248573777063	0.0	0.0	-0.03474359023518322	0.0	-0.09826337864864194
ENSMUSG00000061549	-0.04381902365446229	-0.005961002965691186	-0.010698437443187632	0.0	0.0	0.0	-0.07300428156163996	-0.003211806357295788	-0.021628369281718678	0.0	0.0	0.0	0.0	0.0	-0.024349061665326615	0.0	0.0	0.0	-0.037405206507116213	-0.03468811712444494	0.0	-0.09647013262338215
ENSMUSG00000039703	0.0	0.10743181982984958	0.0	0.0	0.0	0.13421994926671124	-0.07447000294784584	-0.21909707688250624	0.0	0.038899292993495475	0.0	0.06988628740132623	0.0	0.0	0.024326556030337426	0.0	0.0	0.0	-0.0971145156603777	0.21866823185607895	0.0	-0.3009547645095404
ENSMUSG00000025260	-0.07579096897381053	0.0	0.0	0.0	0.028150116153612445	0.0	0.18478822473683654	0.04075411455804253	-0.0760382595318706	0.025629603171206647	0.0	0.0	0.0	0.0	0.0	0.018561103694316294	0.015661366613231646	0.0	0.06396106871497102	0.0	0.0	0.044675736358840236
ENSMUSG00000105239	0.04540737318547002	0.0	0.02831040004133641	0.0	0.0	0.0	0.1389513404792774	0.0	0.04103591168981576	0.0	0.0	0.02652149599180652	0.02643100098813782	0.0	0.025330496010256942	0.0	0.04066411110193846	0.0	0.27311711733008737	0.0	0.07129424988780551	0.0
ENSMUSG00000030323	0.045481835875950415	0.0	0.029146546537106435	0.0	0.0	0.0	0.0345150136070732	0.0494199239904267	0.030219213066735674	0.0	0.0	0.0	0.025001538297088288	0.0	0.03407958754040429	0.0	0.033320569710703296	0.0	0.14033489343364394	0.0	0.0	0.20976327723469057
ENSMUSG00000083653	-0.2867029372911305	-0.19549687891729683	-0.16544498692663057	0.0	0.0	0.0	-0.2765542160428385	0.0	-0.25440636233045416	0.0	0.0	0.0	-0.23447097759389968	0.0	0.0	0.0	-0.3034053202493111	0.0	-0.9742175266202654	0.0	-0.3911280368723619	-0.2508681119780464
ENSMUSG00000028248	0.022617090576931332	0.0	0.004064269770544592	0.0	0.0	0.0	0.1597030665469753	0.053280865405628784	0.016603880702401028	0.0	0.0034133138854151035	0.0	0.02096653168232424	0.0	0.0	0.0	0.0	0.0	0.30165076680412917	0.0	0.05805351114403006	0.32698461997209854
ENSMUSG00000102067	0.041287825003631595	0.0	0.04474297548056998	0.0	0.0	0.0	-0.03767980616361911	0.0	0.029391606497522354	0.0	0.0	0.0	0.0	0.0	0.03416354854296858	0.0	0.0463647933202966	0.01940630479489658	-0.14685966824001562	-0.043450806819725386	0.0	-0.08512159836913215
ENSMUSG00000104410	-0.07618779901082778	0.0	-0.0276894842506713	-0.0007327082997894419	0.0	0.0	-0.09520770714523778	-0.007740276704553718	0.0	0.0	0.0	0.0	0.0	0.0	-0.021303158097072367	0.0	-0.05548598548236874	0.0	-0.09783188811340306	-0.031540928271013915	0.0	-0.11622393791424689
ENSMUSG00000104800	0.019971956602986844	0.0	0.0	0.0	0.0	0.0	-0.06822711768178781	0.0	-0.010774897068075634	0.0	0.0143381517213786	0.014150100479369206	0.0	0.0	0.0	0.0	0.0	0.015565472664892057	-0.21880906015162843	-0.03580772674619197	-0.008429261245627595	-0.06357427144366276
ENSMUSG00000103010	0.0	0.0	-0.050744613935226134	0.0	0.0	0.0	-0.11894869345044783	-0.031809478604703595	-0.05582272290915994	-0.013545008535046588	0.0	0.0	-0.0750847275689637	0.0	-0.03239891555826151	0.0	-0.03141047771176782	0.0	0.0	-0.03556182602396437	0.0	-0.11022350478250646
ENSMUSG00000075090	-0.03242474525604411	0.0	0.0	0.0	0.0	0.0	-0.09704226505541098	-0.08144160163160133	-0.035006240263316966	0.0	0.0	0.0	0.0	0.0	-0.05827685549473561	-0.03740971062215645	-0.07067570434998667	0.0	-0.10241143196854749	-0.053034387588128694	0.0	-0.11402817965163323
ENSMUSG00000036923	0.036380559017044456	0.0	0.01784876260343447	0.0	0.0	0.0	0.06201618547660289	0.0	0.02428965642101677	0.0	0.0	0.0	0.01696360068823677	0.0	0.018774289364176203	0.0	0.031087301406051444	0.0	0.09384908491370182	0.0	0.031239853857263376	0.08062628267413287
ENSMUSG00000039785	0.0	0.0	-0.019894717700451654	0.0	-0.010719813976615415	0.0	-0.09492080337967909	0.0	0.0	0.0	0.0	0.0	-0.00909083867667178	0.0	-0.0036754857295801524	0.0	-0.013371232107267062	0.0	-0.1773801774629226	-0.02059550340312138	-0.015071555501394916	-0.08760383511130758
ENSMUSG00000000826	0.0	0.0	0.0	0.0	0.04933071607845392	0.0	0.0593139490415601	0.10649918719188052	0.0	0.0	0.0	-0.040224956441358935	-0.06353911137394722	0.0	-0.03703916712500935	0.0	0.0	0.0	-0.21690653697541667	-0.025090444089753555	-0.04571063731397082	0.2553089519218683
ENSMUSG00000101701	-0.05053246897308779	-0.0220929415434215	-0.0315293484463638	0.0	-0.021775334344455513	0.0	-0.11921306300138432	0.0	-0.06550859375595185	0.0	0.0	0.0	0.0	0.0	-0.019031732706099147	0.0	-0.023519902179045787	0.0	-0.15587650478889867	0.0	0.0	-0.054217193046020976
ENSMUSG00000037907	0.0464792070211173	0.0	0.023701390776320934	0.0	0.0	0.0	0.08171336624582168	0.0	0.026940062520369394	0.0	0.0	0.0	0.008899565466651327	0.0	0.013056579335678652	0.0	0.03367755476736364	0.0	0.05667380719897106	0.0	0.023791991001496284	0.026028299722758462
ENSMUSG00000092255	-0.10336771077298032	-0.037274491640021945	0.0	0.0	0.0	0.0	-0.17697083811038972	-0.0798266916550424	-0.10343952393691651	0.0	0.0	0.0	-0.06497075657392469	0.0	0.0	0.0	0.0	0.0	0.4892692488880864	-0.165076208420555	-0.1194939261107783	-0.11292330623450977
ENSMUSG00000024048	0.0	0.0	0.010461186869583639	0.0	0.0	0.0	0.2709468474954864	0.036963002127056326	0.030213842955549776	0.0	0.0	0.0	0.011924169625696956	0.0	0.0	0.0	0.01255881252273221	0.0	0.4548016221573921	0.012527753695155503	0.19898034627163386	0.28982865466579044
ENSMUSG00000118505	0.0282085089948659	0.018018045613483524	0.024718610600124123	0.0	0.0	0.0	0.038455540741273456	0.0	0.017343913673323438	0.0	0.011877729575139967	0.0	0.0	0.0	0.013735716792511624	0.0	0.05897617624188791	0.0	-0.06116341157406891	0.0	0.0	-0.04981486009997435
ENSMUSG00000038860	0.04156839307836387	0.0	0.019041446399544772	0.0	0.0	0.0	0.04108136870634614	0.0	0.03312485341160322	0.0	0.0	0.0	0.025197024023406386	0.0	0.02538418732873034	0.0	0.03387473386270539	0.0	0.08285010796408654	0.0	0.018860819363392067	0.13612786839012603
ENSMUSG00000103101	0.05212887738918468	0.0	0.0	0.0	0.0	0.0	-0.06543187305096916	0.0	0.021079830432717127	0.019963749229517522	0.0	0.012087811230111739	-0.03186899550929208	0.0	0.02098599821384329	0.0	0.0506682889261829	0.0	0.0	-0.025254641465252796	0.0	-0.09228819764927082
ENSMUSG00000015787	0.032547561495456165	0.02304271399537789	0.02508885152710664	0.0	0.0	0.0	0.02739413698244731	0.0	0.03040491052267724	0.013717483199021316	0.0	0.0	0.01641877028852157	0.0	0.013681159647796749	0.0	0.03779529949980692	0.0	0.0	0.0	0.0	-0.09428120008315037
ENSMUSG00000101244	-0.31829803342352436	-0.16331609767928512	0.0	0.0	0.0	0.0	-0.31557608187861047	0.0	-0.2485121467294536	0.0	-0.16880962580756406	0.0	-0.23553106341468436	0.0	0.0	0.0	-0.30911443519731197	0.0	-0.9694085042221232	0.0	-0.3447511225282652	-0.2593782439414128
ENSMUSG00000051616	-0.01519338259019023	0.0	-0.008429298777302363	-0.012227215717336322	0.0	0.0	-0.07976395221349811	-0.06929468095693601	-0.017955249074165593	0.0	0.0	0.0	0.0	0.0	-0.028761213089325523	0.0	0.0	0.0	-0.16844886093148023	-0.04941302253480154	0.0	-0.10092380190854353
ENSMUSG00000007987	0.04586267538375836	0.0180983340073221	0.024340006313328208	0.0	0.012756444372733936	0.0	0.0	0.0	0.022967244657878534	0.009427848342262068	0.0	0.0	0.0	0.0	0.0	0.0	0.03767533114947514	0.009472051247459852	-0.07219446833906637	0.0	0.0	0.10218824340363566
ENSMUSG00000025219	0.04960517557019628	0.0	0.024291178887221352	0.0	0.0	0.0	0.12891475376541273	-0.06159039078709183	0.022069603473458148	0.0	0.0	0.0	0.029074673878784797	0.0	0.020046665673774045	0.0	0.02774838456920394	0.0	0.19895356843333234	0.0	0.027084036369310845	0.0
ENSMUSG00000046994	0.0	0.0073874631183749135	0.011639820541640325	0.0	0.0	0.0	0.1474055605916625	0.029446864390887104	0.0	0.0	0.0	-0.04785797053460028	0.0	0.0	0.0	0.0	0.014598255188783202	0.0	0.15577869870945435	0.013966654881372248	0.057083005940146	0.22616744242404935
ENSMUSG00000074156	0.031577681212652677	0.0	0.019594088564422688	0.0	0.0	0.0	-0.0401859821102487	0.0	0.027485223131142104	0.017224024805286113	0.0	0.02041379359844754	0.0	0.0	0.02154327998739774	0.0	0.0	0.0	-0.018521234582199238	-0.03465570881639363	0.0	-0.09777896363451706
ENSMUSG00000030031	0.0	0.008723137575781135	0.008414963030805134	0.0	0.0	0.0	0.11503215638103917	0.05792621527717893	0.012036729442799961	0.0	0.0	0.0	0.0	0.0	0.0	0.008917472401413155	0.014967278796163585	0.0	0.26758620032240976	0.0	0.03288962433663811	0.2187138403117473
ENSMUSG00000100930	-0.31172027044112594	-0.1935212245031874	-0.18659698385676338	0.0	0.0	0.0	-0.3320721734606852	0.0	-0.22397190968362216	0.0	0.0	0.0	-0.23097183192320814	0.0	0.0	0.0	-0.2988790359694478	0.0	-0.9280488634525519	0.0	-0.39445325835912287	-0.23245980317252107
ENSMUSG00000021890	0.02431500461787789	0.0	0.0	0.0	0.0	0.0	0.15760718717012287	0.06867764378230151	0.02979725324813417	0.0	0.0	0.0	0.031003291659043097	0.0	0.0	0.0	0.019484197889384984	0.0	0.38081264278636023	0.017455353557236375	0.050655116392353754	0.2829837857399886
ENSMUSG00000022490	0.04229855998629312	0.0	0.01893266890840746	0.0	0.0	0.0	0.05445242533633058	0.0	0.039542253120115826	0.0	0.0	0.0	0.03742009669963871	0.0	0.01586767760637986	0.0	0.03295051132772929	0.0	0.2240330546630167	0.0	0.06793390789330028	0.07812365605272084
ENSMUSG00000004936	0.03725933769445524	0.0	0.0	0.0	0.0	0.0	0.11379884714695972	0.03540190521183029	0.030171397873822	0.0	0.0	0.0	0.03762532060087101	0.0	0.021993737726678453	0.0	0.02418841887819695	0.0	0.2454697074514639	0.0	0.060505137566220564	0.19997076342539882
ENSMUSG00000052160	0.026157539412841407	0.032289934683745906	0.04411175462352326	0.0	0.0	0.0	0.0	-0.026283164021082	0.041508402447564534	0.0	0.0	0.0	0.0	0.0	0.0	-0.029337506037082177	0.06853641116245504	0.0	-0.1900323309634147	-0.029713657185115983	0.0	-0.06716569463986936
ENSMUSG00000074196	0.01958959845752745	0.0	0.0	0.0	0.0	0.0	-0.0752041353498379	0.0	0.0138938437528644	0.01802321121898781	0.0	0.015419536193405421	0.02121543096335846	0.0	0.0	0.0	0.027849819983903117	0.0	-0.10771078175956654	-0.04492172898722489	0.0	-0.06431073894294587
ENSMUSG00000048856	0.038024885075397336	0.013309466777039657	0.03812636824860369	0.0	0.0	0.0	0.0	0.0	0.030154219303639936	0.0	0.0	0.00941970171817516	0.01208877504144792	0.0	0.023540732649387972	0.0	0.04761101812961103	0.0072114329689053625	0.1452575370143663	0.0	0.0	0.0
ENSMUSG00000000318	0.05891499495168713	0.008765404486839436	0.03465897487661551	0.0	0.03058621403760409	0.0	0.0	0.0	0.038323496171229744	0.0	0.0	0.0	0.007212391888256953	0.0	0.010998212215800374	0.0	0.08646821381429765	0.009136307651313107	0.0	0.0	0.0	-0.06710580925105396
ENSMUSG00000048978	0.02196864540997502	0.0	0.0	0.0	0.0	0.0	-0.07442035192622604	-0.05235671467936815	0.0180893568537987	0.0	0.0	0.032653231772186035	0.0	0.0	0.0	-0.02916550566824516	0.0	0.0	-0.15327279831403906	-0.010273662688688102	-0.018703400447259506	-0.0443777977792514
ENSMUSG00000078746	-0.041937521175619843	-0.002913669353007964	0.0	0.0	0.0	0.0	-0.08132721179433929	0.0	-0.045271504934703805	0.0	0.0	0.0	0.0	0.0	-0.005995539427616728	0.0	-0.010065414247610552	0.0	-0.42182012142493236	-0.00960484333998279	-0.05848451429053628	-0.12707289834447544
ENSMUSG00000058761	0.025074976651837264	0.0	0.017229340262160164	0.0	0.0	0.0	0.10258616960829746	0.05603465973574132	0.021717606269358487	0.0	0.0	0.0	0.03578976774684062	0.0	0.021743186512208725	0.0	0.0	0.0	0.16210508396214768	0.0	0.05016358623432243	0.202283232767757
ENSMUSG00000022947	0.026110105143185777	0.007974859934586036	0.0	0.0	0.0	0.0	0.07629150932602415	0.004423695490892721	0.031141344006739236	0.0	0.0	0.0	0.010940128232037733	0.0	0.0	0.0	0.010421463973823255	0.0	0.23893976911699372	0.0	0.023255076527940472	0.13758827816522656
ENSMUSG00000035203	0.019722620486488658	0.008797140995619845	0.015457206169921665	0.0	0.0	0.0	0.06758735764377043	0.02461361515312175	0.028508357766551105	0.0	0.0	0.0	0.0	0.0	0.018891946721841742	0.0	0.021615319078056715	0.0	0.0	0.0	0.017289507535352935	0.1947412265658825
ENSMUSG00000099832	-0.30211554588629985	-0.1700795101159991	-0.19569208716466235	0.0	0.0	0.0	-0.28418383406003866	0.0	-0.2573231831716371	0.0	0.0	0.0	-0.20825826505175116	0.0	0.0	0.0	-0.2914831235886578	0.0	-0.9709885608419349	0.0	-0.40732076105207105	-0.24525048388918333
ENSMUSG00000030825	0.03935954357970388	0.0	0.0	0.0	0.0	0.0	0.28774457462809155	0.0	0.04067786792526589	0.0	0.017714494725603103	0.07195900218935423	0.05323366134343527	0.017586335333488856	0.01604803134962385	0.0	0.0	0.0	1.153442229251508	0.0	0.2577177063882499	0.0
ENSMUSG00000102403	0.0	0.0	-0.0036251482591003687	0.0	-0.01240328970930382	0.0	-0.11549969478779624	0.0	-0.05865894088216474	0.0	0.0	0.04239836304836414	-0.04069189131275896	0.0	0.0	0.0	-0.02083131202871129	0.0	-0.10050551045257353	-0.024255885123014333	0.0	-0.07472290138092642
ENSMUSG00000023088	0.026572071598034614	0.013065899511430501	0.024150790946594326	0.0	0.0	0.0	0.0	0.023433250850156514	0.026571057075456168	0.0	0.0	0.0	0.014460304418763852	0.0	0.02285369795141483	0.0	0.027863620951430246	0.0	-0.13466520436714138	0.0	0.0	0.14386605692407417
ENSMUSG00000117273	-0.06524454898736733	-0.02633834077037811	0.0	0.0	0.0	0.0	-0.09908537420462446	-0.02780646800349879	-0.08488807759802297	0.0	0.0	0.0	0.0	0.0	-0.04305794679199561	0.0	-0.10458396814592415	0.0	-0.2002857530760136	-0.033433658897820746	0.0	-0.12809765887164454
ENSMUSG00000113663	-0.05303280057863027	0.0	0.0	0.0	0.033451364345193114	0.0	-0.06338978891557163	0.0	0.0	-0.016154643001877703	0.0	0.02295091209197797	0.0	0.0	0.0	0.0	0.04799266925808422	0.0	-0.4512538171924888	-0.03602206998920458	-0.04139306084258079	-0.11829289099704544
ENSMUSG00000120422	0.04007505398964925	0.0	0.0	0.0	0.0	0.0	0.0	0.0	0.025657847346237796	0.021391813573267398	0.0	0.0	0.023844460730664874	0.0	0.021861404051863067	0.0	0.02794508488274583	0.014896544914142964	-0.03192663296332107	-0.05241028519345485	0.0	-0.084920107790574
ENSMUSG00000094634	0.056428247178805666	0.0	0.030078669913803372	0.0	0.0	0.0	0.0	0.0	0.03889822881311459	0.0	0.0	0.0	0.009648881075858472	0.0	0.024632722723030187	0.0	0.03420084126844232	0.007402307541310271	0.0383162062356638	0.0	0.008654727147165513	-0.057623769708168675
ENSMUSG00000027204	0.02704548351689845	0.0	0.02188875776661548	0.0	0.0	0.0	0.035563318512919814	0.0	0.019980485569480358	0.01494928841196084	0.0	0.0	0.0	0.0	0.0	0.029438894054066845	0.0257528534489078	0.014698993055825836	-0.09800766069009824	0.0	0.0	-0.06842371748967524
ENSMUSG00000107193	-0.00972470366460775	0.0	0.0	0.0	0.0	0.0	-0.07045716375605987	0.0	0.0	0.0	0.0	0.019126897247481112	0.021835365359773474	0.0	-0.018582634897842325	0.0	0.0	0.019591253153055543	-0.1429922253205496	-0.04916958547843258	-0.014447242715288066	-0.07183045963196752
ENSMUSG00000117240	-0.04514753813831073	-0.0022855406628417008	-0.014644214600316343	0.0	-0.00783151416370053	0.0	-0.05907331728932149	0.0	0.0	-0.019010693092597796	0.0	0.0	0.0	0.0	0.0	0.0	-0.005718217027797295	0.0	-0.21863170983815872	-0.03286059056336697	0.0	-0.09797393968813342
ENSMUSG00000110639	0.04469562330948344	0.0	0.03863966972144738	0.0	0.0	0.0	-0.06293075886877281	0.0	0.01804509459021296	0.021648462512053934	0.0	0.016102705857531593	0.0	0.0	0.031078476326576468	0.0	0.014604082697058537	0.0	0.0	-0.04499246103146501	0.0	-0.09346521933748313
ENSMUSG00000040373	0.026046349242305547	0.0	0.020390619298641447	0.0	0.0	0.0	0.016513897967774815	-0.0413918715359318	0.01636767577551865	0.0	0.0	0.0	0.01958337238108782	0.0	0.017921824445175604	0.0	0.03629196761287553	0.0	-0.06442113969015566	0.0	0.0	-0.0499318089955795
ENSMUSG00000071265	0.03734454367453868	0.0	0.0245083595102088	0.0	0.0	0.0	-0.12051670688589416	-0.054519713451589534	0.0	0.0	0.0	-0.0051829484863859035	0.0	0.0	0.0	-0.02739838379901221	0.0	0.0	-0.14889510022181124	-0.013774299393086154	-0.019915690581368405	-0.015153287006377785
ENSMUSG00000093550	0.034274957566754666	0.018463564037894183	0.02483630444575942	0.0	0.0	0.0	0.0	0.0	0.02964388413830277	0.0105770269199212	0.0	0.012911581717698156	0.021660061076196887	0.0	0.020235860495429355	0.0	0.044157452819313006	0.0	0.0	0.0	0.0	-0.07180725338847363
ENSMUSG00000022664	0.0	0.013548225346454971	0.0	0.0	0.0	0.0	-0.1046848053348359	0.08368470008616617	0.0	0.0	0.009334830902606714	-0.04507658148614222	0.011297470436496088	0.0	-0.023354837679882716	0.0	0.010281770395941664	0.0	0.027971059645815886	0.0	0.0	0.19568494563377484
ENSMUSG00000057604	0.021890096487846965	0.011861868903924959	0.011489007843914618	0.0	0.0	0.0	0.020522397681824144	-0.06404643489178719	0.013646642718956523	0.0	0.0	0.0	0.01061321917089896	0.0	0.013065561281664823	0.0	0.016791925712263102	0.0	0.04936685781588409	0.0	0.0	0.0
ENSMUSG00000030972	0.020661767860216566	0.019435051224919585	0.0	0.0	0.0	0.0	-0.06583251851354402	0.0	0.014873603442615901	0.0	0.0	0.0	0.0	0.0	0.0	0.0	0.013727546508600932	0.017963482960690353	-0.1617737228561764	-0.04930291139344351	-0.024268723772654207	-0.09723624229517937
ENSMUSG00000020828	0.049302698151751596	0.0	0.0323905319627758	0.0	0.0	0.0	0.023833998184626552	0.0	0.0295141730297345	0.0	0.014528133113332675	0.0	0.022866442671577458	0.0	0.029326362825637605	0.0	0.038006926139015684	0.0	0.0	0.0	0.028652042936247922	0.10128560004284072
ENSMUSG00000086844	0.061007672256398734	0.0	0.019738512209862894	0.0	0.0	0.0	0.1209372780807183	0.0	0.028425471062344644	0.0	0.0	0.0	0.017136849174198165	0.0	0.021142587275409776	0.0	0.06676034969155126	0.0	0.09108717286783981	0.0	0.03984643262198858	-0.09937996711660953
ENSMUSG00000097486	0.02061648350996317	0.007640352511489051	0.01610639529330195	0.0	0.0	0.0	-0.06884986819380601	0.00501480686552825	0.0	0.0	0.0	0.0	0.006623721261314766	0.0	0.0	0.0	0.017977972275571467	0.0	0.007291751215365835	0.0	0.005631114196063366	0.04876567496194012
ENSMUSG00000085057	0.03492263867327375	0.0	0.030298625525172315	0.0	0.0	0.0	0.08595356592484024	0.0	0.0	0.026202770385208067	0.0	0.024289812065310876	0.0	0.0	0.03094837035225983	0.0	0.048726184645030965	0.0	-0.09154486779109702	-0.03860750666750848	0.0	-0.061214263179877555
ENSMUSG00000085085	0.039649212936957993	0.0	0.0	0.0	0.0	0.0	0.08705801117365641	0.03695441258792223	0.04379927721544501	0.0	0.011944740741912652	0.0	0.017518260153448584	0.0	0.0	0.0	0.016159128742049625	0.0	0.6624244051215441	0.0	0.06995014045154506	0.2403372131806633
ENSMUSG00000116339	0.03763982128803895	0.008523636840786622	0.014944608803413788	0.0	0.0	0.0	0.0	0.0	0.02421728927198947	0.0	0.0	0.0	0.01712232116540719	0.0	0.0	0.0	0.014966039697240795	0.0	0.14930154810387972	-0.058361953979476744	0.04496685480198396	0.1145570592836066
ENSMUSG00000043301	0.03742876530566327	0.0	0.030546016933189712	0.0	0.0	0.0	0.021886258959312205	-0.045597453394475664	0.0299199432615862	0.0	0.0	0.0	0.0	0.0	0.0	-0.03201473638918525	0.04148492045572042	0.0	-0.059155142028440924	-0.01869842951010537	0.0	-0.059860026356250186
ENSMUSG00000061195	-0.015438550164993412	0.0	0.0	-0.011420414350406638	0.0	0.0	-0.11212805416285898	-0.022670483827095255	-0.011878502643809706	-0.03694921573099065	0.0	0.0	0.0	0.0	0.0	0.0	-0.040830997162864494	0.0	-0.10194661102814699	-0.035756409901176435	0.0	-0.1275230663808988
ENSMUSG00000112883	0.04331730885905297	0.027420308120551455	0.02261415493976704	0.0	0.0	0.0	0.0	0.0	0.03820074211771742	0.021151463915699952	0.0	0.0	0.0	0.0	0.0166651906764399	0.0	0.02198175252512337	0.0	0.32889968555041355	0.0	0.062455689617004685	0.04286001753809259
ENSMUSG00000106265	-0.04091889575741821	0.0	-0.03663439093069558	0.0	0.0	0.0	-0.04586900845558559	0.0	0.06910461392093958	0.0	0.0	0.0	0.0	0.0	-0.018839312924495713	0.0	-0.040167898918590975	0.0	-0.043432668429662785	-0.012884353209453414	0.06326987712693276	-0.030960510924015135
ENSMUSG00000067367	0.03727943922929754	0.0	0.0	0.0	0.0	0.0	0.04477566929178526	0.07981294227769173	0.028139202609073478	0.0	0.0	0.0	0.02421257851941494	0.0	0.02987947442811166	0.0	0.025710320173881262	0.0	0.1222515800558186	0.0	0.027399089245177775	0.2508594503034755
ENSMUSG00000029407	0.039795675351817716	0.0	0.023215203285758188	0.0	0.0	0.0	0.043803072657383146	0.032020303089412464	0.033076606735834735	0.0	0.0	0.0	0.01942671971647386	0.0	0.0	0.0	0.0273452040024082	0.0	0.08415727717040704	0.0	0.028778672591776914	0.16958865701547238
ENSMUSG00000121845	0.04337528903719854	0.0	0.02765193442069612	0.0	0.0	0.0	-0.028835116228602554	0.0	0.0	0.03258708692290952	0.0	0.021599855835067745	0.0	0.0	0.026442912944233486	0.0	0.05303640439532428	0.0	-0.1257446129207948	-0.04054265528651409	0.0	-0.07607745989172776
ENSMUSG00000110056	0.034518583898068764	0.024713936207319574	0.023900867190373525	0.0	0.0	0.0	-0.07721629665949223	0.0	0.0	0.0	0.0	0.0	0.0	0.0	0.021209636259937853	0.0	0.02048081491630739	0.0	-0.13155750982645278	-0.0378979373169345	-0.033724263357275554	-0.07057377412198733
ENSMUSG00000112781	-0.027014119473616025	0.0	0.0	0.0	0.16028054285384818	0.0	-0.16538211695067326	-0.019595573610119443	0.0	0.0	0.0	0.059841901687049504	0.0	0.0	0.0	0.0	-0.05612757211961903	0.0	-0.2273860233664265	-0.023828021004120615	-0.0718244592125864	-0.14002329644228664
ENSMUSG00000025469	0.014251759426261432	0.010736044318595428	0.02659809529622118	0.0	0.018356062162423876	0.0	0.10926682654055749	0.0	0.0	0.0	0.0	0.0	0.024433702183313713	0.0	0.017088013866175044	0.0	0.038962932869322085	0.0	0.16978473574985423	0.0	0.05318245912177531	0.0
ENSMUSG00000046691	0.025219550807391522	0.0	0.0	0.0	0.0	0.0	0.20686786828531603	0.06442638299652466	0.021290740139943823	0.0	0.0	0.0	0.01664182034298939	0.0	0.005411861178333144	0.0	0.0	0.007404694416595285	0.8757932444879419	0.0	0.13566932816512398	0.3226440623852535
ENSMUSG00000074340	0.04297737502430051	0.030566515503968876	0.03515303422219439	0.0	0.0	0.0	-0.08032267928197291	0.0	0.03309917173150638	0.0	0.0	0.016985248814259595	0.0	0.0	0.0	0.0	0.0	0.012941128435008203	-0.05578788167854959	0.019528104988165526	0.0	-0.050667111172310604
ENSMUSG00000027339	0.029033223439650046	0.013343655515191276	0.02149390022422343	0.0	0.0	0.0	0.04996986983019984	0.0	0.024177088534975865	0.0	0.0	0.0	0.011948135864274649	0.0	0.014849537437723213	0.0	0.02661521402621117	0.0	0.0	0.011364389496486216	0.0	0.06460824073314529
ENSMUSG00000107648	0.0	0.02321169441475755	0.030665547758028263	0.0	0.0	0.0	-0.07604876346479218	0.0	0.0	0.0	0.0	0.034160566909275956	0.014838524391698638	0.0	0.0	0.0	0.019487658556156476	0.0	-0.16619865357149477	-0.02951043395520637	0.022145272143823672	-0.07887010594088403
ENSMUSG00000009471	0.06427828534940559	0.0	0.007758216051821573	0.0	0.0	0.0	0.11312761087753122	0.0	0.014889345160124669	0.0	0.0	0.0	0.042860460113468286	0.0	0.00844963337799329	-0.06204236882370606	0.03528956238200483	0.0	0.05672104527318612	0.0	0.05790939721166561	0.0
ENSMUSG00000033027	-0.0763135645288148	0.0	0.0	0.0	0.0	0.0	-0.14615586800757605	-0.1161923135051378	0.0	0.0	0.0	0.0	0.0	-0.019921852824998587	-0.09426481168395343	-0.045810992562695996	-0.024119767679339477	0.0	-0.03670718576907976	-0.05389820628552326	0.0	-0.16491428185090984
ENSMUSG00000117670	0.034415333791662506	0.020669296505004337	0.010801577310175694	0.0	0.0	0.0	0.04177875961902968	0.0	0.0	0.0	0.0	0.014495993774175082	0.019495538931203836	0.0	0.015371528398168082	0.0	0.04073299768168026	0.0	0.0	0.0	0.0110491096137032	-0.10416057428216315
ENSMUSG00000024218	0.025792579888896838	0.0	0.012610121268447072	0.0	0.0	0.0	0.20367035489905447	0.026179044761562124	0.035290237425130946	0.0	0.0	0.0	0.04081210435431486	0.0	0.0	0.0	0.0	0.0	0.41085005000336344	0.028991612702677964	0.11905214367289407	0.14554007025080004
ENSMUSG00000041084	0.020044134814088933	0.0	0.007923915212748267	0.0	0.0	0.0	0.1368433113357679	0.05450345565976883	0.025624308863448884	0.0	0.0	0.0	0.029942065289139442	0.0	0.0	0.0	0.016249273501904075	0.0	0.38705798435416044	0.0	0.03844488887527572	0.2657092134413534
ENSMUSG00000102508	-0.07283523059270557	0.0	0.057755080774804846	0.0	0.027897172106276624	0.0	-0.05391083763073704	0.0	0.0	0.0	0.0	0.030773952528181877	0.031679869330241806	0.0	0.0	0.0	-0.11148541854960559	0.0	-0.24266620258248536	-0.03982943955296045	0.0	-0.09705849993875368
ENSMUSG00000019689	0.038889552778980055	0.0	0.0	0.0	0.0	0.0	0.0	0.07068362035221105	0.03156151341021765	0.0	0.0	-0.030366550026526218	-0.0854596808488381	0.0	-0.14983074755038506	0.0	0.0	0.0	0.4733099685547115	-0.12290562619743159	0.05338438968416874	0.2248929310967827
ENSMUSG00000006218	0.03181375198375638	0.00659054491854677	0.012891528164495427	0.0	0.0	0.0	0.056369762856046605	0.0	0.026571873906315834	0.0	0.0	0.0	0.010224330638366955	0.0	0.007912480309724409	0.0	0.02744437243477619	0.0	0.07259603328700787	0.0	0.014009540510286324	0.0
ENSMUSG00000026043	-0.009369614469944628	0.0	0.0	0.0	-0.007872599010135888	0.0	-0.0759884958352549	-0.006198454717269042	-0.018109804389869123	0.0	0.0	0.0	0.0	0.0	-0.01116139073497295	0.0	-0.01363851673116121	0.0	-0.10225238580125132	-0.025728221810508923	0.0	-0.09679728545875402
ENSMUSG00000074872	0.0	0.0	0.0	0.0	-0.014482008439530049	0.0	-0.06724394762345214	-0.049823811166089076	0.03754084668250304	0.011215996458727609	0.0	0.01586766040715215	0.03506410579918756	0.0	0.0	-0.030065517667703844	0.0	0.012388381692356551	-0.020917969867078706	0.0	0.0	0.0
ENSMUSG00000113970	0.07301349953947793	0.015692589735308543	0.024320666071794412	0.0	0.0389425166654425	0.0	0.0	0.0	0.0	0.0	0.0	0.0	0.021433615335083218	0.0	0.0	0.0	0.014385677631181863	0.014021898629320722	-0.22589120152920492	-0.038377033815464215	0.0	-0.10370576696025952
ENSMUSG00000001380	0.04173202916532011	0.0	0.010047272438751143	0.0	0.0	0.0	0.0	0.0868158746323051	0.016103847204043995	0.0	0.0	0.0	0.013042969544699705	0.0	0.0	0.016409313532149725	0.016550512307081572	0.0	0.14132592115688092	0.0	0.014858947869208336	0.24426270248647303
ENSMUSG00000101649	-0.31361116200032685	0.0	-0.19910456338055818	0.0	0.0	0.0	-0.2834054787980451	0.0	-0.2363135401953433	0.0	-0.17101411310040726	0.0	-0.21281793544164	0.0	0.0	0.0	-0.2993352217075838	0.0	-0.9852657196900497	0.0	-0.37566548729299265	-0.2561621332152889
ENSMUSG00000041741	0.0	0.0	0.014519576248140327	0.0	0.0	0.0	0.01952000447407318	-0.01855492199228457	0.0	0.014430386213669197	0.0	-0.016800495476456186	0.0	0.0	0.01435273297597623	-0.018238472888787854	0.0	0.0	0.038534152293951886	-0.013715908502515197	0.0	-0.06598906431762826
ENSMUSG00000095839	-0.050394944532026115	0.0	-0.01559991335289253	0.0	0.0	0.0	-0.09056596097221138	-0.053641233756860994	-0.036185545814353355	-0.015264151871301923	0.0	0.0	0.0	0.0	-0.05236602909550797	0.0	0.0	0.0	-0.13185022755468906	-0.046159775198010775	0.0	-0.09366848772488794
ENSMUSG00000072762	0.01580209801323178	0.007715185192777119	0.0	0.0	0.0	0.0	0.03940623214002984	0.0353963963584638	0.0	0.0	0.005804491515697603	0.0	0.041460996383926564	0.0	0.0	0.0	0.0	0.004825830382443996	0.23910884422320589	0.0	0.05011991309863489	0.08750046137811154
ENSMUSG00000087032	0.0	0.0	0.021144036973738775	0.0	0.0	0.0	-0.05129205638988651	0.0	0.01796661426834889	0.01889724111038959	0.013158647522792333	0.014545179768657691	0.0	0.0	-0.015692750673262524	0.0	0.0	0.0	-0.2404679283943536	-0.05311502010914587	0.0	-0.06908096352040964
ENSMUSG00000029759	0.03294264006252088	0.009143502201809366	0.014086728067265668	0.0	0.0	0.0	-0.038048400959903236	-0.037522888138772054	0.02517425827364496	0.010300849963765374	0.0	0.0	0.0	0.0	0.01068584454176635	0.0	0.025103488289274688	0.0	0.029645656689392265	0.0	0.0	0.0
ENSMUSG00000039033	0.013039107554948751	0.010753991691126761	0.0	0.0	0.0	0.0	-0.05385568640546007	0.05550415830922234	0.008047063737742622	0.0	0.0	0.0	0.010368641905544967	0.0	0.0	0.0	0.014371495439532516	0.0	0.0790099961768824	0.0	0.016079877857512796	0.18900183586482827
ENSMUSG00000118257	0.04003146853967313	0.0	0.0	0.0	0.0	0.0	0.11526247541748841	0.06259043634961851	0.03422032343096628	0.0	0.0	0.0	0.042349776683705036	0.0	0.027830030597938406	0.0	0.01932794721201725	0.0	0.295581064787359	0.0	0.040577181295292246	0.19275710971365148
ENSMUSG00000085081	0.03520308989806404	0.023093113883018216	0.024890219681886133	0.0	0.0	0.0	0.0	0.0	0.0316520997376233	0.0	0.0	0.009108184701019328	0.016999374622403668	0.0	0.01753241700915035	0.0	0.04127919834352044	0.0	0.08460643852084916	0.0	0.0	-0.06645157152677691
ENSMUSG00000021375	0.03445200255657495	0.0	0.0	0.0	0.0	0.0	0.06044443757497875	0.0640483395809312	0.02609935417207257	0.0	0.0	0.0	0.02650224056463605	0.0	0.026727188932297363	0.0	0.026546199873002586	0.0	0.054677433691770305	0.0	0.024723706254459632	0.1864080265305689
ENSMUSG00000068391	0.04853123577911174	0.01383649782162354	0.0	0.0	0.0	0.0	0.024761001949013612	0.06703666633243799	0.03489495715792669	0.0	0.0	-0.0551423227231812	0.0	0.0	0.0	0.0	0.0	0.0	0.5652344097096714	-0.11490710030957017	0.07158255554903745	0.2782347686042289
ENSMUSG00000025035	0.03943047762797555	0.0	0.0	0.0	0.0	0.0	0.08684802723890697	0.05719909275659786	0.030571049977370614	0.0	0.0	0.0	0.04103364015356649	0.0	0.032625058016186835	0.0	0.031308958724198366	0.0	0.1122890739217203	0.0	0.04948747602643672	0.20686486957696784
ENSMUSG00000051037	0.01635287066271052	0.0	0.014999864520614687	0.0	0.0	0.0	0.0	0.0	0.01168231000470126	0.0	0.0	0.009767281726344668	0.024603729994693405	0.0	0.0	0.0	0.010030405273819926	0.010690573145979421	0.08441269905028273	0.0	0.008710224052482092	0.02838431640578851
ENSMUSG00000096308	-0.09113641973951257	-0.13048052379528224	-0.09305534386951426	0.0	0.0	0.0	-0.16986921931314147	0.0	-0.0856232780504114	0.0	0.0	0.0	-0.07050976065926173	0.0	-0.09299193713080299	0.0	0.0	0.0	-0.2407838550514431	0.0	-0.1116722105274817	-0.17139477953236903
ENSMUSG00000021054	0.020400632373335094	0.0	0.0163053964937541	0.0	0.0	0.0	0.016891413917090457	0.0	0.006699529382730385	0.0	0.0	0.0	0.0075260802538380705	0.0	0.015570439719237827	0.0	0.020313501583513773	0.006583663894766732	0.0	0.0	0.009721334519780259	0.042681309894347354
ENSMUSG00000110597	0.04592325304388112	0.024294785942766513	0.0	0.0	0.0	0.0	0.0	0.0	0.04099281629972144	0.0	0.0	0.0	0.01965440725724978	0.0	0.01423432531364158	0.0	0.050106591736759944	0.012364944413980422	-0.02675965848884707	-0.04544616152594778	0.0	-0.09156302506023435
ENSMUSG00000086361	0.04312948550518974	0.0	0.02293943044052644	0.0	0.0	0.0	0.18265509436381513	0.0	0.02208062056194068	0.0	0.0	0.04995852561147916	0.03719391189009351	0.0	0.054895248159802144	0.0	0.048863861581177025	0.0	0.0	0.0	0.04357927209778486	-0.09273384464204582
ENSMUSG00000085649	0.03552740786124362	0.030341234533427422	0.034165449328103406	0.0	0.0	0.0	0.0	0.0	0.02216440137295273	0.0	0.0	0.017658213646634564	0.022140474691853734	0.0	0.0	0.0	0.044345896881450256	0.0	-0.17614740309083968	-0.04520262979250232	0.0	-0.087613517747235
ENSMUSG00000044912	0.0	0.020509677035764815	0.0	0.0	0.0	0.0	-0.05231691047113302	-0.03318636959420284	0.015792016327792535	0.0	0.0	0.0	0.0	0.0	0.0	-0.024222877249002905	0.020638786023441602	0.0	-0.15231091464707025	-0.018468286913016215	-0.012111355199507378	-0.04920659867762965
ENSMUSG00000028127	0.02996768306526524	0.0	0.016871163551088753	0.0	0.0	0.0	0.07475264671912166	0.07799401952488018	0.018548953407939228	0.0	0.0	0.0	0.04690871953136508	0.0	0.017497026584323505	0.0	0.0	0.0	0.176926221014488	0.0	0.05424328624508916	0.25330699933715184
ENSMUSG00000111291	0.05072117666033316	0.022623887220179825	0.0	0.0	-0.034292938769955345	0.0	-0.04869262731638814	0.013855214449949915	0.0	0.01567748625305346	0.0	0.0	0.0	0.0	0.0	0.0	0.07764136564104746	0.0	0.23477286760955618	0.0	0.0440019593170075	-0.03549009499285452
ENSMUSG00000121437	-0.08023746312160497	-0.009279295772467555	-0.03964020598919384	0.0	0.0	0.0	-0.12771830840347465	0.0	-0.015473841751057402	0.0	0.0	0.0	0.0	0.0	-0.023899486736116075	0.0	0.0	0.0	-0.1336681959247516	-0.01121622185784621	-0.015845185919198725	-0.06216769036596414
ENSMUSG00000033952	0.019600042295475493	0.01134738427153481	0.0	0.0	0.0	0.0	0.035530805171032076	0.05941198025300981	0.0	0.0	0.0	0.0	0.014455099447990767	0.0	0.02525304918666368	0.0	0.01347338557727549	0.0	0.22477526681140983	0.0	0.043569812305457645	0.15477928218396467
ENSMUSG00000032353	0.05675043643146271	0.0	0.013019920436399043	0.0	0.019555204034325025	0.0	-0.05214421512265226	0.0	0.035883226806367255	0.0	0.0	0.0	0.0	0.0	0.011175117639190761	0.0	0.021130274365682582	0.008571590890347203	-0.10517468012417458	0.0	0.0	0.12621554931653287
ENSMUSG00000033278	0.024227833766908513	0.0	0.01797643183919657	0.0	0.0	0.0	-0.04196108725492152	0.020353078251461362	0.0	0.0	0.0	-0.03274045126429287	0.0	0.0	0.013124475017890352	0.0	0.02354080831156911	0.0	-0.21962440166479266	-0.016182785978477294	-0.017874289139547455	0.0
ENSMUSG00000109224	0.04473950756939609	0.01654127298088789	0.03447697637392855	0.0	0.0	0.0	0.0	0.0	0.02538343133652291	0.01570134791382035	0.0	0.0	0.0	0.0	0.024655758079321837	0.0	0.05045993597296262	0.0	0.0	-0.05022354042014569	0.016015925553031073	-0.10136254418327335
ENSMUSG00000090157	0.0356493066341049	0.0	0.036339380012370234	0.0	0.0	0.0	0.0	0.0	0.03713059159270145	0.0	0.0	0.022155603855280776	0.020101965919434632	0.0	0.028783019636854146	0.0	0.048650807088547736	0.0	0.0977227307883122	-0.04887738020457824	0.0	-0.09806736949653591
ENSMUSG00000085485	0.03432392535350423	0.0	0.0	0.0	0.0	0.0	0.12817239259803584	0.0	0.030630170385012003	0.0	0.0	0.0	0.03664021430385381	0.0	0.016363956149381544	0.0	0.01159203582184165	0.0	0.5449717719447812	-0.12438249234340107	0.06337617595611986	0.04147510945336813
ENSMUSG00000068399	-0.06874019176001119	0.0	-0.025914229927541076	0.0	0.0	0.0	-0.014942569162315622	-0.06683848908725984	-0.033684368115192424	0.0	0.0	0.0	-0.024600939841874694	0.0	-0.036302793337827155	0.0	-0.025767372574284412	0.0	-0.17144782460454108	0.0	0.0	-0.13370083004679445
ENSMUSG00000073538	0.029825053749170348	0.013017249315915273	0.0	0.0	0.0	0.0	0.12969488581207694	0.0	0.02922297957139952	0.0	0.0071582617352699	0.0	0.047898109006025605	0.0	0.014832110289969138	0.0	0.0	0.0	0.5770759626093244	-0.11885452158824948	0.06559336243137957	0.0
ENSMUSG00000022216	0.0	0.0	0.007870673245119232	0.0	0.025088357420002934	0.0	0.15568743647034666	0.00835469322211304	0.0	0.0	0.008423774182637908	0.0	0.008853113894155626	0.0	0.0	0.0	0.007437208270323903	0.0	0.36564340419855956	0.0	0.03352946960470358	0.07265036657943945
ENSMUSG00000105055	0.026938878425250418	0.0	0.0	0.0	0.0	0.0	-0.03969256244718319	0.0	0.03926655103481641	0.022782498525464646	0.0	0.0	0.02992261033519044	0.0	0.017708817699965934	0.0	0.0798552991991453	0.0	-0.16205808725627285	-0.05373297609945292	0.0	-0.09712251452442273
ENSMUSG00000061393	0.037627993504652034	0.0	0.0	0.0	0.0	0.0	0.1513722763037447	0.036671545942341545	0.033578723947410974	0.0	0.0	0.0	0.04644386114886496	0.0	0.0	0.0	0.0	0.01860160126932775	0.21375273525205726	0.022130634592617788	0.04839544757470379	0.1595547181629481
ENSMUSG00000045482	0.040996373185072495	0.0	0.0	0.0	0.0	0.0	0.022569826210398186	0.06547039383778305	0.032666261379525344	0.0	0.0	0.0	0.021772273737955553	0.0	0.03248197102719896	0.0	0.024112882291513375	0.0	0.06364243839446337	0.0	0.0165939388188584	0.28714324240690375
ENSMUSG00000103270	0.014687782310418618	0.0	0.0	0.0	0.0	0.0	-0.03296140170805449	0.0	0.0	0.02287349357971423	0.0	0.018235568016578545	0.0	0.0	0.0	0.0	0.028705717284961525	0.016578627230799302	-0.26701726982915674	-0.0441615365993033	-0.016158982260908655	-0.10833966254157458
ENSMUSG00000020594	0.0	0.0	0.0	0.009649548697615116	0.0	0.0	0.13982113820892986	0.11277669469728652	0.0	0.0	0.0	0.0	0.04335189045448692	0.0	0.0	0.0064550809830586885	0.009803741352519225	0.004318484100527709	0.16787479990677068	0.0	0.03922454788949401	0.3214831213338226
ENSMUSG00000014856	0.043032747953153795	0.0	0.021818052832041124	0.0	0.0	0.0	0.10469496997646781	0.05889973795379185	0.0271980988491628	0.0	0.0	0.0	0.029368095010155432	0.0	0.0	0.0	0.02964649153617574	0.0	0.18963187045428023	0.0	0.03969632016169866	0.18659484936761572
ENSMUSG00000027709	0.03365120038415322	0.0	0.024475593371248796	0.0	0.0	0.0	0.03976399152497825	0.03665277285265849	0.02698818525602952	0.0	0.0	0.0	0.029174884178744316	0.0	0.022528384548220926	0.0	0.02488336779556376	0.0	0.07325739663813895	0.0	0.0	0.16161632595110273
ENSMUSG00000090827	0.03709232958018358	0.0	0.02657167431644125	0.0	0.0	0.0	-0.0754585223482676	0.0	0.02431905257088782	0.0	0.0	0.0	0.02526836622152318	0.0	0.0	0.0	0.024719463063872914	0.02497885393181134	-0.16666182700299387	-0.030738373264240365	0.0	-0.06014767784352588
ENSMUSG00000055945	0.048681624903378046	0.008307026259248368	0.023712683728563246	0.0	0.0	0.0	0.12693439713161664	-0.04751744639144273	0.01143552184645804	0.0	0.0	0.0	0.017372304085875707	0.0	0.020358017147149483	0.0	0.03340069836118939	0.0	0.10898592509272792	0.0	0.0	0.0
ENSMUSG00000032473	0.023719368068008232	0.0	0.0	0.0	0.0	0.0	0.023758096688893886	0.0	0.018947767354571557	0.0	0.0	0.029185422225624383	0.02086602881331931	0.0	0.021423339154634662	0.0	0.04051823550196439	0.0	-0.13964633757101155	-0.039727819428867016	0.0	-0.10715001838305066
ENSMUSG00000096862	0.05256622348963957	0.0	0.04544301513087461	0.0	0.0	0.0	-0.1157609723422215	0.0	-0.12066599222773802	0.0	0.0	0.0	0.0	0.0	0.0	0.02474686684978472	-0.03384097506630931	0.0	-0.11877919209139749	-0.0330847451761106	-0.02703886096548636	-0.09831121782846824
ENSMUSG00000111666	0.029788100912534934	0.0	0.0	0.0	0.0	0.0	-0.06342912645668934	-0.02084596521468842	0.02259860604622695	0.0	0.0	0.02048296725777639	0.02659534838357701	0.0	0.0	0.0	0.02638463021549134	0.0	0.0	-0.041312120691940464	0.016967514760723446	-0.08129328550865123
ENSMUSG00000121115	0.0	0.0	0.0	0.0	-0.04258679213286348	0.0	0.0	0.0775356730366475	0.043165063075858184	0.0	0.0	-0.06021215129049557	0.03221405086137631	0.0	-0.05075885598720072	0.0	-0.039116004856933284	0.0	0.12274277093340873	0.0	0.06355090141340256	0.20291454259381786
ENSMUSG00000070023	0.033353250387652876	0.015597891279563526	0.01561062444349042	0.0	0.0	0.0	0.021998932844567092	0.0	0.027766260151641645	0.023242355255696633	0.0	0.0	0.012489880492165956	0.0	0.0	0.0	0.0	0.0	-0.0554899075667563	-0.03079399912875682	0.0	-0.10160648017880429
ENSMUSG00000043913	0.0327699324120316	0.01539133430917805	0.019789376038331197	0.0	0.0	0.0	0.06487870087128085	0.0	0.02165800711169632	0.0	0.0	0.0	0.022600568742761656	0.0	0.01962384950246527	0.0	0.030390733296282	0.0	0.0	0.0	0.018760406047886768	0.04620528522002689
ENSMUSG00000064225	0.027983613254251354	0.00416724762687376	0.012334152320099679	0.0	0.0	0.0	0.0	0.0	0.029286003275140974	0.0	0.0	0.0	0.01610483224381874	0.0	0.01680070551194055	0.0	0.013550859956817353	0.0	0.11548250953481166	0.0	0.03333624349395612	0.033989340577546996
ENSMUSG00000062510	0.0312034658708752	0.0	0.0	0.0	0.0	0.0	0.06341818038790754	0.06615061060401335	0.027844941603782213	0.0	0.0	0.0	0.039993440359357244	0.0	0.028079261431107262	0.0	0.0	0.01026229174484583	0.4623896307123646	0.0	0.061892272102505884	0.2703676733163274
ENSMUSG00000004865	0.03963481165049393	0.0	0.0	0.0	0.0	0.0	0.1406353304412837	0.03349921541349273	0.0269556668198541	0.0	0.0	0.0	0.05073368169515892	0.0	0.022808661167952504	0.0	0.011319344008711152	0.0	0.4173737674512578	0.0	0.09317949530144067	0.2589894068695984
ENSMUSG00000042121	0.044225627229955204	0.0	0.0	0.0	0.0	0.0	0.11476879543697181	0.04241766038386138	0.030890560647834034	0.0	0.0	0.0	0.03867863732174313	0.0	0.026902957679225015	0.0	0.029974896007648796	0.0	0.20658530160488886	0.0	0.07115614308923596	0.1685516500239894
ENSMUSG00000018377	0.03879241670135781	0.0	0.019636649725534472	0.0	0.0	0.0	0.08333871719877824	0.06305928054562399	0.022159019025206835	0.0	0.0	0.0	0.031950811128056436	0.0	0.0	0.0	0.02248778135461793	0.0	0.22199235303013506	0.0	0.05161977499334184	0.22680192150364595
ENSMUSG00000120269	0.033069376486549014	0.0	0.026664363961789676	0.0	0.0	0.0	0.021556828499114458	0.0	0.03509632234091804	0.0	0.0	0.033478104300231806	0.03128603285449891	0.0	0.040321763143760785	0.0	0.0	0.0	-0.1202489096859954	-0.055207840893462604	0.0	-0.07165997189255786
ENSMUSG00000107817	-0.31487569683307176	-0.16949992276716852	-0.19568057182904722	0.0	0.0	0.0	-0.274227692134957	0.0	-0.21896185832589135	0.0	0.0	0.0	-0.2415740983843097	0.0	0.0	0.0	-0.3027298000798086	0.0	-0.9739369214108377	0.0	-0.40776389987316775	-0.23344489318397615
ENSMUSG00000049001	0.0	0.0	0.01170191609730604	0.0	0.0	0.0	0.028539887898848888	0.0	0.017676169366900814	0.0	0.008448107072312916	-0.02468705580834628	0.010420566560061125	0.0	0.0	0.0	0.0	0.010271580760819124	0.040300183866166295	-0.03231830865817348	0.0	-0.03606658270608959
ENSMUSG00000021357	0.012065235282404102	0.009186145812038776	0.011442719270888814	0.0	0.0	0.0	0.0	0.08276057825063901	0.0	0.0	0.0	-0.05229516876541312	0.0	0.0	0.011896420640127213	0.01763710013015594	0.015057057224465481	0.0	-0.07554652353354352	0.0	0.0	0.20872807595267176
ENSMUSG00000021541	0.025712454553057953	0.022689516859660183	0.03266469583569734	0.0	0.019662444528443637	0.0	0.0	0.0	0.0	0.0	0.0	0.02380935449749901	0.01571555726761961	0.0	0.0	0.0	0.042992125724953804	0.0	-0.25944246166889523	-0.03109399874600316	0.0	-0.04753348858431809
ENSMUSG00000097111	0.0399184165053092	0.017937439585629735	0.025210082146835885	0.0	0.0	0.0	0.0	0.0	0.024850900472333005	0.0	0.0	0.020873090443662614	0.031296771626857595	0.0	0.0	0.0	0.042607151113771245	0.0	-0.07595119554309644	-0.038139303068767616	0.0	-0.08347579398123556
ENSMUSG00000032786	0.03646908739239722	0.0	0.020361147906178368	0.0	0.0	0.0	0.12991584810254825	0.0	0.020674782719521577	0.0	0.0	0.0	0.032165943180153964	0.0	0.01649698509884623	0.0	0.017949579541473772	0.0	0.025515077977886408	0.0	0.03895285576415071	0.09105897633242242
ENSMUSG00000121841	0.0676196897169935	0.0	0.04993886411944351	0.0	0.0	0.0	-0.03192127255188099	0.0	0.03815133854115395	0.0	0.0	0.04034400864743709	0.0	0.0	0.01795247095714861	0.0	0.02651839610089722	0.0	-0.034673891423708615	-0.026628773203399736	0.0	-0.1026657633248918
ENSMUSG00000121622	0.05537192734550345	0.027102175737891664	0.0	0.0	0.0	0.0	0.0	0.0	0.02709582294388426	0.0	0.0	0.0	0.04157185811419095	0.014792362126519753	-0.04155694432615317	0.014873610767956775	0.02147377566184892	0.0	0.0	0.0	0.024830651995275226	-0.08218100980621491
ENSMUSG00000043659	0.0	0.012722534579490625	0.0	0.0	0.0	0.0	0.0475297557681443	0.0	0.0	0.0	0.008596285164504794	0.015978094939343736	0.0	0.007300948496832077	0.0	0.011555690797738551	0.01227548227647021	0.0	-0.19563114764886474	-0.0515694492686026	0.0	-0.11439336664062544
ENSMUSG00000032763	0.04281595372737164	0.015326809867031388	0.022265678691595913	0.0	0.02872914302416559	0.0	0.016250915336965717	0.036221327633950855	0.024061664042315384	0.0	0.0	0.0	0.0	0.0	0.0	0.0	0.026432626897964193	0.0	0.014383135368445222	0.0	0.0	0.17751896848979892
ENSMUSG00000120020	0.023754864271265014	0.0	0.017829622488143928	0.0	0.0	0.0	0.0	0.0	0.021590793913223896	0.020842670644332515	0.0	0.0	0.0	0.0	0.016411665013216826	0.0	0.02773548707154952	0.01560758179854213	-0.2289187348143905	-0.04064307488758197	0.0	-0.0715953122278091
ENSMUSG00000084217	0.0	0.016911850502467237	0.0	0.0	0.019471105646065762	0.0	-0.1325044239362827	0.0	0.011680238067051074	0.010817147489187884	0.0	0.0	0.0	0.0	-0.05457100194168085	0.0	0.030623376123668482	0.0	0.1688851041037525	0.0	0.02847979746738667	0.068966341430471
ENSMUSG00000045587	0.02461546720453494	0.0	0.02810022579005354	0.0	0.0	0.0	0.0	0.0	0.042676684322110664	0.0	0.013455530488818914	0.019773833800983326	0.0	0.0	0.014710138241394785	0.0	0.06499234164710303	0.0	-0.1050779240639153	-0.04592919581998317	0.0	-0.05848105098442262
ENSMUSG00000037709	0.0	0.02445338600368903	0.0	0.0	0.0	0.0	-0.05884516487971133	-0.04936658989738903	0.0	0.0	0.016286289759924986	0.0	0.0	0.0	0.0	-0.02854016646643363	0.0	0.016406802522777268	-0.021551965793172454	-0.0180861555268299	-0.006825486226785971	-0.04176247947394411
ENSMUSG00000022680	0.03359244429612898	0.0	0.0	0.0	0.0	0.0	0.0760550192452574	0.07849061904025144	0.028120813610509818	0.0	0.0	0.0	0.03585436548591004	0.0	0.0159438919706415	0.0	0.018712704350981067	0.0	0.1915779568848848	0.0	0.038965643454948275	0.26194533942232734
ENSMUSG00000115352	-0.05096169081536692	0.0	0.0	0.0	-0.019477013016678438	0.0	-0.18040402350503137	0.0	-0.01697219919871243	0.0	0.0	0.0	0.06294242871781797	0.0	-0.036788855652633755	0.0	0.0	0.0	-0.14689800137170358	-0.030802506288781333	0.03818300980101119	-0.07770704666690047
ENSMUSG00000095793	-0.33334951921403205	-0.16371191844255417	-0.20182276936862856	0.0	0.0	0.0	-0.27833047728283533	0.0	-0.20549378155212067	0.0	0.0	0.0	-0.23776471866272614	0.0	0.0	0.0	-0.2975477275352555	0.0	-1.003523501510242	0.0	-0.35920651062446324	-0.2519444306293779
ENSMUSG00000018565	0.03446644835922497	0.0	0.0	0.01445775792032616	0.0	0.0	0.20629032958351087	0.067292560458124	0.02107597988186731	0.0	0.012682690771168126	0.0	0.030001311315276863	0.0	0.0	0.0	0.0	0.0	0.36532037382983046	0.0	0.10690728020257553	0.3209761745288337
ENSMUSG00000117286	0.03439271566469354	0.022365936666358412	0.03045545756269686	0.0	0.0	0.0	0.05043063019490912	-0.04950855756727888	0.02437146207730293	0.0	0.0	0.03692699495637814	0.0	0.0	0.0	0.0	0.04152198498718371	0.0	-0.10709332346831026	0.0	0.0	-0.07318230251310479
ENSMUSG00000104823	0.037735702966964046	0.0	0.0	0.0	-0.06277401283082115	0.0	0.0	0.06983139121330208	0.0	0.0	0.0	-0.05741361754163672	-0.11345628431120033	0.0	-0.09786014856928288	0.0	0.0	0.0	0.5985667514572732	-0.14447656360871072	0.07141385852674971	0.1916984722349449
ENSMUSG00000040322	0.02324798237535034	0.0	0.02573902483662951	0.0	0.0	0.0	0.02484659440661046	-0.03952119703216456	0.026601315540168556	0.01808930754203563	0.0	0.0	0.0	0.0	0.0	-0.03256126327121796	0.028364741823121386	0.0	-0.08427498311634131	0.0	0.0	-0.033466914175588315
ENSMUSG00000081768	0.04971731575460224	0.0	0.02926518776468207	0.0	0.0	0.0	0.149533688995775	0.0	0.042984313172033314	0.0	0.0	0.0	0.03379103705595641	0.0	0.038843341113201806	0.0	0.05717744548122223	0.0	0.0	-0.05002598117958651	0.022870379408613188	-0.07585335172925033
ENSMUSG00000027796	0.031072116500994815	0.0	0.01771344758882202	0.0	0.0	0.0	0.060993537555106246	-0.038668248905301426	0.016376074482023	0.0	0.0	0.0	0.014993796013694494	0.0	0.018816018567826668	-0.03489676506794933	0.036659489913380194	0.0	0.0	0.0	0.0	-0.04609633730993203
ENSMUSG00000114148	0.034106040798054314	0.021123203471823202	0.041590227119526646	0.0	0.0	0.0	0.0	0.0	0.0	0.0	0.0	0.016742674653327877	0.0	0.009688912627567606	0.0	0.0	0.03544129109762117	0.013877815561295779	-0.18068024324784904	-0.04537163098716221	0.0	-0.12485916302726542
ENSMUSG00000024737	0.03153861450602808	0.029825965132585005	0.0468185913614276	0.0	0.0	0.0	-0.0252404847505295	-0.03881022241489009	0.0	0.0	0.0	0.02963218522920806	0.0	0.0	0.0	-0.028200100031094768	0.04835618009570932	0.0	-0.08463925117786245	0.0	0.0	-0.05111109855326566
ENSMUSG00000062818	0.0	0.0	-0.013647422889049774	0.0	0.0	0.0	-0.08646768695233797	0.0	0.027663343566234535	0.01480972969068248	0.0	0.01507586266731728	0.014661129626513742	0.0	0.0	0.0	0.0	0.01607042808838784	0.0	-0.03763958366976285	-0.016735137902031162	-0.1051994841693139
ENSMUSG00000100822	-0.3180899786135577	-0.18640526287567116	-0.17813816077183958	0.0	0.0	0.0	-0.25201891081286426	0.0	-0.26218209990287106	0.0	0.0	0.0	-0.23401492691942805	0.0	0.0	0.0	-0.3043111333838856	0.0	-0.9290345364435184	0.0	-0.4060178435961101	-0.2624825015024898
ENSMUSG00000030613	0.015476309411388422	0.00885769440033879	0.0	0.0	0.0	0.0	0.04271550360798967	0.06318684594586976	0.0	0.0	0.010144581700960845	0.0	0.019586317415121433	0.0	0.0	0.0	0.011811456067815506	0.0	0.10865458590966261	0.0	0.021854767188352036	0.24093568715270194
ENSMUSG00000031991	0.03426904168154545	0.0	0.021725197725728174	0.0	0.06148384772854835	0.0	-0.08799146269356345	0.0	0.0	0.0	0.0	0.030899782257734598	0.0	0.0	0.03704582036026114	0.0	0.027742109469326353	0.0	-0.29674829994781815	-0.05602417447077884	0.0	-0.13665364441200933
ENSMUSG00000109244	-0.01679401877758557	-0.02198842399948682	0.0	0.0	0.0	0.0	-0.08985547114176368	-0.009218454251937265	-0.0569944143378151	0.0	0.0	0.0	0.0	0.0	0.0	-0.005288591283923394	-0.029909604041923908	0.0	-0.1120273775480822	-0.031932269836603785	0.0	-0.10788812273055512
ENSMUSG00000037188	0.038120203874455104	0.0	0.018367361152798536	0.0	0.0	0.0	0.12013207312589928	0.0	0.024925013041696288	0.0	0.0	0.0	0.02553595339488515	0.0	0.016127495090441202	0.0	0.031854539463132846	0.0	0.2994727685720181	0.0	0.06663718648819611	0.022763613684050242
ENSMUSG00000021214	-0.015727795290292182	0.0	-0.019749624947394788	-0.022834960433379167	0.0	0.0	-0.07620271999110191	-0.03734136674131735	0.0	0.0	0.0	0.0	0.0	0.0	-0.02131597340650563	0.0	-0.006715457135535785	0.0	-0.19025858172068685	-0.05082536739050679	0.0	-0.08951138866303696
ENSMUSG00000053251	0.027376843392476306	0.0	0.0	0.0	0.0	0.0	0.0	-0.050845930887482294	0.029776264706762503	0.0	0.0	0.016013100146043454	0.025738963360506354	0.0	0.0	-0.023749423250296168	0.03368116543294235	0.012913674392084046	-0.09580112209040113	-0.018536859751194956	0.0	0.0
ENSMUSG00000052751	0.04721023099248717	0.0	0.0	0.0	0.0	0.0	0.19375771296477717	0.03588019075965737	0.0	0.0	0.0	0.0	0.025846601687333787	0.0	0.014768573785298389	0.0	0.01782676960770096	0.0	0.33696674693241124	0.020723618881633005	0.1178934981351699	0.15580653351213675
ENSMUSG00000030223	0.017434039514798536	0.0	0.01491791113332875	0.0	0.0	0.0	-0.018637418770563	-0.0253812209541525	0.01149636638775594	0.0	0.0	-0.026897945650171246	0.0	0.0	0.0	-0.032409706806988056	0.023583513418928184	0.014036705799114028	0.0	0.0	0.0	-0.021495802704739515
ENSMUSG00000030897	0.03839161825296157	0.01739171957568801	0.0357751402388888	0.0	0.0	0.0	-0.03589076752498673	0.0	0.03649263267494618	0.0	0.0	0.0	0.0	0.0	0.027709404282910095	0.0	0.057972484932655124	0.0	-0.11542324183151154	-0.04068512106799441	0.0	-0.044694745762919943
ENSMUSG00000070923	0.04263997665996474	0.005334594762517297	0.0	0.0	0.0	0.0	0.09307171055102527	0.02794697079936143	0.030598026689314512	0.0	0.01637944242851866	0.0	0.0	0.0	0.012467184791000188	0.0	0.0	0.0	0.0949031147485272	0.0	0.0705520468369477	0.19351411358890175
ENSMUSG00000107114	-0.06120446872120476	0.0	0.0	0.0	0.030041744234751762	0.0	-0.20411312030296153	0.0	0.0	0.0	0.027128668428753833	0.0	0.0	0.0	0.06598189532082115	0.0	0.046626702316593376	0.0	0.13874524982658143	-0.03612776949015578	0.046355625286436476	-0.1402795272887917
ENSMUSG00000089824	0.021452498105588514	0.0	0.0	0.008781607200227581	0.0	0.0	0.21897395643275053	0.057790069403997876	0.02068669240547575	0.0	0.0	0.0	0.04121477185028676	0.0	0.0	0.0	0.0	0.01103273648091243	0.5160745383557312	0.0	0.07796463037941262	0.3175853446900292
ENSMUSG00000073590	0.043133896622442935	0.01350696180409456	0.0	0.0	0.0	0.0	0.0	0.0	0.03008392546698694	0.0	0.007788933547648379	0.0	0.006572179085924042	0.0	0.0	0.0	0.01159289540422447	0.0052987044195165756	0.025173463359391066	0.0	0.03429034460246242	0.06233969808667655
ENSMUSG00000120395	0.017992350230818917	0.0	0.010971289361659364	0.0	0.0	0.0	0.14789242678279382	-0.06835991263710706	0.04321075037212102	0.0	0.0	0.0	0.01528388001650415	0.0	0.020422960783672048	0.0	0.0174619433619834	0.0	0.20107006104683262	0.0	0.01595077808733752	0.0
ENSMUSG00000047674	-0.17677582598299169	-0.021544536347810807	-0.009558676795786078	0.0	0.0	0.0	-0.06876466882161336	-0.022796845776093595	0.0	0.0	0.0	0.0	-0.04551680786312912	0.0	0.0	0.0	0.0	0.0	0.14281693016460612	-0.014012246784480228	0.027665637209233263	-0.0686160939946106
ENSMUSG00000030046	0.03836546444381132	0.0	0.033737250097168214	0.0	0.0	0.0	-0.0869729047315206	0.0	0.0	0.01651389756068511	0.0	0.0	0.016499390107539702	0.0	0.018209467657333743	0.0	0.02411547610504083	0.0	0.0	-0.028641113455742596	-0.028129228663617598	-0.1526392058670669
ENSMUSG00000067616	0.027356462568962705	0.009057462048473852	0.03947966204225741	0.0	0.0	0.0	0.08770694679232632	0.0	0.018802305333548496	0.0	0.0	0.0	0.012718608251150109	0.0	0.0	0.0	0.049865106205346815	0.0	0.08646715262993455	0.0	0.011096375602228164	-0.09617138134002773
ENSMUSG00000032850	0.0433421240335442	0.0	0.02614324813942203	0.0	0.0	0.0	0.07011216276231103	0.05662029056235032	0.03383744986775273	0.0	0.0	0.0	0.02766982224514325	0.0	0.030568242603575355	0.0	0.03243749961084448	0.0	0.09268185000214126	0.0	0.0	0.19970340583209462
ENSMUSG00000025537	0.043440362521956905	0.0	0.028684242757431738	0.0	0.0	0.0	0.1695365811397293	0.0	0.042149811113836234	0.0	0.0	0.0	0.04307872637215572	0.0	0.04136152498551582	0.01867453070734848	0.039963914238901346	0.0	0.44260144851467925	0.0	0.09647086051892825	0.0
ENSMUSG00000023460	0.0404705549884988	0.0	0.0	0.0	0.0	0.0	0.09746467910072472	0.019420971753727256	0.02910907904542794	0.0	0.0	0.0	0.023884823648454703	0.0	0.023056095573449377	0.0	0.03125893886027788	0.0	0.17008935739081868	0.0	0.05225233629928414	0.09444852339136865
ENSMUSG00000026806	0.029166677685922508	0.0	0.013696950802382991	0.0	0.0	0.0	0.0	0.12061724247057959	0.022900231712913832	0.0	0.0	0.0	0.012853070292066691	0.0	0.019365390758270748	0.014398996644982143	0.01059689275965281	0.0	0.06234806874651952	0.0	0.0	0.31312755463610825
ENSMUSG00000051160	-0.028103943174288527	0.0	-0.028404322613721916	-0.005882424875053527	0.0	0.0	-0.08303276210431014	0.0	-0.017825803752846568	0.0	0.0	0.0	0.0	0.0	-0.010875491504319094	0.0	-0.023332769462876796	0.0	-0.08432195683430602	-0.046308844471578625	0.0	-0.07146288386447495
ENSMUSG00000110489	0.038916241006163824	0.011806915222136432	0.016998108962281384	0.0	0.0	0.0	0.06857348044432268	0.0	0.029571380154512085	0.0	0.0	0.0	0.0	0.0	0.011426033142570647	0.0	0.02416790125343837	0.0	0.3494332399151663	0.003691689580814783	0.05519199417281079	0.0
ENSMUSG00000036693	0.0343272169840288	0.0	0.0	0.0	0.0	0.0	0.039185890554956984	0.0838236140995768	0.026686997536743536	0.0	0.0	0.0	0.023866668887748348	0.0	0.011026174562084975	0.0	0.009265327748781638	0.0	0.47455636671939344	0.0	0.03487706103041844	0.2572876008081514
ENSMUSG00000039637	0.04120951443634001	0.0	0.021886857197286464	0.0	0.0	0.0	0.09033015344287425	0.0	0.025530484880440834	0.0	0.0	0.0	0.026327119507684706	0.0	0.0	0.0	0.02922907989758818	0.0	0.08998055124711783	0.016346398564454856	0.022532817176787862	0.03507734877790374
ENSMUSG00000109248	0.03654824874129364	0.0	0.01883266785470038	0.0	0.0	0.0	0.03616325454792722	0.0	0.012813147565704244	0.0	0.0	0.008634847845405386	0.01956403998248006	0.0	0.03032737404471347	0.0	0.03029001243169622	0.0	0.05428941990474803	0.0	0.0	-0.07659645377377154
ENSMUSG00000055109	-0.07185222739274026	0.0	-0.03534982782093279	0.0	0.0	0.0	-0.07619851059843467	-0.040856251228971366	-0.06847632993029376	0.0	0.0	0.0	-0.03720862319216095	0.0	0.0	-0.0324953084526699	0.0	0.0	-0.3655910125837007	0.0	-0.05116961899184576	-0.09305921432118966
ENSMUSG00000098024	0.011765568953559452	0.0	0.0	0.010605446354586823	0.0	0.0	0.1027497229654944	0.09606035211881511	0.03180625995696494	0.0	0.0	0.0	0.0	0.0	0.0	0.0	0.0	0.017035996321551217	0.4746978014050988	-0.09823891982776123	0.10146685701055302	0.3720800167060117
ENSMUSG00000020003	0.0	0.12211209493178793	0.0	0.0	0.0	0.13405647640713536	0.0	-0.22295136034764565	0.0	0.046731285200975727	0.0	0.07308846935574673	0.0	0.03869213342440169	0.03513430996841546	0.0	0.0	0.0	-0.06832540867967729	0.20852177058925095	0.0	-0.2971619078824996
ENSMUSG00000100204	0.0	0.03020202996163183	0.0	0.0	0.014377153486615113	0.0	-0.07681696887795439	0.021291820955373877	0.028065540827399187	0.0	0.0	0.0	0.0	0.020215398997668603	0.0	0.01660786662883069	0.0	0.0	-0.2512053107398285	-0.024838098831734833	0.0	-0.08291042648766803
ENSMUSG00000036292	0.02351179501839423	0.019647007607156475	0.01048686270530465	0.0	0.0	0.0	0.013202674294139046	-0.04011601700154078	0.022191620472236294	0.0	0.0	0.0	0.0	0.0	0.0	0.0	0.02396934234152807	0.0	-0.03266471681000047	0.0	0.009225326191867507	0.011090784938910222
ENSMUSG00000018189	0.0	0.004618314213476554	0.0	0.0	0.0	0.0	0.06938363175679897	0.11576013422920639	0.0	0.0	0.0	0.0	0.03195182098890535	0.0	0.0	0.010850699066323799	0.003375217729775448	0.0041811063542199585	0.2089531344765607	0.0	0.04468990677410148	0.2966451922798937
ENSMUSG00000040485	0.041617749251793956	0.0	0.03586559795989755	0.0	0.0	0.0	0.024174281355813683	0.0	0.02754640053976415	0.0	0.0	0.016462617531379	0.013168009707593742	0.0	0.02213389804963328	0.0	0.043392814235246366	0.0	0.0	0.0	0.01615289999287256	-0.10897806530213719
ENSMUSG00000062070	0.0	0.006779031798350072	0.0	0.009712349685344662	0.0	0.0	0.2050892711815384	0.052753419092316456	0.0	0.0	0.0	0.0	0.00476921944588804	0.0	0.0	0.0	0.017566573914243495	0.00976140684202406	0.47389524545260125	0.0	0.011878064168034412	0.158654438769085
ENSMUSG00000097183	0.035296839042456486	0.0	0.022710178744675402	0.0	0.0	0.0	0.09270962285678018	0.019702533018691862	0.022715572612228094	0.0	0.0	0.0	0.03504388551074442	0.0	0.0	0.0	0.024751456078324453	0.0	0.09983343781475226	0.0	0.06357302349174845	0.16264646982099204
ENSMUSG00000099638	-0.3023491448087418	-0.18109050146476724	-0.17905315300049063	0.0	0.0	0.0	-0.2785578680366066	0.0	-0.21797295668955782	0.0	0.0	0.0	-0.2314025822012355	0.0	0.0	0.0	-0.2971108710769373	0.0	-0.9952053217598972	0.0	-0.37289450872600655	-0.27705844705799487
ENSMUSG00000062175	0.030453420953968784	0.0	0.0	0.0	0.0	0.0	0.2304241581130408	0.0721910068593866	0.03258819060731171	0.0	0.0	0.0	0.04116368008964731	0.0	0.022466210273367603	0.0	0.0	0.01393724905399396	0.44590382257515115	0.0	0.12877119418648678	0.3303289359608928
ENSMUSG00000072772	0.04101061782317041	0.012371217803245127	0.01102367542891976	0.0	0.0	0.0	0.2530980990473585	0.0	0.0513284202625994	0.0	0.0	0.0	0.03379147168067424	0.0	0.0	0.0	0.0	0.0	0.782119097754033	-0.18114851711254568	0.11978011231335764	0.17808274338221353
ENSMUSG00000087602	-0.01943008444062634	-0.014791075213639985	0.0	0.0	-0.030423932318678737	0.0	-0.05840791490063694	0.0	0.0	-0.012404249836191594	0.0	0.0	0.0	0.0	-0.02648363710366359	0.0	-0.03943295416890801	0.0	-0.11653950997925636	-0.042215473358573244	0.0	-0.10726342434663463
ENSMUSG00000108651	0.0	0.012091334710384425	0.0	0.0	0.0	0.0	-0.07083589743862324	0.0	0.0	0.0	0.0	0.028998233709454292	0.0	0.0	0.014240117123396108	0.0	0.02353370860633691	0.013715617419835457	-0.17363300955869507	-0.04374154692878964	-0.02200734162740287	-0.11884590632740498
ENSMUSG00000109666	-0.018087529387255746	0.0	-0.02736680355022243	-0.04492159248193692	0.0	0.0	-0.14096381408733696	-0.06891154165801833	0.0	0.0	0.0	0.0	0.0	0.0	-0.025345458985824004	0.0	0.0	0.0	-0.043780641491467105	-0.055676963922662734	-0.010706432925926546	-0.09521270543238422
ENSMUSG00000039456	0.017391701276839543	0.0	0.0	0.0	0.0	0.0	0.13264497690281166	0.05771515937716928	0.015425782130776434	0.0	0.0	0.0	0.037086935613434104	0.0	0.030317803740578474	0.0	0.0051266020885930574	0.0	0.3167307325883842	0.0	0.04311731585796391	0.31358502030198904
ENSMUSG00000108806	0.039131088080086834	0.0	0.0	0.0	0.0	0.0	0.21796463872199562	0.06261577118967411	0.04619152578107207	0.0	0.0	0.0	0.02550715933213379	0.0	0.025656258742763734	0.0	0.020903117788513503	0.0	0.6550576440693225	0.0	0.14780820639067743	0.21106865849003295
ENSMUSG00000113012	0.01583299253554804	0.0	0.0	0.0	0.01683161053976909	0.0	0.1871991236766067	0.0	0.0	0.0	0.0	0.02302329449119022	0.08202971458148113	0.0	0.04103013442239989	0.0	0.03903147665970962	0.0	0.25416838683248094	0.0	0.10785275316759273	-0.10777824483951791
ENSMUSG00000063409	0.03615329898867225	0.007772564123623649	0.017723165766913473	0.0	0.0	0.0	0.09759995099376452	0.0	0.011549731489622277	0.0	0.0	0.02209322323310162	0.012542658205412638	0.0	0.00927327892314104	0.0	0.039053632765959675	0.0	0.0	0.0	0.04235062579116056	0.0
ENSMUSG00000025592	-0.09520532790109135	0.0	-0.039813677980755906	0.0	0.0	0.0	-0.11312309639606168	0.0	-0.07737988131857122	0.0	0.0	0.0	-0.06120356065667364	0.0	-0.048367418568328956	0.0	0.0	0.0	-0.3819034175405548	-0.015081142910143286	-0.055639955990409905	-0.054718788473920824
ENSMUSG00000028568	0.0	0.0	0.0	0.0	0.0	0.0	0.056078621055034666	0.0943692982467168	0.01062825232075613	0.0	0.0	0.0	0.014753516718372597	0.0	0.0	0.0	0.00941876966208699	0.01583945106415031	0.5594500938155361	-0.2485457789682741	0.029432928007561282	0.29501327564260366
ENSMUSG00000014074	0.02513104436893831	0.0	0.0	0.0	0.0	0.0	0.08692370455079396	0.03832759284394727	0.029724470777091564	0.0	0.0	0.0	0.04232528976663763	0.0	0.019153291954451205	0.0	0.013960199711770427	0.0	0.3448968747120068	0.0	0.07481980504610669	0.2184721319021058
ENSMUSG00000037660	0.04435778333935654	0.0	0.0212474762824205	0.0	0.0	0.0	0.1520963720126088	-0.05419207762768342	0.0	0.0	0.0	0.0	0.012063336934255908	0.0	0.030049352685352314	-0.047779044906824254	0.03955608275239824	0.0	0.0	0.0	0.0392110994338535	-0.03029848923368042
ENSMUSG00000040424	0.049100342990444	0.0	0.0377505040298509	0.0	0.0	0.0	0.12315281406513942	0.0	0.02796783656112604	0.0	0.0	0.01829503540256039	0.03367946446415667	0.0	0.02863040234450745	0.0	0.03846460674673658	0.0	0.2764935033471058	0.0	0.06779634076584076	0.0
ENSMUSG00000025647	0.04192007535047553	0.0	0.020494729049768363	0.0	0.0	0.0	0.12960152424647348	0.0	0.022422847448517393	0.0	0.0	0.0	0.020926227601474556	0.0	0.021840232125219315	0.0	0.025675598243177878	0.0	0.2323159246181348	0.0	0.05676137150940598	0.09778400456107546
ENSMUSG00000041936	-0.07895276523744638	0.0	0.0	0.0	0.0	0.0	-0.17871658289892062	-0.10624977137354401	-0.04681177993622111	0.0	0.0	0.0	-0.06044457736598382	0.0	0.0	0.0	0.0	-0.06016602682550821	-0.47323123593767674	0.34786589813276925	-0.08618799595308041	-0.2406515287028685
ENSMUSG00000107103	-0.028955842207812894	0.02808242194518837	0.030364380682089607	0.0	-0.044450649135565796	0.0	-0.02572318739771553	0.0	0.0	0.0	0.0	0.019967527375255017	0.0	0.0	-0.029324035534083335	0.0	0.024121876482886793	0.0	0.09717797158008899	0.0	0.0	-0.050331608850947125
ENSMUSG00000115322	-0.05616199024576266	0.0	-0.03315647231323639	0.0	0.05662813677852204	0.0	-0.06395622378079974	-0.011328699868849601	-0.027587434944667196	0.0	0.0	0.0	-0.012298424537912387	0.0	0.0	0.0	0.0	0.0	-0.11171053542609037	-0.037631045184674236	0.0	-0.10931814385253678
ENSMUSG00000074673	0.02957964534544818	0.0	0.037164576886044104	0.0	0.0	0.0	0.0	-0.053632950899872404	0.029740518044811558	0.014520592681186885	0.0	0.0	0.0	0.0	0.0	-0.034227762794679074	0.047955833840477836	0.01348347325466645	-0.05799244521730202	0.0	0.0	0.019410276239627364
ENSMUSG00000034040	0.020319114418932138	0.01551015143154934	0.017742246986032724	0.0	0.0	0.0	0.0	-0.03555324574555287	0.016143440918877282	0.0	0.0	0.0	0.0	0.0	0.015354899809865416	-0.0314116848789241	0.02475785103903706	0.0	-0.13120805114558454	-0.019556896833141817	0.0	0.0
ENSMUSG00000015340	-0.0373787142117914	-0.054251147888113235	-0.06090066422522831	0.0	0.0	0.0	-0.12003346962136927	0.0	-0.05356440563751027	0.0	0.0	0.0	-0.050628909236245266	0.0	0.0	0.0	-0.08316373625233908	0.0	-0.15039092456429282	0.0	-0.062020599787814164	-0.11343574854264257
ENSMUSG00000102439	0.0	0.0	0.0372644009035756	0.0	0.034190975316609855	0.0	-0.020400253197173084	0.0	-0.01915670152099669	0.0	0.0	0.03645186783101746	0.0	0.0	0.0	0.0	0.06950164833600947	0.0	-0.26532076236958047	-0.019308534323292995	-0.0277395159981395	-0.09553873671058921
ENSMUSG00000024563	0.032515653659436435	0.0	0.0	0.0	0.0	0.0	0.08241481424767912	0.06561234810574644	0.02472361696446393	0.0	0.0	0.0	0.0450903571229443	0.0	0.017896592332672934	0.0	0.022438095407185932	0.0	0.11521889099213437	0.0	0.03214956384766343	0.2311236297150924
ENSMUSG00000028327	0.039684882020598285	0.0	0.030016166034147713	0.0	0.0	0.0	0.028352676368305702	0.0	0.020934005758978032	0.02164084020407245	0.0	0.0	0.01158971496464916	0.0	0.015448544377657008	0.0	0.044215856943639394	0.0	-0.047316723588534226	0.0	0.0	-0.055878514882887496
ENSMUSG00000037995	0.03943703540275339	0.0	0.019869339119862547	0.0	0.0	0.0	0.13754279233676667	0.0	0.030763433576943354	0.0	0.0	0.0	0.027896950319796658	0.0	0.01795365773588742	0.0	0.02289821581276828	0.0	0.21033336935803862	0.0	0.062150703617213976	0.1601642007503643
ENSMUSG00000035530	0.052301130116725526	0.0	0.0	0.0	0.0	0.0	0.4488324207963595	0.02540725863658438	0.055976945295826724	0.0	0.0	0.0	0.07678190586771708	0.0	0.019450121813550325	0.0	0.0	0.027540905608312793	1.1608114572901194	0.0	0.45540713417049694	0.4272972538572183
ENSMUSG00000031862	0.03300852699113298	0.0	0.0	0.0	0.0	0.0	0.08389412260983013	0.08594246563673852	0.02108636025658572	0.0	0.0	0.0	0.01361269839714146	0.0	0.017217577002739435	0.0	0.010779569977134473	0.0	0.4600919844581198	0.0	0.039698135502999145	0.31583638641321415
ENSMUSG00000069670	-0.010343277137453333	0.0	-0.011041049485639522	0.0	0.0	0.0	-0.054217335294292554	0.0	-0.013782385414739178	0.0	0.0	-0.04058704206472086	-0.008845358762614552	0.0	-0.017804073367488085	0.0	0.0	0.0	-0.21283453444654418	0.0	-0.012889042535412738	0.09250159245490379
ENSMUSG00000083618	0.08042253324792521	0.013773898078690418	0.0	0.0	0.0	0.0	0.08072079971732694	0.0	0.008366539813423304	0.0	0.0	0.027748317625181273	0.021686524070761937	0.0	0.0	0.0	0.07890573926851006	0.0	-0.04425788249502183	-0.026212668075640544	0.04755617720717119	0.0
ENSMUSG00000099532	-0.3340141163682431	0.0	-0.17401123250567602	0.0	0.0	0.0	-0.27134913068813254	0.0	-0.21272275671040344	0.0	0.0	0.0	-0.21034931325128867	0.0	0.0	0.0	-0.3371457210440843	-0.14940240976840524	-0.9932641916546829	0.0	-0.3632900584208396	-0.28714642441047905
ENSMUSG00000024392	0.030083761209975714	0.0	0.0	0.0	0.0	0.0	0.15223806241112017	0.08732051115042669	0.02161574116665581	0.0	0.0	0.0	0.024454691430812404	0.0	0.015622276807382247	0.0	0.0	0.014566129853909704	0.429492656874173	0.0	0.06464566132125733	0.40239811899361644
ENSMUSG00000114354	0.023534726341037464	0.0	0.0132057734554534	0.0	0.0	0.0	0.05570295850992794	0.060686517815853165	0.01938656607473314	0.0	0.0	0.0	0.0	0.0	0.0	0.0	0.015812936061876184	0.01123519252711036	0.2936567846183352	0.0	0.03254753025709044	0.2543022234087118
ENSMUSG00000100887	-0.31820399127194604	-0.15782465708266935	-0.17467980232389782	0.0	0.0	0.0	-0.2712976411772748	0.0	-0.26107192854956673	0.0	0.0	0.0	-0.2383526288392709	0.0	0.0	0.0	-0.32110003827328193	0.0	-0.9659696139723937	0.0	-0.37397307963984244	-0.25022197369209176
ENSMUSG00000030433	0.03194847020415868	0.020430198153822552	0.028236854595973446	0.0	0.0	0.0	0.052631019432760724	0.0	0.033462008604393835	0.0	0.0	0.0	0.021002029516968574	0.0	0.019452595884807432	0.0	0.04323035432094859	0.0	0.13157078744752712	0.0	0.01828848122744786	0.0
ENSMUSG00000028443	0.040261863107621	0.0	0.0	0.0	0.0	0.0	0.07632404577864818	0.08892811899565033	0.04095099543065503	0.0	0.0	0.0	0.03235763812572575	0.0	0.02549778515119644	0.0	0.021609318632753394	0.0	0.1385527654060292	0.0	0.04691277484089571	0.28197685889651664
ENSMUSG00000021850	-0.024304624627541332	0.0	0.0	0.0	0.0	0.0	-0.1054242547175157	-0.031192826440644396	-0.023821273066572154	0.0	0.0	0.0	-0.01843973712433177	0.0	-0.003706122371771703	0.0	-0.01807472909740263	0.0	-0.04501453658908654	-0.03776745001852949	0.0	-0.07517121414278678
ENSMUSG00000040694	0.038077973905375574	0.0	0.015781946106890623	0.0	0.0	0.0	0.08435106619030916	-0.06402444430796353	0.007944495993519096	0.0	0.0	0.0	0.029967881066785454	0.0	0.014798439057106602	0.0	0.02456019168950954	0.0	0.4726396064661433	0.0	0.05150582646965287	0.0
ENSMUSG00000002459	0.01988960877448346	0.005863768361784177	0.011062806238571128	0.0	0.0	0.0	0.0630273781985563	0.0	0.015307158308061754	0.0	0.0	0.017026016474151928	0.014652469707579916	0.0	0.006566646220953322	0.0	0.02792324960277496	0.0	0.0	0.0	0.008835967342132406	0.0
ENSMUSG00000023571	0.04788466723553927	0.013508647983034704	0.029790415014336352	0.0	0.02382937962596404	0.0	0.027143414331209863	0.0	0.0064712309012645575	0.0	0.0	0.0	0.0	0.0	0.013284544935432909	0.0	0.03894010511935686	0.0	0.0	0.0	0.019126509010200354	0.020687276822588332
ENSMUSG00000104469	0.0	0.039132856829051876	-0.07728893404757223	0.0	-0.0296797912088783	0.0	-0.03788822565728026	0.0	-0.04847625115847282	0.0	0.0	0.0	-0.017334887638128044	0.0	0.0	0.0	0.0	0.0	0.05778286082515409	-0.028570258967038197	0.05732103251367831	-0.03728334018649871
ENSMUSG00000005220	0.027031434426663527	0.02317193811460225	0.02030743825345595	0.0	0.0	0.0	-0.04152377027029241	-0.019562629373670214	0.022625643982702552	0.0	0.0	-0.017811435413376642	0.0	0.0	0.0	-0.020574243891587244	0.0	0.0	-0.11560353280133845	0.0	0.0	-0.015323818007590306
ENSMUSG00000094985	0.0	0.021818706210289203	0.0	0.0	0.0	0.0	-0.0727649001718072	-0.05658527617310579	0.0	0.0	0.0	0.024927340201674662	0.0	0.0	0.0	-0.03202585476905635	0.01767372307761092	0.013867128531290712	-0.08355535101788635	-0.02741958423216894	0.014769492291370466	0.0
ENSMUSG00000032093	0.03987160865705497	0.0	0.036872795989533934	0.0	0.0	0.0	-0.04133842262318721	-0.04748001632395585	0.04772477694914765	0.0	0.0	0.0	0.0	0.0	0.029156030382561926	-0.031091674127616428	0.054857703664637936	0.0	-0.06767245866798713	0.0	0.0	-0.08044095570665911
ENSMUSG00000032202	-0.03261757279690255	0.01327073518519391	0.0	0.0	0.057458817184493194	0.0	0.10639831189565961	0.0	-0.039915678008654296	0.0	0.013159777966622752	0.0	0.0	0.0	0.009697733045658428	0.0	0.0	0.0	0.04611976792294347	0.009703274229286518	0.0	0.13216290545814185
ENSMUSG00000059832	0.016867226541732467	0.0	0.0	0.0	0.0	0.0	0.054160918228367314	0.0	0.04256803833527287	0.016542177884065166	0.0	0.022183081720289346	0.0	0.0	-0.0183862403042014	0.0	0.05204040420743367	0.0	-0.08544812005584689	-0.03904711650649895	0.0	-0.11304307151725065
ENSMUSG00000059334	-0.022212337121190133	0.0	0.0379309182710225	0.0	0.0	0.0	0.21674579315956832	-0.06978241242680666	-0.11039332226994199	0.0	0.0	0.0	0.07821403543537692	0.0	0.0	-0.038132139343267354	0.0	0.0	0.21909526812560917	0.0	-0.1037492510777888	-0.11869559749095135
ENSMUSG00000027950	0.035331995945976045	0.011878966740444198	0.021932801152383694	0.0	0.0	0.0	0.010834103683918128	0.0	0.034515103837623275	0.0	0.0	0.0	0.012016360794860619	0.0	0.02068661801166528	0.0	0.0340511216248656	0.0	0.19793133453233203	0.0	0.0	0.022678115637066603
ENSMUSG00000020456	0.03799042383978218	0.0	0.015321495335268831	0.0	0.0	0.0	0.0	0.04410866569208673	0.02242451180378713	0.0	0.0	0.0	0.030399224498443587	0.0	0.026644344520886692	0.0	0.01660742558530252	0.0	0.1325486108558093	0.0	0.021957000639667372	0.26801260913570363
ENSMUSG00000095462	-0.3400603721772016	0.0	-0.15994434477885808	0.0	0.0	0.0	-0.2737248657092444	0.0	-0.2436791905088064	0.0	-0.1358605597135516	0.0	-0.24346592895308983	0.0	0.0	0.0	-0.3034197810323591	0.0	-0.9472946499103079	0.0	-0.41487383722301535	-0.270371824815801
ENSMUSG00000102085	0.0	0.01812887237004116	0.0	-0.011463094463805439	0.0	0.0	-0.08648069812288685	0.0	0.0	0.013114053285388061	0.0	0.030475662433894324	0.0	0.0	0.0	0.0	0.014386168417129667	0.0	-0.2249954633646724	-0.043048140152482095	-0.017990698898747333	-0.11001654442896931
ENSMUSG00000021635	0.03292745593018259	0.0	0.0	0.0	0.0	0.0	0.0	0.10759197890331258	0.011789399720182114	0.0	0.0	-0.05966524251058735	0.034731806412409215	0.0	0.0	0.0	0.01702019658511484	0.0	0.2034328880507325	-0.0660308779378515	0.044084665976895074	0.4689242790118215
ENSMUSG00000085174	0.01599068823518812	0.010934866729097577	0.03555207459413585	0.0	0.0	0.0	0.09945837138577758	0.0	0.007153146377678721	0.0	0.0	0.0	0.013297081460146645	0.0	0.02593888763790584	0.0	0.022317862761313804	0.0	0.41442055624418866	0.0	0.09973996295896628	0.0
ENSMUSG00000019173	0.046425969375738216	0.0	0.0	0.0	0.0	0.0	0.12003461909328585	0.053180753924560724	0.0362603379540527	0.0	0.0	0.0	0.027764667171967905	0.0	0.0269615170938462	0.0	0.0254346783251114	0.0	0.17103138422854963	0.0	0.05112213807667334	0.24988291672978563
ENSMUSG00000074052	0.053343835593570275	0.0	0.0	0.0	0.0	0.0	0.07379014209067955	0.05462840012292393	0.03609223920218481	0.0	0.0	0.0	0.039920718420669014	0.0	0.025960145023023264	0.0	0.02198641725663053	0.0	0.24756594778514793	0.0	0.04197532408390086	0.21800985318921387
ENSMUSG00000109408	0.033469303119602216	0.0	0.01712025806617709	0.0	0.0	0.0	-0.05692387245960728	0.06413540299341351	0.023285312712581944	0.0	0.0	0.0	0.02060598321820274	0.0	0.02720333661181285	0.0	0.0189575550874588	0.0	0.04175490365023628	0.0	0.0	0.2944386737581629
ENSMUSG00000027739	0.031362231343440475	0.0	0.008437931918259367	0.0	0.0	0.0	0.06475043363122367	0.05975960421373928	0.030404137404827645	0.0	0.0	0.0	0.0	0.0	0.0	0.0	0.01626316406588596	0.008238817659625928	0.14798034514648936	0.0	0.023021019747080703	0.2350891697105831
ENSMUSG00000057461	-0.03890120228751995	0.0	0.0	0.0	0.0	0.0	-0.06689230236915994	-0.0190961793672344	-0.05104856208958863	-0.019966130083653805	0.0	0.0	0.0	0.0	-0.030337725607018466	0.0	-0.02326629821481268	0.0	-0.07534324114376488	-0.04047396738563554	0.0	-0.08885435373196178
ENSMUSG00000121543	-0.3091368503456655	-0.1721754792997312	-0.19925096165560405	0.0	0.0	0.0	-0.28060169035520194	0.0	-0.23065724053136186	0.0	0.0	0.0	-0.21026361706976912	0.0	0.0	0.0	-0.32288222315036536	0.0	-0.9615778288631214	0.0	-0.38360551563366285	-0.2625439479177523
ENSMUSG00000041168	0.02921976757757011	0.0	0.008497135361011288	0.00453896202785975	0.0	0.0	0.18944250383333958	0.06320872175930178	0.021747887752697377	0.0	0.0	0.0	0.0	0.0	0.0	0.0	0.01284231606335192	0.0	0.788256957414879	0.0	0.1230741554603078	0.37373244539357126
ENSMUSG00000087056	0.03002629826916627	0.0	0.0	0.0	0.0	0.0	0.02589678936179966	0.0	0.01006369902198323	0.00846035266678085	0.0	0.0	0.0	0.007165252395366717	0.0	0.0	0.023875328259593948	0.008752118636831455	0.20716490688680028	0.0	0.04323701203729563	-0.06675859444403509
ENSMUSG00000104936	0.10132943423518143	0.0	0.0	0.0	0.0	0.0	0.0	0.0	0.038454265246769544	0.0	0.0	0.013624826433770974	0.0	0.009630696361394825	0.03545103143558541	0.02701610265691653	-0.05862365085039251	0.0	-0.19066775062464159	-0.04897401195543757	0.0	-0.1249242075552363
ENSMUSG00000029229	0.0	0.0	0.011445384178366047	0.0	0.0	0.0	0.052968211958879796	0.034727687563312626	0.021200333976209698	0.0	0.0	0.0	0.0392784779984867	0.0	0.015409011921734717	0.0	0.01873205490015418	0.0	0.1638871661798946	0.0	0.03438083795750357	0.18687940615552734
ENSMUSG00000073421	0.013572258003118662	0.004554906418478111	0.022386974545657287	0.0	0.0	0.0	0.1396089113179325	0.0	0.021353393604551494	0.0	0.0	0.0	0.028545425096223265	0.0	0.02276622041413111	0.0	0.03129251093478499	0.0	0.08010227739071878	0.0	0.008319310357975842	0.0
ENSMUSG00000062526	0.03391023469504944	0.0	0.01859613387095399	0.0	0.0	0.0	0.0	0.02440812613037562	0.02783789191003228	0.0	0.0	0.0	0.015979291930955264	0.0	0.021441268795218134	0.0	0.02629892611554112	0.0	0.2063945007094846	0.0	0.023092562831029333	0.16288221627246835
ENSMUSG00000038379	0.0	0.0105308460951129	0.0	0.0	0.0	0.0	0.03212820469083252	0.10800042872989432	0.0	0.0	0.0	0.0	0.024456742318176142	0.0	0.0	0.020341139666443644	0.01628874602949881	0.013427183310698152	0.10240141549282986	0.0	0.027075120145385753	0.22141786973191246
ENSMUSG00000070380	-0.004583203376819169	0.0	-0.02397981429304796	0.0	-0.00938296456156331	0.0	-0.11376592780151386	0.0	0.0	0.0	0.0	0.0	0.0	0.0	-0.027796100658748043	0.0	-0.0024113726541992175	0.0	-0.16293058269079722	-0.032320119737930295	-0.009421105598235177	-0.08439784697828134
ENSMUSG00000044205	0.0	0.0	0.014413196466330004	0.0	0.0	0.0	-0.059914623392586616	0.0	0.0	0.013286784244136521	0.0	0.013559378499171104	0.016035293174424474	0.0	0.0	0.0	0.0	0.013853154052066939	-0.04269130642590489	-0.03217724245965622	0.018653694097401387	-0.08484587711982397
ENSMUSG00000041199	0.030007349099020142	0.013070694884397846	0.016515773741095374	0.0	0.03816293723376852	0.0	0.0	0.05615796914889937	0.0	0.0	0.008573866833315735	0.0	0.03136365435089112	0.0	0.0	0.0	0.010022032219272949	0.0	0.07162869412653432	0.0	0.0	0.08927388823936072
ENSMUSG00000020034	0.0	0.016518726935678633	0.0	0.0	0.02586028717334443	0.0	0.0	0.04215123277321742	-0.012740763347707015	0.0	0.015056069138876577	-0.02801607296002715	0.0	0.0	0.0	0.0	0.013044003934897476	0.0	-0.2241158962402412	0.0	-0.03284585707820387	0.18456321503360962
ENSMUSG00000091272	0.023379172220602748	0.0037677425000253173	0.0	0.0	0.0	0.0	0.12777853109873716	0.0	0.05978230138567748	0.0	0.0	0.0	0.03326493251755383	0.0	0.00557373681649728	0.0	0.016236553047976127	0.0	0.09964324244172519	0.0	0.08649866594557157	0.04707762672907851
ENSMUSG00000032383	0.028165394346351652	0.0	0.010284390477831367	0.0	0.0	0.0	0.11871325510480177	0.06650862448863223	0.020417324161175837	0.0	0.0	0.0	0.0	0.0	0.0	0.0	0.009955116152645091	0.010709539526365552	0.27195663524256614	0.0	0.04876515622142703	0.24716051352930155
ENSMUSG00000089647	0.0	0.12820734330936936	0.0	0.0	0.0	0.14076200719334372	0.0	-0.21598266869769014	0.0	0.0575937283988266	0.0	0.09019950470291857	0.0466433203022559	0.044613232172068945	0.0	0.0	0.0	0.0	-0.10253562444262085	0.2103998477317473	0.0	-0.29300635880069387
ENSMUSG00000023992	0.008762492124163915	0.0	0.03615019455539147	0.0	0.0	0.0	0.05957672161311217	0.0	0.038551492181560704	0.0	0.0	0.005825588462048947	0.03461186208704483	0.0	0.03696567353227496	0.0	0.04363754477260557	0.0	0.15736766699032115	0.0	0.017259645414340306	0.0
ENSMUSG00000030650	0.03723163593620105	0.011170342705324427	0.02592776293103807	0.0	0.0	0.0	0.0	0.0	0.03428806700951765	0.0	0.0	0.0	0.02214911806674386	0.0	0.01952585451005505	0.0	0.03785996804434887	0.0	0.11803443129247845	0.007999292031134642	0.009335777526487043	0.0
ENSMUSG00000100080	-0.2162107317067542	-0.15116235150232707	0.0	0.0	0.0	0.0	-0.2338052323679005	0.0	-0.107502894017518	0.0	0.0	0.0	-0.3153972746719919	0.0	0.0	0.0	-0.3378367826894272	-0.11044610057906051	-0.29999979978542496	0.0	-0.21271905822747122	-0.18705022982977973
ENSMUSG00000067714	0.03656740594622684	0.0	0.015263283285541109	0.0	0.0	0.0	0.1442239415501044	0.0	0.02054357270504317	0.0	0.0	0.0	0.041162438331969524	0.0	0.018387445013762837	0.0	0.02960524369310589	0.0	0.4634776411068449	0.0	0.07887071335257737	-0.05809312993344917
ENSMUSG00000049093	0.025703394361442766	0.0	0.0	0.0	0.0	0.0	-0.06615575975368486	0.0	0.0	0.010047061865084294	0.009580244673315653	0.020983585144488778	0.013955166265538969	0.0	0.0	0.0	0.0	0.009369210352107726	0.0	-0.03712640306971396	0.007312583295228103	-0.09926879676026887
ENSMUSG00000109161	0.0	0.0	0.0	0.0	0.0	0.0	-0.10845749307104578	-0.023115717763832425	0.0	0.0	0.0	0.0	-0.019989199091721418	0.0	-0.019953366788212572	0.08527817852983233	-0.04797697015183291	0.0	-0.305508765089812	-0.03573923911301293	-0.026219060931515745	-0.07033090007727834
ENSMUSG00000111266	0.014430729111378163	0.008033061067394827	0.0	0.0	0.0	0.0	0.07782729129221196	0.0	0.016289462121104877	0.011411239231563954	0.0	0.0	0.02527139934150098	0.003337342169166979	0.03190301360777984	0.0	0.03443992178537734	0.0	0.0	0.0	0.04218805374595522	0.0
ENSMUSG00000121738	0.0	0.0	0.08588004327211056	0.0	0.03218597050314804	0.0	0.06601007183727298	0.031151250197392146	0.0	0.0	0.0	0.0	0.0	0.0	0.026548649610005803	0.0	0.027464729216207014	0.0	-0.23297525759349175	-0.05746336309082257	-0.06641421227565575	-0.10046997050719104
ENSMUSG00000036172	0.022914512064167513	0.0	-0.006214714928792623	0.0	0.0	0.0	-0.061322147626703224	0.0	0.0	-0.00774253997281841	0.0	0.020233088813450262	0.0	0.0	-0.013849315378053501	0.0	0.0	0.0	-0.16148527802032403	-0.036920581902412174	-0.015162742781720855	-0.07795826311980537
ENSMUSG00000071424	-0.011762594845377871	0.0	-0.010656497909384749	0.0	0.0	0.0	-0.048207299462584334	-0.011524052818891318	-0.013763933293758865	0.0	0.0	0.0	0.0	0.0	0.0	-0.020621042999627106	0.0	0.0	-0.014193891652103652	-0.011182151331215218	-0.012411121673018869	-0.06379195876623565
ENSMUSG00000043144	0.045428641220555066	0.0	0.0	0.0	0.0	0.0	0.09697437620308566	-0.050887580632802264	0.036921040567072905	0.0	0.0	0.0	0.03698830264465546	0.0	0.0	-0.04427656796556733	0.05733533265929966	0.0	-0.30243435450379125	-0.025450493852720718	0.0	-0.05205171631934075
ENSMUSG00000104612	0.07323239076786199	0.0	0.011210545423586571	0.0	0.009593526074414912	0.0	0.0	0.0	0.0	0.00834350038713284	0.0	0.0	0.014758288686937833	0.0	0.03056892418954259	0.0	0.020923573426913932	0.0	0.01139800161798637	0.0	0.033707223045280565	-0.07976524838427206
ENSMUSG00000046082	0.015900948722090465	0.012575949214044244	0.018723097757712172	0.0	0.02794464946662276	0.0	0.0	0.0	0.019910033053247206	0.0	0.0	0.0	0.017171870086775953	0.0	0.0	0.0	0.0	0.0	0.030290894084449006	-0.04127509166632169	0.0391529102168036	-0.10785126376982045
ENSMUSG00000033063	0.0	0.026423056292145614	0.0	0.0	0.0	0.0	-0.07467405783677247	-0.05798569354098125	-0.006437252440104243	0.0	0.0	0.0	0.0	0.0	-0.002096754314883542	-0.03236511481681219	0.0	0.0	-0.09355052468660938	-0.014077026440364435	-0.01222075655758605	-0.04287079020698255
ENSMUSG00000090897	-0.0050974712792200855	0.0	-0.0028862402301803036	0.0	0.0	0.0	-0.06686606214602801	-0.007353942582162523	-0.004722038601579072	0.0	0.0	0.04513396025180862	0.0	0.0	-0.015216131457232192	0.0	0.0	0.0	-0.09317058177682887	-0.024318420130653884	0.0	-0.0783973740613975
ENSMUSG00000120248	0.0	0.013853209726477744	0.0	0.0	0.0	0.0	-0.046658107485594756	0.14934328227011504	0.0	0.0	0.0	-0.03721687172131213	0.022144681561843974	0.0	0.0	0.0	0.02379707268476485	0.01576338922048287	0.02845795156692089	-0.14755366064702097	0.0	0.33417608929175174
ENSMUSG00000020160	0.012129708408111827	0.014763880226351181	0.0	0.0	0.0	0.0	0.03397916830736577	0.0	0.013542491574426926	0.015476569700394372	0.0	0.010066539391000592	0.013260319544817318	0.0	0.010906544766659844	0.0	0.0	0.0	-0.14689853636335945	0.0	0.02349655243262694	0.0
ENSMUSG00000022388	0.026506408254307938	0.010042382984966626	0.016946587792334777	0.0	0.0	0.0	0.03580652401247289	0.0	0.023533229257168418	0.0048329174221049265	0.0	0.0	0.013938320843203442	0.0	0.006811204321670275	0.0	0.02473856464736764	0.0	0.03286790104126122	0.0	0.0	0.0
ENSMUSG00000029279	0.022891700934556652	0.019183922293820297	0.0164091861326678	0.0	0.0	0.0	0.04022975762122111	-0.051151639234297795	0.0	0.025388247737875298	0.0	0.0	0.02091342563376621	0.0	0.0	-0.03049843066795345	0.025870395130259058	0.0	-0.06007589941711681	0.0	0.0	0.0
ENSMUSG00000100738	0.0	0.0	0.017535260607983476	0.0	0.0	0.0	-0.054334675554228745	0.0	0.012190477693553414	0.01856410921600715	0.0	0.01303913976515694	0.023657146084527254	0.0	0.0	0.0	0.05141129930868299	0.0	0.03858198213255281	-0.051522177538062555	0.0	-0.11350161453693193
ENSMUSG00000042333	0.0	0.0	0.02260206393519955	0.0	0.0	0.0	0.03549804185500643	-0.021729928425930342	0.0	0.0	0.0	0.0	0.0336934812769386	0.0	0.02744104205665609	-0.026613073630538716	0.0641749187735792	0.0	-0.14785247116286454	-0.04323127433168328	0.0	-0.0395097834911998
ENSMUSG00000053654	0.047117304866421766	0.0	0.03117417464357903	0.0	0.0	0.0	0.15855551135693538	0.0	0.027302279159993503	0.0	0.0	0.03839970891493435	0.029679626719327393	0.0	0.02696556948575267	0.0	0.046305868190485495	0.0	0.1947439046390932	0.0	0.08417634976242937	0.0
ENSMUSG00000070719	0.027261481368234232	0.0	0.03258933980053961	0.0	0.0	0.0	0.024607003088169845	0.0	0.02000529400205557	0.015088467313697574	0.0	0.033519228375215614	0.014243012773250588	0.0	0.0	0.0	0.03480275119471694	0.0	0.0	-0.05034243546521336	0.0	-0.09104089594834384
ENSMUSG00000104898	-0.028045341704658316	0.0	-0.03232511378182414	0.0	0.0	0.0	-0.06501104710501188	0.0	0.0	0.0	0.0	0.0	-0.024906550544455574	0.0	-0.021296119348725787	0.0	-0.04014023050013893	0.0	-0.3179682196327345	-0.030008931209038185	-0.013517895159556592	-0.06920482629583898
ENSMUSG00000028069	0.04608658725657797	0.0	0.0	0.0	0.0	0.0	0.07123402617147274	0.06686449773709531	0.03845994206902101	0.0	0.0	0.0	0.033187627007780676	0.0	0.02688051577639947	0.0	0.02295305637228362	0.0	0.3331899002402384	0.0	0.03893550873987975	0.2031397261699916
ENSMUSG00000054488	0.04626338648786996	0.0	0.023602808836625938	0.0	0.0	0.0	-0.06468150700849992	0.0	0.01947759711817033	0.026775563688610022	0.0	0.0	0.0	0.0	0.018005177357347746	0.0	0.06099673584334574	0.0	-0.07488330202373022	-0.0434544236236245	0.0	-0.05608212580707019
ENSMUSG00000020598	0.008821702762634385	0.009370012896371927	0.0	0.0	0.0	0.0	0.0	0.0	0.0	0.006546145441313898	0.007657385516321064	-0.027598246030610802	0.0	0.0	0.0	-0.021588995510224557	0.007393107888946399	0.006959720875544832	-0.15804385858479836	0.0	-0.012402085040655392	0.0
ENSMUSG00000047045	-0.036763363821649374	0.0	-0.005759136558561195	-0.007975252634015067	0.06846240159943592	0.0	0.0	0.061486443554964555	-0.039678193250831974	0.0	0.0	0.0	-0.025789938016997502	0.0	0.0	0.0	0.0	0.0	-0.23751891444888018	-0.021076992085628177	-0.045866018788749796	0.0
ENSMUSG00000085318	0.05345467498078517	0.0	0.038595349426559705	0.0	0.0	0.0	0.05862718671553567	-0.03913799457028567	0.045803293410751	0.0	0.0	0.0	0.0	0.0	0.0	-0.0397799188070084	0.04295497016108685	0.0	-0.093702803176611	-0.03514582825431218	0.0	-0.0867577378299219
ENSMUSG00000079467	0.0384755646153469	0.0	0.0	0.0	0.0	0.0	0.06983117130852032	0.059969530940381585	0.03360733716834706	0.0	0.0	0.0	0.0	0.0	0.007029117546899554	0.0	0.01347739931964953	0.0	0.4924528245958402	-0.10704072797012489	0.03986314211067494	0.3633537015692984
ENSMUSG00000087458	0.052611881989143475	0.0	0.03641767529927518	0.0	0.0	0.0	0.017679749176898275	0.0	0.07049730659392811	0.0	0.0	-0.02765915276255576	0.0	0.0	0.0	0.0	0.032820721210156174	0.014580990926894025	-0.043850625141618485	-0.023568171023176293	0.0	0.11594719104321922
ENSMUSG00000052713	0.02403572749105168	0.0	0.01615974898146689	0.0	0.0	0.0	0.04160146836995189	-0.04991506765458002	0.0	0.0	0.0	0.022285393082100764	0.0	0.0	0.01572984097212557	-0.03354469905963679	0.01973535621313593	0.0	-0.11525988829928041	0.0	0.0	-0.023995601728415895
ENSMUSG00000097589	-0.05210299547812404	0.0	0.016757450735664516	0.0	0.030651550095928213	0.0	0.1596460815531308	0.10154923479448151	-0.056828752749304656	0.0	0.0	0.0	0.0	0.0	0.0	0.0	0.02990513193447496	0.0	0.32311050097726657	0.0	0.07487856485365736	0.11978691639393893
ENSMUSG00000028955	0.029588892375261126	0.006470548962634045	0.010566144979709436	0.0	0.0	0.0	0.0	0.05136520827133262	0.0	0.0	0.0	-0.04397135767669613	0.0	0.0	0.0	0.0	0.014427502149955225	0.009742336436200656	0.24747103856242936	0.0	0.025081459576753905	0.24961022576152836
ENSMUSG00000055301	0.0	0.0	0.014445715657602179	0.0	0.0	0.0	0.016954218328524118	0.0	0.011402092078346143	0.0	0.0	0.024682327290913558	0.017487995582392047	0.0	0.021615746500358527	0.0	0.03201352885652251	0.010562283051384125	0.10293097138398459	0.0	0.015764024079038652	0.0
ENSMUSG00000097368	0.030945232600037075	0.025656396792023885	0.027259041771570514	0.0	0.0	0.0	0.0	0.0	0.02436592116034535	0.01840091761640536	0.0	0.0	0.026609028319157093	0.0	0.01851892639523056	0.0	0.04445816358918413	0.0	0.33543552412843797	0.0	0.029097687267195162	0.0
ENSMUSG00000034023	0.03409886799853387	0.0	0.014057135237190408	0.0	0.0	0.0	0.0	0.04687472374114615	0.023757297146035132	0.0	0.0	0.0	0.02231730926365952	0.0	0.03482295161111688	0.0	0.014382880447950885	0.0	0.20271432001996606	0.0	0.01866024845717846	0.17189053820429753
ENSMUSG00000085704	0.0494559839157903	0.0	0.0	0.0	-0.03280968524032887	0.0	-0.018926549671099746	0.021259647718281875	0.0	0.0	0.0	-0.03293594419481012	-0.05985365166382743	0.0	-0.10142995049280513	0.0	0.0	0.0	0.4947074692759649	0.0	0.0854587034001217	0.19023763044270234
ENSMUSG00000085338	0.03698844591183687	0.0	0.02205972747429497	0.0	0.0	0.0	0.09017737546112559	-0.05105016053585274	0.05118938184805668	0.0	0.0	0.0	0.014985564482058502	0.0	0.015864944742648882	0.0	0.030047203823410376	0.0	0.0	0.0	0.06266908910230211	-0.03673850130509035
ENSMUSG00000092310	0.03090503899891068	0.0067498685406455206	0.010465909023850641	0.0	0.0	0.0	0.15541529274259955	0.0	0.02928503831845587	0.0	0.0	0.0	0.0235591011673255	0.0	0.009414517842654483	0.0	0.01863957768160034	0.0	0.6171204389533463	0.0	0.18374400348704958	0.0
ENSMUSG00000117406	0.041197315888090426	0.0	0.007278767331710956	0.0	0.0	0.0	0.20636052209746375	0.0	0.03431467758707949	0.0	0.0	0.0	0.04846389584850953	0.0	0.019342288391523327	0.0	0.013175210068466541	0.0	0.8310505791490838	0.0	0.23565741607860655	0.05686198775950782
ENSMUSG00000111853	0.03465109366389561	0.0	0.03606051776991831	0.0	0.0	0.0	0.044714034272944334	-0.046856229674326906	0.024321712731759274	0.0	0.0	0.0	0.02272119694270138	0.0	0.0	-0.040131877386880156	0.055024464623509864	0.0	-0.1626212526298272	-0.021090391993687542	0.0	0.0
ENSMUSG00000114621	-0.07475296133107871	0.0	0.0	0.0	0.06835510146457296	0.0	0.04970499170283102	0.0	-0.040551849452195976	0.0	0.0	0.0413163773778782	-0.06815283612789867	0.0	0.0	0.0	0.023094572220856386	0.0	0.31238482909673215	0.0	0.08496418157967316	0.03939872749412658
ENSMUSG00000111825	0.03621433417944926	0.011570938587964735	0.04185501727318613	0.0	0.0	0.0	0.0	0.0	0.0	0.010479710931464166	0.0	0.0	0.0	0.0	0.01867137988841997	0.0	0.04393151858075206	0.015343756438646362	0.0	-0.04788201305712703	0.022681930713849566	-0.09784817567186331
ENSMUSG00000091620	0.0	0.0	-0.009053321408131431	0.0	0.0	0.0	-0.08570166519013647	-0.012770372817764788	-0.005993296299068026	0.0	0.0	0.0	0.0	0.0	-0.03529017313260043	-0.004352860383711644	0.0	0.0	-0.05127133742917804	-0.03664379798739561	-0.0025352924563582513	-0.11576835639312276
ENSMUSG00000108997	-0.01590958782053992	0.036803834755841223	0.0	0.0	-0.012991147377896584	0.0	-0.03407991070586244	0.0	0.03587160936997588	0.0	0.0	0.0	0.0	0.0	0.0	0.0	0.044569948732793165	0.0	-0.14938811352301962	-0.03082137524098838	-0.028607702043971183	-0.07919636942079238
ENSMUSG00000038387	0.0	0.015482084627846927	0.03232730333851629	0.0	0.017693303722456727	0.0	0.129101133906132	0.0	0.03250581759540796	0.0	0.006163687690045605	0.0	0.0	0.0	0.0	0.0	0.034963323737620434	0.0	0.05278520795952434	0.0	0.05088443239806534	0.10945406123310901
ENSMUSG00000085238	0.0	0.0	0.02176673011296484	0.0	0.0	0.0	0.0	0.0	0.0	0.0	0.0	0.025372761209159964	0.02831279342970639	0.0	0.014164102955605858	0.0	0.014761266307317404	0.010590688415826884	0.0767314124529862	-0.03591816195212158	0.02746443178255968	-0.09290858166322094
ENSMUSG00000105590	0.06367490314205326	0.0	0.0	0.0	0.0	0.0	0.2222343284240469	0.0	0.012177066487010632	0.0	0.0	0.0	0.07056773239202738	0.0	0.07919139196126539	0.008140619084117673	0.04668568570211306	0.0	0.42706514921531696	0.0	0.08304324368165386	-0.08680055530658547
ENSMUSG00000078686	0.0490606379067539	0.013320891273365486	0.054484792121704505	0.0	0.0	0.0	-0.06995320977908558	0.0	0.06663303353939456	0.011664196427093486	0.0	0.0	0.010141966954139398	0.0	0.0	0.0	0.02807240492511175	0.008303047549316142	0.0	0.0	0.0	-0.07600260932227783
ENSMUSG00000117199	0.029892925776291584	0.0	0.01359449868324767	0.0	0.0	0.0	-0.0348082425258644	0.0	0.02783067284473948	0.0	0.009636273294677058	0.0	0.017705224406538825	0.0	0.013020272362966339	0.0	0.06121371524157152	0.0	0.012365014232332733	0.0	0.0	-0.07112919817529635
ENSMUSG00000030890	0.048700125666990696	0.0	0.010105020597039438	0.0	0.0	0.0	0.04267700870338905	0.07193091214276515	0.04239481636434502	0.0	0.0	0.0	0.0	0.0	0.0	0.01103598469763585	0.016552285635775155	0.0	0.5495028075029886	0.0	0.09358870926761113	0.20376843448386792
ENSMUSG00000120204	0.038681212786738174	0.0	0.011881857543392105	0.0	0.0	0.0	0.23499951247325088	0.019464451785711937	0.03910471660152039	0.0	0.0	0.0	0.03481357391640138	0.0	0.0	0.0	0.020705824854766134	0.0	0.9576545198663965	0.0	0.15753021077025145	0.09039446095232158
ENSMUSG00000049184	0.029992575905163542	0.014144098245086353	0.0	0.0	0.0	0.0	-0.047760476381002864	0.04616446373648746	0.0	0.0	0.0	-0.0449498890010919	0.0	0.0	0.014364516118567594	0.0	0.017468510001027927	0.0	0.13502909790724088	0.0	0.015312989846267642	0.1584113576865078
ENSMUSG00000024308	0.04864257571958832	0.0	0.009544849091913587	0.0	0.0	0.0	0.19461592698772873	0.0	0.02981930247558842	0.0	0.0	0.0	0.0	0.0	0.009300783997555295	0.0	0.015298971359819648	0.0	0.29855717407070975	0.01436844348728849	0.15294219202407552	0.10783693639669392
ENSMUSG00000115654	0.019312827988630762	0.0188884034147826	0.0	0.0	-0.014656862599072059	0.0	-0.058331629159512136	0.0	0.0	0.0	0.0	0.017028300946939023	0.021338883622742996	0.0	0.0	0.0	0.029257035332916872	0.0	-0.1927308850712877	-0.0524111085473465	0.0	-0.1292888769834817
ENSMUSG00000050756	0.06461584822479516	0.011766781401580825	0.0412645848458889	0.0	0.0	0.0	0.0	0.0	0.046185034342425844	0.0	0.0	0.020412091946137207	0.012079567489369641	0.0	0.0	0.0	0.04626681991165842	0.0	0.056412882357980754	-0.04662978710022205	0.0	-0.11029367764628056
ENSMUSG00000035173	0.03798577196697287	0.0	0.026181447870361363	0.0	0.0	0.0	0.04264790736357416	0.05750147666381506	0.02483493464296374	0.0	0.0	0.0	0.03521389228291559	0.0	0.0	0.0	0.025268823946848897	0.0	0.1262249407802829	0.0	0.025074692172207952	0.19740454759936382
ENSMUSG00000087625	0.0	0.0	0.01722191553215152	0.0	0.0	0.0	-0.06424603850084658	0.0	0.0	0.02219857352391463	0.0	0.02582780954157287	0.0	0.0	0.0	-0.012630649080953193	0.023261595153417546	0.0	-0.28274438360089144	-0.025922166582498168	-0.025989988396421203	-0.05801186616168143
ENSMUSG00000100384	-0.29894215271299596	0.0	-0.16840286640638727	0.0	0.0	0.0	-0.26088995467182613	0.0	-0.24120036377595686	0.0	0.0	0.0	-0.23783835793298946	0.0	0.0	0.0	-0.34237877273799494	-0.14211848086523426	-0.9803091716276398	0.0	-0.39606661922816977	-0.2645486148630406
ENSMUSG00000038637	0.030723189541610445	0.0	0.013551446634036733	0.0	0.011469975857476056	0.0	0.060488692524316594	0.05465911058049997	0.030691687226750593	0.0	0.0	0.0	0.0	0.0	0.01714523641665736	0.0	0.020457340431876792	0.013005176752460233	0.0	0.0	0.0	0.21121921712002345
ENSMUSG00000097028	-0.009106499183774423	0.0	-0.00675232510072332	0.0	0.0	0.0	-0.09931988246301982	-0.019146585845409337	-0.008943399752784712	0.0	0.013948324197150502	0.0	0.0	0.0	0.0	-0.010350065988446594	0.01969602541787743	0.0	-0.0720625383082016	0.0	-0.005117654191922034	0.0
ENSMUSG00000025323	0.0	0.009165571908797345	0.0	0.0	0.0	0.0	-0.056466579944649424	0.10491644307852452	0.0	0.0	0.011982479057516504	0.0	0.0	0.0	-0.02248341315692228	0.008380632107861996	0.014501233733524176	0.010734594742104036	0.0	-0.05472934771428723	0.0	0.295289515177627
ENSMUSG00000085631	0.01963461628256866	0.0	0.010644135559478773	0.0	0.0	0.0	0.0	0.0	0.017062303961136904	0.009241765297368641	0.008620254078264148	0.024429882290492397	0.018067366224328134	0.0	0.0	0.0	0.02313893224492317	0.0	0.0	-0.037393515896694755	0.0	-0.0948578608042909
ENSMUSG00000023025	0.026447082001741652	0.0	0.0	0.0	0.0	0.0	0.1578639708080686	0.0	0.022311065089926547	0.0	0.0	0.00914134683083227	0.031773984485909214	0.0	0.0213908527890179	0.0	0.025581646830252845	0.004165649795289217	0.4891723050273725	0.0	0.0958975383714658	0.0
ENSMUSG00000113950	0.04449549159851234	0.0	0.026855394298252858	0.0	0.0	0.0	0.0	0.0	0.020393591559102718	0.0	0.0	0.0	0.0	0.012987165827771145	0.02771045529149798	0.0377518910080791	0.05131261915424829	0.0	-0.09507003986424951	-0.04875026377689835	0.0	-0.0997866690690571
ENSMUSG00000109317	-0.024494467068179124	0.0	0.03400096229526634	0.0	0.0	0.0	0.0	0.0	-0.0449990440596088	0.0	0.0	0.019717610499213133	0.0	0.0	0.008359315031060043	0.0	0.055717952073896425	0.008329794958665716	0.010068811630481964	0.0	0.015605697877317293	-0.0745754014919929
ENSMUSG00000106594	0.04472682211823806	0.0	0.04040157447774519	0.0	0.0	0.0	-0.0655988271860993	0.0	0.039218024330678454	0.0	0.0	0.017752303083526516	0.024966839628623384	0.0	0.0	0.0	0.060685505716034455	0.0	-0.0641884735525888	0.0	0.022201776778253062	-0.09042807018096
ENSMUSG00000086053	0.042074279021034895	0.0	0.013140422883690998	0.0	0.0	0.0	0.0	0.0	0.04302098812599927	0.0	0.014376946532889484	0.0	0.0	0.0	0.03653139449114419	0.0	0.03934722557785631	0.0	-0.12187976924666087	-0.04672694467682727	-0.020898879223453026	-0.10740063114474721
ENSMUSG00000071632	0.01654634180244341	0.0	0.0	0.0	0.0	0.0	0.07362500475918396	0.03543466798992212	0.0	0.0	0.0	0.0	0.02822555926359633	0.0	-0.069930334034946	0.0	0.018066952351947618	0.0	0.336877581077811	-0.06452652242810843	0.05479424443178121	0.1873429639480504
ENSMUSG00000110421	0.041219549833876906	0.0	0.040199785259741924	0.0	0.0	0.0	-0.0380797063847143	0.0	0.029639426066668834	0.0	0.0	0.031269018549630836	0.0	0.0	0.024040367773778576	0.0	0.056832549578629356	0.0	-0.17747296430799003	-0.04303970903433254	0.0	-0.1275512233602991
ENSMUSG00000094181	-0.34313828062779417	-0.18325853250293206	0.0	0.0	0.0	0.0	-0.285939235469727	0.0	-0.23252323073763123	0.0	0.0	0.0	-0.19958190324134745	0.0	0.0	0.0	-0.3216238548503944	-0.15050499956207775	-0.9927770655901688	0.0	-0.38441032462893016	-0.2389379276112328
ENSMUSG00000027244	0.04260599913649527	0.0	0.016610178132965503	0.0	0.0	0.0	0.07985850932336257	0.11120989998687826	0.026109237520717633	0.0	0.0	0.0	0.02877954236161378	0.0	0.02848379476574569	0.0	0.0	0.0	0.34504808675123116	0.0	0.03590544221382146	0.355478779356271
ENSMUSG00000029360	0.0	0.004955077648835071	0.018609768330462254	0.0	0.0	0.0	0.005637247818610071	0.0	0.03556699922523775	0.0074859300099721264	0.0	0.018474570912859443	0.026172733691077314	0.0	0.029960329093973625	0.0	0.05716263486441783	0.0	0.06763561268990886	0.0	0.0	0.0
ENSMUSG00000101480	-0.02900291979401584	0.0	0.0	-0.0019461525024605355	0.0	0.0	-0.07766543324556835	-0.025371656178564992	0.0	0.0	0.0	0.0	-0.00159812008776554	0.0	-0.0017279910632430617	-0.011507651936541474	0.0	0.0	-0.05182281496579862	-0.03414111574036686	0.0	-0.08495777087048638
ENSMUSG00000056509	0.034666528531660946	0.022784083988831003	0.022242159720747348	0.0	-0.03311675834990975	0.0	-0.03535149955811307	0.0	0.0	0.026937926248455417	0.0	0.0	0.0	0.0	0.0	0.0	0.03384377636242324	0.0	0.0	-0.034947149249333787	0.022798672162324937	-0.08327056830545854
ENSMUSG00000022512	-0.007128931368389435	0.0	0.0	0.0	0.0	0.0	-0.05763464789944816	-0.05298298802098891	-0.011317239104784394	0.0	0.0	0.0	0.0	0.0	0.0	-0.0257467426104375	-0.013106152747705348	0.0	-0.3218445011483478	-0.023076940237003487	-0.04333010205386969	-0.09029817868109594
ENSMUSG00000058709	0.0316626624839832	0.0	0.0	0.0	0.0	0.0	0.23498312168157917	0.02565868665518111	0.023281013979324652	0.0	0.0	0.0	0.030863478703707738	0.0	0.011116309887767321	0.0	0.0	0.011929410331288137	0.6902789740984046	0.0	0.1311324326723609	0.24442812526369642
ENSMUSG00000113140	-0.07497113280360798	0.0	0.0	0.0	-0.025713857211169103	0.0	0.040084675901702414	0.0	0.032788159517141306	0.0	0.0	0.0	0.042726055736640435	0.0	-0.02792407733532276	0.0	0.032967326816384646	0.0	0.0	-0.04517031550224391	0.03542474570282529	-0.0949441404466221
ENSMUSG00000027011	0.0	0.0	0.0	0.0	0.0	0.0	0.028289904385503963	0.06992171483372195	0.0	0.005712440401836553	0.003030373081977733	0.0	0.010455217419281123	0.0	0.0	0.0	0.004914683199436592	0.006421690751181743	0.048219988914523546	0.0	0.0032200747131779566	0.1824582967997857
ENSMUSG00000080917	0.0	0.0	0.0	0.0	0.0	0.045741367627290995	0.2302869751507691	-0.19665691044134098	0.0	0.0	0.0	0.08008909310299894	0.04219703761227314	0.03935589132277845	0.0876653516842046	0.0	0.0	0.0	-0.08083269738804946	0.1529689091536075	0.0	-0.16490959883542744
ENSMUSG00000022991	0.06583419038769729	0.0	0.07227418378145302	0.0	0.0	0.0	-0.02883973955904999	0.0	0.0	0.0	0.023270039342873115	0.0	0.0	0.0	0.0	0.0	0.060850558329612885	0.018708380647684937	-0.23803802740811605	-0.03235211920511096	0.015974205186305684	-0.054930692440392524
ENSMUSG00000053080	0.03155583909388071	0.0	0.0	0.0	0.0	0.0	0.2023499410050106	0.050616889582066116	0.022220827886765396	0.0	0.0	0.0	0.04056248551699357	0.0	0.015224092253666685	0.0	0.0	0.0	0.49253716527350516	0.01138429765774629	0.14160777550634698	0.2558106971931038
ENSMUSG00000029123	0.025843036452611382	0.0	0.022198672147340573	0.0	0.0	0.0	0.0	-0.05126241994007037	0.027408562842081978	0.02060127940821946	0.0	0.0	0.0	0.0	0.0	-0.03541015536775297	0.02992968199938814	0.0	-0.22492714332568509	-0.02288559613536154	-0.02220531170420025	0.0
ENSMUSG00000060416	0.05763142452300369	0.0	0.040972794310377314	0.0	0.0	0.0	-0.037958711476320905	0.0	0.020557881508818994	0.025580920470885702	0.0	0.0	0.02840939027668061	0.0	0.0	0.0	0.065081454694187	0.0	-0.12921977248667907	-0.03517034230770437	0.0	-0.0666032330174207
ENSMUSG00000005131	0.0187381302964634	0.018877500923196087	0.0	0.0	0.0	0.0	0.13242234446866144	0.0	0.0	0.0	0.0	0.0	0.03498359404870185	0.0	0.02333180601821402	0.0	0.014611398179087631	0.0	0.21873311179998578	-0.11516732080926648	0.04622980591312257	0.16088960124008048
ENSMUSG00000086881	0.016515700624727337	0.0	0.0	0.0	0.0	0.0	0.18552758241226505	0.0	0.01092196915049987	0.0	0.0	-0.048814045608748136	0.066148478567034	0.0	0.028567239218193062	0.0	0.02252469539187104	0.0	0.37094643528777815	0.0	0.1646609489191902	0.03580930284749175
ENSMUSG00000025090	0.0	0.0	0.02470186211649075	0.0	0.0	0.0	-0.050464275495370504	-0.04888114181808879	0.019297107215864806	0.0	0.0	0.026136823698721254	0.0	0.0	0.0	-0.022253036523925046	0.0	0.0	-0.08982385003965987	-0.01578120218250324	-0.013926747261869826	-0.039746036228825006
ENSMUSG00000021771	0.0	0.14959405499522369	0.0	0.0	0.0	0.14247321060014548	0.1688674190329527	-0.2369246661567102	0.0	0.07204721885374743	0.0	0.09713798972084839	0.0	0.0	0.07133307641473444	0.0	0.0	0.0	0.5208515747616311	0.14193043003614916	0.0	-0.30588605229451965
ENSMUSG00000103851	-0.08469751519153561	0.0	-0.05721877116522401	0.0	0.05507670786080008	0.0	-0.08788021322510665	-0.013475028865933452	-0.04314595323552259	0.0	0.0	0.0	0.0	0.0	0.0	0.0	0.0	0.0	-0.009338344082369379	-0.027019927386650867	0.03389444136416875	-0.07681810785325104
ENSMUSG00000020044	0.027078564806784028	0.010822051423434717	0.021445730870595307	0.0	0.0	0.0	0.0	0.0	0.01627002315194988	0.0	0.0	0.0	0.0	0.0	0.005753448819474816	0.0	0.024777225550384818	0.006930998432939278	-0.05474409753996759	0.0	0.020033663713148114	0.013797133416920465
ENSMUSG00000038210	0.02564633813571064	0.0	0.04181494874151329	0.0	0.0	0.0	0.06641835330898327	-0.04982419394797599	0.02608590036833832	0.0	0.0	0.0	0.025362580370015708	0.0	0.025374024277815252	0.0	0.03511385313614184	0.0	0.0	0.0	0.06182834347801304	-0.10709447503042095
ENSMUSG00000045027	0.049966228609498314	0.0	0.03672229983036385	0.0	0.0	0.0	0.09613503305445016	0.0	0.02492027744306167	0.0	0.0	0.017724723608215504	0.02254871794893998	0.0	0.01573150394516691	0.0	0.047560111306293645	0.0	-0.09347774903398505	-0.05341157495762608	0.0	0.0
ENSMUSG00000059316	0.036926726164134754	0.01738232292089237	0.027438216514247677	0.0	0.0	0.0	0.0	0.0	0.042212183434792105	0.0	0.014474249190564885	0.0	0.0	0.0	0.013853569109202157	0.0	0.03475603177369195	0.0	0.08589263077408532	0.0	0.01635364268910135	0.10102498676682674
ENSMUSG00000112803	0.043993277377977064	0.0	0.0	0.0	-0.013160899766339886	0.0	-0.0863702549373078	-0.051055155262965696	0.0	0.0	0.0	0.0	0.0	0.0	0.0	-0.03206939803350523	0.034051869548160085	0.0	-0.08029240690336352	-0.018633326947822947	-0.020790638861083715	-0.06702562614081163
ENSMUSG00000116619	-0.06478104163556536	0.0	-0.05345595983289867	0.0	0.0	0.0	-0.10938561325462802	-0.0409047736008561	-0.04449467764417336	0.0	0.0	0.0	0.0	0.0	-0.050650387981904625	0.0	-0.037345870883962316	0.0	-0.21023558257356667	-0.030886683327074005	0.0	-0.10228183489601698
ENSMUSG00000049470	0.013419098221566585	0.0	0.0	0.0	0.0	0.0	0.10144140109993938	0.059688435797382325	0.012967422302873724	0.0	0.0	0.0	0.04108615938224884	0.0	0.005928263829344749	0.0	0.0	0.010130738656346644	0.31734417628503353	0.0	0.049753996796255306	0.3131324452727465
ENSMUSG00000029705	0.03798381370707538	0.0	0.018317289864870245	0.0	0.0	0.0	0.05428468645160176	0.08720196880810344	0.027663492205833664	0.0	0.0	0.0	0.03026432009854269	0.0	0.024197558844115827	0.0	0.02570384498424749	0.0	0.04751206852824889	0.0	0.0	0.2439508993268793
ENSMUSG00000102569	-0.03321021706358313	0.0	0.0	0.0	0.0	0.0	-0.041266935381299365	-0.014252744687194242	-0.011237045089905154	-0.00598692485255938	0.0	0.025046403146303686	0.0	0.0	0.027415267142040445	0.0	-0.024497157232176565	0.0	0.0	-0.032794905183439776	0.0	-0.07670017385604824
ENSMUSG00000003721	0.020301157811369937	0.0	0.02011381586628964	0.0	0.0	0.0	0.15159629148929832	0.0	0.01867438143316262	0.0	0.0	0.0	0.01335747165957288	0.0	0.019299754047028498	0.0	0.027799132440220035	0.0	0.0	-0.04961803037330751	0.011221313900391633	-0.10888273593216469
ENSMUSG00000112919	0.0	0.0	0.0	0.0	0.09717845691082568	0.0	-0.25915908005159527	0.0	-0.027878382408184216	-0.012813687317874868	0.0	0.03379150892872829	0.0	0.0	-0.016260832988326167	0.0	0.0	0.0	-0.38445089332211135	-0.032803547771778	-0.05300063221670062	-0.12852420099803033
ENSMUSG00000034006	0.033995905620680646	0.0	0.02232400561328145	0.0	0.0	0.0	0.16124986477520917	0.0	0.02545769527959653	0.0	0.0	0.009390764588102729	0.019893722911714033	0.0	0.026792517254295534	0.0	0.03907268753092071	0.0	0.07475901574142699	0.0	0.03434945317294632	0.0
ENSMUSG00000098302	0.01649330804146992	0.0	0.0	0.010455225262510172	0.0	0.0	0.08272705816274815	0.11258018651314809	0.0	0.0	0.0	0.0	0.02322338169433755	0.0	0.018434951105652773	0.009351412719376673	0.0	0.0	0.1438768609970923	0.0	0.01842097404475614	0.33705810439714035
ENSMUSG00000020228	0.03039826416038781	0.0	0.0	0.0	0.0	0.0	0.08984469237500595	0.0	0.022484516147046704	0.0	0.009637095325075284	0.0	0.028372881075179743	0.0	0.022999639570811112	0.0	0.012061056604400334	0.0	0.1786278745467019	0.0	0.04755797159650209	0.08299721942377875
ENSMUSG00000105356	0.05890127251228052	0.0	0.031170514981523584	0.0	0.018051031316716093	0.0	-0.06326487714264577	0.0	0.0	0.0	0.0	0.036152953024820605	0.042807698686862974	0.0	0.050884118162320996	0.0	0.0	0.0	-0.24022903049647512	-0.045994016887860825	0.0	-0.09418252511190442
ENSMUSG00000020629	0.03581176457168688	0.010345173485156928	0.010204879766236635	0.0	0.0	0.0	0.04437356548939937	0.020465459542848223	0.011619996937136117	0.0	0.0	0.0	0.0	0.0	0.0	0.0	0.0	0.010063960396025529	0.44138219294232306	-0.1268803501336954	0.0	0.11142806201417371
ENSMUSG00000022427	0.02903125311673705	0.0	0.0	0.0	0.0	0.0	0.1870764648075493	0.026843365385111312	0.032135596203533665	0.0	0.0	0.0	0.046711544328874845	0.0	0.011645634015955642	0.0	0.0	0.0	0.3260504713031201	0.018450547793758865	0.16667674413231104	0.3055153366747358
ENSMUSG00000045350	0.039430434638002214	0.0	0.02790674515937201	0.0	0.0	0.0	0.0165658719277418	0.0	0.032624704296589	0.0	0.0	0.0070192405890284245	0.023827723582165082	0.0034575262463638345	0.018182053475898814	0.0	0.04011376787748805	0.0	0.0	0.0	0.018724555071043616	0.0
ENSMUSG00000034813	0.024848905085999767	0.0	0.017330635452468265	0.0	0.0	0.0	0.0	0.03547326353516649	0.017028735316038282	0.0	0.0	0.0	0.01713690181952608	0.0	0.01426715022324845	0.0	0.020235977375460044	0.010162086267615819	-0.07809454447405277	0.0	0.0	0.0404574873651239
ENSMUSG00000106756	0.032437457230079854	0.0	0.032827162899866716	0.0	0.0	0.0	-0.06349644845006966	0.0	0.03224909206259364	0.0	0.0	0.0	0.02145535284505291	0.0	0.0	0.0	0.0353032300411066	0.015887645050902496	-0.08220509635108145	-0.036509710128049995	0.0	-0.07333295456006642
ENSMUSG00000021814	0.03915459639568665	0.0	0.016618451753110386	0.0	0.0	0.0	0.045405157997086144	0.0	0.02115145444968883	0.0	0.0	0.0	0.02761049376989821	0.0	0.019019145986208293	0.0	0.016921008109346575	0.0	0.24970701147259117	0.0	0.03754978760695474	0.13597564215226932
ENSMUSG00000052921	0.02761879591022563	0.0	0.014780263011219588	0.0	0.0	0.0	0.13231863372814032	0.0	0.018433541496722092	0.005286819399192233	0.0	0.0	0.01896195578336026	0.0	0.01175872245156325	0.0	0.02368586568780375	0.0	0.06986975571080496	0.0	0.051807270071852596	0.0
ENSMUSG00000100645	-0.3386836868185753	-0.15460059021433636	0.0	0.0	0.0	0.0	-0.2754507002798687	0.0	-0.2266953662914447	0.0	0.0	0.0	-0.2657306060314303	0.0	-0.14989014552973132	0.0	-0.3086741447714685	0.0	-0.9844728713372354	0.0	-0.3830683625479167	-0.24542888100022833
ENSMUSG00000074895	0.04885970756449692	0.02950593857519359	0.0	0.0	0.01653859744017066	0.0	0.011331630641161272	0.0	0.01577346669763388	0.019198524882802184	0.0128707567199189	0.0	0.0	0.0	0.0	0.0	0.02877552177681655	0.0	0.06696347556254245	0.0	0.0	0.017040044125393
ENSMUSG00000041372	0.04048631364779216	0.0	0.0	0.0	0.0	0.0	0.10859627389503312	0.053704090577447	0.033078990849587854	0.0	0.0	0.0	0.04679026949465128	0.0	0.027713344297297594	0.0	0.017304948028005973	0.0	0.30003293290989747	0.0	0.06483286347330762	0.23534569414991663
ENSMUSG00000023452	0.04700138292359182	0.0	0.0	0.0	0.0	0.0	0.10075826937127996	0.05886517718034607	0.03814744348793027	0.0	0.0	0.0	0.0461142148746734	0.0	0.031872650676974146	0.0	0.025625623390187147	0.0	0.3811434111283484	0.0	0.039982223089293285	0.21380514144634483
ENSMUSG00000032328	0.0	0.009358157742130058	0.0	0.0	-0.02183388448268441	0.0	0.0	0.10385548030433754	0.0	0.0	0.0	-0.04547834510169502	0.0	0.0	0.0	0.026270709182316825	0.011964309778557412	0.00768326248347063	-0.04219843434746942	0.0	0.026408806218523352	0.24058433777192068
ENSMUSG00000111171	0.01969340932800855	0.0	0.02800469014381562	0.0	0.0	0.0	0.0	0.0	0.024139536507897425	0.0	0.0	0.0	0.024002466964746127	0.01076774153068432	0.019609654922546717	0.0	0.048615084771503066	0.0	-0.0721868075870772	-0.03670257281663072	0.0	-0.07523677220076266
ENSMUSG00000086212	0.0397653150192802	0.0	0.01879908514683981	0.0	0.0	0.0	0.06497282452700318	0.0	0.03456846906692907	0.0	0.0	0.0	0.029168836104363972	0.0	0.02164877420382815	0.0	0.02681041171257472	0.0	0.2904389438217734	0.0	0.030570732004601437	0.15893858864213442
ENSMUSG00000007891	0.04240388281277353	0.0173496431093495	0.01549799207564132	0.0	0.0	0.0	0.1322074104645819	0.0	0.01823109802582993	0.0	0.0	0.0	0.02841776106161847	0.0	0.021265674284268322	0.0	0.020071620366291513	0.0	0.5531096593947603	0.0	0.0	0.1308380950918967
ENSMUSG00000105516	0.02067821849322925	0.0	0.0	0.0	0.01869218353748853	0.0	-0.06466308241730241	0.0	0.012841406254848671	0.0	0.011182475698695793	0.01979715212318749	0.0	0.0	0.0	0.0	0.017465418733004022	0.0	-0.19073395386697906	-0.040829255172108336	0.0	-0.09296379381092898
ENSMUSG00000038400	0.029075231602051256	0.0	0.014069244465797826	0.0	0.0	0.0	0.14848928324985428	0.0	0.03357814596705883	0.0	0.0	0.0	0.03629401732662974	0.0	0.021529524747473855	0.0	0.023258111145736286	0.0	0.1806548121290996	0.0	0.060865511498478436	0.0847603882325046
ENSMUSG00000024515	0.020917940385376643	0.0	0.0	0.0	0.0	0.0	0.12077988007093957	0.06437852728207336	0.01980670526625804	0.0	0.0	0.0	0.02955214388314011	0.0	0.02124698851879561	0.0	0.02377563689335141	0.0	0.10126699096664482	0.0	0.027736008255180623	0.21419430993453836
ENSMUSG00000004561	0.0	0.0	0.0	0.0	0.03375107645053349	0.0	0.10534692771492463	0.0976376802771186	0.0	0.0	0.0	0.013536118172999712	-0.05676386285490245	0.0	0.015997053866103884	0.0	0.0	0.0	0.2393720135460964	-0.05026879353492919	0.050383967915278216	0.20109226451641754
ENSMUSG00000114333	-0.3293206739394369	0.0	-0.2611613921709915	0.0	0.0	0.0	-0.29609473276022874	0.0	-0.281543312010745	0.0	-0.10314341308867814	0.0	-0.157759414748161	0.0	-0.10426177922782114	0.0	-0.33027802147121876	0.0	-1.0786712289220932	0.0	-0.28349775199189403	0.0
ENSMUSG00000101907	-0.3565598539497914	-0.18766031372838968	-0.16886323001160175	0.0	0.0	0.0	-0.28967917003973886	0.0	-0.2508705504161789	0.0	0.0	0.0	-0.1931475639606235	0.0	0.0	0.0	-0.29195134316124005	0.0	-0.9522453607143578	0.0	-0.3956854609227488	-0.2460325079175647
ENSMUSG00000095683	-0.3019741220812433	-0.18692722543289894	-0.1877722932094552	0.0	0.0	0.0	-0.2545228990599132	0.0	-0.2431645674526934	0.0	0.0	0.0	-0.24319348657924636	0.0	0.0	0.0	-0.3232793694351005	0.0	-0.9478526120963725	0.0	-0.3659390030148426	-0.2780697764604691
ENSMUSG00000026200	0.03864301608291234	0.0	0.013807677815162678	0.0	0.0	0.0	0.11464789795148171	0.0	0.03260476395504057	0.0	0.0	0.0	0.034588936802898734	0.0	0.023868407442128134	0.0	0.019663244764307957	0.0	0.41436198995609913	0.0	0.0625139321512104	0.11149355694304644
ENSMUSG00000114120	-0.3303373365668689	-0.16561093994906306	-0.18047966615631303	0.0	0.0	0.0	-0.2959685609308099	0.0	-0.25071414149346316	0.0	0.0	0.0	-0.23014554173393453	0.0	0.0	0.0	-0.2912914050446809	0.0	-0.9355262999890049	0.0	-0.3711525892829914	-0.28146887367510626
ENSMUSG00000087035	0.04492455909339781	0.0	0.0	0.0	0.0	0.0	-0.031117096247812632	0.0	0.03143625373588481	0.0	0.015060029574176848	0.023781213523537487	0.03245694232699251	0.0	0.0	-0.01810771020638043	0.0	0.0	-0.21239459087854118	-0.03543090825305153	0.0	-0.10338968625195961
ENSMUSG00000114595	0.05826308455145169	0.0	0.020952525395980193	0.0	0.04367535315696666	0.0	-0.12324206326010005	0.0	0.0	0.0	0.05624578161004787	0.0	0.0	0.0	0.06586876807344433	0.0	0.025812624115922965	0.0	-0.4161715052320422	0.0	-0.1136892303078891	-0.08275622033652491
ENSMUSG00000021363	0.03851767365497392	0.005741112738562404	0.027005468354533785	0.0	0.0	0.0	0.025890762793773368	0.0	0.028204802094671008	0.0	0.0	0.0	0.020257921655375533	0.0	0.01374923336436329	0.0	0.02677529608022676	0.0	-0.036578780123032645	0.0	0.0	0.06943086875766122
ENSMUSG00000072295	0.0	-0.012336799758454364	0.0	0.0	0.0	0.0	-0.04857520883585988	-0.03894869198123512	0.0	0.024213852513902588	0.0	0.024744201053908316	0.024539936369503457	0.0	0.0	-0.029417373328022137	0.0	0.0	-0.10091061331860493	-0.019457600909836135	0.0	-0.05616958637263916
ENSMUSG00000017830	0.054723845235873224	0.0	0.01967572341774478	0.0	0.0	0.0	0.08623071440856489	0.0	0.04255793247728683	0.0	0.0	0.017368307775812664	0.020170793822729988	0.0	0.029793319180876073	0.0	0.044717195031264236	0.0	0.23132109402647516	0.0	0.05695605410213163	0.0
ENSMUSG00000110898	0.02431590593027276	0.0	0.0	0.0	0.0	0.0	0.04014140959306808	0.0	0.0	0.0	0.0	0.0	0.017903028950090924	0.010101337397423277	0.020646696944091176	0.0	0.019969625393016922	0.011618088791342088	-0.09892009809556317	-0.04962928469755294	0.0	-0.08675406008171589
ENSMUSG00000101773	0.04898742339027049	0.012067003023096507	0.012838190000952269	0.0	0.0	0.0	0.14710141086084794	0.0	0.033679351440559994	0.0	0.0	0.0	0.015415612393536091	0.0	0.0	0.0	0.016971431187723183	0.0	0.505661176301678	0.0	0.08311752651606369	0.012756168046587524
ENSMUSG00000055003	0.02910544967846778	0.0017642401389953988	0.0040177969356121855	0.0	0.0	0.0	0.05771323111692378	0.0	0.022430929119794777	0.0	0.0	0.0	0.014185562181736241	0.0	0.010091344676327092	0.0	0.03019325716385367	0.0	0.0787431523085037	0.0	0.043252068723165775	0.0
ENSMUSG00000101253	-0.009292014199994326	0.0	-0.008744879330661186	0.0	0.0	0.0	-0.05242259462749291	-0.012499660903520058	-0.012448512947695346	-0.0087128765184461	0.0	0.0	0.0	0.0	-0.029435035155441734	0.0	0.0	0.0	-0.13318307269626467	-0.027379065159195925	0.0	-0.08914828027120938
ENSMUSG00000021504	0.03224811040177282	0.0	0.0	0.0	0.0	0.0	0.10744215050997173	0.025180946955574046	0.03243789746288019	0.0	0.0	0.0	0.03063359468803237	0.0	0.023433367693193954	0.0	0.03554699272316295	0.0	0.12096855638820248	0.0	0.06160403685228415	0.23542160851852856
ENSMUSG00000030641	0.0	0.009547224413778577	0.014025793476071658	0.012856860181456264	0.0	0.0	0.03373222315445308	0.12238201170907968	0.0	0.0	0.0	0.0	0.0	0.0	0.0	0.0	0.01939245127387726	0.0	0.369334653285612	-0.11112712539572576	0.03991921532011219	0.2798634104557354
ENSMUSG00000104818	0.014730044814152621	0.0	0.015511919932283328	0.0	0.0	0.0	0.008940556631214335	0.0	0.024796646002373274	0.0	0.00668828114517836	0.007613466901233563	0.013693985907533826	0.0	0.013107075544272373	0.0	0.041616870847382546	0.0	0.0	0.0	0.012217307967353272	0.0
ENSMUSG00000092162	0.0	0.0	0.015282610455758832	0.0	0.0	0.0	0.02351780499791443	-0.028348167010961454	0.0	0.0	0.0	0.014621278124974726	0.018792267809924487	0.0	0.0	0.0	0.023710692038435306	0.0	0.03070565393971065	-0.049536472471617264	0.02230162560871389	-0.0930547636267117
ENSMUSG00000111302	-0.289952956004842	0.0	0.0	0.0	0.0	0.0	-0.2978976654241886	0.0	-0.22296040982335247	0.0	-0.16812028786228028	0.0	-0.2542224900695167	0.0	0.0	0.0	-0.3272556983153185	-0.1771834467556469	-0.9706884543942085	0.0	-0.4034850517812675	-0.22092889439161376
ENSMUSG00000112868	0.0	0.0	0.0	-0.005799698382606883	0.0	0.0	-0.06876882870303386	-0.0011132667091578066	0.0	-0.0006293185277447266	0.0	0.0	0.0	0.0	-0.00760439705682095	0.0	-0.032290255567699114	0.0	-0.17377415232073617	-0.04067197869720281	-0.02388309869875978	-0.12540096908906118
ENSMUSG00000112821	0.06779871803309333	0.0	0.0	0.0	-0.020954519868964197	0.0	-0.08637636685094036	-0.02483300445119212	0.022094175359531593	0.0	0.0	0.0	0.032101089431903665	0.0	0.0	0.0	0.03406899320598396	0.0	-0.1981660430470323	-0.01918034303568524	0.0	-0.055001328754954955
ENSMUSG00000092092	-0.011940476192957294	0.0	-0.015309636087219951	0.0	0.0	0.0	-0.08953571521474267	0.0	-0.01881384454597712	0.0	0.0	0.0	0.0	0.0	-0.01820642390168773	0.0	-0.01751734670100477	0.0	-0.13042630696470447	-0.03707220841967282	-0.026367756050298622	-0.12102163529276756
ENSMUSG00000006403	-0.2955745200914271	-0.15905410613977056	-0.20217624440109236	0.0	0.0	0.0	-0.2835830546751473	0.0	-0.23993583608597485	0.0	0.0	0.0	-0.22491426811842866	0.0	0.0	0.0	-0.2983313427325411	0.0	-0.9910825594627453	0.0	-0.37892232819702987	-0.2591210949180783
ENSMUSG00000121293	-0.31616950483574796	-0.14644228310960017	0.0	0.0	0.0	0.0	-0.28495087508341466	0.0	-0.22654548022501989	0.0	0.0	0.0	-0.24239893774616414	0.0	0.0	0.0	-0.3086703226671133	-0.1635757679794986	-0.970680536155841	0.0	-0.4011218008171653	-0.2721398462026703
ENSMUSG00000089671	0.03275118623633643	0.0	0.03013287945696706	0.0	0.0	0.0	0.11714260252558975	0.0	0.0428332397921542	0.0	0.0	0.005423887141270819	0.0	0.0	0.0	0.0	0.031899115102924286	0.004890942895870387	0.13302481184382617	0.0	0.043910685340495026	0.030390818438140323
ENSMUSG00000110629	0.039956925021019	0.010485676884911537	0.03333595081550827	0.0	0.0	0.0	0.02268483605134853	0.0	0.028773598681059557	0.0	0.0	0.012660352850132922	0.013039010442324141	0.0	0.023923125084349815	0.0	0.04776893018739146	0.0	0.0	0.0	0.0	-0.07781820568738762
ENSMUSG00000001583	0.04113332008175468	0.0	0.020716248163175632	0.0	0.0	0.0	0.11157050271532548	0.0	0.028665666292137657	0.0	0.0	0.0	0.03976859795191617	0.0	0.02018835813781012	0.0	0.031540738063462255	0.0	0.33465705938179824	0.0	0.09405689652848279	0.07206045906047956
ENSMUSG00000025075	0.030713529127611442	0.0	0.030612065743417214	0.0	0.0	0.0	0.0	0.0	0.02050835381353493	0.0	0.0	0.02508002023800706	0.0	0.0	0.030930206730330537	0.0	0.042379261834631955	0.01808267500500252	-0.13359377905646333	-0.05487602033330751	0.0	-0.1234648245345355
ENSMUSG00000084999	0.02375490954365867	0.0	0.0062586116901566236	0.0	0.0	0.0	0.05604299290045013	0.0	0.012567945133708812	0.0	0.0	0.0	0.03031965264843511	0.0	0.016186977133992402	0.0	0.0167883330688398	0.0	0.30369210013235776	0.0	0.048052354725025635	0.03188379731872381
ENSMUSG00000116608	0.0746117954746667	0.030743304804336256	0.03895688102717327	0.0	0.0	0.0	0.03345705353231249	0.0	0.050078746058829185	0.020579976442430488	0.0	0.0	0.0	0.0	0.0	0.0	0.0	0.01596762191434157	-0.13470217113059346	-0.04234566621405728	0.0	-0.0817371328313947
ENSMUSG00000041559	0.04760753092469307	0.00931890529970264	0.02976085423842447	0.0	0.0	0.0	0.10973303635671851	0.0	0.0	0.0	0.0	0.0	0.01724337487204328	0.0	0.025855847460645013	0.0	0.04913049960326909	0.0	0.029128613672414094	0.0	0.02927461015970523	-0.08589935587397747
ENSMUSG00000031104	-0.06029115175799792	0.0	0.0	0.0	0.07440387150403505	0.0	-0.08944796773840849	0.06290687454750385	-0.0465550510256379	0.0	0.0	0.0	-0.02323852407787943	0.0	0.0	0.018142518451146727	0.0	0.0	0.0	-0.016955538794410488	-0.03939956784940594	0.05737888256998789
ENSMUSG00000113421	0.0	0.013463282690254541	0.0	0.0	0.011540448741501721	0.0	-0.1010604394300003	0.0	0.0	0.0	0.0	0.0	0.0	0.0	0.0	0.018415154498657264	0.014642545980829898	0.016726164474807327	-0.42146835263190713	-0.028564791291904135	-0.057967077570760514	-0.1092567576947555
ENSMUSG00000114576	0.03949778430177106	0.008444185033828842	0.02856337068538074	0.0	0.0	0.0	0.0	0.0	0.030512567572148517	0.0	0.0	0.009998356673262859	0.020249351610551775	0.0	0.006488966970862348	0.0	0.03789841138135151	0.0	0.0	0.0	0.011430404534257668	-0.09951684427960145
ENSMUSG00000041809	0.023896095204139937	0.01623962021439874	0.012799648000994772	0.0	0.0	0.0	-0.03658934758203716	0.0	0.017560264097695084	0.0	0.0	0.0	0.014840919797573758	0.0	0.01469875987028174	0.0	0.033147818290108315	0.0	-0.09926417043550716	0.0	0.0	0.04129457756510628
ENSMUSG00000029676	0.0	0.009655052796771499	0.0	0.0	0.0	0.0	-0.03735630619473705	0.06276886256620404	0.0	0.0	0.007238164958108239	-0.01906791031561314	0.0	0.0	0.0	0.0	0.018512367470196568	0.01013045432277757	0.07922303780202838	-0.0487890493403464	0.0	0.12271014470971063
ENSMUSG00000115726	0.03328758523420065	0.0	0.016442851037779135	-0.008962157567278362	0.0	0.0	-0.04943714941316225	0.0	0.0	0.0	0.0	0.0	0.013447615463066682	0.0	0.0	0.0	0.03636255573608953	0.0	-0.2553944020588122	-0.0426364880615968	-0.018204049871914475	-0.13438605784799687
ENSMUSG00000107811	-0.06705068628119255	-0.01934704869197714	0.0	0.0	0.0	0.0	0.0	-0.06280467413769496	-0.030856669786858627	0.0	0.0	0.0	-0.021069590706619373	0.0	0.0	-0.03456405736389244	0.0	0.0	-0.16372750832069954	-0.01502953538883232	-0.009780940745398703	-0.12258908454592025
ENSMUSG00000086704	-0.04336769382761426	0.0	-0.03597284509170336	0.0	0.0	0.0	-0.12458456527057216	-0.020198124385578775	-0.03194068998142081	0.0	0.0	0.0	0.0	0.0	-0.03801596422897199	0.0	-0.028281269981079077	0.0	0.0	-0.03020622763515779	-0.033866003907261605	-0.12711253594637786
ENSMUSG00000096934	0.0	0.0	0.0	0.0	-0.02065044115844131	0.0	0.1407811503613408	-0.058998542378954126	0.0	0.0	0.0	0.0	0.04740271776761509	0.0	0.02869801896064963	0.018162175963316696	0.0	0.0	-0.042925781453564	-0.05739830336529338	0.03909195519886265	-0.058335325398671915
ENSMUSG00000107204	0.03006879501142512	0.0029504259778810327	0.021382214999157875	0.0	0.0	0.0	0.0	0.0	0.0317162619304058	0.005188742155746893	0.0	0.0	0.02159123084534253	0.0	0.026366035296714895	0.0	0.049570283220933466	0.0	0.046170421107244584	0.0	0.020500237541619032	0.0
ENSMUSG00000102882	0.029989489395812925	0.0	0.04823210457706468	0.0	0.0	0.0	-0.14162694465819883	0.0	0.03678970620358741	0.015326789621932846	0.0	0.04236571909864724	0.0	0.0	0.0	0.0	-0.04446071087946615	0.0	-0.13560329348759806	-0.03925980048144033	0.0	-0.09776790416847925
ENSMUSG00000085701	0.03268659365564313	0.018317589011877692	0.02993184884272389	0.0	0.0	0.0	0.0	0.0	0.0	0.03196447144061469	0.0	0.014603221517786712	0.0	0.0	0.019899627618891517	0.0	0.04083041739007035	0.011130069318263613	-0.1339754729947383	0.0	0.0	-0.077945130213017
ENSMUSG00000039578	-0.013714741318992826	0.0	-0.014652008388559476	0.0	0.0	0.0	-0.045370612569488704	0.0	-0.019335639114644424	0.0	0.0	-0.040675811740491875	0.0	0.0	-0.015492313300989748	-0.023270614948595357	0.0	0.0	-0.004019033064181574	0.0	-0.0033058272840147396	-0.007302005178916124
ENSMUSG00000028821	0.038507079517536395	0.0	0.02032185673700405	0.0	0.0	0.0	0.03669570587463571	0.017269816645928082	0.035347201545905114	0.0	0.0	0.0	0.0	0.0	0.019343416376801453	0.0	0.026767264342121413	0.0	0.14434490163249034	0.0	0.021987551969881045	0.2170661201430049
ENSMUSG00000074731	0.0	0.015516765822614798	0.018479224030267544	0.0	0.0	0.0	0.047689379318824276	0.027005378566745	0.023323515450767152	0.0	0.0	0.0	0.027066094579356877	0.0	0.0	0.0	0.022158075679599324	0.0	0.19014576907956693	0.0	0.022275335371220423	0.05670050216672642
ENSMUSG00000054855	0.03413604411799673	0.011801911179762998	0.016879710704492026	0.0	0.0	0.0	0.06485696111713318	0.0	0.025044926975046983	0.0	0.0	0.0	0.011529656559541357	0.0	0.0	0.0	0.03291671299369172	0.0	0.055206800626467295	0.0	0.06595833567315568	0.04632036195433828
ENSMUSG00000116780	0.03695912142553511	0.0	0.0	0.0	0.0	0.0	0.11961652146469176	0.08619374601673879	0.03490757491351101	0.0	0.0	0.0	0.03511847881793591	0.0	0.015124686643525065	0.0	0.0	0.0	0.6899658877049356	-0.2305244157787805	0.08880699149501	0.31968739257781076
ENSMUSG00000067764	0.0	-0.020641274354719626	0.0	0.0	0.042712614143540245	0.0	-0.17323507046513179	0.0	-0.02749069016556727	0.0	0.0	0.0	-0.054163297480523606	0.0	0.0	0.16007940337749882	0.0	0.0	0.38523519987434396	-0.03305366989969321	-0.06074291708612989	-0.10618559079848022
ENSMUSG00000117124	0.0	-0.010723833183605003	0.0	0.0	0.0	0.0	-0.06671686178663218	-0.004412051501209911	-0.0070008532052212025	0.0	0.0	0.0	0.0	0.0	0.0	-0.0015163122570129306	-0.029762199154746947	0.0	-0.15444017268404625	-0.03214166160425444	-0.010822031826711036	-0.08499706701851485
ENSMUSG00000046329	0.035629174327191634	0.0	0.0	0.0	0.0	0.0	0.06001098986136324	0.0296656130664186	0.036119375237066015	0.0	0.0	0.0	0.018552346427031963	0.0	0.033091676482001675	0.0	0.024320289303241958	0.0	0.16951259825992201	0.0	0.047859705203979586	0.1852053258926046
ENSMUSG00000033478	0.024820249049908427	0.0	0.0	0.0	0.0	0.0	0.1539858556032469	0.048234481046292584	0.02254014886369084	0.0	0.0	0.0	0.035138526492685736	0.0	0.024331990238957893	0.0	0.01696084372601314	0.0	0.17455782265802575	0.0	0.046727612582935514	0.16678406527535222
ENSMUSG00000021413	0.026820782491242832	0.0	0.0	0.013322334394465478	0.0	0.0	0.08747085155734649	0.10531986448547523	0.030822142403970125	0.0	0.0	0.0	0.027256029939977656	0.0	0.0	0.01434314618926602	0.0	0.0	0.16971745911653863	0.0	0.027099414014847934	0.3138763096448453
ENSMUSG00000062496	0.0	0.0	0.0	0.0	0.01953312748930188	0.0	-0.06767814223792644	0.0	0.0	0.020905269592369175	0.0	0.01717077036980329	0.0	0.0	0.0	0.05163677553615751	0.0	0.021372058074718786	-0.2632385306202686	-0.04456600745445715	-0.017579421834736764	-0.07886394609330669
ENSMUSG00000059974	0.0	0.0	0.0	0.0	0.0	0.0	-0.03008133950701532	-0.04939866262833339	0.0	0.0	0.0	0.0	0.0	0.011530644776054989	0.0	-0.03279282743340726	0.012119347727764573	0.02066393697437439	-0.32747196372360754	-0.029411115671876337	-0.0372113226572967	-0.11223046639425553
ENSMUSG00000043698	0.05403816053590874	0.0	0.0	0.0	0.0	0.0	-0.09494186721487785	-0.02964229308049813	0.028326318676479927	0.0	0.0171601924470714	0.028287634006249642	0.0	0.0	0.020444872531187867	0.0	0.0	0.0	-0.07219693001793288	-0.03150951719922471	0.0	-0.1055980145454484
ENSMUSG00000118021	0.054325897216098144	0.0	0.0184446013232529	0.0	0.03940234696577753	0.0	0.0	0.0	0.032395964423748154	0.0	0.0	0.0	-0.0240224968589676	0.0	0.04331506378512605	0.0	0.02514578699926182	0.0	-0.16935116530332694	-0.05005761997796253	0.0	-0.0906832373510841
ENSMUSG00000048307	0.03233198642071386	0.01009356435586753	0.022365343059594558	0.0	0.0	0.0	0.011455963967348519	0.0	0.0	0.0	0.012624915566120245	0.0	0.024445276284205054	0.0	0.008711472968071414	0.0	0.03298654195938572	0.0	-0.07286611392506502	0.0	0.0	0.12675294164524092
ENSMUSG00000028080	0.0	0.010238319148770847	0.008638674831773295	0.0	0.0	0.0	0.0	0.09312360092180044	0.0	0.0	0.0	-0.057834505286578325	0.019599284913722235	0.0	0.0	0.012036058648240065	0.01122873950190513	0.0	0.010256678960901142	0.0	0.010443534456213155	0.23002776817334752
ENSMUSG00000053184	0.0	0.0	0.026981765375463505	0.0	0.028779938149958693	0.0	-0.04847573650123459	0.0	0.035344713562111836	0.0	0.0	0.02287227410279752	0.0	0.0	0.0	0.020083454611080354	0.03987819399683927	0.0	-0.25956348315558325	-0.05089292456057842	0.0	-0.1152179759192189
ENSMUSG00000085002	0.03054579699857744	0.012105951529145169	0.0	0.0	0.0	0.0	0.13291502899658733	0.0	0.03602917805181465	0.0	0.0	0.0	0.021330187396994677	0.0	0.012053048795067745	0.0	0.024583329931626076	0.0	0.35573149628941375	0.0	0.10089612874478553	0.09004248506560908
ENSMUSG00000101050	-0.3041412358865972	-0.18351741419116152	-0.15021060871201586	0.0	0.0	0.0	-0.27887648742490856	0.0	-0.24705522813215147	0.0	0.0	0.0	-0.23406006743902855	0.0	0.0	0.0	-0.29839164902685267	0.0	-0.9787229346916565	0.0	-0.39229286039526695	-0.2654268689225964
ENSMUSG00000110006	-0.040163256691155134	0.0	0.0	0.0	0.0	0.0	-0.08864232566380337	0.0	0.0	0.0	0.0	0.019031537641917062	0.0	0.026048930145096617	0.05141975272585016	0.0	-0.030969879768433777	0.0	-0.23186181186117263	-0.035976120467803435	-0.014098761258625253	-0.13240958019806504
ENSMUSG00000074452	0.011432575583930286	0.013616973936490875	0.0	0.0	0.0	0.0	-0.029424023708624875	0.07418963751202204	0.0	0.0	0.0	-0.02456417395444641	0.0	0.0	0.0	0.0	0.017096294349965818	0.015167599031506116	-0.1416511757719842	-0.026127112393227108	0.0	0.1545088854124025
ENSMUSG00000030981	0.0675163133946099	0.0	0.0364527441101735	0.0	0.0	0.0	0.08732510700591126	0.0	0.05051587368250692	0.0	0.0	0.0	0.033726771338418386	0.0	0.04786079229568549	0.0	0.020134515512184464	0.0	0.2021728796444385	0.0	0.06753612013300095	-0.10825175118454144
ENSMUSG00000000148	0.04608126623902291	0.0	0.016931601115629594	0.0	0.0	0.0	0.0	0.053728224968950036	0.03098874367186775	0.0	0.0	0.0	0.008198988884680123	0.005675268526789734	0.010720901892644595	0.0	0.019474660105977662	0.0	0.039688856897511685	0.0	0.0	0.2584065137817492
ENSMUSG00000032939	0.03640712772247924	0.0	0.0	0.0	0.0	0.0	0.017257736688608735	0.05307728862315917	0.028012722603747257	0.0	0.0	0.0	0.02848685790468143	0.0	0.036036359048718165	0.0	0.015274572591209123	0.0	0.18116630710072126	0.0	0.022201067710986264	0.3069511883400396
ENSMUSG00000105692	0.012636945217943694	0.013182576355650883	0.0	0.0	0.0	0.0	0.17637993273114802	0.0	0.06977180749764919	0.0	0.0	0.035935094297606635	0.03160195306231694	0.0	0.0	0.0	0.01061198303703681	0.0	0.7264486329075869	0.016788601096909467	0.126946853852456	0.0
ENSMUSG00000003549	0.05286802983146547	0.017108372228098245	0.0	0.0	0.0	0.0	0.11906776600628624	0.0	0.02478786510742737	0.0	0.0	0.0	0.025586583007724754	0.0	0.01746422925150619	0.0	0.02502590527761035	0.0	0.16414327790205194	0.0	0.06816626791469686	0.1911995254735596
ENSMUSG00000094970	-0.035393910442666245	0.0	-0.026060890643144794	0.0	0.0	0.0	-0.07829272283819054	-0.01230776912041509	-0.021810609571532413	0.0	0.0	0.0	0.0	0.0	-0.01688376806151346	0.0	-0.017463797705909945	0.0	-0.13380539359436044	-0.0387200647325555	0.0	-0.12415877682105335
ENSMUSG00000027947	0.04453009746088618	0.0	0.01886761689077998	0.0	0.0	0.0	0.05762212040593031	0.0	0.03296303123292024	0.0	0.0	0.0	0.028938017232271893	0.0	0.025448339841776735	0.0	0.03112963935091405	0.0	0.21098759161768488	0.0	0.04206046604578699	0.08252746472665147
ENSMUSG00000032235	0.01444893734986308	0.007239711849389596	0.0	0.0	0.0	0.0	-0.051619194295935686	0.06316409080254055	0.0	0.0	0.0	0.0	0.026183847167094522	0.0	0.0	0.0	0.015055716013584436	0.0	0.09756247057607667	-0.03496777031334564	0.010318484968635503	0.11231785882086309
ENSMUSG00000019917	0.01774182679291732	0.0	0.0	0.0	0.0	0.0	0.0	0.09767124096251671	0.0	0.0	0.014941091996127864	-0.05121001685532622	0.02115131539678656	0.0	0.0	0.0	0.020738980367627457	0.015800501403630925	0.05360293256551779	-0.04376898351513466	0.0	0.2265504620548458
ENSMUSG00000030917	0.025497489095676475	0.024062257874123208	0.021808856785760115	0.0	0.0	0.0	-0.030137883300783055	0.0	0.021025427700285263	0.0	0.0	-0.025254054963076575	0.0	0.0	0.019009965763678395	0.0	0.02090772715692429	0.0	-0.08801399725137403	0.0	0.0	0.06949082890604324
ENSMUSG00000072905	-0.33100085544136965	-0.1934245931718372	-0.16574961778764763	0.0	0.0	0.0	-0.2633924103494733	0.0	-0.23164047280914818	0.0	0.0	0.0	-0.2652119202514307	0.0	0.0	0.0	-0.2696580600160115	0.0	-0.9520255116838268	0.0	-0.3952847659690882	-0.26530714734240246
ENSMUSG00000075555	0.04057264270806923	0.0	0.018702907828149318	0.0	0.0	0.0	0.09019907935771061	0.0	0.03248990516977592	0.0	0.0	0.021329975322886524	0.020327490518940214	0.0	0.013524059434253166	0.0	0.037521300889157415	0.0	0.22194337938326003	0.0	0.027983457254160793	0.0
ENSMUSG00000026303	0.03086345332953137	0.0	0.029164016515495352	0.0	0.0	0.0	0.024745250675810848	-0.04968269077059799	0.030797647775135394	0.0	0.0	0.0	0.0	0.0	0.0	-0.031821836335116024	0.04119303958826654	0.0	-0.1666376745338773	-0.036905399157899886	0.0	-0.06757740474688968
ENSMUSG00000021208	0.0	0.017658270354368965	0.04709865929825098	0.0	0.048041730547328944	0.0	-0.07169173854768872	0.0	0.0	0.0	0.0	0.020673414185172233	0.0	0.0	0.0	0.0	0.0165928706164834	0.0	-0.26174486756218907	-0.04581420503232884	-0.024266757988224582	-0.1141137128635137
ENSMUSG00000032504	0.0	0.1404405501920878	0.0	0.0	0.0	0.1423658934407553	0.0	-0.24755143906078658	0.0	0.058676509977211494	0.0	0.08561264407326553	0.05449504266401171	0.0	0.04299881842259534	0.0	0.0	0.0	0.09706784307649739	0.1814199680309088	0.0	-0.3156239501975744
ENSMUSG00000109279	0.0	0.015052370663107134	0.0	0.0	-0.039281884777270626	0.0	0.013743091178231082	0.0	0.0	0.0	0.0	0.0	0.06665747179075626	0.0	0.0	0.0	0.027232104400344025	0.013514880438722062	0.18351900849817926	-0.03333290360809462	0.018168962795052656	-0.058114823751158916
ENSMUSG00000026023	0.03235890575129852	0.015162644305000328	0.026442619668085397	0.0	0.0	0.0	0.0	-0.057145277320943294	0.025060594328555313	0.0	0.0	0.0	0.023090682607593283	0.0	0.01812975322619467	-0.039939682135476634	0.03233298973560162	0.0	0.0	0.0	0.022585991973849487	0.0
ENSMUSG00000047030	0.04155669589299401	0.0	0.0	0.0	0.0	0.0	0.11070479101025466	0.07727274752908764	0.027583930439217936	0.0	0.0	0.0	0.025708592140612323	0.0	0.021896533887799774	0.0	0.029029310922442913	0.0	0.15755198108494328	0.0	0.02338050533795826	0.33704914286613924
ENSMUSG00000110000	0.023520534732539875	-0.006651665319119287	-0.0053830587392077	-0.005603314001577306	0.0	0.0	-0.07753464334798589	0.0	0.019883207849155874	0.0	0.0	0.0	0.0	0.0	-0.004376749275656566	0.0	0.0	0.0	-0.08814685548559563	-0.026396670337971346	0.0	-0.08142858857824449
ENSMUSG00000112429	0.03650906729193954	0.0	0.02440501714755453	0.0	0.0	0.0	0.026667051154423013	0.0	0.028122274312381026	0.0	0.0	0.02050171294379259	0.01828370130349133	0.0	0.03025394657190655	0.03472664157733364	0.027009874040922886	0.0	0.0413794185779007	0.0	0.0	0.0
ENSMUSG00000029675	0.041364327528968715	0.0	0.032738369057483306	0.0	0.0	0.0	0.0	-0.04436489359005879	0.032496600846175075	0.0	0.0	0.0	0.02923587262153927	0.0	0.023600712663262458	0.0	0.04872558325790733	0.0	0.03925390771652709	-0.03652271805160626	0.0	-0.06902151936066532
ENSMUSG00000105337	0.03176477761841328	0.0	0.025820523956104447	0.0	0.011258875986784404	0.0	0.0	0.0	0.021121649031105923	0.027082809672842576	0.0	0.0	0.0	0.0	0.012114521792339319	0.0	0.019061270859099675	0.012173887717820242	-0.12240366113698128	0.0	0.0	-0.0892389042482919
ENSMUSG00000078853	0.04558049788252633	0.020264059758904582	0.024246401916165117	0.0	0.0	0.0	0.0449041033829578	-0.05497033698419865	0.028091613971774777	0.0	0.0	0.0	0.024727785941459676	0.0	0.0	0.0	0.04653832416920266	0.0	-0.07583072379888195	0.0	0.0224530915409845	0.0
ENSMUSG00000035206	0.05535371189510694	0.0	0.032156505844943985	0.0	0.0	0.0	0.07135057583355095	0.06434808998732568	0.03392179354711117	0.0	0.0	0.024149747264160696	0.03735434688957197	0.0	0.027753002618892797	0.0	0.03562458732859766	0.0	0.0	0.0	0.0	0.18834634252029106
ENSMUSG00000093472	-0.04730067164094997	0.0	0.0	0.0	0.0	0.0	-0.10314607353960106	-0.0244162705743034	-0.046732507304117314	-0.030201358046088117	0.0	0.0	-0.03506018107503116	0.0	0.0	0.0	-0.030393266381519724	0.0	-0.15128800355025745	-0.036896395411109235	0.0	-0.1227870722112147
ENSMUSG00000102900	0.0628809856639404	0.0	0.0	0.0	0.0	0.0	0.16252259308182784	-0.05590651170319977	0.0	0.0	0.0	0.0	0.035949236531683866	0.0	0.029132101571478695	-0.059673164638620955	0.05072248195867765	0.0	0.06143532398816201	0.0	0.06144500773190264	-0.056064083150925384
ENSMUSG00000047295	0.0	0.09265707570444837	0.0	0.0	0.0	0.036356046289023496	-0.08333435856657385	-0.29222659170253157	0.0	0.04680640333602082	0.0	0.07112096120089963	0.0	0.0	0.0	-0.05847535240580114	0.0	0.0	-0.03554058586734655	0.16541734338116154	0.0	-0.24581318045171383
ENSMUSG00000031378	0.0	0.014891109275089319	0.0	0.0	0.029403502895921866	0.0	0.11146249976137006	0.07950574707140226	0.0	0.0	0.0	0.021199729940950686	0.0	0.0	0.016054125353951166	0.0	0.01787431557832295	0.0	0.4273853923098587	0.0	0.012447624327637352	0.20223180134194077
ENSMUSG00000110235	0.04600733223031958	0.0	0.02864607014757871	0.0	0.0	0.0	0.055349509477452374	0.0	0.026088057576480927	0.0	0.0	0.0	0.02536261402440809	0.0	0.030536872096253043	0.0	0.04332981929232902	0.0	0.17571044142813777	0.0	0.04574074132998554	-0.0925876830153905
ENSMUSG00000022635	0.039671501989749954	0.0	0.013698383416573846	0.0	0.0	0.0	0.0	0.06049293988605567	0.024244428205755755	0.0	0.0	0.0	0.0	0.0	0.025134629873363554	0.0	0.017251326439197225	0.007272957449225375	0.26435399531215753	0.0	0.007224358628970529	0.27869158502484126
ENSMUSG00000049241	0.0	0.0	0.04776233427261858	0.0	-0.01361962643496993	0.0	-0.08797354617225282	-0.05554109101502999	0.02728559483628515	0.0	0.0	0.0	0.0	0.0	0.0	-0.0405791415284437	0.07827956211193574	0.0	-0.1129980755691488	-0.01525894426791618	0.0	-0.06229502197312959
ENSMUSG00000031070	0.051494230450491105	0.01234594196227179	0.017643639141751207	0.0	0.0	0.0	0.09766120677600096	0.0	0.03988087109112158	0.0	0.0	0.020428723685371845	0.023361532548911677	0.0	0.03685278475112091	0.0	0.03778003058641182	0.0	0.0	0.0	0.031700287007569106	0.0
ENSMUSG00000111243	0.0	0.015488916430859812	0.01772621299751493	0.0	0.0	0.0	0.0	0.0	0.017779176122812476	0.018186931168025444	0.0	0.0	0.023199091385641503	0.0	0.01756282648087243	0.0	0.025992244140201837	0.0	-0.13365914489686015	-0.05289645967912696	0.0	-0.11460299507012296
ENSMUSG00000102028	0.04125009205045728	0.0	0.0	0.0	0.0	0.0	0.0	0.0	0.02485458301443409	0.0	0.0	0.01803092869856035	0.023628314167758957	0.0	0.0324340547745643	0.0	0.0450807752865682	0.016478208738195572	-0.22853446152629	-0.0576833361774034	0.0	-0.1000979278982293
ENSMUSG00000081769	0.03365080568429532	0.0	0.016748974034249825	0.0	0.0	0.0	0.055334204864529814	0.0	0.020108792242934607	0.0	0.0	0.0	0.01907955089432486	0.0	0.01619708747693796	0.0	0.02846413185543637	0.0018449226880845604	0.20371511197556208	0.0	0.061358061342344866	0.0
ENSMUSG00000056880	0.020515356657681283	0.0	0.02251850172168153	0.0	0.0	0.0	-0.030223887643785623	0.0	0.015507412236695056	0.013257402285198672	0.0	0.02333307724466307	0.0	0.0	0.0	0.0	0.030344749587930847	0.0	-0.20292775858140125	-0.042370798211531294	0.0	-0.12659958635838142
ENSMUSG00000021958	0.0	0.0	0.0	0.0	0.07787224304815976	0.0	-0.09976072325767664	0.1297747801417312	-0.04414263952064373	0.0	0.0	0.0	-0.039324579072693946	0.0	0.0	0.023219110225190204	0.027119412509152285	0.0	0.1250089731768551	-0.056418357652985564	0.0	0.2859526650044277
ENSMUSG00000022383	0.03777681686054394	0.013860491681561631	0.025517696466668245	0.0	0.0	0.0	0.0	0.013880478373397355	0.025627032712033572	0.0	0.0	0.0	0.02577577898259553	0.0	0.013294417649253293	0.0	0.035063924827310064	0.0	-0.12438239921168345	0.0	0.0	0.10075680302482029
ENSMUSG00000109813	-0.05510114427566667	0.0	0.0	-0.019569395828020506	0.0	0.0	-0.12340054632965898	-0.06741780228589078	-0.01779808243682457	0.0	0.0	0.0	0.0	0.0	-0.07751460254891557	0.0	-0.0353785834419636	0.0	-0.12471589808526758	-0.044288818168314155	0.0	-0.10253996426320466
ENSMUSG00000021773	0.04439446894270694	0.0	0.0	0.0	0.0	0.0	0.255350085471298	0.0	0.03289449516153086	0.0	0.01739346163619247	0.0	0.065730665291072	0.0	0.011695374866759206	0.0	0.0	0.0	0.969229195224277	-0.06709395889467129	0.23393160737292099	0.15279274555092975
ENSMUSG00000114787	0.0	0.02522277581040136	0.03399947422261311	0.0	-0.03540341932882202	0.0	-0.03303583393546736	-0.027043592014756538	0.0424871033083476	0.0	0.0	0.0	0.0	0.0	0.0	-0.015567513146286729	0.0	0.0	-0.08156938307445764	-0.02846890925180027	0.0	-0.05624303647694841
ENSMUSG00000112320	0.039925474595005186	0.0	0.0358440856336172	0.0	0.0	0.0	0.03629610395275348	0.0	0.01570816301522893	0.0	0.010723124349545587	0.0	0.03409131319819626	0.0	0.041959963441141945	0.0	0.030473384115883847	0.0	0.08773779611074667	0.0	0.040748608052037685	0.0
ENSMUSG00000092294	-0.32070849397900464	-0.19694207935685132	0.0	0.0	0.0	0.0	-0.26194768443020133	0.0	-0.23917334245848726	0.0	0.0	0.0	-0.2320753385080076	0.0	0.0	0.0	-0.30543509691000986	-0.1558014552366629	-0.9774003261835129	0.0	-0.3906395410437723	-0.2525719967157254
ENSMUSG00000121402	-0.150619814144161	0.0	-0.12373835719336612	0.0	0.0	0.0	-0.2758624828943596	-0.06363763178330163	-0.16289135931080298	0.0	0.0	0.0	0.0	0.0	-0.06584976495564722	0.0	-0.15526401363094167	0.0	-0.8402971442185868	0.0	-0.19611612268856687	-0.05210819151409796
ENSMUSG00000110389	0.051384494848904984	0.01997581916303415	0.02843913549793256	0.0	0.0	0.0	-0.14156384244128525	0.0	0.03483533371976609	0.0	0.0	0.0	0.0	0.0	0.019413416319195013	0.0	0.0	0.015247368276108064	-0.2062039881959056	-0.037032042598464966	0.0	-0.061363074138388166
ENSMUSG00000056076	0.017113623347153762	0.0	0.0	0.0	0.0	0.0	0.14319633791894612	0.12646965618373265	0.020198495579104952	0.0	0.0	0.0	0.014485353186360786	0.0	0.01441521082120766	0.0	0.0	0.008229549019952431	0.25471115566033464	0.0	0.04707614781229809	0.38458593831102716
ENSMUSG00000116849	0.04826084113109399	0.0	0.027424514859143066	0.0	0.0	0.0	0.08322654772724444	0.0	0.03341628291848752	0.0	0.0	0.01939296321087797	0.021425919043640863	0.0	0.01581701730422973	0.0	0.04790081163866054	0.0	0.0372716938076265	0.0	0.0	-0.09289500722373814
ENSMUSG00000097892	0.023849046818652662	0.0	0.0	0.0	0.0	0.0	0.12302849658734853	-0.031016924154971287	0.0	0.0	0.0	-0.0200553055863358	0.01853351645016217	0.0	0.0	-0.03481056397388382	0.025840246636993254	0.0	-0.035881296031719474	0.0	0.06272414285008332	-0.027529343524609815
ENSMUSG00000020868	0.047306539388698964	0.0	0.0	0.0	0.0	0.0	0.11000669822623477	0.05488299328731284	0.03767590324031962	0.0	0.0	0.0	0.025813024136706608	0.0	0.02920425388697685	0.0	0.028166740178826796	0.0	0.14161881435495635	0.0	0.02870016611722822	0.17493461594860765
ENSMUSG00000086251	0.015797033217244794	0.0	0.018853300721786172	0.0	0.0	0.0	-0.09478078711893567	0.10275366889725084	0.01213687264934852	0.0	0.0	0.0	0.0	0.0	0.01678995844405583	0.0	0.015526661169980896	0.0	0.017749406980156996	-0.1338625580055112	0.0	0.28316091577899744
ENSMUSG00000101513	-0.2992898742914623	-0.17327061563797264	-0.1752598123719611	0.0	0.0	0.0	-0.29653568595698354	0.0	-0.23386338273423204	0.0	0.0	0.0	-0.235056889541742	0.0	0.0	0.0	-0.3080195196805962	0.0	-0.981016489009795	0.0	-0.40209263718050126	-0.22829044841698864
ENSMUSG00000110682	0.0	0.0	0.07109504271005804	0.0	0.018988485114922415	0.0	0.0	0.0	0.029844153447421504	0.0	0.01606132569099678	0.01672842980037832	0.0	0.0	0.0	0.0	0.05873043844872052	0.014022437955066438	-0.08633563787040224	-0.028427888922285205	0.0	-0.07135636345901772
ENSMUSG00000035799	0.036052215913989605	0.0	0.014814980885449152	0.0	0.0	0.0	0.1300660325579278	0.0	-0.06397747946097962	0.0	0.0	-0.04448396659654356	0.017873794602085623	0.0	0.013338785749249404	0.0	0.014779448012564353	0.0	0.10636274538141251	0.0	0.04423284291433238	0.0
ENSMUSG00000115249	0.0	0.0	0.006542257562648146	0.0	0.0	0.0	0.14369306922653932	0.030790507110383225	0.04237434145290483	0.0	0.0	0.0	0.01727702027072247	0.0	0.0	0.0	0.007587330237254251	0.008007784531659361	0.6406378914849974	0.0	0.08985025266181078	0.17485015892345182
ENSMUSG00000002210	0.02051818201832674	0.016283319034057036	0.01779124193951828	0.0	0.016401151520628043	0.0	0.03910999595872152	0.07121310234822967	0.0	0.0	0.0	0.0	0.0	0.0	0.023865504597471845	0.0	0.022549008524964453	0.0	0.09817203943265819	0.0	0.0	0.30020302498553125
ENSMUSG00000100813	0.056648891282549935	0.020069009336670413	0.07119254262463731	0.0	0.0	0.0	0.023221303196676656	-0.03002795482822018	0.0	0.0	0.0	0.0	0.0	0.0	-0.04880561289125812	-0.03067683778699128	0.0	0.0	0.19795087880884105	0.0	0.02199087251017107	-0.051671364689295424
ENSMUSG00000105657	-0.053578051606630414	0.0	-0.12357751572235888	0.0	0.0	0.0	-0.15055294484975676	0.0	-0.06637040465047775	0.0	0.0	0.0	0.0	0.0	-0.03426705650767781	0.0	-0.08241365207317301	0.0	-0.17624073095774118	-0.0029198376302274065	-0.014226100032718668	-0.07467403170440699
ENSMUSG00000086687	0.0541999803402335	0.015885946354095484	0.01777616189566732	0.0	0.0	0.0	-0.09902942776286096	0.0	0.0	0.0	0.0	0.013942868580133536	0.025061110885786463	0.0	-0.025121624969026007	0.0	0.0	0.0	0.22944212203237394	-0.06994963009649562	0.0	0.08680178426681008
ENSMUSG00000035283	0.022188204586674566	0.0	0.0075224552328327365	0.0	-0.07027391712916625	0.0	0.1741501833814885	0.0	0.019456363563580638	0.0	0.0	0.0	0.05192817972190516	0.0	0.012177789809696502	0.0	0.01923102841352031	0.0	0.16114276481404485	0.0	0.09788218468115206	0.0
ENSMUSG00000031384	-0.024989340217553946	0.0	0.0	0.0	0.0	0.0	-0.13677089082652644	-0.03238563385114502	-0.024553130375510712	-0.03916899381673945	0.0	0.0	0.0	0.0	-0.03731736657829429	0.0	0.0	0.0	-0.3141814524681027	-0.02346271755631465	-0.03033930506181523	-0.10725129318568094
ENSMUSG00000042682	0.022371547781569065	0.0	0.007477637447747079	0.0	0.0	0.0	0.0857706846328062	0.08206699344905397	0.024596687767694626	0.0	0.0	0.0	0.0	0.0	0.0	0.0	0.006323128640593774	0.007497884290640338	0.17870356702376192	0.0	0.005120194010090451	0.23715787864744836
ENSMUSG00000005503	0.04243179409270951	0.0	0.016733375951200263	0.0	0.0	0.0	0.15071954285476596	0.0	0.03717117832805826	0.0	0.0	0.0	0.032578801554922154	0.0	0.021767262832064142	0.0	0.023456488135731226	0.0	0.18421350983330775	0.0	0.10368810196181336	-0.051596321945939994
ENSMUSG00000078317	-0.07038544128989407	0.0	0.005802973756087071	0.0	0.0	0.0	0.1090399075580058	0.05722979427514888	0.0	0.0	0.0	-0.025631299909684536	0.022211238660371842	0.0	0.0	0.009125719726525004	0.02447034784758509	0.0	0.3554565772355117	0.0	0.0	0.07181539086333477
ENSMUSG00000103696	0.0	0.0	0.0	0.0	-0.02485398793880863	0.0	-0.042311979581380485	0.0	0.01823130134401686	0.0	0.015853868918553074	0.014471560242706577	0.02492926926109811	0.0	0.0	0.0	0.0	0.010503400087221011	0.056683782136354076	0.0	0.037042483053016745	-0.06019211465856949
ENSMUSG00000121621	-0.3364150002327454	-0.1755634462850324	-0.20084634570595652	0.0	0.0	0.0	-0.2843921065185385	0.0	-0.20933123272236823	0.0	0.0	0.0	-0.2033983361238127	0.0	0.0	0.0	-0.28555828438702524	0.0	-0.9786578837705842	0.0	-0.4042740895296136	-0.2542586295465592
ENSMUSG00000109784	0.041674231397575416	0.004418968108812205	0.03128258452601271	0.0	0.0	0.0	0.0	0.0	0.004839931739424705	0.0	0.0	0.0	0.013078045077874677	0.007725766546248287	0.004268510573392499	0.0	0.01787726717816923	0.0	0.0672284494257873	0.0	0.01860458209654817	0.0
ENSMUSG00000102359	0.06698636258651737	0.0	-0.015935535763184523	0.0	0.03105162601484406	0.0	-0.09482468115802746	-0.013409955248992867	0.0	0.0	0.0	0.03034546840563268	-0.01803922919210272	0.0	0.0	0.0	0.0	0.0	-0.17372119230837743	-0.04647510387370796	0.0	-0.10762099336084063
ENSMUSG00000061392	-0.09827621592000317	0.0	0.0	0.0	0.0	0.0	-0.18854259466102918	-0.043114779566840955	-0.039566133453648344	0.0	0.0	0.0	-0.10217375712505829	0.0	-0.07192856490726403	0.0	-0.10692473388720075	0.0	-0.09321561058645059	0.0	-0.0847828922591496	-0.11400539912719092
ENSMUSG00000068859	0.0	0.01400221893979957	0.0	0.0	0.0	0.0	0.18261324577035742	-0.05909449712494519	0.02432129401737308	0.0	0.0	0.0	0.02810230672872654	0.0	0.02032883102222627	-0.04599818153276053	0.02341312855978048	0.0	0.03610836376801013	0.0	0.07545613787763118	0.0
ENSMUSG00000095011	-0.30040315430388914	-0.17273712800263397	-0.18255071939465492	0.0	0.0	0.0	-0.2677865852970663	0.0	-0.23865053151194057	0.0	0.0	0.0	-0.22262001932280262	0.0	0.0	0.0	-0.30889194210815046	0.0	-0.9574145981634412	0.0	-0.41005084908474265	-0.27158982763291334
ENSMUSG00000032010	0.024223804586302154	0.0	0.019423616122768956	0.0	0.0	0.0	0.1171136621217688	0.0	0.024394684432948024	0.0	0.0	0.0	0.02881122828039439	0.0	0.014971991289315922	0.0	0.024535651301861628	0.0	0.18250460884855876	0.0	0.050025231741568955	0.048747542703497605
ENSMUSG00000114012	0.0	0.0	0.05609205419656737	0.0	0.0	0.0	0.0	0.0	0.0	-0.020434598694831593	0.046009568607680996	0.03616328545104953	0.024551534284666943	0.0	0.0	0.0	-0.028686318744251947	0.0	-0.2887493548022738	-0.027664889357114395	-0.03749716000327106	-0.12469694855212919
ENSMUSG00000068798	0.028354185220685578	0.0	0.014085386092095621	0.0	0.0	0.0	0.0141021940119205	0.033420297511406565	0.022522597495338015	0.0	0.0	0.0	0.013359943483108342	0.0	0.0	0.0	0.012890003017281904	0.0	0.01971543119500492	0.0	0.012995963927259102	0.1306165494221656
ENSMUSG00000042302	0.0	0.019094003016850766	0.015123072696018869	0.0	0.0	0.0	-0.0416349318158594	0.06237115539129242	0.0	0.0	0.0	-0.04031862871988785	0.02172086115312924	0.0	0.0	0.0	0.020635356016171853	0.0	-0.061426387394436156	0.0	0.02144254546916336	0.17962156467637183
ENSMUSG00000025583	0.04001425130595196	0.0	0.0	0.0	0.0	0.0	0.053994044913609	0.0699514331626553	0.028443333998826217	0.0	0.0	0.0	0.030293927583349537	0.0	0.030794749573218	0.0	0.023635054833062275	0.0	0.10978902111619201	0.0	0.036729743874084335	0.36383748628700013
ENSMUSG00000092469	0.05226587647488653	0.0	0.0	0.0	0.0	0.0	0.0	0.0	0.032595260906353216	0.0	0.0	0.01865638397778565	0.02331638737534862	0.0	0.0205312187599763	0.0	0.03918490765702255	0.0	-0.05442727904341379	-0.036761745536171196	0.019059402744088703	-0.09104293251389407
ENSMUSG00000033589	-0.0821220323977599	0.0	0.0	0.0	0.07766244400926998	0.0	0.1904373375302003	0.020275619296211925	0.0	0.0	0.018866432801309653	0.0	0.030024893194376356	0.0	0.0	0.0	0.01881171491638908	0.0	0.0	0.009406712241937953	0.041193699754792576	0.13748137795586876
ENSMUSG00000097177	-0.28947760032369485	-0.19512434406115878	-0.19127148021207896	0.0	0.0	0.0	-0.27792066750394817	0.0	-0.24445025653192465	0.0	0.0	0.0	-0.2707688770157469	0.0	0.0	0.0	-0.28049235462412037	0.0	-0.9641510050212505	0.0	-0.38931249664580536	-0.22972627288250638
ENSMUSG00000052794	0.04370135084592349	0.01461817867823878	0.01949166798829681	0.0	0.0	0.0	0.0	0.0	0.03664633667245726	0.0	0.0	0.0	0.03830101351172827	0.0	0.023908213349299982	0.0	0.0254931708596816	0.0	0.3047360175009709	0.0	0.025575919207988556	0.09021554090262593
ENSMUSG00000021179	0.048433215167967426	0.0	0.0	0.0	0.0	0.0	0.07399748557518283	0.04869709314065374	0.03174854343808888	0.0	0.0	0.0	0.044049862980725295	0.0	0.02830125499325374	0.0	0.024961742317543334	0.0	0.27792270066410457	0.0	0.043510029027458264	0.26308899076097003
ENSMUSG00000085319	0.04134220580681058	0.018684329058789525	0.012088593270062412	0.0	0.0	0.0	0.07067543868407714	0.0	0.03556319721162085	0.0	0.0	0.0	0.0	0.0	0.0	0.0	0.02389163259496939	0.008541535822664703	0.08270620476025164	0.0	0.029904356292272265	0.01656431362731107
ENSMUSG00000115615	-0.03776289685752442	-0.0040842176998272875	-0.004761700958355375	0.0	0.0	0.0	-0.042136184787155015	-0.008539768107111259	-0.02551943814797208	0.0	0.0	0.0	0.0	0.0	-0.006455591021633394	0.0	-0.014338293658023334	0.0	0.0	-0.021430168183107792	0.0	-0.08708233092093465
ENSMUSG00000024207	0.048472604818232616	0.0	0.032666497530894414	0.0	0.0	0.0	0.14749473489576567	0.0	0.034483286309360595	0.0	0.0	0.045377471332861664	0.05045827523713234	0.0	0.03780622419435288	0.0	0.04340120182856634	0.0	0.4925160901998526	0.0	0.07099258769198201	0.0
ENSMUSG00000120256	0.0	0.019634375847979352	0.037832227758498586	0.0	0.0	0.0	-0.018686727888353363	-0.04579560832835123	0.0	0.0236693430565689	0.017038049875754694	0.0	0.0	0.0	0.027738804343785846	-0.03250264430377293	0.03964710073315585	0.0	-0.02524662574812864	0.0	0.0	0.0
ENSMUSG00000093531	-0.038288775734478926	0.0	-0.04490688748883652	0.0	0.0	0.0	-0.09097313291854461	-0.03276293498257007	-0.032365865958413065	0.0	0.0	0.0	0.0	0.0	-0.03955194768641106	0.0	-0.0380390693088882	0.0	-0.24297205938642252	-0.04759029047368827	0.0	-0.08489160529667134
ENSMUSG00000000976	0.0340780933968008	0.0	0.022816455201507813	0.0	0.0	0.0	0.025117184264847964	0.07036959643056565	0.027158701791351023	0.0	0.0	0.0	0.0	0.0	0.03163942716977764	0.0	0.026647396929376344	0.0	0.18427920771075482	0.0	0.030138025972185675	0.27453776635545774
ENSMUSG00000109761	0.028720947152983015	0.0	0.015246629092264492	0.0	0.0	0.0	0.0	0.0	0.012275681552276487	0.0	0.0	0.0039648877225251155	0.0	0.002939713454220852	0.012502415424369452	0.0	0.0065950242501077215	0.0	0.02526140935205268	0.0	0.004979203575775672	0.01037689205846826
ENSMUSG00000113581	0.0	0.0	0.04946327936246018	0.0	-0.03468372142413651	0.0	-0.029373958292150237	-0.03750500569749045	0.07402396653765565	0.0	0.0	-0.019707852174314616	0.0	0.0	-0.0395671325535078	-0.016740040203147646	0.0501109031758877	0.0	0.03545846813569434	0.0	0.0	0.0
ENSMUSG00000097050	0.02749774644193669	0.0	0.014524584553865303	0.0	-0.07518646828669873	0.0	0.12364912781125463	0.0	0.040100737767899	0.0	0.0	0.0	0.033757815321482094	0.0	0.03003077562650413	0.0	0.026148690213381596	0.0	0.2711681696964137	0.0	0.0738980205132324	0.0
ENSMUSG00000037640	0.039616830212823674	0.0	0.0	0.0	0.0	0.0	0.09461017761935381	0.03330961200374225	0.03654431119413592	0.0	0.0	0.0	0.04289085726907347	0.0	0.0251316546049635	0.0	0.021743526717088457	0.0	0.40556370368236244	0.0	0.049966814429706796	0.15727235035375506
ENSMUSG00000028332	0.04344658034045377	0.018198132701322717	0.029440812237789892	0.0	0.0	0.0	-0.08315089160682916	0.0	0.01728126371928329	0.0	0.0	0.032688972876926174	0.0	0.0	0.0	0.0	0.044415804120611774	0.0	-0.0858724841496226	-0.04725517612433728	0.0	-0.05673166355834793
ENSMUSG00000026439	0.014064474102309814	0.0	0.0	0.0	0.0	0.0	0.09103716858007695	0.0938511505971597	0.020610674436100755	0.0	0.0	0.0	0.0374768818046653	0.0	0.015185293730971456	0.0	0.005933276094134632	0.0	0.23613195209651988	0.0	0.03209209096796376	0.3613796347904149
ENSMUSG00000107681	0.0	0.0	0.0	-0.017451968712743734	0.0	0.0	-0.0800877263232658	-0.027403050890034735	-0.020830009331664335	0.0	0.0	0.0	-0.015611107122860957	0.0	-0.022671039421343585	-0.016110005125450327	0.0	0.0	-0.14300027839009619	-0.04830401823214776	0.0	-0.11683830289540022
ENSMUSG00000085522	-0.03026380425147413	0.0	0.0	0.0	0.0	0.0	-0.07636328986171025	0.0	-0.015676515099457004	-0.012189665279675466	0.0	0.0	0.0	0.0	-0.015247891875479678	0.0	-0.014879890694208656	0.0	-0.23987378497342934	-0.03972774276984359	-0.020766414955518817	-0.09398972650995528
ENSMUSG00000116770	-0.025872343160607096	0.0	0.0	0.0	0.022298965986592034	0.0	0.03374169889013837	-0.06320717041893403	0.0	0.0	0.0	0.0	0.0	0.0	0.0	-0.043397778776390755	0.04318421698910404	0.0	-0.20340880425016475	-0.023328879119741203	-0.029866973464908596	-0.11331455125884378
ENSMUSG00000031749	0.040958828549274025	0.0	0.0	0.0	0.0	0.0	0.11565282131452016	0.024394127140572874	0.0322637349302178	0.0	0.0	0.0	0.03604329215004196	0.0	0.03054218616821795	0.0	0.02687874628255738	0.0	0.26921503644340994	0.0	0.05834486963327802	0.1801478100073859
ENSMUSG00000085664	0.018362415629998918	0.0	0.021411038439919417	0.0	0.0	0.0	0.043685576492280956	-0.04993914122041686	0.02064865404237173	0.010246392610272458	0.0	0.0	0.011924668383779279	0.0	0.016808720789352593	0.0	0.028858732362809156	0.0	-0.08953226135734861	0.0	0.0	0.0
ENSMUSG00000099915	-0.3114577699569477	-0.1618922408189567	-0.19938599448822172	0.0	0.0	0.0	-0.2831926266250257	0.0	-0.23467318201183698	0.0	0.0	0.0	-0.21919678806389595	0.0	0.0	0.0	-0.30075559790720713	0.0	-0.9655661844218754	0.0	-0.3792171545760176	-0.27735781595224984
ENSMUSG00000100621	0.034474929549275966	0.0	0.0	0.0	0.0	0.0	0.25463343650465403	0.0	0.03572438714136118	0.0	0.0	0.050154131900392515	0.07989104339027432	0.018944503315458272	0.05390097966093895	0.0	0.02494106260077335	0.0	0.59615629083821	0.0	0.24860012840722426	0.0
ENSMUSG00000031489	0.021269811328696875	0.0	0.022077898099810443	0.0	0.0	0.0	0.2808155335722955	0.0	0.02848866764833033	0.0	0.0	0.0	0.08931091905571555	0.0	0.07260884130028401	0.026627192569765767	0.04149490139847976	0.0	0.5108842180363602	0.0	0.2334308705420493	0.0
ENSMUSG00000047655	-0.010684238041983374	0.0	-0.02414670114134761	0.0	0.0	0.0	-0.08626666448952679	0.0	-0.015826370260127808	0.0	0.0	0.0	0.0	0.0	-0.030835090153987967	0.0	-0.0385692415041162	0.0	-0.26115732002258674	-0.033747042197779006	-0.01231391350129883	-0.10937505419872054
ENSMUSG00000108083	0.018503577652039443	0.0	0.0	0.0	0.0	0.0	-0.07425716973001964	0.0	0.0	0.0	0.010856626035351563	0.02213332178400903	0.021613884679803477	0.0	0.0	0.0	0.021183536686809987	0.011355611598803175	-0.028819383861713645	-0.05582417334232003	0.0	-0.11095344378177831
ENSMUSG00000097559	0.058729534326071815	0.012379242658985282	0.043504225896397034	0.0	0.0	0.0	0.019800086900701855	0.0	0.03687572781611567	0.0	0.0	0.007148705926191878	0.0	0.0	0.013889720014278035	0.0	0.022145086184401558	0.0	0.10077002448532661	0.0	0.019597327771586757	0.0
ENSMUSG00000115232	0.018005951944857424	0.0	0.011500885427965438	0.0	0.02749877063894855	0.0	0.2523775341880064	0.0	0.0	0.0	0.0	0.06323198712077911	0.0	0.0	0.03447485504825618	0.0	0.0	0.025068285119724133	0.17654326922687263	0.0	0.10241031565193838	-0.07508683269803718
ENSMUSG00000113765	0.0	0.01524112382028342	0.01545133239161995	0.0	0.0	0.0	-0.06428774059261887	0.0	-0.02718736566716979	0.021458410206005515	0.0	0.015216232369133522	0.0	0.0	0.0	0.0	0.0	0.015029198439710786	-0.16654328087456316	-0.028561156640835497	0.0	-0.04823240036517095
ENSMUSG00000108469	0.027437165775819162	0.025564263719693434	0.020185870749475684	0.0	0.02122288813846676	0.0	-0.04657366019504048	0.0	0.0	0.0	0.020532282173306125	0.0	0.0	0.0	0.0	0.0	0.059936242951978864	0.015996392803257747	-0.10436959408334975	0.0	0.0	-0.08093916695697066
ENSMUSG00000087361	0.04347684997223198	0.0	0.0	0.0	0.0	0.0	0.19402994906601173	0.0	0.040958907536526555	0.0	0.0	0.035734452058189925	0.044323965962005406	0.0	0.04508309297736546	0.05665342162862149	0.040552569031258534	0.0	0.6348457980187587	0.0	0.1112296414216066	0.0
ENSMUSG00000056121	0.018870356281055663	0.0	0.013103189644826199	0.0	0.0	0.0	0.018298688297008984	0.032384729054991804	0.012269850208861097	0.0	0.0	0.0	0.005716261443045415	0.0	0.018558311656929075	0.0	0.02138387457116138	0.004631788609231302	0.0	0.0	0.0	0.17357315773517754
ENSMUSG00000117053	0.0	0.0	-0.029664496313762227	0.0	0.0	0.0	-0.03641167041009516	-0.04926796614329696	-0.03402746147728194	0.0	0.0	0.0	-0.008175895145907774	0.0	0.0	-0.02651476968975242	0.0	0.0	-0.2783423293058953	-0.023628247595409154	-0.028897709485301692	-0.07309835207932422
ENSMUSG00000051355	0.038803099798005315	0.0	0.0	0.0	0.0	0.0	0.1327529986548666	0.054248722357692125	0.030746936966852614	0.0	0.0	0.0	0.045947135429729086	0.0	0.02243132202185405	0.0	0.0	0.0	0.24637302424966956	0.021262704424662767	0.06730520611577359	0.2531371327586039
ENSMUSG00000025484	0.0412883121361335	0.0	0.0	0.0	0.0	0.0	0.2328639866016893	0.02156173188337979	0.05136171613997756	0.0	0.0	0.0	0.05929533817667146	0.0	0.013247953651009725	0.0	0.0	0.0	0.5168965028887119	0.020642697804243968	0.17947239309330457	0.17443171372274752
ENSMUSG00000045928	0.029912283511680064	0.01414814362048833	0.023950206240702498	0.0	0.0	0.0	-0.06222533310217757	0.0	0.01830250788577457	0.01933554498310742	0.0	0.0	0.0	0.0	0.0	0.0	0.035216471437671884	0.0	-0.20984003589369518	0.0	-0.026098198560698487	-0.10696047133707198
ENSMUSG00000071392	0.02310938003132079	0.010852483762049815	0.01701534333886221	0.0	0.0	0.0	0.0	0.0	0.020691788306557133	0.018477869199743816	0.0	0.0	0.014436193355278158	0.0	0.011497917824241935	0.0	0.03258702665465484	0.0	-0.07852607742596139	-0.042094196809195024	0.0	0.0
ENSMUSG00000058631	-0.02286223955193689	-0.024983203770984678	0.0	0.0	0.0	0.0	-0.09338643553717255	0.0	-0.04831296804493676	0.0	0.0	0.0	-0.04009171407099915	0.0	0.0	0.0	-0.08926969265677008	-0.031099316803019472	-0.558228586582931	0.0	-0.042379369969545076	-0.09168215723304896
ENSMUSG00000036372	0.049503999890355296	0.012730014658861831	0.0	0.0	0.0	0.0	0.08601743049156968	0.052148338107076565	0.0433454777963687	0.0	0.0	0.0	0.0	0.0	0.011928826316563688	0.0	0.005685242123477208	0.0	0.5817388489571608	0.0	0.06741653081200884	0.16463412185348453
ENSMUSG00000093858	0.0	0.0	0.0	0.0	0.0	0.0	0.059022821267830566	0.0	0.018370904614788266	0.0	0.0	0.0	0.017786015188935172	0.0	0.0	0.007568284283822613	0.017974399303128875	0.008508313917763822	0.04251350769096471	-0.0346643544018756	0.042390228254425025	-0.04504505847959751
ENSMUSG00000114353	0.057343313508962435	0.0	-0.0256795504857964	0.0	0.0	0.0	-0.043571066979655994	0.0	0.0	0.0	0.015763986905624156	0.018090798117407825	0.03656884974924596	0.0	-0.03349932148232908	0.0	0.0	0.0	0.23471824466167507	0.0	0.038873413729214115	-0.04327299880581503
ENSMUSG00000086546	0.0	-0.015309089182382682	0.02549601517452941	0.0	-0.013654847795471608	0.0	-0.053412537497739825	0.0	0.01782513331358068	0.0	0.0	0.0	0.0	0.0	0.0	0.0	0.017573166860579192	0.0	-0.08683238221913071	-0.03324921214010565	0.0172005255600129	-0.08876810030194521
ENSMUSG00000031994	0.041661903177877296	0.013046192299477056	0.025231177444375648	0.0	0.0	0.0	0.025404560901403354	0.0	0.02878384238546257	0.0	0.0	0.0	0.0	0.0	0.02030300246767098	0.0	0.03961435499659705	0.009092462358616354	-0.08229392893094833	0.0	0.0	0.011462996452724632
ENSMUSG00000014686	0.04559536238819705	0.0	0.027479360206947356	0.0	0.0	0.0	0.15812204803726265	0.0	0.030207186833400828	0.0	0.0	0.0357534037494694	0.0300910693499513	0.0	0.03633147892239454	0.0	0.04604268848657034	0.0	0.05372252851403952	0.0	0.05395456554355072	0.0
ENSMUSG00000017211	0.04632146464325032	0.0	0.0	0.0	0.0	0.0	0.033351597050797814	0.0	0.03764572538546862	0.0	0.0	0.0	0.03254177440929889	0.0	0.0307607890500546	0.0	0.04821131785808721	0.0	-0.05659051917452664	-0.04697065570782277	0.026495731943599526	-0.11384484042419989
ENSMUSG00000029461	0.024384780729900937	0.0	0.0	0.0	0.0	0.0	0.047279007943673526	0.031191057613412305	0.03181093725761663	0.0	0.0	0.0	0.031314486562846966	0.0	0.02016725009081254	0.0	0.0202721126604829	0.0	0.12215428487556851	0.0	0.043020749715106096	0.1691803437294733
ENSMUSG00000114422	0.027674959339290657	0.014000467967936359	0.0	0.0	0.0	0.0	-0.06776675974000744	-0.015332696782696813	0.0	0.0	0.0	0.030664011428381377	0.0	0.0	0.023690113569700053	0.0	0.0438653155314341	0.0	-0.06251705309516378	-0.04575626329789466	0.0	-0.11587443335718321
ENSMUSG00000101774	-0.3200732379963053	-0.17690479140881887	-0.20215763530657055	0.0	0.0	0.0	-0.28565685334468943	0.0	-0.2241497344478361	0.0	0.0	0.0	-0.2148857422888531	0.0	0.0	0.0	-0.33267758164652583	0.0	-0.9657591279342287	0.0	-0.36966737671867805	-0.24076327372972883
ENSMUSG00000101613	0.04491519793527903	0.012760834553034867	0.010538135788020032	0.0	0.0	0.0	0.0	0.0	0.029554402711855273	0.0	0.0	0.0	0.023174085662110763	0.0	0.019357852458957908	0.0	0.030424087364748758	0.0	0.08980095087684811	0.0	0.013109605547709463	-0.08491479727158094
ENSMUSG00000046300	0.04448436818948701	0.02179468735518647	0.03909464177235956	0.0	0.0	0.0	-0.09369104260929105	0.0	0.0	0.0313198518042767	0.0	0.03114300594945457	0.0	0.0	0.0	0.0	0.0	0.0	-0.23126703184458042	-0.04062491135798221	-0.025296066571863687	-0.13217661830487568
ENSMUSG00000056973	0.034042957291177345	0.02218774518782673	0.02197457524614659	0.0	0.0	0.0	-0.052984545176557485	0.0	0.029995074342906873	0.0	0.0	0.01717035716042291	0.0	0.0	0.019981822408414625	0.0	0.0	0.0	-0.03851674851577825	-0.028758289536962408	0.0	-0.11237076792480923
ENSMUSG00000099988	0.026450189241887967	0.0	0.037218449711382426	0.0	0.0	0.0	0.0182723048330507	0.0	0.05210469925692066	0.0	0.0	0.0	0.022113728687881567	0.0	0.022584162475052898	0.0	0.041334971561104016	0.0	-0.0754750644733723	0.0	0.020346818621049076	-0.072639217668692
ENSMUSG00000091649	-0.04361922515621552	0.0	-0.027214285532700156	0.0	0.0	0.0	-0.10520971033457828	-0.0207452362285133	-0.041547901648927514	-0.016761414274504394	0.0	0.0	0.0	0.0	0.0	0.0	-0.04736589815175813	0.0	-0.35582314470456433	-0.021126414936972437	0.0	-0.12072690134220981
ENSMUSG00000063507	0.0	0.0	-0.013110239236421318	0.0	-0.0038841857045140674	-0.0008209559867849991	-0.08934953234584717	-0.008968568366229814	-0.003404360092198288	0.0	0.0	0.0	0.0	0.0	-0.03067677933274595	0.0	0.0	0.0	-0.07390285930036489	-0.03930916382077078	0.0	-0.10961986305640214
ENSMUSG00000112823	0.04426611804674451	0.0	0.0	0.0	0.0	0.0	-0.06914743689133977	-0.040334007249005537	0.04017410836134701	0.0	0.0	0.03989228760780661	0.0	0.0	0.0	-0.03712069304546113	0.05766848536457776	0.0	-0.31904581824438977	0.0	-0.01889312704119006	-0.07581222101301749
ENSMUSG00000121451	0.0	0.030641796572595616	0.05665351814097501	0.0	0.0	0.0	0.0	0.007944654672816909	0.03981514727321978	0.02394014827675012	0.012487901183535427	0.0	0.0	0.0	0.023122371516879906	0.0	0.05436473305303595	0.0	0.056826316475142	0.0	0.0	-0.07503585368266655
ENSMUSG00000056999	0.0277142265277326	0.0	0.010669938160204007	0.0	0.0	0.0	0.04625518557613952	0.08568168555745112	0.016884275543992633	0.0	0.0	0.0	0.014472036031974828	0.0	0.027748918466506192	0.0	0.0	0.0	0.1270320060446742	0.0	0.012743090581994127	0.255928108927635
ENSMUSG00000110781	0.04036032896996409	0.022673432050318954	0.0	0.0	0.0	0.0	-0.023449568895209397	0.0	0.037579597555342965	0.0	0.0	0.0	0.0	0.0	0.028868775107915003	0.0	0.04141426648537063	0.0	-0.06657401514759524	-0.03608883336315715	0.02552610148414086	-0.0586113587284639
ENSMUSG00000084937	0.0	0.0	-0.03265357937134826	0.0	0.0	0.0	-0.11402508542218494	0.0	-0.03962037335695663	0.0	0.0	0.0	-0.01592370746750491	0.0	-0.01933373888312992	0.0	-0.015014790353144014	0.0	-0.2790098550204867	-0.02617794476703502	-0.03246565730116995	-0.11214926658273577
ENSMUSG00000031103	-0.0223698688573592	0.0	0.0	0.0	0.042784265026740466	0.0	0.12121107656100495	0.0	-0.025121180154561502	0.0	0.0	0.0	0.021598798771927497	0.0	0.019729169047787366	0.0	0.022432707248467756	0.0	0.21242720283956537	0.0	-0.040127992479492065	-0.03389312018669824
ENSMUSG00000021974	-0.03601651233265567	0.0	0.0	0.0	0.047302061393673725	0.0	0.1321056015399031	-0.03608905933047713	-0.029892641497813427	0.0	0.0	0.0	0.0	0.0	0.0	-0.0420665122976975	0.0	0.0	0.061055268468043905	-0.03732560821076432	0.0392933815976089	-0.03112195356590977
ENSMUSG00000121462	-0.05665168817032956	0.0	0.0	0.0	0.0	0.0	-0.27599627970693913	0.0	-0.11882922984006765	0.0	0.0	0.0	-0.265960750953629	-0.05312177249623531	0.0	0.0	-0.2156682967309222	-0.1014702353153287	-0.11328364499599437	0.0	-0.04842464066562502	-0.14231529566823367
ENSMUSG00000121391	0.031307664220305516	0.0	0.0364381222647534	0.0	0.0	0.0	0.0	0.0	0.02606820827182964	0.0	0.0	0.017961543908473404	0.0	0.0	0.029662242644361902	0.026581908987781823	0.02580072842102563	0.0	-0.09392144353288456	-0.04320180278002601	0.0	-0.10656664747522024
ENSMUSG00000027870	0.02645486210087833	0.0	0.019116770773798936	0.0	0.015203681644990252	0.0	-0.09176783729546961	0.0	0.024735342763941494	0.0	0.0	0.01634508037889955	0.0	0.0	0.014166636028736313	0.0	0.0	0.0	-0.17180241533356472	-0.0376817208000037	0.0	-0.12360187325804149
ENSMUSG00000060098	0.04579822858530862	0.0	0.0	0.0	0.0	0.0	0.0	0.12176215224301377	0.03528493132054229	0.0	0.0	0.0	0.034105453117997356	0.0	0.041202988105929574	0.020315801668677635	0.021717132341889534	0.0	0.19659185916978017	0.0	0.023859838854851247	0.3145209670108327
ENSMUSG00000107388	0.04102639090965191	0.0	0.02387557429226179	0.0	0.0	0.0	0.045901330038492456	0.0	0.03170292533429812	0.0	0.0	0.018848953611187946	0.018361910663846348	0.0	0.018672413937131958	0.0	0.03554097885633848	0.0	0.04983751935647894	0.0	0.029764007949805108	0.0
ENSMUSG00000118646	0.03685911746062031	0.0	0.030474256345324222	0.0	0.0	0.0	0.0	0.015264983045403649	0.029114613559508517	0.0	0.0	0.0	0.0	0.0	0.017474710443080153	0.0	0.05653956991832899	0.017197752959171565	-0.08076545025815396	-0.040618489437617394	0.0	-0.1264186873582296
ENSMUSG00000108958	0.03965620402732683	0.0	0.0	0.0	0.015634331734486473	0.0	-0.14399394668807275	0.0	0.0	0.0	0.0	0.027042931011113457	-0.05998904036494501	0.0	0.0	0.0	0.024699498653550082	0.0	-0.23167044147485433	-0.04331735155158641	-0.024107450484264718	-0.1329073233046789
ENSMUSG00000043924	0.0322514332072172	0.012176267196680645	0.02392703497974669	0.0	0.0	0.0	0.046175575450497226	0.0	0.014001457347913086	0.010809777269064319	0.0	0.0	0.021276384179373314	0.0	0.018763734819979457	0.0	0.033231654638277285	0.0	0.0	0.0	0.028822874493708957	0.0
ENSMUSG00000009248	0.052483141892127674	0.0	0.008008079009933278	0.0	0.0	0.0	0.17890904925717654	0.0	0.05597731399482794	0.0	0.0	0.0	0.0832354817567557	0.0	0.025301411375610393	0.0	0.026181929872789052	0.0	0.42227906532789417	0.0	0.224105765240201	0.04205476788593474
ENSMUSG00000099861	-0.2867468808765275	-0.1607395644450471	-0.1668953131851131	0.0	0.0	0.0	-0.2765154786197185	0.0	-0.24547298457155575	0.0	0.0	0.0	-0.22856884756056725	0.0	0.0	0.0	-0.3209993287301295	0.0	-0.9950904093151861	0.0	-0.3988823570931695	-0.25278419042522104
ENSMUSG00000121559	-0.34878036363279713	-0.18780931197402556	-0.1557820578519995	0.0	0.0	0.0	-0.2943538996753063	0.0	-0.22161630132313598	0.0	0.0	0.0	-0.23924550961199362	0.0	0.0	0.0	-0.26837709838358076	0.0	-0.9970170231605061	0.0	-0.37676970573508123	-0.2429440834738095
ENSMUSG00000103052	0.0	0.0	-0.06263794267865433	0.0	0.0	0.0	-0.24579557142611183	0.0	-0.04595541527501523	0.0	-0.06831503182747983	0.0	-0.06744028095091936	0.0	-0.13250515671273527	0.0	-0.11452844460742903	0.0	-0.25215650225739455	0.0	-0.04625032043036554	-0.082380425899783
ENSMUSG00000090777	0.06576614134534689	0.0	0.036400582750262096	0.0	0.02579893093708471	0.0	0.0	0.0	0.0	0.0	0.011391545853485466	0.0	0.0	0.0	0.02039982661814967	0.0	0.08714558887663755	0.011661062413511725	0.09246063025548724	0.0	0.02989923002942601	-0.10585134176425184
ENSMUSG00000064215	0.025196361813235715	0.026065363607619737	0.0	0.0	0.02493765919976445	0.0	-0.053738676558837406	0.0	0.02166016997286886	0.016210083335024494	0.0	0.0	0.0	0.0	0.0	0.0	0.0	0.0	-0.23298386293150217	-0.0362139667975956	-0.03656381471583774	-0.0761380044858521
ENSMUSG00000121515	-0.07592233914413696	0.0	-0.024161619242397753	0.0	0.0	0.0	-0.13451861300566784	0.0	-0.05186775658273789	-0.01982267224903178	0.0	0.0	-0.029905225236357084	0.0	0.0	0.0	-0.056942173866728896	0.0	-0.4445098754319617	0.0	-0.07117975345923953	-0.19097650881680564
ENSMUSG00000078504	0.03489907792868748	0.0232116784035581	0.0	0.0	0.0	0.0	-0.05330106489783731	-0.023017341128512236	0.026913801907053912	0.0	0.0	0.014304609127177959	0.019348877858420484	0.0	0.0	0.0	0.0	0.0	-0.10154157648961191	-0.03789960454763621	0.0	-0.07721291977217098
ENSMUSG00000103328	0.0	0.0	0.06353009769187569	0.0	0.0	0.0	-0.22708536813797284	0.0	0.03436812733853425	0.0	0.0	0.0	0.0	0.0	0.02193869631763313	0.0	0.055673590190143694	0.01808943827218093	0.06525124242328664	-0.07149816816853133	0.022623815854546734	-0.05266401062540532
ENSMUSG00000111713	0.016906746537533806	0.0	0.0	0.0	0.0	0.0	-0.048869325998678714	0.0	0.03082413353491591	0.019235767954134425	0.0	0.012945394556070716	0.0	0.0	0.023974720081261176	0.0	0.022260925281619524	0.0	-0.028028899811452995	0.0	0.049619436538690324	-0.04275602542082534
ENSMUSG00000086211	0.03979833560076693	0.010813154911048766	0.02509604134348551	0.0	0.0	0.0	0.0	0.0	0.03434619122735397	0.0	0.0	0.0	0.009859929928859146	0.0	0.01626820346211798	0.0	0.03405771479742721	0.0	0.16810884265763382	0.0	0.010254102227725805	0.018229124441801275
ENSMUSG00000120010	0.017883983011493177	0.0	0.009899989477103955	0.0	0.02063474757685788	0.0	0.0	0.058285645099647364	0.024746774508668207	0.0	0.0	0.0	0.007879293382991426	0.0	0.0	0.0	0.011544945964528533	0.0	0.45786867239283585	0.0	0.008333749158739707	0.22759542589991183
ENSMUSG00000032177	0.04224326979110021	0.0	0.015792686455431748	0.0	0.0	0.0	0.12566211377320277	0.0	0.02891405592953679	0.0	0.0	0.0	0.036555997201757874	0.0	0.0	0.0	0.02229336132315338	0.0	0.12597671714595549	0.02485427065858889	0.06047644266299148	0.128482866638176
ENSMUSG00000031876	0.046620654854059154	0.0	0.03308000601781155	0.0	-0.028509736725743445	0.0	0.0	-0.05263716281957074	0.0318355235561717	0.0	0.0	0.0	0.0	0.0	0.02524300347120719	-0.0383215791120243	0.03926513455444096	0.0	0.027467386690073436	0.0	0.0	-0.06369558788882684
ENSMUSG00000060044	0.021461903675483614	0.0	0.0	0.0	0.0	0.0	-0.031335540166868694	-0.04614258183618809	0.0	0.0	0.0	0.0	0.0	0.0	0.0	-0.03038854413768304	0.024468615971341527	0.015354787948192783	-0.1045571403644431	-0.034023888443310654	-0.0103618267355563	-0.0599899504808994
ENSMUSG00000087587	-0.06444913750495206	0.0	-0.033351371468462676	0.0	0.0	0.0	-0.12979889198629205	-0.062276526375463576	-0.0483298548434432	0.0	0.0	0.0	0.0	0.0	-0.05298142091404439	0.0	-0.04812638479112159	0.0	-0.28814751592240884	-0.03529988904784123	0.0	-0.05321966985242217
ENSMUSG00000054885	0.012704377099019669	0.0	0.01487389920725289	0.0	0.004523924776939468	0.0	0.010285717669082978	0.0	0.012621279818901569	0.0	0.0	0.0	0.0	0.0	0.0117807992773691	0.0	0.02822896371737243	0.007198404356091065	-0.12097192270093476	0.0	0.0	0.011265518964211766
ENSMUSG00000096869	0.04313422665241233	0.020916059326712793	0.022207772819517753	0.0	0.0	0.0	-0.0578993013442064	0.0	0.03976365479148155	0.0	0.0	0.0	0.0	0.0	0.0	0.0	0.03741081432451148	0.0	-0.05974672727167143	-0.039797480347191695	0.0201357075228783	-0.07887268120360155
ENSMUSG00000100739	-0.33672551013398766	-0.18905425222049435	-0.1842409069882538	0.0	0.0	0.0	-0.31551245041137166	0.0	-0.23054176453740544	0.0	0.0	0.0	-0.21543332456948708	0.0	0.0	0.0	-0.2891568921195408	0.0	-0.9688180117528448	0.0	-0.3448232165922827	-0.2583890254965669
ENSMUSG00000059878	0.010524861580244939	0.0066769134652192585	0.011205450582252828	0.0	0.0	0.0	0.1195364955561382	0.015312340324539944	0.0	0.0	0.0	0.0	0.01190805943181059	0.0	0.0	0.0	0.014562407437862631	0.0	0.1678116588040549	0.0	0.05029139038576422	0.1462537202778763
ENSMUSG00000014603	0.039238766154128565	0.0055153735269434226	0.022646122319365285	0.0	0.003945635528415675	0.0	0.05021301640612772	0.0	0.01978267207371014	0.006936989185513758	0.0	0.0	0.0	0.0	0.016109626449160953	0.0	0.03303933854616725	0.0	0.0	0.0	0.013919692268505214	0.0
ENSMUSG00000032999	0.0	0.10721687568809331	0.0	0.0	0.0	0.11745489137391932	-0.10351246967122728	-0.2213229849400489	0.0	0.019056133659692442	0.0	0.073606549472557	0.04184729639759873	0.0	0.0	0.0	0.0	0.0	0.0183687371753303	0.03498743400604204	0.0	-0.2694340347200322
ENSMUSG00000029823	0.0	0.0	0.0	0.0	0.0	0.0	0.1750189509435876	0.12382699877926405	0.0	0.0	0.01337004966774628	0.0	0.05239594409109691	0.0	0.0	0.0	0.014269868227415097	0.015908774705737087	0.3510961631517763	-0.08562801005029241	0.07760530185323915	0.40559433515432475
ENSMUSG00000114730	0.06955088262098362	0.0	0.03586846559570358	0.0	0.0	0.0	-0.09161511758797143	0.02712629722643776	0.0	0.0	0.07179895256290023	0.020417890172271427	0.0	0.0	0.03054159925623634	0.0	0.07723579918138683	0.0	-0.18585651347044582	0.0	0.0	-0.07826477129940432
ENSMUSG00000044876	0.036638745436627415	0.0	0.0	0.0	0.0	0.0	0.1618270339653572	0.06520538763770137	0.03175978093449887	0.0	0.0	0.0	0.058536193496246135	0.0	0.02977802514339467	0.0	0.0	0.017613758917575106	0.4457597578431663	0.0	0.08514127682785291	0.22257503566046433
ENSMUSG00000120651	-0.02833119251237944	0.0	-0.019031548657510333	0.0	0.0	0.0	-0.11004953161677267	-0.029254729650091717	-0.022092735226522546	-0.03359784707962686	0.0	0.0	0.0	0.0	-0.04080458327477636	0.0	0.0	0.0	-0.19500315438513924	-0.03987766482760756	0.0	-0.1232099375724301
ENSMUSG00000068966	0.04295230957091695	0.0	0.0	0.0	0.0	0.0	0.109624738770444	0.025230179315927918	0.03791093532130615	0.0	0.0	0.0	0.03583699742463725	0.0	0.0	0.0	0.028406133288064774	0.0	0.059436248559438	0.02344499570027503	0.04629333941185739	0.15428925645854333
ENSMUSG00000024772	0.042469818523688405	0.0	0.0	0.0	0.0	0.0	0.14385114404290786	0.05574955263478659	0.032733579590976725	0.0	0.0	0.0	0.040384378383801496	0.0	0.022486931905392405	0.0	0.019862716628726074	0.0	0.2967647179723228	0.0	0.07401879479542232	0.2208993310236842
ENSMUSG00000022211	-0.03388531729836714	0.0	0.0	0.0	0.07804835179442927	0.0	0.1038547581741473	0.05117283547714851	-0.052857137853150875	0.0	0.015913307361146267	0.0	0.0	0.0	0.0	0.0	0.020640467713128316	0.0	-0.05358413256249715	0.0	0.01894022884826611	0.12227971976466383
ENSMUSG00000025792	0.05283269273048835	0.0	0.022196383071299574	0.0	0.0	0.0	0.05930552339453715	0.02891708404533145	0.04868678641223943	0.0	0.0	0.0	0.0	0.0	0.022914442605273533	0.0	0.02997297022451304	0.0	0.04956873736959774	0.0	0.03754509948253995	0.15719616291965735
ENSMUSG00000120909	-0.03033688995776733	0.0	-0.05794544085497567	0.0	0.0	0.0	0.07676905848488325	-0.028870590253117175	-0.03298288105439906	0.0	0.0	0.0	-0.058119323027280866	0.0	0.0	-0.014297070386885102	0.0	0.0	0.2041404313579227	-0.017340552869319945	0.0	-0.07607939456633092
ENSMUSG00000116654	0.0	0.0	0.0	0.0	0.0	-0.009044730056089967	-0.07565358053185324	-0.017101949892937684	0.0	-0.017387389041939826	0.0	0.0	-0.011685044561827104	0.0	-0.014533901017965499	0.0	0.0	0.0	-0.23161403362482727	-0.0418316355902858	-0.00997628219715156	-0.14768050183076464
ENSMUSG00000100311	-0.3392793266670443	-0.18908984759320893	-0.17644259079076788	0.0	0.0	0.0	-0.2670699148942157	0.0	-0.2245489369939971	0.0	0.0	0.0	-0.19252075360289655	0.0	0.0	0.0	-0.316291560306611	0.0	-0.9762886281852022	0.0	-0.40357789489686274	-0.2475859008914283
ENSMUSG00000073010	-0.05158312772039335	0.0	-0.04183129292594012	0.0	0.0	0.0	-0.13561586939306808	-0.04672105284175002	-0.04612964466134018	0.0	0.0	0.0	-0.04379598222664036	0.0	-0.07333515862911305	0.0	0.0	0.0	-0.10477796575763802	0.0	-0.04492506949325188	-0.15114047330811015
ENSMUSG00000092190	0.0	0.0	0.0	0.0	0.011886734815905076	0.0	-0.058793291419493444	0.0	0.016281512299417975	0.0	0.0	0.023612586375820362	0.01628919872125876	0.0	0.023200424064033037	0.0	0.01612377876821942	0.0	-0.15547117804848445	-0.04674093566327821	0.0	-0.12330243286452498
ENSMUSG00000012282	0.036619263001311075	0.016649965099832104	0.014781814308545343	0.0	0.0	0.0	0.1079780064938764	0.0	0.030535059777821817	0.0	0.0	0.0	0.026952347732269056	0.0	0.0	0.0	0.03359549066086142	0.0	0.10318068740257874	0.0	0.013324706416975751	0.030992548491074984
ENSMUSG00000047307	-0.32122695038330296	-0.1875000503843105	-0.19166956260466972	0.0	0.0	0.0	-0.2652717866251609	0.0	-0.24125571112504093	0.0	0.0	0.0	-0.21806064625063232	0.0	0.0	0.0	-0.30649697219522837	0.0	-0.9787952293134206	0.0	-0.376879227287597	-0.24553921865287232
ENSMUSG00000117171	0.06678064046491353	0.0	0.020445860091104762	0.0	0.0	0.0	0.13769917764431752	0.02919345373174972	0.04301041688737794	0.0	0.010943384659836908	0.0	0.0	0.0	0.0	0.0	0.0248196617205415	0.0	0.27845136000553483	0.0	0.04987067584694982	0.2178470779910997
ENSMUSG00000036552	0.036235055143102914	0.0	0.0	0.0	0.0	0.0	0.19153476948329826	0.0782114290970145	0.0346750847015375	0.0	0.0	0.0	0.043273930377580094	0.0	0.024733121852365203	0.0	0.0	0.0	0.763726945357614	-0.19661065576831915	0.10142389416630393	0.32314772165380273
ENSMUSG00000020042	0.03897637091949026	0.0	0.024628643243485127	0.0	0.0	0.0	0.07790277678695341	0.0	0.03186860124300974	0.0	0.0	0.0	0.03314012560923671	0.0	0.02530141805168369	0.0	0.03036732618770088	0.0	0.19325878356123843	0.0	0.029676691073853418	0.1061285605816488
ENSMUSG00000108134	0.037207757490090594	0.024032619683125783	0.03755141402923699	0.0	0.0	0.0	-0.045573155093059176	0.0	0.018147399970295852	0.0	0.0	0.016994700591349346	0.01902155317235255	0.0	0.0	0.0	0.05934941191409185	0.0	0.0	-0.039342808641812825	0.0	-0.0534303668649084
ENSMUSG00000121797	-0.02806369794531086	0.020216284494912872	0.0	0.0	0.04130050486299512	0.0	0.06701143762746975	0.0	0.0	0.0	0.0	0.01650406107600963	0.0	0.012438033330664622	0.0	0.0	0.0	0.0	-0.23770330794835953	-0.04905497201889075	-0.022163281182450693	-0.09062781602026135
ENSMUSG00000052133	0.03956925711471514	0.017949928170743867	0.023261102627970834	0.0	0.0	0.0	0.09763345649185241	0.0	0.033580047813890686	0.0	0.0	0.0	0.0325768665139738	0.0	0.020668684985830008	0.0	0.030348059559527785	0.0	0.15996324901115894	0.0	0.0	0.04544192418731069
ENSMUSG00000109110	0.0	0.0	0.07079807047523248	0.0	0.03485270870340661	0.0	0.0	-0.04610725155852728	0.0	0.020025113530763198	0.015555958306552453	0.0	0.0	0.0	0.0	0.0	0.05536291907683108	0.00888395971543357	0.010932781460394728	0.0	0.03318870409089367	-0.033567442787797275
ENSMUSG00000038457	0.046737228901206594	0.0	0.03230190186390226	0.0	0.0	0.0	-0.03923228802370929	-0.03895939121395145	0.029934032610880824	0.02095212236775334	0.0	0.0	0.0	0.0	0.020170003660865275	0.0	0.03716084837156147	0.0	0.022669206500183354	0.0	0.0	-0.07451965557784299
ENSMUSG00000031445	0.039834082025235036	0.014596095753468258	0.032275661644683214	0.0	0.0	0.0	0.0	0.0	0.013569340899270877	0.021993616202960118	0.0	0.0	0.011034065926652556	0.0	0.0225133614356458	0.0	0.047422012792919646	0.0	0.17598430221723357	0.0	0.0	-0.07736428244177063
ENSMUSG00000030862	0.031089299430858183	0.0	0.025502286498740978	0.0	0.0	0.0	-0.0583575575329575	-0.043845675476405006	0.0	0.0	0.0	-0.017795854087452195	0.0	0.0	0.0	-0.031094269446271756	0.03173271125517377	0.0	-0.21746283291221782	0.0	-0.02253207862205662	-0.04389132817784695
ENSMUSG00000059043	0.03951518143491483	0.0	0.032919735868529046	0.0	0.0	0.0	0.08100516143091241	0.0	0.023898726175300544	0.0	0.0	0.025212348926997544	0.020049045143590957	0.0	0.0	0.0	0.03752840459686251	0.0	-0.14241006849871632	-0.06952492291329522	0.0	-0.11191407419224587
ENSMUSG00000093701	0.02453428014010152	0.0	0.024228533264859946	0.0	0.0	0.0	0.08425329657240435	0.0	0.022390558376262908	0.01103011711126705	0.0	0.0	0.01427787722337312	0.0	0.012726739550100593	0.0	0.03499418911185864	0.0	0.0	-0.04110936255184059	0.0	-0.09142710614593354
ENSMUSG00000044293	-0.2913612632426362	-0.20091053271837025	-0.18259443328883418	0.0	0.0	0.0	-0.30154393993266126	0.0	-0.23602773978328254	0.0	0.0	0.0	-0.1990134275191635	0.0	0.0	0.0	-0.29827232287906996	0.0	-0.9841069498094105	0.0	-0.38567794347510115	-0.25318680217370576
ENSMUSG00000118036	0.05319199866008994	0.0	0.0	0.0	0.0	0.0	-0.045520705871505064	0.0	0.05606792655460476	0.0	0.0	0.0	0.025211601560651303	0.0	0.05581614929138748	0.0	0.03524487062192854	0.0	-0.16944499222680906	-0.05045630563705904	-0.04173075942559843	-0.12648909260789096
ENSMUSG00000042631	0.03398330857870466	0.0	0.023768329165246658	0.0	0.0	0.0	0.09051434552128496	0.013103621699369072	0.019780322831068866	0.0	0.0	0.0	0.013067696660756557	0.0	0.018737127266385635	0.0	0.028443570061329297	0.0	0.0	0.0	0.02184242941229531	0.11865071816001921
ENSMUSG00000032727	0.02667822109479257	0.0	0.0	0.0	0.0	0.0	0.08108150430958207	0.03502469692954795	0.02748508951242859	0.0	0.0	0.0	0.016180541177889474	0.0	0.02266456343466457	0.0	0.020578806488714425	0.0	0.0707625473245559	0.0	0.041134677376193744	0.1770606691106636
ENSMUSG00000104811	-0.0469815151752766	0.0	-0.04312511475827832	0.0	0.0	0.0	-0.10575097139778938	0.0	-0.04288747161662914	0.0	0.0	0.0	0.0	0.0	-0.04030158077440105	0.0	-0.026790296098833946	0.0	-0.234710419787807	-0.023522506344265004	-0.01823998762116419	-0.1255069655138431
ENSMUSG00000120930	0.0	0.0	0.0	0.0	-0.05817197501979529	0.0	0.054895815424327046	0.058288732014065994	0.0	0.0	0.0	-0.05195263855364899	-0.05629137282059591	0.0	0.0	0.0	0.016345318893314587	0.0	0.5422456122973939	-0.042838690700928626	0.040056692216541706	0.16361784938317528
ENSMUSG00000046435	0.0	0.0	-0.002960356805882136	0.0	0.0	0.0	-0.076287335787382	0.0	-0.014970370743443694	-0.013607018974944476	0.0	0.0	-0.01106651340734596	0.0	0.0	0.0	-0.029985819257701087	0.0	-0.20894517247309616	-0.03170998668255008	-0.038539636090681485	-0.09981291863561577
ENSMUSG00000040599	0.0265342701721134	0.0	0.0	0.0	0.0	0.0	0.11900419197786462	0.0930606672622195	0.009446498736732258	0.0	0.005553834331257113	0.0	0.0	0.0	0.0	0.0	0.005405008680828094	0.013282793572992441	0.5324857279299252	0.0	0.05838010262995962	0.30140031869032996
ENSMUSG00000041476	-0.06818774367757643	-0.05760639565385432	-0.027467240922126268	0.0	0.0	0.0	-0.1309315729871301	0.0	-0.044140855949809446	0.0	0.0	0.0	0.0	0.0	-0.0313788659811108	0.0	-0.03869273718416879	0.0	-0.3380980491926842	0.0	-0.041404248479310055	-0.10470945542144879
ENSMUSG00000100925	-0.3200407993561424	-0.18319702959970138	-0.15974926520874622	0.0	0.0	0.0	-0.2802715274382212	0.0	-0.23002313529152632	0.0	0.0	0.0	-0.2351371066525134	0.0	0.0	0.0	-0.2893503615874534	0.0	-0.9852201135135528	0.0	-0.41145318910808587	-0.23825282706629258
ENSMUSG00000113385	0.0	0.0	0.0	0.0	0.0	0.0	0.030305034858936764	0.0	0.027644485032917655	0.0	0.010346783278770585	0.013403143297584717	0.01119555232466639	0.0	0.0	0.0	0.02342212976780419	0.007084144301307105	0.39419472310595655	0.0	0.030800546675496993	0.13204812528899276
ENSMUSG00000102250	-0.04995438870670729	-0.018753471976389432	-0.02864317897764641	0.0	0.0	0.0	-0.1317000493434482	-0.012376592936648723	-0.03779092163513082	0.0	0.0	0.0	0.0	0.0	-0.026033423213651756	0.0	0.0	0.0	-0.20489573413570247	-0.02446662703877731	0.0	-0.11087273159430844
ENSMUSG00000027177	0.013364490424218611	0.0	0.0	0.0	0.0	0.0	0.03520695314429718	0.06329034815188683	0.018140487493966937	0.0	0.0	0.0	0.024450460055668498	0.0	0.019325120174079367	0.0	0.015309095985585405	0.0	0.04337336304847406	0.0	0.031174165790982672	0.23417866124620568
ENSMUSG00000021684	0.0334386824225487	0.0	0.02210206052747534	0.0	0.0	0.0	0.02850988510967511	-0.045990825925026055	0.024572180347428335	0.021263926429151404	0.0	0.0	0.0	0.0	0.0	-0.03461653541033115	0.02977830224425176	0.0	-0.0760033130119081	0.0	0.0	-0.03241710191176113
ENSMUSG00000104291	-0.012888291794820483	-0.05672164453121768	-0.040615545195959044	0.0	0.0	0.0	-0.05841269274457828	-0.016419510934577514	-0.02358180447765797	0.0	0.0	0.0	0.0	0.0	-0.013614142851846808	0.0	0.0	0.0	-0.11536926187504282	-0.03147261834184502	0.0	-0.08586115765887259
ENSMUSG00000049775	0.0	0.0032052064754304836	0.0	0.0	0.0	0.0	0.3949178172289092	0.01023487769731704	0.0	0.0	0.003462048557460573	0.0	0.0737770544151577	0.0	0.0	0.0	0.017319806130006297	0.008341489408889874	0.722921992805596	0.0	0.2931936050675859	0.1813429816977468
ENSMUSG00000023067	0.049754153969658176	0.014649037258837386	0.0	0.0	0.0	0.0	0.22917804202681857	0.0	0.027500849839883768	0.0	0.0	0.0	0.05426277823898569	0.012499043725212378	0.020822102446042986	0.0	0.02032637001806686	0.0	0.6253188027720564	0.0	0.18810211222869855	0.0
ENSMUSG00000050945	0.013450038072736667	0.0	0.0	0.0	0.0	0.0	-0.06468492992164072	0.05176538909453494	0.0	0.0	0.010072744621577858	-0.03269109448873101	0.0	0.0	0.0	0.0	0.018531906461059258	0.011927102060168795	-0.24605872413144436	0.0	-0.033548000686674836	0.1650226054535998
ENSMUSG00000023070	-0.030512803720648324	0.0	-0.028101110142838098	0.0	0.0	0.0	-0.12323122871421541	0.0	-0.041327180729952936	0.0	0.0	0.0	0.0	0.0	-0.04050662424654007	0.0	-0.04769220686124211	0.0	-0.043389215029617144	-0.02549829653059721	-0.03763918146522819	-0.14481314287177338
ENSMUSG00000114749	-0.0638274907785988	0.0	-0.03299679361432898	0.0	0.0	0.0	-0.04491877502773741	0.0	-0.09198650362248469	0.0	0.0	0.0	0.0	0.0	-0.005035522537701267	0.0	-0.07159475096812466	0.0	-0.31360997243543176	-0.002816722699750529	-0.008459803882257724	-0.10983996659773859
ENSMUSG00000105020	0.0	0.00969769832698576	0.0	0.0	0.0	0.0	0.02584314180380499	0.0	0.0	0.0	0.009212566446462244	0.0	0.010479260148080656	0.008407267215650216	0.0	0.0	0.01715657397836511	0.007151285357407116	-0.11419822884291202	-0.03960677767923734	0.0	-0.09118511606891523
ENSMUSG00000053977	0.036621227643758206	0.0	0.01955953217448707	0.0	0.0	0.0	0.04106475200408967	0.0	0.05198133148675143	0.0	0.0	0.0	0.023968669964270564	0.0	0.024673420889299576	0.0	0.03140846553963943	0.0	0.09260732128164137	0.0	0.037268138303259035	-0.07849037214089544
ENSMUSG00000074995	-0.06175625529642895	0.0	-0.05165171431477554	0.0	0.0	0.0	-0.10168944534216795	-0.0556054791847148	-0.04676216426975471	0.0	0.0	0.0	0.0	0.0	-0.04071955495282196	-0.035244335819512695	0.0	0.0	-0.04985171363888797	-0.03662541783344266	0.0	-0.09195362658672028
ENSMUSG00000063535	0.03597677829000754	0.0	0.007477358382225963	0.0	0.0	0.0	0.17011481066313278	0.0	0.03152717494156072	0.0	0.0	0.011128981925345071	0.03380595621540592	0.0	0.017620597923646168	0.0	0.009032336721819677	0.0	0.33162494809992343	0.0	0.09449058745933833	0.0
ENSMUSG00000096347	-0.303330580637224	-0.1854214318240639	-0.18417209193219117	0.0	0.0	0.0	-0.31549451572005355	0.0	-0.20242641272695994	0.0	0.0	0.0	-0.2227457983030299	0.0	0.0	0.0	-0.2978454743924878	0.0	-0.9846069136815784	0.0	-0.38567808136463805	-0.2509740542400086
ENSMUSG00000099974	-0.28906875485027517	0.0	-0.19978036354987871	0.0	0.0	0.0	-0.31342213984040057	0.0	-0.22888585217515664	0.0	0.0	0.0	-0.22042515582622133	0.0	0.0	0.0	-0.2874759306509965	-0.16310752839188503	-0.9618758656569145	0.0	-0.41077044693025255	-0.2578833169502547
ENSMUSG00000086933	0.0	0.01706843023963434	0.05901176649091432	0.0	0.01647292707258266	0.0	0.06204806778176966	-0.054330725966202434	0.0	0.0	0.0	0.0	0.01940196261128777	0.0	0.0	-0.04620993447225663	0.07692707311333426	0.0	0.0	-0.023561405336911645	0.0	-0.029527808188834853
ENSMUSG00000027358	0.0	0.0	0.0	0.0	0.017313476161651985	0.0	0.09670452926479543	-0.013732903396777456	0.0	0.0	0.0	-0.021977815066003478	0.030299292198262374	0.0	0.019003038351690267	-0.02595703915406106	0.015600691857391484	0.0	-0.06020310412337584	-0.03926744919640115	0.0	0.0
ENSMUSG00000091624	0.0	0.016543011186150244	0.0	0.0	-0.010576483939556819	0.0	-0.058970037628723306	0.0	0.0	0.0	0.0	0.027320144659999292	0.02141332717861983	0.0	-0.018011166802944876	0.0	0.0	0.016012233026431223	-0.058861527859990805	-0.035730048936100954	0.0	-0.04576382706460929
ENSMUSG00000107521	0.03970657809608515	0.018278401877852797	0.054748910620924705	0.0	0.0	0.0	0.0	0.0	0.06459499892075483	0.0	0.0	0.016726331478573525	0.0	0.007276590272468841	0.0	0.0	0.02478356355086716	0.0	0.05498798552574675	0.0	-0.027951673499044066	-0.08693738943334142
ENSMUSG00000090038	-0.03694563696405095	0.0	-0.01313800275758903	0.0	0.0	0.0	-0.08626432561501382	-0.02478613553442554	-0.043256887225065814	0.0	0.0	0.0	0.0	0.0	-0.006468908963748465	0.0	-0.021037547608708067	0.0	-0.0176723070282803	-0.021113810880344638	0.0	-0.08220367032537682
ENSMUSG00000101890	-0.01048316350281905	0.0	-0.0028103457853997926	0.0	0.0	0.0	-0.06313890056433191	-0.010988863769278549	0.0	0.0	0.0	0.03480236021154115	0.0	0.0	-0.009619410794304463	0.0	0.0	0.0	-0.14108497212249504	-0.038453867723048984	-0.00474505762728514	-0.10146351266904464
ENSMUSG00000101256	-0.32376276362791667	-0.18202178330950236	-0.1736958384905086	0.0	0.0	0.0	-0.28454113013019716	0.0	-0.24990303536430947	0.0	0.0	0.0	-0.24055226161783433	0.0	0.0	0.0	-0.3149517556775117	0.0	-0.938235521919931	0.0	-0.3946557927007557	-0.23037547198376884
ENSMUSG00000112986	0.0	0.015775904705823372	0.0	0.0	0.0	0.0	-0.026912774096556524	0.0	0.0	0.0	0.02305175156080141	0.0	0.031034092814233336	0.0	0.02127089774384477	0.0	0.037827778798926175	0.010846635046264264	0.35357199828940417	-0.03328766606042408	0.0	-0.08869782592519626
ENSMUSG00000049823	0.04004354488342225	0.009944147784636703	0.0	0.0	0.0	0.0	0.22269421761472516	0.0	0.01630837343104213	0.0	0.0	0.0	0.01629665204325584	0.0	0.0	0.0	0.010202036956208837	0.0	0.6378961957404519	0.01698998472269394	0.24426479121502093	0.16995903615160235
ENSMUSG00000118540	0.0	0.0	-0.011889103784880306	0.0	0.0	0.0	-0.08489041682300033	0.0	-0.003934528712337015	0.0	0.017611571922969558	0.015941544683308783	0.0	0.0	-0.014899555030014592	0.0	0.0	0.0	-0.10871109043596303	-0.03797157018031303	-0.012909370162013665	-0.14368753611192722
ENSMUSG00000042644	0.03832038579250203	0.0	0.0	0.0	0.0	0.0	0.13499511758827978	0.04583657326512907	0.03181778361479865	0.0	0.0	0.0	0.0435861435448011	0.0	0.031002733623617572	0.0	0.018635428581114222	0.0	0.1444497926453298	0.0	0.05043244157660823	0.16692805068212568
ENSMUSG00000108490	0.0	0.0	0.0	0.0	0.0	0.0	-0.07451575619323335	0.0	-0.007676584010161255	0.0	0.012885637335689926	0.030197420969570333	0.0	0.0	-0.009846046822734088	0.0	0.017451649510496912	0.0	-0.13044692320014387	-0.04378717886828306	-0.01788647257707822	-0.14091637255373066
ENSMUSG00000089635	0.030631007312317316	0.0	0.0	0.0	-0.012477506395106685	0.0	-0.03053480835921223	0.0	0.0	0.0	0.013780965251407417	0.0	0.0	0.0	0.012464766157789848	0.0	0.027569853556322167	0.010914409655232965	-0.13366947076705205	-0.04396073407034938	0.0	-0.10765473529590906
ENSMUSG00000112826	0.028677256263282252	0.01793824830730271	0.0	0.0	0.0	0.0	-0.03514325026927733	0.0	0.02772479553011319	0.010325639419332677	0.0	0.018782913751120643	0.0	0.0	0.0	0.0	0.029777774604982918	0.0	-0.039645866360209385	-0.03204415808121393	0.0	-0.11877805394351793
ENSMUSG00000029682	-0.010309138404278599	0.0	-0.014742435620833778	0.0	0.0	0.0	-0.06373845418490667	-0.0072318917158393226	0.0	0.0	0.0	0.0	0.0	0.0	-0.024403810605851842	0.0	-0.009920273566006946	0.0	-0.07136369855533937	-0.028627586184365946	-0.010003917812160862	-0.07896405413082776
ENSMUSG00000117323	0.027014821677674883	0.0	0.020976024742575244	0.0	0.0	0.0	0.15995818060435563	0.0	0.019083121496617672	0.0	0.0	0.011303389308221501	0.01894758251912443	0.0	0.0	0.0	0.033995020028837156	0.0	0.11018568771078886	0.0	0.03357830334050481	-0.0977435194330798
ENSMUSG00000025431	-0.008007406203297955	0.0	-0.01265771710054486	0.0	0.0	0.0	-0.0899058336705095	-0.00840766220830276	-0.016811767701504252	0.0	0.0	0.0	-0.0056178661003075114	0.0	-0.028670766621138717	0.0	0.0	0.0	-0.14084559450004755	-0.027749828121064288	0.0	-0.10418349856925771
ENSMUSG00000044320	0.04141186857678004	0.0	0.015667810019145988	0.0	0.0	0.0	0.12347456930196561	0.0	0.042340000297767307	0.0	0.0	0.0	0.013780034285825039	0.0	0.012549893866994788	0.0	0.026021635065934905	0.0	0.23207219207851576	0.0	0.0929352851908142	0.02372474020678947
ENSMUSG00000085953	-0.1155282037686133	0.0	-0.09373959915176719	0.0	0.0	0.0	-0.03896641569520797	-0.02371892738091086	-0.13838015822439895	0.0	0.0	0.0	0.0	0.0	-0.030328621259823774	0.0	-0.12999626369298953	0.0	-0.8118978588665225	0.0	-0.15513844348785596	-0.08354444525673119
ENSMUSG00000117731	0.03393833423188681	0.0	0.03264474155588568	0.0	0.0	0.0	0.0	0.0	0.03561764396638298	0.015860623942306664	0.0	0.0	0.020335152922737604	0.0	0.034708318618608035	0.0	0.06622016942882465	0.009375557531103473	0.13414499996412182	0.0	0.02575798716927294	0.0
ENSMUSG00000027500	-0.018553280185104493	-0.018172421393993148	0.0	0.0	0.0	0.0	0.0	-0.01130558826685825	-0.022819659120743248	0.0	0.0	0.09767210665145112	-0.013666635413921994	0.0	-0.022956070814993925	0.0	0.0	0.0	0.04951077996536514	0.0	-0.01907506014754012	-0.13127862086823544
ENSMUSG00000022820	0.02295836951256216	0.0	0.0	0.00429974878987972	0.0	0.0	0.16401320444738507	0.01597888465846665	0.0	0.0	0.0	0.0	0.025317442529300592	0.0	0.0	0.0	0.0027840798580947013	0.00881777705860709	0.7520036073232854	0.0	0.07400906808290943	0.1470018946418217
ENSMUSG00000073616	0.060740914986381664	0.014288155516109177	0.0	0.0	0.0	0.0	0.07029410862167441	0.0	0.021971717035012307	0.006721895489493646	0.0	0.0	0.0	0.0	0.0	0.0	0.03488280469651762	0.009537109886685763	0.04922687274690861	0.0	0.017807687905001018	0.10285270593451375
ENSMUSG00000107579	-0.014698417376652777	0.0	-0.032912759662668344	0.0	0.0	0.0	-0.08367453073489813	0.0	0.028926260920473033	0.0	0.0	0.0	0.0	0.0	-0.026184117591273745	0.0	-0.016806752094080075	0.0	-0.06000026323532029	-0.03362047552205005	-0.004158170030063968	-0.07854606514175819
ENSMUSG00000104709	-0.09252149929250952	0.0	-0.03630463079402507	0.0	0.0	0.0	-0.12676623420067212	-0.05612183642451792	0.0	-0.03664789524217881	0.0	0.0	0.0	0.0	-0.054186199425229085	0.0	-0.04188273423889524	0.0	-0.11091242672726337	-0.032809363448810025	0.0	-0.11564498730627146
ENSMUSG00000008129	0.048048017254388196	0.0	0.024856750003224515	0.0	0.0	0.0	0.02569757567275873	0.0	0.03657336665413169	0.0	0.0	0.0	0.027390333598809342	0.0	0.03349385832109284	0.0	0.026568528100921	0.0	0.2230875642228562	0.0	0.03110509293094738	0.20555942082631887
ENSMUSG00000086503	0.0	0.0	0.0	0.0	0.0	0.0	0.13810121358851038	-0.048066483779816475	-0.030764805608477244	0.0	0.0	0.03629692512328352	0.0430138969622471	0.0	0.01583941499458008	0.0	0.0	0.0	0.837587709839155	-0.060193418851091994	0.08447299441057463	-0.034293344084665965
ENSMUSG00000100232	-0.3299294690766109	-0.206822831619307	-0.18664215400327366	0.0	0.0	0.0	-0.27151611281946847	0.0	-0.22811099150254602	0.0	0.0	0.0	-0.24331478809386292	0.0	0.0	0.0	-0.2937817126776472	0.0	-0.9495623969615132	0.0	-0.3616815046519	-0.26133339341610606
ENSMUSG00000107748	0.04608422264652402	0.0	0.026654960100251784	-0.016273777452838478	0.0	0.0	-0.0925706145692444	-0.05172478464828152	0.0	0.0	0.0	0.02598382049828433	0.027434525760168	0.0	0.0	0.0	0.0	0.0	-0.12509409717361167	-0.04878667997691183	0.0	-0.06897522972543259
ENSMUSG00000063894	0.0	0.011918144742206661	0.0	0.0	0.0	0.0	-0.02202512261147993	0.049530290517306674	0.0	0.0	0.011051325408872723	-0.031383734814117915	0.0	0.0	0.0	0.0	0.016447014482846967	0.010829926608407665	0.16050662433914759	-0.02043434866959054	0.0	0.18328043851759432
ENSMUSG00000117790	0.03653870903157653	0.0	0.0	0.0	0.020278572093983843	0.0	-0.06288079582495416	0.0	0.0	0.02028211277236703	0.0	0.019007921467095346	0.0	0.0	0.0	-0.016505774382068114	0.03683957237208857	0.0	-0.178011311107919	-0.02514506244187598	0.0	-0.07492992195240136
ENSMUSG00000074448	0.04063046969119538	0.0	0.0	0.0	0.0	0.0	-0.06444505742727039	-0.031480197525179505	0.0	0.018459088969938475	0.0	0.0	0.0	0.0	-0.017031922312657977	0.05952181694983598	0.019653445959339988	0.0	-0.2213365353270963	-0.04916323380685065	0.0	-0.10812578143468303
ENSMUSG00000028833	0.036827882940505846	0.0	0.0	0.0	0.0	0.0	0.14611610567433075	0.07042772258536857	0.021192435544826665	0.0	0.0	0.0	0.03609488725197716	0.0	0.0	0.0	0.02214876370041864	0.0	0.22676467990930993	0.02066794204483191	0.07622846927792097	0.2966545714795974
ENSMUSG00000039748	0.03532755432958083	0.0	0.0	0.0	0.0	0.0	0.03865270317130359	0.047167687278454475	0.03260143355808642	0.0	0.0	0.0	0.03573750644385584	0.0	0.032773515097398453	0.0	0.03215351558937509	0.0	0.25912084051177553	0.0	0.04196119676157195	0.1939013352204811
ENSMUSG00000056752	0.010694120262244755	0.014402712068792557	0.0	0.0	0.0	0.0	-0.07376880855057485	-0.027295661619077868	0.0	0.0	0.0	0.0	0.0	0.0	0.0	-0.025883139704259383	0.013136095887912974	0.014933818688455091	-0.2455153470254184	0.0	-0.01630210936963989	0.03201589960555266
ENSMUSG00000014786	0.04458859974970199	0.0	0.0	0.0	0.0	0.0	0.1039267473828219	0.0242342037249762	0.03658907593197686	0.0	0.0	0.0	0.03861533187136973	0.0	0.025387127487193	0.0	0.027922168873603194	0.0	0.23427346853379255	0.0	0.04580620715362575	0.14657182999681012
ENSMUSG00000115490	0.040946846550690086	0.0	0.0	0.0	0.0	0.0	-0.05857795781118721	0.0	0.027561946146015006	0.0	0.0	0.0	0.02451567511228099	0.0	0.0	0.0	0.044785593460853326	0.008128167945966089	-0.0194902476948993	-0.041622732082673974	0.013399221124680517	-0.10941888023208023
ENSMUSG00000030361	0.029184418726779054	0.022993993509461626	0.019755855964402387	0.0	0.0	0.0	0.0	0.0	0.03168234062629688	0.0022395573067913455	0.0	0.0	0.018287103481466276	0.0	0.006538472974658577	0.0	0.030563151525783566	0.0	0.08475174787558563	0.0	0.0026577932828221584	0.0
ENSMUSG00000099624	0.0	0.0	0.02095607005256443	0.0	0.01687913240349563	0.0	0.0	0.0	0.0	0.0	0.017246553987713513	0.018213988693234928	0.01849785000027172	0.0	0.0	0.0	0.029242883830530465	0.0	-0.034762687988200605	-0.051855310474123624	0.01837457099084396	-0.1087816064537969
ENSMUSG00000014846	0.05312930350902958	0.0	0.0	0.0	0.0	0.0	0.12501314705121858	0.0	0.014141879525757062	0.0	0.008667526144649247	0.0	0.007039193437875513	0.0	0.014112245215948059	0.0	0.008577683035255473	0.0	0.5063840472863894	0.0	0.13074211223576782	0.14275988213696628
ENSMUSG00000111144	0.09767006508838637	0.0	0.0	0.0	0.0	0.0	0.0	0.0	0.030978471735567156	0.011841399562811437	0.0	0.013533000258282173	0.02053792201218979	0.0	0.0	0.009147680718237364	0.011572731755242543	0.0	-0.2560585633351895	0.0	0.014449932498459677	-0.04718772825907528
ENSMUSG00000106978	0.0	0.0	-0.027972301544491707	0.0	0.0	0.0	0.0	0.06608039135138241	0.0	0.0	0.0	-0.05845909038910321	-0.12126993126069642	0.0	-0.295056834009099	-0.043892163870333234	0.0	0.0	0.5490320868970828	-0.07009867832711264	0.08211184691427656	0.21351437252598157
ENSMUSG00000030741	0.04362970774600319	0.0	0.0	0.0	0.0	0.0	0.16902510182135105	0.05136236006285438	0.03412534822581816	0.0	0.0	0.0	0.021174142002874156	0.0	0.0	0.0	0.017228913155378334	0.0	0.3359094267814475	0.016889142870001015	0.08006346075585331	0.23905608745244192
ENSMUSG00000106247	0.037853532767325976	0.0	0.0	0.0	0.0	0.0	0.13185721563355923	0.024515260786218795	0.03432947957325029	0.0	0.0	0.0	0.02299289668267595	0.0	0.027624459427947227	0.0	0.026089330513198596	0.0	0.04550992021711076	0.0	0.022987801623389873	0.21532157910314287
ENSMUSG00000107638	0.023241350389279103	0.0	0.0	0.0	0.0	0.0	-0.05734421135173483	0.0	0.013051683867409436	0.0	0.011042406193164657	0.012477649979821004	0.0	0.0	0.0	0.0	0.02295998590753521	0.013101936456190155	-0.01347544106698037	-0.03756936368610968	0.0	-0.12399406394176411
ENSMUSG00000024219	0.04066081605756043	0.0	0.0202648539297956	0.0	0.0	0.0	0.07651258955321814	0.029532215076573224	0.03660713323229771	0.0	0.0	0.0	0.038581427803804275	0.0	0.03186557782228551	0.0	0.02174830296594731	0.0	0.13804129077504043	0.0	0.0	0.1441070742374871
ENSMUSG00000032184	0.043525053037353274	0.0	0.00873785468554642	0.0	0.0	0.0	0.0	0.05532520877948729	0.023904879699741456	0.0	0.0077591089314588135	0.0	0.021729487934160536	0.0	0.0	0.0	0.02038607614905983	0.0	0.04554785428179439	0.0	0.018886510572173484	0.1729600340787145
ENSMUSG00000031884	0.04429569588664538	0.0	0.04223223985914704	0.0	-0.017919490392068055	0.0	0.0	0.0	0.026794655329756525	0.0	0.0	0.01067104464765354	0.015430737483904366	0.0	0.028492509606206064	-0.02610750500616003	0.0	0.0	0.0	-0.03655410447608044	0.0	-0.10782424732721314
ENSMUSG00000109674	0.031082982625641173	0.011891159862910117	0.0	0.0	0.0	0.0	0.13822733368693163	0.0	0.028784932981382346	0.0	0.0	0.0	0.03280991742419588	0.0	0.019975494515582125	0.0	0.020477352738292567	0.0	0.812440448442425	0.0	0.14727344455064056	0.0232718180271924
ENSMUSG00000000303	0.03615866100253562	0.0	0.0	0.0	0.0	0.0	0.16852416124819697	0.05082817394737573	0.036372298296090726	0.0	0.0	0.0	0.04062383769137484	0.0	0.027893214964843448	0.0	0.018197842072183557	0.0	0.44174892248819064	0.0	0.12110287104499463	0.19804766512278402
ENSMUSG00000009905	0.025661290316840262	0.01717470301205222	0.01764604289430313	0.0	0.0	0.0	0.0	0.05862528889696149	0.015005773898173555	0.0	0.0	0.0	0.0	0.0	0.025850801936383904	0.0	0.018760953366222178	0.0	0.26033801086536024	-0.07521286679667238	0.0	0.17885161372234393
ENSMUSG00000043664	0.04554544382862558	0.01580749938016238	0.038531326885476565	0.0	0.0	0.0	0.0	0.0	0.04493420151017057	0.0	0.006845222227959192	0.0	0.0	0.0	0.0	0.0	0.01411593769302119	0.0023326511353660706	0.13832537326255606	0.0	0.005601849621567964	0.09452873378340221
ENSMUSG00000087537	-0.04181800638734118	0.0	0.0	0.0	0.10821747958326189	0.0	-0.1002484156545584	-0.03564156594984125	-0.02269456059637901	0.0	0.0	0.0	0.0	0.0	0.0	0.0	-0.05419860523738143	0.0	-0.36485501252188113	-0.020438133388280374	-0.0363175065737633	-0.08859189294516191
ENSMUSG00000117541	0.0	0.0	0.0	0.0	0.01592367419458666	0.0	-0.09358977383110374	0.010038194157731994	0.0	0.0	0.0	0.02083559759511519	-0.010701835324251762	0.0	0.0	0.02653306492054842	0.0	0.0	-0.36745026546618026	-0.024445030782829003	-0.04095967423789988	-0.10884373161176532
ENSMUSG00000106567	0.020934929477576837	0.0	0.0	0.0	0.0	0.0	0.06249146884033108	0.0	0.018595313270934118	0.015115624202165081	0.0	0.021174677090811098	0.01721035970650411	0.0	0.0	0.0	0.02996951080306257	0.0	-0.04374214047503173	-0.04439313967277882	0.0	-0.0585225353654047
ENSMUSG00000033805	0.02691480845730908	0.014826654109051565	0.017685808630459158	0.0	0.0	0.0	-0.06903873092153541	0.0	0.0	0.011083579467110343	0.0	-0.026256069307411378	0.0	0.0	0.0	-0.010574411794130684	0.008920209749968447	0.010346204470160247	-0.15193595034106902	0.0	0.0	0.0
ENSMUSG00000029512	0.023713877827116682	0.0	0.0	0.0	0.0	0.0	0.1893858061886786	0.0	0.03927306563571512	0.0	0.006894394107141322	0.0	0.041235983430634726	0.0	0.012070422270135148	0.0	0.0	0.016697502353767386	0.7453380356534428	0.0	0.09979047015243254	0.1655355168265833
ENSMUSG00000094227	-0.3277939460137148	-0.18973090838221074	0.0	0.0	0.0	0.0	-0.28144892901648055	0.0	-0.2470698751475329	0.0	-0.17713550603272232	0.0	-0.20761179997185675	0.0	0.0	0.0	-0.2792223173482941	0.0	-0.9900546713910402	0.0	-0.38932200853652915	-0.2433053929818541
ENSMUSG00000102138	-0.32025658669602913	-0.16879703396817633	-0.17034373625847765	0.0	0.0	0.0	-0.24383759921298082	0.0	-0.23273705054128474	0.0	0.0	0.0	-0.22466704994403028	0.0	0.0	0.0	-0.3221406898984878	0.0	-0.9958924971135659	0.0	-0.4043642543003169	-0.2496588568888858
ENSMUSG00000097162	0.0475970669305362	0.0	0.0	0.0	0.0	0.0	-0.09623221602576577	0.062048409818775185	0.0	0.0	0.0	-0.04228338339041168	-0.055386671095079214	0.0	-0.13987387188184916	0.0	0.0	0.0	0.2985125616711085	-0.12640319236507408	0.05242040601708144	0.17875249508935498
ENSMUSG00000025612	0.010788988909682606	0.0	0.0	0.0	0.0	0.0	0.13860487463596144	0.03176684576068831	0.01449232440008459	0.0	0.0	0.0	0.04263669162898646	0.0	0.021591473268398508	0.0	0.010766768627352437	0.0	0.3986726393116012	0.0	0.05330703967842599	0.18521392713346296
ENSMUSG00000058952	0.026730916366609552	0.016077680452955587	0.028005134032122184	0.0	0.0	0.0	0.0	0.0	0.031054976050320426	0.010404328843099745	0.008903577469173168	0.010468418634967128	0.0	0.0	0.014178681264597912	0.0	0.03628274381344349	0.010822046225481465	0.0	0.0	0.0	0.0
ENSMUSG00000052131	0.04596080426717382	0.018937487139817577	0.02739913313804574	0.0	0.0	0.0	0.0	0.0	0.030046933330683773	0.0	0.0	0.0	0.013714269464859383	0.0	0.02274771490245653	0.0	0.03209044134622648	0.00834627123841361	0.02357147808914811	0.0	0.0	-0.07155539850795088
ENSMUSG00000066671	0.0	0.03501791021776163	-0.025381784194740475	0.0	0.0	0.0	-0.0799991980814826	0.0	-0.02619530460319609	0.0	0.0	0.0	-0.006831550157561827	0.0	-0.012766655305592456	0.0	0.0	0.0	-0.11736426009787541	-0.026623544562326296	-0.00804173470680844	-0.09149642834536716
ENSMUSG00000028416	0.04299867692501899	0.0	0.0	0.0	0.0	0.0	0.046159991436697925	0.0807450781011481	0.0	0.0	0.0	0.0	0.0231424461646772	0.0	0.02026979928829309	0.02067923308387153	0.02438866094967509	0.0	0.16519191990458254	0.0	0.04663253329436109	0.24581368559944627
ENSMUSG00000090039	0.04162621196648228	0.006363836672446221	0.01781583079862657	0.0	0.0	0.0	0.11697020296678845	0.0	0.0	0.007894367561208336	0.0	0.0	0.019721054748151244	0.0	0.008711179134266347	0.0	0.021436004847976236	0.0	0.6436543492132647	0.0	0.11780486030886782	0.0
ENSMUSG00000114469	-0.025812882471134127	0.0	-0.016483720531215405	0.0	0.0	0.0	-0.07108348077421327	-0.014470455167130636	-0.01678008247733479	0.0	0.0	0.0	0.0	0.0	-0.013813308354842973	0.0	0.0	0.0	-0.2846990825074821	-0.042824774152745645	-0.03164675404807991	-0.14636962888273441
ENSMUSG00000040016	0.019966061383507296	0.0	0.015362079326739884	0.0	0.0	0.0	-0.03179287992222727	0.0	0.011693354595531015	0.0	0.0	0.0	0.019288231116458925	0.0	0.012756759802443332	-0.023711887437384893	0.012555113310893345	0.0	-0.08893952870493972	0.0	0.0	-0.03770026807070793
ENSMUSG00000022847	0.03750441589794128	0.0	0.020866937757420476	0.0	0.0	0.0	0.15808423053601514	-0.040390655000964615	0.021061427120946143	0.0	0.0	0.0	0.03303210963562071	0.0	0.02100927414081261	0.0	0.03312062366923477	0.0	0.3788186757010494	0.0	0.09675551282418082	0.0
ENSMUSG00000100583	0.03409914853931695	0.0	0.0	0.0	0.0	0.0	0.18918567037452802	0.02555242225640409	0.03201428333031499	0.0	0.0	0.0	0.0534241219208942	0.0	0.017930878158696484	0.0	0.016354993348128843	0.0	0.528414073625339	0.0	0.18084999585030295	0.19150301693369007
ENSMUSG00000097256	0.05675267102031438	0.022966158265262	0.04515708677618256	0.0	0.0	0.0	0.0	-0.036687462958804956	0.04137062878809934	0.02137490260431454	0.0	0.0	0.0	0.0	0.0	0.0	0.040582853632748286	0.0	-0.18648492624984545	0.0	0.02421123909949631	-0.05668912771486606
ENSMUSG00000019214	0.04691920944192916	0.0	0.026873842415658378	0.0	0.0	0.0	0.10990239975553784	0.02928059642490813	0.02636842416164045	0.0	0.0	0.0	0.028892655268155418	0.0	0.0	0.0	0.03235352673845884	0.0	0.12529869989451214	0.0	0.046995349247554	0.08227421991702619
ENSMUSG00000086703	0.04388345691014916	0.0	0.042206800149965154	0.0	0.0	0.0	-0.0365138074323434	0.0	0.023234950995207018	0.0	0.0	0.027669981475154093	0.0	0.0	0.04387453876280899	0.0	0.043090936333261456	0.0	-0.09048930162191612	-0.048469752778291145	0.0	-0.11363937979278249
ENSMUSG00000069044	-0.3561422831071064	-0.16635623557149115	-0.17495976677733602	0.0	0.0	0.0	-0.2586999765711616	0.0	-0.2090127116115588	0.0	0.0	0.0	-0.22319388730192155	0.0	0.0	0.0	-0.3218209550266792	0.0	-0.9683257888343769	0.0	-0.3957621918703388	-0.2584215581502647
ENSMUSG00000099611	0.0	-0.015624999223143865	0.0	0.0	0.0	0.0	-0.07333349547409194	-0.022423124426717733	-0.02626064489915891	0.0	0.0	0.0	0.0	0.0	0.0	-0.01730178831122774	-0.028919711869027708	0.0	-0.17370981158240478	-0.03300027772409131	-0.027973002299926455	-0.10321490907714233
ENSMUSG00000039342	0.011723915801979632	0.008128618148419857	0.0019598606576479716	0.0	0.0	0.0	0.0	0.0	0.003572452771340844	0.0	0.0	0.0028293545938331962	0.010001893878806296	0.0	0.0	0.0	0.017655335924456218	0.002150391494687434	0.00749523688838105	0.0	0.013142827151352596	0.0
ENSMUSG00000085615	0.02865370697851117	0.0	0.0	0.013896426811124796	0.0	0.0	0.2080122179248872	0.07388726718930344	0.020622345198026266	0.0	0.0	0.0	0.027805932585158233	0.0	0.0	0.0	0.0	0.015064431379293348	0.5551618981594887	0.0	0.1576661645270285	0.28141340958393934
ENSMUSG00000097209	0.034440808753617026	0.0	0.021635283827053355	0.0	-0.03645955216529628	0.0	0.06710938278835338	0.0	0.037748462908437294	0.0	0.0	0.0	0.021970878439080316	0.0	0.013022422965790575	0.0	0.03258756595981492	0.0	0.0	0.0	0.04261630674515192	0.029891265335629563
ENSMUSG00000035585	0.021538606389128315	0.0	0.0	0.0	0.0	0.0	0.2490016062657821	0.06744078851364119	0.0302939119374127	0.0	0.011786067431551306	0.0	0.022486480040072136	0.0	0.0	0.0	0.0	0.011192212529568849	0.3831408754634609	0.0	0.1225775785995299	0.2967708449042844
ENSMUSG00000115846	-0.06756055675061606	-0.029875187487772834	0.0	0.0	0.0	0.0	-0.06937643304471755	-0.057514083061702095	-0.01453767117689702	0.0	0.0	0.0	-0.06653431184349955	0.0	0.0	-0.023383299663732243	-0.011857837516039691	0.0	0.3552486607080282	0.0	0.0	-0.0461328031986541
ENSMUSG00000049657	0.03160257396506526	0.0	0.0	0.0	0.0	0.0	0.10373103550841362	0.07701637057240497	0.03517631856973941	0.0	0.0	0.0	0.03530057470992539	0.0	0.02561168482590645	0.0	0.0	0.0	0.1277698985361093	0.017616539127145447	0.054189092071311735	0.2438824228312936
ENSMUSG00000001305	0.042329385882647265	0.0	0.0	0.0	0.0	0.0	0.1334560896644151	0.09601074130532117	0.028289608151702297	0.0	0.0	0.0	0.04669847026292571	0.0	0.02290119609124058	0.0	0.02045435716062005	0.0	0.3089470026868995	0.0	0.0642578989403724	0.25191148604648245
ENSMUSG00000093590	-0.3215758623789714	0.0	-0.23684458879538833	0.0	0.0	0.0	-0.2907196978626114	0.0	-0.2663263665167931	0.0	-0.11657948304171462	0.0	-0.175662867772067	0.0	0.0	0.0	-0.334730445212788	0.0	-1.000585269346671	0.0	-0.2988322012277666	-0.07846102444969061
ENSMUSG00000032589	0.033210477424216976	0.0	0.017310541199007434	0.0	0.0	0.0	0.0846049564503414	0.0	0.021810183454090835	0.0	0.0	0.0	0.025264823472481986	0.0	0.019993049998560736	0.0	0.02863141124851615	0.0	0.11908088252145843	0.0	0.031482329634823815	0.0894086252627769
ENSMUSG00000099009	0.04340692494662308	0.0	0.027888079226268837	0.0	0.0	0.0	-0.042034763067116516	0.0	0.025163893542132786	0.0	0.0	0.0	0.023978768952600496	0.0	0.017968408657459065	0.0	0.05061954239284363	0.0	-0.052505672068923606	-0.04322566773253831	0.0	-0.09628960685324846
ENSMUSG00000027690	0.022988405708293837	0.020515813437201352	0.0	0.0	0.0	0.0	-0.029057440520010153	0.0	0.019730191918704492	0.02052934835676156	0.0	0.0	0.024722306521048433	0.0	0.0	0.0	0.022732478089671205	0.0	-0.2091494871400905	-0.051562951113569316	0.0	-0.08537085890737964
ENSMUSG00000078942	0.0396868970630533	0.013360015915318189	0.023713980710493368	0.0	0.0	0.0	0.0	0.0	0.028776392676168137	0.006434034612678284	0.0	0.0	0.01732067802633061	0.0	0.009393062601627472	0.0	0.04134983784229182	0.004027844372553824	0.0046987986160080784	0.0	0.0	0.0
ENSMUSG00000026856	0.04255672350306205	0.0	0.0	0.0	0.0	0.0	0.12723414472917147	0.020773878154535724	0.01813965255790928	0.0	0.0	0.0	0.0374910485838723	0.0	0.024800992639910924	0.0	0.024763462365927687	0.0	0.3093264769177008	0.0	0.07118787929801282	0.20332365367772265
ENSMUSG00000091573	0.03845196196337413	0.0	0.03442609257116721	0.0	0.0	0.0	-0.0482285774972728	0.0	0.0	0.0	0.0	0.0	0.022760021213792503	0.0	0.0	0.02959585722366425	0.037696285996910016	0.0	-0.26038105584197424	-0.043147393812520037	-0.02621592861740029	-0.11336612019063155
ENSMUSG00000062124	0.02740881037955849	0.0	0.013256205326040018	0.0	0.008208454011013222	0.0	-0.047542169545762084	0.0	0.024418578662581427	0.0	0.0	0.02589390846737261	0.027250570972595513	0.0	0.0	0.0	0.017507109444309173	0.0	0.0	-0.053040286546514985	0.0	-0.09705343738636558
ENSMUSG00000114767	0.014936153148409253	0.0	0.0	0.0	0.01230041138969365	0.0	0.0	0.0	0.013684377405173951	0.0	0.0	0.022104120783809755	0.011408896820080543	0.0	0.0	0.0	0.016378409606459338	0.015127431422028596	-0.20636793414122206	-0.04606674772784461	0.0	-0.09272477410408023
ENSMUSG00000109286	0.014220388730101625	0.0	0.029423066965658422	0.0	0.0	0.0	0.0	0.0	0.04804285154553622	0.015170785341161784	0.0	0.0202993537939259	0.0	0.0	0.0	0.0	0.02451933999799817	0.008201461266047878	0.0	-0.03976286574585387	0.01238166187332586	-0.09239479604296873
ENSMUSG00000089679	0.03763114624534705	0.0	0.017030724050692822	0.0	0.0	0.0	0.07087290765076197	0.0	0.03957539395727522	0.0	0.0	0.04133345049300466	0.05366502375781717	0.0	0.01881780716322397	0.0	0.009673786227302195	0.0	0.5379289354534577	0.0	0.07262984935597552	0.0
ENSMUSG00000120727	0.02353546771639359	0.0	0.01927283525679599	0.0	0.0	0.0	0.04812747019530715	0.0	0.040865289829987356	0.011346138318712059	0.0	0.0	0.0	0.0	0.011141951631064798	0.0	0.020045079345639174	0.0	0.012480678769211492	0.0	0.04136468344665458	-0.05351133191180513
ENSMUSG00000109722	0.05299585297107484	0.011406698126863514	0.03106730046110427	0.0	0.0	0.0	0.0	0.0	0.02731914905724014	0.019665867111409868	0.0	0.0	0.00996273071331763	0.0	0.0	0.0	0.05986873246503893	0.012882100976072957	0.0	-0.0373989051493866	0.0	-0.09589820285213975
ENSMUSG00000113395	0.05287731601588799	0.0	0.07715140976043261	0.0	0.0	0.0	-0.17958073195162255	-0.04243991661209798	0.0	0.0	0.0	0.0	-0.029793887533992463	0.0	-0.028337155792209367	-0.03171860883049868	0.09949842928255363	0.0	0.0	-0.03840102620736226	0.0	-0.06493492590567325
ENSMUSG00000025722	0.02834680580251077	0.0	0.008569861543864854	0.0	0.0	0.0	0.07404212008260719	0.04871404797222049	0.02667326721255221	0.0	0.0	0.0	0.009613049205159544	0.0	0.0	0.0	0.011377921416485314	0.0	0.3428169827884578	0.0	0.06122064429124126	0.17809991632872954
ENSMUSG00000079025	0.03192780509810734	0.0	0.0263052699992115	0.0	0.0	0.0	-0.04986885313841508	0.0	0.03157797721741445	0.0	0.0	0.02847602976880741	0.021561007908538335	0.0	0.0	0.0	0.05300356760305108	0.0	-0.12460711089442081	-0.04551952528046432	0.0	-0.06408827914273117
ENSMUSG00000049553	0.03695624012180413	0.0	0.0	0.0	0.0	0.0	0.060406798184186296	0.11052027360163771	0.024244975911336036	0.0	0.0	0.0	0.03443484413826799	0.0	0.034703137894734275	0.0	0.0	0.01752545753384016	0.29873061981198595	0.0	0.029201835383577738	0.3415758530115859
ENSMUSG00000085940	0.0	0.0	0.0	0.0	0.0	0.0	-0.03946989494304183	-0.03239061036001067	-0.006709151228867927	0.015808572721130763	0.010922324731080235	0.023192435284695497	0.0	0.0	0.0	-0.012689815567962628	0.0	0.0	-0.1133937372539761	-0.04305321235089249	0.0	-0.09577871711781805
ENSMUSG00000010054	0.00673420131591862	0.0	0.01633912103176535	0.0	0.0	0.0	0.13845009761162808	0.0	0.021632796825711193	0.0	0.0	0.0	0.014089172499870182	0.0	0.0	0.0	0.02598857915688281	0.0	0.2538865412887992	0.012234657703588841	0.09979417697510315	0.1485963679872776
ENSMUSG00000029331	-0.04188734522458456	0.0	-0.01891410140537482	0.0	0.0	0.0	-0.08697878390926912	-0.02312583562945886	0.04441595756572686	0.0	0.0	0.0	0.04020244528615802	0.0	0.0	0.0	0.05827177797720639	0.0	-0.2271803837823714	-0.04739499647484966	0.0	-0.11152936860430927
ENSMUSG00000045629	0.04266941046305345	0.026514258757698157	0.034323496940064216	0.0	0.0	0.0	0.0	-0.04059213055286372	0.03311967433819976	0.0	0.0	0.0	0.0	0.0	0.0	-0.030456456681034513	0.042844989415749775	0.0	-0.12351732147635422	0.0	-0.021028728503120195	-0.043078061310897746
ENSMUSG00000036570	0.05360321205163799	0.0	0.026167041483763656	0.0	0.0	0.0	0.2020610519847385	0.0	0.01985303936654048	0.0	0.0	0.0	0.04082746527960577	0.0	0.0369740184119444	0.0	0.029911245802407952	0.0	0.21726653093203593	0.0	0.10168080480073612	-0.097191770131264
ENSMUSG00000096606	0.025935055952358982	0.0	0.019215878436357962	0.0	0.0	0.0	0.16331106019258584	0.0	0.057468656314255226	0.0	0.0	0.0	0.060943489865590325	0.0	0.020495175123974807	0.0	0.025418923381101768	0.0	0.08578092386864505	0.0	0.12367988376971961	0.015084036841290227
ENSMUSG00000040928	0.041151126956885345	0.0	0.014866886216793662	0.0	0.0	0.0	0.05109700248531656	0.11066903604464227	0.026488729726470726	0.0	0.0	0.0	0.04336533553643122	0.0	0.021004658276500606	0.0	0.0	0.0	0.14045604369241232	0.0	0.05560332522805898	0.29147912750579946
ENSMUSG00000121709	0.0	0.0	-0.05914163975497515	0.0	0.0	0.0	-0.11558736494484932	0.0	-0.02455363790299102	0.0	0.0	0.0	-0.07263913119462556	0.0	-0.029170442001926877	0.0	-0.024454420432469638	-0.012419137186408136	-0.059617273016511686	-0.024980457194001313	0.0	-0.06511376237588025
ENSMUSG00000110101	0.03565284092567089	0.0	0.031342169442656116	0.0	0.0	0.0	-0.06422843705609059	-0.03566868623166606	0.0	0.0	0.0	0.03162101318820347	0.0	0.0	0.023482523411702972	0.0	0.0	0.024842132148369556	-0.16107537338387504	-0.05260443470857946	0.0	-0.09390157058192744
ENSMUSG00000109112	0.07931264229047238	0.0	0.0	0.0	0.0	0.0	0.24680034259078443	0.0	0.03199429924226421	0.0	0.0	0.01664216771857352	0.09290214948927084	0.0	0.11700085482054576	0.02433144037184325	0.049351552438072835	0.0	0.39232226103968293	0.0	0.10405664606034842	0.0
ENSMUSG00000037996	0.024769356955677255	0.02459792369229349	0.0	0.0	0.0	0.0	-0.06585731882873981	-0.021076972922517683	0.019115964266912814	0.019274851685140613	0.0	-0.03264160673258305	0.0	0.0	0.0	-0.02459918915540492	0.01891443536946244	0.0	-0.13640161472712256	0.0	0.0	0.0
ENSMUSG00000102362	0.0	-0.019129541668576725	-0.002567495852518975	0.0	0.0	0.0	-0.06734270439727484	-0.02134894369309192	-0.004497113410623909	-0.0037880676026804463	0.0	0.0	0.0	0.0	-0.009584059240383885	0.0	0.0	0.0	-0.08440411449914723	-0.030904209783098754	0.0	-0.08276779896118516
ENSMUSG00000053870	0.0	0.0	0.0	0.0	0.0	0.0	0.0	0.09376105809664712	0.0	0.0	0.0	0.037795295285564315	0.01977147904947038	0.0	0.015236613794936304	0.016790738987204262	0.010997361172975922	0.006803556016401147	0.17090657762459951	0.0	0.025475636711357944	0.20808070670017367
ENSMUSG00000031965	0.01861955811905508	0.0	0.0	0.0	0.0	0.0	0.0	-0.026476676203819317	0.0	0.015381743875072214	0.0	0.0	0.0	0.0	0.0	-0.024452562694374864	0.013306212805138901	0.013089634575824238	-0.21696258159124815	-0.014428291454622275	-0.017042555177456002	-0.02203289999160728
ENSMUSG00000031015	0.04056738602137375	0.0	0.0	0.0	0.0	0.0	0.048715746288529274	0.04912076594508698	0.036400355593142926	0.0	0.0	0.0	0.038988567333584405	0.0	0.026824446588961697	0.0	0.02205648966194851	0.0	0.1503883566465021	0.0	0.026597114259978114	0.1623566347189059
ENSMUSG00000004631	0.030424872366803375	0.010216728998132363	0.01074270700195445	0.0	0.0	0.0	0.0	0.0	0.011956510537479802	0.0	0.0	0.0	0.025800713574941212	0.0	0.027236758366762155	0.0	0.013617182487787944	0.0	0.16861633325575814	0.0	0.03032314210655398	0.13808584128177734
ENSMUSG00000071047	0.03952822988298627	0.0	0.029808155983860617	0.0	0.0	0.0	-0.047382162551055505	0.0	0.0	0.02004274192557699	0.0	0.01946404828551301	0.0	0.0	0.027859193928235933	0.0	0.026994169191265148	0.0	0.11639798420466042	-0.039975237084355575	0.0	-0.10632425914417103
ENSMUSG00000089739	0.03307098517134322	0.0	0.01914437032340288	0.0	0.0	0.0	0.12024146285801575	0.0	0.02821844438087759	0.0	0.0	0.0	0.029896826813142163	0.0	0.020814746344073765	0.0	0.027286485148508843	0.0	0.304904326516524	0.0	0.08726155818634425	0.09274428569941748
ENSMUSG00000026771	0.0	0.007485632239560377	0.0	0.0	0.0	0.0	-0.016235403270909526	0.040957669912273294	0.0	0.0	0.008764437699930818	-0.04394585752243856	0.013915418071904745	0.0	-0.02316673258731478	0.0	0.015693977357934853	0.0	0.0	0.0	0.009468388044975452	0.09010345104584705
ENSMUSG00000031644	0.02789234494677695	0.0	0.015755999508020865	0.0	0.0	0.0	-0.06844532954514322	0.05248852125333974	0.02150128941505489	0.0	0.0	0.0	0.01673229453316044	0.0	0.009785642235634884	0.0	0.015023541861345182	0.0	0.06264264190349962	0.0	0.0	0.1945407399901474
ENSMUSG00000103409	0.018855984708081103	0.0	0.018503470751599197	0.0	0.0	0.0	0.05409376834869168	0.0	0.035290612577594214	0.0	0.0	0.012559061709933483	0.03847301241286197	0.0	0.030719536816642946	0.0	0.03923263973891129	0.0	0.5088099943829633	0.0	0.06524725945497259	0.0
ENSMUSG00000025894	0.0	0.0	0.0	0.0	0.0	0.0	0.1205558724911975	0.1080406829627274	0.0	0.0	0.0	-0.054374153502366934	0.0	0.0	-0.05653785847268305	0.0	0.016134694846842365	0.014933495276074902	0.3034312054848929	-0.02926996691895356	0.06268879650229578	0.2353074926004192
ENSMUSG00000066150	0.03693553035612345	0.0	0.0	0.0	0.0	0.0	0.06632148580122421	0.07902664021644824	0.026573307979258578	0.0	0.0	0.0	0.04398072502264019	0.0	0.02056169220296418	0.0	0.01803818027486004	0.0	0.2874095781847622	0.0	0.03157708652422186	0.24849433119765907
ENSMUSG00000113011	-0.3280077633687497	-0.17923905134311827	0.0	0.0	0.0	0.0	-0.3212097919429882	0.0	-0.22729592368829754	0.0	-0.1663056164881751	0.0	-0.22458757578578667	0.0	0.0	0.0	-0.2856510180903067	0.0	-0.9646678057888721	0.0	-0.3779704729186423	-0.25776033540729903
ENSMUSG00000106326	-0.01382436013170252	0.0	-0.008602909345619067	-0.014925801407787228	0.0	0.0	0.0534374782764925	-0.04052996568648841	-0.0067681554248851805	0.0	0.0	0.0	0.0	0.0	-0.016081145394615186	0.0	0.0	0.0	-0.07842160699580619	-0.05536108934437372	0.0	-0.062164340581439714
ENSMUSG00000079269	-0.32971962368401286	-0.16957373732961856	-0.16050992058216051	0.0	0.0	0.0	-0.2890233860349915	0.0	-0.2018299376678023	0.0	0.0	0.0	-0.2222183556944726	0.0	0.0	0.0	-0.3208325756640189	0.0	-0.9702942823899515	0.0	-0.405684898272237	-0.2630086375029695
ENSMUSG00000022425	0.03552151800478847	0.027169443606120846	0.018319207177320107	0.0	0.0	0.0	0.0	-0.03904444567968127	0.03037333462078708	0.0218543974239814	0.0	0.0	0.01653549585180373	0.0	0.0	0.0	0.043498286741417584	0.0	-0.17477429564317912	0.0	0.0	-0.042076768073608384
ENSMUSG00000048655	0.009486486515474013	0.0	0.01994591814637262	0.0	0.013562586239918264	0.0	0.0	0.0	0.013504633439667464	0.014393844479882893	0.013865654725225673	0.0	0.0	0.0	0.009649855547776968	0.0	0.01777192290610117	0.0	-0.13847754072300691	0.0	0.0	-0.08357178819933328
ENSMUSG00000112609	0.0	0.0983673119492408	0.0	0.0	0.0	0.13161259212416898	-0.04313981035323118	-0.21402841400296535	0.0	0.03788989916117434	0.0	0.06649423346913655	0.0	0.03785368397634046	0.0	0.0	0.0	0.0	-0.17516849028326253	0.2256119696547614	0.0	-0.29713652907449895
ENSMUSG00000045273	0.04539019045922582	0.0	0.022924087432932505	0.0	0.0	0.0	0.033584826085975905	0.042396844578699425	0.0335297130282386	0.0	0.0	0.0	0.027285168481612082	0.0	0.0	0.0	0.029460808169194205	0.0	0.22391175007789726	0.0	0.031006472764721668	0.1939260983959895
ENSMUSG00000087125	0.028444869759157648	0.008825853796248367	0.02179223685203795	0.0	0.0	0.0	0.015618781969858764	0.0	0.024502349824798434	0.013333288042337387	0.0	0.013099641721209863	0.010490897747610911	0.0	0.0	0.0	0.03388036493527145	0.0	-0.1029133945147497	0.0	0.0	0.0
ENSMUSG00000006715	0.026366968717433145	0.0	0.0	0.0062355210835309816	0.0	0.0	0.16598042497081456	0.049602317987508054	0.0285635336012449	0.0	0.0	0.0	0.0433600443021516	0.0	0.0	0.0	0.008549142547996918	0.0	0.5595358910366329	0.0	0.07012296588494389	0.26361656486575913
ENSMUSG00000033610	0.031526807394414845	0.008420912627330579	0.014139082410468374	0.0	0.0	0.0	0.053641212830746694	0.02379657493227072	0.018817527018013026	0.0	0.0	0.0	0.009600070275131274	0.0	0.01753874134596613	0.0	0.023734460293259894	0.0	0.0	0.0	0.0	0.09424213314252446
ENSMUSG00000094258	0.04498024905888833	0.0	0.03414401136279838	0.0	0.0	0.0	-0.062470708197184824	0.0	0.04011720543698732	0.0	0.0	0.0	0.02798279109727013	0.0	0.03516158104081261	0.0	0.043562875274368994	0.0	-0.10519661981300296	-0.038756483104427183	0.0	-0.10366453712629878
ENSMUSG00000003418	0.011415381755886335	0.018637679906532825	0.010533455186640856	0.0	0.0	0.0	0.020980532298346885	0.0	0.011306268680321693	0.0	0.005637951266503135	-0.023636456736080308	0.0	0.0	0.012167207315413698	-0.020733646921722443	0.008294387023719235	0.0	0.0	0.0	0.0	0.0
ENSMUSG00000075145	0.0	0.0	-0.018885963156193446	0.0	0.0	0.0	-0.09906159638120844	-0.016710782305769167	-0.01620350633859014	-0.0007721116607489753	0.0	0.0	0.0	0.0	0.0	-0.004377974573735223	-0.012071515700168756	0.0	-0.047395367310442894	-0.04138617954647797	0.0	-0.0688111658685385
ENSMUSG00000101869	0.03159390156981548	0.020268351458082128	0.02974329720886604	0.0	0.0	0.0	-0.03894999086327497	0.0	0.0	0.0	0.0	0.02653782442720207	0.0	0.0	0.0	0.0	0.03203801220740192	0.01750328146966662	-0.051817644743071434	-0.03060330341348934	0.0	-0.08090732161024611
ENSMUSG00000014303	0.041557749570170686	0.0	0.0	0.0	0.0	0.0	0.1557069352454856	0.0476900527890457	0.034278623579811325	0.0	0.0	0.0	0.044077475940145286	0.0	0.02472671470684282	0.0	0.0	0.0	0.2788298152889872	0.02448370376775133	0.054979484908218176	0.14477460789403215
ENSMUSG00000002428	0.0	0.0	0.0	0.0	0.0	0.0	-0.032545765108368506	0.04601209771893297	0.0	0.0	0.010668503049861158	-0.03619993084429923	0.013478220499271701	0.0	0.0	0.0	0.01510957152141297	0.007204831266790834	0.05908460323808551	0.0	0.01780727298099997	0.10649199425206506
ENSMUSG00000024498	0.019938220551250413	0.01295991968837844	0.0	0.0	0.0	0.0	0.11505364500309331	0.0719111414294284	0.0	0.0	0.0	0.0	0.04208873666611451	0.0	0.0	0.0	0.013613100805652256	0.0	0.20000970493291367	0.015457326584065817	0.040631561070304405	0.2636150833836971
ENSMUSG00000028760	0.03901663888753055	0.0	0.026468346091890124	0.0	0.0	0.0	0.040408130819756256	0.0	0.033336961654306344	0.0	0.0	0.0	0.028512177678630936	0.0	0.0268013554427653	0.0	0.030252616063893487	0.0	0.06766439048766558	0.0	0.026217509167681563	0.12395068470471982
ENSMUSG00000020863	0.031136543536831072	0.0	0.0	0.0	0.0	0.0	0.17177531016550796	0.06649985409343545	0.019223723238883744	0.0	0.0	0.0	0.0383677990663561	0.0	0.01501592208732428	0.0	0.005797039430194273	0.0	0.33105021791865724	0.0	0.0691535651346521	0.34458514944116403
ENSMUSG00000089894	0.038679453883991605	0.0	0.04075233891901259	0.0	0.0	0.0	0.1553424118842316	0.0	0.0	0.0	0.0	0.04083944890107651	0.03231418868648991	0.0	0.04076376385738011	0.0	0.03993380481732471	0.0	-0.059248364458176085	-0.04238096161846988	0.0	-0.08965460283253245
ENSMUSG00000066516	0.0	0.0	0.06343336418195854	0.0	0.022314951094258427	0.0	-0.03685778131636628	0.0	0.0	0.0	0.02336637646387498	0.022697792834253133	0.0	0.0	0.0	0.0	0.056018292465727024	0.0	-0.21089580004850145	-0.049032091819505	-0.026728212466743666	-0.10661143120112034
ENSMUSG00000121513	0.032379354581778055	0.0	0.0	0.0	0.0	0.0	0.045750868448803064	0.08658512391934492	0.0	0.0	0.0	0.0	0.029608178761015593	0.0	0.021159064037103947	0.0	0.017345120179733258	0.01562561045065014	0.08197065327234274	0.0	0.018772235531003392	0.1774331296757991
ENSMUSG00000024030	0.04365341460325365	0.0	0.022955100002628126	0.0	0.0	0.0	0.07910429677305557	0.0	0.03233407831867832	0.0	0.0	0.0	0.03800106165606362	0.0	0.025753810792371157	0.0	0.0322402634031507	0.0	0.23953753587487203	0.0	0.034868546986609156	0.10421698035915379
ENSMUSG00000109506	0.01865165288229994	0.0	0.0	0.0	0.0	0.0	-0.06240202787436258	0.0	0.018316362217652593	0.0	0.0	0.024124938388083522	0.013384543464879316	0.0	0.008476208852529976	0.0	0.026549249090674888	0.0	-0.15032270660308458	-0.04014445510133824	0.0	-0.07913336418101316
ENSMUSG00000107582	0.019929559153329553	0.0	0.0	0.0	-0.02242762511301131	0.0	-0.04698282423913585	0.0	0.0	0.0	0.0	0.0	0.025218479162790387	0.0	-0.012341722253473204	0.0	0.03277658549812562	0.021875952244017366	-0.024710204854959908	-0.046027774917015186	0.0	-0.08172103428653334
ENSMUSG00000049907	0.036013033584385616	0.0	0.0	0.0	0.0	0.0	0.10996962635904581	0.02683271353236793	0.02540506657343545	0.0	0.0	-0.05671717200601989	0.0	0.0	-0.10072203095594587	0.0	0.0377218448336806	0.0	0.25823337889702125	0.0	0.03432195940202675	0.1463496330559878
ENSMUSG00000032372	0.0	0.0	-0.008762026066408463	0.0	0.0	0.0	-0.07288405337587701	-0.04000757561502538	-0.014512930624496335	0.0	0.0	0.0	0.0	0.0	0.0	-0.024939722534734563	-0.014423467044765475	0.0	-0.054301522745901276	-0.018454500687246137	-0.001318879759632352	-0.05713830739346274
ENSMUSG00000040284	-0.07257624670306473	0.0	0.0	0.0	0.0676866465508979	0.0	-0.10055548851959732	0.0	-0.06294502570350703	0.0	0.0	0.0	0.0	-0.030568669958543224	0.0	0.03995655616619953	0.0	0.0	-0.2652816479255421	-0.014777732507181795	-0.01361840101280644	-0.07462349712177933
ENSMUSG00000037638	0.04460132851809509	0.0	0.022733707736614258	0.0	0.0	0.0	0.10180101999526214	0.0	0.04650255021104582	0.0	0.009605518973131352	0.0	0.0	0.0	0.0	0.0	0.033007236523930915	0.005887905068822391	-0.14654455242636968	0.0	0.007510171687439671	0.09112274468195262
ENSMUSG00000107408	0.0	0.0	0.0	0.0	0.0	0.0	0.05922244374318455	-0.03162418600421421	0.014675283723257437	0.0	0.01601201173394597	0.03630508881784424	0.0	0.0	0.022429545036374468	0.0	0.032533368426967094	0.0	-0.07675855378639258	-0.03786368817732705	0.0	-0.12876516711898697
ENSMUSG00000030064	0.024565542814669585	0.007168813137446105	0.010277478291541462	0.0	0.0	0.0	0.013710438137959855	0.01747110459596136	0.005798178185431102	0.0	0.0	0.0	0.011069044648721974	0.0	0.008328035974351658	0.0	0.02002994362743693	0.0	0.0	0.0	0.0	0.042348598522957255
ENSMUSG00000101608	0.0	0.0	-0.05141959415133739	0.0	0.05015169957861698	0.0	-0.06713891881236579	0.0	-0.07308230952714695	0.0	0.0	0.0	0.0	0.0	-0.043969776267146723	0.0	-0.04611431508296609	0.0	-0.2776009342601265	-0.02474494535903123	-0.01056624593601257	-0.07690052241667608
ENSMUSG00000038970	0.036140028314372775	0.0	0.0	0.0	0.0	0.0	0.11276443761714865	0.04464108366581804	0.029261825470007337	0.0	0.0	0.0	0.03408027206755306	0.0	0.027074702174596524	0.0	0.023881832584851326	0.0	0.10359198342991405	0.0	0.03287286201589152	0.25286356493920426
ENSMUSG00000117238	0.023530816176518123	0.0	0.0	0.0	-0.008484014272610807	0.0	-0.05899504293876085	0.0	0.0	0.0	0.0	0.02458473419725709	0.0	0.0	-0.018826178336488735	0.0	0.026972514747882342	0.0	-0.17656301577789146	-0.04770427388914869	-0.015555939531743689	-0.11249243145075825
ENSMUSG00000112060	-0.015198380215926177	0.0	0.0	0.0	0.0	0.0	-0.1599724827360836	-0.02538788901653204	-0.009904784839150983	0.0	0.0	0.0	0.0	0.0	-0.008864344236322985	0.0	-0.04629599979583696	0.0	-0.20068532645241352	-0.018337234081120462	-0.01755309800455567	-0.10138175981074825
ENSMUSG00000094714	-0.10521158800349999	0.0	-0.07805362511309673	0.0	0.0	0.0	-0.18628753585622096	0.0	-0.062104640645231184	0.0	0.0	0.0	-0.06930888929652479	0.0	-0.06450523826811375	0.0	-0.08848560594513555	0.0	-0.16143667838255452	0.0	-0.08308328415324415	-0.14778945999265936
ENSMUSG00000108811	0.03141979393140935	0.0	0.02563090611847983	0.0	0.0	0.0	-0.060329526144136426	0.0	0.023600813990930336	0.024383791758052997	0.0	0.0	0.0	0.0	0.0	0.03222213853913981	0.026275731460041998	0.0	-0.1814583698781075	-0.04757841414405028	0.0	-0.08374724714733972
ENSMUSG00000002240	0.0	0.0	-0.015273265149609989	0.0	0.0	0.0	-0.01710032138557193	-0.008002680137179266	-0.02638695122230266	0.0	0.0	0.02565810493541043	0.0	0.0	-0.02875497306776305	0.0	-0.005781147868293024	0.0	-0.10587945167161424	-0.03979625453153616	0.0	-0.09449358114948053
ENSMUSG00000118314	0.03269135922406665	0.006518194926697388	0.022394491322096446	0.0	0.0	0.0	0.04287867615426642	0.0	0.021259903837565364	0.00653330014562184	0.0	0.01837433483294005	0.009797292719340859	0.0	0.011306746871320475	0.0	0.03684646960216203	0.0	0.0	0.0	0.0	0.0
ENSMUSG00000006464	0.03835712412040214	0.0	0.02173721787352663	0.0	0.0	0.0	0.08547253098671828	0.0	0.03804068920298094	0.0	0.0	0.0	0.03221859432486969	0.0	0.019248673987178	0.0	0.030945530190616927	0.0	0.4211268760856043	0.0	0.05399766589134095	0.056898179690277335
ENSMUSG00000106153	0.03131141235745778	0.0	0.021540306314763544	0.0	0.0	0.0	0.03883078926254511	0.0	0.042855016071755306	0.0	0.0	0.0	0.037445501796814974	0.0	0.0142873368517111	0.0	0.05142089098696247	0.0	0.16624928060136734	0.0	0.01766410545687389	-0.08269092064515238
ENSMUSG00000099384	0.03627632068887047	0.0	0.007600573949322703	0.0	0.0	0.0	0.0	0.0	0.036539115687080126	0.0	0.007979322145584654	0.0	0.02725794831620205	0.0	0.03837385038996913	0.0	0.0646688290976336	0.009663357935750972	0.1171228111430183	0.0	0.0	-0.09787417282770605
ENSMUSG00000003778	0.02816104256403776	0.0	0.0	0.0	0.0	0.0	0.07892258931503157	0.10565869581741733	0.023878097258483003	0.0	0.0	0.0	0.04041589568958016	0.0	0.0	0.0	0.012431490578547644	0.015165509843267038	0.3184828938781331	0.0	0.047034303686752016	0.2969066599823365
ENSMUSG00000031700	0.04594565653271716	0.0	0.0	0.0	0.0	0.0	0.07911814229837279	0.02265833449796384	0.03392333250345387	0.0	0.0	0.0	0.043329023810724725	0.0	0.02953328169867003	0.0	0.023903298577200173	0.0	0.23039588640632366	0.0	0.05142391738294193	0.1301719422266901
ENSMUSG00000086769	0.03153339978759826	0.0	0.022652921232023768	0.0	0.0	0.0	0.0535856163140322	0.0	0.031192485567283525	0.0	0.0	0.0	0.03709545314370122	0.0	0.014961986607672806	0.0	0.028891245783388565	0.0	0.06246780238854456	0.014372882524761932	0.0	0.1339216339656748
ENSMUSG00000041959	0.02904485884867363	0.011613973290342436	0.009498629602132325	0.0	0.0	0.0	0.10421500231629147	0.0	0.022657344813193838	0.0	0.0	0.0	0.024767277668241727	0.0	0.0	0.0	0.01252902482005082	0.0	0.4832646055517439	0.0	0.059611858783297264	0.08163326989273295
ENSMUSG00000101913	-0.30384485826495544	0.0	-0.1734768934870837	0.0	0.0	0.0	-0.2917114152155196	0.0	-0.25648480134633106	0.0	0.0	0.0	-0.21507427472475174	0.0	0.0	0.0	-0.28765617218550915	-0.16885094976349846	-0.9766285811979102	0.0	-0.40925432480981944	-0.2497130838268566
ENSMUSG00000087428	-0.034531734411891446	0.0	-0.02541706244898553	0.0	0.0	0.0	-0.09819663013225444	0.0	-0.050611517420375965	0.0	0.0	0.0	0.0	0.0	-0.020929750205872805	0.0	-0.04370712185590965	0.0	-0.41278311412393054	-0.014865017913893608	-0.06188627390618422	-0.08129520714430066
ENSMUSG00000121364	-0.024287963882059452	0.0	0.0	-0.01929042921424907	0.0	0.0	-0.08281463215746145	-0.0671297820982423	-0.01848084320594584	0.0	0.0	0.0	0.0	0.0	-0.04395909175062928	0.0	-0.03331689713151024	0.0	-0.02263312537272904	-0.037132402281346566	0.0	-0.08744064974512153
ENSMUSG00000087043	-0.021504867788186815	0.0	-0.015730077076964458	0.0	0.0	0.0	-0.09305716587539559	-0.0492846633297128	-0.02371667294530277	0.0	0.0	0.0	-0.012982116558001244	0.0	-0.02615384148808307	0.0	0.0	0.0	-0.1200252084092941	-0.052485426108199305	0.0	-0.08531803840288531
ENSMUSG00000103050	0.0	0.0	-0.03380189820205866	0.0	0.0	0.0	-0.018834209253306283	-0.024146171720894772	0.0	0.0	0.0	0.0	-0.00313749043604058	0.0	0.0	-0.0018252396814004146	-0.024011369597178783	0.0	-0.19254647369137767	-0.030261455889169477	-0.005206867963777321	-0.1199186568511581
ENSMUSG00000046034	0.037358446432541936	0.018092059776721316	0.02170520297846503	0.0	0.0	0.0	0.07126907719081332	0.04677660028837653	0.03661042976808396	0.0	0.0	0.0	0.03204104085939775	0.0	0.0	0.0	0.026706932986834832	0.012751613613486978	0.0	0.0	0.0	0.18142662832413478
ENSMUSG00000118341	0.043002432460734256	0.012194630874853729	0.024849882970150727	0.0	0.0	0.0	0.08564503463143845	0.0	0.03390885560725514	0.0	0.0	0.0	0.019298414925430118	0.0	0.016942500203800375	0.0	0.03595344347847457	0.0	0.22600165609026032	0.0	0.041486017259188844	0.0
ENSMUSG00000015305	0.025497212363705186	0.0167096673750051	0.0	0.0	0.0	0.0	0.08495534135771249	0.057434310833574316	0.0	0.0	0.0	0.0	0.019513318605399982	0.0	0.024310300183886004	0.0	0.0197385290769716	0.0	0.1223457589823961	0.0	0.023341307851719416	0.19881165075610419
ENSMUSG00000029310	0.032638187329796314	0.0	0.020028906880213304	0.0	0.0	0.0	0.07363593439559274	0.06846286262269456	0.032585104903997575	0.0	0.0	0.0	0.02622710405703415	0.0	0.026921347850864093	0.0	0.0	0.0	0.08378282540514971	0.0	0.03704389026761271	0.27237364261669544
ENSMUSG00000032489	0.02797743329570795	0.0	0.023783611659027676	0.0	0.0	0.0	0.0	0.0	0.030829688909296958	0.0	0.0	0.0972086986216831	0.026422797057768076	0.0	0.050515867919989424	0.0	0.041806446042156394	0.025945326105880157	0.0	0.0	0.01592351785734314	-0.15293790465032603
ENSMUSG00000090907	0.037613632503274964	0.0	0.0	0.0	0.04004994609719503	0.0	0.09244762314308909	0.0	0.02948278581784795	0.0	0.01079967289573194	0.0	0.011974707500679917	0.0	0.0173223465916986	0.0	0.009692436449659574	0.0	-0.0958855297029834	-0.03082151430974764	0.0	0.0
ENSMUSG00000086020	0.02392534269316754	0.018717267106847856	0.017040500862839474	0.0	0.0	0.0	-0.04604832563897663	0.0	0.018233738340363563	0.0	0.0	0.0	0.0	0.0	0.0	0.0	0.02863876617189955	0.014170744155292597	-0.15884702092069514	-0.04480884648976403	0.0	-0.11121790734130838
ENSMUSG00000107785	0.03234602588064859	0.02170783316978929	0.02042448146887745	0.0	0.0	0.0	-0.05882305503208086	0.0	0.015541290235567204	0.0	0.0	0.02787411012062118	0.0	0.0	0.0	0.0	0.027258719736850373	0.0	-0.08947988028544344	-0.028722465144223178	0.0	-0.07514036498314178
ENSMUSG00000085111	0.060224792139030515	0.0	0.010669510032201401	0.0	0.0	0.0	0.14588839319483948	0.0	0.060542412238793156	0.0	0.0	0.0	0.08382941909667382	0.0	0.026657258549631756	0.0	0.041342402823701684	0.0	0.6148905402323624	0.0	0.22609687719136526	0.01880694055044168
ENSMUSG00000020658	0.02756666266197165	0.0	0.022199013942919482	0.0	0.0	0.0	0.06114692956275999	0.0	0.023126820689415656	0.0	0.0	0.0	0.014453830725623673	0.0	0.014905789691306128	0.0	0.029772821407517327	0.0	0.019040737629046522	0.0	0.02843697237725511	0.03760076808907011
ENSMUSG00000005417	0.03770223833076048	0.015159490425337707	0.018525552313255023	0.0	0.0	0.0	0.0	0.022401763665534147	0.024453088263476027	0.0	0.0	0.0	0.01578575646543258	0.0	0.02535398472769993	0.0	0.031046922781783958	0.0	0.020687209606697916	0.0	0.0	0.09568669357901853
ENSMUSG00000073966	-0.021359145440615297	0.0	-0.020965051171071208	0.0	-0.032019397954454645	-0.0044765052124849936	-0.0889058248481108	-0.05027907344267869	0.0	0.0	0.0	0.0	0.0	0.0	-0.022246316966483475	0.0	0.0	0.0	-0.11615829557782134	-0.036407731445063915	0.0	-0.07751497231621597
ENSMUSG00000025487	0.04694515220228949	0.0	0.02213577993606841	0.0	0.0	0.0	0.07587883151309802	0.0655637178669173	0.032701306637937896	0.0	0.0	0.0	0.0	0.0	0.02442463456108634	0.0	0.024261122361961894	0.0	0.14326435573558632	0.0	0.022231404157637507	0.19856398055933794
ENSMUSG00000029097	0.05281705330260421	0.0	0.014193450135387975	0.0	0.0	0.0	0.0	0.053086340440997325	0.02358966101393687	0.0	0.0	0.0	0.039277634048003225	0.0	0.03828316833820146	0.0	0.0	0.01881298435018483	0.3042481998154779	-0.13457608008816693	0.0	0.22180962576983748
ENSMUSG00000112342	0.055322743276346176	0.0	0.0	0.0	0.03176404480740728	0.0	-0.2837622790798915	0.0	0.02037089696731509	0.0	0.0	0.0	0.02414243096254121	0.0	-0.055570434805542676	0.03860161489469663	0.12903124051787435	0.0	-0.17897384452791795	0.0	0.0	-0.04294269926969534
ENSMUSG00000096753	0.04662382595020037	0.0	0.045143720520842694	0.0	0.0	0.0	0.17001983270899398	0.0	0.01720326619717509	0.0	0.0	0.0	0.036626953571880776	0.0	0.034554786868067955	0.0	0.04983339689952815	0.0	0.050800512014473574	0.0	0.01620784245168294	-0.08316209224578841
ENSMUSG00000021501	0.042797243177364705	0.007393709986295585	0.013202752975561996	0.0	0.0	0.0	0.0	0.059418082607918955	0.022937827554776465	0.0	0.0	0.0	0.00426626918302897	0.0	0.0	0.0	0.0203400316037768	0.0	0.12010818430159702	0.0	0.03218783667303648	0.22646104766387648
ENSMUSG00000101531	-0.3025843173033086	-0.18726383082631987	-0.16690345669195006	0.0	0.0	0.0	-0.29026926314120555	0.0	-0.24289233779625688	0.0	0.0	0.0	-0.2448170316738462	0.0	0.0	0.0	-0.30405618434737486	0.0	-0.9685402476920285	0.0	-0.3830925681693312	-0.24227611718061343
ENSMUSG00000101470	-0.2867298222688954	-0.21075634611757685	-0.19419688683449143	0.0	0.0	0.0	-0.29669139412603845	0.0	-0.24527066380423057	0.0	0.0	0.0	-0.22958119836824828	0.0	0.0	0.0	-0.28069032982313735	0.0	-0.949187546104143	0.0	-0.3894525431500882	-0.2501386242253862
ENSMUSG00000092035	0.01274138633635655	0.010727031229471449	0.0	0.008308930029827133	0.0	0.0	0.15926701102422905	0.0	0.02146943587361056	0.0	0.0	0.0	0.03809684880127558	0.0	0.014113868286180557	0.0	0.0	0.0	0.6171779194141613	0.0	0.10534403668795603	0.1477060876127992
ENSMUSG00000021294	0.03635981593325087	0.0	0.0	0.0	0.0	0.0	0.11994159926633914	0.025114435290916046	0.02816784548654192	0.0	0.0	0.0	0.03608402781997169	0.0	0.02823028022242308	0.0	0.02308721154765847	0.0	0.06278001705627685	0.0	0.032163035997655194	0.15227240030703645
ENSMUSG00000003644	0.04169084714664729	0.0	0.0	0.0	0.0	0.0	0.12872216106827616	0.050170867553816556	0.03328630140739844	0.0	0.0	0.0	0.047332068185169024	0.0	0.02862960772427408	0.0	0.015130516672373417	0.0	0.1768023947920942	0.0	0.0552890546466196	0.21248260746379247
ENSMUSG00000102780	-0.053205120290068214	0.0	0.0	0.0	-0.016578298232534164	0.0	-0.02347878860423735	-0.029301111135325675	0.0	0.0	0.0	0.0	0.0	0.0	-0.0485643288988647	-0.02976541618284974	-0.05705645350380774	0.0	0.18327099612217684	-0.015599895724425439	0.0	-0.043591459818527314
ENSMUSG00000115627	0.0	0.0	0.0	0.0	0.059823147827452336	0.0	0.09232044505790461	0.015164932105863747	0.0	0.0	0.009582590248710573	0.02064842783381353	0.0	0.0020580411985876013	0.0	0.0	0.0121058769852104	0.0	0.07517001006486165	0.0	0.036462656864842555	0.026405966684197354
ENSMUSG00000103932	0.0	0.0	0.0	-0.04846129515399824	0.0	0.0	-0.055306268968559495	-0.07357123006196686	0.0	0.0	0.0	0.0	0.0	0.0	-0.09758580461687753	-0.03641647037580971	-0.038705610918037724	-0.015426383630486984	-0.12134107355104919	-0.045566842909905196	0.0	-0.07780576534065317
ENSMUSG00000034706	0.03922349817248913	0.0	0.021598784115591074	0.0	0.0	0.0	0.09868273084379009	0.0	0.01944528895067207	0.0	0.0	0.019616723500545948	0.0230904368347439	0.0	0.01359332278900377	0.0	0.03046011054679636	0.0	0.030301810492239054	0.0	0.049039754779290054	0.0
ENSMUSG00000114980	0.02923609487041896	0.0	0.027428521271610377	0.0	0.0	0.0	0.06026791192504481	-0.04498772805335019	0.029689144550040326	0.0	0.0	0.0	0.0	0.0	0.0	-0.028388098359486556	0.041894538822184586	0.0	-0.05365178384998091	-0.026924611686913437	0.0	-0.08978628203496324
ENSMUSG00000073563	0.0	0.010261931497294652	0.0	0.0	0.0	0.0	0.03266397679057591	0.0659780736468815	0.0	0.008084038457695687	0.0	-0.04701108361325192	0.013124971335713838	0.0	0.0	0.012842995343551543	0.014028115040465104	0.0	0.0	0.0	0.010969013807583045	0.1974234026947873
ENSMUSG00000092490	-0.30171409082666545	-0.19557530729740588	-0.18366983149777694	0.0	0.0	0.0	-0.2930488045007894	0.0	-0.23629896185086544	0.0	0.0	0.0	-0.23544621380823835	0.0	0.0	0.0	-0.28735990916305454	0.0	-0.9765994569466225	0.0	-0.35603260641152024	-0.2669501725192964
ENSMUSG00000071679	-0.06451469944574195	-0.04200309590286666	0.0	0.0	0.0	0.0	-0.05060485703533068	0.0	-0.053642028961788754	0.0	0.0	0.14010235445950361	0.0	0.0	-0.05906888191823188	0.0	0.0	0.0	-0.3005522447569693	0.13251704971774084	-0.06257989024657334	-0.2565614711819591
ENSMUSG00000015365	0.04074126028953189	0.016891770853947503	0.025192487063780973	0.0	0.0	0.0	0.0	-0.05933431242952891	0.03657896910507156	0.0	0.0	0.0	0.02572964324636738	0.0	0.015727355266112436	0.0	0.03691708339010955	0.0	-0.06833452981352163	0.0	0.0	0.04175631772533729
ENSMUSG00000107989	0.07999833572609187	0.0	0.08842646872665129	0.0	0.0	0.0	-0.08730342236039028	0.0	0.05069962749900568	0.0	0.0	0.04222034699154622	0.0	0.0	0.0	0.0	0.06060933205600514	0.0	-0.06585782229211905	-0.024248451275667764	-0.026313881276467194	-0.06361022045120765
ENSMUSG00000029462	0.02585139578301435	0.0	0.0	0.0	0.0	0.0	0.0775627308275049	0.07437810149270639	0.006253361924294043	0.0	0.0	0.0	0.036467152512658724	0.0	0.0	0.0	0.01161946648920561	0.012985153725572096	0.43447092349783484	0.0	0.040587963343509115	0.2800975246670052
ENSMUSG00000118316	-0.023454890710627112	0.0	0.0	0.0	0.02730002155817687	0.0	-0.051484291763189756	0.0	0.0	0.0	0.0	0.026684197604415715	0.0	0.0	0.0	-0.008728360618491193	0.027220372256624974	0.0	-0.18986716642331405	-0.043111462276278184	-0.01743889328110667	-0.13957348474129147
ENSMUSG00000094540	-0.14185426612891253	0.0	0.0	0.0	0.0	0.0	-0.22760454127200266	0.0	-0.153506230867785	0.0	-0.09533535291788331	0.0	-0.1839724674881712	0.0	0.0	0.0	-0.42264271269225306	-0.10488535566110004	-0.5094129644947697	0.0	-0.19229611614788955	-0.15514586122007157
ENSMUSG00000113822	-0.023561542842636108	0.0	0.0	0.0	0.05643832799275652	0.0	-0.07014771510702497	0.0	0.0	0.0	0.0	0.0	0.0	0.0	-0.0074854558889444695	0.0	-0.008766930194177475	0.025482996667614055	-0.2066360024580829	-0.03958683666621224	-0.023046799838401653	-0.12433004022301189
ENSMUSG00000050428	0.042150273109299384	0.0	0.01808709526072616	0.0	0.0	0.0	0.13182076304025947	0.0	0.03334559517339442	0.0	0.0	0.0	0.030150948639801223	0.0	0.020670364229382066	0.0	0.029177420999054373	0.0	0.2267850479639992	0.0	0.09906449436390774	0.09738373570925023
ENSMUSG00000020612	0.045269259522496504	0.0	0.018475848812158736	0.0	0.0	0.0	0.16572309253863665	0.0	0.02875335871904451	0.0	0.0	0.018663008239410216	0.045171102157041704	0.0	0.014928542204398432	0.0	0.023557911643644885	0.0	0.1642488622455631	0.0	0.1188762451167933	0.0
ENSMUSG00000085803	0.0	0.019538741312349745	0.0	0.0	0.0	0.0	0.0	0.0	0.021441273705830134	0.020050315697766472	0.0171709613801039	0.0	0.031767449677225786	0.0	0.0	0.0	0.057746861504786196	0.0	-0.0650426976103663	-0.04682263673225569	0.04241487864291159	-0.05506616450805496
ENSMUSG00000064252	0.0	0.0	0.0	0.0	0.0	0.0	-0.06857937783492556	-0.010488342384874316	0.0	0.0	0.0	0.0342066351206766	-0.018184284366886207	0.0	0.0	-0.008984302048511408	0.0	0.018656716373062432	-0.19188163827163382	-0.03962544589203007	-0.007621852951901396	-0.11258670110967588
ENSMUSG00000116800	-0.007795964228124909	0.0	0.0	-0.007082943130894633	0.0	0.0	0.032010963972902706	-0.021063965368160516	-0.009248263625729052	0.0	0.0	0.0	0.0	0.0	-0.005322545694130601	-0.007261920917211611	0.0	0.0	-0.11294621564925135	-0.04877892185544251	0.0	-0.1394230635156308
ENSMUSG00000097283	0.02963463469378444	0.0	0.018592414794316878	0.0	0.0	0.0	0.13022742631615758	-0.04375194206133569	0.029385960223155438	0.0	0.0	0.0	0.01665277270125144	0.0	0.02029649049013786	-0.041141459365958095	0.0	0.0	0.03289554402894381	0.0	0.0	-0.06506067981176797
ENSMUSG00000100429	0.04330490968542478	0.02365826081256225	0.025341646090667323	0.0	0.0	0.0	-0.05550320050985568	0.0	0.0	0.0	0.0	0.0	0.01657064458819016	0.0	0.0	0.0	0.0	0.017370841209067463	-0.10300375754861832	-0.04298217667887641	-0.020782425660259722	-0.10360967129059406
ENSMUSG00000115601	-0.11756957208026676	0.0	0.0	0.0	0.0	0.0	-0.1819938632835238	-0.08496773012258825	-0.06345124074124436	0.0	0.0	0.0	-0.07242602736448132	-0.06232433820455541	-0.10473890245669577	0.0	-0.07760969373424483	0.0	-0.12697040043686844	0.0	0.0	-0.10281447339117453
ENSMUSG00000097450	0.03465072320148559	0.028517602178586277	0.019601279810763456	0.0	0.0	0.0	-0.0502930481142836	0.0	0.02896038836533298	0.0	0.0	0.025998463576963147	0.0	0.0	0.0	0.0	0.038233355452753824	0.0	-0.15222903702517296	-0.029238731454496687	0.0	-0.06169881744510322
ENSMUSG00000072813	-0.039185549926980305	0.0	0.0	0.0	0.0	0.0	-0.1301717602067659	-0.05147509742748263	-0.03679395861900198	0.0	0.0	0.0	0.0	0.0	-0.03212658975295934	0.0	-0.02505259843553076	0.0	-0.2583769003554987	-0.040128240793424114	-0.030786784347783196	-0.16909040721007387
ENSMUSG00000038987	0.039782438702649664	0.0	0.035060878489853724	0.0	0.0	0.0	0.08118182922794874	0.0	0.04442335102955969	0.0	0.0	0.02286700613666448	0.02631065258362582	0.0	0.027056899561395367	0.0	0.03260094845158488	0.0	0.27384845278365766	0.0	0.06061351196799609	0.0
ENSMUSG00000109598	0.03688902759455476	0.0	0.03462881324428348	0.0	0.0	0.0	-0.08762831297232739	-0.04788713063217831	0.039342204278666915	0.0	0.0	0.0	0.021797625922444802	0.0	0.0	-0.03547311811005563	0.049877435755400316	0.0	-0.06910713517495608	0.0	0.0	-0.053137444076060324
ENSMUSG00000108634	0.036779928624427374	0.0	0.05620714499083573	0.0	0.0	0.0	-0.05549943595571739	-0.05237417296269252	0.0	0.025524253333433528	0.0	0.021897434480820443	0.0	0.0	0.023435048894411697	-0.03575273205071263	0.053498344904690506	0.0	-0.2492702584562744	0.0	0.0	0.0
ENSMUSG00000054266	-0.28096340251374274	0.0	-0.20439265496653086	0.0	0.0	0.0	-0.284969033161784	0.0	-0.22605029835368923	0.0	-0.17636779096201938	0.0	-0.205954950704809	0.0	0.0	0.0	-0.312159827806728	0.0	-1.008855675074169	0.0	-0.38875608423175084	-0.2442256370470126
ENSMUSG00000108815	0.04273944378967403	0.0	0.02525371105912129	0.0	0.0	0.0	0.07214456113465614	0.0	0.02531963844456496	0.0	0.0	0.037847433706652486	0.01939502012612067	0.0	0.02556906089329396	0.0	0.03725314275836048	0.0	0.2723541047328339	0.0	0.01699823497245856	0.0
ENSMUSG00000109039	0.026571182967702944	0.017078252072918576	0.040650285003748475	0.0	0.043557704700610315	0.0	-0.0444621136765888	0.0	0.0	0.0	0.0	0.0	0.0	0.0	0.0	0.028333401630785043	0.06182456002849593	0.0	-0.17131933642400063	-0.0478644091687713	0.0	-0.09143972579296675
ENSMUSG00000086228	0.03656304896883433	0.0	0.02903030281475477	0.0	0.0	0.0	0.0959958984244524	0.0	0.019448274906704983	0.012923869237928542	0.0	0.0	0.014550000430227136	0.0	0.022889589763229024	0.0	0.044393497784110184	0.0	0.31759668148587533	0.0	0.020514037735244114	0.0
ENSMUSG00000096977	0.021603970510782517	0.0	0.0	0.0	0.0	0.0	-0.09468458811369432	0.06472992813077441	-0.03567664163392687	0.0	0.0	-0.05208643622877836	0.031065002362035233	0.0	0.0	0.0	0.012451132398247744	0.0	0.1058413149261454	0.0	0.049083136472386116	0.19685092734981022
ENSMUSG00000071540	0.0509448241671368	0.0	0.04292306908786318	0.0	0.0	0.0	0.034961133477899455	0.0	0.019752892668840102	0.0285860734049132	0.0	0.0	0.0	0.0	0.022258733956163967	0.0	0.06577344731092168	0.0	-0.20481201440874575	-0.050494651618841424	0.0	-0.08743556449039598
ENSMUSG00000099380	-0.31157459113855435	-0.15367624180825334	-0.20612737690326416	0.0	0.0	0.0	-0.2859946703519984	0.0	-0.22775498270228098	0.0	0.0	0.0	-0.2281974902817557	0.0	0.0	0.0	-0.30868540466017796	0.0	-0.9717005440506956	0.0	-0.37863583384305793	-0.26034821908219674
ENSMUSG00000055436	0.0	0.0	0.012171184950025005	0.0	0.0	0.0	0.21374415720480722	0.06556658105532846	0.0	0.0	0.0	0.0	0.03828702140149762	0.0	0.013725610890447798	0.0	0.01504708255671426	0.0	0.40174871985431865	0.015020012769827907	0.1449588283077857	0.23379475118731716
ENSMUSG00000059030	-0.051151699232620404	0.0	0.0	-0.0037890300332170243	-0.008296037186646612	0.0	-0.07623013548616314	-0.011506238104001134	-0.020629733830087035	0.0	0.0	0.0	0.0	0.0	-0.002142578031533504	0.0	0.0	0.0	-0.07086981814445252	-0.0466218453447491	0.0	-0.07639952527738249
ENSMUSG00000024534	0.02292385840700223	0.0	0.0	0.0	0.0	0.0	0.02833572552848232	-0.03396121546923275	0.0	0.0	0.0	-0.015917950687551013	0.0	0.0	0.0	-0.02687964425945336	0.024644580935733223	0.0	-0.15960051859876045	-0.02950493640840831	-0.01253206010494143	-0.054465926432485594
ENSMUSG00000067679	-0.1493441817871926	0.0	0.0	0.0	0.0	0.0	-0.1807541058999294	-0.04626545834429918	-0.10363344276318981	0.0	0.0	0.0	-0.051282847854651474	0.0	-0.0606928377143063	0.0	-0.10891852011225532	0.0	-0.09694072854875398	0.0	-0.08110781792524716	-0.1420125120703474
ENSMUSG00000112345	0.0	0.0	0.0	0.0	0.0	0.0	-0.07508872315567935	0.0	0.0	0.0	0.010327979989225453	0.011877331590214674	0.009833430943066433	0.0	0.0	0.0	0.016427606506287537	0.00902154872545241	-0.15900347289588365	-0.045022311136219996	-0.011214770473811163	-0.130760145521501
ENSMUSG00000071573	0.0	0.0	0.0	0.0	0.0	0.0	-0.03721225420073578	0.02801437761020425	0.010135069234835929	0.0	0.0	-0.040507609625683554	0.011293105536199622	0.0	0.0	0.0	0.013826556268603173	0.010496764497001085	-0.08558881704021513	0.0	-0.015118722147518571	0.07259330233484554
ENSMUSG00000034762	0.033196936016749265	0.0	0.027158899534695972	0.0	0.0	0.0	0.0	0.015588933511527727	0.023680212408949346	0.0	0.0	0.0	0.014363192729836324	0.0	0.016890456491720073	0.0	0.03655565761661367	0.008380562987793161	-0.12659733875857396	0.0	0.0	0.10084824747419206
ENSMUSG00000036356	0.021460674858517485	0.012824589895731863	0.011911419880857727	0.0	0.0	0.0	0.0041707453954912405	0.0	0.015159287005209077	0.008080472382534284	0.0	-0.034044037853005665	0.0	0.0	0.013013758868418792	0.0	0.005218045907260911	0.0	0.036798809689696045	0.0	0.0	0.0
ENSMUSG00000028158	0.0	0.0	0.0	0.016270827296886368	0.0	0.0	0.0	0.12297929763165691	0.0	0.0	0.0	0.0	0.02610952595422835	0.0	0.034865869704780963	0.0	0.01877807865791603	0.022331629833143334	0.12500793019291248	-0.1816952135006051	0.017991308084272854	0.37556759345193647
ENSMUSG00000017146	0.045181131633263004	0.0	0.0	0.0	0.0	0.0	0.026327668656156683	0.05701976204475684	0.0398027444226675	0.0	0.0	0.0	0.04739324906530919	0.0	0.02428703212454919	0.0	0.026913406891212608	0.0	0.16917886686631825	0.0	0.03363772008095062	0.2685973160361659
ENSMUSG00000040154	0.04357669795055705	0.025056103813607285	0.05294619925674544	0.0	0.017425879662854485	0.0	0.0	0.0	0.029326600920074764	0.0	0.0	0.015176197124088506	0.0	0.0	0.0	0.0	0.04146748706880361	0.0	-0.18659100143632243	-0.04406112722981751	0.0	-0.07561933682949748
ENSMUSG00000032902	0.0373702056266231	0.0	0.0	0.0208200716620962	0.0	0.0	0.1698280503613709	0.11268998914475972	0.0283309653427236	0.0	0.0	0.0	0.026566109011986177	0.0	0.0	0.0	0.0	0.0	0.5039780291773908	-0.10886889442397907	0.06516535362613439	0.3327343798301775
ENSMUSG00000061728	0.03741214195759509	0.0	0.013584930783219295	0.0	0.0	0.0	0.16578409620628576	0.0	0.021211992640805186	0.0	0.0	0.028288836816075393	0.010291995175342128	0.0	0.016367270249830916	0.0	0.027892748386468404	0.0	0.011538805249573477	0.0	0.04451883547357049	0.0
ENSMUSG00000074604	0.020601638367890234	0.0	0.01795641324145395	0.0	0.0	0.0	0.0317428072127592	0.0	0.013921136830277672	0.0	0.0	0.004647987094463596	0.016350288440605557	0.0	0.011006825921915956	0.0	0.03902154159835049	0.0	0.031494247736979106	0.0	0.017121966338430713	0.0
ENSMUSG00000113543	0.03194703594370008	0.0	0.014193010440761211	0.0	0.0	0.0	0.0	0.0	0.02294838537748265	0.015377652959970772	0.0	0.0	0.018714064311021145	0.0	0.018648092250822063	0.0	0.030902644970969537	0.0	-0.06389252728480962	-0.04915379776566042	0.0	-0.07182061137189465
ENSMUSG00000048096	0.032330188845899	0.0	0.022773740423883852	0.0	0.0	0.0	0.04763020837459755	-0.06193328724696548	0.025906297616962358	0.014881320360056644	0.0	0.0	0.013482576537968567	0.0	0.012442898720079731	0.0	0.040093412752091016	0.0	0.0	0.0	0.013598839562997194	0.0
ENSMUSG00000006205	0.0337736451727813	0.01657651309345598	0.0	0.0	0.0	0.0	0.1028746562864817	0.0	0.03183426575709361	0.0	0.0	0.0	0.027042411300290007	0.0	0.022022565689659965	0.0	0.025755501753910774	0.0	0.5319200850539285	0.0	0.06979286955609339	0.04895213033151314
ENSMUSG00000053868	0.0	0.0	-0.016251371440268732	-0.010074911922598018	0.022061987981671353	0.0	0.10793829619297944	-0.06494594334295688	0.0	0.0	0.0	0.0	0.0	0.0	0.023196852374702797	0.06265572917029377	0.0	0.0	-0.14515329580024383	-0.05095064139566477	0.0	-0.11906033798551804
ENSMUSG00000114695	0.031105495758106207	0.02203576802844645	0.020477497752653066	0.0	0.0	0.0	-0.05527120272819939	0.0	0.022482346740190704	0.0	0.0	0.03182037069116852	0.0	0.0	0.0	0.0	0.029320392357461436	0.0	-0.17474544590929125	-0.05000198562856912	0.0	-0.1059730683837596
ENSMUSG00000100707	-0.00435583358148383	0.0	0.0	0.0	0.0	0.0	-0.004808970041309213	-0.002144148747959581	0.0	0.0	0.0	-0.023649285665921674	-0.0155687594272952	0.0	-0.0414465167187065	-0.009129728448332965	0.0	0.0	0.0	-0.0015033547929060725	-0.012995631661154671	-0.009472922242140143
ENSMUSG00000024600	0.0	0.023017725740654693	0.0	0.0	0.0	0.0	-0.06111038179861667	-0.053941822012991095	-0.007605425869352124	0.0	0.0	0.0	0.0	0.0	0.0	-0.027186133297716332	0.0	0.018121309061522595	-0.2379162499448912	-0.0319522238319985	-0.036866573819739734	-0.06540307264995245
ENSMUSG00000025575	0.03383748953098392	0.0	0.021108565878589163	0.0	0.0	0.0	0.055758169539291046	0.049997638013722395	0.02568381779514774	0.0	0.0	0.0	0.022992530906512997	0.0	0.023083947699522257	0.010405207077774314	0.029338406624965833	0.0	0.0	0.0	0.0	0.21962527148526312
ENSMUSG00000034607	-0.11895113147423843	0.0	-0.06795271020756052	0.0	0.0	0.0	-0.1647275450367124	-0.0804842886879233	-0.11596610460435693	0.0	0.0	0.0	-0.0633257081082117	0.0	0.0	0.0	-0.07175617577079826	0.0	-0.3234392670234183	0.0	-0.07780856404290243	-0.13390576519295652
ENSMUSG00000101650	0.05579906447890195	0.0	0.01590973617433036	0.0	0.0	0.0	-0.04270100491863458	0.0	0.0	0.0	0.0	0.01900089866085883	-0.008183929078952379	0.0	0.02037990481268098	0.0	0.0	0.0	-0.10203502349979683	-0.04035696771321049	-0.012908526573660154	-0.10673664529303378
ENSMUSG00000112093	0.0	0.0	-0.02820905463868035	0.0	0.0	-0.009197568502234514	-0.16806006812440102	0.0	0.0	0.0	0.0	-0.03683184386596406	-0.05264387750627039	-0.006201872943792985	-0.250160663401097	-0.05022472136000845	0.0	0.0	0.0	-0.033892935837714716	0.0	0.17086219698895524
ENSMUSG00000092464	0.07285213191803608	0.016687582701950497	0.0	0.0	-0.0271250590517998	0.0	0.0	0.0	0.0213854745174183	0.0	0.0	0.0	0.035567794160600526	0.0	0.06088300612146243	0.0	0.05836787108286564	0.0	-0.028325304095936737	-0.04055789763191546	0.0	-0.10457487550295907
ENSMUSG00000089723	0.05859276226378702	0.024883267660015557	0.029802490273781505	0.0	0.032194733435202454	0.0	0.0	0.0	0.021731625294345244	0.0	0.0	0.0	0.020610081560405318	0.0	0.0	0.0	0.0	0.0	0.040721170555261976	-0.03742750493451341	-0.05610661340880417	-0.08988002732653798
ENSMUSG00000032125	0.04029658739867003	0.0	0.017142469151064706	0.0	0.0	0.0	0.07330587922628387	-0.05628710780950358	0.020393573070198154	0.0	0.0	0.0	0.024587239647938033	0.0	0.016731963055612118	0.0	0.03725479387889199	0.0	0.13785094676351903	0.0	0.027130347761642915	0.0
ENSMUSG00000054280	0.03222957973487687	0.0	0.024869034524236423	0.0	0.0	0.0	0.04340520875511576	0.023794028452647505	0.030013631644658756	0.0	0.0	0.0	0.02011984292768798	0.0	0.0	0.0	0.028158138270461625	0.0	0.14765372624934342	0.0	0.025555889507748095	0.12734617776090562
ENSMUSG00000000301	0.047113575530649196	0.016887012544109556	0.02218957984069852	0.0	0.0	0.0	0.0	0.0	0.03312693172527357	0.0	0.0	0.0	0.03198032775819313	0.0	0.033569477106338716	0.0	0.025732499788659016	0.0	0.014461996093018348	0.0	0.02138184329600644	0.1866164290273955
ENSMUSG00000019715	0.046315124066140266	0.0	0.02421512541440978	0.0	0.0	0.0	0.0	0.037409942474215634	0.03663258797114057	0.0	0.0	0.0	0.015360434814027157	0.0	0.018941987924265987	0.0	0.027923458838523086	0.0	0.11052766721755447	0.0	0.03160284539292579	0.1922659902067128
ENSMUSG00000115531	-0.046240656141998966	0.0	0.0	0.0	0.0	0.0	-0.08671421985123541	-0.022691591285218703	-0.04360421851962473	0.0	0.0	0.0	0.0	0.0	-0.02406224497433627	0.0	-0.028476072711258498	0.0	-0.13854947378606508	-0.02582991152673852	-0.0186342933917244	-0.09643693647375656
ENSMUSG00000112151	0.04345397752797837	0.017067571288386808	0.0	0.0	0.0	0.0	-0.06805232892386107	-0.03498943120303004	0.0461404353775802	0.0	0.0	0.04157619736907659	0.0	0.0	0.0	0.0	0.06115946610094445	0.0	0.0	-0.029100477583564422	0.018915818569025664	-0.07540565305693403
ENSMUSG00000121707	0.056583209381025706	0.012127310504246784	0.0276053907434291	0.0	0.0	0.0	0.10230730490661355	0.0	0.012950118317559323	0.0	0.0	0.0263342681992455	0.041059675445508925	0.0	0.03738043522824955	0.0	0.0	0.0	0.768647091394895	0.0	0.0817296494447471	0.0
ENSMUSG00000043441	0.0	0.0	0.0	0.0	0.0	0.0	0.04568555691249178	0.0	-0.01611776318562973	0.009203440195881957	0.0	0.026537230727198134	0.01890350944232686	0.0	0.0	0.0	0.016997587552605695	0.01063040580754302	-0.12208613197012916	-0.05612728043816636	0.0	-0.09433892115118582
ENSMUSG00000049103	-0.3125424721421239	0.0	-0.17365939969613028	0.0	0.0	0.0	-0.3225787185086615	0.0	-0.20852099341470542	0.0	0.0	0.0	-0.22275092792427403	0.0	0.0	0.0	-0.2955979485242302	-0.1627797557257984	-0.9713697812262285	0.0	-0.4029850061710109	-0.2599103514890725
ENSMUSG00000112275	0.04280728864153958	0.01182504641465687	0.020039069092739656	0.0	0.0	0.0	0.0	0.0	0.015863079044801547	0.01648123599236493	0.0	0.0	0.023856206365537928	0.0	0.03374371616006502	0.0	0.02844803711216027	0.0	0.0	-0.046801580105353124	0.0	-0.08883772211450913
ENSMUSG00000048170	0.03727458362277874	0.0	0.0	0.0	0.0	0.0	0.11277825002272089	0.022553639889556196	0.0351308542260287	0.0	0.0	0.0	0.029611918296205388	0.0	0.023811082190060055	0.0	0.022599512889955542	0.0	0.23069269652143887	0.0	0.047473095950515284	0.16494938367314982
ENSMUSG00000013668	0.0	0.016038481450789864	0.0	0.0	0.0	0.0	-0.12241488106968303	0.0	0.0	0.0	0.015754635179363097	0.023746688238755337	-0.015162959820102542	0.0	0.0	0.0	0.02586497139333794	0.0	-0.24118755425306587	-0.037475225789611974	-0.024869878016787743	-0.11167050743659175
ENSMUSG00000021228	0.0427314146307312	0.0	0.02266395365875106	0.0	0.0	0.0	0.16083174621329496	0.0	0.0	0.0043615001000554265	0.0	0.011131591250131866	0.0266940076463457	0.0	0.022251833179469483	0.0	0.027933659367384088	0.0	0.08741395732405391	0.0	0.025961592235403293	0.0
ENSMUSG00000056486	0.020196207537205253	0.0	0.006610899701342338	0.0	0.0	0.0	0.0	0.038980793970568646	0.017071057008981885	0.0	0.0	0.0	0.011446427623551947	0.0	0.0060550835420319915	0.0	0.014606830594353673	0.0	0.01688687542799634	0.0	0.012397752398233356	0.11941471211684634
ENSMUSG00000120211	0.015338120869505045	0.0	0.011527197452835593	0.0	0.0	0.0	-0.051040138841240264	0.0	0.0	0.0	0.011467031782993225	0.027820956840616473	0.0	0.0	0.0	0.0	0.019891182821240496	0.009470893754624787	-0.19114040912803754	-0.04792759056383088	0.0	-0.09950295967994566
ENSMUSG00000114298	0.015274680149263316	0.016525013983773693	0.0	0.0	0.0	0.0	-0.06575606318830739	0.0	0.016439856403301256	0.0237198651471358	0.0	0.016052646228342297	0.0	0.0	0.0	0.0	0.024786364600148186	0.0	-0.2455031672992595	-0.04500158974233824	0.0	-0.1044610537747355
ENSMUSG00000051220	0.0	0.0	0.005234172118922061	0.0	0.01960390055495884	0.0	0.11679938029868409	0.06789735104495737	0.0	0.0	0.0	0.0	0.0038285004780514997	0.0	0.0033821796949136	0.0	0.021469526408580273	0.004678851192122878	0.4648544633377114	0.0	0.0	0.09335068736224751
ENSMUSG00000117413	-0.020870483272253913	-0.015114348884020282	0.0	0.0	0.0	0.0	-0.07912748808481396	-0.025105260210749637	0.0	0.0	0.0	0.0338665584178508	0.0	0.0	-0.03646178321000856	0.0	-0.0482362817573341	0.0	-0.17031976567612747	-0.03971079517732415	0.0	-0.08220421938810854
ENSMUSG00000036958	0.0	0.0	0.0	0.0	0.03318853129356175	0.06472297880276534	-0.09466108392884187	-0.17082300545594792	0.0	0.0	-0.0526721412003642	0.0	0.0	-0.027108983818654443	0.0808754444435908	-0.013597558199098353	0.0	0.0	-0.045638906031848905	0.0	0.0	-0.20812965330659064
ENSMUSG00000042250	0.038098606858290925	0.0	0.021866772376606013	0.0	0.0	0.0	-0.07329220435774908	0.0	0.0	0.0	0.0	0.021995195179027545	0.014243620723464218	0.0	0.01602966341499068	0.0	0.052394529712159695	0.0	-0.1780331981029872	-0.0455644705186881	0.0	-0.12599672868889308
ENSMUSG00000118215	0.015564090136906517	0.0	0.0	0.0	0.0	0.0	-0.05302869294804377	-0.015269540232117634	0.016850135361788292	0.0	0.0	0.0238418372476218	0.013497837388726891	0.0	0.0	0.0	0.021522614503522195	0.0	-0.1400688962154855	-0.056631454968372574	0.0	-0.11742518200268072
ENSMUSG00000029268	-0.023319234723601808	0.0	-0.03590845588483001	0.0	0.0	0.0	-0.0849554114864287	-0.022475057837227756	-0.02377762218909181	0.0	0.0	0.0	0.0	0.0	-0.022768462822778668	0.0	-0.017844463017423595	0.0	-0.11273940463309426	-0.03401271186024877	0.0	-0.08605249483551243
ENSMUSG00000090105	0.04639385484941509	0.0	0.0	0.0	0.0	0.0	0.1009232814369684	0.037091748500237304	0.04550021770705429	0.0	0.0	0.0	0.0	0.0	0.0	0.0	0.019379194489527907	0.021889146593534945	0.5047616204577323	-0.1230549328472329	0.023745562778800473	0.11593828453234456
ENSMUSG00000023868	0.030461328722379104	0.0353381016396584	0.02782213410086498	0.0	0.0	0.0	0.0	-0.04503576318233461	0.0	0.0	0.0	0.0	0.0	0.0	0.0	-0.02834870421738518	0.03929387105353537	0.0	-0.2910798413813211	-0.02536778878647335	-0.027911122674544247	-0.05670696871912769
ENSMUSG00000021576	0.041449097436050436	0.0	0.0	0.0	0.0	0.0	0.028333511533260254	0.045768088499460735	0.03448501046781001	0.0	0.0	0.0	0.030353769965898378	0.0	0.01745340119457517	0.0	0.02512363400098755	0.0	0.08139606545534833	0.0	0.02406115142005409	0.16880248860481706
ENSMUSG00000082112	-0.033967922891421656	0.0	0.0	0.0	0.0	0.0	-0.04888361749401003	-0.012643568541557971	-0.02089017026480191	0.0	0.0	0.0	0.05819986431913572	0.0	-0.011775048004684402	0.0	-0.02601173260147875	0.0	0.22807445525853245	-0.016371516782843806	0.0	-0.07684104163338278
ENSMUSG00000021975	-0.04208779020523957	0.0	0.0	0.0	0.0636456266217853	0.0	-0.034727135367875	0.12983970002498224	-0.03503148504416375	0.0	0.0	0.0	-0.021717562347794483	0.0	0.0	0.021913307797718547	0.018340079468730165	0.0	0.1336156322992983	0.0	0.0	0.18974447722779286
ENSMUSG00000113400	-0.0792191645961241	0.0	0.0	0.0	0.038166250193344714	0.0	-0.013745588688004674	0.0	0.0	0.0	0.0	0.02857303884099382	-0.012461877973889646	0.0	0.02431491262772118	0.0	0.0	0.0	-0.18473938663726103	-0.04355933905449738	-0.010838963407177535	-0.1359529382300019
ENSMUSG00000071317	0.0	0.01896846015562291	0.018095546306049235	0.0	0.0	0.0	-0.01833135032885246	0.0	0.015047325270712182	0.012349343614774234	0.0	-0.037766620801941424	0.0	0.0	0.0	-0.022053113608467248	0.017423417930084645	0.0	-0.149714695504291	0.0	0.0	0.012299878253272972
ENSMUSG00000120178	0.0	0.0	0.0	0.0	0.0	0.0	-0.051722990588937666	0.0	0.0	-0.0060983160383822465	0.018473561480274254	0.0	0.0	0.0	0.010350114410459021	0.0	0.021196439326892	0.020681665522252226	-0.12038415762677639	-0.04900022562039889	-0.015413507724845768	-0.11770291288113746
ENSMUSG00000035314	0.04134847192021095	0.0	0.026967240240364863	0.0	0.0	0.0	0.048183166574078264	0.03246819966360886	0.031150000702118798	0.0	0.0	0.0	0.036259198451937084	0.0	0.029128169884381272	0.0	0.03476885385098703	0.0	0.030223821950296756	0.0	0.0	0.1141182104354166
ENSMUSG00000034105	0.03521432223178408	0.0	0.027916757879907737	0.0	0.0	0.0	0.046971766053431604	0.0	0.028644227062961373	0.0	0.0	0.0	0.03268492220996663	0.0	0.0249707878321659	0.0	0.03443400992998802	0.0	0.020364007642238058	0.0	0.0239971398700842	0.01871242379316358
ENSMUSG00000041565	0.0	0.0	0.0	0.0	0.0	0.0	-0.06006618086907702	-0.056327985808801946	0.0	0.0	0.013507119793741479	0.0	0.0	0.0	0.0	-0.03367427758695837	0.009854417911810187	0.013923393970997828	-0.2484533229530587	-0.025254641646996374	-0.032508217610626625	-0.041867401985698785
ENSMUSG00000026248	0.026268630629511038	0.0	0.010258374388804881	0.0	0.0	0.0	0.06981035014766894	0.05540582787477456	0.0	0.0	0.0	0.0	0.0	0.0	0.0	0.009860749842887245	0.018554147542999545	0.009553943744972426	0.3823381687862865	0.0	0.04600151336323563	0.27981072865917517
ENSMUSG00000000530	0.03909638094792976	0.0	0.01432777581369906	0.0	0.0	0.0	0.1041811997743323	-0.0542719962776127	0.028321811237562992	0.0	0.0	0.0	0.011643272925989058	0.0	0.01331980022107212	0.0	0.027491026676801537	0.0	0.0961048578761064	0.0	0.0637252150881005	0.0
ENSMUSG00000024052	0.02654963859461662	0.01387218086838389	0.019418101129321113	0.0	0.0	0.0	0.0	0.02216982859054407	0.01958916215090238	0.0	0.0	-0.045660416853424673	0.018899577087727368	0.0	0.012082926941060883	0.0	0.023813626885508626	0.0	0.0	0.0	0.0	0.10982218033228808
ENSMUSG00000020225	0.029474843195352807	0.01368497767339335	0.02708588605100783	0.0	0.0	0.0	0.0	0.022899012834206582	0.022160642526907148	0.0	0.0	0.0	0.0	0.0	0.014461199996023744	0.0	0.02124230804473439	0.0	0.11562539591649275	0.0	0.042752485198778896	0.12391074380609846
ENSMUSG00000115644	-0.03817722542450611	0.0	-0.04295545901350757	0.0	0.0	0.0	-0.11738335382541747	-0.049442788358287	-0.03413526350080992	0.0	0.0	0.0	0.0	0.0	-0.05412286113633368	0.0	-0.028381331553438426	0.0	0.0	-0.03150635621001429	-0.020052615085912828	-0.07775495576314144
ENSMUSG00000029547	0.044758172261013675	0.0	0.018041558122563136	0.0	0.019590360639305606	0.0	0.05768874764460754	0.028682251577668846	0.0	0.0	0.010857618773816136	0.0	0.022509187159753394	0.0	0.02785915753533496	0.0	0.031106751247212877	0.0	0.0	0.0	0.0	0.21273490833363012
ENSMUSG00000108207	0.025919002596197196	0.0	0.0146526135805631	0.0	0.0	0.0	0.13833637310665214	0.0	0.020981981337609576	0.0	0.0	0.009882534816147563	0.017854345647079026	0.0	0.0078032492576023404	0.0	0.03170530936344418	0.0	0.32087583386711727	0.0	0.054183812505468235	0.0
ENSMUSG00000103214	-0.037292679324285864	0.0	0.0	0.0	0.0	0.0	-0.14297014490185014	0.0	-0.015779282144531614	0.0	0.0	0.0	-0.01379453309824347	0.0	0.036850934896142884	0.0	-0.02382095770599633	0.0	-0.1789637670723682	-0.03663280481598108	-0.017821848547260686	-0.08729187779023401
ENSMUSG00000020871	0.0430272722481383	0.0	0.02690090150249235	0.0	-0.03940023093780726	0.0	0.11158335244396894	-0.04859713250945379	0.03621370137527145	0.0	0.0	0.0	0.028639414805874452	0.0	0.0	0.0	0.0363942276484321	0.0	0.0	0.0	0.04553003510484273	0.011492614280154464
ENSMUSG00000035376	0.032669956335321784	0.0	0.0	0.0	0.0	0.0	0.05504755656609212	0.05223236686877544	0.022152848087340034	0.0	0.0	0.0	0.023385789568369737	0.0	0.024085194596106908	0.0	0.0	0.013792222134669019	0.20148015696348706	0.0	0.026421342375854754	0.18449687745704657
ENSMUSG00000017664	0.05033961845878869	0.01850161158069599	0.026967983169218657	0.0	0.0	0.0	0.06917430369119046	0.0	0.02659956439841455	0.0	0.0	0.0	0.026884773167753704	0.0	0.016847319792658466	0.0	0.0310883771597045	0.0	0.1694490203881512	0.0	0.0	0.07889401487089834
ENSMUSG00000095457	-0.3184394258896933	-0.16421623486962567	-0.20062543480043898	0.0	0.0	0.0	-0.2785275779779734	0.0	-0.21700452595082914	0.0	0.0	0.0	-0.24078692837949978	0.0	0.0	0.0	-0.3358805460160632	0.0	-0.9634232133174967	0.0	-0.3597293449201795	-0.2540621227004354
ENSMUSG00000038010	0.022250591255301384	0.0	0.0	0.0	0.0	0.0	0.05991054777045912	0.06373531012012881	0.016093151074704912	0.0	0.0	0.0	0.031201704243670702	0.0	0.019831423182785614	0.0	0.014606123573544405	0.0	0.24430526132572442	0.0	0.04686028480547528	0.16908130085407652
ENSMUSG00000090919	-0.01956236719520045	0.0	0.0	0.0	0.0	0.0	-0.03324110245522621	0.0	-0.022897474753671477	0.0	0.016534820555352353	-0.03367244423715817	0.025998671888767356	0.0	-0.041052765579943765	0.0	-0.004025247241578394	0.0	0.0	-0.020154783926189922	0.0	-0.009435071516745297
ENSMUSG00000006920	0.041163599806934945	0.0	0.025601660392681934	0.0	0.0	0.0	0.012341785304128938	0.0	0.03611141794483244	0.0	0.0	0.0	0.022032125692047724	0.0	0.025944030510310058	0.0	0.030214142860047366	0.0	0.10030020424759171	0.0	0.024249608206214666	0.13821542136158008
ENSMUSG00000049168	-0.0404038615187916	0.0	-0.05704534982269426	0.0	0.054635369865574525	0.0	-0.09075707329232088	0.0	0.0	0.0	0.0	0.0	-0.04084131105377276	0.0	-0.034192245185163825	0.0	0.033321898950912365	0.0	0.0	-0.020332097475822875	-0.012855318616672834	-0.09753264840604253
ENSMUSG00000005973	0.034320894221690997	0.0	0.0	0.0	0.0	0.0	0.08222116891868826	0.015803286052134657	0.0425503197867167	0.0	0.0	0.0	0.018264150644129964	0.0	0.022154110279321324	0.0	0.02527123671868666	0.0	0.45251566570225504	0.0	0.03922789224696087	0.09431528895053314
ENSMUSG00000024776	0.010119869924296232	0.013275677751014948	0.0	0.0	0.0	0.0	0.011416933880645302	0.012006861127782785	0.0	0.0	0.007231229672490454	0.0	0.00827652500229088	0.0	0.0	0.0	0.016873731143132002	0.007513323406864535	-0.13476310309701442	0.0	0.0	0.026450048542832703
ENSMUSG00000086582	0.04558593421286639	0.0	0.015589048462524546	0.0	0.0	0.0	-0.053603283772276765	0.02608385945322952	0.029122481626764406	0.0	0.0	0.0	-0.05009166769686546	0.0	0.0	0.0	0.020011341429457208	0.0	0.2629498982777414	0.0	0.014506983009575416	0.18424141622737542
ENSMUSG00000101079	0.03492155909069652	0.0	0.0	0.0	0.0	0.0	-0.03993692098711263	0.0	0.023423923028991156	0.0	0.0	0.0	0.01908697590859332	0.0	0.03359426533078871	0.0	0.021429810612381275	0.0	0.0530775955441403	-0.041420933973614626	0.01640494912835047	-0.07908306660216398
ENSMUSG00000042985	0.04250954877641666	0.0	0.026201776179406444	0.0	0.0	0.0	0.16085059883289737	0.0	0.0372014148834134	0.0	0.0	0.03179081141135954	0.04474631420528599	0.0	0.03597194667086653	0.0	0.03387024079253152	0.0	0.381237128517181	0.0	0.12308645310039208	0.0
ENSMUSG00000029250	0.03619194589452995	0.0	0.0	0.0	0.0	0.0	0.0439151499016729	0.08827468464992282	0.02648236085518538	0.0	0.0	0.0	0.02738041773141212	0.0	0.02914784058114729	0.0	0.020655745922616542	0.0	0.110479914759539	0.0	0.02436329993105446	0.2629436213306889
ENSMUSG00000043019	0.005344674115983287	0.0	0.009458599029745858	0.0	0.0	0.0	0.0	0.06601943804800472	0.006117358576735427	0.0	0.0	0.0	0.019110796499487888	0.0	0.0	0.005541966738239479	0.013241746376683666	0.0	0.012639348924341565	0.0	0.007242168932715169	0.21360298680339643
ENSMUSG00000033128	0.02736453703192276	0.0	0.006462005196946952	0.0	0.0	0.0	0.10620674295383803	0.07746225214259021	0.016644273304061034	0.0	0.0	0.0	0.01560330688003917	0.0	0.018407562391282255	0.0	0.0	0.0	0.20908594489579943	0.0	0.03341714683872699	0.4105879391439066
ENSMUSG00000096197	0.09012464227307174	0.0	0.03836743421988685	0.0	0.0	0.0	0.0	0.0	0.08091439533997061	0.0	0.0	0.012210820666729606	0.0434275037968853	0.0	0.020857369561546157	0.0	0.03320842663911116	0.0	0.16335262141020662	0.0	0.009439683663387488	-0.06360384783866396
ENSMUSG00000049107	0.024204452027402224	0.0	0.02338675289199	0.0	0.014263729891370598	0.0	0.04795650144749542	-0.05048456239813277	0.015917700582265597	0.0	0.0	0.0	0.0	0.0	0.0	-0.033262552841867514	0.03313139457214269	0.0	-0.06349388951019676	0.0	0.0	-0.05376585654516789
ENSMUSG00000051682	0.020693972804397602	0.023522984849455468	0.0	0.0	0.0	0.0	0.0	0.0	0.0	0.0	0.017914015856085458	0.017754056333297474	0.03495590135690643	0.0	0.0	0.0	0.023861444654278634	0.013508664714114882	0.04576311097107262	0.0	0.020059707632669406	-0.07706383500672428
ENSMUSG00000031142	-0.044014400559838296	0.0	0.0	0.0	0.05463729219457363	0.0	0.0	-0.01088739621993696	-0.018605420633974933	-0.013165402206909175	0.0	0.0	-0.007794097809892542	0.0	0.0	0.0	0.0	0.0	-0.026095142295328447	-0.023507381179692456	-0.03713216668383918	-0.13264014293081514
ENSMUSG00000020388	0.025996663654316566	0.0	0.027034427549988835	0.0	0.0	0.0	0.0	-0.04214879105005019	0.015702461810740156	0.0	0.0	0.0	0.02214730049545411	0.0	0.015845837148622567	-0.036745609287817387	0.04091811686364845	0.0	0.0	-0.03248594466908521	0.01658393884890874	0.0
ENSMUSG00000031751	0.03507220351961261	0.014367128815929331	0.0	0.0	0.0	0.0	0.037506557005944685	0.0	0.03472894134731002	0.0	0.0	0.0	0.02432316780499985	0.0	0.028155910458346367	0.0	0.02298013630986069	0.0	0.14620324969683057	0.0	0.03181794135053687	0.13817925672872985
ENSMUSG00000073001	-0.062469483537620774	-0.04563742321810471	-0.05053053691645252	0.0	0.0	0.0	-0.19975287011987156	-0.11372167010847141	0.0	0.0	0.0	0.0	-0.06592381794162012	-0.062051590504941447	-0.09037122137302975	0.0	0.0	0.0	-0.29467905921324156	0.0	0.0	-0.1123488129084738
ENSMUSG00000001288	0.035373122008121656	0.0	0.006822990560720665	0.0	0.0	0.0	0.199994332692532	0.0	0.028962625296765028	0.0	0.0	0.0	0.03770732217258304	0.0	0.01286916029383101	0.0	0.013388789451740496	0.0	0.6589969871515274	0.0	0.20529013849837832	0.06351754424669404
ENSMUSG00000062165	-0.025665115162342215	-0.021046695981835183	-0.032809206145762305	0.0	0.0	0.0	-0.06380234861581201	0.0	-0.014507006947570678	0.0	0.0	0.0	0.0	0.0	-0.04451602206095939	0.0	0.0	0.0	-0.2532849685732218	-0.03299368433103873	-0.014437135300176962	-0.09689545169085122
ENSMUSG00000085709	0.034434808984628314	0.0	0.0	0.0	0.0	0.0	0.0	-0.033922390317005946	0.0	0.0	0.0	0.06578717605635274	0.043011754788455814	0.0	0.0	-0.01751950572230762	0.025073185321171216	0.0	0.046210399148140964	-0.03632150059024992	0.024148955569277944	-0.07987399233363678
ENSMUSG00000021579	0.05554065538538416	0.0	0.020564959959627697	0.0	0.0	0.0	0.02643711829455524	0.0	0.04425922032597791	0.0	0.0	0.02279056499136944	0.018022546992225316	0.0	0.02046882007951494	0.0	0.037548480973631546	0.0	0.25242105575790513	0.0	0.01622872452519336	0.0
ENSMUSG00000106490	-0.033994342694551864	0.0	-0.007253701847366708	0.0	0.0	0.0	-0.06079362193300478	-0.015353262708627684	0.0	0.0	0.0	0.04623069447194175	0.0	0.0	0.0	-0.006037343710297556	0.0	0.0	-0.0310695455415032	-0.029824763330483898	-0.007080719311635397	-0.06052387016304097
ENSMUSG00000110945	0.01250182128041331	0.0	0.008373388488919588	0.0	0.0	0.0	0.1851778686941685	0.012894227835761817	0.03482607792524791	0.0	0.0	0.0	0.026243294188821226	0.0	0.0	0.0	0.0	0.007095943005942074	0.9007672872020845	0.0	0.16540824291428302	0.22143534072616766
ENSMUSG00000099616	0.054727890022504985	0.026301617596385773	0.0319815822238796	0.0	0.0	0.0	-0.03981245042698515	0.0	0.04849065065856996	0.0	0.0	0.0	0.04127440191436698	0.0	0.0	0.0	0.03690736741271071	0.0	-0.05604427096215888	-0.042952404542229185	0.0	-0.08556806117635538
ENSMUSG00000067596	0.04765649408912486	0.0	0.028342649808167576	0.0	0.0	0.0	0.0	0.0	0.05423269764491501	0.0	0.0	0.03171219727102488	0.030461001893202694	0.0	0.0	0.0	0.05950850729098161	0.0	-0.20525037629074092	-0.04746833209212797	-0.04000831190323039	-0.127609693393233
ENSMUSG00000115428	0.035181652018991885	0.008349166204304037	0.012983588032119239	0.0	0.0	0.0	0.08051578321902733	0.0	0.03354214606259386	0.0	0.0	0.0	0.028942505748067122	0.0	0.014027957327365032	0.0	0.023431414908421763	0.0	0.4351049043488071	0.0	0.056449689886649966	0.0
ENSMUSG00000111273	-0.030338931594883684	0.0	-0.03101491983036982	0.0	0.0	0.0	-0.07258655294406474	-0.021757365250303473	-0.054784662050288355	0.0	0.0	0.0	0.0	0.0	-0.059512090460659264	0.0	-0.05446682376876487	0.0	-0.10288535198315003	-0.04492232121626821	0.0	-0.09616205015906035
ENSMUSG00000120361	0.05016247701866306	0.0	0.0	0.0	-0.06732559086008838	0.0	0.17156004868392416	0.05203437711097776	0.03668718626316068	0.0	0.0	0.0	0.058572817807473775	0.0	0.019045549515675615	0.0	0.0	0.0	0.13560168894225574	0.0	0.1601617155428316	0.14285677526504256
ENSMUSG00000073257	-0.2853355811609827	-0.18211003488648508	0.0	0.0	0.0	0.0	-0.28080153268950664	0.0	-0.2290515675002689	0.0	-0.17016837773364646	0.0	-0.2627920509429272	0.0	0.0	0.0	-0.31244110912335654	0.0	-0.9616895815339388	0.0	-0.392542459092509	-0.2557630601586135
ENSMUSG00000026729	0.0	0.0	0.0	0.0	0.037137246551985234	0.0	-0.06625353180645466	-0.03293202505614751	0.0	0.0	0.0	0.04050466085397545	0.0	0.0	-0.020275352896105464	-0.012748996679585671	-0.030065713996290946	0.0	0.13300337281232347	-0.02978755056515126	0.0	-0.09263797939684797
ENSMUSG00000020988	0.03470758053417182	0.0	0.0	0.0	0.0	0.0	0.07893834849477142	0.06340150262453696	0.02179449333955012	0.0	0.0	0.0	0.03165738534764819	0.0	0.026661613582212324	0.0	0.017293742819819657	0.0	0.23460046058153597	0.0	0.0365128277312663	0.14622478159106295
ENSMUSG00000033831	0.02250556095681605	0.0	0.017521362670145497	0.0	0.0	0.0	-0.10570612550875785	-0.027185780623053872	0.0	0.0	0.0	0.0	0.0	0.0	0.04165749724264652	0.05569800676018307	0.0350871569080703	0.0	-0.13491432413877585	-0.0522786170999965	0.0	-0.07410607818412343
ENSMUSG00000032536	0.022633581209882347	0.0	0.01774645848095562	0.0	0.0	0.0	0.10912899164607348	0.0	0.01742805436110363	0.0	0.0	0.0	0.02544038323052632	0.0	0.018763318012853247	0.0	0.0247079717721908	0.0	0.33250671269068577	0.0	0.031481570535899395	0.1126794548344263
ENSMUSG00000048473	0.027978590292552032	0.0	0.021347621444408802	0.0	0.0	0.0	0.06070347061309255	0.0	0.016957251614288432	0.0	0.0	0.01584480949412607	0.017133238639499875	0.0	0.02516932126233389	0.0	0.014108216634634622	0.0	0.05031245310672734	0.0	0.014055906674260737	0.0
ENSMUSG00000024847	0.04283358896199798	0.0	0.0	0.0	0.0	0.0	0.1289343961667255	0.020182508537117633	0.03725148034600982	0.0	0.0	0.0	0.03150124113664646	0.0	0.0	0.0	0.02688531045619175	0.0	0.30201557955786407	0.020251687458234136	0.1281340276643685	0.1737764209047242
ENSMUSG00000063953	0.050049500994690944	0.010255627821344357	0.037832080105160704	0.0	0.0	0.0	0.0	0.0	0.07255296116443175	0.009887927978403965	0.0	0.0	0.008376108162386542	0.0	0.013285323379015668	0.0	0.03114963020448942	0.0	0.14588107055001812	0.0	0.034431224634183535	0.0
ENSMUSG00000110002	0.02780977372691763	0.021810676974990534	0.08935142218949603	0.0	-0.022540141806248033	0.0	0.0	0.0	-0.058302168070061805	0.0	0.0	0.0	0.0	0.0	0.0	-0.024377255952987203	0.0	0.0	-0.09590609638753539	-0.04060072790510144	-0.04665912541726528	-0.09946157777311912
ENSMUSG00000097261	0.04301952274496399	0.0	0.0	0.0	0.0	0.0	-0.2799986941202234	0.10130986028713203	0.0	0.0	-0.04193904253335038	-0.027700077953067684	-0.10827321367572555	0.0	-0.10535219657048532	0.0	0.0	0.0	0.3562554642647769	-0.174465483054633	0.0	0.25020050659709275
ENSMUSG00000039163	0.020360773257803347	0.008255927546877484	0.016095328660722292	0.0	0.0	0.0	0.0	0.03877940716428575	0.010663118388232116	0.008544832131229887	0.0	0.0	0.017527673301760797	0.0	0.01170004374027973	0.0	0.01800159504706994	0.0	0.0	0.0	0.0	0.19786936034151129
ENSMUSG00000102764	-0.009875145103860209	-0.0016524713307805028	-0.0062790771975777555	0.0	0.0	0.0	-0.14187229849504968	-0.00872575310640005	0.0	0.0	0.0	0.0	-0.026479885112245895	0.0	-0.04184451030042388	0.0	-0.05203330536479374	0.0	0.0	-0.017698819810266622	0.0	-0.07522389159979032
ENSMUSG00000020115	0.039703370104145985	0.022836752550412644	0.022564625357389012	0.0	0.0	0.0	0.024404904123317812	0.0	0.03502323928490671	0.0	0.0	0.0	0.02703578643867737	0.0	0.0	0.0	0.0279934303994565	0.0	0.23158320227030232	0.0	0.024127306711626537	0.06348002741491614
ENSMUSG00000106962	0.03317637879572231	0.0	0.0	0.0	0.0	0.0	-0.03567926662314335	0.0	0.022450170023511046	0.01968532644721197	0.0	0.0	-0.03215753632279513	0.0	0.0	0.0	0.08668037234482624	0.018496707329645475	0.0	-0.024027517000582255	0.03676594405235959	-0.06072215193997525
ENSMUSG00000092269	0.06639326657507123	0.0	0.04100158949840605	0.0	0.01801979266485404	0.0	-0.042978405844043624	0.0	0.018311576274573506	0.0	0.0	0.0	0.0	0.0	0.0	0.0	-0.04832838800547295	0.0	-0.04757209096799509	-0.04705442155495093	-0.01769740604498944	-0.06397246155106533
ENSMUSG00000025529	-0.05768704943789011	0.0	-0.03746140530754096	0.0	0.0	0.0	0.0	0.0	-0.06698072868954093	0.0	0.0	0.0	-0.043964460895947334	0.0	-0.029793027637147425	0.0	-0.0068386226518907245	0.0	-0.3533029980602316	-0.013104887457158938	-0.04796335515072178	-0.06677611617265437
ENSMUSG00000038015	0.03428103208107087	0.0	0.0	0.0	0.0	0.0	-0.04738030180572806	0.0	0.03374301962417217	0.0	0.0	0.0	0.0359617757125055	0.04957972677471751	0.03229336480451722	0.0	0.0	0.0	-0.18974088930550928	-0.02653617685828152	-0.05159686938377393	-0.063421227013869
ENSMUSG00000037386	0.012826567807379511	0.0	0.0	0.0	0.0	0.0	0.009161098060991413	0.09751686678220696	0.0	0.0	0.0	0.0	0.04825655924050362	0.0	0.0	0.010132405695820081	0.016799221067544164	0.009632947640895163	0.10302425219518904	0.0	0.01670899039418989	0.2540153180877833
ENSMUSG00000021953	0.0061122251524039495	0.0	0.005842876280739163	0.0	0.0	0.0	0.2399769114786826	0.0	0.0	0.0	0.010980680082087003	0.0	0.05982852969203651	0.0	0.008480030007247463	0.0	0.007725237154210318	0.0	1.0738274403766246	0.0	0.18066484992259507	0.07049438790406251
ENSMUSG00000028926	0.0	0.0	0.0	0.0	0.0	0.0	-0.0510948179618238	0.0	0.0	0.01480114219202533	0.014874809148342745	-0.022682713675056202	0.0	0.0	0.0	-0.008557026930362022	0.0	0.013465013367449116	-0.26474587066234656	-0.026410513907069052	-0.016831381357652605	-0.01767225061282977
ENSMUSG00000055720	0.04227137885718643	0.0	0.03012499939904738	0.0	0.0	0.0	0.0	0.04385499068059219	0.03590038110432639	0.0	0.0	0.0	0.02547922820926285	0.0	0.029126243788020652	0.0	0.030847629757646558	0.0	0.12109788252224253	0.0	0.03124712084670272	0.1366563570903736
ENSMUSG00000060816	0.04356445925799586	0.0	0.0	0.0	0.014061795745602873	0.0	-0.07371450600234161	0.0	0.0	0.014792351432284767	0.0	0.0	0.020448426281658598	0.0	0.016313219009549386	0.0	0.019886419619048898	0.0	-0.11941948774672032	-0.039166516237451654	0.0	-0.0881433439654469
ENSMUSG00000035199	0.04955734597982204	0.0	0.026877382861325683	0.0	0.0	0.0	0.09511564580544235	0.031020945499337472	0.04154564876871676	0.0	0.0	0.0	0.0321732183472007	0.0	0.0	0.0	0.02892463090795189	0.0	0.20073971062786122	0.0	0.024782396805390627	0.10386801540448876
ENSMUSG00000027002	0.014271213512241239	0.013472798700459976	0.015607944500093826	0.0	0.0	0.0	0.035282157233559305	0.04745587138962302	0.01554690555584825	0.0	0.0	0.0	0.02373032329057951	0.0	0.0	0.0	0.0	0.0	0.10729573475157297	0.0	0.026431066226705102	0.20558463175849062
ENSMUSG00000107996	-0.024064890556402152	-0.018823646684759384	-0.08076213155637382	0.0	0.0	0.0	-0.12493949551454603	0.0	0.0	0.0	0.0	0.04172208564046831	-0.02339111134348587	0.0	0.0	0.0	0.04263483760589431	0.0	-0.28127573626650465	-0.02005649453299086	0.0	-0.08213386648505631
ENSMUSG00000030276	0.04187600137434022	0.0	0.029329866632620286	0.0	0.0	0.0	0.14479599608105082	0.0	0.042149291020750886	0.0	0.0	0.0	0.03814250730677606	0.0	0.032785470875627096	0.018360436313874406	0.04610962016382339	0.0	0.41564335334741487	0.0	0.10152686169741193	0.0
ENSMUSG00000107801	0.037206831970612135	0.0	0.04782785118483035	0.0	0.038133901476038276	0.0	0.0	0.0	0.0	0.006619632432244282	0.0	0.0	0.02991289954406951	0.0	0.0	0.019576737561456975	0.048872851421888366	0.009059223832563352	0.07137083379253459	0.0	0.0	-0.06708687233763719
ENSMUSG00000002808	0.0	0.007450030804924179	0.012666097184640466	0.0	0.0	0.0	0.0	0.016738762951395855	0.023529737683019525	0.0	0.0	0.0	0.014674234905545825	0.0	0.01005296274994299	0.0	0.019914692363826047	0.0	0.1285293115936377	0.0	0.02230469438733734	0.06150087013578528
ENSMUSG00000068151	-0.057062073359406544	0.0	-0.024217946160777326	0.0	0.0	0.0	-0.08431116358412068	-0.028637419662344937	-0.040507759069681355	0.0	0.0	0.0	0.0	0.0	-0.04010581413999228	0.0	0.0	0.0	-0.2465264002068319	-0.03345022736724424	-0.03251322056254697	-0.11994222389395112
ENSMUSG00000086302	0.04120870377709864	0.024276802063817222	0.0	0.0	0.019743286350116213	0.0	-0.11207029919472784	0.0	0.04010800661826098	0.0	0.030589746826562365	0.0	0.03572818007748313	0.0	0.0	0.0	0.029199782592170792	0.0	0.043494810446173586	0.0	0.0	-0.09285168101933872
ENSMUSG00000109487	0.0	0.0	0.0	0.0	0.0	0.0	-0.1100826360594946	-0.05097243509260599	-0.06610580257746936	0.0	0.0	0.0	-0.03666341278451586	0.0	-0.01114983145631882	-0.019593930897662912	-0.07091886959019739	0.0	-0.008684609531568355	-0.02725297192245588	0.0	-0.07744913025670225
ENSMUSG00000051557	0.061901596903642164	0.0	0.0	0.0	0.03298909949539747	0.0	0.18364172324550218	0.09466812189943508	0.0334170123267707	0.0	0.0	0.0	0.0	0.0	0.0	0.016520488333792827	0.022369029912925477	0.0	0.47459838359831574	0.0	0.07927398976120628	0.30152352733749505
ENSMUSG00000057977	-0.015099459228408342	0.0	-0.007461095986299595	-0.008441861289588935	0.0	0.0	0.04901615954080476	0.0	-0.010176310100530902	0.0	0.0	0.01707737223282263	0.0	0.0	-0.012034135511083479	0.0	0.0	0.0	-0.12258349752696038	-0.03933636842344015	0.0	-0.04538733013752228
ENSMUSG00000035964	0.04907592107731732	0.015541498707070016	0.031540764595753924	0.0	-0.026762580078456166	0.0	0.041716528224512	-0.04467635595122605	0.0	0.01295305518048833	0.0	0.0	0.0	0.0	0.0	0.0	0.07551101372615672	0.0	0.09985096158233119	0.0	0.0	-0.03673202671619992
ENSMUSG00000021973	-0.03280603042101455	0.0	0.0	0.0	0.055713043277859246	0.0	-0.03884507014174737	0.0679944061202976	-0.03249079864371092	0.0	0.0	0.0	0.0	0.0	0.0	0.0	0.01749424565674551	0.0	0.07734500904116523	-0.03840241895712845	0.018844678322341445	0.2423126689184859
ENSMUSG00000070368	0.053586102512855865	0.0	0.03165865672758746	0.0	0.0	0.0	0.0	0.0	0.019862427385004093	0.017506400635113432	0.0	0.0	0.0	0.011561670139073096	0.041443142049771974	0.0	0.04767201744428445	0.0	-0.09700525910836957	-0.050358860784005775	0.0	-0.08980368986251953
ENSMUSG00000104379	0.0	0.011500792798376827	0.029659355469017445	0.0	0.0	0.0	0.025813340703046164	0.0	0.0	0.010723151015104402	0.0	0.0	0.021394199380804727	0.0	0.010912640585272082	0.0	0.023784855642634523	0.0	0.5163812392374271	0.012275096109280561	0.038321485371902025	0.0
ENSMUSG00000041215	0.03348762255559269	0.0	0.0	0.0	0.0	0.0	0.0294160497344499	0.036832589166341356	0.028943018554228893	0.0	0.0	0.0	0.027053391140370687	0.0	0.024979516899382062	0.0	0.021412679673810886	0.0	0.2110885142856641	0.0	0.03503973283903918	0.2101838493024262
ENSMUSG00000022132	0.029017657047107414	0.0	0.023940696105421103	0.0	0.0	0.0	0.042171556965060655	0.0	0.024234679360838316	0.011044366904656558	0.0	0.0	0.020908909324067648	0.0	0.021080096538687105	0.0	0.031447138582931126	0.0	0.0	0.0	0.019917552786240453	-0.05262906566151951
ENSMUSG00000086145	0.09121790051307575	0.0	0.0	0.0	0.0	0.0	0.0	-0.04030032953247154	0.0	0.02179802255295501	0.019271432692587073	0.0	0.0	0.0	0.018617062235860432	-0.04317817366205484	0.053738752290154373	0.0	-0.13739706404927135	0.0	0.036973332880007564	-0.07699906778546688
ENSMUSG00000071452	-0.03848014693543483	0.0	0.0	0.0	0.0	0.0	-0.06408380753969581	0.0	-0.011221543621241479	-0.010781962075692708	0.0	0.0	0.0	0.0	-0.02873294597495362	0.0	-0.017235784659423395	0.0	-0.21158131514184847	-0.040327400242582516	-0.02832185087202063	-0.097486709426975
ENSMUSG00000086742	0.03307894083520626	0.0139395798687455	0.0	0.0	0.0	0.0	0.15548646095793683	0.029292029382338804	0.030699230620778038	0.0	0.0	0.0	0.04678709921218656	0.0	0.02406588058483753	0.0	0.0	0.0	0.36068350888193945	0.0	0.09894127734980492	0.17082351210633562
ENSMUSG00000114425	0.06139955020023871	0.01856564718830813	0.0	0.0	0.0	0.0	-0.04180133325128785	-0.034062630387593995	0.034749914950462736	0.0	0.0	0.013867563523111803	0.0	0.0	0.0	0.0	0.03630628615991095	0.0	0.0862657167337758	0.0	0.013605452067171184	-0.05131265541726356
ENSMUSG00000059857	0.023457037327784196	0.0	0.0	0.0	0.0	0.0	0.0	-0.05206763057256371	0.0	0.0	0.014375925802959665	-0.015788346892859642	0.0	0.0	0.0	-0.0344180581891886	0.0	0.012741622057915791	-0.1394191942389809	-0.028269338430582235	-0.009190931997075102	-0.07770591961289326
ENSMUSG00000035653	-0.023375137793171706	0.0	-0.014376805993988573	0.0	0.0	0.0	0.0	-0.02223056343439426	-0.025707789059214312	0.0	0.0	-0.024578582104020034	0.0	0.0	-0.006391092430752421	-0.0200236345871428	0.0	0.0	-0.07626907370810011	-0.016457831460558275	0.0	-0.08015433797380864
ENSMUSG00000061132	0.012864042417323307	0.005497847525450517	0.019184091955471813	0.0	0.0	0.0	0.037420294515075815	0.0	0.006452836369126691	0.0	0.0	0.008117431939508988	0.011398645540474516	0.0	0.009193315991290968	0.0	0.024525672347711733	0.0	0.07607563914369773	0.0	0.0	0.0
ENSMUSG00000069806	0.03974150481287703	0.0	0.012607680946400635	0.0	0.0	0.0	0.16167500696431272	0.014422284837618062	0.036337060319811126	0.0	0.0	0.0	0.04074399430957173	0.0	0.0	0.0	0.021484118329579378	0.0	0.688372831712112	0.0	0.13975813994026595	0.09028022807571112
ENSMUSG00000086815	0.01224849667883972	0.0	0.017052563178536824	0.0	0.0	0.0	0.15124494885530107	0.0	0.0754806503809709	0.0	0.0	0.0	0.03793798457074575	0.0	0.014222669649724915	-0.04587583101225645	0.03408713628219182	0.0	0.3946590378057628	0.0	0.11106762887507483	0.0
ENSMUSG00000096574	0.04507934111987566	0.0	0.016085791706994756	0.0	0.0	0.0	0.07937134783964254	0.0	0.03660118741287144	0.0	0.0	0.0	0.02953821943976713	0.0	0.022653439852264846	0.0	0.025263384725778572	0.0	0.12332545338815344	0.0	0.049240246050710264	0.11205811699589284
ENSMUSG00000067545	0.0	0.0	0.050081863434188	0.0	0.0	0.0	0.16812343083901954	0.0	0.02980232422401258	0.0	0.0	0.0	0.03459559731938547	0.0	0.04050313628126596	0.027842137478266776	0.06702899975889275	0.0	-0.06009066636285588	-0.05955215767189445	0.0	-0.0880262225913883
ENSMUSG00000054618	0.0	0.02564111891610415	0.04887054050886669	0.0	-0.04609925736250293	0.0	0.015543827651370799	0.0	0.04819819805771659	0.016017650047446715	0.0	0.0	0.0	0.008607889720429206	0.0	0.0	0.09951455018692273	0.0	0.15925957382365852	0.0	0.0	-0.034661051253534525
ENSMUSG00000041264	0.03932395593531429	0.0	0.0	0.0	0.0	0.0	0.1418456609478133	0.09601413900050115	0.024671625936986553	0.0	0.0	0.0	0.045629481619703434	0.0	0.02315277507425123	0.0	0.0	0.015819432346853568	0.2260922294270313	0.0	0.056713191308152514	0.31633411572791603
ENSMUSG00000037761	0.03693892045168451	0.0	0.025174272240154068	0.0	0.0	0.0	0.048265531400337056	0.02753218539350922	0.018150480103912736	0.0	0.0	0.0	0.0	0.0	0.021125182935399875	0.0	0.03348943767851832	0.0	0.11018646721895749	0.0	0.03328468432590541	0.16859112629361317
ENSMUSG00000030636	0.009483573921930728	0.008085905344402207	0.014481749125688857	0.0	0.0	0.0	0.0	0.0	0.019554184399224916	0.0	0.0	0.0	0.014199797842255581	0.003573285588746228	0.009834296790159408	0.0	0.03191445995162388	0.0	0.06605173555171878	0.0	0.0074363356209067605	0.0
ENSMUSG00000015143	0.0338330059562171	0.0	0.0	0.0	0.0	0.0	0.13160130479113136	0.07027564720299993	0.03596430847915862	0.0	0.0	0.0	0.041353705870933365	0.0	0.030347716585160674	0.0	0.017816978251175453	0.0	0.29929558502017156	0.0	0.07104716134483255	0.20252087867152846
ENSMUSG00000049605	0.024703850605807105	0.0	0.0	0.0	-0.014014374235495244	0.0	-0.09017239167203214	0.0	0.0	0.0	0.0	0.02781801643781584	0.019106299923615067	0.0	-0.013190957218955352	0.0	0.0	0.0	-0.09290443157385632	-0.03181605285919766	0.022603245277179523	-0.12028501426099206
ENSMUSG00000062961	0.03239238672069047	0.0	0.01813201382221	0.0	0.0	0.0	0.17265971469725125	0.0	0.03731198490192236	0.0	0.0	0.0	0.053288317265160735	0.0	0.03191461487091585	0.0	0.03238355484256364	0.0	0.39464641152670654	0.0	0.1938353379574997	0.00879111986358505
ENSMUSG00000018661	0.04314938079295025	0.0	0.0	0.0	0.0	0.0	0.12138181851770084	0.04804874158533451	0.031005225712538324	0.0	0.0	0.0	0.03396213722641702	0.0	0.026883411367517637	0.0	0.025526838033272936	0.0	0.20690991251136204	0.0	0.09203855531363098	0.25307214325156147
ENSMUSG00000103309	0.03269134774963943	0.0	0.02561309772462221	0.0	0.0	0.0	0.18259567576803556	-0.03952340733605908	0.04078692299973228	0.0	0.0	0.0	0.09353217519388758	0.0	0.06681226338585972	0.0	0.0567842665115589	0.0	0.4097924069420984	0.0	0.21920034972960037	0.0
ENSMUSG00000052504	-0.03000149613486967	0.0	-0.02496695695638055	0.0	0.0	0.0	-0.033400985569515707	-0.04923408352549302	-0.04294252248984386	0.0	0.0	-0.01771362482466393	0.0	0.0	0.0	-0.029379600577103194	0.0	0.0	-0.13520631393037916	-0.02354565625084393	0.0	-0.0337323565312973
ENSMUSG00000061080	-0.013107044221551067	0.0	-0.015911818836197134	0.0	0.0	0.0	-0.052584045197138427	-0.046496870497275244	-0.02039995541001629	0.0	0.0	0.0	0.0	0.0	0.0	-0.03373339437772231	0.0	0.0	-0.1969055021018935	-0.026808567302491645	-0.022978522143397052	-0.055054567824762674
ENSMUSG00000012187	0.031361151905644896	0.0	0.0	0.0	0.0	0.0	-0.016040068219519334	-0.0359742626248771	0.0	-0.01587772676669862	0.0	0.0	0.0	0.0	0.03251618756981089	-0.022966353772927838	0.03224641589783445	0.0	-0.05837840290170014	-0.03218386015630062	0.0	-0.08498153058878345
ENSMUSG00000004872	0.03007801830746212	0.02799074605469404	0.018440147682692726	0.0	0.0	0.0	0.0	-0.04139096051482701	0.018544558349666396	0.0	0.0	0.02638841784686841	0.0	0.0	0.0	0.0	0.026799086583354545	0.0	-0.19002106474694436	-0.0385523420479476	0.0	-0.06403739345526623
ENSMUSG00000113252	0.0	0.0	0.0	0.0	-0.01469852363239818	0.0	0.0	-0.057346460771244216	0.023917073597893173	0.0	0.0	-0.021824254743174298	0.021845885442361147	0.0	0.0	-0.03997102234691811	0.034450946602358735	0.0	0.2515288218790801	-0.04432272806334021	0.0	0.026003315025264897
ENSMUSG00000108967	0.02494039284402364	0.0	0.08521120203038343	0.0	0.0	0.0	-0.0604526644897738	0.0	0.035830677662738154	0.0	0.0	0.032767870353199634	0.0	0.0	0.029593134219016572	0.0	0.06191002564380205	0.0	-0.097776317513338	-0.04667499142313063	0.0	-0.0826293986214504
ENSMUSG00000020288	0.020741036337949693	0.0	0.01355210623483405	0.0	0.0	0.0	0.04069624827042484	0.02216729487118237	0.028360689653017527	0.0	0.0	0.0	0.017684484187179488	0.0	0.0	0.0	0.0213446168316196	0.0	0.4647895416958969	0.0	0.05508811585775698	0.1705614113347964
ENSMUSG00000059689	0.028593433374270012	0.015131827011530683	0.03732857608758323	0.0	0.0	0.0	0.0	0.0	0.0	0.0	0.0	-0.041092669270470006	0.0	0.0	-0.06145091658546339	0.0	0.030415122295398066	0.012400570708163527	0.22303111368268622	0.0	0.01645557356096012	0.1094457701686664
ENSMUSG00000095930	0.029276964119357582	0.01133165144023394	0.012704191051929664	0.0	0.0	0.0	0.04479902122688864	0.0	0.011445458203112538	0.0	0.0	0.0	0.021180369943034755	0.0	0.014085515845712097	0.0	0.0206764584658974	0.0	0.0	0.0	0.01119615675675767	0.09464360977851152
ENSMUSG00000029994	0.03823237571034412	0.0	0.0211592415475665	0.0	0.0	0.0	0.035358346481516846	0.0	0.020740722265357822	0.0	0.0	0.0	0.02361766230556593	0.0	0.02043638831631034	0.0	0.03095662005944876	0.0	0.06835664624322678	0.0	0.01363418208545425	0.015682126500940072
ENSMUSG00000099146	0.013019582019918773	0.0	0.01130788240725444	0.0	0.0	0.0	0.0	0.0	0.011816588551256417	0.009613122169023769	0.0	0.0	0.01983319497386804	0.0	0.024273006554758662	0.0	0.02446003851144283	0.0	0.07898574380440351	0.0	0.013170378305673547	-0.12018352758116589
ENSMUSG00000087210	0.0	0.0	-0.019036867022210826	0.0	0.043674709556361296	0.0	-0.10477489390821386	0.0	-0.029718803040148088	0.0	0.0	0.0	-0.027014819691188664	0.0	-0.0845770075068618	0.03837224242173287	0.0	-0.015182658663383843	-0.1842385890130165	0.0	0.0	-0.09630354018202106
ENSMUSG00000054676	0.04614058108458453	0.0	0.020194408545656656	0.0	0.0	0.0	0.06260396455695354	0.018512011250372273	0.032177678238199454	0.0	0.0	0.0	0.028075964059676443	0.0	0.01918812817954259	0.0	0.025562129509777525	0.0	0.0	0.0	0.047108327611126995	0.10864417402374106
ENSMUSG00000085224	0.05038312477170741	0.0	0.018263032531360843	0.0	0.0	0.0	0.1675521998707317	-0.05450016551118064	0.014977510900322795	0.0	0.0	0.0	0.032403462684144554	0.0	0.01403269230961355	0.0	0.034618594450836156	0.0	0.1438044321056093	0.0	0.1533474545269907	0.0
ENSMUSG00000111785	0.025112226962725942	0.0	0.03451037999113695	0.0	0.0	0.0	-0.07789417036098029	0.0	0.03168814893677949	0.0	0.0	0.0	0.03812655715655243	0.0	0.0359068243574386	0.0	0.04983443948074434	0.0	-0.1247383412639652	-0.06593350024776817	0.0	-0.1300323487270352
ENSMUSG00000004542	0.060704181170465034	0.0	0.043545322859867515	0.0	0.0	0.0	-0.07042482720247308	0.018557097820047663	0.033934262512666645	0.0	0.0	0.019808999160811247	0.0	0.0	0.0	0.0	0.05552001816202573	0.0	-0.33195023452574374	-0.04830643185868664	0.0	-0.10290366989837334
ENSMUSG00000002280	0.02810874659108518	0.020598698152109463	0.023751368387032557	0.0	0.0	0.0	0.039928797762713165	0.0	0.03347363082496114	0.0	0.0	0.0	0.032115753797444246	0.0	0.0	0.0	0.040694037779136084	0.0	0.08584085346763815	0.0	0.024994900311936654	0.11580986557860724
ENSMUSG00000030245	0.027217934289427568	0.0	0.015132532785349217	0.0	0.0	0.0	0.055921266910204055	0.0710256971183625	0.026768596616700394	0.0	0.0	0.0	0.0	0.0	0.0	0.009464776064395108	0.017842537138916776	0.0	0.3066750173899563	0.0	0.04558649174411002	0.26028406342326016
ENSMUSG00000001751	0.038892559261066294	0.0077935795276205195	0.024387360919955393	0.0	0.0	0.0	0.08958276377914029	0.0	0.030021391691682026	0.0	0.0	0.0	0.004113734509040401	0.0	0.0	0.0	0.02873461119678407	0.0	0.018013120733376797	0.0	0.019984060536356037	0.08663366758397623
ENSMUSG00000046173	0.0	0.0	0.0	0.0	0.056602561653233546	0.0	-0.04478481435753758	-0.03647016623316675	-0.038156917463209906	0.0	0.0	-0.027549073757640992	0.04245310651181586	0.0	0.0	-0.02418549440283136	0.04621307271885955	0.0	-0.14106413599653356	0.0	-0.027096042819259935	0.0
ENSMUSG00000100798	0.03806395761115823	0.0	0.03536229430749881	0.0	0.0	0.0	-0.0583758060180637	0.0	0.01972766607836554	0.0	0.0	0.023426584734188724	0.0	0.0	0.03327491458633704	0.0	0.027514344835527393	0.0	-0.14443860555283808	-0.02968614122109451	0.0	-0.07339694483574256
ENSMUSG00000050921	-0.09462993722613347	0.0	-0.07525024954980669	0.0	0.0	0.0	-0.1625757277644436	-0.05260221945768473	-0.09573427927120473	0.0	0.0	0.0	-0.0765860982730931	0.0	-0.0813297907242693	0.0	-0.07581770291869788	0.0	-0.2776852593644241	0.0	0.0	-0.15488011402278315
ENSMUSG00000054598	0.04193752273151587	0.0	0.021036355010420067	0.0	0.0	0.0	0.0466682577627473	-0.05631430424497863	0.041246969104872536	0.0	0.0	0.0	0.03025565983893915	0.0	0.024760108952454393	0.0	0.03412991457662056	0.0	0.2975934771603671	0.0	0.044342451347947016	0.0
ENSMUSG00000060284	0.035970717544463494	0.0	0.03131954033503735	0.0	0.0	0.0	0.1393342791577299	0.0	0.045655354963387296	0.0	0.0	0.02585993214764763	0.019388687506026115	0.0	0.0	0.0	0.04295553305876843	0.0	0.1436941138283158	0.0	0.057479360936175554	-0.06703326298882806
ENSMUSG00000050846	0.05366320701671933	0.0	0.0	0.0	0.0	0.0	0.0688869574537572	0.019346452723396967	0.036915540697741694	0.0	0.0	0.0	0.022676836955185613	0.0	0.02622328247240649	0.0	0.029077351947602494	0.0	0.25624992033552685	0.0	0.08190767368760671	0.24543858147949602
ENSMUSG00000021319	0.0	0.012768828148610916	0.012545068716075426	0.0	0.0	0.0	0.10781172356127064	0.0	0.0	0.0	0.0	0.0	0.04487320992643884	0.0	0.017392000741336972	0.0	0.014568683876395658	0.0	0.40083834206632674	0.010941117340442785	0.08384832726270362	0.059438502996323375
ENSMUSG00000001506	0.04316624807130142	0.0	0.029911683171399625	0.0	0.0	0.0	0.10649801161189279	-0.04817587676802479	0.030913225403054117	0.0	0.0	0.0	0.01960703358945751	0.0	0.0	0.0	0.040631777016579385	0.0	0.00912094977097574	0.0	0.053689155391889024	-0.055618030992884974
ENSMUSG00000119964	-0.047450873317471845	0.0	-0.032681575218020543	0.0	0.0	0.0	-0.06523527773412502	0.0	-0.033981838270279036	0.0	0.0	0.0	-0.01799528710894638	0.0	-0.027987660561502363	0.0	0.0	0.0	-0.04079458945113888	-0.030688388066135306	-0.0448700555221675	-0.16366127927993754
ENSMUSG00000071652	0.018912688087791903	0.005482356488109673	0.00521733762876106	0.0	0.0	0.0	0.2176434560726076	0.0	0.0394437174562539	0.0	0.0	0.0	0.023892019018731996	0.0	0.0	0.0	0.003990146692123053	0.0	0.7847283576085916	0.0	0.18267923869189462	0.14613464334323847
ENSMUSG00000074220	0.04560163586971525	0.0	0.02319677110634931	0.0	0.0	0.0	0.043336926723859574	0.01977232614095718	0.0321058112533965	0.0	0.0	0.0	0.031227674680761514	0.0	0.0	0.0	0.025494245068749255	0.0	0.16261164448874132	0.0	0.013571819498981785	0.10486926483927955
ENSMUSG00000042848	-0.052059592115771866	0.0	-0.02349622867161461	0.0	0.0	0.0	-0.10344275492210876	-0.04112831808586785	-0.017861348679826933	-0.015948343816775012	0.0	0.0	0.0	0.0	-0.032500471570820894	0.0	0.0	0.0	-0.2770063309657523	-0.03828910024395925	0.0	-0.06521093169822437
ENSMUSG00000096209	0.05913378627007913	0.0	0.0	0.0	0.026132350632257578	0.0	-0.15336004772955503	-0.06311619542476125	0.017915105387352054	-0.015267860549042419	0.0	0.026848281707979815	0.0	0.0	0.0	-0.023458809764291492	0.0	0.0	0.0	-0.03065599760864298	0.0	-0.036274197333073174
ENSMUSG00000086938	0.029913911145376344	0.0	0.017619017789351488	0.0	0.0	0.0	0.06566860203309063	0.0	0.03345908789074142	0.0	0.0	0.0	0.03159264842002455	0.0	0.021240960217145204	0.0	0.029055167250185067	0.0	0.19360923330004542	0.0	0.04099487494699056	0.049822110478957446
ENSMUSG00000091764	0.026955748523660096	0.011811913544181643	0.008347805615848029	0.0	0.0	0.0	-0.048241895165892085	0.0	0.031056218951681785	0.0	0.0	0.0	0.022065906255963146	0.0	0.012548949736961386	0.0	0.01326723584877162	0.0	0.08573559111676002	0.0	0.0	0.02515851647965679
ENSMUSG00000116162	0.04380664020120058	0.02245609079645053	0.016387737335664253	0.0	0.0	0.0	0.0	0.0	0.04049435975552523	0.0	0.0	0.0	0.03393968493026735	0.0	0.0	0.0	0.021919760955271084	0.0	-0.04039739387019504	-0.04932152025940699	0.019322537906326844	-0.09023893564495263
ENSMUSG00000026049	0.01478233831665443	0.007745965483645034	0.0	0.0	0.0	0.0	0.11603936687677065	0.08270579467548242	0.0	0.0	0.0	0.0	0.0	0.0	0.0	0.013392431117845714	0.010464779137496548	0.008895764664059459	0.18987305596977605	0.0	0.03193652904936099	0.24360510069493124
ENSMUSG00000000159	0.0	0.03262462814165214	0.030972605007714815	0.0	0.0	0.0	-0.053755350531824224	-0.047227898476836845	0.031990557818046286	0.0	0.0	0.0	0.0	0.0	0.0	-0.034958324366183874	0.03461432119130653	0.0	-0.1459348689799244	0.0	-0.03185471132963019	-0.09687730420231737
ENSMUSG00000104346	0.02855533325271855	0.0	0.008537134423515245	0.0	0.0	0.0	0.12385424878352796	0.0	0.022972209112641303	0.0	0.0	0.0	0.03036519566923212	0.0	0.013912101481104971	0.0	0.020311744175325133	0.0	0.2899066637626198	0.0	0.08313308644735351	0.006571404082909571
ENSMUSG00000081289	-0.010219665793624011	0.0	0.0	0.0	0.0772882628730909	0.0	-0.1689952872493852	-0.009816080156111706	-0.011842775698280125	-0.009624836489473543	0.0	0.0	0.0	0.0	0.0	0.0	0.035835676421803145	0.0	-0.07327341721039916	0.0	-0.06938476973667297	-0.11862874844242356
ENSMUSG00000101286	-0.3321713718165409	0.0	-0.18420563453102337	0.0	0.0	0.0	-0.2811509373178457	0.0	-0.23451814991091172	0.0	-0.15077941676549989	0.0	-0.2501785199573064	0.0	0.0	0.0	-0.29463402107033093	0.0	-0.9647128716167411	0.0	-0.394403079869988	-0.24594135196604763
ENSMUSG00000062563	-0.07291297105525554	0.0	-0.01082634572663687	0.0	0.0	0.0	0.0	-0.010421317623090277	-0.10463145036007081	0.0	0.0	0.0	0.0	0.0	0.0	-0.02006079964643175	-0.029027294859299724	0.0	-0.7675443552263136	-0.0068186261196949705	-0.11343095257741961	-0.09583556219229236
ENSMUSG00000109293	0.03899100110870275	0.0	0.012883709431152914	0.0	0.0	0.0	0.06904643044044047	0.0	0.011099188688672393	0.0	0.0	0.00932478260706232	0.00992981634686315	0.0	0.021507814730279025	0.0	0.028148412178386213	0.0	0.12761527692840635	0.0	0.018420589360026222	0.0
ENSMUSG00000047777	0.029211836627220635	0.0	0.0	0.0	0.0	0.0	0.19793451335314544	0.03555366379785422	0.0251371391608006	0.0	0.012185294541521507	0.0	0.0	0.0	0.0	0.0	0.013894919921398286	0.0	0.13613195435967376	0.029137023716251743	0.10723918857571665	0.2601765583287716
ENSMUSG00000048399	0.019189533365163533	0.0	0.0	0.0	0.0	0.0	-0.056822542114438525	0.0	0.0	0.02046581423362571	0.012868617461466503	0.017997512213016053	0.0	0.0	0.0	0.0	0.02230063564888063	0.0	-0.21170376882840872	-0.03617306922509182	-0.013805718566666975	-0.08861530599289034
ENSMUSG00000112497	-0.006349597127704998	0.0	-0.013280412319557351	0.0	0.0	0.0	-0.10029882483774524	-0.007866423353564344	-0.01919472992392607	0.0	0.0	0.0	0.0	0.0	-0.01489249521163139	0.0	-0.005858974846908055	0.0	-0.17361636604625794	-0.04113106664986244	0.0	-0.10385490057456619
ENSMUSG00000027009	0.0	0.0	0.0	0.0	-0.0073446164693019575	0.0	-0.05685213513547401	-0.022984618361329673	0.0	0.0	0.016351642793871513	0.0	0.013537444136246432	0.0	0.0	-0.02612418788171294	0.0	0.012298541855436551	-0.05223619847323747	-0.016943977620902894	0.0	-0.049045307365034534
ENSMUSG00000039735	0.02723879063704467	0.0	0.0	0.0	0.0	0.0	0.05947412243577532	0.10017783954981119	0.017670748688532068	0.0	0.0	0.0	0.042144614740986255	0.0	0.0	0.01013645196531654	0.012426852680493886	0.0	0.11363929378665329	0.0	0.033740490173073096	0.2589982430446448
ENSMUSG00000028795	0.033741199708681044	0.010683309592521704	0.029678885213451113	0.0	0.0	0.0	0.10954568521440844	0.0	0.024106406738313574	0.0	0.0	0.0	0.02176420850304405	0.0	0.0	0.0	0.022481984557222747	0.0	0.1678517175333225	0.0	0.051057788273702116	0.0049729345306734896
ENSMUSG00000047953	0.06502776542145126	0.0	0.015060303332868745	0.0	0.0	0.0	0.2521962798123214	0.0	0.0	0.0	0.0	0.031915502267595056	0.11115474099533224	0.01045785982759484	0.07850052132250114	0.0	0.04287724342390586	0.0	0.40782642267624164	0.0	0.22436754539696369	0.0
ENSMUSG00000121043	0.054983664695672306	0.0	0.0	0.0	0.0	0.0	0.19250157732396986	0.0	0.03843205675091	0.0	0.0	-0.048867853774708876	-0.036881765187041796	0.0	0.0	-0.021856959060351455	0.0	0.0	0.9307938053182704	-0.052298523724070685	0.12679691435166376	0.05912413468004529
ENSMUSG00000106507	0.0	0.0	0.0	0.0	0.0	0.0	0.05143996383986628	-0.05127237028388992	0.051068970524317796	0.0	0.0	0.021990541157762073	0.0	0.0	0.04599430398321145	-0.04804493470126675	0.022127478413210683	0.0	0.187414472569726	0.0	0.09148458844168852	-0.07287709062393241
ENSMUSG00000094230	0.0	0.14497477464084355	0.0	0.0	0.0	0.14877452941283936	0.0	-0.22499921518816507	0.0	0.056852059309026017	0.0	0.08036261331689178	0.07899347579143531	0.05175107682989394	0.0982756166001775	0.0	0.0	0.0	0.0	0.1797101350664712	0.0	-0.2992786003807017
ENSMUSG00000017868	0.01771097938563453	0.0	0.030007189800856596	0.0	0.015867268795529944	0.0	0.07995781129760533	0.0	0.0	0.0	0.0	0.01570485775425214	0.0	0.0	0.024664659564067253	0.0	0.03348359092613003	0.0	-0.0658840702928983	-0.041530797566231056	0.0	-0.0644909985756791
ENSMUSG00000084884	0.06261499551074318	0.0	0.018549893726639094	0.0	0.0	0.0	-0.050783590615477825	0.0	0.0	0.0	0.0	0.019637992937907595	0.0	0.0	0.03280496474503674	0.0	0.06347312291559791	0.0	-0.05408658210995036	-0.028709958034841516	0.03237336456326182	-0.0672540621952639
ENSMUSG00000039452	0.053657381513424474	0.012615832494298615	0.028355410392909546	0.0	0.0	0.0	0.0	0.0	0.048960944402966756	0.008002465272978987	0.0	0.0	0.01477044980951468	0.0	0.0	0.0	0.03887839796172162	0.0	0.38934438149115735	0.0	0.05239676780649359	0.061369710284740205
ENSMUSG00000121314	-0.35008990566857767	-0.17961726529773292	0.0	0.0	0.0	0.0	-0.2736412319304764	0.0	-0.2337480126625647	0.0	-0.16763011659931193	0.0	-0.2585778919795261	0.0	0.0	0.0	-0.3049551201737039	0.0	-0.9478234164050019	0.0	-0.4007388613105285	-0.21587353279481128
ENSMUSG00000121629	0.028423530540667277	0.0	0.0	0.0	0.0	0.0	-0.049149067573391415	0.0	0.0	0.023921257322577133	0.0	0.02584771037167542	0.0	0.0	0.0	0.03562305261912689	0.03998783729457371	0.02360644503233	-0.20158117639794806	-0.03506260070106667	0.0	-0.11575952980081147
ENSMUSG00000035637	0.05003197710900251	0.0	0.02826000410534864	0.0	0.0	0.0	0.10660588548840533	0.0	0.028142336765138245	0.0	0.0	0.0	0.024512865720430477	0.0	0.0	0.0	0.02835389524672943	0.0	0.11906228420873688	0.013955251773197421	0.01667330790464705	0.06416299763989629
ENSMUSG00000051390	0.012877961334658303	0.0	0.0	0.0	0.0	0.0	0.24863667411480708	0.004203476287137908	0.02707131693598704	0.0	0.00791327337140327	0.0	0.06540556848105931	0.0	0.013135905201058638	0.0	0.0	0.0	0.7761508299770231	0.0	0.20209204315634205	0.22624389732079
ENSMUSG00000073418	0.03217164808126843	0.0	0.041401605403786526	0.0	0.0	0.0	0.0	0.0	0.02435613032269744	0.014473873428084955	0.024018455504189382	0.0	0.0	0.0	0.0231746620012795	0.0	0.05499530161826063	0.0	-0.18185543232056872	-0.04202700363294055	0.0	-0.09839658436403526
ENSMUSG00000000386	0.03614028652030004	0.021103292747392484	0.034574318244239836	0.0	0.0	0.0	-0.0752309331857775	0.0	0.0	0.0	0.0	0.0	0.0	0.0	0.022232463046794146	0.0	0.02937712815700198	0.020778171953080876	-0.15921913085440365	-0.03922596089412246	0.0	-0.07400461334993888
ENSMUSG00000055652	0.027299265458310913	0.017947025824061557	0.02665719311743956	0.0	0.013927511128770376	0.0	0.030909112306608248	0.03909821304904361	0.013842164165347226	0.0	0.0	0.0	0.0	0.0	0.015042863345868487	0.0	0.03251924036592684	0.0	0.0	0.0	0.0	0.10959713661086101
ENSMUSG00000110713	0.040270018505205875	0.0	0.01590911322066765	0.0	-0.013923870612947859	0.0	-0.05428491808430937	-0.014510980041195574	0.0	0.0	0.0	0.01866929463695273	0.0	0.0	0.01940841213192676	0.0	0.0	0.0	-0.045769032538552995	-0.04390938452814526	0.0	-0.1232411007697415
ENSMUSG00000121838	0.029978257994800556	0.0	0.0	0.0	0.0	0.0	-0.110689046963155	-0.029038739939462405	0.0445890596682265	0.0	0.0	0.0	0.0	0.0	-0.018080632763769606	-0.017494365996414036	0.0	0.0	-0.03961313418028812	-0.01076181243527331	-0.018798648448317565	-0.022593008200690653
ENSMUSG00000038497	0.041261282554830844	0.0	0.022845174768954535	0.0	0.0	0.0	0.04797391255218794	0.05456609530345865	0.0332357625664867	0.0	0.0	0.0	0.029774433173017936	0.0	0.03533691362532875	0.0	0.03145430249970305	0.0	0.18682544164989856	0.0	0.0	0.2877386996261399
ENSMUSG00000115517	-0.04896453771072586	0.0	-0.039046985413678195	0.0	0.0	0.0	-0.08427138847166234	-0.055700254885045535	-0.05444877610192504	0.0	0.0	0.0	-0.04606405676259583	0.0	-0.019009118070333397	0.0	-0.039888398872455676	0.0	-0.08065563335138078	-0.018657454724669172	0.0	0.0
ENSMUSG00000113092	0.0	0.0	0.0	0.0	0.0	0.0	-0.05304203420122339	0.0	0.0	0.0	0.01417600704644112	0.02385594553672095	0.022064780144065828	0.0	0.0	0.0	0.02924127700043811	0.015697241561655736	-0.18740729413278367	-0.054748079778056895	-0.01180180429180409	-0.11725046218722705
ENSMUSG00000100807	0.0	0.0	0.014302598889268736	0.0	0.0	0.0	-0.09250842830649339	0.0	0.0	0.020731774786083023	0.014338031866296563	0.028225835763349586	0.0	0.0	0.0	0.0	0.0	0.015306138954410608	-0.19874701433911462	-0.03620106843218951	-0.02092247506257348	-0.11759577302154946
ENSMUSG00000121571	-0.006825323447793217	0.0	0.0	0.0	0.0	0.0	0.0	-0.020980036505107828	-0.05098625413362064	-0.008375153944707855	0.0	0.0	0.0	0.0	-0.009455187525363952	0.0	-0.022478949052870283	-0.006665584933388091	-0.23751850712485129	-0.04786438755104797	0.0	-0.0824552060809318
ENSMUSG00000103091	0.038208635282058624	0.0	0.025171777681904862	0.0	0.0	0.0	0.0	0.0	0.026594817370960252	0.0	0.010352176554666373	0.0	0.015183682654928482	0.0	0.014665115963733547	0.0	0.033733703283797004	0.0	0.016429082824681536	0.0	0.016646555141769125	-0.10424435269205196
ENSMUSG00000043795	0.02566773864791994	0.0	0.04484933075255264	0.0	0.0	0.0	0.0	-0.015199674564699827	0.027722907537891316	0.0	0.0	0.0	0.0	0.010295340252559827	0.0	0.0	0.04960823800137517	0.01569265695266612	-0.11189722282739542	-0.02044264270590486	0.0	-0.059156821791075384
ENSMUSG00000103786	0.019413288222403707	0.0	0.025616914591053613	0.0	0.026084717387346187	0.0	-0.04054307099677794	0.0	0.0	0.0	0.034331045133278726	0.0	0.0	0.0	0.0	0.0	0.024810521289546562	0.02156230646574607	-0.17595295795378674	-0.04132732982111402	0.0	-0.0990727743274621
ENSMUSG00000102794	0.0	0.012638143415415979	0.0	0.0	0.0	0.0	-0.06682545993585472	0.0	0.0	0.018267053984973997	0.010602599848723249	0.0	-0.014974128341617432	0.0	-0.016011931796428333	0.0	0.0	0.014301109926778752	-0.15563855802128942	-0.039782026721566874	0.0	-0.12816709636555945
ENSMUSG00000018001	0.03532055034015701	0.01215599498709078	0.01204643436772896	0.0	0.0	0.0	0.014225418152279025	0.0	0.010097966196330297	0.0	0.004183366848711456	0.0	0.014459495653858637	0.0	0.013242679762812709	0.0	0.02002671985563101	0.0	0.0	0.0	0.0	0.15259378402972043
ENSMUSG00000040761	0.03515167652967604	0.0	0.0	0.0	0.0	0.0	0.13037424847587606	0.022844925010135755	0.031643143950994726	0.0	0.0	0.0	0.04031610014810005	0.0	0.02343908830349509	0.0	0.021959128673793682	0.0	0.2637096598914475	0.0	0.059833989081703245	0.17381361563164635
ENSMUSG00000086630	0.017329180050912368	0.0	0.02871369617569866	0.0	0.0	0.0	0.02365106454863666	0.0	0.056252966784832124	0.0	0.0	0.0	0.028555846210739158	0.0	0.028162867377541142	0.0	0.052869102709323434	0.0	0.0779186005768638	0.0	0.07200768209601342	-0.07170283175646747
ENSMUSG00000073686	0.0	0.0	0.0	0.0	0.0	0.0	0.16237975533789653	-0.04022162845607438	0.0	0.0	0.0	0.0	0.051476107291108575	0.0	0.03412701051011618	-0.033565109098591284	0.0745895967210575	0.0	-0.05332566200530052	-0.034956599882297816	0.05421195653116505	-0.074012208074702
ENSMUSG00000035392	0.023092663108892783	0.0	0.005578410228041495	0.0	0.0	0.0	0.0	0.03825964666653259	0.011386293077600427	0.002457816151331128	0.0021354519261259086	0.0	0.015044458711319502	0.0	0.006468321285556281	0.0	0.013331171178254246	0.0	0.0	0.0	0.0	0.17690437908022474
ENSMUSG00000053742	-0.32367231857555345	-0.1543988672517788	-0.16418272955339264	0.0	0.0	0.0	-0.2861987591826407	0.0	-0.23602388443705333	0.0	0.0	0.0	-0.21818988506102768	0.0	0.0	0.0	-0.29372278706599947	0.0	-0.959574361232192	0.0	-0.42336495659240225	-0.2733668058701952
ENSMUSG00000029828	0.01815970042388034	0.0	0.019882429304670594	0.0	0.0	0.0	0.0	0.006182243055261771	0.02346565211197506	0.0	0.006242363348622321	0.0	0.0	0.0	0.011183466628314721	0.0	0.007188282826919475	0.007130273604866736	0.024473797561454715	0.0	0.0	0.12186955723960946
ENSMUSG00000063558	0.04192738873471703	0.020283984509526103	0.0	0.0	0.0	0.0	-0.03343166310318963	-0.02916533235483597	0.02575407586209136	0.0	0.0	0.0	0.01984035316643866	0.0	0.0	-0.02868690150536023	0.02665729253621474	0.0	-0.07885987616766424	0.0	0.0	-0.02658661501488278
ENSMUSG00000030393	-0.025736136698540548	0.0	-0.015815181718460414	0.0	-0.013983866505223513	0.0	-0.030427179603584514	0.0316070119121181	-0.017481294774393717	0.0	0.0	0.0	0.0	0.0	0.02044857092403032	0.0	0.0	0.0	0.14427578154098322	0.0	-0.014345473777362137	0.03792082162594328
ENSMUSG00000035234	0.025906280125757363	0.0	0.007507939703809844	0.0	0.0	0.0	0.00967186691512881	0.04057990395507019	0.018199847681639073	0.0	0.0	0.0	0.0049483399656863325	0.0	0.0	0.0	0.009236529798935461	0.0	0.414815303520042	0.0	0.024617401837854366	0.19751959783900241
ENSMUSG00000087066	0.017482599660877205	0.011098566304374098	0.0	0.0	0.0	0.0	0.0	0.0	0.011967163528154946	0.0	0.008304142789078432	0.0	0.0	0.0	0.007992619646094212	0.0	0.0148975386776782	0.012012515575777769	-0.046957146263523784	-0.04700279596053045	0.0	-0.10633374825813659
ENSMUSG00000029053	0.040779237190717486	0.0	0.020146883392296644	0.0	0.0	0.0	0.06619944339651772	0.052747959429181326	0.03263738109177467	0.0	0.0	0.0	0.029013325352483146	0.0	0.03205827180020979	0.0	0.029453229352736865	0.0	0.07189191734792602	0.0	0.0	0.2002489584175488
ENSMUSG00000100823	-0.3417949246538956	-0.1786718842329288	0.0	0.0	0.0	0.0	-0.2731171589126677	0.0	-0.22815002706761353	0.0	0.0	0.0	-0.2435475288163177	0.0	0.0	0.0	-0.2919853201451511	-0.1744068474509448	-0.9702410454769274	0.0	-0.3840456814961972	-0.24673493656959194
ENSMUSG00000038009	0.02427838183377585	0.008778075805735136	0.019460103097463762	0.0	0.0	0.0	0.06896958912249006	0.0	0.03609016199188761	0.005386049188851216	0.0	0.0	0.013572504488286096	0.0	0.0	0.0	0.03162291662298634	0.0	0.20466723478909493	0.0	0.0	0.028876643808787773
ENSMUSG00000116308	0.04666011995018857	0.0	0.01836650203599146	0.0	0.0	0.0	0.18854580115524197	0.0	0.03669365852272131	0.0	0.0	0.008074734121864435	0.03684580776770941	0.0	0.027501070248484603	0.0	0.0317759505101128	0.0	0.24830781467861596	0.0	0.16943136238007125	0.0
ENSMUSG00000044429	0.0	0.0	0.0	0.0	0.0	0.0	0.06321212774340046	-0.06532647084394369	-0.09518396172892728	0.0	0.0	0.0	0.0	0.0	0.034314124865853536	-0.044684513809910106	-0.007204736306135773	0.0	-0.16597243584265875	-0.025790295021649378	-0.029049016844841354	-0.06570706333446373
ENSMUSG00000039483	0.03811942319158165	0.0	0.01211354627263761	0.0	0.0	0.0	0.27345367534747983	0.0	0.026123048287394823	0.0	0.0	0.08058329360058762	0.060268675745884806	0.0	0.04288845943302781	0.0	0.02213190131413822	0.0	0.6797705603595364	0.0	0.21163745629407482	0.0
ENSMUSG00000031816	0.05091469770752453	0.0	0.0	0.0	0.0	0.0	0.048371477356537046	0.05266838531719601	0.029863166990366632	0.0	0.0	0.0	0.028872739436628048	0.0	0.02800380959989126	0.0	0.03418255047161571	0.0	0.1744707737645879	0.0	0.04595062745651617	0.2027098086288728
ENSMUSG00000113751	-0.30506574412190085	0.0	-0.17727006975889212	0.0	0.0	0.0	-0.2901606890826198	0.0	-0.2512649415401139	0.0	0.0	0.0	-0.21261463184764415	0.0	0.0	0.0	-0.23667914238272894	-0.1491060983610759	-1.0255538223748684	0.0	-0.44555226127571274	-0.23287096631422732
ENSMUSG00000028622	0.03255129586869484	0.0	0.0	0.0	0.0	0.0	0.0	0.06327577390591158	0.022135380837769048	0.0	0.0	0.0	0.03169475452225714	0.0	0.02059971295348792	0.0	0.022289709728112766	0.01325026519644279	0.17886905402708278	0.0	0.02386161286406972	0.2515054378206279
ENSMUSG00000026854	0.044109922862966666	0.0	0.025239773657955506	0.0	0.0	0.0	0.04424218389953162	0.03979346261825969	0.034713176716699774	0.0	0.0	0.0	0.02501047494116182	0.0	0.03730633092975556	0.0	0.029282416165642488	0.0	0.11711708602525002	0.0	0.0	0.20794404099335392
ENSMUSG00000085511	0.03979222409181651	0.018512623812776317	0.02524729435878706	0.0	0.0	0.0	0.0	0.0	0.04713518709371404	0.0	0.0	0.01845873378660447	0.0	0.0	0.021201505307281834	0.0	0.02285400724801037	0.0	0.0	-0.04590539985483055	0.021779866676819835	-0.04127986674600543
ENSMUSG00000104805	0.05643289017266134	0.0	0.04009438415417374	0.0	0.0	0.0	-0.0422074974952284	0.0	0.0	0.013128811187352193	0.0	0.024152355807656005	0.0	0.0	0.023675994773216868	0.0	0.04591372709638792	0.0	-0.10687990641928265	-0.05355685298756122	0.0	-0.11172363333165061
ENSMUSG00000104350	0.022619374421868788	0.0	-0.015210750054832944	0.0	0.0	0.0	-0.06348904690579978	0.0	0.0	0.0	0.0	0.0	0.029594860727282377	0.0	0.031334288578588616	0.0	-0.04365869347994412	0.0	-0.15656553157217043	-0.03823410901200118	-0.03166756527432179	-0.08648320471947185
ENSMUSG00000047044	0.04744461815124264	0.0	0.0	0.01638973913536107	0.0	0.0	0.2710612504323006	0.06770993625141812	0.036501804495975655	0.0	0.0	-0.06726841656199169	0.0	0.0	0.0	0.0	0.0	0.0	0.7410324019392864	-0.05478626592001068	0.11032239294785759	0.2790868176757702
ENSMUSG00000051225	0.02575087020233293	0.0	0.014201244153593261	0.0	0.0	0.0	0.04201826244093142	0.0	0.01690585509538863	0.0	0.0	0.013605786075112432	0.01306756330583601	0.0	0.01432277510834618	0.0	0.030355372882720336	0.0	0.05308547835048891	0.0	0.002870067962718409	0.0
ENSMUSG00000038705	0.03062680307805578	0.0	0.0	0.0	0.0	0.0	0.023128216981938784	0.05681340502493676	0.02781149611486205	0.0	0.0	0.0	0.016841783760224747	0.0	0.016256754893224534	0.0	0.016013488798524347	0.0	0.22926329477810045	0.0	0.023291502772632422	0.23197948091114742
ENSMUSG00000022824	0.03829612231582155	0.0	0.02908431905407923	0.0	0.0	0.0	-0.033116119693503476	0.0	0.03291440806505812	0.0	0.0	0.0	0.01951847958783326	0.0	0.026028606482669556	0.0	0.050727844278826435	0.0	0.0	-0.04764927680900036	0.03211744152133846	-0.08622258072408642
ENSMUSG00000024987	0.058504032018292774	0.017455418943091022	0.026797528182896168	0.0	0.0	0.0	0.10501614234161703	-0.046517618097714306	0.020852659349301673	0.0	0.0	0.0	0.0	0.0	0.0	-0.03870596130210762	0.0432479797093064	0.0	0.0	0.0	0.049752530086520384	-0.049967031440783335
ENSMUSG00000027076	0.05103658014872672	0.0	0.0	0.0	0.0	0.0	0.14412883656403885	0.07443108858991149	0.05505379733456794	0.0	0.0	0.0	0.057517946193382886	0.0	0.0	0.0	0.02264547176058733	0.019047272153932537	0.553183787568036	0.0	0.08250228571896269	0.22399879580516402
ENSMUSG00000112510	-0.007280981174682481	-0.03607908867232253	0.0	0.0	-0.02734720984677371	0.0	-0.05363439396035506	-0.013544514545581166	0.0	0.0	0.0	0.03275337839178405	0.0	0.0	0.0	0.0	0.0	0.0	-0.17990715928557863	-0.02238421608233482	-0.006278156206446832	-0.0539052718265563
ENSMUSG00000063364	0.0315090464551288	0.0	0.0	0.0	0.0	0.0	0.13689118703661343	0.019566263981734906	0.017836255517512188	0.0	0.0	0.0	0.03849113622984852	0.0	0.017281035372974925	0.0	0.015228640009300354	0.0	0.4362453748727703	0.0	0.05874047538225495	0.0989200741268467
ENSMUSG00000008036	0.024940378728518335	0.024720802846114644	0.024558315936473483	0.0	0.0	0.0	0.029112356061483897	0.014396431142146948	0.024864064565136068	0.0	0.0	0.0	0.028793663436388218	0.0	0.024201099011399337	0.0	0.04174137963191652	0.0	0.0	0.0	0.0	0.1484926228199571
ENSMUSG00000055360	-0.00612342894620681	0.0	-0.022781284263552373	0.0	0.0	0.0	-0.08437062144072893	0.0	-0.00601796260880233	0.0	0.0	0.0	-0.005686914507515923	0.0	-0.016118982156901152	0.0	-0.025916828460356006	0.0	-0.21966185593958454	-0.025020169627012596	0.0	-0.049335494804542905
ENSMUSG00000115062	0.05068308069419936	0.0	0.028506339126623675	0.0	0.0	0.0	0.06961362581838812	0.0	0.03235454294831525	0.008650513495216021	0.0	0.003269722500320371	0.015145156639631688	0.0	0.0	0.0	0.032570219706768856	0.0	0.1814827803185765	0.0	0.04164238696935188	0.0
ENSMUSG00000006373	0.0	0.0	0.0	0.011455214392712881	0.0	0.0	0.18045186370959754	0.07465099111987818	0.0	0.0	0.0	0.0	0.025017456913415337	0.0	0.0	0.007351247870193636	0.01774923581390326	0.006806060801430869	0.9243458539600061	0.0	0.0356095962386077	0.1573912895115221
ENSMUSG00000046899	-0.05446931511165124	0.0	-0.0622733666152479	0.0	0.0	0.0	-0.11192653044274416	-0.0947155702560662	0.0	0.0	0.0	0.0	-0.04199680074735782	0.0	-0.07546913542094404	0.0	-0.03398210823572678	0.0	-0.16349033214901323	-0.04444536281713845	0.0	-0.1448180593180024
ENSMUSG00000056648	0.018825471253796043	0.0	0.03763102519092533	0.0	0.0	0.0	0.1661641083897156	0.0	0.0049379772777006226	0.0	0.0	0.013045395583948368	0.02009550862421141	0.0	0.025474975906295837	0.0	0.05188359135500404	0.0	0.22130047331337224	0.0	0.041855594086170254	0.0
ENSMUSG00000110391	0.025731900629656374	0.0	0.015970952375498282	-0.012688280954179312	0.0	0.0	-0.06574063209745058	-0.016196389080650363	0.0	0.0	0.0	0.019029482111420835	0.0	0.0	0.0	0.0	0.02812547014094656	0.0	-0.09847919443995276	-0.040793715681257565	0.0	-0.05660802681148119
ENSMUSG00000070738	0.038589553545299755	0.019233407567503472	0.024378314860931904	0.0	0.0	0.0	0.0	0.03887455563284796	0.0334953640754739	0.0	0.0	0.0	0.021428454820565768	0.0	0.023820879578623902	0.0	0.0302358427099331	0.0	0.03470519931671732	0.0	0.0	0.09411728895884454
ENSMUSG00000121646	0.025624071916719893	0.0	0.0	0.0	0.03662845711110497	0.0	-0.06930886415867214	0.0	0.03426218659482198	0.0	0.0	0.0	0.0	0.0	0.035212731028401764	0.0	0.0432663789370252	0.0	-0.19478419527427596	-0.03313618277966226	-0.027174299018606355	-0.05477155793939226
ENSMUSG00000060176	0.030902389026946957	0.010617631563571372	0.02320130886319601	0.0	0.0	0.0	0.0	0.0	0.024473227139642076	0.0	0.0	0.0	0.03282847493494073	0.0	0.023389572895818615	0.0	0.02391585097585453	0.0	0.054292992201939005	0.0	0.023977001799322162	0.1020220817971935
ENSMUSG00000033684	0.024695910092102417	0.012274433668085208	0.02324933773773537	0.0	0.010788953318744327	0.0	0.0	0.03589584155235491	0.025907710525468197	0.0	0.0	0.0	0.0	0.0	0.010286508550215501	0.0	0.03445816955627798	0.0	-0.11047290023038939	0.0	0.0	0.1316371859823501
ENSMUSG00000099724	0.0	0.0	-0.0090345233448271	0.0	0.0	0.0	-0.07562789857533542	0.0	0.0	0.011193902689417428	0.012691395870280509	0.02903593938395915	0.013038292952001162	0.0	-0.021770601971912492	0.0	0.0	0.0	-0.1067453454617753	-0.04405209948888644	0.0	-0.09528994498184645
ENSMUSG00000051344	0.02396235286744392	0.005830843935850905	0.014830520063713973	0.0	0.0	0.0	0.0	0.004867381546874883	0.019595642490495006	0.0	0.0	0.0	0.008117033432808875	0.0	0.011827636694404247	0.0	0.0145298522935991	0.004393169011488158	0.0	0.0	0.0	0.11777909639363676
ENSMUSG00000027714	0.021081101100429933	0.0	0.018354651174750117	0.0	0.022212103708957202	0.0	0.0	0.039796126908751485	0.021137392654223472	0.0	0.0	0.0	0.0	0.0	0.02794779269671037	0.0	0.020818944831052757	0.0	0.47645338182548147	0.0	0.016001373788813278	0.14282483223276576
ENSMUSG00000097487	0.0419113921931777	0.0	0.014001984213901263	0.0	0.0	0.0	0.1282641561622758	0.027071956311470483	0.03948583816002845	0.0	0.0	0.0	0.0	0.0	0.014049081419748588	0.0	0.01864198645187006	0.0	0.2046208088090957	0.0	0.0694113792291171	0.1819602318247049
ENSMUSG00000113919	0.028057720084514282	0.0	0.014930268706611809	0.0	0.0	0.0	-0.024170630688640057	0.0	0.013767017820275673	0.0	0.0	0.0	0.019583843191280217	0.0	0.0	-0.015480209142419217	0.026951526206278595	0.0	-0.04639732720163979	-0.04719665862898088	0.0	-0.1146977876463228
ENSMUSG00000099787	0.0	0.019306685194405544	0.011614193439141624	0.0	0.0	0.0	-0.061814908991471844	0.0	0.024050937157699022	0.0	0.0	0.017062545800695744	0.021250375096406544	0.0	0.0	0.0	0.0	0.015654794866410242	-0.13875977994118252	-0.03983202818035763	0.0	-0.08989456063666285
ENSMUSG00000015401	-0.05071628908017337	0.0	-0.0454488242666233	0.0	0.0	0.0	-0.11218906079157118	0.0	-0.04679944038353019	0.0	0.0	0.0	-0.027001169168835493	0.0	-0.027120270043771044	0.0	-0.03960637896262766	0.0	-0.32605100851552465	0.0	-0.04021325553751388	-0.1260910632730228
ENSMUSG00000085992	0.038100798909844066	0.0	0.0	0.0	0.0	0.0	0.2395249076802224	0.0	0.04198652999922537	0.0	0.0	0.02618459877331094	0.1248373086074803	0.01618170661982199	0.06126574470270106	0.0	0.04804432967043047	0.0	0.491646940924575	0.0	0.25710176467986223	0.0
ENSMUSG00000109329	0.02721140918374946	0.0	0.02113509082570072	0.0	0.0	0.0	-0.03743835559689365	0.0	0.023761704832380902	0.0	0.0	0.0	0.0	0.0	0.01739694100870129	0.0	0.04639580383471251	0.0	-0.1867966174039768	-0.04219107098341406	-0.023959058241993153	-0.08211656417199553
ENSMUSG00000085584	-0.03156367971202696	0.0	-0.017248513772537444	0.0	0.0	0.0	-0.10113810099471732	0.0	-0.03066218441689466	0.0	0.0	0.0	-0.021029248986964386	0.0	-0.018172390712793442	0.0	0.0	0.0	-0.4069464171420892	-0.019860327381716354	-0.061794515328657616	-0.09868818569772107
ENSMUSG00000096254	-0.052164382238784876	-0.03164539323720006	-0.05702383147243648	0.0	0.0	0.0	-0.19024511022202947	-0.04299274331160484	-0.10224628174910858	0.0	0.0	0.0	-0.060780557378525175	0.0	0.0	0.0	-0.14213442449205535	0.0	-0.0777077522228689	0.0	0.0	-0.093168673491976
ENSMUSG00000036473	0.038490745218477396	0.0	0.015764668440754304	0.0	0.0	0.0	0.0758790436617631	0.0	0.03151853538348474	0.0	0.0	0.0	0.03748866693623192	0.0	0.023446756757003775	0.0	0.024927143209249148	0.0	0.13646552572990722	0.0	0.03586507882677936	0.11967679184709078
ENSMUSG00000111204	0.027108311861602768	0.026423049774737	0.0	0.0	0.0	0.0	0.10505006376119887	0.0	0.0	0.006143341520223734	0.009893810823204157	0.015261552258955416	0.0	0.005185730990620807	0.0	0.0	0.0	0.0	0.3885012184483209	0.0	0.02259264020544555	-0.08841990691550403
ENSMUSG00000110140	0.04649993169074843	0.0	0.042730042912108	0.0	0.018022391477915366	0.0	-0.06112371872047974	0.0	0.025443427538811413	0.016767250217372284	0.0	0.0	0.0	0.0	0.0	0.0	0.03614011092553508	0.0	-0.11516908739052983	-0.026822925402355244	0.0	-0.08816667927403993
ENSMUSG00000085348	0.03393269799400056	0.02473864397692485	0.0	0.0	0.0	0.0	-0.016067279317727643	0.0	0.019750640441730485	0.0	0.0	0.0	0.025364163011476606	0.01277717814967913	0.0	0.0	0.02114112400910625	0.0	-0.1477269168524704	-0.0420479563491742	0.0	-0.09582685450232772
ENSMUSG00000099811	0.05008838296955413	0.0	0.0365351022995952	0.0	0.0	0.0	0.0	0.0	0.026015439150621884	0.020963586695146967	0.0	0.015229127405481224	0.01898463104226136	0.0	0.013788884600641843	0.0	0.03873626790820603	0.0	0.0	-0.046667741643618026	0.0	-0.0961926910342562
ENSMUSG00000079103	0.022701288586215368	0.025520480564252785	0.04099007113691778	0.0	0.0	0.0	-0.058440645300777735	0.0	0.03262402902679086	0.0	0.0	0.025596013868842023	0.0	0.0	0.0	0.0	0.04120427231046042	0.0	-0.11699044612090291	-0.03317481340261657	0.0	-0.05986458254219874
ENSMUSG00000118292	0.0	0.012696039518330426	0.023885473054494868	0.0	0.03082477778021363	0.0	-0.08721368663271194	0.017876348049883695	0.0	0.0	0.0	-0.041204631252929835	0.0	0.0	0.0	-0.012325021398726505	0.0	0.0	-0.255121564861737	0.0	-0.03505887568179169	0.05642660010600423
ENSMUSG00000033350	-0.3050782716336703	-0.1868355240903563	-0.18341749268370897	0.0	0.0	0.0	-0.31001255057118876	0.0	-0.20406621586887214	0.0	0.0	0.0	-0.20282710070014523	0.0	0.0	0.0	-0.3236434256434352	0.0	-0.9581246980346144	0.0	-0.4085749596977033	-0.250115115898541
ENSMUSG00000117885	-0.07394867609767264	0.0	-0.0749092723143499	0.0	0.0	0.0	-0.09411453942400054	0.0	-0.061043841870115356	0.0	0.0	0.023911614673010173	0.0	0.0	-0.04648291195710201	0.0	0.0	0.0	-0.2617332001125491	-0.027061223141120944	-0.014542550261735976	-0.10657291076496349
ENSMUSG00000022236	0.033738467331129	0.0	0.018475522172773953	0.0	0.0	0.0	0.06715306068269812	0.0	0.036426722868773756	0.0	0.0	0.0	0.027399351464907757	0.0	0.025634992893659572	0.0	0.030317674804558818	0.0	0.03043294503857693	0.0	0.00928853792165879	0.0256973301735884
ENSMUSG00000015966	0.02785126918808507	0.0021541161448734064	0.021212649644902278	0.0	0.0	0.0	0.0	0.0	0.04378413385892613	0.0	0.0	0.0	0.01058590674663862	0.0	0.013220342262936361	0.0	0.03408898299116699	0.0017792034405996748	0.14785063533501044	0.0	0.015229751174290476	0.0
ENSMUSG00000078684	0.0	0.018244956064727504	0.0	0.0	0.0	0.0	-0.022154401636849456	0.05912517914442755	0.0	0.0	0.014364096549704768	-0.017934881652313668	0.0	0.0	0.0	0.0	0.016633733317233505	0.01322192194510452	-0.028864602701626548	-0.03950807950548523	0.0	0.19339890449619487
ENSMUSG00000116745	-0.01628537149788746	0.022972703908702718	0.0	0.0	0.0	0.0	-0.08620317424638461	0.0	-0.009791585922930546	0.0	0.0	0.020456469193596283	0.0	0.0	-0.007330099734314924	0.0	-0.008189715944028278	0.0	-0.07953685062719197	-0.037062187718862966	0.0	-0.08241780845874852
ENSMUSG00000091059	-0.05664723609903298	0.0	-0.028228758684543075	0.0	0.0	0.0	-0.10476593917106396	-0.059660891092553806	0.0	-0.036035404752997456	0.0	0.0	0.0	0.0	-0.04186698896826106	0.0	-0.020575869794894563	0.0	-0.08031220603070402	-0.03696481417385909	0.0	-0.09032729188791301
ENSMUSG00000027952	0.02782664487982357	0.0	0.01649062014509303	0.0	0.0	0.0	0.16269656030491603	0.0	0.03952431297195244	0.0	0.0	0.0	0.027554472524101876	0.0	0.016751348323879617	0.0	0.026596048847919117	0.0	0.21449346646265816	0.0	0.1206094094181752	-0.046742900737650306
ENSMUSG00000025204	0.02975653037029993	0.0	0.021891631436208085	0.0	0.0	0.0	0.06210889551662807	0.04232518981505107	0.019740944993642748	0.0	0.0	0.0	0.0	0.0	0.0	0.0	0.00919920567580189	0.0	0.15072328887477018	0.003612577300293407	0.009681393759185709	0.17231836554104707
ENSMUSG00000034751	0.022528747395129278	0.0	0.012209950190634727	0.0	0.0	0.0	0.021525951876081483	0.040695162113257966	0.015678352013395593	0.0	0.0	0.0	0.013094627418076973	0.0	0.016496747338474494	0.0	0.0208236253461338	0.0	-0.11537153431048065	0.0	0.0	0.09012574253074541
ENSMUSG00000028593	0.0	0.0	0.0	0.0	0.0	0.0	-0.11276656624013218	0.0	0.017383042594318398	0.0	0.011235057010724914	0.017209642361883295	0.020092169503243034	0.0	0.0	0.011857974291564934	0.0	0.014109590853545625	-0.16216196001013292	-0.046057658311628	0.0	-0.1387542677824524
ENSMUSG00000112174	-0.07918198147132421	0.0	-0.044734564203522155	0.0	0.0	0.0	-0.16409604574320524	0.0	-0.057184661146528155	0.0	0.0	0.0	-0.03614382903822222	0.0	-0.04063042851300242	0.0	-0.06652371947326746	0.0	-0.2839016288444479	0.0	-0.0675760855653783	-0.10616501059674431
ENSMUSG00000060131	0.0	0.0	0.0	0.0	0.02278941187463046	0.0	-0.07239198955594875	-0.022103015280645455	-0.013285853275912599	0.0	0.0	0.04181793164598838	0.0	0.0	0.0	-0.020083005210085794	0.0	0.0	-0.2561668603038519	-0.030921339124648832	-0.035587850042521706	-0.070403769846038
ENSMUSG00000067649	-0.07718465145865598	0.0	-0.06115119035448597	0.0	0.0	0.0	-0.10563956781719515	0.0	-0.07002817513583658	-0.049965423100099673	0.0	0.0	0.0	0.0	-0.05225083204102044	0.0	-0.04423562017597771	0.0	-0.15788796714318104	0.0	-0.06487930929627005	-0.15212138910868642
ENSMUSG00000087385	0.05025496210484785	0.0	0.029902662867404776	0.0	0.0	0.0	-0.06472168642502951	0.0	0.019205469855133085	0.0	0.0	0.0	0.01303371860196293	0.0	0.02467322946184692	0.0	0.020241756641729603	0.0	0.20848726939582246	0.0	0.04823461254140396	0.20916499958561505
ENSMUSG00000085043	0.022035956341569598	0.0	0.01126510345520404	0.0	0.0	0.0	0.15294451976201417	0.0	0.0	0.0	0.011369094435859553	0.0050393239892276825	0.033584892094143406	0.0	0.010236753307787547	0.0	0.01947171674752245	0.0	0.291515574794056	0.0	0.0	-0.06368865974664438
ENSMUSG00000027562	0.025830085548359208	0.0	0.009388344677431073	0.0	0.0	0.0	0.07705877044276749	0.0465134367667551	0.0	0.0063269379056401336	0.0	0.0	0.0	0.0	0.0	0.0	0.01489931997140277	0.005375344788935643	0.1274565748027692	0.0	0.03966792055854513	0.11491604182003247
ENSMUSG00000087211	0.03317098957460073	0.02274332967462817	0.025852572066331264	0.0	0.0	0.0	0.039202826827292384	-0.03940918523913012	0.02564880482876535	0.0	0.0	0.0	0.0	0.0	0.018928138081647092	0.0	0.036969843314634675	0.0	-0.06055093029404313	0.0	0.01796200020852805	0.0
ENSMUSG00000115492	-0.008234834930279211	0.0	-0.03902247838098688	-0.004259985175974015	0.0	0.0	-0.061616372793662506	0.0	-0.001630166363227048	0.0	0.0	0.0	0.0	0.0	-0.009882386583354497	0.0	0.0	0.0	-0.22175787534230715	-0.035855454259775585	-0.009647947313083079	-0.06637147255890369
ENSMUSG00000116759	-0.09391608594141418	0.0	-0.04555440939906598	0.0	0.0	0.0	-0.1505762650406702	0.0	-0.07511948047947016	0.0	0.0	0.0	0.0	0.0	-0.07224228908662686	0.0	-0.11289396675782255	0.0	-0.19069222238194453	-0.022622942254574507	-0.0414960588115804	-0.10763287797427241
ENSMUSG00000113121	-0.00647978231081751	0.0	0.0	0.0	-0.006397206296870991	0.0	-0.039193145256706786	-0.006138402305334412	0.0	0.0	0.0	-0.03734345515279484	0.0	0.0	0.0	-0.014846832957734075	0.0	0.0	-0.26907397835178753	-0.02465929801095546	-0.023335840860468377	-0.008016040466439925
ENSMUSG00000034613	0.019815937540603075	0.015409587313447999	0.009481999266771624	0.0	0.0	0.0	0.04274607751849281	0.020919801921471713	0.013887245079733965	0.0	0.0	0.0	0.019340066674056404	0.0	0.0193388623660044	0.0	0.014554457764145521	0.0	0.0	0.0	0.0	0.10936861220496082
ENSMUSG00000054418	-0.2880488251865001	0.0	-0.19166503322434453	0.0	0.0	0.0	-0.24998536614949474	0.0	-0.26759843031925035	0.0	-0.15253642872001505	0.0	-0.2206505009916632	0.0	0.0	0.0	-0.3151324096830406	0.0	-0.979398220884009	0.0	-0.39106752949021173	-0.2766126101737058
ENSMUSG00000044229	0.019337056449698256	0.01536517960716084	0.011911382588669741	0.0	0.0	0.0	0.0	0.0	0.011713368402999113	0.0	0.0	0.0	0.012422519618522972	0.0	0.008343636314387554	-0.025242410175042362	0.022700991118689083	0.007206600521146082	-0.12078759184967212	0.0	0.0	0.0
ENSMUSG00000087026	0.051239498698125635	0.015160856233131348	0.016719400573450928	0.0	0.0	0.0	0.05765619160705861	0.0	0.03777232378269296	0.0	0.0	0.0	0.0	0.0	0.022378585787076303	0.0	0.020937839452278405	0.0	0.4674484772383483	0.0	0.03802211160428466	0.14841794904943148
ENSMUSG00000060621	0.03687202998804392	0.0	0.014210498842802382	0.0	0.0	0.0	0.14229013560690773	-0.059818279218812664	0.019455101280045968	0.0	0.0	0.0	0.0361629065118299	0.0	0.02216644825841264	0.0	0.03400322441694102	0.0	0.24703609832255333	0.0	0.09517534725027811	0.0
ENSMUSG00000064263	0.037051142544234424	0.0	0.013825064898607622	0.0	0.0	0.0	0.0	0.0	0.035364573271420015	0.0	0.0	0.0	0.0237292656843448	0.0	0.020101792407643964	0.0	0.007848362858309496	0.003668604313308621	0.26163335848666	0.0	0.0488258549937784	0.08069449097672055
ENSMUSG00000022474	0.03874629567474245	0.0	0.010531473336724773	0.0	0.0	0.0	0.1762132564673244	0.026219534162000197	0.034992061171849526	0.0	0.0	0.0	0.028257339759590817	0.0	0.016207515758177752	0.0	0.0	0.0	0.4346352040805775	0.0	0.08415173679193005	0.17802282109160714
ENSMUSG00000048249	0.024912253182541613	0.014134242186847935	0.0	0.0	0.0	0.0	0.05355793144976367	0.06624447271044795	0.0	0.0	0.0	0.0	0.04382074795821025	0.0	0.0	0.0	0.0	0.02000178525936811	0.24848752421981635	-0.125641900992277	0.024859326967642915	0.33231148672270744
ENSMUSG00000074796	0.04734810576128672	0.0	0.0	0.0	0.0	0.0	0.06962304204951202	0.04286415548100852	0.03702279619845493	0.0	0.0	0.0	0.03510872323795568	0.0	0.028629005325582137	0.0	0.0231749833851298	0.0	0.2737754972943845	0.0	0.027371373966329184	0.19335155874963605
ENSMUSG00000120548	0.04745667267227187	0.0	0.03248091528712895	0.0	0.0	0.0	-0.04961045114953246	0.0	0.032719865781408994	0.0	0.0	0.035367481818261534	0.0	0.0	0.035521576952571327	0.0	0.04870254234673336	0.0	-0.1422839401623996	-0.054739377733737576	0.0	-0.09859075385515677
ENSMUSG00000035504	0.04942250578367633	0.0	0.01720413116166372	0.0	0.0	0.0	0.14034617453217252	0.0	0.027477753942312187	0.0	0.0	0.0	0.041694210243452504	0.0	0.01571711319217095	0.0	0.026853887821763275	0.0	0.29731422385922124	0.0	0.04765700229067656	0.1385235170798117
ENSMUSG00000108211	0.03458378494787143	0.0	-0.05077448105620212	0.0	-0.040434679891235836	0.0	0.09517489271710361	0.0	0.0	0.0	0.0	0.033375261471538846	0.022958965199926244	0.0	-0.04091304573512641	0.0	0.0	0.0	0.17510956585863838	0.0	0.03777806228415852	-0.09025604148736217
ENSMUSG00000102058	-0.32239086190915833	-0.1870341486173878	-0.18369898995702805	0.0	0.0	0.0	-0.24886570911786965	0.0	-0.23659947639469467	0.0	0.0	0.0	-0.23993592691774532	0.0	0.0	0.0	-0.3207454656465982	0.0	-0.977632595747907	0.0	-0.3742303512571743	-0.24156182925667205
ENSMUSG00000018707	0.03583496771167737	0.0	0.0	0.0	0.0	0.0	0.05515722663538226	0.03167176569556979	0.02894862254609693	0.0	0.0	0.0	0.030929156096444522	0.0	0.03518555412444061	0.0	0.02564148561673842	0.0	0.16990893424172404	0.0	0.024327990399042876	0.19356517593633124
ENSMUSG00000117254	0.04435230057066855	0.0	0.023323321662601475	0.0	0.0	0.0	-0.04000955616039032	0.0	0.03179346968655801	0.0	0.0	0.017952103238351613	0.0	0.0	0.0	0.0	0.036797864655016284	0.021950101184816793	-0.26221456134746524	-0.04387599486538902	0.0	-0.09494749031910446
ENSMUSG00000092124	-0.03983817879256148	0.0	0.0	0.0	-0.029850783390427578	0.0	-0.21488740794937217	0.04356871418138063	0.0	0.0	0.0	-0.05511205381040374	0.0	0.0	-0.10933594867608275	-0.015214922050726044	0.0	0.0	0.0	-0.07027943331972303	0.03252467817731755	0.25817713413821236
ENSMUSG00000054958	0.028984230519260922	0.010119343187830117	0.025130982657270293	0.0	0.0	0.0	0.018476891813437996	0.0	0.031158610494230684	0.00406410360198714	0.0	0.0073745160843965655	0.0075286281263383485	0.0	0.006960098339019401	0.0	0.03554424124853957	0.0	0.0	0.0	0.0	0.0
ENSMUSG00000025213	-0.3249887300877982	0.0	-0.19704795243616857	0.0	0.0	0.0	-0.2924212900990005	0.0	-0.22859375509303517	0.0	-0.1707781935018673	0.0	-0.22515493881320803	0.0	0.0	0.0	-0.27615955247560586	0.0	-0.9716843398500523	0.0	-0.3937684901869007	-0.25209811227859835
ENSMUSG00000051046	0.0	0.0245502279874614	-0.026337552272044044	0.0	0.0	0.0	-0.0521036172772913	-0.010468613470700567	-0.028011172710844322	0.0	0.0	0.0192520372281377	0.01605908269634171	0.0	0.0	0.0	0.0	0.0	0.050808913865769426	-0.04707813732656016	0.0	-0.10024231723795508
ENSMUSG00000032712	0.02618528537943842	0.0	0.0	0.0	0.0	0.0	0.1742797827895231	0.08330745609376723	0.03255809732865423	0.0	0.0	0.0	0.04909825841893762	0.0	0.019130703425153328	0.0	0.0173523143540961	0.0	0.44479923520590625	0.0	0.09784955836853475	0.23254569922848717
ENSMUSG00000070574	0.04249186294203368	0.0	0.0	0.0	0.0	0.0	0.12714328717196255	0.0	0.042751727174453	0.0	0.0	0.01000385901232405	0.016907433257928692	0.0	0.01527832213287396	0.0	0.025898363251287457	0.0	0.07919623023297558	0.0	0.06610259603403021	-0.08820100705757145
ENSMUSG00000095048	0.04842516539321754	0.0	0.07543887037332471	0.0	0.0	0.0	-0.06542815953721912	0.0	0.042613127171778634	0.0	0.0	0.023398945429013475	0.0	0.0	0.042547009539119766	0.0	0.04979710246904433	0.0	-0.10179781966224409	-0.044132109389423205	0.0	-0.07825479634128465
ENSMUSG00000111276	-0.0764134009345681	-0.03728994260677532	0.0	0.0	-0.03290781817544973	0.0	-0.12307168059596209	0.0	-0.04844466208605222	0.0	0.0	0.0	-0.10075583733881843	0.0	-0.07051344134768803	0.0	-0.16922392865167327	0.0	-0.20520384888294113	0.0	0.0	-0.12113813104770509
ENSMUSG00000079480	-0.05611444693835242	0.008808095406364654	0.008091625959172677	0.0	0.04685292229199725	0.0	0.07444051137879955	0.0710753600807291	0.0	0.0	0.0	0.0	0.013129346830407403	0.0	0.0	0.0	0.016176426623135592	0.0	0.4966882070965594	0.0	0.0	0.2892079150944287
ENSMUSG00000009356	0.018347707832410142	0.003686625597744825	0.028466379136467743	0.0	0.0	0.0	0.05410403774825769	0.0	0.011724891500334046	0.0	0.0	0.0038198889449923413	0.006812733996489964	0.0	0.018494604719260906	0.0	0.041587707460369154	0.0	0.0	0.0	0.017197156015714466	0.0
ENSMUSG00000096917	0.02693594312256842	0.0	0.0	0.0	0.0	0.0	0.20293219014360162	0.033490744903265326	0.019704484620413295	0.0	0.007440481991645376	0.0	0.040076908704786314	0.0	0.019848937659691184	0.0	0.0	0.0	0.6467172288999449	0.0	0.14785309376408134	0.2212133180056451
ENSMUSG00000063320	0.0	0.0	0.018185669336760125	0.0	0.02413178020724349	0.0	0.172028583908937	0.07624831526579846	0.0	0.0	0.0	0.0	-0.05640263248128224	0.0	-0.04840395174835309	0.0	0.026979792188082514	0.0	0.6571835186612529	-0.09716402287127289	0.0	0.19547890834246476
ENSMUSG00000110136	0.03569541444451044	0.0	0.0	0.0	0.0	0.0	0.15758941658393086	0.037463610213283295	0.03519619571139899	0.0	0.0	0.0	0.04301299357983809	0.0	0.02348086912623377	0.0	0.01762454599412977	0.0	0.38133129071563704	0.0	0.08098967049226666	0.1746968753274914
ENSMUSG00000106777	0.053895210337543506	0.02763464701349217	0.0	0.0	0.02806557408953374	0.0	0.0	0.0	0.018831714010610883	0.0	0.0	0.012303297922620329	0.0	0.0	0.0	0.0	0.013380161045496176	0.01575300397723753	-0.03606294474170099	-0.0362582852563365	0.03827939888271084	0.0
ENSMUSG00000091183	0.0068346494242877255	0.0	0.01038551891456621	0.0	0.0	0.0	0.0	0.0	0.012513200634700461	0.003319419025811113	0.0	0.0	0.024255863644510108	0.0	0.0	0.0	0.012318417995360384	0.0033386912129877155	0.08519279729579897	0.0	0.009929081281323427	0.019733997363713836
ENSMUSG00000025105	0.025397919242659602	0.0	0.0	0.0	-0.012080115925237694	0.0	-0.05735690573071331	-0.012204240102559799	0.0	0.0	0.0	-0.00617655559438794	0.02225937381896978	0.0	0.0	-0.01792492220912617	0.0	0.0	-0.12500616731577	-0.01302730794646546	0.0	-0.03515123235884457
ENSMUSG00000121400	0.020584633318331103	0.0	0.023941278120974244	0.0	0.0	0.0	-0.058258698261125334	0.0	0.035518444599898474	0.0	0.015920742060280525	0.0	0.0	0.0	0.0	0.0	0.04088772887134324	0.015066502228001488	-0.1071495728817948	-0.0323253373291544	0.0	-0.06406749908910533
ENSMUSG00000098630	0.06822316291091605	0.0	0.05157406568280918	0.0	-0.02631869843503178	0.0	-0.054355193446834524	0.0	0.03604898574735012	0.0	0.0	0.02227278264576699	0.0	0.0	0.0	0.0	0.06822758426744738	0.0	-0.025301621745662195	-0.021745599539382862	0.0	-0.062222402170439915
ENSMUSG00000118029	0.051397462144204334	0.0	0.02776344382191589	0.0	0.0	0.0	0.18672792930718204	0.0	0.046572058423133486	0.0	0.0	0.0	0.11427428761632069	0.0	0.0656530010062494	0.0	0.033054475065561716	0.0	0.39274817103517057	0.0	0.17108032891700742	-0.05298074002610753
ENSMUSG00000062543	0.04163813534910785	0.0	0.0184807619147231	0.0	0.0	0.0	-0.04686783270516818	0.0	0.042457064370399	0.0	0.0	0.0	0.03260664226719618	0.0	0.023429203047342844	0.0	0.05677119437053123	0.0	-0.0845831118465635	-0.06049713749394209	0.0	-0.12686190203699355
ENSMUSG00000095128	0.013588221252962131	0.0	0.0	0.0	0.0	0.0	0.12357862452256288	0.0	0.0	0.0	0.01277365906904264	0.0337561490702874	0.0	0.0	0.0	0.0	0.029425836942496595	0.012161858655878125	-0.12260259471724068	-0.04944511568319754	0.02124788691316124	-0.08873649682666765
ENSMUSG00000029798	-0.11329314104730735	0.0	-0.07971535477051146	0.0	0.0	0.0	-0.19617890973688554	-0.07626463624938241	-0.08842926711873951	0.0	0.0	0.0	0.0	0.0	-0.05083780634440638	0.0	-0.0773208487529354	0.0	-0.4890867617692193	0.0	-0.1008912072623047	-0.06007386513754792
ENSMUSG00000030180	0.026921634615534085	0.0	0.0	0.0	0.0	0.0	0.044028671079987355	0.0998781685082186	0.0	0.0	0.012974478049675553	0.0	0.034405155738432946	0.0	0.0	0.0	0.011711656859959198	0.0	0.18196018172563844	-0.08628280106946998	0.039189766328966424	0.3617087218814713
ENSMUSG00000003534	0.020827347516568364	0.0	0.012420816685879466	0.0	0.0	0.0	0.15563229337568246	0.0	0.027826993179550594	0.0	0.0	0.0	0.0311823141063006	0.0	0.014039433109860971	0.0	0.0206507764009109	0.0	0.30306217519561546	0.0	0.1251323138051901	0.024827985204152678
ENSMUSG00000101133	0.019973051247112208	0.002785594113991624	0.02335582822375907	0.0	0.0	0.0	0.05946714926736448	0.0	0.012929745951289557	0.005384857902618515	0.0	0.0	0.0027941953286053063	0.0	0.0	0.0	0.028761597631696476	0.0	0.0092151155709779	0.0	0.017357920048915648	0.0
ENSMUSG00000113298	0.03649991614854722	0.0	-0.031390209339716514	0.0	-0.026649557666341868	0.0	-0.06893663029051257	0.0	0.03971443343446274	0.0	0.0	0.0	0.0	0.0	0.02916335927583036	0.0	0.0	0.0	-0.18188393802980668	-0.03681557705785465	0.03283983692940405	-0.05162599698669983
ENSMUSG00000037098	0.041032398638605826	0.0	0.0	0.0	0.0	0.0	0.07084340845731817	0.03810255527805013	0.033650011769977624	0.0	0.0	0.0	0.03193117793875816	0.0	0.029879267371493767	0.0	0.03224583918785974	0.0	0.05509907034543481	0.0	0.03552707892226757	0.1550803894110957
ENSMUSG00000109936	0.02380471467354654	0.0	0.02814578852892382	0.0	0.0	0.0	0.14421366032129676	-0.050954416022005344	0.03692596501944976	0.0	0.0	0.0	0.02082297190054175	0.0	0.02009994514856554	0.0	0.034694014594570555	0.0	0.040857467025892616	0.0	0.0945837399195997	0.0
ENSMUSG00000109574	0.025195543601586996	0.021736924028854927	-0.03277725364878282	0.0	-0.026931123208162693	0.0	-0.09373253080094214	0.0	0.0	0.01414310013117459	0.0	0.0	0.0	0.0	-0.039241053738861116	0.0	0.0	0.0	-0.10809280384282087	-0.02502510934008414	0.0	-0.06041308963971146
ENSMUSG00000044787	0.03254074677798707	0.01060888502819461	0.029916938732554185	0.0	0.0	0.0	0.0	0.0	0.030030371147576253	0.005584537540671036	0.0	0.00585374233913178	0.012739808553271047	0.0	0.010683256570504455	0.0	0.038461638747968756	0.0	0.0	0.0	0.01089146579360102	0.0
ENSMUSG00000097386	0.0612614972469031	0.0	0.03363943574062971	0.0	-0.04251343853006427	0.0	0.18671508406035564	0.0	0.006472091410636982	0.0	0.0	0.0	0.0	0.0	0.0	0.0	0.029120067146111758	0.0	0.2750751518397678	0.010397090784324155	0.13156040750471323	0.12067934165740041
ENSMUSG00000070056	0.031669169469996775	0.019081516025934792	0.02528275865978712	0.0	0.0	0.0	-0.032093555255063674	0.0	0.021741470315732387	0.0	0.0	-0.027412154118037598	0.0	0.0	0.014692983604162893	0.0	0.022061531662461956	0.0	-0.08325882218780944	0.0	-0.029384188233947325	0.0
ENSMUSG00000018076	0.037724970122626544	0.0	0.0	0.0	0.0	0.0	0.10036441950202979	0.019325665801400715	0.036379192758049156	0.0	0.0	0.0	0.036984984037936354	0.0	0.02319444494393265	0.0	0.025832348600558837	0.0	0.12072441776864119	0.0	0.04132723981958856	0.09019502252627835
ENSMUSG00000121506	0.051718551863076334	0.02020877695494188	0.0	0.0	0.0	0.0	-0.036067566837351614	0.0	0.022493325574134942	0.0	0.0	0.028962208255042744	0.027818348811775535	0.0	0.0	0.0	0.0630063170841241	0.0	-0.21236994390185188	-0.051000895599907746	0.0	-0.10063204070305388
ENSMUSG00000060038	0.01995476971915422	0.0	0.0	0.0	0.0	0.0	0.2949380305957612	0.07278806999355311	0.03581931501756665	0.0	0.020793443565759653	0.0	0.019711921264119317	0.0	0.0	0.0	0.0	0.0	0.6121041595797038	-0.11334536365374956	0.12313526224516508	0.3150548867423937
ENSMUSG00000097166	0.032978237680131826	0.0	0.018323895523246616	0.0	0.0	0.0	0.0895615608360197	0.0	0.021900417990268286	0.0	0.0	0.023012879537631665	0.011376425613891667	0.0	0.012229211853334138	0.0	0.024633397881781934	0.0	0.03424453489655847	0.0	0.0	-0.0586230885902084
ENSMUSG00000097184	0.038815039862232475	0.010431349538634133	0.019793082637829543	0.0	0.0	0.0	0.041459616620386865	0.0	0.02590229941161327	0.0	0.0	0.0	0.004562280706722627	0.0	0.018135353660740414	0.0	0.025259563880638713	0.0	0.03964796558822206	0.0	0.0	0.028237006854499935
ENSMUSG00000090352	-0.31158806037501263	-0.19611310755405922	-0.15856168286833539	0.0	0.0	0.0	-0.2798119948962932	0.0	-0.23504182003490273	0.0	0.0	0.0	-0.21315853704539062	0.0	0.0	0.0	-0.3115072392479616	0.0	-0.9674518186577082	0.0	-0.39219446043590217	-0.267266633706669
ENSMUSG00000102504	-0.08411158891048674	0.0	-0.005560204248442169	0.0	0.0	0.0	-0.11620510440420559	0.0	-0.016934045183341264	0.0	0.0	0.0	-0.00835839702503629	0.0	-0.013044779481133712	0.0	0.0	0.0	-0.24085988864748062	-0.024875447823853893	-0.018756372924054483	-0.10974615468753685
ENSMUSG00000053964	0.047496388469567885	0.010760170655188856	0.01707788500059487	0.0	0.0	0.0	0.013206793966070543	0.0	0.03347771059486961	0.0	0.0	0.006715825918504004	0.023609233112453474	0.0	0.016342331489355145	0.0	0.03974290336973117	0.0	0.0841097680646858	0.0	0.0	0.0
ENSMUSG00000024404	0.008719269518920186	0.0	0.01824203101297124	0.0	0.0	0.0	0.05232376525466966	0.06681010614591233	0.017138771819861696	0.0	0.008036344402009177	0.0	0.018314104440879032	0.0	0.012389353995752602	0.0	0.015522089736410255	0.0	0.0	0.0	0.0	0.24969321756276544
ENSMUSG00000068234	0.051574898921217825	0.0	0.0	0.0	0.020742935437412735	0.0	-0.04677745680596804	0.0	0.029514038598956	0.0	0.0	0.03131148849760981	0.0	0.0	0.0	0.0	-0.02287611752263673	0.0	-0.1409099620076001	-0.04056690940684807	-0.02564909965339307	-0.13391047994203628
ENSMUSG00000099465	0.023007076235899492	0.021710814611538114	0.012404285764476511	0.0	0.0	0.0	0.12632795284123866	0.0	0.03132786901931614	0.012755086943673775	0.007802793877226599	0.0	0.0	0.0	0.0	0.0	0.02538384036786083	0.0	0.0514039357873976	0.0	0.043876867519587893	0.0
ENSMUSG00000055494	0.01317144797882453	0.0	0.023543262190810335	0.0	0.0	0.0	0.0	0.0	0.022938162759414498	0.0	0.0	0.01516287867999331	0.0061390858998429144	0.0	0.013601750377454388	0.0	0.013796603567882267	0.006176412370069917	0.007823771889709667	0.0	0.0	-0.09847884432865674
ENSMUSG00000085245	0.0	0.0	0.019923714353315032	0.0	0.0	0.0	0.22124658563513241	0.0	0.04787341357611537	0.0	0.01106066653702202	0.011660542705242749	0.06667393343169317	0.0	0.03624616829111534	0.0	0.03350044500582026	0.0	1.0776404320188486	0.0	0.19671806342478979	0.0
ENSMUSG00000024442	0.054668247819585264	0.0	0.023258029162818418	0.0	0.0	0.0	0.02187723615020698	0.06102677610212959	0.0	0.0	0.0	0.0	0.030426296456386153	0.0	0.032299371670785906	0.0	0.023195659477046195	0.0	0.21928543641423043	0.0	0.02630845341843476	0.18151678191968462
ENSMUSG00000057465	0.0	0.03138772919066535	0.03765941387386059	0.0	0.03679757440197749	0.0	-0.02691687638734408	0.0	0.0	0.0	0.0	0.0	0.0	0.0	-0.021928011223599348	0.0	-0.0766565945360994	0.0	-0.19466204185922373	-0.028024601526148992	-0.0556399123404251	-0.054386603784260704
ENSMUSG00000001419	-0.033575395953102605	0.10712217401727206	0.0	0.0	0.0	0.13257833656546178	-0.04422889440618652	-0.17642452964481398	0.0	0.0	0.0	0.07844645423403003	0.0	0.0	0.0	0.0	0.0	0.0	-0.31575453105080875	0.25448473887964146	-0.042572814634421814	-0.27956569239557605
ENSMUSG00000104987	0.03627119507409213	0.0	0.023165562587600108	0.0	0.0	0.0	0.048627893596320935	0.0	0.01527164225287572	0.0	0.0	0.0	0.011393086030074667	0.0	0.017247327996809485	0.0	0.04202183638091429	0.0	-0.10185130934847299	0.0	0.02759545978953024	-0.09730869547991172
ENSMUSG00000026981	0.03545007205984746	0.0	0.0	0.0	0.0	0.0	-0.05895832183116474	0.0	0.028327441157766774	0.0	0.0	0.035316907190283436	0.022461054182406598	0.0	0.0	0.0	0.038441140835925744	0.0	-0.18758098497628728	-0.03938620902859007	-0.021689790362923154	-0.07713509615170364
ENSMUSG00000018677	0.02842622428183536	0.0	0.0	0.0	0.015697194687343808	0.0	0.246227236415174	0.07248904442236039	0.03287281514051018	0.0	0.0	0.0	0.0	0.0	-0.03956185136768764	0.0	0.0	0.0	0.3118310672975108	-0.16540242329494462	0.08789543526985444	0.27871649662130954
ENSMUSG00000044365	0.023731215151093162	0.0	0.0	0.0	0.0	0.0	0.12028703151404439	-0.02287342528887601	0.0	0.0	0.010632223347618684	0.0	0.009529685250713432	0.0	0.0	-0.029765853012910945	0.01566301115622575	0.0	-0.045881655448562736	0.0	0.014609339250072021	0.047882763543075774
ENSMUSG00000007338	0.043439279391480734	0.0	0.008137453520127735	0.0	0.0	0.0	0.1462460431913823	0.08356686149503072	0.0357336544756497	0.0	0.0	0.0	0.0	0.0	-0.08057142046512307	0.0	0.012854253735388862	0.0	0.6089558650714578	0.0	0.08703550787547008	0.31527317376525654
ENSMUSG00000117914	0.026205902940644298	0.0	0.021181905152739693	0.0	0.0	0.0	-0.037134135006987874	0.0	0.022832883913349714	0.0	0.0	0.0	0.0	0.0	0.0	0.0	0.02516159881061821	0.02502841265890623	-0.18285458863086232	-0.045576080754098275	-0.014132581872632333	-0.09770254772818762
ENSMUSG00000113330	-0.010455064588928864	-0.028673275592623178	-0.02379211795422585	0.0	0.0	0.0	-0.08158511374784476	0.0	0.0	-0.012273395499114211	0.0	0.0	0.0	0.0	-0.020799041626825318	0.0	0.0	0.0	-0.3389574891913583	-0.024005447125667392	-0.04434560094415921	-0.13900619195526634
ENSMUSG00000113634	0.04393775823292404	0.0	0.03561127786841803	0.0	0.0	0.0	0.14615449030850483	0.0	0.029030670032619253	0.0	0.0	0.0	0.02776152112695986	0.0	0.028854584201018465	0.0	0.045211324437522155	0.0	0.08931726646663228	0.0	0.06789093826780043	-0.08815611946901092
ENSMUSG00000008601	0.046361585318634733	0.0	0.02655642946243797	0.0	0.0	0.0	0.12987752761297885	0.0	0.047973745471148875	0.0	0.0	0.0	0.053823595798562676	0.0	0.04928239103368124	0.03813958487011241	0.039045889946513736	0.0	0.31241787201751076	0.0	0.09721587569314989	0.0
ENSMUSG00000085054	0.024832937472211034	0.0	0.012205703422212721	0.0	0.0	0.0	-0.11679832047630523	0.06418561715489901	0.019330548831412595	0.0	0.0	-0.05451853866967038	0.035119025168943815	0.0	0.0	0.0	0.0	0.0	0.21908493641498702	0.0	0.030022569288434213	0.2430531194228889
ENSMUSG00000107117	-0.07725588768293774	0.0	-0.07174014111316265	0.0	0.0	0.0	-0.20059024219469068	-0.07308954234920909	0.0	0.0	0.0	0.0	0.0	0.0	-0.09366027296277232	0.0	-0.0860630008600707	0.0	-0.13308349390568802	-0.0320501960629519	-0.05402306046316756	-0.09254462043421934
ENSMUSG00000120259	0.0	0.02098131813557265	0.0	0.0	0.0	0.0	-0.060440791889481274	0.017994122241593878	0.0	0.011099527272603327	0.0	0.01483524162397824	0.0	0.0	0.0	0.0	0.025046445640644725	0.0	-0.4062484349838969	-0.03802735523706633	-0.04052293348417153	-0.10839783759828048
ENSMUSG00000022885	0.02994745224881451	0.0	0.015639821503540607	0.0	0.0	0.0	0.028597933514474892	0.019029353776755294	0.020205667001265585	0.00749969271974707	0.0	0.0	0.011441749316880415	0.0	0.012723056374077031	0.0	0.02501609510244589	0.0	0.0	0.0	0.0	0.05347150235740361
ENSMUSG00000101512	-0.3216166660366576	0.0	-0.1867981155062015	0.0	0.0	0.0	-0.2721594987968912	0.0	-0.22878405577354843	0.0	0.0	0.0	-0.23404295125898494	0.0	0.0	0.0	-0.3113334789926671	-0.18603504457114478	-0.9702925500716606	0.0	-0.35945159943143534	-0.26218139438304333
ENSMUSG00000110358	0.025840396205455515	0.0	0.0	0.0	-0.009565745970164435	0.0	-0.049247622937056264	-0.019454647749424153	0.0	0.0	0.0	0.03580517044584743	0.035703072517001465	0.0	-0.015679711091938896	0.0	0.0	0.0	-0.0408573048806664	-0.03906843495856082	0.0	-0.07790784563376223
ENSMUSG00000032854	0.0	0.0	0.0	0.0	0.0	0.0	-0.04803619935362297	0.08448574051119069	0.0	0.0	0.013398697430912956	-0.050729760186591276	0.0	0.0	-0.012606445144509149	0.018600739572769913	0.007259363757106433	0.008054419881177622	-0.09184038786539353	0.0	0.0	0.1698470753243614
ENSMUSG00000111308	0.0	0.0	0.0	0.0	0.04451796909347832	0.0	-0.08403777166316778	-0.034345746976885284	-0.020355030019512586	0.0	0.0	0.0434326666465114	0.0	0.0	-0.015075383233976886	-0.01735298295276596	0.0	0.0	-0.1467589009730592	0.0	-0.011400585427807586	-0.029514192042939945
ENSMUSG00000108481	0.04447961477925061	0.023195852687127514	0.028169133990139244	0.0	0.0	0.0	-0.04952004219373281	0.0	0.021940396114526	0.0	0.0	0.0	0.0	0.0	0.020169208972996636	0.0	0.03414822973537832	0.0	-0.1930174989683694	-0.046354721737539524	0.0	-0.07736415757174786
ENSMUSG00000103329	0.0	-0.007165809685275873	0.03157535453631925	0.0	0.0	0.0	-0.04346605608099813	0.0	0.0	0.0	0.0	0.0	-0.036226613806405586	0.0	-0.04901232164305947	0.02208849284484571	-0.010613197424040738	0.0	-0.14265668640409487	-0.02141993946973929	0.0	-0.08777598204578932
ENSMUSG00000095520	-0.31203209344045413	0.0	-0.20285407179573492	0.0	0.0	0.0	-0.2930559848584794	0.0	-0.2276949422791012	0.0	-0.1509912551218151	0.0	-0.26987659966992705	0.0	0.0	0.0	-0.2858592149587805	0.0	-0.9387500311132401	0.0	-0.3800290363640796	-0.2715521252206236
ENSMUSG00000027894	0.031058407310083712	0.01818852303904227	0.028526984329380282	0.0	0.0	0.0	-0.038363800493470206	0.0	0.030247322898218708	0.0	0.0	0.0	0.0	0.0	0.015158780693530254	-0.029737671186338275	0.031106547688920332	0.0	-0.1825720473685247	0.0	0.0	0.043855929464660784
ENSMUSG00000020063	0.027486248116676177	0.0	0.011747544640355745	0.0	0.0	0.0	0.12212240386194433	0.0	0.027290588630893554	0.0	0.0	0.0	0.03228706611743094	0.0	0.018805858855351885	0.0	0.020531571593447245	0.0	0.31137145068855804	0.011836853567730454	0.08518613116882226	0.0
ENSMUSG00000114610	0.0132206823866195	0.03460604664903164	0.01699192684417396	0.0	0.0	0.0	-0.050189614669365494	0.0	0.009924893101840748	0.0	0.0	0.02527045884973618	0.01106589147771249	0.0	0.0	0.0	0.0	0.011581945287182134	-0.09090120395822414	0.0	0.0	-0.06912402522968607
ENSMUSG00000054054	-0.08762504884897851	-0.010867429524336614	-0.03871856567683955	0.0	0.0	0.0	-0.11984993376278932	-0.01235138505746661	-0.08044911345971341	0.0	0.0	0.0	0.0	0.0	-0.05472496726407475	0.0	-0.04695628123583302	0.0	0.0	-0.03307849818983756	0.0	-0.0738395984924296
ENSMUSG00000032482	0.04497433448866867	0.0	0.023982103276784447	0.0	0.0	0.0	0.15782214311641946	0.0	0.028415769129882675	0.0	0.0	0.0	0.04458275160447212	0.01344374674970883	0.021510237108860252	0.0	0.03695556584787453	0.0	0.7191956449376645	0.0	0.08549119562000455	0.0
ENSMUSG00000025782	0.02522232172348459	0.0	0.014983740333297722	0.0	0.0	0.0	0.01558276462537745	0.11083139577329912	0.018590785182139524	0.0	0.0	0.0	0.022369045069589113	0.0	0.012768189078350822	0.013331958125919918	0.012587378444028982	0.0	0.0	0.0	0.0	0.2991536148836481
ENSMUSG00000067878	-0.05235968975305368	0.0	0.0	-0.03420042926790279	0.06901966334853707	0.0	0.0	0.0	-0.06621974356397457	0.0	0.0	0.112141912153788	-0.0584146497056841	0.0	0.0	0.0	0.0	0.0	0.11857486632509559	-0.031142412494572155	-0.04392056942495474	-0.06392210994226068
ENSMUSG00000037321	0.019916546730586772	0.016583743293830867	0.023071365508300412	0.0	0.0	0.0	0.08601240628206712	0.012036766706031838	0.0	0.0	0.008606106370428246	0.0	0.0	0.0	0.011748618522008631	0.0	0.028596819982814294	0.0	0.0	0.0	0.0346302411597005	0.0703061107268237
ENSMUSG00000060969	0.021444384736580863	0.0	0.0	0.0	0.0	0.0	0.13152245120103376	-0.04600076723148371	0.0	0.0	0.0	0.0	0.026544270589761984	0.0	0.02263342705284771	-0.040274423548022235	0.03184310767611301	0.0	0.06668011729682452	-0.02729807639939674	0.0	-0.08519403035911134
ENSMUSG00000113885	0.01474915809491362	0.0	0.03355608586952545	0.0	-0.016317127943314608	0.0	-0.016618158099149564	0.0	0.0	0.0	0.0	0.012424576028566907	0.0	0.0	0.0	0.0	0.0539213006792703	0.01269151851365706	-0.033267310044497456	-0.029470528784510237	0.0	-0.08383758290517916
ENSMUSG00000111284	-0.021317431017151094	0.0	-0.016828550947258398	0.0	0.0	0.0	-0.06962137423641308	-0.012363462606127648	0.0	-0.013625703072029982	0.0	0.0	0.0	0.0	-0.013058722753639937	0.0	0.0	0.0	-0.15832023452395172	-0.036096783237040415	-0.0181441672330865	-0.08560623794158467
ENSMUSG00000056204	0.03895534522320679	0.0	0.0	0.0	0.0	0.0	0.1391511106473457	0.024692090185272877	0.030820726098597196	0.0	0.0	0.0	0.05016201766448578	0.0	0.01897423348960894	0.0	0.0	0.015203186172225713	0.846748445309326	0.0	0.11269544829705647	0.16820936077807788
ENSMUSG00000027506	0.03750861656565358	0.0	0.0	0.0	0.0	0.0	0.14153019952176193	0.03132434977107093	0.03247345581475652	0.0	0.0	0.0	0.042855804074602766	0.0	0.02339497240785962	0.0	0.01832623851652737	0.0	0.22077303269149323	0.0	0.07329986447112867	0.15904226009321512
ENSMUSG00000095040	0.06446167335347763	0.018428999242934313	0.03645432439725073	0.0	0.0	0.0	0.0	0.0	0.07604356529312573	0.0	0.0	0.0	0.028649696826682725	0.0	0.032740370061180316	0.0	0.08581718676282185	0.0	-0.0974050949739116	0.0	0.047380231998322156	-0.09808948059181276
ENSMUSG00000036103	0.0	0.0	0.0	0.0	-0.008984205331885596	0.0	-0.02317346739836334	-0.004505561230621103	0.0	0.0	0.0	-0.026146921707796575	0.0	0.0	0.0	-0.011986788018624586	0.03908340823805412	0.0	-0.23207818309950973	-0.012635721467213637	-0.010265318890018093	-0.010224409356579763
ENSMUSG00000054770	0.0424691154225913	0.01480707650524131	0.01311301439349069	0.0	0.0	0.0	0.0	0.017909611884456646	0.0	0.0	0.003487356557208998	0.0	0.02986704242621396	0.0	0.0	0.0	0.01823909791175491	0.0	0.09039695146597011	0.0	0.0049299512523379736	0.14343163640772344
ENSMUSG00000100607	-0.3034567594833764	-0.1605892586276969	0.0	0.0	0.0	0.0	-0.30537544783025666	0.0	-0.24682656560637944	0.0	-0.16712471184550545	0.0	-0.21726927909861712	0.0	0.0	0.0	-0.2944522534028961	0.0	-0.9600774690435911	0.0	-0.3957604480515883	-0.28176316183232797
ENSMUSG00000018740	0.037958539328190724	0.0	0.0	0.0	0.0	0.0	0.15854032658808598	0.0	0.04627734044027264	0.0	0.0	0.0	0.044944919917911344	0.0	0.01675418871887534	0.0	0.016086154915735652	0.0	0.5298266581055744	0.006164248111169002	0.15994871020310236	0.057799212954986995
ENSMUSG00000092188	0.031174569196167554	0.0	0.035012952068785845	0.0	0.0	0.0	-0.05522902296960678	0.0	0.015601287584231072	0.0	0.037165102896600855	0.018118731832518366	0.0	0.0	0.0	0.0	-0.028344593680182592	0.0	-0.15858580986625434	-0.045098169233504286	0.0	-0.14215016052261895
ENSMUSG00000025860	0.0	0.0	0.0	0.0	0.027483426424926054	0.0	0.10510551577070819	0.06457406448481907	-0.05215111956007812	0.009564194095381251	0.0	0.011113906487167164	0.0	0.0	0.0	0.015107702960248565	0.024028109556394523	0.0	0.22303098064292817	0.0	0.0	0.13825938346123517
ENSMUSG00000101727	-0.3316645361988576	0.0	-0.17862607742666475	0.0	0.0	0.0	-0.2939946863956478	0.0	-0.24011300978252426	0.0	0.0	0.0	-0.20700554692341816	0.0	0.0	0.0	-0.2879596580990228	-0.1503362007226614	-0.9696311666224863	0.0	-0.41496222818585016	-0.25840224446510196
ENSMUSG00000094349	-0.3087610855022595	-0.1685738800883243	-0.16133802177388779	0.0	0.0	0.0	-0.285573092011055	0.0	-0.2646388320319295	0.0	0.0	0.0	-0.19450082243804728	0.0	0.0	0.0	-0.31634803806307094	0.0	-0.9686641320736625	0.0	-0.3908651646451342	-0.27343228619486376
ENSMUSG00000021591	0.03118018719158901	0.01572267031624724	0.011441710389745174	0.0	0.0	0.0	0.09623755877534523	0.0	0.012903909348788364	0.0	0.0	0.0	0.025649872477870823	0.0	0.012926363429302217	0.0	0.02234537254920378	0.0	0.229828866484849	0.0	0.05201612391704845	0.0
ENSMUSG00000057594	-0.1109828338646067	0.0	-0.05851788295062551	0.0	0.44214075801007524	0.0	0.0	0.0	-0.060023567255752364	0.0	0.0	0.0	-0.34769655698361324	0.0	-0.34773902367802284	0.0	-0.2820853584651925	0.0	-0.8871558935344868	0.0	-0.06373052761226826	0.16941037659740132
ENSMUSG00000039153	0.019713064527078012	0.021373050752494103	0.01707635626474825	0.0	0.0	0.0	0.03503922209543411	0.0	0.016259957899453108	0.0	0.01164776519591841	0.020198373099688607	0.0	0.0	0.0	0.0	0.03220092704632907	0.0	-0.16520540964827457	0.0	0.0	-0.09638118499574029
ENSMUSG00000024991	0.0	0.0	0.0	0.010267936964508978	0.0	0.0	0.1977362636198994	0.1268091095950278	0.0	0.0	0.0	0.0	0.017309561981788242	0.0	0.007745670582571685	0.01602170091639238	0.0	0.0062178806412571674	0.4876273119975287	0.0	0.09195338888232808	0.3995494261442284
ENSMUSG00000114407	0.020985362963923507	0.0	0.008725736865039198	0.0	0.0	0.0	0.05752691627201406	0.0	0.010435978483528056	0.012299418170665953	0.0	0.011772784033970059	0.0	0.0	0.0	0.0	0.018155477400263985	0.016090479756023526	0.0	-0.05485919074474392	0.0	-0.06340403994245648
ENSMUSG00000109228	0.0	-0.00445194822454051	0.0	-0.004630380180753346	0.0	0.0	-0.01805787862709484	-0.009855084525945376	-0.007649905197796212	0.0	0.0	0.02555544090964771	0.0	0.0	-0.004386246038575468	0.0	0.0	0.0	-0.009542317418668997	-0.04176131908044103	0.0	-0.07632536795593542
ENSMUSG00000121164	0.09370394105440182	0.0	0.012414570663584026	0.0	0.0	0.0	0.08666064827378578	0.0	0.04737278581191687	0.010291503049463623	0.0	0.014647304491194293	0.012303717437943895	0.0	0.01787214482033807	0.0	0.0	0.0	0.2839336356282511	0.0	0.0168749956963054	0.0
ENSMUSG00000018845	0.032970872914485944	0.0	0.018326857886739854	0.0	0.0	0.0	0.1607422397441342	0.0	0.015247868308936227	0.0	0.0	0.004084537943448818	0.0065830650715631624	0.0	0.02486196953160082	0.024965325192849865	0.023292022212599635	0.0	0.0	0.0	0.014845445710929302	0.0
ENSMUSG00000050215	0.02198574472728946	0.015421971370097336	0.03389962418727178	0.0	0.0	0.0	0.0	0.0	0.015161405866046584	0.0	0.0	0.03320087514919608	0.018052509494423538	0.0	0.02303171581725005	0.0	0.06270417174027955	0.0	0.06910435102216171	0.0	0.0	-0.1008156475132071
ENSMUSG00000060441	-0.06435992079346999	-0.019593831657875094	0.0	0.0	0.0	0.0	-0.0535259131611509	-0.06303761690925111	-0.08055347307787297	-0.015750566933332353	0.0	0.11724928251979055	0.0	0.0	0.0	0.0	0.0	0.0	-0.4640099490664384	0.0	-0.10932472414019996	-0.1632188722199584
ENSMUSG00000028381	0.031707607046646276	0.0	0.011638712287463744	0.0	0.0	0.0	0.07892848148231454	0.04045830030924323	0.01953289012312883	0.0	0.0	0.0	0.02446189464654393	0.0	0.0	0.0	0.021862323944959173	0.0	0.011194077253977586	0.0	0.02588932862436373	0.0805990417920398
ENSMUSG00000121058	0.03566312042708865	0.0	0.029614180428839176	0.0	0.02580305746475014	0.0	-0.0523753782699446	0.0	-0.06446415240700933	0.020985137064509926	0.0	0.0	0.0	0.0	0.0	0.0	0.0872844835220743	0.012718636281469659	0.12335547991197543	0.0	0.0	-0.06435169468239019
ENSMUSG00000095218	0.025943346297552176	0.021334735097704897	0.02513996830063547	0.0	0.0	0.0	0.0	0.0	0.01528709520517067	0.0	0.0	0.0	0.026366938462332384	0.0	0.022196402763730444	0.0	0.030553004973450204	0.0	-0.06823049855139388	-0.048184454550103076	0.0	-0.0495505045874147
ENSMUSG00000114917	0.03307745049812933	0.0	0.034926970523522005	0.0	0.0	0.0	0.0	0.0	0.04089032127728954	0.0	0.015211985560345392	0.0	0.026630623078231417	0.0	0.03578868127671251	0.0	0.05431310980042826	0.0	0.023351355290602418	0.0	0.05058184517551222	-0.10128992263526863
ENSMUSG00000026563	0.02136725365649869	0.01414035229268853	0.013265015802324358	0.0	0.0	0.0	0.01646229682242915	0.009606894057650263	0.014802234323961445	0.002974098941664116	0.0	0.0	0.0	0.0	0.0	0.0	0.018095798647432968	0.004881047855974713	0.0	0.0	0.0	0.10723826372188823
ENSMUSG00000106718	0.0638990344521606	0.0	0.05825824583619789	0.0	0.0	0.0	0.0	-0.02598520361576432	0.043631109539127175	0.029564965400963587	0.0	0.0	0.0	0.0	0.0	-0.019257552159704892	0.06362071964722253	0.0	-0.12480591168675688	-0.02838305167089965	0.0	-0.048654445081402146
ENSMUSG00000054932	0.028394538052404352	0.0	0.0	0.0	0.0	0.0	0.03787108507458257	0.0	0.016694583182036392	0.013259352783887624	0.0	0.0	0.01935725415947075	0.0	0.0	0.0	0.020694320945036097	0.0	-0.06956729311599706	-0.043417539167968616	0.02794999102217215	-0.07578397146877816
ENSMUSG00000101693	0.035135839808095815	0.0	0.028443320541427827	0.0	0.0	0.0	0.03622101575960806	0.0	0.03105728976890744	0.0061101011438231545	0.0	0.0	0.022527320690723038	0.0	0.026999897857956895	0.0	0.0529578534109447	0.0	0.023649049199464502	0.0	0.012143004976168017	0.0
ENSMUSG00000110304	0.07000418087788747	0.0	0.029247541626408767	0.0	0.0	0.0	-0.057447027622330296	0.0	0.02639823295310308	0.0	0.0	0.015154100985748167	0.0	0.0	0.056480067009641984	0.0	0.04230545016228679	0.0	-0.08512640156204163	-0.048740561112775665	0.0	-0.10493345373273923
ENSMUSG00000030689	0.04071192407771364	0.0	0.0	0.0	0.0	0.0	0.13082460554300154	0.06615877403068171	0.03578483854853547	0.0	0.01592821691142766	0.0	0.02781414619369441	0.0	0.014537111942329428	0.0	0.0	0.0	0.40272592533811435	0.0	0.10139720877811573	0.24926058647925045
ENSMUSG00000090210	0.03848739662262793	0.020453732544251903	0.03166344484094165	0.0	0.0	0.0	0.07204726419631195	0.0	0.033488002518911264	0.0	0.0	0.0	0.0	0.0	0.017259503731980035	-0.043020781955064286	0.053920897046547664	0.0	0.0	0.0	0.027387375565313767	-0.04719559711675086
ENSMUSG00000066842	0.0	0.01805687928600831	0.0	0.0	0.0	0.0	-0.07954360866225293	0.0	0.008354529418588538	0.009497598255673922	0.0	-0.03566018776922631	0.00935682819289041	0.0	0.0	-0.013574413514190503	0.01092027874684635	0.0	-0.0951703588572131	0.0	0.0	0.0646185345975466
ENSMUSG00000086340	0.0	0.0	0.0	0.005088636632615495	0.0	0.0	0.19105988797824588	0.020439129943959584	0.05040952501509151	0.0	0.0	0.0	0.03558663049165527	0.0	0.007511784745107238	0.0	0.0	0.009193060492522035	0.6900492700879235	0.0	0.11794154316161952	0.17022305928130702
ENSMUSG00000085944	0.03761529862256023	0.0	0.023771687477099148	0.0	0.0	0.0	0.08945293612781688	0.01639401838629391	0.028514660882400164	0.0	0.012976302683043506	0.0	0.0	0.0	0.0	0.0	0.031768916105533763	0.0	0.08704651192966677	0.0	0.03276634260381345	0.20061160685321958
ENSMUSG00000087127	0.04311206363562588	0.0	0.021619392035156813	0.0	0.0	0.0	0.1497173784896046	0.0	0.04074104326827029	0.0	0.0	0.0	0.03484715392996214	0.008178158542756275	0.025056580692160515	0.0	0.037923106085318105	0.0	0.3489140684500455	0.0	0.0810946234459284	0.0
ENSMUSG00000027298	0.04369257423287821	0.0	0.026885026900413944	0.0	0.0	0.0	0.1790214525480885	0.0	0.04251813748477434	0.0	0.0	0.03858543668438118	0.032134980118883695	0.0	0.029711908230785136	0.0	0.040857566374563156	0.0	0.33889181935095025	0.0	0.09138522599817037	0.0
ENSMUSG00000025024	0.03583416591897144	0.0	0.0	0.01844296821054238	0.0	0.0	0.17213804216643674	0.14023640891258354	0.018912533289066294	0.0	0.021126062718390425	0.0	0.0	0.0	0.0	0.0	0.0	0.0	0.4993968709529844	-0.11605944960681769	0.13089215988593525	0.45211448649706665
ENSMUSG00000030335	0.044055003952921015	0.0	0.0	0.0	0.0	0.0	0.2276636966581695	0.07035819731240558	0.025085763361614173	0.0	0.0	0.0	0.04676490323457123	0.0	0.0	0.0	0.0	0.012398743272793684	0.6111379361441397	-0.07804291411954023	0.16542706876649693	0.3064535629546664
ENSMUSG00000112323	0.0	0.0	-0.00650122286844092	0.0	0.0	0.0	-0.03649975361281352	-0.0629327593663829	-0.0018920593803813945	0.0	0.0	-0.006274262196979268	0.0	0.0	0.0	-0.048089604006507476	0.0	0.0	-0.43757733941211807	-0.027852171593303575	-0.04726080684010943	-0.05732790491836781
ENSMUSG00000118086	0.0	0.12239971011677583	0.0	0.0	0.0	0.15152796764167256	0.0	-0.21623061858525316	0.0	0.04524777650619464	0.0	0.08047484807398557	0.0	0.04143276770691642	0.0425134244163209	0.0	0.0	0.0	-0.16104688693650485	0.2086945070086754	0.0	-0.28940036413056547
ENSMUSG00000023902	0.03446271996760039	0.0	0.0	0.0	0.0	0.0	0.2824239975619115	0.030545418340779402	0.03439435456158406	0.0	0.0	0.0	0.06276187187608874	0.0	0.0120025629468139	0.0	0.0	0.0	0.7731089117061076	-0.0927294248264035	0.19269377013431244	0.24543100455783448
ENSMUSG00000068180	0.010143147792100963	0.0	0.0	0.0	0.0	0.0	-0.08848773396288638	0.0	0.0	0.0	0.010667505860512906	0.02727496218386071	0.00673822247896233	0.0	0.0	0.0	0.0	0.0127420629942694	-0.025584293655235867	-0.02187677043598978	-0.009227376054559717	-0.13217604276431313
ENSMUSG00000111363	-0.05719233129305365	0.0	0.0705659245281161	0.0	-0.026594188159939445	0.0	-0.05288338166831851	-0.05586574881040987	0.0	0.0	0.0	0.0	0.031401498888664336	0.0	-0.02383051648650162	0.0	0.0	0.0	-0.1392886686094101	-0.051179954476000676	0.0	-0.07395417558306877
ENSMUSG00000072591	0.04818879677990626	0.0	0.0	0.0	0.0	0.0	0.1066545443754974	0.04471312770692438	0.033556247932300304	0.0	0.0	0.0	0.044711406253479254	0.0	0.02486502382919185	0.0	0.021481921620336464	0.0	0.0444834803449891	0.0	0.036257832984964454	0.14742521518199272
ENSMUSG00000022456	0.04835076579708115	0.0	0.0293609015908869	0.0	0.0	0.0	0.12161189250231146	0.0	0.039624255023360526	0.012481414074022368	0.0	0.0	0.024633082959565445	0.0	0.02418018458338783	0.0	0.04457448552729261	0.0	0.096939713011772	0.0	0.037361274797949394	0.0
ENSMUSG00000113320	0.03407039366395149	0.0	0.018772000744205482	0.0	0.0	0.0	0.060798608228051165	0.0	0.025070421508307367	0.034340990332604994	0.0	0.022709571063056502	0.0	0.0	0.0	0.0	0.036342940364163155	0.0	-0.05999590985600111	-0.04037527897034103	0.0	-0.08997741737926411
ENSMUSG00000120476	0.055812034222372624	0.0	0.03341272599729281	0.0	0.0	0.0	0.1317791005142136	0.0	0.019228906639818376	0.0	0.0	0.0	0.016653290644343868	0.0	0.032967903687839015	0.0	0.049173254558346646	0.0	0.07938112181635228	-0.06961669763806666	0.026467798903724388	0.0
ENSMUSG00000115727	0.0	0.0	0.0	0.0	0.0	0.0	-0.042921589674697475	-0.046046325495756456	0.0	0.013875074177478602	0.0	0.034077077982339055	0.0	0.0	0.0	-0.02513143761802755	0.02747290898132848	0.0	-0.08933798339951596	-0.01826427365157252	-0.0158528126104211	-0.05924001428060245
ENSMUSG00000118107	0.03428370008860453	0.020074042128287645	0.020369487508688982	0.0	0.0	0.0	0.0	0.0	0.02875633062901693	0.007678919120987282	0.0	0.0	0.013522001837357307	0.0	0.010802843338295393	0.0	0.028464019523016408	0.0	0.07561025119032924	0.0	0.0	0.0830174707898196
ENSMUSG00000044024	0.028663173840322832	0.0	0.0	0.0	0.0	0.0	0.13037606142377162	0.03806373164587967	0.04181652124737251	0.0	0.0	0.0	0.031675077469413414	0.0	0.0	0.0	0.036797034075368204	0.0	0.0924960458668446	0.020474093178562525	0.08785742418862505	0.12396046507546639
ENSMUSG00000048752	0.030196964176277225	0.017230736417795874	0.0326370381013269	0.0	0.0	0.0	0.05655209927235836	0.0	0.02284033320418008	0.0	0.0	0.0	0.0	0.0	0.013526243981018033	0.0	0.043357750492934374	0.0	-0.09118526824629639	0.0	0.022808391408611958	0.06778432943398068
ENSMUSG00000014813	-0.016186045428885965	0.0	0.0	0.0	0.0	0.0	-0.03762948345148998	-0.055198591252009675	-0.03367645030918906	0.0	0.0	0.0	-0.020334133578998295	0.0	0.0	-0.027255121754895535	-0.024118431730734795	0.0	-0.1703898519618677	-0.021006427369198947	0.0	-0.08564098083439178
ENSMUSG00000086526	0.0400197527652179	0.0	0.0	0.0	0.0	0.0	0.24139697601181193	0.05102821760955319	0.03964556548037214	0.0	0.0	0.0	0.022019477333506093	0.0	0.0	0.0	0.0	0.01910630029977156	0.8785343258300042	-0.17872072383894272	0.1664730183993265	0.1858799146465798
ENSMUSG00000032725	0.038778650116742905	0.011341141766968654	0.012593614090854402	0.0	0.0	0.0	0.0	0.0	0.025940860101004333	0.0	0.011991728933743664	0.01717916707735418	0.026388986544618034	0.0	0.0	0.0	0.03799553368442559	0.0	0.3057212120985757	0.0	0.03867370851570491	0.0
ENSMUSG00000021254	0.03875248777636337	0.020449795932305892	0.022687254541329117	0.0	0.0	0.0	0.02215159126949447	0.028789115299658	0.035643033993360725	0.0	0.0	0.0	0.029443094770429862	0.0	0.028158259772731453	0.0	0.024938628350449292	0.0	0.0	0.0	0.0	0.15926113482967458
ENSMUSG00000121906	0.040443456418406624	0.014146351210974517	0.024011421374031585	0.0	0.0	0.0	0.017805704844321903	-0.05211861665216905	0.009932091452037193	0.012717561528719636	0.0	0.013618820287903545	0.012870382097989796	0.0	0.0	0.0	0.04488318804533166	0.0	0.0	0.0	0.0	0.0
ENSMUSG00000120793	0.0	0.0	0.016650524078618223	0.0	0.0	0.0	0.0	-0.05738632165048263	0.06093802609342591	0.0	0.0	0.0	0.032293291339495385	0.0	0.02861001805577578	-0.04235329051267585	0.0	0.011922273838698122	0.16169209793384026	0.0	0.018606942823469818	-0.06077308476063293
ENSMUSG00000086513	0.03953747293914039	0.0	0.0	0.0	-0.007363485708392749	0.0	-0.07738236650805672	-0.05644346844654495	0.0	0.0	0.0	0.023250016767867587	-0.0274101636343082	0.0	0.0	0.0	0.0	-0.011334536229274321	-0.11049909247966039	-0.04700139001435206	0.0	-0.1723503210504326
ENSMUSG00000006307	0.041907976321048854	0.0	0.0	0.0	0.0	0.0	0.09257806509143719	0.08667756740422168	0.031486995618622	0.0	0.0	0.0	0.026326409986449563	0.0	0.030777963193315487	0.0	0.023541132893147965	0.0	0.1402577943074665	0.0	0.03443441586174207	0.2611247532646565
ENSMUSG00000040329	0.0	0.01254580557691033	0.0	0.0	0.0	0.0	0.022298277234375215	0.0	0.0	0.004858943551772487	0.006871723249900985	-0.04415223207258001	0.018603710736086233	0.0	0.0	0.0	0.0	0.007588429170803545	0.1565350074268646	0.0	0.026950150627703756	0.021081462604775603
ENSMUSG00000096436	0.0	-0.019868673098773913	0.0	0.0	0.0	0.0	-0.1049541855458409	0.0	-0.051215874679296766	0.0	0.0	0.0	-0.03199237025049758	0.0	0.0	0.0	-0.03826370852276601	-0.015578041158375688	-0.29308943151823574	-0.035935497914316245	-0.017377808518847356	-0.12771617465273014
ENSMUSG00000103845	0.04603733092578617	0.026813062790999608	0.0	0.0	-0.025524711500637426	0.0	-0.031707630508157045	-0.04043168103430131	0.03361927030589454	0.0	0.0	0.0	0.0	0.0	0.023215142333764763	-0.03239528903083984	0.04205759781009979	0.0	-0.04725103495328924	0.0	0.0	0.0
ENSMUSG00000086298	0.030909434182427458	0.0	0.025324401079387958	0.0	0.0	0.0	0.10266692242552193	0.0	0.0304284557537889	0.0	0.0	0.03983432462452476	0.019278831957981784	0.0	0.013429790418784282	0.0	0.04355948525128185	0.0	0.08358108329954766	0.0	0.05581969552526199	0.0
ENSMUSG00000063087	0.02670175700240649	0.0	0.0	0.0	0.0	0.0	0.04976753586365178	-0.031745161241884916	0.0	0.0	0.0	-0.017245394606217542	0.0	0.0	0.0	-0.028603367117418146	0.025620847262590396	0.0	-0.3302274810640507	-0.025925146649532438	-0.030863484616326254	-0.046060487302472565
ENSMUSG00000001158	0.037414171412919625	0.0	0.0	0.0	0.0	0.0	0.03625491160441644	0.04723848230959516	0.03909207823822684	0.0	0.0	0.0	0.024447941747259835	0.0	0.0	0.0	0.01822124696258279	0.010622080754518442	0.2653208932937918	-0.06768916891876986	0.0	0.16776319282800262
ENSMUSG00000023945	-0.029374892306995724	0.0	0.0	0.0	0.0	0.0	-0.08142135852514766	-0.051731993672923214	-0.011278700325180357	0.0	0.0	0.0	0.0	0.0	-0.016087543383707565	-0.031931662995182	-0.03193520168265238	0.0	-0.16782594272764503	-0.026775916197037182	0.0	-0.061944030460750844
ENSMUSG00000096457	-0.3262199166836286	0.0	-0.19381361499266014	0.0	0.0	0.0	-0.3028176657773917	0.0	-0.21929389744970232	0.0	0.0	0.0	-0.20698538852553447	0.0	0.0	0.0	-0.27777705004050635	-0.16784763545226644	-0.984952072532172	0.0	-0.3942772520244255	-0.2587108613439473
ENSMUSG00000116537	0.02599542779969321	0.0	0.040262144371201306	0.0	0.0	0.0	-0.06243993164357612	0.0	0.023922962604981224	0.0	0.0	0.0	0.024851641407296468	0.0	0.0	0.0	0.06493318187768873	0.0	-0.31811222879775997	-0.042924211579302776	-0.05800384787741862	-0.0967225650427628
ENSMUSG00000118146	-0.32468441929707487	0.0	-0.16847350855660245	0.0	0.0	0.0	-0.2597532684576787	0.0	-0.24057929662871905	0.0	0.0	0.0	-0.26730077709621575	0.0	0.0	0.0	-0.319572510799927	-0.1483109820592201	-0.9845268411305474	0.0	-0.38907403368773374	-0.23041971710851608
ENSMUSG00000110412	0.044752219923618254	0.026922357236974535	0.0	0.0	0.0	0.0	-0.05389330973451354	0.0	0.02414650991818365	0.0	0.0	0.0	0.03130985983618855	0.0	0.02770524788321902	0.0	0.0	0.0	0.0857694516479139	-0.03433354170965438	-0.03988012510455924	-0.1413172298449381
ENSMUSG00000038916	0.0	0.0	0.01129075142229649	0.0	0.0	0.0	0.12693000285598555	0.0	0.006722089137411528	0.0035121865258818663	0.0	0.0	0.014249469805589568	0.0	0.0	0.0	0.014105739896280564	0.0	0.05338092681279639	0.01574773178607254	0.029301995769539787	0.06192110413794102
ENSMUSG00000083111	0.030214939683742288	0.0	-0.0383756033469272	0.0	0.0	0.0	-0.06352489138720468	0.0	-0.018875314538647193	0.0	0.0	0.035761102022654555	0.037505425158979686	0.0	-0.031117312291596824	0.0	0.0	0.016338518590577833	0.19318188959830634	0.0	0.0	-0.04185741018294319
ENSMUSG00000018924	0.026430331106032812	0.0	0.03408037355907508	0.0	0.0	0.0	0.02171983995271392	0.0	0.02200002922157457	0.008570826913563433	0.0	0.0	0.011892201682649085	0.0	0.0	0.0	0.04019885718960961	0.005626602566911332	0.008775303056767578	0.0	0.011844150816623456	0.0
ENSMUSG00000061367	-0.008548478308501526	0.0	0.0	0.0	-0.01131291332719614	0.0	-0.08843414636723967	0.0	0.0	-0.0061481244586492345	0.0	0.0	0.04921466779413493	0.0	-0.012076623139078282	0.0	-0.013400001378231646	0.0	-0.006530482678854759	-0.0334098676744216	0.0	-0.10786844370247148
ENSMUSG00000053465	0.010196344794601549	0.00908798528862053	0.0	0.0	0.0	0.0	-0.06569444686841312	0.030342217265375962	0.0	0.0077181148941504185	0.008613176315777913	-0.04241893687042937	0.0	0.0	0.0	0.0	0.015208838644047165	0.0	-0.15916111552195683	0.0	0.0	0.058757799858518416
ENSMUSG00000070495	0.037148945031927665	0.0	0.02990679599079093	0.0	0.0	0.0	0.02982183219227391	-0.06276282557195657	0.0338232029879807	0.0	0.0	0.034422772155954615	0.021933356495495427	0.0	0.01933885762444057	0.0	0.03919176687391891	0.0	-0.05988241735197447	0.0	0.0	0.0
ENSMUSG00000017716	0.04258405807433435	0.0	0.007069724102173991	0.0	0.0	0.0	0.16503233743256385	0.074119774231358	0.020937326288566944	0.0	0.0	0.0	0.0	0.0	0.0	0.0	0.014107456931738765	0.010219681865553708	0.3816892788284349	0.0	0.10962879046707816	0.28917933856088107
ENSMUSG00000048217	0.027984313818542633	0.0	0.018949292724058608	0.0	0.0	0.0	0.1507767387845796	0.0	0.029583497764965255	0.0	0.0	0.0	0.04756910860758099	0.0	0.018655853028945048	-0.053066915207433785	0.03294266868961359	0.0	0.3032973087795348	0.0	0.09585464906750471	0.0
ENSMUSG00000061808	0.04200000960391183	0.0	0.02999369766974484	0.0	0.0	0.0	-0.04064904685762923	0.0	0.02778865436395833	0.0	0.0	0.0	0.03711333119962802	0.0	0.030792234626776965	0.0	0.039921052145265784	0.0	-0.028499278955331685	-0.06955768719645004	0.0	-0.06430559433914251
ENSMUSG00000111155	0.028756853561357692	0.0	0.04934107915836072	0.0	0.0	0.0	-0.029013850109118906	0.0	0.026870298473577	0.0	0.0	0.011541040342501405	0.042915514139937494	0.0	0.013522865767307757	0.0	0.0	0.0	0.0	-0.04836500934482162	-0.016363517129795314	-0.0832314169230006
ENSMUSG00000033740	0.0	-0.006341785789269018	0.0	-0.007550085080172475	0.0	-0.003503352783330288	-0.06248213969656597	0.0	0.0	0.0	0.0	0.0	0.0	0.0	-0.005221978837709307	0.019417120763258987	0.0	0.020727448215743724	-0.1777099117557689	-0.04819617189239013	0.0	-0.07920308283732419
ENSMUSG00000120791	0.04309623465705017	0.0	0.0	0.0	0.0	0.0	0.1578727244187042	-0.055422327539741634	0.045347176277524305	0.0	0.0	0.0	0.06044859675572557	0.0	0.021482939180995458	0.0	0.0	0.0	1.1178039932541286	-0.34851006297260845	0.13595537943728486	0.025997832094138387
ENSMUSG00000061210	-0.027856124413782112	0.0	-0.030241138111641884	0.0	-0.023568604014463812	0.0	-0.11752127579275017	-0.11100789450935176	-0.02932616380238153	0.0	0.0	0.0	0.0	0.0	0.0	-0.024449108943481127	0.0	0.0	-0.039865506489170366	-0.04644375803104642	0.0	-0.09407622545064695
ENSMUSG00000116557	0.04059191826454549	0.028283736877194213	0.04471143690809997	0.0	0.0	0.0	0.0	0.0	0.029948472741746706	0.021997906677283362	0.0	0.0	0.0	0.0	0.026747731164461993	0.0	0.04901173662222674	0.0	-0.12760236852195694	0.0	0.028100495707023027	-0.09581773302519296
ENSMUSG00000055408	0.0434075341596537	0.023456631169506165	0.03002597617815541	0.0	0.0	0.0	0.06774417912711846	0.0	0.052797284673569485	0.0	0.0	0.011968180674694776	0.015911002146593498	0.0	0.0	0.0	0.04305606525367333	0.0	0.011757315092659235	0.0	0.010742108143256768	0.0
ENSMUSG00000111203	0.055679195315091516	0.0	0.04823328459442349	0.0	0.0	0.0	-0.10505823637730388	0.0	0.020983687697736536	0.02416425945369759	0.0	0.022804719335153965	0.0	0.0	0.036094568879246426	0.0	0.0716390368864012	0.0	0.0	-0.04323758312958115	0.0	-0.058539360322560144
ENSMUSG00000027018	0.021467159936428438	0.0	0.0	0.0093654602194998	0.0	0.0	0.07139481874343044	0.04104226214105536	0.019705981861042624	0.0	0.0	0.0	0.03886436227764916	0.0	0.0	0.0	0.0	0.01034403596771334	0.3717940362924932	0.0	0.05433396624647849	0.22579273382092266
ENSMUSG00000047766	0.008542058189433089	0.016930685804230555	0.01133901089929757	0.0	0.010188488804389032	0.0	-0.07887336828619786	0.0	0.0	0.0	0.0	0.0	0.0	0.0	0.0	0.0	0.017024570450468884	0.010016545427798063	-0.19562490352054487	0.0	-0.020607827449581007	0.13243262067781084
ENSMUSG00000103334	0.021963912683508963	0.0	0.0	0.0	0.0	0.0	-0.05709902464573805	0.0	0.0	0.0	0.0	0.019433705769108384	0.0	0.0	0.01895929218002308	0.01928929414309994	0.032342664998873345	0.016716349565139007	-0.14642135072590878	-0.039483340754939915	0.0	-0.06139804488308818
ENSMUSG00000020453	0.030423210651446864	0.0	0.0	0.0	0.0	0.0	0.25611041400893114	0.05523975671948782	0.031086784256420738	0.0	0.0	0.0	0.04256671734842024	0.0	0.016546810046460702	0.0	0.0	0.012414816814997787	0.4302449123696639	0.0	0.16332362047897284	0.3144860664569616
ENSMUSG00000102346	-0.3308671860579327	-0.18829307489437694	-0.197732494333982	0.0	0.0	0.0	-0.27254937153546616	0.0	-0.23117416963634763	0.0	0.0	0.0	-0.20426446494692707	0.0	0.0	0.0	-0.30582192594409413	0.0	-0.9669194870547922	0.0	-0.3807221058891553	-0.2543510745291612
ENSMUSG00000020102	0.0	0.014362588186343972	0.0	0.0	0.0	0.0	-0.057756829937002735	0.0	0.0	0.007120151875046166	0.0098831411689531	-0.02721596216767768	0.012196282138655474	0.0	0.0	0.0	0.009942818064379104	0.0	-0.1303181900248175	-0.014999577060013852	0.0	0.04348844251931717
ENSMUSG00000110592	0.026801622852365842	0.018871748583084956	0.01796221571570153	0.0	0.0	0.0	-0.036926672518641165	0.0	0.026816699062788944	0.0	0.0	0.02687374487588028	0.0	0.0	0.0	0.0	0.0	0.019311702235730088	-0.0801405894603664	-0.03645203116356566	0.0	-0.11775641170634
ENSMUSG00000059504	0.05693349554348771	0.0	0.021661332364529197	0.0	0.027427847989375007	0.0	0.0	0.0	0.0	0.0	0.0	0.0	0.03505986146137565	0.0	0.025205324807424018	0.018109432141013238	0.04060154582858075	0.0	-0.08810759639326468	-0.0454874560335321	0.0	-0.0871228974855623
ENSMUSG00000024099	0.01687883528994529	0.0	0.0	0.0	0.0	0.0	0.06339035764198099	0.08876020978081343	0.016819516742853785	0.0	0.0	0.0	0.021591671973986627	0.0	0.0	0.0	0.010078530431748705	0.007653066161682931	0.43805010963232355	0.0	0.05671464028862055	0.3077203426174146
ENSMUSG00000032808	-0.08099501395942842	0.0	-0.08200154336504219	0.0	0.0	0.0	-0.16978959605586688	0.0	-0.09805654926789513	0.0	0.0	0.0	-0.032385924853742365	0.0	-0.04768036434531002	0.0	-0.09519325922328332	0.0	-0.564714646136181	0.0	-0.12238504225420066	-0.05907270670497433
ENSMUSG00000099991	-0.30897877752844966	0.0	-0.17542351232304887	0.0	0.0	0.0	-0.2521682693136876	0.0	-0.24701092629834648	0.0	0.0	0.0	-0.23263985001571758	0.0	0.0	0.0	-0.3122675009254079	-0.1882169456612588	-0.9784668258331116	0.0	-0.3666281981182817	-0.27089454880492553
ENSMUSG00000114516	0.02279265316932654	0.0	0.0	0.0	0.0	0.0	0.13751814368930165	0.029190945304274095	0.017710222947600458	0.0	0.0	0.0	0.043804525835904363	0.0	0.0	0.0	0.0181924682457406	0.0	0.3389354137056869	0.01885146997085907	0.06876878287465904	0.10152296773763443
ENSMUSG00000021696	0.024414078121040676	0.0	0.010010453392827818	0.0	0.0	0.0	0.0	0.013710034821344	0.016697051411461394	0.0	0.0	0.0	0.012678930373634786	0.0	0.010221233785839485	0.0	0.0191110034709275	0.007951451233635776	0.07621589188834259	0.0	0.0	0.08104082858171043
ENSMUSG00000111820	0.03408746149160683	0.0	0.02854504099246586	0.0	0.0	0.0	0.0	0.0	0.0	0.017471698631224213	0.014883519902834501	0.01583255786922576	0.01663513899654816	0.0	0.0313537336168311	0.0	0.02490564260998917	0.0	-0.05585114228176101	0.0	0.0	-0.0855443662603271
ENSMUSG00000116158	0.05888934489236943	0.0	0.0	0.0	0.0	0.0	0.2525170948262187	0.0	0.049931278572603086	0.0	0.0	0.05745744730740568	0.09663041155137977	0.006397927787051727	0.08818600964128745	0.0	0.03779593576874038	0.0	0.2543338281912264	0.0	0.09769950102745195	0.0
ENSMUSG00000047407	0.03296065717289796	0.0	0.0	0.0	0.0	0.0	0.3143530769361608	0.014501713616465165	0.03072787198977238	0.0	0.02070044692717286	0.0	0.05535538940781184	0.0	0.0	0.0	0.0	0.0	1.0124002564319023	-0.08474987128523725	0.2533919634769911	0.17492224713987475
ENSMUSG00000020401	0.03598983740589252	0.0	0.0	0.0	0.0	0.0	0.082944236145122	0.0	0.02536907156730366	0.0	0.0	0.028364468619898813	0.02552227837151484	0.0	0.050076216338831636	0.0	0.046554212782474846	0.0	-0.1544038453368172	-0.053058908362416835	0.0	-0.07999353019982298
ENSMUSG00000048939	0.0	0.0	0.015019985212486639	0.0	0.0	0.0	-0.0753572771794478	-0.012531522018802026	0.0	0.0	0.0	0.0	0.0	0.0	0.0	-0.0047301845892807615	0.019517514143817683	-0.006570320669251948	-0.22786816632765983	-0.042049015831412295	-0.02412491844394105	-0.16931532002557387
ENSMUSG00000021708	0.020751802261929655	0.0	0.010483837965712294	0.0	0.0	0.0	-0.07169687670068879	-0.017584153243790656	0.0	0.0	0.0	-0.02957352909063573	0.0	0.0	0.0	-0.020322375319718013	0.012363792907931302	0.010266693641064056	-0.11730516431101215	-0.01057665971601693	0.0	0.0
ENSMUSG00000022123	0.019742924619632923	0.026815629311950587	0.0	0.0	0.0	0.0	-0.043808255116309085	0.0	0.0	0.028145990189687782	0.0	0.018036964235203446	0.0	0.0	0.0	0.0	0.01742596230176792	0.017097405925130517	-0.043306791339058646	-0.04228817289242657	0.0	-0.07208170840791199
ENSMUSG00000109432	0.05119341139392381	0.01912781006638935	0.04726986580811058	0.0	0.0	0.0	-0.09655573073447696	0.0	0.0459595620870265	0.0	0.0	0.0	0.0	0.0	0.02832061439126915	0.0	0.041938796008102776	0.0	-0.1809327253150625	-0.031155064927021497	0.0	-0.09523774308589404
ENSMUSG00000036117	0.045685001160064555	0.0	0.02579666828022438	0.0	0.018896926489642668	0.0	-0.034680917550300366	0.0	0.0	0.0	0.021501459743467677	0.0	0.0329874256540637	0.0	0.0	0.0	0.0	0.0	-0.19198898888823318	-0.03382338077669	0.03110624971262722	-0.04708981394022345
ENSMUSG00000116455	-0.34020813132377786	-0.19175536881553568	-0.18413675775786142	0.0	0.0	0.0	-0.2684428186198251	0.0	-0.22055895312141574	0.0	0.0	0.0	-0.23847675639355878	0.0	0.0	0.0	-0.31122584957795163	0.0	-0.9674873101384321	0.0	-0.3695473121211836	-0.24085609695269378
ENSMUSG00000090015	0.0	0.11634744992833464	0.0	0.0	0.0	0.14072319599411862	-0.10904973623458375	-0.23933102196712663	0.0	0.035961718304310206	0.0	0.06489424030164996	0.04223450033136818	0.0	0.0	0.0	0.0	0.0	0.04147705934143348	0.2110754343102784	0.0	-0.32427404837727686
ENSMUSG00000110541	0.02252999690091562	0.0	0.0	0.0	0.0	0.0	-0.09051959580768892	-0.01634201925443573	0.027307036297531822	0.0	0.0	0.022502900825980405	0.0	0.0	0.0	0.0	-0.008588548998171047	0.0	-0.007938940017772863	-0.03166088489760465	-0.017955811281046587	-0.12820871761101596
ENSMUSG00000062542	0.027365118075728424	0.0	0.013032734294091797	0.0	0.0	0.0	0.013267694870728234	0.060485323986663335	0.024088993682918076	0.0	0.0	0.0	0.018236565384911252	0.0	0.018948897196049638	0.0	0.01946797371762257	0.0	0.05996291664313309	0.0	0.0	0.12595846379442405
ENSMUSG00000118154	0.0	0.02086582217785377	0.0	0.0	0.0	0.0	-0.08050792809896877	-0.03743728645354592	0.0	0.0	0.0	0.0	0.0	0.0	0.0	-0.02359963638750754	-0.010153007540371859	0.020163402240182093	-0.28361779387810965	-0.02675845009775614	-0.03394735143007155	-0.09832959878075884
ENSMUSG00000036815	-0.014496192819934195	0.0	-0.020425164090900366	0.0	0.0	0.0	-0.06271396563181038	0.0	-0.022539150966376358	0.0	0.0	0.0	0.0	0.0	-0.017011674921414303	0.0	-0.013589882284889622	0.0	-0.18295105815509138	-0.03061054364014543	-0.01565729805608966	-0.048858332695220004
ENSMUSG00000042029	0.0	0.0	0.0	0.0	0.0	0.0	-0.05947894931936244	0.0971034790435251	0.008958844953397715	0.0	0.009540851748155952	0.0	0.01576837739416436	0.0	0.0	0.015394573740968118	0.01170670643112717	0.009843725822580807	0.11669954744465769	0.0	0.0	0.22748670378845365
ENSMUSG00000101119	-0.29280839394411	-0.19351396799277065	-0.1879304632526666	0.0	0.0	0.0	-0.29280774326982933	0.0	-0.21372771690158895	0.0	0.0	0.0	-0.23037188782727028	0.0	0.0	0.0	-0.32736488454253665	0.0	-0.9559587442656472	0.0	-0.39324145665180404	-0.24497009617401183
ENSMUSG00000111465	0.04025513199442883	0.0	0.0	0.0	0.0	0.0	-0.05323682244583525	0.0	0.015335372282365645	0.0	0.015793893685102405	0.0	0.028083049406457887	0.0	0.0	0.0	0.0400022905069586	0.01629778562716646	-0.09461755222224377	-0.04721055480735474	0.0	-0.07699440490015437
ENSMUSG00000116814	0.05577820026075011	0.0	0.0	0.0	-0.03203762536078362	0.0	-0.06240781824312216	0.0	0.0429688654766692	0.02516989157895084	0.0	0.0	0.042414829223618764	0.0	0.0	0.0	0.02764405879573027	0.0	0.0	-0.04446178786863147	-0.025969383608913946	-0.08653015801065414
ENSMUSG00000075551	0.037691088443100686	0.0	0.020754917953192033	0.0	0.0	0.0	0.0	0.0	0.0274479935717288	0.0	0.0	0.026722900205266343	0.020519044777129514	0.0	0.010550820724718078	0.0	0.037195224752230534	0.0	0.006792322759087734	0.0	0.0069646281848464294	-0.14614018895905762
ENSMUSG00000078302	0.023530034569418382	0.0	0.01484734031429079	0.0	-0.05090388316230027	0.0	0.14019825412048198	0.0	0.0	0.0	0.0	0.0	0.02579972094056365	0.0	0.01866011484999635	0.0	0.02962679326458383	0.0	0.019012393195504258	0.0	0.06118954250968002	0.027531631919753333
ENSMUSG00000121730	0.0392952965537875	0.016195829079438673	0.018814757808460737	0.0	0.0	0.0	0.06670361724625715	0.01593265738877655	0.03183563872273353	0.0	0.0	0.0	0.03693273660026719	0.0	0.0	0.0	0.031057124350930214	0.0	0.19120761015883952	0.0	0.05591427311750141	0.0
ENSMUSG00000073510	-0.21923420097861154	-0.02836693778260524	-0.13418837917374896	0.0	0.0	0.0	-0.20135895954112945	0.0	-0.08119891654779739	0.0	-0.04162535176758288	0.0	0.0	0.0	-0.03019907883656459	0.0	0.0	0.0	-0.6138523671039742	0.0	-0.17833641076472279	-0.27270483231970033
ENSMUSG00000046897	0.027243309242769635	0.0	0.0	0.0	0.0	0.0	0.20833244798720438	0.046858217679537954	0.03926467968807665	0.0	0.0	0.0	0.032432037904308014	0.0	0.02182786016293861	0.0	0.0	0.0	0.6421187689474708	0.011405629349774404	0.16383682034366637	0.27602115927240795
ENSMUSG00000096773	0.0	0.0	-0.016264512156772045	0.0	0.0	0.0	-0.09299426856422659	-0.03209237033855448	0.0	0.0	0.0	0.0	0.0	0.0	-0.020298546795210676	-0.007739308940918899	-0.044689648419474544	0.0	-0.12383493364334769	-0.03862081469396573	-0.011201636563869069	-0.15891608798699317
ENSMUSG00000118087	0.046129905962796175	0.0	0.0	0.0	0.0	0.0	0.20475392663680983	0.0	0.02201455937446481	0.0	0.0	0.0	0.09328404563771879	0.0	0.0049986713702805385	0.0	0.018963926999318256	0.0	0.367553047711587	0.014996408505655432	0.24650803424775405	0.10641617989623539
ENSMUSG00000047692	0.03214405368524102	0.0	0.02068795087471177	0.0	0.0	0.0	0.0364728453769166	0.0	0.02369802780366188	0.0	0.0	0.0	0.022881205026058154	0.0	0.021106527741799892	0.0	0.038237183526804025	0.0	0.04188497558516418	0.0	0.028941079900077243	-0.08667568749696711
ENSMUSG00000103739	0.04210827641795978	0.0	0.038420990151881586	0.0	0.0	0.0	0.016372478259148296	0.0	0.023967551453262754	0.0	0.0	0.01121192150375001	0.035168880039467075	0.0	-0.017975291037802293	0.0	0.0	0.0	-0.07268730886747268	-0.02890998216854445	0.0	-0.04175993413675557
ENSMUSG00000084904	-0.019308777400111422	0.0	0.0	0.0	0.0	0.0	-0.10194573115431028	0.0	-0.04103617478572564	0.0	0.0	0.0	-0.026677582589393248	0.0	-0.034521037408392435	0.0	0.0	-0.020347839699148322	-0.050297355595893226	-0.015209951322989523	-0.04605606555118632	-0.16826752512898888
ENSMUSG00000046204	0.0	0.0	0.0	-0.04622017462333427	0.04497084821518216	0.0	0.08407123382505755	0.12509737387449146	-0.03010484666284252	0.0	0.0	0.0	0.0	0.0	0.0	0.01588027535127689	0.01900897330547694	0.0	0.13321875071243494	0.0	0.01895646053626118	0.18593556538298756
ENSMUSG00000120584	0.009186433652535572	0.0	0.01051711416703484	0.0	0.0	0.0	0.005466804782216728	0.023393574160729697	0.017261871023275442	0.0	0.0	0.0	0.022635503774767127	0.0	0.01923731264277471	0.0	0.034169160483816574	0.0	0.0	0.0	0.03664287540060392	0.08566218227911211
ENSMUSG00000103563	-0.03469546818096494	0.0	-0.05520047517486946	0.0	0.0	0.0	-0.16372131512155402	-0.07157598359296553	-0.03017965951079503	0.0	0.0	0.0	-0.02379676173555756	0.0	-0.03407940903441793	0.0	-0.07887677488855964	0.0	-0.3251543005234464	0.0	0.0	-0.12043936601372525
ENSMUSG00000034645	0.027275191518453097	0.0	0.0	0.0	0.0	0.0	0.061887296696919544	0.024447714104971218	0.03105786260585833	0.0	0.0	0.0	0.04313068761064137	0.0	0.021006500131752377	0.0	0.015777267675021855	0.0	0.3589136015190312	0.0	0.04951218172923943	0.1433708745715633
ENSMUSG00000028245	0.0	0.011441368351543992	0.01064859640602876	0.00813105613399305	0.0	0.0	0.0	0.0159367284982637	0.0	0.0	0.010534045856724465	0.0	0.0	0.0	0.01622708507650238	0.0	0.0130773231105152	0.0	-0.07181202139096396	0.0	0.010328903092639246	0.046296907711642306
ENSMUSG00000115936	-0.025162754977521202	0.0	0.0	0.0	0.057757322984909966	0.0	-0.07953243829592715	0.0	0.0	0.03520643277539922	0.0	0.0	0.0	0.0	0.0	0.0	0.05680791748348025	0.045130335487904065	-0.34946528522418685	-0.021628741713200117	-0.025769921166864093	-0.0782038794581052
ENSMUSG00000105556	0.06427692281280965	0.0	0.0	0.0	0.03420658401486457	0.0	-0.07720573208800352	0.0	0.0	0.021867356152194976	0.0	0.0	0.0207714385842163	0.0	0.0	0.0	0.07125734172674496	0.015281788433191557	-0.0535411375853097	0.0	0.026924976019811128	-0.06754798499337566
ENSMUSG00000121887	-0.09293079466039685	0.0	0.0	0.0	0.0	0.0	-0.19720188175730236	-0.03714009474913915	-0.06709907875267644	0.0	0.0	0.0	-0.043014162726424506	0.0	-0.056365838169877905	0.0	-0.06800547092154055	0.0	-0.45258925175862796	0.0	-0.07423372201895048	-0.17947084181614947
ENSMUSG00000107110	0.054895032282503774	0.0	0.0	-0.0037016490269402014	0.0	-0.005816120111851021	-0.06877000965260371	-0.05611055783853275	0.0	-0.007891792013682267	0.0	0.0	0.0	-0.003060080742605981	0.0	-0.010180702212098448	0.0	0.0	0.0	-0.020886836567815006	0.0	-0.04212152819413358
ENSMUSG00000110794	0.0	0.020849424058269582	0.0	0.0	0.0	0.0	-0.060140961349630095	-0.03222688232144706	0.017537364125898458	0.0	0.0	0.0	0.0	0.0	0.0	-0.016265690547877083	0.0	0.018587369640249457	-0.1477900331227173	-0.009447088422670955	-0.02044500466535126	-0.04131104964470879
ENSMUSG00000120091	0.05672637705075744	0.0	0.01990104624145977	0.0	0.0	0.0	0.1291767433228193	0.0	0.0	0.0	0.0	0.0	0.07630742939378543	0.0	0.03909486373500019	-0.05042151569259268	0.04542097386581505	0.0	0.1909163693656162	0.0	0.12366186560619646	-0.05755345895544684
ENSMUSG00000106464	0.025724478755292712	0.013282979073025272	0.0	0.0	0.0	0.0	-0.07789821692038026	0.0	0.0	0.0	0.013091263788089539	0.021358032832310782	0.0	0.0	0.0	0.0	0.02009028926508401	0.009572117911466338	-0.08349096135124195	-0.04699667634675417	0.0	-0.056113587862147804
ENSMUSG00000110814	-0.2869853064858549	-0.1534264634646414	-0.1816381907357945	0.0	0.0	0.0	-0.29561248456903505	0.0	-0.22818765093317148	0.0	0.0	0.0	-0.2176643019857843	0.0	0.0	0.0	-0.3144762995464159	0.0	-0.9831471291345687	0.0	-0.41649043155493803	-0.2550670964120309
ENSMUSG00000033400	0.04202511395506252	0.0	0.0	0.0	0.0	0.0	0.034964622145883764	0.03237883904272844	0.035805353366561724	0.0	0.0	0.0	0.036569774870887924	0.0	0.032760015919228766	0.0	0.02526081484741205	0.0	0.1415658582156571	0.0	0.04469195632209666	0.18985224993386554
ENSMUSG00000095948	-0.2917000225291566	0.0	-0.16851702575574481	0.0	0.0	0.0	-0.2775242236152364	0.0	-0.2576290163212876	0.0	0.0	0.0	-0.24651665862529612	0.0	0.0	0.0	-0.3309037561308177	-0.16441915014442188	-0.9834708628232247	0.0	-0.3742171834223393	-0.23779745545470987
ENSMUSG00000115822	-0.09967572238817043	0.0	-0.03277026229044051	0.0	0.0	0.0	-0.16268726416274787	-0.04487550856563027	-0.07846578496358889	0.0	0.0	0.0	-0.05858447369969469	0.0	-0.03277061752581199	0.0	-0.030003631469704972	0.0	-0.0645154475065464	0.0	0.0	-0.07819610475905457
ENSMUSG00000120576	0.015011147319825113	0.026760704561230888	0.0	0.0	0.0	0.0	0.0	-0.051776668086457436	0.0	0.02300468788239954	0.0	0.0	0.03612361789570986	0.0	0.025247412855513185	-0.0367722730426675	0.07272556145315669	0.0	0.022310595683229423	0.0	0.0	-0.03341306255112635
ENSMUSG00000024687	0.02991296400084173	0.01656224522576919	0.019333151772506784	0.0	0.0	0.0	0.0	0.029121998285652036	0.022335051058438773	0.0	0.008209107323933318	0.0	0.0	0.0	0.021470077136672573	0.0	0.028899498745461973	0.0	0.07183345902047523	0.0	0.0	0.16594036651472072
ENSMUSG00000042737	0.023553474716172765	0.0	0.019020971258757013	0.0	0.0	0.0	0.1934193470295273	0.0	0.03621128217834992	0.0	0.0	0.03818735489318568	0.02370913300175856	0.0	0.026035051161950717	0.0	0.03372145004766459	0.0	0.18607155022100388	0.0	0.08722756877821984	0.0
ENSMUSG00000094884	0.0	0.0	-0.02330827192231186	-0.006444895838721815	0.0	0.0	-0.054167572189012	-0.0683051704913335	0.0	0.0	0.0	0.0	0.03996689974521861	-0.014696019265228287	0.0	-0.004669969055407998	0.0	0.0	-0.08554385392541801	-0.042425444333873595	0.0	-0.10834319783926827
ENSMUSG00000040086	0.0	0.0	0.0	-0.010281834553692443	0.0	0.0	-0.0792492806696682	-0.013343555398185462	0.0	-0.007874270206685347	0.0	0.027220120276387573	0.0	0.0	0.0	-0.004553362718580312	0.0	0.0	-0.1663161495828855	-0.0467019580169857	-0.00715831809936138	-0.166431520194162
ENSMUSG00000073976	0.0	0.0	-0.003639252082892385	0.0	0.0	0.0	-0.10150609849209212	0.0	-0.015908386656317896	0.0	0.0	0.0232398849225372	0.0	0.0	-0.005556150687842161	-0.004274967312520669	0.0	0.0	-0.134616203986175	-0.03573856431384051	-0.01730212210672804	-0.08353771135909516
ENSMUSG00000006575	0.04455534606471999	0.011752415963866447	0.0	0.0	0.0	0.0	0.14313984514862538	0.0	0.03425889029289845	0.0	0.0	0.0	0.035969105780950195	0.0	0.018740353564257614	0.0	0.023985120031785406	0.0	0.4268749863634031	0.0	0.13179839383554562	0.10764782738723595
ENSMUSG00000114721	0.026027085284005578	0.015371439132620084	0.021709409729876138	0.0	0.0	0.0	0.018281370024506804	0.0	0.02425277787224239	0.018511868787786906	0.0	0.005368036914179898	0.0	0.006791530092555598	0.0	0.0	0.02444714196250568	0.0	0.0031872603999921756	0.0	0.0	0.0
ENSMUSG00000058194	-0.03900577243001512	0.0	-0.03872411151746737	0.0	-0.012801720999109	0.0	-0.09379839374751434	-0.02089621999811264	-0.017172046242795724	0.0	0.0	0.0	0.0	0.0	-0.02280752103508609	0.0	-0.01141136694205458	0.0	0.0	-0.02509202895290973	0.0	-0.026269467873323807
ENSMUSG00000074782	0.012596356579310831	0.018343038383966878	0.013077199457299597	0.0	0.0	0.0	0.084791253800462	-0.04729918027347575	0.0	0.01623274817468388	0.0	0.0	0.0	0.0	0.0	-0.0357970714282187	0.02579896662940389	0.0	0.0	0.0	0.020478476284866785	-0.05299969087003759
ENSMUSG00000059741	0.0	0.021209677466470483	0.03845804103948469	0.0	0.02755440778818788	0.0	-0.05083818794677351	0.0	0.02709896184176838	0.0	0.0	0.0	0.0	0.0	0.0	0.0	0.052891504869985374	0.0	-0.1483995434839855	-0.029161652454004584	-0.020713920344279	-0.08078050060897737
ENSMUSG00000109354	-0.042144532938218925	0.0	-0.04269911725600359	0.0	0.0	0.0	-0.057085722537152765	0.0	-0.008999125282907415	0.0	0.0	0.0	0.0	0.0	-0.041521012183872184	0.0	-0.005535955947479044	0.0	-0.08417445507480752	-0.036510678005804036	0.022521594112944188	-0.07729044574965994
ENSMUSG00000095401	0.029537169023977905	0.0	0.0	0.0	0.0	0.0	-0.07257593393657913	-0.055950639042852066	-0.017818211978449718	-0.05059314048306083	0.0	0.0	0.0	0.0	-0.027288498103858617	0.03607908498718508	0.0	0.0	-0.16442194713851305	-0.04685660108718195	0.0	-0.06364464260565815
ENSMUSG00000033386	0.039963896694236146	0.006759893440843934	0.018463800012565777	0.0	0.0	0.0	0.11402828277540293	0.0	0.035769449859045885	0.0	0.0	0.0	0.018064032185986463	0.0	0.011896016212116204	0.0	0.025593524896881235	0.0	0.32558357166329144	0.0	0.0523887733350691	0.0
ENSMUSG00000055254	0.021472855300646423	0.006427263642253797	0.015474364737696773	0.0	0.0	0.0	0.02961472562339558	0.0	0.020567369802194643	0.0033737057130519277	0.0	0.0	0.015281456309156961	0.0	0.00966272749838094	0.0	0.023676150529428498	0.0	0.0	0.0	0.0	0.019198506679136508
ENSMUSG00000024943	0.037450119970363516	0.0	0.0	0.0	0.0	0.0	0.019505805923332398	0.033917961522600314	0.020324503758283124	0.0	0.0	0.0	0.035802128331642265	0.0	0.016320309341905592	0.0	0.02297586814627525	0.0	0.09945325203782981	0.0	0.023966228899311957	0.11372554028622893
ENSMUSG00000011267	0.04777162564267509	0.006372312778921377	0.010753919920832014	0.0	0.0	0.0	0.19941929736697422	0.0	0.0	0.0	0.0	0.005278408178891358	0.02968924872125834	0.0	0.0	0.0	0.02054517442314156	0.0	0.19828480480535696	0.0	0.1648733907531861	0.08793168694794723
ENSMUSG00000086427	0.03050092663883381	0.0	0.02826007862335253	0.0	0.0	0.0	0.11581250032740098	-0.05657350550587125	0.04811718940086075	0.0	0.0	0.0	0.024284409305173532	0.0	0.0	0.0	0.031598804763620175	0.0	-0.06186210650900056	0.0	0.0393358897564999	-0.10166163584183625
ENSMUSG00000115027	0.0	0.0	-0.01223063827188829	-0.009146424555497216	0.0	-0.0012166400466420701	-0.08297911878495194	-0.00586911916849365	-0.013961665769512525	0.0	0.0	0.0	0.0	0.0	-0.023761650782293604	0.0	0.0	0.0	-0.13384962638386677	-0.04094750532886293	0.0	-0.1179107339606647
ENSMUSG00000063844	0.0	0.0	-0.020717889960081108	-0.012712556545376286	0.0	0.0	-0.11987553327176952	-0.04067216843591598	0.0	-0.024415557452087847	0.0	0.0	-0.01518705375384452	0.0	-0.04358187523240417	0.0	0.0	0.0	-0.13993221849739257	-0.023695197112842573	0.0	-0.0640568105076339
ENSMUSG00000048703	0.04606768157521056	0.011916876786719877	0.045349619023518715	0.0	0.0	0.0	-0.0744118018324503	0.0	0.05893034768170954	0.014691762597257827	0.0	0.0	0.0	0.0	0.015061364657910772	0.0	0.05329780840233394	0.0	0.043534799105167	0.0	0.0	-0.09534090957511801
ENSMUSG00000096629	0.04438746675488908	0.018419671250583615	0.030093603262950595	0.0	0.0	0.0	0.0	0.0	0.034664463932666485	0.013012209034654998	0.0	0.0	0.023762670466755047	0.0	0.02257785429304569	0.0	0.039415157648948894	0.0	0.07392387805449933	0.0	0.021538409585902755	0.0
ENSMUSG00000049739	0.04958615799350761	0.019763698594888683	0.018993090621187186	0.0	0.0	0.0	0.10743006516144586	0.0	0.032659709836754286	0.0	0.0	0.0	0.016537633400806162	0.0	0.0	0.0	0.02461173297491643	0.0	0.2524565141350424	0.0	0.04237049706473017	0.20506899300343356
ENSMUSG00000039501	0.018787330790742116	0.0	0.0	0.0	0.0	0.0	0.1378072584968996	0.09562854299889918	0.025048753831642588	0.0	0.0	0.0	0.02840674043994761	0.0	0.019513821317926377	0.0	0.0	0.010689561872256004	0.4360656720383675	0.0	0.06988634521610278	0.36641555206627724
ENSMUSG00000111740	0.0	0.0	0.011453103970861099	0.0	0.0	0.0	0.2248560164093577	0.0	0.027745918614101313	0.0	0.0	0.030466911659398067	0.04596073224129723	0.0	0.04756139800324182	0.007858693336182832	0.025863422235874664	0.0	0.22808722966984468	0.0	0.10895752139432503	0.0
ENSMUSG00000087641	0.015100651768948717	0.020052498583697533	0.020581230297313388	0.0	0.0	0.0	0.019359814468259212	-0.021216265622478307	0.0	0.0	0.0	0.05452531571808176	0.0	0.0	0.0	0.0	0.033147980472416884	0.0	-0.04020785832736238	-0.03362737387593531	0.0	-0.0898961345474236
ENSMUSG00000107371	0.0	0.0	-0.017479493512064986	0.0	-0.012761044524043695	0.0	-0.06459955602865791	0.0	-0.08677613861708962	0.0	0.0	0.0	-0.012080855696963632	0.0	0.0	0.0	0.07324406764057312	0.0	-0.10083995736516288	-0.02199979679967333	-0.03778119099546123	-0.09644101215557903
ENSMUSG00000034574	0.03846033732134769	0.019502464894918012	0.018859442874302936	0.0	0.0	0.0	0.01573851891977024	0.05424334664752564	0.0299808505614528	0.0	0.0	0.0	0.022106367864594054	0.0	0.023291325653897535	0.0	0.027576861257965147	0.0	0.0	0.0	0.0	0.1455393625518178
ENSMUSG00000069729	0.029660602664812408	0.0	0.023209227964222635	0.0	0.0	0.0	0.0677619443150721	0.050534381429870115	0.023137158416861744	0.0	0.0	0.0	0.027463559626512125	0.0	0.024929275071317123	0.0	0.02678429869840756	0.0	0.0	0.020286614291901983	0.0	0.14904893690677928
ENSMUSG00000020669	-0.20046689526045053	0.0	-0.14184547257254024	0.0	0.0	0.0	-0.4602026667570248	0.0	-0.1351788200590075	0.0	0.0	0.0	-0.2078513999973214	0.0	-0.2092077440801601	0.0	-0.1302434102165825	0.0	-1.1407395684816617	-0.07068034102756382	-0.15785186466276907	0.0
ENSMUSG00000038677	0.04427951551065883	0.0	0.020150228115146662	0.0	0.0	0.0	0.10737459292903778	0.0	0.028973862259804386	0.0	0.0	0.0	0.038886807472597124	0.0	0.02004289396335778	0.0	0.026025699103449863	0.0	0.16298406296931334	0.0	0.025604631398133335	0.11245659557400227
ENSMUSG00000106536	0.046460243368426205	0.030158228018075127	0.022479789786416418	0.0	0.0	0.0	-0.05985007555909553	0.0	0.0	0.024076099580676226	0.0	0.0	0.03724025976168748	0.0	-0.032265760703188984	0.0	0.03169659067435441	0.0	-0.06863320112302337	0.0	0.0	-0.033707446258904844
ENSMUSG00000051550	0.03812350787157236	0.0	0.0	0.0	0.0	0.0	0.1817645986848082	0.0	0.02536852699377432	0.0	0.0	0.029427078994849518	0.08168387212879677	0.0	0.01822444410419599	0.0	0.02958247717039821	0.0	0.17440171801848575	0.0	0.12209834674497744	0.05905238100353416
ENSMUSG00000047034	0.040376027108532754	0.0	0.05655265773698529	0.0	0.0	0.0	0.14416937863651988	0.008718389965100326	0.030760838410538567	0.0	0.0	0.0	0.021373035600858473	0.0	0.04642940533301946	0.01279969672967852	0.054061577403418305	0.0	0.027450388951202564	0.0	0.0	0.0
ENSMUSG00000070530	0.036358123790061266	0.0	0.0	0.0	0.0	0.0	0.13314128066649325	0.0	0.0560671680282184	0.0	0.0	0.0	0.042788242457078025	0.0	0.05424494559557424	0.0	0.039280748341479155	0.0	-0.09026234176701056	-0.04672783269070632	0.043995149287028856	-0.07844961699763014
ENSMUSG00000043613	0.0	0.0	0.0	0.0	0.0	0.0	-0.08160028104478287	0.014832550665496658	0.02020128289697582	0.0	0.011468453699193748	0.0	0.0	0.0	0.0126397260316325	0.0	0.0369338046201648	0.013042740394216469	-0.3395810216575332	-0.04196050991657652	0.0	-0.08527962705177915
ENSMUSG00000107496	0.0	0.0	0.0	-0.010459593115923822	0.0	0.0	-0.05693116020543593	0.0	0.0	-0.007702268537555627	0.0	0.020056117954146125	0.0	0.0	-0.03394943553091427	0.0	-0.01907512089435156	0.02148596776559511	0.0	-0.043884987649765096	-0.005121544381938465	-0.07332166538730107
ENSMUSG00000113268	0.039201137922197093	0.0	0.04191014325815176	0.0	0.0	0.0	-0.059714546568382425	0.0	0.02396736124237263	0.0	0.0	0.028830138524780478	0.0	0.0	0.0	0.0	0.03057351987095327	0.02183852421169515	-0.08467193591811803	-0.04748621676016885	0.0	-0.08537972492658598
ENSMUSG00000044502	0.05360581550422734	0.0	0.023160268492737075	0.0	0.0	0.0	0.08288856984111503	0.014473502927481233	0.010028664637822482	0.0	0.0	0.0	0.0	0.0	0.0	0.0	0.015193641250621302	0.009423994628240017	0.21613596750224615	0.0	0.03121131151239669	0.16670109497325383
ENSMUSG00000110195	0.023781497617172645	0.01837248482874381	0.0296345863096149	0.0	0.0	0.0	0.059543001150391385	0.0	0.019429214749953357	0.0	0.0	0.014184830171255814	0.013471756895125642	0.0	0.013988279415196795	0.0	0.039038162996294846	0.0	-0.10388166109532411	0.0	0.0	0.0
ENSMUSG00000036550	0.036570222345134545	0.0	0.0	0.0	0.0	0.0	0.11551177918730926	0.09886100629069568	0.026777667716961332	0.0	0.0	0.0	0.04714987996009742	0.0	0.03725318361488627	0.0	0.015163816539763841	0.0	0.25299297743172594	0.0	0.05410976338441904	0.3600132666678917
ENSMUSG00000103815	-0.0689231564075577	0.0	-0.06807916829262804	0.0	0.0	0.0	-0.08836842954742347	0.0	-0.024677704404987053	0.0	0.0	0.0	0.0	0.0	-0.059099956503425054	0.0	-0.02928569432124662	0.0	-0.11733494745442555	-0.03441893030557206	-0.017529929666079358	-0.11161385006259782
ENSMUSG00000120212	-0.004151232083669978	0.0	-0.005149303533518011	0.0	0.0	0.0	0.0	-0.03868572714796209	-0.009699817522782228	0.0	0.0	0.0	0.0	0.0	0.0	-0.026602922309929472	-0.0025831894054768045	0.0	-0.12950968104100996	-0.014975072241027293	-0.007938738817600757	-0.0655332177869011
ENSMUSG00000021091	0.048370875938230154	0.0	0.03617533978035133	0.0	0.0	0.0	-0.04959926652751216	0.0	0.030197929219028148	0.0	0.0	0.01775673857999957	0.0	0.0	0.0	0.0	0.0521402738219915	0.019479605940799515	-0.18682933920682132	-0.04256019955232505	0.0	-0.12136101828892328
ENSMUSG00000055817	0.03886329393386737	0.0	0.0	0.0	0.0	0.0	0.13393221232641947	0.04088651064929816	0.033600413292698056	0.0	0.0	0.0	0.040047109239806346	0.0	0.022554743526374363	0.0	0.01949827003966287	0.0	0.42803461233221873	0.0	0.0829532699564371	0.14161150794998237
ENSMUSG00000107014	0.03044888197316852	0.015126319409533118	0.01116236747321489	0.0	0.0	0.0	0.0	0.0	0.02235656759425712	0.0	0.0	0.0	0.011179447583696071	0.0	0.016458753510337067	0.0	0.03407805873920431	0.0	0.01494206736433519	0.0	0.012652025182760132	0.019772361843092435
ENSMUSG00000086354	0.035431349193092564	0.0	0.01941340555277572	0.0	0.0	0.0	-0.042236759948533126	0.0	0.018249017084516504	0.0	0.0	0.02289866608700768	0.01736207653819255	0.0	0.0	0.0	0.024545444097396837	0.0	-0.06890976617120581	-0.04988297928061434	0.0	-0.08035034993939502
ENSMUSG00000073528	0.010801810634460313	0.015272049775289844	0.0	0.0	0.0	0.0	-0.06405694669248191	0.0	0.0	0.0	0.014147924271693878	0.016008226667229196	0.0	0.0	0.0	0.0	0.024498881271323367	0.018638136777040654	-0.14145657033922102	-0.04718391022045035	0.0	-0.0887783542792837
ENSMUSG00000003068	0.04454966868002914	0.0	0.0	0.0	0.0	0.0	0.16476758544383266	0.057516438363140236	0.029881230054388228	0.0	0.0	0.0	0.02796105716202511	0.0	0.022546671098296698	0.0	0.017717084109148074	0.0	0.26212160413842783	0.0	0.070137964519149	0.26737343424162124
ENSMUSG00000115792	-0.023306251234937705	-0.02932101940530177	-0.030243506714034665	0.0	0.0	0.0	-0.077311102667547	0.0	-0.05206758057044865	0.0	0.0	0.0	0.0	0.0	-0.0446811941137547	0.0	-0.027301645634821514	0.0	-0.07654702918551119	-0.03374403974829071	0.0	-0.08807152787928313
ENSMUSG00000101028	0.05212986203151471	0.0	0.0	0.0	0.0	0.0	0.07021121621415621	0.0	0.06919816855239944	0.0	0.0	0.010373887064238252	0.05508863163116557	0.0	0.0818319314174851	0.0	0.03735963501201203	0.0	0.21388540719608448	0.0	0.03772731825967718	-0.09444002275470983
ENSMUSG00000031383	-0.056671640307391836	0.0	0.0	-0.01550803507341425	0.0625828607906649	0.0	0.21099492224825173	0.0	-0.04767540327206482	0.0	0.0	0.0	0.03818392852614098	0.0	0.0	0.0	0.020735189158530665	0.0	0.2924495320210247	0.024298394541738086	0.0	-0.023289590541057916
ENSMUSG00000083190	0.02068047362307066	0.0	0.03124888207888946	0.0	0.0	0.0	0.1569850267705961	0.0	0.01875436261403688	0.0	0.0	0.0	0.016975352279082312	0.0	0.014833167705255133	0.0	0.05053277678768675	0.0	0.12272281634366304	0.0	0.026216549953404326	-0.11912612222131308
ENSMUSG00000022231	0.01760707502267648	0.013916774917965669	0.0	0.0	0.0	0.0	-0.024555818911006173	0.0	0.014584580531462743	0.0	0.016769467231927397	0.0	0.0	0.0	0.0	-0.015546648550988766	0.02584320418594084	0.0	-0.38493541095961836	-0.026093191199408363	-0.03374192243054243	0.0
ENSMUSG00000029273	-0.0618973646448112	0.0	0.0	0.0	0.0	0.0	-0.12078607299219009	-0.07471399804603751	-0.02685859030409088	-0.028596245970102255	0.0	0.0	0.0	0.0	-0.07656884647563454	-0.038443167238826174	0.0	0.0	-0.02631167499300554	-0.04111555044655804	0.0	-0.07152164966877332
ENSMUSG00000042388	0.03608751131213306	0.0	0.0	0.0	0.0	0.0	0.13196700185514926	0.01409995616911175	0.03145979849970054	0.0	0.0	0.0	0.04028422334947848	0.0	0.022204291041776545	0.0	0.02051600657235943	0.0	0.455985267266586	0.0	0.07951975972718843	0.1163746222042579
ENSMUSG00000101335	-0.028409740614399152	0.0	-0.0271903591259233	0.0	0.054116791430659464	0.0	-0.07194602389104109	0.0	0.0	0.0	0.0	0.025796021107037784	-0.018926862469129828	0.0	-0.05482750277549385	0.0	0.0	0.0	0.4131311874595682	0.019093223091093514	0.03416810270161421	0.0
ENSMUSG00000095831	-0.04607930784071894	0.0	-0.037196871785143394	0.0	0.0	0.0	-0.07868249928062823	0.0	-0.02651649202664122	0.0	0.0	0.0	0.0	0.0	-0.01737102545732594	0.0	-0.017955110130886322	0.0	-0.0907053989501407	-0.029263765866968362	-0.020973241915337042	-0.08645619560172467
ENSMUSG00000024548	0.0	0.014219800431684271	0.0	0.0	0.0	0.0	-0.019843046774855284	0.028793334750841473	0.0	0.0	0.012084355707617539	-0.03454045568635471	0.0	0.0	0.01786460990726389	0.0	0.014324008031415265	0.0	-0.22452084032354422	0.0	-0.017003426177873107	0.077503178971657
ENSMUSG00000028468	0.033966385794425805	0.0	0.024956766806063957	0.0	0.0	0.0	0.05868091564576404	0.05836929154144237	0.04552691149801267	0.0	0.0	0.0	0.026130099335037956	0.0	0.025180414599739267	0.0	0.0342363131931732	0.0	0.0	0.0	0.04003809120481203	0.20015430291418207
ENSMUSG00000019978	0.031220283337980808	0.0	0.0	0.0	0.0	0.0	0.09232997855571205	0.0322934038651682	0.025233836103047545	0.0	0.0	0.0	0.03456249469596587	0.0	0.021823102185163923	0.0	0.025122192747218153	0.0	0.32468513125193865	0.0	0.03513467542112115	0.1521303891279432
ENSMUSG00000038806	0.04513444430412093	0.0	0.0	0.0	0.0	0.0	0.12108345606163055	0.08500300448896198	0.02931024315950081	0.0	0.0	0.0	0.04678453730126601	0.0	0.025337038589379732	0.0	0.0	0.0	0.4521579000497725	-0.1458179659219907	0.08165298300830698	0.30254997436691833
ENSMUSG00000113544	0.04740050678811966	0.0	0.04948393332354218	0.0	0.030398539163519367	0.0	-0.18508193829616448	0.0	0.0	0.0	0.0	0.0	-0.02288624523879604	0.0	0.0	0.0	0.048670614617107276	0.0	-0.23237616155593396	-0.026911615789959674	-0.08871621828250277	-0.07926043516052672
ENSMUSG00000120977	-0.3124625555456709	-0.16520892066828408	-0.20197668584262166	0.0	0.0	0.0	-0.27278389676931303	0.0	-0.22394011991774465	0.0	0.0	0.0	-0.2384264267516677	0.0	0.0	0.0	-0.31301542388655207	0.0	-0.9727350964651309	0.0	-0.4064649866417056	-0.22568124233354483
ENSMUSG00000107207	0.028017573054502462	0.021730930596989523	0.0	0.0	0.060248381622913065	0.0	-0.020998238298628263	0.0	0.035158967105303064	0.0	0.0	0.029693071998373375	0.0	0.0	0.0	0.0	0.0	0.0	-0.10548638253931453	-0.036445910723981303	-0.04273475545988325	-0.09197549865491189
ENSMUSG00000086867	0.016739492482384332	0.0	0.02353282602185628	0.0	0.0	0.0	0.08566220944044652	0.0	0.04486320429759705	0.00954875195880907	0.0	0.007424525061537901	0.0	0.0	0.03953146554532802	0.0	0.03653591842843682	0.0	0.2368322725128162	0.0	0.09161420260741586	0.0
ENSMUSG00000083946	-0.06053212403827584	-0.01825923180976405	0.0	0.0	0.0	0.0	-0.10937252879931057	0.0	-0.07180163473153386	-0.011990668196880994	0.0	0.0	0.0	0.0	-0.0459217896899015	0.0	-0.06643004550032272	0.0	-0.24130126433054236	-0.03305524936829762	0.0	-0.15007803620332275
ENSMUSG00000021621	0.014687472867896902	0.0	0.011970969545252919	0.0	-0.03516262160128019	0.0	-0.0334159099756316	0.06411243792440209	0.0	0.0	0.0	0.0	0.0	0.0	0.010056741703663552	0.0	0.016083232332166155	0.009863084104805488	0.2525082652780937	0.0	0.0	0.16807198821331557
ENSMUSG00000059493	-0.0381743302259505	0.0	-0.011808987955115207	-0.007989873570486054	0.0	0.0	0.0	0.0	-0.03218754805682137	0.0	0.0	-0.02225497353456064	-0.006974970556037796	0.0	0.0	0.0	-0.010407373127481915	0.0	-0.40153252110712034	-0.027714506302596892	-0.03564540712388816	0.0
ENSMUSG00000102869	0.016841657152471413	0.0	0.0	0.0	0.0	0.0	0.17808744753693037	0.027654580384689004	0.03208810130506327	0.0	0.0	0.0	0.0	0.0	0.0	0.0	0.016817762814548207	0.006880444509376562	0.6243906025124402	0.005931770770543299	0.09423006862715787	0.2244293592227472
ENSMUSG00000111962	0.031539470898605225	0.02593342281963417	0.0	0.0	0.0	0.0	-0.05670125745799255	0.0	0.016090020485130252	0.0	0.0	0.0	0.020895448698046694	0.0	0.0	-0.016516812490098644	0.03033887512481365	0.0	-0.12289609189388906	-0.03060573385571916	0.0	-0.06471007388836071
ENSMUSG00000028465	0.04471897027184326	0.0	0.0	0.0	0.0	0.0	0.1042951111578154	0.07290386667650049	0.028024363398770125	0.0	0.0	0.0	0.04404328924716843	0.0	0.029447385149432015	0.0	0.027980681734171245	0.0	0.1196793204672283	0.0	0.05739424389843386	0.27231947931180805
ENSMUSG00000026098	0.014208598496731397	0.0	0.008821679798084237	0.0	0.0	0.0	-0.08171371004937225	0.05752115494136644	0.011009997448346775	0.0	0.006625444453590683	-0.0447974628460675	0.0	0.0	0.0	0.0	0.016391787601784384	0.011715064631592002	0.0	0.0	0.0	0.16369466784442382
ENSMUSG00000054728	0.02010830690719395	0.016599712754465836	0.01980447567411873	0.0	0.0	0.0	0.0	0.0	0.01787517366688687	0.028420503466319184	0.011069370915331217	0.0	0.0	0.0	0.0	0.0	0.02728498990429056	0.0	-0.162443817110733	-0.02508660854197336	0.0	-0.033556300961496234
ENSMUSG00000121412	-0.009797461876378174	0.0	-0.010618624805197695	0.0	0.0	-0.005510081819809631	-0.09775858374335164	-0.057549888814192575	0.0	-0.004254573477185997	0.0	0.0	0.0	0.0	-0.0180504052490566	0.0	0.0	0.0	-0.09367136752721801	-0.04608779575276682	0.0	-0.08912783825564395
ENSMUSG00000046719	0.032594892886359216	0.015111287839050136	0.018423903182686788	0.0	0.0	0.0	0.15689987880863035	0.024455591012772455	0.04492077343801747	0.0	0.0	0.0	0.0	0.0	0.0	0.0	0.022683021131043615	0.0	0.104969772816683	0.0	0.07680410655561173	0.18572273712513487
ENSMUSG00000034958	0.03850228200612635	0.01783888371559595	0.027456114812880517	0.0	0.0	0.0	0.02257003918489839	0.0	0.03736242756236391	0.0	0.0	0.0	0.021092976986980334	0.0	0.0	0.0	0.030408006292203818	0.0	0.06362951036162871	0.0	0.023167075269003863	0.0177988093079669
ENSMUSG00000024982	0.036506022188378034	0.0	0.0	0.0	0.0	0.0	0.0	0.09511422936950183	0.024972953992811703	0.0	0.0	-0.0518704857113057	0.0	0.0	0.02666244510831289	0.0	0.0	0.017985929157828554	0.25272646232495644	-0.05545913925968236	0.02028505598896121	0.35756115944857436
ENSMUSG00000037679	0.039318809731259084	0.0	0.022453719371005255	0.0	0.0	0.0	0.07670421986560229	0.022766097532647356	0.022306433309101092	0.0	0.0	0.0	0.041076706327256476	0.0	0.03293447986257115	0.0	0.03776675580842528	0.0	0.06342510413773245	0.0	0.0	0.10506882709616261
ENSMUSG00000099951	-0.32116086125058785	-0.16049042294069427	-0.19111023934172308	0.0	0.0	0.0	-0.28921351492357233	0.0	-0.20938135788880569	0.0	0.0	0.0	-0.2190135350272588	0.0	0.0	0.0	-0.3115673320884479	0.0	-0.9873505118510604	0.0	-0.36245393992767133	-0.28095363958241326
ENSMUSG00000103252	-0.014638504622605096	0.0	0.046260874800846535	0.0	0.0	0.0	0.0	0.0	0.0	0.022993041142133127	0.0	0.0	0.0	0.0	0.021017295097461475	-0.009002351889956683	-0.017964848520904134	0.0	-0.0855700612455323	-0.030842600657524668	-0.028476968497255097	-0.07185184423276215
ENSMUSG00000075140	-0.09153836964603872	0.0	0.0	0.0	0.0	-0.011639010278972073	-0.11371962679888384	-0.035364820051760816	-0.020742984625920804	-0.013415956280343286	0.0	0.0	0.0	0.0	-0.036916164118735655	0.0	0.0	0.0	-0.06821061504735496	-0.04415823596060897	0.0	-0.09636669155478456
ENSMUSG00000024137	0.05436176021206181	0.013530611841881424	0.02294552677873936	0.0	0.0	0.0	0.02218476531134492	0.06192875309367425	0.023624664892289628	0.0	0.0	0.0	0.020139842109390977	0.0	0.023502236756122993	0.0	0.024635881472668642	0.0	0.0	0.0	0.0	0.2451506113403431
ENSMUSG00000116885	0.0	0.0	-0.00501744998479994	0.0	0.0	0.0	-0.08636772010130452	0.0	-0.004295773344074141	-0.008847662999787936	0.0	0.02146696849418328	0.0	0.0	-0.012852592929298181	0.0	0.0	0.0	-0.1500032727539231	-0.041330471559391596	-0.008635926621728367	-0.115148079313386
ENSMUSG00000094692	-0.09470432231192888	0.0	-0.08417134447306203	0.0	0.0	0.0	-0.14822228925610803	-0.11910904832290083	-0.06096620451091139	0.0	0.0	0.0	-0.11161594821558662	0.0	-0.0712926027300766	0.0	-0.07238346095050863	0.0	-0.13991301045948207	0.0	0.0	-0.07555027788854528
ENSMUSG00000032101	0.03601158635138063	0.010567268802201142	0.02090671712321058	0.0	0.0	0.0	-0.05894374145040545	0.0	0.027177881452796405	0.0	0.010883139388401564	0.0	0.010593778911281396	0.0	0.0	0.0	0.023435838845852753	0.0	-0.13546292772375682	0.0	0.0	0.13464388175086162
ENSMUSG00000085388	0.017831414957339312	0.0	0.018183873408580596	0.0	0.01851949599256826	0.0	0.12872649443633238	-0.057768941968239604	0.02437159595339544	0.0	0.0	0.015279550151004156	0.019326665160560044	0.0	0.0	0.0	0.04060331215391165	0.0	-0.05969678690759246	0.0	0.0	0.0
ENSMUSG00000114033	0.04227583612611331	0.0	0.026119056508126175	0.0	0.0	0.0	-0.08451834519429313	0.0	0.03267184944729653	0.0	0.0	0.0	0.0	0.0	0.0	0.0379256499772192	0.02991614439332413	0.03387017875533476	-0.3851090509597578	-0.03819847539907928	0.0	-0.06636463390895346
ENSMUSG00000094789	-0.3280407107518239	0.0	-0.20023192783100616	0.0	0.0	0.0	-0.28054913925278374	0.0	-0.21278485490099897	0.0	-0.1773067926383014	0.0	-0.23411549959607075	0.0	0.0	0.0	-0.2910941062808455	0.0	-1.0024540255253385	0.0	-0.360098922623379	-0.24601937542168711
ENSMUSG00000046223	0.04319081804105179	0.0	0.012746435277002588	0.0	0.0	0.0	0.11918648778445186	0.0	0.03389638233546552	0.0	0.0	0.0	0.04614497237339793	0.0	0.02726868893511617	0.0	0.020494143401041925	0.0	0.3843776159754127	0.0	0.11405331949798785	0.13340910801099892
ENSMUSG00000024561	0.03445830458363849	0.01868856835157676	0.016371328015755082	0.0	0.0	0.0	0.03801651896972369	0.017274469290813776	0.02417119480071353	0.0	0.0	0.0	0.01994305926795847	0.0	0.021600293803980364	0.0	0.03138557120705281	0.0	0.0	0.0	0.0	0.052042768736984935
ENSMUSG00000118334	-0.17375628861088524	0.0	-0.18868068705662436	0.0	0.0	0.0	-0.40223805468652435	0.0	-0.3435816129234396	0.0	-0.07442041597130669	0.0	-0.05019350657820176	0.0	-0.10760534025415229	0.0	-0.27510445778953135	0.0	-0.9887752694864176	0.0	-0.28236823251251525	0.0
ENSMUSG00000008730	0.043016749360931854	0.0	0.0	0.0	0.0	0.0	0.10042823998129934	0.037191901196137286	0.034686300853230614	0.0	0.0	0.0	0.0409257078260135	0.0	0.02221810698384108	0.0	0.023132659395016197	0.0	0.10377722655267847	0.0	0.041378390581527744	0.19115485503894641
ENSMUSG00000034263	0.043660463409446064	0.0	0.01603447641634559	0.0	0.0	0.0	0.0	0.045989869567899605	0.024611764909176943	0.0	0.0	0.0	0.038044309267870155	0.0	0.01889722050282359	0.0	0.0201908817056596	0.0	0.2428924793903165	0.0	0.02551543116838726	0.2309996354174454
ENSMUSG00000022805	0.027979339620327892	0.020054023230270467	0.0	0.0	0.0	0.0	0.07042889444490132	0.0	0.027439684192722292	0.0	0.0	0.0	0.02587417160822425	0.0	0.020397879842951827	0.0	0.034397340827395685	0.0	0.13405292882231826	0.0	0.0310397855513863	0.03526713459868291
ENSMUSG00000075382	-0.04653010145567525	-0.013235843610551934	-0.059913490278985994	-0.013531390710381175	0.0	0.0	-0.07329561084647819	-0.030463903695871857	0.0	0.0	0.0	0.0	0.0	0.0	-0.038572415601927854	0.0	0.0	0.0	-0.09806306452998718	-0.03785168727054825	0.0	-0.0861678924265335
ENSMUSG00000060565	0.04248202926272467	0.0	0.027039770602627074	0.0	0.0	0.0	-0.039876383132751096	0.0	0.03898478987430543	0.035098524828999625	0.0	0.0	0.0	0.0	0.0	0.0	0.04895041056375747	0.0	-0.06564961690205744	-0.04175544061061014	0.029096146156340746	-0.0673921929909205
ENSMUSG00000025981	0.04140223258141264	0.0	0.01715100785817969	0.0	0.0	0.0	0.03187150753598695	0.03817806026788247	0.020596037545336843	0.0	0.0	0.0	0.027832150045728705	0.0	0.0	0.0	0.023546524274471993	0.0	0.21822159623756232	0.0	0.03723246725002693	0.2267947667317802
ENSMUSG00000090338	0.0	-0.00494997656514734	0.06122619000920675	0.0	0.0	0.0	-0.1231810339546048	0.0	-0.023418098079350764	-0.01656725046604357	0.0	0.0	0.0	0.0	0.0	0.0	-0.008290263471651639	0.0	-0.20879481061622707	-0.02979717409422322	-0.049110054674776984	-0.10131535387957068
ENSMUSG00000027805	0.03131138818885297	0.005081352013018847	0.007815199364583171	0.0	0.0	0.0	0.1806087370609898	0.014656842686810457	0.03856963977428363	0.0	0.0	0.0	0.0	0.0	0.0	0.0	0.013139207990854915	0.0	0.3462250841917295	0.0	0.0841740560898564	0.17936935182511632
ENSMUSG00000045106	0.011910324885430291	0.010973612582541162	0.0	0.0	0.0	0.0	-0.05448793793249984	0.0	0.007421756861207379	0.006867043889841912	0.0	0.0	0.017050940668547374	0.0	0.0	0.0	0.015957616914499487	0.0	0.09927287393897721	0.0	0.01698292785153799	0.044898546774090276
ENSMUSG00000085645	0.0349037976861568	0.0	0.015823541290080807	0.0	0.0	0.0	0.14518072221555758	0.0	0.028186626243923516	0.0	0.0	0.0	0.02311037755860227	0.007380338679657478	0.02733441084098825	0.0	0.04018432040956711	0.006921352783375634	0.0	0.0	0.046548395941839946	0.0
ENSMUSG00000104069	0.015772983471028183	0.0154438095298658	0.014574223616657804	0.0	0.0	0.0	-0.041725497871756	0.0	0.0	0.0	0.0	0.011541262138743617	0.03734579209795401	0.0	0.0	0.0	0.020675620700860275	0.0	0.24028361500105386	0.0	0.012344674994584692	-0.049110908993018385
ENSMUSG00000105864	-0.07731480002236081	0.0	-0.014079812484752307	0.0	0.0	0.0	-0.06313148103878638	-0.008575336421027369	-0.0147917341677858	0.0	0.0	0.0	0.0	0.0	-0.02710634508682726	0.0	0.0	0.0	-0.16403334304781375	-0.0323478953603592	-0.010807756961727694	-0.07969351147423366
ENSMUSG00000112366	0.0	0.1386346362621607	0.0	0.0	0.0	0.1284930026523044	0.0	-0.22392984239847724	0.0	0.043924344970311405	0.0	0.06845851289430675	0.0	0.03789023027075443	0.06322663297566093	0.0	0.0	0.0	-0.10606558935500593	0.22109915757232587	0.0	-0.2830970541342701
ENSMUSG00000117652	0.0	0.018025913652273233	0.0	0.0	0.0	0.0	-0.09463681428753638	0.010569746204111552	0.0	0.0	0.011739071311475772	0.0	0.0	0.0	0.0	0.0	0.012163954475374713	-0.019021804599842474	-0.3628300524443628	-0.04140540230812428	-0.04363049675031734	-0.11676625085226489
ENSMUSG00000116628	0.037494921262566754	0.0	0.0	0.0	0.0	0.0	0.1553282303223893	-0.04982927598587927	0.03861055862299085	0.0	0.0	0.0	0.06769928948354406	0.0	0.024002431622520796	0.0	0.037423554792452816	0.0	0.5149963948036991	0.0	0.07086360061442724	-0.0546696176081089
ENSMUSG00000031665	0.028429971851812213	0.0	0.0	0.0	0.0	0.0	0.27888036361379276	0.020140643267274126	0.02584330901946636	0.0	0.014068870795920008	0.0	0.04918735729314461	0.0	0.014631360589492038	0.0	0.0	0.0	0.6715906605274088	0.0	0.15959633989326516	0.18242507286873
ENSMUSG00000022054	-0.05515954824714707	0.0	0.0	0.0	0.054337385300282495	0.0	0.12641757843545565	0.0	-0.04770561545499119	0.0	0.016336342825729194	0.0	0.0	0.012590123848124996	0.0	-0.0327795739476914	0.0	0.0	0.030294014306544107	0.0	0.029897494773007037	0.046807356739100796
ENSMUSG00000106948	-0.01788298623623189	0.0	0.0	-0.011672739115688974	0.0	0.0	-0.10252601778797571	0.0	0.0	0.0	0.0	0.022596274100465295	0.0	0.0	-0.027166351821320395	0.0	0.07638015229299021	0.022251402214661042	-0.1947645676221819	-0.04489858431370346	0.0	-0.11223126302937392
ENSMUSG00000120118	0.0	0.0	0.011553429026447182	0.0	0.0	0.0	0.14153310513872377	0.0	0.0	0.0	0.012548261414067112	0.0	0.08477427374200959	0.0	0.011683193147279563	0.0	0.0	0.011751975235743513	1.0199868190792538	-0.09894577209111832	0.14863020491094409	0.061984694095227146
ENSMUSG00000046337	0.041633374716274124	0.0	0.02233951533744839	0.0	0.0	0.0	0.04863141535551034	0.0	0.02812234226256838	0.0	0.0	0.0	0.03063939070888315	0.0	0.026400677881513946	0.0	0.027992255566368637	0.0	0.053904602070448435	0.0	0.02011658350690826	0.11071564058289131
ENSMUSG00000094080	-0.006600306294751687	0.0	0.0	0.0	0.0	0.0	-0.09648669302584822	0.0	-0.01824558081198988	0.02704795844080794	0.0	0.0	0.0	0.0	-0.021967711749512304	0.0	0.0261890676408133	0.0	-0.12547040794765082	-0.04366817983925865	-0.007812705152083188	-0.09258883612945382
ENSMUSG00000109961	0.04358000539217576	0.023225551009664818	0.024855661964936434	0.0	0.0	0.0	-0.03329637904139453	0.0	0.015242993676158112	0.0	0.0	0.0	0.0	0.0	0.017679235848468294	0.0	0.03749410195457701	0.0	-0.04395245653962876	-0.03027400583096079	0.0	-0.14488929255386976
ENSMUSG00000101564	0.0	0.0	-0.02381312731761362	0.0	0.0	0.0	-0.0912806786910549	-0.005329819579107498	-0.0176280902630836	0.0	0.0	0.0	-0.013544791760938832	0.0	-0.00874675740171881	0.0	0.0	0.0	-0.21931535222628626	-0.018374403464326013	-0.03409800229214207	-0.09430380564569657
ENSMUSG00000008461	0.05353140776983157	0.028839766517737495	0.0	0.0	0.0	0.0	-0.06598467154525299	-0.04109241605444422	0.04741298682109617	0.01929114594566377	0.0	0.023874789118549216	0.0	0.0	0.0	0.0	0.05094474940286341	0.0	0.0847988097204233	0.0	0.039558468134906995	0.0
ENSMUSG00000044148	-0.013812304088773542	0.0	0.0	0.0	0.052290101499819754	0.0	-0.10286014187631945	0.06415972902514384	-0.025759403275739553	0.0	0.0	0.0	0.0	0.0	0.0	0.0	0.02446992716473297	0.0	0.25113726761110045	-0.06296342063237988	-0.037191791770728705	0.15806995655104472
ENSMUSG00000059434	0.026244896242411487	0.00822556311195991	0.026522994310533725	0.0	0.0	0.0	0.0	0.0	0.030159266133466874	0.0	0.0	0.02494985035071429	0.022600434934468578	0.0	0.012694555961175366	0.0	0.042111783076350884	0.012310758114310635	0.0	0.0	0.0	-0.08899319275585033
ENSMUSG00000045822	0.04515555806759961	0.0	0.0	0.0	0.0	0.0	0.0908489704234845	0.06393052735670454	0.03178754349051727	0.0	0.0	0.0	0.03233845833691497	0.0	0.021475220847885113	0.0	0.02424411172268442	0.0	0.3086739094123826	0.0	0.08054906084633044	0.23374276197199773
ENSMUSG00000102885	0.07084743368347216	0.0	0.024582445791930394	0.0	0.0	0.0	-0.054898504600233974	0.0	0.02416761971483385	0.0	0.0	0.023024563226867106	0.0	0.0	0.0	0.0	0.02442471385942086	0.0	-0.10852307608572652	-0.040971272776670786	-0.025523654624823446	-0.08828274962873672
ENSMUSG00000121361	-0.005770976390880478	-0.0060873697081286525	0.0	0.0	0.0	-0.007553056326753872	-0.07706750307486666	-0.0392707152244315	0.0	0.0	0.0	0.0	0.0	0.0	-0.015472733196171776	0.042945885660851994	0.0	0.0	-0.0495161751688625	-0.0404568514741429	0.0	-0.06464387370135032
ENSMUSG00000071528	0.015759853864735968	0.00701525496273514	0.014136327076095667	0.0	0.0	0.0	0.08937522558230593	0.05695822418717518	0.033197465561182374	0.0	0.0	0.0	0.0	0.0	0.0	0.0	0.008347464995880727	0.0	0.4349807044425198	0.0	0.023003074386300056	0.19552821436825382
ENSMUSG00000087074	0.03989376995595756	0.007582307947050282	0.021550093839095976	0.0	0.0	0.0	-0.04191979707718533	0.0	0.0	0.0	0.0	0.0	0.01582401308279408	0.0	0.017198904438429054	0.0	0.038137683343741624	0.0	-0.1992602812769411	-0.05498273105213003	0.0	-0.11325679241689207
ENSMUSG00000056427	0.030857020794433237	0.0025146915897514	0.020415356210027186	0.0	0.0	0.0	0.02276518125717466	0.0	0.020849086706383274	0.0	0.0	0.0	0.011369007544096907	0.0	0.014712342380376952	0.0	0.023686689617049634	0.0	0.0	0.0	0.009495706335498054	0.03275476350095356
ENSMUSG00000050148	0.0	0.0	0.018869879233072817	0.0	0.05738085912189573	0.0	0.3053233235094825	0.08911989496824176	0.0	0.0	0.0	0.0	0.06067310072647282	0.0	0.0	0.0	0.02939833427765092	0.0	0.29338159379312906	0.04121584830387988	0.09987374431287839	0.1853675321105037
ENSMUSG00000026185	0.019124240979814685	0.0	0.007778553029281937	0.0	0.0	0.0	0.1390269453470143	0.0	0.026693591757154328	0.0	0.0	0.00732269075333819	0.01926056716044112	0.0	0.008681054082952437	0.0	0.02704373859879091	0.0	0.10512676263793386	0.0	0.06453415213147316	0.0
ENSMUSG00000107379	0.04159130390668354	0.03207649421637849	0.0	0.0	0.04618036688883515	0.0	-0.08521781280631718	0.0	0.03178357474874987	0.0	0.0	0.0	0.0	0.0	0.02766903597143608	0.0	0.01952532947598428	0.01719199219288164	-0.03794149245790977	0.0	0.0	-0.09243826006210888
ENSMUSG00000108984	-0.07896375977289802	0.026539947647522034	0.026407493742343947	0.0	-0.037160134760318174	0.0	-0.053976143811431815	0.0	0.0	0.0	0.0	0.0	0.05382425199335985	0.0	0.0	0.0	0.03270230581900911	0.0	0.15792271821843082	-0.026793954281736948	0.0	-0.024432338923900784
ENSMUSG00000052372	-0.09936085044004597	-0.07065325554312846	-0.06599795554796456	0.0	0.0	0.0	-0.07745477224879481	-0.08634043961261179	-0.11028332942235289	0.0	0.0	0.0	-0.05406852295965703	0.0	0.0	0.0	0.0	0.0	-0.1287785658655317	0.0	-0.09918041247512613	-0.16897858976112967
ENSMUSG00000031491	0.038762033932913276	0.0	0.037329237197110586	0.0	0.0	0.0	-0.04369305202122375	0.0	0.025753064469276072	0.0	0.0	0.020321690549728044	0.0	0.0	0.019826031361803872	0.0	0.03757565808695122	0.0	-0.0875871688554254	-0.04652815795612091	0.0	-0.08419985937909188
ENSMUSG00000032648	0.04020677543682435	0.0	0.03300642817233153	0.0	0.0	0.0	0.1399254823203244	0.0	0.030089484098503896	0.0	0.0	0.0	0.015037815079903295	0.0	0.0159869442292315	0.0	0.04139632758076258	0.0	0.22107975482491404	0.0	0.0642888657865567	-0.07511184103612756
ENSMUSG00000062132	0.026369339163576547	0.014965100675249421	0.02616303659559735	0.0	0.0	0.0	0.07771501527927362	0.0	0.027358188112037125	0.0	0.0	0.0	0.023238215306853417	0.0	0.0	0.0	0.02473284004949177	0.0	0.026684495710365744	0.0	0.03079736446939997	0.05466072305848852
ENSMUSG00000014503	0.030929827029435177	0.0	0.014117216757943783	0.0	0.0	0.0	0.0	0.0	0.018743345292281374	0.002557905515716191	0.0	0.0	0.016397391589148	0.0	0.009928459019317225	0.0	0.027155663448777324	0.0	0.03940371321418697	0.0	0.006287562463148115	0.07134399924235688
ENSMUSG00000023505	0.033595611889319865	0.0	0.0	0.0	0.0	0.0	0.24294601268170196	0.06770330656735997	0.0349126455149185	0.0	0.0057341103986983475	0.0	0.003184075875721337	0.0	0.0	0.0	0.0	0.009280743206554002	0.452108497900081	0.0	0.07245208067275886	0.34109843407447127
ENSMUSG00000114895	-0.3012291594467712	-0.1921800924362791	-0.19629962240261492	0.0	0.0	0.0	-0.297259223501015	0.0	-0.23888101822470778	0.0	0.0	0.0	-0.19492773204506875	0.0	0.0	0.0	-0.31643094694011814	0.0	-0.952005723968437	0.0	-0.40733614585208705	-0.23614569000513655
ENSMUSG00000032030	0.029960430612125923	0.0	0.01598173028501306	0.0	0.0	0.0	0.1067950886635679	0.0	0.028544509058280994	0.0	0.0	0.014653726938042566	0.030106642368661476	0.0	0.01529403856620974	0.0	0.021222360159364063	0.0	0.4090117637709996	0.0	0.08181848218164665	0.0
ENSMUSG00000005150	0.04627580406716124	0.010027598102031555	0.0	0.0	0.0	0.0	0.0	0.033864347309558784	0.026009654329309583	0.0	0.0	0.0	0.008500693806168698	0.0	0.0	0.0	0.01239058416617408	0.0	0.6997889645808764	-0.03655875777012829	0.10262237481368384	0.21106356995194495
ENSMUSG00000056220	0.0	0.0	0.0	0.0	0.0	0.0	-0.08870866542826722	-0.0637647757525689	-0.010988508061591044	-0.006615321063048051	0.0	0.0	0.0	0.0	0.0	-0.0296443875825378	-0.004528448127218254	0.0	-0.10075061284480136	-0.010817112772104726	-0.007037581367730909	-0.038450946174936794
ENSMUSG00000024681	0.0	-0.011766729783301627	-0.016468001178677128	0.0	0.0	0.0	-0.0998258806304705	0.0	-0.012905102823636746	0.0	0.0	0.0	-0.004100558624017925	0.0	-0.009413611001988582	0.0	0.0	0.0	-0.1924908797462697	-0.03696239096258751	-0.024189917106861768	-0.12989776724024185
ENSMUSG00000101909	-0.2416446759760813	0.0	-0.2430600730381617	0.0	0.0	0.0	-0.27379199752762995	0.0	-0.3441036433881454	0.0	-0.08572509724495436	0.0	-0.06556180818380869	0.0	0.0	0.0	-0.25877550104518304	0.0	-1.4010658864874348	0.0	-0.2772396735234454	-0.03914263637736193
ENSMUSG00000103898	0.022283513444930514	0.0	0.01909253063021164	0.0	0.0	0.0	0.010587588440775387	0.01616813470867016	0.03881592210365385	0.005635842447607398	0.0	0.0	-0.040176740023460625	0.0	0.0	0.0	0.0	0.0	0.2694610243722355	0.0	0.01081441460173925	0.11123232279376286
ENSMUSG00000004069	0.04725229523286495	0.0	0.0	0.0	0.0	0.0	0.021877845402535033	0.0762129864802692	0.03808848159787731	0.0	0.0	0.0	0.04534521613109795	0.0	0.029522064196278633	0.0	0.018648355505636593	0.0	0.2421372638900508	0.0	0.03828508389229847	0.22406525180439135
ENSMUSG00000025142	-0.294975944181614	-0.17061297212745713	-0.15575468565121176	0.0	0.0	0.0	-0.2876121972432778	0.0	-0.25965380896169193	0.0	0.0	0.0	-0.19261437727809336	0.0	0.0	0.0	-0.33918060318600923	0.0	-0.9724110845815269	0.0	-0.3813128636266107	-0.27856681798474253
