	AFF4 mean gb	AFF4 mean promoter	BRD4 mean gb	BRD4 mean promoter	CDK9 mean gb	CDK9 mean promoter	H3K4me3 mean gb	H3K4me3 mean promoter	HEXIM1 mean gb	HEXIM1 mean promoter	RBBP5 mean gb	RBBP5 mean promoter	DPY30 mean gb	DPY30 mean promoter	INTS11 mean gb	INTS11 mean promoter	NELFA mean gb	NELFA mean promoter	ZC3H4 mean gb	ZC3H4 mean promoter	SET1A mean gb	SET1A mean promoter
ENSMUSG00000023092	-0.029438510537147522	-0.14127174019813538	0.00847090408205986	-0.11374571174383163	0.00897133070975542	0.024185555055737495	-0.008794713765382767	-0.17959092557430267	-0.007826182059943676	-0.22886969149112701	0.004324557725340128	-0.022751687094569206	-0.02156643383204937	-0.08612131327390671	-0.01889277994632721	-0.1707211434841156	-0.01739223301410675	-0.22196608781814575	-0.033609434962272644	-0.7043697237968445	0.0029527510050684214	-0.486478716135025
ENSMUSG00000100832	0.008697528392076492	-0.0009940826566889882	-0.001096313470043242	-0.008246934041380882	0.00024132482940331101	-0.0007194826612249017	-0.005604051519185305	-0.06603962928056717	-0.0018888087943196297	0.010425018146634102	0.002586668124422431	0.010725424624979496	0.00015096204879228026	-0.004116689786314964	-0.002601420972496271	-0.08230021595954895	0.008618758991360664	-0.0059331743977963924	-0.0509520024061203	-0.21165232360363007	-0.006896698381751776	-0.1309201568365097
ENSMUSG00000021103	0.008181296288967133	0.01851794682443142	0.0020112209022045135	0.007755106780678034	-0.023888207972049713	0.006660443730652332	0.002538132481276989	0.20993053913116455	0.009835830889642239	0.016308557242155075	-0.01050303690135479	-0.02711690030992031	0.00878563616424799	0.016005899757146835	-0.014086277224123478	0.23967291414737701	0.013543340377509594	0.03368609398603439	0.023966701701283455	0.27327173948287964	-0.0068987286649644375	0.3166007101535797
ENSMUSG00000028234	-0.0002982152218464762	0.011341679841279984	0.004870169330388308	0.05145911127328873	-0.017176847904920578	0.007099144626408815	0.11556297540664673	0.21997684240341187	0.03044264018535614	0.0035964390262961388	-0.0005366551922634244	-0.033314868807792664	0.03736404329538345	-0.002666478045284748	-0.036502644419670105	0.22803056240081787	-0.011499514803290367	0.1006004586815834	0.07112538814544678	0.5865320563316345	0.08929423242807388	0.5672433972358704
ENSMUSG00000115688	0.005212686490267515	0.023797573521733284	-0.012389765121042728	0.02368341200053692	-0.016438307240605354	0.012743161991238594	0.029838308691978455	0.08864372223615646	0.02773135155439377	0.013016224838793278	0.0003529466048348695	-0.01786080189049244	0.007010698784142733	0.003493073396384716	-0.05637463182210922	0.15691758692264557	-0.016234511509537697	0.03654304891824722	0.0802944004535675	0.45725852251052856	0.044497743248939514	0.1975816935300827
ENSMUSG00000101879	-0.10803068429231644	-0.22050966322422028	-0.026485972106456757	-0.05192337557673454	-0.0328693650662899	-0.07932398468255997	0.025736751034855843	-0.1055631935596466	-0.04727441817522049	-0.22943781316280365	-0.01883648708462715	-0.014530365355312824	-0.013789267279207706	-0.02652907930314541	0.04801816865801811	-0.24066951870918274	-0.16050326824188232	-0.27358344197273254	0.2254774421453476	-0.6104251742362976	-0.00779779814183712	-0.41069161891937256
ENSMUSG00000035951	0.021449647843837738	0.03126434236764908	0.008512728847563267	0.02075863815844059	-0.0022394186817109585	-0.0020233578979969025	0.00013461823982652277	-0.06699363887310028	-0.0032205393072217703	0.05377031862735748	-0.0029453805182129145	0.004774279426783323	-0.0015853468794375658	0.01528976671397686	-0.0025889414828270674	-0.02363961935043335	0.0380798764526844	0.04713684692978859	-0.014301581308245659	-0.07889915257692337	-0.00811090786010027	-0.07531505823135376
ENSMUSG00000030693	0.019785268232226372	0.039363596588373184	0.0010119505459442735	0.014912077225744724	-0.008433264680206776	-0.00046967717935331166	-0.0010793900582939386	0.02116706594824791	0.01356237567961216	0.045250896364450455	-0.024059992283582687	-0.007807818707078695	0.00727999210357666	0.016482006758451462	-0.025941088795661926	0.0038785787764936686	0.03612027317285538	0.02974175475537777	0.05072382837533951	0.1603536456823349	0.015754589810967445	0.06080642715096474
ENSMUSG00000104117	0.017716577276587486	0.030485279858112335	0.004432759713381529	0.013815552927553654	-0.004008582793176174	0.0011305785737931728	-0.0018990259850397706	-0.09580660611391068	0.009162407368421555	0.04331588372588158	-0.0057745748199522495	0.010462973266839981	0.0024734260514378548	0.005909875500947237	-0.006254485342651606	0.05063526704907417	0.020207440480589867	0.03864168003201485	-0.027564847841858864	-0.114371158182621	-0.00687275780364871	-0.1319686621427536
ENSMUSG00000102690	0.006492590997368097	0.005869721062481403	0.022824451327323914	-0.0030546216294169426	-0.010575490072369576	-0.004244116134941578	-0.007045415695756674	-0.0652078166604042	0.013176573440432549	0.020520519465208054	-0.006171212065964937	0.003577564610168338	-0.0016779021825641394	-0.002089112065732479	-0.008847932331264019	-0.024728015065193176	0.047535959631204605	0.02560877986252308	-0.04757953807711601	-0.03740067407488823	-0.0078066568821668625	-0.030549567192792892
ENSMUSG00000032271	0.009718754328787327	0.025038326159119606	0.006215148605406284	-0.0016712675569579005	-0.009037367068231106	0.000960407080128789	0.0011154188541695476	-0.060383133590221405	0.014249717816710472	0.04718686640262604	-0.007223898079246283	0.01783054508268833	0.00964224524796009	0.014454859308898449	-0.008645548485219479	0.09284431487321854	0.03636550530791283	0.04566311463713646	0.08524275571107864	0.010981215164065361	-0.005298882257193327	-0.01618853770196438
ENSMUSG00000114711	-0.10803068429231644	-0.22050966322422028	-0.026485972106456757	-0.05192337557673454	-0.0328693650662899	-0.07932398468255997	0.025736751034855843	-0.1055631935596466	-0.04727441817522049	-0.22943781316280365	-0.01883648708462715	-0.014530365355312824	-0.013789267279207706	-0.02652907930314541	0.04801816865801811	-0.24066951870918274	-0.16050326824188232	-0.27358344197273254	0.2254774421453476	-0.6104251742362976	-0.00779779814183712	-0.41069161891937256
ENSMUSG00000102940	-0.009259931743144989	0.01991102658212185	0.011287336237728596	0.0006619403720833361	-0.0009884091559797525	-0.0038601418491452932	-0.016439395025372505	-0.08477327227592468	0.004645667038857937	0.033751148730516434	0.0049294959753751755	0.0042157405987381935	0.03466442972421646	-0.00019292139040771872	-0.002981778932735324	-0.0814204216003418	-0.02694079838693142	0.0036583843175321817	-0.02014259062707424	-0.10654672980308533	-0.010021070018410683	-0.06516265124082565
ENSMUSG00000106940	0.03440997749567032	0.04401035234332085	0.00360850989818573	0.03165272995829582	0.0002599235449451953	0.0026472851168364286	0.0020446651615202427	-0.028785385191440582	0.021797403693199158	0.02883436717092991	-0.013949212618172169	-0.003720753826200962	0.006382545921951532	0.007119542453438044	-0.003960638772696257	-0.04594442993402481	0.013443765230476856	0.046453677117824554	0.05076611414551735	0.07443847507238388	0.001966853393241763	-0.03487277776002884
ENSMUSG00000033576	0.029791126027703285	0.020331816747784615	0.008279897272586823	0.021933667361736298	-0.008294856175780296	0.001805557869374752	0.0012027675984427333	-0.03987065702676773	0.011629557237029076	0.05362718179821968	-0.013273599557578564	0.011701968498528004	0.0037213796749711037	0.019082577899098396	-0.004755073692649603	-0.006336974445730448	0.03803079202771187	0.02906876988708973	0.05336558818817139	-0.03496108576655388	7.716852269368246e-05	-0.015798475593328476
ENSMUSG00000043487	0.005657255183905363	0.021281981840729713	0.005178940948098898	0.010426271706819534	-0.020941872149705887	0.0026847526896744967	-0.004082853905856609	0.16000890731811523	0.013676643371582031	0.013706276193261147	-0.017404727637767792	-0.02555086836218834	0.002656692871823907	0.01844768226146698	-0.018921632319688797	0.2620480954647064	0.023589663207530975	0.0625433400273323	0.004500670358538628	0.1244761049747467	-0.00731399841606617	0.1435008943080902
ENSMUSG00000037876	0.008670108392834663	0.012877056375145912	0.0006777815287932754	0.020734503865242004	-0.02419334650039673	0.0024765226989984512	0.015280216000974178	0.18268750607967377	0.014649441465735435	0.016433849930763245	-0.020617632195353508	-0.028084322810173035	0.013734212145209312	0.016792647540569305	-0.022586427628993988	0.18001453578472137	0.015743542462587357	0.037129685282707214	0.046222999691963196	0.23274442553520203	-0.0009441996226087213	0.1753968745470047
ENSMUSG00000037636	0.0012393335346132517	-0.012518759816884995	0.0007840397884137928	0.014102112501859665	0.002326168119907379	-0.0028048160020262003	0.013925786130130291	0.1829165667295456	-0.0074547529220581055	0.009351653978228569	-0.005587699823081493	-0.009750581346452236	0.015694722533226013	0.012105370871722698	-0.019656699150800705	0.29205772280693054	0.008179006166756153	0.0460365004837513	0.07786580920219421	0.32072994112968445	-0.00715008145198226	0.1227075383067131
ENSMUSG00000041358	-0.015397963114082813	0.03476855531334877	-0.01195675227791071	0.012702368199825287	0.012835923582315445	-0.0013305682223290205	-0.012364071793854237	-0.1012481153011322	-0.025871824473142624	0.028059616684913635	0.0405682772397995	-0.0015433559892699122	0.00303389853797853	0.016050541773438454	0.01149670872837305	-0.1051773801445961	-0.02986106090247631	0.0464630126953125	-0.09956471621990204	0.05052456259727478	-0.012166280299425125	-0.0197068490087986
ENSMUSG00000004071	0.00709511199966073	0.02187437005341053	0.002119671320542693	0.024402305483818054	-0.008359150029718876	0.009355257265269756	0.008590823039412498	0.24592508375644684	0.00852261297404766	0.012084721587598324	-0.009265486150979996	-0.017657727003097534	0.002702127443626523	0.015893355011940002	-0.01885717175900936	0.31657227873802185	0.01054344978183508	0.07306040078401566	0.0006109805544838309	0.41676196455955505	-0.007948453538119793	0.3360237777233124
ENSMUSG00000020457	0.006331661716103554	0.023105116561055183	-0.005494873039424419	0.03919205442070961	-0.01817367598414421	0.009680109098553658	0.023962615057826042	0.2811206579208374	0.02132992446422577	0.010163586586713791	-5.202918146096636e-06	-0.011116305366158485	0.022367050871253014	0.002216577297076583	-0.024096310138702393	0.30261313915252686	-0.014864598400890827	0.08773230761289597	0.04314843565225601	0.6165068745613098	0.002786479890346527	0.45667678117752075
ENSMUSG00000027860	0.008739587850868702	0.016822637990117073	-0.00797339528799057	0.023777952417731285	-0.022477149963378906	0.004792347550392151	0.020062565803527832	0.20210391283035278	0.021819112822413445	0.01289606373757124	-0.014276616275310516	-0.0363747701048851	0.018730616196990013	0.01043112762272358	-0.03877098858356476	0.2671048045158386	0.0035640380810946226	0.05167656019330025	0.1081959530711174	0.3314095437526703	0.009432520717382431	0.18331307172775269
ENSMUSG00000115076	0.010140473954379559	0.018304266035556793	0.006894128397107124	0.019963355734944344	-0.008724928833544254	0.011368000879883766	0.0014474412892013788	0.029220860451459885	0.016492491587996483	0.029453957453370094	-0.0016249066684395075	-0.00916614942252636	0.014457880519330502	0.01560027152299881	-0.019662899896502495	0.18836204707622528	0.01816319301724434	0.05147022753953934	0.019756484776735306	0.45703235268592834	-0.00492254039272666	0.15907099843025208
ENSMUSG00000048620	0.017585787922143936	-0.003275148570537567	0.005791845265775919	0.009173683822154999	-0.0011142556322738528	-0.008521992713212967	-0.0072965617291629314	-0.07179929316043854	0.00851876474916935	0.05529280751943588	0.0005357752670533955	0.0020309966057538986	0.0014126619789749384	0.0059175072237849236	-0.002476417925208807	-0.02077745646238327	-0.0008605180191807449	0.011847772635519505	-0.03887799009680748	-0.0796586200594902	-0.006771387532353401	-0.05304684117436409
ENSMUSG00000028785	0.019425397738814354	0.021933646872639656	0.002785379532724619	0.007088012527674437	-0.009174609556794167	-0.0014293714193627238	0.005738367326557636	0.0668804869055748	0.015655850991606712	0.0398130789399147	-0.018641386181116104	-0.009022356942296028	0.006278684362769127	0.015248366631567478	-0.026134250685572624	-0.03409462794661522	0.029837720096111298	0.02571415901184082	0.05715646222233772	0.12603431940078735	0.009814738295972347	0.11760172247886658
ENSMUSG00000025453	-0.047136202454566956	-0.17884288728237152	0.0059820557944476604	-0.10260376334190369	0.005547353532165289	-0.0020780996419489384	0.017258355394005775	-0.14349719882011414	-0.006325866561383009	-0.2660808265209198	0.0002931304625235498	-0.03306422382593155	-0.026311077177524567	-0.07297515869140625	-0.019320622086524963	-0.15783195197582245	-0.03398536145687103	-0.2536415755748749	0.0038191475905478	-0.6458544135093689	0.02197008579969406	-0.4483072757720947
ENSMUSG00000036882	0.013358832336962223	0.025283223018050194	0.0029374032747000456	0.005024595186114311	-0.011175273917615414	0.008174771443009377	0.006282951217144728	0.1522192656993866	0.017289811745285988	0.021881718188524246	-0.021822895854711533	-0.028895767405629158	0.005902037024497986	0.017588084563612938	-0.03238924592733383	0.15176106989383698	0.02470056712627411	0.05795019119977951	0.008316926658153534	0.18135683238506317	-0.0049060327000916	0.20152181386947632
ENSMUSG00000096929	0.0080230962485075	0.02156228944659233	0.0034332498908042908	0.02114151045680046	-0.016850553452968597	0.0042243050411343575	-0.0023402650840580463	0.20914477109909058	0.00954253226518631	0.009733368642628193	-0.009533647447824478	-0.028133368119597435	0.004284443333745003	0.01733451336622238	-0.015488836914300919	0.2692309617996216	0.01456916332244873	0.05155198276042938	0.02161070518195629	0.23317651450634003	-0.007831794209778309	0.22142332792282104
ENSMUSG00000034145	0.012209136039018631	0.022668614983558655	0.007721564266830683	0.014611762948334217	-0.01229412667453289	0.005144611466675997	0.0034701486583799124	0.12404704093933105	0.015610729344189167	0.02341451495885849	-0.018768206238746643	-0.0191762987524271	0.0020067840814590454	0.019436731934547424	-0.02570710889995098	0.20524458587169647	0.027824943885207176	0.04045585170388222	0.0035107850562781096	0.14888718724250793	-0.006326320581138134	0.10605660080909729
ENSMUSG00000044359	-0.002216669265180826	-9.345709258923307e-05	0.007044016849249601	0.00755289988592267	0.009797320701181889	0.000932642025873065	-0.0098902378231287	-0.06759783625602722	-0.00016076378233265132	-0.024613771587610245	0.002574917394667864	0.008720683865249157	-0.0041854530572891235	0.0007590656168758869	-0.005792704410851002	-0.13940902054309845	0.00024779560044407845	-0.005742117762565613	-0.026889802888035774	-0.06875135004520416	-0.00516240019351244	-0.11456836760044098
ENSMUSG00000089794	0.020389558747410774	0.019788797944784164	0.006153190042823553	0.02490837126970291	-0.0010859237518161535	0.004553964827209711	-0.0033265689853578806	-0.052358560264110565	0.016525739803910255	0.042629174888134	-0.0028154405299574137	0.0069503760896623135	0.002197470748797059	0.008318483829498291	-0.005939553491771221	-0.030550388619303703	0.024127662181854248	0.039184555411338806	-0.03797169774770737	-0.18387529253959656	-0.006121921353042126	-0.05199778452515602
ENSMUSG00000051920	0.002572109689936042	0.02259991317987442	-0.0011872929753735662	0.022255003452301025	-0.012668208219110966	0.006371177267283201	-0.002924644621089101	0.13132481276988983	-0.00015829037874937057	0.02056170254945755	0.0017686141654849052	-0.026089539751410484	0.0012105603236705065	0.01775924488902092	-0.003525438951328397	0.11586829274892807	0.013959034346044064	0.060299601405858994	-0.05367710441350937	-0.03269742801785469	-0.006374442018568516	0.07546766102313995
ENSMUSG00000019370	0.007887311279773712	0.018580937758088112	-0.0034043409395962954	0.03082059696316719	-0.018007198348641396	0.006494052242487669	0.014003288000822067	0.2827891409397125	0.01817302778363228	0.010851945728063583	-0.006972087547183037	-0.03190513327717781	0.01038968563079834	0.01606476865708828	-0.015711039304733276	0.3169914484024048	0.005273934453725815	0.07581533491611481	0.024757983162999153	0.40820562839508057	-0.006610661279410124	0.4351159930229187
ENSMUSG00000108991	0.011122009716928005	0.034353505820035934	0.0038939116057008505	0.02252928540110588	-0.01158443558961153	0.00035396605380810797	-0.00419192248955369	-0.13355737924575806	0.010647213086485863	0.04788637161254883	-0.007135116960853338	0.01210599672049284	0.01401362195611	0.014622939750552177	0.0033462930005043745	0.0047536687925457954	0.018889721482992172	0.03722958266735077	-0.00911609549075365	-0.09224405139684677	-0.010893914848566055	-0.05750814825296402
ENSMUSG00000116660	0.019630899652838707	0.025078367441892624	0.00845466647297144	0.011312638409435749	-0.011012207716703415	0.0028876319993287325	-0.001929350895807147	-0.00035082499380223453	0.016947589814662933	0.028596991673111916	-0.01636325754225254	0.009905732236802578	0.003099065972492099	0.019282789900898933	-0.01944461651146412	0.06718674302101135	0.03781391680240631	0.045226193964481354	-0.0026342805940657854	0.07265494018793106	-0.0045773182064294815	-0.008436348289251328
ENSMUSG00000048216	0.018211331218481064	0.00864483043551445	-0.0032115739304572344	-0.008584048599004745	-0.017403971403837204	0.00016281759599223733	0.019155113026499748	0.06667573004961014	0.01041965838521719	0.017701556906104088	-0.02712017484009266	-0.003934727516025305	0.012891240417957306	0.013250481337308884	-0.045459698885679245	0.06180756166577339	0.010014943778514862	0.014198936522006989	0.05954238772392273	0.14725102484226227	0.010454528033733368	0.06951736658811569
ENSMUSG00000027810	0.006645125336945057	0.019451981410384178	-0.0010667047463357449	0.03621495142579079	-0.0266716368496418	0.004483204800635576	0.010399249382317066	0.32281655073165894	0.010212527588009834	0.011370409280061722	-0.00999821349978447	-0.01929677650332451	0.008818271569907665	0.011187362484633923	-0.02052925154566765	0.3405986428260803	0.004284044727683067	0.06794020533561707	0.05686921998858452	0.41624343395233154	-0.0064088935032486916	0.4082289934158325
ENSMUSG00000097378	0.007576830219477415	0.01943807117640972	-0.0017790069105103612	0.02245393954217434	-0.023734048008918762	0.005133599042892456	0.024257216602563858	0.2265307605266571	0.014914100989699364	0.011654513888061047	-0.010589591227471828	-0.038575638085603714	0.0008062403649091721	0.012813324108719826	-0.0145069919526577	0.29269373416900635	0.007931465283036232	0.052410777658224106	0.07853850722312927	0.34261834621429443	0.002706976840272546	0.26801803708076477
ENSMUSG00000002910	0.00701151555404067	0.02164190076291561	-0.0019445883808657527	0.016802269965410233	-0.009553328156471252	0.0049124970100820065	0.026034830138087273	0.19217416644096375	0.015067998319864273	0.01092602126300335	-0.008141583763062954	-0.022072050720453262	-0.002681878861039877	0.014598656445741653	-0.0027420339174568653	0.26718297600746155	0.010606486350297928	0.06252339482307434	0.07389391213655472	0.2880333662033081	0.001794623676687479	0.3336094915866852
ENSMUSG00000106060	0.027287021279335022	0.02567325532436371	0.009658414870500565	0.01076976303011179	-0.00018452579388394952	-0.0017446529818698764	-0.003382013412192464	-0.06057567894458771	0.017049515619874	0.04488013684749603	0.010869599878787994	0.011311281472444534	0.006199664901942015	0.00631300313398242	-0.00395294139161706	-0.010127322748303413	0.028183622285723686	0.05430329218506813	-0.04140642285346985	-0.14085005223751068	-0.0074485731311142445	-0.07205455750226974
ENSMUSG00000051827	0.007408973760902882	0.011552585288882256	-0.0036483481526374817	0.018809208646416664	0.002339036902412772	-0.003976210951805115	-0.008062095381319523	-0.05080665275454521	0.003169161267578602	0.012946936301887035	-0.0019414982525631785	0.0073695736937224865	-0.0014070577453821898	0.003915467765182257	0.0036320083308964968	-0.08892351388931274	0.002535480773076415	0.017095573246479034	-0.006415721960365772	-0.06359085440635681	-0.007595323957502842	-0.09155590832233429
ENSMUSG00000120555	0.025769848376512527	0.018033280968666077	0.00745683116838336	0.011976981535553932	0.0046082232147455215	-0.0022244928404688835	-0.0047109536826610565	-0.06278268247842789	-0.0049110171385109425	0.04162993282079697	-0.01213354803621769	0.000900103768799454	-0.00243407697416842	0.020190518349409103	-0.018647532910108566	0.03131517022848129	0.035982679575681686	0.05247894674539566	-0.07245668768882751	-0.045840416103601456	-0.011304093524813652	-0.025714635848999023
ENSMUSG00000090315	-0.006960645318031311	-0.008415686897933483	-0.004458761308342218	0.0008192162495106459	3.5639746783999726e-05	-0.0018911984516307712	-0.011741280555725098	-0.08553209155797958	-0.008906818926334381	0.004578130319714546	0.004588857758790255	0.008732404559850693	-0.0009841722203418612	0.007476338651031256	-0.0038361712358891964	-0.09302367269992828	-0.013277712278068066	-0.005678274668753147	-0.050322066992521286	-0.12778550386428833	-0.00802423246204853	-0.06662998348474503
ENSMUSG00000103757	-0.10803068429231644	-0.22050966322422028	-0.026485972106456757	-0.05192337557673454	-0.0328693650662899	-0.07932398468255997	0.025736751034855843	-0.1055631935596466	-0.04727441817522049	-0.22943781316280365	-0.01883648708462715	-0.014530365355312824	-0.013789267279207706	-0.02652907930314541	0.04801816865801811	-0.24066951870918274	-0.16050326824188232	-0.27358344197273254	0.2254774421453476	-0.6104251742362976	-0.00779779814183712	-0.41069161891937256
ENSMUSG00000002007	-0.006711304187774658	-0.1332414448261261	-0.004464680328965187	-0.025536973029375076	-0.011906487867236137	-0.07037396728992462	-0.00697645079344511	-0.07634876668453217	-0.0010482566431164742	-0.07659631967544556	-0.013901706784963608	-0.03795953840017319	0.009574235416948795	-0.02093874290585518	-0.004304176662117243	-0.08780081570148468	-0.00853619072586298	-0.20795629918575287	0.06214805692434311	0.031440217047929764	-0.005373896565288305	-0.19389508664608002
ENSMUSG00000070717	0.009148824959993362	0.01733500324189663	0.002885549096390605	0.01921485736966133	-0.03960832953453064	0.0028567719273269176	0.037045918405056	0.20631790161132812	0.013885682448744774	0.010765020735561848	-0.033854890614748	-0.027668507769703865	0.008825737051665783	0.0112000135704875	-0.02458796463906765	0.24147658050060272	0.008922305889427662	0.046122726052999496	0.12147875130176544	0.28746697306632996	0.021176369860768318	0.28344666957855225
ENSMUSG00000063751	0.0047457218170166016	0.026352399960160255	-0.003885245881974697	0.03123347833752632	-0.015205319970846176	0.010431460104882717	0.02564280480146408	0.17248746752738953	0.023817231878638268	0.014758028090000153	-0.00024983889306895435	-0.0045187934301793575	0.019415462389588356	0.007758222054690123	-0.022077621892094612	0.13504302501678467	-0.00648457370698452	0.049561262130737305	0.0664864182472229	0.602830708026886	0.018108773976564407	0.2348494976758957
ENSMUSG00000102739	-0.10803068429231644	-0.22050966322422028	-0.026485972106456757	-0.05192337557673454	-0.0328693650662899	-0.07932398468255997	0.025736751034855843	-0.1055631935596466	-0.04727441817522049	-0.22943781316280365	-0.01883648708462715	-0.014530365355312824	-0.013789267279207706	-0.02652907930314541	0.04801816865801811	-0.24066951870918274	-0.16050326824188232	-0.27358344197273254	0.2254774421453476	-0.6104251742362976	-0.00779779814183712	-0.41069161891937256
ENSMUSG00000115019	6.0917525843251497e-05	-0.007873292081058025	-0.0023345102090388536	-0.005655866116285324	0.006998792756348848	-0.005825097672641277	-0.0076995305716991425	-0.07222817838191986	-0.01277344673871994	0.010545292869210243	0.0049667758867144585	0.0011470504105091095	0.004137426149100065	0.006239752750843763	-0.009419816546142101	0.10077407956123352	0.0015591814881190658	0.04826423153281212	-0.006459683645516634	-0.0477326363325119	-0.004725298378616571	0.03615793585777283
ENSMUSG00000038949	0.010136855766177177	0.018448904156684875	-0.0013549855211749673	0.02079474925994873	-0.02264641970396042	0.0038777804002165794	0.009060850366950035	0.29142072796821594	0.016700219362974167	0.012318641878664494	-0.013152334839105606	-0.02483283542096615	0.017921235412359238	0.01284694578498602	-0.029381919652223587	0.31735700368881226	0.004032578319311142	0.06448811292648315	0.018400492146611214	0.40887582302093506	-0.00796676054596901	0.41737449169158936
ENSMUSG00000058028	0.018273742869496346	0.029074804857373238	0.013360565528273582	0.0172073096036911	-0.008467163890600204	0.003550316672772169	0.001678336295299232	-0.030769502744078636	0.018663566559553146	0.028879759833216667	-0.004630724899470806	-0.007360674906522036	0.0029637364204972982	0.011680812574923038	-0.01664036512374878	0.08334245532751083	0.03687794506549835	0.053338661789894104	0.005183445289731026	0.08310579508543015	-0.0013451840495690703	-0.009748696349561214
ENSMUSG00000054589	0.007368370890617371	0.03155393898487091	0.0030199799221009016	0.023645764216780663	-0.019261516630649567	0.0011019903467968106	-0.0035446672700345516	0.19933123886585236	0.008208933286368847	0.0168132446706295	-0.013482333160936832	-0.02103535458445549	0.001515309326350689	0.01802460476756096	-0.014453036710619926	0.26149147748947144	0.01596466451883316	0.055030159652233124	-0.010711387731134892	0.18812617659568787	-0.006197763606905937	0.14958029985427856
ENSMUSG00000097820	0.006845884956419468	0.017603909596800804	-0.002240580040961504	0.021596625447273254	-0.01528813224285841	0.008080809377133846	0.015237025916576385	0.25115737318992615	0.01867079548537731	0.011584579944610596	-0.0021945638582110405	-0.021308816969394684	-0.01125023327767849	0.01031343825161457	-0.004653200041502714	0.28876689076423645	0.0018164899665862322	0.04919089749455452	0.07554931193590164	0.351472407579422	-0.002447251696139574	0.335283100605011
ENSMUSG00000106375	0.002678691642358899	0.00557065149769187	0.0012637345353141427	0.018404625356197357	-0.009913039393723011	0.001597950467839837	0.06653065234422684	-0.0107587780803442	0.017183778807520866	0.0203673355281353	0.005711681209504604	-0.011198976077139378	0.0007751758676022291	0.011804481968283653	0.0066366554237902164	0.004680253099650145	0.014514424838125706	0.030816588550806046	0.12436165660619736	0.22576551139354706	0.03284018859267235	0.021343016996979713
ENSMUSG00000022663	0.0018619868205860257	0.019763832911849022	0.0013398559531196952	0.0158870629966259	-0.018373630940914154	0.006816853769123554	0.0003869400534313172	0.2976248264312744	-0.0017335126176476479	0.012414365075528622	-0.009765583090484142	-0.024169132113456726	0.004300450906157494	0.014939798042178154	-0.0038991591427475214	0.3603559136390686	0.009533525444567204	0.0670553520321846	0.016961123794317245	0.38824066519737244	-0.00797237642109394	0.34051743149757385
ENSMUSG00000043366	0.0036819768138229847	0.0012347573647275567	0.0006245638942345977	0.007547381334006786	-0.0043930793181061745	-0.0009980215691030025	-0.008981755003333092	-0.07001663744449615	-0.0013744401512667537	0.033917274326086044	0.002649456262588501	0.012963562272489071	0.0045021902769804	0.010766047053039074	0.0004920064238831401	-0.08792569488286972	0.012073110789060593	0.004907981958240271	-0.02404978685081005	-0.11811383068561554	-0.008444425649940968	-0.03746397793292999
ENSMUSG00000027347	0.010477708652615547	0.01693948172032833	0.004351824522018433	0.018305478617548943	-0.023535415530204773	0.001167119829915464	-0.003057227237150073	0.18991082906723022	0.009008259512484074	0.012972315773367882	-0.016168661415576935	-0.02146114595234394	0.0037550681736320257	0.01781255006790161	-0.02220972254872322	0.23574265837669373	0.019193895161151886	0.06414369493722916	-0.003407278098165989	0.1058182418346405	-0.007457958068698645	0.12054320424795151
ENSMUSG00000087095	0.009046101942658424	0.025050172582268715	0.006478246301412582	0.009393958374857903	-0.007656173314899206	0.0028988986741751432	-0.0002185184130212292	0.07918602973222733	0.009972181171178818	0.017653506249189377	-0.010322358459234238	-0.015499182045459747	-0.0010119655635207891	0.013039657846093178	-0.021580420434474945	0.11619151383638382	0.018537677824497223	0.05369897931814194	-0.0428018793463707	-0.1375710815191269	-0.006827790755778551	-0.0365627184510231
ENSMUSG00000103292	0.015891995280981064	0.033434946089982986	0.017466533929109573	0.013965601101517677	-0.008106532506644726	0.0010664715664461255	0.0012646049726754427	-0.039322976022958755	0.015189217403531075	0.022763065993785858	-0.009226568974554539	-0.007275163661688566	-0.006820593029260635	0.019056398421525955	-0.005900702904909849	0.042566556483507156	0.02419945038855076	0.054837509989738464	0.025144653394818306	0.34972643852233887	-0.004399098921567202	0.10132694989442825
ENSMUSG00000049680	0.00736231217160821	0.01833571493625641	-0.007763591594994068	0.03237749636173248	-0.020235268399119377	0.009970773011446	0.021426178514957428	0.24161268770694733	0.02327158860862255	0.011607781983911991	-0.01055474765598774	-0.02969944290816784	0.021866582334041595	0.008649478666484356	-0.036515530198812485	0.3056688606739044	-0.005435813218355179	0.07364854216575623	0.047378137707710266	0.5526552796363831	0.0009421416907571256	0.37063995003700256
ENSMUSG00000029198	0.004157066810876131	0.013716177083551884	-0.0037571785505861044	0.019755683839321136	-0.006786724552512169	0.0028733236249536276	0.028566958382725716	0.2867280840873718	0.008668347261846066	0.00892267283052206	-0.008848770521581173	-0.018320489674806595	0.005174677353352308	0.012354671023786068	-0.0024301873054355383	0.2952939569950104	0.008424212224781513	0.06308348476886749	0.07642293721437454	0.3378077447414398	-0.0055732266046106815	0.396432489156723
ENSMUSG00000031995	0.01144828088581562	0.024326980113983154	-0.00015013809024821967	0.019326120615005493	-0.01697305031120777	0.006158209405839443	0.010108022950589657	0.1759774535894394	0.01834055222570896	0.019530776888132095	-0.017979003489017487	-0.021573808044195175	0.009749322198331356	0.01573934592306614	-0.031098265200853348	0.21773435175418854	0.018575068563222885	0.04295759275555611	0.06944555789232254	0.21608327329158783	-0.0030017441604286432	0.1838548332452774
ENSMUSG00000014453	-0.0013760544825345278	0.015029150992631912	0.0004800814494956285	0.003117749933153391	0.004347524140030146	-0.013379178941249847	-0.01048799604177475	-0.10293983668088913	-0.009467652067542076	0.01063129398971796	0.004204190336167812	0.007820802740752697	-0.004658164922147989	-0.001191335148178041	-0.004075086675584316	0.010092932730913162	0.004075473174452782	0.01747000962495804	-0.02888704463839531	-0.08483321219682693	-0.00784122385084629	-0.038214460015296936
ENSMUSG00000032224	0.010139402002096176	0.02408168464899063	0.0039171795360744	0.016915952786803246	-0.019040310755372047	0.007816006429493427	0.008098519407212734	0.21798910200595856	0.01823398470878601	0.013838597573339939	-0.014834246598184109	-0.024610411375761032	0.00908423401415348	0.01596415601670742	-0.02574118785560131	0.23198364675045013	0.019871646538376808	0.0686463862657547	0.01296450849622488	0.30132099986076355	-0.007380688562989235	0.22226367890834808
ENSMUSG00000107240	0.011972921900451183	0.022620048373937607	-0.0006158695905469358	0.015337977558374405	0.005938757210969925	0.006589620839804411	-0.006702023092657328	0.19682474434375763	0.029538705945014954	0.019906651228666306	0.013839486055076122	-0.023704292252659798	-0.009373682551085949	0.019591672345995903	-0.0031105049420148134	0.21929332613945007	0.025231435894966125	0.045118335634469986	0.020252468064427376	0.12628087401390076	-0.007266046479344368	0.15703965723514557
ENSMUSG00000110020	0.008832692168653011	0.016377829015254974	-0.01184258982539177	0.024698268622159958	-0.0121657969430089	0.0012219367781654	0.020344050601124763	0.1941346377134323	0.022582409903407097	0.013886884786188602	-0.036787379533052444	-0.016283752396702766	0.02338484488427639	0.011739317327737808	-0.06418300420045853	0.13890781998634338	0.0014754232252016664	0.03718892112374306	0.06042568385601044	0.3552705645561218	0.02288457378745079	0.3334883451461792
ENSMUSG00000120740	0.011743171140551567	0.024437379091978073	0.0028365447651594877	0.02993307076394558	-0.02435278333723545	0.00883471593260765	0.00803742092102766	0.26681235432624817	0.013769570738077164	0.01639014482498169	-0.0009237885242328048	-0.01543657761067152	-0.00863251369446516	0.015215341933071613	-0.006269422359764576	0.3124772906303406	0.010966071859002113	0.07703344523906708	0.03267257288098335	0.3498365879058838	-0.008397904224693775	0.3787823021411896
ENSMUSG00000031709	0.008927006274461746	0.029781624674797058	0.0016103093512356281	0.026624832302331924	-0.019563540816307068	0.008078140206634998	0.006993086542934179	0.218503937125206	0.016882402822375298	0.018615763634443283	-0.010498473420739174	-0.013951127417385578	0.008450819179415703	0.011270121671259403	-0.0324581004679203	0.2725551128387451	0.005869782064110041	0.08211156725883484	0.03743935376405716	0.540625274181366	-0.006534196902066469	0.2613253891468048
ENSMUSG00000020413	0.00966157577931881	0.023266077041625977	0.002104697283357382	0.024960413575172424	-0.02159353531897068	0.008030368946492672	0.003328082850202918	0.25074148178100586	0.0172214787453413	0.014386254362761974	-0.005634327419102192	-0.024965940043330193	0.001653226907365024	0.015006911009550095	-0.020591678097844124	0.3177982270717621	0.0110987089574337	0.056977529078722	0.0366157628595829	0.35195109248161316	-0.007688006851822138	0.31200215220451355
ENSMUSG00000086175	0.015422442927956581	-0.0010041003115475178	0.008383375592529774	0.0285816453397274	-0.003515410702675581	0.002291467972099781	-0.0015776515938341618	-0.06993241608142853	0.008260974660515785	0.044742509722709656	-0.010555868037045002	-0.0005223775515332818	0.0009504902991466224	0.015343465842306614	-0.0062979417853057384	-0.0012620494235306978	0.029941760003566742	0.037999991327524185	-0.007173569407314062	-0.05138278007507324	-0.006629434879869223	-0.046789027750492096
ENSMUSG00000029286	0.018184805288910866	0.016435548663139343	0.00582820875570178	0.002422298537567258	-0.0034467396326363087	-0.0025885715149343014	-0.008286464028060436	-0.07022932916879654	0.004463065881282091	0.01271474827080965	-0.00019567858544178307	0.009143538773059845	0.005743458867073059	0.01008506678044796	-0.0042184158228337765	-0.11985054612159729	0.011153928935527802	0.020746706053614616	-0.024159081280231476	-0.08538074791431427	-0.008911297656595707	-0.030797844752669334
ENSMUSG00000037031	0.011716332286596298	0.021121365949511528	0.004826893098652363	0.014357698149979115	-0.018517663702368736	0.001329760067164898	0.0043532769195735455	0.19690103828907013	0.015462314710021019	0.018589576706290245	-0.016714392229914665	-0.019779732450842857	0.007317427545785904	0.018379656597971916	-0.027558624744415283	0.25388699769973755	0.02330085076391697	0.0435902401804924	-0.008891338482499123	0.1694193333387375	-0.00738144526258111	0.17917491495609283
ENSMUSG00000006005	0.005003333557397127	0.017590217292308807	-0.0010507275583222508	0.017021728679537773	-0.02113211713731289	0.006248933263123035	0.018435467034578323	0.2896484434604645	0.007830518297851086	0.007397836074233055	-0.006339074578136206	-0.02427903190255165	0.018103085458278656	0.00972045585513115	-0.006472031585872173	0.33242958784103394	0.004597967490553856	0.06960338354110718	0.045391011983156204	0.4898489713668823	-0.0042214831337332726	0.478690505027771
ENSMUSG00000035456	0.008711811155080795	0.02819141000509262	0.003974242135882378	0.011124580167233944	-0.019383644685149193	0.0013579247752204537	0.0069411275908350945	0.11923374235630035	0.007842671126127243	0.022395383566617966	-0.015141691081225872	-0.0182756707072258	0.004739759955555201	0.015687834471464157	-0.030432479456067085	0.17633365094661713	0.024498557671904564	0.0505489856004715	0.0142059950158	0.14799264073371887	-0.004373831208795309	0.08086130768060684
ENSMUSG00000104645	-0.07305830717086792	-0.13378070294857025	0.1090083047747612	-0.0939209908246994	-0.00019267122843302786	-0.01908823661506176	-0.01350631844252348	-0.17974144220352173	0.0015604880172759295	-0.1765853762626648	0.011680659838020802	0.015539138577878475	-0.010096387937664986	-0.04933978244662285	0.0059930249117314816	-0.21690130233764648	-0.0047039673663675785	-0.24208173155784607	0.000993299880065024	-0.6832046508789062	-0.03508567810058594	-0.4684390723705292
ENSMUSG00000102570	0.0314006432890892	0.032964810729026794	0.018393980339169502	0.01870635151863098	-0.002952930051833391	-0.0011534263612702489	-0.00019525678362697363	-0.0509878434240818	0.00990587193518877	0.027503805235028267	-0.0020590766798704863	0.005477162078022957	0.004405458923429251	0.007272736635059118	-0.0030014205258339643	-0.050179190933704376	0.02839735522866249	0.0477260984480381	0.026795368641614914	-0.01499314233660698	-0.00697440467774868	-0.03894747793674469
ENSMUSG00000027173	0.008997469209134579	0.02398163639008999	-0.0016368546057492495	0.02786928601562977	-0.021783379837870598	0.006629166193306446	0.012992075644433498	0.198471799492836	0.017248883843421936	0.015003128908574581	-0.009526311419904232	-0.023133322596549988	0.015592680312693119	0.011561249382793903	-0.026118896901607513	0.2942783832550049	0.00615000119432807	0.06497489660978317	0.06760556995868683	0.4293113946914673	-0.004366764798760414	0.2454003393650055
ENSMUSG00000091114	0.012978131882846355	0.03958422690629959	0.009635210037231445	0.027921559289097786	-0.006609357427805662	-0.001570210326462984	-0.00345104793086648	-0.05163043364882469	0.012688654474914074	0.05944614112377167	-0.00944384466856718	0.00023156286624725908	-0.0007862799102440476	0.017543619498610497	-0.0053342897444963455	-0.0027441775891929865	0.04162558913230896	0.039473917335271835	-0.030313946306705475	-0.04537496715784073	-0.004634542856365442	-0.06136321648955345
ENSMUSG00000018433	0.01108228787779808	0.023696253076195717	-0.002480916678905487	0.02259182184934616	-0.02688542567193508	0.005459978710860014	0.009527260437607765	0.2182987928390503	0.02090960554778576	0.015582489781081676	-0.014764883555471897	-0.02012096717953682	0.013895338401198387	0.012913656421005726	-0.025692341849207878	0.27096113562583923	0.007786761969327927	0.061307162046432495	0.067550428211689	0.33262038230895996	-0.005851926282048225	0.41981032490730286
ENSMUSG00000085779	0.019234823063015938	0.02511558309197426	0.01584584079682827	0.008460203185677528	-0.0034304785076528788	0.0008260135073214769	-0.0010924492962658405	-0.014388630166649818	0.018498197197914124	0.034843772649765015	-0.010971800424158573	0.008190379478037357	0.003083011833950877	0.009290475398302078	-0.011304575949907303	-0.04230935871601105	0.040122564882040024	0.03638884797692299	0.0051058148965239525	0.21538875997066498	-0.004502458963543177	0.05632698908448219
ENSMUSG00000020708	0.006602065172046423	0.012899049557745457	-0.008118897676467896	0.034308165311813354	-0.02421250194311142	0.003621101612225175	0.0301112849265337	0.2944593131542206	0.021126192063093185	0.008972309529781342	-0.016156241297721863	-0.01719103381037712	0.012185527011752129	0.010612131096422672	-0.017657388001680374	0.31093132495880127	-0.0006828713230788708	0.0649748146533966	0.07211267203092575	0.3877851068973541	0.0030991488602012396	0.4046889841556549
ENSMUSG00000102653	0.025043392553925514	0.04072709009051323	0.011669249273836613	0.01612483151257038	0.003395777428522706	-0.001615762710571289	0.0005657201982103288	-0.07414033263921738	0.021515486761927605	0.020288430154323578	-0.004969989415258169	0.00607394939288497	0.00024161020701285452	0.014980142936110497	-0.00996411219239235	-0.02404235303401947	0.049032676964998245	0.027290064841508865	-0.06868007779121399	-0.15893042087554932	-0.0075434548780322075	-0.04168429970741272
ENSMUSG00000031258	0.00031755570671521127	0.001334603177383542	-0.0035880557261407375	0.0015747197903692722	0.007305164355784655	-0.011260793544352055	-0.009637641720473766	-0.03161349520087242	-0.017745446413755417	0.015076718293130398	-0.0014051452744752169	0.011495908722281456	0.003961741458624601	-0.0037924498319625854	-0.0024693780578672886	-0.049345385283231735	0.020363742485642433	0.0008727372623980045	-0.058261144906282425	-0.0313924103975296	-0.009773213416337967	-0.07076086848974228
ENSMUSG00000106719	0.023608900606632233	0.028291167691349983	0.011242769658565521	0.020434536039829254	-0.008827734738588333	-0.008170509710907936	-0.0003088500234298408	-0.06371975690126419	0.016183527186512947	0.0006328392191790044	-0.009978151880204678	-0.0017853620229288936	-0.0016092939767986536	0.013808855786919594	-0.009110650047659874	0.02229735441505909	0.03420461714267731	0.0023612496443092823	-0.0028928788378834724	-0.05237014591693878	-0.006585762370377779	-0.04468035325407982
ENSMUSG00000108948	-0.10803068429231644	-0.22050966322422028	-0.026485972106456757	-0.05192337557673454	-0.0328693650662899	-0.07932398468255997	0.025736751034855843	-0.1055631935596466	-0.04727441817522049	-0.22943781316280365	-0.01883648708462715	-0.014530365355312824	-0.013789267279207706	-0.02652907930314541	0.04801816865801811	-0.24066951870918274	-0.16050326824188232	-0.27358344197273254	0.2254774421453476	-0.6104251742362976	-0.00779779814183712	-0.41069161891937256
ENSMUSG00000071816	-0.017223982140421867	0.004021514672785997	-0.0003550355904735625	-0.01971842162311077	0.014333924278616905	-0.002113793743774295	-0.006898124236613512	-0.1028541550040245	-0.009408067911863327	0.0026774639263749123	0.00498926779255271	0.009122387506067753	-0.006555747240781784	-0.012406273745000362	0.0005072965868748724	-0.11411306262016296	-0.01521216705441475	0.01250944659113884	-0.04579884558916092	-0.1529068648815155	0.009271000511944294	-0.21644407510757446
ENSMUSG00000068860	0.013061759062111378	0.0257695484906435	0.0017108307220041752	0.020259056240320206	-0.014081350527703762	0.007016752380877733	0.02124113403260708	0.06624175608158112	0.0193388219922781	0.02055938169360161	-0.025890497490763664	-0.014020710252225399	0.014057024382054806	0.014055595733225346	-0.024291004985570908	0.1693895310163498	0.01797347702085972	0.05566899850964546	0.14225786924362183	0.21847595274448395	0.018258534371852875	0.16069668531417847
ENSMUSG00000063439	0.012505551800131798	0.023698851466178894	0.004721499513834715	0.0037328412290662527	-0.019174592569470406	0.008449835702776909	0.015066992491483688	0.1577448844909668	0.020990198478102684	0.01585627906024456	-0.010547070764005184	-0.008956204168498516	0.0003032329841516912	0.013273054733872414	-0.0029687508940696716	0.22390493750572205	0.02136225625872612	0.04901668056845665	0.031021373346447945	0.2647038698196411	-0.0026261189486831427	0.233489990234375
ENSMUSG00000086552	0.016218366101384163	0.04349282756447792	0.004612721037119627	0.016947591677308083	-0.014028089120984077	0.002969214227050543	0.0060633448883891106	0.06864222139120102	0.01914333738386631	0.02780512534081936	-0.01826433837413788	-0.009651885367929935	0.00266665150411427	0.01383492723107338	-0.025739507749676704	0.09760638326406479	0.03159734606742859	0.030561530962586403	0.02220703661441803	0.029408777132630348	-7.310792716452852e-05	0.10163603723049164
ENSMUSG00000075167	-0.01602952554821968	-0.036693673580884933	-0.009344342164695263	-0.04836812615394592	-0.008564535528421402	-0.008076908066868782	-0.010995667427778244	-0.09425729513168335	-0.006452536676079035	-0.0537407360970974	0.010007486678659916	0.007474231533706188	-0.008646759204566479	-0.007122329901903868	-0.0045524947345256805	-0.21379859745502472	0.018157396465539932	-0.07856377959251404	-0.025580041110515594	-0.067550890147686	-0.010441049002110958	-0.05737828090786934
ENSMUSG00000109082	0.021750152111053467	0.018456973135471344	0.008677057921886444	0.019680755212903023	0.0014624169562011957	-0.003609811421483755	-0.006012712139636278	-0.09361208230257034	-0.0004900029161944985	0.05255304276943207	0.005213118623942137	0.009621198289096355	0.0020064408890902996	-0.005657956004142761	0.0031315747182816267	-0.09571493417024612	0.017433717846870422	-0.016367360949516296	-0.06805569678544998	-0.11337050795555115	-0.006117064971476793	-0.03896339610219002
ENSMUSG00000096109	-0.004840507172048092	0.014145541936159134	-0.006015315651893616	-0.00971644464880228	-0.0018699601059779525	0.00035098777152597904	-0.011336039751768112	-0.09565825760364532	-0.010305124334990978	-0.03779790177941322	0.002841843757778406	0.007432202808558941	-0.005035086069256067	0.0049527534283697605	-0.004307707771658897	-0.13317473232746124	-0.005724276416003704	0.005203307140618563	-0.04042086750268936	-0.1491364687681198	-0.008594836108386517	-0.023040661588311195
ENSMUSG00000089968	0.02180822193622589	0.02586466632783413	0.0171586275100708	0.01431615836918354	-0.007476178463548422	-0.0021150226239115	0.0009462859597988427	-0.02422996237874031	0.015730932354927063	0.055933885276317596	-0.00677821459248662	0.006599231157451868	-0.0005778692429885268	0.011167940683662891	-0.003966424148529768	-0.04986774921417236	0.04578808322548866	0.04297327995300293	0.004454547073692083	0.01725480705499649	-0.00763134378939867	-0.02731924131512642
ENSMUSG00000024173	0.024321312084794044	0.04226291552186012	0.012344918213784695	0.01763937994837761	-0.0033547591883689165	-0.0013115982292219996	-0.01363600604236126	-0.06899861991405487	0.018506230786442757	0.05249517783522606	0.00401358911767602	0.010359641164541245	0.00971479807049036	0.008556226268410683	0.003133271122351289	-0.04926121607422829	-0.004642247688025236	0.020911293104290962	-0.04333497956395149	-0.11774846166372299	-0.006131700240075588	-0.056536491960287094
ENSMUSG00000118417	-0.045262161642313004	-0.037577446550130844	0.0009744047420099378	-0.05064339563250542	0.004102686885744333	-0.017270060256123543	0.00990411825478077	-0.10432622581720352	-0.04248447343707085	-0.08055408298969269	0.00011428369180066511	0.011336913332343102	-0.08415356278419495	-0.04266984015703201	-0.004183092154562473	-0.1341799646615982	-0.024260280653834343	-0.25003600120544434	-0.014256829395890236	-0.38829994201660156	-0.015466627664864063	-0.18850621581077576
ENSMUSG00000072621	0.019459353759884834	0.027837377041578293	0.015180639922618866	0.02195710875093937	0.0006777070229873061	-0.002110091969370842	-0.001287497696466744	-0.046323858201503754	0.009512466378509998	0.04862385243177414	-0.004908724222332239	0.005483838729560375	-0.00040023811743594706	0.011528254486620426	0.0021036395337432623	-0.0444834902882576	0.038982998579740524	0.010363051667809486	0.004955712705850601	-0.006536379922181368	-0.006039151456207037	-0.033678364008665085
ENSMUSG00000051936	-0.0008693005656823516	0.0062334900721907616	-0.0021674507297575474	0.0030749491415917873	0.0022173330653458834	-0.003905628342181444	-0.010896953754127026	-0.11555664241313934	-0.005620290525257587	0.01608780212700367	0.0013665877049788833	0.005514437332749367	0.0011677261209115386	0.013098737224936485	-0.0026163861621171236	-0.002905110828578472	-0.0011736004380509257	0.011228006333112717	-0.013814952224493027	-0.006702522747218609	-0.00838529970496893	-0.11272293329238892
ENSMUSG00000022629	0.009789210744202137	0.018369397148489952	0.005830787587910891	0.020078275352716446	-0.02567463181912899	0.0048898919485509396	-0.0018642108188942075	0.1930115818977356	0.012310391291975975	0.015207762829959393	-0.010963652282953262	-0.024038638919591904	0.008484091609716415	0.01811240427196026	-0.016632303595542908	0.18200181424617767	0.022407397627830505	0.04630276560783386	-0.003815187606960535	0.24306829273700714	-0.007310622837394476	0.19874908030033112
ENSMUSG00000057021	-0.02813754230737686	-0.013733952306210995	0.0021481113508343697	-0.0211426243185997	0.012668170034885406	-0.002159510040655732	-0.013251233845949173	-0.15388800203800201	-0.016452519223093987	-0.004010385368019342	0.01548154279589653	0.058549653738737106	-0.01319956872612238	0.0009912559762597084	0.006658448372036219	-0.09656520187854767	-0.03239326924085617	-0.09652677178382874	-0.05066153407096863	-0.2854870557785034	-0.01038599107414484	-0.14452587068080902
ENSMUSG00000058981	-0.0008361751097254455	0.0033520227298140526	-0.00631558196619153	0.011074906215071678	-0.0018413630314171314	-0.0024341847747564316	-0.011770661920309067	-0.06781386584043503	-0.004003314301371574	-0.00028620989178307354	0.0048355283215641975	0.008068928495049477	-0.0021168128587305546	0.007368193473666906	-0.006122577004134655	-0.12637317180633545	-0.001958798849955201	-0.004831635393202305	-0.04363769665360451	-0.09583739936351776	-0.008437004871666431	-0.05622926354408264
ENSMUSG00000061469	0.00834089145064354	0.02151639200747013	0.0008395604090765119	0.019332487136125565	-0.016310783103108406	0.008980654180049896	0.006869961507618427	0.2551751434803009	0.023559708148241043	0.015701759606599808	-0.005931423977017403	-0.018011048436164856	0.009027969092130661	0.012088166549801826	-0.015485215932130814	0.30013808608055115	0.00563821429386735	0.057867828756570816	0.01668800227344036	0.49199119210243225	-0.007317453157156706	0.29427722096443176
ENSMUSG00000020609	0.008138023316860199	0.013916458003222942	0.00071470916736871	0.02646820619702339	-0.006033251993358135	0.0017702378099784255	-0.009726627729833126	0.03443681821227074	0.00928805023431778	0.03205472603440285	-0.004737927578389645	-0.003697433276101947	-0.003105187090113759	0.010765978135168552	-0.014098304323852062	0.1523585319519043	0.012075556442141533	0.07767500728368759	-0.07049412280321121	-0.22926922142505646	-0.006942825857549906	-0.09809555113315582
ENSMUSG00000027957	0.010678545571863651	0.022182084619998932	9.563314051774796e-06	0.02204752527177334	-0.02671775408089161	0.006489955820143223	0.006428873166441917	0.249705508351326	0.015807831659913063	0.012347343377768993	-0.015361658297479153	-0.031604133546352386	0.013793173246085644	0.017022274434566498	-0.02023390121757984	0.32392430305480957	0.013265056535601616	0.059872645884752274	0.04328737407922745	0.2329750508069992	-0.008552231825888157	0.42137181758880615
ENSMUSG00000002984	0.007006803527474403	0.022923506796360016	-0.012163752689957619	0.030158786103129387	-0.021634016185998917	0.007105811033397913	0.02970721758902073	0.24623708426952362	0.024034418165683746	0.011214281432330608	-0.006821111310273409	-0.023069754242897034	0.017563175410032272	0.005110532511025667	-0.026071539148688316	0.24457138776779175	-0.008941911160945892	0.07290423661470413	0.08550016582012177	0.4333902597427368	0.012698072008788586	0.5181977152824402
ENSMUSG00000110167	0.013893622905015945	0.018047289922833443	0.006048917304724455	0.008286047726869583	0.0012570362305268645	-0.0030308468267321587	-0.008023057132959366	-0.07792501896619797	0.0013595594791695476	-0.0019824798218905926	0.004668990150094032	0.004781562369316816	-0.0011713755084201694	-0.008917183615267277	-0.00047528330469504	-0.13629575073719025	0.03498215600848198	0.02998143993318081	-0.019839657470583916	-0.1585255116224289	-0.005885089747607708	-0.09280003607273102
ENSMUSG00000095804	0.008630570024251938	0.004547509830445051	-0.004922173917293549	-0.0360402949154377	-0.007385075557976961	-0.004948609042912722	-0.009749977849423885	-0.06226260960102081	-0.004770562518388033	-0.01806771568953991	0.0016090930439531803	0.01009373739361763	0.011559379287064075	0.009440787136554718	0.01074259914457798	-0.18853363394737244	0.017086001113057137	0.013314282521605492	-0.020576266571879387	-0.07981263101100922	-0.0145706906914711	-0.017859626561403275
ENSMUSG00000043747	0.01854817196726799	0.016183627769351006	0.013014890253543854	0.018417323008179665	-0.0024136921856552362	0.0012688484275713563	-0.0015714672626927495	-0.04546600952744484	0.007879826240241528	0.03368871286511421	-0.0065999641083180904	0.0009222684311680496	0.0013125822879374027	0.010032727383077145	-0.007601379882544279	-0.0024594252463430166	0.041303850710392	0.05772551894187927	-0.01730380952358246	-0.048377763479948044	-0.003992180805653334	-0.10126086324453354
ENSMUSG00000073073	0.007868452928960323	0.020415598526597023	0.0008634051773697138	0.025509504601359367	-0.02209240198135376	0.0043990639969706535	0.02173588052392006	0.25882431864738464	0.013853426091372967	0.0104946568608284	-0.00899864174425602	-0.03491386026144028	0.010472157970070839	0.01242647785693407	-0.021084677428007126	0.27448412775993347	0.006124846171587706	0.05728032439947128	0.05049609765410423	0.40269118547439575	-0.003299125237390399	0.3377252221107483
ENSMUSG00000036062	0.01364640798419714	0.04248225316405296	0.007585426792502403	0.01705765165388584	-0.007621855940669775	0.006012154743075371	0.0033118135761469603	0.08455118536949158	0.017885463312268257	0.028793377801775932	-0.01404810231178999	-0.017802877351641655	0.001410638797096908	0.018980296328663826	-0.02653401345014572	0.0998116284608841	0.02747012861073017	0.057514071464538574	-0.01772051304578781	-0.0852535218000412	-0.004187047481536865	0.02117369882762432
ENSMUSG00000042269	0.014981820248067379	0.029389340430498123	0.008336587809026241	0.022587163373827934	-0.012293625622987747	0.005987585987895727	0.0004276638792362064	0.04085840657353401	0.018119292333722115	0.02992045320570469	-0.013481694273650646	-0.015679458156228065	0.0044967783614993095	0.014429960399866104	-0.02038348838686943	0.10743693262338638	0.02917993813753128	0.05613591521978378	-0.0023281523026525974	0.07928745448589325	-0.003882053541019559	0.10292471945285797
ENSMUSG00000071691	0.01188278291374445	0.03061324544250965	0.005508376285433769	0.006586752366274595	-0.016657674685120583	0.00805667508393526	0.008387817069888115	0.0939323902130127	0.012968992814421654	0.025133373215794563	-0.017657404765486717	-0.023294420912861824	0.003393133170902729	0.01688358560204506	-0.01863742433488369	0.21312831342220306	0.024739770218729973	0.045869287103414536	0.03635428845882416	0.16889314353466034	-0.003936851397156715	0.1488403081893921
ENSMUSG00000003458	0.012042257003486156	0.02682703733444214	0.0013225346338003874	0.016880182549357414	-0.016630632802844048	0.009932431392371655	0.003946204669773579	0.2794717848300934	0.012637641280889511	0.00989771168678999	-0.008425066247582436	-0.012336968444287777	0.008657730184495449	0.015325462445616722	-0.01730109006166458	0.3158177435398102	0.012697932310402393	0.06207519397139549	0.02375710941851139	0.26477086544036865	-0.008465729653835297	0.35294872522354126
ENSMUSG00000087207	-0.10803068429231644	-0.22050966322422028	-0.026485972106456757	-0.05192337557673454	-0.0328693650662899	-0.07932398468255997	0.025736751034855843	-0.1055631935596466	-0.04727441817522049	-0.22943781316280365	-0.01883648708462715	-0.014530365355312824	-0.013789267279207706	-0.02652907930314541	0.04801816865801811	-0.24066951870918274	-0.16050326824188232	-0.27358344197273254	0.2254774421453476	-0.6104251742362976	-0.00779779814183712	-0.41069161891937256
ENSMUSG00000030225	0.0075088320299983025	0.01689630001783371	0.0019467154052108526	0.0160860326141119	-0.010735218413174152	0.005342354066669941	0.006327565759420395	0.2169502079486847	0.007030046079307795	0.012449133209884167	-0.012526847422122955	-0.022277258336544037	0.00851504597812891	0.015056564472615719	-0.022762315347790718	0.29595062136650085	0.013452899642288685	0.048817068338394165	0.01607636921107769	0.25787344574928284	-0.007944674231112003	0.2691154479980469
ENSMUSG00000085110	0.033579353243112564	0.024319350719451904	0.017669837921857834	0.03933030739426613	-0.0008489235769957304	-0.008966730907559395	-0.0020361796487122774	-0.05045366287231445	-0.00445958599448204	0.06863877922296524	-0.0014762255595996976	0.009007412008941174	0.004334248602390289	0.01713111251592636	0.034913644194602966	-0.15613596141338348	0.057376179844141006	0.026998482644557953	0.009990275837481022	0.03840281814336777	-0.010854089632630348	-0.062662273645401
ENSMUSG00000099840	-0.10803068429231644	-0.22050966322422028	-0.026485972106456757	-0.05192337557673454	-0.0328693650662899	-0.07932398468255997	0.025736751034855843	-0.1055631935596466	-0.04727441817522049	-0.22943781316280365	-0.01883648708462715	-0.014530365355312824	-0.013789267279207706	-0.02652907930314541	0.04801816865801811	-0.24066951870918274	-0.16050326824188232	-0.27358344197273254	0.2254774421453476	-0.6104251742362976	-0.00779779814183712	-0.41069161891937256
ENSMUSG00000109980	0.027450375258922577	0.044104889035224915	0.006507175974547863	0.013148384168744087	-0.008703530766069889	-0.003083170158788562	-0.0051775467582046986	-0.07794532924890518	0.005017055198550224	0.00477710971608758	-0.0042221019975841045	0.008580035530030727	-0.001517917262390256	0.0014104325091466308	0.006870097015053034	-0.07933884859085083	0.0012918231077492237	-0.003770761890336871	-0.011048001237213612	-0.04792157560586929	-0.007827496156096458	-0.08486520498991013
ENSMUSG00000026623	0.010612416081130505	0.017544342204928398	0.0037507719825953245	0.02884281799197197	-0.019881077110767365	0.001501594902947545	0.00827911775559187	0.19413572549819946	0.012951415963470936	0.01773187704384327	-0.012550048530101776	-0.022110573947429657	0.007061253301799297	0.01870829612016678	-0.020667320117354393	0.24080754816532135	0.01831042394042015	0.06110341101884842	0.02039043977856636	0.2314525991678238	-0.007327812723815441	0.15942764282226562
ENSMUSG00000030077	0.0024972630199044943	0.03088829666376114	-0.0007777740829624236	0.003321500029414892	-0.007041840348392725	-0.007452541962265968	0.0041250200010836124	0.045942798256874084	-0.0025270304176956415	0.02663879469037056	-0.0034906999208033085	-0.005160232074558735	-0.0007376775611191988	0.013474442064762115	-0.007730510085821152	0.006655150558799505	0.012409709393978119	0.04470442235469818	-0.017222290858626366	0.09956944733858109	-0.007307054940611124	0.025689292699098587
ENSMUSG00000094590	0.020748723298311234	0.04590293765068054	0.009916991926729679	0.020344743505120277	-0.007993616163730621	0.002894276287406683	-0.0009372418280690908	-0.058754488825798035	0.01617133431136608	0.03997010737657547	-0.011176865547895432	-0.005587521009147167	0.004323837347328663	0.015032623894512653	-0.010212830267846584	0.05335339531302452	0.0353366956114769	0.022609403356909752	-0.012854594737291336	0.015685155987739563	-0.002540329936891794	-0.00968707725405693
ENSMUSG00000054612	0.00950930267572403	0.025730667635798454	0.006633157841861248	0.02569027990102768	-0.01353099849075079	0.0015858658589422703	0.0002269899850944057	0.20294317603111267	0.014242974109947681	0.01547006331384182	-0.013447489589452744	-0.015155267901718616	0.003794156014919281	0.01566079631447792	-0.02485322207212448	0.27209657430648804	0.017054228112101555	0.07784009724855423	0.0012792834313586354	0.40209445357322693	-0.007430757395923138	0.15890845656394958
ENSMUSG00000031504	0.014036023989319801	0.03255539759993553	0.006986839231103659	0.005701303016394377	-0.019049756228923798	0.0032564580906182528	0.0065494682639837265	0.14062078297138214	0.017628846690058708	0.022866779938340187	-0.02239299938082695	-0.0115054901689291	0.0028181802481412888	0.013396198861300945	-0.02885662019252777	0.1300036609172821	0.029714923352003098	0.04303302615880966	0.009181571193039417	0.12081807106733322	-0.005654316395521164	0.11436758935451508
ENSMUSG00000019880	0.00522600719705224	0.029264425858855247	0.0001339798909612	0.018486076965928078	-0.010492847301065922	0.0037659183144569397	-0.005283972714096308	0.06296846270561218	0.0021838208194822073	0.02700495906174183	-0.0051534343510866165	-0.005150147248059511	-0.0018613521242514253	0.015049071051180363	-0.0029019159264862537	0.02311437763273716	0.011147435754537582	0.03694259002804756	-0.03340540826320648	-0.08062762022018433	-0.005769018083810806	-0.009724066592752934
ENSMUSG00000022020	-0.001397253479808569	0.00842724833637476	0.002869540126994252	0.0071197208017110825	0.005847289692610502	-0.0018987542716786265	0.009862693957984447	0.27977654337882996	-0.014494691044092178	0.00725618377327919	-0.0029181339778006077	-0.024831507354974747	-0.0003206607070751488	0.01323811337351799	0.004632657393813133	0.3378298878669739	0.012186892330646515	0.028327900916337967	0.0449245311319828	0.33487778902053833	-0.005291827488690615	0.35643908381462097
ENSMUSG00000049866	0.00728464312851429	0.01573464646935463	-0.00205601891502738	0.02069702185690403	-0.018505189567804337	0.006998700089752674	0.025734340772032738	0.2585917115211487	0.017158593982458115	0.009700252674520016	-0.003852452151477337	-0.024761755019426346	0.014174596406519413	0.008821744471788406	-0.02765514887869358	0.26694756746292114	-0.0012296284548938274	0.076069176197052	0.029680848121643066	0.528237521648407	-0.0028961841017007828	0.3192949593067169
ENSMUSG00000113404	0.029130762442946434	0.05206884816288948	0.0072524393908679485	-0.002350078895688057	-0.0036382125690579414	-0.005839210003614426	-0.00490098400041461	-0.037644144147634506	0.00976371206343174	0.055394358932971954	-0.006580440793186426	0.004685926251113415	0.0014309546677395701	0.006727095227688551	-0.00010330625082133338	-0.037517957389354706	0.03511706739664078	0.0345238633453846	-0.004436243325471878	-0.1553327888250351	-0.005522314924746752	-0.06986989825963974
ENSMUSG00000110548	0.006152678281068802	0.022504208609461784	-0.0031195110641419888	0.016880642622709274	-0.005812335759401321	0.001296179834753275	-0.007351582869887352	-0.06239372864365578	0.0165387112647295	0.04547692835330963	-0.00038479259819723666	0.005253609269857407	0.0007528551504947245	0.004759351722896099	-0.003412244375795126	-0.003820316167548299	0.01847338117659092	0.052665505558252335	-0.021867237985134125	-0.153360053896904	-0.006249092984944582	-0.10432590544223785
ENSMUSG00000093827	0.025677822530269623	0.03465374931693077	0.010984592139720917	0.028156794607639313	-0.005937899462878704	0.00029463740065693855	-0.001540175173431635	-0.051359597593545914	0.013742444105446339	0.05184822902083397	-0.011499481275677681	0.007650588173419237	0.0033667495008558035	0.011648560874164104	-0.003284387057647109	-0.005686818156391382	0.03743349760770798	0.04439928010106087	-0.006571119651198387	-0.05695449188351631	-0.004209041129797697	-0.0414157472550869
ENSMUSG00000115918	0.03659914806485176	0.03183307871222496	0.0048042102716863155	0.029475485906004906	-0.004313231911510229	-0.0019144290126860142	-0.0010454036528244615	-0.0634019672870636	0.013886293396353722	0.04261584207415581	-0.001981697278097272	0.010633107274770737	0.008080640807747841	0.006244372576475143	0.003722294932231307	-0.051008664071559906	0.0253877192735672	0.05444572865962982	-0.043016497045755386	-0.2524642050266266	-0.006183066871017218	-0.13098566234111786
ENSMUSG00000115526	0.035251785069704056	0.024064280092716217	-0.004400940611958504	0.019738689064979553	-0.01077308040112257	-0.0006582008791156113	-0.03394268453121185	-0.07183898240327835	0.014099175110459328	0.049918197095394135	-0.02407868206501007	0.011003849096596241	0.014081563800573349	0.003735833102837205	0.005100360605865717	-0.048846207559108734	0.025070004165172577	0.05799615755677223	0.0726567730307579	-0.10929450392723083	-0.0050432514399290085	-0.11205485463142395
ENSMUSG00000097370	0.002080386970192194	0.018928807228803635	0.0005048062885180116	0.017790131270885468	-0.020416071638464928	0.0025706717278808355	-0.0015987949445843697	0.24964727461338043	0.021227657794952393	0.008965332992374897	0.00023864515242166817	-0.022161269560456276	0.00858954805880785	0.012959732674062252	-0.015107252635061741	0.32403990626335144	0.00803074799478054	0.032589029520750046	0.03994482383131981	0.37049704790115356	-0.005400758236646652	0.3303016722202301
ENSMUSG00000033970	0.00983426347374916	0.03046374022960663	0.004652960225939751	0.013624024577438831	-0.01639391854405403	0.004971671383827925	0.006844853982329369	0.13714076578617096	0.013775506056845188	0.0211428664624691	-0.01211642473936081	-0.013349179178476334	0.010664006695151329	0.014842386357486248	-0.016474639996886253	0.02194223180413246	0.020978666841983795	0.03440564125776291	0.06285281479358673	0.2845243513584137	-0.0006947288056835532	0.22918879985809326
ENSMUSG00000021803	0.015511765144765377	0.025368936359882355	0.007409770041704178	0.01634385623037815	-0.00692893099039793	0.00539384363219142	0.001703134155832231	0.04936821013689041	0.0144035704433918	0.035866014659404755	-0.013243499211966991	-0.013695045374333858	0.0013448490062728524	0.016338922083377838	-0.0158814899623394	0.05223255231976509	0.03436614200472832	0.035267092287540436	-0.002544908784329891	0.0845404714345932	-0.005523235071450472	0.09073100239038467
ENSMUSG00000026226	0.01610597036778927	0.02746417000889778	0.007390507031232119	0.015926877036690712	-0.013844081200659275	0.006052611395716667	0.004124642815440893	0.06265327334403992	0.017863944172859192	0.023814816027879715	-0.01673673465847969	-0.016749873757362366	0.0029402323998510838	0.017596425488591194	-0.02606673166155815	0.05876033753156662	0.028066227212548256	0.06755213439464569	0.00430029071867466	0.0234526414424181	0.0004038879706058651	0.03298161178827286
ENSMUSG00000084860	0.011096663773059845	0.03944706544280052	-0.00022124785755295306	0.016696225851774216	-0.01193371694535017	-0.0006230406579561532	-0.009827391244471073	-0.08863909542560577	0.005442411173135042	0.013005215674638748	-0.00019439085735939443	0.004839519038796425	0.0037696966901421547	0.012179428711533546	-0.0034276964142918587	-0.04002624377608299	0.008006542921066284	0.012588877230882645	-0.009145623072981834	-0.03155140578746796	-0.007551210466772318	-0.053495727479457855
ENSMUSG00000075271	-0.0007824202766641974	0.02345375530421734	0.0015269076684489846	0.011752655729651451	-0.022979633882641792	0.005230166483670473	0.010949875228106976	0.13226071000099182	0.012258854694664478	0.02014361135661602	0.0002971554349642247	-0.012323089875280857	0.006255987100303173	0.013879298232495785	-0.018436165526509285	0.14085161685943604	0.01281344797462225	0.05881209671497345	0.06713496893644333	0.3160480558872223	0.004336169455200434	0.20398983359336853
ENSMUSG00000044254	0.015299354679882526	0.0226852186024189	0.008767501451075077	0.021961551159620285	-0.0051496936939656734	9.469215729041025e-05	-0.0015434182714670897	0.049276385456323624	0.013071014545857906	0.03657858446240425	-0.018477028235793114	-0.011731419712305069	0.001968906493857503	0.021469485014677048	-0.02163112908601761	0.11303369700908661	0.033987704664468765	0.05560450255870819	0.020048940554261208	0.056073907762765884	-0.005268797744065523	0.05108329653739929
ENSMUSG00000085491	0.031919561326503754	0.023739494383335114	-0.006700044963508844	0.01797598786652088	-0.02192247472703457	-0.008554000407457352	0.02188180945813656	-0.07196877151727676	0.01162765733897686	0.04019352048635483	-0.02723173052072525	0.0123609509319067	0.01876468025147915	0.006184765137732029	-0.0008188285864889622	-0.09119101613759995	0.013558382168412209	0.029898475855588913	0.20437921583652496	0.11701522767543793	-0.00035074996412731707	0.011765383183956146
ENSMUSG00000028617	0.010561419650912285	0.021436268463730812	0.0009356543305329978	0.01591978408396244	-0.024414563551545143	0.007505308371037245	0.007309434469789267	0.25747430324554443	0.014674382284283638	0.012367527931928635	-0.013998601585626602	-0.019980695098638535	0.010731590911746025	0.014638224616646767	-0.011990029364824295	0.30340251326560974	0.012257316149771214	0.062284860759973526	0.03203110024333	0.32445812225341797	-0.00805644690990448	0.3368866741657257
ENSMUSG00000026037	0.007427977863699198	0.01834936812520027	-0.0022327627521008253	0.02614404633641243	-0.0210262518376112	0.01313778292387724	0.012744742445647717	0.26079389452934265	0.021064214408397675	0.009999418631196022	-0.009467561729252338	-0.02723236382007599	0.013248893432319164	0.010281666181981564	-0.020905178040266037	0.29850053787231445	0.0003616571193560958	0.08348509669303894	0.05485523119568825	0.48361706733703613	-0.0050821928307414055	0.3804676830768585
ENSMUSG00000022802	0.009637618437409401	0.018748391419649124	7.048434781609103e-05	0.025475263595581055	-0.016818569973111153	0.014232995919883251	0.005229728762060404	0.21926112473011017	0.017596282064914703	0.01675155572593212	-0.00860108807682991	-0.015690142288804054	0.013396674767136574	0.01161606702953577	-0.026329483836889267	0.2927849292755127	0.0032859984785318375	0.05376038700342178	0.017396608367562294	0.5415101051330566	-0.006117726676166058	0.30421605706214905
ENSMUSG00000094588	-0.00629078783094883	0.017463745549321175	0.003702899906784296	0.011798319406807423	-0.0027167797088623047	-0.0020007260609418154	-0.007328797597438097	-0.09030508249998093	-0.0036629883106797934	0.01593533344566822	-0.0016953067388385534	0.008357164449989796	-0.0036862113047391176	0.0015834593214094639	-0.001277787727303803	-0.05224323272705078	0.013960585929453373	0.010489070788025856	-0.0344996340572834	-0.1315932273864746	-0.007497776765376329	-0.05206562206149101
ENSMUSG00000024072	0.007229387294501066	0.012507638894021511	0.0009703355026431382	0.018635831773281097	-0.01994195021688938	0.00958466250449419	0.00705315638333559	0.2340003252029419	0.011423016898334026	0.01160700898617506	-0.012747318483889103	-0.017551053315401077	0.005056455265730619	0.012854639440774918	-0.004233095329254866	0.1901971399784088	0.008015692234039307	0.048846904188394547	0.027878660708665848	0.4283979833126068	-0.005484915804117918	0.389674574136734
ENSMUSG00000054412	0.014521587640047073	0.012386408634483814	0.006078128237277269	0.006251726299524307	-0.01641036383807659	0.0040353769436478615	0.006237344816327095	0.1378057897090912	0.020281672477722168	0.023813240230083466	-0.012389966286718845	-0.01775677129626274	0.0043149786069989204	0.017780235037207603	-0.028002740815281868	0.07585389912128448	0.027809390798211098	0.04458928480744362	0.024691341444849968	0.11701697111129761	-0.003769003553315997	0.090575210750103
ENSMUSG00000058628	0.0032001810614019632	0.047252506017684937	0.06576023995876312	0.006721495185047388	-0.0011679898016154766	-0.0021862732246518135	-0.009389039129018784	-0.0741264596581459	-0.005463393870741129	0.059640903025865555	0.01215399894863367	0.01412457600235939	0.025307901203632355	-0.004250313155353069	0.0037891187239438295	-0.14787842333316803	-0.0010886312229558825	-0.05122673884034157	-0.03264705091714859	-0.14131882786750793	-0.00771342171356082	-0.07031862437725067
ENSMUSG00000121871	-0.00192343071103096	0.056251514703035355	0.016142601147294044	0.011337236501276493	-0.0021875491365790367	0.002345031127333641	-0.0014072911581024528	-0.032177332788705826	0.01584874838590622	0.005869688931852579	0.002146650804206729	-0.004021386615931988	0.0009871989022940397	0.007820580154657364	-0.016731102019548416	0.005872766487300396	0.03360007330775261	0.051714472472667694	0.005752009339630604	-0.05087845027446747	-0.006129843182861805	-0.05091287940740585
ENSMUSG00000029695	0.011926799081265926	0.05033285543322563	0.0036380840465426445	0.020566336810588837	-0.006905773654580116	0.0034320205450057983	0.00300026498734951	0.02431393228471279	0.008879678323864937	0.040183521807193756	-0.008514348417520523	-0.002567763440310955	0.00235473713837564	0.010263058356940746	-0.012274790555238724	0.036425720900297165	0.021246640011668205	0.03310966119170189	0.02537781186401844	0.008445225656032562	0.0020224128384143114	-0.021011147648096085
ENSMUSG00000023781	0.005090775433927774	0.027622582390904427	-0.013248099014163017	0.033267389982938766	-0.0023393125738948584	-0.0015972587279975414	0.050639521330595016	0.041925426572561264	0.016756460070610046	0.03237517178058624	-0.03267054632306099	-0.0024082555901259184	0.014664857648313046	0.0028778119012713432	-0.029839737340807915	-0.08542786538600922	0.012535858899354935	0.04390987753868103	0.11625759303569794	0.11354134231805801	0.0918354019522667	0.09767282754182816
ENSMUSG00000044390	0.009982073679566383	0.020641004666686058	0.0020510090980678797	0.017780940979719162	-0.027019809931516647	0.0035604124423116446	0.00924418680369854	0.15546633303165436	0.024086134508252144	0.017960522323846817	-0.019384508952498436	-0.023791195824742317	0.004194615874439478	0.01709853485226631	-0.02411157824099064	0.24302446842193604	0.02367461286485195	0.04920218512415886	0.05805400386452675	0.12435854226350784	-0.005369502119719982	0.166246697306633
ENSMUSG00000022543	0.01697697676718235	0.028517507016658783	0.006960554514080286	0.009629229083657265	-0.006473775487393141	0.006396790966391563	0.00011969490151386708	0.05180801823735237	0.012200879864394665	0.03295296058058739	-0.007174694910645485	0.004323769826442003	0.0025658337399363518	0.009526694193482399	-0.017379825934767723	-0.0011953308712691069	0.033679813146591187	0.04377654194831848	0.0010538126807659864	0.032574284821748734	-0.004475066438317299	0.048585835844278336
ENSMUSG00000105881	0.000864883535541594	0.016468532383441925	-0.010864629410207272	0.04003782570362091	-0.01735842041671276	0.012548910453915596	0.14124393463134766	0.17614243924617767	0.04152105376124382	0.007125049829483032	0.0033123933244496584	-0.01592850871384144	0.028093483299016953	-0.001453707693144679	-0.0933651551604271	0.09578268975019455	-0.03672062233090401	0.0696779116988182	0.05284644290804863	0.6469674706459045	0.14086228609085083	0.41616329550743103
ENSMUSG00000121338	-0.10803068429231644	-0.22050966322422028	-0.026485972106456757	-0.05192337557673454	-0.0328693650662899	-0.07932398468255997	0.025736751034855843	-0.1055631935596466	-0.04727441817522049	-0.22943781316280365	-0.01883648708462715	-0.014530365355312824	-0.013789267279207706	-0.02652907930314541	0.04801816865801811	-0.24066951870918274	-0.16050326824188232	-0.27358344197273254	0.2254774421453476	-0.6104251742362976	-0.00779779814183712	-0.41069161891937256
ENSMUSG00000120165	0.0038036697078496218	0.010362421162426472	-0.020190488547086716	0.02518438547849655	-0.012445691972970963	0.012158150784671307	0.06880095601081848	0.16665174067020416	0.035007305443286896	0.01346840150654316	0.006709728855639696	-0.009140064008533955	0.04179477319121361	0.001967052696272731	-0.05821385979652405	0.11618780344724655	-0.034973856061697006	0.08109375834465027	0.04390261322259903	0.6805420517921448	0.046727389097213745	0.2653907835483551
ENSMUSG00000090000	0.010204787366092205	0.01528218388557434	-0.0037791631184518337	-0.0002858358493540436	-0.01955396495759487	-0.002781060989946127	0.020505426451563835	0.22002901136875153	0.01335294172167778	0.013651303015649319	-0.013849309645593166	-0.018998436629772186	0.011209690943360329	0.010704729706048965	-0.026753053069114685	0.26817843317985535	0.005146543495357037	0.051118575036525726	0.07880792021751404	0.2510454058647156	6.119850877439603e-05	0.2828480899333954
ENSMUSG00000033688	0.014223274774849415	0.025856636464595795	0.009266731329262257	0.015724901109933853	-0.013043396174907684	0.004945160821080208	0.0007373734842985868	0.0097015630453825	0.009687669575214386	0.03296475112438202	-0.01772557944059372	-0.012489739805459976	0.0036761066876351833	0.013111327774822712	-0.023101888597011566	0.15929047763347626	0.03523871675133705	0.04765630140900612	-0.01248824130743742	0.01452567894011736	-0.004728829953819513	0.004481347277760506
ENSMUSG00000107809	0.02690749429166317	0.03364955261349678	0.0024924147874116898	0.014687560498714447	-0.0014161951839923859	-0.005347220227122307	-0.006941205821931362	-0.08015758544206619	0.0038156246300786734	0.06035358086228371	-0.0020706751383841038	0.00834589172154665	0.0008821091614663601	0.017710624262690544	0.006199161987751722	-0.08957787603139877	0.028930731117725372	0.022132014855742455	-0.04030132666230202	-0.12892000377178192	-0.004574165213853121	-0.09209862351417542
ENSMUSG00000078198	0.013841603882610798	0.012961654923856258	-0.005569152999669313	0.011715805158019066	7.80889458837919e-05	-0.0009934997651726007	-0.01013955194503069	-0.09133539348840714	-0.0037047695368528366	0.05378590524196625	0.003292258596047759	0.009779850021004677	0.0033379432279616594	0.0029522725380957127	-0.005892027169466019	-0.05470786988735199	-0.005667392630130053	0.014559196308255196	-0.03806809335947037	-0.13548462092876434	-0.005940448492765427	-0.07991521060466766
ENSMUSG00000052955	0.023335328325629234	0.013557765632867813	0.008543649688363075	-0.012993823736906052	-0.005578964948654175	-0.004666866268962622	-0.003172960365191102	-0.05872363597154617	0.005879560485482216	0.046606045216321945	-0.005827622953802347	0.007061997428536415	0.004783914424479008	0.012624425813555717	0.007308767642825842	-0.05860248953104019	0.03529752418398857	-0.005579782649874687	0.004465816542506218	-0.016690947115421295	-0.00903470441699028	-0.05502874404191971
ENSMUSG00000100041	0.03229086473584175	0.023948611691594124	0.021357091143727303	0.023606199771165848	-0.0020626140758395195	-0.0038018031045794487	-0.0069747380912303925	-0.10357481241226196	-0.005618287716060877	0.024512479081749916	-0.013611333444714546	0.010646340437233448	0.0066792331635952	-0.014801845885813236	0.006633139681071043	-0.026310108602046967	0.039726946502923965	0.01251407340168953	-0.014457739889621735	-0.06870171427726746	-0.0066261994652450085	-0.07066812366247177
ENSMUSG00000120474	0.008223609067499638	0.01281108520925045	-0.006898513995110989	0.020756186917424202	-0.021365011110901833	0.006910924334079027	0.029880624264478683	0.16607218980789185	0.022312553599476814	0.012521583586931229	-0.013199392706155777	-0.03076339326798916	0.018247490748763084	0.010112352669239044	-0.02842593379318714	0.2628922164440155	0.004808163270354271	0.06009107083082199	0.09420191496610641	0.4307692050933838	0.015112191438674927	0.1799277663230896
ENSMUSG00000024426	0.008674549870193005	0.016175396740436554	-0.001761842519044876	0.02193385176360607	-0.014268501661717892	0.009684567339718342	0.021107153967022896	0.17129212617874146	0.021670887246727943	0.014149606227874756	-0.006054956931620836	-0.0194957684725523	0.009793969802558422	0.011122115887701511	-0.027143582701683044	0.2118729203939438	0.003663618816062808	0.0425732247531414	0.04887255281209946	0.4431716203689575	0.0029743132181465626	0.24128444492816925
ENSMUSG00000085295	0.023503189906477928	0.03681648150086403	0.010845018550753593	0.014483446255326271	-0.006985473446547985	-0.002559568965807557	-0.006992659065872431	-0.08536113798618317	0.0033771388698369265	0.01190976146608591	-0.000549007672816515	0.007465860806405544	0.001499851350672543	0.00557511392980814	-0.0005330895073711872	-0.04472796991467476	0.014902835711836815	-0.0044663576409220695	-0.0619548000395298	-0.1101698949933052	-0.006311064586043358	-0.07739419490098953
ENSMUSG00000084102	0.004117197822779417	0.010931803844869137	-0.0074343327432870865	-0.019862091168761253	-0.003980638459324837	-0.0022932798601686954	-0.008592003956437111	-0.060179103165864944	-0.005790330935269594	0.036373138427734375	0.007407279685139656	0.00947893038392067	0.00021669993293471634	0.004328525625169277	-0.009420309215784073	-0.11125621944665909	0.02219318225979805	-0.005323742050677538	-0.03905850276350975	-0.18191632628440857	-0.005840976256877184	-0.1100531667470932
ENSMUSG00000066149	0.007844662293791771	0.018233539536595345	-0.0076402220875024796	0.03187400475144386	-0.019951311871409416	0.009891128167510033	0.02153760753571987	0.3089282512664795	0.025218617171049118	0.010177898220717907	-0.008223949000239372	-0.02664151042699814	0.020827436819672585	0.007915878668427467	-0.029124602675437927	0.2986961901187897	-0.004330439958721399	0.07754719257354736	0.049118395894765854	0.5480090379714966	-0.0015280026709660888	0.42280861735343933
ENSMUSG00000021065	0.00461641326546669	0.016145307570695877	0.0015264154644683003	0.02669616788625717	-0.01509646326303482	0.00877451803535223	0.006430975627154112	0.25108471512794495	-0.0010131415911018848	0.0113169364631176	-0.004047672264277935	-0.01851533353328705	0.005545187741518021	0.017015699297189713	-0.0057149226777255535	0.2977934181690216	0.010393616743385792	0.08640929311513901	-0.005080689676105976	0.39573514461517334	-0.007879323326051235	0.399403840303421
ENSMUSG00000029320	0.008611530065536499	0.032141074538230896	0.0018957597203552723	0.03318966552615166	-0.020613817498087883	0.0030986282508820295	0.005169494543224573	0.1851990818977356	0.013335254043340683	0.02090338058769703	-0.006838947534561157	-0.012709672562777996	0.011695376597344875	0.010760976001620293	-0.01210123859345913	0.2754439115524292	0.0028778444975614548	0.053547583520412445	0.04071573168039322	0.5406544208526611	-0.0034858922008424997	0.21690921485424042
ENSMUSG00000020473	0.010566435754299164	0.024225594475865364	0.0067542605102062225	0.010555424727499485	-0.011750639416277409	0.006002200301736593	0.0031325272284448147	0.14764070510864258	0.015095779672265053	0.020654747262597084	-0.0146673284471035	-0.019145892933011055	0.006460702046751976	0.017468607053160667	-0.023774215951561928	0.20080912113189697	0.02514217048883438	0.06680508702993393	0.017282884567975998	0.17343240976333618	-0.00634368322789669	0.1386032998561859
ENSMUSG00000095606	-0.10803068429231644	-0.22050966322422028	-0.026485972106456757	-0.05192337557673454	-0.0328693650662899	-0.07932398468255997	0.025736751034855843	-0.1055631935596466	-0.04727441817522049	-0.22943781316280365	-0.01883648708462715	-0.014530365355312824	-0.013789267279207706	-0.02652907930314541	0.04801816865801811	-0.24066951870918274	-0.16050326824188232	-0.27358344197273254	0.2254774421453476	-0.6104251742362976	-0.00779779814183712	-0.41069161891937256
ENSMUSG00000099429	0.035035740584135056	0.031492020934820175	0.010497343726456165	0.026341283693909645	-0.007953130640089512	-0.0011642375029623508	-0.00026937751681543887	-0.037465859204530716	0.010219620540738106	0.06573498994112015	-0.013908877037465572	0.004355147015303373	0.007892116904258728	0.017728131264448166	0.00895034521818161	-0.03827900439500809	0.038349274545907974	0.029683776199817657	0.0022176243364810944	0.01765342988073826	-0.003207747358828783	-0.01581553742289543
ENSMUSG00000117745	0.006504331715404987	0.021775076165795326	0.0016792276874184608	0.027294659987092018	-0.011905785650014877	0.005577076226472855	-0.0027789559680968523	0.16210156679153442	0.005247673951089382	0.01545632816851139	-0.009920045733451843	-0.015045945532619953	-8.908098243409768e-05	0.019491948187351227	-0.01876680552959442	0.31695306301116943	0.016154035925865173	0.032173942774534225	-0.03960561007261276	0.2248368114233017	-0.0065848506055772305	0.09178610891103745
ENSMUSG00000108866	0.0015514683909714222	0.031184732913970947	-0.003379077883437276	0.013843911699950695	-0.015488454140722752	0.0008020225213840604	0.038975078612565994	0.1355183720588684	0.03620279207825661	0.01866149716079235	-0.008814706467092037	-0.006998551078140736	0.0281077791005373	0.0068402476608753204	-0.05588921159505844	0.07746639847755432	-0.00714081572368741	0.04940998554229736	0.11931929737329483	0.48379021883010864	0.028755569830536842	0.1780232936143875
ENSMUSG00000036197	0.009879407472908497	0.025722406804561615	0.00108203268609941	0.020865561440587044	-0.028405528515577316	0.006979414727538824	0.00852256640791893	0.24760811030864716	0.01751764491200447	0.014602241106331348	-0.008348725736141205	-0.02472425065934658	0.01385005097836256	0.014969631098210812	-0.025234265252947807	0.30482059717178345	0.013151099905371666	0.052009016275405884	0.020488040521740913	0.33135268092155457	-0.007271408569067717	0.323043555021286
ENSMUSG00000104861	-0.0003649685240816325	-0.010971290990710258	-0.0022146268747746944	-0.0033546045888215303	-0.003550190245732665	-0.0016513593727722764	-0.0038753431290388107	-0.06489378958940506	0.0011072778142988682	0.018089743331074715	-0.008594407700002193	0.010376999154686928	0.00806362647563219	-0.003797943005338311	-0.0057127936743199825	-0.052315060049295425	0.012983798049390316	0.040698036551475525	-0.01379445567727089	-0.11611254513263702	-0.005968278739601374	-0.07114607095718384
ENSMUSG00000121625	0.012728802859783173	0.02185741811990738	0.003243260784074664	0.008626860566437244	-0.025610441341996193	0.005257208365947008	0.007302839774638414	0.13422027230262756	0.02049287036061287	0.014484191313385963	-0.009074839763343334	0.0011427465360611677	0.014125543646514416	0.013504049740731716	-0.01474089827388525	0.19799375534057617	0.022056819871068	0.031179502606391907	0.045464109629392624	0.16776664555072784	-0.003266296349465847	0.09531896561384201
ENSMUSG00000026527	0.004282922018319368	0.019537582993507385	0.00014347987598739564	0.013479206711053848	-0.007165002170950174	0.004364810883998871	-0.007933475077152252	0.1283075362443924	-9.39814344746992e-05	0.020492397248744965	-0.004816475324332714	-0.029284147545695305	-0.0012666909024119377	0.021623387932777405	-0.00808253139257431	0.08925949782133102	0.012494044378399849	0.05719897150993347	-0.03151819854974747	0.055299025028944016	-0.006439583376049995	0.11057145893573761
ENSMUSG00000098470	0.0184936560690403	0.03766871243715286	0.005735902115702629	0.026634562760591507	-0.0015703061362728477	-0.001388418022543192	-0.0028073641005903482	-0.02520294487476349	0.00876197312027216	0.03836745768785477	-0.007205349858850241	-0.003461092012003064	0.003486025147140026	0.01340087503194809	-0.0026133600622415543	-0.06558355689048767	0.03523729741573334	0.026091447100043297	0.017979750409722328	-0.02457115240395069	-0.007200297899544239	0.011940947733819485
ENSMUSG00000049073	0.016530873253941536	0.030369818210601807	0.007843287661671638	0.01138574443757534	0.002447698963806033	-0.0032123096752911806	-0.00560161704197526	-0.0755096971988678	0.008501836098730564	0.021367056295275688	-0.011001710779964924	0.011874500662088394	0.005380070302635431	0.015746450051665306	-0.0015266984701156616	-0.03237328305840492	0.008087437599897385	0.012618709355592728	-0.011186927556991577	-0.09198608994483948	-0.008205861784517765	-0.1020750105381012
ENSMUSG00000118024	0.009694076143205166	0.02958444319665432	0.0014922114787623286	0.01776212267577648	-0.0013938224874436855	-0.0005785718094557524	-0.007048544939607382	-0.06398365646600723	0.006134239956736565	0.014279384166002274	-0.0022777924314141273	0.005398325156420469	-0.0010365474736317992	0.00517688412219286	-0.006281803362071514	-0.0008760775672271848	0.010963713750243187	0.036421943455934525	-0.046536531299352646	-0.13191790878772736	-0.007252600975334644	-0.09178967773914337
ENSMUSG00000063882	0.010081063956022263	0.012985088862478733	-0.004586860071867704	0.03357450291514397	-0.023591984063386917	0.003514851676300168	0.022068031132221222	0.2962956726551056	0.01793080009520054	0.009418239817023277	-0.013230965472757816	-0.02250363864004612	-0.002741726581007242	0.013895443640649319	-0.010095701552927494	0.32523471117019653	0.005235974211245775	0.0630631223320961	0.060053445398807526	0.3146984577178955	-0.005367545876652002	0.45753055810928345
ENSMUSG00000026430	0.012012864463031292	0.0314762108027935	0.006257135886698961	0.019559448584914207	-0.01569104753434658	-0.00153688108548522	0.0059498888440430164	0.19501525163650513	0.016887126490473747	0.01977088674902916	-0.014738478697836399	-0.02004772238433361	0.0037678328808397055	0.01814107969403267	-0.028830358758568764	0.20715664327144623	0.022952061146497726	0.053385887295007706	0.022888174280524254	0.23083753883838654	-0.007031445391476154	0.17081765830516815
ENSMUSG00000096607	0.02442176081240177	0.05447620525956154	0.009573436342179775	0.024057934060692787	-0.0060627697966992855	-0.0014262550976127386	-0.0006293886108323932	-0.05754213407635689	0.01476788055151701	0.051010046154260635	-0.007630909793078899	0.012821519747376442	0.0024250850547105074	0.008585675619542599	-0.004197017289698124	-0.0068138581700623035	0.038374751806259155	0.04138058051466942	-0.02198094129562378	-0.10345984250307083	-0.006490366067737341	-0.05186505243182182
ENSMUSG00000103694	-0.006725400686264038	0.005182857625186443	0.0003199982165824622	0.02095183916389942	0.008555363863706589	-0.004171115346252918	-0.01130685955286026	-0.09128116816282272	-0.00817735493183136	0.009202237240970135	0.005977627821266651	0.012978395447134972	-0.004079036880284548	-0.0022940083872526884	-0.0030374566558748484	-0.03860752657055855	-0.00020964608120266348	0.027637703344225883	-0.06054883822798729	-0.16202279925346375	-0.007679140195250511	-0.12753896415233612
ENSMUSG00000029231	0.019089285284280777	0.023737752810120583	0.009293124079704285	0.013324334286153316	-0.005346870515495539	0.0039019433315843344	0.000923641084227711	-0.008058318868279457	0.015057703480124474	0.03138289600610733	-0.010777570307254791	-0.002448960905894637	-0.0013772782403975725	0.013776346109807491	-0.017509251832962036	-0.02436516433954239	0.037519145756959915	0.034666407853364944	-0.022061707451939583	-0.03401504456996918	-0.004427667707204819	0.01830744929611683
ENSMUSG00000075589	0.021541405469179153	0.008019428700208664	0.006937580183148384	0.012836720794439316	-0.005295697599649429	0.0059000528417527676	0.000838350155390799	-0.005262131802737713	0.016108455136418343	0.03469238430261612	-0.00963636115193367	-0.009347588755190372	0.00570643087849021	0.013333912007510662	-0.01596181094646454	0.03438669815659523	0.032058242708444595	0.033887505531311035	-0.012333271093666553	0.050521157681941986	-0.0010828942758962512	0.0017679083393886685
ENSMUSG00000099643	-0.10803068429231644	-0.22050966322422028	-0.026485972106456757	-0.05192337557673454	-0.0328693650662899	-0.07932398468255997	0.025736751034855843	-0.1055631935596466	-0.04727441817522049	-0.22943781316280365	-0.01883648708462715	-0.014530365355312824	-0.013789267279207706	-0.02652907930314541	0.04801816865801811	-0.24066951870918274	-0.16050326824188232	-0.27358344197273254	0.2254774421453476	-0.6104251742362976	-0.00779779814183712	-0.41069161891937256
ENSMUSG00000019988	0.006065626163035631	0.01936771720647812	0.0003876325208693743	0.017736537382006645	-0.012172919698059559	0.007702326867729425	-0.0036787393037229776	0.2387882024049759	0.0028898154851049185	0.014675118029117584	-0.003529967973008752	-0.025587506592273712	0.00614176457747817	0.018746357411146164	-0.01013652328401804	0.29721304774284363	0.011385240592062473	0.05690685659646988	-0.008892323821783066	0.18395105004310608	-0.007059348747134209	0.25559940934181213
ENSMUSG00000101139	-0.10803068429231644	-0.22050966322422028	-0.026485972106456757	-0.05192337557673454	-0.0328693650662899	-0.07932398468255997	0.025736751034855843	-0.1055631935596466	-0.04727441817522049	-0.22943781316280365	-0.01883648708462715	-0.014530365355312824	-0.013789267279207706	-0.02652907930314541	0.04801816865801811	-0.24066951870918274	-0.16050326824188232	-0.27358344197273254	0.2254774421453476	-0.6104251742362976	-0.00779779814183712	-0.41069161891937256
ENSMUSG00000074593	0.031546272337436676	0.042177774012088776	0.013721791096031666	0.012366239912807941	-0.00028590403962880373	0.0053693996742367744	0.000563957029953599	-0.04629060626029968	0.016785895451903343	0.015528385527431965	-0.01078594010323286	0.011050853878259659	0.0020470088347792625	0.014829262159764767	-0.008557841181755066	-0.060728155076503754	0.0033621909096837044	0.04855695366859436	0.0013496601022779942	-0.07028025388717651	-0.0003173563745804131	0.008096763864159584
ENSMUSG00000121825	0.0026772140990942717	0.022138135507702827	-0.0033805835992097855	0.0026050496380776167	-0.00160829140804708	-0.004562566056847572	-0.010479495860636234	-0.10525833070278168	0.0025999632198363543	0.05182967334985733	0.004441901110112667	0.009323074482381344	0.00021417041716631502	0.004880026448518038	-0.002832265803590417	0.0009211070719175041	0.022488346323370934	-0.052914734929800034	-0.05208751559257507	-0.14048442244529724	-0.007440273184329271	-0.06728453934192657
ENSMUSG00000040690	0.012311152182519436	0.019959867000579834	0.008614283055067062	0.016748584806919098	-0.004404857289046049	0.00020481176034081727	0.002243335824459791	0.0818478986620903	0.010113108903169632	0.032441988587379456	-0.012822398915886879	-0.015518609434366226	0.0010369766969233751	0.020704764872789383	-0.02076895534992218	0.10659324377775192	0.03381118178367615	0.03703093156218529	-0.010265708900988102	0.02865467220544815	-0.0063979304395616055	0.023377979174256325
ENSMUSG00000031133	-0.013762909919023514	-0.013058818876743317	-0.005117510445415974	0.0062913973815739155	0.008872441947460175	0.004613658878952265	-0.007912881672382355	-0.06862577795982361	-0.006160588935017586	0.02576720155775547	0.00431561516597867	0.0056717670522630215	-0.005758287850767374	-0.0067296684719622135	-0.010213467292487621	-0.15295587480068207	-0.011512505821883678	-0.0042903609573841095	-0.031703077256679535	-0.047230955213308334	0.00023631524527445436	-0.1219923123717308
ENSMUSG00000041984	0.016892902553081512	0.02675352618098259	0.006921359803527594	-0.006759668700397015	-0.002878395840525627	-0.0011670953826978803	-0.005627887323498726	-0.08524638414382935	0.0033479235135018826	0.03870944678783417	0.0011170872021466494	0.007341724820435047	0.0068940939381718636	0.004420232959091663	0.0026224551256746054	-0.0405132956802845	-0.009480259381234646	0.005462439265102148	-0.048096634447574615	-0.1094028651714325	-0.0068953754380345345	-0.05063103139400482
ENSMUSG00000085090	0.04251290485262871	0.03195301815867424	0.04119950905442238	0.01453244686126709	0.005103190429508686	-0.004069163464009762	-0.00482339458540082	-0.08266819268465042	0.009753309190273285	0.03222723305225372	0.009520705789327621	0.00949136633425951	-0.002522848779335618	0.009541952982544899	-0.0006842781440354884	-0.07945304363965988	0.015147680416703224	-0.016189785674214363	-0.02122414857149124	-0.09641744941473007	-0.010030689649283886	-0.0623566135764122
ENSMUSG00000097543	0.016119912266731262	0.03875059634447098	0.004705103579908609	0.009023349732160568	-0.011605697683990002	0.005554609466344118	0.00567238312214613	0.06099988520145416	0.014077752828598022	0.032286714762449265	-0.012090048752725124	-0.0016557149356231093	0.004965618718415499	0.01414325088262558	-0.02742096595466137	0.10428901761770248	0.031204795464873314	0.025806134566664696	0.0201919823884964	0.06273291260004044	0.0005236462457105517	0.07946376502513885
ENSMUSG00000108689	0.023383473977446556	0.03329754248261452	0.00626410124823451	0.006699396762996912	-0.007442453410476446	0.0039374735206365585	0.0018816187512129545	-0.01695699617266655	0.004802329931408167	0.04891715943813324	-0.0068738930858671665	0.006235589273273945	0.015446350909769535	0.009802735410630703	-0.0042761992663145065	-0.038930609822273254	0.010670512914657593	0.02298085391521454	0.08518338948488235	0.04066791012883186	0.003704075003042817	0.03149222210049629
ENSMUSG00000114929	0.007788016926497221	0.05310462415218353	0.01427159458398819	0.023371554911136627	-0.010566795244812965	0.0015119179151952267	0.001345601282082498	-0.040367983281612396	0.007121643517166376	0.04726618155837059	-0.012369037605822086	-0.002043850952759385	-0.0033488930203020573	0.016070490702986717	-0.011880419217050076	0.04616306349635124	0.047107573598623276	0.024443138390779495	0.020131852477788925	0.08834906667470932	-0.005156276747584343	0.012821913696825504
ENSMUSG00000081138	0.02758975327014923	0.023720620200037956	0.012087377719581127	0.02692660503089428	-0.0023386264219880104	-0.002252432517707348	-0.002654088195413351	-0.06045876443386078	0.004546917509287596	0.03864908218383789	-0.007239884231239557	0.008275008760392666	0.00182430783752352	0.011474350467324257	0.004905391484498978	-0.062352992594242096	0.022699231281876564	0.02026033215224743	-0.049308788031339645	-0.09394805878400803	-0.007405757438391447	-0.03318840637803078
ENSMUSG00000022225	-0.008697351440787315	0.00043644383549690247	-0.002093002898618579	0.010693300515413284	0.0025693767238408327	-0.006564057897776365	-0.006024469621479511	-0.041820183396339417	0.0016774871619418263	0.03754083067178726	-0.0003375590604264289	0.010136282071471214	0.012541268952190876	0.005012671463191509	0.023285994306206703	-0.10820455849170685	-0.018276946619153023	0.004983610473573208	-0.041172094643116	-0.11935589462518692	-0.004098665434867144	-0.03527940437197685
ENSMUSG00000060084	-0.02298038639128208	-0.01156836748123169	-0.005072895437479019	-0.0027270964346826077	0.005295189097523689	-0.004542105831205845	-0.015394116751849651	-0.09232146292924881	-0.01946110650897026	-0.03072105161845684	-0.0028109941631555557	0.011500303633511066	-0.010922079905867577	-0.00840615015476942	-0.004656256642192602	-0.1365451067686081	-0.004143704194575548	-0.03316501900553703	-0.026781616732478142	-0.045643940567970276	-0.00882531888782978	-0.026428479701280594
ENSMUSG00000022661	0.0043480913154780865	0.016231782734394073	0.0009609985281713307	0.010418522171676159	-0.007075916975736618	0.001751807052642107	-0.009505773894488811	0.057678405195474625	-0.002199767855927348	0.02074274979531765	-0.0010522189550101757	-0.013966335915029049	-0.0023451654706150293	0.01277787797152996	-0.007395259104669094	0.050394054502248764	0.008215651847422123	0.03280705586075783	-0.03640678524971008	-0.028240229934453964	-0.007032262161374092	-0.06798332929611206
ENSMUSG00000067438	0.014595086686313152	0.027853526175022125	0.002312843455001712	0.016052935272455215	-0.012706629000604153	0.004749291110783815	0.000180610382813029	0.111660435795784	0.02033117599785328	0.023668067529797554	-0.009989345446228981	-0.026821091771125793	0.0031429650261998177	0.01671566069126129	-0.035441022366285324	0.1373731940984726	0.030152952298521996	0.022816170006990433	0.0069542499259114265	0.0557483434677124	-0.003920306451618671	0.11800550669431686
ENSMUSG00000106643	0.021355941891670227	-0.003784453496336937	0.012850809842348099	0.004164986778050661	-0.001675753272138536	-0.001748926006257534	-0.005040849559009075	-0.08413366228342056	0.011220804415643215	0.03721076622605324	-0.0009271855815313756	0.008609279058873653	0.00389364012517035	0.010264712385833263	-0.00044478007475845516	0.009174585342407227	0.04571307823061943	-0.03149676322937012	-0.038034647703170776	-0.08790066093206406	-0.007384525611996651	-0.07206085324287415
ENSMUSG00000029314	0.00918515957891941	0.02988683059811592	0.005367117002606392	0.023394957184791565	-0.012630097568035126	0.002340469276532531	0.003381863236427307	0.19885984063148499	0.010383998975157738	0.01503134984523058	-0.014639060944318771	-0.024704234674572945	0.0037030375096946955	0.018307385966181755	-0.021484527736902237	0.19485725462436676	0.02133226953446865	0.06742512434720993	0.003004475263878703	0.1765206754207611	-0.007498335093259811	0.1934496909379959
ENSMUSG00000110397	0.013039440847933292	0.04492162540555	0.008443472906947136	-0.03952852636575699	-0.005567418877035379	-0.00042336128535680473	-0.010917292907834053	-0.056011494249105453	0.008237303234636784	0.033961836248636246	0.005745957605540752	-0.0039545148611068726	-0.0006635416066274047	0.0007665596203878522	-0.001061909249983728	-0.03762361407279968	0.021481512114405632	0.025164473801851273	-0.0166882686316967	-0.045461855828762054	-0.007481107022613287	-0.05824105441570282
ENSMUSG00000024552	0.019041385501623154	0.011698849499225616	0.00476693082600832	0.02152913622558117	-0.0013481213245540857	-0.0034169680438935757	-0.0036253524012863636	-0.0748300850391388	-0.00012765932478941977	0.05285581946372986	-0.00066242745378986	0.00973157025873661	0.0016007610829547048	0.01935524307191372	0.010034986771643162	-0.09548477083444595	0.02041417546570301	-0.003783400170505047	-0.046094730496406555	-0.1000593975186348	-0.007126746233552694	-0.08258125931024551
ENSMUSG00000001666	0.0205876212567091	0.037329625338315964	0.006078375969082117	0.017540819942951202	-0.020427152514457703	0.007831744849681854	0.0033110224176198244	0.12150601297616959	0.030889835208654404	0.02948540449142456	-0.03166266158223152	-0.026542436331510544	0.0032458442728966475	0.01716548018157482	-0.02769211120903492	0.1948082149028778	0.03986460343003273	0.06023964285850525	0.030719110742211342	0.08098463714122772	-0.003805922344326973	0.18126632273197174
ENSMUSG00000006538	0.014898091554641724	0.029327834025025368	0.004563252907246351	0.009024676866829395	-0.016729872673749924	0.002650598296895623	0.0013811492826789618	0.07263223826885223	0.011081811040639877	0.028820108622312546	-0.022168008610606194	-0.005803384352475405	0.00340562523342669	0.015697333961725235	-0.03446381166577339	0.07335111498832703	0.03387036919593811	0.040296077728271484	0.012315626256167889	0.06493761390447617	0.004540196154266596	0.03154002130031586
ENSMUSG00000101389	0.008525526151061058	0.026841221377253532	0.002407369902357459	-0.003502477193251252	-0.0035212209913879633	-0.0003458310675341636	-0.009766646660864353	-0.09016206115484238	0.0020530088804662228	0.046508751809597015	0.0012026249896734953	0.0077272928319871426	-0.0007767745992168784	-0.006132905371487141	-0.002433191519230604	-0.013292958959937096	0.00888730213046074	0.004618451464921236	-0.056029777973890305	-0.10277355462312698	-0.006536616012454033	-0.10971296578645706
ENSMUSG00000027315	0.009393062442541122	0.018950387835502625	-0.0028565963730216026	0.030780263245105743	-0.02214466966688633	0.0048308116383850574	0.016540078446269035	0.2688734531402588	0.019077934324741364	0.009091065265238285	-0.008275536820292473	-0.028043415397405624	0.00877967569977045	0.013805213384330273	-0.01772397942841053	0.3263595998287201	0.005497581325471401	0.0732521042227745	0.044160448014736176	0.36815375089645386	-0.006062039639800787	0.3575589656829834
ENSMUSG00000034617	0.005791951436549425	0.020264392718672752	-0.0061072916723787785	0.036437343806028366	-0.014990062452852726	0.0063129011541605	0.024758463725447655	0.27484214305877686	0.013445032760500908	0.01390940323472023	-0.0038627793546766043	-0.016378754749894142	0.01973905973136425	0.0021128705702722073	-0.03369569405913353	0.2947990894317627	-0.014747514389455318	0.0895574763417244	0.05430848151445389	0.590836226940155	0.0011576793622225523	0.35957276821136475
ENSMUSG00000100121	0.02627856656908989	0.014190822839736938	0.0026269780937582254	0.019641030579805374	-0.01131479348987341	-0.0018515910487622023	-0.004292870871722698	-0.05519581213593483	0.0036094614770263433	0.04967357963323593	0.001069261459633708	0.009631678462028503	-0.005375695880502462	0.01471867598593235	-0.004844639450311661	0.028747165575623512	0.01659741811454296	0.04034304991364479	-0.006249180529266596	-0.02313508279621601	-0.005742688663303852	-0.009853077121078968
ENSMUSG00000107813	0.022026289254426956	-0.015316839329898357	0.001479863771237433	0.006485276855528355	-0.005557395052164793	0.0002822903043124825	-0.003695838386192918	-0.061536043882369995	-0.003728589043021202	0.00033837530645541847	-0.004877571947872639	0.007731903810054064	0.0123512651771307	0.018373746424913406	-0.005056035704910755	-0.00499739358201623	0.008590470999479294	-0.01865462213754654	0.04229649528861046	0.08032028377056122	0.0058669145219028	-0.016436446458101273
ENSMUSG00000035762	0.005249050911515951	0.01796744391322136	0.000810368568636477	-0.013179999776184559	-0.02199695073068142	0.0063080573454499245	0.008569678291678429	0.27654582262039185	0.007458976469933987	0.012634857557713985	-0.005825121887028217	-0.023681914433836937	0.010481497272849083	0.010794976726174355	-0.009334114380180836	0.2931465804576874	0.007479176390916109	0.06039692834019661	0.03214602172374725	0.4154265224933624	-0.006547885946929455	0.3305373787879944
ENSMUSG00000020308	0.0026150508783757687	0.018692143261432648	-0.02308565191924572	0.026648366823792458	-0.022035745903849602	0.005363964941352606	0.0638771802186966	0.21782329678535461	0.034305326640605927	0.008400779217481613	-0.010475038550794125	-0.031838566064834595	0.03408771753311157	0.0005162816378287971	-0.06412848830223083	0.17412251234054565	-0.024301517754793167	0.05327284708619118	0.1140391156077385	0.4508097469806671	0.06324032694101334	0.4099454879760742
ENSMUSG00000029865	-0.010648888535797596	-0.010927174240350723	0.006025361362844706	-0.007431813981384039	-0.008310023695230484	-0.00256230216473341	-0.012136817909777164	-0.1093841940164566	-0.007607455365359783	0.0203994233161211	-0.004699107259511948	0.010742101818323135	0.006468919105827808	0.006932415533810854	-0.007981196977198124	-0.13240690529346466	-0.004014048725366592	-0.004971736576408148	-0.02308039739727974	-0.0009816994424909353	-0.008995961397886276	-0.02747061476111412
ENSMUSG00000030373	0.02142302319407463	0.02189057506620884	0.016945108771324158	0.008148614317178726	-0.0009381866548210382	-0.003328512655571103	-0.005316230468451977	-0.06329578906297684	0.01097472757101059	0.039508890360593796	-0.006111014634370804	0.011507985182106495	-0.0007168530719354749	-0.004311463329941034	-0.0005524603184312582	-0.03847554326057434	0.04432258754968643	0.037246108055114746	-0.055112823843955994	-0.10577284544706345	-0.006611212622374296	-0.11861977726221085
ENSMUSG00000047889	0.010303815826773643	-0.014839976094663143	-0.0028086535166949034	0.0020335207227617502	-0.0024593945126980543	-0.002128161955624819	-0.005045722704380751	-0.08978694677352905	-0.0007161665125750005	0.04231018200516701	0.002402248792350292	0.010811593383550644	4.226523742545396e-05	0.01153701450675726	0.006021137349307537	-0.0774768739938736	-0.0003754626668523997	0.009895251132547855	-0.0574563629925251	-0.13494044542312622	-0.006958888843655586	-0.07741627842187881
ENSMUSG00000021458	0.020156564190983772	-0.10544370859861374	-0.007776315324008465	-0.13982819020748138	-0.002926828572526574	0.06295862048864365	-0.0019808674696832895	-0.20064102113246918	9.952109394362196e-05	-0.24649551510810852	-0.000688274740241468	-0.020266829058527946	0.010585636831820011	-0.0976138561964035	0.015591041184961796	-0.1537066400051117	0.008195205591619015	-0.1946420818567276	-0.019154850393533707	-0.7576585412025452	-0.014668681658804417	-0.4872756898403168
ENSMUSG00000109130	0.015191858634352684	0.05336549133062363	0.006323946639895439	0.01948588900268078	-0.003429360454902053	0.00515296496450901	-0.0033046549651771784	-0.058438725769519806	0.006435010582208633	0.05122167617082596	-0.008232696913182735	0.004279076121747494	0.01151229813694954	0.00662577198818326	-0.00413639098405838	-0.012659252621233463	0.004737688694149256	0.033908452838659286	-0.03876568004488945	-0.008266904391348362	-0.004247134551405907	-0.059920862317085266
ENSMUSG00000109140	0.009504865854978561	0.023684730753302574	0.0002199311857111752	0.004312571138143539	-0.00029962864937260747	-0.0012646530522033572	-0.027848340570926666	0.20043401420116425	0.00539336958900094	0.01539561152458191	-0.008660964667797089	-0.026995887979865074	0.0011407544370740652	0.018667329102754593	-0.015019780024886131	0.27010464668273926	0.005771616008132696	0.05745527148246765	0.024351119995117188	0.1308360993862152	-0.006317592691630125	0.19030675292015076
ENSMUSG00000118265	0.04031074419617653	0.02479209378361702	0.012490851804614067	0.009257765486836433	-0.0014504577266052365	0.001436255406588316	-0.006760833784937859	-0.06169576197862625	0.003352951491251588	0.037257738411426544	-2.2890069431014126e-06	0.004440675489604473	-0.0032537176739424467	0.0027233317960053682	-0.008052319288253784	-0.021157028153538704	0.04002009332180023	0.020309582352638245	6.63574792270083e-06	-0.11679680645465851	-0.007751546334475279	-0.037655144929885864
ENSMUSG00000043549	-0.00482292240485549	0.020200403407216072	-0.001901248935610056	-0.010556744411587715	0.007296587340533733	-0.008488181047141552	-0.030298011377453804	0.2147108018398285	-0.014565213583409786	0.0008320730412378907	0.004846959840506315	-0.008675489574670792	-0.014538680203258991	0.013153445906937122	-0.009216191247105598	0.2378803789615631	0.01122003048658371	0.0555105023086071	0.0012386880116537213	0.2935281991958618	-0.007221624720841646	0.3004758954048157
ENSMUSG00000015092	0.016258373856544495	0.016448715701699257	0.0034551385324448347	0.02219843864440918	-0.015925992280244827	0.007475230842828751	0.007617637049406767	0.25139981508255005	0.013833306729793549	0.011281507089734077	-0.0055788117460906506	-0.023168884217739105	-0.004013602621853352	0.016775719821453094	0.004734845366328955	0.3048248887062073	0.015176751650869846	0.05014572665095329	0.019831661134958267	0.2990235984325409	-0.009021242149174213	0.3200437128543854
ENSMUSG00000099822	-0.10803068429231644	-0.22050966322422028	-0.026485972106456757	-0.05192337557673454	-0.0328693650662899	-0.07932398468255997	0.025736751034855843	-0.1055631935596466	-0.04727441817522049	-0.22943781316280365	-0.01883648708462715	-0.014530365355312824	-0.013789267279207706	-0.02652907930314541	0.04801816865801811	-0.24066951870918274	-0.16050326824188232	-0.27358344197273254	0.2254774421453476	-0.6104251742362976	-0.00779779814183712	-0.41069161891937256
ENSMUSG00000109944	-0.006770087871700525	0.0070851994678378105	0.0005075181252323091	0.007857450284063816	-0.004046780057251453	-0.001778163481503725	-0.0065803322941064835	-0.0505247563123703	-0.0024786859285086393	0.0371851772069931	-0.0047640432603657246	0.009424915537238121	0.024898970499634743	0.01671389304101467	0.007892224937677383	-0.067474864423275	-0.029374556615948677	-0.01584278792142868	0.08663871139287949	0.06885682046413422	0.009555845521390438	0.04046539217233658
ENSMUSG00000114896	0.024438953027129173	0.03568975627422333	0.0071153356693685055	0.02114330232143402	0.005783116910606623	0.001425870810635388	-0.011117261834442616	-0.08860734850168228	0.01776357926428318	0.04712913930416107	-0.0023835075553506613	0.011510529555380344	-0.0033127141650766134	0.00360274245031178	-0.004126220475882292	-0.006452945992350578	-0.015873592346906662	0.03230173885822296	-0.01879240572452545	-0.09209132194519043	-0.006317288149148226	-0.054910968989133835
ENSMUSG00000113723	-0.10803068429231644	-0.22050966322422028	-0.026485972106456757	-0.05192337557673454	-0.0328693650662899	-0.07932398468255997	0.025736751034855843	-0.1055631935596466	-0.04727441817522049	-0.22943781316280365	-0.01883648708462715	-0.014530365355312824	-0.013789267279207706	-0.02652907930314541	0.04801816865801811	-0.24066951870918274	-0.16050326824188232	-0.27358344197273254	0.2254774421453476	-0.6104251742362976	-0.00779779814183712	-0.41069161891937256
ENSMUSG00000024696	0.005219262093305588	0.020077383145689964	0.0017869796138256788	0.05023444816470146	-0.013845090754330158	0.011049789376556873	-0.002562072593718767	0.28032225370407104	0.00017813600425142795	0.011204903945326805	-0.001275804010219872	-0.004630375653505325	-0.006288862321525812	0.008407853543758392	-0.012629322707653046	0.3000078499317169	-0.000636761833447963	0.08297031372785568	0.002377039287239313	0.6657257676124573	-0.0071477340534329414	0.461854487657547
ENSMUSG00000115597	0.015313142910599709	0.020348576828837395	0.00736272381618619	0.005074069369584322	0.006612721830606461	-0.007705740164965391	-0.004458599258214235	-0.06308898329734802	0.019518297165632248	0.022679250687360764	-0.00803214218467474	0.0026235918048769236	-0.0024871660862118006	0.01437574066221714	-0.005086939316242933	-0.01597965508699417	0.054556503891944885	0.03557172790169716	-0.026619000360369682	-0.10045641660690308	-0.0085027189925313	-0.07883907109498978
ENSMUSG00000030114	0.01903282292187214	0.02876463159918785	0.014157542027533054	-0.006722601596266031	-0.008194205351173878	-0.0025939992628991604	-0.006521391216665506	-0.05970712751150131	0.007973087020218372	0.02920772135257721	-0.01268936600536108	0.011063533835113049	0.0005276635056361556	0.010202721692621708	-0.006090736947953701	0.008958214893937111	0.045377396047115326	0.04741644859313965	-0.003318298840895295	0.004963267594575882	-0.007094908505678177	-0.04657028242945671
ENSMUSG00000004535	0.008713494054973125	0.010508927516639233	-3.917014328180812e-05	0.020680902525782585	-0.02702970989048481	0.0048608435317873955	0.014749250374734402	0.2906380295753479	0.012410345487296581	0.008678349666297436	-0.010386683978140354	-0.024871978908777237	0.01677395962178707	0.011988592334091663	-0.014397986233234406	0.3147534430027008	0.003950918093323708	0.06164286658167839	0.038112420588731766	0.3884181082248688	-0.006656705867499113	0.43652984499931335
ENSMUSG00000097113	0.010929708369076252	0.02751176990568638	-0.008632341399788857	0.015692289918661118	-0.011358164250850677	0.004990941844880581	0.028658196330070496	0.04578784108161926	0.02337595261633396	0.026714978739619255	-0.011458770371973515	-0.021533891558647156	0.020306944847106934	0.01186275016516447	-0.03510082885622978	0.11791536957025528	0.008657794445753098	0.009779452346265316	0.1625588834285736	0.31269145011901855	0.04567171633243561	0.11406673491001129
ENSMUSG00000090199	0.012857936322689056	0.02992076613008976	0.006934223230928183	0.020683202892541885	-0.01798873022198677	0.012435401789844036	-0.002589775947853923	0.11456110328435898	0.01638093777000904	0.027985215187072754	-0.00604499876499176	-0.02371423877775669	0.0033646810334175825	0.01693783327937126	-0.021270502358675003	0.16991576552391052	0.024111514911055565	0.06591814011335373	-0.057379044592380524	-0.06673118472099304	-0.00492040254175663	0.030975718051195145
ENSMUSG00000027219	0.012323395349085331	-0.1305440217256546	-0.0016493264120072126	-0.09709241986274719	-0.0034802642185240984	-0.008331957273185253	-0.001678675296716392	-0.17144320905208588	0.0032344746869057417	-0.12730008363723755	0.0019071949645876884	-0.010823399759829044	0.012199990451335907	-0.06090906262397766	0.0007644364377483726	-0.11910976469516754	0.010420423001050949	-0.07544959336519241	-0.03376664221286774	-0.6175596714019775	-0.00953042134642601	-0.4207843840122223
ENSMUSG00000024824	0.008836869150400162	0.023107221350073814	-0.001886929851025343	0.024524450302124023	-0.019125407561659813	0.0070992703549563885	0.01933550089597702	0.22076329588890076	0.022237665951251984	0.016615159809589386	-0.005162241403013468	-0.023714579641819	0.008898770436644554	0.010560533031821251	0.0016438619932159781	0.283907026052475	0.004923297557979822	0.0645366758108139	0.10446418821811676	0.39232364296913147	0.0007327733910642564	0.2087850421667099
ENSMUSG00000044286	-0.00879412330687046	0.0027031919453293085	-0.0022361434530466795	-0.060185786336660385	0.0028814382385462523	-0.01919403113424778	-0.01599426567554474	-0.08431731909513474	-0.010385318659245968	-0.012906232848763466	0.0006083144107833505	0.017090173438191414	-0.010116655379533768	0.012688560411334038	-0.004274153616279364	-0.08967883884906769	0.006709204521030188	-0.09447178989648819	-0.012832547537982464	0.0022451751865446568	-0.00791709404438734	-0.010322668589651585
ENSMUSG00000086939	0.01699952408671379	0.02590564452111721	0.009458390064537525	0.015801746398210526	-0.006179502699524164	0.0018660560017451644	-0.0028925063088536263	-0.02895181253552437	0.015517064370214939	0.03519347682595253	-0.012984620407223701	0.004057031590491533	0.0031488833483308554	0.01734456978738308	-0.014872398227453232	0.050637684762477875	0.036244336515665054	0.0514899380505085	-0.010019127279520035	0.016469286754727364	-0.004773834254592657	-0.013124486431479454
ENSMUSG00000097585	0.005490231327712536	0.023942401632666588	-0.0037033078260719776	0.043263956904411316	-0.013451945967972279	0.01139158383011818	0.017635658383369446	0.3202497363090515	0.009565405547618866	0.011684422381222248	-0.0018971605459228158	-0.012234137393534184	0.01627609133720398	0.00685536302626133	-0.022779863327741623	0.329090416431427	-0.004714460112154484	0.09365920722484589	0.04196108877658844	0.5633151531219482	-0.004605094436556101	0.4776187241077423
ENSMUSG00000025931	0.009820638224482536	0.02062058635056019	0.0031011467799544334	0.016351737082004547	-0.022898053750395775	0.006546448450535536	0.007635613903403282	0.22442154586315155	0.013533673249185085	0.014093663543462753	-0.021235523745417595	-0.028528278693556786	0.00725266570225358	0.016972463577985764	-0.0287560373544693	0.3055592179298401	0.021659325808286667	0.06304308772087097	0.008688289672136307	0.17794685065746307	-0.007680776063352823	0.17094463109970093
ENSMUSG00000071658	0.011457135900855064	0.03838921710848808	-0.05874737352132797	0.013898320496082306	-0.001766755012795329	0.002517144661396742	0.019531236961483955	0.06690555810928345	0.0417855866253376	0.026779554784297943	-0.006793905980885029	-0.01889355666935444	0.04875211417675018	0.009436963126063347	-0.1126437857747078	-0.016032749786973	-0.02002282626926899	0.035137780010700226	0.16349145770072937	0.39975684881210327	0.13711851835250854	0.15478038787841797
ENSMUSG00000017718	0.00861681904643774	0.022647302597761154	-0.006370930466800928	0.01883723959326744	-0.019021494314074516	0.00810554251074791	0.025802621617913246	0.18756306171417236	0.024148931726813316	0.011556701734662056	-0.015783805400133133	-0.020039107650518417	0.019569553434848785	0.00998620130121708	-0.04001862555742264	0.23302103579044342	0.002866849536076188	0.0556151382625103	0.06808856129646301	0.4497937262058258	0.012378900311887264	0.26112890243530273
ENSMUSG00000029177	0.008246422745287418	0.0195475947111845	-0.008672719821333885	0.015854278579354286	-0.020803680643439293	0.005505779758095741	0.01991524174809456	0.2345091998577118	0.017663398757576942	0.01255154237151146	-0.012424137443304062	-0.02857440710067749	0.012795496731996536	0.010896077379584312	-0.02257268875837326	0.27912914752960205	0.0033672782592475414	0.05280712619423866	0.09197640419006348	0.311761736869812	0.0019117322517558932	0.28804630041122437
ENSMUSG00000020224	0.006383209023624659	0.03043266572058201	-0.008403843268752098	0.0160463098436594	-0.02409885823726654	0.006115410942584276	0.027283232659101486	0.18696486949920654	0.02700658142566681	0.018843235448002815	-0.009297885932028294	-0.03070859983563423	0.0056998408399522305	0.007839797995984554	-0.030213503167033195	0.18944524228572845	0.0013135407352820039	0.059452544897794724	0.11043273657560349	0.36242416501045227	0.016948049888014793	0.34968578815460205
ENSMUSG00000024833	0.011857662349939346	0.026833252981305122	0.0024769927840679884	0.015006572008132935	-0.020856263116002083	0.010418538004159927	0.009334090165793896	0.18231670558452606	0.02029048278927803	0.02045784890651703	-0.015415089204907417	-0.015781765803694725	0.012877997010946274	0.015161104500293732	-0.027538208290934563	0.14814606308937073	0.01897691935300827	0.04930872842669487	0.05021372810006142	0.31966400146484375	-0.004317854531109333	0.1907980889081955
ENSMUSG00000029782	0.006373852025717497	0.008160455152392387	-0.006144276820123196	0.03093908540904522	-0.022276585921645164	0.011444197036325932	0.016579335555434227	0.25734999775886536	0.018834874033927917	0.007731900084763765	0.0010239596012979746	-0.00841809157282114	0.030671440064907074	0.0026658547576516867	-0.020167453214526176	0.29683157801628113	-0.01436920277774334	0.07647974789142609	0.04988685995340347	0.6101311445236206	0.003720654873177409	0.37218746542930603
ENSMUSG00000049232	0.0029361271299421787	0.021930070593953133	-0.0018447808688506484	0.026499910280108452	-0.013812539167702198	0.00724325655028224	0.009393172338604927	0.23027126491069794	0.01308729499578476	0.010398484766483307	-0.011419416405260563	-0.01750016398727894	0.015080016106367111	0.010873401537537575	-0.016332654282450676	0.27881312370300293	0.005226293578743935	0.041165776550769806	0.08020155876874924	0.39170506596565247	-0.005301536992192268	0.25653910636901855
ENSMUSG00000049122	0.004444892983883619	0.03253675997257233	-0.0007329329964704812	0.018748246133327484	-0.01356025692075491	0.004310027230530977	-0.0038312808610498905	0.10440843552350998	0.000605948967859149	0.018398858606815338	-0.0022640209645032883	-0.024483371526002884	0.0007042670040391386	0.014678959734737873	-0.006485758814960718	0.14214247465133667	0.012939331121742725	0.04628467932343483	-0.02197222039103508	0.05063506215810776	-0.0059330398216843605	0.09726758301258087
ENSMUSG00000030159	0.0003088901285082102	0.024086281657218933	0.0019232474733144045	-0.0005546234315261245	5.405312549555674e-05	-0.002439504722133279	-0.00797944888472557	-0.09073954820632935	-0.0052857957780361176	0.0362219400703907	-0.003976171836256981	0.009976190514862537	-0.0026947089936584234	0.0015453477390110493	-0.0019772767554968596	-0.06752565503120422	0.0028940823394805193	0.012306459248065948	-0.009723467752337456	-0.030152074992656708	-0.008406532928347588	-0.04416583105921745
ENSMUSG00000035498	0.011068803258240223	0.025242671370506287	0.007095901295542717	0.02340112254023552	-0.014018909074366093	-0.002062905579805374	-0.005052694119513035	0.1244288757443428	0.011155531741678715	0.027747265994548798	-0.014952599070966244	-0.01661600172519684	-0.0026295215357095003	0.022705862298607826	-0.023933015763759613	0.13366682827472687	0.027741584926843643	0.06381969153881073	-0.02076319418847561	0.0363970547914505	-0.006057539954781532	0.06711705774068832
ENSMUSG00000121483	0.009429931640625	0.02581126242876053	0.0020070155151188374	0.022276621311903	-0.012735003605484962	0.005395736079663038	-0.006586550269275904	0.09568224847316742	-0.000574089412111789	0.030959613621234894	-0.008423097431659698	-0.012660257518291473	-0.0009099477319978178	0.017097024247050285	-0.003564737970009446	0.19287177920341492	0.025844112038612366	0.047743722796440125	-0.016443584114313126	0.0715581402182579	-0.005721674766391516	0.08400139212608337
ENSMUSG00000031548	0.013530922122299671	0.024157432839274406	0.0060739596374332905	0.021266909316182137	-0.019316405057907104	0.006316530518233776	0.006610891781747341	0.15782958269119263	0.015301274135708809	0.02430395409464836	-0.019575273618102074	-0.01816345378756523	0.005527904257178307	0.018782328814268112	-0.02870842069387436	0.16806495189666748	0.026750393211841583	0.04425510764122009	0.019606951624155045	0.21818628907203674	-0.0064525241032242775	0.06948549300432205
ENSMUSG00000121717	0.0037215501070022583	0.026057284325361252	-0.0007016462041065097	0.01670273393392563	-0.010498613119125366	0.007838101126253605	-0.006215998902916908	0.2709214985370636	0.007124681491404772	0.010480577126145363	-0.011212301440536976	-0.01649612747132778	-0.007778241764754057	0.014572917483747005	-0.00429089879617095	0.2950272858142853	0.009757635183632374	0.06934890151023865	0.05921200290322304	0.41900473833084106	-0.007845347747206688	0.3656385838985443
ENSMUSG00000032739	0.02686917595565319	0.028609521687030792	0.008715159259736538	0.01047510001808405	-0.011883245781064034	-0.0024834899231791496	0.004532424733042717	-0.03803052008152008	0.015336007811129093	0.03764713555574417	-0.016814736649394035	0.012995388358831406	0.010038754902780056	0.016147775575518608	-0.0028083568904548883	0.00026078775408677757	0.04410865902900696	0.015346807427704334	0.11832194030284882	0.14479491114616394	-0.001852643908932805	-0.017570775002241135
ENSMUSG00000113196	0.00921102799475193	0.009313118644058704	0.005869321059435606	0.015480263158679008	-0.0032323601190000772	0.005998890846967697	-0.00988689623773098	-0.07421908527612686	0.01219102181494236	0.01852516271173954	-0.00017554417718201876	0.0075918869115412235	0.004383449908345938	0.005474432837218046	-0.0016939346678555012	-0.029453851282596588	-0.009592880494892597	0.013741953298449516	-0.04328925907611847	-0.0921097919344902	-0.003959784284234047	-0.03777717798948288
ENSMUSG00000105087	0.007994681596755981	-0.0012060509761795402	0.005162873305380344	0.019796978682279587	0.0005801822990179062	-0.0024365857243537903	-0.0037252018228173256	-0.07607705146074295	-0.0009704842232167721	0.01562582142651081	-0.003841441823169589	0.008676880039274693	0.003973050508648157	0.0019366273190826178	0.0071801538579165936	-0.0676741823554039	0.003977710381150246	0.013408714905381203	-0.05454407259821892	-0.11850986629724503	-0.007857585325837135	-0.06465056538581848
ENSMUSG00000029217	0.011055182665586472	0.020097365602850914	0.004964377731084824	0.01863343082368374	-0.019262362271547318	0.008222672156989574	0.00029059062944725156	0.1808903068304062	0.012227747589349747	0.01983725279569626	-0.015964705497026443	-0.020399246364831924	0.006494681350886822	0.018781587481498718	-0.02115917205810547	0.2292780876159668	0.022708673030138016	0.05803695693612099	-0.010022802278399467	0.17080047726631165	-0.006659971084445715	0.165070578455925
ENSMUSG00000055944	0.013251080177724361	0.02483002468943596	0.008600578643381596	0.014322935603559017	-0.00790936965495348	0.0049085658974945545	-0.004555669613182545	0.11223319172859192	0.01374179869890213	0.02595927007496357	-0.012156568467617035	-0.01894637756049633	-0.0003302955301478505	0.017636964097619057	-0.021587619557976723	0.1165541559457779	0.02865089662373066	0.03139886632561684	-0.024003367871046066	0.04523149132728577	-0.005618836265057325	0.1199571043252945
ENSMUSG00000027540	0.011297651566565037	0.012364144437015057	0.0004802506882697344	0.025454554706811905	-0.017698511481285095	0.0027213862631469965	0.00838666595518589	0.26895827054977417	0.01415212545543909	0.013432902283966541	-0.014979648403823376	-0.02373444102704525	0.010106222704052925	0.017248831689357758	-0.025675876066088676	0.30879533290863037	0.015154294669628143	0.06552192568778992	0.015507157891988754	0.17191559076309204	-0.008895293809473515	0.3663373291492462
ENSMUSG00000080990	-0.0018595658475533128	0.020085690543055534	-0.009244875982403755	0.001832984504289925	-0.0025791937950998545	-0.0006605200469493866	-0.007226216606795788	-0.08027536422014236	-0.006111533846706152	0.04621170833706856	0.004150995519012213	0.008092849515378475	4.0575516322860494e-05	0.008828649297356606	-0.003461279906332493	-0.07047631591558456	0.012048475444316864	0.026809249073266983	-0.0406450554728508	-0.08827906847000122	-0.007789188995957375	-0.06055746600031853
ENSMUSG00000109966	0.017261307686567307	0.018288228660821915	0.004206188954412937	-0.00045134956599213183	-0.004602666944265366	-0.0018379029352217913	-0.00595968309789896	-0.06879567354917526	0.0032009261194616556	0.013649330474436283	-0.0005871214671060443	0.009937804192304611	0.0005385050899349153	0.016661854460835457	0.001327398233115673	-0.10866982489824295	0.009515339508652687	0.028953425586223602	-0.02671419456601143	-0.15462300181388855	-0.008168472908437252	-0.09892113506793976
ENSMUSG00000112470	0.018417691811919212	-0.0030691195279359818	0.012106815353035927	0.015399031341075897	-0.0072631798684597015	-0.0032568927854299545	-0.001497236778959632	-0.05400027707219124	0.00957426056265831	0.04448556527495384	-0.0005364226526580751	0.0027305972762405872	0.0033960146829485893	0.011815940961241722	-0.0010881334310397506	-0.0023987710010260344	0.04104674234986305	-0.00013877899618819356	0.036250919103622437	0.030685314908623695	-0.005044236779212952	-0.04020501673221588
ENSMUSG00000066607	0.012989094480872154	0.02727910690009594	0.004736633971333504	0.02325192466378212	-0.01570517010986805	0.002577266888692975	0.007451248355209827	0.2172430157661438	0.015360135585069656	0.017230957746505737	-0.02062881924211979	-0.02537195011973381	-0.001982580404728651	0.019371746107935905	-0.029370348900556564	0.2317153513431549	0.027903197333216667	0.035091981291770935	0.014253710396587849	0.04352310299873352	-0.007353812921792269	0.15546050667762756
ENSMUSG00000039117	0.011138694360852242	0.01496412605047226	0.00029263037140481174	0.018027838319540024	-0.01739554852247238	0.002774067223072052	0.009225909598171711	0.20485055446624756	0.016359318047761917	0.009286009706556797	-0.01955513283610344	-0.028613293543457985	0.01135588064789772	0.016752975061535835	-0.027875160798430443	0.3387082815170288	0.015826506540179253	0.06700499355792999	0.01305733434855938	0.15746915340423584	-0.008391063660383224	0.34031009674072266
ENSMUSG00000118526	0.013507102616131306	0.027322283014655113	-0.0011618431890383363	0.01959005557000637	-0.010524684563279152	0.00582748930901289	0.018962953239679337	0.02217831090092659	0.022218719124794006	0.029243139550089836	-0.013399086892604828	-0.01999371498823166	0.01403013151139021	0.015205612406134605	-0.03259769827127457	0.07022455334663391	0.01588643342256546	0.030364660546183586	0.08164014667272568	0.43162158131599426	0.016756940633058548	0.18636852502822876
ENSMUSG00000108864	0.025407128036022186	0.03949115425348282	0.01101043913513422	0.005480713676661253	0.00019761227304115891	-0.003937407862395048	-0.01550043560564518	-0.057085756212472916	4.1859177144942805e-05	0.03345148265361786	-0.004437279421836138	0.011675160378217697	-0.0025738016702234745	0.007416080683469772	0.0020459084771573544	-0.08633320778608322	0.054561492055654526	0.018987663090229034	-0.010478530079126358	-0.08251099288463593	-0.006518216338008642	-0.0678635761141777
ENSMUSG00000019577	0.00931040570139885	0.02758568711578846	0.0024771348107606173	0.012816110625863075	-0.025204680860042572	0.009272267110645771	0.009388426318764687	0.19624267518520355	0.015161080285906792	0.01280849426984787	-0.008404998108744621	-0.023807860910892487	0.009483033791184425	0.014140871353447437	-0.014292379841208458	0.27387216687202454	0.01642516814172268	0.05111364275217056	0.039160583168268204	0.30893829464912415	-0.006183288060128689	0.22731630504131317
ENSMUSG00000118236	0.01766146346926689	0.03180636465549469	0.008644303306937218	0.01912619359791279	-0.003343261545524001	0.0025070353876799345	-0.003481383668258786	-0.04272127151489258	0.008876997046172619	0.04003524407744408	-0.002879407722502947	0.0052601974457502365	-0.002015391830354929	0.013443230651319027	-0.008308407850563526	0.010160443373024464	0.04018458351492882	0.030479632318019867	0.00678624864667654	-0.039329882711172104	-0.006858354900032282	-0.023984000086784363
ENSMUSG00000096151	0.009603253565728664	0.005566565785557032	-0.007827148772776127	0.007510985713452101	-0.005737450905144215	-0.002728712745010853	-0.009221261367201805	-0.07072341442108154	-0.0010791297536343336	0.0064867823384702206	-0.0013941701035946608	0.002753976034000516	-0.0016527901170775294	0.008502251468598843	-0.002593850251287222	-0.0669306218624115	0.010001586750149727	-0.01639755442738533	-0.02898471988737583	-0.035350292921066284	-0.007896831259131432	-0.04594215750694275
ENSMUSG00000102916	0.00017849817231763154	0.02737734094262123	0.04058152064681053	-0.012045248411595821	-0.0012073267716914415	-0.002263238187879324	0.07312075793743134	-0.10153607279062271	-0.012691844254732132	0.006794292479753494	0.01065209973603487	0.008355878293514252	-0.01418312918394804	-0.005085514858365059	0.016595084220170975	-0.1579294353723526	-0.004748823121190071	0.03554844111204147	-0.025225326418876648	-0.0924336165189743	-0.0015280055813491344	-0.06815563142299652
ENSMUSG00000037295	0.010896198451519012	0.02113652415573597	-0.001036349218338728	0.022172316908836365	-0.02009134739637375	0.0072923884727060795	0.012544427998363972	0.22710613906383514	0.018883027136325836	0.013538820669054985	-0.021254219114780426	-0.023596595972776413	0.011898807249963284	0.0155048668384552	-0.033087871968746185	0.24257780611515045	0.014586924575269222	0.05047784745693207	0.03412076458334923	0.3270481526851654	-0.003910751082003117	0.2306794375181198
ENSMUSG00000046862	0.007608594838529825	0.020693931728601456	-0.006349603645503521	0.020319735631346703	-0.01903330534696579	0.005344635806977749	0.018710734322667122	0.2048683613538742	0.021181045100092888	0.014645441435277462	-0.01877903752028942	-0.012923658825457096	0.019913125783205032	0.011849229224026203	-0.027866216376423836	0.24063348770141602	0.009762000292539597	0.044947221875190735	0.0972512811422348	0.26460185647010803	0.0009548070374876261	0.2992502450942993
ENSMUSG00000116380	0.032519880682229996	0.02502399869263172	0.005628321319818497	0.027003688737750053	-0.006258498877286911	0.0038461564108729362	-0.004341525491327047	-0.05506807193160057	0.015148365870118141	0.05492696911096573	-0.014747773297131062	0.007290060631930828	0.008074034936726093	0.007976753637194633	-0.0022670032922178507	0.002997791161760688	0.03634291887283325	0.037557072937488556	0.03941793739795685	-0.09082171320915222	-0.003052277024835348	-0.04193250089883804
ENSMUSG00000110981	0.012424067594110966	0.03037446178495884	0.008250990882515907	-0.008360598236322403	-0.003105793846771121	0.003353246720507741	-0.007075576577335596	-0.06555433571338654	0.012019102461636066	0.02299928478896618	-0.004442947916686535	0.00028225351707078516	0.0019056524615734816	0.011335676535964012	-0.011060668155550957	0.027074391022324562	0.017732590436935425	0.025675365701317787	-0.05012485384941101	-0.09989278763532639	-0.007562688551843166	-0.05101118981838226
ENSMUSG00000101451	0.020519401878118515	0.040972862392663956	0.018057595938444138	0.013023215346038342	-0.00803664606064558	-0.003332576248794794	-0.003472136566415429	-0.050238046795129776	0.01367154810577631	0.04486770182847977	-0.007433996070176363	0.00911025796085596	-0.0017570257186889648	0.014959598891437054	-0.0009515918791294098	-0.03645695745944977	0.03207946568727493	0.03955260291695595	0.0020806354004889727	0.020404627546668053	-0.007717490661889315	-0.04103740677237511
ENSMUSG00000078972	0.01969750225543976	0.040595002472400665	-0.007311878725886345	0.013688675127923489	2.180252704420127e-05	0.006506449077278376	-0.028919048607349396	-0.0365174375474453	0.018046295270323753	0.029604637995362282	-0.04428940266370773	0.012056933715939522	-0.001395476865582168	0.0028533414006233215	-0.03586456924676895	-0.0011715084547176957	0.021026235073804855	0.036410268396139145	0.03724803030490875	0.011257763020694256	0.013541004620492458	-0.01984964683651924
ENSMUSG00000002052	0.01002584770321846	0.01821722649037838	-0.003045512130483985	0.020382320508360863	-0.01898447424173355	0.006704273167997599	0.01587751694023609	0.25346314907073975	0.02070847898721695	0.013785136863589287	-0.01202858705073595	-0.011873406358063221	0.0076461308635771275	0.01189804170280695	-0.027794575318694115	0.2081812620162964	0.004793415777385235	0.04927528277039528	0.044177718460559845	0.34971287846565247	-0.005168004427105188	0.4203588366508484
ENSMUSG00000028789	0.01021743193268776	0.018419595435261726	-0.0022987236734479666	0.01741279847919941	-0.019654201343655586	0.008469661697745323	0.011890147812664509	0.24711433053016663	0.019228726625442505	0.013082068413496017	-0.014734583906829357	-0.02516329474747181	0.015780238434672356	0.01333057414740324	-0.029968207702040672	0.29868844151496887	0.009761282242834568	0.05694042518734932	0.05832348018884659	0.30386048555374146	-0.004814881831407547	0.287451833486557
ENSMUSG00000040385	0.003062271513044834	0.012503230944275856	-0.013090379536151886	0.03026586025953293	-0.02147616446018219	0.0028615824412554502	0.055364713072776794	0.2354932576417923	0.028489217162132263	0.004560318775475025	-0.014332038350403309	-0.03393511846661568	0.028953328728675842	0.0064593954011797905	-0.016347799450159073	0.2510901987552643	-0.0038557136431336403	0.061356425285339355	0.11194314062595367	0.4309260845184326	0.0240950770676136	0.40740641951560974
ENSMUSG00000027160	0.009365106001496315	0.024638134986162186	0.0018598622409626842	0.01265134010463953	-0.025586366653442383	-0.0012553635751828551	-0.0054195416159927845	0.2324027270078659	0.008464673534035683	0.011688539758324623	-0.011001907289028168	-0.018647480756044388	0.00820648018270731	0.015984605997800827	-0.004317053128033876	0.31812146306037903	0.016217859461903572	0.0512206070125103	0.007414947263896465	0.22231154143810272	-0.008201831951737404	0.23740582168102264
ENSMUSG00000040396	0.009452592581510544	0.019277134910225868	0.0013099254574626684	0.007132722530514002	-0.018596716225147247	0.006281588226556778	0.015822337940335274	0.23165056109428406	0.013839202001690865	0.012904847040772438	-0.015681680291891098	-0.023027515038847923	-0.006226766854524612	0.014476533979177475	-0.01875637099146843	0.21686752140522003	0.010780338197946548	0.03753016144037247	0.028156733140349388	0.3289636969566345	-0.00723655242472887	0.33142349123954773
ENSMUSG00000118109	0.0028977198526263237	-0.004597203340381384	-0.001417439547367394	0.014996285550296307	-0.002167727565392852	-0.0014218236319720745	-0.004566379822790623	-0.24073158204555511	-0.0018704076064750552	0.021125230938196182	0.003332051681354642	0.011814100667834282	-0.0013778407592326403	-0.0012233604211360216	-0.0024726837873458862	-0.02321430668234825	0.007697637192904949	-0.012713143602013588	-0.05308279022574425	-0.22605359554290771	-0.0007405775249935687	-0.09618954360485077
ENSMUSG00000028893	0.006621770095080137	0.023385658860206604	-0.011972486972808838	0.014224717393517494	-0.02123904973268509	0.0030481708236038685	0.03212547302246094	0.19541901350021362	0.02494763396680355	0.012055996805429459	-0.013611295260488987	-0.026393093168735504	0.02191973850131035	0.008627999573946	-0.03947988897562027	0.20500695705413818	-0.0034836900886148214	0.0701816976070404	0.10340023040771484	0.41275498270988464	0.015475887805223465	0.30049046874046326
ENSMUSG00000002660	0.00608827406540513	0.027684109285473824	-0.004737095441669226	0.023598579689860344	-0.009817286394536495	0.008992732502520084	0.023715324699878693	0.2440168261528015	0.021100860089063644	0.016071448102593422	-0.011262667365372181	-0.014606268145143986	0.00127807492390275	0.010417288169264793	-0.011590380221605301	0.2689482867717743	0.0011065409053117037	0.0612361766397953	0.07558777928352356	0.4213755428791046	-0.0013991158921271563	0.3623405396938324
ENSMUSG00000050953	-0.10803068429231644	-0.22050966322422028	-0.026485972106456757	-0.05192337557673454	-0.0328693650662899	-0.07932398468255997	0.025736751034855843	-0.1055631935596466	-0.04727441817522049	-0.22943781316280365	-0.01883648708462715	-0.014530365355312824	-0.013789267279207706	-0.02652907930314541	0.04801816865801811	-0.24066951870918274	-0.16050326824188232	-0.27358344197273254	0.2254774421453476	-0.6104251742362976	-0.00779779814183712	-0.41069161891937256
ENSMUSG00000001065	0.011111854575574398	0.02217698283493519	-0.0019368833163753152	0.019467514008283615	-0.024993719533085823	0.00970521941781044	0.0067164096981287	0.24662353098392487	0.017892420291900635	0.014779689721763134	-0.010908232070505619	-0.026180274784564972	0.008816111832857132	0.015796862542629242	-0.022062746807932854	0.31691136956214905	0.010318335145711899	0.054854944348335266	0.055186253041028976	0.22576820850372314	-0.007917302660644054	0.4922698140144348
ENSMUSG00000091816	0.02032405138015747	0.02178375981748104	0.014735621400177479	0.027544861659407616	0.0005156631232239306	-0.004108878318220377	-0.002594557125121355	-0.06499703228473663	0.009366451762616634	0.045269858092069626	-0.009611587040126324	0.004053706303238869	-0.0018546383362263441	0.0036783558316528797	-0.005121633876115084	-0.011475587263703346	0.04810170829296112	0.03296403959393501	-0.0351317897439003	-0.05589176341891289	-0.006844715680927038	-0.05380149185657501
ENSMUSG00000101207	-0.10803068429231644	-0.22050966322422028	-0.026485972106456757	-0.05192337557673454	-0.0328693650662899	-0.07932398468255997	0.025736751034855843	-0.1055631935596466	-0.04727441817522049	-0.22943781316280365	-0.01883648708462715	-0.014530365355312824	-0.013789267279207706	-0.02652907930314541	0.04801816865801811	-0.24066951870918274	-0.16050326824188232	-0.27358344197273254	0.2254774421453476	-0.6104251742362976	-0.00779779814183712	-0.41069161891937256
ENSMUSG00000103324	0.008379393257200718	0.01642465963959694	-0.005925390869379044	0.018855009227991104	0.00032584514701738954	-0.001117298728786409	-0.008564922958612442	-0.08960418403148651	0.0025593789760023355	0.027526242658495903	-0.005268827546387911	0.008772797882556915	-0.0006105888169258833	0.014764046296477318	-0.004662953317165375	0.021468736231327057	0.015901727601885796	0.02055046148598194	-0.05182267725467682	-0.15912465751171112	-0.007245753426104784	-0.07911437749862671
ENSMUSG00000089959	0.01840812712907791	0.03986850380897522	0.01218673586845398	0.0196307972073555	-0.0030970247462391853	-0.0050566853024065495	-0.004792280029505491	-0.07323834300041199	0.008003323338925838	0.04186883941292763	-0.005631430074572563	0.008571789599955082	0.002226760145276785	-0.00011555208766367286	0.0004210942715872079	-0.01573699340224266	0.03986554220318794	0.04000043496489525	-0.022739827632904053	-0.06586398929357529	-0.007668522652238607	-0.05400444567203522
ENSMUSG00000064302	0.008647274225950241	0.02090219035744667	-0.004507110919803381	0.034532397985458374	-0.02003498375415802	0.0003711288736667484	0.014021079987287521	0.3158893883228302	0.019029678776860237	0.01069199200719595	-0.010437900200486183	-0.016718246042728424	0.020527968183159828	0.009761828929185867	-0.028536848723888397	0.3323110342025757	-0.003211517119780183	0.08718147873878479	0.030749237164855003	0.492759108543396	-0.0064557804726064205	0.46297070384025574
ENSMUSG00000035551	0.011813780292868614	0.03295465558767319	0.00332238944247365	0.012345167808234692	-0.016565006226301193	0.004306771792471409	0.006865612231194973	0.10636316984891891	0.016484521329402924	0.019413094967603683	-0.02186252549290657	-0.02563043311238289	0.009493792429566383	0.017044000327587128	-0.03092067316174507	0.21739305555820465	0.026021094992756844	0.05504562705755234	0.06044540926814079	0.12476921081542969	-7.198847742984071e-05	0.1659521609544754
ENSMUSG00000021510	0.003425676142796874	0.022005124017596245	0.0010405067587271333	0.032160475850105286	-0.022944938391447067	0.01366423163563013	-0.0031061829067766666	0.2353459894657135	0.009184280410408974	0.014418632723391056	-0.003904973855242133	-0.013730854727327824	0.013583878055214882	0.01107264868915081	-0.009771570563316345	0.31313076615333557	0.005198648665100336	0.04446202889084816	0.03770832717418671	0.5312175750732422	-0.005650808103382587	0.27152693271636963
ENSMUSG00000030421	0.005910100415349007	0.016264677047729492	-0.0042429110035300255	0.0366162545979023	-0.024148736149072647	0.008531483821570873	0.028568316251039505	0.259124755859375	0.020503809675574303	0.009485450573265553	-0.008884872309863567	-0.02652663178741932	0.025939617305994034	0.007512139156460762	-0.024929897859692574	0.3057117760181427	-0.00301158195361495	0.07713620364665985	0.04973290488123894	0.5993744730949402	0.0014836621703580022	0.3531380593776703
ENSMUSG00000096935	0.011202502064406872	0.01944941282272339	-0.003228357993066311	0.0303198155015707	-0.0061358921229839325	0.013009903021156788	0.003286270424723625	0.208682581782341	0.029484035447239876	0.015569563023746014	-0.0037044044584035873	-0.010389375500380993	0.01965799368917942	0.010008900426328182	-0.017727937549352646	0.28457021713256836	-0.004600069019943476	0.07119929045438766	0.04288606345653534	0.5289948582649231	-0.0032307449728250504	0.43509820103645325
ENSMUSG00000031754	0.00889766588807106	0.020104484632611275	-0.005198933649808168	0.032892052084207535	-0.023078324273228645	0.007310544140636921	0.016978470608592033	0.28999197483062744	0.01754646748304367	0.009172774851322174	-0.012845086865127087	-0.022509103640913963	0.014585981145501137	0.01134504470974207	-0.027397120371460915	0.3147306442260742	0.0028836186975240707	0.05993423983454704	0.058814775198698044	0.40096449851989746	-0.0047446624375879765	0.39780426025390625
ENSMUSG00000060301	0.007902508601546288	0.011214707046747208	0.002101198537275195	0.008448286913335323	-0.019535329192876816	0.004430010914802551	0.0003930614038836211	0.1918826550245285	0.00771757960319519	0.013380952179431915	-0.013722269795835018	-0.02163863740861416	0.005110197700560093	0.016277292743325233	-0.00543817225843668	0.2786216139793396	0.016653016209602356	0.027193434536457062	0.015108859166502953	0.08674842119216919	-0.007576838601380587	0.1471145749092102
ENSMUSG00000086216	0.010187850333750248	0.02103451080620289	0.0015254042809829116	0.021081317216157913	-0.02318878099322319	0.007835575379431248	0.022192180156707764	0.24828051030635834	0.014513099566102028	0.014003153890371323	-0.005474089179188013	-0.020344998687505722	-0.0016222031554207206	0.011970327235758305	-0.006106073036789894	0.2853219211101532	0.0060303229838609695	0.061691250652074814	0.07316908985376358	0.3472147285938263	-0.0032429436687380075	0.3035931885242462
ENSMUSG00000086929	0.007933971472084522	0.018258213996887207	-0.00928071141242981	0.011622312478721142	-0.012146105989813805	0.0066842888481915	0.025170447304844856	0.22112949192523956	0.021389901638031006	0.012818753719329834	-0.009513910859823227	-0.030895020812749863	0.01472373865544796	0.010294055566191673	-0.022542564198374748	0.2431970089673996	0.007122240494936705	0.05995168536901474	0.11447353661060333	0.3382651209831238	0.013980214484035969	0.2836763560771942
ENSMUSG00000063386	0.015257234685122967	0.03640855476260185	0.004165221471339464	0.0012116726720705628	-0.005738254636526108	-0.002644103253260255	-0.011042498052120209	-0.149380624294281	0.007105173077434301	0.04009378328919411	-0.00046898185973986983	0.010327661409974098	5.684106145054102e-05	0.004424843471497297	-0.003435789840295911	-0.057405389845371246	0.00945190154016018	0.033529866486787796	-0.048452772200107574	-0.05784636363387108	-0.007735380437225103	-0.023191384971141815
ENSMUSG00000032593	0.011691903695464134	0.016823409125208855	-0.0028027519583702087	0.020408306270837784	-0.014371149241924286	0.0046444907784461975	0.015352202579379082	0.0445607453584671	0.027041716501116753	0.03225540369749069	-0.01985407993197441	-0.008951866999268532	0.015489671379327774	0.013391797430813313	-0.03394703567028046	0.13101840019226074	0.019061513245105743	0.03985680639743805	0.12504814565181732	0.27357015013694763	0.009004428051412106	0.11834028363227844
ENSMUSG00000108030	0.0074375891126692295	0.01001722738146782	-0.003149390919134021	0.04037119448184967	-0.014500758610665798	0.011412523686885834	-0.005191965028643608	0.27049481868743896	0.016721447929739952	0.015516755171120167	-0.0009247054695151746	-0.008834218606352806	0.010890074074268341	0.010592218488454819	-0.0034430846571922302	0.3361772894859314	0.0035464977845549583	0.07657847553491592	0.05534904822707176	0.5201183557510376	-0.0054539842531085014	0.3110755980014801
ENSMUSG00000029524	0.011652011424303055	0.03007642552256584	-0.007846829481422901	0.016273103654384613	-0.009134218096733093	0.0007482866058126092	0.030147124081850052	0.09486527740955353	0.022586310282349586	0.019559573382139206	-0.021584823727607727	-0.01720997504889965	0.011236309073865414	0.012236995622515678	-0.039637111127376556	0.028316235169768333	0.015090206637978554	0.03792624920606613	0.1064748540520668	0.229779452085495	0.03604256361722946	0.2383427768945694
ENSMUSG00000016206	0.0101091917604208	0.03528311848640442	0.006677785888314247	0.007453262340277433	-0.024631323292851448	0.005329860839992762	0.00030757486820220947	0.12294446676969528	-0.005687451921403408	0.03082507848739624	0.022898808121681213	-0.007284009829163551	0.00900308508425951	0.016708018258213997	-0.024290163069963455	0.15511545538902283	0.021509423851966858	0.058320630341768265	-0.023086579516530037	0.16498449444770813	-0.0045916070230305195	0.13647322356700897
ENSMUSG00000104120	0.016420971602201462	0.041492313146591187	0.020674385130405426	0.024409547448158264	-0.005974438972771168	-0.000954529969021678	-0.010779732838273048	-0.10200650990009308	0.007773855235427618	0.04257373884320259	-0.0062478892505168915	0.009354807436466217	0.0014302032068371773	0.01693972758948803	0.001481322105973959	0.03351375833153725	-0.00966890249401331	0.004951609764248133	-0.014646222814917564	-0.05687258765101433	-0.005427512340247631	-0.04769909009337425
ENSMUSG00000082316	0.015179775655269623	0.03176838532090187	0.003667605808004737	0.008651068434119225	-0.0032683121971786022	0.00014821912918705493	-0.0036488657351583242	-0.09097830951213837	0.009247615933418274	0.04074161872267723	-0.002987814601510763	0.007589180953800678	0.006187984254211187	0.006368948146700859	0.0007606707513332367	-0.040779415518045425	0.03207790479063988	0.053911469876766205	-0.027139680460095406	-0.06560046970844269	-0.007290625013411045	-0.04684394225478172
ENSMUSG00000027108	0.008110028691589832	0.011414715088903904	-0.00023530445469077677	0.0281421709805727	-0.02542627416551113	0.008618517778813839	0.0030993318650871515	0.2801267206668854	0.012139060534536839	0.009794693440198898	-0.009737399406731129	-0.020951585844159126	0.017767051234841347	0.01238442212343216	-0.015431471168994904	0.3183520436286926	0.004878254607319832	0.0638308972120285	0.028945283964276314	0.44943302869796753	-0.0072063724510371685	0.3779507577419281
ENSMUSG00000027788	0.01593930833041668	0.016589703038334846	0.007690329570323229	0.0019627041183412075	-0.0025962411891669035	-0.0031906827352941036	-0.005270836409181356	-0.06981752067804337	0.0031672297045588493	0.02060217410326004	-0.00208277627825737	0.013015043921768665	0.0016461146296933293	0.015493061393499374	0.005799817852675915	-0.08295363187789917	0.027156155556440353	-0.03244291990995407	-0.027977263554930687	-0.10861728340387344	-0.008215492591261864	-0.034992821514606476
ENSMUSG00000053797	0.020693503320217133	0.033422842621803284	0.00561764370650053	0.021034710109233856	-0.0079525550827384	-0.0019988042768090963	-0.0010884013026952744	-0.04951784014701843	-0.00011232135875616223	0.050939470529556274	-0.02203785814344883	0.008933926932513714	0.0014451253227889538	-0.0004658238322008401	0.004348939750343561	-0.004594123922288418	0.03378716856241226	0.05406326428055763	0.002130427397787571	-0.022420484572649002	-0.0044732000678777695	-0.030579641461372375
ENSMUSG00000067813	0.01154203899204731	0.0216961782425642	0.004173750523477793	-0.022619586437940598	-0.004965835250914097	-0.0011627644998952746	-0.007577511481940746	-0.07090546935796738	0.003023369237780571	0.024401091039180756	-0.00527441268786788	0.008161463774740696	0.0015566248912364244	0.014621495269238949	-0.004933936521410942	-0.01240494754165411	0.013766683638095856	0.003952544182538986	-0.03502916172146797	-0.11830223351716995	-0.006342666689306498	-0.006699488032609224
ENSMUSG00000111240	0.004204236436635256	0.01638839766383171	-0.008343791589140892	-0.011440516449511051	0.007542290724813938	0.00010522065713303164	-0.011644754558801651	-0.1441434919834137	-0.008129016496241093	0.028675301000475883	0.0015811793273314834	0.014913104474544525	-0.0011624452890828252	0.0041542742401361465	-0.00017696470604278147	-0.05031071603298187	0.012254979461431503	0.04485806077718735	-0.04320761188864708	-0.16981010138988495	-0.005940299015492201	-0.11775724589824677
ENSMUSG00000046352	-0.0011988355545327067	-0.005635114386677742	-0.0015234675956889987	0.012865944765508175	0.00020240545563865453	-0.007951516658067703	-0.005305507220327854	0.20142382383346558	-0.017562083899974823	0.01029111072421074	0.014362476766109467	-0.020572936162352562	0.0009907785570248961	0.019592253491282463	-0.01632358506321907	0.12934604287147522	0.007194737903773785	0.03861282765865326	-0.023192627355456352	-0.00575808621942997	-0.008586395531892776	0.06705962121486664
ENSMUSG00000086712	0.02117229625582695	0.02632809430360794	0.006163687910884619	0.026027197018265724	-0.008344712667167187	0.0016331097576767206	-0.0016588622238487005	-0.041099485009908676	0.010943804867565632	0.03058445267379284	-0.007199260406196117	-0.004312090575695038	0.003748194547370076	0.009178316220641136	-0.012947827577590942	0.0634532943367958	0.02917352505028248	0.05809229984879494	-0.010721934959292412	0.0607619509100914	-0.00626029260456562	-0.06461942195892334
ENSMUSG00000055015	0.017329910770058632	0.017212895676493645	0.007243872154504061	0.007081566844135523	-0.003320587333291769	-0.005325383972376585	-0.008659642189741135	-0.053942129015922546	0.005556127522140741	0.04765962436795235	-0.007287593092769384	0.0035999612882733345	-0.0028892226982861757	0.008795344270765781	-0.0073024807497859	-0.01626865565776825	0.03275992348790169	0.04427248612046242	-0.037705231457948685	-0.09916102141141891	-0.007985467091202736	-0.1112157329916954
ENSMUSG00000109654	0.030985621735453606	0.050051864236593246	0.01916506700217724	0.014363707043230534	-0.010526626370847225	-0.0007022807840257883	0.0023406182881444693	-0.059018850326538086	0.01800519973039627	0.048084162175655365	0.0133376969024539	-0.00183595169801265	0.015132192522287369	0.01774282194674015	0.004306332673877478	-0.0006804345757700503	0.03593606501817703	0.05274314805865288	0.004642524290829897	0.013416239060461521	-0.0062037198804318905	0.007866859436035156
ENSMUSG00000084764	0.017959896475076675	0.032412562519311905	0.014730886556208134	0.013230770826339722	-0.006443040445446968	-0.00032679789001122117	-0.0031236624345183372	-0.041427914053201675	0.00917583703994751	0.03312325105071068	-0.01011589914560318	-0.0004913320881314576	-0.0025806042831391096	0.014303629286587238	-0.008763286285102367	-0.00393441878259182	0.027671296149492264	0.04285286366939545	0.0028564471285790205	0.04380359500646591	-0.004147348925471306	-0.005579005926847458
ENSMUSG00000020839	0.017487192526459694	0.048921290785074234	0.009915011934936047	0.021333103999495506	-0.005959712900221348	-0.004173522815108299	-0.0024793047923594713	-0.06507005542516708	0.00675683980807662	0.02250935509800911	-0.005145696923136711	0.009940501302480698	0.002938588848337531	0.00914949830621481	0.0018960663583129644	-0.040079280734062195	0.04101063683629036	0.013661525212228298	-0.008054508827626705	-0.07918975502252579	-0.00807837676256895	-0.016275187954306602
ENSMUSG00000023186	0.006218564696609974	0.02369990386068821	-0.002251504920423031	-0.003208997892215848	-0.01049436442553997	0.009212514385581017	-0.012412646785378456	0.05165182054042816	0.006695200223475695	0.026107506826519966	-0.010071562603116035	0.019109394401311874	0.0031179243233054876	0.00957024097442627	-0.0052147237583994865	0.033117666840553284	0.008785895071923733	0.024171732366085052	-0.019807890057563782	0.00152760895434767	-0.0034199499059468508	0.06280212849378586
ENSMUSG00000110823	0.025709349662065506	0.010835886932909489	0.009251950308680534	0.01706440933048725	-0.0017975452356040478	-0.001152133452706039	-0.006105248350650072	-0.042543672025203705	0.007537426892668009	0.051463402807712555	-0.003284352831542492	0.013369589112699032	0.00019426862127147615	0.01578988879919052	-0.0012508329236879945	-0.04853294789791107	0.03909016400575638	0.07098665088415146	-0.03594245761632919	-0.11928316950798035	-0.006888691335916519	-0.09548871219158173
ENSMUSG00000031734	0.01073395274579525	0.028776908293366432	-0.004138234071433544	0.013022489845752716	-0.022191978991031647	0.0034014303237199783	0.006398611236363649	0.13077989220619202	0.012499609030783176	0.013395296409726143	-0.02275935932993889	-0.01877552829682827	0.010679765604436398	0.013748467899858952	-0.042375918477773666	0.08126606792211533	0.021485399454832077	0.04787924885749817	0.06395512819290161	0.22362951934337616	0.006156055722385645	0.15005597472190857
ENSMUSG00000100422	-0.10803068429231644	-0.22050966322422028	-0.026485972106456757	-0.05192337557673454	-0.0328693650662899	-0.07932398468255997	0.025736751034855843	-0.1055631935596466	-0.04727441817522049	-0.22943781316280365	-0.01883648708462715	-0.014530365355312824	-0.013789267279207706	-0.02652907930314541	0.04801816865801811	-0.24066951870918274	-0.16050326824188232	-0.27358344197273254	0.2254774421453476	-0.6104251742362976	-0.00779779814183712	-0.41069161891937256
ENSMUSG00000095609	0.01795143634080887	0.036296144127845764	0.008131034672260284	0.029500870034098625	-0.005616595037281513	-0.0014107729075476527	-0.0032290166709572077	-0.07430503517389297	0.00702308677136898	0.03580165654420853	-0.0046736327931284904	0.00503389909863472	0.004141452722251415	0.0002869830932468176	-0.0014184957835823298	-0.009624918922781944	0.03311629965901375	0.018143534660339355	0.002595191355794668	-0.06542552262544632	-0.007160927169024944	-0.08579141646623611
ENSMUSG00000010142	0.024515783414244652	0.03420981764793396	0.005034147296100855	0.04211194068193436	-0.004995420575141907	0.0013027465902268887	-0.004089202731847763	-0.056891512125730515	0.013055764138698578	0.04574605077505112	-0.012068836949765682	0.004478611517697573	0.001433151075616479	0.014607847668230534	-0.006453549489378929	-0.013088553212583065	0.0344402976334095	0.03835761919617653	-0.0018290665466338396	-0.08308183401823044	-0.002735745394602418	-0.016349975019693375
ENSMUSG00000066952	0.019175920635461807	0.04549890011548996	0.010156000964343548	0.012727819383144379	-0.006326898466795683	0.0035902541130781174	0.0011719359317794442	-0.0034614969044923782	0.015459904447197914	0.023719651624560356	-0.011226784437894821	-0.000693402427714318	0.0014602323062717915	0.01813083328306675	-0.01953691989183426	-0.002114488510414958	0.03899407759308815	0.04178178682923317	0.008350321091711521	-0.00029064781847409904	-0.0008520238334313035	-0.0015004858141764998
ENSMUSG00000000805	0.009812192060053349	0.014978262595832348	0.006002752110362053	0.013066206127405167	-0.005085653159767389	-0.0009642457007430494	0.010179899632930756	0.14273811876773834	0.007915936410427094	0.020841948688030243	-0.015619046986103058	-0.015152759850025177	0.0041370149701833725	0.01630762405693531	-0.021264635026454926	0.12723110616207123	0.022883238270878792	0.054588474333286285	0.009427204728126526	0.15265783667564392	-0.00416214345023036	0.1112152561545372
ENSMUSG00000003345	0.0069028763100504875	0.021799590438604355	-0.011051136068999767	0.023022199049592018	-0.011910337954759598	0.006126942578703165	0.029878657311201096	0.24806685745716095	0.023414308205246925	0.010100186802446842	-0.0081572774797678	-0.01924186386168003	0.023527024313807487	0.0059991865418851376	-0.03487628698348999	0.20996050536632538	-0.011352244764566422	0.06804680079221725	0.05550530552864075	0.4983648657798767	0.0029266076162457466	0.4394529461860657
ENSMUSG00000106894	0.01400145422667265	0.05150800198316574	0.0017739140894263983	0.029536135494709015	0.0015713134780526161	-0.0009305134881287813	-0.006871805060654879	-0.05939405784010887	0.006683422718197107	0.05475815385580063	-0.002219991758465767	0.008921241387724876	0.003926095552742481	0.01169843040406704	-0.000520419969689101	-0.028678441420197487	0.022956106811761856	0.05730298534035683	-0.0077228788286447525	-0.1276114135980606	-0.004898517858237028	-0.07782232016324997
ENSMUSG00000099737	-0.10803068429231644	-0.22050966322422028	-0.026485972106456757	-0.05192337557673454	-0.0328693650662899	-0.07932398468255997	0.025736751034855843	-0.1055631935596466	-0.04727441817522049	-0.22943781316280365	-0.01883648708462715	-0.014530365355312824	-0.013789267279207706	-0.02652907930314541	0.04801816865801811	-0.24066951870918274	-0.16050326824188232	-0.27358344197273254	0.2254774421453476	-0.6104251742362976	-0.00779779814183712	-0.41069161891937256
ENSMUSG00000117123	0.007316256873309612	0.021250322461128235	0.0027270596474409103	0.007775213569402695	-0.024239759892225266	0.0009684758842922747	-0.0046722982078790665	0.23377656936645508	0.008293448947370052	0.013388608582317829	-0.010990205220878124	-0.029440438374876976	0.002573711797595024	0.01818133145570755	-0.01217416301369667	0.3227502405643463	0.01456822082400322	0.04952884837985039	0.003988335840404034	0.1859666407108307	-0.00793207623064518	0.21361635625362396
ENSMUSG00000082986	0.0037031383253633976	0.05285203084349632	-0.007668874692171812	0.006519578862935305	0.0003161367494612932	0.0011217971332371235	-0.011348064057528973	-0.06761007010936737	0.012972623109817505	0.06384871155023575	0.005159443244338036	0.00986438151448965	-0.004221935756504536	0.01436550822108984	0.0056816148571670055	-0.10610253363847733	-0.008426552638411522	0.054752618074417114	-0.026178158819675446	-0.057118359953165054	-0.0062989830039441586	-0.04069513455033302
ENSMUSG00000020743	0.0053127179853618145	0.020071078091859818	-0.007023483980447054	0.012883199378848076	-0.010750770568847656	0.007156304083764553	0.04984983801841736	0.19594340026378632	0.03178614005446434	0.008910279721021652	-0.004325204528868198	-0.019651640206575394	0.00922955758869648	0.007060979027301073	-0.0034831578377634287	0.15007725358009338	0.00021497512352652848	0.06375917792320251	0.09486410766839981	0.486388623714447	0.029202589765191078	0.3043060600757599
ENSMUSG00000020064	0.007662703283131123	0.019052626565098763	-0.0001499385543866083	0.02422674372792244	-0.02326168864965439	0.005910382140427828	0.014698082581162453	0.2908194661140442	0.010433255694806576	0.012307757511734962	-0.01015965361148119	-0.022251801565289497	0.015574268996715546	0.013543598353862762	-0.01970846578478813	0.27936801314353943	0.008020698092877865	0.06563243269920349	0.046026382595300674	0.35377898812294006	-0.006426943466067314	0.3725152611732483
ENSMUSG00000026596	0.00762512581422925	0.019342176616191864	-0.004602628760039806	0.030780820176005363	-0.022440925240516663	0.005662926938384771	0.01827140897512436	0.2815423905849457	0.016990283504128456	0.009905382059514523	-0.01446524728089571	-0.02459748089313507	0.017420118674635887	0.011365659534931183	-0.026493512094020844	0.33304014801979065	0.0013513091253116727	0.0726679265499115	0.04710100218653679	0.4389473795890808	-0.003945787437260151	0.4004620611667633
ENSMUSG00000034853	0.015052897855639458	0.035465143620967865	0.00844754558056593	0.016983365640044212	-0.012537520378828049	0.0037184017710387707	0.0045256055891513824	0.06777983903884888	0.016037026420235634	0.03415403515100479	-0.012337122112512589	-0.019271858036518097	0.00441750418394804	0.0163547582924366	-0.023674776777625084	0.13487395644187927	0.03357841074466705	0.047170981764793396	0.008313675411045551	0.1447601169347763	-0.00317354965955019	0.011598218232393265
ENSMUSG00000058252	-0.013332878239452839	-0.009688667953014374	-0.004066252615302801	0.0015796966617926955	0.005632580723613501	-0.0019519535126164556	-0.01067284308373928	-0.057408567517995834	-0.01736616902053356	0.03018360584974289	0.0062607829459011555	0.012005966156721115	-0.0072815390303730965	0.006451509427279234	-0.0033752925228327513	-0.09323757141828537	-0.008981650695204735	-0.03542477637529373	-0.07116872072219849	-0.14297190308570862	-0.012075696140527725	-0.06495994329452515
ENSMUSG00000027861	0.019450778141617775	0.036570414900779724	0.011409374885261059	0.01821153610944748	-0.008023709990084171	0.004587767645716667	0.002891754498705268	-0.023518219590187073	0.018269166350364685	0.031112350523471832	-0.014085391536355019	-0.001708568655885756	0.006889264099299908	0.015477917157113552	-0.013217003084719181	0.04848340526223183	0.03881262615323067	0.04843154549598694	0.0721513032913208	0.15469509363174438	-4.569953489408363e-06	0.016119401901960373
ENSMUSG00000030255	0.02301875874400139	0.032266732305288315	0.011464686132967472	0.0034997868351638317	-0.004691530484706163	-0.003103941911831498	-0.0047244359739124775	-0.06703764200210571	0.0035801997873932123	0.041467852890491486	-0.006030777469277382	0.010412833653390408	0.004044848028570414	-0.011788535863161087	0.012799820862710476	-0.11139917373657227	0.03481794893741608	0.0320931002497673	-0.014432128518819809	-0.04313790798187256	-0.010378441773355007	-0.06471084803342819
ENSMUSG00000103258	0.013184144161641598	0.007429212331771851	0.013115043751895428	0.007309403270483017	-0.005410709418356419	-0.00247762119397521	-0.007027985528111458	-0.06945573538541794	0.004334146622568369	0.03499403968453407	0.0017430291045457125	0.009812465868890285	-0.0048482175916433334	0.016552476212382317	-0.0020159566774964333	-0.10847499966621399	-0.0024228745605796576	0.029609767720103264	-0.05574561282992363	-0.10328725725412369	-0.0051429057493805885	-0.06238607317209244
ENSMUSG00000022760	0.004936264827847481	0.016412753611803055	-0.017415976151823997	0.03522313013672829	-0.021882502362132072	0.008024412207305431	0.05371113121509552	0.23747014999389648	0.023795679211616516	0.010712871327996254	-0.002254870254546404	-0.0186222605407238	0.015397894196212292	0.002514868276193738	0.002186584984883666	0.27277839183807373	-0.012621900998055935	0.08116467297077179	0.09364236891269684	0.47305363416671753	0.022507451474666595	0.3810698688030243
ENSMUSG00000086050	0.02190217934548855	0.0469433031976223	0.019345499575138092	0.013880268670618534	-0.005247484426945448	0.001805985695682466	-0.0011155657703056931	-0.027066750451922417	0.013374431990087032	0.03414544090628624	0.005165365990251303	0.0035511364694684744	0.002445841208100319	0.008445046842098236	-0.004735304042696953	-0.09422383457422256	0.04116030037403107	0.029920417815446854	-0.01963892951607704	0.031893275678157806	-0.0057402076199650764	0.08636400103569031
ENSMUSG00000057503	0.015192448161542416	0.005724273156374693	0.006448687519878149	-0.018969500437378883	-0.009141525253653526	-0.0034350238274782896	-0.005936307832598686	-0.10019557923078537	0.0026751509867608547	-0.013665351085364819	-0.0018072169041261077	0.009831654839217663	-0.0011763310758396983	-0.016131846234202385	0.0036130461376160383	-0.08351322263479233	0.019441772252321243	0.012977678328752518	-0.0269277673214674	-0.09185188263654709	-0.01033774483948946	-0.1156688779592514
ENSMUSG00000062825	-0.00018181726045440882	0.01115838997066021	-0.0039368849247694016	0.03863535821437836	-0.010638727806508541	0.008218317292630672	0.1381208449602127	0.2162911593914032	0.03022872284054756	0.004316960461437702	0.0003418568230699748	-0.019487133249640465	-0.004882704466581345	-0.00018323191034141928	-0.021248431876301765	0.12850987911224365	-0.007473524659872055	0.060968317091464996	0.07749270647764206	0.608721911907196	0.1166103184223175	0.4850344955921173
ENSMUSG00000020876	0.007833732292056084	0.027110492810606956	-0.006458754651248455	0.010213625617325306	-0.018566256389021873	0.007191784214228392	0.02951858937740326	0.20446613430976868	0.027363214641809464	0.010891475714743137	-0.007647414691746235	-0.021121734753251076	0.015140039846301079	0.008473304100334644	-0.019050108268857002	0.18794120848178864	-0.0018273937748745084	0.06469250470399857	0.06497523188591003	0.49472853541374207	0.009152892976999283	0.3303754925727844
ENSMUSG00000029710	0.008345558308064938	0.025247937068343163	-0.002708247397094965	0.01710651069879532	-0.014081732369959354	0.007677189074456692	0.02109036035835743	0.2194269597530365	0.02095770090818405	0.015247718431055546	-0.0077844951301813126	-0.023028643801808357	0.01524548139423132	0.010284855030477047	-0.029301514849066734	0.22624234855175018	0.0026988431345671415	0.06729848682880402	0.05116082355380058	0.48715630173683167	0.0007649147300980985	0.24381379783153534
ENSMUSG00000042744	0.011411790736019611	0.019065791741013527	0.00034088618122041225	0.017657876014709473	-0.019762203097343445	0.004990886431187391	0.008284548297524452	0.211710587143898	0.015774494037032127	0.01334975752979517	-0.0179832112044096	-0.024973036721348763	0.01081271842122078	0.016324181109666824	-0.02600005455315113	0.3160233199596405	0.01455364003777504	0.07086971402168274	0.04302692785859108	0.21187256276607513	-0.008052599616348743	0.3896085023880005
ENSMUSG00000104665	0.022843502461910248	0.003600497031584382	0.01983318291604519	-0.0031457983423024416	-0.00844302587211132	-0.005625322461128235	-0.00893230177462101	-0.04198141023516655	0.00683265645056963	0.03388253599405289	0.012458144687116146	0.005194644443690777	-0.00484842574223876	0.006588587071746588	0.014418119564652443	-0.030316436663269997	0.06190350651741028	0.0089274225756526	0.02178017422556877	-0.025556392967700958	-0.0071740346029400826	-0.04846201464533806
ENSMUSG00000030188	0.004184679593890905	0.02227037213742733	0.00306028313934803	0.00987136922776699	-0.009880742989480495	0.0032537709921598434	0.00041666842298582196	0.16420890390872955	-0.0055289794690907	0.014319593086838722	-0.006344957742840052	-0.023475103080272675	-0.00025141285732388496	0.012432677671313286	-0.014415056444704533	0.12111373990774155	0.012048925273120403	0.0313626192510128	0.05055180564522743	0.24965377151966095	-0.004849029704928398	0.19163218140602112
ENSMUSG00000110917	0.012438596226274967	0.012775561772286892	-0.0008028650190681219	0.027044914662837982	-0.0004602597327902913	-0.0011572388466447592	-0.004942035302519798	-0.0486348420381546	0.0013120825169607997	0.027911119163036346	-0.005725598428398371	0.004873512778431177	0.005611614789813757	0.011195434257388115	0.0011669781524688005	-0.05171595886349678	0.020838694646954536	-0.03048148937523365	-0.03186992555856705	-0.11337626725435257	-0.0061296336352825165	-0.10404402017593384
ENSMUSG00000101903	0.0009411268401890993	0.03757314756512642	0.012339484877884388	0.02558526024222374	0.0014773734146729112	-0.002221005270257592	-0.006561899092048407	-0.09362165629863739	0.02802354283630848	0.027724944055080414	-0.0047799088060855865	0.005845525301992893	-0.001115007558837533	0.001716187922284007	-0.010404794476926327	0.03106539510190487	0.03917287290096283	0.039156168699264526	-0.05631276220083237	-0.11541169136762619	-0.006761035416275263	-0.049860648810863495
ENSMUSG00000031833	0.009854835458099842	0.02324138954281807	-0.00467985775321722	0.015144568867981434	-0.02037067338824272	0.0012345480499789119	0.026325590908527374	0.15989460051059723	0.022170715034008026	0.01444285362958908	-0.016240842640399933	-0.023245004937052727	0.011529691517353058	0.012572403065860271	-0.03173547610640526	0.14823704957962036	0.012464889325201511	0.05136655643582344	0.10953549295663834	0.21478839218616486	0.01573389209806919	0.2360435128211975
ENSMUSG00000031302	0.006791713181883097	0.011856291443109512	0.004631174728274345	-0.007768277078866959	0.0028046322986483574	-0.008370994590222836	-0.0011126502649858594	-0.0037598852068185806	-0.005284006707370281	-0.008335690014064312	-0.0011054450878873467	0.0014403051463887095	-0.002517910208553076	0.007874113507568836	-0.00987593736499548	-0.1261126548051834	0.017584223300218582	0.013177352957427502	0.0025303387083113194	0.13047176599502563	-0.014031805098056793	-0.04888736829161644
ENSMUSG00000001786	-0.007499080151319504	-0.14096762239933014	0.0013196580111980438	-0.1189311295747757	0.00408557802438736	0.03529604524374008	-0.0021144167985767126	-0.18264661729335785	-0.004088099580258131	-0.25395771861076355	0.0032343617640435696	-0.030152255669236183	-0.004947602283209562	-0.09226611256599426	-0.00852147676050663	-0.15876895189285278	0.0009239058126695454	-0.22675414383411407	-0.034307535737752914	-0.7047379016876221	0.003069668309763074	-0.4779660701751709
ENSMUSG00000028600	0.006791260093450546	0.016163771972060204	0.004399030935019255	0.01512644812464714	-0.016960086300969124	0.007495379541069269	0.006644327659159899	0.176951065659523	0.011817246675491333	0.021652929484844208	-0.011472424492239952	-0.02594519406557083	0.003667706623673439	0.019566582515835762	-0.02540889009833336	0.1965610831975937	0.02577153593301773	0.053774259984493256	0.008732445538043976	0.08659777790307999	-0.006871029734611511	0.11351992934942245
ENSMUSG00000086475	0.015258423052728176	0.015070590190589428	-0.0037305718287825584	0.0066643767058849335	-0.015374422073364258	-0.00365468580275774	0.03692958131432533	0.019288750365376472	-0.0058744861744344234	0.015530559234321117	-0.03307736665010452	-0.011747837997972965	0.01910172402858734	0.0098424619063735	-0.015773165971040726	0.09686996787786484	0.012284100987017155	0.019299155101180077	0.16447660326957703	0.29261019825935364	0.02563812956213951	0.04237084090709686
ENSMUSG00000107858	-0.006274582352489233	-0.004233792424201965	-0.007446452975273132	0.0049295807257294655	-0.0016269220504909754	-0.002504347823560238	-0.01385028101503849	-0.1355225145816803	-0.010922133922576904	-0.014090290293097496	0.005445593968033791	0.009581922553479671	0.000986525439657271	-0.0019357373239472508	-0.010092491284012794	-0.1290104240179062	-0.004215547814965248	0.03940851241350174	-0.033318448811769485	-0.08547206223011017	-0.008799303323030472	-0.09556536376476288
ENSMUSG00000051166	0.006972283590584993	0.006877119652926922	0.000938053650315851	0.021550700068473816	-0.02378862537443638	0.0016629727324470878	-0.0031103775836527348	0.2612718641757965	0.008611316792666912	0.011501377448439598	-0.010500592179596424	-0.025519318878650665	0.00991148967295885	0.01568547450006008	-0.011218618601560593	0.3125508725643158	0.009276770055294037	0.05999641492962837	0.02578035369515419	0.33038124442100525	-0.00828134547919035	0.3333968222141266
ENSMUSG00000073096	0.009609399363398552	0.024866998195648193	0.005211637821048498	0.013662728480994701	-0.012429023161530495	0.0024638534523546696	0.002801230177283287	0.1826348751783371	0.015253329649567604	0.015136536210775375	-0.007152006030082703	-0.016070304438471794	0.0045956773683428764	0.015343893319368362	-0.02272927761077881	0.24587303400039673	0.01600777357816696	0.06363651156425476	0.017721449956297874	0.31268298625946045	-0.007493878714740276	0.20752473175525665
ENSMUSG00000104425	-0.10803068429231644	-0.22050966322422028	-0.026485972106456757	-0.05192337557673454	-0.0328693650662899	-0.07932398468255997	0.025736751034855843	-0.1055631935596466	-0.04727441817522049	-0.22943781316280365	-0.01883648708462715	-0.014530365355312824	-0.013789267279207706	-0.02652907930314541	0.04801816865801811	-0.24066951870918274	-0.16050326824188232	-0.27358344197273254	0.2254774421453476	-0.6104251742362976	-0.00779779814183712	-0.41069161891937256
ENSMUSG00000020120	0.007757285144180059	0.031774427741765976	0.0021796233486384153	0.016490112990140915	-0.008019402623176575	-0.0033444478176534176	-0.009571743197739124	0.0770048126578331	0.005581713281571865	0.02293086051940918	-0.008117269724607468	-0.01763419434428215	-0.0002385200932621956	0.017794566228985786	-0.010938756167888641	0.08357115089893341	0.018078364431858063	0.05305873975157738	-0.037473954260349274	-0.047659993171691895	-0.005564729683101177	0.035660021007061005
ENSMUSG00000104677	0.0023207850754261017	0.03263475373387337	-0.001768249087035656	0.012321718968451023	-0.0018935102270916104	0.0014101224951446056	-0.00610383041203022	-0.08774147182703018	-0.0016145834233611822	0.013261004351079464	0.003048558719456196	0.010713218711316586	0.001632011728361249	-0.004598767030984163	-0.004071706905961037	0.012906580232083797	0.008099325932562351	0.03401333466172218	-0.036600809544324875	-0.1467301994562149	-0.007302839774638414	-0.10941499471664429
ENSMUSG00000037627	0.01124406699091196	0.005871543660759926	0.00499582476913929	0.022365951910614967	-0.023340696468949318	0.0061630005948245525	0.004273503553122282	0.1647772192955017	0.014917228370904922	0.019246093928813934	-0.013617263175547123	-0.02251584082841873	0.010063549503684044	0.01809317246079445	-0.020248375833034515	0.2231263369321823	0.021326234564185143	0.05007796362042427	0.016870571300387383	0.27144843339920044	-0.007309428881853819	0.14672666788101196
ENSMUSG00000006269	0.02565581351518631	0.03679068386554718	0.014143843203783035	0.014254539273679256	-0.003235988086089492	-0.00042888533789664507	-0.0007111669983714819	-0.04027779400348663	0.016894742846488953	0.032344602048397064	-0.011205139569938183	0.001403234200552106	-0.0007094579050317407	0.015581670217216015	-0.011340494267642498	-0.011897618882358074	0.04301566258072853	0.04383780434727669	-0.006833956111222506	0.06889429688453674	-0.003201063023880124	-0.02949916571378708
ENSMUSG00000074832	0.012069705873727798	0.015147989615797997	0.000844301946926862	0.008754950948059559	-0.022817961871623993	0.007923251017928123	0.012657832354307175	0.17201587557792664	0.017220184206962585	0.018527451902627945	-0.019753199070692062	-0.007151178549975157	0.01217658631503582	0.01417754776775837	-0.027730872854590416	0.241901695728302	0.01802712492644787	0.055561214685440063	0.04798208549618721	0.22881798446178436	-0.003440458094701171	0.17903947830200195
ENSMUSG00000120037	0.011939550749957561	-0.004349593073129654	0.00031297863461077213	-0.013956895098090172	-0.0014075151411816478	-0.0002169790823245421	-0.005009372718632221	-0.07773519307374954	-0.0001492024603066966	0.015755679458379745	0.001830761437304318	0.011134738102555275	0.0010371814714744687	-0.008127002976834774	-0.0010100045474246144	-0.07305863499641418	0.008499112911522388	0.008872522972524166	-0.05211882293224335	-0.19501668214797974	-0.006557135377079248	-0.13291306793689728
ENSMUSG00000015222	0.002513565355911851	0.012319045141339302	-0.0004747872008010745	0.024193471297621727	-0.011107917875051498	0.0024024127051234245	-0.004522143397480249	0.20329616963863373	-0.0019461761694401503	0.01628001406788826	-0.007377638015896082	-0.024712026119232178	-0.001016976311802864	0.019149046391248703	-0.007259115111082792	0.23275461792945862	0.00993341114372015	0.04964683949947357	-0.015773756429553032	0.21729646623134613	-0.007497632876038551	0.13465532660484314
ENSMUSG00000113584	0.02654877118766308	0.048325084149837494	0.01206680666655302	0.027730649337172508	-0.0006160950870253146	0.00019830797100439668	-0.005546449217945337	-0.048195548355579376	-0.001991573954001069	0.05288921669125557	-0.017361890524625778	-0.0002937121025752276	0.006032717879861593	0.01353805884718895	-0.003757740370929241	-0.010968622751533985	0.033110395073890686	0.054624781012535095	0.03944622352719307	0.04409313201904297	0.005083605647087097	0.033602189272642136
ENSMUSG00000118483	-0.030123848468065262	-0.005496941972523928	-0.007601763587445021	-0.06237667053937912	0.010128382593393326	0.007016401272267103	0.0005907613085582852	-0.08221898972988129	-0.008470159024000168	-0.05053327977657318	0.0071595050394535065	0.00951500702649355	-0.00835738331079483	-0.011307434178888798	-0.01598791405558586	-0.17938315868377686	-0.030849676579236984	-0.05808896943926811	-0.05298314243555069	-0.1806466430425644	-0.0011078150710090995	-0.06463164836168289
ENSMUSG00000086495	0.007827821187675	0.022222453728318214	-0.005058352369815111	0.02454354800283909	-0.017991356551647186	0.007581949699670076	0.017150845378637314	0.23358024656772614	0.014040052890777588	0.014511112123727798	-0.010897854343056679	-0.025694439187645912	0.01381488237529993	0.010944442823529243	-0.03159105032682419	0.2621776759624481	0.002813471481204033	0.05786220729351044	0.08136247843503952	0.34637773036956787	-0.0012359340908005834	0.3810652196407318
ENSMUSG00000109304	0.007692028768360615	0.03209801763296127	0.0025752512738108635	0.026415381580591202	-0.020830998197197914	0.005515686236321926	-0.016947660595178604	0.24824672937393188	0.009802856482565403	0.013652064837515354	0.007268592715263367	-0.017007995396852493	0.0026748895179480314	0.015976717695593834	0.013127650134265423	0.3346939980983734	0.012459376826882362	0.06715051829814911	0.026711784303188324	0.3885529339313507	-0.00811850931495428	0.34218233823776245
ENSMUSG00000093579	0.008105325512588024	0.03044215403497219	-0.0035998171661049128	0.029386883601546288	-0.023854564875364304	0.00936787948012352	-0.020513327792286873	0.22873911261558533	0.012589124031364918	0.021016357466578484	0.01907515898346901	-0.011235206387937069	-0.043452054262161255	0.019658152014017105	-0.008709749206900597	0.32396426796913147	0.014470553025603294	0.0632733702659607	0.02411516010761261	0.2253832370042801	-0.006391999311745167	0.3091581165790558
ENSMUSG00000115699	0.01317726168781519	0.023437779396772385	0.007814434356987476	0.006933842785656452	-0.019201820716261864	0.007208998780697584	0.0026739060413092375	0.08364145457744598	0.01719415932893753	0.030585749074816704	-0.01055004633963108	-0.01791621744632721	0.007151495665311813	0.014612589962780476	-0.021321870386600494	0.1752500981092453	0.031670644879341125	0.029650423675775528	-0.001714309211820364	0.11692589521408081	-0.003945526666939259	0.01592942327260971
ENSMUSG00000105933	0.03038223460316658	0.0318107083439827	0.006178001873195171	0.010235944762825966	-0.003829579334706068	0.0045815156772732735	-0.009831289760768414	-0.062222663313150406	0.008084481582045555	0.02784569002687931	0.0019172312458977103	0.009340359829366207	0.01652481034398079	0.01233012042939663	-0.002155827824026346	-0.0589568130671978	-0.005330812186002731	0.013325005769729614	-0.03658001497387886	-0.14431917667388916	-0.0036806741263717413	-0.03814972564578056
ENSMUSG00000109149	0.01502620056271553	0.016062011942267418	0.01106535829603672	0.01845957338809967	-0.006112518720328808	0.0028224296402186155	-0.002376485848799348	-0.040716610848903656	0.020900916308164597	0.03006707690656185	-0.011190056800842285	0.004325373563915491	0.0023585602175444365	0.012300833128392696	-0.014055195264518261	0.06961207836866379	0.03975118324160576	0.030470862984657288	-0.014278396032750607	0.04203337803483009	-0.0059181018732488155	-0.014052928425371647
ENSMUSG00000109993	0.01567751169204712	0.045439764857292175	-0.0014766380190849304	0.01191843394190073	-0.0031701833941042423	-0.0010532934684306383	-0.005278760101646185	-0.06980476528406143	0.004535013344138861	0.05189048871397972	-0.001178543083369732	0.004551410209387541	0.0021744943223893642	0.016661234200000763	-4.850489131058566e-05	-0.06685961037874222	0.005620728246867657	0.04797464236617088	-0.009103807620704174	-0.02828560769557953	-0.0065454947762191296	-0.03312274068593979
ENSMUSG00000031403	0.0006698154611513019	-0.034512557089328766	-0.007972713559865952	0.0401151217520237	-0.005627804435789585	0.004765006247907877	0.10355474799871445	0.24797166883945465	0.006485528312623501	0.002529905177652836	0.0011898479424417019	-0.010486512444913387	0.037349797785282135	0.006235458888113499	-0.03224484249949455	0.2983611524105072	0.01434788852930069	0.05093121901154518	0.08401382714509964	0.4987231492996216	0.028823401778936386	0.27812695503234863
ENSMUSG00000039200	0.0067422580905258656	0.027783947065472603	0.0015665959799662232	0.013652021065354347	-0.02428281120955944	0.005595366470515728	0.01136375218629837	0.19523885846138	0.012034226208925247	0.01640530861914158	-0.017762549221515656	-0.01990590989589691	0.01149024348706007	0.014573195017874241	-0.018054546788334846	0.30115190148353577	0.014777738600969315	0.06386806815862656	0.053885865956544876	0.2822585105895996	-0.005134763661772013	0.2425767481327057
ENSMUSG00000087306	0.0015865153400227427	0.0033603457268327475	-0.0017584183951839805	0.003855300834402442	-0.010726384818553925	-0.004066413268446922	-0.0051099276170134544	0.137806236743927	-0.0038909499999135733	0.00947584118694067	-0.005834231153130531	-0.02540002577006817	-0.0012618432519957423	0.018437357619404793	-0.0006715058698318899	0.2398051768541336	0.009313193149864674	0.04505722597241402	-0.035370420664548874	0.1788138449192047	-0.008196788839995861	0.062476273626089096
ENSMUSG00000027524	0.010630781762301922	0.011794175021350384	0.011803030036389828	0.020998025313019753	-0.009327447041869164	0.006030804943293333	-0.0028663002885878086	0.061659421771764755	0.01282432209700346	0.02527124434709549	-0.01087481901049614	-0.01552834827452898	-0.0020739026367664337	0.02245912328362465	-0.01833885721862316	0.06660228222608566	0.029920827597379684	0.06169029325246811	-0.03326311707496643	-0.0053417072631418705	-0.005899626761674881	-0.0022177507635205984
ENSMUSG00000108317	0.017793897539377213	0.03711896017193794	0.006951788440346718	0.010754921473562717	-0.013292857445776463	-0.0024035682436078787	-0.031972624361515045	-0.05088905990123749	0.012669975869357586	0.055968835949897766	-0.029366401955485344	0.006822438444942236	0.0047967396676540375	0.013015305623412132	0.012345540337264538	-0.06847205758094788	0.05588720366358757	0.019321389496326447	0.04106053709983826	-0.09738989919424057	-0.01072697900235653	-0.044732626527547836
ENSMUSG00000113507	9.497644350631163e-05	0.030163072049617767	-0.0016198407392948866	0.019344430416822433	-0.013441232033073902	0.00840466096997261	-0.015751492232084274	0.07272899895906448	-0.0006694157491438091	0.028404271230101585	-0.0021831768099218607	-0.01790912263095379	-0.0029991045594215393	0.0155652379617095	0.004771854262799025	0.2096683531999588	0.020014846697449684	0.050206542015075684	-0.058631449937820435	-0.0037308973260223866	-0.00553976371884346	0.03155859559774399
ENSMUSG00000108155	0.020299840718507767	0.03392446041107178	0.0013918279437348247	0.016505355015397072	-0.00456474581733346	0.0011705107754096389	-0.011078041046857834	-0.05897263437509537	0.010691913776099682	0.024046292528510094	-0.003582700854167342	0.004923040978610516	0.0006781052798032761	0.008125405758619308	-0.001145494868978858	-0.06345991045236588	0.029612135142087936	-0.0013985715340822935	-0.020154722034931183	-0.042873941361904144	-0.006903262808918953	-0.018509216606616974
ENSMUSG00000045559	-0.08139681071043015	-0.21902397274971008	0.033045485615730286	-0.07958270609378815	-0.04276914894580841	-0.08069618046283722	0.019317111000418663	-0.11115282773971558	-0.0803980827331543	-0.214724600315094	-0.03655955195426941	-0.012802408076822758	-0.08909973502159119	-0.025003887712955475	0.05838506668806076	-0.22048957645893097	0.029564687982201576	-0.28831934928894043	0.12374842911958694	-0.5320824980735779	-0.0801987424492836	-0.4340587258338928
ENSMUSG00000033581	0.009326986968517303	0.02126406878232956	-0.0018338299123570323	0.026722125709056854	-0.026022985577583313	0.0054370020516216755	0.014406460337340832	0.24989058077335358	0.017556678503751755	0.01223849318921566	-0.018068457022309303	-0.027882970869541168	0.015564972534775734	0.014004524797201157	-0.029439136385917664	0.2953099310398102	0.010651201009750366	0.06570057570934296	0.05660061538219452	0.3443942964076996	-0.00359170138835907	0.2818765938282013
ENSMUSG00000026617	0.009774116799235344	0.03352746739983559	-0.0016435262514278293	0.012872617691755295	-0.01064123772084713	0.006861814763396978	0.01495051383972168	0.13252349197864532	0.018382705748081207	0.01412212010473013	-0.003684882540255785	-0.004213303327560425	0.014635560102760792	0.010268306359648705	-0.025918614119291306	0.11002819985151291	0.0003620253992266953	0.036929015070199966	0.08285219222307205	0.43213212490081787	0.002841293578967452	0.19684122502803802
ENSMUSG00000018925	0.02471962198615074	0.0423586405813694	0.014581075869500637	0.027882397174835205	-0.002767934463918209	-0.0030528900679200888	-0.003106185467913747	-0.07408173382282257	0.010239776223897934	0.05911897495388985	-0.005369449965655804	0.006992154289036989	0.0020991540513932705	0.005352080333977938	0.0033033224754035473	-0.03692666441202164	0.025061044842004776	0.012232930399477482	-8.218925358960405e-05	-0.03478917479515076	-0.008501647971570492	-0.05606726557016373
ENSMUSG00000041025	0.028874479234218597	0.05324895307421684	0.00860368087887764	0.024743108078837395	-0.008462421596050262	-0.0017742104828357697	-0.004230937454849482	-0.08966150134801865	0.010973750613629818	0.03417695313692093	-0.011627484112977982	0.007342619355767965	0.0008932706550695002	0.011700299568474293	-0.0026050060987472534	-0.019566193222999573	0.03516161069273949	0.04019813612103462	0.031203093007206917	-0.02107113040983677	-0.010341789573431015	-0.062268681824207306
ENSMUSG00000023151	0.018028590828180313	0.025405144318938255	0.0018934935797005892	0.02791576460003853	-0.0033094666432589293	-0.0031044899951666594	-0.004032351542264223	-0.04952771216630936	0.0006495736306533217	0.04949596896767616	-0.0025248646270483732	0.008047781884670258	0.0014275908470153809	0.013388506136834621	0.006748666055500507	-0.10272982716560364	0.02457387000322342	0.013375300914049149	-0.03379712998867035	-0.0685066282749176	-0.009046570397913456	-0.060132671147584915
ENSMUSG00000020463	0.0021019414998590946	-0.10549142956733704	0.0029384337831288576	-0.1347828358411789	-0.0018462209263816476	0.050708670169115067	-0.009309768676757812	-0.21806037425994873	-0.0030043062288314104	-0.21858172118663788	0.0022214085329324007	-0.015711193904280663	0.012890404090285301	-0.09592979401350021	-0.003549964167177677	-0.16896705329418182	0.0014012152096256614	-0.20008406043052673	-0.016142886132001877	-0.7392600774765015	-0.011792212724685669	-0.5111482739448547
ENSMUSG00000005899	0.010110768489539623	0.022330226376652718	-0.0004958512727171183	0.021867703646421432	-0.017032062634825706	0.011377961374819279	0.008801146410405636	0.2145989090204239	0.019492506980895996	0.014033869840204716	-0.009766479954123497	-0.019562944769859314	0.014567064121365547	0.01399332843720913	-0.025273434817790985	0.24025242030620575	0.009921986609697342	0.07015880942344666	0.0521589070558548	0.36776190996170044	-0.006278433371335268	0.34327536821365356
ENSMUSG00000026812	0.01003309153020382	0.029763424769043922	0.0015845875022932887	0.019663598388433456	-0.01943216286599636	0.010149278677999973	0.005466839764267206	0.23200955986976624	0.01672450080513954	0.01213751919567585	-0.008968752808868885	-0.02315838634967804	0.011496168561279774	0.0144326938316226	-0.021298326551914215	0.2748810946941376	0.012092310935258865	0.07021676748991013	0.02166535146534443	0.38199955224990845	-0.007570165209472179	0.3872416615486145
ENSMUSG00000060063	0.02212972193956375	0.03187018260359764	0.0075314659625291824	0.01510444562882185	-0.009677964262664318	0.0065408130176365376	0.0019703551661223173	0.005381739232689142	0.019154727458953857	0.04676929861307144	-0.01798226311802864	-0.004106382839381695	0.003321161027997732	0.014424021355807781	-0.018993988633155823	0.014615518040955067	0.03735161945223808	0.04271893948316574	0.03716776520013809	0.05352766066789627	0.006295711267739534	0.02493961900472641
ENSMUSG00000109029	0.027545008808374405	0.0403263121843338	0.00962164904922247	0.02972714602947235	-0.0016132581513375044	0.0010659777326509356	-0.004142287187278271	-0.05713161453604698	0.012090221978724003	0.05101603642106056	-0.004846211057156324	0.0068217916414141655	0.00011537218233570457	0.011481394991278648	-0.004846504423767328	-0.02533326856791973	0.008224423043429852	0.03273671492934227	-0.0345439687371254	-0.12800350785255432	-0.007935388013720512	-0.08918826282024384
ENSMUSG00000113394	-0.013532075099647045	0.01631825417280197	-0.0020888433791697025	0.030355842784047127	0.00041685387259349227	-0.0014528186293318868	-0.0037205189000815153	-0.0783941000699997	-0.0033262157812714577	0.051264893263578415	0.005097745452076197	0.0117909274995327	0.0026104117278009653	-0.005602615419775248	-0.003998297266662121	-0.06545280665159225	-0.016759410500526428	-0.03703170269727707	-0.06718550622463226	-0.16114982962608337	-0.020274706184864044	-0.12786807119846344
ENSMUSG00000028359	0.03866203874349594	0.012035094201564789	-0.0022022309713065624	0.0031059894245117903	0.0038116248324513435	-0.003832327201962471	-0.009227519854903221	-0.0811135545372963	-0.009142768569290638	0.04538200423121452	-0.007539419922977686	0.008736494928598404	0.00589735247194767	-0.023168446496129036	0.012590326368808746	-0.07916863262653351	0.04511942341923714	0.024216149002313614	-0.005251831375062466	-0.10711990296840668	-0.006764933932572603	-0.10504130274057388
ENSMUSG00000033623	0.009939383715391159	0.019686657935380936	-0.000246568291913718	0.02832348644733429	-0.023511257022619247	0.006802338175475597	0.012451588176190853	0.26088741421699524	0.01675914227962494	0.010683958418667316	-0.013570845127105713	-0.02076396532356739	0.011344555765390396	0.014425248838961124	-0.018803482875227928	0.28462740778923035	0.01018405519425869	0.08024594187736511	0.046515174210071564	0.3676372170448303	-0.007210243958979845	0.3375928997993469
ENSMUSG00000120332	-0.0032437178306281567	0.0006355899386107922	-0.0032276653219014406	0.002827238757163286	0.003909758757799864	-0.0017481043469160795	-0.008909674361348152	-0.09773886948823929	-0.010311228223145008	-0.006757546216249466	0.0008775697788223624	0.009473724290728569	-0.005296275019645691	0.0010098270140588284	0.005932229105383158	-0.11306799948215485	-0.010791345499455929	-0.05581095814704895	-0.0432443730533123	-0.11662029474973679	-0.010208630934357643	-0.05157366394996643
ENSMUSG00000044071	0.005083443596959114	0.011199508793652058	8.650780728203245e-06	0.018078453838825226	-0.010598442517220974	0.0003330482868477702	-0.006744568236172199	0.09746667742729187	0.001788190333172679	0.019716430455446243	-0.0076304106041789055	-0.017217904329299927	-0.00027494467212818563	0.017404161393642426	-0.007970807142555714	0.12260892242193222	0.012846247293055058	0.048223331570625305	-0.028739314526319504	-0.005841025151312351	-0.0067842924036085606	0.030475812032818794
ENSMUSG00000045341	-0.025692472234368324	-0.17109814286231995	0.0040316227823495865	-0.12417582422494888	0.0043080695904791355	0.011469301767647266	0.006744939833879471	-0.16083303093910217	-0.006473664194345474	-0.2819388806819916	0.004130120854824781	-0.04063845053315163	-0.014956509694457054	-0.0770823210477829	-0.005474069155752659	-0.1440904140472412	-0.013447555713355541	-0.2500598728656769	-0.020853042602539062	-0.6290856599807739	0.01295691728591919	-0.4488794207572937
ENSMUSG00000014402	0.008809494785964489	0.022289849817752838	-0.0018735635094344616	0.031581297516822815	-0.0236186645925045	0.011458086781203747	0.006651724688708782	0.26953044533729553	0.019720295444130898	0.008736363612115383	-0.007233572192490101	-0.021451212465763092	0.014728767797350883	0.009036824107170105	-0.016947003081440926	0.3228297531604767	0.001218606485053897	0.0751400887966156	0.03835739567875862	0.545327365398407	-0.005659628659486771	0.34574830532073975
ENSMUSG00000020229	0.01951758563518524	0.0412314236164093	0.009816093370318413	0.019838714972138405	-0.004072165582329035	0.006245343014597893	-0.004351403564214706	-0.04822978004813194	0.013518840074539185	0.04938524216413498	-0.007664818316698074	0.0117928646504879	0.0033247971441596746	0.011855022981762886	-0.008645900525152683	0.0024177778977900743	0.029354030266404152	0.05950900912284851	-0.0228955689817667	-0.05950963497161865	-0.003714100457727909	-0.0013127311831340194
ENSMUSG00000047495	0.01100603025406599	0.025225477293133736	0.006768995895981789	0.0208382960408926	-0.019470518454909325	0.008579608052968979	-0.00044841199996881187	0.15195879340171814	0.015216036699712276	0.018244026228785515	-0.021723370999097824	-0.021283073350787163	0.002155089285224676	0.018534811213612556	-0.028087422251701355	0.22727732360363007	0.02183636650443077	0.04531276598572731	-0.011016675271093845	0.173313707113266	-0.00621848925948143	0.12064401805400848
ENSMUSG00000086061	0.026921294629573822	0.019913053140044212	0.009479772299528122	0.0037513559218496084	-0.004135243594646454	-0.002191513543948531	0.00013080131611786783	-0.03489470109343529	0.01329804863780737	0.06240413337945938	-0.011640368960797787	0.011989827267825603	0.0012781481491401792	0.006708393804728985	-0.0035536056384444237	0.004277867265045643	0.04191385209560394	0.032882701605558395	0.00949999038130045	-0.026110973209142685	-0.0035205252934247255	-0.08322776108980179
ENSMUSG00000024963	0.00919524859637022	0.020649416372179985	0.0028037347365170717	0.012614394538104534	-0.01956699788570404	0.0038288780488073826	0.02467731386423111	0.10471296310424805	0.028257861733436584	0.01934845559298992	-0.011557984165847301	-0.02177979052066803	-0.0007484955131076276	0.014035302214324474	-0.011637656949460506	0.14809592068195343	0.020900754258036613	0.03041612170636654	0.07598879933357239	0.23938678205013275	0.004418186843395233	0.20432238280773163
ENSMUSG00000020538	0.008851232007145882	0.02299795113503933	-0.010276567190885544	0.017173150554299355	-0.0130899203941226	0.0035539320670068264	0.036284271627664566	0.12728604674339294	0.025109894573688507	0.021618474274873734	-0.005635912995785475	-0.013467783108353615	0.02389189973473549	0.007608720101416111	-0.038286421447992325	0.07975564897060394	-0.006648791488260031	0.042314670979976654	0.10202819108963013	0.4409048557281494	0.023440593853592873	0.272820383310318
ENSMUSG00000078671	0.006953716743737459	0.024186545982956886	-0.007851948030292988	0.024557020515203476	-0.021412143483757973	0.005060955882072449	0.029087591916322708	0.20858067274093628	0.02409275993704796	0.010423797182738781	-0.008940349332988262	-0.01801423728466034	0.024774082005023956	0.008180256932973862	-0.0364559069275856	0.23997212946414948	-0.003717771265655756	0.07189204543828964	0.09176022559404373	0.4643481969833374	0.006286366377025843	0.2524859607219696
ENSMUSG00000073139	-0.0027825580909848213	0.00592212425544858	-0.0026701060123741627	-0.0035298787988722324	0.02710074745118618	-0.007205285597592592	-0.01412337925285101	0.21640974283218384	-0.01767817512154579	0.007802816107869148	0.005066807847470045	-0.011631711386144161	-0.024462906643748283	0.013935771770775318	0.00014697508595418185	0.31428197026252747	0.008467739447951317	0.031239483505487442	-0.002024965826421976	0.18281345069408417	-0.004850761964917183	0.07445331662893295
ENSMUSG00000117707	0.01652173325419426	0.03268295153975487	0.00425310991704464	0.01855853945016861	0.00017606162873562425	0.0009519231971353292	-0.005174529738724232	-0.06932122260332108	0.007994629442691803	0.017527107149362564	0.0033064705785363913	-0.0007121052476577461	0.003630479332059622	0.01367152575403452	-0.006710865069180727	-0.010519254021346569	0.021559016779065132	0.0453791581094265	-0.07697038352489471	-0.07163221389055252	-0.01117901224642992	-0.1358506828546524
ENSMUSG00000020122	0.008055183105170727	0.025684764608740807	0.0034900682512670755	0.012220506556332111	-0.01598270982503891	0.00886000320315361	-0.0025375739205628633	0.21996961534023285	0.00956454873085022	0.015191588550806046	-0.013323217630386353	-0.027897512540221214	0.005725042428821325	0.017088649794459343	-0.02013908140361309	0.277255117893219	0.01571032777428627	0.05343170091509819	-0.018534548580646515	0.21022334694862366	-0.006922097411006689	0.15072305500507355
ENSMUSG00000040187	0.00807033572345972	0.012992726638913155	0.0037774655502289534	0.021658191457390785	-0.009569616056978703	0.00433799484744668	0.006409039720892906	0.20449793338775635	0.008969086222350597	0.015088721178472042	-0.014711489900946617	-0.014654438942670822	0.005406551528722048	0.015911251306533813	-0.01868940144777298	0.26815077662467957	0.0178370364010334	0.056282397359609604	0.02611624076962471	0.23241281509399414	-0.00786904152482748	0.144770085811615
ENSMUSG00000054293	-0.03034065291285515	-0.011465989053249359	-0.0028560105711221695	-0.05026775971055031	0.007593281101435423	-0.00011602705490076914	-0.014509325847029686	-0.1429770141839981	-4.647150490200147e-06	-0.004678454715758562	0.004348724614828825	0.005148646421730518	-0.016303706914186478	-0.08944982290267944	-0.03410429507493973	-0.21556533873081207	-0.022700613364577293	-0.18586395680904388	-0.045441847294569016	-0.14424854516983032	-0.0036677252501249313	-0.146133691072464
ENSMUSG00000121287	0.024281945079565048	-0.01147242821753025	0.011348706670105457	-0.011263358406722546	-0.007911053486168385	-0.0041168732568621635	-0.004702942445874214	-0.10289979726076126	0.006430824287235737	0.02931087464094162	-0.00798000767827034	0.008116175420582294	0.0028173155151307583	0.017061613500118256	0.005539205856621265	-0.05579809099435806	0.03529119864106178	-0.03086884319782257	-0.020816421136260033	-0.10171127319335938	-0.01256441231817007	-0.03110031597316265
ENSMUSG00000038691	-0.0009618067997507751	0.01568523608148098	0.007758205756545067	-0.033119264990091324	0.0014987014001235366	-0.0028631824534386396	-0.0046838317066431046	-0.1283615529537201	0.005067997612059116	0.03525509685277939	-0.008229373954236507	0.012496775016188622	0.00622676033526659	-0.004483033902943134	0.00940506812185049	-0.09952142089605331	0.02185904048383236	-0.016994811594486237	-0.040600553154945374	-0.10778982937335968	-0.01046217791736126	-0.05209821090102196
ENSMUSG00000040711	0.00934636127203703	0.03433274105191231	0.006899459753185511	0.009997721761465073	-0.015186888165771961	0.007766966242343187	0.0026196849066764116	0.1862860918045044	0.014131788164377213	0.0177068542689085	-0.013767450116574764	-0.0262305848300457	0.004775368142873049	0.017115475609898567	-0.0258500799536705	0.2588658034801483	0.020864427089691162	0.0566963292658329	0.005102525465190411	0.3026121258735657	-0.006402893457561731	0.1426669806241989
ENSMUSG00000113115	0.00896141305565834	0.008985753171145916	0.00034516482264734805	0.006619742605835199	8.604059257777408e-05	-0.002014685655012727	-0.005842837039381266	-0.07317322492599487	0.003946842160075903	0.02133350446820259	-0.0005701366462744772	0.007710631471127272	-0.0016903762007132173	0.006230955943465233	-0.002480938797816634	-0.06711184233427048	0.016865629702806473	0.022305471822619438	-0.07027736306190491	-0.13611829280853271	-0.006492357235401869	-0.10829942673444748
ENSMUSG00000092008	0.007797200698405504	0.022709950804710388	-0.0011545151937752962	-0.0044218446128070354	-0.005933364853262901	-0.0025286132004112005	-0.008192005567252636	-0.12772125005722046	-0.001363449147902429	0.006641439162194729	0.0017816845793277025	0.010001837275922298	0.0012006583856418729	0.005536928307265043	-0.004955215845257044	-0.11962300539016724	0.0056496779434382915	0.028628768399357796	-0.0351049043238163	-0.08904215693473816	-0.008671112358570099	-0.03254535421729088
ENSMUSG00000016833	0.004124642815440893	0.011362474411725998	-0.0019764238968491554	0.03468481823801994	-0.021571917459368706	0.007968703284859657	0.005627266597002745	0.2771661579608917	0.008661928586661816	0.00994853861629963	-0.00043506064685061574	-0.022090211510658264	0.010335402563214302	0.01290758978575468	-0.0019385325722396374	0.31506866216659546	0.00767048355191946	0.07689491659402847	0.0585620179772377	0.4328462481498718	-0.005802077241241932	0.3841177821159363
ENSMUSG00000107645	0.013239787891507149	0.034116409718990326	0.013103509321808815	0.018901418894529343	-0.007868919521570206	-0.0006827925681136549	-0.009565526619553566	-0.07039114832878113	0.0021645324304699898	0.0010320484871044755	-0.003532090224325657	0.006157680880278349	-0.0010790645610541105	0.01655951328575611	-0.003562563331797719	-0.05462144315242767	0.02716352418065071	0.002738028531894088	-0.03137582167983055	-0.03163260966539383	-0.008125889115035534	-0.029268670827150345
ENSMUSG00000006457	0.010998956859111786	0.013574178330600262	0.0005980120040476322	0.01815623790025711	-0.023547573015093803	0.007383063435554504	0.012578346766531467	0.18292707204818726	0.01976347714662552	0.015835875645279884	-0.013852570205926895	-0.025896379724144936	0.012644017115235329	0.014148631133139133	-0.027647487819194794	0.2669735550880432	0.015481247566640377	0.06418418139219284	0.03830495476722717	0.322393536567688	-0.004387866705656052	0.2345045804977417
ENSMUSG00000121060	0.015592341311275959	0.0192515030503273	0.016740594059228897	0.008848738856613636	-0.0038505657576024532	0.0008138960693031549	-0.004790217150002718	-0.06555258482694626	0.015183958224952221	-0.014073413796722889	-0.006084537133574486	0.011206548660993576	-0.0017763464711606503	0.0030396634247153997	-0.014213550835847855	0.01261263620108366	0.04009931907057762	0.05842294171452522	-0.027952291071414948	-0.10957498848438263	-0.007079753093421459	-0.022980662062764168
ENSMUSG00000118559	0.008093518204987049	0.017094094306230545	-0.006782709155231714	0.015321251936256886	-0.018935414031147957	0.004753252025693655	0.034383758902549744	0.1685667484998703	0.02354864403605461	0.014239240437746048	-0.005878316704183817	-0.023086916655302048	0.01724604330956936	0.01026249025017023	-0.029794082045555115	0.17825716733932495	0.0034436164423823357	0.05854315310716629	0.07933525741100311	0.4248809814453125	0.013347371481359005	0.19204196333885193
ENSMUSG00000117521	0.010146391578018665	-0.0008795325993560255	0.00021064489556010813	0.004956186283379793	0.0017524578142911196	-0.0012490241788327694	-0.003646135563030839	-0.06405485421419144	0.0066292621195316315	0.03514566272497177	0.0012785181170329452	0.012872264720499516	0.0001993943442357704	0.0018107326468452811	-0.005091661587357521	-0.03381538391113281	0.018265994265675545	0.005238525103777647	-0.07027837634086609	-0.25405311584472656	-0.0091038066893816	-0.13204488158226013
ENSMUSG00000120209	-0.10803068429231644	-0.22050966322422028	-0.026485972106456757	-0.05192337557673454	-0.0328693650662899	-0.07932398468255997	0.025736751034855843	-0.1055631935596466	-0.04727441817522049	-0.22943781316280365	-0.01883648708462715	-0.014530365355312824	-0.013789267279207706	-0.02652907930314541	0.04801816865801811	-0.24066951870918274	-0.16050326824188232	-0.27358344197273254	0.2254774421453476	-0.6104251742362976	-0.00779779814183712	-0.41069161891937256
ENSMUSG00000108703	0.03272777050733566	0.01715734787285328	-0.002695439849048853	0.028945159167051315	-0.01568346843123436	-0.005093371495604515	0.0332045778632164	-0.058382488787174225	0.012851624749600887	0.03252621367573738	-0.0027637756429612637	0.02981278859078884	0.009646547958254814	0.006586309056729078	-0.01234614010900259	-0.028236642479896545	0.0317142978310585	0.012175372801721096	0.10622268915176392	0.051819492131471634	0.013015500269830227	-0.033956050872802734
ENSMUSG00000020783	0.010147417895495892	0.017544254660606384	0.0001161173204309307	0.025359196588397026	-0.025404181331396103	0.006328726187348366	0.005636653862893581	0.2138603925704956	0.016563063487410545	0.013430798426270485	-0.01464367751032114	-0.023861151188611984	0.013391533866524696	0.01623258739709854	-0.02398495003581047	0.2970617711544037	0.01330002024769783	0.06425198912620544	0.0511569119989872	0.22452430427074432	-0.007807962130755186	0.4174230694770813
ENSMUSG00000108293	0.008002611808478832	0.034311626106500626	-0.0028402027674019337	0.004469154868274927	0.0032004632521420717	-0.0018711851444095373	-0.008564787916839123	-0.08673898875713348	-0.009921522811055183	0.03393428400158882	0.0022093532606959343	0.006654729135334492	-0.000794288469478488	0.004426474682986736	-0.003532261587679386	-0.03496186435222626	0.012946106493473053	0.007582019083201885	-0.07546848058700562	-0.056801579892635345	-0.009222605265676975	-0.06313451379537582
ENSMUSG00000040548	0.010888696648180485	0.020677270367741585	-0.0026080533862113953	0.017161550000309944	-0.021629752591252327	0.0037280628457665443	0.010959543287754059	0.24880915880203247	0.018695078790187836	0.014222132042050362	-0.01705731824040413	-0.02990294247865677	0.013796801678836346	0.014458551071584225	-0.02994447760283947	0.21998734772205353	0.011288846842944622	0.04000532627105713	0.06703454256057739	0.21894851326942444	-0.004506371449679136	0.37284091114997864
ENSMUSG00000007613	0.006640719715505838	0.010990305803716183	0.0009202738874591887	0.029620977118611336	-0.021801605820655823	0.002082209102809429	-0.0032311968971043825	0.2733718454837799	0.003379780100658536	0.01043978612869978	-0.005159917287528515	-0.026167653501033783	0.004713526461273432	0.017695069313049316	-0.006449214648455381	0.3493441045284271	0.011148872785270214	0.0793711245059967	0.0039075990207493305	0.31043702363967896	-0.00885745044797659	0.32276538014411926
ENSMUSG00000101157	-0.10803068429231644	-0.22050966322422028	-0.026485972106456757	-0.05192337557673454	-0.0328693650662899	-0.07932398468255997	0.025736751034855843	-0.1055631935596466	-0.04727441817522049	-0.22943781316280365	-0.01883648708462715	-0.014530365355312824	-0.013789267279207706	-0.02652907930314541	0.04801816865801811	-0.24066951870918274	-0.16050326824188232	-0.27358344197273254	0.2254774421453476	-0.6104251742362976	-0.00779779814183712	-0.41069161891937256
ENSMUSG00000020887	0.0079724146053195	0.020125942304730415	-0.006617680191993713	0.019493140280246735	-0.01260776724666357	0.00021550958626903594	0.035075217485427856	0.09598139673471451	0.018644947558641434	0.020301612094044685	-0.029510710388422012	-0.019252242520451546	0.01770583912730217	0.013447169214487076	-0.051738858222961426	0.01749475672841072	0.012646484188735485	0.043390557169914246	0.1425611823797226	0.22129487991333008	0.05069809406995773	0.13204054534435272
ENSMUSG00000109535	-0.10803068429231644	-0.22050966322422028	-0.026485972106456757	-0.05192337557673454	-0.0328693650662899	-0.07932398468255997	0.025736751034855843	-0.1055631935596466	-0.04727441817522049	-0.22943781316280365	-0.01883648708462715	-0.014530365355312824	-0.013789267279207706	-0.02652907930314541	0.04801816865801811	-0.24066951870918274	-0.16050326824188232	-0.27358344197273254	0.2254774421453476	-0.6104251742362976	-0.00779779814183712	-0.41069161891937256
ENSMUSG00000040550	0.004690197296440601	0.010462506674230099	0.0003991845587734133	0.029357856139540672	-0.016803506761789322	0.004526257980614901	0.011846590787172318	0.2672678232192993	0.006559750530868769	0.009466110728681087	-0.014079265296459198	-0.023914780467748642	0.01105260569602251	0.01630980148911476	-0.013249303214251995	0.34739115834236145	0.008608159609138966	0.0768570825457573	0.03662438318133354	0.33838775753974915	-0.007992665283381939	0.3215829133987427
ENSMUSG00000030708	0.02747330442070961	0.03474121540784836	0.006932052318006754	0.011673363856971264	-0.009216107428073883	0.0007102656527422369	0.006637226790189743	-0.006438988260924816	0.016848711296916008	0.039988480508327484	-0.013916127383708954	0.014194395393133163	0.007564161438494921	0.013643081299960613	-0.008277353830635548	-0.020647680386900902	0.03826868161559105	0.013739720918238163	0.10766685754060745	0.03125133365392685	0.005432359408587217	0.029281681403517723
ENSMUSG00000110441	0.02027251571416855	0.026899170130491257	0.006712204311043024	-0.005615596659481525	-0.002208087593317032	-0.0025296055246144533	-0.0033401749096810818	-0.06926614791154861	0.005167828872799873	0.017987841740250587	-0.002095830626785755	0.00886333268135786	0.003302791388705373	0.009615273214876652	0.004609764087945223	-0.0763106420636177	0.018280955031514168	0.03383442759513855	-0.03981209918856621	-0.1530294418334961	-0.006299291271716356	-0.12335725873708725
ENSMUSG00000059108	0.028535954654216766	0.030885877087712288	0.00842589233070612	-0.0007028121617622674	-0.01687423139810562	-0.002222517505288124	-0.0038112017791718245	-0.054451834410429	0.00934488233178854	0.053856320679187775	-0.02245846576988697	0.01314530149102211	0.00812544859945774	0.02733873575925827	0.005834266077727079	-0.03122326172888279	0.04108157753944397	0.05309154838323593	0.10693324357271194	0.08767524361610413	-0.007970180362462997	0.011927545070648193
ENSMUSG00000087108	0.020169280469417572	0.033947013318538666	0.002194564091041684	0.028632165864109993	-0.009285058826208115	-0.0035760016180574894	0.006436520256102085	-0.06468082964420319	0.009833095595240593	0.04316403716802597	-0.017097780480980873	0.0026632079388946295	0.0110133346170187	0.009496858343482018	0.0013961144722998142	-0.030215291306376457	0.021320678293704987	0.007324387319386005	0.11509363353252411	0.09671486914157867	-0.0004611185868270695	0.0016875357832759619
ENSMUSG00000096966	-0.03316304087638855	-0.00540967145934701	0.022021597251296043	-0.0120546268299222	0.002549897413700819	-0.0029793446883559227	-0.004012381192296743	-0.061313334852457047	-0.03161397576332092	-0.005574624054133892	0.005667395424097776	0.006270396523177624	-0.009700481779873371	0.013996001332998276	-0.001077444409020245	-0.0613555908203125	0.04638877511024475	-0.002255411120131612	0.03532085940241814	0.07892725616693497	-0.01440729945898056	-0.09958607703447342
ENSMUSG00000032842	0.011012593284249306	0.02364782802760601	0.002939942991361022	0.01779153384268284	-0.018204687163233757	0.006204503122717142	0.0063266330398619175	0.20979364216327667	0.016473228111863136	0.01647273823618889	-0.01820291578769684	-0.018091879785060883	0.006523001007735729	0.015986990183591843	-0.019894272089004517	0.2936703562736511	0.016797417774796486	0.04800670966506004	0.015375727787613869	0.2726404070854187	-0.007406036835163832	0.3336903750896454
ENSMUSG00000029644	0.0154506154358387	0.04293547570705414	0.010100618936121464	0.012294870801270008	-0.016961099579930305	0.005210666451603174	0.0024888732004910707	0.053971581161022186	0.017585236579179764	0.03840217739343643	-0.01798653043806553	-0.012592662125825882	-0.0009104537311941385	0.014984918758273125	-0.02432261034846306	0.12179265916347504	0.033845141530036926	0.040581513196229935	-0.020527491346001625	-0.029925636947155	0.0003097766893915832	0.059651829302310944
ENSMUSG00000003452	0.005672795232385397	0.023590294644236565	0.002262939466163516	0.024477433413267136	-0.02748790569603443	0.00467373663559556	0.0007106952252797782	0.23624247312545776	0.0076149748638272285	0.014867966063320637	-0.01581510715186596	-0.02361113950610161	0.00903930701315403	0.016108833253383636	-0.009342126548290253	0.33874157071113586	0.015221788547933102	0.07886114716529846	0.034844063222408295	0.29136115312576294	-0.008130814880132675	0.21066054701805115
ENSMUSG00000030861	0.008670893497765064	0.020127534866333008	0.0011070816544815898	0.020396379753947258	-0.017744190990924835	0.003644210984930396	-0.002381394151598215	0.2926884889602661	0.0074129486456513405	0.012383726425468922	-0.013578660786151886	-0.01758071593940258	0.006846269592642784	0.01685221865773201	-0.014782036654651165	0.32853400707244873	0.01123131439089775	0.060854144394397736	0.0031724264845252037	0.26762259006500244	-0.008319653570652008	0.4487324059009552
ENSMUSG00000112652	0.015346006490290165	0.015084931626915932	0.011801847256720066	0.0036031329073011875	-0.0051232315599918365	0.006584170274436474	0.0007796888239681721	-0.004484330769628286	0.023608610033988953	0.039150599390268326	-0.008334904909133911	0.006592912599444389	0.011916768737137318	0.013516675680875778	-0.017269376665353775	-3.989830656792037e-05	0.02650620974600315	0.04491952434182167	0.04951883852481842	0.42243096232414246	-0.0014690166572108865	0.08521463721990585
ENSMUSG00000104963	0.012269221246242523	0.008911843411624432	0.014055089093744755	0.007633360102772713	-0.010592466220259666	0.0030292475130409002	-0.011446663178503513	0.02166792005300522	0.013340502046048641	0.029284169897437096	0.014467822387814522	0.0115564139559865	-0.007481267675757408	0.02109122835099697	-0.0066246287897229195	0.03337567299604416	0.029666375368833542	0.029918037354946136	-0.00010819455928867683	0.03611843287944794	-0.008828986436128616	-0.03392674773931503
ENSMUSG00000085536	-0.020735137164592743	-0.01714104227721691	0.04218420013785362	-0.018793409690260887	0.003068186342716217	0.0006917736609466374	-0.0037792453076690435	-0.0939515009522438	-0.006434761919081211	0.02307247556746006	0.013290610164403915	0.011977791786193848	-0.022388357669115067	-0.02406233549118042	0.004078709054738283	-0.08723950386047363	-0.006201653275638819	-0.09381762146949768	-0.068901926279068	-0.19671563804149628	-0.00891503319144249	-0.13228292763233185
ENSMUSG00000054423	0.005755792371928692	0.022173242643475533	0.002865629503503442	0.01659640111029148	-0.011651813052594662	-0.0035898741334676743	-0.0037039881572127342	0.21100737154483795	0.003847941756248474	0.012792321853339672	-0.010574192740023136	-0.024292996153235435	0.00012662698281928897	0.01712936721742153	-0.016989074647426605	0.23866766691207886	0.015845075249671936	0.058905500918626785	-0.03751562908291817	0.2320830523967743	-0.007074752822518349	0.15947766602039337
ENSMUSG00000108217	0.005470124538987875	0.0029105970170348883	-0.0028674774803221226	0.026143738999962807	-0.0034462977200746536	-0.0027098620776087046	-0.0059377592988312244	-0.0796244814991951	0.0035058155190199614	0.03082404099404812	-0.004126087296754122	0.009493022225797176	0.005239878781139851	0.010803268291056156	0.005113192368298769	-0.08189791440963745	0.01107646431773901	0.04387747868895531	-0.03264031186699867	-0.0917118638753891	-0.006709001492708921	-0.04878219962120056
ENSMUSG00000108095	0.052825070917606354	0.02299943007528782	-0.0029585263691842556	0.01580171473324299	-0.013708380050957203	-0.00403237110003829	0.0018528312211856246	-0.09879930317401886	-0.00016387832874897867	0.04502061381936073	-0.02249591052532196	0.01685967482626438	0.012403564527630806	-0.013252122327685356	0.029516208916902542	-0.14320626854896545	0.029625801369547844	0.029373928904533386	0.15259794890880585	-0.03629221022129059	-0.01918114721775055	-0.05424463748931885
ENSMUSG00000091077	-0.005049529019743204	-0.067738838493824	0.09103813767433167	-0.01267874613404274	0.0353388749063015	0.006699464749544859	-0.06396079808473587	-0.17474481463432312	-0.01988300122320652	0.00848471000790596	-0.0020485795103013515	0.11184262484312057	-0.10631199926137924	-0.06535040587186813	0.1310986876487732	-0.4517049491405487	-0.04145223647356033	-0.1654323786497116	-0.06515127420425415	-0.230474054813385	-0.0786309689283371	-0.3222070634365082
ENSMUSG00000090176	-0.0007517109042964876	0.014967106282711029	-0.00446744728833437	0.02145344577729702	0.004843335133045912	0.0002628507500048727	-0.004597206600010395	-0.04917937144637108	-0.0061352550983428955	0.01997516304254532	0.004217928741127253	0.00975804403424263	-0.003817408112809062	0.017058322206139565	-0.0041625299490988255	-0.13225163519382477	-0.0030580766033381224	0.014969728887081146	-0.055253978818655014	-0.09986183047294617	-0.00011520824045874178	-0.0718298852443695
ENSMUSG00000104461	0.019305553287267685	0.023666588589549065	0.00841121282428503	0.025480730459094048	-0.009515478275716305	0.0022936740424484015	0.00039974390529096127	-0.050582610070705414	0.015090547502040863	0.03513171523809433	-0.020176352933049202	0.0002413070178590715	0.0061391182243824005	0.01310158520936966	-0.008591306395828724	0.022947050631046295	0.03475676104426384	0.0350608304142952	0.013926681131124496	0.07071083784103394	0.0013777397107332945	-0.023268334567546844
ENSMUSG00000030806	0.01409217994660139	0.030147595331072807	0.004921513609588146	0.011459540575742722	-0.0068004680797457695	0.006372308358550072	0.006505350582301617	0.08674979209899902	0.012238451279699802	0.028301125392317772	-0.01744708977639675	-0.011495070531964302	0.0053457049652934074	0.016217973083257675	-0.02287362329661846	0.08399055153131485	0.029226738959550858	0.05117934197187424	0.05318750813603401	0.04112112522125244	0.0006677777273580432	0.024763198569417
ENSMUSG00000099551	-0.10803068429231644	-0.22050966322422028	-0.026485972106456757	-0.05192337557673454	-0.0328693650662899	-0.07932398468255997	0.025736751034855843	-0.1055631935596466	-0.04727441817522049	-0.22943781316280365	-0.01883648708462715	-0.014530365355312824	-0.013789267279207706	-0.02652907930314541	0.04801816865801811	-0.24066951870918274	-0.16050326824188232	-0.27358344197273254	0.2254774421453476	-0.6104251742362976	-0.00779779814183712	-0.41069161891937256
ENSMUSG00000036769	-0.00951290875673294	-0.029134085401892662	0.002446545986458659	0.021159136667847633	0.014220412820577621	-0.006029276642948389	-0.011462555266916752	0.2936694622039795	-0.03277580440044403	0.0015403319848701358	0.002599946456030011	-0.011041443794965744	-0.02253902517259121	0.013867945410311222	0.01589891128242016	0.3420834243297577	0.019002411514520645	0.045509740710258484	0.002942373976111412	0.36005356907844543	-0.009964898228645325	0.17311860620975494
ENSMUSG00000110547	0.01874483749270439	0.022449465468525887	0.01348798256367445	0.015079227276146412	-0.006324579939246178	-0.0038400397170335054	-0.0027019656263291836	-0.03584631532430649	0.008044893853366375	0.04639628529548645	-0.006653977558016777	0.008539942093193531	0.003764802124351263	0.011682834476232529	0.0055922637693583965	-0.045484136790037155	0.038984887301921844	0.021840089932084084	0.082071952521801	0.15664751827716827	-0.007400261703878641	-0.029854824766516685
ENSMUSG00000030407	0.011299955658614635	0.024142764508724213	0.0017248163931071758	0.01986304670572281	-0.010346919298171997	0.0071214186027646065	0.006029267329722643	0.2710001468658447	0.01295890100300312	0.013980193994939327	-0.009089116007089615	-0.024086298421025276	0.007529370952397585	0.01654328592121601	-0.016170993447303772	0.3059350848197937	0.015875721350312233	0.056305181235075	0.026471571996808052	0.22350288927555084	-0.008678599260747433	0.330875426530838
ENSMUSG00000116737	0.010001900605857372	0.037426602095365524	0.0073565770871937275	0.015284636057913303	-0.008839169517159462	0.005539542529731989	0.007915491238236427	-0.014147274196147919	0.013704088516533375	0.026728786528110504	-0.007511944975703955	-0.0038747575599700212	0.001685105380602181	0.017578404396772385	-0.027560614049434662	0.08402226120233536	0.03109164722263813	0.03597049415111542	0.008675082586705685	0.13446754217147827	-0.0006648393464274704	0.11752773076295853
ENSMUSG00000046922	0.005677100270986557	0.012127636931836605	-0.0007675860542804003	0.01657566986978054	-0.0023436814080923796	0.0016588985454291105	-0.004329100251197815	0.058911897242069244	0.00361194577999413	0.03588832914829254	-0.05642004311084747	-0.008783545345067978	0.0034888247027993202	0.01587659865617752	-0.039635177701711655	0.060801196843385696	0.034572094678878784	0.04376048222184181	0.05651833862066269	0.057903651148080826	0.005494366865605116	0.04955660179257393
ENSMUSG00000027230	0.012271888554096222	0.01799653097987175	1.9206701836083084e-05	0.018579130992293358	-0.019478047266602516	0.0020396383479237556	0.008617493323981762	0.2088172882795334	0.01601932756602764	0.016602259129285812	-0.025500042364001274	-0.020149825140833855	0.007794803939759731	0.016180310398340225	-0.03242264688014984	0.26399412751197815	0.020643780007958412	0.045578569173812866	0.032168589532375336	0.08658276498317719	-0.004867215640842915	0.14148032665252686
ENSMUSG00000075175	-0.005394408013671637	-0.0032046055421233177	-0.005098128691315651	0.00691576860845089	0.004840651992708445	-0.004948805086314678	-0.012238876894116402	-0.09850191324949265	-0.01277148723602295	-0.003231934504583478	0.00044917609193362296	0.010004227049648762	0.005373312160372734	-0.013548209331929684	0.0014010618906468153	-0.09207967668771744	0.006461212411522865	-0.0035158032551407814	-0.03777073323726654	-0.17528383433818817	-0.008129940368235111	-0.07480624318122864
ENSMUSG00000041774	0.020356163382530212	0.025200368836522102	0.0009154662257060409	0.0016090171411633492	-0.008776468224823475	-0.0006361886626109481	0.013333591632544994	0.015210970304906368	0.019578339532017708	0.0384947694838047	-0.017823316156864166	-0.012554316781461239	0.009796082973480225	0.011567498557269573	-0.01960320770740509	-0.029329918324947357	0.03092360496520996	0.015000441111624241	0.13039050996303558	0.19352120161056519	0.025203509256243706	0.09103250503540039
ENSMUSG00000102095	0.028048168867826462	0.008891111239790916	-0.0030816197395324707	0.018035031855106354	-0.004128624685108662	-0.004534384235739708	-0.0029870655853301287	-0.05618836730718613	0.004287568386644125	0.011588710360229015	-0.003021501936018467	0.009247361682355404	0.009723890572786331	0.012412279844284058	0.014802256599068642	-0.051840800791978836	0.017518313601613045	0.02126212790608406	-0.023206384852528572	-0.23432780802249908	-0.006243512034416199	-0.11214026808738708
ENSMUSG00000075590	0.011165786534547806	0.02626314014196396	0.0015095806447789073	0.018755314871668816	-0.018868278712034225	0.006960232742130756	0.012657459825277328	0.12421495467424393	0.02154477685689926	0.025331242009997368	-0.023358406499028206	-0.015787946060299873	0.005218916106969118	0.014569127932190895	-0.028783418238162994	0.15248453617095947	0.028161941096186638	0.04278538376092911	0.03661414235830307	0.20131942629814148	0.004599912092089653	0.09827018529176712
ENSMUSG00000117817	0.00029649867792613804	0.022652244195342064	-0.003041729098185897	0.009531563147902489	-0.00023072051408234984	0.002638717880472541	-0.009199472144246101	0.017490942031145096	-0.006895514205098152	0.025765707716345787	0.004862172994762659	-0.01007821038365364	0.0020644597243517637	0.014080437831580639	-0.01382433157414198	0.009949348866939545	0.029304223135113716	0.04013839736580849	-0.05361955612897873	-0.02222084440290928	-0.005615669302642345	0.016103243455290794
ENSMUSG00000086418	0.03468836843967438	0.03692701458930969	0.014799892902374268	0.01567104645073414	-0.009911591187119484	-0.0014199912548065186	-0.0002813849423546344	-0.043204933404922485	0.01149875670671463	0.029584763571619987	-0.010898382402956486	0.00609713327139616	0.010121800005435944	0.020752329379320145	0.005650041624903679	-0.01917026937007904	0.014542553573846817	0.03693075478076935	0.07576145976781845	0.025782857090234756	-0.0033610407263040543	-0.031085118651390076
ENSMUSG00000036185	0.020622458308935165	0.03193114697933197	0.01571071706712246	0.017284411936998367	-0.012663593515753746	0.0023593914229422808	0.014275755733251572	0.001312522916123271	0.03950018435716629	0.023060867562890053	-0.01801346242427826	-0.019396429881453514	-0.004290986806154251	0.014417538419365883	0.0027954524848610163	0.07562489807605743	0.05524356663227081	0.03955749049782753	0.0017653580289334059	0.15254412591457367	0.004113784525543451	0.06959156692028046
ENSMUSG00000015357	0.007872156798839569	0.024395622313022614	0.0009933332912623882	0.029028287157416344	-0.023431362584233284	0.006615630816668272	-0.0001684527233010158	0.26694872975349426	0.012977034784853458	0.01124320738017559	-0.006878373213112354	-0.01930549181997776	0.01378007885068655	0.012436670251190662	-0.012415923178195953	0.31113341450691223	0.00583018409088254	0.06320291757583618	0.029294542968273163	0.44430238008499146	-0.0072622173465788364	0.4086470901966095
ENSMUSG00000100428	-0.10803068429231644	-0.22050966322422028	-0.026485972106456757	-0.05192337557673454	-0.0328693650662899	-0.07932398468255997	0.025736751034855843	-0.1055631935596466	-0.04727441817522049	-0.22943781316280365	-0.01883648708462715	-0.014530365355312824	-0.013789267279207706	-0.02652907930314541	0.04801816865801811	-0.24066951870918274	-0.16050326824188232	-0.27358344197273254	0.2254774421453476	-0.6104251742362976	-0.00779779814183712	-0.41069161891937256
ENSMUSG00000030499	0.006063887383788824	0.015822844579815865	-0.009827233850955963	0.03251023218035698	-0.009251329116523266	0.00793552678078413	0.03474899381399155	0.2391260862350464	0.017179541289806366	0.008508655242621899	-0.009607971645891666	-0.028115546330809593	0.0212398711591959	0.008393709547817707	-0.03714022785425186	0.26994767785072327	-0.011458639986813068	0.06863675266504288	0.04912003129720688	0.5328244566917419	0.011578087694942951	0.3903566598892212
ENSMUSG00000070821	0.01581697165966034	0.03714282438158989	0.007852919399738312	0.012878932058811188	-0.006243437062948942	-0.0011288401437923312	-0.006676988210529089	-0.06441551446914673	0.008761545643210411	0.02706247568130493	-0.003967491909861565	-0.00130526814609766	0.0036431578919291496	0.0077596320770680904	-0.0010453715221956372	-0.02768358774483204	0.02986069768667221	0.011534538120031357	-0.023340174928307533	0.018704749643802643	-0.005942240357398987	-0.0295025035738945
ENSMUSG00000100693	-0.10803068429231644	-0.22050966322422028	-0.026485972106456757	-0.05192337557673454	-0.0328693650662899	-0.07932398468255997	0.025736751034855843	-0.1055631935596466	-0.04727441817522049	-0.22943781316280365	-0.01883648708462715	-0.014530365355312824	-0.013789267279207706	-0.02652907930314541	0.04801816865801811	-0.24066951870918274	-0.16050326824188232	-0.27358344197273254	0.2254774421453476	-0.6104251742362976	-0.00779779814183712	-0.41069161891937256
ENSMUSG00000048621	-0.03731103241443634	-0.06069464981555939	0.007391548715531826	-0.022063536569476128	0.005521775688976049	-0.0017068944871425629	-0.016443658620119095	-0.11922897398471832	-0.02648198790848255	-0.03134430944919586	0.006525769364088774	0.009167153388261795	0.006693699397146702	-0.010596360079944134	-0.0038357051089406013	-0.14911192655563354	-0.02971828728914261	-0.059122610837221146	-0.05120236426591873	-0.22732004523277283	-0.02230805717408657	-0.11711244285106659
ENSMUSG00000075161	-0.019461615011096	-0.032938651740550995	-0.00848953053355217	-0.09054135531187057	-0.005712008103728294	-0.0057218545116484165	-0.022473834455013275	-0.1023038774728775	-0.008344154804944992	-0.011724714189767838	-0.003949318081140518	0.00628600874915719	-0.004599942360073328	0.0134257972240448	0.03459857404232025	-0.3169640004634857	0.00019687128951773047	-0.034001875668764114	-0.02814500965178013	-0.00858567375689745	-0.015041695907711983	-0.02246098220348358
ENSMUSG00000062157	0.012387556955218315	0.030277829617261887	0.00580186489969492	-0.0020183029118925333	-0.014531780034303665	0.004271852318197489	0.006247198209166527	0.15160222351551056	0.016990335658192635	0.014011177234351635	-0.013831336051225662	-0.026815518736839294	0.004728964064270258	0.014452147297561169	-0.027335118502378464	0.21558114886283875	0.02560006082057953	0.061683956533670425	0.006768956780433655	0.08396083116531372	-0.0060203345492482185	0.10840609669685364
ENSMUSG00000030732	0.014521021395921707	0.04554225876927376	0.011354267597198486	0.012807813473045826	-0.003294717287644744	0.004123046062886715	-0.002448030048981309	0.03905976936221123	0.014433148317039013	0.0434805303812027	-0.011265536770224571	-0.003811286296695471	0.0007938574417494237	0.01958569325506687	-0.016712360084056854	-0.02712324447929859	0.0361621230840683	0.0674673542380333	-0.02803736925125122	0.0032563216518610716	-0.004876546561717987	0.03318031504750252
ENSMUSG00000085430	0.005581679288297892	-0.0014568859478458762	0.003207847708836198	0.022697387263178825	-0.014619993977248669	-0.002226731041446328	0.007147571537643671	0.12136486172676086	0.01095672883093357	0.01050909236073494	-0.005770126357674599	-0.0023128576576709747	0.0015902657760307193	0.016554072499275208	-0.023785559460520744	0.21651436388492584	0.01941795088350773	0.05233817920088768	-0.006815408356487751	0.20061875879764557	-0.008316542953252792	0.05717070400714874
ENSMUSG00000024235	0.007882872596383095	0.0047188615426421165	0.003091085236519575	0.018971331417560577	-0.01961706392467022	0.0037654759362339973	-0.00801045261323452	0.19783884286880493	0.012604724615812302	0.014689032919704914	-0.017512766644358635	-0.01300550252199173	-0.002482878975570202	0.02010059915482998	-0.024098044261336327	0.28205570578575134	0.02037055417895317	0.04857410490512848	-0.08705618232488632	0.0080854631960392	-0.004279391840100288	0.05313791334629059
ENSMUSG00000022350	0.01098413672298193	0.006921947002410889	-0.003987837582826614	0.02065836451947689	-0.025455491617321968	0.011938709765672684	0.00529680447652936	0.2694495916366577	0.022185541689395905	0.012821083888411522	-0.005988657474517822	-0.01600947231054306	0.0241341944783926	0.007517904508858919	-0.03269093856215477	0.31068333983421326	-0.006751469802111387	0.08112913370132446	0.04990570992231369	0.46947234869003296	-0.005979426670819521	0.34635573625564575
ENSMUSG00000120086	0.0076746148988604546	0.013661801815032959	0.007477238774299622	0.02861011028289795	-0.02104153111577034	0.005210954695940018	0.03884280472993851	0.2619520127773285	0.012801026925444603	0.0099783381447196	-0.010433466173708439	-0.02756182663142681	0.012724518775939941	0.011921375058591366	-0.02860422059893608	0.25008833408355713	0.0074585797265172005	0.050553999841213226	0.0679197832942009	0.25280070304870605	0.008974602445960045	0.2860042452812195
ENSMUSG00000094237	0.03237076848745346	0.01964796707034111	0.0020625311881303787	0.023121315985918045	-0.006171693094074726	-0.002718950156122446	-0.0037916593719273806	-0.06930392235517502	0.008051669225096703	0.07419773191213608	-0.0005852790200151503	0.006768327206373215	0.010277463123202324	0.0165320485830307	0.009774862788617611	-0.029868578538298607	0.014035791158676147	0.056343235075473785	-0.023112032562494278	-0.12146831303834915	-0.006588569842278957	-0.07534735649824142
ENSMUSG00000089879	0.01672661118209362	0.03469240665435791	0.01236134022474289	0.013261082582175732	-0.003924903459846973	-0.0025066996458917856	-0.007220332510769367	-0.09667280316352844	0.012883652001619339	0.05384814366698265	0.004033599980175495	0.004118284210562706	-0.0022189931478351355	0.01590690203011036	-0.004033101722598076	0.033274948596954346	0.02289940044283867	0.04359995201230049	-0.03158387541770935	-0.019291896373033524	-0.006902577821165323	-0.049564339220523834
ENSMUSG00000098552	0.01042245700955391	0.017092350870370865	-0.0003692044410854578	0.016718905419111252	-0.013015201315283775	0.0009079536539502442	0.028894932940602303	0.130772203207016	0.01112836692482233	0.02464274875819683	-0.014464816078543663	-0.024688513949513435	0.009019278921186924	0.014288545586168766	-0.027851514518260956	0.07176638394594193	0.012986238114535809	-0.0021287992130964994	0.04427773877978325	0.17402388155460358	0.013832255266606808	0.13962018489837646
ENSMUSG00000086969	0.011194372549653053	0.03501255810260773	0.010315734893083572	0.00697680190205574	-0.004147240426391363	0.00149535050150007	-0.0037829596549272537	-0.05390941724181175	0.0117997070774436	0.016564104706048965	-0.017703263089060783	0.0014317717868834734	0.0009086355566978455	0.011727724224328995	-0.013653266243636608	-0.02141364850103855	0.03881091997027397	0.03230646252632141	0.024758202955126762	0.07761799544095993	-0.0064667765982449055	-0.015782516449689865
ENSMUSG00000000411	0.015844035893678665	0.0362638421356678	-0.0006227866979315877	0.014764733612537384	-0.005120998248457909	0.006385061889886856	-0.003324404126033187	0.10268375277519226	0.024184217676520348	0.022815514355897903	-0.002595060272142291	-0.008454332128167152	0.0017875151243060827	0.017653264105319977	-0.023208148777484894	0.15954162180423737	0.02361365035176277	0.06267230212688446	0.05411972105503082	0.18584832549095154	-0.003937291447073221	0.14513914287090302
ENSMUSG00000067951	0.009874353185296059	0.00019134441390633583	-0.004276747349649668	-0.008322956040501595	-0.0034996732138097286	-0.004970472306013107	-0.01068873517215252	-0.07126467674970627	-0.007072833366692066	0.0211464986205101	0.0023128266911953688	0.009749183431267738	-0.00021056542755104601	0.007036606781184673	-0.013387980870902538	-0.14538325369358063	-0.007477952633053064	-0.16629058122634888	-0.042674217373132706	-0.14148303866386414	-0.008041542023420334	-0.07943961769342422
ENSMUSG00000020696	0.009803514927625656	0.030699875205755234	-0.0024023083969950676	0.01161249727010727	-0.0165157001465559	0.00777043029665947	0.009779064916074276	0.21650323271751404	0.01894586719572544	0.017722221091389656	-0.010544013231992722	-0.026234908029437065	0.010041305795311928	0.011579188518226147	-0.028668787330389023	0.26627272367477417	0.006353067699819803	0.03805321082472801	0.06319558620452881	0.35496729612350464	-0.0037775819655507803	0.3541002571582794
ENSMUSG00000111658	0.01224421989172697	0.031130194664001465	-3.354108048370108e-05	0.021418049931526184	-0.010240098461508751	0.009756376035511494	0.011266330257058144	0.00605476601049304	0.02450213022530079	0.02561173029243946	-0.005126067437231541	-0.012949210591614246	0.022767890244722366	0.011326419189572334	-0.03274938836693764	0.13064545392990112	0.0055410247296094894	0.03681236132979393	0.06881246715784073	0.586453914642334	0.009899917989969254	0.11769447475671768
ENSMUSG00000024900	0.009653507731854916	0.029923496767878532	0.0031234908383339643	0.02019602060317993	-0.013643603771924973	0.0071334526874125	0.013718935661017895	0.2212989777326584	0.02101173624396324	0.014823048375546932	-0.009661726653575897	-0.013957642018795013	0.006216136738657951	0.01291614305227995	-0.03082541935145855	0.1834075003862381	0.012500983662903309	0.059157952666282654	0.017490901052951813	0.4255646765232086	-0.007159375119954348	0.21919241547584534
ENSMUSG00000057672	0.011040330864489079	0.026574047282338142	0.0005216659628786147	0.010460705496370792	-0.019878819584846497	0.008150576613843441	0.00779108889400959	0.20073291659355164	0.018196720629930496	0.013800766319036484	-0.021780380979180336	-0.028008949011564255	0.008139370940625668	0.01595037803053856	-0.03229798376560211	0.27439987659454346	0.019786465913057327	0.058313630521297455	0.05398787930607796	0.21002185344696045	-0.005500078666955233	0.20214883983135223
ENSMUSG00000042675	0.012293022125959396	0.013140554539859295	-0.002956253942102194	0.011676978319883347	-0.018939588218927383	0.005915048532187939	0.021767400205135345	0.17880994081497192	0.02246583066880703	0.012930021621286869	-0.0030299550853669643	-0.02058226615190506	0.018443118780851364	0.013386739417910576	-0.010732843540608883	0.2119441032409668	0.01469146367162466	0.05064383149147034	0.052686549723148346	0.22599409520626068	0.012287220917642117	0.2761897146701813
ENSMUSG00000111910	0.03038298897445202	0.014595040120184422	0.002329044509679079	-0.06255718320608139	-0.008880998939275742	-0.003494011238217354	-0.006387231405824423	-0.15330125391483307	0.006108216010034084	0.0029297610744833946	-0.003777181264013052	0.011082977056503296	0.010651514865458012	0.012636102735996246	0.0016741747967898846	-0.08751604706048965	-6.665674300165847e-05	-0.08448032289743423	-0.05590641498565674	-0.06293773651123047	-0.013963516801595688	-0.04868330806493759
ENSMUSG00000086783	0.02782590128481388	0.02349095791578293	0.010271809063851833	0.019044555723667145	-0.0040018255822360516	-0.00025732244830578566	-0.0018368480959907174	-0.03363059461116791	0.019242767244577408	0.059113889932632446	-0.012358072213828564	0.00797947309911251	0.002611776813864708	-0.0007026143139228225	-0.007726506795734167	-0.013684459030628204	0.04310125857591629	0.03827710822224617	-0.017168782651424408	-0.08996644616127014	-0.0006347775924950838	-0.0292501263320446
ENSMUSG00000085303	0.008806463330984116	0.01811024360358715	0.0012885708129033446	0.012295085936784744	-0.020771032199263573	0.00775407487526536	0.012637162581086159	0.20782648026943207	0.013246596790850163	0.014382269233465195	-0.02152355946600437	-0.026670251041650772	0.008070643991231918	0.015437142923474312	-0.02238243632018566	0.25793159008026123	0.013997613452374935	0.048042796552181244	0.02417546510696411	0.27214014530181885	-0.005958918482065201	0.20501816272735596
ENSMUSG00000066272	0.011290219612419605	0.012842357158660889	-0.0026540684048086405	0.011582492850720882	0.003814315889030695	-0.0015194891020655632	-0.004663785919547081	-0.08579901605844498	0.004313039127737284	0.030481625348329544	-0.002904402557760477	0.01100103184580803	0.017502348870038986	-0.002524680458009243	0.02689169906079769	-0.07902505993843079	0.010822810232639313	0.013551313430070877	-0.01247346866875887	-0.10305336117744446	-0.00845906138420105	-0.09855180978775024
ENSMUSG00000089812	-0.00787285901606083	0.006030917167663574	-0.005864879582077265	0.018109150230884552	-0.01725306175649166	-0.00017774756997823715	0.010615408420562744	0.15582020580768585	0.0202617384493351	0.0177682563662529	-0.006129661574959755	-0.033359721302986145	0.023204781115055084	0.016329128295183182	-0.05427442863583565	0.15014447271823883	0.016336064785718918	0.06417403370141983	0.07702971249818802	0.14796152710914612	0.009886860847473145	0.1814975142478943
ENSMUSG00000029410	0.02921830490231514	0.03341354429721832	0.008849370293319225	0.024264013394713402	-0.007795651443302631	-0.0033620705362409353	-0.00266509922221303	-0.04535206779837608	0.008770949207246304	0.0632237046957016	-0.014988151378929615	0.007979857735335827	0.0025782978627830744	0.0012023522285744548	0.003728737821802497	-0.054018277674913406	0.03865678235888481	0.038136400282382965	0.02753816545009613	0.020192688331007957	-0.006129298359155655	-0.012463743798434734
ENSMUSG00000053117	0.01697780191898346	0.016296036541461945	0.0032624562736600637	0.0010018006432801485	-0.002325679874047637	0.0003112549311481416	-0.004923294298350811	-0.04916800186038017	0.008013744838535786	0.02639799192547798	-0.006447986233979464	0.0055108703672885895	8.720951882423833e-05	0.009847058914601803	-0.007952938787639141	-0.025376539677381516	0.01447684969753027	0.01833835244178772	-0.0331142395734787	-0.13260024785995483	-0.005119129549711943	0.01177278533577919
ENSMUSG00000087084	0.014346960932016373	0.043374739587306976	0.01737312041223049	0.0076146661303937435	-0.00328693725168705	-0.0023345197550952435	-0.00038649755879305303	-0.017595918849110603	0.014886409975588322	0.06132855266332626	-0.011669371277093887	0.0006149604450911283	-0.0025443253107368946	0.016692450270056725	-0.009992902167141438	-0.059112463146448135	0.03345108404755592	0.05074634402990341	-0.031195765361189842	-0.07365752011537552	-0.002946679014712572	-0.019195472821593285
ENSMUSG00000031660	0.010203447192907333	0.022376475855708122	0.0006045058253221214	0.020310621708631516	-0.02721654437482357	0.006129323039203882	0.007616988383233547	0.23720493912696838	0.014676162041723728	0.012373297475278378	-0.018523886799812317	-0.027793005108833313	0.00826043076813221	0.015644535422325134	-0.024054478853940964	0.30524787306785583	0.01215364784002304	0.06619880348443985	0.05253968760371208	0.2813141942024231	-0.007687751669436693	0.38275912404060364
ENSMUSG00000037390	0.007735708262771368	0.03885802626609802	0.00430632196366787	0.019631747156381607	0.001456212718039751	0.0005947791505604982	-0.003032547188922763	-0.06571105122566223	0.001434628269635141	0.03653321415185928	-8.396528573939577e-05	0.0069616734981536865	0.002432960318401456	0.0075263832695782185	-0.002211000071838498	-0.047452669590711594	0.027582239359617233	0.046146493405103683	-0.04487678036093712	-0.10607705265283585	-0.00758625753223896	-0.027334365993738174
ENSMUSG00000025193	0.008904888294637203	0.012861221097409725	8.97668651305139e-05	0.02649247646331787	-0.02369808591902256	0.011326799169182777	-0.008874502964317799	0.2889820337295532	0.005622267723083496	0.010441815480589867	-0.008216396905481815	-0.018148599192500114	0.015096902847290039	0.013419713824987411	-0.008100957609713078	0.3319692313671112	0.006501476746052504	0.060950178653001785	0.01571381837129593	0.45150986313819885	-0.008412012830376625	0.35099661350250244
ENSMUSG00000032718	0.009154452942311764	0.021106529980897903	0.0013363229809328914	0.022674093022942543	-0.011211587116122246	0.004739867057651281	0.008728042244911194	0.1874472051858902	0.011064925231039524	0.01882266439497471	-0.019013457000255585	-0.028690263628959656	0.007120515685528517	0.01751246303319931	-0.027632808312773705	0.2954256236553192	0.019077181816101074	0.04222842678427696	0.04067576304078102	0.13438205420970917	-0.006258863024413586	0.14814728498458862
ENSMUSG00000018599	-0.10803068429231644	-0.22050966322422028	-0.026485972106456757	-0.05192337557673454	-0.0328693650662899	-0.07932398468255997	0.025736751034855843	-0.1055631935596466	-0.04727441817522049	-0.22943781316280365	-0.01883648708462715	-0.014530365355312824	-0.013789267279207706	-0.02652907930314541	0.04801816865801811	-0.24066951870918274	-0.16050326824188232	-0.27358344197273254	0.2254774421453476	-0.6104251742362976	-0.00779779814183712	-0.41069161891937256
ENSMUSG00000109647	-0.0014876164495944977	0.04834720119833946	0.005778862163424492	0.0289092306047678	-0.009662223048508167	-0.00555358687415719	0.005921755451709032	-0.018016668036580086	0.0181975569576025	0.04956274852156639	-0.008392365649342537	-0.0036377357318997383	0.00745763536542654	0.014240030199289322	-0.00991787388920784	0.0252878088504076	0.04248259589076042	0.038225650787353516	0.09313357621431351	0.10323208570480347	0.007632123772054911	0.003674542997032404
ENSMUSG00000050808	-0.10803068429231644	-0.22050966322422028	-0.026485972106456757	-0.05192337557673454	-0.0328693650662899	-0.07932398468255997	0.025736751034855843	-0.1055631935596466	-0.04727441817522049	-0.22943781316280365	-0.01883648708462715	-0.014530365355312824	-0.013789267279207706	-0.02652907930314541	0.04801816865801811	-0.24066951870918274	-0.16050326824188232	-0.27358344197273254	0.2254774421453476	-0.6104251742362976	-0.00779779814183712	-0.41069161891937256
ENSMUSG00000034647	0.009043600410223007	0.02952343411743641	-0.0010229552863165736	0.01540645956993103	-0.024038510397076607	0.0075379288755357265	0.007016773335635662	0.27479037642478943	0.016242118552327156	0.01285602431744337	-0.009974810294806957	-0.023137662559747696	0.017667479813098907	0.010641921311616898	-0.022317910566926003	0.32468074560165405	0.004735440947115421	0.06573548167943954	0.02592533640563488	0.49269556999206543	-0.007061041425913572	0.362085223197937
ENSMUSG00000025220	0.007225680164992809	0.014904485084116459	-0.009788746014237404	0.03521616756916046	-0.024537131190299988	0.009267611429095268	0.02620454877614975	0.28607508540153503	0.021289236843585968	0.009962989948689938	-0.008044018410146236	-0.02658185176551342	0.023975320160388947	0.006920763291418552	-0.024462666362524033	0.29488417506217957	-0.009730618447065353	0.07923542708158493	0.06481213122606277	0.4845695495605469	0.002415221417322755	0.5383496284484863
ENSMUSG00000103920	0.013851208612322807	-0.028059743344783783	-0.0025952167343348265	-0.016778845340013504	0.001905151759274304	-0.00015531873214058578	-0.003719109343364835	-0.10654684156179428	-0.009312606416642666	0.013352916575968266	0.0016561932861804962	0.012311129830777645	0.0026802667416632175	-0.002717440016567707	0.008251362480223179	-0.12605752050876617	-0.017163867130875587	-0.01674558036029339	-0.03962285444140434	-0.12932802736759186	-0.007300561293959618	-0.06684838980436325
ENSMUSG00000007379	0.009417564608156681	0.023125262930989265	-0.005514425691217184	0.014962195418775082	-0.02165870927274227	0.00958347413688898	0.018020974472165108	0.20371969044208527	0.022196980193257332	0.014890327118337154	-0.014692609198391438	-0.02675357647240162	0.019180960953235626	0.010725770145654678	-0.03212396055459976	0.23118680715560913	0.005338600836694241	0.054848942905664444	0.08420459926128387	0.3916216194629669	0.004307957366108894	0.3149929940700531
ENSMUSG00000057195	0.009778475388884544	0.018818248063325882	-0.0019711265340447426	0.016072429716587067	0.0023717302829027176	-0.003481420688331127	-0.008366050198674202	-0.07719773054122925	-0.003394725965335965	0.029293851926922798	-0.006597683299332857	0.005394509062170982	-0.002591155469417572	-0.0008474913192912936	0.0020086728036403656	-0.06053167209029198	0.029411373659968376	0.013040811754763126	-0.04955346882343292	-0.05099222809076309	-0.006699195597320795	-0.08055689930915833
ENSMUSG00000107230	0.009131613187491894	0.021886298432946205	0.0020247434731572866	0.019665028899908066	-0.024647898972034454	0.005563139915466309	-0.0014751978451386094	0.27883002161979675	0.014534521847963333	0.01259372103959322	-0.013287321664392948	-0.023553429171442986	0.01187120284885168	0.015645677223801613	-0.02258973754942417	0.3274995684623718	0.013792979530990124	0.06644325703382492	0.01627492718398571	0.2760668098926544	-0.008120512589812279	0.36726248264312744
ENSMUSG00000121480	0.015604119747877121	0.013754662126302719	0.008272984065115452	0.005653247237205505	-0.010957722552120686	0.005792184267193079	0.004218888469040394	-0.004215449560433626	0.0009746428113430738	0.03984285145998001	-0.01589863747358322	-0.006200715433806181	0.011292194947600365	0.013531488366425037	-0.016810286790132523	0.04224803298711777	0.025697845965623856	0.030039139091968536	0.1190149188041687	0.17875216901302338	-0.0007545952685177326	0.124362051486969
ENSMUSG00000065979	0.005208155140280724	0.009487194009125233	0.0037462618201971054	0.02508757822215557	-0.009292008355259895	0.008518197573721409	0.005176893901079893	0.23912173509597778	0.007588530890643597	0.013295911252498627	-0.006709171924740076	-0.024178801104426384	0.00036867547896690667	0.02065468393266201	-0.02091054990887642	0.31890326738357544	0.015998510643839836	0.057583559304475784	-0.05774569883942604	0.2913634777069092	-0.005766197573393583	0.2563495635986328
ENSMUSG00000037095	0.03520073741674423	0.03150154650211334	-0.006083185784518719	0.028284931555390358	-0.0018582005286589265	-0.0020398772321641445	-0.007871132344007492	-0.06702522933483124	0.016704309731721878	0.042177215218544006	-0.03831014037132263	0.018860595300793648	-0.0016981277149170637	-0.009717700071632862	-0.01856840029358864	-0.024057041853666306	0.03339265659451485	0.019268903881311417	0.046389687806367874	0.0292416550219059	0.012258728966116905	0.007269289344549179
ENSMUSG00000031613	0.0068840146996080875	0.0213834960013628	0.0005350554129108787	0.014300946146249771	-0.022140517830848694	0.004588501062244177	-0.007446054834872484	0.1422845721244812	0.004977435804903507	0.022066952660679817	-0.0165999848395586	-0.025519561022520065	-0.001358225243166089	0.01807892508804798	-0.007126668002456427	0.22435255348682404	0.010531485080718994	0.033277299255132675	0.03641122207045555	0.29844677448272705	-0.005203866399824619	0.05105676129460335
ENSMUSG00000020814	0.01051377970725298	0.017955316230654716	0.0008148361812345684	0.013406454585492611	-0.013569268397986889	0.00608917698264122	0.011666175909340382	0.18280689418315887	0.0162618737667799	0.011965205892920494	-0.01822073943912983	-0.02403128705918789	0.00887989904731512	0.01661328598856926	-0.03156339377164841	0.22577428817749023	0.01933135837316513	0.04259996488690376	0.027882609516382217	0.1729232370853424	-0.003001849167048931	0.14991436898708344
ENSMUSG00000075591	0.015117342583835125	0.04704262316226959	0.005133034195750952	0.01424023974686861	-0.006270496640354395	0.00150006462354213	-0.0022694540675729513	-0.04920496791601181	0.00399189256131649	0.044809311628341675	-0.007927797734737396	0.00854919757694006	0.0018160166218876839	0.015246451832354069	-0.0056958384811878204	0.019190849736332893	0.031605783849954605	0.029551727697253227	-0.004939102567732334	-0.0036065964959561825	-0.004638679325580597	-0.01949663646519184
ENSMUSG00000121809	0.02573246881365776	0.01379363052546978	0.008869318291544914	0.022910915315151215	-0.00983547605574131	-0.0029677865095436573	0.0007119424408301711	-0.07554460316896439	0.011458056978881359	0.041116323322057724	-0.0121782710775733	0.00896112434566021	0.0055131735280156136	0.0027719319332391024	0.0038567855954170227	-0.04031718149781227	0.04007559269666672	0.025169741362333298	0.05613198131322861	0.035781703889369965	-0.009854322299361229	-0.012177065946161747
ENSMUSG00000086386	0.020803846418857574	0.03610284999012947	0.009868014603853226	-0.0038627067115157843	-0.004453417379409075	-0.0028794677928090096	-0.0032096400391310453	-0.05834164097905159	0.0088087422773242	0.04277372360229492	-0.0030228346586227417	0.011817749589681625	0.003970795776695013	0.010706190019845963	0.00014925870345905423	-0.020799169316887856	0.0355459526181221	0.027616746723651886	-0.010972781106829643	-0.0954098328948021	-0.007074059918522835	-0.04472927004098892
ENSMUSG00000113149	0.004402040969580412	0.007009402383118868	-0.01256253756582737	0.022489970549941063	-0.019365428015589714	0.0019166955025866628	0.035510603338479996	0.2829795777797699	0.014794652350246906	0.005712612997740507	-0.01881362497806549	-0.042669638991355896	0.02047434262931347	0.01180354692041874	-0.04236017167568207	0.3097277283668518	-0.002288579475134611	0.07225983589887619	0.08873449265956879	0.27484411001205444	0.021486084908246994	0.3597133159637451
ENSMUSG00000036744	0.0036468920297920704	0.045636650174856186	0.0004027674731332809	0.024400653317570686	-0.0037902446929365396	0.001977137988433242	-0.012538660317659378	-0.07771001011133194	0.006027014926075935	0.05542935058474541	0.0041412669233977795	0.009334699250757694	0.00046548928366973996	-0.0022596342023462057	-0.002556934952735901	-0.025212857872247696	0.005732085555791855	-0.007494641467928886	-0.019911345094442368	-0.04411500319838524	-0.00583405839279294	-0.04604453966021538
ENSMUSG00000113179	0.004867430776357651	0.021091852337121964	0.004796891938894987	0.024008961394429207	0.0049283187836408615	-0.002666025422513485	-0.0011552919168025255	-0.04720054194331169	-0.007314940914511681	0.01380202453583479	0.005061584524810314	0.01080971397459507	0.000944409694056958	-0.006088409572839737	0.006803849712014198	-0.1284860521554947	-0.006187459919601679	-0.015443574637174606	-0.05627966299653053	-0.10701397806406021	-0.0033292241860181093	-0.05163738876581192
ENSMUSG00000051067	0.012951340526342392	0.033433008939027786	0.0026799568440765142	0.015468264929950237	-0.01768007129430771	0.0011608317727223039	0.007834082469344139	0.1225215271115303	0.019191883504390717	0.02403918467462063	-0.02437155321240425	-0.012907380238175392	0.005461184773594141	0.016438541933894157	-0.02921443246304989	0.21359950304031372	0.027918251231312752	0.04667755216360092	0.030441880226135254	0.05054337903857231	0.0002979719138238579	0.10391930490732193
ENSMUSG00000106261	0.009544781409204006	0.025112371891736984	0.004058250226080418	0.012421973049640656	-0.016737984493374825	0.004603460431098938	0.006234935484826565	0.18752726912498474	0.013587640598416328	0.019848838448524475	-0.01766040362417698	-0.024400455877184868	0.008140000514686108	0.017713408917188644	-0.026232950389385223	0.2651693820953369	0.02387445978820324	0.060083940625190735	0.015714867040514946	0.1378706991672516	-0.0068785762414336205	0.19147643446922302
ENSMUSG00000111546	0.04388220235705376	0.03485238179564476	-0.003467811271548271	0.0192252304404974	-0.004124264232814312	0.0016196328215301037	-0.00504882400855422	-0.08481039851903915	0.016765642911195755	0.03285810351371765	-0.0001327935024164617	0.010693397372961044	0.026554467156529427	0.016954291611909866	0.021726351231336594	-0.03307628259062767	-0.0015457994304597378	0.04576641693711281	-0.0411284938454628	-0.12225883454084396	-0.0008307937532663345	-0.023591188713908195
ENSMUSG00000032657	0.010899540036916733	0.01447298750281334	-0.005342371296137571	0.016045182943344116	-0.022132381796836853	0.005532805807888508	0.015883062034845352	0.16269603371620178	0.01942324824631214	0.016428405418992043	-0.02616916596889496	-0.016270751133561134	0.014990556053817272	0.012402670457959175	-0.04835880175232887	0.15011802315711975	0.01588611491024494	0.04521647095680237	0.041704632341861725	0.27092862129211426	0.011970284394919872	0.19400063157081604
ENSMUSG00000090124	0.018394581973552704	0.02750500850379467	0.010253953747451305	0.020914874970912933	-0.005063521675765514	-0.003495163284242153	-0.00259458483196795	-0.06875982135534286	0.006792007014155388	0.038999292999506	-0.009873018600046635	0.005909808445721865	0.001142620574682951	0.017545117065310478	-0.003197138663381338	0.013124109245836735	0.028979727998375893	0.024016933515667915	-0.020822882652282715	-0.0035784118808805943	-0.006989849265664816	-0.10916879028081894
ENSMUSG00000092412	0.02435312420129776	0.023950548842549324	0.009161773137748241	0.01244163978844881	-0.006629567127674818	-0.0005993685335852206	0.008435995317995548	-0.008114941418170929	0.01808198168873787	0.0337967649102211	-0.010075043886899948	0.004539412446320057	0.012828771024942398	0.014315729960799217	-0.007619510404765606	-0.03473278135061264	0.031524062156677246	0.030606620013713837	0.11828174442052841	0.34478992223739624	0.005295376293361187	0.012857799418270588
ENSMUSG00000036580	0.008881187066435814	0.0180618017911911	0.0044897934421896935	0.024971146136522293	-0.015341466292738914	0.005849248729646206	0.008979707024991512	0.2037908434867859	0.010084894485771656	0.01933731883764267	-0.018334081396460533	-0.02183377742767334	1.1796036233135965e-05	0.018586736172437668	-0.022928379476070404	0.2936165928840637	0.019453246146440506	0.07011545449495316	0.017620740458369255	0.27151599526405334	-0.007780015934258699	0.1903497576713562
ENSMUSG00000107516	0.01669710874557495	-0.017504382878541946	-6.810809281887487e-05	0.01258243527263403	0.001065921736881137	-0.0021055988036096096	-0.012159965932369232	-0.08341032266616821	0.0013900010380893946	0.017663896083831787	0.0010730621870607138	0.009013934060931206	-0.002541459398344159	0.013742271810770035	-0.0032460165675729513	-0.06368563324213028	0.022796036675572395	0.05131852254271507	-0.0313548669219017	-0.11402648687362671	-0.007938715629279613	-0.07715455442667007
ENSMUSG00000074212	0.009779016487300396	0.028136204928159714	0.0022308886982500553	0.00741655845195055	-0.011458753608167171	0.009561046026647091	0.0008718355093151331	0.12379851937294006	0.025590550154447556	0.025283601135015488	-0.00017765749362297356	-0.0034318016842007637	0.020591873675584793	0.008872834034264088	-0.02357829175889492	0.009599410928785801	-0.0010217027738690376	0.025376541540026665	0.034583088010549545	0.6623599529266357	0.003333441214635968	0.16901063919067383
ENSMUSG00000086355	0.015327202156186104	0.029707105830311775	0.0041343881748616695	-0.023478813469409943	-0.0030384205747395754	-0.0010014751460403204	-0.004249832592904568	-0.05941999331116676	0.007549409754574299	0.03519750386476517	-0.004792033229023218	0.012288614176213741	0.0019551538862288	0.013696542009711266	-0.0037256195209920406	-0.043288830667734146	0.023637866601347923	0.05956297740340233	-0.045604635030031204	-0.1477392613887787	-0.007232838310301304	-0.07031940668821335
ENSMUSG00000084162	-0.009926127269864082	0.005616737529635429	-0.004684927873313427	-0.05256028100848198	0.0052999104373157024	-0.0021800613030791283	-0.005981717724353075	-0.2122127115726471	0.0010223372373729944	0.026893340051174164	0.0054477364756166935	0.011325746774673462	-0.0015668709529563785	0.01034616306424141	-0.004262289498001337	-0.05712972953915596	-0.016319802030920982	0.021731896325945854	-0.04127338528633118	-0.13611073791980743	-0.005698406137526035	-0.10877613723278046
ENSMUSG00000070643	0.00960723776370287	0.01525949127972126	-0.004551162011921406	0.017647337168455124	-0.01754371076822281	0.0032952565234154463	0.017919719219207764	0.1938050389289856	0.019018741324543953	0.015067614614963531	-0.018243975937366486	-0.030636703595519066	0.01624811440706253	0.013693836517632008	-0.03738937899470329	0.20766940712928772	0.010090630501508713	0.056765977293252945	0.08879880607128143	0.2841614782810211	0.006852032151073217	0.19743674993515015
ENSMUSG00000075201	-0.013014981523156166	-0.025888707488775253	-0.001582814147695899	-0.0020798605401068926	-0.002503529191017151	3.755968009500066e-06	-0.013045397587120533	-0.10948851704597473	-0.007157006300985813	0.007419601082801819	0.0025822296738624573	0.01131145004183054	-0.004059885162860155	0.010859634727239609	-0.004729853477329016	-0.06552010029554367	-0.01939217746257782	-0.005853293929249048	-0.030294470489025116	-0.06123003363609314	-0.0077139888890087605	-0.040427371859550476
ENSMUSG00000099908	0.007407717872411013	0.01820649579167366	-0.006015866529196501	0.029026387259364128	-0.02047102525830269	0.007050346117466688	0.024034850299358368	0.24115094542503357	0.020263874903321266	0.00961962342262268	-0.00887641217559576	-0.02526458352804184	0.019281325861811638	0.009127132594585419	-0.028962379321455956	0.3085247874259949	-0.00340366642922163	0.07088251411914825	0.0536554716527462	0.4884817600250244	0.0012309153098613024	0.34541454911231995
ENSMUSG00000023266	0.008302981033921242	0.01655864715576172	-0.013414174318313599	0.0210538599640131	-0.021652065217494965	0.00442919647321105	0.024124929681420326	0.20361346006393433	0.026277773082256317	0.010686047375202179	-0.016553489491343498	-0.019851988181471825	0.01928594335913658	0.00963524729013443	-0.04864645376801491	0.25307244062423706	-0.0001735936530167237	0.04473702609539032	0.11245007812976837	0.2527017891407013	0.014222915284335613	0.32043349742889404
ENSMUSG00000121824	-0.03936697170138359	0.04074726998806	-0.008391773328185081	-0.025979213416576385	0.0004768538346979767	0.0004973806790076196	-0.011286318302154541	-0.09639637917280197	-0.01218627579510212	0.028479935601353645	0.010599170811474323	0.0092677166685462	0.002350860508158803	0.00848186295479536	0.024209149181842804	-0.09361764788627625	0.021998286247253418	0.04538092762231827	-0.047032132744789124	-0.17764508724212646	-0.011959617026150227	-0.09387588500976562
ENSMUSG00000032348	0.003195628523826599	0.017069822177290916	-0.011710711754858494	0.04041599854826927	-0.016165191307663918	0.01075252890586853	0.05957038700580597	0.2222508192062378	0.029865827411413193	0.010113068856298923	-0.0008922088309191167	-0.0202264953404665	0.02812425047159195	0.004163367673754692	-0.039207734167575836	0.15206515789031982	-0.0195096954703331	0.04627828672528267	0.0650799497961998	0.6419032216072083	0.02157747745513916	0.3140479028224945
ENSMUSG00000027981	-0.10803068429231644	-0.22050966322422028	-0.026485972106456757	-0.05192337557673454	-0.0328693650662899	-0.07932398468255997	0.025736751034855843	-0.1055631935596466	-0.04727441817522049	-0.22943781316280365	-0.01883648708462715	-0.014530365355312824	-0.013789267279207706	-0.02652907930314541	0.04801816865801811	-0.24066951870918274	-0.16050326824188232	-0.27358344197273254	0.2254774421453476	-0.6104251742362976	-0.00779779814183712	-0.41069161891937256
ENSMUSG00000041120	0.015803104266524315	0.024443957954645157	0.005841165315359831	0.0177175160497427	-0.018845463171601295	0.005497293546795845	0.0045736851170659065	0.12055161595344543	0.017034029588103294	0.03007683716714382	-0.01851601153612137	-0.020584767684340477	0.003023352939635515	0.016825610771775246	-0.026541179046034813	0.14272989332675934	0.03195700794458389	0.05435800179839134	0.023424072191119194	-0.03893517330288887	-0.002114764414727688	0.07639586925506592
ENSMUSG00000110909	-0.10803068429231644	-0.22050966322422028	-0.026485972106456757	-0.05192337557673454	-0.0328693650662899	-0.07932398468255997	0.025736751034855843	-0.1055631935596466	-0.04727441817522049	-0.22943781316280365	-0.01883648708462715	-0.014530365355312824	-0.013789267279207706	-0.02652907930314541	0.04801816865801811	-0.24066951870918274	-0.16050326824188232	-0.27358344197273254	0.2254774421453476	-0.6104251742362976	-0.00779779814183712	-0.41069161891937256
ENSMUSG00000096687	0.010666684247553349	0.0271717831492424	0.0030082815792411566	0.027431530877947807	-0.015021649189293385	0.003170690732076764	0.004443020094186068	0.1974312663078308	0.020099811255931854	0.015400770120322704	-0.007662496995180845	-0.019472818821668625	0.0031576985493302345	0.014281629584729671	-0.015987278893589973	0.29990139603614807	0.010798949748277664	0.07388155162334442	0.04429168626666069	0.4055841863155365	-0.006479474250227213	0.2677898705005646
ENSMUSG00000039959	0.010986093431711197	0.023945005610585213	0.001081857830286026	0.022642232477664948	-0.020858220756053925	0.0073169837705791	0.008384009823203087	0.21278971433639526	0.015777146443724632	0.019284065812826157	-0.016823535785079002	-0.02906586229801178	0.008820119313895702	0.017731938511133194	-0.027443528175354004	0.28041547536849976	0.02027566358447075	0.05709123983979225	0.038528650999069214	0.21341198682785034	-0.0063521224074065685	0.27017107605934143
ENSMUSG00000096569	-0.10803068429231644	-0.22050966322422028	-0.026485972106456757	-0.05192337557673454	-0.0328693650662899	-0.07932398468255997	0.025736751034855843	-0.1055631935596466	-0.04727441817522049	-0.22943781316280365	-0.01883648708462715	-0.014530365355312824	-0.013789267279207706	-0.02652907930314541	0.04801816865801811	-0.24066951870918274	-0.16050326824188232	-0.27358344197273254	0.2254774421453476	-0.6104251742362976	-0.00779779814183712	-0.41069161891937256
ENSMUSG00000114218	0.0026230181101709604	0.045866623520851135	0.051707636564970016	0.008810934610664845	-0.0006126949447207153	-0.001098634791560471	0.002503069117665291	-0.03522687405347824	0.024107420817017555	0.040752772241830826	-0.003364129923284054	-0.006535456981509924	0.0012905191397294402	0.017663033679127693	0.012498094700276852	-0.021899044513702393	0.07613594084978104	0.025142109021544456	-0.02778070978820324	0.005600584205240011	-0.007705661002546549	0.0018491307273507118
ENSMUSG00000044067	0.015528583899140358	0.007637200877070427	0.0006962884799577296	0.005978872068226337	-0.004931168165057898	-0.0006762746488675475	-0.010445850901305676	-0.05549091473221779	-0.008358828723430634	0.02824600413441658	0.0007289404165931046	0.005277336109429598	0.0077378395944833755	0.013603147119283676	-0.0036386509891599417	-0.06763530522584915	0.0034199662040919065	-0.02931254915893078	-0.0019054539734497666	0.06469707936048508	-0.004702700302004814	-0.031131811439990997
ENSMUSG00000085979	0.03312124311923981	0.0317014679312706	0.008305181749165058	0.008414758369326591	-0.00297554861754179	0.00024561185273341835	-0.0021645710803568363	-0.07343967258930206	0.0017093392089009285	0.013342566788196564	-0.016557317227125168	0.0029580509290099144	0.015611388720571995	0.012932727113366127	-0.0016675121150910854	0.002282283967360854	0.040109314024448395	0.03157992660999298	0.0476413331925869	-0.04110996425151825	-0.002987887943163514	-0.005020294804126024
ENSMUSG00000006143	0.024777494370937347	0.03148414194583893	0.0015954812988638878	0.028310559689998627	-0.009686839766800404	-0.0016275153029710054	0.004933876916766167	-0.015813004225492477	0.014658143743872643	0.03867421671748161	-0.019201122224330902	0.00922465231269598	0.01081324927508831	0.007757178507745266	-0.004168358631432056	-0.050204407423734665	0.03654756397008896	0.02301933616399765	0.09975825250148773	0.04205932095646858	0.00866682454943657	0.024084029719233513
ENSMUSG00000020639	0.011499757878482342	0.02661624178290367	0.007231940049678087	0.02640032023191452	-0.01955997757613659	0.00400548754259944	-0.006525167264044285	0.21242298185825348	0.010683460161089897	0.012920450419187546	-0.006303194910287857	-0.01725575514137745	-0.001792216906324029	0.019466931000351906	0.0002002236433327198	0.31731316447257996	0.019776351749897003	0.07437194883823395	-0.006871404591947794	0.2860998511314392	-0.00842685904353857	0.29249808192253113
ENSMUSG00000027997	0.01363220065832138	0.0265133548527956	0.00847337394952774	0.01794845424592495	-0.010156064294278622	-0.0007948411512188613	-0.0013455472653731704	0.11235585808753967	0.014024154283106327	0.027477484196424484	-0.00887470692396164	-0.016729561612010002	0.004338717553764582	0.01798911765217781	-0.02061828412115574	0.14864450693130493	0.025364669039845467	0.05534960702061653	0.014793220907449722	0.1371261477470398	-0.00597703643143177	0.0607273206114769
ENSMUSG00000030303	0.005067284684628248	0.019699687138199806	0.00022350758081302047	0.018117278814315796	-0.0026227692142128944	0.001304741483181715	-0.010982148349285126	0.07286244630813599	0.0012522062752395868	0.02681177854537964	-0.007063028868287802	-0.0008910022443160415	0.00046511885011568666	0.012977655045688152	-0.009536507539451122	0.023836379870772362	0.012234202586114407	0.04480794072151184	-0.01095714420080185	0.03960736468434334	-0.006712304428219795	-0.019463742151856422
ENSMUSG00000040389	0.009926330298185349	0.020355530083179474	0.0013714204542338848	0.019061218947172165	-0.026290323585271835	0.002915974473580718	0.003276500152423978	0.24035578966140747	0.013701755553483963	0.013832531869411469	-0.016741113737225533	-0.024816880002617836	0.007931285537779331	0.017061002552509308	-0.018466686829924583	0.2688713073730469	0.012372101657092571	0.04708481207489967	0.01669437438249588	0.2458643913269043	-0.008300499059259892	0.42805662751197815
ENSMUSG00000074060	0.03308597952127457	0.030477317050099373	0.005159629974514246	0.01573967933654785	-0.002761767478659749	-0.002042407402768731	-0.0023450886365026236	-0.03956616297364235	0.0002935787197202444	0.03219490498304367	0.003769847797229886	0.011333602480590343	0.003089034464210272	-0.00015228106349240988	0.017476653680205345	-0.13489337265491486	0.02081596851348877	0.023195579648017883	-0.03784925118088722	-0.13761839270591736	-0.008645421825349331	-0.04333895817399025
ENSMUSG00000104169	0.0003287151048425585	0.03939761221408844	0.02310919761657715	0.030908973887562752	0.0005975387757644057	-0.0041373660787940025	-0.0044553158804774284	-0.07024957984685898	0.009091396816074848	-0.00423689978197217	0.0034339893609285355	0.0064078341238200665	-0.0008639786974526942	0.01804385706782341	0.011929677799344063	-0.07114528864622116	0.04015092924237251	-0.004469247534871101	-0.02346116304397583	-0.13026663661003113	-0.00826354417949915	-0.053957387804985046
ENSMUSG00000113262	0.026103481650352478	0.027662359178066254	0.0015200458001345396	0.006574553437530994	-0.006552627310156822	-0.0025541246868669987	0.002836504951119423	-0.001691538142040372	0.011326146312057972	0.04424423351883888	-0.0027084234170615673	0.007432005368173122	0.013426873832941055	-0.01884225755929947	0.008988612331449986	-0.1110701933503151	0.04460905119776726	0.010716743767261505	0.1315637230873108	0.1742585003376007	-0.004477742128074169	0.010986976325511932
ENSMUSG00000038984	0.011157971806824207	0.027266401797533035	0.002419467084109783	0.01508947741240263	-0.022575194016098976	0.00601135054603219	0.0026502085383981466	0.16531090438365936	0.009891615249216557	0.025317568331956863	-0.0072151361964643	-0.019257837906479836	0.0017205640906468034	0.01865784078836441	-0.004863206762820482	0.25048673152923584	0.023786377161741257	0.050803929567337036	0.06558921188116074	0.15830372273921967	-0.006492412183433771	0.13546282052993774
ENSMUSG00000029521	0.008707084693014622	0.025374917313456535	0.00041132071055471897	0.025337982922792435	-0.016587207093834877	0.01267534215003252	0.009122304618358612	0.27977579832077026	0.014257065020501614	0.01288322452455759	-0.014001504518091679	-0.015486002899706364	0.014430500566959381	0.012447025626897812	-0.022390272468328476	0.31070610880851746	0.00690968194976449	0.06803569942712784	0.040464237332344055	0.4645503759384155	-0.006846159230917692	0.3090701401233673
ENSMUSG00000067352	-0.10803068429231644	-0.22050966322422028	-0.026485972106456757	-0.05192337557673454	-0.0328693650662899	-0.07932398468255997	0.025736751034855843	-0.1055631935596466	-0.04727441817522049	-0.22943781316280365	-0.01883648708462715	-0.014530365355312824	-0.013789267279207706	-0.02652907930314541	0.04801816865801811	-0.24066951870918274	-0.16050326824188232	-0.27358344197273254	0.2254774421453476	-0.6104251742362976	-0.00779779814183712	-0.41069161891937256
ENSMUSG00000020622	0.00612530717626214	0.001956227468326688	-0.0001285503531107679	0.01724579930305481	0.0008276402950286865	-0.0009730560122989118	-0.003926987759768963	-0.07846590876579285	-0.004573235288262367	-0.025179754942655563	0.003617567475885153	0.005068940110504627	-0.005691853817552328	-0.029538853093981743	-0.006661750841885805	-0.15043948590755463	0.008584652096033096	-0.0035972020123153925	-0.05014102905988693	-0.16617202758789062	0.0007768960203975439	-0.08833668380975723
ENSMUSG00000031930	0.010285252705216408	0.023054080083966255	-0.0048268577083945274	0.023129278793931007	-0.02187957800924778	0.009602830745279789	0.01125867385417223	0.25672128796577454	0.023451225832104683	0.012738725170493126	-0.010026846081018448	-0.018506180495023727	0.017744362354278564	0.007972624152898788	-0.03474430367350578	0.3047315776348114	-0.004742191638797522	0.04582545906305313	0.03583258390426636	0.49873581528663635	-0.005224963650107384	0.3700752258300781
ENSMUSG00000024174	0.004889943636953831	0.003244410501793027	0.00022087074466980994	-0.006404493004083633	-0.015454641543328762	0.003017470007762313	-0.010177104733884335	0.21522289514541626	0.005379247013479471	0.0026062282267957926	-0.006778453476727009	-0.021903393790125847	0.006266010459512472	0.01507454551756382	-0.007783898152410984	0.31243231892585754	0.01228919718414545	0.05158499628305435	-0.010911067947745323	0.1864328384399414	-0.009042693302035332	0.20918865501880646
ENSMUSG00000029686	0.006465013138949871	0.020234081894159317	-0.0005574141396209598	0.042473167181015015	-0.027915174141526222	0.007759658619761467	0.015610071830451488	0.3148845434188843	0.017101308330893517	0.00926066655665636	-0.009424167685210705	-0.026143081486225128	0.01906115934252739	0.009680087678134441	-0.01602497510612011	0.3455836772918701	0.0017300992039963603	0.09351811558008194	0.040616732090711594	0.577477216720581	-0.005061266012489796	0.44346335530281067
ENSMUSG00000113603	0.006772137247025967	0.03509753942489624	0.011326363310217857	0.0013749029021710157	-0.0025583268143236637	0.002408193191513419	-0.00010288831981597468	-0.05632677674293518	0.0054171145893633366	0.014825889840722084	-0.00447537936270237	0.004769493360072374	0.0008914013742469251	0.007155163679271936	0.0023472465109080076	-0.004361605271697044	0.01928393729031086	0.04515545070171356	-0.007479859050363302	-0.06459960341453552	-0.003229261841624975	-0.015755152329802513
ENSMUSG00000027481	0.02332109957933426	0.0326518714427948	0.012645671144127846	0.01865788735449314	0.0006113644922152162	-0.0024666518438607454	-0.003534846007823944	-0.03622440993785858	0.00535554951056838	0.04600675031542778	-0.003583884797990322	0.0046087754890322685	-0.0010328969219699502	0.01152863260358572	-0.0019314256496727467	-0.056972697377204895	0.04281044006347656	0.018912816420197487	-0.040596138685941696	-0.07463070750236511	-0.007405739277601242	-0.09256818145513535
ENSMUSG00000024519	0.027949176728725433	0.035715252161026	0.013192862272262573	0.006823289208114147	-0.0009214615565724671	-0.003108206670731306	-0.0013635839568451047	-0.07424450665712357	0.005689444486051798	0.048042163252830505	-0.00638585677370429	0.007721127476543188	0.000743526266887784	0.0013108020648360252	0.003274428192526102	-0.05614682286977768	0.03710920736193657	0.03559565171599388	-0.02404678426682949	-0.09991177916526794	-0.009203961119055748	-0.07804998755455017
ENSMUSG00000090235	0.01137805450707674	0.019098129123449326	0.00045745144598186016	0.03378642722964287	-0.013171804137527943	0.006267473567277193	0.034258414059877396	0.1346220076084137	0.020671283826231956	0.022309109568595886	-0.014759515412151814	-0.021216819062829018	0.024701271206140518	0.008855823427438736	-0.07357358932495117	0.15498079359531403	-0.011312936432659626	0.06080159172415733	0.10710965096950531	0.4558468759059906	0.040549732744693756	0.28889891505241394
ENSMUSG00000112451	0.023294871672987938	-0.01393644604831934	0.01738094724714756	0.02497815527021885	-0.002065841108560562	-0.003396261716261506	-0.005255705211311579	-0.06394171714782715	0.0023821061477065086	0.044852957129478455	-0.01072558481246233	0.008401705883443356	-0.003548952052369714	0.012750458903610706	-0.0009619378251954913	-0.013232829980552197	0.025639519095420837	0.012792910449206829	-0.011509072966873646	-0.0048190695233643055	-0.0071164388209581375	-0.0496930330991745
ENSMUSG00000081302	0.0075565241277217865	0.04149046540260315	0.011804251931607723	0.03365219756960869	-1.2134792996221222e-05	-0.003183637047186494	-0.006307647097855806	-0.05188371613621712	0.007730305660516024	0.02655910514295101	-0.0071611786261200905	0.009209618903696537	0.0008564778254367411	0.01240986306220293	-0.002575587946921587	-0.07588212192058563	0.03918074071407318	0.04140329733490944	-0.07011780887842178	-0.18404757976531982	-0.005306832958012819	-0.038007594645023346
ENSMUSG00000079015	-0.002593307290226221	-0.007431820500642061	0.0016484047519043088	0.004256718326359987	0.003910406958311796	0.0022772441152483225	0.0024891814682632685	-0.0645880401134491	-0.0039978004060685635	0.05014849081635475	0.005008682142943144	0.010738616809248924	0.007053291890770197	0.01230054721236229	0.014014656655490398	-0.0751529410481453	0.011684153228998184	0.03725336864590645	-0.05769927054643631	-0.27592507004737854	-0.00419252272695303	-0.16358450055122375
ENSMUSG00000048078	0.014551792293787003	0.019607966765761375	0.00926679465919733	0.013074759393930435	-0.008326214738190174	-0.005284626968204975	0.0043188948184251785	-0.019881248474121094	0.015430663712322712	0.018362047150731087	-0.013390589505434036	-0.004383781924843788	0.0024912524968385696	0.013021104037761688	-0.018040290102362633	0.07999113947153091	0.028896389529109	0.02202947624027729	0.025438383221626282	0.17733751237392426	-0.005533736199140549	-0.0013161610113456845
ENSMUSG00000007589	0.004915210418403149	0.008206355385482311	-0.004360983148217201	0.008054431527853012	-0.008828886784613132	-0.0003851632645819336	0.015608241781592369	0.27717989683151245	0.006574660539627075	0.007888861931860447	-0.005367300473153591	-0.00708293030038476	0.009707510471343994	0.014262109063565731	0.009818539954721928	0.30057358741760254	0.009912130422890186	0.04011835902929306	0.06585603952407837	0.2542118728160858	-0.005623321048915386	0.3488579988479614
ENSMUSG00000117824	0.026080140843987465	0.04730212315917015	0.008913829922676086	0.01989818923175335	-0.005130648147314787	0.0007375270361080766	0.003789213253185153	-0.007975875400006771	0.018451027572155	0.04909538850188255	-0.008179467171430588	-0.012901972979307175	0.006180795840919018	0.018553510308265686	-0.00943458080291748	-0.0169427040964365	0.03332941606640816	0.026671500876545906	0.08540227264165878	0.23376783728599548	0.005255749449133873	0.038912005722522736
ENSMUSG00000121883	-0.0005171680240891874	0.02256404422223568	-0.0021137166768312454	0.01468119490891695	0.002455647336319089	0.0048113372176885605	-0.0008519657421857119	0.2437342256307602	-0.011166486889123917	0.015470586717128754	0.0066782752983272076	-0.019308341667056084	-0.004552108701318502	0.016383308917284012	-0.00984999630600214	0.23090681433677673	0.007339978124946356	0.06614020466804504	-0.06878617405891418	0.2513640820980072	-0.004898540675640106	0.23390737175941467
ENSMUSG00000103995	0.02548515982925892	0.018134010955691338	-0.01336729433387518	0.031755734235048294	-0.003926898818463087	0.003857779549434781	-0.02887137234210968	0.017185643315315247	0.01858169585466385	0.04258931800723076	-0.03503300994634628	-0.01711956225335598	0.021761085838079453	0.0128713920712471	-0.04602038860321045	0.012424182146787643	0.020628007128834724	0.04657604172825813	0.10354164987802505	-0.009014016948640347	0.06128321588039398	0.024374136701226234
ENSMUSG00000096621	-0.02393968589603901	0.034571122378110886	-0.017756102606654167	0.003073315601795912	-0.006472436711192131	0.0024648411199450493	-0.017536336556077003	-0.09627833217382431	-0.015171126462519169	0.0360560305416584	0.002709511900320649	0.003699141787365079	-0.002148338360711932	0.0014179240679368377	0.10275765508413315	-0.03227286785840988	0.0004398957244120538	0.04891446232795715	-0.035854730755090714	-0.08539744466543198	-0.00621427409350872	-0.08537616580724716
ENSMUSG00000036845	0.00787793193012476	0.025566527619957924	0.0023616577964276075	0.00964341126382351	-0.007339836563915014	0.006823897361755371	0.01894604042172432	0.1461273729801178	0.023083319887518883	0.01819790154695511	-0.010456210002303123	-0.003088051686063409	0.008198816329240799	0.012206523679196835	-0.0032465755939483643	0.07122622430324554	0.017062030732631683	0.01827600784599781	0.07904291898012161	0.24962575733661652	0.00032336721778847277	0.21305572986602783
ENSMUSG00000007034	0.021383440122008324	0.03678801655769348	0.005898518953472376	0.030471859499812126	-0.0063936831429600716	0.0008843440446071327	0.006902752444148064	0.0010959686478599906	0.018968740478157997	0.03117934986948967	-0.015190262347459793	-0.0030497617553919554	0.003551757661625743	0.008038614876568317	-0.013088108040392399	-0.07312420010566711	0.034297749400138855	0.03229247033596039	0.026461632922291756	0.10475784540176392	0.00958583690226078	0.030887477099895477
ENSMUSG00000070732	0.012345864437520504	0.03442690521478653	0.006246857810765505	0.00624924898147583	-0.0067378683015704155	-0.0006273403996601701	-0.00849893968552351	0.013753976672887802	0.009549230337142944	0.029342355206608772	-0.004405601415783167	-0.0035469294525682926	0.0023315194994211197	0.01779872737824917	-0.01271260716021061	0.0654512420296669	0.020786676555871964	0.03305988758802414	-0.014782178215682507	0.07536514103412628	-0.005348409526050091	0.09042822569608688
ENSMUSG00000112166	0.03751296550035477	0.02172565646469593	0.0236540287733078	0.020938949659466743	-0.0036818203516304493	-0.002891604322940111	-0.007347154431045055	-0.05628206208348274	-0.00017007421411108226	0.0345538929104805	0.00967354141175747	0.010167336091399193	-0.0027806696016341448	0.00819870363920927	0.007610925007611513	-0.0469929464161396	0.02949044294655323	0.053315501660108566	-0.06499543786048889	-0.14304791390895844	-0.006381559185683727	-0.07431069761514664
ENSMUSG00000075467	0.008622840978205204	0.027198482304811478	0.003610313171520829	0.020117999985814095	-0.022944588214159012	0.005501484498381615	0.01147002074867487	0.24174858629703522	-0.00019302606233395636	0.016167938709259033	-0.009083221666514874	-0.01502467505633831	-0.01923934742808342	0.015980549156665802	-0.006971334107220173	0.29274263978004456	0.014318840578198433	0.06484711915254593	0.03447653353214264	0.2986639440059662	-0.008595817722380161	0.3206215798854828
ENSMUSG00000029276	0.00960979238152504	0.01572396233677864	0.0001876228634500876	0.013648808002471924	-0.023883188143372536	0.010412144474685192	0.0024378567468374968	0.2596976161003113	0.015039634890854359	0.008211726322770119	-0.005592039320617914	-0.018441593274474144	0.009846862405538559	0.011439545080065727	-0.01741979457437992	0.33321136236190796	0.004840065725147724	0.05553984269499779	0.017739765346050262	0.43756720423698425	-0.007720517460256815	0.33653873205184937
ENSMUSG00000009654	0.02441432699561119	0.034390002489089966	0.008328220807015896	0.03218536451458931	-0.001860557938925922	-0.0018138112500309944	-0.003801957704126835	-0.12005335837602615	0.0015910457586869597	0.010650193318724632	-0.0008739342447370291	0.010481595993041992	0.0039196680299937725	0.0025711185298860073	0.0046801092103123665	-0.07666748017072678	0.023810045793652534	0.054357558488845825	-0.03822709992527962	-0.11224690079689026	-0.008572306483983994	-0.09145727753639221
ENSMUSG00000074343	0.019794762134552002	0.015892408788204193	0.010099231265485287	-0.004096945747733116	-0.007113942410796881	-0.003521978622302413	-0.00619679456576705	-0.15555162727832794	0.003616355126723647	0.021101290360093117	-0.0068301670253276825	0.010007690638303757	-0.0006532903062179685	0.009606034494936466	0.0010770144872367382	-0.017070233821868896	0.03121049888432026	0.00403204932808876	-0.04149856045842171	-0.050362054258584976	-0.009724777191877365	-0.10258781164884567
ENSMUSG00000035614	0.005948293954133987	0.020396791398525238	0.0012787362793460488	0.030139634385704994	-0.030343422666192055	0.005297272931784391	0.0063391136936843395	0.2990263104438782	0.0032505986746400595	0.009420285001397133	-0.01765352301299572	-0.02718161791563034	0.012845953926444054	0.015760380774736404	-0.010483278892934322	0.3470800518989563	0.010919954627752304	0.08129402995109558	0.03212513029575348	0.34308162331581116	-0.008907042443752289	0.4090641140937805
ENSMUSG00000112858	-0.007408576086163521	0.0036644870415329933	-0.0034376562107354403	-0.0008232646505348384	0.0021420151460915804	-0.0033010183833539486	-0.019716883078217506	0.010569545440375805	-0.011609467677772045	0.014437459409236908	0.00010647239832906052	-0.003570221597328782	-0.004735714755952358	0.016350973397493362	-0.005771821364760399	0.06262794137001038	0.006801460403949022	0.01303133461624384	-0.0014692601980641484	0.15471144020557404	-0.004069415386766195	0.15884092450141907
ENSMUSG00000046947	0.010768156498670578	0.027141764760017395	0.004363700281828642	0.023420333862304688	-0.02075170911848545	0.005934676621109247	0.004291033372282982	0.2041974812746048	0.01596323773264885	0.014731070026755333	-0.011697299778461456	-0.02249443717300892	0.0022916460875421762	0.017935801297426224	-0.014823529869318008	0.2887898087501526	0.02093958854675293	0.047831106930971146	0.05236155167222023	0.16543284058570862	-0.007358280476182699	0.24862052500247955
ENSMUSG00000042035	0.011919630691409111	0.025359177961945534	0.00048088651965372264	0.010635492391884327	-0.020372679457068443	0.0033843135461211205	0.010217010043561459	0.1819368600845337	0.019294455647468567	0.018719783052802086	-0.0181608647108078	-0.026820478960871696	0.009064016863703728	0.015033207833766937	-0.03217997029423714	0.19417034089565277	0.018834777176380157	0.053043387830257416	0.05587680637836456	0.2181350737810135	-0.002806359902024269	0.24871212244033813
ENSMUSG00000085088	0.019344739615917206	0.040387362241744995	0.024715013802051544	0.010845661163330078	-0.0133955804631114	-1.4502634257951286e-05	0.0050395820289850235	-0.044133640825748444	0.017006803303956985	0.03767896443605423	-0.01567061059176922	0.002486653858795762	-0.003277831943705678	0.007759923115372658	-0.002147875726222992	0.06215348094701767	0.04940474033355713	0.04479493945837021	0.0186323095113039	0.0476197674870491	-0.004194355569779873	0.008025286719202995
ENSMUSG00000110613	0.024501850828528404	0.04033324867486954	0.01086905226111412	0.03168383240699768	-0.004664723761379719	-0.0032659985590726137	-0.0010325624607503414	-0.0545690581202507	0.009279505349695683	0.06690123677253723	-0.01163365039974451	0.004642562475055456	0.003389542456716299	0.005278201308101416	0.005765959154814482	-0.02663014642894268	0.027738241478800774	0.011405053548514843	-0.0031345239840447903	0.031968094408512115	-0.006665548775345087	-0.07870134711265564
ENSMUSG00000114045	0.0032020239159464836	0.016078602522611618	-0.0018645846284925938	0.04665610194206238	-0.012203159742057323	0.006333749741315842	0.08141762763261795	0.2384500354528427	0.006680644117295742	0.010596344247460365	0.0006055515259504318	-0.015127799473702908	-0.09170817583799362	0.004529760684818029	0.01385712344199419	0.23386959731578827	0.002226378535851836	0.08936717361211777	0.06036090478301048	0.5706177949905396	0.036090780049562454	0.482925146818161
ENSMUSG00000104538	0.016285762190818787	0.025164593011140823	0.01826813630759716	0.016193773597478867	-0.004865119233727455	-5.556295218411833e-05	-0.0007441936177201569	-0.0473773367702961	0.01026387419551611	0.03740004822611809	-0.012803004123270512	-0.005348028149455786	-0.0009104468044824898	0.01794605329632759	-0.014794938266277313	0.03461607173085213	0.04487771540880203	0.03291495889425278	-0.0048737432807683945	0.15255504846572876	-0.006165312137454748	0.04642261192202568
ENSMUSG00000075387	0.011050987988710403	-0.003944388125091791	-0.001745567424222827	-0.007009938359260559	-0.00372575456276536	-0.0027055307291448116	-0.007148347329348326	-0.10519471019506454	-0.0007469962583854795	-0.0010773659450933337	-0.002652194118127227	0.009873246774077415	0.005627293139696121	-0.0019628945738077164	0.010196758434176445	-0.11896931380033493	-0.0013356837444007397	-0.0159243606030941	-0.0334644578397274	-0.07170888781547546	-0.009039979428052902	-0.017884202301502228
ENSMUSG00000086322	0.024774635210633278	0.02298586070537567	-0.037518877536058426	0.019176213070750237	-0.010377844795584679	-0.0046903216280043125	0.00021270834258757532	0.05436015501618385	0.03187068551778793	0.027360692620277405	-0.04520505294203758	0.001381629379466176	0.021243266761302948	0.010116154327988625	-0.05079825222492218	-0.0457298718392849	0.02392571046948433	0.03626742586493492	0.17507661879062653	0.22042465209960938	0.09566476941108704	0.07659421116113663
ENSMUSG00000120713	0.023628458380699158	0.029238490387797356	0.007178070954978466	0.005107180681079626	-0.0041305674239993095	-0.002832998288795352	-0.007142630871385336	-0.07994220405817032	0.006106862798333168	0.021022049710154533	-0.006670072209089994	0.012576264329254627	-0.0008240323513746262	0.0053631216287612915	0.0005221067112870514	-0.057017721235752106	0.033684298396110535	0.017818046733736992	-0.025772489607334137	-0.10478495806455612	-0.010028205811977386	-0.1286158710718155
ENSMUSG00000091400	0.02451607771217823	0.031501635909080505	0.01086210273206234	0.0013042024802416563	-0.00698782317340374	0.0006343243876472116	-0.0014250434469431639	-0.05987410619854927	0.015475386753678322	0.05413801595568657	-0.010467708110809326	0.0007895039161667228	0.007598964963108301	0.012995140627026558	-0.005694100633263588	0.02133999392390251	0.033274970948696136	0.05071985721588135	-0.023201221600174904	-0.09059163182973862	-0.003521047532558441	-0.08459025621414185
ENSMUSG00000097075	0.0045427316799759865	0.024821827188134193	0.003847372718155384	0.016574503853917122	-0.015328382141888142	0.00891654472798109	-0.024350276216864586	0.2399650365114212	0.012834909372031689	0.014704345725476742	-0.01013405341655016	-0.014533579349517822	-0.007726488634943962	0.01810656487941742	-0.005164943169802427	0.2786709666252136	0.012442735023796558	0.064116470515728	0.019990572705864906	0.30591899156570435	-0.006534088868647814	0.4567900598049164
ENSMUSG00000085034	-0.0003690829034894705	0.029308345168828964	0.003513840725645423	0.008838639594614506	-0.007542014122009277	-0.006568194832652807	-0.02006636932492256	0.07986016571521759	-0.007317700423300266	0.01424370426684618	-0.0037904558703303337	-0.015369993634521961	-0.001578491530381143	0.018383007496595383	0.00884486548602581	0.12182344496250153	0.009496581740677357	0.05762028694152832	-0.03566838428378105	0.05214767903089523	-0.0066928076557815075	0.12120512872934341
ENSMUSG00000111006	0.022455476224422455	0.03731139749288559	0.030769431963562965	0.013287254609167576	-0.016437148675322533	0.004538748413324356	0.0029034465551376343	-0.08755309134721756	0.021854931488633156	0.03451784327626228	-0.011227434501051903	0.01138797402381897	-0.0032323237974196672	0.01615428552031517	0.016591371968388557	0.006691682152450085	0.03293578699231148	0.017844168469309807	0.004783556330949068	-0.016343282535672188	-0.009660174138844013	-0.006080601364374161
ENSMUSG00000096484	0.017230000346899033	0.04786524176597595	0.016986092552542686	0.023881878703832626	-0.005924838129431009	-0.0016553181922063231	0.0008432067697867751	-0.04619329050183296	0.02548966184258461	0.04154268652200699	-0.017476532608270645	-0.0008835226763039827	-0.002505630487576127	0.016646433621644974	-0.01844516582787037	0.05266927182674408	0.04740992188453674	0.05557061731815338	-0.010136698372662067	0.0016967945266515017	-0.0014064718270674348	0.010848135687410831
ENSMUSG00000097655	0.0014639279106631875	0.004553171806037426	-0.0014120733831077814	0.007102218922227621	-0.0047223614528775215	0.01096236240118742	0.0021892329677939415	0.0573735348880291	-0.004913044162094593	0.024698667228221893	-0.0013642560224980116	0.0027271027211099863	-0.0016654442297294736	0.010817129164934158	-0.0036616104189306498	0.005975345149636269	0.011751797050237656	0.04012255370616913	-0.021239252761006355	0.13086728751659393	-0.006870762910693884	0.07219532132148743
ENSMUSG00000014353	0.010158862918615341	0.01878480426967144	0.0003265219274908304	0.0235710721462965	-0.020759982988238335	0.0019008468370884657	0.007878847420215607	0.26759982109069824	0.012044238857924938	0.012062596157193184	-0.01379043236374855	-0.02465387061238289	0.013184173963963985	0.013880958780646324	-0.010900834575295448	0.3391050398349762	0.009212217293679714	0.07384558022022247	0.03319314122200012	0.37091517448425293	-0.008336090482771397	0.38402992486953735
ENSMUSG00000095663	-0.03280041366815567	-0.13856390118598938	0.0008864013943821192	-0.08511418104171753	0.0022102489601820707	-0.01578022912144661	-0.005379359237849712	-0.17879432439804077	-0.00853389035910368	-0.17210640013217926	0.03174211084842682	-0.015229783020913601	-0.0052877855487167835	-0.07607005536556244	0.04583793506026268	-0.21225644648075104	-0.03406599909067154	-0.25987929105758667	0.013179906643927097	-0.6886658668518066	0.0030096592381596565	-0.5144711136817932
ENSMUSG00000103360	0.016374582424759865	0.03792213648557663	-0.001853067078627646	0.0027308946009725332	-0.004387803841382265	-0.0008226995123550296	-0.007512185722589493	-0.08648978918790817	0.019309133291244507	0.0221103448420763	-0.0033940065186470747	0.009842727333307266	0.01029216405004263	0.004471151158213615	0.003286990337073803	-0.035114090889692307	0.00393795408308506	0.02694529853761196	-0.025322018191218376	-0.1326051950454712	-0.00588382501155138	-0.08626817911863327
ENSMUSG00000047910	-0.10803068429231644	-0.22050966322422028	-0.026485972106456757	-0.05192337557673454	-0.0328693650662899	-0.07932398468255997	0.025736751034855843	-0.1055631935596466	-0.04727441817522049	-0.22943781316280365	-0.01883648708462715	-0.014530365355312824	-0.013789267279207706	-0.02652907930314541	0.04801816865801811	-0.24066951870918274	-0.16050326824188232	-0.27358344197273254	0.2254774421453476	-0.6104251742362976	-0.00779779814183712	-0.41069161891937256
ENSMUSG00000038550	0.009779343381524086	0.018077202141284943	0.0010547175770625472	0.030887708067893982	-0.0190743375569582	0.008420273661613464	0.010505637153983116	0.1866430640220642	0.028370099142193794	0.01003417931497097	-0.007397204637527466	-0.017286935821175575	0.006602775305509567	0.013392521999776363	0.0006164935184642673	0.29101526737213135	0.007331948261708021	0.07197917252779007	0.05363566055893898	0.45431584119796753	-0.00467333011329174	0.2937610149383545
ENSMUSG00000000938	0.017958782613277435	0.03743451461195946	0.006285092327743769	0.010132826864719391	-0.013471776619553566	0.007911150343716145	0.005167760420590639	0.0081561878323555	0.01728321984410286	0.03209180012345314	-0.01955924555659294	-0.008999053388834	0.0015979711897671223	0.014595565386116505	-0.025544095784425735	0.07316683977842331	0.02999613806605339	0.05117763578891754	0.053418006747961044	0.08956857770681381	0.0007673677755519748	0.08224079012870789
ENSMUSG00000032254	0.007918991148471832	0.013682832941412926	0.0005221269675530493	0.017232052981853485	-0.021593449637293816	0.006958650425076485	0.0068731908686459064	0.2593735456466675	0.015196225605905056	0.01268568355590105	-0.009684634394943714	-0.019746309146285057	0.010733891278505325	0.013909995555877686	-0.019014904275536537	0.2868541479110718	0.009372233413159847	0.06818360090255737	0.037058230489492416	0.34159672260284424	-0.007661227136850357	0.3409043550491333
ENSMUSG00000111664	0.00847105123102665	0.0338166281580925	-0.0032695711124688387	0.01610253006219864	-0.0018582881893962622	-0.0015965719940140843	-0.007697665132582188	-0.06565272063016891	0.005025672260671854	0.03563607484102249	-0.0024131310638040304	0.008671518415212631	0.00928893405944109	0.01150720939040184	0.0020804188679903746	-0.05662097781896591	-0.0012753988848999143	0.005570915527641773	-0.022125599905848503	-0.10030559450387955	-0.008333968929946423	-0.050125207751989365
ENSMUSG00000022255	0.006689717993140221	0.0159738939255476	-0.005546079948544502	0.04119992256164551	-0.027795031666755676	0.006255354732275009	0.02392583340406418	0.3143947720527649	0.018378380686044693	0.009322228841483593	-0.008287962526082993	-0.02829333394765854	0.025483576580882072	0.00946319941431284	-0.021471191197633743	0.31434476375579834	-0.005538781173527241	0.08095942437648773	0.0529119148850441	0.509768545627594	-0.002624461892992258	0.4137312173843384
ENSMUSG00000064201	0.030663490295410156	0.04136566072702408	0.009229571558535099	0.027663998305797577	-0.008315575309097767	0.0011462629772722721	-0.0031155883334577084	-0.01125424262136221	0.01804746687412262	0.04370570182800293	0.006211233790963888	0.007864224724471569	0.0024309931322932243	0.02338641881942749	-0.0052216537296772	-0.08754158765077591	0.049730073660612106	0.030781148001551628	-0.047825802117586136	-0.12548141181468964	-0.006932096090167761	-0.02577175945043564
ENSMUSG00000022540	0.01067037507891655	0.02171213924884796	0.0024695268366485834	0.01939351297914982	-0.00948613602668047	0.0074958582408726215	0.01767764985561371	0.19186662137508392	0.00823033507913351	0.012602215632796288	-0.014079788699746132	-0.014504581689834595	-0.008082827553153038	0.015645956620573997	0.003928744699805975	0.29296308755874634	0.013759607449173927	0.06305032968521118	0.05506645515561104	0.3270672857761383	-0.00615632114931941	0.24615821242332458
ENSMUSG00000023159	0.015617689117789268	0.034801844507455826	0.002128149615600705	0.012721219100058079	-0.0010042184730991721	-0.00309120025485754	-0.0050538694486021996	-0.04978872463107109	0.008274717256426811	0.06447750329971313	-6.621979991905391e-05	0.009626086801290512	0.0032609987538307905	0.010819757357239723	0.00017237324209418148	-0.03177023306488991	0.028453858569264412	0.04069485142827034	-0.03532490134239197	-0.12676145136356354	-0.00629183417186141	-0.08505695313215256
ENSMUSG00000107842	0.0247606560587883	0.021950319409370422	0.009084959514439106	0.030118346214294434	-0.0048016952350735664	0.0006981879705563188	-0.0013977735070511699	-0.05652906000614166	0.022072482854127884	0.03568074107170105	-0.014748790301382542	0.009500634856522083	0.011099720373749733	0.0115001630038023	0.009149739518761635	-0.0442567840218544	0.029454058036208153	0.0659065842628479	0.0008875732310116291	-0.06006099656224251	-0.006397324614226818	-0.06465911120176315
ENSMUSG00000114414	0.029165031388401985	0.020308006554841995	0.006564661860466003	0.020437004044651985	-0.009890694171190262	-0.0040273163467645645	0.004984463565051556	-0.04080168902873993	0.00725462194532156	0.034429628401994705	-0.016262555494904518	0.01072415616363287	0.01357537042349577	0.018221674486994743	0.011013873852789402	-0.06992270797491074	0.03897259384393692	0.03980923444032669	0.1759115606546402	0.028944753110408783	-0.0062072365544736385	-0.026353739202022552
ENSMUSG00000025041	0.00867198221385479	0.015325912274420261	-0.0027798262890428305	0.027637828141450882	-0.022622667253017426	0.005038291681557894	0.017415223643183708	0.2796194851398468	0.0163837019354105	0.010237102396786213	-0.016731493175029755	-0.02323196828365326	0.015463721938431263	0.013925313949584961	-0.027124745771288872	0.2291816771030426	0.008304441347718239	0.06243284046649933	0.04821000620722771	0.3116118907928467	-0.004766040947288275	0.3591572046279907
ENSMUSG00000086690	0.01941746287047863	0.021444017067551613	0.012364519760012627	0.015951363369822502	-0.004616143181920052	0.0028843579348176718	0.0036303242668509483	-0.04899232089519501	0.015847429633140564	0.01933366060256958	-0.01438851933926344	0.008938300423324108	0.0009122100309468806	0.007041959557682276	-0.013833240605890751	0.0010949289426207542	0.037236567586660385	0.039184439927339554	0.0008443834376521409	0.04067332297563553	-0.00041768563096411526	0.01903483457863331
ENSMUSG00000029861	0.011080969125032425	0.015818826854228973	0.003807035041972995	0.022039100527763367	-0.0062616425566375256	-0.001682681730017066	0.009555403143167496	0.20981986820697784	0.005905575584620237	0.017301132902503014	-0.008673620410263538	-0.028045563027262688	-0.002193986903876066	0.018184201791882515	-0.0201509241014719	0.18497882783412933	0.02040053904056549	0.066351979970932	0.059315551072359085	0.10571800917387009	-0.00784900039434433	0.15196825563907623
ENSMUSG00000037730	0.007982667535543442	0.013927467167377472	-0.0009790777694433928	0.028150463476777077	-0.026382865384221077	0.005884969141334295	0.022472865879535675	0.26332390308380127	0.0156638752669096	0.010081671178340912	-0.014225947670638561	-0.028070345520973206	0.01407705433666706	0.013030431233346462	-0.017359578981995583	0.2742362916469574	0.003706284100189805	0.04871858283877373	0.05746317282319069	0.33080020546913147	-0.0032286816276609898	0.46445518732070923
ENSMUSG00000047819	0.02111063152551651	0.029097581282258034	0.004697785247117281	-0.000688969565089792	-0.011423978954553604	-0.0030008021276444197	-0.0033783710096031427	-0.11502215266227722	0.0021504831966012716	0.04187041148543358	-0.0017168127233162522	0.005987248383462429	0.015073363669216633	-0.001442969893105328	0.00725176464766264	-0.01755443960428238	0.03846187889575958	0.009535843506455421	0.04179259389638901	0.004914811812341213	-0.011768527328968048	-0.0017192453378811479
ENSMUSG00000041649	-0.0012224831152707338	0.010936004109680653	0.00024143746122717857	0.015391609631478786	0.0015344655839726329	-0.0005554144736379385	0.011027890257537365	0.2356480360031128	-0.011744922026991844	0.007760539185255766	-0.00321574741974473	-0.021038390696048737	0.002293381141498685	0.014239293523132801	-0.0058415853418409824	0.28690680861473083	0.009585533291101456	0.053828466683626175	0.00266326148994267	0.3603740632534027	-0.008150123059749603	0.17125077545642853
ENSMUSG00000110027	0.01841595582664013	0.03495949134230614	0.006661184597760439	0.012031342834234238	-0.0011918088421225548	-0.003954096231609583	-0.004871002864092588	-0.054190538823604584	0.0011461199028417468	0.01927480846643448	0.002219792455434799	0.009418738074600697	0.0010916111059486866	0.012605593539774418	0.006758614908903837	-0.10555991530418396	0.022678280249238014	-0.015433050692081451	-0.04502315819263458	-0.11373526602983475	-0.006585495080798864	-0.07969062030315399
ENSMUSG00000033762	0.009327859617769718	0.02477332390844822	0.002383820479735732	0.023049449548125267	-0.024834319949150085	0.006845210678875446	0.00936251599341631	0.2522667646408081	0.015807030722498894	0.014937524683773518	-0.006366846617311239	-0.01951058767735958	-0.004001374822109938	0.013968169689178467	-0.011418878100812435	0.21830913424491882	0.01165784802287817	0.06278848648071289	0.042370911687612534	0.35392042994499207	-0.007154941558837891	0.37177127599716187
ENSMUSG00000042451	0.024852074682712555	0.017883047461509705	0.014232920482754707	0.010250754654407501	-0.0013598838122561574	0.00012065776536474004	-0.0020979454275220633	-0.02823035418987274	0.008207275532186031	0.037603940814733505	-0.01315812487155199	0.004272486083209515	0.00262687960639596	0.015034038573503494	-0.0038602605927735567	-0.05604209005832672	0.04496566206216812	0.03329099714756012	-0.01740901544690132	0.007846401073038578	-0.004093737341463566	-0.025593576952815056
ENSMUSG00000063133	0.02837495133280754	0.03725232183933258	0.002065161941573024	0.032703615725040436	0.0010263165459036827	-0.0018700824584811926	-0.006184027995914221	-0.07137853652238846	0.0025167313870042562	0.06267418712377548	-0.003494926728308201	0.01265782117843628	0.000755885848775506	-0.0008498176466673613	0.0033151921816170216	-0.03648737072944641	0.04242086410522461	0.0571107417345047	-0.050785504281520844	-0.11575572192668915	-0.006068257614970207	-0.06872566044330597
ENSMUSG00000093721	0.03007105365395546	0.029870998114347458	0.011403514072299004	0.011596420779824257	-0.004885334521532059	-0.0034408525098115206	-0.0006810098420828581	-0.05306794494390488	0.01393431331962347	0.029145359992980957	-0.0032569903414696455	0.0021283545065671206	0.0018144213827326894	0.013583693653345108	0.0014944872818887234	-0.02344176359474659	0.05237511545419693	0.02550969086587429	0.006902736611664295	-0.1416531801223755	-0.00702232401818037	-0.08858008682727814
ENSMUSG00000118216	0.01887032948434353	-0.019281508401036263	0.004641018342226744	0.007925881072878838	-0.008277432061731815	-0.004864891525357962	-0.005019439850002527	-0.09132254868745804	0.0009199298801831901	0.03632504120469093	-0.005765327252447605	0.014758395031094551	0.001987397437915206	0.022758478298783302	0.005863203201442957	-0.05573240667581558	0.038311541080474854	0.03565695136785507	0.007845711894333363	-0.08381152153015137	-0.011102760210633278	-0.10006894916296005
ENSMUSG00000052316	0.012677346356213093	0.039878614246845245	0.00533446716144681	0.013060509227216244	-0.010848569683730602	0.0033329264260828495	0.013490069657564163	0.06650391221046448	0.024446604773402214	0.022116249427199364	-0.0079593351110816	-0.0024902590084820986	0.00753171369433403	0.014367589727044106	-0.03127960115671158	0.07161252945661545	0.0183708518743515	0.05387374013662338	0.08276364207267761	0.3764760196208954	0.0021858445834368467	0.09550673514604568
ENSMUSG00000079180	0.011686916463077068	0.007921514101326466	-0.0028190503362566233	-0.02551519311964512	-0.008466334082186222	-0.0010468856198713183	-0.007856417447328568	-0.07422556728124619	0.001143724424764514	0.030619656667113304	-0.008354038931429386	0.0076696681790053844	0.01670036092400551	0.007457299157977104	-0.0019027809612452984	-0.0630664974451065	0.003880827222019434	-0.004741492681205273	-0.037843361496925354	-0.04215027019381523	-0.006710382644087076	-0.05586249753832817
ENSMUSG00000112284	0.01291193999350071	0.0009531108080409467	0.004093392752110958	-0.005081945564597845	-0.0017065986758098006	-0.002844966249540448	-0.005669393111020327	-0.08126769214868546	0.001585355494171381	-0.045236364006996155	-0.004426156636327505	0.006594233680516481	-0.0009455838007852435	0.0017110495828092098	-0.0001410568511346355	-0.08288086205720901	0.025453301146626472	-0.01885935477912426	-0.045973602682352066	-0.11631394177675247	-0.007836359553039074	-0.13891679048538208
ENSMUSG00000086649	0.014655154198408127	0.025799090042710304	0.005767375230789185	0.004542605020105839	-0.006744027137756348	0.007470135111361742	-0.0010122396051883698	0.04758025333285332	0.010608695447444916	0.042563434690237045	-0.010006661526858807	0.018303297460079193	0.003995712846517563	0.007181677967309952	-0.016360243782401085	0.01974049210548401	0.032787784934043884	0.04720352217555046	-0.008627387695014477	0.06974946707487106	-0.00509834848344326	0.011185572482645512
ENSMUSG00000008035	0.0011036207433789968	0.009757225401699543	-0.0369708426296711	0.022743668407201767	0.00362479779869318	-0.005987533833831549	0.05817219242453575	0.24918372929096222	-0.005786227062344551	0.006816123146563768	-0.011671849526464939	-0.02083127200603485	0.060171011835336685	0.0019197245128452778	-0.08453395962715149	0.24947655200958252	-5.116258398629725e-05	0.057161588221788406	0.09445436298847198	0.5296205282211304	0.022371718659996986	0.21883441507816315
ENSMUSG00000040183	0.010315530002117157	0.02424328401684761	0.0026631623040884733	0.017541224136948586	-0.018275342881679535	0.006015405058860779	0.010609202086925507	0.19008903205394745	0.017642511054873466	0.01795855723321438	-0.0193540770560503	-0.027432246133685112	0.008038134314119816	0.015557649545371532	-0.027531633153557777	0.21406680345535278	0.018234722316265106	0.06756346672773361	0.034720033407211304	0.33520758152008057	-0.005767815746366978	0.2543151378631592
ENSMUSG00000110130	0.0226996298879385	0.04106830433011055	0.009656092151999474	0.00416417233645916	-0.0027953239623457193	-0.0022238714154809713	-0.002843294758349657	-0.0733950212597847	0.007564309984445572	0.04800493270158768	-0.00921887531876564	0.010308257304131985	5.2296818466857076e-05	-0.013846181333065033	-0.002750942949205637	-0.004712669178843498	0.03328036144375801	0.0384792797267437	-0.03858451172709465	-0.08674835413694382	-0.0063309939578175545	-0.123530313372612
ENSMUSG00000020258	0.025992607697844505	0.03550250455737114	0.015773383900523186	0.020360037684440613	-0.008429011330008507	0.0007793546537868679	0.00442702928557992	-0.008593801409006119	0.014848965220153332	0.043194856494665146	-0.008490169420838356	-0.0033865422010421753	0.0006254860199987888	0.016190027818083763	-0.012964134104549885	0.015710340812802315	0.042844925075769424	0.038782402873039246	0.01670755073428154	0.1548698991537094	0.0018490843940526247	0.024483269080519676
ENSMUSG00000067642	0.0192865040153265	0.03170882537961006	0.014068304561078548	0.018322698771953583	-0.0038769645616412163	0.0004213351639918983	0.0025031191762536764	-0.03391014039516449	0.012280315160751343	0.049704961478710175	-0.00466021616011858	0.002949807094410062	0.00042244658106938004	0.01999359205365181	-0.00962589867413044	-0.00785945262759924	0.04568597674369812	0.044165004044771194	0.04643245041370392	0.04403744637966156	-0.006537535227835178	-0.014363800175487995
ENSMUSG00000120735	0.02353350631892681	0.017115695402026176	0.0061945985071361065	-0.002026758622378111	-0.007302495650947094	0.0057247839868068695	-0.009967697784304619	-0.018638793379068375	-0.0022294919472187757	0.02053849771618843	-0.024042092263698578	-0.0029572718776762486	-0.0004768720536958426	0.006382411811500788	-0.01796431839466095	-0.03382948786020279	0.02502003125846386	0.0023375442251563072	-0.028533928096294403	-0.08150137960910797	0.0056951604783535	-0.034207507967948914
ENSMUSG00000024261	0.005105379968881607	0.023212097585201263	0.0010144109837710857	-0.004946257919073105	-0.017567448318004608	0.010743161663413048	0.000589311181101948	0.05127435177564621	-0.007832086645066738	0.018796434625983238	-0.00391722284257412	0.0009488486684858799	0.007710310164839029	0.011130819097161293	0.007587156258523464	0.15290603041648865	0.003504781983792782	0.030382735654711723	-0.020651571452617645	0.03184222802519798	-0.0007061298238113523	0.08138023316860199
ENSMUSG00000047996	-0.008456305600702763	-0.01911294460296631	0.0004341559251770377	-0.01348649151623249	0.014167176559567451	-0.007881720550358295	-0.02958395704627037	0.20192961394786835	-0.02802720107138157	-0.0006109830574132502	0.005773165263235569	-0.009069016203284264	-0.016070393845438957	0.014779803343117237	0.014435488730669022	0.33823513984680176	0.0155697176232934	0.02629551663994789	-0.0018520430894568563	0.2909891605377197	-0.009002293460071087	0.004682112485170364
ENSMUSG00000030541	0.009728092700242996	0.011583358980715275	-0.006630932912230492	0.020700139924883842	-0.02136179618537426	0.007698041386902332	0.02247517555952072	0.2077976018190384	0.0191499013453722	0.01380089856684208	-0.012711932882666588	-0.013206981122493744	0.019102882593870163	0.010608761571347713	-0.03593654930591583	0.2421768754720688	0.0027430569753050804	0.04353591799736023	0.08258383721113205	0.33972805738449097	0.005372676067054272	0.2146826982498169
ENSMUSG00000032595	0.028538722544908524	0.04324968159198761	0.009571117348968983	0.02725566364824772	-0.004181068856269121	-0.0012503991601988673	-0.0009841672144830227	-0.035318635404109955	0.010366871021687984	0.05735942721366882	-0.010093721561133862	0.005024948623031378	0.002154277404770255	0.015379523858428001	-0.0020976767409592867	-0.035515159368515015	0.04176677390933037	0.02766425348818302	0.0183686725795269	0.07806509733200073	-0.0016382422763854265	0.015797613188624382
ENSMUSG00000023348	0.007040926720947027	0.01410871371626854	0.0024701973889023066	0.026032648980617523	-0.01636347360908985	0.009643916971981525	0.025911860167980194	0.19509553909301758	0.017368650063872337	0.016025163233280182	0.0034334815572947264	-0.022042155265808105	-0.0056135207414627075	0.011891007423400879	-0.0021527628414332867	0.2165178656578064	0.006454624701291323	0.06818892061710358	0.049997396767139435	0.4602265954017639	-0.004107901826500893	0.20266272127628326
ENSMUSG00000099372	-0.02123214676976204	-0.05288788303732872	0.028098339214920998	-0.001798028009943664	0.011879938654601574	-0.010915211401879787	-0.002966418629512191	-0.1882188469171524	-0.037482064217329025	-0.04154452309012413	0.004919778555631638	0.007265844382345676	-0.11379805207252502	-0.06061502918601036	-0.00783703662455082	-0.10866233706474304	-0.060549698770046234	-0.20775577425956726	-0.054229989647865295	-0.3152698874473572	-0.02271483838558197	-0.20678511261940002
ENSMUSG00000118128	0.03427636995911598	0.012239786796271801	0.019825154915452003	0.0006337860249914229	-0.008195188827812672	-0.006900602485984564	-0.0034273341298103333	-0.08832597732543945	-0.003260899567976594	0.0384405180811882	-0.0031170514412224293	0.010452899150550365	0.002058432437479496	0.019991599023342133	0.0011264177737757564	-0.16708321869373322	0.04338189959526062	-0.014427220448851585	-0.016201069578528404	-0.035996176302433014	-0.014842880889773369	-0.03900637477636337
ENSMUSG00000034216	0.008219697512686253	0.014634071849286556	-0.006410053465515375	0.020183628425002098	-0.021879861131310463	0.004433432128280401	0.025625023990869522	0.21390444040298462	0.019985195249319077	0.013128702528774738	-0.016760261729359627	-0.017636312171816826	0.01428030151873827	0.01133601926267147	-0.03266289830207825	0.21662752330303192	0.004285110160708427	0.04871939495205879	0.07074765861034393	0.3566863536834717	0.0020928438752889633	0.216305211186409
ENSMUSG00000001082	0.003735513659194112	0.01147063821554184	-0.003864869475364685	0.027909448370337486	-0.02372031845152378	0.0007961099618114531	0.06037290021777153	0.2237476110458374	0.023077141493558884	0.003742086933925748	-0.02155246213078499	-0.03116595186293125	0.03331649675965309	0.008654759265482426	0.0029085532296448946	0.2835123538970947	0.0034486642107367516	0.07182729244232178	0.0889483392238617	0.552060067653656	0.02252623811364174	0.33583611249923706
ENSMUSG00000081410	-0.014603032730519772	-0.0036723241209983826	-0.0034956291783601046	0.0035051873419433832	0.013929066248238087	0.0019992911256849766	-0.0043637715280056	-0.08467080444097519	-0.005759434308856726	0.0351174920797348	0.004260262008756399	0.01066814549267292	-0.011875198222696781	-0.03370028734207153	0.0017053921474143863	-0.11296173930168152	-0.015150305815041065	-0.09532690793275833	-0.04351460561156273	-0.16650770604610443	0.01111391931772232	-0.18148218095302582
ENSMUSG00000032565	0.012059472501277924	0.014217054471373558	0.005811071489006281	0.011782906018197536	-0.012851986102759838	0.007016803603619337	0.004833770915865898	0.2044125348329544	0.012311951257288456	0.013481756672263145	-0.03216569125652313	-0.02432698756456375	0.0003504139313008636	0.018552105873823166	-0.01751811057329178	0.28322386741638184	0.0006761269178241491	0.06173769384622574	0.013720747083425522	0.260860413312912	-0.005396347492933273	0.14746494591236115
ENSMUSG00000031983	0.010332252830266953	0.022709233686327934	0.00397254154086113	0.021207071840763092	-0.015620464459061623	0.0052486020140349865	0.005124457646161318	0.23035670816898346	0.013324246741831303	0.014265352860093117	-0.022521033883094788	-0.026567451655864716	0.005638567265123129	0.01859533041715622	-0.021539073437452316	0.31690147519111633	0.019392484799027443	0.06229892373085022	0.009316664189100266	0.21803194284439087	-0.007583422586321831	0.3006945848464966
ENSMUSG00000114594	0.009081165306270123	-0.047440528869628906	-0.005034689325839281	-0.0016593888867646456	-0.0049867345951497555	-0.003935914486646652	-0.007849338464438915	-0.13493071496486664	-0.005669696722179651	0.020885217934846878	-0.010232843458652496	0.006106650456786156	0.0060260663740336895	0.006786188576370478	0.006174998823553324	-0.06077839061617851	0.022292332723736763	0.028173821046948433	-0.025178227573633194	-0.036289796233177185	-0.01140321884304285	-0.03278593719005585
ENSMUSG00000068877	0.01891954243183136	0.03524259477853775	0.015250436030328274	0.021762270480394363	-0.0037170695140957832	-0.0003429476055316627	-0.004925605840981007	-0.04627275839447975	0.009549510665237904	0.042030010372400284	-0.0045317686162889	-0.0009068919462151825	-4.623457425623201e-05	0.006810570135712624	-0.009856863878667355	0.013837534002959728	0.04428114742040634	0.03511590138077736	-0.04163176193833351	-0.08307638019323349	-0.005020592827349901	-0.05972704291343689
ENSMUSG00000029600	0.008987887762486935	0.019766928628087044	-0.008283516392111778	0.014845534227788448	-0.01691221259534359	0.006200483068823814	0.016969500109553337	0.277210533618927	0.017995471134781837	0.011665564961731434	-0.007066225633025169	-0.023669159039855003	0.01782948151230812	0.010697629302740097	-0.03204585611820221	0.3057854175567627	-0.0010489034466445446	0.07078692317008972	0.0456574447453022	0.39010003209114075	-0.0026317534502595663	0.42379340529441833
ENSMUSG00000104588	-0.023406581953167915	0.043896958231925964	-0.006468672305345535	0.003233980620279908	0.006626814138144255	-0.004714850801974535	-0.005317589733749628	-0.055976394563913345	-0.011406432837247849	0.052563127130270004	0.004355031065642834	0.009811978787183762	-0.0042766062542796135	0.006876178551465273	-0.008628804236650467	-0.13091671466827393	-0.008652746677398682	-0.055001650005578995	-0.0770980566740036	-0.09860433638095856	-0.0008606701157987118	-0.037830695509910583
ENSMUSG00000071551	0.009590830653905869	0.028334075585007668	0.0011420993832871318	0.027432702481746674	-0.005894465371966362	-0.004765885882079601	-0.005424752365797758	-0.07548342645168304	0.0006432057125493884	-0.004846015479415655	-0.002496969886124134	0.008883093483746052	0.005363925825804472	-0.0021591181866824627	0.005271390080451965	-0.06013515591621399	0.008396097458899021	0.020534606650471687	-0.013045262545347214	-0.09880314022302628	-0.008384878747165203	-0.11263301968574524
ENSMUSG00000111303	0.014354562386870384	0.023781374096870422	0.008116697892546654	-0.00765781756490469	-0.0032108277082443237	-0.0019300070125609636	-0.005621709860861301	-0.048615556210279465	0.004079952836036682	0.054241228848695755	-0.004094464238733053	0.002800318878144026	-0.0003792688949033618	0.02022922970354557	-0.0030609657987952232	-0.037080299109220505	0.028167257085442543	0.03398015350103378	-0.043588172644376755	0.0237047728151083	-0.0078494967892766	-0.06635285913944244
ENSMUSG00000028386	0.02549680322408676	0.05231037735939026	0.007338193245232105	0.028190521523356438	-0.004258332774043083	0.002035978017374873	0.001158915227279067	0.005631858482956886	0.006259927060455084	0.04828138276934624	-0.009227246977388859	0.0042409454472362995	0.004190188366919756	0.009648721665143967	-0.006239633541554213	-0.07687733322381973	0.034703329205513	0.046035464853048325	0.027136152610182762	-0.04461776092648506	0.0005408302531577647	-0.011029384098947048
ENSMUSG00000069539	0.009464515373110771	0.02763206698000431	0.0033638039603829384	0.008835194632411003	-0.019627390429377556	0.0028549095150083303	-0.0004405270447023213	0.204750195145607	0.011838065460324287	0.018671579658985138	-0.01701986975967884	-0.021791663020849228	0.0036750391591340303	0.017710667103528976	-0.01876475289463997	0.17392443120479584	0.017167259007692337	0.054309457540512085	0.005623579025268555	0.17924928665161133	-0.006921799853444099	0.27233442664146423
ENSMUSG00000015714	0.00480444123968482	0.019597740843892097	-0.006944300141185522	0.031118271872401237	-0.02536999247968197	0.0052785445004701614	0.04120504483580589	0.2274063229560852	0.02257842943072319	0.009606066159904003	-0.006068979389965534	-0.03427086025476456	0.011161145754158497	0.007968565449118614	-0.011930946260690689	0.2784062623977661	-0.0030346387065947056	0.08078444749116898	0.08275144547224045	0.4995596706867218	0.012983642518520355	0.28362515568733215
ENSMUSG00000091756	0.024825334548950195	0.024892238900065422	0.012399616651237011	0.010149476118385792	-0.00815384928137064	0.002277049934491515	-1.6514090020791627e-05	-0.051255062222480774	0.014205084182322025	0.04744633659720421	-0.013622122816741467	0.0017748925602063537	0.009113308973610401	0.005353933200240135	-0.0002912295749410987	-0.00020581357239279896	0.037260450422763824	0.0336511954665184	0.0220757108181715	0.01573219895362854	-0.0044057052582502365	-0.029635285958647728
ENSMUSG00000056987	0.014609902165830135	0.042381759732961655	0.0043466342613101006	0.0266758743673563	-0.005823807325214148	-0.0024711028672754765	-0.006519954185932875	-0.163385808467865	0.003862677840515971	0.05389122664928436	-0.0019412453984841704	0.01115533709526062	0.00304766115732491	0.015934843569993973	-0.0016152493190020323	0.005658274982124567	0.011213487014174461	0.021468359977006912	-0.029046814888715744	-0.1115667074918747	-0.008212035521864891	-0.08521664887666702
ENSMUSG00000028008	0.010762251913547516	0.008798583410680294	-0.005561994854360819	0.00657445564866066	0.0018798583187162876	-0.0008517332607880235	-0.009072918444871902	-0.08817873895168304	-0.0029139274265617132	0.057255182415246964	0.0052221487276256084	0.01196874026209116	-0.001530756475403905	0.008767335675656796	-0.0013473278377205133	-0.04488165304064751	0.006268961820751429	0.005131100304424763	-0.0469319187104702	-0.1690603643655777	-0.0068199532106518745	-0.07716478407382965
ENSMUSG00000052234	0.02744244411587715	0.02403799444437027	0.006267689634114504	0.023500781506299973	-0.0016158889047801495	-0.001650582649745047	-0.007044635247439146	-0.04197819530963898	0.009425905533134937	0.05365000665187836	-0.005380256567150354	0.009175178594887257	0.0032387441024184227	0.017342552542686462	0.005891834385693073	-0.07142730802297592	0.03378686308860779	0.04481026157736778	-0.004407057538628578	-0.15688534080982208	-0.005759301595389843	-0.02635667845606804
ENSMUSG00000115439	0.006819301284849644	-0.005419181194156408	-0.0053800903260707855	-0.04368634149432182	-0.005361210089176893	-0.00627592159435153	-0.004985865205526352	-0.09310588985681534	-0.003657415509223938	0.033402424305677414	-0.00036473741056397557	0.009328258223831654	0.0022327140904963017	0.013236472383141518	0.0008432527538388968	-0.1651192605495453	0.027606267482042313	0.040761373937129974	-0.03181953355669975	-0.0681908056139946	-0.009981056675314903	-0.08675794303417206
ENSMUSG00000027570	0.012437977828085423	0.026436330750584602	0.009191152639687061	0.012901383452117443	-0.0074872239492833614	0.004252238664776087	0.003519773483276367	0.07141875475645065	0.014823428355157375	0.028523407876491547	-0.015969330444931984	-0.016245117411017418	0.0036839842796325684	0.018101640045642853	-0.023804517462849617	0.07073643058538437	0.03213992342352867	0.05117308720946312	0.02806781977415085	0.09752044081687927	-0.0053155855275690556	0.06508972495794296
ENSMUSG00000024526	0.015468668192625046	0.0304714385420084	0.007718452252447605	0.018611982464790344	-0.01106369961053133	0.002347409725189209	0.004929850809276104	0.06200719252228737	0.016211437061429024	0.038326166570186615	-0.0164934229105711	-0.010323421098291874	0.004580634646117687	0.014620465226471424	-0.022360481321811676	0.06740692257881165	0.03272693231701851	0.052343059331178665	0.03033590130507946	0.10730117559432983	-0.0018522206228226423	0.054576434195041656
ENSMUSG00000024066	0.015080723911523819	0.045411914587020874	0.002078485442325473	0.021731283515691757	0.0001063697854988277	-0.0009931190870702267	-0.0073572080582380295	-0.041784144937992096	0.005833030212670565	0.027246465906500816	-0.0004643077845685184	0.007345467805862427	0.0009400952840223908	0.00874846801161766	-0.00293711363337934	-0.07095158845186234	0.01886383816599846	0.027467846870422363	-0.046412140130996704	-0.12735553085803986	-0.006962674669921398	-0.07896434515714645
ENSMUSG00000094810	-0.004231705330312252	0.0027196535374969244	-0.007487211376428604	-0.001326864236034453	0.0007331027882173657	-0.0006377009558491409	-0.014808446168899536	-0.11821233481168747	-0.007336312439292669	0.023156406357884407	0.005854126997292042	0.011118275113403797	0.0018066924531012774	0.00014544560690410435	-0.002044234424829483	-0.0909276232123375	0.013968436978757381	0.004551885649561882	-0.039699066430330276	-0.10174038261175156	-0.008082223124802113	-0.07958110421895981
ENSMUSG00000095075	0.0020547520834952593	0.007592339999973774	-0.0047608972527086735	-0.0008091229246929288	-0.009619150310754776	0.002495257882401347	-0.013355694711208344	-0.10459749400615692	0.0036342705134302378	0.005953232757747173	-0.011252641677856445	0.029420500621199608	0.0069624437019228935	0.010708115063607693	-0.003507735673338175	-0.007270785979926586	0.026709044352173805	0.003305490128695965	-0.007442033849656582	-0.004335763864219189	-0.009078220464289188	-0.04870474711060524
ENSMUSG00000025268	0.0023178705014288425	0.008073560893535614	-0.0012719392543658614	-0.019265100359916687	0.015651417896151543	-0.007932142354547977	0.001826319145038724	0.111786849796772	-0.0005189059302210808	-0.004523934796452522	-0.013071799650788307	-0.0035007840488106012	-0.00414607860147953	0.006119747180491686	-0.02449464239180088	0.0010749147040769458	0.011024459265172482	0.008760993368923664	-0.08368212729692459	-0.09393595904111862	-0.009536311961710453	0.027181457728147507
ENSMUSG00000117786	0.020793555304408073	0.023610997945070267	0.010893943719565868	0.023786162957549095	-0.0028201593086123466	-0.004949032794684172	-0.0027339716907590628	-0.07689253985881805	0.006717589683830738	0.03148913010954857	-0.002683934522792697	0.004436647519469261	0.001609060331247747	0.005932459607720375	-0.0010684290900826454	-0.01073960866779089	0.03709222748875618	0.03570971637964249	-0.0262604933232069	-0.10445316135883331	-0.007357118651270866	-0.05994550883769989
ENSMUSG00000047084	0.007326310966163874	0.01636194996535778	-0.0041486723348498344	0.02430611290037632	-0.023456720635294914	0.007485400419682264	0.03872954845428467	0.23650994896888733	0.023296460509300232	0.010452318005263805	-0.004925280809402466	-0.022299831733107567	0.012492206878960133	0.008513293229043484	-0.005621482152491808	0.21538609266281128	-0.002831199672073126	0.061266545206308365	0.0907682329416275	0.39824408292770386	0.008989187888801098	0.36973828077316284
ENSMUSG00000115167	0.020775821059942245	0.02870532125234604	0.023032793775200844	0.0075451768934726715	0.00045422487892210484	-0.004835894331336021	-0.005709538236260414	-0.050845757126808167	-0.0068905409425497055	0.03483271971344948	-0.0004259060660842806	0.0041132038459181786	-0.0031354085076600313	0.002602212131023407	-0.0023172295186668634	-0.06172163411974907	0.040995314717292786	0.027784723788499832	0.0022815123666077852	0.026939399540424347	-0.008403381332755089	-0.05510265752673149
ENSMUSG00000085036	0.01799234189093113	0.01745389774441719	0.018308069556951523	0.0069607640616595745	-0.007359490264207125	-0.0033783370163291693	-0.004782159347087145	-0.08935078978538513	0.010561756789684296	0.05290289968252182	-0.005876679439097643	0.006955289747565985	0.0066893636249005795	0.005635966546833515	-0.0012262096861377358	0.01069285161793232	0.027047980576753616	0.044768236577510834	-0.018627215176820755	-0.07590827345848083	-0.0065172272734344006	-0.021643366664648056
ENSMUSG00000114470	0.010337745770812035	0.020193617790937424	0.00012349105963949114	0.017773451283574104	-0.013145992532372475	0.0017270657699555159	0.020172415301203728	0.1110665425658226	0.008128469809889793	0.019448986276984215	-0.016124214977025986	-0.03462376073002815	0.01474667713046074	0.016168786212801933	-0.03449331223964691	0.09823626279830933	0.016407471150159836	0.047609176486730576	0.10293561965227127	0.2176702320575714	0.016962623223662376	0.06621678918600082
ENSMUSG00000039632	-0.10803068429231644	-0.22050966322422028	-0.026485972106456757	-0.05192337557673454	-0.0328693650662899	-0.07932398468255997	0.025736751034855843	-0.1055631935596466	-0.04727441817522049	-0.22943781316280365	-0.01883648708462715	-0.014530365355312824	-0.013789267279207706	-0.02652907930314541	0.04801816865801811	-0.24066951870918274	-0.16050326824188232	-0.27358344197273254	0.2254774421453476	-0.6104251742362976	-0.00779779814183712	-0.41069161891937256
ENSMUSG00000114417	0.018432971090078354	0.030152762308716774	0.015110359527170658	0.016858909279108047	-0.005026199389249086	-0.003277290379628539	-0.006633384618908167	-0.08783517777919769	0.013222448527812958	0.03686496615409851	-0.011286650784313679	0.004027399234473705	0.0010611788602545857	0.012194079346954823	-0.0063173514790833	0.04794789478182793	0.04396440461277962	0.016166938468813896	-0.020665515214204788	0.0006292461766861379	-0.0060588289052248	-0.03913215920329094
ENSMUSG00000115381	-0.012770873494446278	0.012851892970502377	-0.013548463582992554	-0.008190236985683441	-0.003791882423684001	-0.0002817061613313854	-0.00930568017065525	-0.07589263468980789	0.00717574916779995	-0.02859795093536377	0.005669538397341967	0.010222521610558033	-0.0032409769482910633	-0.0005970353959128261	-0.0036509502679109573	-0.11512432992458344	0.028827622532844543	0.05678064003586769	-0.04969775676727295	-0.15225204825401306	-0.00693855993449688	-0.13392919301986694
ENSMUSG00000053897	0.013071322813630104	0.031551603227853775	0.0042795827612280846	0.01973378285765648	-0.014620491303503513	0.006185593549162149	0.004447097424417734	0.06942638009786606	0.014475109986960888	0.034841977059841156	-0.013164382427930832	-0.010023032315075397	0.003559223609045148	0.013794826343655586	-0.01571301929652691	0.0944337546825409	0.017637046054005623	0.043457187712192535	-0.005044147837907076	0.010453842580318451	-0.0034773009829223156	0.04522157087922096
ENSMUSG00000066677	0.01704978756606579	0.03159945085644722	0.0002516004315111786	0.026221899315714836	-0.0007787985960021615	-0.0018880837596952915	-0.007866380736231804	-0.08067566156387329	0.0014723000349476933	-0.007100291084498167	-0.0002450111205689609	0.006854036822915077	0.0024954264517873526	0.0039477101527154446	-0.0007422368507832289	-0.06204517185688019	0.011402576230466366	-0.009315958246588707	-0.04203582927584648	-0.08863996714353561	-0.0072593349032104015	-0.08738003671169281
ENSMUSG00000026616	0.007788632996380329	0.01886628568172455	0.0018660688074305654	-0.000945666222833097	-0.004357871133834124	-0.00016785603656899184	-0.01360152568668127	-0.017664311453700066	0.00207161926664412	0.023197900503873825	-0.00315241701900959	0.006868738681077957	-0.0007299144635908306	0.009997766464948654	-0.0027415635995566845	-0.09011411666870117	0.014906143769621849	0.009615066461265087	-0.01644231379032135	0.09460768103599548	-0.004186044912785292	-0.007586007937788963
ENSMUSG00000018572	0.0060204146429896355	0.005833140574395657	-0.027776839211583138	0.017392007634043694	-0.016457602381706238	0.0022954537998884916	0.07009705156087875	0.17250658571720123	0.03387219086289406	0.01450931653380394	-0.008706366643309593	-0.012978230603039265	0.030714642256498337	0.00574018619954586	-0.06645290553569794	0.04202578216791153	-0.027086907997727394	0.02439081482589245	0.11316946893930435	0.4396587014198303	0.08919844031333923	0.3102070093154907
ENSMUSG00000085580	-0.005076313391327858	0.005224600434303284	-0.005444461479783058	0.015273906290531158	-0.002576896222308278	-0.002698179567232728	-0.01339202281087637	-0.09286515414714813	-0.00015169860853347927	0.009565179236233234	0.003594462526962161	0.011274321936070919	-0.003194674849510193	-0.0022217498626559973	0.0020011181477457285	-0.042038775980472565	0.028583161532878876	-0.018600497394800186	-0.05266493931412697	-0.1682748943567276	-0.007878189906477928	-0.06504395604133606
ENSMUSG00000028029	0.007735447492450476	0.016238344833254814	-0.00451637851074338	0.04532410204410553	-0.01892506517469883	0.006772356107831001	0.0169519055634737	0.31611764430999756	0.016664553433656693	0.01201420184224844	-0.005341288633644581	-0.018142379820346832	0.007441048510372639	0.008680121041834354	-0.020797977223992348	0.32371798157691956	-0.0009119718451984227	0.06364466995000839	0.04284992814064026	0.5031872391700745	-0.005291827488690615	0.5257418155670166
ENSMUSG00000101086	0.015943903475999832	0.04549695551395416	0.0051239714957773685	0.016594409942626953	-0.0004091406299266964	-0.0022202497348189354	-0.0064811427146196365	-0.0477963350713253	0.009435403160750866	0.0618673674762249	-0.0005637084832414985	0.009280784986913204	0.0042556049302220345	0.012071230448782444	-0.002973909955471754	-0.03779802843928337	0.010259188711643219	0.0373668409883976	-0.03967157006263733	-0.16801387071609497	-0.009065640158951283	-0.07847122848033905
ENSMUSG00000110534	0.02042868547141552	0.02722398191690445	0.009076772257685661	0.020367469638586044	-0.00664652232080698	-0.00016357790445908904	0.00172679394017905	-0.09375736117362976	0.014237971045076847	0.014627975411713123	-0.012288039550185204	0.005321004893630743	0.0022825414780527353	-0.010009375400841236	-0.008995833806693554	0.025467224419116974	0.02336787059903145	0.04670894518494606	0.00900186225771904	-0.013487336225807667	-0.006742636673152447	-0.0003511998802423477
ENSMUSG00000083814	-0.004671132192015648	-0.011134898290038109	-0.0027701985090970993	-0.037349916994571686	0.0024257840123027563	0.006187306251376867	0.01531634945422411	-0.1488630622625351	-0.002593511715531349	-0.05871255695819855	0.0036766177508980036	0.00964815728366375	0.00014902975817676634	-0.02683716081082821	0.02421022206544876	-0.17826591432094574	-0.03673563525080681	-0.0914791077375412	-0.029511434957385063	-0.08308573812246323	-0.0015865229070186615	-0.10608366876840591
ENSMUSG00000037708	0.0077420626766979694	0.010415461845695972	0.001040543895214796	0.015752708539366722	-0.012282167561352253	0.007648546248674393	-0.007870439440011978	0.03346063569188118	0.007117952685803175	0.020026352256536484	-0.012938592582941055	-0.010297054424881935	0.002263653324916959	0.008650393225252628	-0.01459084078669548	0.13932578265666962	0.017622359097003937	0.07164351642131805	-0.029470717534422874	-0.05455390363931656	-0.0052264658734202385	-0.02669750712811947
ENSMUSG00000118217	0.017733843997120857	0.010186361148953438	0.006919172592461109	0.007434776984155178	-0.011166298761963844	-0.009362521581351757	0.00366234895773232	-0.002105097286403179	0.023294150829315186	0.01030296552926302	-0.005025723949074745	-0.004821776878088713	0.013165316544473171	0.012646612711250782	-0.01645902544260025	0.04046182706952095	0.024577176198363304	0.03340286388993263	0.12398919463157654	0.21079294383525848	0.00846972968429327	0.039226703345775604
ENSMUSG00000108426	0.003919921349734068	0.0060639167204499245	-0.005409924313426018	0.01604357548058033	-0.0018453383818268776	-0.0005586165934801102	-0.015494158491492271	-0.09304400533437729	-0.01266318466514349	0.022363528609275818	0.000935911841224879	0.011414710432291031	0.009916381910443306	0.0011294933501631021	-0.005261009559035301	-0.06511837244033813	-0.007118799723684788	-0.029457082971930504	-0.015385613776743412	-0.07311704009771347	-0.0032666604965925217	-0.05319793522357941
ENSMUSG00000085037	0.008690427988767624	0.031425222754478455	0.004101295955479145	0.028374984860420227	-0.02167782559990883	0.006532649509608746	0.0007576763164252043	0.21729569137096405	0.02046775259077549	0.01184926275163889	0.011969637125730515	-0.017587417736649513	-0.018658272922039032	0.014079197309911251	0.0013717205729335546	0.30041980743408203	0.008309520781040192	0.0537470243871212	0.04754338786005974	0.2881636321544647	-0.005899547133594751	0.31154173612594604
ENSMUSG00000107765	-0.013467236422002316	0.015463341027498245	0.050451528280973434	-0.012734231539070606	-0.007461394648998976	-1.9256496671005152e-05	-0.046030763536691666	-0.09626505523920059	-0.010020183399319649	0.001902508083730936	0.024781769141554832	0.08024396747350693	-0.006219014059752226	-0.005341714713722467	0.11046221852302551	-0.04923023656010628	-0.01794584095478058	0.0039368076249957085	-0.0017782035283744335	-0.016574617475271225	-0.0021728803403675556	-0.029923219233751297
ENSMUSG00000024712	0.008794976398348808	0.018132466822862625	0.002799773123115301	0.0257383044809103	-0.024318167939782143	0.004778382368385792	0.01133523229509592	0.2433125525712967	0.011979218572378159	0.013566065579652786	-0.01007799617946148	-0.026243992149829865	-0.0006271185120567679	0.01920129917562008	0.008009710349142551	0.3088866174221039	0.015856772661209106	0.05828717350959778	0.03157922625541687	0.24878890812397003	-0.00792835932224989	0.2985553741455078
ENSMUSG00000118509	-0.011116518639028072	0.0020982257556170225	-0.0028914723079651594	-0.011083134450018406	0.0037345238961279392	-0.005434579215943813	-0.02082652598619461	-0.08084123581647873	0.0028811590746045113	0.015437199734151363	0.022131888195872307	0.00541048776358366	-0.004988271743059158	-0.003705310169607401	-0.0022426352370530367	-0.0666523352265358	-0.0417281873524189	0.022589510306715965	-0.011789482086896896	0.07106732577085495	-0.010891173966228962	-0.1138157844543457
ENSMUSG00000089768	0.0036751958541572094	0.018440525978803635	-0.0007486325339414179	-0.018655043095350266	0.003907736390829086	-0.0007800820749253035	-0.01709538884460926	0.10155146569013596	-0.01779210940003395	0.010731416754424572	0.009605747647583485	0.0075796544551849365	-0.016261238604784012	0.0020785394590348005	0.011893604882061481	0.06719417870044708	-0.02885535918176174	0.00537780812010169	-0.0365857370197773	-0.11745353788137436	-0.006901411339640617	-0.05232829228043556
ENSMUSG00000106896	0.0036269337870180607	0.04454033076763153	-0.004488292150199413	0.018661461770534515	-0.00744256004691124	0.002800591057166457	-0.004913399461656809	0.04594624042510986	0.010790376923978329	0.031843606382608414	-0.03694407641887665	-0.006059187464416027	0.006612654309719801	0.014064602553844452	-0.045244768261909485	0.04101422429084778	0.027359019964933395	0.03086046688258648	0.056420449167490005	0.1318056285381317	0.022536855190992355	-0.002950222697108984
ENSMUSG00000067873	-0.0008051539771258831	0.018074894323945045	0.001688081189058721	0.03703467547893524	0.008570916019380093	-0.001976190134882927	-0.012508715502917767	0.26712942123413086	-0.022870512679219246	0.0016663591377437115	0.0006337695522233844	-0.00359487091191113	-0.013284214772284031	0.007001551799476147	0.0035921570379287004	0.3315337002277374	0.015058130957186222	0.033440254628658295	0.024818286299705505	0.5298025012016296	-0.008899310603737831	0.4462624788284302
ENSMUSG00000019889	0.006332759745419025	0.019871611148118973	0.0016271078493446112	0.02889527566730976	-0.025924623012542725	0.006572723854333162	0.00824938528239727	0.3062598705291748	0.01037596259266138	0.011170545592904091	-0.012471282854676247	-0.02618609368801117	0.013468083925545216	0.014410656876862049	-0.015371900051832199	0.32785043120384216	0.009377188980579376	0.07944473624229431	0.015838434919714928	0.49161723256111145	-0.007884266786277294	0.28336217999458313
ENSMUSG00000106957	-0.012028757482767105	0.022107629105448723	0.007877204567193985	0.009425545111298561	-0.001918568043038249	-0.0034477112349122763	-0.005975933745503426	-0.06722553074359894	-0.0008013335755094886	0.025995979085564613	0.010300785303115845	0.008266491815447807	0.004498531110584736	-0.000795155530795455	0.003806379623711109	-0.06553713977336884	0.004522764589637518	0.02029435709118843	-0.03713071346282959	-0.13639433681964874	-0.007829198613762856	-0.0440114364027977
ENSMUSG00000024875	0.006342728156596422	0.017634954303503036	0.0013467721873894334	0.014258276671171188	-0.02050747722387314	0.005181115120649338	0.00707593560218811	0.23594044148921967	0.00790462363511324	0.012951154261827469	0.010265551507472992	-0.022258782759308815	0.007456200197339058	0.013146988116204739	-0.0034408613573759794	0.27270200848579407	0.011827372014522552	0.04069977626204491	0.03636615723371506	0.19908559322357178	-0.007381823845207691	0.3530395030975342
ENSMUSG00000030058	0.010914463549852371	0.029995277523994446	0.0010957579361274838	0.011801132000982761	-0.018036125227808952	0.008229618892073631	0.00878739170730114	0.20306991040706635	0.017214065417647362	0.01787305809557438	-0.01932443678379059	-0.018821896985173225	0.008239302784204483	0.013625801540911198	-0.02604217454791069	0.24752908945083618	0.018464308232069016	0.06152419000864029	0.07114067673683167	0.22262606024742126	-0.005423125810921192	0.26213908195495605
ENSMUSG00000039741	0.010556395165622234	0.016478484496474266	-0.006120519246906042	-0.0012800139375030994	-0.01229355949908495	0.006127434317022562	0.03148176893591881	0.13677529990673065	0.022282950580120087	0.013640927150845528	-0.017976345494389534	0.0009218076593242586	0.01637362316250801	0.008867528289556503	-0.04128814861178398	0.08891725540161133	0.008961743675172329	0.019869647920131683	0.07362460345029831	0.26477304100990295	0.01686013489961624	0.23647095263004303
ENSMUSG00000007050	0.005020031705498695	0.015885619446635246	-0.008505999110639095	0.02890981361269951	-0.02503388561308384	0.0047318655997514725	0.0479644238948822	0.26764312386512756	0.025576137006282806	0.009278281591832638	-0.0003884209436364472	-0.028816182166337967	0.018977945670485497	0.006496450863778591	0.0032601356506347656	0.2723017930984497	-0.005084067117422819	0.06741292774677277	0.09705828875303268	0.44459792971611023	0.02006937563419342	0.43669986724853516
ENSMUSG00000072259	0.016092931851744652	0.0014717481099069118	0.004285161383450031	0.009770219214260578	-0.002693221205845475	-0.0037139221094548702	0.0007689103949815035	-0.062247928231954575	0.005951082333922386	0.06629227101802826	-0.006042939610779285	0.01017135102301836	-0.00028494567959569395	0.01333713810890913	-0.0019704813603311777	-0.017699720337986946	0.02589312754571438	0.0032102244440466166	0.006360664498060942	-0.10117729008197784	-0.007402977906167507	-0.08791477978229523
ENSMUSG00000095174	0.026327352970838547	0.028491158038377762	0.0049536507576704025	0.022583765909075737	-0.00702655129134655	-0.003406794974580407	-0.00037739635445177555	-0.05389498546719551	0.007243381813168526	0.04511091113090515	0.0007711205398663878	0.00934883113950491	0.007672871928662062	0.016641627997159958	0.002058799611404538	-0.016962220892310143	0.038532890379428864	0.03619616851210594	0.019540583714842796	0.01708444207906723	-0.005144175142049789	-0.056021351367235184
ENSMUSG00000034919	0.014293422922492027	0.034604381769895554	0.0070417411625385284	0.015438246540725231	-0.012447724118828773	0.008739342913031578	0.003915521316230297	0.11088061332702637	0.012797491624951363	0.02784734219312668	-0.017928121611475945	-0.02499913051724434	0.006231490522623062	0.01881149224936962	-0.029424916952848434	0.13390588760375977	0.02942749112844467	0.040393490344285965	-0.008223232813179493	0.05347127094864845	-0.0040304516442120075	0.05400163307785988
ENSMUSG00000032717	0.010321923531591892	0.0227470975369215	-0.004835667088627815	0.017970910295844078	-0.013462314382195473	0.0035326287616044283	0.018534155562520027	0.09185899794101715	0.019763091579079628	0.017963388934731483	-0.021166233345866203	-0.012822202406823635	0.012701698578894138	0.012984874658286572	-0.036349400877952576	0.1663864254951477	0.016570882871747017	0.04484088718891144	0.11866171658039093	0.17059503495693207	0.012537937611341476	0.1602422297000885
ENSMUSG00000072419	0.008607354015111923	0.025905007496476173	-0.0087372325360775	0.02356850542128086	-0.012478369288146496	0.006976165343075991	0.03577381372451782	0.07400893419981003	0.026808613911271095	0.020799336954951286	-0.009737045504152775	-0.018092211335897446	0.020559722557663918	0.010340682230889797	-0.038731899112463	0.15031848847866058	0.00196428457275033	0.0435112901031971	0.11196330934762955	0.4603649079799652	0.030560245737433434	0.18233045935630798
ENSMUSG00000031461	0.0282029677182436	0.03753366693854332	0.009830242022871971	0.027576126158237457	-0.005695306230336428	-0.003025980666279793	-0.0007596997893415391	-0.07656871527433395	0.008361738175153732	0.051633819937705994	-0.007426902651786804	0.006115471012890339	0.0015304157277569175	0.012915045954287052	0.003190008457750082	-0.025372695177793503	0.031097691506147385	0.026696477085351944	-0.01466177124530077	-0.1232701987028122	-0.0073881070129573345	-0.11689706146717072
ENSMUSG00000020429	0.02113107405602932	0.042816683650016785	-0.00042407444561831653	0.013517385348677635	-0.003718749387189746	0.0014787543332204223	-0.0057083056308329105	-0.030949661508202553	0.01363440416753292	0.029478203505277634	-0.0005339670460671186	0.007180516608059406	0.014487465843558311	0.007806647568941116	-0.006347309798002243	-0.014460975304245949	0.009541178122162819	0.00625344505533576	-0.029962947592139244	-0.15740589797496796	0.00026591718778945506	-0.02881462313234806
ENSMUSG00000004996	0.010218041017651558	0.021734092384576797	-0.00047481435467489064	0.014828849583864212	-0.021014556288719177	0.007151925936341286	0.01863369159400463	0.21046067774295807	0.0131919477134943	0.012086744420230389	-0.020543618127703667	-0.0217696912586689	0.0022411346435546875	0.015218186192214489	-0.009739268571138382	0.2782222628593445	0.014262988232076168	0.05972293019294739	0.07385066151618958	0.26179736852645874	-0.0026086592115461826	0.2570357322692871
ENSMUSG00000115610	0.0034696280490607023	0.038571812212467194	0.0020858373027294874	0.0008964149164967239	0.00872319657355547	-0.0063003841787576675	-0.005410065874457359	0.0015933082904666662	-0.011690898798406124	0.022633783519268036	0.0006232689484022558	0.0021586036309599876	-0.013109239749610424	0.020501408725976944	-0.013892153277993202	0.050193678587675095	0.017797086387872696	0.006855483632534742	-0.0034513038117438555	0.033792559057474136	-0.007220500148832798	0.03935621678829193
ENSMUSG00000002731	0.007150688674300909	0.015158040449023247	0.0006682521780021489	0.006369077134877443	-0.02323765493929386	0.003082847921177745	-0.007098864298313856	0.24558739364147186	0.009514102712273598	0.014275970868766308	-0.013139734044671059	-0.018391190096735954	0.00403987243771553	0.015497163869440556	-0.01773085445165634	0.3295433819293976	0.010850298218429089	0.0636642724275589	-0.0021680521313101053	0.3328683078289032	-0.0078083062544465065	0.2821245789527893
ENSMUSG00000112202	0.02360554412007332	0.009831267409026623	0.010118085891008377	0.020341603085398674	-0.001873606350272894	-0.0043357061222195625	-0.004768259357661009	-0.0601048469543457	0.0027653095312416553	0.05656005069613457	-0.008560828864574432	0.012809847481548786	0.0010130207519978285	0.01099063828587532	0.0032524096313863993	-0.055750951170921326	0.0428941585123539	0.024986328557133675	-0.045313745737075806	-0.08761503547430038	-0.007611724082380533	-0.07941459864377975
ENSMUSG00000086092	0.019163187593221664	0.0391082726418972	0.003088632132858038	0.016079969704151154	-0.003625287441536784	-0.006829134188592434	-0.0077790142968297005	-0.08065531402826309	0.004676696378737688	0.009347732178866863	-0.005531292408704758	0.010778282769024372	0.002760831033810973	0.0008092798525467515	0.0010203992715105414	-0.00034572751610539854	0.026449983939528465	0.0122216260060668	-0.027304086834192276	-0.03747947886586189	-0.0075094993226230145	-0.09838291257619858
ENSMUSG00000107473	0.0063870917074382305	-0.009707959368824959	-0.0198004562407732	-0.0006768556195311248	-0.010821230709552765	-0.0011896088253706694	-0.025316400453448296	-0.10108374804258347	-0.0054534184746444225	0.019037539139389992	0.006711953319609165	0.011802902445197105	-0.00304555706679821	0.011719140224158764	0.06667567044496536	-0.15871267020702362	0.0037660012021660805	-0.01736140064895153	-0.03655429184436798	-0.014196014031767845	-0.008437794633209705	-0.03698660433292389
ENSMUSG00000085449	0.006407880689948797	0.005863223224878311	0.0044373320415616035	0.0190497525036335	0.0010785780614241958	-0.002692457986995578	-0.007466716691851616	-0.0922476127743721	0.0005455512437038124	0.033614400774240494	0.01046147570014	0.010025246068835258	-0.0007739045540802181	-0.008974455296993256	-0.0022148177959024906	-0.030962564051151276	0.020115794613957405	0.055652160197496414	-0.0480719655752182	-0.17973580956459045	-0.006877092644572258	-0.10668586939573288
ENSMUSG00000102718	0.00858062133193016	-0.0256272554397583	-0.012337968684732914	-0.006451635155826807	0.002850918099284172	0.001919343019835651	-0.022494683042168617	-0.0968078151345253	0.011522168293595314	0.01993398927152157	0.007988806813955307	0.004412547219544649	-0.004113092087209225	0.0018275874899700284	0.09609385579824448	-0.10706919431686401	0.029616067185997963	0.02339106984436512	-0.02558460459113121	0.018156884238123894	-0.009425077587366104	-0.024340994656085968
ENSMUSG00000103613	0.030864253640174866	0.025809789076447487	0.01769484207034111	0.014231350272893906	-0.005954833701252937	-0.000807820470072329	-0.00016650550242047757	-0.02072884328663349	0.024844273924827576	0.03848748281598091	0.007540028542280197	0.0002928698086179793	-0.0021299479994922876	0.010227170772850513	-0.012271689251065254	0.01089233998209238	0.05113191902637482	0.03465314954519272	-0.007786059286445379	-0.016737869009375572	-0.004454053472727537	-0.02865307405591011
ENSMUSG00000078808	0.006666175089776516	0.001980653265491128	0.004441228695213795	-0.01422849204391241	-0.004475612659007311	-0.0003076633147429675	-0.005303837824612856	-0.06568354368209839	-0.0009454896789975464	-0.01604565605521202	-0.0009544201311655343	0.011651648208498955	0.0009146540542133152	0.002028274117037654	-0.0028756142128258944	-0.08584506809711456	0.01875508762896061	-0.0060134525410830975	-0.051195062696933746	-0.20747239887714386	-0.0073450226336717606	-0.09933807700872421
ENSMUSG00000012819	0.018898701295256615	0.044463057070970535	0.013331223279237747	0.016094116494059563	-0.0025929466355592012	0.0044995262287557125	0.002466128207743168	-0.03535871580243111	0.014661185443401337	0.05377444252371788	-0.008764160796999931	-0.004587847739458084	-0.0013902325881645083	0.019769839942455292	-0.015331340953707695	0.008753323927521706	0.041080303490161896	0.06220663711428642	-0.02754540927708149	0.0006151896086521447	-0.005189070478081703	-0.010833939537405968
ENSMUSG00000029281	0.019920317456126213	0.0225675106048584	-0.0028483914211392403	0.030140215530991554	-0.0015205052914097905	-0.004476937465369701	-0.007003580220043659	-0.061032671481370926	-0.006087337154895067	0.023653507232666016	0.005568312015384436	0.010835772380232811	0.00046756002120673656	0.0014619642170146108	-0.006324027664959431	-0.15318235754966736	0.007995828986167908	0.035074662417173386	-0.03236886486411095	-0.09248862415552139	-0.008876490406692028	-0.062080077826976776
ENSMUSG00000032103	0.005133071448653936	0.015660369768738747	0.0025652246549725533	0.023968257009983063	-0.023771466687321663	0.007420613896101713	0.03672025352716446	0.2548105716705322	0.011585734784603119	0.010131338611245155	-0.0031223404221236706	-0.02043527364730835	0.00895643699914217	0.008553880266845226	0.002676081843674183	0.285158634185791	0.003315385663881898	0.045338891446590424	0.09732822328805923	0.4157963991165161	0.007067476399242878	0.3094114661216736
ENSMUSG00000040502	0.01344777550548315	0.02983013540506363	0.0014707227237522602	0.006503303535282612	-0.0224471315741539	-0.0006095574935898185	0.02676941081881523	0.14111551642417908	0.01882801204919815	0.016222061589360237	-0.024998437613248825	-0.01953195035457611	0.002250429941341281	0.013350065797567368	-0.01577562279999256	0.05364922061562538	0.019683128222823143	0.046933989971876144	0.04239089414477348	0.11240565031766891	0.010039202868938446	0.24680708348751068
ENSMUSG00000043385	0.03129377216100693	0.018137892708182335	-0.0038362734485417604	0.0186738520860672	-0.003443858353421092	-0.0005436232895590365	-0.01100130658596754	-0.07745777815580368	0.006074507255107164	0.01401058305054903	0.0018599687609821558	0.010476605966687202	0.01640504039824009	0.0014721170300617814	-0.004107818938791752	-0.120195172727108	-0.00445978157222271	-0.025568993762135506	-0.01938086748123169	-0.07368074357509613	-0.007534788455814123	-0.05274004489183426
ENSMUSG00000106537	0.03306278958916664	0.04328407719731331	0.03262095898389816	0.016971735283732414	-0.0007512587471865118	-0.003112608566880226	-0.0020707910880446434	-0.06832185387611389	-0.004547032527625561	0.03365515545010567	0.014071150682866573	0.0064310068264603615	-0.0009635878959670663	-0.016589803621172905	-0.004099609330296516	-0.03308643028140068	0.028926009312272072	0.020576629787683487	-0.037712279707193375	-0.15487967431545258	-0.007097508758306503	-0.08697573840618134
ENSMUSG00000105991	0.003525621024891734	0.03216855227947235	-0.006152187008410692	0.030492771416902542	-0.017473813146352768	0.011211453936994076	0.02132955566048622	0.2243918925523758	0.029145915061235428	0.011471161618828773	-0.0017223816830664873	-0.017387932166457176	0.020916132256388664	0.002024482237175107	-0.009692993946373463	0.2431742548942566	-0.015538398176431656	0.058150000870227814	0.07611856609582901	0.5601417422294617	0.01814877800643444	0.2498737871646881
ENSMUSG00000038280	0.014328144490718842	0.022254183888435364	0.0046991584822535515	-0.00018875881505664438	-0.010936567559838295	0.00437489990144968	0.006981260608881712	0.06271033734083176	0.01350229512900114	0.020145244896411896	-0.01573808863759041	-0.010316038504242897	0.005621262826025486	0.012080253101885319	-0.024350354447960854	0.07764367014169693	0.02813692018389702	0.04832952842116356	0.028728874400258064	0.07849778234958649	-0.000653363938909024	0.03727980703115463
ENSMUSG00000120208	0.02466445043683052	0.026500964537262917	0.0037613597232848406	0.02729257568717003	-0.0028711920604109764	-0.0011732301209121943	-0.006167418323457241	-0.12150099128484726	0.0030233515426516533	0.04979074001312256	0.001971693942323327	0.012116475030779839	0.004488928709179163	-0.0037608190905302763	0.0010378481820225716	-0.06976305693387985	0.006964748725295067	-0.0327131450176239	-0.03896361216902733	-0.16724233329296112	-0.006480317562818527	-0.07067017257213593
ENSMUSG00000092365	0.017500296235084534	0.03347893804311752	0.006611133925616741	0.01762806437909603	-0.018372422084212303	0.007487546186894178	0.002822868525981903	0.07578679919242859	0.020134611055254936	0.02753794938325882	-0.017039744183421135	-0.014441113919019699	0.004815575201064348	0.017470529302954674	-0.021838359534740448	0.08894547820091248	0.026342056691646576	0.046307601034641266	0.030387692153453827	0.1729060411453247	0.002265892457216978	0.13011793792247772
ENSMUSG00000037625	0.012396534904837608	0.03516300767660141	0.008621242828667164	0.01375704538077116	-0.0024379759561270475	0.007959690876305103	0.0005703057977370918	0.009827419184148312	0.014757799915969372	0.02065989002585411	-0.012144479900598526	-0.002155735855922103	0.0004710321081802249	0.015012494288384914	-0.021428022533655167	0.05575062334537506	0.034615810960531235	0.037118181586265564	-0.023704761639237404	-0.10501368343830109	-0.005602180492132902	-0.057171229273080826
ENSMUSG00000085077	0.01077486015856266	-0.01143733598291874	-0.006015104241669178	0.005394013598561287	0.0005600946024060249	-0.005477899219840765	-0.011929512023925781	-0.08587288111448288	-0.0038224877789616585	0.01835806854069233	0.003511914052069187	0.010561598464846611	-0.002118743024766445	0.0017021086532622576	-0.0009524476481601596	0.013993842527270317	0.018498361110687256	0.017769325524568558	-0.012857330031692982	-0.09293467551469803	-0.008659650571644306	-0.08454616367816925
ENSMUSG00000047342	0.008459051139652729	0.01759437844157219	0.0016524019883945584	0.01156726572662592	-0.01834902912378311	0.00775714498013258	0.007351232226938009	0.1796988695859909	0.01618901453912258	0.01550474762916565	-0.016047250479459763	-0.016314683482050896	0.012085596099495888	0.012237581424415112	-0.016794510185718536	0.2871665358543396	0.012872928753495216	0.03674353286623955	0.023771632462739944	0.3748358488082886	-0.005718189291656017	0.22940249741077423
ENSMUSG00000112904	0.006393653340637684	-0.024682991206645966	-0.0014131568605080247	-0.0239669531583786	-0.003724491223692894	-0.003118175780400634	-0.006139297969639301	-0.09892239421606064	-0.003684503957629204	0.00792654138058424	0.00020711250544991344	0.015853039920330048	0.0011669339146465063	0.009023082442581654	-0.0023006401024758816	-0.061515580862760544	0.014949701726436615	-0.033199943602085114	-0.033470164984464645	-0.17128720879554749	-0.00968270841985941	-0.07308287918567657
ENSMUSG00000036894	-0.07725028693675995	-0.13921213150024414	0.01214799378067255	-0.08917570114135742	0.01094916183501482	0.013801950961351395	-0.007872603833675385	-0.1716100126504898	-0.010464864782989025	-0.20342369377613068	0.010457736440002918	-0.004793763626366854	-0.03997741639614105	-0.07226277887821198	-0.01385593879967928	-0.21365949511528015	-0.02931905724108219	-0.2397264987230301	-0.01738939993083477	-0.7040426135063171	0.007260803133249283	-0.5008283853530884
ENSMUSG00000110695	0.01913605071604252	0.006621704902499914	0.010980282910168171	-0.0029897838830947876	-0.00703040836378932	-0.006171149201691151	-0.0044854432344436646	-0.0589289665222168	0.015463758260011673	0.03296249732375145	-0.012153200805187225	0.0068658264353871346	0.007124498952180147	0.007613401394337416	-0.003400202142074704	0.006882894784212112	0.027393130585551262	0.009634542278945446	-0.010586614720523357	-0.0074684047140181065	-0.0060716355219483376	0.009255442768335342
ENSMUSG00000091585	-0.02630246803164482	-0.01577381230890751	-0.006342229433357716	-0.022538477554917336	0.005823110230267048	-0.001046105520799756	-0.006347512826323509	-0.081932432949543	-0.015501483343541622	-0.01745346002280712	0.006688876077532768	0.011000744067132473	-0.00787843856960535	-0.014773797243833542	-0.004240083042532206	-0.12698927521705627	-0.03338339179754257	-0.10117915272712708	-0.05780245363712311	-0.1830274611711502	-0.004648272879421711	-0.16864073276519775
ENSMUSG00000100402	0.0017134626396000385	-0.006625847890973091	0.0003114296996500343	0.02140931412577629	0.0006412073271349072	-0.0005023849662393332	-0.007348258513957262	-0.08328563719987869	0.011776954866945744	-0.0026866740081459284	0.005541021004319191	0.006076533813029528	0.0022008672822266817	0.0064100297167897224	-0.0014187325723469257	-0.05480597913265228	0.02542996220290661	0.004379680380225182	-0.04618772864341736	-0.16242794692516327	-0.00852382741868496	-0.10598547011613846
ENSMUSG00000121090	0.007363346870988607	0.022107280790805817	0.0025725532323122025	0.02582826465368271	-0.014678879640996456	0.005796564742922783	0.0024455939419567585	0.23874051868915558	0.009150640107691288	0.01016546506434679	0.0043717860244214535	-0.014302749186754227	-0.01921209506690502	0.014616814441978931	-0.008609063923358917	0.3205591142177582	0.008540855720639229	0.06863716244697571	0.03424163907766342	0.3457522988319397	-0.008070087060332298	0.3547731637954712
ENSMUSG00000053477	0.008143432438373566	0.029199734330177307	0.0017167222686111927	0.013185018673539162	-0.019180767238140106	0.010055542923510075	0.010587744414806366	0.1708982288837433	0.011604581959545612	0.012997087091207504	-0.015888890251517296	-0.015486037358641624	0.01253031101077795	0.011459781788289547	-0.024112198501825333	0.24617719650268555	0.013499399647116661	0.061538003385066986	0.005973925814032555	0.4049336910247803	-0.006820584647357464	0.3256686329841614
ENSMUSG00000048240	0.017537860199809074	0.043555907905101776	0.0033988417126238346	0.014135419391095638	-0.012172075919806957	-0.0018853215733543038	0.006513527594506741	0.04413054883480072	0.020506076514720917	0.025935746729373932	-0.020467979833483696	-0.005343378987163305	0.004314891993999481	0.011106099002063274	-0.02812173217535019	0.11845068633556366	0.03023076243698597	0.03193415328860283	0.04737874120473862	-0.051010798662900925	0.006424468941986561	0.07635553181171417
ENSMUSG00000097807	-0.10803068429231644	-0.22050966322422028	-0.026485972106456757	-0.05192337557673454	-0.0328693650662899	-0.07932398468255997	0.025736751034855843	-0.1055631935596466	-0.04727441817522049	-0.22943781316280365	-0.01883648708462715	-0.014530365355312824	-0.013789267279207706	-0.02652907930314541	0.04801816865801811	-0.24066951870918274	-0.16050326824188232	-0.27358344197273254	0.2254774421453476	-0.6104251742362976	-0.00779779814183712	-0.41069161891937256
ENSMUSG00000006344	0.025856250897049904	0.05030724033713341	0.011596433818340302	0.017962126061320305	-0.0044043175876140594	0.0012915012193843722	0.002234916901215911	-0.03891011327505112	0.012808623723685741	0.054429791867733	-0.006969851441681385	0.008354024961590767	0.0013882028870284557	0.009931718930602074	-0.007171994540840387	-0.00736705306917429	0.03751683235168457	0.06605959683656693	0.012026074342429638	-0.0006088027148507535	-0.0044886451214551926	-0.03819883242249489
ENSMUSG00000045291	0.036980755627155304	0.019213365390896797	0.0027202111668884754	0.034073956310749054	-0.00484142592176795	-0.0021570289973169565	-0.009453870356082916	-0.11136230826377869	0.004725376144051552	0.006233888678252697	-0.001897074282169342	0.012802911922335625	0.005180704407393932	0.010483184829354286	0.013804890215396881	-0.09450895339250565	0.026888951659202576	0.041171956807374954	-0.021822195500135422	-0.22344574332237244	-0.013614135794341564	-0.0831017941236496
ENSMUSG00000040037	0.003846378531306982	0.013199075125157833	0.00020538103126455098	0.01642480120062828	-0.010292035527527332	0.0024162873160094023	-0.0077837686985731125	0.24816037714481354	0.0005076105589978397	0.015089956112205982	-0.006033714395016432	-0.03762881085276604	-0.0007693291991017759	0.018326370045542717	-0.007218085695058107	0.27366411685943604	0.009921865537762642	0.05873063579201698	-0.026240486651659012	0.13370035588741302	-0.006897725630551577	0.12266187369823456
ENSMUSG00000110229	0.02441623993217945	0.03669257089495659	0.008240805938839912	0.017440075054764748	-0.0018863133154809475	0.0006380316335707903	-0.0033000123221427202	-0.07134165614843369	0.015903722494840622	0.0338386595249176	-0.007285041268914938	0.007723720744252205	0.0036607831716537476	0.0012563930358737707	-0.003642846830189228	-0.01026748027652502	0.01674574986100197	0.015872551128268242	-0.030235083773732185	-0.12365610152482986	-0.0061631472781300545	-0.08005118370056152
ENSMUSG00000099541	-0.10803068429231644	-0.22050966322422028	-0.026485972106456757	-0.05192337557673454	-0.0328693650662899	-0.07932398468255997	0.025736751034855843	-0.1055631935596466	-0.04727441817522049	-0.22943781316280365	-0.01883648708462715	-0.014530365355312824	-0.013789267279207706	-0.02652907930314541	0.04801816865801811	-0.24066951870918274	-0.16050326824188232	-0.27358344197273254	0.2254774421453476	-0.6104251742362976	-0.00779779814183712	-0.41069161891937256
ENSMUSG00000015837	0.004770033527165651	0.02472897619009018	-0.011022273451089859	0.02945345640182495	-0.01679265685379505	0.013814284466207027	0.031891919672489166	0.23912997543811798	0.026459312066435814	0.014904968440532684	0.001521404949016869	-0.018829841166734695	0.029970578849315643	0.0030941322911530733	-0.026114188134670258	0.23787611722946167	-0.0170278437435627	0.0798945352435112	0.06252628564834595	0.5330290198326111	0.010871201753616333	0.3713057041168213
ENSMUSG00000104060	0.03242115676403046	0.03752732276916504	0.013974152505397797	0.02649620547890663	-0.009277336299419403	-0.0013670208863914013	-0.005598611664026976	-0.05517176166176796	0.024060532450675964	0.02404727041721344	-0.021300487220287323	0.004046173766255379	-0.002207823796197772	0.017357492819428444	-0.004508217331022024	-0.006565142422914505	0.05829472467303276	0.055817779153585434	-0.0066813332960009575	-0.02492217719554901	-0.00562896765768528	0.008349349722266197
ENSMUSG00000105809	0.03628113120794296	0.022658847272396088	0.015412261709570885	-0.001655462197959423	-0.007419784553349018	-0.004197489004582167	-0.01124186534434557	-0.09161186963319778	0.006383107975125313	0.0436389297246933	0.000802523922175169	0.00964631512761116	0.0006880125147290528	-0.006287432741373777	-0.002385844476521015	-0.13243982195854187	0.007709485478699207	0.027243290096521378	-0.0285207387059927	0.02494749054312706	-0.01199440285563469	-0.06243080645799637
ENSMUSG00000075187	-0.008309897966682911	-0.007568462286144495	-0.004168981686234474	-0.022758934646844864	-0.006472697481513023	-0.0032050861045718193	-0.0050047109834849834	-0.07075976580381393	-0.0062482827343046665	-0.0970584973692894	-0.005266893655061722	0.006706821266561747	0.001964460127055645	0.013178599998354912	0.008386303670704365	-0.19434919953346252	0.029261693358421326	-0.016864869743585587	-0.027513807639479637	-0.02822965197265148	-0.017268262803554535	-0.017490124329924583
ENSMUSG00000110576	0.01340596005320549	-0.0060401298105716705	-0.0029003694653511047	-0.0021514268592000008	-0.0017445910489186645	-0.0028940769843757153	-0.0048249587416648865	-0.06791575253009796	0.0018929496873170137	-0.030192401260137558	0.0038545038551092148	0.009727519936859608	0.003599054180085659	0.005315830931067467	-0.0021880771964788437	-0.08139146119356155	0.01600557751953602	-0.0357525497674942	-0.03955376520752907	-0.28629401326179504	-0.007935256697237492	-0.13748463988304138
ENSMUSG00000030651	0.022982817143201828	0.02344951592385769	0.01532449945807457	0.004310139920562506	-0.0012346337316557765	-0.003031362546607852	-0.003220426384359598	-0.05844801291823387	0.013011055067181587	0.026785362511873245	-0.0051106782630085945	0.007140286732465029	0.0033943322487175465	0.006119647528976202	-0.0022288488689810038	-0.05506980046629906	0.03974457457661629	0.059976719319820404	-0.016543501988053322	-0.13919682800769806	-0.007453631609678268	-0.07985188812017441
ENSMUSG00000028238	0.009513765573501587	0.0035253316164016724	0.0002182924363296479	0.01235264539718628	-0.0013442549388855696	0.0016807947540655732	-0.007272526156157255	-0.07908949255943298	0.0008750906563363969	0.013019409961998463	0.0020263907499611378	0.006184984464198351	-8.579299901612103e-05	0.016173064708709717	-0.002760358853265643	-0.038369979709386826	0.01174471341073513	-0.0177858155220747	-0.040389951318502426	-0.18768073618412018	-0.007115521002560854	-0.0916009396314621
ENSMUSG00000098230	0.015207025222480297	0.02128254435956478	0.013451380655169487	0.011860514990985394	0.0003468171926215291	0.003874034620821476	-0.004705930128693581	-0.016947001218795776	0.011222286149859428	0.0391484797000885	-0.007524907123297453	0.0008720007608644664	0.002814345061779022	0.017861206084489822	-0.011519653722643852	-0.0282234326004982	0.03248991072177887	0.05227423086762428	-0.04367475584149361	0.021495793014764786	-0.006116858683526516	0.011780543252825737
ENSMUSG00000002028	0.009855048730969429	0.022040650248527527	-0.0026617259718477726	0.03074488416314125	-0.02330438606441021	0.004635116085410118	0.01029870007187128	0.31187814474105835	0.014984340406954288	0.010032798163592815	-0.014630557037889957	-0.02493705227971077	0.015361900441348553	0.0145822549238801	-0.022303178906440735	0.3440436124801636	0.0058267973363399506	0.07047241181135178	0.02555561624467373	0.3722638189792633	-0.008902073837816715	0.49061763286590576
ENSMUSG00000112630	0.01774207316339016	0.044755395501852036	0.007475004065781832	0.025577545166015625	-0.0063707344233989716	0.002355481730774045	-0.005212779622524977	-0.06239956244826317	0.012784281745553017	0.03361990302801132	-0.004934065043926239	0.004828884731978178	0.003812153125181794	0.01900201290845871	-0.009567257948219776	0.07239657640457153	0.03787943348288536	0.009476942010223866	-0.019908877089619637	0.0534161776304245	-0.004641800653189421	-0.026987798511981964
ENSMUSG00000082919	0.0192265585064888	0.0019488483667373657	0.00029783087666146457	-0.017235366627573967	0.0013456734595820308	-0.0004063363012392074	-0.009766084142029285	-0.07400646805763245	0.003993696067482233	0.015263235196471214	0.0029815160669386387	0.01000987272709608	-0.008766090497374535	-0.005933058448135853	-0.0024002683348953724	-0.05501587316393852	-0.02032962627708912	0.030618077144026756	-0.04153253883123398	-0.16950063407421112	-0.006966537330299616	-0.10948739945888519
ENSMUSG00000009828	0.009965258650481701	0.02516775205731392	-0.0014113292563706636	0.017472529783844948	-0.021344194188714027	0.005278016906231642	0.012922216206789017	0.20994289219379425	0.017725201323628426	0.017831282690167427	-0.016939178109169006	-0.022079767659306526	0.014615019783377647	0.013638276606798172	-0.02947116456925869	0.23785141110420227	0.012833955697715282	0.059318915009498596	0.05076303333044052	0.3433389961719513	-0.0035221308935433626	0.30000078678131104
ENSMUSG00000085391	0.024311905726790428	0.009110070765018463	0.00914583820849657	0.024441368877887726	0.001183205982670188	-0.0032836266327649355	-0.0013245674781501293	-0.08320741355419159	6.778277747798711e-05	0.06517118215560913	-0.0036717085167765617	0.007876420393586159	0.003057990688830614	0.010720090009272099	0.007029181811958551	-0.05433021858334541	0.021802039816975594	0.014015484601259232	-0.0475890189409256	-0.1547461748123169	-0.006213733460754156	-0.11965662986040115
ENSMUSG00000039512	0.010910550132393837	0.028124740347266197	0.0015313738258555532	0.017305562272667885	-0.019739443436264992	0.007133045699447393	0.008933590725064278	0.21670028567314148	0.018928466364741325	0.01635373756289482	-0.014059525914490223	-0.014602160081267357	0.01154190581291914	0.014695870690047741	-0.028339071199297905	0.27779877185821533	0.012163312174379826	0.04454613849520683	0.03238273784518242	0.3049851059913635	-0.007454386446624994	0.3087010085582733
ENSMUSG00000086338	-0.004705352243036032	-0.011525541543960571	-0.005500471219420433	-0.03432617336511612	-0.005425263661891222	-0.0025987231638282537	-0.011954979971051216	-0.06365635246038437	-0.007405697833746672	-0.004137836396694183	0.001966178650036454	0.0092765549197793	0.014826720580458641	-0.0036752454470843077	-0.023258691653609276	-0.21144968271255493	-0.007418546825647354	-0.0036373657640069723	-0.03261543810367584	-0.05692235007882118	-0.010792641900479794	0.004457340110093355
ENSMUSG00000067786	0.015611805953085423	0.03931434452533722	0.009302516467869282	0.00858239270746708	-0.013543147593736649	0.008618950843811035	0.017481490969657898	0.020486310124397278	0.013495786115527153	0.02704567275941372	-0.007193319965153933	-0.012778780423104763	-0.002052738331258297	0.015094335190951824	-0.000633150280918926	0.09526883810758591	0.03607570752501488	0.030340785160660744	0.1043376550078392	0.16738538444042206	0.0038722276221960783	0.09407400339841843
ENSMUSG00000040205	0.01650608330965042	0.02981681376695633	0.010664441622793674	0.020577287301421165	-0.0056102704256772995	-0.0061461832374334335	-0.004983993247151375	-0.09253502637147903	0.003886476159095764	0.025602443143725395	-0.0010126418201252818	0.004103944171220064	-0.0003113377606496215	-0.0046449569053947926	-0.00394508196040988	0.015632575377821922	0.023397639393806458	0.025319481268525124	-0.030896101146936417	0.0437520369887352	-0.008080300875008106	-0.05576628819108009
ENSMUSG00000108539	0.03443322330713272	0.05381808802485466	0.0011518953833729029	0.03311846777796745	0.0024884219747036695	-0.002453942783176899	-0.002096575917676091	-0.06311194598674774	-0.007293632719665766	0.07142018526792526	-0.0018312099855393171	0.009254500269889832	0.004031831864267588	-0.0016773518873378634	0.005776846315711737	-0.07070062309503555	0.024823492392897606	0.051057372242212296	-0.055296529084444046	-0.13292399048805237	-0.00615689717233181	-0.06857001036405563
ENSMUSG00000028750	0.012578857131302357	0.03342907130718231	0.005804672371596098	0.015360658057034016	-0.011809736490249634	0.006636993493884802	0.0026661923620849848	0.11507975310087204	0.014203900471329689	0.023090608417987823	-0.010613184422254562	-0.011350350454449654	0.008931498043239117	0.016173234209418297	-0.027326378971338272	0.2065306156873703	0.02343498170375824	0.05245564132928848	0.03366749361157417	0.23313367366790771	-0.004641280043870211	0.14488203823566437
ENSMUSG00000046573	0.008427518419921398	0.018871909007430077	0.000330936600221321	0.027719350531697273	-0.014092492870986462	0.00881166197359562	-0.001202779239974916	0.3110748827457428	0.010802221484482288	0.008500879630446434	-0.00420790072530508	-0.012498902156949043	0.004029531497508287	0.010580282658338547	-0.01486784778535366	0.3506651818752289	0.0013453296851366758	0.07512374222278595	0.0041992138139903545	0.5241591930389404	-0.007584797218441963	0.4201991558074951
ENSMUSG00000026650	0.028736259788274765	0.01577196829020977	0.0015350308967754245	0.02236322872340679	-0.008826673962175846	-0.0034626200795173645	0.004803324118256569	-0.07948946952819824	0.004076849669218063	0.04259413108229637	-0.003480594139546156	0.008394591510295868	0.012436852790415287	0.009330985136330128	0.008901722729206085	-0.10191891342401505	0.013263264670968056	0.006741342134773731	0.04166099429130554	0.02161240391433239	-0.007803812623023987	0.007925843819975853
ENSMUSG00000110594	-0.10803068429231644	-0.22050966322422028	-0.026485972106456757	-0.05192337557673454	-0.0328693650662899	-0.07932398468255997	0.025736751034855843	-0.1055631935596466	-0.04727441817522049	-0.22943781316280365	-0.01883648708462715	-0.014530365355312824	-0.013789267279207706	-0.02652907930314541	0.04801816865801811	-0.24066951870918274	-0.16050326824188232	-0.27358344197273254	0.2254774421453476	-0.6104251742362976	-0.00779779814183712	-0.41069161891937256
ENSMUSG00000032020	0.009780440479516983	0.032347239553928375	0.006988090928643942	0.014770600944757462	-0.00841028243303299	0.003069563303142786	0.0003367033204995096	0.13260352611541748	0.010198443196713924	0.025409985333681107	-0.015346723608672619	-0.023729398846626282	0.0013861586339771748	0.020038042217493057	-0.02453448995947838	0.18631403148174286	0.025566356256604195	0.06109451875090599	-0.041952475905418396	0.04112134128808975	-0.005793370772153139	0.07170452922582626
ENSMUSG00000094638	0.027082007378339767	0.03672316297888756	0.008232338353991508	0.03417282551527023	-0.009568487294018269	-0.002731909044086933	-0.00013012021372560412	-0.12428044527769089	0.009291771799325943	0.05644261837005615	-0.010721135884523392	0.0069246916100382805	0.0027176111470907927	0.020745432004332542	0.003047838807106018	0.005313890520483255	0.037001654505729675	0.03459448739886284	0.07363810390233994	-0.012581202201545238	-0.012068143114447594	-0.02043886110186577
ENSMUSG00000031948	0.01062536146491766	0.021880991756916046	-0.0026626167818903923	0.02300136350095272	-0.02496967278420925	0.00651603564620018	0.014761677011847496	0.279781699180603	0.020108025521039963	0.014997711405158043	-0.01072707399725914	-0.02374747022986412	-0.0005606390768662095	0.012308315373957157	-0.026906926184892654	0.2929004728794098	0.0058790589682757854	0.0625884085893631	0.060934796929359436	0.33171916007995605	-0.0057082390412688255	0.3383188247680664
ENSMUSG00000029248	0.01563907414674759	0.0302170030772686	0.004827755969017744	0.010282090865075588	-0.013501404784619808	0.006345829460769892	0.0013477058382704854	0.0877138301730156	0.015508033335208893	0.029151983559131622	-0.01707787811756134	-0.00604987284168601	0.006041461601853371	0.01721818745136261	-0.022100472822785378	0.10053928196430206	0.026698188856244087	0.051948461681604385	0.008264537900686264	0.01714342273771763	-0.00356734124943614	0.09879627078771591
ENSMUSG00000090935	0.006339389830827713	0.012865116819739342	0.0005018039955757558	0.010435675270855427	-0.015506774187088013	0.003137153573334217	0.0076468647457659245	0.23973873257637024	0.0022885119542479515	0.007962153293192387	-0.007897531613707542	-0.015557624399662018	0.005621334537863731	0.015672734007239342	-0.00637521268799901	0.29168960452079773	0.011953067034482956	0.05759754031896591	0.006756446789950132	0.21508699655532837	-0.00811091996729374	0.21401947736740112
ENSMUSG00000121205	0.014356975443661213	0.03679691255092621	0.008914850652217865	0.013666716404259205	-0.009234478697180748	0.009182085283100605	-0.0004491811851039529	0.01029839739203453	0.016543792560696602	0.03736259415745735	-0.012978063896298409	-0.01480770017951727	0.002930925227701664	0.018666431307792664	-0.020901955664157867	0.10009258985519409	0.024498052895069122	0.033034760504961014	-0.0003080138412769884	0.08699668198823929	-0.004939500242471695	0.0502803698182106
ENSMUSG00000020330	0.006969462148845196	0.01727284863591194	-0.0013082755031064153	0.04442688077688217	-0.01966124400496483	0.012432935647666454	0.01464499719440937	0.30160415172576904	0.015693262219429016	0.011101589538156986	-0.0009264283580705523	-0.008553015999495983	0.019346432760357857	0.00542439753189683	-0.022711440920829773	0.3313398063182831	-0.011172212660312653	0.08344186842441559	0.04238276556134224	0.5839353799819946	-0.002529677702113986	0.3927387595176697
ENSMUSG00000008496	0.013537014834582806	0.030991747975349426	0.005775956436991692	0.01290198601782322	-0.013531364500522614	0.008401313796639442	0.005129878409206867	0.05689699575304985	0.01608077809214592	0.024454055353999138	-0.019879821687936783	-0.01343176607042551	0.004372213967144489	0.01422063447535038	-0.029338136315345764	0.10791637748479843	0.03089294396340847	0.05557660758495331	0.015650436282157898	0.10023429244756699	-0.0006609454867430031	0.10054124146699905
ENSMUSG00000026111	0.006689948961138725	0.018465572968125343	-0.0007123955874703825	0.0359678789973259	-0.017296722158789635	0.008041908964514732	0.006848578341305256	0.28817465901374817	0.009173535741865635	0.01361182238906622	-0.0018309792503714561	-0.02013043686747551	-0.0027141908649355173	0.012121138162910938	-0.0060486216098070145	0.3405877351760864	0.001966198207810521	0.08362849056720734	0.04566487297415733	0.42361149191856384	-0.007954739965498447	0.3958342373371124
ENSMUSG00000020108	0.0017967286985367537	0.013763423077762127	-0.024577345699071884	0.03297141566872597	-0.016026657074689865	0.0020445645786821842	0.05840475112199783	0.25877681374549866	0.02700248919427395	0.006254499778151512	-0.015378104522824287	-0.032622843980789185	0.028648000210523605	0.0048578097485005856	0.006121473386883736	0.2551906108856201	-0.007111349143087864	0.07029713690280914	0.10818061977624893	0.5270886421203613	0.0207306370139122	0.2777371108531952
ENSMUSG00000100681	0.010634612292051315	0.0387236662209034	0.00467466376721859	0.02602327987551689	0.0015316152712330222	-0.001331510953605175	-0.0060155512765049934	-0.07096097618341446	0.00023931017494760454	0.03935278207063675	-0.002235135529190302	0.011771823279559612	-0.00015066552441567183	0.008228360675275326	-0.0015094662085175514	-0.022981002926826477	0.03851139917969704	0.034145522862672806	-0.04248248040676117	-0.10926052927970886	-0.008396290242671967	-0.08198614418506622
ENSMUSG00000063362	0.008888877928256989	0.020411398261785507	-0.0022336412221193314	0.03033832274377346	-0.025630773976445198	0.0031780044082552195	0.009928666986525059	0.28374722599983215	0.015255309641361237	0.011018441058695316	-0.014390000142157078	-0.021510200574994087	0.004348470829427242	0.012357015162706375	-0.02249324321746826	0.3113391101360321	0.008200027048587799	0.07130197435617447	0.0692899152636528	0.379321813583374	-0.006376125384122133	0.2976694703102112
ENSMUSG00000070306	0.024346711114048958	0.033846110105514526	0.00964911188930273	0.022261440753936768	-0.00484091741964221	-0.00021020900749135762	-8.256323781097308e-05	-0.06194630637764931	0.020439524203538895	0.048403482884168625	-0.009600713849067688	0.001689621014520526	-2.4944794859038666e-05	0.014574097469449043	-0.009303871542215347	0.017201120033860207	0.027837419882416725	0.05468538776040077	-0.022055992856621742	-0.043923839926719666	-0.004403356928378344	0.00654476648196578
ENSMUSG00000034684	0.010678129270672798	0.02966902405023575	0.0020345204975456	0.015544166788458824	-0.016949718818068504	0.0058614821173250675	0.007860071957111359	0.1587156355381012	0.018071744590997696	0.017366070300340652	-0.01959344744682312	-0.024321116507053375	0.005522359628230333	0.015391708351671696	-0.03173209726810455	0.2014750987291336	0.02372809685766697	0.054252542555332184	0.026808684691786766	0.18372374773025513	-0.0037874674890190363	0.19175845384597778
ENSMUSG00000107266	0.004432859364897013	0.01035479549318552	0.007563816383481026	0.038242705166339874	-0.009221798740327358	-0.004492145497351885	-0.005536286626011133	-0.07758446037769318	0.0012407524045556784	0.05236189812421799	-0.003044542158022523	0.006448283325880766	0.006392815615981817	0.01132187806069851	0.016869014129042625	-0.08371482044458389	0.039525263011455536	0.044540759176015854	0.03869789466261864	-0.005112675484269857	-0.015229081735014915	-0.058802004903554916
ENSMUSG00000087225	0.026464181020855904	0.03812817111611366	0.004312548786401749	-0.00011776169412769377	-0.0014039808884263039	0.00043789486517198384	-0.005585575010627508	-0.07737329602241516	0.003302908269688487	0.055097874253988266	-0.0028332113288342953	0.00846069399267435	0.0048030163161456585	0.008769010193645954	0.0019203695701435208	-0.05785805732011795	0.007145704235881567	0.02430853806436062	-0.033171918243169785	-0.1579589992761612	-0.005070620682090521	-0.053635746240615845
ENSMUSG00000116324	0.012007483281195164	-0.004582843743264675	-0.00018624217773322016	0.034981828182935715	-0.0010335471015423536	-0.0014947423478588462	-0.004616159480065107	-0.14787966012954712	-0.001393620972521603	0.03705573454499245	0.003199942409992218	0.011447967030107975	-0.0008235148852691054	0.0016285124002024531	-0.0006795442895963788	-0.07206258177757263	0.008757560513913631	-0.036502789705991745	-0.05383635684847832	-0.20358557999134064	-0.002813395345583558	-0.11174812912940979
ENSMUSG00000090482	-0.10803068429231644	-0.22050966322422028	-0.026485972106456757	-0.05192337557673454	-0.0328693650662899	-0.07932398468255997	0.025736751034855843	-0.1055631935596466	-0.04727441817522049	-0.22943781316280365	-0.01883648708462715	-0.014530365355312824	-0.013789267279207706	-0.02652907930314541	0.04801816865801811	-0.24066951870918274	-0.16050326824188232	-0.27358344197273254	0.2254774421453476	-0.6104251742362976	-0.00779779814183712	-0.41069161891937256
ENSMUSG00000104256	0.008267486467957497	0.047122206538915634	0.012191018089652061	0.009265649132430553	0.002477345522493124	-0.0020701622124761343	-0.00842057354748249	-0.047955770045518875	0.008243218995630741	0.0247038584202528	-0.005620946176350117	0.012773075141012669	-0.002044602995738387	-0.0160539373755455	-0.01505284383893013	0.009720406495034695	0.03559847176074982	0.0360342301428318	-0.039070166647434235	-0.13749346137046814	-0.008539469912648201	-0.08150410652160645
ENSMUSG00000030282	0.008953231386840343	0.013703783974051476	-0.0008869802113622427	0.012904626317322254	-0.017883043736219406	0.006111219059675932	0.013254385441541672	0.17980076372623444	0.019884072244167328	0.016807114705443382	-0.013211049139499664	-0.008753782138228416	0.012047958560287952	0.012958726845681667	-0.02587350644171238	0.1705850064754486	0.01064346358180046	0.05839226394891739	0.08909878134727478	0.28755977749824524	-0.003502368228510022	0.2508304715156555
ENSMUSG00000017999	0.009858432225883007	0.022070694714784622	-0.003583576064556837	0.020713748410344124	-0.02238590270280838	0.008265132084488869	0.012708424590528011	0.27015620470046997	0.018145747482776642	0.015422441065311432	-0.009822087362408638	-0.023113636299967766	0.01636592485010624	0.011303910985589027	-0.024608563631772995	0.2802329957485199	0.002155428286641836	0.06703449785709381	0.0478215329349041	0.4223625957965851	-0.0050379084423184395	0.402136892080307
ENSMUSG00000031210	-0.014718161895871162	-0.0067711807787418365	-0.022524960339069366	-0.008198706433176994	0.008789676241576672	-0.010992524214088917	-0.02349528856575489	-0.04560225456953049	-0.02501092664897442	0.014265703037381172	0.012188008986413479	0.001145599060691893	0.011135411448776722	-0.011812597513198853	0.11837734282016754	-0.017381368204951286	-0.02347022108733654	-0.04092870652675629	-0.02579629234969616	-0.04412456974387169	-0.01168032642453909	-0.17872196435928345
ENSMUSG00000020788	0.010855027474462986	0.02753862924873829	0.005440948065370321	0.00866322498768568	-0.0164810698479414	0.0031107384711503983	0.005406648386269808	0.19530291855335236	0.01637156307697296	0.018251923844218254	-0.019852103665471077	-0.02197304740548134	0.010038184933364391	0.016921579837799072	-0.026212863624095917	0.25396737456321716	0.022961044684052467	0.06250964105129242	0.02624533139169216	0.22091366350650787	-0.00695071741938591	0.16037660837173462
ENSMUSG00000066964	0.010480227880179882	0.038594555109739304	0.006734552793204784	0.015408123843371868	-0.015245135873556137	0.0038411777932196856	0.005786689464002848	0.09035567939281464	0.020876528695225716	0.02072110027074814	-0.017496252432465553	-0.008184056729078293	0.005843681283295155	0.015612797811627388	-0.017304271459579468	0.1780771017074585	0.027674973011016846	0.0403960756957531	0.01711913011968136	0.25878971815109253	-0.006166460458189249	0.17924140393733978
ENSMUSG00000102329	0.02526671439409256	0.029083071276545525	0.013223010115325451	0.02765669859945774	9.639163181418553e-05	-0.00023472953762393445	-0.0026354214642196894	-0.059068985283374786	0.00997934304177761	0.050682149827480316	-0.008413790725171566	0.009747480042278767	-0.0025429408997297287	0.01059336680918932	-0.0004568331642076373	4.5709424739470705e-05	0.03581283241510391	0.045159049332141876	-0.04260950908064842	-0.05560250207781792	-0.006529899314045906	-0.0914575383067131
ENSMUSG00000030851	0.02193572372198105	0.0013470709091052413	0.013524729758501053	0.015989096835255623	-0.003921473398804665	-0.007473543751984835	-0.004014375153928995	-0.051611460745334625	0.010921414941549301	0.045319609344005585	-0.011289593763649464	0.0022371152881532907	-8.259402238763869e-05	0.017475001513957977	-0.00505998358130455	0.007042994722723961	0.03968999907374382	-0.0031007984653115273	0.008176782168447971	9.514786506770179e-05	-0.006366339512169361	-0.0221132580190897
ENSMUSG00000119972	-0.0033065646421164274	0.016357172280550003	-0.00777205778285861	-0.0030463701114058495	0.0008922030683606863	-0.00336599163711071	-0.008366936817765236	-0.05095228552818298	-0.005524733569473028	0.012344500049948692	0.003951667807996273	0.011922435835003853	-0.001429762109182775	-0.005306107457727194	-0.017833542078733444	-0.16461053490638733	-0.0033306621480733156	-0.03165208175778389	-0.0449390783905983	-0.05858452245593071	-0.005099779926240444	-0.10815729945898056
ENSMUSG00000114988	0.011224168352782726	0.015020586550235748	0.00037629023427143693	0.02645481564104557	-0.0027777033392339945	-0.001972299301996827	-0.0051041231490671635	-0.09898076951503754	0.0068826512433588505	0.03649212419986725	-0.004423419013619423	0.010070511139929295	0.010087178088724613	0.0016605807468295097	0.01185730192810297	-0.041976217180490494	0.012280420400202274	0.026819586753845215	-0.03979067504405975	-0.04015723615884781	-0.008077532052993774	-0.07326527684926987
ENSMUSG00000115586	-0.018965603783726692	-0.006896014790982008	-0.0009029771317727864	-0.006962021812796593	-0.002050835872069001	-0.0028841891326010227	-0.027151525020599365	-0.07091706991195679	-0.009279546327888966	0.0072423904202878475	0.005246296990662813	0.012162654660642147	-0.010395567864179611	0.02328438311815262	0.04977225884795189	-0.2981835603713989	-0.0204709954559803	0.01843135431408882	-0.033902063965797424	-0.11600947380065918	-0.009693223983049393	-0.05049581453204155
ENSMUSG00000028409	0.01165583822876215	0.01602659560739994	-2.8003873012494296e-05	0.024108989164233208	-0.025762535631656647	0.006325115449726582	0.007952069863677025	0.25182703137397766	0.017908180132508278	0.013904768973588943	-0.011373048648238182	-0.026914071291685104	0.01062788162380457	0.01575421169400215	-0.016364363953471184	0.3272648751735687	0.008268901146948338	0.0507776252925396	0.06292346119880676	0.23388555645942688	-0.007752591744065285	0.4863455593585968
ENSMUSG00000020741	0.0017046884167939425	-0.01968778483569622	0.002713917288929224	-0.022596366703510284	0.00041702992166392505	-0.010651746764779091	-0.007609238848090172	0.0352688729763031	0.005137240514159203	0.00617343420162797	-0.003142994362860918	-0.002778703346848488	0.003277744399383664	0.019137896597385406	-0.013830113224685192	0.012855447828769684	0.020900465548038483	-0.012175831943750381	-0.0049364506267011166	0.02500345930457115	-0.010472560301423073	0.005682387389242649
ENSMUSG00000032484	0.032902173697948456	0.02441219612956047	0.010723489336669445	0.020302116870880127	0.0005481017869897187	-0.001496730837970972	-0.0005343651282601058	-0.05699972063302994	0.0008049529860727489	0.056715305894613266	-0.016101492568850517	0.003405630821362138	0.005701297428458929	0.015971209853887558	0.0005165809998288751	-0.007004725281149149	0.0632002055644989	0.03767071291804314	0.00397169915959239	-0.0035034259781241417	-0.003582189092412591	0.0027832984924316406
ENSMUSG00000040489	0.007798922248184681	0.026934895664453506	0.0030021322891116142	0.025523029267787933	-0.023695845156908035	0.004180206451565027	0.0082857646048069	0.16355584561824799	0.006796170026063919	0.017133889719843864	-0.012250533327460289	-0.02868826873600483	0.007850360125303268	0.017480671405792236	-0.023461654782295227	0.28902220726013184	0.01969967968761921	0.05666454881429672	0.014817514456808567	0.27982741594314575	-0.006220555864274502	0.21025148034095764
ENSMUSG00000069259	-0.0029705031774938107	0.01512905117124319	-0.003278551623225212	-0.005889575462788343	0.0006162871140986681	0.0021089462097734213	-0.007760506123304367	-0.07521844655275345	-0.005112113431096077	0.008487673476338387	0.00015794284990988672	0.009106053039431572	-0.003055904759094119	0.00981205329298973	-0.0033302551601082087	-0.06814989447593689	-0.005684567149728537	-0.018474580720067024	-0.0483584925532341	-0.17554405331611633	-0.006636896636337042	-0.102631114423275
ENSMUSG00000116461	0.00986502505838871	0.026425465941429138	-0.006274248939007521	0.018936917185783386	-0.02423863857984543	0.007099335081875324	0.01381495501846075	0.2527509331703186	0.02398984134197235	0.013333285227417946	-0.015694160014390945	-0.02220524474978447	0.018049221485853195	0.011340112425386906	-0.03166757896542549	0.2574059069156647	0.004401792772114277	0.026650473475456238	0.05514279380440712	0.36128559708595276	-0.0025062456261366606	0.33940890431404114
ENSMUSG00000059588	0.006850125268101692	0.026203595101833344	-0.00024977780412882566	0.0020110385958105326	-0.00815382320433855	0.00759139284491539	-0.00984320230782032	-0.022804126143455505	0.002399307442829013	0.017339956015348434	-0.003962397109717131	-0.0095828827470541	0.0027224859222769737	0.01415927056223154	-0.006794172339141369	0.0671369656920433	0.0081399604678154	0.00994050595909357	-0.020819850265979767	-0.05591493472456932	-0.002787297125905752	0.027409210801124573
ENSMUSG00000070686	-0.020341837778687477	-0.04817907512187958	0.0009598081815056503	-0.011043551377952099	0.007549338974058628	-0.0008901346009224653	-0.0066583845764398575	-0.09962315857410431	-0.01302467193454504	-0.13090580701828003	0.004089494235813618	0.006594649516046047	-0.005653277039527893	-0.01568790152668953	-0.004988939967006445	-0.10506729036569595	-0.003836878575384617	-0.2333013117313385	-0.047559089958667755	-0.47735708951950073	-0.0025234154891222715	-0.27045267820358276
ENSMUSG00000102001	-0.00023100317048374563	0.0028661189135164022	0.0004125089617446065	0.010441072285175323	-0.002965408843010664	-0.003299824893474579	-0.012635345570743084	-0.05598678067326546	-0.001349911093711853	0.0402076356112957	0.003191755386069417	0.010205685161054134	-0.0005258722812868655	0.01390822883695364	-0.00297306920401752	-0.08155682682991028	0.01912771165370941	-0.00508176488801837	-0.04627244547009468	-0.034146007150411606	-0.007749706972390413	-0.03624610975384712
ENSMUSG00000113450	0.007052934262901545	0.020500853657722473	0.0014924077549949288	0.019838431850075722	-0.026735469698905945	-9.667663834989071e-05	0.004695852752774954	0.21491798758506775	0.01788043975830078	0.016591675579547882	-0.013967080973088741	-0.019559379667043686	0.008886709809303284	0.015173379331827164	-0.012518364936113358	0.25748831033706665	0.013932615518569946	0.031037067994475365	0.041003722697496414	0.2790271043777466	-0.005799527280032635	0.21141767501831055
ENSMUSG00000081207	0.02102525718510151	0.049849096685647964	0.004469785839319229	0.005785956513136625	-0.005641486495733261	-0.001797203323803842	-0.0062018935568630695	-0.07218913733959198	0.007030865177512169	0.04935517907142639	-0.004297053907066584	0.007350167725235224	0.004936302080750465	0.004702748730778694	-0.001523713581264019	-0.04184160381555557	0.01611081138253212	0.05950629338622093	-0.03226670250296593	-0.0904507040977478	-0.005730277393013239	-0.059102922677993774
ENSMUSG00000028099	0.010055163875222206	0.025528626516461372	-0.0008398832869715989	0.02255007065832615	-0.02469400130212307	0.0030793724581599236	0.009945796802639961	0.2895183861255646	0.019891660660505295	0.0116155119612813	-0.01599423959851265	-0.024850964546203613	0.012942680157721043	0.01315346360206604	-0.02222949080169201	0.3084295988082886	0.009671983309090137	0.07773422449827194	0.055078040808439255	0.34953898191452026	-0.0074925790540874004	0.34829890727996826
ENSMUSG00000062328	0.028011059388518333	0.011820482090115547	-0.026552725583314896	-0.004383569583296776	-0.018716853111982346	-0.008041170425713062	0.027315037325024605	-0.11073067039251328	0.009361982345581055	0.035202957689762115	-0.0330415815114975	0.005129850935190916	0.025910666212439537	0.002363987034186721	-0.01388724334537983	-0.046611253172159195	0.020809665322303772	0.021961981430649757	0.2453291267156601	0.09966432303190231	0.028816409409046173	0.07448921352624893
ENSMUSG00000089951	-0.10803068429231644	-0.22050966322422028	-0.026485972106456757	-0.05192337557673454	-0.0328693650662899	-0.07932398468255997	0.025736751034855843	-0.1055631935596466	-0.04727441817522049	-0.22943781316280365	-0.01883648708462715	-0.014530365355312824	-0.013789267279207706	-0.02652907930314541	0.04801816865801811	-0.24066951870918274	-0.16050326824188232	-0.27358344197273254	0.2254774421453476	-0.6104251742362976	-0.00779779814183712	-0.41069161891937256
ENSMUSG00000115001	-0.022954249754548073	-0.049284983426332474	-0.006449541077017784	-0.008123411796987057	0.0066615319810807705	0.0010594417108222842	-0.01529343519359827	-0.11708078533411026	-0.01644812896847725	8.352647273568437e-05	0.009040662087500095	0.0077819060534238815	-0.013578597456216812	-0.0037999143823981285	-0.008452084846794605	-0.08904309570789337	-0.013735990971326828	-0.055878616869449615	-0.030465925112366676	-0.10857442021369934	-0.009279642254114151	-0.10666295886039734
ENSMUSG00000106676	0.00706838071346283	0.002777083544060588	0.029847264289855957	0.010801305994391441	-0.007084604352712631	-0.004035986494272947	-0.0016767727211117744	-0.042943645268678665	0.012177224270999432	0.03378957509994507	-0.00028481072513386607	0.008355469442903996	-0.002876624697819352	0.023969164118170738	-0.0020886322017759085	-0.08788632601499557	0.040544867515563965	0.0215110182762146	0.0059456299059093	0.010299443267285824	-0.009604262188076973	-0.022194642573595047
ENSMUSG00000027229	0.0056100343354046345	0.028950676321983337	0.005371965002268553	0.012010430917143822	-0.012802749872207642	0.0012355271028354764	-0.005058587994426489	0.06918822228908539	0.005428639706224203	0.021385591477155685	-0.006574228405952454	-0.01373980287462473	0.006960745435208082	0.016531512141227722	-0.01818878948688507	0.19949381053447723	0.02279280126094818	0.05999967083334923	0.0243296530097723	0.16528815031051636	-0.005337363574653864	0.16157259047031403
ENSMUSG00000025916	0.010859505273401737	0.034395989030599594	0.0036897235549986362	0.019373545423150063	-0.01751198247075081	0.00818383228033781	-0.0005611440283246338	0.09117128700017929	0.011360833421349525	0.030945438891649246	-0.009204957634210587	-0.022428566589951515	0.00664579588919878	0.01798250339925289	-0.017584098502993584	0.132252037525177	0.022261077538132668	0.05396353825926781	0.015324912965297699	0.14784906804561615	-0.002590115647763014	0.08321437984704971
ENSMUSG00000030279	0.009187139570713043	0.028934596106410027	4.537971835816279e-05	0.018426498398184776	-0.026905810460448265	0.008953922428190708	0.007010536268353462	0.22936981916427612	0.015229702927172184	0.015257840044796467	-0.01721940189599991	-0.029050206765532494	0.014438786543905735	0.014631644822657108	-0.025885285809636116	0.2732642889022827	0.012193901464343071	0.058222535997629166	0.03961862996220589	0.3788459002971649	-0.0065558855421841145	0.3828153908252716
ENSMUSG00000054978	-0.10803068429231644	-0.22050966322422028	-0.026485972106456757	-0.05192337557673454	-0.0328693650662899	-0.07932398468255997	0.025736751034855843	-0.1055631935596466	-0.04727441817522049	-0.22943781316280365	-0.01883648708462715	-0.014530365355312824	-0.013789267279207706	-0.02652907930314541	0.04801816865801811	-0.24066951870918274	-0.16050326824188232	-0.27358344197273254	0.2254774421453476	-0.6104251742362976	-0.00779779814183712	-0.41069161891937256
ENSMUSG00000050088	0.003556279232725501	0.010108266025781631	0.00651504285633564	0.03139331191778183	-0.019581425935029984	0.00045108646736480296	0.04879981651902199	0.25204139947891235	0.014574429020285606	0.0032642248552292585	-0.013076595962047577	-0.035708386451005936	0.02233927510678768	0.011547122150659561	0.010689843446016312	0.29913365840911865	0.008525127544999123	0.07120674848556519	0.11902660131454468	0.4083438515663147	0.0024507411289960146	0.37737151980400085
ENSMUSG00000031532	0.009222982451319695	0.02571173757314682	-0.0015096860006451607	0.02285102754831314	-0.0189393050968647	0.011789912357926369	0.007290547713637352	0.19840851426124573	0.020986882969737053	0.015370659530162811	-0.01535760797560215	-0.016223914921283722	0.01601943001151085	0.012820609845221043	-0.030969230458140373	0.2752593755722046	0.008282833732664585	0.059630200266838074	0.04363824427127838	0.4323234558105469	-0.00528908334672451	0.35951656103134155
ENSMUSG00000045349	0.010858500376343727	0.011712401174008846	0.005528155714273453	0.00436445465311408	-0.016501590609550476	0.007793564349412918	0.009479831904172897	0.19154992699623108	0.01831776462495327	0.018413452431559563	-0.013622652739286423	-0.025143297389149666	0.0047785756178200245	0.016854746267199516	-0.018788184970617294	0.22642183303833008	0.02315647527575493	0.05391914024949074	0.01717366650700569	0.20543818175792694	-0.00670107314363122	0.16411347687244415
ENSMUSG00000103899	0.020787008106708527	0.018220771104097366	0.01799200102686882	-0.0005493132630363107	-0.000392415386158973	-0.0038080576341599226	-0.005243433639407158	-0.05204566568136215	0.012483302503824234	0.004610257223248482	-0.006088864058256149	0.004943085368722677	0.008414121344685555	0.00934288464486599	-0.004405380692332983	-0.0327182337641716	0.04192960634827614	0.06814932078123093	0.028627419844269753	-0.0032528203446418047	-0.006102955434471369	-0.016208447515964508
ENSMUSG00000038650	0.008602475747466087	0.024268722161650658	-0.00825187936425209	0.016763761639595032	-0.016584089025855064	0.008557944558560848	0.02357259765267372	0.19779077172279358	0.023610642179846764	0.0148509182035923	-0.005890625528991222	-0.021814661100506783	0.019771620631217957	0.007170907687395811	-0.02982792817056179	0.2516770362854004	-0.00600452721118927	0.06271034479141235	0.06624606251716614	0.4947083592414856	0.0023866475094109774	0.33547860383987427
ENSMUSG00000000275	0.00819060392677784	0.02096778154373169	-0.005611758213490248	0.019368326291441917	-0.019331924617290497	0.0028737722896039486	0.02636195346713066	0.2234107404947281	0.021154241636395454	0.014708834700286388	-0.016838951036334038	-0.016116680577397346	0.018031097948551178	0.00981123000383377	-0.03714548423886299	0.17251864075660706	0.003938701003789902	0.05477450042963028	0.05712525546550751	0.4307931661605835	0.004771545995026827	0.2489997148513794
ENSMUSG00000073154	0.003248668508604169	0.03452808037400246	-0.001601303112693131	0.007582909893244505	-0.000714984314981848	0.0032745993230491877	-0.003864054335281253	-0.025561947375535965	-0.0023088559973984957	0.025954153388738632	0.0006913954857736826	0.0003170945856254548	-0.0011122790165245533	0.006339298561215401	-0.004732510540634394	-0.046240564435720444	0.007289316039532423	0.04094107449054718	-0.028649823740124702	-0.05775399133563042	-0.00929933786392212	-0.10975911468267441
ENSMUSG00000060918	0.007310515735298395	0.0212257020175457	0.010062897577881813	0.012422032654285431	-0.0056872861459851265	-0.002617012243717909	-0.006758527364581823	-0.06105788052082062	0.010097231715917587	0.03336869180202484	0.004296234343200922	0.005205435212701559	-0.0006894843536429107	0.001987648196518421	-0.0015869949711486697	-0.046342406421899796	0.03010767512023449	0.032205093652009964	-0.04955977946519852	-0.09857823699712753	-0.006966781802475452	-0.023503927513957024
ENSMUSG00000078202	0.005068414844572544	0.010455155745148659	-0.014965436421334743	0.020804226398468018	-0.032985564321279526	0.0012008697958663106	0.04965492710471153	0.1838911771774292	0.030474713072180748	0.007279051002115011	-0.025563539937138557	-0.03793635964393616	0.025093143805861473	0.01069964561611414	-0.04560313746333122	0.22272396087646484	0.005926111713051796	0.04716375470161438	0.10723602026700974	0.3492768108844757	0.04697952792048454	0.27013495564460754
ENSMUSG00000020914	0.008944401517510414	0.021599089726805687	-0.005233564879745245	0.026970896869897842	-0.026875512674450874	0.005135819315910339	0.01880054734647274	0.26351284980773926	0.021608427166938782	0.010673300363123417	-0.01342054270207882	-0.013932202942669392	0.023418884724378586	0.0087720463052392	-0.03396229445934296	0.2778874635696411	-0.0023381595965474844	0.05287764221429825	0.06319031864404678	0.4317038059234619	0.0002990627253893763	0.37545245885849
ENSMUSG00000107096	0.015013983473181725	0.0452314093708992	0.010805961675941944	0.016913432627916336	-0.005894831381738186	-0.002822271315380931	-0.003937260713428259	-0.058374080806970596	0.012206452898681164	0.044013023376464844	-0.011608749628067017	0.011388378217816353	0.003924588672816753	0.005389862228184938	0.0009031570516526699	-0.007337146904319525	0.03741489350795746	0.03656658157706261	0.011223764158785343	0.0025956176687031984	-0.00641564792022109	-0.037437573075294495
ENSMUSG00000086203	0.012690749019384384	0.005404981318861246	-0.0004091321025043726	0.017180832102894783	-0.0011257714359089732	0.001666590920649469	-0.013796498998999596	-0.0814773365855217	0.0003180880448780954	0.013549399562180042	-0.001930185710079968	0.01232096180319786	-0.0024789362214505672	0.010180565528571606	-0.00293315714225173	-0.08943063765764236	0.012666906230151653	0.027936900034546852	-0.04324003681540489	-0.13964024186134338	-0.007486358284950256	-0.044129882007837296
ENSMUSG00000002781	0.007818370126187801	0.017880944535136223	-0.007927614264190197	0.031668443232774734	-0.01590190827846527	0.01097166258841753	0.024594079703092575	0.21928907930850983	0.024750657379627228	0.011221420019865036	-0.007104446180164814	-0.0148167097941041	0.023614948615431786	0.008936834521591663	-0.030736735090613365	0.28875672817230225	-0.006284127943217754	0.0830952525138855	0.05623064190149307	0.5152932405471802	0.000486122677102685	0.38891997933387756
ENSMUSG00000112148	0.01734474115073681	-0.007458101492375135	0.005052994471043348	0.0009678605129010975	0.0015838055405765772	-0.002900858176872134	-0.009125719778239727	-0.07359420508146286	0.004187416285276413	0.051717549562454224	-0.004422652535140514	0.01119550783187151	-0.0038821897469460964	0.01618587039411068	-0.0017570261843502522	-0.05044360086321831	0.00936415046453476	-0.02594621665775776	-0.04664410278201103	-0.14915865659713745	-0.007365509867668152	-0.0929822251200676
ENSMUSG00000030849	0.0076897842809557915	0.01782088913023472	-0.005018900614231825	0.0314895398914814	-0.015975303947925568	0.013058614917099476	0.020363308489322662	0.29964151978492737	0.01869100145995617	0.010110926814377308	-0.0061154975555837154	-0.011675803922116756	0.01732613332569599	0.008387881331145763	-0.028856998309493065	0.24268177151679993	-0.0064552780240774155	0.0724535658955574	0.02293994650244713	0.5696340799331665	-0.004832983482629061	0.4042987823486328
ENSMUSG00000026036	0.010568495839834213	-0.00089161196956411	-0.002417993266135454	0.02030779793858528	-0.02133958786725998	0.008630611002445221	0.01087106205523014	0.26832130551338196	0.020462200045585632	0.015232380479574203	-0.014319278299808502	-0.015662983059883118	0.01389961875975132	0.01290946640074253	-0.026910971850156784	0.30616235733032227	0.0041517214849591255	0.05838150903582573	0.05824148654937744	0.3016256093978882	-0.006609048694372177	0.3358020484447479
ENSMUSG00000024477	0.0073998188599944115	0.0036367238499224186	-0.00012192817666800693	0.02857460267841816	-0.016394829377532005	0.008180784992873669	0.009426705539226532	0.27067679166793823	0.01085579115897417	0.008301511406898499	-0.008218723349273205	-0.025881169363856316	0.012357707135379314	0.014119687490165234	-0.016053343191742897	0.33768710494041443	0.005421018227934837	0.07318615168333054	0.03000805340707302	0.39171603322029114	-0.00775672635063529	0.36498135328292847
ENSMUSG00000103788	-0.006881719455122948	0.046655282378196716	-0.0034435363486409187	0.016915228217840195	-0.0030920878052711487	-0.002096642041578889	-0.016225911676883698	-0.06336615234613419	-0.005078455433249474	0.03828984871506691	-0.003786402987316251	0.005765803623944521	-0.002280560089275241	0.0048958901315927505	0.012815122492611408	-0.020199619233608246	0.01786341518163681	0.02983328327536583	-0.025820888578891754	-0.052596863359212875	-0.006886165123432875	-0.08728968352079391
ENSMUSG00000011034	0.013893486000597477	0.011760737746953964	0.006343983579427004	0.011259856633841991	-0.012568878941237926	0.004476508591324091	-0.002811386017128825	0.06144728511571884	0.011884924955666065	0.03242969885468483	-0.014678415842354298	0.003011224325746298	0.005996002350002527	0.013501562178134918	-0.016427185386419296	0.09086792171001434	0.030418917536735535	0.05326516553759575	0.011722572147846222	0.14520609378814697	-0.004680061247199774	-0.006687420420348644
ENSMUSG00000009145	0.02266618050634861	0.03163399547338486	0.011020374484360218	0.007304749451577663	-0.0012185851810500026	0.0008142951410263777	0.0014868741855025291	-0.014278275892138481	0.01705147698521614	0.03657844290137291	-0.007428023964166641	0.003503472311422229	-0.0007546661072410643	0.015281757339835167	-0.004915780387818813	-0.10131277143955231	0.03847953677177429	0.02180662378668785	0.022673536092042923	0.19535766541957855	-0.0023266570642590523	0.09251867234706879
ENSMUSG00000061904	0.0038136879447847605	0.015587969683110714	-0.005268738139420748	0.030615506693720818	-0.026539191603660583	0.005192945711314678	0.03297626972198486	0.2405693382024765	0.025520432740449905	0.007988128811120987	-0.007390887010842562	-0.038285426795482635	0.01918173022568226	0.009403388015925884	-0.024385914206504822	0.2881028652191162	-0.0030221063643693924	0.06981150060892105	0.0877072811126709	0.4013781249523163	0.008427307941019535	0.32939600944519043
ENSMUSG00000046962	0.0074688103049993515	0.02054538205265999	-0.007329104468226433	0.020831849426031113	-0.020633621141314507	0.011457374319434166	0.023331984877586365	0.2827872931957245	0.015543757937848568	0.00996579322963953	-0.005985594820231199	-0.021642249077558517	0.021921634674072266	0.005041510332375765	-0.02011905610561371	0.308847039937973	-0.00587657792493701	0.09109469503164291	0.05355153605341911	0.5651670694351196	-0.002836683765053749	0.3485535681247711
ENSMUSG00000102815	0.012419316917657852	-0.00385302840732038	-0.005259110126644373	0.006256361026316881	-0.005008541513234377	-0.0003846559557132423	-0.011691667139530182	-0.09275361150503159	-0.0017433911561965942	-0.009348157793283463	0.003256791504099965	0.009895381517708302	-0.007820015773177147	-0.0030590943060815334	-0.002787198405712843	-0.12087561935186386	-0.0033600509632378817	-0.004343776032328606	-0.034298256039619446	-0.16572828590869904	-0.008788520470261574	-0.058823514729738235
ENSMUSG00000100704	0.005832546856254339	-0.011492444202303886	-0.0018537725554779172	-0.0040132710710167885	-0.007262449245899916	0.006405789405107498	-0.013095979578793049	-0.03312169387936592	-0.002172991866245866	0.02940847910940647	-0.005668612662702799	-0.002635353012010455	0.005104382522404194	0.01914542354643345	-0.002962301019579172	0.0008061736007221043	0.0021679019555449486	0.0013345946790650487	-0.014685625210404396	0.05672968924045563	-0.00397050566971302	0.004193414933979511
ENSMUSG00000054362	0.015872277319431305	0.019957397133111954	0.0036640006583184004	0.01785311847925186	-0.009978062473237514	-0.0030504462774842978	0.013543917797505856	0.031242696568369865	0.019642936065793037	0.030908294022083282	-0.012761963531374931	-0.0037829363718628883	0.008564977906644344	0.015973296016454697	-0.02471877634525299	0.037855733186006546	0.02614990621805191	-0.00038535043131560087	0.06290861964225769	0.2057591676712036	0.007690676022320986	0.08532973378896713
ENSMUSG00000072780	0.009794304147362709	0.024073487147688866	-0.0004289457283448428	-0.0010488497791811824	-0.004629494622349739	-0.00413535675033927	-0.005380721762776375	-0.05136056989431381	-0.004159141331911087	0.026401543989777565	0.0033064070157706738	0.009551986120641232	0.005271734204143286	0.01292162761092186	0.009576119482517242	-0.16574783623218536	0.014790693297982216	0.0037380687426775694	-0.023041196167469025	-0.09131350368261337	-0.011678673326969147	-0.020072732120752335
ENSMUSG00000038217	0.014252977445721626	0.028291214257478714	0.0016099739586934447	0.02082577534019947	-0.01736319623887539	0.003941011615097523	-0.0010062477085739374	0.126982644200325	0.020447107031941414	0.023005232214927673	-0.011579143814742565	-0.022839650511741638	0.009752482175827026	0.014515361748635769	-0.013864603824913502	0.22618220746517181	0.03966277092695236	0.049941591918468475	0.01495349034667015	0.13715721666812897	-0.005519307684153318	0.12886856496334076
ENSMUSG00000104781	0.014026662334799767	0.03793654590845108	0.004381442442536354	0.020184101536870003	-0.002843896858394146	-0.002480107359588146	-0.00669786985963583	-0.06800933182239532	0.007107430137693882	0.019422493875026703	-0.0019500063499435782	0.006745067425072193	-5.713579594157636e-05	0.011856731958687305	-0.0034884668421000242	-0.041734520345926285	0.01693139597773552	0.02066533826291561	-0.04629235342144966	-0.12009671330451965	-0.007172183599323034	-0.046050604432821274
ENSMUSG00000062252	0.015596623532474041	0.0333767905831337	0.005517738871276379	0.01412119623273611	-0.015966758131980896	0.0059326873160898685	0.006124706473201513	0.06794928759336472	0.017718883231282234	0.025201821699738503	-0.01526309922337532	-0.017380304634571075	0.008475065231323242	0.017057834193110466	-0.02267477475106716	0.13138936460018158	0.028889207169413567	0.044830918312072754	0.09707097709178925	0.10515567660331726	0.003573301713913679	0.12531937658786774
ENSMUSG00000034471	0.011552486568689346	0.024172218516469002	-0.00034182341187261045	0.015682701021432877	-0.01022671815007925	0.005181668791919947	0.012527075596153736	0.21819648146629333	0.021143358200788498	0.013940355740487576	-0.01089060865342617	-0.016893422231078148	0.011741293594241142	0.013575591146945953	-0.026636840775609016	0.17563839256763458	0.013530051335692406	0.05097194015979767	0.03814803063869476	0.26353076100349426	-0.00566193088889122	0.3285987377166748
ENSMUSG00000066141	0.016283052042126656	0.0052636354230344296	0.006532610859721899	0.023718850687146187	0.007423198316246271	-0.0004595796053763479	-0.01722649112343788	-0.13602878153324127	0.0067284125834703445	0.02769731730222702	-0.0007335577392950654	0.011231857351958752	-0.001882118871435523	0.013948416337370872	-0.0018792669288814068	-0.02268228307366371	0.01567922905087471	0.04946894571185112	-0.0386505089700222	-0.1248929500579834	-0.006303688511252403	-0.10297805815935135
ENSMUSG00000027944	0.008678117766976357	0.016459785401821136	-0.005966618657112122	0.028648095205426216	-0.012526693753898144	0.006491882260888815	0.03542507439851761	0.2486303448677063	0.03005959466099739	0.008200878277420998	-0.024888718500733376	-0.020941173657774925	0.02172216586768627	0.009343927726149559	-0.011021142825484276	0.2852722704410553	-0.0012519886950030923	0.0653306096792221	0.07452308386564255	0.5461907982826233	0.008357089012861252	0.3201353847980499
ENSMUSG00000056174	0.013722045347094536	0.022703249007463455	0.0033479707781225443	0.013231102377176285	-0.014669678173959255	0.006474130786955357	0.005917718634009361	0.07266756892204285	0.01902272365987301	0.026326777413487434	-0.01845199055969715	-0.02138880267739296	0.004845572169870138	0.019163895398378372	-0.031676020473241806	0.13216879963874817	0.028022851794958115	0.034948091953992844	0.03841673582792282	0.12955321371555328	0.002955350326374173	0.08445856720209122
ENSMUSG00000000567	0.011338158510625362	0.027711670845746994	0.00028063220088370144	0.010270765982568264	-0.014547254890203476	0.001535425428301096	0.004514970351010561	0.09390726685523987	0.016561344265937805	0.017856374382972717	-0.021780505776405334	-0.012292802333831787	0.0014433031901717186	0.015164447948336601	-0.03980765864253044	0.07403054088354111	0.02566060796380043	0.03715698793530464	0.0009790129261091352	-0.04208502173423767	0.004415731877088547	0.037421997636556625
ENSMUSG00000017428	0.00837875809520483	0.01980501040816307	-0.0032062462996691465	0.02576441690325737	-0.025631239637732506	0.006102463696151972	0.01496745366603136	0.2704172432422638	0.016099847853183746	0.009062185883522034	-0.012760165147483349	-0.026976076886057854	0.01810174621641636	0.011493703350424767	-0.024229323491454124	0.2870815396308899	0.0024357617367058992	0.0641503557562828	0.051099225878715515	0.387755423784256	-0.004339239094406366	0.4547082483768463
ENSMUSG00000086807	-0.0011206212220713496	-0.007107286248356104	0.002495931927114725	0.04505226016044617	0.004501073155552149	-0.02113993652164936	0.03826690837740898	0.24527288973331451	-0.020886600017547607	0.0061690229922533035	-0.0002199452428612858	-0.012041685171425343	-0.0029496869537979364	0.007245172280818224	-0.010105062276124954	0.26162469387054443	0.014665522612631321	0.037481095641851425	0.0101829394698143	0.5991738438606262	-0.006101109553128481	0.1704084575176239
ENSMUSG00000022974	0.008034228347241879	0.021332867443561554	-0.002122682286426425	0.03346378728747368	-0.023868409916758537	0.00744951656088233	0.013090853579342365	0.2710522413253784	0.010187127627432346	0.011985876597464085	-0.008372701704502106	-0.025260917842388153	0.018066681921482086	0.01246924139559269	-0.020453494042158127	0.3216401934623718	0.00368592981249094	0.07283644378185272	0.04851832985877991	0.4204026162624359	-0.006079430691897869	0.4058248996734619
ENSMUSG00000046317	-0.10803068429231644	-0.22050966322422028	-0.026485972106456757	-0.05192337557673454	-0.0328693650662899	-0.07932398468255997	0.025736751034855843	-0.1055631935596466	-0.04727441817522049	-0.22943781316280365	-0.01883648708462715	-0.014530365355312824	-0.013789267279207706	-0.02652907930314541	0.04801816865801811	-0.24066951870918274	-0.16050326824188232	-0.27358344197273254	0.2254774421453476	-0.6104251742362976	-0.00779779814183712	-0.41069161891937256
ENSMUSG00000027573	0.003065179567784071	0.016713030636310577	-0.010400963015854359	0.0540403313934803	-0.01480370294302702	0.01257854700088501	0.07500398904085159	0.2887662947177887	0.030516615137457848	0.007448572665452957	0.0029413988813757896	-0.013617746531963348	0.012845674529671669	-0.0034365688916295767	-0.011464949697256088	0.23984451591968536	-0.028374584391713142	0.093628890812397	0.045689474791288376	0.6614952087402344	0.028813378885388374	0.513020932674408
ENSMUSG00000108942	0.037361565977334976	0.029220275580883026	0.026114949956536293	0.0138742970302701	-0.011160344816744328	-0.004382277838885784	-0.0037251380272209644	-0.09384063631296158	0.017920147627592087	0.025013139471411705	-0.005182179156690836	0.00924268364906311	-0.001965780509635806	-0.0034126087557524443	-0.0049692923203110695	0.02523438259959221	0.047741468995809555	0.06246723607182503	0.01599247381091118	-0.030993938446044922	-0.00829692929983139	-0.015086996369063854
ENSMUSG00000028453	0.01056809350848198	0.018439138308167458	0.0021181150805205107	0.02185356803238392	-0.007493322715163231	0.007087507285177708	0.006639334373176098	0.2214891016483307	0.015794655308127403	0.014103665016591549	-0.011786290444433689	-0.02413652464747429	0.007256087847054005	0.015847787261009216	-0.0011442466638982296	0.2860841453075409	0.01685110293328762	0.05910122022032738	0.034658484160900116	0.26393553614616394	-0.007447965908795595	0.2655755579471588
ENSMUSG00000102953	0.04596460983157158	0.027513131499290466	0.02512485347688198	0.02021828480064869	-0.0036052765790373087	-0.0033062719739973545	0.0009507345966994762	-0.028475262224674225	0.005911601707339287	0.05281056463718414	-0.01291874423623085	0.0013874119613319635	-0.003327659098431468	0.01705685444176197	-0.0037010195665061474	-0.06487254053354263	0.04709124192595482	0.02587272971868515	-0.014274291694164276	0.08811651170253754	-0.006202853284776211	-0.017598498612642288
ENSMUSG00000091475	0.014010029844939709	0.023390164598822594	0.014180702157318592	0.012418415397405624	-0.013433835469186306	0.003931364044547081	0.003367915516719222	0.20569485425949097	0.004214735236018896	0.018378274515271187	-0.007282696198672056	-0.015224967151880264	-0.014709075912833214	0.019595015794038773	-0.009829572401940823	0.20188091695308685	0.01641094498336315	0.05104150250554085	0.005704840645194054	0.1855333000421524	-0.0068177105858922005	0.1897411346435547
ENSMUSG00000006423	0.0016593795735388994	0.004927602596580982	-0.0019984301179647446	0.01875126361846924	0.002153704408556223	-0.0068763671442866325	0.03719670698046684	0.22498531639575958	-0.005451572127640247	0.0007444655057042837	-0.003307114588096738	-0.021513573825359344	0.01032926794141531	0.00845366157591343	-0.028521327301859856	0.3121340870857239	0.008638091385364532	0.0841389074921608	0.07415557652711868	0.33520203828811646	-0.0016596907516941428	0.3132069408893585
ENSMUSG00000113669	0.014463904313743114	0.034561675041913986	0.0017334780422970653	0.02385144680738449	0.0013101812219247222	-0.0011763874208554626	-0.004148261621594429	-0.06871124356985092	0.009893586859107018	-0.01086471788585186	0.00219782255589962	0.010519635863602161	-0.00010086403926834464	-0.0008609762880951166	-0.013252455741167068	0.005938785150647163	0.015310403890907764	0.053470443934202194	-0.065086729824543	-0.2881147861480713	-0.01175596471875906	-0.1350584477186203
ENSMUSG00000036083	0.020990991964936256	0.0013546368572860956	0.00240926630795002	0.015107536688446999	-0.001777646946720779	-0.003235547337681055	-0.005028569605201483	-0.05732021480798721	0.000792093516793102	0.053041014820337296	0.0024539707228541374	0.010074569843709469	0.0009897103300318122	0.0016690384363755584	0.007909545674920082	-0.07084101438522339	0.01951320469379425	-0.001309744082391262	-0.04515307769179344	-0.10862552374601364	-0.007661457173526287	-0.11059814691543579
ENSMUSG00000098188	0.003918865229934454	0.016685545444488525	-0.001834076247178018	0.04223453998565674	-0.025943337008357048	0.003045501187443733	0.03119126334786415	0.2774279713630676	0.0029207938350737095	0.012165159918367863	0.0001607739250175655	-0.029778700321912766	0.0006833856459707022	0.013294165953993797	0.020537180826067924	0.3174935281276703	0.006901508197188377	0.08674048632383347	0.045231424272060394	0.5416314601898193	-0.002215219661593437	0.3501887917518616
ENSMUSG00000086191	0.009095740504562855	0.013171041384339333	-0.005523106083273888	0.028991255909204483	-0.024845002219080925	0.0043145944364368916	0.021094297990202904	0.22419992089271545	0.022638516500592232	0.00916233379393816	-0.01259539369493723	-0.02242044173181057	0.01690804772078991	0.009865663014352322	-0.03475188836455345	0.2515254020690918	-3.3988784707617015e-05	0.060326531529426575	0.07479411363601685	0.36284497380256653	0.009072411805391312	0.32260432839393616
ENSMUSG00000114828	0.016898706555366516	0.02065778709948063	0.003547786269336939	0.013808228075504303	-0.0062586055137217045	0.00042183510959148407	-0.00379378255456686	-0.04541396722197533	0.012558985501527786	0.029044562950730324	-0.009497317485511303	0.008801480755209923	0.00039222012856043875	0.009882350452244282	-0.008106754161417484	-0.003290934953838587	0.03653738275170326	0.00454341433942318	-0.040765199810266495	-0.13946634531021118	-0.004743544384837151	-0.041944339871406555
ENSMUSG00000030598	0.00933660939335823	0.005626186262816191	-0.004995469469577074	0.021706724539399147	-0.014028195291757584	-0.0010598013177514076	0.029700784012675285	0.1494564414024353	0.016944104805588722	0.01600094698369503	-0.018143972381949425	-0.012397718615829945	0.01663004606962204	0.012698092497885227	-0.035374101251363754	0.20043161511421204	0.008651449345052242	0.027083061635494232	0.08992312103509903	0.2540404796600342	0.015070667490363121	0.08915534615516663
ENSMUSG00000069520	0.006244621239602566	0.02688715234398842	-0.0027087447233498096	0.012470348738133907	-0.01992245577275753	0.009006336331367493	0.01715802028775215	0.19435948133468628	0.020116159692406654	0.017428334802389145	-0.014165472239255905	-0.011507748626172543	0.016752149909734726	0.01066992525011301	-0.032525669783353806	0.25138410925865173	0.007249987218528986	0.07199467718601227	0.059481430798769	0.45603564381599426	-0.0018957625143229961	0.28419455885887146
ENSMUSG00000036959	0.0009634431917220354	0.00859586987644434	0.002520817331969738	0.01152084581553936	0.006834294181317091	0.0002125816827174276	0.016004377976059914	0.19400662183761597	-0.0059898728504776955	0.008509442210197449	-0.002180670388042927	-0.024579806253314018	-0.003994060680270195	0.015769872814416885	-0.010720686055719852	0.18902425467967987	0.010911865159869194	0.018072765320539474	0.014521892182528973	0.24043022096157074	-0.01045298669487238	0.0518311969935894
ENSMUSG00000029475	0.009407570585608482	0.01721748523414135	-0.0034846412017941475	0.016365215182304382	-0.017897795885801315	0.007885083556175232	0.022950418293476105	0.18002794682979584	0.02053757756948471	0.016424117609858513	-0.015125884674489498	-0.011772244237363338	0.017283789813518524	0.011181562207639217	-0.03595384210348129	0.1414143145084381	0.008082184940576553	0.04212357476353645	0.05896132439374924	0.38609549403190613	0.0039172302931547165	0.22690603137016296
ENSMUSG00000022965	0.013577114790678024	0.03600916266441345	0.001261564320884645	0.019251389428973198	-0.016059385612607002	0.001590779167599976	0.006940981838852167	0.1435774862766266	0.017179066315293312	0.024454619735479355	-0.023280901834368706	-0.022408973425626755	0.007280164863914251	0.015108596533536911	-0.030514268204569817	0.1744033247232437	0.0245906263589859	0.05152038112282753	0.07261475920677185	0.07604150474071503	-8.79817616805667e-06	0.12916076183319092
ENSMUSG00000101549	0.027685336768627167	0.024521058425307274	0.012551847845315933	0.01676994003355503	-0.010492776520550251	0.0025756361428648233	0.0032121159601956606	-0.018202584236860275	0.015910746529698372	0.052527815103530884	-0.01948549784719944	-0.006851421669125557	0.006505986675620079	0.019784189760684967	-0.01000994723290205	0.007132700644433498	0.03613270819187164	0.0316089428961277	0.07693178206682205	0.24510395526885986	-0.002135803457349539	0.05879979580640793
ENSMUSG00000040354	0.01045774482190609	0.02209998294711113	-0.0029399865306913853	0.010709967464208603	-0.017244862392544746	0.01275747548788786	0.010405941866338253	0.2182983160018921	0.021535931155085564	0.023083901032805443	-0.0057031200267374516	-0.015279668383300304	0.01584395207464695	0.008176248520612717	-0.02734174206852913	0.23020675778388977	-0.0003839881101157516	0.0628165602684021	0.062350448220968246	0.4884553849697113	-0.003946271724998951	0.2739039957523346
ENSMUSG00000109122	0.011981832794845104	0.0029587731696665287	0.002721677999943495	-0.004166972823441029	-0.007697617635130882	-0.007879296317696571	-0.009321634657680988	-0.08715200424194336	-0.004841430112719536	-0.04296388104557991	-0.003563371952623129	0.0077093420550227165	0.0005543470615521073	-0.0048564341850578785	-0.011829126626253128	-0.20358823239803314	0.029878072440624237	-0.02298678085207939	-0.02611633390188217	-0.013218785636126995	-0.0125352144241333	-0.06189795956015587
ENSMUSG00000114541	0.009752346202731133	0.03660890832543373	-0.0016835761489346623	-0.009849049150943756	-0.00503466185182333	0.0076838224194943905	-0.004865602124482393	-0.029413485899567604	0.0063034724444150925	0.04534483328461647	-0.004888718947768211	0.01292362343519926	0.005391117185354233	0.00852267537266016	-0.0042215390130877495	-0.012356358580291271	0.01311129704117775	0.047526292502880096	-0.012525271624326706	-0.0658755674958229	-0.0021395341027528048	-0.06958199292421341
ENSMUSG00000106447	0.010536760091781616	0.02523016184568405	0.0011224483605474234	0.01219780370593071	-0.01835549995303154	0.007462739944458008	0.009079845622181892	0.21784262359142303	0.0169693510979414	0.01720479689538479	-0.01933244802057743	-0.018810492008924484	0.009122690185904503	0.01530836708843708	-0.027506189420819283	0.250148743391037	0.01673305593430996	0.06364154815673828	0.0323730893433094	0.27282246947288513	-0.0065292371436953545	0.32578274607658386
ENSMUSG00000116719	-0.10803068429231644	-0.22050966322422028	-0.026485972106456757	-0.05192337557673454	-0.0328693650662899	-0.07932398468255997	0.025736751034855843	-0.1055631935596466	-0.04727441817522049	-0.22943781316280365	-0.01883648708462715	-0.014530365355312824	-0.013789267279207706	-0.02652907930314541	0.04801816865801811	-0.24066951870918274	-0.16050326824188232	-0.27358344197273254	0.2254774421453476	-0.6104251742362976	-0.00779779814183712	-0.41069161891937256
ENSMUSG00000030120	0.0054876734502613544	0.016314653679728508	-0.006635650526732206	0.0289724413305521	-0.007911561988294125	0.005173137877136469	0.03824368864297867	0.26602691411972046	0.017433451488614082	0.007912307046353817	-0.003319275565445423	-0.02674666792154312	0.01635439693927765	0.00821624230593443	-0.009054742753505707	0.2766239643096924	-0.01193129550665617	0.05507953464984894	0.07221290469169617	0.4155958294868469	0.006885001435875893	0.3643029034137726
ENSMUSG00000087362	0.02779998630285263	0.0071872686967253685	0.007705931551754475	0.027183054015040398	-0.00802578218281269	-0.0033103066962212324	-0.0037805300671607256	-0.07805495709180832	0.010025563649833202	0.024574149399995804	-0.009772393852472305	0.005851749796420336	0.005250238813459873	0.012411118485033512	-0.0006173812435008585	-0.0265364833176136	0.03311919793486595	0.04686098173260689	0.04378281906247139	-0.11232542991638184	-0.005665610544383526	-0.05125098675489426
ENSMUSG00000106491	-0.01015468966215849	0.020662963390350342	0.010241269133985043	-0.03686460852622986	-0.0036745425313711166	-0.0018272525630891323	-0.013783415779471397	-0.1072637140750885	-0.0015045854961499572	0.028972815722227097	0.008079109713435173	0.01084832288324833	0.0011221570894122124	0.01084880344569683	0.013156581670045853	-0.2529726028442383	0.0055423276498913765	0.005004050210118294	-0.03518211841583252	-0.1392330676317215	-0.012279361486434937	-0.04906235635280609
ENSMUSG00000112721	0.02403854764997959	0.026935243979096413	0.026344453915953636	0.028897838667035103	0.003813974792137742	-0.0036449909675866365	-0.00047914483002386987	-0.047682758420705795	0.010202744975686073	0.051638759672641754	0.0030425041913986206	0.010412033647298813	-0.0010759664000943303	0.009583616629242897	0.004161923658102751	-0.06924890726804733	0.058310121297836304	0.01187073066830635	-0.050820641219615936	-0.12449172139167786	-0.007786514237523079	-0.0588650219142437
ENSMUSG00000049799	0.0016948169795796275	0.012183803133666515	0.0006269809673540294	0.015785526484251022	-0.007443081587553024	0.00024304843100253493	-0.012547905556857586	-0.0793541744351387	0.00162959611043334	0.014369126409292221	-0.0032833674922585487	0.01079127099364996	0.0012287339195609093	0.005097684916108847	-0.0023894580081105232	-0.02047818712890148	0.015235844068229198	0.028813516721129417	0.0021016253158450127	0.02981761284172535	-0.006505068391561508	-0.03821057826280594
ENSMUSG00000026495	0.007653506938368082	0.017460284754633904	-0.0012673852033913136	0.04795572906732559	-0.021091356873512268	0.010983961634337902	0.0007501479703933001	0.26751601696014404	0.0212020855396986	0.01111654844135046	-0.003042100463062525	-0.015683790668845177	0.018334927037358284	0.007765486370772123	-0.02487124130129814	0.33854570984840393	-0.004528663586825132	0.09452458471059799	0.01622925139963627	0.6596913933753967	-0.005781297571957111	0.3812513053417206
ENSMUSG00000044279	-0.007193319965153933	0.012287372723221779	6.358764949254692e-05	0.020657503977417946	0.024999508634209633	0.0026969192549586296	0.0321224182844162	0.21793290972709656	-0.021833207458257675	0.008047999814152718	-0.00864382367581129	-0.038689978420734406	0.0018872292712330818	0.01575491391122341	-0.019425131380558014	0.2351280152797699	0.003253871574997902	0.05407582223415375	-0.08056405931711197	0.2294899821281433	-0.001068726647645235	0.1483345776796341
ENSMUSG00000061099	0.023692507296800613	0.03021317534148693	0.014653269201517105	0.01870603673160076	-0.0025028539821505547	-0.0019327935297042131	0.011824163608253002	-0.035723134875297546	0.014740749262273312	0.03249191865324974	-0.005559799261391163	0.015328507870435715	-0.0017764557851478457	0.008189957588911057	-0.009562250226736069	-0.041979119181632996	0.04370001330971718	0.03924156352877617	0.023994171991944313	0.08282052725553513	-0.005150711629539728	-0.020166397094726562
ENSMUSG00000034384	0.008168080821633339	0.031399596482515335	0.002794272266328335	-0.0015196799067780375	-0.015703577548265457	0.0032162333372980356	0.013585844077169895	0.1173965334892273	0.012904911302030087	0.004650508053600788	-0.021727878600358963	-0.007728451397269964	0.004993424750864506	0.013017112389206886	-0.03314774110913277	0.12835389375686646	0.025538088753819466	0.062089528888463974	0.008056258782744408	0.07293084263801575	0.002071304712444544	0.04568234458565712
ENSMUSG00000107078	0.02088487148284912	0.034102749079465866	0.009699509479105473	0.016110140830278397	-0.0025368789210915565	0.0012105060741305351	-0.003340552095323801	-0.05973121151328087	0.015562486834824085	0.03566577658057213	-0.004732768516987562	0.01685539074242115	0.0016188293229788542	0.01449680421501398	-0.009486663155257702	0.019222110509872437	0.039875589311122894	0.04793882742524147	-0.02533056028187275	-0.06712809205055237	-0.006140753626823425	-0.015840740874409676
ENSMUSG00000092221	-0.10803068429231644	-0.22050966322422028	-0.026485972106456757	-0.05192337557673454	-0.0328693650662899	-0.07932398468255997	0.025736751034855843	-0.1055631935596466	-0.04727441817522049	-0.22943781316280365	-0.01883648708462715	-0.014530365355312824	-0.013789267279207706	-0.02652907930314541	0.04801816865801811	-0.24066951870918274	-0.16050326824188232	-0.27358344197273254	0.2254774421453476	-0.6104251742362976	-0.00779779814183712	-0.41069161891937256
ENSMUSG00000058820	-0.007248980458825827	-0.0013016564771533012	-0.0011524626752361655	-0.045451126992702484	-0.004172912333160639	-0.00016430359391961247	-0.0015140795148909092	-0.11285348981618881	-0.008844289928674698	-0.016314441338181496	-0.004862776026129723	0.009746192954480648	0.008081438951194286	0.008554861880838871	0.002359027974307537	-0.12193123996257782	-0.002962439088150859	-0.018650874495506287	-0.04309798777103424	-0.13141120970249176	-0.008621280081570148	-0.04653792083263397
ENSMUSG00000070877	0.02298641949892044	0.02979092113673687	0.016122085973620415	0.019258176907896996	-0.0020928438752889633	-0.002673130249604583	-0.0005095759406685829	-0.06414678692817688	0.009506173431873322	0.03467947617173195	-0.008590558543801308	-0.0007230511400848627	-0.0005905170110054314	0.011968047358095646	-0.006425959523767233	0.004368017893284559	0.04369790852069855	0.04851233586668968	-0.01828957349061966	-0.09688303619623184	-0.006483870558440685	-0.13068881630897522
ENSMUSG00000035105	0.010529423132538795	0.02472076192498207	0.0028015077114105225	0.02078056149184704	-0.025547437369823456	0.0034769070334732533	0.0090972064062953	0.1895224004983902	0.015627902001142502	0.012711768038570881	-0.017855944111943245	-0.030199972912669182	0.007083751726895571	0.01634858176112175	-0.028486229479312897	0.2965734601020813	0.02203541062772274	0.0707654356956482	0.006422434467822313	0.15930774807929993	-0.00585202407091856	0.14167697727680206
ENSMUSG00000035069	0.007625168655067682	0.021855654194951057	0.002425240119919181	-0.00025814861874096096	-0.01898363046348095	0.008294951170682907	-0.002176406094804406	0.21597033739089966	0.011268113739788532	0.014190023764967918	-0.009860982187092304	-0.017165420576930046	0.011302812024950981	0.013767832890152931	-0.017300603911280632	0.298456072807312	0.010823951102793217	0.06666956841945648	0.01032999623566866	0.4139489233493805	-0.007295229006558657	0.2500840425491333
ENSMUSG00000060279	0.010670863091945648	0.025057949125766754	0.00042923635919578373	0.021542534232139587	-0.016211217269301414	0.006137665361166	0.008433377370238304	0.22557193040847778	0.012949333526194096	0.013372894376516342	-0.018043294548988342	-0.027581971138715744	0.008979767560958862	0.016371585428714752	-0.02877623774111271	0.2512698471546173	0.01758398860692978	0.06454987823963165	0.030618984252214432	0.2017674297094345	-0.00755944661796093	0.3867654502391815
ENSMUSG00000075189	-0.004890359006822109	0.0031634310726076365	-0.0006734532653354108	0.007765891496092081	-0.01328608114272356	-0.0037322931457310915	-0.007851392962038517	-0.09719910472631454	-0.008680783212184906	-0.04931558668613434	-0.004122782498598099	0.006775049027055502	0.02340741455554962	0.0020989817567169666	0.005371376406401396	-0.18595688045024872	-0.003981651738286018	-0.0030014491640031338	-0.019208915531635284	-0.025984374806284904	-0.012877553701400757	-0.03175920620560646
ENSMUSG00000120069	0.004899329971522093	0.028002740815281868	0.003764612367376685	0.019588012248277664	-0.001392196398228407	0.0017484507989138365	-0.002744623925536871	-0.056669894605875015	0.011913342401385307	0.04271166771650314	-0.0017036742065101862	0.00929274596273899	0.007568600121885538	0.009925269521772861	0.0010298307752236724	-0.06103745847940445	0.011942622251808643	0.029952380806207657	-0.057961247861385345	-0.17712627351284027	-0.006377602927386761	-0.08477237075567245
ENSMUSG00000055128	-0.0036614220589399338	0.0018939656438305974	-0.002123597776517272	-0.003338540205731988	0.018533654510974884	-0.011452626436948776	-0.01887713186442852	0.26114195585250854	-0.020677203312516212	0.010319313034415245	0.005430813413113356	-0.023969078436493874	-0.010389884933829308	0.017539048567414284	-0.0009898629505187273	0.1575234979391098	0.006818143185228109	0.037804052233695984	-0.023790530860424042	0.10786846280097961	-0.008584564551711082	0.23983408510684967
ENSMUSG00000120965	0.0020569246262311935	0.025248978286981583	0.005574751645326614	-0.012133642099797726	-0.004811225924640894	-0.0057229697704315186	-0.006524667609483004	-0.05680527165532112	0.013254016637802124	0.03095650114119053	-0.006043425761163235	0.007278593257069588	0.002755173249170184	0.01055744756013155	-0.0033905080053955317	-0.03266236558556557	0.027142951264977455	0.047396671026945114	-0.04230771213769913	-0.1104312390089035	-0.007075535133481026	-0.07798726111650467
ENSMUSG00000035969	0.007418877445161343	0.01725323498249054	-0.0072951726615428925	0.032144661992788315	-0.02033832296729088	-0.003969199489802122	0.028813650831580162	0.20875364542007446	0.023839693516492844	0.012626883573830128	-0.010080751031637192	-0.024183906614780426	0.022283297032117844	0.007824364118278027	-0.04185083881020546	0.2553715705871582	-0.005634054075926542	0.06566158682107925	0.06970319151878357	0.4788818061351776	0.005363579373806715	0.22379648685455322
ENSMUSG00000030491	0.010233274661004543	0.03783287853002548	0.0026304160710424185	0.024251645430922508	-0.01633395627140999	0.004167164210230112	0.006842104718089104	0.10919976979494095	0.019540904089808464	0.01734127476811409	-0.010010022670030594	-0.012830407358705997	0.011129647493362427	0.013588114641606808	-0.024518728256225586	0.203682541847229	0.011759405955672264	0.04255691170692444	0.04986918345093727	0.45246651768684387	-0.00016894449072424322	0.21622999012470245
ENSMUSG00000121890	0.02318652719259262	0.020184015855193138	0.006859855726361275	0.022860126569867134	-0.0031902100890874863	-0.0026221638545393944	-0.004886184819042683	-0.05114321783185005	0.005084075964987278	0.01420130766928196	-0.006414349190890789	0.011299057863652706	0.0035130700562149286	0.010698867961764336	0.005118394270539284	-0.07774427533149719	0.03455584496259689	0.031505730003118515	-0.014312231913208961	-0.16464459896087646	-0.009592237882316113	-0.07699114829301834
ENSMUSG00000108467	-0.02310674637556076	0.04458257183432579	-0.0011085084406659007	0.0024480829015374184	0.0007626323495060205	-0.003138665808364749	-0.006292566191405058	-0.10157649964094162	-0.001641979906708002	0.05353981629014015	0.012997228652238846	0.010226249694824219	0.0014200913719832897	-0.0028539972845464945	0.0018512752139940858	-0.04169710725545883	0.005995533429086208	-0.0048870001919567585	-0.04306064546108246	-0.2053195983171463	-0.007090049330145121	-0.09345643222332001
ENSMUSG00000054191	0.022345203906297684	0.02647644281387329	-0.016012147068977356	0.024818437173962593	-0.009880132041871548	-0.00239019887521863	0.0079425610601902	0.05435345694422722	0.029535014182329178	0.03674585744738579	-0.03233405947685242	-0.00818709284067154	0.02279740758240223	0.014636005274951458	-0.04363974928855896	-0.01274364348500967	0.023714685812592506	0.030628928914666176	0.17943499982357025	0.26460370421409607	0.07123792916536331	0.05800722911953926
ENSMUSG00000114387	0.028430182486772537	0.021559547632932663	0.0016720193671062589	0.006628140341490507	-0.00487724831327796	-0.003337848000228405	-0.004275103099644184	-0.06455802917480469	0.004533030558377504	0.027469508349895477	-0.00465348968282342	0.006650968920439482	-0.0006491393432952464	0.0024265171959996223	0.003299018833786249	-0.05837559327483177	0.034445587545633316	0.0069013372994959354	-0.06620077788829803	-0.06871788203716278	-0.007049918174743652	-0.08368687331676483
ENSMUSG00000030922	0.008731922134757042	0.021004360169172287	-0.0007562483660876751	0.03200036659836769	-0.015850594267249107	0.011580239981412888	0.0036518170963972807	0.27850106358528137	0.009993724524974823	0.014370929449796677	-0.007668336853384972	-0.007512280717492104	0.012914777733385563	0.01099460106343031	-0.021043669432401657	0.3136443793773651	0.0016379334265366197	0.0658482015132904	0.024896878749132156	0.5114538669586182	-0.006862555630505085	0.40200814604759216
ENSMUSG00000109491	0.008135748095810413	0.012241380289196968	-0.007773763500154018	0.01883399672806263	-0.02796071209013462	0.0019570605363696814	0.029476385563611984	0.22377672791481018	0.02376098930835724	0.009504483081400394	-0.02418658882379532	-0.03457128256559372	0.012643962167203426	0.01226542517542839	-0.02678738534450531	0.24069270491600037	0.006419758312404156	0.043688759207725525	0.06433038413524628	0.28962019085884094	0.009442354552447796	0.3516383469104767
ENSMUSG00000026321	0.009458971209824085	0.016441073268651962	0.004545262549072504	0.023100649937987328	-0.016139378771185875	0.004104973748326302	0.005942018236964941	0.16931495070457458	0.011237225495278835	0.02317183092236519	-0.0189164150506258	-0.021519092842936516	0.0031014070846140385	0.019452126696705818	-0.026624314486980438	0.2354331612586975	0.023488249629735947	0.052315399050712585	0.0022319862619042397	0.09657631814479828	-0.006956818047910929	0.06922435015439987
ENSMUSG00000029718	0.009820905514061451	0.017217043787240982	-0.0029162662103772163	0.01773935742676258	-0.012202204205095768	0.0030835748184472322	0.041105613112449646	0.09202312678098679	0.024162791669368744	0.019232414662837982	-0.01727297343313694	-0.008110566064715385	0.009476879611611366	0.011883890256285667	-0.02725715935230255	0.11198585480451584	0.011259783059358597	0.04322298616170883	0.09918764233589172	0.34720900654792786	0.019496189430356026	0.08792069554328918
ENSMUSG00000072952	0.01270273607224226	0.02222646027803421	0.009146898984909058	0.010631383396685123	-0.016567664220929146	0.0003689109580591321	-0.0014360365457832813	0.1274275928735733	0.014025227166712284	0.015426388010382652	-0.011535534635186195	-0.015655839815735817	-0.00010652854689396918	0.018549636006355286	-0.021101567894220352	0.23199281096458435	0.023640181869268417	0.05343383923172951	0.05742809921503067	0.17584210634231567	-0.006618857849389315	0.05092377960681915
ENSMUSG00000120897	0.022579321637749672	0.04793306440114975	0.007369324564933777	0.011691446416079998	-0.010561554692685604	-0.0038819219917058945	0.00025108986301347613	-0.056754108518362045	0.01310684159398079	0.04450143873691559	-0.014429888688027859	-0.00036723821540363133	0.006348347757011652	0.008105648681521416	-0.0027880934067070484	0.02798525057733059	0.04069966822862625	0.031619951128959656	0.03581595793366432	0.112582266330719	-0.004395448137074709	-0.008570774458348751
ENSMUSG00000030672	0.004916176199913025	0.01965566724538803	-0.018086766824126244	0.01139762718230486	-0.012719158083200455	0.00608267355710268	0.06338226795196533	0.13568513095378876	0.0372362956404686	0.014005936682224274	-0.003308368381112814	-0.018930708989501	0.03131086379289627	0.0061395480297505856	-0.04083826020359993	0.11608845740556717	-0.014390166848897934	0.047577932476997375	0.12280026078224182	0.4124615788459778	0.04970371723175049	0.24735698103904724
ENSMUSG00000086842	0.019014453515410423	0.008396626450121403	0.018207743763923645	0.002745400881394744	-0.004670444410294294	-0.005222410429269075	-0.013387210667133331	-0.06295947730541229	0.01087983138859272	0.043323203921318054	-0.013387595303356647	0.006289733573794365	-0.0021568911615759134	-0.007023033685982227	-0.0019286201568320394	-0.05612439662218094	0.04857412725687027	-0.0852792039513588	-0.05356794223189354	-0.05603498965501785	-0.005902997218072414	-0.06301576644182205
ENSMUSG00000044040	-0.10803068429231644	-0.22050966322422028	-0.026485972106456757	-0.05192337557673454	-0.0328693650662899	-0.07932398468255997	0.025736751034855843	-0.1055631935596466	-0.04727441817522049	-0.22943781316280365	-0.01883648708462715	-0.014530365355312824	-0.013789267279207706	-0.02652907930314541	0.04801816865801811	-0.24066951870918274	-0.16050326824188232	-0.27358344197273254	0.2254774421453476	-0.6104251742362976	-0.00779779814183712	-0.41069161891937256
ENSMUSG00000032099	0.002901134779676795	0.03928645700216293	0.017620276659727097	0.019842447713017464	0.0023044818080961704	0.0008133512455970049	-0.00918262917548418	-0.09519478678703308	-0.011820151470601559	0.016967792063951492	0.0055213854648172855	0.010789561085402966	0.0013675185618922114	-0.007853256538510323	0.00919453427195549	-0.05102138593792915	-0.00849105790257454	0.03455111384391785	-0.03405546396970749	-0.15451744198799133	-0.0062991841696202755	-0.07939478009939194
ENSMUSG00000110442	0.024524575099349022	0.04915541037917137	0.012108933180570602	0.019880196079611778	-0.0018160513136535883	0.003615770023316145	0.00017630610091146082	-0.03289668634533882	0.009984742850065231	0.047970544546842575	-0.016099877655506134	0.007463838439434767	0.007071490865200758	0.003163720713928342	0.0008552907966077328	-0.03898119553923607	0.009961429052054882	0.040248703211545944	0.02970711514353752	-0.0011257665464654565	-0.0006283684051595628	-0.026791835203766823
ENSMUSG00000085824	0.008482847362756729	0.030907630920410156	-0.010214065201580524	0.03783146291971207	-0.008403850719332695	0.007726429495960474	0.03438867628574371	0.061379581689834595	0.038814716041088104	0.024370362982153893	0.004491833038628101	-0.0118118179962039	0.03230641782283783	0.0049353050999343395	-0.053030189126729965	0.11221770197153091	-0.02792413718998432	0.03890097513794899	0.07253089547157288	0.5878507494926453	0.03610149770975113	0.1776367574930191
ENSMUSG00000114019	-0.013912157155573368	-0.0011006143176928163	0.0020799555350095034	0.0110890232026577	-0.007256416603922844	-0.0025885221548378468	-0.01582891307771206	-0.0948219895362854	-0.0020678555592894554	0.03631336987018585	0.001552763395011425	0.0071825128979980946	-0.0036320944782346487	0.0051341308280825615	0.0121865663677454	-0.03829164430499077	0.018525786697864532	0.024636490270495415	-0.022694053128361702	-0.1277996003627777	-0.009460893459618092	-0.052102040499448776
ENSMUSG00000011171	0.008973710238933563	0.023312650620937347	0.002642913954332471	0.006110663525760174	-0.007705004885792732	-0.001174356322735548	-0.011868021450936794	0.05433552712202072	0.005068223923444748	0.020860997959971428	-0.0029636609833687544	-0.004797848407179117	-0.0016371303936466575	0.018285254016518593	-0.013159727677702904	0.037074748426675797	0.021164359524846077	0.039767585694789886	-0.032847240567207336	-0.06031041964888573	-0.006970482878386974	0.01716853305697441
ENSMUSG00000079700	0.010734368115663528	0.02727196179330349	0.0021342365071177483	-0.013570791110396385	-0.005479772575199604	-0.0010341457091271877	-0.0047518182545900345	-0.06786246597766876	0.0016809450462460518	0.008230338804423809	-0.0038535180501639843	0.012216934934258461	0.0017382465302944183	0.011017534881830215	-0.0022402331233024597	-0.08814641833305359	0.018247807398438454	-0.05069558694958687	-0.03835331276059151	-0.13078713417053223	-0.009003165178000927	-0.02986660785973072
ENSMUSG00000060503	-0.00825266633182764	0.015112467110157013	-0.018211832270026207	-0.00316229066811502	0.0074332416988909245	0.0008600913570262492	-0.01559829618781805	-0.08441396057605743	-0.006215952802449465	0.017059195786714554	0.009704218246042728	0.007736590690910816	-0.004832863342016935	0.002798519330099225	0.028803613036870956	-0.04927213117480278	0.0017550669144839048	-0.0299510695040226	-0.07674533128738403	-0.07033592462539673	-0.012649654410779476	-0.08493117988109589
ENSMUSG00000038425	0.006585423368960619	0.009055670350790024	-0.00395168224349618	0.0403987281024456	-0.017730990424752235	0.010666686110198498	0.01965693198144436	0.22943788766860962	0.02335490472614765	0.01246958039700985	-0.004986726678907871	-0.025532685220241547	0.018464025110006332	0.006548873148858547	-0.024233076721429825	0.31127339601516724	-0.0051920474506914616	0.07254300266504288	0.04489799588918686	0.614661693572998	-0.003451843513175845	0.2645821273326874
ENSMUSG00000086962	0.015043102204799652	0.03719401732087135	0.006966025102883577	0.019086994230747223	-0.005170850083231926	0.0052753351628780365	0.002237596083432436	0.007997224107384682	0.013533043675124645	0.045437946915626526	-0.013781493529677391	-0.011299265548586845	0.006706527434289455	0.015384775586426258	-0.017763055860996246	0.13121943175792694	0.0350365936756134	0.037555065006017685	0.07584164291620255	0.08450169861316681	0.0014962234999984503	0.05156680569052696
ENSMUSG00000028133	0.008763361722230911	0.028269102796912193	0.004923663567751646	0.005509338341653347	-0.01993047632277012	0.006961005739867687	0.0005535660893656313	0.1754627376794815	0.02033672295510769	0.012963409535586834	-0.014240767806768417	-0.017911478877067566	0.0048467256128787994	0.015862753614783287	-0.024326270446181297	0.26222553849220276	0.01611725240945816	0.06924205273389816	0.033110152930021286	0.2961174249649048	-0.006535153370350599	0.18629838526248932
ENSMUSG00000035370	0.01422965619713068	0.02930600196123123	0.0020298371091485023	0.011851073242723942	-0.011867939494550228	0.004218388348817825	0.018644684925675392	0.09916699677705765	0.02411932684481144	0.022441282868385315	-0.011047417297959328	-0.005591798573732376	0.007473284378647804	0.012780964374542236	-0.023651761934161186	0.050642743706703186	0.018293531611561775	0.017091723158955574	0.08039513230323792	0.30043452978134155	0.006964933127164841	0.15517018735408783
ENSMUSG00000087541	0.00905258022248745	0.01006982009857893	0.006853587459772825	0.014760605059564114	-0.019573725759983063	0.004254363011568785	-0.0006682511884719133	0.13742013275623322	0.010995320975780487	0.024650171399116516	-0.00970801804214716	-0.017568696290254593	0.0013721612049266696	0.020031411200761795	-0.012589491903781891	0.18392705917358398	0.026177024468779564	0.05734102427959442	0.009071950800716877	0.18467417359352112	-0.006605899427086115	0.07391902804374695
ENSMUSG00000116469	0.0278109572827816	0.04021274670958519	0.006144240964204073	0.02229371853172779	-0.008183875121176243	-0.0034633297473192215	0.0033763127867132425	-0.04048502817749977	0.006483620498329401	0.06063777953386307	-0.010367405600845814	0.013582387939095497	0.009239882230758667	0.020286066457629204	0.013515288941562176	-0.07616022229194641	0.032655827701091766	0.015588587149977684	0.12467482686042786	-0.05776422470808029	-0.008532848209142685	0.010788213461637497
ENSMUSG00000085900	0.037488386034965515	0.025627531111240387	0.025075621902942657	0.007126434240490198	-0.0036890313494950533	-0.007712962571531534	-0.004597933497279882	-0.05916411429643631	-0.0056552584283053875	0.0327204093337059	0.011946510523557663	0.004018375650048256	0.001929640187881887	0.02941286563873291	0.006610823795199394	-0.10633666813373566	0.046420421451330185	0.006324412301182747	-0.013466447591781616	0.044140592217445374	-0.008288152515888214	-0.021391330286860466
ENSMUSG00000025257	0.0018611602718010545	0.01961873658001423	0.0019432674162089825	0.029734032228589058	0.016338467597961426	-0.0035809753462672234	-0.010947137139737606	0.26487794518470764	-0.012821739539504051	0.0030633725691586733	0.0005951091879978776	-0.0052473051473498344	-0.006401619873940945	0.007725183852016926	-0.005735829472541809	0.3322741985321045	0.00976700522005558	0.051014650613069534	0.027830513194203377	0.5556103587150574	-0.00729789212346077	0.3597443401813507
ENSMUSG00000069118	-0.0010061124339699745	0.010069215670228004	-0.008400487713515759	0.017610056325793266	-0.010394832119345665	-0.0026359178591519594	-0.028621088713407516	-0.07911230623722076	0.004479681141674519	0.028089329600334167	0.012386408634483814	0.006633339449763298	-0.004522291012108326	0.004810876213014126	0.08930961787700653	-0.06103626266121864	-0.006110371556133032	-0.01842675730586052	-0.0357699990272522	-0.08854882419109344	-0.007321792189031839	-0.0794321820139885
ENSMUSG00000089991	0.009462197311222553	-0.0009275026386603713	0.00016407915973104537	-0.0009296267526224256	-0.005040629301220179	-0.0020099682733416557	-0.001330691622570157	-0.05961540713906288	-0.0011848610593006015	0.034259118139743805	-0.004863775800913572	0.004145342856645584	0.003989525604993105	0.017549071460962296	-0.001965282252058387	-0.06527025252580643	0.015674367547035217	0.0017603158485144377	-0.008335638791322708	0.00559271452948451	-0.006729598622769117	-0.04734589532017708
ENSMUSG00000028011	0.005944404751062393	0.017084874212741852	-0.0037522711791098118	0.00736862700432539	-0.0007375066634267569	0.000733206223230809	-0.011646789498627186	-0.07208416610956192	-0.006848807446658611	0.004365222528576851	0.00314556946977973	0.016237499192357063	0.00013771592057310045	-0.005368053447455168	-0.003538084216415882	-0.047906454652547836	0.00296811293810606	0.00473924120888114	-0.05207272991538048	-0.1124909371137619	-0.007334515918046236	-0.07220028340816498
ENSMUSG00000093482	0.00856570340692997	0.03609156608581543	0.0019559951033443213	0.01920754462480545	-0.00023192442313302308	0.0018356387736275792	-0.009057016111910343	-0.05658535659313202	-0.00018139061285182834	0.02534039504826069	-0.0011598024284467101	0.004104307387024164	-0.0021386316511780024	0.02345922961831093	-0.005282977595925331	-0.03746522590517998	0.01700781285762787	0.017772667109966278	-0.043063703924417496	-0.02833019569516182	-0.00970631092786789	-0.022373346611857414
ENSMUSG00000102758	0.002174059860408306	0.026223231106996536	-0.0033753321040421724	0.0242138784378767	-0.000177167501533404	0.004742416553199291	-0.009120818227529526	-0.0532672218978405	-0.002664146013557911	0.004256694111973047	0.002313716569915414	0.004905031993985176	-0.0005519616534002125	-0.00238151871599257	-0.0030034766532480717	-0.039315491914749146	0.0060563599690794945	0.02121012657880783	-0.0452972874045372	-0.17230263352394104	-0.006239145528525114	-0.0592237152159214
ENSMUSG00000042743	0.007979307323694229	0.021971095353364944	-0.00039038248360157013	0.029100770130753517	-0.016538314521312714	0.00407524686306715	0.006320384331047535	0.27549993991851807	0.014208110980689526	0.013063967227935791	-0.01085473783314228	-0.02173956111073494	0.011600874364376068	0.011757802218198776	-0.027742674574255943	0.3164099454879761	0.003005844308063388	0.07457790523767471	0.03638657182455063	0.4474641680717468	-0.00722185242921114	0.36511844396591187
ENSMUSG00000058287	0.016131633892655373	0.02890915796160698	0.0070158629678189754	0.023099219426512718	-0.0022307971958070993	-0.001653927261941135	-0.008042923174798489	-0.07493984699249268	0.0126951327547431	0.01527163665741682	-0.004605968948453665	0.009401736781001091	0.0003075714339502156	-0.001025246805511415	-0.006545044016093016	0.011219924315810204	0.028242673724889755	0.02661396563053131	-0.041868891566991806	-0.11333438754081726	-0.006372866686433554	-0.0778895691037178
ENSMUSG00000092130	0.017266517505049706	0.013246226124465466	-0.00019902308122254908	0.024110203608870506	-0.019378425553441048	0.0037544111255556345	0.00802527368068695	0.1629011183977127	0.005351172760128975	0.0239039808511734	-0.010662522166967392	-0.02562084048986435	0.013397841714322567	0.015750467777252197	-0.018140221014618874	0.2176228165626526	0.01727782003581524	0.03901642933487892	0.030122946947813034	-0.020359940826892853	-0.0006425011088140309	0.01812073029577732
ENSMUSG00000047180	0.02437322773039341	0.03838975355029106	0.007863103412091732	0.018477993085980415	-0.002878619823604822	0.0033375138882547617	-0.008541409857571125	-0.01929662376642227	0.015436865389347076	0.03450364992022514	-0.014264297671616077	-9.247397247236222e-05	-0.00191309186629951	0.01312780100852251	-0.019298024475574493	-0.009930533356964588	0.039771050214767456	0.02282000333070755	0.003167523769661784	-0.12182018160820007	0.004139278084039688	-0.0506206713616848
ENSMUSG00000039155	0.020495794713497162	0.007739322260022163	0.007697706110775471	0.014445497654378414	-0.002070222981274128	-0.0029581869021058083	-0.005491965916007757	-0.06496576964855194	0.0069807483814656734	0.0009844583692029119	-0.00447602104395628	0.009706636890769005	-7.476192695321515e-05	0.010681923478841782	-0.0025522750802338123	-0.04715074598789215	0.03458874672651291	0.050078291445970535	-0.034434862434864044	-0.14421065151691437	-0.008628105744719505	-0.0908915251493454
ENSMUSG00000016200	0.007612950634211302	0.012737573124468327	0.0007502312073484063	0.027576088905334473	-0.021335961297154427	0.001038739806972444	-0.005323068704456091	0.2608758807182312	0.0051654125563800335	0.012750362046062946	-0.010134589858353138	-0.022951023653149605	0.007472086697816849	0.016552023589611053	-0.013200443238019943	0.34372466802597046	0.01116949412971735	0.054127130657434464	0.009743308648467064	0.2533022165298462	-0.008612456731498241	0.355722039937973
ENSMUSG00000028391	0.011684157885611057	0.003115727799013257	0.003992414101958275	0.014143688604235649	-0.014462224207818508	0.003265970852226019	-0.0014017608482390642	0.15588261187076569	0.020030615851283073	0.015619573183357716	-0.012811124324798584	-0.016487248241901398	0.0071090697310864925	0.015487032942473888	-0.02607451193034649	0.22959856688976288	0.01466875709593296	0.05672961845993996	0.02439660020172596	0.307260125875473	-0.006704258732497692	0.2147495150566101
ENSMUSG00000110264	0.01685802824795246	0.03691030666232109	0.0069702621549367905	0.02623138017952442	-0.004227607976645231	0.003665860276669264	0.001383183873258531	-0.0675959512591362	0.01120268739759922	0.04243697598576546	-0.008015706203877926	-0.002676211530342698	0.002048185560852289	0.010763646103441715	-0.008032712154090405	0.01757013611495495	0.014850880019366741	0.04038114845752716	-0.00511325616389513	0.008848685771226883	-0.004176055081188679	-0.019232604652643204
ENSMUSG00000032293	0.005637592636048794	0.01821344904601574	-0.0036369976587593555	0.020862145349383354	-0.024535857141017914	0.004257324151694775	0.01872100494801998	0.2564793527126312	0.01920408569276333	0.011811788193881512	-0.006201189011335373	-0.016713004559278488	0.026971079409122467	0.005417994223535061	-0.021739186719059944	0.2103704810142517	-0.0012576245935633779	0.07565616071224213	0.05808911472558975	0.5556018352508545	5.653520202031359e-05	0.39883697032928467
ENSMUSG00000029290	0.007252375595271587	0.014077241532504559	0.000842779700178653	0.021552367135882378	-0.022752931341528893	0.00650068512186408	0.00882538128644228	0.258493036031723	0.008597449399530888	0.010881391353905201	-0.015288954600691795	-0.02603835053741932	0.01226142980158329	0.01672062836587429	-0.006246351171284914	0.32930922508239746	0.011268241330981255	0.06856098026037216	0.03244988992810249	0.32339614629745483	-0.00814646203070879	0.30761709809303284
ENSMUSG00000118383	0.019384777173399925	0.026262694969773293	0.010930413380265236	0.010998759418725967	-0.026173407211899757	0.005046750418841839	0.0050308192148804665	0.0813782587647438	0.024176323786377907	0.029091782867908478	-0.02727477252483368	-0.013504011556506157	0.0049683828838169575	0.01581687293946743	-0.026814687997102737	0.16492699086666107	0.033992331475019455	0.06062554195523262	0.0369047150015831	0.08736023306846619	-0.0035870487336069345	0.10691655427217484
ENSMUSG00000031373	-0.004504763521254063	-0.002878926694393158	-0.0029624553862959146	-0.0020307099912315607	0.014439532533288002	-0.005277177318930626	-0.014498051255941391	0.0594206377863884	-0.011435933411121368	0.007530325558036566	0.011564833112061024	-0.003417103085666895	-0.007445612456649542	0.0048911673948168755	-0.003071397775784135	0.09148900210857391	0.0032815414015203714	0.03222102299332619	-0.06682650744915009	-0.09588616341352463	-0.006243422161787748	-0.031456686556339264
ENSMUSG00000107520	0.007968856953084469	0.033448152244091034	-3.8391517591662705e-05	0.025567911565303802	-0.0022838376462459564	-0.0017506268341094255	-0.012069477699697018	-0.07550967484712601	0.0019784236792474985	0.02948860451579094	0.0032273337710648775	0.010280226357281208	-0.009692936204373837	0.004119561985135078	-0.001843869686126709	-0.07604896277189255	0.002431275323033333	0.05433617904782295	-0.051708463579416275	-0.17328232526779175	-0.003926942124962807	-0.10846816748380661
ENSMUSG00000121770	0.012176189571619034	0.031147902831435204	0.0025250178296118975	0.006209815852344036	-0.005273956805467606	0.0017134101362898946	-0.001971279736608267	-0.07743537425994873	0.004199011716991663	0.04976882040500641	-0.0027354341000318527	0.007577404845505953	0.0026902463287115097	0.01207496877759695	-0.0011234813136979938	-0.042241934686899185	0.021950550377368927	0.012877540662884712	-0.02257699891924858	-0.10941096395254135	-0.00744440034031868	-0.03740261122584343
ENSMUSG00000100149	-0.10803068429231644	-0.22050966322422028	-0.026485972106456757	-0.05192337557673454	-0.0328693650662899	-0.07932398468255997	0.025736751034855843	-0.1055631935596466	-0.04727441817522049	-0.22943781316280365	-0.01883648708462715	-0.014530365355312824	-0.013789267279207706	-0.02652907930314541	0.04801816865801811	-0.24066951870918274	-0.16050326824188232	-0.27358344197273254	0.2254774421453476	-0.6104251742362976	-0.00779779814183712	-0.41069161891937256
ENSMUSG00000078752	0.02744179219007492	0.013480913825333118	0.009634210728108883	0.019520115107297897	-0.009871910326182842	-0.0018909627106040716	-0.006000827997922897	-0.07039714604616165	0.007502449676394463	0.028450891375541687	0.0009199878550134599	0.008418500423431396	0.00353437103331089	0.004772423300892115	-0.0017544128932058811	-0.059556808322668076	0.0375288762152195	0.04797196760773659	-0.016335198655724525	-0.11189872771501541	-0.007972526364028454	-0.0705021470785141
ENSMUSG00000078813	0.010463975369930267	0.016573794186115265	0.0002496920060366392	0.02074638195335865	-0.02298703044652939	0.005899916402995586	0.025827549397945404	0.17667095363140106	0.016468821093440056	0.01338247675448656	-0.013836182653903961	-0.023409178480505943	0.011640394106507301	0.012940925545990467	-0.01178442221134901	0.19897161424160004	0.009949845261871815	0.04938428848981857	0.1238187775015831	0.25784704089164734	0.004610030446201563	0.25356659293174744
ENSMUSG00000073380	0.01794806867837906	0.022312013432383537	0.006691794376820326	0.012081551365554333	-0.007692965213209391	-0.0016690411139279604	0.015238897874951363	-0.016229847446084023	0.005149697884917259	0.03027169033885002	-0.01177289616316557	0.007487007416784763	0.00723873870447278	0.008824718184769154	-0.004817820619791746	-0.08627729117870331	0.03132510185241699	0.02628324180841446	0.07646110653877258	0.3961808681488037	0.005771840922534466	0.06026848405599594
ENSMUSG00000056995	-0.000805622199550271	0.016619130969047546	-5.288227112032473e-05	-0.01624434068799019	-0.004322890657931566	-0.00021103369363117963	-0.012151512317359447	-0.1836494505405426	-0.003811122151091695	0.01653052307665348	0.0015751555329188704	0.007906503975391388	-0.00450486084446311	0.00020050059538334608	-0.0038228356279432774	-0.13450849056243896	-0.013174792751669884	-0.0037854614201933146	-0.03916383907198906	-0.13354739546775818	-0.010982045903801918	-0.04954573139548302
ENSMUSG00000099802	-0.03799528256058693	0.0024041535798460245	-0.0009979835012927651	-0.014707844704389572	0.00207717576995492	0.003505467437207699	-0.01014192495495081	-0.09085264056921005	-0.00019973766757175326	0.03873905539512634	0.003215078031644225	0.009453020989894867	0.010657137259840965	0.004655869212001562	-0.0021872755605727434	-0.0795319601893425	-0.007858626544475555	0.005474414676427841	-0.04109613597393036	-0.10469720512628555	-0.0036458950489759445	-0.05787651985883713
ENSMUSG00000083646	-0.00020671769743785262	0.025221489369869232	-0.002779895905405283	-0.011477121151983738	0.007635024841874838	-0.00036631294642575085	-0.004514466039836407	-0.07732140272855759	0.0004710158391389996	0.011497641913592815	0.004817488603293896	0.012671133503317833	-0.0020223266910761595	0.0050769890658557415	-0.0018951952224597335	-0.08413583785295486	-0.008478987030684948	0.030430316925048828	-0.0632244423031807	-0.2556198239326477	-0.008744061924517155	-0.08974304795265198
ENSMUSG00000109962	0.02191051095724106	0.005307598505169153	0.009889225475490093	0.026225496083498	0.0012891836231574416	-0.003334882901981473	-0.0029617175459861755	-0.012370068579912186	0.002336666686460376	0.03979144245386124	0.019015708938241005	-0.0013514396268874407	0.001609677099622786	0.03141492232680321	0.0012265515979379416	-0.12317075580358505	0.052517808973789215	0.048983607441186905	-0.06452161818742752	-0.043681904673576355	-0.009522492066025734	-0.04238200560212135
ENSMUSG00000054142	0.004192247986793518	0.05072646960616112	0.0005648407968692482	0.033026617020368576	-0.0013899607583880424	0.0028681368567049503	-0.00669519230723381	-0.06611881405115128	-0.0011178626446053386	0.06689545512199402	0.005703506991267204	0.00961118284612894	0.0017604290042072535	0.012097376398742199	-0.004170602187514305	-0.09839747101068497	-0.004553794860839844	0.019401071593165398	-0.03225693479180336	0.03556623309850693	-0.007547152228653431	-0.036414649337530136
ENSMUSG00000039179	0.016203848645091057	0.030723385512828827	0.010580381378531456	0.013709712773561478	-0.007130850572139025	0.00530791562050581	0.0026029287837445736	0.015657763928174973	0.013389607891440392	0.036677226424217224	-0.016360703855752945	-0.008525364100933075	0.00028413013205863535	0.02127760834991932	-0.019377924501895905	0.024145256727933884	0.038148194551467896	0.030525626614689827	-0.00715895788744092	0.06171022728085518	-0.004033174365758896	0.02199728973209858
ENSMUSG00000026834	-0.001957192551344633	-0.1469154804944992	0.002520851092413068	-0.12243757396936417	0.0038928231224417686	0.029486792162060738	-0.0006524904747493565	-0.18237115442752838	-0.004031461663544178	-0.25953009724617004	0.0035934988409280777	-0.03174499422311783	-0.00533312140032649	-0.08807186037302017	-0.006727889645844698	-0.15560737252235413	-0.0032286737114191055	-0.23129671812057495	-0.033716555684804916	-0.6841014623641968	-0.00046240605297498405	-0.4735512137413025
ENSMUSG00000035745	0.012319221161305904	0.03688661754131317	0.0011403333628550172	0.00651587126776576	-0.013185078278183937	0.0038410502020269632	0.012152948416769505	0.09194984287023544	0.024020308628678322	0.021580738946795464	-0.018706409260630608	-0.017077507451176643	0.00691973464563489	0.015264174900949001	-0.03200168535113335	0.11376640945672989	0.0252879336476326	0.03922242298722267	0.07141437381505966	0.2140558362007141	0.009853827767074108	0.11190761625766754
ENSMUSG00000049521	0.018842900171875954	0.020358877256512642	-0.0001839989417931065	0.013075534254312515	-0.016301557421684265	0.003985692746937275	0.008237313479185104	0.07915730029344559	0.02423117123544216	0.030216870829463005	-0.01922016590833664	-0.01598813571035862	0.007983038201928139	0.014443856664001942	-0.03189379349350929	0.06629537791013718	0.027929093688726425	0.041212987154722214	0.0808410719037056	0.0014165369793772697	0.023586232215166092	0.05478011444211006
ENSMUSG00000108004	0.017412012442946434	0.035586144775152206	0.00691623380407691	0.02190859615802765	0.005808352958410978	-0.005154265556484461	-0.007752518635243177	-0.04964650049805641	-0.005990488454699516	0.050086237490177155	-0.003234625793993473	0.009100138209760189	0.003444145666435361	0.008846425451338291	-0.0009629782289266586	-0.12180446833372116	0.03338088095188141	0.005693531595170498	-0.029302267357707024	-0.064639151096344	-0.0051611606031656265	-0.03649262711405754
ENSMUSG00000026319	0.004558440763503313	0.019415264949202538	0.0014592987718060613	0.02939823642373085	-0.022421695291996002	0.0031910939142107964	0.00618467852473259	0.31446269154548645	0.0017219196306541562	0.011227292940020561	-0.007322255522012711	-0.023411177098751068	0.013161909766495228	0.012381407432258129	-0.005510926246643066	0.345836341381073	0.008002492599189281	0.07263650745153427	0.032141413539648056	0.50538569688797	-0.0070739551447331905	0.39693424105644226
ENSMUSG00000028036	0.010008027777075768	0.03583741560578346	0.0019705260638147593	0.014536835253238678	-0.003307357197627425	0.0019745919853448868	-0.007816732861101627	-0.015281016007065773	0.004125232342630625	0.042286697775125504	-0.007942949421703815	-0.001858736970461905	0.00257297744974494	0.014403599314391613	-0.008648146875202656	-0.03594665229320526	0.013614016585052013	0.06291094422340393	-0.03952180594205856	-0.041032999753952026	-0.004860347602516413	-0.017200322821736336
ENSMUSG00000031399	0.004225302953273058	0.012937596999108791	0.00048596609849482775	-0.01365182176232338	0.022728469222784042	0.004075548145920038	-0.010241836309432983	0.24496833980083466	-0.007261332124471664	0.004543733317404985	-0.005714073311537504	-0.009121463634073734	-0.020276445895433426	0.014706578105688095	0.0037389416247606277	0.3415006399154663	0.010312998667359352	0.039231076836586	0.04335426911711693	0.29311200976371765	-0.006408975925296545	0.14978720247745514
ENSMUSG00000021779	-0.0923379510641098	-0.22195902466773987	-0.017089691013097763	-0.06403416395187378	-0.021388044580817223	-0.06334874033927917	0.05997275188565254	-0.09015198796987534	-0.02782265841960907	-0.2482401430606842	-0.019276464357972145	-0.02615128457546234	-0.03308351710438728	-0.04230182245373726	0.01221854705363512	-0.1838781237602234	-0.09735993295907974	-0.28272324800491333	0.13877223432064056	-0.5917999148368835	0.007257162127643824	-0.4066230058670044
ENSMUSG00000086648	0.013136494904756546	0.0335506945848465	0.010367441922426224	0.005975924897938967	-0.0009284093393944204	0.0013935479801148176	-0.0045545147731900215	-0.035536229610443115	0.015961207449436188	0.017959928140044212	-0.0050232126377522945	-0.004618134815245867	0.0007803422049619257	0.007592296693474054	-0.014285850338637829	-0.0032671350054442883	0.029525166377425194	0.05399225279688835	-0.024115776643157005	-0.10161001980304718	-0.005894591100513935	-0.05022883415222168
ENSMUSG00000085074	0.022150514647364616	0.030609970912337303	0.003011063439771533	0.011300853453576565	0.0013070522109046578	-0.003895912552252412	-0.006649943068623543	-0.06421403586864471	0.0061464919708669186	0.0373825766146183	0.014169084839522839	0.0059264362789690495	0.005856472998857498	0.012693698517978191	0.0017796778120100498	-0.04779864475131035	0.014369335025548935	0.011965956538915634	-0.0294981449842453	-0.1016269326210022	-0.007665582932531834	-0.09259460121393204
ENSMUSG00000116114	0.027239756658673286	0.03466198593378067	0.008556901477277279	0.020124293863773346	-0.006265292875468731	0.0028120395727455616	-0.0019778043497353792	-0.04508237913250923	0.013061773031949997	0.03188109025359154	-0.008070409297943115	0.012480032630264759	0.005685016512870789	0.008289609104394913	-0.0029566653538495302	-0.03429519757628441	0.03630780056118965	0.03787118196487427	-0.021144986152648926	-0.1039658933877945	-0.005548739340156317	-0.03334994614124298
ENSMUSG00000058799	0.005722930654883385	0.0056608510203659534	-0.008706224150955677	0.03794016316533089	-0.026294143870472908	0.004973662085831165	0.039385173469781876	0.27803513407707214	0.01978473737835884	0.00641748309135437	-0.012087170965969563	-0.037256862968206406	0.025732507929205894	0.007952812127768993	-0.036351822316646576	0.28939467668533325	-0.006315364968031645	0.07129227370023727	0.07519712299108505	0.45058372616767883	0.009374813176691532	0.4405239224433899
ENSMUSG00000001131	0.002111824695020914	0.011408843100070953	-0.002079299185425043	0.014864432625472546	-0.0033294623717665672	-0.009095102548599243	0.04864848032593727	0.12818461656570435	-0.0076042283326387405	0.016159454360604286	-0.002016867510974407	-0.0014062881236895919	0.013692661188542843	0.008794484660029411	-0.053295113146305084	0.16859674453735352	-0.0054559893906116486	0.00027286383556202054	0.10731504112482071	0.4305379390716553	0.02185126394033432	0.10837940126657486
ENSMUSG00000025588	0.011443915776908398	0.06140030920505524	0.003666101722046733	0.015000810846686363	-0.004847922828048468	0.00044706149492412806	-0.00836922600865364	-0.04682082310318947	0.006574245169758797	0.02673392929136753	-0.003191160038113594	0.0002782933588605374	-0.001292254077270627	0.005221682600677013	-0.004928805865347385	0.0060822623781859875	0.010356128215789795	0.01703958958387375	-0.009412037208676338	0.05356362462043762	-0.005579442251473665	-0.026089858263731003
ENSMUSG00000060523	-0.0034591041039675474	-0.02982104942202568	-0.0039285896345973015	-0.023022940382361412	0.0018833914073184133	-0.0035270664375275373	-0.017408352345228195	-0.13134533166885376	-0.005836192984133959	-0.03913665935397148	0.002995035145431757	0.011548846028745174	-0.009036088362336159	-0.0078110541217029095	-0.015066503547132015	-0.21610350906848907	0.0009677952621132135	-0.08184006065130234	-0.02418101392686367	-0.08216595649719238	-0.013823717832565308	-0.05644163489341736
ENSMUSG00000052539	0.007897716946899891	0.019792312756180763	0.001952594262547791	0.023551935330033302	-0.023684192448854446	0.005430025514215231	0.0035831155255436897	0.2570992708206177	0.009515391662716866	0.01114190835505724	-0.011225324124097824	-0.029982607811689377	0.007595635484904051	0.018951399251818657	-0.01052824780344963	0.3376566767692566	0.012913447804749012	0.05602499097585678	0.007803207729011774	0.2363828718662262	-0.008533097803592682	0.30051174759864807
ENSMUSG00000032479	0.008499532006680965	0.022149119526147842	-0.004389903508126736	0.030875463038682938	-0.02314412035048008	0.009427535347640514	0.01642763800919056	0.25279921293258667	0.022019146010279655	0.010420972481369972	-0.008454459719359875	-0.014665208756923676	0.022884897887706757	0.007914194837212563	-0.02812030352652073	0.30736827850341797	-0.0042408304288983345	0.06940282881259918	0.03906579688191414	0.541359543800354	-0.0023691034875810146	0.3478599786758423
ENSMUSG00000114661	0.014780671335756779	0.023181317374110222	0.002806443488225341	0.018393829464912415	-0.0028801728039979935	-0.0026821037754416466	-0.0045141554437577724	-0.07112385332584381	0.0026676300913095474	0.03427256643772125	0.000646482571028173	0.008870613761246204	-0.00023799188784323633	0.008709072135388851	0.0006297348299995065	-0.0792655199766159	0.025115566328167915	0.03794214874505997	-0.03833127021789551	-0.12077086418867111	-0.0076386467553675175	-0.08100638538599014
ENSMUSG00000102398	0.007920942269265652	0.02050396054983139	0.001924452488310635	0.0253138467669487	-0.025765586644411087	0.0064622145146131516	-0.013443179428577423	0.24464891850948334	0.01640171743929386	0.014076902531087399	-0.0034024640917778015	-0.013755661435425282	0.008579518646001816	0.013893939554691315	0.008392293006181717	0.3280208706855774	0.008134138770401478	0.08839920908212662	0.0432831235229969	0.4753112494945526	-0.007271181792020798	0.3555820882320404
ENSMUSG00000112564	-0.001550458837300539	0.02501368336379528	-0.0014715174911543727	0.013458870351314545	-0.013936224393546581	0.00138457166031003	0.019918857142329216	0.09498514235019684	-0.01440222654491663	0.008969697169959545	-0.005062383599579334	-0.007778329774737358	0.009128711186349392	0.00928347185254097	-0.012314421124756336	0.10344286262989044	0.004729317966848612	0.047764696180820465	0.01847556047141552	0.19353216886520386	-0.0038612077478319407	0.07275866717100143
ENSMUSG00000097415	0.0073848990723490715	0.021065957844257355	-0.004122328478842974	0.021213049069046974	-0.017472781240940094	0.005396974738687277	0.023189978674054146	0.21476519107818604	0.018501615151762962	0.012260240502655506	-0.007529965601861477	-0.016162967309355736	0.022568581625819206	0.010191035456955433	-0.030463574454188347	0.24665097892284393	0.002614633645862341	0.04766610264778137	0.07795339822769165	0.377211332321167	0.005824305582791567	0.2629104554653168
ENSMUSG00000111794	0.02604263462126255	0.023969747126102448	0.012376903556287289	0.019686736166477203	-0.004963689483702183	-0.0030747803393751383	-0.005709810182452202	-0.06711216270923615	0.0031574598979204893	0.032183483242988586	-0.00199441472068429	0.013759923167526722	8.90665760380216e-05	0.01611638255417347	-0.0015536174178123474	-0.018887067213654518	0.04080092906951904	0.02521730400621891	-0.02407846413552761	-0.15944042801856995	-0.0075389607809484005	-0.0653887540102005
ENSMUSG00000036244	0.021776046603918076	0.009296118281781673	0.013095553033053875	0.00639385124668479	-0.003116592764854431	-0.0009847868932411075	-0.00210871291346848	-0.09062561392784119	0.012427828274667263	0.03966771438717842	-0.013592985458672047	0.004498108755797148	0.004932422190904617	0.01723381318151951	-0.0014730427647009492	0.008056100457906723	0.045147791504859924	0.024861976504325867	-0.016191409900784492	-0.00551822641864419	-0.007172654382884502	0.03954358771443367
ENSMUSG00000032257	0.022611374035477638	0.03224484622478485	0.004512216430157423	0.016632288694381714	0.001306265126913786	-0.004456303548067808	-0.005651850253343582	-0.056062329560518265	0.0060757482424378395	0.04723156616091728	-0.0007964983815327287	0.005165971349924803	0.0012939323205500841	-0.0010424719657748938	-0.006502189673483372	0.0009903119644150138	0.024035600945353508	0.04227026551961899	-0.06072621792554855	-0.13063526153564453	-0.006106532644480467	-0.12076016515493393
ENSMUSG00000043110	0.010545050725340843	0.028538934886455536	0.0014457808574661613	0.017481233924627304	-0.007803875021636486	0.004803344141691923	0.011078677140176296	0.08676313608884811	0.020524024963378906	0.019567877054214478	-0.017925145104527473	-0.026298342272639275	0.008705631829798222	0.014470157213509083	-0.03481427580118179	0.08383036404848099	0.021570105105638504	0.04731370136141777	0.02984190545976162	0.30289140343666077	0.0025339124258607626	0.18295343220233917
ENSMUSG00000029359	0.011787240393459797	0.01564149186015129	0.00253057898953557	0.008914541453123093	-0.017460783943533897	0.004304161760956049	0.009752955287694931	0.15256017446517944	0.016892019659280777	0.014771001413464546	-0.01851624995470047	-0.02236879989504814	0.008695184253156185	0.01653529703617096	-0.03210395947098732	0.1456315815448761	0.02177777700126171	0.044504255056381226	0.039132338017225266	0.16204053163528442	-0.0029027319978922606	0.1719796061515808
ENSMUSG00000081836	-0.000857375271152705	-0.0022614565677940845	-0.003117893123999238	-0.10408341139554977	-0.005994483362883329	-0.004503192380070686	-0.010773851536214352	-0.13222098350524902	-0.00663667032495141	-0.034429606050252914	0.014734126627445221	0.034015726298093796	0.01463253889232874	0.008274447172880173	-0.0011428825091570616	-0.26941853761672974	-0.009076179005205631	-0.05413835868239403	-0.025349728763103485	-0.05613386258482933	-0.013334851711988449	-0.07306966930627823
ENSMUSG00000106732	0.029434572905302048	0.008898450993001461	0.012731015682220459	0.016831543296575546	-0.006329221185296774	-0.003974458202719688	-0.003369017504155636	-0.06247701495885849	0.0028594720643013716	0.033395733684301376	-0.005747518036514521	0.008693152107298374	-0.0020083182025700808	0.0086300577968359	0.018193574622273445	-0.056532565504312515	0.02408215031027794	0.010164166800677776	0.05114377662539482	-0.005343790166079998	-0.00929196272045374	-0.04150231182575226
ENSMUSG00000042579	0.006244793999940157	0.023317629471421242	0.0019288974581286311	0.03958093747496605	-0.02159605175256729	0.010160410776734352	0.010245293378829956	0.24330784380435944	0.028060605749487877	0.013196068815886974	6.801295967306942e-05	-0.013764816336333752	-0.00526589946821332	0.0055182212963700294	0.006347164046019316	0.2906598150730133	-0.0051900045946240425	0.08086137473583221	0.07159331440925598	0.5362914800643921	0.005799721460789442	0.3661184012889862
ENSMUSG00000020099	0.010473741218447685	0.0276226457208395	-0.0019468102836981416	0.015753068029880524	-0.019065117463469505	0.0022154366597533226	0.013207485899329185	0.20454172790050507	0.019303923472762108	0.015663383528590202	-0.020629527047276497	-0.013759145513176918	0.011478104628622532	0.014471067115664482	-0.03616909682750702	0.18874719738960266	0.016061648726463318	0.038833945989608765	0.039528775960206985	0.22145408391952515	-0.001663573202677071	0.23257766664028168
ENSMUSG00000085871	0.024709463119506836	0.03205693140625954	0.012979310937225819	-0.004883419722318649	-0.005251906346529722	0.002694424707442522	-0.005675523076206446	-0.021686412394046783	0.0044208429753780365	0.03797415643930435	-0.0030063532758504152	-0.0032035624608397484	-0.001956989523023367	0.021462352946400642	-0.007146966643631458	-0.0542614609003067	0.029992854222655296	0.02823624573647976	0.00945105031132698	0.15054380893707275	-0.0035616704262793064	0.06764526665210724
ENSMUSG00000000701	0.03171331807971001	0.03029150329530239	0.0063415407203137875	0.03095700964331627	-0.006525718607008457	-0.003937054891139269	-0.003096843371167779	-0.0732654482126236	0.0062969340942800045	0.04084370657801628	-0.003864261321723461	0.00959248561412096	0.0005083595751784742	0.014708684757351875	0.011788636445999146	-0.07536833733320236	0.03618890419602394	0.045762114226818085	-0.01551038958132267	-0.07119614630937576	-0.008289763703942299	-0.07012656331062317
ENSMUSG00000031770	0.0056448266841471195	0.02623940445482731	-0.008245560340583324	0.033076755702495575	-0.019699767231941223	0.010092374868690968	0.031329650431871414	0.23466293513774872	0.022377774119377136	0.011391473934054375	-0.003464441280812025	-0.021277358755469322	0.022347087040543556	0.004074092023074627	-0.017826490104198456	0.2854439318180084	-0.009652170352637768	0.08302266150712967	0.05889172852039337	0.6195136904716492	0.00416888203471899	0.21819396317005157
ENSMUSG00000100562	0.019457340240478516	0.0296980831772089	0.014802420511841774	0.004848642740398645	-0.008385985158383846	-0.004136967472732067	-0.008814528584480286	-0.04664349928498268	0.004992814268916845	0.03911297768354416	-0.01208923477679491	0.00269553461112082	0.0026804953813552856	0.01805948279798031	0.0011267437366768718	-0.05818786472082138	0.039398498833179474	0.0454145185649395	0.002269297605380416	0.0986727625131607	-0.006979228928685188	-0.0404391810297966
ENSMUSG00000018604	0.0016669530887156725	0.023992842063307762	-0.017025478184223175	0.02974236197769642	-0.015256919898092747	0.011599675752222538	0.07949262857437134	0.1931462287902832	0.031795933842659	0.010220928117632866	-0.000928767491132021	-0.01788589544594288	0.03426821157336235	6.9751578848809e-05	-0.043477367609739304	0.21452075242996216	-0.026702329516410828	0.07700994610786438	0.07982774078845978	0.6307821869850159	0.049403849989175797	0.19662876427173615
ENSMUSG00000107673	0.007669157348573208	0.006127702072262764	0.01641274429857731	0.008382299914956093	0.0059554981999099255	0.0015197426546365023	-0.009574156254529953	-0.04199327155947685	0.012830879539251328	0.030551785603165627	-0.006618754472583532	0.0024528426583856344	-0.0051842061802744865	-0.0003979118773713708	-0.016408350318670273	-0.031112954020500183	-0.006222419906407595	0.04329300299286842	-0.057738203555345535	-0.06723179668188095	-0.0056730639189481735	-0.08971882611513138
ENSMUSG00000055110	-0.006813261657953262	-0.0013245794689282775	-0.00098323670681566	-0.011464489623904228	0.0022698547691106796	-0.008028404787182808	0.011130128987133503	-0.07355411350727081	-0.012121908366680145	0.016339851543307304	-0.0004881959466729313	0.005295806098729372	0.004479866474866867	-0.0014653605176135898	0.0005441204411908984	-0.08554297685623169	0.005687967408448458	-0.07363537698984146	0.051755718886852264	0.08932524919509888	-0.010421988554298878	-0.08251270651817322
ENSMUSG00000117958	0.026936693117022514	0.02150161750614643	0.009628367610275745	0.020759418606758118	-0.007431878242641687	0.0003049745282623917	0.0022317024413496256	-0.049480851739645004	0.016260085627436638	0.03603833168745041	-0.009716551750898361	0.0002435467322356999	0.0036526694893836975	0.012227867729961872	-0.0034577669575810432	-0.013416755944490433	0.04059210419654846	0.02819196879863739	0.061213694512844086	0.05328227952122688	-0.0032526615541428328	0.017729029059410095
ENSMUSG00000006311	0.019748762249946594	0.02957439422607422	-0.012931304052472115	0.009623791091144085	-0.008554666303098202	0.0020708581432700157	-0.029966305941343307	0.0328427292406559	0.003621717682108283	0.04897307977080345	-0.034644439816474915	-0.004062829539179802	0.01250904705375433	0.015184159390628338	-0.04398359730839729	0.04659593477845192	0.04390738904476166	0.04781724885106087	0.10368210822343826	0.10239580273628235	0.04915882647037506	0.07135052978992462
ENSMUSG00000060030	0.007025169208645821	0.01652471162378788	0.003657505614683032	-0.0013870273251086473	0.0014398241182789207	-0.0007166130235418677	-0.006584035232663155	-0.08353699743747711	-0.002394157461822033	0.0032292252872139215	-0.0026355222798883915	0.008791628293693066	-0.0008383162785321474	0.01802494004368782	0.009161049500107765	-0.10549842566251755	0.026950083673000336	0.042856279760599136	-0.05224330723285675	-0.11083861440420151	-0.009932000190019608	-0.035154081881046295
ENSMUSG00000002791	0.014861570671200752	0.040175896137952805	0.006445577368140221	0.02170262113213539	-0.01352893840521574	0.007596511859446764	0.005515019875019789	0.08955442160367966	0.018754713237285614	0.029173746705055237	-0.01949787512421608	-0.01249797735363245	0.005802077706903219	0.017771176993846893	-0.02484036050736904	0.1526898741722107	0.030246181413531303	0.04289189726114273	0.026367930695414543	0.11477630585432053	-0.0026059928350150585	0.13773596286773682
ENSMUSG00000110824	0.028708484023809433	0.03873296454548836	0.010024274699389935	0.02654169872403145	-0.0045240106992423534	-0.003656320972368121	-0.0009527612710371614	-0.05455804243683815	0.009782730601727962	0.036848731338977814	-0.009809069335460663	0.006063847336918116	0.002437477931380272	0.0014499819371849298	0.0038888445124030113	-0.05886305496096611	0.03915679454803467	0.015820784494280815	0.00837531965225935	-0.057522792369127274	-0.00828253012150526	-0.04368821159005165
ENSMUSG00000020780	0.010664968751370907	0.026601402088999748	-1.1981129318883177e-05	0.016596434637904167	-0.018842503428459167	0.007769110146909952	0.007784864865243435	0.24777597188949585	0.014680987223982811	0.013203590176999569	-0.015586253255605698	-0.026281768456101418	0.013112123124301434	0.015681196004152298	-0.026429908350110054	0.3188619911670685	0.013229460455477238	0.06185182183980942	0.0347471684217453	0.2911357581615448	-0.00779101112857461	0.36011284589767456
ENSMUSG00000109336	0.012238415889441967	0.029418015852570534	0.004391242749989033	0.016332488507032394	-0.021090062335133553	0.004255420062690973	0.006593811325728893	0.17034673690795898	0.017950735986232758	0.014658079482614994	-0.014669221825897694	-0.022336667403578758	0.008574564009904861	0.016380155459046364	-0.02553834393620491	0.0479762926697731	0.022194810211658478	0.050085000693798065	0.04251367598772049	0.22832156717777252	-0.004058327991515398	0.286260724067688
ENSMUSG00000109214	0.005134469363838434	0.03826199844479561	0.003112027421593666	0.022820472717285156	-0.003155984217301011	0.006204868666827679	-0.0026679462753236294	0.024926472455263138	0.009436521679162979	0.030792489647865295	-0.012260008603334427	-0.01104092039167881	-0.0016527853440493345	0.013498729094862938	0.0034316808450967073	0.17363090813159943	-0.0033573859836906195	0.05218557268381119	-0.03615962341427803	0.024174857884645462	-0.004564265720546246	0.029509423300623894
ENSMUSG00000094098	0.030117971822619438	0.03289811685681343	-0.001051137107424438	0.037697531282901764	-0.008327560499310493	-0.005446529947221279	-0.005484875291585922	-0.045211635529994965	-0.001113646081648767	0.035777732729911804	0.0035268752835690975	0.007172723300755024	0.01219469215720892	0.016512446105480194	0.012580611743032932	-0.16230705380439758	0.017152756452560425	0.013147828169167042	-0.024621855467557907	-0.051146987825632095	-0.014095800928771496	-0.04840381443500519
ENSMUSG00000050312	-0.015686511993408203	0.021753130480647087	-0.0024766267742961645	0.041451144963502884	0.03388531133532524	0.001957525499165058	-0.024428926408290863	0.2877255380153656	-0.041209906339645386	0.0022055641748011112	0.008740313351154327	-0.0019540919456630945	-0.030453920364379883	0.016060447320342064	0.016027197241783142	0.34229370951652527	0.01941382884979248	0.06233828142285347	-0.0747813954949379	0.5154295563697815	-0.000636771263089031	0.3255079984664917
ENSMUSG00000121601	0.0165636595338583	0.013908075168728828	0.014310033060610294	0.012422434985637665	-0.005773220676928759	-0.004132955800741911	-0.0036306232213974	-0.05327318608760834	0.0049581523053348064	0.048087410628795624	-0.008983337320387363	0.005735402926802635	0.002505344105884433	0.022917859256267548	0.0022054966539144516	-0.0585767924785614	0.04280393570661545	0.0264310073107481	0.00875279400497675	0.08282342553138733	-0.009688928723335266	-0.06992892920970917
ENSMUSG00000096199	0.005487098824232817	0.023882174864411354	-0.0078025334514677525	0.021308472380042076	-0.0081563089042902	0.007565702311694622	0.014693529345095158	0.24223347008228302	0.02104846015572548	0.017284421250224113	0.00026362284552305937	-0.014994914643466473	0.00019233228522352874	0.00817196350544691	0.0008850485319271684	0.3008899390697479	0.0004542462120298296	0.08553550392389297	0.06433648616075516	0.46484097838401794	-0.0042437403462827206	0.369723916053772
ENSMUSG00000026887	0.009316193871200085	0.02100667729973793	0.0016741383587941527	0.017508765682578087	-0.020163536071777344	0.002590145217254758	-0.00235998653806746	0.2612805664539337	0.01745360903441906	0.01373869739472866	-0.00995725393295288	-0.011123830452561378	0.005429721903055906	0.011568741872906685	-0.022073356434702873	0.3092062771320343	0.005132404621690512	0.06797723472118378	0.01576577126979828	0.4728216528892517	-0.007540978025645018	0.33314162492752075
ENSMUSG00000079283	0.005748361349105835	0.011306674219667912	-0.004412283189594746	0.01743525080382824	-0.016698626801371574	-0.003112014150246978	0.013992730528116226	0.20114339888095856	0.01009379606693983	0.01120342593640089	-0.014610204845666885	-0.016124475747346878	0.00904825795441866	0.012806249782443047	0.0074908919632434845	0.29690465331077576	0.00785066094249487	0.06075160950422287	0.0873127281665802	0.33309638500213623	-0.0033519258722662926	0.3093531131744385
ENSMUSG00000070780	0.025982623919844627	0.04941915348172188	0.0061279223300516605	0.022512510418891907	-0.006779765710234642	0.0006329445750452578	-0.000732074084226042	-0.06387164443731308	0.011874046176671982	0.05417568236589432	-0.008776663802564144	0.011667059734463692	0.002793153515085578	0.005816970486193895	-0.003444295609369874	0.0020563385915011168	0.029529614374041557	0.018764019012451172	0.005549889989197254	-0.11169814318418503	-0.00608545308932662	-0.09276601672172546
ENSMUSG00000045664	0.013612513430416584	0.03430386260151863	0.0063085113652050495	0.0086719561368227	-0.020070014521479607	0.009136334992945194	0.008639640174806118	0.1257912963628769	0.0196559876203537	0.024920951575040817	-0.014456421136856079	-0.025767212733626366	0.002702560042962432	0.016540082171559334	-0.024668406695127487	0.1380276381969452	0.028209201991558075	0.057982735335826874	0.040090564638376236	0.18245424330234528	-0.0031242677941918373	0.15618592500686646
ENSMUSG00000035172	0.009149882011115551	0.021057238802313805	-0.003961435053497553	0.019099678844213486	-0.023059194907546043	0.00256955623626709	0.01506204716861248	0.20593106746673584	0.021833252161741257	0.013410105369985104	-0.018563689664006233	-0.021151049062609673	0.012592753395438194	0.013611819595098495	-0.03532949835062027	0.22444409132003784	0.013417435809969902	0.04865657910704613	0.02429238334298134	0.27634161710739136	-9.033356764120981e-05	0.29315343499183655
ENSMUSG00000091318	-0.003143268870189786	0.01971433311700821	-0.003801348153501749	0.010347277857363224	0.006532317493110895	9.945290366886184e-05	-0.014605759643018246	-0.07587958127260208	-0.0005892861518077552	0.047010455280542374	0.0028448980301618576	0.01733672060072422	0.013965647667646408	0.009066812694072723	0.0021394765935838223	-0.09229844808578491	0.0017196936532855034	0.04917150363326073	-0.045782364904880524	-0.14390511810779572	-0.007639673538506031	-0.10661376267671585
ENSMUSG00000099452	0.026136381551623344	0.03759371116757393	0.007718509994447231	0.015066162683069706	-0.004117426462471485	0.007138686720281839	-0.003956708125770092	-0.060733407735824585	0.011186596006155014	0.04366286098957062	-0.00872536189854145	0.007675740867853165	0.016259096562862396	0.00837721023708582	-0.0017991793574765325	-0.045767612755298615	0.009046653285622597	0.06471189111471176	-0.008906868286430836	-0.08395189046859741	-0.003590138629078865	-0.016058051958680153
ENSMUSG00000015001	0.01939452812075615	0.03557778522372246	0.008935009129345417	0.012293752282857895	-0.00604497455060482	-0.0034676429349929094	-0.0017436929047107697	-0.0785740539431572	0.006364923901855946	0.04056575149297714	-0.009128731675446033	0.004434267524629831	0.007813346572220325	0.01867034286260605	0.00943176168948412	-0.023414822295308113	0.02680395171046257	0.01714308001101017	0.06238222122192383	-0.04076350852847099	-0.0076668281108140945	-0.08458100259304047
ENSMUSG00000106035	0.004562569782137871	0.020606551319360733	-0.007281326688826084	0.028978126123547554	-0.02655046060681343	0.00655574444681406	0.03662525489926338	0.23756742477416992	0.03482683002948761	0.011251077987253666	-0.0015438476111739874	-0.028842758387327194	0.024447022005915642	0.004102981183677912	-0.03898677974939346	0.261649489402771	-0.01696556620299816	0.050208982080221176	0.10862598568201065	0.32838258147239685	0.023703986778855324	0.3819381296634674
ENSMUSG00000099768	-0.0060021644458174706	0.021947650238871574	0.0049807047471404076	0.006324483081698418	-0.0006061039748601615	-0.002581031061708927	-0.01422098558396101	-0.10945867747068405	-0.0014018468791618943	0.02268749475479126	0.0024414544459432364	0.004554102197289467	-0.0048515209928154945	-0.0025926220696419477	-0.00484623946249485	-0.014385001733899117	0.024477016180753708	0.020997429266572	-0.05025548115372658	-0.11912845820188522	-0.006101483013480902	-0.06496628373861313
ENSMUSG00000032290	0.010700060054659843	0.018734727054834366	0.001637424691580236	0.017673993483185768	-0.025499925017356873	0.004942308645695448	0.006030267104506493	0.2420194447040558	0.014710766263306141	0.010410015471279621	-0.01743493042886257	-0.026233380660414696	0.011737094260752201	0.01612337864935398	-0.02167358249425888	0.30717533826828003	0.013964754529297352	0.06160970777273178	0.030714740976691246	0.26965245604515076	-0.008022728376090527	0.2769533097743988
ENSMUSG00000115441	0.018447399139404297	0.042543694376945496	0.013158521614968777	0.013481562957167625	-0.00908611249178648	0.00682205893099308	-0.002547110430896282	-0.048366695642471313	0.017386598512530327	0.043688420206308365	-0.015382123179733753	0.010097754187881947	0.004513910971581936	0.018198247998952866	-0.013038704171776772	0.05280619114637375	0.0382508747279644	0.0351920947432518	-0.016641266644001007	0.050396498292684555	-0.005903143901377916	0.023017166182398796
ENSMUSG00000033721	0.007019083481281996	0.020650768652558327	0.00262439320795238	0.0204082652926445	-0.010963287204504013	0.0013629957102239132	-0.004562812391668558	0.21678563952445984	0.006701970007270575	0.013034424744546413	-0.006028349511325359	-0.02876914292573929	-0.0007788690854795277	0.020908737555146217	-0.013548577204346657	0.29540324211120605	0.011421453207731247	0.04174639657139778	-0.02969801425933838	0.07947345823049545	-0.006530378479510546	0.08387602120637894
ENSMUSG00000099761	-0.09611402451992035	-0.017401795834302902	0.04362213611602783	-0.0065935635939240456	0.018679233267903328	0.008891509845852852	0.0020924957934767008	-0.14577464759349823	-0.0197689738124609	-0.03552566468715668	0.0020550035405904055	0.008110403083264828	-0.0478200726211071	-0.0790678858757019	0.004730991553515196	-0.10483737289905548	-0.06545582413673401	-0.20574727654457092	-0.03829324617981911	-0.22425290942192078	-0.025791805237531662	-0.2191532850265503
ENSMUSG00000032018	0.011361148208379745	0.016697004437446594	0.0023092853371053934	0.025291159749031067	-0.020630061626434326	0.008185876533389091	0.0032674912363290787	0.2459009736776352	0.00967506691813469	0.008778807707130909	-0.005821986123919487	-0.014184371568262577	0.003909384831786156	0.015024937689304352	-0.020246393978595734	0.2989902198314667	0.010762871243059635	0.05830590799450874	0.019781257957220078	0.28789931535720825	-0.008226350881159306	0.3072648346424103
ENSMUSG00000074366	-0.10803068429231644	-0.22050966322422028	-0.026485972106456757	-0.05192337557673454	-0.0328693650662899	-0.07932398468255997	0.025736751034855843	-0.1055631935596466	-0.04727441817522049	-0.22943781316280365	-0.01883648708462715	-0.014530365355312824	-0.013789267279207706	-0.02652907930314541	0.04801816865801811	-0.24066951870918274	-0.16050326824188232	-0.27358344197273254	0.2254774421453476	-0.6104251742362976	-0.00779779814183712	-0.41069161891937256
ENSMUSG00000042433	-0.004130835644900799	0.012685704976320267	-0.004092485178261995	0.01441667415201664	0.01140082161873579	-0.004681671038269997	-0.02729913406074047	0.14102007448673248	-0.02210751362144947	0.0030354992486536503	0.003678923472762108	-0.015193624421954155	-0.008112224750220776	0.016945214942097664	0.01495692040771246	0.06991511583328247	-0.0041154902428388596	-0.003636600449681282	-0.058359771966934204	0.07407138496637344	-0.006889237556606531	0.1364196091890335
ENSMUSG00000094192	0.0138785969465971	0.010708783753216267	0.0003300324024166912	-0.01639644429087639	-0.0029716980643570423	-0.003487146459519863	-0.010017632506787777	-0.08171412348747253	-0.0027370715979486704	0.037653982639312744	0.006058482453227043	0.009364260360598564	0.0026463698595762253	0.0045732236467301846	-0.006613700184971094	-0.08360466361045837	0.0055323089472949505	-0.031730905175209045	-0.019428469240665436	-0.08350443840026855	-0.008075306192040443	-0.15137992799282074
ENSMUSG00000040434	0.01218042615801096	0.02965766377747059	0.0011384813115000725	0.010589908808469772	-0.015090422704815865	0.003944337833672762	0.024414880201220512	0.0759253054857254	0.021500833332538605	0.021868648007512093	-0.014919760636985302	-0.015121890231966972	0.00625236751511693	0.011513260193169117	-0.027348065748810768	0.12469721585512161	0.019921697676181793	0.05509142950177193	0.04814048856496811	0.3745848834514618	0.010837886482477188	0.17092709243297577
ENSMUSG00000104036	-0.012940850108861923	0.011062861420214176	-0.006216378882527351	-0.014502538368105888	0.0004712507361546159	-0.0036870939657092094	-0.0055436803959310055	-0.09223438054323196	-0.009355383925139904	0.027436543256044388	0.010440233163535595	0.006491486914455891	0.008889616467058659	-0.009286162443459034	0.015742935240268707	-0.08340957015752792	0.008496730588376522	-0.004923154134303331	-0.03498885780572891	-0.03748539462685585	-0.008485052734613419	-0.09830401092767715
ENSMUSG00000032034	0.013434149324893951	0.033104706555604935	0.0070537603460252285	0.016421329230070114	-0.005713975057005882	0.0032324676867574453	-0.006759109906852245	0.03386717289686203	0.01103802677243948	0.03864913806319237	-0.011739428155124187	-0.003758705221116543	0.00045301264617592096	0.015791039913892746	-0.014945780858397484	-0.008687649853527546	0.025447335094213486	0.061925508081912994	-0.04442443326115608	-0.1151474118232727	-0.00572415255010128	0.011813652701675892
ENSMUSG00000024251	0.008074942044913769	0.026940956711769104	-0.0032945210114121437	0.01947730779647827	-0.017225714400410652	0.01000139955431223	0.004693065769970417	0.26371949911117554	0.019191591069102287	0.01993471570312977	-0.0034988143015652895	-0.013251676224172115	0.01664130575954914	0.00595984049141407	-0.026593249291181564	0.29487600922584534	-0.004057768732309341	0.05238167196512222	0.04409737139940262	0.5634084343910217	-0.003605593927204609	0.30976688861846924
ENSMUSG00000108867	-0.00625257845968008	-0.01133552473038435	-0.006681675091385841	-0.007845667190849781	-0.0016108816489577293	-0.0027506020851433277	-0.014212824404239655	-0.10250068455934525	-0.0077835870906710625	-0.011437910608947277	0.0008286147494800389	0.0056625111028552055	-0.0044267438352108	0.0030958789866417646	-6.112133996794e-05	-0.07902868092060089	0.006877716165035963	-0.02210383117198944	-0.04251314327120781	-0.05944553390145302	-0.008452837355434895	-0.09355837106704712
ENSMUSG00000003429	-0.0029693206306546926	0.012112549506127834	-0.006499441806226969	0.024112742394208908	-0.013096009381115437	0.006161070894449949	0.13661198318004608	0.19272808730602264	0.037011176347732544	0.005411107093095779	-0.0007998956716619432	-0.01919209584593773	0.03301849961280823	0.0028846224304288626	-0.03419572114944458	0.10317789018154144	-0.024752717465162277	0.053658124059438705	0.08344809710979462	0.640561580657959	0.12908054888248444	0.433467298746109
ENSMUSG00000117282	-0.10803068429231644	-0.22050966322422028	-0.026485972106456757	-0.05192337557673454	-0.0328693650662899	-0.07932398468255997	0.025736751034855843	-0.1055631935596466	-0.04727441817522049	-0.22943781316280365	-0.01883648708462715	-0.014530365355312824	-0.013789267279207706	-0.02652907930314541	0.04801816865801811	-0.24066951870918274	-0.16050326824188232	-0.27358344197273254	0.2254774421453476	-0.6104251742362976	-0.00779779814183712	-0.41069161891937256
ENSMUSG00000029687	0.006201005540788174	0.019973240792751312	-0.0035068439319729805	0.04856109619140625	-0.023166095837950706	0.010347878560423851	0.02024608850479126	0.3076857924461365	0.01676260679960251	0.011246605776250362	-0.004395580384880304	-0.020937882363796234	0.0219316054135561	0.006806510034948587	-0.016480719670653343	0.33898553252220154	-0.006628604605793953	0.09734762459993362	0.032752495259046555	0.6367196440696716	-0.004011189565062523	0.4250516891479492
ENSMUSG00000075297	2.9952367185615003e-05	-0.13631902635097504	-0.0002836317289620638	-0.12674187123775482	0.0031328927725553513	0.040275730192661285	-0.007099908776581287	-0.17761889100074768	-0.00403002742677927	-0.2673657536506653	0.0029065441340208054	-0.0325092077255249	0.0012043885653838515	-0.08997883647680283	0.003432849422097206	-0.14838695526123047	0.004902936983853579	-0.2230629026889801	-0.038204044103622437	-0.7093217968940735	0.000369835935998708	-0.46638429164886475
ENSMUSG00000120283	0.0024823208805173635	0.013299801386892796	0.009588154964148998	0.031197018921375275	-0.0076051801443099976	0.006956074852496386	0.07869791239500046	0.23024258017539978	0.04593944177031517	0.009235886856913567	0.0013809703523293138	-0.016368092969059944	-0.025024913251399994	0.0033007031306624413	0.006723467726260424	0.19120191037654877	-0.01737315207719803	0.06270918995141983	0.07136023044586182	0.5606918931007385	0.03237136825919151	0.34454429149627686
ENSMUSG00000006800	0.00220010825432837	0.014865373261272907	0.0011183111928403378	0.041500989347696304	0.0035000157076865435	0.01709970459342003	0.05097129940986633	0.2473214715719223	-0.0016770655056461692	0.009799077175557613	0.001348800607956946	-0.004066153895109892	0.008804514072835445	0.005290306638926268	-0.025931935757398605	0.1296064257621765	-0.001859311363659799	0.05567219853401184	0.03627582639455795	0.7231429219245911	-0.0049106464721262455	0.2987668514251709
ENSMUSG00000085504	0.0038182244170457125	0.023758769035339355	0.003967674449086189	0.004966229200363159	-0.0006547456723637879	-0.0038410502020269632	-0.009908933192491531	-0.07018083333969116	-0.0011750580742955208	0.039309605956077576	-0.00240110675804317	0.007461300119757652	-0.002226282376796007	0.0013105757534503937	-0.002146319951862097	-0.1231151595711708	0.006508321035653353	-0.0149961793795228	-0.035120222717523575	0.03937945142388344	-0.00850054994225502	-0.002627341775223613
ENSMUSG00000113356	-0.10803068429231644	-0.22050966322422028	-0.026485972106456757	-0.05192337557673454	-0.0328693650662899	-0.07932398468255997	0.025736751034855843	-0.1055631935596466	-0.04727441817522049	-0.22943781316280365	-0.01883648708462715	-0.014530365355312824	-0.013789267279207706	-0.02652907930314541	0.04801816865801811	-0.24066951870918274	-0.16050326824188232	-0.27358344197273254	0.2254774421453476	-0.6104251742362976	-0.00779779814183712	-0.41069161891937256
ENSMUSG00000104639	0.012806359678506851	0.02448861114680767	-0.01181542407721281	0.012050858698785305	-0.005764117930084467	0.00013474242587108165	0.017376739531755447	0.03981934115290642	0.019534748047590256	0.018538828939199448	-0.02879449911415577	0.0007146460702642798	0.01739763841032982	0.011049524880945683	-0.04656308516860008	0.020236022770404816	0.02279144711792469	0.023894837126135826	0.1416829526424408	0.166248619556427	0.054486967623233795	0.030182339251041412
ENSMUSG00000100532	-0.10803068429231644	-0.22050966322422028	-0.026485972106456757	-0.05192337557673454	-0.0328693650662899	-0.07932398468255997	0.025736751034855843	-0.1055631935596466	-0.04727441817522049	-0.22943781316280365	-0.01883648708462715	-0.014530365355312824	-0.013789267279207706	-0.02652907930314541	0.04801816865801811	-0.24066951870918274	-0.16050326824188232	-0.27358344197273254	0.2254774421453476	-0.6104251742362976	-0.00779779814183712	-0.41069161891937256
ENSMUSG00000113098	0.018272390589118004	0.026180002838373184	0.005723397713154554	-0.041419439017772675	-0.00745631055906415	-0.003988859709352255	-0.006080536637455225	-0.07370956987142563	0.00543955760076642	0.02234923280775547	-0.003351479070261121	0.005725913681089878	0.00036399730015546083	0.004957607481628656	-0.0023222831077873707	-0.05062390863895416	0.01789473183453083	0.02784227766096592	-0.04025910422205925	-0.12040643393993378	-0.007668857462704182	-0.06527668982744217
ENSMUSG00000059455	0.0205618217587471	0.042869314551353455	0.00851399265229702	0.011490724980831146	-0.0009145007934421301	-0.0020435950718820095	-0.006283430382609367	-0.06076334789395332	0.004970715846866369	0.03750854730606079	0.0012263503158465028	0.002500009024515748	0.0020136686507612467	0.009902095422148705	-0.002526362892240286	-0.06151566654443741	0.02468772418797016	0.01728293113410473	-0.03297791630029678	-0.07298843562602997	-0.006764256861060858	-0.06858878582715988
ENSMUSG00000112554	-0.004515510052442551	0.009614010341465473	-0.002371829701587558	0.009828382171690464	0.006620666012167931	-0.0021284993272274733	-0.012381775304675102	-0.0604194700717926	-0.02374253422021866	0.02271653153002262	0.018115470185875893	0.01357256155461073	-0.006845110096037388	0.004409785848110914	0.004242853261530399	-0.09978268295526505	0.024454068392515182	0.014164559543132782	-0.020200183615088463	-0.07643550634384155	-0.0007156662759371102	-0.07356317341327667
ENSMUSG00000113960	0.010829199105501175	0.03197430446743965	4.39013365394203e-06	0.005357569083571434	-0.0004127073916606605	-0.0016850378597155213	-0.007867453619837761	-0.02950282394886017	0.0008489213651046157	0.026458874344825745	3.883076351485215e-05	0.005133325234055519	-0.00028591210138984025	0.004997594747692347	-0.0028900799807161093	-0.12442589551210403	0.009479704312980175	0.01610344462096691	-0.04233114421367645	-0.075924813747406	-0.007129579782485962	-0.0034606221597641706
ENSMUSG00000121341	0.00891408883035183	-0.004906552843749523	0.005027567036449909	0.0036918162368237972	-0.0029912630561739206	-0.0015208898112177849	-0.005771523341536522	-0.08465658873319626	0.011177608743309975	-0.01322909351438284	-0.004316539503633976	0.006933840457350016	0.0007865226361900568	0.010520746931433678	-0.002489236416295171	-0.03875935077667236	0.022338829934597015	0.036970317363739014	-0.04750543460249901	-0.11261944472789764	-0.00774557888507843	-0.14741234481334686
ENSMUSG00000022369	0.010204446502029896	0.015367659740149975	0.0007702101138420403	0.019271571189165115	-0.027227677404880524	0.009948664344847202	0.0033653932623565197	0.306887686252594	0.016236944124102592	0.013027675449848175	-0.011561873368918896	-0.02709265984594822	0.018442854285240173	0.015011277981102467	-0.01849409192800522	0.33990582823753357	0.008668038994073868	0.07695645093917847	0.02045978046953678	0.3897296190261841	-0.008491512387990952	0.36736008524894714
ENSMUSG00000054237	0.0074153440073132515	0.022613510489463806	0.0016111581353470683	0.027850165963172913	-0.02258414216339588	0.004673831630498171	-0.0014169900678098202	0.2553505003452301	0.011648492887616158	0.013973664492368698	-0.010613069869577885	-0.019322065636515617	0.012015721760690212	0.015910614281892776	-0.013391035608947277	0.3220601975917816	0.010473574511706829	0.06295125931501389	0.030151614919304848	0.380355566740036	-0.0076830945909023285	0.3233327865600586
ENSMUSG00000043727	0.02222195640206337	0.04228217899799347	0.007112749386578798	0.021264083683490753	-0.004669189918786287	-0.0021361876279115677	-0.004005213733762503	-0.05719885230064392	0.007008157204836607	0.03472084924578667	-0.004992151632905006	0.0056116157211363316	0.005450648255646229	0.007160195615142584	0.004532750695943832	-0.06105078384280205	0.02717217430472374	0.02505495585501194	-0.018887370824813843	-0.028360718861222267	-0.006690220907330513	-0.040944624692201614
ENSMUSG00000112354	0.01626724749803543	0.010152819566428661	0.004713303875178099	0.026937715709209442	-0.0012804713333025575	-0.0014406315749511123	-0.0042402553372085094	-0.08406805992126465	0.007426809519529343	0.029546475037932396	0.0005681019392795861	0.008463088423013687	0.0029556413646787405	0.010095033794641495	-0.0016518848715350032	-0.021892206743359566	0.019108058884739876	0.04047391563653946	-0.03548220545053482	-0.20758789777755737	-0.006723135244101286	-0.11872926354408264
ENSMUSG00000034362	0.024214988574385643	0.02848816104233265	0.005342421587556601	-0.002135990420356393	-0.0045417724177241325	-0.002262919908389449	-0.004966560751199722	-0.11985757201910019	0.006001315079629421	0.04811655357480049	-0.006025672424584627	0.00868642795830965	5.642748510581441e-05	0.013806533068418503	-0.002442310331389308	0.00016225497529376298	0.0196332149207592	0.020563161000609398	-0.02612505853176117	-0.1474524885416031	-0.0071200220845639706	-0.047923892736434937
ENSMUSG00000066122	0.019337179139256477	0.0068064238876104355	0.004941824357956648	-0.018929148092865944	-0.006155672017484903	-0.002723763231188059	-0.0061097824946045876	-0.13073085248470306	0.005816144868731499	0.05490628257393837	-0.0010069959098473191	0.008139648474752903	0.0059989457949995995	0.001342884497717023	0.00011679673480102792	-0.05640742927789688	0.011865445412695408	0.0026328156236559153	-0.014716538600623608	-0.03333800658583641	-0.008456659503281116	-0.05351075157523155
ENSMUSG00000086954	0.003062323434278369	0.029107270762324333	0.011971290223300457	0.004103890620172024	-0.005032943561673164	-0.005450725089758635	-0.014507260173559189	-0.10468915104866028	0.008591082878410816	0.031278811395168304	0.005059059709310532	0.0072252871468663216	-0.0027169815730303526	0.009494897909462452	0.0332416407763958	-0.06436789035797119	0.014647278934717178	-0.030912188813090324	-0.03355996310710907	-0.17419558763504028	-0.0076633356511592865	-0.0455886572599411
ENSMUSG00000048720	0.006825438234955072	0.014172840863466263	-0.0003891636442858726	0.03289052098989487	-0.026410315185785294	0.003729144111275673	0.017596634104847908	0.24378618597984314	0.01161208376288414	0.007952084764838219	-0.015320285223424435	-0.035700391978025436	0.011632289737462997	0.016162101179361343	-0.02276221476495266	0.3194940686225891	0.009348554536700249	0.06701114028692245	0.043441273272037506	0.28644484281539917	-0.005734192207455635	0.35441121459007263
ENSMUSG00000101925	0.012702802196145058	0.04146320000290871	0.010122405365109444	0.003566720290109515	-0.006996124982833862	0.0018919999711215496	-0.006318796891719103	0.006258780136704445	0.012085583992302418	0.0163741372525692	-0.0038260426372289658	-0.007976237684488297	0.005483156535774469	0.014215447008609772	-0.01070038229227066	0.10462260246276855	0.034733861684799194	0.05603967607021332	0.006302846595644951	0.06407666206359863	-0.0045498209074139595	0.07792305201292038
ENSMUSG00000114005	0.02435282990336418	0.029493441805243492	0.00849081203341484	0.006927634589374065	-0.006567774806171656	-0.0027088618371635675	-0.0019077800679951906	-0.10679040104150772	0.005682426504790783	0.038637224584817886	-0.00758817233145237	0.005923589691519737	0.004276184365153313	0.014209761284291744	0.004971581045538187	-0.02704603597521782	0.02934453636407852	-0.004621754866093397	-0.008755355142056942	-0.09438753128051758	-0.008648128248751163	-0.029286062344908714
ENSMUSG00000045009	0.007172303274273872	0.004302636254578829	-0.011163773946464062	0.020279942080378532	-0.02428862638771534	0.003031668020412326	0.03822269290685654	0.14246796071529388	0.02539259009063244	0.009681087918579578	-0.02212098054587841	-0.027399389073252678	0.02292110212147236	0.010136369615793228	-0.05113285407423973	0.24695873260498047	0.0019506863318383694	0.04282217472791672	0.0947481170296669	0.35125255584716797	0.021836066618561745	0.2474755048751831
ENSMUSG00000033237	0.00833110511302948	0.016237614676356316	-0.0017099669203162193	0.029940078034996986	-0.027494065463542938	0.004308935254812241	0.01441334467381239	0.24986566603183746	0.02078663371503353	0.008971624076366425	-0.00987461768090725	-0.020080899819731712	0.021902358159422874	0.010804392397403717	-0.029144182801246643	0.18546363711357117	0.0023039483930915594	0.07519333064556122	0.03373969718813896	0.46561864018440247	-0.0035544547718018293	0.354269802570343
ENSMUSG00000052336	-0.016339074820280075	0.041132498532533646	-0.007831788621842861	0.012147550471127033	0.030714862048625946	0.0013850751565769315	-0.01739375665783882	-0.10846419632434845	-0.03319345414638519	0.036183372139930725	0.03234567493200302	0.005994511302560568	-0.0002680625475477427	0.006574738770723343	0.037616364657878876	-0.028393210843205452	-0.03197093680500984	0.06325244903564453	-0.061345066875219345	-0.09177149832248688	-0.0162433423101902	-0.09809116274118423
ENSMUSG00000082534	0.035263463854789734	0.012046915479004383	0.0079770777374506	0.032734379172325134	-0.0015175668522715569	0.00017984678561333567	-0.005914315115660429	-0.09022321552038193	0.004369827453047037	0.06679556518793106	-0.0011564814485609531	0.010439897887408733	-0.000885422807186842	0.00864987913519144	0.00262650428339839	-0.043481335043907166	-0.0009459416614845395	0.015093100257217884	-0.048830546438694	-0.15397681295871735	-0.00454891100525856	-0.058817844837903976
ENSMUSG00000094584	0.023372886702418327	0.04567953944206238	0.016319148242473602	0.013147425837814808	0.00017655965348239988	-0.004194422625005245	-0.005825066938996315	-0.06987882405519485	0.008826478384435177	0.03287015110254288	-0.0042800577357411385	0.006830788217484951	-0.0016532804584130645	0.007839358411729336	-0.006124385632574558	-0.019837137311697006	0.04061200097203255	0.04468433931469917	-0.05197153985500336	-0.06392134726047516	-0.007126342039555311	-0.06998047232627869
ENSMUSG00000086126	0.01591760665178299	0.045256830751895905	0.004095726180821657	0.0203714482486248	-0.012507599778473377	0.006343374028801918	0.0073589240200817585	0.041432663798332214	0.023176485672593117	0.03704332932829857	-0.014881813898682594	-0.017580758780241013	0.0020814568269997835	0.013265821151435375	-0.02185930497944355	0.061776600778102875	0.029252927750349045	0.04858679696917534	0.02911028452217579	0.08087114989757538	0.000620596285443753	0.08379146456718445
ENSMUSG00000092457	0.0007328179199248552	0.0031589276622980833	0.007229945622384548	-0.006575454026460648	0.0003884986799675971	-0.004897615406662226	-0.005041629076004028	-0.014712738804519176	0.008582217618823051	-0.035834334790706635	0.004689074587076902	0.0038622545544058084	0.001014431705698371	0.020957935601472855	-0.0050457920879125595	-0.10711531341075897	0.028567152097821236	0.032277315855026245	-0.036063626408576965	-0.3102375566959381	-0.006074345670640469	-0.1756068617105484
ENSMUSG00000099190	0.020587800070643425	0.02099459618330002	0.005113342776894569	0.019559720531105995	-0.001963944174349308	-0.0037298339884728193	-0.003122392576187849	-0.07669540494680405	0.006177701987326145	0.05335639789700508	-0.006834319792687893	0.004405722487717867	0.002290727337822318	0.014439676888287067	-0.0009374929359182715	-0.013821471482515335	0.024179628118872643	0.041267167776823044	-0.01468183659017086	-0.021837644279003143	-0.006415346637368202	-0.03838500380516052
ENSMUSG00000086056	0.0180022194981575	0.012531173415482044	0.00343079655431211	0.02412601187825203	-0.003000774886459112	-0.003790340619161725	-0.005711366422474384	-0.09877733886241913	0.0057047088630497456	0.05397919565439224	0.0009944330668076873	0.004792252089828253	0.0027100068982690573	0.0015020028222352266	-0.001184577471576631	-0.0007091081934049726	0.016605090349912643	-0.011769643053412437	-0.04038405790925026	-0.15124696493148804	-0.006446417421102524	-0.07820706814527512
ENSMUSG00000097634	0.020785152912139893	0.03727079927921295	0.005451617296785116	0.011684057302772999	-0.00472625344991684	-0.002838014392182231	-0.0011185738258063793	-0.05782412365078926	0.0071571157313883305	0.046036891639232635	-0.007462799083441496	0.010360623709857464	0.0007478516781702638	0.006585344206541777	-0.0010100089712068439	-0.05387478321790695	0.031190235167741776	0.03688419982790947	-0.007907777093350887	-0.07496941834688187	-0.008253360167145729	-0.05575043708086014
ENSMUSG00000037992	0.015244733542203903	0.03291001915931702	-0.002238528337329626	0.014742735773324966	-0.00976741686463356	0.0018985531060025096	0.01414883229881525	0.05087363347411156	0.020918937399983406	0.028609737753868103	-0.01921788603067398	-0.023567907512187958	0.006052142009139061	0.01465291902422905	-0.029332051053643227	0.015184075571596622	0.025759797543287277	0.031079905107617378	0.11959913372993469	0.09452077746391296	0.0322432704269886	0.09456343948841095
ENSMUSG00000111235	0.015560970641672611	0.009225458838045597	0.002644436666741967	-0.013204758986830711	0.0007433252758346498	-0.0032570925541222095	-0.005362842697650194	-0.07243737578392029	0.0058385650627315044	0.051517028361558914	-0.0034991789143532515	0.006673804949969053	0.0018412326462566853	0.009554978460073471	0.004455715883523226	-0.04315787926316261	0.03458091616630554	0.011738375760614872	-0.03003220073878765	-0.09180282801389694	-0.007901507429778576	-0.08372563123703003
ENSMUSG00000085931	0.00966220535337925	0.03808610141277313	0.00036308326525613666	0.013532442972064018	-0.00046494227717630565	0.0018361519323661923	-0.005318748764693737	-0.0454203337430954	0.00316214794293046	0.047507837414741516	0.0013299332931637764	0.010413289070129395	0.0008396248449571431	-0.0008300096378661692	-0.0036246241070330143	-0.03999445214867592	0.012424090877175331	0.033679090440273285	-0.03420407325029373	-0.1620277762413025	-0.005854278337210417	-0.10664752125740051
ENSMUSG00000045813	0.0004682493454311043	0.02694540098309517	-0.002255224622786045	0.0011772112920880318	0.0005841075908392668	-0.0017714336281642318	-0.013247133232653141	-0.058573607355356216	-0.008879847824573517	0.022120390087366104	0.0012401833664625883	0.003218485740944743	-0.004069274291396141	0.0016041394555941224	-0.0017539998516440392	-0.011880036443471909	0.010089528746902943	0.041199713945388794	-0.0492752268910408	-0.07041958719491959	-0.00837040040642023	-0.04975726455450058
ENSMUSG00000066009	-0.10803068429231644	-0.22050966322422028	-0.026485972106456757	-0.05192337557673454	-0.0328693650662899	-0.07932398468255997	0.025736751034855843	-0.1055631935596466	-0.04727441817522049	-0.22943781316280365	-0.01883648708462715	-0.014530365355312824	-0.013789267279207706	-0.02652907930314541	0.04801816865801811	-0.24066951870918274	-0.16050326824188232	-0.27358344197273254	0.2254774421453476	-0.6104251742362976	-0.00779779814183712	-0.41069161891937256
ENSMUSG00000110914	0.014073869213461876	0.022916775196790695	0.0024084767792373896	0.022330401465296745	-0.00216344534419477	-0.0020773611031472683	-0.0021901032887399197	-0.07790420204401016	-0.0016643618000671268	0.04124679043889046	-0.0005313876899890602	0.005863572470843792	0.0019582081586122513	0.0030715656466782093	0.005213984753936529	-0.04570705071091652	0.026136593893170357	0.039317212998867035	-0.06847833842039108	-0.1890808492898941	-0.006644194945693016	-0.06822405010461807
ENSMUSG00000022756	0.019072091206908226	0.034439004957675934	0.009881495498120785	0.01604394242167473	-0.01435911189764738	0.004877826664596796	0.005188342183828354	0.09888111054897308	0.013469511643052101	0.030765118077397346	-0.013132971711456776	-0.022587953135371208	-0.000569565687328577	0.01755378767848015	-0.01956040784716606	0.1589754819869995	0.03464049845933914	0.03542887791991234	-0.005743946880102158	0.023752830922603607	-0.005374354775995016	0.04438453167676926
ENSMUSG00000104788	-0.011527907103300095	0.01195872575044632	-0.0038504740223288536	0.00463285855948925	0.0031201604288071394	-0.004151436500251293	-0.004848777782171965	-0.07456385344266891	-0.019525721669197083	-0.015245994552969933	-0.0015885572647675872	0.009894518181681633	-0.002870506839826703	-0.0016712569631636143	0.02250838279724121	-0.06561823189258575	0.007312649395316839	-0.0014796938048675656	-0.019931860268115997	-0.10650511085987091	-0.007925999350845814	-0.0891411080956459
ENSMUSG00000114241	0.005726831965148449	0.016453081741929054	-0.007584582548588514	0.02494104579091072	-0.024936800822615623	0.007427783217281103	0.03379103168845177	0.24633333086967468	0.018950656056404114	0.010825454257428646	0.0001751925447024405	-0.023561520501971245	-0.01776741072535515	-0.0022389115765690804	-0.0258384570479393	0.27703574299812317	0.0010149100562557578	0.07180455327033997	0.05647667497396469	0.4772699475288391	0.008882484398782253	0.37898004055023193
ENSMUSG00000034135	0.009919494390487671	0.028345245867967606	0.00206375727429986	0.012169526889920235	-0.01953902468085289	0.0016548818675801158	0.008684963919222355	0.2359687238931656	0.014768671244382858	0.015672920271754265	-0.015569820068776608	-0.022070499137043953	0.010407323949038982	0.01450137048959732	-0.02733113244175911	0.25188392400741577	0.014301457442343235	0.06386011838912964	0.030049897730350494	0.31504175066947937	-0.0069635589607059956	0.29847705364227295
ENSMUSG00000028415	0.028809314593672752	0.03330690413713455	0.0054048593156039715	0.017091311514377594	-0.0033954435493797064	-0.003054689383134246	-0.0021765835117548704	-0.066086046397686	0.013144541531801224	0.048212580382823944	-0.009857661090791225	0.009659716859459877	0.008116605691611767	-0.0011400033254176378	-0.000374217372154817	-0.006785490550100803	0.028517907485365868	0.04968903586268425	-0.0010592718608677387	-0.13544444739818573	-0.004746656399220228	-0.06173710525035858
ENSMUSG00000087441	0.01825561933219433	0.025207730010151863	0.0161544531583786	0.019261714071035385	-0.008082299493253231	0.0014161420986056328	-0.0038672899827361107	-0.04671439528465271	0.017117690294981003	0.013433586806058884	-0.011669906787574291	-0.004537946078926325	0.006265098229050636	0.017197109758853912	-0.009354889392852783	0.031639695167541504	0.041769400238990784	0.05452848598361015	0.04881952702999115	0.1238890141248703	-0.0032011643052101135	0.011381618678569794
ENSMUSG00000083674	0.02903848886489868	0.03269623965024948	0.011600900441408157	0.023285675793886185	0.0023623169399797916	-0.0016818002332001925	-0.004938896745443344	-0.06126272305846214	0.004045592620968819	0.05780787393450737	0.0011495667276903987	0.009140458889305592	0.0023674278054386377	0.00799589790403843	-0.0009981528855860233	-0.08149886876344681	0.04347577691078186	0.03997645527124405	-0.009846139699220657	-0.10109717398881912	-0.0076903365552425385	-0.023391522467136383
ENSMUSG00000091275	0.030729614198207855	0.03776378929615021	0.01774679869413376	0.02672971785068512	-0.007553787436336279	-0.0007519283099099994	0.0004611540643963963	-0.056132178753614426	0.01470356434583664	0.04453409090638161	-0.011353427544236183	0.0027590468525886536	0.0074127488769590855	0.021002579480409622	0.0008838821086101234	-0.035966385155916214	0.037954527884721756	0.052999090403318405	0.009238137863576412	-0.02460264414548874	-0.007131860125809908	-0.02542724646627903
ENSMUSG00000027184	0.0036202403716742992	0.014228037558495998	-0.012754179537296295	0.03709210455417633	-0.021405532956123352	0.007676764857023954	0.05522474646568298	0.27134421467781067	0.016551988199353218	0.006782834418118	-0.00309939356520772	-0.02766082063317299	0.03283907100558281	0.0008301445632241666	-0.029444651678204536	0.25428450107574463	-0.015613129362463951	0.08430603891611099	0.07134872674942017	0.5567163228988647	0.021142611280083656	0.49912548065185547
ENSMUSG00000103088	0.016493963077664375	0.03517375886440277	0.0011793287703767419	0.021801864728331566	-0.01085239090025425	0.004497527610510588	0.011697757989168167	0.02965439483523369	0.018107207491993904	0.02435881644487381	-0.01908300817012787	-0.010627594776451588	0.0069074686616659164	0.014386849477887154	-0.025065328925848007	0.015429284423589706	0.026865728199481964	0.027218332514166832	0.09821701794862747	0.07774797081947327	0.019543128088116646	0.05137261003255844
ENSMUSG00000062012	0.0052487109787762165	0.020842798054218292	-0.01122951414436102	0.02703867107629776	-0.01762203499674797	0.008216077461838722	0.04828815162181854	0.23591002821922302	0.026821322739124298	0.010381904430687428	-0.007297709118574858	-0.010610438883304596	0.0279829278588295	0.006418519653379917	-0.04836495220661163	0.20675897598266602	-0.01813211478292942	0.06204739585518837	0.04756619408726692	0.6484864950180054	0.02077176608145237	0.2844361364841461
ENSMUSG00000120414	-0.00212012673728168	0.015739796683192253	-0.004112008027732372	0.01851971447467804	-0.011348847299814224	0.002151656197384	0.0012108118971809745	0.2013138383626938	0.007402032148092985	0.007891296409070492	-0.010654546320438385	-0.019689016044139862	0.0150194326415658	0.011356291361153126	-0.0005568224005401134	0.2739865779876709	0.0077644819393754005	-0.00618931045755744	0.07822991907596588	0.3464500904083252	-0.004591889213770628	0.1856989711523056
ENSMUSG00000093725	0.03270389884710312	0.037457890808582306	0.003320545656606555	0.02803545631468296	0.007185559254139662	-0.0024389424361288548	-0.0066360062919557095	-0.05554681643843651	0.001847993116825819	0.018693845719099045	-0.002279717708006501	0.008207672275602818	0.005345596466213465	0.013882052153348923	-0.0004113120085094124	-0.10212060064077377	0.02950681373476982	0.01985207013785839	-0.03762108460068703	-0.14352886378765106	-0.006249689497053623	-0.06160655990242958
ENSMUSG00000061778	-0.007209865842014551	-0.004486551973968744	-0.002188056008890271	0.0025881712790578604	0.015975242480635643	-0.007675951812416315	-0.01669987291097641	0.25247031450271606	-0.01346350647509098	0.007205531466752291	0.005731371231377125	-0.0073327780701220036	-0.014406471513211727	0.012429599650204182	0.0033677115570753813	0.3353167474269867	0.010289439931511879	0.03652884066104889	-0.03856184706091881	0.21735677123069763	-0.006518585607409477	0.14505191147327423
ENSMUSG00000024012	0.009690605103969574	0.01642841100692749	-0.004249321296811104	0.021502785384655	-0.01870143786072731	0.006376789417117834	0.01638830453157425	0.22169803082942963	0.022199993953108788	0.006391239818185568	-0.012829077430069447	-0.02789042517542839	0.013006688095629215	0.011441588401794434	-0.030117271468043327	0.29152199625968933	0.0030352247413247824	0.060263700783252716	0.06177326664328575	0.3564353287220001	-0.004280345514416695	0.28235921263694763
ENSMUSG00000110831	0.00746522843837738	0.03905956819653511	0.0008198889554478228	0.020021183416247368	-0.00924473162740469	-0.0005958069232292473	-0.003470966126769781	0.03725474700331688	0.002729938365519047	0.032002467662096024	-0.002345698419958353	-0.006060159299522638	-0.0003709091106429696	0.016934478655457497	-0.00865275226533413	0.018243422731757164	0.011742260307073593	0.06533192843198776	-0.030307361856102943	-0.021139631047844887	-0.005156282335519791	0.020696742460131645
ENSMUSG00000091061	0.000674044422339648	0.01726304553449154	-0.004474207293242216	-0.015281877480447292	-0.0006269456935115159	-0.0019118401687592268	-0.007669849321246147	-0.11498899757862091	-0.006890054792165756	0.02237064205110073	0.002757732290774584	0.010605568066239357	0.0005944367730990052	0.0017138697439804673	-0.002273781690746546	-0.05967241898179054	0.006582643371075392	-0.01747877150774002	-0.042802467942237854	-0.08155962079763412	-0.008630338124930859	-0.10988573729991913
ENSMUSG00000116197	-0.014477862045168877	0.009889485314488411	-0.007149696350097656	0.01946716196835041	0.005423479247838259	-0.0018210135167464614	-0.006113027222454548	-0.07169631868600845	8.621238521300256e-05	0.023026026785373688	0.00868980772793293	0.00786385778337717	-0.0058730910532176495	0.006046923343092203	0.0009710496524348855	-0.08357363939285278	-0.003027293598279357	0.02635493129491806	-0.07714146375656128	-0.12507537007331848	-0.006063542328774929	-0.09468205273151398
ENSMUSG00000099552	0.008045806549489498	0.008446120657026768	-0.00038030307041481137	0.010501516051590443	-0.0014771714340895414	0.0048133800737559795	-0.012681539170444012	-0.07266372442245483	0.006835479289293289	0.04784676432609558	-0.012435073032975197	0.007935376837849617	0.003222558181732893	0.01609892211854458	-0.0006676102639175951	0.030827218666672707	0.0051747877150774	0.05499870330095291	-0.0034904316999018192	0.04681219905614853	-0.005500687751919031	0.02401857078075409
ENSMUSG00000034394	0.023354046046733856	0.01577235944569111	0.003883743891492486	0.022621825337409973	-0.008470877073705196	-0.006327024195343256	0.01221394632011652	-0.013747976161539555	0.015713073313236237	0.03166033327579498	-0.020946428179740906	-0.009658370167016983	0.006872369442135096	0.013681377284228802	-0.019881153479218483	0.008003820665180683	0.0345127247273922	0.0267528984695673	0.09078764915466309	0.1399025022983551	0.022364435717463493	0.016295241191983223
ENSMUSG00000096370	0.002818041481077671	0.01600274257361889	-0.012264170683920383	0.04637347534298897	-0.02275681681931019	0.008033392019569874	0.05704974755644798	0.2715640366077423	0.021671194583177567	0.0054864054545760155	-0.0064258999191224575	-0.029732119292020798	0.03268147632479668	0.0017723047640174627	-0.04537561908364296	0.296403706073761	-0.019555769860744476	0.09658960998058319	0.076961949467659	0.5986982583999634	0.028499508276581764	0.48362720012664795
ENSMUSG00000026725	0.017621224746108055	0.03614974766969681	0.007508948910981417	0.012252777814865112	-0.001389942946843803	0.0014726950321346521	-0.0013888359535485506	-0.048663634806871414	0.006233684252947569	0.052902478724718094	-0.005306103266775608	0.004428495187312365	0.0008630149532109499	0.009550652466714382	-0.004657938610762358	-0.024756643921136856	0.02225070260465145	0.029445772990584373	-0.032316841185092926	-0.08755715191364288	-0.006033444777131081	-0.09123215824365616
ENSMUSG00000028551	0.00472640385851264	0.01674148254096508	-9.755883365869522e-05	-0.0010515378089621663	-0.024019349366426468	0.002920237835496664	0.032909031957387924	0.2007472664117813	0.0022656412329524755	0.011093180626630783	-0.012228472158312798	-0.037632230669260025	0.00814033206552267	0.01286644022911787	-0.027599913999438286	0.2257625162601471	0.009717239998281002	0.04580400511622429	0.055772699415683746	0.2583792209625244	0.008204382844269276	0.2275877445936203
ENSMUSG00000106735	0.018916701897978783	0.041881684213876724	0.008029983378946781	0.005179801024496555	0.0009435354731976986	-0.0002997333649545908	0.004134295508265495	-0.03763154149055481	0.013979409821331501	0.026688557118177414	-0.015622777864336967	0.026509001851081848	-0.0009897641139104962	0.014242180623114109	-0.017723746597766876	0.010962987318634987	0.02923502027988434	0.04307205602526665	-0.017965663224458694	-0.11219531297683716	-0.004633774049580097	-0.04340258613228798
ENSMUSG00000035441	0.009111082181334496	0.007110521197319031	0.003033179324120283	0.020319348201155663	-0.019830087199807167	0.007202727720141411	0.0010931602446362376	0.22800815105438232	0.013534682802855968	0.014334524050354958	-0.01489725150167942	-0.029419638216495514	0.008143976330757141	0.018233522772789	-0.02026733197271824	0.30341681838035583	0.014890669845044613	0.0647912472486496	0.005206212867051363	0.29862162470817566	-0.008561921305954456	0.28653237223625183
ENSMUSG00000051705	0.0063422005623579025	0.02254428341984749	-0.0015454035019502044	0.02581305243074894	-0.021123213693499565	0.0031527357641607523	0.013855054043233395	0.2900600731372833	0.017893997952342033	0.012010744772851467	-0.0034638894721865654	-0.022052906453609467	0.02004966512322426	0.007848285138607025	-0.014493975788354874	0.32132017612457275	-0.0010666745947673917	0.08916610479354858	0.041184958070516586	0.5379276871681213	-0.005109178368002176	0.43945804238319397
ENSMUSG00000039737	0.010933775454759598	0.024139607325196266	-0.0022153062745928764	0.02221306599676609	-0.021697426214814186	0.0051252287812530994	0.00872043613344431	0.24821801483631134	0.020501162856817245	0.012267393060028553	-0.012693527154624462	-0.024520039558410645	0.01382894441485405	0.013633955270051956	-0.027146464213728905	0.26923537254333496	0.00879694614559412	0.07611597329378128	0.06066158786416054	0.30295905470848083	-0.006898185238242149	0.4429806172847748
ENSMUSG00000036282	-0.0009972767438739538	0.0073800357058644295	0.004526895470917225	0.013954097405076027	0.004664836451411247	-0.005924280732870102	0.03680815547704697	0.29441937804222107	-0.02600824646651745	0.0016830897657200694	0.0011032182956114411	-0.02123076654970646	-6.672882591374218e-05	0.008866514079272747	0.018883926793932915	0.33331090211868286	0.01545999851077795	0.034145113080739975	0.041331615298986435	0.4144926071166992	0.0018355421489104629	0.39876288175582886
ENSMUSG00000107044	0.00523012038320303	0.020394131541252136	-0.001868132152594626	0.013258186168968678	0.003820968559011817	9.258797035727184e-06	-0.009531484916806221	-0.09152211248874664	-0.0026155170053243637	0.01358441449701786	-0.002038612263277173	0.010885587893426418	0.0030150040984153748	0.0070713115856051445	-0.003308126237243414	-0.08925467729568481	0.014469783753156662	0.028942139819264412	-0.04487074539065361	-0.11210761964321136	-0.006328063551336527	-0.07795004546642303
ENSMUSG00000071767	-0.002923975232988596	-0.020326893776655197	0.000804146402515471	-0.010154268704354763	0.0051478054374456406	-0.02463405579328537	-0.011778255924582481	-0.09008999168872833	-0.01525120809674263	-0.025063341483473778	0.004047708585858345	0.012273463420569897	-0.007924646139144897	-0.0012040699366480112	-0.014405449852347374	-0.007891546003520489	0.014501567929983139	0.01946999877691269	-0.023103738203644753	0.016746066510677338	-0.017622346058487892	-0.06325642019510269
ENSMUSG00000117048	0.029332255944609642	0.041363731026649475	0.004560443572700024	0.019826985895633698	-0.0043468717485666275	-8.287659147754312e-05	-0.009995358996093273	-0.01858336292207241	0.023824263364076614	0.04345546290278435	-0.027859536930918694	-0.0033252942375838757	0.01005078200250864	0.015468603000044823	-0.014030026271939278	0.014895804226398468	0.03219679743051529	0.0443313792347908	0.08391274511814117	0.09134278446435928	0.00618234695866704	-0.04684446379542351
ENSMUSG00000029309	0.028845712542533875	0.027067525312304497	0.0121162673458457	0.023634618148207664	-0.0072373030707240105	-0.004362949635833502	0.0032572955824434757	-0.042717743664979935	0.007182289846241474	0.033180125057697296	-0.009589641354978085	0.01007743738591671	0.00796650443226099	-0.0002770089777186513	0.010413766838610172	-0.08543592691421509	0.03888115659356117	0.028840532526373863	0.0942075252532959	0.10134663432836533	-0.010425878688693047	-0.06325623393058777
ENSMUSG00000111803	0.012841533869504929	0.038146067410707474	0.006903440225869417	0.003326528938487172	-0.0023177978582680225	-0.000888507638592273	-0.007975607179105282	-0.08262071758508682	0.00484117167070508	0.0174306221306324	0.001473459298722446	0.011433018371462822	0.0009243504027836025	-0.013067378662526608	-0.003940155729651451	-0.01264816615730524	0.03089011274278164	0.0044428687542676926	-0.03567716106772423	-0.08398951590061188	-0.0076120756566524506	-0.0809706524014473
ENSMUSG00000073652	0.005551546812057495	0.02073485590517521	-0.007938960567116737	0.024345451965928078	-0.0217954870313406	0.005507347173988819	0.0410352386534214	0.23036842048168182	0.024671215564012527	0.010113419033586979	-0.005429474636912346	-0.012049133889377117	0.023475637659430504	0.005901241209357977	-0.031616292893886566	0.24975362420082092	-0.009979138150811195	0.08694028854370117	0.07009958475828171	0.5642037391662598	0.012319419533014297	0.2554795444011688
ENSMUSG00000041765	0.00953754410147667	0.018277885392308235	-0.003140863962471485	0.029483022168278694	-0.019921734929084778	0.00962994433939457	0.008525615558028221	0.29619163274765015	0.017607294023036957	0.009239724837243557	-0.009396184235811234	-0.016280319541692734	0.017833733931183815	0.010095787234604359	-0.027965225279331207	0.3235554099082947	-0.001542707672342658	0.07261860370635986	0.022031497210264206	0.489416241645813	-0.007273423485457897	0.42805641889572144
ENSMUSG00000042772	0.005547830834984779	0.01249871775507927	-0.005444034934043884	0.04503285512328148	-0.026685554534196854	0.0034245324786752462	0.0346401073038578	0.29986682534217834	0.01694398932158947	0.00682154530659318	-0.006784981116652489	-0.02441515401005745	0.030763370916247368	0.005986439064145088	-0.023366503417491913	0.3103240728378296	-0.00915123987942934	0.08107832074165344	0.04044192284345627	0.5815058350563049	0.003015549387782812	0.5341282486915588
ENSMUSG00000056281	-0.02236393839120865	-0.03746182471513748	-0.005002555437386036	-0.007184453774243593	0.00799668300896883	-0.0025969636626541615	-0.007316825445741415	-0.11187884211540222	-0.008902689442038536	-0.032926056534051895	0.00036697537871077657	0.008168796077370644	-0.009261498227715492	0.005639585200697184	-0.00681968592107296	-0.11072074621915817	-0.011750292964279652	-0.17155781388282776	-0.030932731926441193	-0.14310353994369507	-0.003731799079105258	-0.19951555132865906
ENSMUSG00000001829	0.01103191263973713	0.01985136792063713	0.0020902897231280804	0.012148440815508366	-0.0170903243124485	0.0053224582225084305	0.00865445751696825	0.19947080314159393	0.0181454885751009	0.013876315206289291	-0.014279283583164215	-0.011149254627525806	0.00966049637645483	0.014029904268682003	-0.02513843961060047	0.21839028596878052	0.01202481146901846	0.055877935141325	0.028592808172106743	0.3207336664199829	-0.006975213065743446	0.30107563734054565
ENSMUSG00000052014	0.018648887053132057	0.02678966522216797	0.003318676259368658	0.012012649327516556	0.0016513651935383677	0.0005698156892322004	-0.0038463175296783447	-0.04751874506473541	-0.004403044003993273	0.05445351079106331	-0.0002760983188636601	0.008038695901632309	0.002054681070148945	-0.013400455936789513	-0.0026788676623255014	-0.06255065649747849	0.029173683375120163	0.03676215186715126	-0.03859801962971687	-0.1655389368534088	-0.0061250790022313595	-0.10095181316137314
ENSMUSG00000027157	-0.007630066480487585	-0.0021829160396009684	-0.00582997128367424	0.016993984580039978	-7.023315993137658e-05	-0.004446277394890785	-0.009548629634082317	-0.1376078873872757	-0.010539566166698933	0.04470658302307129	0.006212869193404913	0.00985474418848753	-0.0018014393281191587	-0.01588766649365425	-0.0033780806697905064	-0.009323526173830032	0.0018085662741214037	0.016937807202339172	-0.03763481602072716	-0.07510332763195038	-0.008399942889809608	-0.09349064528942108
ENSMUSG00000040565	0.008222921751439571	0.01925021782517433	-0.001244249870069325	0.027425631880760193	-0.026774415746331215	0.008975662291049957	0.010854547843337059	0.30114051699638367	0.013285879977047443	0.01211544405668974	-0.01081957295536995	-0.022732257843017578	0.016245082020759583	0.012336086481809616	-0.014661998488008976	0.34149038791656494	0.004932221956551075	0.06827737390995026	0.03139575943350792	0.485517680644989	-0.006904895883053541	0.3927760720252991
ENSMUSG00000027312	0.00932571105659008	0.022249681875109673	0.0020135249942541122	0.016180703416466713	-0.024701319634914398	0.004784048069268465	-0.00012066018825862557	0.27374064922332764	0.010956990532577038	0.012474382296204567	-0.014732053503394127	-0.028718268498778343	0.009707753546535969	0.016582811251282692	-0.016517356038093567	0.32498908042907715	0.012608801014721394	0.05442694574594498	0.016720814630389214	0.3145935833454132	-0.008489460684359074	0.32336652278900146
ENSMUSG00000020427	0.010852869600057602	0.020879020914435387	0.0057411217130720615	0.011347678489983082	-0.010538395494222641	0.002644998487085104	0.008399050682783127	0.20791266858577728	0.012421611696481705	0.015311548486351967	-0.01766328513622284	-0.015759265050292015	-0.0013107325648888946	0.017063844949007034	-0.019690144807100296	0.2631889283657074	0.01917736604809761	0.06946483254432678	0.023318752646446228	0.24240678548812866	-0.008361456915736198	0.266038179397583
ENSMUSG00000035024	0.008516676723957062	0.018863495439291	0.0008347140974365175	0.023822540417313576	-0.019657554104924202	0.00700291758403182	0.007703281007707119	0.31236037611961365	0.014733768999576569	0.010553764179348946	-0.009120005182921886	-0.02063055709004402	0.006750794593244791	0.013360746204853058	-0.018785618245601654	0.32923632860183716	0.006929641589522362	0.0876205563545227	0.01201358437538147	0.4608975648880005	-0.008080769330263138	0.3991050720214844
ENSMUSG00000022463	0.006908653769642115	0.01894804649055004	-0.01023158896714449	0.03698816895484924	-0.025127563625574112	0.008295639418065548	0.028000153601169586	0.26758894324302673	0.024919452145695686	0.0093053774908185	-0.009453576058149338	-0.02513081394135952	0.02528364025056362	0.007248431444168091	-0.03741295263171196	0.279218465089798	-0.011779296211898327	0.0822974368929863	0.03995690494775772	0.5813124775886536	0.0033774981275200844	0.45739081501960754
ENSMUSG00000109389	0.0075849429704248905	-0.007863539271056652	0.0027382471598684788	0.0073999809101223946	-0.004767191596329212	-0.004735585302114487	-0.008968430571258068	-0.09146636724472046	-0.0024286152329295874	0.04177065193653107	0.0006259813089855015	0.010838266462087631	0.0012593865394592285	0.0016782385064288974	-0.003741584485396743	-0.12067817896604538	0.027056310325860977	-0.013303781859576702	-0.02484983019530773	-0.023696254938840866	-0.010733083821833134	-0.03614282235503197
ENSMUSG00000041377	0.018349189311265945	0.015434988774359226	0.010028140619397163	0.003948879428207874	-0.009380395524203777	0.004409450571984053	0.0073943673633039	-0.03768579289317131	0.016222335398197174	0.03174012899398804	-0.015077808871865273	0.004738462157547474	0.006104012951254845	0.015737930312752724	-0.01648777723312378	0.08272861689329147	0.03616819530725479	0.05078528821468353	0.09398867934942245	0.1667402982711792	0.002356233075261116	-0.0420052632689476
ENSMUSG00000092202	0.011649894528090954	0.0273997001349926	0.05432448536157608	0.01569637469947338	0.0003043682954739779	-0.005458510015159845	-0.0036737630143761635	-0.047442711889743805	-0.0002183648757636547	0.04089336842298508	0.06939549744129181	0.005952893290668726	-0.0009058778523467481	0.006520912516862154	0.004833160433918238	-0.05989200249314308	0.05008393153548241	0.02296990156173706	-0.037092093378305435	-0.08471962809562683	-0.01011323556303978	-0.10047516226768494
ENSMUSG00000087238	0.022664954885840416	0.035838447511196136	0.009628025814890862	0.019361484795808792	-0.007669315207749605	0.0027832668274641037	-1.1482527042971924e-05	-0.028056442737579346	0.01526029221713543	0.03693389520049095	-0.008884905837476254	0.009198034182190895	0.009231353178620338	0.0109269879758358	-0.000495893822517246	-0.02897878736257553	0.03716949746012688	0.01440738420933485	0.022317716851830482	0.0020407536067068577	-0.0005888089654035866	-0.0039693498983979225
ENSMUSG00000043931	0.02188340574502945	0.03694915771484375	-0.0003971771220676601	0.02422996796667576	-0.003534321440383792	0.000362530117854476	-0.008168873377144337	-0.07256901264190674	0.015323075465857983	0.04728846997022629	-0.009182244539260864	0.007595652248710394	0.002056194469332695	0.006889458280056715	-0.004508698359131813	0.037599802017211914	0.006053888238966465	0.04495067894458771	0.0022285219747573137	0.012277215719223022	-0.006610827520489693	-0.0702163577079773
ENSMUSG00000048251	0.011885672807693481	0.025864584371447563	0.006182894576340914	0.0036975957918912172	-0.01353016123175621	0.00018143696070183069	0.0059957439079880714	0.14830441772937775	0.01395068783313036	0.023629631847143173	-0.014714390970766544	-0.024925904348492622	0.003926281817257404	0.017146818339824677	-0.028430800884962082	0.09644968807697296	0.02687807008624077	0.047295182943344116	0.017370037734508514	0.16698789596557617	-0.0065515064634382725	0.11664926260709763
ENSMUSG00000068506	-0.007335487753152847	0.019501369446516037	-0.009163514710962772	-0.008427723310887814	0.009655908681452274	-0.0032974372152239084	-0.015125253237783909	-0.10297709703445435	-0.020800184458494186	0.01743847131729126	0.009484373033046722	0.01114132720977068	-0.012745372019708157	-0.008543763309717178	-0.003436464350670576	-0.09454138576984406	-0.02822994999587536	-0.05453525111079216	-0.05649769678711891	-0.0969003364443779	-0.008232471533119678	-0.08615131676197052
ENSMUSG00000118339	0.011219853535294533	0.022582709789276123	0.01051204465329647	0.014108334667980671	-0.01343794260174036	-0.003901737043634057	0.02988797426223755	0.02004525624215603	0.02453545853495598	0.045066334307193756	-0.011749710887670517	0.016757510602474213	0.0039399005472660065	0.017169170081615448	-0.009478548541665077	-0.09489443153142929	0.035053033381700516	0.03640373796224594	0.12878146767616272	0.23728419840335846	0.007605172228068113	0.021416952833533287
ENSMUSG00000032985	0.005490804091095924	0.019962765276432037	0.0023621877189725637	0.032274115830659866	-0.020884647965431213	0.006425769533962011	-0.0008916413644328713	0.2185612916946411	0.007632117718458176	0.014653496444225311	-0.01024776790291071	-0.027613352984189987	0.00673598051071167	0.016469955444335938	-0.01467897929251194	0.31816044449806213	0.010604023933410645	0.057548508048057556	0.02473481185734272	0.454353928565979	-0.007175328675657511	0.23711076378822327
ENSMUSG00000115986	0.01507561281323433	0.031052546575665474	0.00325155071914196	0.016153287142515182	-0.0037359893321990967	0.00040735871880315244	-0.005410885438323021	-0.057440485805273056	0.00722701707854867	0.05087905004620552	-0.0017758602043613791	0.007101460825651884	0.005896935239434242	0.005971759557723999	-0.0027683686930686235	-0.030529184266924858	0.02746967040002346	0.055175043642520905	-0.04132171720266342	-0.0971924290060997	-0.0064100404269993305	-0.08675704896450043
ENSMUSG00000089761	-0.029064495116472244	-0.009754082188010216	-0.007413240149617195	-0.021189207211136818	0.010086766444146633	-0.0021234636660665274	-0.01290116272866726	-0.10661353915929794	-0.006103287450969219	-0.03602677211165428	0.008241306059062481	0.008230086416006088	-0.009491498582065105	-0.024868693202733994	-0.0147130461409688	-0.20180250704288483	-0.012034881860017776	-0.08416187018156052	-0.03817867115139961	-0.09893185645341873	-0.009428608231246471	-0.04987316206097603
ENSMUSG00000022445	0.0034025292843580246	0.04434206336736679	-0.0049738166853785515	0.014951352961361408	0.002328440546989441	-0.002125827129930258	-0.011359907686710358	-0.06809110939502716	0.0012953751720488071	0.03897321969270706	0.009362098760902882	0.005759530700743198	-0.0010590682504698634	0.009755939245223999	-0.011902425438165665	-0.04059066250920296	0.023635847494006157	0.045005667954683304	-0.10631287842988968	-0.08837202191352844	-0.020054945722222328	-0.08363617211580276
ENSMUSG00000025389	0.02310924045741558	0.019551577046513557	0.001653424696996808	0.022347332909703255	-0.011453652754426003	-0.002218307927250862	0.02228207141160965	0.02594040334224701	0.017120301723480225	0.04154171794652939	-0.01522021647542715	0.00036051232018508017	0.005837231874465942	0.014030085876584053	-0.01632976345717907	-0.028323780745267868	0.027250902727246284	0.02527850680053234	0.1350177824497223	0.1171736791729927	0.013219397515058517	0.0041568465530872345
ENSMUSG00000098959	0.030542170628905296	0.03218987584114075	0.006579386070370674	0.015693115070462227	-0.0026493605691939592	-0.00199581659398973	-0.006217831280082464	-0.06218123063445091	0.003969280514866114	0.048548560589551926	-0.006184292957186699	0.005942969117313623	0.006113005802035332	0.014278140850365162	0.002725378843024373	-0.06004280969500542	0.019730975851416588	0.04463990032672882	-0.02567334473133087	-0.020074045285582542	-0.005957713350653648	-0.06458092480897903
ENSMUSG00000022956	0.010445947758853436	0.02096792869269848	-0.0012175580486655235	0.02326979860663414	-0.020710904151201248	0.0073157865554094315	0.014086025767028332	0.23778967559337616	0.017091676592826843	0.014104392379522324	-0.00980103574693203	-0.024734623730182648	0.01129299495369196	0.01384862419217825	-0.016719268634915352	0.2284955233335495	0.009764441289007664	0.046123065054416656	0.06378675252199173	0.2816106677055359	-0.0045176902785897255	0.41525283455848694
ENSMUSG00000005124	0.016815150156617165	0.036858782172203064	0.011620172299444675	0.007150040939450264	-0.00949349906295538	0.005280226934701204	-0.0024092956446111202	-0.021297303959727287	0.018764575943350792	0.033193111419677734	-0.008796490728855133	-0.009636426344513893	0.002338981255888939	0.01705089397728443	-0.017273135483264923	0.006240176502615213	0.03612294793128967	0.057399000972509384	-0.03841474652290344	-0.0853281319141388	-0.0065401275642216206	0.046888578683137894
ENSMUSG00000026914	0.0047570024617016315	0.013177420012652874	0.001102676149457693	0.0328143946826458	-0.02093132585287094	0.007876362651586533	0.012650071643292904	0.3034663200378418	0.0003825496241915971	0.009795572608709335	-0.004445802420377731	-0.013807117938995361	0.013782232068479061	0.011227872222661972	-0.0034036203287541866	0.3163630962371826	0.006913997698575258	0.07467296719551086	0.036112233996391296	0.5073177218437195	-0.004824959672987461	0.38642147183418274
ENSMUSG00000046185	0.009690357372164726	0.023507528007030487	0.003635214176028967	0.013472962193191051	-0.022695161402225494	0.00464940071105957	0.006671059876680374	0.2223605215549469	0.017934707924723625	0.01827589049935341	-0.017430085688829422	-0.019895324483513832	0.006365484092384577	0.015222350135445595	-0.01732524111866951	0.2806791365146637	0.017902610823512077	0.05721898376941681	0.04223230853676796	0.26228296756744385	-0.007444043643772602	0.2817957401275635
ENSMUSG00000037720	0.007320034317672253	0.01462908461689949	-0.005237401928752661	0.023684842512011528	-0.021032247692346573	0.007488949224352837	0.019600428640842438	0.26598069071769714	0.014133584685623646	0.01229656022042036	-0.005393954459577799	-0.01875355653464794	0.0148569131270051	0.007614900358021259	-0.025513241067528725	0.2872839868068695	-0.0024887234903872013	0.0704042911529541	0.06597194820642471	0.45106402039527893	-0.0009452676167711616	0.41944625973701477
ENSMUSG00000079547	0.018042802810668945	0.038311708718538284	0.014561953954398632	0.015949079766869545	-0.005257629789412022	0.004811393097043037	0.000262224959442392	-0.030681420117616653	0.013976223766803741	0.039350274950265884	-0.0038987610023468733	0.012130695395171642	-0.0010591872269287705	0.007678021676838398	-0.01404122356325388	0.004125957377254963	0.04268232360482216	0.03904237970709801	-0.01890404522418976	-0.00834469310939312	-0.00816358346492052	-0.009939683601260185
ENSMUSG00000092619	-0.10803068429231644	-0.22050966322422028	-0.026485972106456757	-0.05192337557673454	-0.0328693650662899	-0.07932398468255997	0.025736751034855843	-0.1055631935596466	-0.04727441817522049	-0.22943781316280365	-0.01883648708462715	-0.014530365355312824	-0.013789267279207706	-0.02652907930314541	0.04801816865801811	-0.24066951870918274	-0.16050326824188232	-0.27358344197273254	0.2254774421453476	-0.6104251742362976	-0.00779779814183712	-0.41069161891937256
ENSMUSG00000062661	0.01194084994494915	0.015275398269295692	0.00332722463645041	0.023326123133301735	-0.01409174408763647	0.005960606969892979	0.008744066581130028	0.21044158935546875	0.014061341062188148	0.013440396636724472	-0.019552432000637054	-0.032045647501945496	0.005559295415878296	0.019980553537607193	-0.029289791360497475	0.2573107182979584	0.021719790995121002	0.061906848102808	0.012681522406637669	0.18263761699199677	-0.0075397430919110775	0.18768391013145447
ENSMUSG00000042873	0.013351266272366047	0.032145798206329346	0.006170302629470825	0.009513833560049534	-0.015800142660737038	0.0008236251305788755	0.006456025410443544	0.11226555705070496	0.015577536076307297	0.020093092694878578	-0.021669583395123482	-0.01507587544620037	0.00304991751909256	0.01757751777768135	-0.026945605874061584	0.1319456845521927	0.02725999988615513	0.051050394773483276	0.022575804963707924	0.04539213702082634	-0.004307660739868879	0.16719956696033478
ENSMUSG00000110588	0.005572357680648565	0.015656523406505585	-0.028149450197815895	0.023406825959682465	-0.020568300038576126	0.0046883802860975266	0.04278162121772766	0.18655084073543549	0.02006765827536583	0.009252050891518593	-0.016816657036542892	-0.02271449752151966	0.038096312433481216	0.006510747130960226	-0.07581741362810135	0.1951683759689331	-0.010438475757837296	0.06083632633090019	0.1257701963186264	0.3623062074184418	0.05628913268446922	0.4403814375400543
ENSMUSG00000091216	-0.0015532230027019978	0.04332076013088226	0.028338463976979256	0.011038917116820812	-0.006644790060818195	-0.00349230645224452	0.00563167966902256	-0.019653022289276123	-0.0042403750121593475	0.044275518506765366	-0.011307094246149063	0.005238168407231569	-0.0029174801893532276	0.008273081853985786	-0.008940555155277252	-0.05628222972154617	0.0684228390455246	0.03393057733774185	0.05464179813861847	0.07651063799858093	-0.008956489153206348	-0.017104141414165497
ENSMUSG00000085256	-0.0005347403348423541	0.024602092802524567	0.0010203798301517963	0.01585531048476696	-0.03102414309978485	0.005536801181733608	0.023443691432476044	0.16878728568553925	0.029690923169255257	0.012682702392339706	-0.00217091734521091	-0.02299291454255581	0.02237263135612011	0.0114202331751585	-0.0033734021708369255	0.18222947418689728	0.010938812047243118	0.04674232378602028	0.07320999354124069	0.15490318834781647	0.016400432214140892	0.18768826127052307
ENSMUSG00000029330	0.009815804660320282	0.019550655037164688	0.002393859438598156	0.016640745103359222	-0.019881706684827805	0.008733930997550488	0.009167713113129139	0.2093367576599121	0.019237913191318512	0.012385869398713112	-0.013104143552482128	-0.02226780168712139	0.009594262577593327	0.013776358217000961	-0.029382916167378426	0.2549012303352356	0.011486444622278214	0.04953020438551903	0.01930711790919304	0.4146153926849365	-0.006532872095704079	0.21546810865402222
ENSMUSG00000021069	0.01951666735112667	0.02148491144180298	0.005482437089085579	0.01407125685364008	-0.0038730658125132322	-0.0020454577170312405	0.0005398708744905889	-0.052693773061037064	0.006392770446836948	0.05227088928222656	-0.007441976107656956	0.022003769874572754	-0.0005295910523273051	0.005341104231774807	-0.008010982535779476	0.019172610715031624	0.03874767944216728	0.010172414593398571	-0.0227567907422781	-0.10206196457147598	-0.00656092818826437	-0.06781979650259018
ENSMUSG00000068115	0.009526959620416164	0.013825258240103722	-0.0015061999438330531	0.02356242947280407	-0.020798668265342712	0.007747751660645008	0.010573042556643486	0.24337875843048096	0.014994872733950615	0.01590096391737461	-0.011915710754692554	-0.02518354170024395	0.011166788637638092	0.01416702289134264	-0.025927433744072914	0.31903746724128723	0.008111003786325455	0.062231406569480896	0.0626223161816597	0.3177800178527832	-0.006110372021794319	0.31338584423065186
ENSMUSG00000021262	0.010221881791949272	0.02339508756995201	0.00272531621158123	0.018746860325336456	-0.021478204056620598	0.005481628235429525	0.0071366047486662865	0.2321391999721527	0.014423811808228493	0.012714531272649765	-0.015975501388311386	-0.024999195709824562	0.008627367205917835	0.016838807612657547	-0.02463468722999096	0.2998785972595215	0.015183196403086185	0.0689096599817276	0.021360056474804878	0.3012267053127289	-0.007981816306710243	0.29096758365631104
ENSMUSG00000033111	-0.0005614470574073493	-0.13317622244358063	-0.00014846655540168285	-0.12962080538272858	0.00018564268248155713	0.03628428652882576	-0.00545884296298027	-0.1920977085828781	-0.0030113428365439177	-0.2522924542427063	0.0026903143152594566	-0.029641319066286087	0.005641879979521036	-0.08878221362829208	-0.005679168738424778	-0.1583215445280075	0.00425086822360754	-0.2247885763645172	-0.033662207424640656	-0.6946364045143127	-0.006981840822845697	-0.4829255938529968
ENSMUSG00000097018	0.016567686572670937	0.023960735648870468	0.0067307124845683575	0.014332077465951443	-0.020701711997389793	0.004722972400486469	0.006747094448655844	0.07351985573768616	0.022857272997498512	0.02587764896452427	-0.022031765431165695	-0.011157538741827011	0.002013684716075659	0.017188148573040962	-0.021895330399274826	0.10349883139133453	0.04091310128569603	0.04068475589156151	0.012274188920855522	0.025185653939843178	-0.0005633908440358937	0.06947152316570282
ENSMUSG00000106753	-0.02891993708908558	-0.0016972726443782449	-0.007015915587544441	-0.004767972510308027	0.0002188238431699574	-0.004473533947020769	-0.02825106866657734	-0.14212623238563538	-0.0052509610541164875	0.014253752306103706	0.0003949081583414227	0.023865757510066032	-0.003946129232645035	0.010998202487826347	0.1016244888305664	-0.09509753435850143	0.01647157035768032	0.020300420001149178	-0.02841588668525219	-0.09456679224967957	-0.0076749431900680065	-0.06266419589519501
ENSMUSG00000025102	0.011296998709440231	0.021910294890403748	0.003047498408704996	0.0281052403151989	-0.01792203076183796	0.007181851658970118	0.001639530062675476	0.24104419350624084	0.014266460202634335	0.014140128158032894	-0.007086592726409435	-0.019490724429488182	-0.0006610179552808404	0.01576315425336361	-0.009741458110511303	0.3103353977203369	0.013066887855529785	0.07349645346403122	0.03674761578440666	0.39109504222869873	-0.007593604736030102	0.23050084710121155
ENSMUSG00000114188	0.009699088521301746	0.02427825704216957	0.00333505985327065	0.012787428684532642	-0.016590429469943047	0.0018203988438472152	0.005931694060564041	0.17683115601539612	0.010303862392902374	0.01379421353340149	-0.02145932987332344	-0.028044037520885468	0.004173596389591694	0.018286477774381638	-0.02734595537185669	0.24887658655643463	0.024806663393974304	0.06924080103635788	0.029306314885616302	0.07870511710643768	-0.007142042741179466	0.15553203225135803
ENSMUSG00000032578	0.010217188857495785	0.029149992391467094	0.0013562729582190514	0.017707280814647675	-0.018890829756855965	-0.0006241760565899312	0.017882417887449265	0.08197725564241409	0.01450229249894619	0.020532218739390373	-0.02339324727654457	-0.010557731613516808	0.009945625439286232	0.013518639840185642	-0.03127118945121765	0.15893056988716125	0.02359170839190483	0.04487549886107445	0.06604544818401337	0.2604236304759979	0.008613323792815208	0.05754533410072327
ENSMUSG00000026628	0.024778462946414948	0.016170891001820564	0.008178738877177238	0.022290894761681557	-0.005506875924766064	-0.0037148608826100826	-8.318407344631851e-05	-0.06364426761865616	0.011762307956814766	0.039071857929229736	-0.009221766144037247	0.00983000174164772	0.0013224439462646842	0.011976923793554306	-0.004068573005497456	-0.016374822705984116	0.03214221075177193	0.044650983065366745	0.06291794031858444	-0.17312376201152802	-0.006349654868245125	-0.06426113843917847
ENSMUSG00000070815	0.01801673136651516	0.042557936161756516	0.0057242256589233875	0.021351508796215057	-0.003171452321112156	-0.0005418143118731678	-0.004940939601510763	-0.06740127503871918	0.009803837165236473	0.05273844674229622	0.0008704453939571977	0.008598041720688343	0.003591687884181738	0.005460386164486408	-0.0023506905417889357	-0.042379237711429596	0.004439109470695257	0.027065370231866837	-0.04124492034316063	-0.1157655343413353	-0.006010941229760647	-0.0828917995095253
ENSMUSG00000034168	0.0017968432512134314	0.01798919029533863	-0.02098543383181095	0.033605851233005524	-0.021559767425060272	0.0042507159523665905	0.07412078976631165	0.2330418825149536	0.01992987096309662	0.006124225445091724	-0.014008668251335621	-0.02608194388449192	0.032078973948955536	0.005443176254630089	-0.05440184101462364	0.18060827255249023	-0.022106947377324104	0.05336732789874077	0.08450648188591003	0.5972272753715515	0.06066671386361122	0.3318929374217987
ENSMUSG00000072964	-0.004962276667356491	-0.00012861962022725493	0.0031507061794400215	-0.01545534934848547	0.014532732777297497	-0.0074564493261277676	-0.007867897860705853	0.2692122757434845	-0.011692211963236332	0.004934358410537243	0.012627791613340378	-0.013948973268270493	-0.027272608131170273	0.016530215740203857	0.01667328178882599	0.3361996114253998	0.01562529057264328	0.049636635929346085	0.014229788444936275	0.27302634716033936	-0.007759688422083855	0.2694038152694702
ENSMUSG00000062444	0.010984144173562527	0.02860456518828869	0.00181856588460505	0.010104930028319359	-0.018674397841095924	0.003911146428436041	0.009485847316682339	0.14614464342594147	0.015818217769265175	0.01800394244492054	-0.012901668436825275	-0.02472320944070816	0.010104840621352196	0.01494043692946434	-0.027997976168990135	0.19637733697891235	0.01870661787688732	0.03279455751180649	0.06755352765321732	0.19723264873027802	-0.002720025135204196	0.21238617599010468
ENSMUSG00000056679	-0.005897275172173977	0.0048559908755123615	-0.002016115700826049	0.008524554781615734	0.014309937134385109	-0.002991790184751153	-0.0029353154823184013	0.2540972828865051	-0.020456558093428612	0.006257685367017984	0.0018127417424693704	-0.014210382476449013	-0.003702040296047926	0.014674577862024307	-0.005724132526665926	0.3141443133354187	0.005942642688751221	0.03491639718413353	-0.040467262268066406	0.10121000558137894	-0.007034728303551674	0.15808646380901337
ENSMUSG00000070504	0.029575416818261147	0.0209563747048378	0.01385500654578209	0.013778508640825748	-0.006038984749466181	-0.004763107746839523	-0.007902960292994976	-0.04703492298722267	-0.0020662378519773483	0.04879169911146164	0.006440680008381605	0.007834598422050476	-0.002426193095743656	0.017134953290224075	0.008746766485273838	-0.09851297736167908	0.034210991114377975	-0.0039925361052155495	-0.04142512008547783	-0.10595984756946564	-0.00667499378323555	-0.06951591372489929
ENSMUSG00000032807	0.022298414260149002	0.03801318258047104	0.010190345346927643	0.024314749985933304	-0.0027473175432533026	0.001152576762251556	0.00048278589383699	-0.013304853811860085	0.01045152172446251	0.06195943430066109	-0.004706577863544226	-0.0015367555897682905	-0.0010882830247282982	0.023585377261042595	-0.005131017416715622	-0.08267521858215332	0.04534046724438667	0.018363483250141144	-0.01685841754078865	-0.058913491666316986	-0.003925638273358345	-0.003376780077815056
ENSMUSG00000112219	-0.009504090994596481	-0.012507033534348011	-0.002930767135694623	0.002571714576333761	-0.0006179735064506531	-0.004769050981849432	-0.006805200595408678	-0.07060084491968155	-0.0012250817380845547	0.028111128136515617	0.0028234226629137993	0.009312307462096214	-0.0011259665479883552	0.008860964328050613	-0.005315501242876053	-0.07318046689033508	-0.00575631158426404	0.03496697545051575	-0.04078042507171631	-0.1706005036830902	-0.007151888683438301	-0.11727136373519897
ENSMUSG00000071984	-0.10803068429231644	-0.22050966322422028	-0.026485972106456757	-0.05192337557673454	-0.0328693650662899	-0.07932398468255997	0.025736751034855843	-0.1055631935596466	-0.04727441817522049	-0.22943781316280365	-0.01883648708462715	-0.014530365355312824	-0.013789267279207706	-0.02652907930314541	0.04801816865801811	-0.24066951870918274	-0.16050326824188232	-0.27358344197273254	0.2254774421453476	-0.6104251742362976	-0.00779779814183712	-0.41069161891937256
ENSMUSG00000034151	0.0016656402731314301	0.021684912964701653	-0.0039777811616659164	-0.004651536233723164	-0.0008443846018053591	-0.0005136356339789927	-0.010500610806047916	-0.06457694619894028	-0.005047008395195007	0.03785412013530731	0.002382403239607811	0.006811861880123615	0.0016710400814190507	-0.0015376084484159946	-0.004172040615230799	-0.07281305640935898	0.00253207515925169	-0.00171446253079921	-0.033448830246925354	-0.0895041823387146	-0.007127987686544657	-0.09939567744731903
ENSMUSG00000024246	0.009778221137821674	0.027937423437833786	0.0009771086042746902	0.008841415867209435	-0.0158374086022377	0.009206488728523254	-0.0015410903142765164	0.19717510044574738	0.017413074150681496	0.01757974922657013	-0.009233525022864342	-0.012264329940080643	0.01076432503759861	0.011813951656222343	-0.01647098734974861	0.29604819416999817	0.006555627100169659	0.05355400964617729	0.045899897813797	0.4384516477584839	-0.006136292591691017	0.30054932832717896
ENSMUSG00000110286	0.01740708202123642	0.02575007826089859	0.009382159449160099	0.01044347882270813	-0.004542461596429348	-0.0015436032554134727	-0.004846437368541956	-0.0846552923321724	0.009772627614438534	0.04204365238547325	-0.009928431361913681	0.006220535840839148	0.001389961689710617	-0.0025051108095794916	-0.0037788869813084602	0.015161183662712574	0.024445082992315292	0.03502333164215088	-0.026601526886224747	-0.023295214399695396	-0.0071022482588887215	-0.06769616901874542
ENSMUSG00000103655	0.018367521464824677	0.03210693970322609	0.0069531844928860664	0.01987326890230179	-0.0013177095679566264	-0.0010319363791495562	-0.001683463342487812	-0.05312691628932953	0.007327250670641661	0.04592471569776535	-0.004783052951097488	0.007912809029221535	0.0003072289109695703	0.007416469044983387	-0.0025624320842325687	-0.04502400755882263	0.03241857513785362	0.02675686776638031	-0.03562355414032936	-0.08281346410512924	-0.006948456633836031	-0.037031594663858414
ENSMUSG00000029089	0.0071091679856181145	0.019679494202136993	0.0024650644045323133	0.009289809502661228	-0.01541344914585352	0.007135689724236727	-0.0035868347622454166	0.21192480623722076	0.005211017560213804	0.012305181473493576	-0.00759178027510643	-0.02146068401634693	0.0006439510616473854	0.013960016891360283	-0.016858337447047234	0.3125009834766388	0.010050819255411625	0.04611688479781151	0.03281334042549133	0.3481038808822632	-0.007204336579889059	0.27088066935539246
ENSMUSG00000101342	0.015257947146892548	0.026763398200273514	0.001515763346105814	0.021690720692276955	-0.0026180639397352934	-0.0023308335803449154	-0.0033327224664390087	-0.07437918335199356	0.007014296483248472	0.04625795781612396	-0.0009672897285781801	0.007516637910157442	-0.00045749961282126606	0.013635559007525444	0.0015818614047020674	-0.033988337963819504	0.020850444212555885	0.028284888714551926	-0.061738528311252594	-0.14003734290599823	-0.006626956630498171	-0.1061563491821289
ENSMUSG00000019853	0.0092155234888196	0.028489122167229652	0.0032181954011321068	0.007019736338406801	-0.012713808566331863	0.0072517734952270985	-0.005142782814800739	0.13038745522499084	0.011498983018100262	0.0186996478587389	-0.011801009066402912	-0.024591457098722458	0.008688208647072315	0.009791698306798935	-0.0047513931058347225	0.24619241058826447	0.019432976841926575	0.045948706567287445	0.000787068740464747	0.04118764400482178	-0.0052786944434046745	0.08054010570049286
ENSMUSG00000029059	0.005236978642642498	0.031970538198947906	0.007829743437469006	0.010653305798768997	-0.007131509017199278	0.005903272423893213	0.0028449392411857843	0.1678835153579712	0.01937304250895977	0.011349072679877281	-0.0015101496828719974	-0.010954027064144611	0.012378398329019547	0.0150092588737607	-0.0222430732101202	0.23410724103450775	0.021149644628167152	0.06007892265915871	0.031886085867881775	0.2004775106906891	-0.007052300963550806	0.1815156489610672
ENSMUSG00000103810	0.020490938797593117	0.01838776282966137	-0.0041966792196035385	0.004881902597844601	-0.003579379990696907	-0.0004061578947585076	-0.0063470955938100815	-0.12145683169364929	-0.008860930800437927	0.05264092609286308	0.009930537082254887	0.010754062794148922	0.006410098168998957	-0.007817137986421585	-0.006266633048653603	-0.05673304572701454	0.018473051488399506	-0.01888175494968891	-0.04160426929593086	-0.27034297585487366	-0.005005763377994299	-0.1038903146982193
ENSMUSG00000102046	0.011009173467755318	0.03278793394565582	-0.0005707397940568626	0.0010428784880787134	-0.003382699564099312	0.0004381477483548224	-0.004343772307038307	-0.09214046597480774	0.0039738998748362064	0.06534606218338013	-0.0012295114574953914	0.00845036469399929	0.0007231060299091041	0.006257833447307348	-0.002374637871980667	-0.018858136609196663	0.00591996917501092	0.04289766401052475	-0.030163655057549477	-0.11379020661115646	-0.0063396841287612915	-0.13855329155921936
ENSMUSG00000115419	0.028757818043231964	0.000561990134883672	0.0034667879808694124	-0.0007351891836151481	-0.005840022582560778	-0.0026095062494277954	-0.006221322808414698	-0.08549389988183975	-0.001854016212746501	0.012973294593393803	0.0020859637297689915	0.010168591514229774	0.005544062238186598	0.017120813950896263	-0.007764886133372784	-0.11103838682174683	0.028971094638109207	0.013866858556866646	-0.03951980173587799	-0.15117858350276947	-0.005039268173277378	-0.09865665435791016
ENSMUSG00000021260	0.012471315450966358	0.029259074479341507	0.0009645651443861425	0.010658851824700832	-0.01689816266298294	0.007479137275367975	0.009769572876393795	0.13715539872646332	0.013920266181230545	0.01676180213689804	-0.022266751155257225	-0.022509606555104256	0.009637020528316498	0.015860551968216896	-0.030913151800632477	0.21737727522850037	0.023062720894813538	0.04244691878557205	0.045605793595314026	0.12189973145723343	0.0021540108136832714	0.12648028135299683
ENSMUSG00000021750	0.016494913026690483	0.03957380726933479	0.009385470300912857	0.012767191976308823	-0.007016235496848822	0.00461987778544426	0.0031628813594579697	0.045612551271915436	0.010099032893776894	0.03898601979017258	-0.009978326968848705	-0.01560046337544918	-2.074579242616892e-06	0.016251089051365852	-0.021606363356113434	0.11104121059179306	0.033692773431539536	0.054965510964393616	-0.02902117744088173	0.0050530098378658295	-0.0037994312588125467	-0.025804834440350533
ENSMUSG00000094893	0.028845835477113724	0.03791997581720352	0.006937217898666859	0.03613247722387314	-0.004203255288302898	0.0008179654250852764	-0.00474839610978961	-0.052707768976688385	0.011046621948480606	0.04931164160370827	-0.011177903041243553	0.0076048714108765125	0.0017721663461998105	0.009942767210304737	-0.00416896166279912	-0.013727779500186443	0.03467485308647156	0.05619329959154129	-0.03633951023221016	-0.10074857622385025	-0.0037862739991396666	-0.07546522468328476
ENSMUSG00000021870	-0.10803068429231644	-0.22050966322422028	-0.026485972106456757	-0.05192337557673454	-0.0328693650662899	-0.07932398468255997	0.025736751034855843	-0.1055631935596466	-0.04727441817522049	-0.22943781316280365	-0.01883648708462715	-0.014530365355312824	-0.013789267279207706	-0.02652907930314541	0.04801816865801811	-0.24066951870918274	-0.16050326824188232	-0.27358344197273254	0.2254774421453476	-0.6104251742362976	-0.00779779814183712	-0.41069161891937256
ENSMUSG00000100786	0.023430239409208298	0.019089918583631516	0.007480970583856106	0.036326684057712555	-0.005439602304250002	0.00041737259016372263	-0.004052819684147835	-0.08398420363664627	0.0067129279486835	0.048110827803611755	-0.008880581706762314	0.0044355918653309345	0.0036660367622971535	0.006862565875053406	-0.0005099980044178665	-0.007371240761131048	0.036972660571336746	0.019113514572381973	-0.024981217458844185	-0.05653896927833557	-0.006030593067407608	-0.020545577630400658
ENSMUSG00000009646	0.010258170776069164	0.019735751673579216	0.007725204341113567	0.019450321793556213	-0.004979266785085201	0.0029971208423376083	-0.0002992642403114587	-0.02980998530983925	0.015226926654577255	0.040040649473667145	-0.0121393334120512	-0.0034501496702432632	0.0029223975725471973	0.008510779589414597	-0.016259251162409782	0.05441180616617203	0.033374346792697906	0.051441121846437454	-0.013306265696883202	-0.005706665106117725	-0.0033014267683029175	-0.016167469322681427
ENSMUSG00000066752	0.013181949965655804	0.010837431997060776	-0.0034474488347768784	0.017570964992046356	-0.010837111622095108	0.012094615958631039	-0.02311929687857628	0.1547931432723999	0.00866092648357153	0.018359171226620674	-0.021360326558351517	-0.02242264710366726	-0.007019946351647377	0.011957322247326374	0.05672316998243332	0.13579079508781433	-0.013895419426262379	0.041773371398448944	-0.007978382520377636	0.06827875226736069	0.0003493687545415014	0.0858163833618164
ENSMUSG00000004994	0.01169529464095831	0.024373283609747887	0.0032364907674491405	0.010027050971984863	-0.021526746451854706	0.009564015083014965	0.0031418371945619583	0.21053427457809448	0.01566002331674099	0.017816931009292603	-0.015412393026053905	-0.008037950843572617	0.005034453235566616	0.015312045812606812	-0.015487974509596825	0.23798657953739166	0.015489259734749794	0.05414075404405594	0.03746115788817406	0.2692754864692688	-0.0070629846304655075	0.31797173619270325
ENSMUSG00000026273	0.01140452828258276	0.022042855620384216	0.0012852783547714353	0.019444948062300682	-0.02001490816473961	0.007741100620478392	0.009710057638585567	0.20539598166942596	0.022835448384284973	0.016787869855761528	-0.006426110863685608	-0.01983969286084175	0.001131905592046678	0.014233031310141087	-0.012024573050439358	0.23619487881660461	0.012756500393152237	0.06749595701694489	0.09187217056751251	0.2697623670101166	-0.005157319363206625	0.25785428285598755
ENSMUSG00000017119	0.0077208769507706165	0.021066876128315926	-0.007524730637669563	0.030177874490618706	-0.021183788776397705	0.007792432326823473	0.023880472406744957	0.2691723704338074	0.019530165940523148	0.010315228253602982	-0.012031866237521172	-0.01831822842359543	0.02308613806962967	0.009085720404982567	-0.03181322664022446	0.2793915867805481	-0.0017688492080196738	0.05892465263605118	0.07263080775737762	0.43208232522010803	0.0026229172945022583	0.4252963960170746
ENSMUSG00000038876	0.0032538583036512136	-0.00025771220680326223	0.003596310270950198	0.014454938471317291	-0.026352744549512863	0.005407608114182949	0.03699193894863129	0.2889382839202881	0.008771277964115143	0.005191136617213488	-0.009816192090511322	-0.030094051733613014	0.019847474992275238	0.009632807224988937	-0.012824294157326221	0.3386417031288147	0.0067101651802659035	0.09308847784996033	0.06550297886133194	0.4872882068157196	-0.0013690191553905606	0.2864556312561035
ENSMUSG00000033323	-0.06809182465076447	-0.21746467053890228	-0.014890560880303383	-0.07434750348329544	5.338181654224172e-05	-0.0473744161427021	0.02785961702466011	-0.09863849729299545	-0.02693590149283409	-0.2560446858406067	-0.011702346615493298	-0.03674623370170593	-0.024349117651581764	-0.05425170063972473	0.00503692589700222	-0.1750120371580124	-0.08676626533269882	-0.27655282616615295	0.0873195081949234	-0.5992650985717773	0.02578134834766388	-0.4194208085536957
ENSMUSG00000035495	0.010147091001272202	0.021929586306214333	-0.0004747132188640535	0.021320665255188942	-0.015738824382424355	0.0075409142300486565	0.003452847246080637	0.30378594994544983	0.017924677580595016	0.00941486470401287	-0.012013338506221771	-0.017447231337428093	0.005924314260482788	0.012337175197899342	-0.024782337248325348	0.3393973112106323	0.0042867511510849	0.08839750289916992	0.031340520828962326	0.4081721901893616	-0.0081403199583292	0.4432089924812317
ENSMUSG00000076433	0.013450256548821926	0.03502660617232323	0.008211372420191765	0.015204484574496746	-0.0034363490995019674	-0.000327109097270295	-0.0035016327165067196	-0.040690235793590546	0.010855460539460182	0.030277490615844727	-0.013135064393281937	0.0024912827648222446	0.00499718589708209	0.012475904077291489	-0.0006616063183173537	-0.06808990240097046	0.03817500174045563	0.024046367034316063	-0.03517623990774155	0.061661265790462494	-0.005830448120832443	0.0032745706848800182
ENSMUSG00000075304	0.01131124421954155	0.03103284165263176	-0.008962880820035934	0.027393529191613197	-0.008284743875265121	0.0032268802169710398	-0.007403695955872536	0.028306566178798676	0.030329808592796326	0.03563426434993744	-0.03200647979974747	0.0013759353896602988	0.011619649827480316	0.006404780317097902	-0.056779250502586365	0.03065202198922634	0.021205665543675423	0.04000372812151909	0.07175601273775101	-0.08815863728523254	0.0425427183508873	0.0454271025955677
ENSMUSG00000051435	0.012733162380754948	0.025511104613542557	0.007366800680756569	0.002342292107641697	-0.01288890466094017	0.004544335417449474	0.0062689525075256824	0.09381347894668579	0.018111174926161766	0.02244245819747448	-0.013159073889255524	-0.011856522411108017	0.00566825270652771	0.014259874820709229	-0.02779831923544407	0.14273062348365784	0.025963537395000458	0.035360027104616165	0.012282509356737137	0.27888157963752747	-0.004600027576088905	0.08125879615545273
ENSMUSG00000023993	0.03553536534309387	0.03751716390252113	0.005563040263950825	0.010716205462813377	-0.006006140261888504	-0.005536326672881842	-0.0012300736270844936	-0.05698593705892563	0.006778054405003786	0.03236706182360649	-0.00738898292183876	0.00795015785843134	0.0024682681541889906	0.01298657525330782	0.00366643606685102	-0.022682905197143555	0.0454772524535656	0.04730091989040375	0.009695254266262054	-0.08841688185930252	-0.010170293040573597	-0.11013677716255188
ENSMUSG00000066030	0.02156263031065464	0.014307442121207714	0.002008967800065875	0.0062238071113824844	-0.002864632522687316	-0.0024823325220495462	-0.0054294997826218605	-0.09294411540031433	0.006825737189501524	0.04214656352996826	0.0013729481725022197	0.009620976634323597	0.0052172159776091576	0.009432341903448105	0.0031969761475920677	-0.05862478166818619	0.009842852130532265	0.02124127373099327	-0.0401267483830452	-0.12487703561782837	-0.007570919580757618	-0.07295166701078415
ENSMUSG00000084980	0.029186289757490158	0.0247122123837471	0.0075971572659909725	0.02969672530889511	-0.0032646318431943655	0.001284092548303306	-0.0011188319185748696	-0.05745472013950348	0.010138750076293945	0.05161985009908676	-0.00856156088411808	0.005333132576197386	0.005990098230540752	0.01886948198080063	-0.0008395654731430113	0.0017661829479038715	0.03740943968296051	0.04440492019057274	-0.004640529397875071	-0.04751911759376526	-0.0023038999643176794	-0.052633002400398254
ENSMUSG00000000739	0.02124621346592903	0.040169790387153625	0.010010536760091782	0.02195814810693264	-0.011228153482079506	0.0021243805531412363	0.0014535770751535892	-4.3220446968916804e-05	0.017233362421393394	0.03665928170084953	-0.019092226400971413	-0.006509704515337944	0.0033719786442816257	0.018358582630753517	-0.016851317137479782	0.03298855200409889	0.03603357449173927	0.04024437442421913	0.031184017658233643	0.012141484767198563	-0.0004240960697643459	0.05529056489467621
ENSMUSG00000100586	-0.018388239666819572	-0.013521355576813221	-0.004039210267364979	0.011473098769783974	0.0004286614712327719	0.002575725084170699	-0.008542334660887718	-0.07738760858774185	-0.0038494688924402	-0.014142886735498905	0.0011346107348799706	0.008869959972798824	-0.0029116838704794645	-0.007601052988320589	0.001212169649079442	-0.09107368439435959	-0.007727749180048704	-0.012197209522128105	-0.042810920625925064	-0.12994951009750366	-0.00800690334290266	-0.09508219361305237
ENSMUSG00000081166	-0.005297228693962097	-0.1524743288755417	0.0024571558460593224	-0.1096758171916008	0.004291614983230829	0.017880596220493317	-0.001850140281021595	-0.17241717875003815	-0.003858585376292467	-0.2433544546365738	0.007238416001200676	-0.02783529832959175	-0.007988529279828072	-0.08613383024930954	-0.01625760644674301	-0.16557659208774567	-0.006291412748396397	-0.24175414443016052	-0.02211674302816391	-0.6891240477561951	0.012797508388757706	-0.4795638918876648
ENSMUSG00000116709	0.01185587327927351	0.0238578412681818	0.00937610026448965	0.010631668381392956	-0.003798616584390402	-0.003559139324352145	-0.005837470293045044	-0.08691821992397308	-0.00581187242642045	0.02830505184829235	0.00024390080943703651	0.006391169968992472	-0.0012025163741782308	0.008688841946423054	-0.002827522112056613	-0.015126061625778675	0.026129083707928658	0.043530866503715515	-0.046222295612096786	-0.06876280158758163	-0.00741349533200264	-0.10165686905384064
ENSMUSG00000024897	0.007787272334098816	0.021051563322544098	0.005468307062983513	0.02011835016310215	-0.012113838456571102	0.0014814878813922405	0.003400905057787895	0.2109437882900238	0.010343801230192184	0.017085250467061996	-0.012347059324383736	-0.027688870206475258	0.0026007252745330334	0.020208418369293213	-0.021855013445019722	0.27598893642425537	0.018359148874878883	0.05121423676609993	-0.015435630455613136	0.24141579866409302	-0.006799334194511175	0.14455878734588623
ENSMUSG00000071256	0.008962057530879974	0.01814751885831356	-0.008010431192815304	0.0031233320478349924	-0.017474235966801643	0.0043454780243337154	0.019338972866535187	0.24642615020275116	0.021540265530347824	0.009971964173018932	-0.01907610520720482	-0.025471728295087814	0.01735607162117958	0.00995402131229639	-0.035769399255514145	0.28844979405403137	-4.62616044387687e-05	0.06592744588851929	0.06490345299243927	0.3668656051158905	0.0008928899187594652	0.31258124113082886
ENSMUSG00000002635	0.010614465922117233	0.02809746563434601	-0.001497806515544653	0.015840686857700348	-0.01833326183259487	0.009992100298404694	0.009568443521857262	0.23080329596996307	0.020649924874305725	0.017522206529974937	-0.008081200532615185	-0.016182921826839447	0.006689437199383974	0.00971029419451952	-0.020733706653118134	0.2745307981967926	0.0005870668101124465	0.06306783854961395	0.06247183680534363	0.41085579991340637	-0.004562121815979481	0.4545474350452423
ENSMUSG00000114790	0.020658347755670547	0.043693069368600845	0.004776224959641695	-0.00196331599727273	-0.0064522214233875275	0.00011466879368526861	-0.004876414779573679	-0.07959107309579849	0.008271056227385998	0.0518367774784565	-0.005957239307463169	0.008884366601705551	0.00462452694773674	0.002604618901386857	-0.001130676711909473	-0.026873910799622536	0.019882895052433014	0.03556224703788757	-0.02593943290412426	-0.10495404899120331	-0.006097333040088415	-0.086253821849823
ENSMUSG00000025983	0.007694454398006201	0.03346667438745499	0.0041169277392327785	-0.0011507150484248996	-0.016345852985978127	0.007577781565487385	0.0019198977388441563	0.16318081319332123	0.010697816498577595	0.017273496836423874	-0.013960404321551323	-0.015043879859149456	0.003922496922314167	0.015181346796452999	-0.014587786048650742	0.278408408164978	0.018537264317274094	0.046381235122680664	-0.008067889139056206	0.20655500888824463	-0.006716617848724127	0.20707647502422333
ENSMUSG00000075517	0.026466019451618195	0.040650539100170135	0.004690221510827541	0.018413681536912918	-0.004826419521123171	-2.1872435809200397e-06	-0.003990285564213991	-0.06550290435552597	0.012521360069513321	0.04975366219878197	-0.012307392433285713	0.013208430260419846	0.005345527548342943	0.01155337318778038	-0.006137094460427761	0.02021048031747341	0.033303555101156235	0.06090012565255165	-0.044593553990125656	-0.16189834475517273	-0.006782752461731434	-0.08463918417692184
ENSMUSG00000038591	0.012755380012094975	0.018417587503790855	0.0006154782604426146	0.01923290640115738	-0.003752824617549777	0.0006181885837577283	-0.00410726061090827	-0.0790148377418518	0.002734844107180834	0.04746292158961296	0.0016152842435985804	0.00970321986824274	0.006292745005339384	0.004522255156189203	0.0003799741098191589	-0.08110997080802917	0.018214337527751923	0.042282167822122574	-0.04861145839095116	-0.10109519213438034	-0.007821999490261078	-0.06767860054969788
ENSMUSG00000106367	0.013390197418630123	-0.060495972633361816	-0.0006873745587654412	-0.02453385293483734	-0.007012724876403809	0.027263836935162544	-0.004633761942386627	-0.18045665323734283	-0.001436569495126605	-0.1133197620511055	-0.0036689641419798136	0.004755030386149883	0.0020353698637336493	-0.028849050402641296	0.0059292931109666824	-0.10440599173307419	0.021378902718424797	-0.12194566428661346	-0.03626571595668793	-0.4962860941886902	-0.009996181353926659	-0.3125990629196167
ENSMUSG00000116881	0.0061055319383740425	0.007179826032370329	0.039410293102264404	-0.015266405418515205	-0.0009236573241651058	-0.0071122958324849606	-0.01266642939299345	-0.06218196451663971	-0.006716837175190449	-0.029375120997428894	0.05778975412249565	0.004335620906203985	-0.0049953581765294075	0.019235916435718536	-0.013477028347551823	-0.23161567747592926	-0.01081559993326664	-0.0066126505844295025	-0.048417653888463974	-0.06700819730758667	-0.012155789881944656	-0.0736008882522583
ENSMUSG00000053091	0.010163640603423119	0.01362733356654644	0.001687838463112712	0.02482941374182701	-0.01066000945866108	0.009047621861100197	0.0015487783821299672	0.30939754843711853	0.003813080256804824	0.010242082178592682	-0.013941846787929535	-0.0238143652677536	0.0024038078263401985	0.018501782789826393	-0.012246041558682919	0.3479132354259491	0.012275630608201027	0.07030294090509415	-0.0003217004123143852	0.2789243757724762	-0.00836933869868517	0.37070319056510925
ENSMUSG00000048534	0.029013872146606445	0.04649502784013748	0.006880532950162888	0.023987483233213425	-0.0012046289630234241	-0.0008699104655534029	-0.0020436912309378386	-0.06112426891922951	0.006679922342300415	0.014881432987749577	-0.0026804045774042606	0.009836583398282528	0.003393861697986722	0.003567196661606431	0.001905638724565506	-0.07781495153903961	0.027573226019740105	0.025517040863633156	-0.035676635801792145	-0.1483880579471588	-0.007447340991348028	-0.09823809564113617
ENSMUSG00000112988	0.01598297245800495	0.03482270613312721	0.005550683941692114	0.015146119520068169	-0.0006990961846895516	-0.003964544273912907	-0.006405287887901068	-0.07149418443441391	0.010243577882647514	0.03226900473237038	-0.002060643630102277	0.008991033770143986	0.004502417519688606	-0.0008011507452465594	-0.005064861383289099	-0.010812200605869293	0.015291165560483932	0.07264009118080139	-0.06300688534975052	-0.12378642708063126	-0.006627192720770836	-0.11136899143457413
ENSMUSG00000085352	0.006323264446109533	0.010609091259539127	-0.000930925365537405	0.0007951163570396602	-0.008051971904933453	0.005977639462798834	-0.012036660686135292	-0.02389860898256302	3.9532576920464635e-05	0.016070345416665077	-0.0038992958143353462	-0.0029526352882385254	-0.0018595398869365454	0.010082664899528027	-1.2199954653624445e-05	-0.011309303343296051	0.0030452217906713486	0.0076290457509458065	-0.0034244852140545845	0.16772019863128662	-0.002069740556180477	0.10245123505592346
ENSMUSG00000031131	-0.012767225503921509	0.016305290162563324	-0.006949404254555702	-0.0017048099543899298	0.005477190483361483	-0.005449699703603983	-0.013992798514664173	-0.08275816589593887	-0.019794806838035583	0.005060060415416956	0.010681476444005966	0.00744730606675148	-0.01081377174705267	-0.057888031005859375	-0.0032982516568154097	-0.0715324804186821	-0.0014169220812618732	-0.03496454283595085	-0.041746195405721664	-0.010388026013970375	-0.011382498778402805	-0.11104696244001389
ENSMUSG00000047976	0.007532485760748386	0.014239552430808544	0.0007751925149932504	0.011267692781984806	-0.014805223792791367	0.0012987412046641111	0.0077754235826432705	0.09941985458135605	0.01344167347997427	0.011344606988132	-0.028696313500404358	-0.0002925800799857825	0.009012395516037941	0.012374330312013626	-0.03663887083530426	0.08477918803691864	0.025837669149041176	0.054133057594299316	0.016561327502131462	-0.0024268808774650097	0.0012830895138904452	0.0571477897465229
ENSMUSG00000031540	0.009761817753314972	0.00709438044577837	-0.004448426887392998	0.029227914288640022	-0.025758668780326843	0.006136673036962748	0.017673654481768608	0.28517788648605347	0.019030746072530746	0.005734139122068882	-0.015031992457807064	-0.028317250311374664	0.01981397531926632	0.012429489754140377	-0.02767268382012844	0.3387703001499176	0.0035085759591311216	0.07600758969783783	0.03801568225026131	0.412448912858963	-0.006236017215996981	0.39877063035964966
ENSMUSG00000015536	0.009501736611127853	0.01437467336654663	0.0022551300935447216	0.012284747324883938	-0.010343095287680626	0.007292733062058687	-0.0010737958364188671	0.22792339324951172	0.005816497839987278	0.011337160132825375	-0.01246106717735529	-0.019136324524879456	0.002571478486061096	0.016599785536527634	-0.01755720190703869	0.2789730727672577	0.012205987237393856	0.04925436154007912	0.021139027550816536	0.23805953562259674	-0.008017673157155514	0.18322736024856567
ENSMUSG00000099633	-0.10803068429231644	-0.22050966322422028	-0.026485972106456757	-0.05192337557673454	-0.0328693650662899	-0.07932398468255997	0.025736751034855843	-0.1055631935596466	-0.04727441817522049	-0.22943781316280365	-0.01883648708462715	-0.014530365355312824	-0.013789267279207706	-0.02652907930314541	0.04801816865801811	-0.24066951870918274	-0.16050326824188232	-0.27358344197273254	0.2254774421453476	-0.6104251742362976	-0.00779779814183712	-0.41069161891937256
ENSMUSG00000090145	0.01727735437452793	0.01597221940755844	0.008642639964818954	0.023250631988048553	-0.003794571151956916	0.0011697841109707952	-0.0023451391607522964	-0.07910224795341492	0.008180500939488411	0.03282196447253227	-0.007801147177815437	0.004780226852744818	0.002222456969320774	0.013230662792921066	-0.006960609462112188	0.029345612972974777	0.02450689487159252	0.04564087837934494	-0.023526905104517937	-0.11095967888832092	-0.005894024856388569	-0.09455299377441406
ENSMUSG00000030500	0.006034735590219498	0.03360074758529663	0.0002875321079045534	-0.00059116369811818	-0.006413942668586969	0.006462238263338804	-0.0023900081869214773	0.002402480458840728	-0.0018790299072861671	0.028401827439665794	-0.002749260049313307	-0.006241414695978165	-0.00149237469304353	0.017502492293715477	-0.009040592238307	-0.03326811641454697	0.0216828566044569	0.04292980581521988	-0.03481017053127289	0.04506414756178856	-0.006166089326143265	0.028198957443237305
ENSMUSG00000020910	0.00797215849161148	0.013497144915163517	-0.009059295989573002	0.033140361309051514	-0.02890162542462349	0.0037128108087927103	0.02592843770980835	0.27922120690345764	0.021184077486395836	0.008437801152467728	-0.01762387342751026	-0.02334609441459179	0.0203683003783226	0.010796589776873589	-0.030660290271043777	0.31360942125320435	-0.0008408628636971116	0.07008905708789825	0.0740409716963768	0.36950504779815674	0.0019380978774279356	0.3473389744758606
ENSMUSG00000116665	0.015807820484042168	0.021416502073407173	0.005421876907348633	0.02497974783182144	-0.00018519874720368534	0.0018265396356582642	-0.0024130460806190968	-0.06470467150211334	0.016772398725152016	0.04675831273198128	-0.0056717414408922195	0.0037553696893155575	0.0010963123058900237	0.011765191331505775	-0.005990239325910807	-0.017135165631771088	0.022474050521850586	0.049755558371543884	-0.040625620633363724	-0.1541811227798462	-0.0057268403470516205	-0.058982353657484055
ENSMUSG00000086805	0.017540814355015755	0.03570185974240303	0.00826483964920044	0.0200880765914917	-0.011497309431433678	0.005126131232827902	0.003017136827111244	0.04172524809837341	0.01786906272172928	0.03828376159071922	-0.01853889226913452	-0.01784755289554596	0.0009767896262928843	0.014049060642719269	-0.025368835777044296	0.07809120416641235	0.03205031156539917	0.050913676619529724	0.024179043248295784	0.08450013399124146	-0.0014895369531586766	-0.03328294679522514
ENSMUSG00000007836	0.0015523694455623627	0.00765566062182188	-0.00598151795566082	0.048452749848365784	-0.011190452612936497	0.0021172952838242054	0.10289400070905685	0.27648982405662537	0.014774174429476261	-0.0012495041592046618	-0.012767314910888672	-0.039546482264995575	0.03953118622303009	0.001021595555357635	-0.0032255344558507204	0.2460968941450119	-0.0053530060686171055	0.08711759746074677	0.09873495995998383	0.6411241292953491	0.07221370935440063	0.5029234290122986
ENSMUSG00000037353	-0.10803068429231644	-0.22050966322422028	-0.026485972106456757	-0.05192337557673454	-0.0328693650662899	-0.07932398468255997	0.025736751034855843	-0.1055631935596466	-0.04727441817522049	-0.22943781316280365	-0.01883648708462715	-0.014530365355312824	-0.013789267279207706	-0.02652907930314541	0.04801816865801811	-0.24066951870918274	-0.16050326824188232	-0.27358344197273254	0.2254774421453476	-0.6104251742362976	-0.00779779814183712	-0.41069161891937256
ENSMUSG00000107144	0.013806680217385292	0.02563559263944626	0.011580999940633774	0.03738066926598549	-0.00060603569727391	-0.001708502764813602	-0.0037075867876410484	-0.06599631905555725	0.008970465511083603	0.03822137042880058	-0.0004298134590499103	0.008238661102950573	0.0006777606322430074	0.0221917312592268	2.9594135412480682e-05	-0.05465139448642731	0.024202292785048485	0.04766726866364479	-0.03777635097503662	-0.13420431315898895	-0.006944407243281603	-0.09045186638832092
ENSMUSG00000020660	0.01262054592370987	0.028133513405919075	-0.005570703186094761	0.019955486059188843	-0.009742320515215397	0.0004339022561907768	0.012320968322455883	0.01738089509308338	0.01097277645021677	0.022544315084815025	-0.023944737389683723	0.004494153894484043	0.012366977520287037	0.010783043690025806	-0.03832424804568291	3.0347369829542004e-05	0.02675568126142025	0.05052084103226662	0.0864810198545456	0.05552269145846367	0.049947649240493774	0.0046343435533344746
ENSMUSG00000055561	0.006513329688459635	0.018461063504219055	-0.0026054016780108213	-0.017234377562999725	-0.0038942035753279924	-0.003011538414284587	-0.008204023353755474	-0.07031000405550003	-0.0017900260863825679	0.02611284889280796	-0.0008637257851660252	0.006982587743550539	0.0010847781086340547	0.007535737939178944	-0.0020192100200802088	-0.06364601850509644	0.010068540461361408	0.012936890125274658	-0.044587720185518265	-0.07885463535785675	-0.007324772421270609	-0.06900748610496521
ENSMUSG00000105152	0.0025859130546450615	0.016884546726942062	0.00405229302123189	0.014900662004947662	0.0014251673128455877	-0.0014669746160507202	-0.003901109332218766	-0.07099178433418274	0.01009814627468586	0.05576598271727562	-0.01569340191781521	0.004912688862532377	0.002669233363121748	0.014358214102685452	0.0013144392287358642	-0.03027302771806717	0.028268342837691307	0.033432040363550186	-0.03378693759441376	-0.07132493704557419	-0.006997153162956238	-0.038535114377737045
ENSMUSG00000021668	0.007586341351270676	0.014974601566791534	0.0007676130044274032	0.021471790969371796	-0.022399043664336205	0.00501645915210247	0.0018693675519898534	0.30587437748908997	0.005566412582993507	0.009606622159481049	-0.008176767267286777	-0.027102231979370117	0.008874802850186825	0.01542133092880249	-0.01302129402756691	0.352018803358078	0.009912104345858097	0.07483881711959839	0.018970446661114693	0.31528183817863464	-0.00960450991988182	0.38272544741630554
ENSMUSG00000024993	0.008255749009549618	0.021304991096258163	0.002325131557881832	0.022590365260839462	-0.018446626141667366	-0.0004268748452886939	-0.0015621258644387126	0.20660215616226196	0.006749582476913929	0.013252404518425465	-0.014052019454538822	-0.029914703220129013	0.004186658188700676	0.01772935688495636	-0.015841268002986908	0.2961444854736328	0.01135294884443283	0.0697147473692894	0.03284701332449913	0.2781645655632019	-0.007553062867373228	0.2539342939853668
ENSMUSG00000028599	0.011197930201888084	0.03202512115240097	0.005837765522301197	0.01902194321155548	-0.013648658990859985	0.007878514938056469	0.0062754275277256966	0.16505494713783264	0.017045261338353157	0.01555682998150587	-0.01744883693754673	-0.009868258610367775	0.007311754859983921	0.017037054523825645	-0.024672050029039383	0.22551892697811127	0.02623017318546772	0.059112776070833206	0.014680972322821617	0.19736623764038086	-0.00646032253280282	0.08862624317407608
ENSMUSG00000096318	-0.03280256688594818	0.0105791250243783	-0.0055177826434373856	-0.0704813003540039	0.022020434960722923	0.009097215719521046	-0.008253415115177631	-0.09097546339035034	-0.008013930171728134	-0.052306462079286575	0.0040397634729743	0.01648641936480999	0.029242081567645073	-0.016931680962443352	-0.009028703905642033	-0.18055644631385803	-0.08252713829278946	-0.22185583412647247	-0.032426320016384125	-0.3694271445274353	0.027546076104044914	-0.20489484071731567
ENSMUSG00000103411	0.00663932878524065	-0.002549725817516446	-0.00936082936823368	0.00022276891104411334	-0.0033704086672514677	0.001007850980386138	-0.03380832076072693	-0.08819123357534409	-0.013340299017727375	0.011805230751633644	0.006975906901061535	0.015327109023928642	0.005992503371089697	-0.005994969513267279	0.07977651804685593	-0.06820240616798401	-0.015544786117970943	-0.03265519067645073	-0.02219489961862564	-0.12000932544469833	-0.013208292424678802	-0.04139572009444237
ENSMUSG00000047441	0.021420544013381004	0.04313746839761734	0.005345783196389675	0.01863621547818184	0.0003627784608397633	-0.0024074276443570852	-0.001273072906769812	-0.05298309400677681	0.011575249023735523	0.0449359267950058	-0.00023132385103963315	0.00541686313226819	0.002195804612711072	-0.00016876598238013685	-0.002770288847386837	-0.037856463342905045	0.02460608445107937	0.03573920950293541	-0.049709245562553406	-0.2231501191854477	-0.006203934084624052	-0.08887921273708344
ENSMUSG00000111514	0.024278026074171066	0.04295086860656738	0.011089594103395939	0.020494086667895317	-0.008857110515236855	0.001273364177905023	0.002829962410032749	0.000496386201120913	0.01760532706975937	0.05099361762404442	-0.015829192474484444	0.0026574167422950268	0.005432107485830784	0.009420964866876602	-0.007542580831795931	-0.0025554834865033627	0.03890235722064972	0.02664506435394287	0.05786776542663574	0.034266114234924316	0.004246127791702747	-0.07224506139755249
ENSMUSG00000111982	0.003474363125860691	0.015907758846879005	-0.007253094110637903	0.02332131564617157	-0.0023860090877860785	0.002863585017621517	-0.009112853556871414	-0.07038777321577072	0.002509965095669031	0.03648822382092476	-0.0018272288143634796	0.005297739524394274	0.006548216566443443	0.013208311051130295	-0.003494365606456995	0.0031995398458093405	0.015420815907418728	0.018107734620571136	-0.04364422708749771	-0.024519057944417	-0.00367685011588037	-0.01608503982424736
ENSMUSG00000042406	-0.0001873290166258812	0.016745805740356445	-0.04187902435660362	0.034486323595047	-0.01871994324028492	0.007257972378283739	0.12342651188373566	0.18212243914604187	0.05137406289577484	0.004089434631168842	-0.007536284159868956	-0.027745239436626434	0.04903889819979668	-0.0078064920380711555	-0.04551856219768524	0.18968944251537323	-0.026115782558918	0.09066438674926758	0.07817856967449188	0.6020076870918274	0.1374983787536621	0.447382390499115
ENSMUSG00000099973	-0.022162578999996185	-0.08918630331754684	-0.005489985458552837	-0.04740980640053749	0.0150519497692585	-0.004665047395974398	-0.0009014605893753469	-0.09214861690998077	-0.02905634418129921	-0.04218326508998871	0.002574233105406165	0.010900353081524372	-0.03593962639570236	-0.031196407973766327	0.005198272876441479	-0.13326013088226318	-0.08981826156377792	-0.20919756591320038	-0.04378847777843475	-0.3341963589191437	-0.00957300141453743	-0.2513173520565033
ENSMUSG00000028435	0.0092560313642025	0.020735232159495354	-0.002356002340093255	0.024207348003983498	-0.015059513039886951	0.007881863974034786	0.031428202986717224	0.13621288537979126	0.027014555409550667	0.014323445968329906	0.0003785433655139059	-0.023223817348480225	0.006516959518194199	0.009444263763725758	-0.028898561373353004	0.11178150773048401	0.0017928624292835593	0.052936721593141556	0.0812305361032486	0.4893960654735565	0.006731763016432524	0.15626487135887146
ENSMUSG00000052446	0.006794043816626072	0.019832730293273926	-0.011281000450253487	0.023945925757288933	-0.0236843042075634	0.007078596856445074	0.028971297666430473	0.26318103075027466	0.021178696304559708	0.011274691671133041	-0.014280089177191257	-0.02108057774603367	0.02561846934258938	0.008130179718136787	-0.03463136404752731	0.28289034962654114	-0.005749809555709362	0.06764652580022812	0.09173993766307831	0.44779136776924133	0.009674886241555214	0.321903795003891
ENSMUSG00000086736	-0.007150974124670029	-0.00885576382279396	-0.003566569648683071	-0.014253104105591774	0.008037597872316837	-0.009100669994950294	-0.020609132945537567	-0.024995066225528717	-0.02462216094136238	0.008419663645327091	0.030927810817956924	0.004911663010716438	-0.00272381235845387	-0.009263407438993454	-0.00010887940152315423	-0.026251358911395073	0.0021701809018850327	-0.01110254880040884	-0.0065002660267055035	-0.07059350609779358	-0.012276101857423782	-0.10363051295280457
ENSMUSG00000118028	0.01862284354865551	0.03676284849643707	0.0063063884153962135	-0.005259118042886257	-0.003789105685427785	-0.0021223751828074455	-0.006012218073010445	-0.07323869317770004	0.00871482864022255	0.045652732253074646	0.002166692866012454	0.00666930852457881	0.0038155498914420605	0.010306276381015778	-0.0005436671781353652	-0.01955459639430046	0.026161953806877136	0.0017270706593990326	-0.044896163046360016	-0.07904540747404099	-0.006775614805519581	-0.04321007803082466
ENSMUSG00000068246	0.03171853721141815	0.044786322861909866	0.00838577188551426	0.02806931734085083	-0.006066270638257265	-0.0007100419024936855	-0.001295461319386959	-0.058618977665901184	0.009760599583387375	0.0623466819524765	-0.0058272723108530045	0.00997137650847435	0.0045952158980071545	0.019574619829654694	0.0027413854841142893	-0.034418728202581406	0.03268750384449959	0.04919876530766487	-0.030632447451353073	-0.10607659071683884	-0.0057920427061617374	-0.04534799978137016
ENSMUSG00000099468	0.02436198480427265	0.0206418726593256	0.009644703939557076	0.034249234944581985	0.00317192729562521	-0.0034354457166045904	-0.003004040801897645	-0.057959578931331635	0.0007491597789339721	0.06468501687049866	-0.00751963397487998	0.008073647506535053	0.0032426281832158566	0.024635205045342445	0.007316004019230604	-0.07129978388547897	0.0326809324324131	0.0314604714512825	-0.03440294787287712	-0.13283270597457886	-0.006312355399131775	-0.08053967356681824
ENSMUSG00000018909	0.010846381075680256	0.02318297140300274	0.00712422002106905	0.01595720276236534	-0.011857441626489162	0.0068907467648386955	0.0062287114560604095	0.11052744835615158	0.013063689693808556	0.026580970734357834	-0.014705602079629898	-0.015772081911563873	0.0028112756554037333	0.01976580172777176	-0.027745526283979416	0.13254085183143616	0.02863888256251812	0.050270579755306244	-0.0007982823299244046	0.15375380218029022	-0.0057992879301309586	0.1344359666109085
ENSMUSG00000037705	0.021270180121064186	0.015688713639974594	0.011130970902740955	0.02155497297644615	-0.0007397293229587376	0.0009621212375350296	-0.0019931660499423742	-0.05785614997148514	0.008470806293189526	0.04086622595787048	-0.0054411012679338455	0.0024878578260540962	0.0030187154188752174	0.012261458672583103	-0.0006221855292096734	-0.06615528464317322	0.025554368272423744	0.06152597442269325	-0.04282871261239052	-0.06920672208070755	-0.007222783751785755	-0.013886991888284683
ENSMUSG00000103213	0.009777292609214783	0.03631003946065903	0.018444927409291267	0.016675325110554695	-0.011808343231678009	-0.0022871075198054314	-0.0010548256104812026	-0.03410463035106659	0.016438793390989304	0.04154859855771065	-0.01643742062151432	0.006879061460494995	0.001552908099256456	0.014962907880544662	-0.00579802505671978	0.030352888628840446	0.03479304909706116	0.03572117164731026	0.032591890543699265	-0.06147008761763573	-0.0031415317207574844	0.014836293645203114
ENSMUSG00000072774	0.01000313088297844	0.023811735212802887	0.00205241609364748	0.008672977797687054	-0.01628854125738144	0.006324268411844969	0.002688528038561344	0.1621333360671997	0.013358362019062042	0.010917815379798412	-0.013277904130518436	-0.014164818450808525	0.007303706370294094	0.00877686683088541	-0.01608518697321415	0.21258443593978882	0.017343131825327873	0.02847754955291748	0.016380077227950096	0.20821887254714966	-0.005985843949019909	0.2661358714103699
ENSMUSG00000045709	0.011350801214575768	0.027623983100056648	0.004291707184165716	0.013464572839438915	-0.019888872280716896	0.009227335453033447	0.01108443271368742	0.15728449821472168	0.016133438795804977	0.017605094239115715	-0.013966730795800686	-0.01091868057847023	0.0008777909679338336	0.016649411991238594	-0.008833623491227627	0.25831541419029236	0.020208926871418953	0.052194949239492416	0.033908504992723465	0.2791198492050171	-0.005926234647631645	0.20680633187294006
ENSMUSG00000114014	0.016574082896113396	0.03433309867978096	0.010000692680478096	0.017432240769267082	-0.0034242733381688595	0.00038693685200996697	-0.002240291330963373	-0.055173810571432114	0.014817365445196629	0.05347670614719391	-0.0084737129509449	0.005054588429629803	-0.001728930976241827	0.009153817780315876	-0.005321577191352844	-0.004612634424120188	0.037735577672719955	0.02852434664964676	0.0004030209092888981	-0.048392243683338165	-0.004851521924138069	-0.008863064460456371
ENSMUSG00000020680	0.003979669418185949	0.017407529056072235	-0.002639294369146228	0.03899723291397095	-0.022532420232892036	0.010190858505666256	0.03132997825741768	0.2826893925666809	0.009302094578742981	0.009712746366858482	-0.004387787543237209	-0.030626950785517693	0.027184169739484787	0.004595691338181496	-0.021648041903972626	0.2832607924938202	-0.006227150559425354	0.07014372199773788	0.06914575397968292	0.5411742925643921	0.007349918596446514	0.48503226041793823
ENSMUSG00000085862	0.006416622549295425	0.0029297498986124992	0.0006789477192796767	0.02560010738670826	-0.015847962349653244	0.008532857522368431	-0.010911650955677032	0.2801542282104492	0.005923441145569086	0.005777979269623756	-0.005763511173427105	-0.017924413084983826	0.0049437726847827435	0.013311421498656273	-0.007749268319457769	0.3216751217842102	0.006862360052764416	0.0567663200199604	-0.009592938236892223	0.4685231149196625	-0.008017471991479397	0.366119921207428
ENSMUSG00000031137	-0.007479722611606121	-0.0010640141554176807	-0.0049505289644002914	0.008568108081817627	0.015054523944854736	-0.009681062772870064	-0.01011561043560505	0.12933456897735596	-0.02234433963894844	0.008536712266504765	0.008121687918901443	-0.015074709430336952	-0.012199725024402142	0.020305080339312553	0.0065271733328700066	0.04333494231104851	0.0019547431729733944	0.040238283574581146	-0.023747436702251434	0.12410750985145569	-0.009118443354964256	-0.05036118999123573
ENSMUSG00000103305	0.016795974224805832	0.024588672444224358	0.001431287731975317	0.012285527773201466	8.30868066259427e-06	-0.002621272811666131	-0.007505104411393404	-0.08612298220396042	0.007585451472550631	0.04863692447543144	-0.00010034794104285538	0.009344596415758133	0.00032773896236903965	-0.006358184851706028	-0.0030903334263712168	-0.010119042359292507	0.012056373059749603	0.015740476548671722	-0.04953461140394211	-0.1534709930419922	-0.006881596986204386	-0.08163010329008102
ENSMUSG00000033948	0.009947127662599087	0.014764026738703251	0.002123829210177064	0.022470703348517418	-0.023238053545355797	0.0012051041703671217	0.0006208136328496039	0.2659488916397095	0.013745741918683052	0.012285959906876087	-0.018459701910614967	-0.031093666329979897	0.010531667619943619	0.01854061521589756	-0.018174616619944572	0.33337637782096863	0.015314077958464622	0.059875573962926865	0.015248367562890053	0.20110662281513214	-0.009109736420214176	0.2774732708930969
ENSMUSG00000037525	0.001982477493584156	0.016408704221248627	-0.015494641847908497	0.03655499964952469	-0.019198432564735413	0.008062603883445263	0.07033221423625946	0.20848588645458221	0.034574493765830994	0.009587176144123077	-0.0014697376172989607	-0.030750902369618416	0.037537142634391785	0.00026373344007879496	-0.04860125109553337	0.20568305253982544	-0.0312162134796381	0.060046128928661346	0.0851965844631195	0.5451372861862183	0.0568072572350502	0.3071226477622986
ENSMUSG00000031831	0.011385886929929256	0.02052515745162964	-0.0020906305871903896	0.01396508701145649	-0.024708157405257225	0.006322189699858427	0.010585499927401543	0.21454308927059174	0.017325662076473236	0.017104893922805786	-0.02134951576590538	-0.029388774186372757	0.014765573665499687	0.014775024726986885	-0.02998827025294304	0.25802403688430786	0.014407806098461151	0.04851686954498291	0.05821818485856056	0.266592413187027	-0.0031907344236969948	0.3229331076145172
ENSMUSG00000089682	0.0034217420034110546	-0.007461000233888626	-0.0036195972934365273	-0.0066821519285440445	0.005588971544057131	-0.010195114649832249	0.061573222279548645	0.22463755309581757	-0.011707769706845284	0.0036337331403046846	-0.0011288980022072792	0.004370512440800667	0.024511363357305527	0.010565333068370819	-0.012755941599607468	0.2706608176231384	0.001032913220115006	-0.013713938184082508	0.028347738087177277	0.19634118676185608	0.0013707210309803486	0.21999749541282654
ENSMUSG00000117560	0.025279127061367035	-0.011241164058446884	0.005407196935266256	-0.022229483351111412	-0.010443976148962975	-0.0034217911306768656	-0.009374585933983326	-0.07802942395210266	0.007946851663291454	0.025922449305653572	-0.011757967062294483	0.012228119187057018	0.009317886084318161	0.004334471188485622	0.011411291547119617	-0.07711663097143173	0.03898581117391586	0.010300908237695694	0.016824638471007347	-0.21481437981128693	-0.014381548389792442	-0.10432717204093933
ENSMUSG00000090175	0.017527399584650993	0.04247849062085152	0.008441565558314323	0.017946191132068634	-0.003870260203257203	-0.0005323312361724675	-0.002408119384199381	-0.06666121631860733	0.007759333122521639	0.035025455057621	-0.007457193918526173	0.00744115374982357	0.0022332479711622	0.01413397304713726	-0.005886559374630451	0.00022449549578595906	0.02510538510978222	0.047384098172187805	-0.024344995617866516	-0.06911943852901459	-0.006094604730606079	-0.04181190952658653
ENSMUSG00000025728	0.020966939628124237	0.018506944179534912	0.005741663742810488	0.019758351147174835	-0.007091232109814882	-0.00333352480083704	0.0023528242018073797	-0.042948316782712936	0.010815897025167942	0.0013193306513130665	-0.013607393950223923	0.011648164130747318	0.0038312862161546946	-0.006129647605121136	-0.004901382140815258	-0.07287430763244629	0.035574644804000854	0.012356476858258247	0.04997241869568825	-0.0559067539870739	-0.0033387048169970512	-0.05650030076503754
ENSMUSG00000056184	0.05002719536423683	0.022092275321483612	0.0015294839395210147	0.04329681396484375	-0.00641975412145257	0.0007880948251113296	-0.010724104940891266	-0.043238814920186996	0.011171967722475529	0.056744255125522614	-0.00641922652721405	0.010182547383010387	0.005305901635438204	0.012105421163141727	0.01991802640259266	-0.09324652701616287	0.026131723076105118	0.043231893330812454	-0.03304588794708252	-0.13351117074489594	-0.007457307539880276	-0.0408046692609787
ENSMUSG00000097211	0.020710116252303123	0.021592985838651657	0.011915277689695358	0.017596106976270676	-0.004681968595832586	-0.0019367621280252934	-0.0016851432155817747	-0.04406782612204552	0.010541360825300217	0.054075345396995544	-0.007545223459601402	-0.0007205228321254253	0.0028055973816663027	0.01168888434767723	-0.00286863069050014	-0.025934243574738503	0.02718948759138584	0.04692458733916283	0.008463756181299686	0.024117624387145042	-0.004071610979735851	-0.008681363426148891
ENSMUSG00000037499	0.008715791627764702	0.021922359243035316	0.0012854842934757471	0.016929365694522858	-0.015490111894905567	0.003346711164340377	0.014532818458974361	0.16479608416557312	0.01676524430513382	0.01479455828666687	-0.01667620986700058	-0.0199102945625782	0.01110679842531681	0.014721044339239597	-0.03012971580028534	0.2738576829433441	0.017118312418460846	0.05030008777976036	0.047723542898893356	0.27396872639656067	-0.00240135844796896	0.0930897444486618
ENSMUSG00000037808	0.004836803302168846	0.020199568942189217	-0.0025003626942634583	0.04056396335363388	-0.017963292077183723	0.010207797400653362	0.016830528154969215	0.3081386089324951	0.004141445737332106	0.011876093223690987	-5.387094461184461e-06	-0.016826581209897995	0.013493180274963379	0.008427794091403484	-0.001785698113963008	0.3029231131076813	0.00019823366892524064	0.08852412551641464	0.040789104998111725	0.5633254647254944	-0.0036196850705891848	0.4929935336112976
ENSMUSG00000035873	0.007932750508189201	0.015122707933187485	-0.004680725745856762	0.026188915595412254	-0.024819329380989075	0.006816155277192593	0.020838961005210876	0.25522753596305847	0.01964768022298813	0.009267289191484451	-0.011344789527356625	-0.026110045611858368	0.020480632781982422	0.00997738353908062	-0.03199828416109085	0.27581992745399475	-0.0018156361766159534	0.07343241572380066	0.0463486947119236	0.4481777846813202	-0.001288115861825645	0.38765957951545715
ENSMUSG00000094932	-0.10803068429231644	-0.22050966322422028	-0.026485972106456757	-0.05192337557673454	-0.0328693650662899	-0.07932398468255997	0.025736751034855843	-0.1055631935596466	-0.04727441817522049	-0.22943781316280365	-0.01883648708462715	-0.014530365355312824	-0.013789267279207706	-0.02652907930314541	0.04801816865801811	-0.24066951870918274	-0.16050326824188232	-0.27358344197273254	0.2254774421453476	-0.6104251742362976	-0.00779779814183712	-0.41069161891937256
ENSMUSG00000017724	0.006219052243977785	0.023146238178014755	-0.011189672164618969	0.03257055580615997	-0.01790168695151806	0.007303689140826464	0.036754775792360306	0.20092403888702393	0.02590399794280529	0.012289699167013168	-0.007873237133026123	-0.024872921407222748	0.023207347840070724	0.006242575589567423	-0.03816352039575577	0.22789578139781952	-0.01258838176727295	0.06844663619995117	0.07629527151584625	0.5345406532287598	0.014905478805303574	0.38460808992385864
ENSMUSG00000031897	0.011564505286514759	0.030678551644086838	-0.01785779930651188	0.02337787114083767	-0.013877114281058311	-0.00020555255468934774	-0.0011702633928507566	0.04929865524172783	0.01658051647245884	0.02659851312637329	-0.04364793747663498	-0.009444497525691986	0.016999632120132446	0.014441623352468014	-0.06586568057537079	0.04787668585777283	0.022306688129901886	0.026470325887203217	0.13206501305103302	0.21556879580020905	0.06031552329659462	0.1068841740489006
ENSMUSG00000024182	0.010318084619939327	0.016187774017453194	0.0027217536699026823	0.0048894030041992664	-0.01691402494907379	0.005127129144966602	0.006374843884259462	0.21692438423633575	0.01573752425611019	0.01635674014687538	-0.018588216975331306	-0.027742775157094002	0.009174005128443241	0.016815604642033577	-0.023703964427113533	0.29746299982070923	0.018453054130077362	0.05785801261663437	0.02599276602268219	0.19708839058876038	-0.007874545641243458	0.26088669896125793
ENSMUSG00000034973	0.006129524204879999	0.020496265962719917	0.002478556241840124	0.01796475611627102	-0.01827705092728138	0.004741318989545107	-0.00515641737729311	0.180395245552063	0.007472072262316942	0.012326006777584553	-0.006583684124052525	-0.020156556740403175	0.005871067754924297	0.014894208870828152	-0.014042980968952179	0.21927410364151	0.012835248373448849	0.05755668133497238	0.024537386372685432	0.33243343234062195	-0.006863027345389128	0.26266029477119446
ENSMUSG00000101099	-0.10803068429231644	-0.22050966322422028	-0.026485972106456757	-0.05192337557673454	-0.0328693650662899	-0.07932398468255997	0.025736751034855843	-0.1055631935596466	-0.04727441817522049	-0.22943781316280365	-0.01883648708462715	-0.014530365355312824	-0.013789267279207706	-0.02652907930314541	0.04801816865801811	-0.24066951870918274	-0.16050326824188232	-0.27358344197273254	0.2254774421453476	-0.6104251742362976	-0.00779779814183712	-0.41069161891937256
ENSMUSG00000117157	0.032140422612428665	0.030726345255970955	0.015585006214678288	0.009130830876529217	0.006577290128916502	-0.0022903725039213896	0.0011781271314248443	-0.06281380355358124	0.01974654383957386	0.04723753780126572	0.004642005544155836	0.009913220070302486	-0.000836398801766336	-0.0043226974084973335	-0.0030787154100835323	-0.04506608471274376	0.05463024228811264	0.022118177264928818	-0.01718377321958542	-0.0488332062959671	-0.009242135100066662	-0.06013238802552223
ENSMUSG00000042901	0.006300299894064665	0.016758499667048454	-0.0026802485808730125	0.03474276512861252	-0.013749255798757076	0.006834715139120817	0.015984881669282913	0.32521048188209534	0.012349680997431278	0.01041867770254612	-0.010585498064756393	-0.02085656113922596	0.014982284046709538	0.011425713077187538	-0.02069525048136711	0.34060031175613403	0.001191251678392291	0.08998262137174606	0.036225397139787674	0.49953192472457886	-0.00645739771425724	0.446129709482193
ENSMUSG00000040219	0.010263770818710327	0.02380085550248623	0.004998562857508659	0.02041357010602951	-0.011630023829638958	0.010119851678609848	0.0068670534528791904	0.15831857919692993	0.011828002519905567	0.022259710356593132	-0.008305712603032589	-0.00979527086019516	0.00483292993158102	0.014032946899533272	-0.022541072219610214	0.16365459561347961	0.018228817731142044	0.050322383642196655	0.02411036565899849	0.34006741642951965	-0.0072250678204	0.16778072714805603
ENSMUSG00000085995	0.024761976674199104	0.01326452475041151	0.006626797839999199	0.011781529523432255	-0.006905496120452881	-0.006443055812269449	0.019792694598436356	-0.039055515080690384	0.007595378905534744	0.026506315916776657	-0.010676031932234764	0.0174234751611948	0.0045341490767896175	-0.00616654334589839	1.54127374116797e-05	-0.09759718179702759	0.038112882524728775	0.01486794464290142	0.058628033846616745	0.14647036790847778	-0.005658963695168495	-0.04981200769543648
ENSMUSG00000027646	0.006904691457748413	0.012885370291769505	-0.00981810875236988	0.02865018881857395	-0.016088543459773064	0.006884225178509951	0.038508541882038116	0.16695581376552582	0.027506902813911438	0.013800867833197117	-0.007876127026975155	-0.021092761307954788	0.025269685313105583	0.00673078466206789	-0.046078406274318695	0.1706768274307251	-0.01265306118875742	0.05523969233036041	0.05747649073600769	0.5915379524230957	0.015704192221164703	0.2959362268447876
ENSMUSG00000064080	0.011020374484360218	0.02762109600007534	0.010727593675255775	0.008160175755620003	-0.0031811955850571394	0.007735890336334705	-0.0025888830423355103	0.03732166066765785	0.009734208695590496	0.023830100893974304	-0.007929109036922455	-0.011934277601540089	0.0015604100190103054	0.016534043475985527	-0.023107122629880905	0.10662537813186646	0.034720562398433685	0.048495639115571976	-0.007295169401913881	0.07957617938518524	-0.006642052438110113	0.02024564892053604
ENSMUSG00000117975	0.011250524781644344	0.019444726407527924	0.005849146284162998	0.014786260202527046	-0.015300648286938667	0.002610764466226101	0.006362056825309992	0.21095938980579376	0.008303852751851082	0.019645987078547478	-0.014918694272637367	-0.029816806316375732	-0.0005269967950880527	0.021483762189745903	-0.022813551127910614	0.2577134370803833	0.026475168764591217	0.0585131011903286	-0.018925564363598824	-0.0029829919803887606	-0.006815154105424881	0.23280149698257446
ENSMUSG00000085039	0.010777321644127369	0.01788710430264473	-0.0033481756690889597	0.027310559526085854	-0.01837785169482231	0.011823752894997597	-0.0006224115495570004	0.2264488786458969	0.017123989760875702	0.02190532721579075	-0.003943447023630142	-0.015805326402187347	0.013265926390886307	0.01038285344839096	-0.022358186542987823	0.25615227222442627	0.0011411500163376331	0.07225367426872253	0.07801923155784607	0.42360159754753113	-0.0032805318478494883	0.3985159397125244
ENSMUSG00000086330	0.026330837979912758	0.019732601940631866	0.012239556759595871	0.021080508828163147	-0.00357633619569242	-0.002339407568797469	-0.0036930807400494814	-0.053262319415807724	0.0076818205416202545	0.04455791786313057	-0.003932922147214413	0.008865255862474442	0.002607888774946332	0.007656059693545103	0.004290109500288963	-0.037608396261930466	0.038516730070114136	0.038815706968307495	-0.014220151118934155	-0.05917060747742653	-0.006643261294811964	-0.06486151367425919
ENSMUSG00000039254	0.010904238559305668	0.021665280684828758	0.00040038677980192006	0.017787808552384377	-0.02139493077993393	0.008839171379804611	0.007716131862252951	0.2590344548225403	0.018300684168934822	0.015239406377077103	-0.015022107400000095	-0.020242609083652496	0.012889320030808449	0.01441102009266615	-0.025332774966955185	0.291094034910202	0.011122865602374077	0.05412743613123894	0.028696943074464798	0.3588951528072357	-0.007477194536477327	0.31105849146842957
ENSMUSG00000093976	0.019220739603042603	0.0158096831291914	0.007350642699748278	0.025234799832105637	0.0003158847102895379	-0.0029012628365308046	-0.006619585677981377	-0.07897356152534485	0.010190478526055813	0.058252498507499695	0.0022211347240954638	0.00819933507591486	-0.0007718782289884984	0.011627014726400375	-0.00028747913893312216	-0.02690528705716133	0.02568887174129486	0.047259096056222916	-0.0451415479183197	-0.0902593806385994	-0.007190124597400427	-0.07089448720216751
ENSMUSG00000027663	0.005484576337039471	0.01870911754667759	-0.009751812554895878	0.0363326370716095	-0.01749172993004322	0.005059074144810438	0.03251586854457855	0.26465365290641785	0.018588757142424583	0.01062067598104477	-0.004783386364579201	-0.03118066117167473	0.021669015288352966	0.002561747096478939	-0.03628723323345184	0.27126768231391907	-0.014507632702589035	0.07016553729772568	0.07346762716770172	0.5053037405014038	0.005871668457984924	0.3316827714443207
ENSMUSG00000098727	0.014035249128937721	0.04931841045618057	0.008827321231365204	0.017758844420313835	-0.0008342301589436829	-0.002156889531761408	-0.003452644683420658	-0.03806465491652489	-0.0014602404553443193	0.03097318485379219	-0.0045694466680288315	0.008680325001478195	0.007376194465905428	0.012851471081376076	0.003622907679527998	-0.06597012281417847	0.006910211406648159	0.027690621092915535	-0.05008829012513161	-0.14375826716423035	-0.005944148171693087	-0.08436331152915955
ENSMUSG00000092525	0.030252398923039436	0.015665220096707344	0.00851354468613863	0.012379266321659088	-0.0032678013667464256	-0.001783429179340601	-0.004117914941161871	-0.0074361953884363174	0.006987301167100668	0.06393338739871979	-0.018912866711616516	0.004894695244729519	0.0017783286748453975	0.00759546272456646	0.0023786018136888742	-0.09152844548225403	0.0473761111497879	0.03580038249492645	0.020461276173591614	0.10892894864082336	0.00016580127703491598	0.0493314303457737
ENSMUSG00000063998	0.015317743644118309	0.02800310216844082	0.0028959959745407104	-0.04087452590465546	-0.0070722671225667	-0.0028166580013930798	-0.007472283206880093	-0.09476296603679657	-0.0029134589713066816	0.03395118564367294	0.0005391336744651198	0.0071655320934951305	0.001914988737553358	-0.000784084724728018	-0.0018313691252842546	-0.0375337116420269	0.008640940301120281	-0.05019630491733551	-0.034087326377630234	-0.06869029253721237	-0.008701379410922527	-0.05690818652510643
ENSMUSG00000116950	0.013673731125891209	0.023283572867512703	0.0035540678072720766	-0.006252156104892492	-0.007237260229885578	0.004164579790085554	0.0028674222994595766	-0.05912524089217186	0.018085801973938942	0.05100230127573013	-0.01979169249534607	0.003907759208232164	0.00515711959451437	0.009484541602432728	-0.005009177140891552	-0.0019882526248693466	0.03257666900753975	0.01546264998614788	0.017943181097507477	-0.005352015607059002	-0.004455140791833401	-0.010080461390316486
ENSMUSG00000015149	0.010202961973845959	0.033006131649017334	0.003172924742102623	0.0038875883910804987	-0.018219761550426483	0.008759358897805214	0.0061372872442007065	0.1941576451063156	0.014922743663191795	0.01971704699099064	-0.010747321881353855	-0.0224552433937788	0.008705100044608116	0.014904358424246311	-0.02910241112112999	0.19549308717250824	0.01899030990898609	0.037273112684488297	0.03003125637769699	0.23448249697685242	-0.005639876704663038	0.29056939482688904
ENSMUSG00000079465	0.009915294125676155	0.025912480428814888	0.003431654302403331	0.005958264693617821	-0.010522191412746906	0.00034740500268526375	-0.005167936906218529	0.08054344356060028	0.01010929699987173	0.031370557844638824	-0.011405757628381252	-0.018100997433066368	0.0003606997197493911	0.01622639037668705	-0.016309931874275208	0.1114424392580986	0.019277818500995636	0.028816072270274162	-0.03228854760527611	-0.09262700378894806	-0.005640826188027859	-0.050193291157484055
ENSMUSG00000090808	-0.10803068429231644	-0.22050966322422028	-0.026485972106456757	-0.05192337557673454	-0.0328693650662899	-0.07932398468255997	0.025736751034855843	-0.1055631935596466	-0.04727441817522049	-0.22943781316280365	-0.01883648708462715	-0.014530365355312824	-0.013789267279207706	-0.02652907930314541	0.04801816865801811	-0.24066951870918274	-0.16050326824188232	-0.27358344197273254	0.2254774421453476	-0.6104251742362976	-0.00779779814183712	-0.41069161891937256
ENSMUSG00000041119	0.012881145812571049	0.012693537399172783	0.0043805185705423355	0.022075869143009186	-0.017854750156402588	0.002217843197286129	0.009479121305048466	0.15696458518505096	0.01626972109079361	0.022838173434138298	-0.01780378445982933	-0.024793600663542747	0.008767858147621155	0.017839958891272545	-0.028856592252850533	0.16852599382400513	0.022710341960191727	0.06909281760454178	0.045691460371017456	0.2712710201740265	-0.004165776539593935	0.11871252954006195
ENSMUSG00000029922	0.00204282789491117	0.013614136725664139	-0.01834660954773426	0.03643503040075302	-0.02031562477350235	0.006125644315034151	0.06910714507102966	0.24193702638149261	0.026773782446980476	0.005723192822188139	-0.00861402414739132	-0.031365517526865005	0.03222234174609184	0.002830945188179612	-0.04993874952197075	0.20619505643844604	-0.023553961887955666	0.07359562814235687	0.09093198925256729	0.5594833493232727	0.04765620082616806	0.4218789339065552
ENSMUSG00000029208	-0.001807483029551804	0.017552252858877182	0.0013526189140975475	0.03289397433400154	-0.018209265545010567	0.0034580128267407417	-0.002342709805816412	0.24845461547374725	-0.008610771968960762	0.009595191106200218	-0.0011547375470399857	-0.016605937853455544	-0.007678790483623743	0.012317929416894913	0.0017548128962516785	0.3244962692260742	0.0073656849563121796	0.0435759462416172	0.03515934571623802	0.42997726798057556	-0.0064572240225970745	0.3003444969654083
ENSMUSG00000109195	0.029723191633820534	0.0042891246266663074	-0.010621573776006699	0.004826721735298634	-0.00664451252669096	0.0039167641662061214	-0.011508351191878319	-0.061548467725515366	0.004671128001064062	0.03264935314655304	-0.005277221091091633	0.003945537377148867	0.006378582213073969	0.007006514817476273	-0.0037493673153221607	-0.0656433254480362	0.024974698200821877	0.03744933754205704	-0.024467885494232178	-0.07356929033994675	-0.005632082931697369	-0.02863999642431736
ENSMUSG00000099681	0.005167949944734573	0.018010474741458893	-0.0016714798985049129	0.04834621027112007	-0.012405747547745705	0.004159450531005859	0.032553158700466156	0.26561012864112854	0.019434627145528793	0.01178209763020277	0.007587044965475798	-0.01883036457002163	-0.027689585462212563	0.010678548365831375	0.022983498871326447	0.2905416190624237	0.0027824651915580034	0.08079910278320312	0.06800375878810883	0.46624115109443665	0.00602399418130517	0.3904629051685333
ENSMUSG00000117797	0.016414055600762367	0.04526509344577789	0.0062123751267790794	0.013560805469751358	-0.00510754156857729	-0.0023169685155153275	-0.0024447189643979073	-0.06015818938612938	0.008921250700950623	0.047173455357551575	0.0008702926570549607	0.0036194995045661926	0.0035189329646527767	0.014306222088634968	0.0025046535301953554	-0.03183464705944061	0.03211359307169914	0.030304979532957077	-0.03564837574958801	-0.045490384101867676	-0.006971556693315506	-0.0619899183511734
ENSMUSG00000054910	0.009917247109115124	0.02796970307826996	0.004571582190692425	0.01676519587635994	-0.03009043261408806	0.006667426321655512	-0.0012670389842242002	0.21531634032726288	0.013755474239587784	0.015003293752670288	-0.010086080990731716	-0.021652765572071075	0.0033582693431526423	0.01618761196732521	-0.022338345646858215	0.3085145950317383	0.016353294253349304	0.0646728053689003	0.036030951887369156	0.2719777226448059	-0.007058201357722282	0.30837056040763855
ENSMUSG00000035674	0.009233415126800537	0.014933282509446144	0.0008636185666546226	0.018350398167967796	-0.016383357346057892	0.004793317057192326	0.013678941875696182	0.1568433791399002	0.009292242117226124	0.022414149716496468	-0.008556741289794445	-0.015610847622156143	0.0066686938516795635	0.015076952055096626	-0.020088117569684982	0.1973952054977417	0.014525922946631908	0.0578172504901886	0.08753488212823868	0.21968410909175873	-0.0003615190216805786	0.24473537504673004
ENSMUSG00000086346	0.011654998175799847	0.041357364505529404	-0.004858484026044607	0.020344626158475876	-0.005730215925723314	0.01670566014945507	0.022560279816389084	0.012038163840770721	0.028066139668226242	0.035400837659835815	0.000342723069479689	-0.0023165943566709757	0.03001846745610237	0.011143755167722702	-0.03280777111649513	0.07722201943397522	-0.001928405137732625	0.04566728696227074	0.08845125138759613	0.6080053448677063	0.02155766263604164	0.10733307152986526
ENSMUSG00000024271	0.009737764485180378	0.012652975507080555	-0.0016485443338751793	0.0311470627784729	-0.020704366266727448	0.009405999444425106	0.004414014983922243	0.29905760288238525	0.016718538478016853	0.013876545242965221	-0.007756873499602079	-0.02203955501317978	0.01736314781010151	0.012687325477600098	-0.024139942601323128	0.33834439516067505	0.0016706850146874785	0.06926479935646057	0.032441336661577225	0.42431581020355225	-0.007937121205031872	0.4114324152469635
ENSMUSG00000028063	0.01202087476849556	0.0264477226883173	-0.002707495354115963	0.012900463305413723	-0.012805800884962082	0.0040007177740335464	0.019238393753767014	0.10027632862329483	0.022470491006970406	0.020910346880555153	-0.016782104969024658	-0.019538290798664093	0.014138238504529	0.0143671203404665	-0.03159908950328827	0.028674375265836716	0.01857566460967064	0.051650408655405045	0.14237527549266815	0.24477386474609375	0.01972455158829689	0.10366025567054749
ENSMUSG00000048440	0.012269625440239906	0.00946225319057703	0.001798182725906372	0.015958311036229134	-0.015055976808071136	0.004697298631072044	0.0128362737596035	0.12095829099416733	0.01614787057042122	0.0228766780346632	-0.01812770776450634	-0.004860665649175644	0.006476724520325661	0.011518526822328568	-0.0291728712618351	0.22345630824565887	0.02168867364525795	0.055883798748254776	0.045916374772787094	0.12704700231552124	-0.0034482094924896955	0.04721763730049133
ENSMUSG00000081849	0.005863658618181944	0.015805872157216072	0.006099692080169916	0.01780673675239086	-0.02073894813656807	-0.00022359250579029322	-0.0017513356870040298	0.10069243609905243	0.021330997347831726	0.030473802238702774	-0.012076374143362045	-0.01814224198460579	-0.002733547007665038	0.02015967294573784	-0.019848724827170372	0.1403421014547348	0.0156546737998724	0.026968197897076607	0.055480699986219406	0.1023535504937172	-0.0029452971648424864	0.032114893198013306
ENSMUSG00000092201	0.010434712283313274	0.016074420884251595	0.00045645140926353633	0.014163350686430931	-0.011053426191210747	0.0017709934618324041	-0.00590128917247057	0.10867013782262802	0.008375047706067562	0.027040129527449608	-0.010279926471412182	-0.008565728552639484	0.002737271599471569	0.019928807392716408	-0.012940382584929466	0.08728641271591187	0.018477393314242363	0.04661028832197189	-0.013826546259224415	0.06299063563346863	-0.006117221899330616	0.055770229548215866
ENSMUSG00000113977	0.027668427675962448	0.013675885275006294	0.0074631101451814175	0.0072767240926623344	-0.008000246249139309	-0.0021179825998842716	-0.0018800413236021996	-0.07073260098695755	0.01335079688578844	0.05145512521266937	-0.0144805908203125	0.010547356680035591	0.0035985850263386965	0.0075653851963579655	-0.00048547887126915157	-0.01074744202196598	0.0392044335603714	0.02669285610318184	0.022611567750573158	-0.05868800729513168	-0.007229477632790804	-0.043706320226192474
ENSMUSG00000027381	0.00892842561006546	0.017622217535972595	-0.004891716875135899	0.017364267259836197	-0.00947003997862339	0.0025904106441885233	0.027135729789733887	0.21748290956020355	0.01875143311917782	0.014352388679981232	-0.010889495722949505	-0.012193710543215275	0.01560552790760994	0.010647458024322987	-0.03972650691866875	0.14133714139461517	0.0031715212389826775	0.043378375470638275	0.0504956878721714	0.3932383358478546	0.004129254724830389	0.2765655219554901
ENSMUSG00000102874	0.0134623683989048	-0.0030286421533674	-0.0010136238997802138	0.028560595586895943	-0.006241201888769865	-0.00031505487277172506	-0.003596034599468112	-0.07714330404996872	-0.007709904108196497	0.02701473794877529	-0.007325532380491495	0.007547680288553238	0.002634599804878235	0.006783770397305489	0.0020680781453847885	-0.08518676459789276	-0.002618448343127966	0.02490043453872204	0.011095074005424976	-0.05719105154275894	-0.005083067342638969	-0.022810278460383415
ENSMUSG00000044715	0.008386329747736454	0.019086187705397606	-0.008800775744020939	0.031583525240421295	-0.01615067385137081	0.008781898766756058	0.022178174927830696	0.2936458885669708	0.018158460035920143	0.011762636713683605	-0.006546256132423878	-0.018592381849884987	0.014383874833583832	0.006603487767279148	-0.02781384252011776	0.28946587443351746	-0.011688140220940113	0.0869402289390564	0.05627495422959328	0.4820334315299988	-0.0009552157134748995	0.477456659078598
ENSMUSG00000020623	0.00980348326265812	0.03530765324831009	0.0065572066232562065	0.011063307523727417	-0.009534160606563091	0.0065607912838459015	0.002764135366305709	0.09456434845924377	0.011455992236733437	0.02436692640185356	-0.009619032964110374	-0.018119528889656067	0.0025566809345036745	0.016027383506298065	-0.02085532434284687	0.11571220308542252	0.02244916744530201	0.04058049991726875	-0.006697806064039469	0.16845667362213135	-0.00511210598051548	0.12040410935878754
ENSMUSG00000013338	0.025912176817655563	0.015037070959806442	0.012632865458726883	0.026213737204670906	-0.004360615275800228	-0.002816741820424795	-0.0020156868267804384	-0.09445875138044357	0.00691517349332571	0.045582324266433716	-0.0061350855976343155	0.011422608979046345	0.0018218382028862834	0.0065833209082484245	0.006042807828634977	-0.0345604307949543	0.04065455123782158	0.06925860792398453	-0.00932891946285963	-0.06095024198293686	-0.010649841278791428	-0.07017669826745987
ENSMUSG00000097035	0.013067982159554958	0.014871513471007347	0.005210216622799635	0.011431045830249786	-0.016258807852864265	0.010252623818814754	-0.004468696191906929	0.058352332562208176	0.011517860926687717	0.027391841635107994	-0.016610104590654373	-0.021274710074067116	0.002370880451053381	0.01950613223016262	-0.015651842579245567	0.1516081988811493	0.021691150963306427	0.034592729061841965	0.009768164716660976	0.1523190438747406	-0.004345594439655542	0.0804445669054985
ENSMUSG00000121873	0.02569630555808544	0.03368573263287544	0.004934297874569893	0.028638917952775955	-0.005147908814251423	0.0005750583950430155	-0.0022401907481253147	-0.05874849855899811	0.011779582127928734	0.054979369044303894	-0.002666295738890767	0.0096824886277318	0.009341047145426273	0.012079055421054363	0.002177528804168105	-0.04030132293701172	0.027255645021796227	0.07805390655994415	-0.039043210446834564	-0.15072140097618103	-0.005711004137992859	-0.07987117767333984
ENSMUSG00000032652	0.009112524800002575	0.03074566088616848	-0.0009756338549777865	0.018247105181217194	-0.018619520589709282	0.005569396540522575	0.007149706594645977	0.2500460743904114	0.020821886137127876	0.015371744520962238	-0.009907083585858345	-0.018519321456551552	0.016627127304673195	0.010193181224167347	-0.021229635924100876	0.27262574434280396	0.004680199548602104	0.07945948839187622	0.05429574102163315	0.4925173223018646	-0.0049740467220544815	0.3144712746143341
ENSMUSG00000042298	0.010329303331673145	0.01916579343378544	-0.005370707716792822	0.025866447016596794	-0.023485474288463593	0.011850866489112377	0.0039771804586052895	0.2528670132160187	0.022820616140961647	0.013240374624729156	-0.006916665472090244	-0.02258327789604664	0.017747068777680397	0.00827018916606903	-0.016700487583875656	0.3273824453353882	-0.00045498285908252	0.08096317201852798	0.07438768446445465	0.44299694895744324	-0.004833604209125042	0.39814087748527527
ENSMUSG00000035277	-0.007400908507406712	-0.010061140172183514	-0.0014514486538246274	0.004605604335665703	0.001171451760455966	-0.012595006264746189	0.012857134453952312	-0.02112887054681778	-0.003689428558573127	0.018745483830571175	-0.004075125325471163	-0.010542686097323895	0.006947609595954418	0.018169589340686798	-0.022427374497056007	0.037842702120542526	0.01062005665153265	0.014048743061721325	0.001354062813334167	0.08040914684534073	-0.008943294174969196	-0.02993832156062126
ENSMUSG00000112211	0.014577784575521946	0.022865932434797287	0.005920369178056717	0.014355135150253773	-0.0063946302980184555	0.0032110409811139107	-0.0031735352240502834	-0.030905745923519135	0.007401653099805117	0.02675938419997692	-0.0030338456854224205	-0.007209406699985266	0.0013138963840901852	0.011743593961000443	-0.010016974061727524	0.024187741801142693	0.023868801072239876	0.03127272054553032	-0.01992879807949066	-0.019420869648456573	-0.00367084052413702	0.06475260108709335
ENSMUSG00000111498	0.008646266534924507	0.03583905100822449	0.01602853462100029	0.020805707201361656	0.0006545911892317235	-0.0034680096432566643	-0.007539647631347179	-0.073227159678936	0.005414274986833334	0.05521398410201073	-0.0014352179132401943	0.007326091639697552	-0.0017636395059525967	0.010990160517394543	-0.001402103342115879	-0.018427979201078415	0.03698832169175148	0.03547878563404083	-0.031081661581993103	-0.02461080811917782	-0.006796985864639282	-0.026077724993228912
ENSMUSG00000048677	0.01291048526763916	0.019969861954450607	0.0055419509299099445	0.016365496441721916	-0.005406547803431749	0.004972144495695829	0.0018409141339361668	0.15719623863697052	0.01624581404030323	0.017754383385181427	-0.010606760159134865	-0.009577548131346703	0.0038446218241006136	0.014113170094788074	-0.028170902281999588	0.22696222364902496	0.022022513672709465	0.028087003156542778	0.00799601525068283	0.20684117078781128	-0.007051692809909582	0.11871033906936646
ENSMUSG00000022685	0.010334605351090431	0.017815226688981056	0.0016846921062096953	0.0215633325278759	-0.02085023932158947	0.012862762436270714	0.0010713246883824468	0.2055315524339676	0.01938651315867901	0.01303864922374487	-0.013427894562482834	-0.013190917670726776	0.012680578045547009	0.012429987080395222	-0.024190297350287437	0.2034929245710373	0.010878007858991623	0.0411430262029171	0.025011489167809486	0.43007218837738037	-0.005688833072781563	0.268490731716156
ENSMUSG00000115264	0.00697592506185174	0.001235474832355976	-0.005705058574676514	0.02200385183095932	-0.006964958272874355	-0.0030496222898364067	-0.007696925196796656	-0.0771060660481453	-0.002996408846229315	0.04710617661476135	0.009764451533555984	0.007945679128170013	0.00458183279260993	0.02181505225598812	0.009080620482563972	-0.10220871865749359	-0.01074684876948595	-0.003606949234381318	-0.020461738109588623	-0.041697654873132706	-0.008116126991808414	-0.042760010808706284
ENSMUSG00000120289	0.0027664080262184143	0.010181345976889133	-0.0012081303866580129	0.03008325584232807	-0.01524238009005785	0.0031395216938108206	0.01111078541725874	0.22232671082019806	-0.007201679982244968	0.007316218223422766	-0.003085757838562131	-0.031017867848277092	0.012641321867704391	0.012013374827802181	0.018531955778598785	0.3330100178718567	0.0286989975720644	0.0689309611916542	0.1058642566204071	0.5892187356948853	0.008161121048033237	0.3063308894634247
ENSMUSG00000100596	0.015079446136951447	0.03373304754495621	0.009101645089685917	0.016421880573034286	-0.008334861136972904	0.0004061939544044435	0.0012876158580183983	-0.02299864962697029	0.01265141274780035	0.03794220834970474	-0.01213974691927433	-0.003768745344132185	0.0007822132320143282	0.016817010939121246	-0.015866419300436974	0.08505786955356598	0.03467639163136482	0.037395235151052475	-0.0016488987021148205	0.06758009642362595	-0.0048082671128213406	-0.005464034620672464
ENSMUSG00000100795	0.01885482668876648	0.0065622953698039055	0.01350930705666542	0.02187476120889187	-0.001708200084976852	-0.0016792335081845522	-0.0013876924058422446	-0.06279392540454865	0.011601846665143967	0.020547907799482346	-0.006199547089636326	0.003004685277119279	0.0027989093214273453	0.012374402023851871	-0.006202938035130501	-0.020021449774503708	0.03973259776830673	0.05135149508714676	-0.005741064436733723	0.12459182739257812	-0.006237089168280363	0.0001248987828148529
ENSMUSG00000104888	0.014638226479291916	0.03856135904788971	0.018604060634970665	0.012444833293557167	-0.001772964489646256	0.0011157264234498143	0.0008915370563045144	-0.0860980898141861	0.01277035754173994	0.042647987604141235	0.018058888614177704	0.009038998745381832	0.0045478432439267635	-7.191631448222324e-05	-0.005400991998612881	0.021205930039286613	0.005796228535473347	0.047506049275398254	-0.01074735913425684	-0.11932149529457092	-0.007435628678649664	-0.052979063242673874
ENSMUSG00000102303	0.019904620945453644	0.004461070988327265	-0.001367485267110169	0.02331514097750187	0.0022298479452729225	-0.0021336174104362726	-0.012791958637535572	-0.05377937853336334	0.013352318666875362	0.036922555416822433	-0.00012711672752629966	0.010920966975390911	-0.005508933681994677	-0.0082820113748312	0.004880513530224562	-0.0749533548951149	0.01897316984832287	-0.0003295128408353776	-0.056012362241744995	-0.18005453050136566	-0.005776289850473404	-0.10925023257732391
ENSMUSG00000115272	-0.00640844414010644	0.004221590235829353	-0.002258331747725606	-0.006947429850697517	0.005288471467792988	-0.007161228451877832	-0.0090950271114707	-0.09125042706727982	-0.011615258641541004	-0.004060533829033375	0.007000511512160301	0.0161226075142622	-0.004697175230830908	-0.012644704431295395	-0.003941190894693136	-0.05825761705636978	0.0006506586214527488	-0.00680821668356657	-0.04463435709476471	-0.13998377323150635	-0.009269327856600285	-0.05018296092748642
ENSMUSG00000107060	0.004635056480765343	0.014820528216660023	0.014232087880373001	0.025045175105333328	-0.001580648124217987	-0.0022078431211411953	-0.0036114344839006662	-0.08668094873428345	0.007481570355594158	0.032176729291677475	0.016090132296085358	0.002706163562834263	0.006470469757914543	0.00886743888258934	0.0013957017799839377	-0.0013390353415161371	0.04429579898715019	0.05674082785844803	-0.0020131112542003393	-0.05694634094834328	-0.008790032006800175	-0.0494120828807354
ENSMUSG00000111717	-0.009835156612098217	0.01693558134138584	-0.006605773698538542	-0.015632690861821175	-0.004692555870860815	-0.0024550810921937227	-0.01101545337587595	-0.08423947542905807	0.0008253063424490392	0.00690425094217062	-0.002401020610705018	0.013633308000862598	0.004106755368411541	0.007817858830094337	-0.0033902698196470737	-0.06960104405879974	0.008897381834685802	0.013332899659872055	-0.025535276159644127	-0.11747919023036957	-0.007930578663945198	-0.08570578694343567
ENSMUSG00000116850	0.02394106425344944	0.04934098571538925	0.013192396610975266	0.02675751969218254	-0.004180104937404394	-0.0035387424286454916	-0.0025821093004196882	-0.050800010561943054	0.011908979155123234	0.033452555537223816	-0.01007517334073782	0.0039598410949110985	0.0008671641116961837	0.013436742126941681	-0.0011452619219198823	-0.0628170445561409	0.04112444445490837	0.039461877197027206	-0.02988382615149021	-0.030673876404762268	-0.0068377964198589325	-0.010779980570077896
ENSMUSG00000109137	0.01896955817937851	0.033722762018442154	0.005642224568873644	0.014260801486670971	0.00016487429093103856	0.0005615198169834912	-0.005716079380363226	-0.07376608997583389	-0.0015549656236544251	0.049653954803943634	-0.002546085976064205	0.010539683513343334	0.0036920439451932907	0.00017707703227642924	-0.004752835724502802	-0.025399386882781982	0.030678704380989075	0.027396466583013535	-0.053894590586423874	-0.200717493891716	-0.0068532805889844894	-0.040428224951028824
ENSMUSG00000003752	0.0095332320779562	0.021584955975413322	-0.003007997293025255	0.02032633312046528	-0.02218695729970932	0.006353077944368124	0.013311215676367283	0.2558945417404175	0.022344501689076424	0.012868526391685009	-0.014224010519683361	-0.023381762206554413	0.013644678518176079	0.01209056656807661	-0.030736470595002174	0.2762920558452606	0.006624841131269932	0.05864189565181732	0.05527123808860779	0.3635074496269226	-0.005298640113323927	0.3302152156829834
ENSMUSG00000049214	-0.005693540442734957	-0.004613150842487812	-0.006863499991595745	-0.02823435328900814	0.001969972625374794	-0.003725080518051982	-0.008759938180446625	-0.09616480022668839	-0.008223740383982658	-0.002697122050449252	0.005083117634057999	0.009233045391738415	0.000898182624951005	0.015006526373326778	-0.00555155286565423	-0.1269351989030838	0.013292132876813412	0.02221100591123104	-0.03727700561285019	-0.07683265209197998	-0.008333713747560978	-0.07574492692947388
ENSMUSG00000056370	0.020981483161449432	0.030181776732206345	0.013726060278713703	0.022670021280646324	-0.0016548665007576346	-0.0060469103045761585	-0.002532488899305463	-0.06370224803686142	0.011930206790566444	0.03728834539651871	-0.012442111037671566	0.008598048239946365	0.0005547848413698375	0.006936601363122463	0.0022940433118492365	-0.01252001617103815	0.03973725065588951	0.040353044867515564	0.027386855334043503	0.07115083187818527	-0.007881022058427334	-0.03194732591509819
ENSMUSG00000069132	0.00021908673807047307	0.025134915485978127	-0.0046197762712836266	0.015989329665899277	-0.003462563967332244	0.004931014962494373	-0.014607720077037811	0.04243005812168121	-0.0040495856665074825	0.031490907073020935	0.005221514496952295	-0.021115032956004143	-0.0011819495121017098	0.012114939279854298	0.0018180793849751353	0.034030478447675705	0.004752918612211943	0.07246281951665878	-0.054416462779045105	-0.1137479618191719	-0.005901998840272427	0.022348934784531593
ENSMUSG00000050844	0.01968185417354107	0.03416002169251442	0.009407659992575645	0.007734328508377075	-0.004499912727624178	0.0026853757444769144	-0.0012477606069296598	-0.043116793036460876	0.015992920845746994	0.03898898512125015	-0.010396886616945267	0.00023396527103614062	0.002101833000779152	0.012531694024801254	-0.010059939697384834	0.012982521206140518	0.03162480890750885	0.02479701116681099	-0.019043900072574615	-0.07199668139219284	-0.003913249354809523	-0.047429800033569336
ENSMUSG00000002257	0.0103532699868083	0.02366061881184578	-0.002850944409146905	0.012730568647384644	-0.018329443410038948	0.005415088497102261	0.015486394986510277	0.13007400929927826	0.020470881834626198	0.018432339653372765	-0.020371587947010994	-0.034583184868097305	0.010581362061202526	0.01350099965929985	-0.03210073336958885	0.23776914179325104	0.018531400710344315	0.03424571454524994	0.07391071319580078	0.25619181990623474	0.014687500894069672	0.11406779289245605
ENSMUSG00000022209	0.0018022391013801098	-0.027616051957011223	0.006986087188124657	-0.014756012707948685	0.0022435011342167854	-0.002634060336276889	-0.005876299925148487	-0.06432702392339706	-0.0050597828812897205	-0.04223671928048134	-0.000924949417822063	0.005488434806466103	0.00010638859384926036	-0.01450231671333313	0.007332218810915947	-0.11866563558578491	0.04012899473309517	-0.019844062626361847	-0.030732735991477966	-0.1151689887046814	-0.011119234375655651	-0.04249082878232002
ENSMUSG00000104786	0.003088956233114004	0.011933299712836742	0.0009710596641525626	0.026915743947029114	0.00197042990475893	0.0013338674325495958	0.030559025704860687	0.2916387617588043	-0.014236068353056908	0.007601854391396046	0.004630150273442268	-0.03126419708132744	0.0012779784156009555	0.015694957226514816	0.00021893529628869146	0.24745489656925201	0.007873380556702614	0.06846895068883896	-0.020568180829286575	0.33446213603019714	-0.007200721651315689	0.26296353340148926
ENSMUSG00000106398	0.014644852839410305	0.014385998249053955	0.011694864369928837	0.003208714770153165	0.011495059356093407	-0.003992486745119095	-0.012881889007985592	-0.07808706909418106	0.014933735132217407	0.032473351806402206	-0.012225198559463024	0.011103647761046886	-0.0013875572476536036	0.01513773761689663	0.0010314106475561857	0.03411448001861572	0.03896459937095642	0.018345115706324577	-0.03374524042010307	-0.0706702396273613	-0.007074292283505201	-0.08630262315273285
ENSMUSG00000050926	-0.01735810376703739	0.0013790172524750233	-0.0041300891898572445	0.0036687187384814024	-0.0019242748385295272	-0.006531856022775173	0.011109018698334694	0.11136320978403091	-0.03757533058524132	0.009245865046977997	-0.007035620976239443	-0.023650934919714928	0.0005347795668058097	0.015279149636626244	0.027849461883306503	0.12842877209186554	0.011270391754806042	-0.0014586460310965776	-0.01036103442311287	0.097628153860569	-0.014425444416701794	-0.0617329441010952
ENSMUSG00000110410	0.014590250328183174	0.046288177371025085	0.006313630845397711	0.012120505794882774	-0.00823395885527134	0.0029628148768097162	-0.009619209915399551	-0.0771147683262825	0.012068565003573895	0.05239216238260269	-0.006298535503447056	0.008061557076871395	-0.003572111716493964	-0.0012961548054590821	-0.005752833094447851	0.017337197437882423	0.0140021787956357	0.05519310012459755	0.004008118063211441	-0.052134331315755844	-0.005144096445292234	-0.07070878148078918
ENSMUSG00000110813	0.03410863131284714	0.05356448516249657	0.0009462718153372407	0.029474487528204918	-0.005882375407963991	0.00018546944193076342	-0.004505674354732037	-0.07198373228311539	0.004224079195410013	0.05717084929347038	0.0004799287999048829	0.005250079091638327	0.0029194054659456015	0.015709716826677322	-0.0032112151384353638	-0.02886560745537281	0.019687488675117493	-0.0014401254011318088	-0.0304377693682909	-0.13813549280166626	-0.005214586388319731	-0.04559518024325371
ENSMUSG00000029096	0.010697441175580025	0.036139845848083496	0.0083716856315732	0.01839546114206314	-0.012741194106638432	0.008066166192293167	0.002302265027537942	0.09348776191473007	0.013574655167758465	0.01794213056564331	-0.016265977174043655	-0.017432797700166702	0.0022022691555321217	0.019277991726994514	-0.030776431784033775	0.14479468762874603	0.031632766127586365	0.0629395991563797	-0.0188742782920599	-0.045029062777757645	-0.0059480513446033	0.007836601696908474
ENSMUSG00000117351	0.021911609917879105	0.021313201636075974	0.009437253698706627	0.01239819172769785	-0.008516458794474602	-0.004049832932651043	0.0004618118691723794	-0.05869107320904732	0.01109781302511692	0.03999493271112442	-0.010676465928554535	0.008775807917118073	0.003046224359422922	0.020587291568517685	-0.005112112034112215	0.022657277062535286	0.040347371250391006	0.034292735159397125	0.04400164261460304	-0.026487383991479874	-0.003848456544801593	-0.04784991592168808
ENSMUSG00000027775	0.00832656491547823	0.027810009196400642	0.0035482626408338547	0.026119783520698547	-0.010412901639938354	0.003148534568026662	0.005276366602629423	0.21459907293319702	0.010668572038412094	0.013571170158684254	-0.0034845301415771246	-0.018264731392264366	0.003089072648435831	0.014346146956086159	-0.018961209803819656	0.2740325629711151	0.010953404940664768	0.05862285569310188	0.032505862414836884	0.37389370799064636	-0.007673811167478561	0.24765309691429138
ENSMUSG00000103561	-0.03535627946257591	-0.004206209909170866	0.013156295754015446	-0.010618511587381363	-0.0016412422992289066	-0.003877576207742095	-0.006210779771208763	-0.038485802710056305	-0.00702832592651248	0.026798421517014503	-0.007080194540321827	0.009183589369058609	-0.006281701847910881	0.010983774438500404	0.006275170482695103	-0.118689626455307	0.010195290669798851	-0.024559952318668365	-0.019435252994298935	-0.0778263658285141	-0.009798373095691204	-0.06994645297527313
ENSMUSG00000105293	-0.07320047169923782	-0.030611848458647728	-0.049957290291786194	-0.034254979342222214	0.03622041642665863	-0.0020210091024637222	0.02351105958223343	-0.15476630628108978	-0.032734327018260956	-0.005117133259773254	0.03405334800481796	0.05417395010590553	0.027673689648509026	-0.0023665637709200382	0.08564157783985138	-0.39857661724090576	-0.2185533493757248	-0.04917818680405617	0.12107061594724655	-0.2524871528148651	0.021170534193515778	-0.20671291649341583
ENSMUSG00000083554	-0.008962655439972878	-0.003475678153336048	-0.0036346400156617165	0.023501625284552574	0.005074761342257261	0.009829288348555565	0.0020551132038235664	-0.0787978395819664	-0.0029575026128441095	-0.008182970806956291	0.006589855067431927	0.006516352295875549	-0.0046454225666821	-0.02142520621418953	0.02689167484641075	-0.12672820687294006	0.009546276181936264	0.007115190848708153	-0.041106220334768295	-0.21423804759979248	0.005725770723074675	-0.06414154917001724
ENSMUSG00000103077	-0.10803068429231644	-0.22050966322422028	-0.026485972106456757	-0.05192337557673454	-0.0328693650662899	-0.07932398468255997	0.025736751034855843	-0.1055631935596466	-0.04727441817522049	-0.22943781316280365	-0.01883648708462715	-0.014530365355312824	-0.013789267279207706	-0.02652907930314541	0.04801816865801811	-0.24066951870918274	-0.16050326824188232	-0.27358344197273254	0.2254774421453476	-0.6104251742362976	-0.00779779814183712	-0.41069161891937256
ENSMUSG00000121593	-0.10803068429231644	-0.22050966322422028	-0.026485972106456757	-0.05192337557673454	-0.0328693650662899	-0.07932398468255997	0.025736751034855843	-0.1055631935596466	-0.04727441817522049	-0.22943781316280365	-0.01883648708462715	-0.014530365355312824	-0.013789267279207706	-0.02652907930314541	0.04801816865801811	-0.24066951870918274	-0.16050326824188232	-0.27358344197273254	0.2254774421453476	-0.6104251742362976	-0.00779779814183712	-0.41069161891937256
ENSMUSG00000049217	-0.002293173223733902	-0.03201330080628395	-0.0075697023421525955	-0.011990458704531193	-0.0023845022078603506	-0.0020209234207868576	-0.02601340226829052	-0.13048376142978668	-0.01203223317861557	0.005672556348145008	0.008923592045903206	0.013661929406225681	-0.0004882997018285096	0.010407159104943275	0.07760550826787949	-0.15955939888954163	0.004082254599779844	0.0032166019082069397	-0.026097329333424568	-0.04668491706252098	-0.00960210245102644	-0.0773300975561142
ENSMUSG00000106826	-0.005858683492988348	0.03001224994659424	0.003423229791224003	0.008326275274157524	0.0018143280176445842	-0.004203031770884991	-0.010790449567139149	-0.08953892439603806	-0.002313240198418498	0.002171720378100872	0.0018783845007419586	0.010196292772889137	-0.0027180667966604233	-0.001627506804652512	-0.0025556834880262613	-0.06306109577417374	0.01934516616165638	0.0021495018154382706	-0.042216282337903976	-0.047217849642038345	-0.007564165163785219	-0.06507700681686401
ENSMUSG00000087135	0.008655941113829613	0.025881288573145866	-0.020890984684228897	0.02143731899559498	-0.012285505421459675	0.011663325130939484	0.03996720910072327	0.09161178767681122	0.04639206454157829	0.01865602470934391	-0.006212338339537382	-0.019416581839323044	0.024625366553664207	0.005980747286230326	-0.07011110335588455	0.10037217289209366	-0.020525097846984863	0.04949387535452843	0.10814566910266876	0.505240261554718	0.0527123399078846	0.21480633318424225
ENSMUSG00000075599	0.023193446919322014	0.013598371297121048	0.008940684609115124	0.016478141769766808	-0.005781230982393026	0.0009310767636634409	-0.0016662977868691087	-0.09943678975105286	0.012395691126585007	0.036713436245918274	7.640047260792926e-05	0.007395977154374123	0.0037583811208605766	0.008747730404138565	-0.002524769399315119	0.015584027394652367	0.03841271996498108	0.03580370917916298	-0.021353092044591904	-0.12361835688352585	-0.007892020046710968	-0.08481346815824509
ENSMUSG00000030562	0.0006370299961417913	0.008366101421415806	-0.001521268510259688	0.009270732291042805	-0.013543990440666676	-0.001968499505892396	-0.00344836269505322	0.20167063176631927	-0.004109816160053015	0.010640507563948631	-0.0032706353813409805	-0.016797203570604324	-0.00015933973190840334	0.01687592826783657	-0.0019295626552775502	0.3225995600223541	0.008806171827018261	0.055188730359077454	-0.011384173296391964	0.20993255078792572	-0.008241789415478706	0.12274208664894104
ENSMUSG00000120650	0.0341702438890934	0.033060286194086075	0.009921573102474213	0.013376763090491295	-0.0062204645946621895	-0.0024165792856365442	-0.003600945696234703	-0.07505519688129425	0.0073273805901408195	0.007603392004966736	-0.00022637294023297727	0.011066361330449581	0.0019349124049767852	0.007735078223049641	0.015177180990576744	-0.10251415520906448	0.0039061489515006542	0.044497862458229065	-0.023203575983643532	-0.1040150374174118	-0.007596174255013466	-0.08395065367221832
ENSMUSG00000116574	0.005067834164947271	0.02860133908689022	-0.001874038833193481	0.006541796959936619	-0.000110170993139036	-0.004344606772065163	-0.011842375621199608	-0.08637575060129166	-0.0004171406908426434	0.01701047085225582	-0.001239573466591537	0.011117960326373577	-0.0026557310484349728	-0.00658322824165225	-0.0033695984166115522	-0.010292837396264076	0.009436435997486115	-0.005155804567039013	-0.024304574355483055	-0.08970873057842255	-0.00741558475419879	-0.09071994572877884
ENSMUSG00000079414	0.009946396574378014	0.022374223917722702	0.0033381590619683266	0.019083965569734573	-0.01695171557366848	0.006130546797066927	0.008443060331046581	0.15236395597457886	0.012229066342115402	0.013418971560895443	-0.018734559416770935	-0.024629676714539528	0.004899279680103064	0.016318650916218758	-0.03008263371884823	0.20018261671066284	0.0233271773904562	0.07002639025449753	0.03758843243122101	0.028756093233823776	-0.003729684976860881	0.07726270705461502
ENSMUSG00000121467	-0.0042773401364684105	-0.050756290555000305	-0.003981071058660746	-0.02871176041662693	-0.0001906587858684361	-0.0322929285466671	-0.06018979474902153	-0.09631473571062088	-0.04303721338510513	-0.034762732684612274	0.025753282010555267	0.004742336459457874	-0.017069920897483826	0.001456780475564301	0.14759524166584015	-0.16878530383110046	0.012892944738268852	-0.003924999851733446	-0.013013368472456932	0.01558385044336319	-0.01138251181691885	-0.0965195968747139
ENSMUSG00000030945	0.0155553687363863	-0.018448179587721825	0.0063504851423203945	-0.030663706362247467	-0.0038730658125132322	-0.0032534280326217413	-0.004284054972231388	-0.06897590309381485	0.0020979018881917	0.031187262386083603	-0.003307542996481061	0.006519870832562447	0.0034490174148231745	0.0038461177609860897	0.005625277291983366	-0.06225905567407608	0.017876073718070984	0.0036435918882489204	-0.029056603088974953	-0.11952047049999237	-0.008030194789171219	-0.10628387331962585
ENSMUSG00000026034	0.003979820758104324	0.013942934572696686	-0.011035877279937267	0.04141728952527046	-0.019559428095817566	0.005315535236150026	0.03719859942793846	0.25760000944137573	0.020734328776597977	0.008149394765496254	-0.00816731620579958	-0.02879059873521328	0.025315580889582634	0.005210599862039089	-0.0350157730281353	0.2969791293144226	-0.0005503793945536017	0.0825376808643341	0.08901370316743851	0.4888671636581421	0.011603026650846004	0.42360779643058777
ENSMUSG00000047228	0.01804227940738201	0.03330279141664505	0.010202636942267418	0.010250560939311981	-0.006286296993494034	0.0013073160080239177	-0.005232259165495634	-0.07745406776666641	0.009633343666791916	0.04647583141922951	-0.0069809104315936565	0.006453569047152996	0.0020258710719645023	0.010208029299974442	-0.004134487360715866	0.014319689013063908	0.024785682559013367	0.02303941734135151	-0.003644264303147793	0.03972082585096359	-0.006249442230910063	-0.021418854594230652
ENSMUSG00000086796	0.019904915243387222	0.023674065247178078	0.00821408536285162	0.013688239268958569	-0.013539360836148262	0.0023982725106179714	0.006013905629515648	0.010726246051490307	0.020107312127947807	0.028482982888817787	-0.02354438789188862	-0.001807668013498187	0.002990089589729905	0.015529625117778778	-0.02713317610323429	0.08425378054380417	0.0371575653553009	0.022785738110542297	0.0485207699239254	0.13955654203891754	0.003625921905040741	0.0017037290381267667
ENSMUSG00000087689	0.0053682709112763405	0.04796607419848442	-0.0036611512769013643	0.002736032009124756	0.0002308305847691372	-0.0003213864692952484	-0.00778720248490572	-0.07625554502010345	0.003085905686020851	0.05116565153002739	-0.0010724691674113274	0.012402793392539024	0.004130329936742783	0.004098147619515657	-0.002863567555323243	-0.025209126994013786	0.012269340455532074	0.005660729482769966	-0.044936396181583405	-0.150836780667305	-0.006705825217068195	-0.06647881865501404
ENSMUSG00000117179	0.02619250863790512	0.03491481766104698	0.004592757672071457	0.014788756147027016	-0.00017876116908155382	-0.0029649310745298862	-0.002547920448705554	-0.06540200859308243	0.003423703368753195	0.06050734221935272	-0.0025061059277504683	0.009715195745229721	0.005336882080882788	0.00039792590541765094	0.008122194558382034	-0.09513336420059204	0.023527853190898895	0.021983547136187553	-0.04717698693275452	-0.1126135066151619	-0.004991017747670412	-0.06810295581817627
ENSMUSG00000025202	0.01983058638870716	0.04397153481841087	0.009024227038025856	0.008031688630580902	-0.0038768842350691557	-0.0034579592756927013	-0.0023332429118454456	-0.04846026748418808	0.0035617274697870016	0.056819915771484375	-0.0011198968859389424	0.008419050835072994	0.00046237686183303595	0.020979473367333412	0.010230116546154022	-0.08799897134304047	0.03145753592252731	0.02062896266579628	-0.007196980062872171	-0.06818202137947083	-0.009417994879186153	-0.05792582035064697
ENSMUSG00000117789	0.0073939054273068905	0.011873246170580387	-0.006198199465870857	0.02796304039657116	-0.017337657511234283	0.0036279407795518637	0.03866348788142204	0.22618722915649414	0.017190035432577133	0.009432738646864891	-0.019425712525844574	-0.021085668355226517	0.01084858551621437	0.012460083700716496	-0.011560590006411076	0.27508485317230225	0.007444852497428656	0.05450739711523056	0.06875638663768768	0.3283117711544037	0.016317594796419144	0.2276444286108017
ENSMUSG00000027534	0.006447413004934788	0.021941812708973885	0.001759104896336794	0.014591988176107407	-0.027500201016664505	0.003324885619804263	0.00016233212954830378	0.2449846863746643	0.01196486596018076	0.009627483785152435	-0.008449442684650421	-0.027706939727067947	0.0038029656279832125	0.01582699455320835	-0.014192226342856884	0.3136727511882782	0.011260471306741238	0.05757184326648712	0.03595561906695366	0.2820914387702942	-0.008446740917861462	0.3239661157131195
ENSMUSG00000114911	0.012058363296091557	0.027269840240478516	0.009382848627865314	0.024291131645441055	-0.002446947619318962	-0.003625373588874936	-0.006832239218056202	-0.07278620451688766	-0.000526728923432529	0.043507400900125504	-0.010614072903990746	0.005900773219764233	-0.002637644996866584	0.002674874383956194	-0.00018057053966913372	-0.006899880710989237	0.020992720499634743	0.018588973209261894	-0.02013171836733818	-0.07968974858522415	-0.008922786451876163	-0.0813247412443161
ENSMUSG00000028232	0.004531675484031439	0.002608706010505557	0.0003359182155691087	0.03342152014374733	-0.021073518320918083	0.0071616750210523605	-0.010158373974263668	0.27987584471702576	-0.0004463351797312498	0.002721131779253483	-0.00592305650934577	-0.00935158971697092	-0.004503470845520496	0.016034135594964027	-0.00023000412329565734	0.31827494502067566	0.007733442354947329	0.07778723537921906	0.015381855890154839	0.35924598574638367	-0.008739248849451542	0.4406064748764038
ENSMUSG00000104156	0.011023548431694508	0.031532227993011475	-0.014311716891825199	0.011823590844869614	-0.004086522851139307	-0.002586926566436887	0.09744341671466827	0.06058403104543686	0.02819390967488289	0.03296865150332451	-0.005600299686193466	-0.009558117017149925	0.03567010909318924	0.013850199058651924	-0.05454237014055252	-0.06479766964912415	-0.005819803103804588	0.03878338634967804	0.1928841769695282	0.4355730414390564	0.1669132560491562	0.17433486878871918
ENSMUSG00000069227	0.011660465970635414	0.023762138560414314	0.001915035885758698	0.011807816103100777	-0.016230855137109756	9.998605673899874e-05	0.006514993496239185	0.10790880024433136	0.012230741791427135	0.0201928298920393	-0.02020864002406597	-0.021330980584025383	0.005053228698670864	0.01826418563723564	-0.036177802830934525	0.14555665850639343	0.02534574270248413	0.0314689539372921	0.01293037086725235	0.10536432266235352	-0.00041998160304501653	0.10157769918441772
ENSMUSG00000081108	-0.06075974553823471	-0.017106197774410248	0.01975611038506031	0.02158171683549881	0.05614452436566353	0.016598474234342575	-0.0033464976586401463	-0.23676709830760956	-0.003295011818408966	-0.01215286273509264	0.04705838859081268	0.00806597899645567	-0.011940574273467064	-0.012893912382423878	-0.01897461712360382	-0.19506660103797913	-0.05466555058956146	0.009553409181535244	-0.03495868295431137	-0.047829292714595795	0.028737809509038925	-0.1610308289527893
ENSMUSG00000117444	0.021120499819517136	0.02662583999335766	0.011711942963302135	0.014887170866131783	-0.0060361153446137905	-0.00042135428520850837	-0.0022408231161534786	-0.07513856142759323	0.007072742097079754	0.04220332205295563	-0.005514317657798529	0.0037128969561308622	0.0049349525943398476	0.009020405821502209	-0.0012567815138027072	-0.018904121592640877	0.020334944128990173	0.03631110489368439	0.017704864963889122	0.051748599857091904	-0.0069724577479064465	-0.03582601249217987
ENSMUSG00000101958	-0.0020416579209268093	0.020337000489234924	0.009409429505467415	0.011155613698065281	-0.010764878243207932	-0.003429098753258586	-0.0034542533103376627	-0.09396420419216156	0.010854347608983517	0.027966178953647614	-0.015789387747645378	0.009976605884730816	-0.0018596563022583723	0.0028022739570587873	0.003415789920836687	-0.042667463421821594	0.04456431791186333	0.013590285554528236	-0.025642037391662598	-0.11240086704492569	-0.010513108223676682	-0.05152903497219086
ENSMUSG00000024844	0.0008881246321834624	0.018649129197001457	-0.017575804144144058	0.03255118057131767	-0.018424244597554207	0.007717637810856104	0.09351324290037155	0.23256370425224304	0.03414498642086983	0.005226319655776024	-0.0008097758982330561	-0.03892356902360916	-0.008084854111075401	-0.004344698041677475	-0.04853304848074913	0.2203563153743744	-0.019511526450514793	0.08660303056240082	0.10296604037284851	0.4323095977306366	0.10642276704311371	0.5627621412277222
ENSMUSG00000046396	-0.0003479941515251994	-0.04038052260875702	-0.0021548981312662363	-0.02079644985496998	-3.812653449131176e-05	-0.0033884921576827765	-0.0130498381331563	-0.09183045476675034	0.0010140282101929188	-0.010539954528212547	-0.0018095229752361774	0.011938822455704212	0.0034966408275067806	0.009543100371956825	-0.00223335437476635	-0.09655117988586426	-0.005172268021851778	-0.01043627504259348	-0.03205614909529686	-0.12549099326133728	-0.008868670091032982	-0.05214157700538635
ENSMUSG00000042909	0.023937128484249115	0.0212581567466259	0.015032290481030941	-0.007004929706454277	-0.0018735633930191398	-0.0038785848300904036	-0.0035789047833532095	-0.0717456117272377	0.004442206118255854	0.052721455693244934	-0.009229463525116444	0.005861950106918812	0.0011861241655424237	0.0014953740173950791	0.001979171996936202	-0.03710136562585831	0.04042627662420273	0.015370436012744904	-0.0037164611276239157	-0.050947170704603195	-0.00812744814902544	-0.10491039603948593
ENSMUSG00000107993	0.0131732989102602	0.045189715921878815	0.0047326344065368176	0.024670686572790146	-0.002140286611393094	-0.0018027949845418334	-0.0079079894348979	-0.09750115126371384	0.0063007669523358345	0.042694464325904846	-0.002789156511425972	0.010555782355368137	0.0001680199638940394	-0.002288702642545104	-0.0027255055028945208	-0.014752690680325031	0.01681501790881157	0.03357156366109848	-0.028010178357362747	-0.09394025057554245	-0.006400619633495808	-0.1141643151640892
ENSMUSG00000099793	-0.10803068429231644	-0.22050966322422028	-0.026485972106456757	-0.05192337557673454	-0.0328693650662899	-0.07932398468255997	0.025736751034855843	-0.1055631935596466	-0.04727441817522049	-0.22943781316280365	-0.01883648708462715	-0.014530365355312824	-0.013789267279207706	-0.02652907930314541	0.04801816865801811	-0.24066951870918274	-0.16050326824188232	-0.27358344197273254	0.2254774421453476	-0.6104251742362976	-0.00779779814183712	-0.41069161891937256
ENSMUSG00000108950	0.01711554452776909	0.026899216696619987	0.008940438739955425	0.007272033486515284	-0.0018251975998282433	-0.0032325962092727423	-0.0025516385212540627	-0.08128642290830612	0.0039770333096385	0.03332061693072319	0.0025991315487772226	0.0076439171098172665	0.0002291860873810947	0.011303823441267014	0.0017541167326271534	-0.0430777408182621	0.04074789956212044	0.053127821534872055	-0.04672866687178612	-0.09752654284238815	-0.007349900435656309	-0.0732753723859787
ENSMUSG00000117571	0.028462538495659828	0.03604854643344879	0.006223874632269144	0.02159969136118889	-0.008383477106690407	-0.0032630946952849627	-0.002371312817558646	-0.11289112269878387	0.010097989812493324	0.0435846745967865	-0.00805016327649355	0.011834216304123402	0.0040452005341649055	0.012958942912518978	0.002670340472832322	-0.010181482881307602	0.03291402757167816	0.046126678586006165	-0.002995158080011606	-0.1633196324110031	-0.009455583989620209	-0.08626534789800644
ENSMUSG00000049811	0.009939542040228844	0.0185136366635561	0.001408026204444468	0.020674971863627434	-0.017984017729759216	0.009256076999008656	0.006905419752001762	0.210716113448143	0.017390990629792213	0.015379768796265125	-0.016541026532649994	-0.02382941171526909	0.013377510011196136	0.015218798071146011	-0.02690805494785309	0.2925778329372406	0.01481591910123825	0.05518798530101776	0.032596688717603683	0.3423764109611511	-0.006311239209026098	0.2304726094007492
ENSMUSG00000054792	-0.00018142421322409064	-0.12124072760343552	0.00011319603800075129	-0.034654803574085236	0.004520488902926445	0.03409324958920479	-0.007933879271149635	-0.06963290274143219	-0.006615906488150358	-0.17856407165527344	0.008590101264417171	0.042991574853658676	-0.007152310572564602	-0.07229635864496231	-0.003528779838234186	-0.1726546287536621	0.012858238071203232	-0.18867996335029602	-0.056782472878694534	-0.7142699956893921	-0.013464219868183136	-0.3651846945285797
ENSMUSG00000112767	-0.0032443650998175144	-0.008225861936807632	-0.002696789801120758	-0.022650571539998055	-0.005653962958604097	-0.004857149440795183	-0.010493595153093338	-0.0930609405040741	-0.004934311378747225	0.02250855602324009	-0.004482152871787548	0.006222396623343229	0.004650859162211418	0.016011226922273636	-0.0026730094105005264	-0.020774776116013527	0.002944872947409749	-0.059446170926094055	-0.012213715352118015	-0.15250591933727264	-0.0070721181109547615	-0.042675066739320755
ENSMUSG00000026885	0.010583928786218166	0.021879151463508606	0.004671873990446329	0.011388551443815231	-0.015681171789765358	0.008891990408301353	0.0003335702931508422	0.19862912595272064	0.01339839305728674	0.011413553729653358	-0.015017510391771793	-0.023158183321356773	0.005237664096057415	0.018364274874329567	-0.02389589697122574	0.260861337184906	0.020646054297685623	0.05310547724366188	-0.004356195218861103	0.16810260713100433	-0.0075239622965455055	0.2877688705921173
ENSMUSG00000015519	0.00012773848720826209	0.007283140439540148	-0.002554825274273753	0.01876792497932911	-0.007726727053523064	-0.001761391293257475	-0.008725364692509174	-0.1765638142824173	-0.00325853587128222	0.02285398170351982	0.0006820259732194245	0.01053744088858366	0.0005479234969243407	0.012325813993811607	-0.0051481700502336025	-0.05695486441254616	0.0014009128790348768	0.00559460511431098	-0.04023128002882004	-0.11088916659355164	-0.009603011421859264	-0.08291228115558624
ENSMUSG00000067212	0.019815407693386078	0.03002464771270752	0.0007275669486261904	0.01581730879843235	-0.016625739634037018	0.0037323525175452232	-0.005046584643423557	0.060328785330057144	0.04284742474555969	0.017295746132731438	-0.0291738323867321	-0.013238041661679745	0.002784573705866933	0.016414588317275047	-0.04365076124668121	0.07509922236204147	0.04397201910614967	0.031261857599020004	0.08949622511863708	0.14669032394886017	0.010945821180939674	0.10768979042768478
ENSMUSG00000085982	-0.002423477591946721	-0.004870505537837744	0.00013391015818342566	0.020389342680573463	0.006736681330949068	0.0007726463954895735	0.0015435751993209124	0.27884024381637573	-0.019764170050621033	0.006513357628136873	0.0018934558611363173	-0.006644741166383028	-0.01055344007909298	0.01382979191839695	0.008193088695406914	0.3380501866340637	0.012245145626366138	0.050707343965768814	-0.03232521936297417	0.4754185080528259	-0.009149927645921707	0.1863442361354828
ENSMUSG00000031637	0.010108266957104206	0.023372216150164604	0.002104137558490038	0.02060007117688656	-0.020982658490538597	0.009289093315601349	0.007911177352070808	0.16899774968624115	0.014859196729958057	0.014660575427114964	-0.0201307013630867	-0.022447356954216957	0.008514592424035072	0.015539131127297878	-0.02219577133655548	0.27361512184143066	0.01319275051355362	0.059766292572021484	0.03798742964863777	0.3237917721271515	-0.006361937616020441	0.2540358603000641
ENSMUSG00000080268	0.01162752415984869	0.036513254046440125	0.007681531831622124	0.009011282585561275	-0.010075606405735016	0.0067613571882247925	0.010723867453634739	0.13271082937717438	0.01748744398355484	0.023933937773108482	-0.00990666076540947	-0.016649434342980385	-0.002370118396356702	0.015797320753335953	-0.009053442627191544	-0.02492499351501465	0.023993080481886864	0.04129515215754509	0.05125404894351959	0.24734944105148315	-0.0017414480680599809	0.3188471496105194
ENSMUSG00000036136	0.012949046678841114	0.048314690589904785	0.005235661286860704	0.018098952248692513	-0.01724436692893505	0.002619806444272399	0.002306893467903137	0.08416442573070526	0.00870258454233408	0.0311419777572155	-0.021107841283082962	-0.01160747092217207	-4.900218755210517e-06	0.013512756675481796	-0.01497906818985939	0.08839777112007141	0.019824480637907982	0.044447559863328934	-0.03290709853172302	0.04414184018969536	-0.004404270555824041	0.038322314620018005
ENSMUSG00000082170	-0.009343221783638	0.008372381329536438	-0.006428227294236422	0.015731224790215492	0.006574617698788643	0.0010104883695021272	-0.005437659099698067	-0.0515754260122776	-0.017812687903642654	-0.027306795120239258	0.00754904467612505	0.008208693005144596	-0.0011436956701800227	0.009330082684755325	0.005290869623422623	-0.09819630533456802	0.040558598935604095	0.04670191928744316	-0.05365977808833122	-0.11299991607666016	-0.009533097967505455	-0.13259531557559967
ENSMUSG00000027255	0.008457952179014683	0.02728937566280365	0.0022610905580222607	0.018105197697877884	-0.025054821744561195	0.006475355476140976	0.011343761347234249	0.2215070128440857	0.012903112918138504	0.01491939090192318	-0.01393649447709322	-0.023168452084064484	0.005356802139431238	0.016332263126969337	-0.012609436176717281	0.2924278974533081	0.01692059449851513	0.06630229949951172	0.03621717542409897	0.3040398359298706	-0.007235061377286911	0.2949793338775635
ENSMUSG00000105423	0.009638424962759018	0.01953236199915409	-0.001499505597166717	0.015324823558330536	-0.0018372893100604415	-0.0024523772299289703	-0.008308869786560535	-0.08741634339094162	0.0006083231419324875	0.022107280790805817	0.002631228882819414	0.009854317642748356	0.0003764167777262628	0.011776558123528957	-0.0028313100337982178	-0.061124663800001144	0.007612449582666159	0.006864331196993589	-0.04575279727578163	-0.14989356696605682	-0.007025486323982477	-0.0903635025024414
ENSMUSG00000021381	0.016467582434415817	0.015554381534457207	0.006316642742604017	0.017808469012379646	-0.01011708751320839	-0.000948482018429786	-0.0033652971033006907	0.038261353969573975	0.013910872861742973	0.03738461434841156	-0.024682046845555305	-0.005781836342066526	-5.007059371564537e-05	0.016638150438666344	-0.02451452426612377	-0.018558673560619354	0.044254980981349945	0.01552251074463129	0.03266648203134537	0.034280434250831604	-0.003624969394877553	-0.0006966071669012308
ENSMUSG00000021690	0.006982708349823952	0.01280432939529419	0.0014871290186420083	0.023948287591338158	-0.020996954292058945	0.004966596141457558	0.01399211771786213	0.2596106231212616	0.008822326548397541	0.011943093501031399	-0.01104214508086443	-0.02683694288134575	0.0064263371750712395	0.015404998324811459	-0.015245778486132622	0.289850115776062	0.010486393235623837	0.07552394270896912	0.021841222420334816	0.3889487087726593	-0.007729575503617525	0.2933198809623718
ENSMUSG00000073987	0.004168370738625526	0.014005012810230255	-0.0011225383495911956	0.007533884607255459	-0.011521022766828537	0.0037711297627538443	-0.011515237390995026	0.2127738744020462	-0.004909583833068609	0.013950590044260025	-0.008811954408884048	-0.02660191059112549	0.0016072014113888144	0.01723344996571541	-0.01082303561270237	0.2890869379043579	0.013059889897704124	0.05599529668688774	-0.02267352119088173	0.17372772097587585	-0.007223833817988634	0.17147451639175415
ENSMUSG00000038628	0.009359816089272499	0.020398838445544243	0.0010024814400821924	0.009582428261637688	-0.027090080082416534	0.005348141770809889	0.008945289999246597	0.2480190396308899	0.018543552607297897	0.010662409476935863	-0.009340486489236355	-0.03352534770965576	0.010113193653523922	0.01496859174221754	-0.003663770155981183	0.3141203224658966	0.013911373913288116	0.05114040523767471	0.01824887841939926	0.18533729016780853	-0.0067832390777766705	0.2361551821231842
ENSMUSG00000097817	0.009079339914023876	0.022531339898705482	-0.024560844525694847	0.02214748226106167	-0.009541008621454239	0.0046028331853449345	0.028998902067542076	0.06844238936901093	0.022294528782367706	0.030487369745969772	-0.020106781274080276	-0.013245359994471073	0.030531713739037514	0.010038959793746471	-0.06760892271995544	0.053464192897081375	-0.009824502281844616	0.016269199550151825	0.14319728314876556	0.412410706281662	0.0754014402627945	0.20387588441371918
ENSMUSG00000117100	0.009874841198325157	0.015478146262466908	-0.001925167627632618	0.004002661909908056	-0.0012704406399279833	-0.006012927275151014	-0.00745821138843894	-0.11736781150102615	-0.004451753105968237	0.049722667783498764	0.0006166084785945714	0.009716884233057499	8.956924830272328e-06	0.01013142615556717	0.0023846416734158993	-0.11275293678045273	0.018594849854707718	-0.029233384877443314	-0.03810463845729828	-0.001800351426936686	-0.007812770083546638	-0.047854963690042496
ENSMUSG00000073267	-0.03065190277993679	-0.01702173799276352	-0.012852474115788937	-0.006333866156637669	0.007724091876298189	0.0022929427213966846	-0.008691892959177494	-0.11313632875680923	-0.012200076133012772	-0.0002698868920560926	0.005986456293612719	0.0102096451446414	-0.007642856799066067	-0.003508748020976782	-0.012361770495772362	-0.11788101494312286	-0.015312998555600643	-0.037059515714645386	-0.040658578276634216	-0.20185458660125732	-0.0016287383623421192	-0.22588586807250977
ENSMUSG00000034107	0.023151149973273277	0.015835726633667946	0.012864411808550358	0.012561608105897903	-0.005239525344222784	0.0031521327327936888	0.003988123033195734	-0.061411596834659576	0.01113029383122921	0.05868333950638771	-0.0055187763646245	0.008511061780154705	0.0008619683794677258	-0.004161075223237276	-0.006935435347259045	0.015087166801095009	0.04334663227200508	0.053930673748254776	0.007164359092712402	0.03503957390785217	-0.006052564363926649	-0.018707599490880966
ENSMUSG00000053889	0.01760462485253811	0.008693710900843143	0.006183019373565912	0.015221621841192245	0.0023265753407031298	-0.0019252868369221687	-0.0016257183160632849	-0.05299118533730507	0.005869554355740547	0.019608188420534134	-3.437891064095311e-05	0.010456405580043793	-0.0002539734705351293	0.001012344378978014	0.000500635476782918	-0.06149597465991974	0.02453085221350193	0.030580563470721245	-0.055117297917604446	-0.2432377189397812	-0.006068127229809761	-0.19313231110572815
ENSMUSG00000111212	0.019829627126455307	0.0077538867481052876	0.004431546200066805	0.015183733776211739	5.7747856772039086e-05	-0.0028780510183423758	-0.0035786854568868876	-0.06804856657981873	0.012221910990774632	0.017321854829788208	-0.0010240625124424696	0.008293227292597294	0.0037321853451430798	0.003789443988353014	-0.0030918321572244167	-0.025809720158576965	0.01696477085351944	0.029151730239391327	-0.05315360054373741	-0.24512960016727448	-0.005858936812728643	-0.08854322135448456
ENSMUSG00000086074	0.009650441817939281	0.02397305518388748	0.0035273386165499687	0.0042961654253304005	-0.008714633993804455	-0.0005749812698923051	-0.0069352309219539165	0.008301246911287308	0.009517867118120193	0.020581893622875214	-0.006287009920924902	-0.0043662600219249725	0.0024331810418516397	0.012960379011929035	-0.009088856168091297	0.045979857444763184	0.03380201384425163	0.03421440348029137	-0.004847714211791754	-0.009952380321919918	-0.004163867328315973	-0.013616032898426056
ENSMUSG00000056910	0.0009788646129891276	-0.1335781067609787	-0.0025710342451930046	-0.08748654276132584	-0.003303439822047949	-0.006688084453344345	-0.01225909311324358	-0.054527077823877335	-0.006304142531007528	-0.017681749537587166	0.0005887828883714974	0.006958573590964079	-0.004072039388120174	0.010663146153092384	-0.012283874675631523	-0.2071482241153717	0.014468753710389137	-0.05637176334857941	-0.03646457940340042	-0.10132629424333572	-0.011760067194700241	-0.05097205564379692
ENSMUSG00000097266	-0.006623999681323767	-0.007326611317694187	0.046627264469861984	0.002234492916613817	0.05715630203485489	-0.0030446588061749935	-0.028496921062469482	0.20274730026721954	-0.037759944796562195	0.001359345274977386	0.014463339932262897	-0.01465320959687233	-0.033967744559049606	0.01591665670275688	0.0019497451139613986	0.22052522003650665	0.007200060877948999	-0.011412079446017742	-0.07169649004936218	0.03765658289194107	-0.0006896382546983659	0.23309394717216492
ENSMUSG00000042453	0.007094230502843857	0.01618383452296257	0.003999926615506411	0.013841889798641205	-0.018164388835430145	0.001970880199223757	-0.0035619642585515976	0.19247063994407654	0.006260644644498825	0.012385852634906769	-0.013001072220504284	-0.02778516337275505	0.0014694668352603912	0.019077666103839874	-0.016538584604859352	0.243906170129776	0.018114857375621796	0.05779155343770981	-0.022298429161310196	0.13036000728607178	-0.007418572437018156	0.11522631347179413
ENSMUSG00000027953	0.012972836382687092	0.035591743886470795	-0.0003311213222332299	0.016411369666457176	-0.014395661652088165	0.0016487279208377004	0.00925692543387413	0.08059711754322052	0.029619267210364342	0.011770128272473812	-0.017022259533405304	-0.0216161347925663	0.0012968203518539667	0.01440946664661169	-0.03570510074496269	0.15005575120449066	0.02849152311682701	0.04055478423833847	0.07617359608411789	0.12375399470329285	0.01083952933549881	0.13139908015727997
ENSMUSG00000051877	-0.014787333086133003	-0.01773577742278576	-0.0032232655212283134	-0.00601116381585598	-0.002531642559915781	-0.0032459625508636236	-0.007742124143987894	-0.09856676310300827	-0.0060822488740086555	-0.0679951012134552	0.003996669314801693	0.008993556722998619	0.00036007739254273474	-0.015878627076745033	-0.006399482022970915	-0.19879212975502014	-0.0022449432872235775	-0.004799993708729744	-0.035868555307388306	-0.12642629444599152	-0.010962099768221378	-0.03436616435647011
ENSMUSG00000030270	0.015254671685397625	0.04052162542939186	0.004318937659263611	0.013876773416996002	-0.008359034545719624	0.0035304611083120108	0.008737574331462383	0.062393251806497574	0.01994345337152481	0.027303647249937057	-0.011857647448778152	-0.018492719158530235	0.008854341693222523	0.017298348248004913	-0.023711036890745163	0.04980020225048065	0.026865802705287933	0.03791550546884537	0.11244924366474152	0.23164857923984528	0.006809536833316088	0.06892077624797821
ENSMUSG00000046916	0.011079170741140842	0.03583845496177673	-0.0013627596199512482	0.00924250204116106	-0.0038188418839126825	-0.0009908677311614156	-0.005046045873314142	-0.05661500617861748	0.0051118917763233185	0.021306652575731277	-0.005786782130599022	0.007352618034929037	0.006998758763074875	0.001950691919773817	-0.0016513923183083534	-0.08786638081073761	0.027282826602458954	-0.008160230703651905	-0.045541130006313324	-0.04487883672118187	-0.007806336972862482	-0.045736681669950485
ENSMUSG00000020952	0.007259932346642017	0.017132876440882683	0.0014795884490013123	0.024510212242603302	-0.012712462805211544	0.010653107427060604	-0.00520061980932951	0.21124085783958435	0.002856228733435273	0.012477395124733448	-0.005361286923289299	-0.014818897470831871	0.010857569053769112	0.014718646183609962	-0.012879377231001854	0.3291817009449005	0.009019188582897186	0.0506146140396595	0.018847880885004997	0.41943854093551636	-0.00727821746841073	0.2760324776172638
ENSMUSG00000026728	0.006613323464989662	0.01774912327528	0.00050345528870821	0.027110058814287186	-0.013653738424181938	0.0021539845038205385	0.033894143998622894	0.22188280522823334	0.01048122439533472	0.010735491290688515	-0.014878037385642529	-0.024493353441357613	0.01467257272452116	0.010155201889574528	-0.031074009835720062	0.23118439316749573	0.0020277618896216154	0.057042740285396576	0.06999721378087997	0.45425766706466675	0.00408951984718442	0.1818266361951828
ENSMUSG00000121508	0.029952583834528923	0.02404874749481678	0.00652315141633153	0.009609099477529526	-0.009098833426833153	-0.002767024328932166	-0.012645573355257511	-0.09954759478569031	0.005144643597304821	0.05420367419719696	-0.013752519153058529	0.008517632260918617	0.0035601272247731686	-0.006707925349473953	0.011113095097243786	-0.0822681114077568	0.0341927632689476	0.032608307898044586	0.016832860186696053	-0.018773557618260384	-0.015285060741007328	-0.054792944341897964
ENSMUSG00000040136	0.00905319768935442	0.03436928614974022	0.009807039052248001	0.009786996990442276	-0.0059916358441114426	0.00012919008440803736	-0.006900323089212179	0.09489787369966507	0.00860841479152441	0.022904150187969208	-0.006399882957339287	-0.0073166596703231335	-0.0017275151330977678	0.020548412576317787	-0.022916829213500023	0.11292972415685654	0.03138890489935875	0.055860064923763275	-0.04494863376021385	0.07269947230815887	-0.006830337457358837	0.06097326800227165
ENSMUSG00000003863	0.008295565843582153	0.021618956699967384	-0.006906687747687101	0.007474791258573532	-0.020680932328104973	0.0020164295565336943	0.02779305726289749	0.19991430640220642	0.02198554202914238	0.012636279687285423	-0.02024867944419384	-0.018298372626304626	0.016997674480080605	0.010376528836786747	-0.04314243420958519	0.17378078401088715	0.005003693513572216	0.0565103143453598	0.06989549845457077	0.3372021019458771	0.011081415228545666	0.3441550135612488
ENSMUSG00000043668	0.010645227506756783	0.02162896655499935	0.005576182156801224	0.025801070034503937	-0.019396288320422173	0.0026352866552770138	-0.00466257194057107	0.16224271059036255	0.010914488695561886	0.015580466948449612	-0.017430763691663742	-0.02732527256011963	0.0013952580047771335	0.018816161900758743	-0.022060690447688103	0.2265142947435379	0.01676601730287075	0.059549786150455475	0.00031588421552442014	0.09171085059642792	-0.0064299702644348145	0.07350650429725647
ENSMUSG00000117743	0.021067533642053604	0.042010851204395294	0.0035704122856259346	0.022166088223457336	-0.01481570489704609	-0.0013397751608863473	0.008761432953178883	-0.01180621050298214	0.02223854698240757	0.025084301829338074	-0.016900114715099335	0.0006245843251235783	0.01559964194893837	0.012409768998622894	-0.011065206490457058	0.04298140108585358	0.02932635508477688	0.050474848598241806	0.12865398824214935	0.04371242597699165	0.013124214485287666	-0.01619361899793148
ENSMUSG00000118229	0.020937703549861908	0.03428741917014122	0.009410630911588669	0.03573814406991005	-0.002654880052432418	-0.003959163557738066	-0.0024507618509233	-0.06230757385492325	0.00413173995912075	0.06264202296733856	-0.008248025551438332	0.005099672824144363	0.0029506818391382694	0.009940697811543941	0.004298323765397072	-0.02712332457304001	0.04124651476740837	0.042016398161649704	-0.029915573075413704	0.0034754907246679068	-0.007011679466813803	-0.061288122087717056
ENSMUSG00000107519	0.006470304913818836	-0.009892270900309086	-0.00114974076859653	0.0016902668867260218	-0.0034263329580426216	0.0005203354521654546	-0.013093396089971066	-0.05970305576920509	0.0021655878517776728	0.00017735399887897074	-0.0029937815852463245	0.012927514500916004	0.001110426033847034	0.018463188782334328	-0.0034318205434828997	-0.1342931091785431	0.0019946841057389975	0.002620099810883403	-0.017080852761864662	-0.10068509727716446	-0.008257336914539337	0.009618041105568409
ENSMUSG00000094325	-0.10803068429231644	-0.22050966322422028	-0.026485972106456757	-0.05192337557673454	-0.0328693650662899	-0.07932398468255997	0.025736751034855843	-0.1055631935596466	-0.04727441817522049	-0.22943781316280365	-0.01883648708462715	-0.014530365355312824	-0.013789267279207706	-0.02652907930314541	0.04801816865801811	-0.24066951870918274	-0.16050326824188232	-0.27358344197273254	0.2254774421453476	-0.6104251742362976	-0.00779779814183712	-0.41069161891937256
ENSMUSG00000087042	0.0062466152012348175	0.03693272918462753	0.01585746556520462	0.01264189463108778	-0.012303028255701065	-0.0025193854235112667	0.0023021132219582796	0.05193255841732025	0.016947884112596512	0.03114919736981392	0.01343499030917883	-0.013932669535279274	0.007852724753320217	0.01925516314804554	-0.023945152759552002	0.08275046944618225	0.035300444811582565	0.03516468405723572	0.03119795396924019	0.10027868300676346	-0.0037120385095477104	0.01852116547524929
ENSMUSG00000121700	0.008444149047136307	-0.050091780722141266	-0.0049817790277302265	-0.03169643133878708	-0.024216828867793083	-0.005511877592653036	-0.022728219628334045	0.009369716979563236	0.002853779122233391	-0.004044265951961279	-0.002107888227328658	0.010715890675783157	0.010707676410675049	0.01157802902162075	0.024337731301784515	-0.3070814609527588	0.014011588878929615	-0.013306736014783382	0.10913585871458054	-0.03838570788502693	-0.004159629810601473	-0.10660860687494278
ENSMUSG00000061894	0.0125545309856534	0.022905724123120308	0.004292641766369343	0.006287581752985716	-0.009850176982581615	0.0012145729269832373	0.000985215650871396	0.16230657696723938	0.011845391243696213	0.017021704465150833	-0.016130372881889343	-0.014532995410263538	0.0065414560958743095	0.01518252119421959	-0.01912308670580387	0.2170092761516571	0.023752398788928986	0.03906712681055069	-0.008299496956169605	0.13685226440429688	-0.007156853098422289	0.15216819941997528
ENSMUSG00000095577	-0.01292118988931179	0.008073348551988602	-0.005539881531149149	-0.0018578395247459412	-0.0037083690986037254	-0.0010631828336045146	-0.01596521958708763	-0.09266410768032074	-0.012922181747853756	-2.4906998078222387e-05	-0.004534968640655279	0.012863830663263798	0.00015008541231509298	-0.005980500020086765	0.018968908116221428	-0.09831080585718155	0.011273236013948917	0.02268131449818611	-0.031114785000681877	-0.052982453256845474	-0.008379977196455002	-0.04139299318194389
ENSMUSG00000090291	0.010845113545656204	0.023353908210992813	0.007392977364361286	0.008260879665613174	-0.013629359193146229	0.005039813928306103	0.008039292879402637	0.1729365736246109	0.020429160445928574	0.01942780427634716	-0.00974612683057785	-0.024169333279132843	-0.0002344623935641721	0.017458636313676834	-0.023617692291736603	0.2811374366283417	0.02409781701862812	0.05735141411423683	0.041378121823072433	0.19652999937534332	-0.008049074560403824	0.21849340200424194
ENSMUSG00000030706	0.008166993036866188	0.02084060199558735	-0.003978043328970671	0.02203485742211342	-0.02383471466600895	0.002789704594761133	0.017811674624681473	0.2749123275279999	0.015567945316433907	0.010600135661661625	-0.014261058531701565	-0.031706273555755615	0.015294229611754417	0.011085320264101028	-0.030263014137744904	0.27109748125076294	0.004230598919093609	0.09007582813501358	0.06506524235010147	0.3925943374633789	-0.0030758692882955074	0.39888015389442444
ENSMUSG00000116125	0.008320087566971779	0.02841784991323948	-0.0034536344464868307	0.019258446991443634	-0.022218501195311546	0.013550938107073307	0.018498495221138	0.20044328272342682	0.02600765787065029	0.014836374670267105	-0.006120528560131788	-0.024293862283229828	0.01992252841591835	0.00948027428239584	-0.037231843918561935	0.19939741492271423	-0.00026193668600171804	0.06752821058034897	0.028753193095326424	0.5866479277610779	-0.0004591392062138766	0.3282502293586731
ENSMUSG00000116624	0.010878248140215874	0.01538602914661169	-0.005205299239605665	0.019366854801774025	-0.0008635337580926716	-0.0019100033678114414	-0.008560659363865852	-0.10034714639186859	0.003388369455933571	0.047415219247341156	-0.002910804469138384	0.01025774609297514	-0.00331056397408247	-0.0018451274372637272	0.006007335614413023	-0.06147203966975212	-0.005001492332667112	0.02058839052915573	-0.020680895075201988	-0.056866854429244995	-0.006703406106680632	-0.02282845973968506
ENSMUSG00000059659	0.007378381676971912	0.01369218435138464	-0.01275858748704195	0.026597032323479652	-0.02238854207098484	0.011710643768310547	0.024150965735316277	0.27382245659828186	0.022175626829266548	0.009629874490201473	-0.005277808289974928	-0.027053695172071457	0.026913248002529144	0.003981469664722681	-0.03651454672217369	0.29184359312057495	-0.013116922229528427	0.07386315613985062	0.07233097404241562	0.47279980778694153	0.005297782830893993	0.4195703864097595
ENSMUSG00000106692	0.02048344910144806	0.04928784817457199	0.014356882311403751	0.011934541165828705	-0.005974808242172003	0.002385601168498397	0.001522568752989173	-0.058458611369132996	0.013704154640436172	0.0442143976688385	-0.012027106247842312	0.006627431605011225	0.000983985373750329	0.013139201328158379	-0.008091648109257221	0.010126621462404728	0.0387001633644104	0.04315931722521782	-0.006821098271757364	0.030753372237086296	-0.005537820048630238	-0.012590130791068077
ENSMUSG00000101454	0.03133685514330864	0.043941430747509	0.01588577590882778	0.02821904979646206	-0.013201525434851646	-0.002824042458087206	0.002736578928306699	-0.07732458412647247	0.015319576486945152	0.05895701050758362	0.011049414984881878	0.0028158887289464474	-0.0011995251988992095	0.006446491461247206	-0.0065930928103625774	-0.0011024732375517488	0.058079272508621216	0.04991813004016876	-0.03486169874668121	-0.16509708762168884	-0.006694589741528034	-0.06230395287275314
ENSMUSG00000067148	0.006351635325700045	0.02340596728026867	-0.011079545132815838	0.026622865349054337	-0.021250734105706215	0.010441115126013756	0.03633052483201027	0.24503135681152344	0.014195447787642479	0.011033628135919571	-0.0008554361993446946	-0.022239305078983307	0.015041188336908817	0.0047211311757564545	-0.01396871916949749	0.2644139230251312	-0.012646118178963661	0.06875215470790863	0.08803647756576538	0.4228792190551758	0.018624652177095413	0.44350188970565796
ENSMUSG00000110767	0.02519652433693409	0.03253026306629181	-0.0006039232830516994	0.024715662002563477	-0.002603041473776102	-0.00015567861555609852	-0.0022123740054666996	-0.06788235157728195	0.005595458671450615	0.07695088535547256	-0.002240215428173542	0.008760068565607071	0.008441340178251266	0.010057487525045872	0.006751399487257004	-0.017917821183800697	0.02793717384338379	0.035705577582120895	-0.03649451211094856	-0.09443972259759903	-0.007398815359920263	-0.06516854465007782
ENSMUSG00000047454	-0.0018315721536055207	-0.12584075331687927	0.0007933303713798523	-0.12923641502857208	0.0011540285777300596	0.0397479385137558	-0.007767498027533293	-0.19532406330108643	-0.004088143818080425	-0.2422334849834442	0.002783120609819889	-0.02545139007270336	0.0026906230486929417	-0.09036719053983688	-0.008343246765434742	-0.16056837141513824	0.0019773179665207863	-0.21860690414905548	-0.03391050174832344	-0.7111852765083313	-0.007423155941069126	-0.48906949162483215
ENSMUSG00000087106	-0.03366529569029808	0.007796322926878929	0.04651569947600365	-0.003538653487339616	0.04470450431108475	0.0009535326971672475	0.001955866115167737	-0.13364584743976593	-0.02841489017009735	0.017070159316062927	0.05392879620194435	0.001738230581395328	-0.007415411062538624	0.0041892509907484055	0.016012579202651978	-0.11239812523126602	-0.035854559391736984	-0.011996110901236534	-0.07601556926965714	-0.056396059691905975	-0.012666360475122929	-0.05001762509346008
ENSMUSG00000110067	0.011031486093997955	0.04043969139456749	0.006980065256357193	0.00973255094140768	-0.005638036876916885	0.005631089676171541	-0.00418166583403945	0.019132427871227264	0.010765048675239086	0.016179807484149933	-0.007179989013820887	-0.004169944673776627	0.0006222017109394073	0.01433715969324112	-0.018825044855475426	0.06982030719518661	0.027245407924056053	0.05987295135855675	-0.03347098454833031	-0.061880916357040405	-0.00654958002269268	0.009184031747281551
ENSMUSG00000031530	0.004179258365184069	0.019988585263490677	-0.011827165260910988	0.029182303696870804	-0.018074240535497665	0.003258239943534136	0.04621761292219162	0.24193748831748962	0.021709419786930084	0.008320577442646027	-0.011095298454165459	-0.029595403000712395	0.026292402297258377	0.005293005146086216	-0.03942613676190376	0.24073101580142975	-0.01797064207494259	0.05858442932367325	0.0665811076760292	0.5736137628555298	0.019223211333155632	0.3288711905479431
ENSMUSG00000091754	0.027431808412075043	0.02939198538661003	0.01614421233534813	0.009744269773364067	-0.011195192113518715	0.001781611004844308	-0.0009028645581565797	-0.05308489501476288	0.016191428527235985	0.054029159247875214	-0.015090862289071083	0.007261689752340317	0.005644537974148989	0.01815074123442173	-0.0032806959934532642	-0.0026803570799529552	0.03947584331035614	0.044367145746946335	0.004679630510509014	-0.06508766859769821	-0.0038108269218355417	0.005193272139877081
ENSMUSG00000051768	0.013054710812866688	0.036020997911691666	0.00258314679376781	0.017391325905919075	-0.013341578654944897	0.004607305396348238	0.009863675571978092	0.07354895025491714	0.02169504202902317	0.022525988519191742	-0.016542233526706696	-0.016262158751487732	0.007676965557038784	0.013821124099195004	-0.03117416799068451	0.1498604416847229	0.025748901069164276	0.05112204700708389	0.053774651139974594	0.19627106189727783	0.001455745194107294	0.17798049747943878
ENSMUSG00000073975	0.013224232941865921	0.028670432046055794	0.012491004541516304	-0.0018071430968120694	-0.0002811170998029411	-0.0018474351381883025	-0.00717310793697834	-0.06424540281295776	0.0021921726875007153	0.03280957415699959	-0.0002048360911430791	0.005730596370995045	-0.00023893258185125887	0.017585255205631256	-0.003112638834863901	-0.04130065441131592	0.021398138254880905	0.012231332249939442	-0.024365700781345367	-0.1073194146156311	-0.007005335763096809	-0.061063215136528015
ENSMUSG00000120185	0.012242650613188744	-0.13699185848236084	-0.0014638069551438093	-0.12622582912445068	-0.0009692202438600361	0.03870272636413574	-0.003391633275896311	-0.18480248749256134	-0.0026519326493144035	-0.2639247477054596	0.002401305129751563	-0.03297359123826027	0.00759867113083601	-0.0910906046628952	-0.002120070857927203	-0.15273447334766388	0.01313810609281063	-0.22747157514095306	-0.0354430228471756	-0.7024683356285095	-0.005090083461254835	-0.47446343302726746
ENSMUSG00000108563	0.001916686538606882	0.02355898916721344	0.0019475641893222928	0.027689598500728607	-0.014946830458939075	0.013181133195757866	0.09904497116804123	0.22024473547935486	0.01069259736686945	0.00904984213411808	0.0016711695352569222	-0.0011929147876799107	0.034724827855825424	0.0033837512601166964	-0.04071354866027832	0.11535343527793884	-0.02329615131020546	0.06300273537635803	0.06162432208657265	0.7214914560317993	0.048503387719392776	0.31925123929977417
ENSMUSG00000056216	0.006480654701590538	0.014099988155066967	-0.0011545363813638687	0.02798023447394371	-0.02467399090528488	0.0034460865426808596	0.024713465943932533	0.25061270594596863	0.018175996840000153	0.008632693439722061	-0.010493136942386627	-0.033605922013521194	0.017841458320617676	0.013381915166974068	-0.00995128694921732	0.31099531054496765	0.00791277177631855	0.06034988909959793	0.08158120512962341	0.3718124032020569	-0.0012920266017317772	0.3396500051021576
ENSMUSG00000020132	0.00934312492609024	0.0087656294927001	-0.0006907822680659592	0.026973484084010124	-0.02035195752978325	0.007426700554788113	0.012413847260177135	0.2580435872077942	0.01974518410861492	0.012884476222097874	-0.015518621541559696	-0.023275913670659065	0.012752337381243706	0.014416082762181759	-0.02597634308040142	0.3128969669342041	0.008511785417795181	0.06420072913169861	0.03702745586633682	0.3853285312652588	-0.00675645237788558	0.26766830682754517
ENSMUSG00000097565	0.0092172184959054	0.02762592025101185	0.001447622082196176	0.0036942597944289446	-0.017765818163752556	0.005324265919625759	0.015362820588052273	0.18228986859321594	0.016159940510988235	0.016167443245649338	-0.016735762357711792	-0.016535520553588867	0.011224397458136082	0.013826324604451656	-0.0179891437292099	0.21186719834804535	0.01587410643696785	0.04470892995595932	0.042404938489198685	0.2651519775390625	-0.003621825482696295	0.19052284955978394
ENSMUSG00000114309	0.013398339971899986	0.013409024104475975	0.013177511282265186	0.020624196156859398	-0.016216475516557693	0.005498124752193689	-0.0038440877106040716	0.1414283663034439	0.026679007336497307	0.014787383377552032	-0.012763571925461292	-0.011131652630865574	-0.006183928810060024	0.018427640199661255	0.0030098396819084883	0.23748449981212616	0.03252914547920227	0.042588427662849426	0.05284992605447769	0.07614126056432724	-0.006650151684880257	0.08387307822704315
ENSMUSG00000033368	0.0191385168582201	0.035243310034275055	0.007416748441755772	0.020153922960162163	-0.004616653546690941	0.0039602587930858135	-0.0004173514316789806	-0.04266577586531639	0.005006460007280111	0.042062778025865555	-0.005775843281298876	0.0027966315392404795	0.007823068648576736	0.013482174836099148	-0.006526230368763208	0.016343124210834503	0.025826329365372658	0.011544100940227509	0.016006583347916603	0.02557605504989624	-0.0016138642095029354	0.014244812540709972
ENSMUSG00000038214	0.004850818309932947	0.01771175116300583	-0.012045953422784805	0.04704626649618149	-0.01704232767224312	0.011177611537277699	0.04428236186504364	0.25919103622436523	0.02263903059065342	0.007174273952841759	-0.00511561706662178	-0.016025343909859657	0.027523241937160492	0.0029717860743403435	-0.04146962612867355	0.24635766446590424	-0.020434847101569176	0.09086544066667557	0.04929133504629135	0.6271641850471497	0.011340613476932049	0.3930303156375885
ENSMUSG00000113186	0.022363491356372833	0.031473949551582336	0.012775390408933163	0.010763406753540039	-0.0010061204666271806	-0.003633837914094329	-0.0025423094630241394	-0.06377692520618439	0.006582365836948156	0.04315812140703201	-0.005538076162338257	0.004733267705887556	0.0036373608745634556	0.009070370346307755	0.005082856398075819	-0.06104922294616699	0.03242914006114006	-0.0044569820165634155	-0.04077489301562309	-0.05592257156968117	-0.007575098890811205	-0.019380958750844002
ENSMUSG00000120957	0.012498973868787289	0.023576252162456512	0.010860839858651161	0.0165064949542284	-0.00807861052453518	0.0007847907254472375	0.0038530719466507435	0.09547131508588791	0.009735419414937496	0.031401898711919785	-0.012268872000277042	-0.012717176228761673	-0.001311836065724492	0.021274888888001442	-0.024579107761383057	0.06484132260084152	0.03548591211438179	0.05268072709441185	-0.0088514294475317	0.09676620364189148	-0.006481445860117674	0.021274879574775696
ENSMUSG00000015243	0.009785949252545834	0.013954032212495804	0.0022889121901243925	0.026671631261706352	-0.020938778296113014	0.009836162440478802	0.009682491421699524	0.2013458013534546	0.016630839556455612	0.015490719117224216	-0.015662455931305885	-0.016100309789180756	0.011887388303875923	0.014448026195168495	-0.026556897908449173	0.28252649307250977	0.012584029696881771	0.06862035393714905	0.03155168890953064	0.41438591480255127	-0.007308823987841606	0.1891602724790573
ENSMUSG00000094105	-0.011911232024431229	-0.014509804546833038	-0.0020103435963392258	-0.009233381599187851	0.008040840737521648	-0.0016597280045971274	-0.00528289657086134	-0.08999622613191605	-0.006488552317023277	0.004283113870769739	0.000864173227455467	0.01075898390263319	-0.005249283742159605	-0.012028380297124386	-0.0037401188164949417	-0.06096857041120529	-0.003968487028032541	-0.006884351838380098	-0.057107433676719666	-0.23169399797916412	-0.006743194535374641	-0.08907286822795868
ENSMUSG00000024395	0.017219629138708115	0.03487497940659523	0.007342751137912273	0.016139041632413864	-0.010699392296373844	0.007978723384439945	0.002685791812837124	0.05028390511870384	0.012936335988342762	0.022851210087537766	-0.01590656489133835	-0.006676647812128067	-9.746035357238725e-05	0.01699431985616684	-0.026383211836218834	0.056976109743118286	0.033720411360263824	0.05780061334371567	-0.021451815962791443	-0.004876869730651379	-0.0046231308951973915	-0.008483617566525936
ENSMUSG00000031209	-0.010538415983319283	0.020557235926389694	-0.00822059903293848	0.007073665969073772	0.007149813696742058	-0.003910233732312918	-0.017723701894283295	-0.11052019894123077	-0.015707623213529587	-0.014544197358191013	0.00440343888476491	0.01619752123951912	-0.00624477444216609	0.0006173435249365866	0.005001749377697706	0.023456046357750893	-0.0032015659380704165	-0.0347268171608448	-0.03331741690635681	-0.071627676486969	-0.011459366418421268	-0.16031694412231445
ENSMUSG00000029202	0.007315889000892639	0.01727128028869629	-0.0024754791520535946	0.03309854865074158	-0.02678072266280651	0.007472643628716469	0.021393120288848877	0.2789309024810791	0.016444433480501175	0.008464348502457142	-0.011796263046562672	-0.026471566408872604	0.023023290559649467	0.009871718473732471	-0.023265276104211807	0.28449517488479614	0.0016674874350428581	0.07422921061515808	0.049695562571287155	0.5130646824836731	-0.0019488364923745394	0.3736099898815155
ENSMUSG00000021629	0.009313357062637806	0.020643852651119232	7.485515379812568e-05	0.022963276132941246	-0.025511786341667175	0.0035359819885343313	0.008635272271931171	0.24483631551265717	0.017572715878486633	0.015094258822500706	-0.009775997139513493	-0.028266210108995438	0.009869310073554516	0.014547047205269337	-0.017884336411952972	0.3064112365245819	0.009926807135343552	0.07464328408241272	0.05660196393728256	0.336044043302536	-0.00731067918241024	0.3679102957248688
ENSMUSG00000101053	-0.10803068429231644	-0.22050966322422028	-0.026485972106456757	-0.05192337557673454	-0.0328693650662899	-0.07932398468255997	0.025736751034855843	-0.1055631935596466	-0.04727441817522049	-0.22943781316280365	-0.01883648708462715	-0.014530365355312824	-0.013789267279207706	-0.02652907930314541	0.04801816865801811	-0.24066951870918274	-0.16050326824188232	-0.27358344197273254	0.2254774421453476	-0.6104251742362976	-0.00779779814183712	-0.41069161891937256
ENSMUSG00000039115	0.012371454387903214	0.03408508375287056	0.00713121285662055	0.028212102130055428	-0.013349845074117184	0.005546246189624071	0.004053094424307346	0.14395281672477722	0.016876088455319405	0.025184759870171547	-0.013188107870519161	-0.011323363520205021	0.007266597356647253	0.01797672174870968	-0.02352330833673477	0.10839567333459854	0.022913901135325432	0.05067120119929314	0.02733289636671543	0.3729032576084137	-0.005507786758244038	0.1312352418899536
ENSMUSG00000090012	-0.007134403567761183	0.03983425721526146	0.0012222729856148362	0.015509766526520252	0.0007918843766674399	-0.0012799155665561557	-0.005889055319130421	-0.11522603780031204	0.00036517149419523776	0.04321699216961861	-0.0001679326087469235	0.014207129366695881	0.004075733944773674	-0.010378736071288586	-0.004615874961018562	0.00028381971060298383	0.01732664555311203	0.03611904755234718	-0.0666593462228775	-0.1551651805639267	-0.006957503035664558	-0.059803739190101624
ENSMUSG00000072423	-0.0010027855169028044	0.011383785866200924	-0.0006776212248951197	-0.0010790502419695258	0.016194980591535568	-0.02263103984296322	-0.012664459645748138	0.05754106491804123	-0.0026358922477811575	0.008656271733343601	0.015620777383446693	-0.0025909515097737312	0.0049868193455040455	0.016472037881612778	-0.01533095259219408	0.08959993720054626	0.012769839726388454	0.024551279842853546	0.0069195604883134365	0.019464129582047462	-0.006658818107098341	0.05707893520593643
ENSMUSG00000085189	0.008026334457099438	0.037235818803310394	-0.004669102840125561	0.017118562012910843	-0.012774879112839699	0.007688869722187519	0.028771281242370605	0.05600089579820633	0.02907407283782959	0.018966037780046463	-0.009467151947319508	-0.012768467888236046	0.022531097754836082	0.011605432257056236	-0.03436259180307388	0.07511299103498459	0.010104251094162464	0.03257891535758972	0.12040352821350098	0.4253937602043152	0.03173627704381943	0.1463281810283661
ENSMUSG00000075267	0.018072906881570816	0.006232712883502245	0.005170559976249933	0.025332294404506683	-0.005987327080219984	-0.007802788633853197	-0.006767296232283115	-0.0927409678697586	-0.0018153460696339607	-0.0031287039164453745	0.0019026335794478655	0.011931526474654675	0.008146669715642929	0.008152575232088566	0.029634669423103333	-0.18237803876399994	0.011390809901058674	-0.001219400786794722	-0.02405291609466076	-0.010526683181524277	-0.018009161576628685	0.010690436698496342
ENSMUSG00000074882	-0.004646675661206245	-0.0036391932517290115	-0.00864291749894619	0.004415895324200392	0.0032962069381028414	0.00033450787304900587	-0.011055804789066315	-0.07365111261606216	-0.011315252631902695	0.016003409400582314	0.0037800970021635294	0.005733908619731665	-0.0036967128980904818	0.012136385776102543	0.00018574850400909781	-0.07714943587779999	0.011064345017075539	0.023903770372271538	-0.0645369291305542	-0.09403738379478455	-0.008209995925426483	-0.10074038803577423
ENSMUSG00000086379	0.024675214663147926	0.03083896078169346	0.006258318200707436	0.031265076249837875	-0.0050465380772948265	-0.002381144091486931	-0.001718205981887877	-0.08025208115577698	0.008801900781691074	0.05540180206298828	-0.008249965496361256	0.01306623313575983	0.0029398498591035604	0.008796704933047295	-0.0008974618976935744	0.014026913791894913	0.03226804733276367	0.035395823419094086	-0.010827507823705673	-0.12269186228513718	-0.006635861936956644	-0.08643951267004013
ENSMUSG00000114431	0.011216922663152218	0.04403255134820938	0.011907274834811687	0.007558971643447876	-0.00048531556967645884	-0.0022286935709416866	0.00025416022981517017	-0.061074815690517426	0.0036084046587347984	0.02798640914261341	0.011211162433028221	0.0021607885137200356	-0.002625127788633108	0.021342437714338303	0.00014794609160162508	-0.017100496217608452	0.03427020460367203	0.039944346994161606	-0.008284489624202251	-0.010681060142815113	-0.007290792651474476	-0.0567600280046463
ENSMUSG00000101179	0.018966443836688995	0.04187915474176407	0.009535936638712883	0.0185684934258461	-0.009145616553723812	0.002687521046027541	0.0029110542964190245	-0.0005158057319931686	0.016519751399755478	0.023817580193281174	-0.012052562087774277	-0.003997231367975473	0.0027846309822052717	0.016193483024835587	-0.01758066937327385	0.013438527472317219	0.03695075213909149	0.030226385220885277	0.02766421250998974	0.015192623250186443	0.0002831104793585837	0.011101198382675648
ENSMUSG00000073916	-0.002658916637301445	-0.022883906960487366	0.001647403696551919	-0.07383909821510315	-0.007376598659902811	-0.0022575687617063522	-0.006377016194164753	-0.10241754353046417	-0.012044924311339855	-0.007696721702814102	-0.0017129317857325077	0.011182443238794804	-0.003338050562888384	0.0023378562182188034	-0.0017372756265103817	-0.1362895369529724	-0.008573384024202824	-0.02064751833677292	-0.04279487580060959	-0.16240257024765015	-0.00827827025204897	-0.08643411844968796
ENSMUSG00000024054	0.00846487283706665	0.016752641648054123	-3.1833005778025836e-05	0.022984767332673073	-0.02717357687652111	0.0044972533360123634	0.0031567676924169064	0.30000582337379456	0.009779351763427258	0.008003906346857548	-0.013748114928603172	-0.02181822992861271	0.014301762916147709	0.0137258879840374	-0.017259109765291214	0.32599103450775146	0.008329365402460098	0.06798535585403442	0.02760426513850689	0.34324759244918823	-0.00872688740491867	0.38557693362236023
ENSMUSG00000047828	0.02519077993929386	0.033695563673973083	0.004871109034866095	0.033975936472415924	-0.0017150875646620989	0.0004717156698461622	-0.002161618322134018	-0.07408299297094345	0.010220075957477093	0.03356991335749626	-0.0022718487307429314	0.009278892539441586	0.011151472106575966	-0.009799650870263577	0.0014492934569716454	-0.03172580525279045	0.026819271966814995	0.031364019960165024	-0.0405937097966671	-0.15401481091976166	-0.006388598587363958	-0.08327456563711166
ENSMUSG00000003031	0.002818397944793105	0.010453617200255394	0.009479161351919174	0.03891175240278244	-0.024280669167637825	0.0016928479308262467	0.06338448077440262	0.2952188551425934	0.021205494180321693	0.0063847447745501995	0.0073363762348890305	-0.034571245312690735	-0.0022736110258847475	0.00934334471821785	0.017921684309840202	0.2843884229660034	0.003649451769888401	0.07499981671571732	0.07110454142093658	0.5115403532981873	0.009515201672911644	0.35351112484931946
ENSMUSG00000039145	0.008387825451791286	0.025662466883659363	0.0014937840169295669	0.021934133023023605	-0.01881624013185501	0.011209096759557724	0.0069699473679065704	0.26461586356163025	0.0142199182882905	0.012356217950582504	-0.010163092985749245	-0.024284295737743378	0.010933096520602703	0.013795481063425541	-0.023570477962493896	0.3069920837879181	0.008532240986824036	0.07215055823326111	0.01372792199254036	0.46946507692337036	-0.007651450112462044	0.32971206307411194
ENSMUSG00000112427	0.01522157434374094	0.011594736948609352	0.002980352146551013	0.0025413883849978447	0.003607593709602952	-0.003174911253154278	-0.00941585935652256	-0.06393679976463318	0.0007533737807534635	-0.014691518619656563	0.01033710315823555	0.0051320684142410755	-0.0015374046051874757	0.0048091416247189045	-0.002296469174325466	-0.09122135490179062	0.025279821828007698	0.0035072662867605686	-0.03869343549013138	-0.10049360245466232	-0.00855142530053854	-0.10504677891731262
ENSMUSG00000064181	0.010144379921257496	0.0249506663531065	0.0013821437023580074	0.008765025995671749	-0.023991888388991356	0.0011989116901531816	0.009473344311118126	0.21523940563201904	0.01642286777496338	0.01276083942502737	-0.01754789799451828	-0.03311155363917351	0.01037250179797411	0.017415856942534447	-0.0279772337526083	0.24832309782505035	0.019070450216531754	0.05535579100251198	0.02624727226793766	0.16707046329975128	-0.006134426686912775	0.2889500558376312
ENSMUSG00000022558	0.011432981118559837	0.025660566985607147	0.0010490880813449621	0.022547833621501923	-0.02490946464240551	0.010442875325679779	0.006847473327070475	0.19830627739429474	0.020462241023778915	0.018782280385494232	-0.011996697634458542	-0.01243937574326992	0.017123736441135406	0.013746346347033978	-0.029620179906487465	0.26080045104026794	0.011957503855228424	0.050181128084659576	0.03492223098874092	0.39047253131866455	-0.005445542279630899	0.26661261916160583
ENSMUSG00000091191	0.028382260352373123	0.011874317191541195	-0.01857212744653225	0.02011391893029213	-0.01495379488915205	-0.005892513319849968	-0.0013675331138074398	-0.024714147672057152	0.0038376213051378727	0.041394662111997604	-0.050699952989816666	0.015270006842911243	0.02565786801278591	-0.004480849020183086	0.0032461879309266806	-0.10213856399059296	0.025376250967383385	0.0076410770416259766	0.16322387754917145	0.12752383947372437	0.025765592232346535	0.010454457253217697
ENSMUSG00000109071	0.0019796728156507015	-0.02532695047557354	0.0013220682740211487	-0.026669364422559738	-0.005719623062759638	-0.002846528310328722	-0.01259998232126236	-0.07775828242301941	0.001389749231748283	-0.012422671541571617	-0.000443017779616639	0.019238466396927834	0.00028017061413265765	0.006617585197091103	0.0002910410985350609	-0.039420366287231445	0.01584363728761673	0.010696984827518463	-0.026239005848765373	-0.1266775280237198	-0.008528975769877434	-0.018664008006453514
ENSMUSG00000109482	0.010803915560245514	0.026292948052287102	0.006726088002324104	0.019057802855968475	-0.01781907118856907	0.00636435579508543	-0.002425047103315592	0.09371629357337952	0.019318846985697746	0.02214916981756687	-0.008752938359975815	-0.014733415096998215	0.007647608406841755	0.015532715246081352	-0.016419928520917892	0.19781066477298737	0.015112378634512424	0.052355796098709106	0.018794428557157516	0.4971725344657898	-0.004817519336938858	0.20296044647693634
ENSMUSG00000100492	-0.10803068429231644	-0.22050966322422028	-0.026485972106456757	-0.05192337557673454	-0.0328693650662899	-0.07932398468255997	0.025736751034855843	-0.1055631935596466	-0.04727441817522049	-0.22943781316280365	-0.01883648708462715	-0.014530365355312824	-0.013789267279207706	-0.02652907930314541	0.04801816865801811	-0.24066951870918274	-0.16050326824188232	-0.27358344197273254	0.2254774421453476	-0.6104251742362976	-0.00779779814183712	-0.41069161891937256
ENSMUSG00000030272	0.012458950281143188	0.028788462281227112	0.005071392748504877	0.024365615099668503	-0.006195997819304466	0.002667761640623212	0.002342518186196685	0.11490128189325333	0.015928277745842934	0.027177894487977028	-0.019345056265592575	-0.019303366541862488	0.006754341535270214	0.018213065341114998	-0.016947291791439056	0.2344280183315277	0.024453571066260338	0.03819712996482849	0.06266721338033676	0.17767706513404846	-0.004597245249897242	0.1414855718612671
ENSMUSG00000095763	0.026012606918811798	0.01054020132869482	-0.002541980938985944	0.017745576798915863	0.008026753552258015	0.013597602024674416	-0.006874508690088987	-0.12384066730737686	0.005364574026316404	-0.03402530029416084	-0.012184175662696362	0.002087074564769864	-0.02050309255719185	-0.02314438857138157	-0.00784982554614544	-0.13134557008743286	-0.07544734328985214	-0.0335921011865139	-0.039836760610342026	-0.22815947234630585	0.0033951171208173037	-0.1711079627275467
ENSMUSG00000101151	0.016850227490067482	0.024946343153715134	0.01702038012444973	0.02146904543042183	0.00013619981473311782	-0.006159965880215168	-0.010545909404754639	-0.06053829565644264	0.006314788479357958	0.061977285891771317	0.005775805562734604	0.009331642650067806	-0.003073245519772172	0.017727214843034744	-0.006405333988368511	0.007963504642248154	0.05759331211447716	0.012668042443692684	-0.041422467678785324	-0.033018141984939575	-0.007958785630762577	-0.04953673854470253
ENSMUSG00000094612	-0.007480016443878412	0.01927097514271736	-0.004088453948497772	0.011529025621712208	-0.005338761955499649	0.0007059009512886405	-0.012500351294875145	-0.088422030210495	-0.010332826524972916	0.03301779180765152	-0.0015690247528254986	0.007614195346832275	0.003419644897803664	0.01907423324882984	-0.0037910430692136288	-0.03357332572340965	-0.023890351876616478	-0.03020108863711357	-0.022495323792099953	-0.010057974606752396	-0.003559316508471966	-0.07616936415433884
ENSMUSG00000117664	-0.000752634194213897	0.04637430980801582	0.0018523946637287736	0.023951096460223198	-0.007910988293588161	0.001397550804540515	-0.002737002447247505	-0.06343644112348557	0.015068442560732365	0.02264922857284546	-0.009375947527587414	0.00750582292675972	0.0057957591488957405	-0.0030339292716234922	-0.007101048249751329	0.018278395757079124	0.006914009340107441	0.04358761012554169	0.03553594648838043	-0.09404277056455612	-0.003337675938382745	-0.010604331269860268
ENSMUSG00000032193	0.007736882194876671	0.018341857939958572	-0.01282630767673254	0.032677337527275085	-0.014349834062159061	0.013058159500360489	0.0343366414308548	0.2241889238357544	0.025243742391467094	0.0116803590208292	-0.004603398032486439	-0.0024335302878171206	0.029827112331986427	0.00560834351927042	-0.038115520030260086	0.2624626159667969	-0.01728166826069355	0.060946084558963776	0.07066959142684937	0.5023286938667297	0.008687891066074371	0.36670994758605957
ENSMUSG00000079442	-0.043452318757772446	-0.1880921572446823	-0.003532275790348649	-0.09653686732053757	0.010373792611062527	-0.01354850735515356	0.0169856958091259	-0.13323593139648438	-0.010459883138537407	-0.2630246877670288	-0.0031205734703689814	-0.0354231595993042	-0.022584201768040657	-0.07062236219644547	-0.011297767050564289	-0.1668195128440857	-0.047336652874946594	-0.2645314335823059	0.033842865377664566	-0.6329402327537537	0.022225888445973396	-0.4457283914089203
ENSMUSG00000062753	0.007767971605062485	0.02750324085354805	-0.018899772316217422	0.019084157422184944	-0.01802886091172695	0.006357270292937756	0.047090817242860794	0.14127837121486664	0.04270405322313309	0.01649913378059864	-0.008528389967978	-0.020130617544054985	0.02187570184469223	0.00512195099145174	-0.0440070815384388	0.1811635047197342	-0.020552020519971848	0.04639109596610069	0.11934828758239746	0.43755286931991577	0.060649048537015915	0.22373290359973907
ENSMUSG00000009418	0.00963780377060175	0.018282083794474602	-0.0004231024067848921	0.018360961228609085	-0.020317427814006805	0.0013813686091452837	0.01217268779873848	0.24052388966083527	0.016922054812312126	0.01361873373389244	-0.014989553950726986	-0.027983546257019043	0.013338531367480755	0.014981760643422604	-0.03268541023135185	0.2839019298553467	0.012013822793960571	0.06764668971300125	0.03834182396531105	0.2851161062717438	-0.006038193590939045	0.29475414752960205
ENSMUSG00000001376	0.006577123887836933	0.014186060056090355	-0.001230488414876163	0.014812291599810123	-0.019171452149748802	0.00672462023794651	0.021309850737452507	0.25910982489585876	0.012505732476711273	0.010013612918555737	-0.010275222361087799	-0.013616012409329414	0.015000898391008377	0.010312680155038834	-0.01682448387145996	0.31216177344322205	0.0054756756871938705	0.0556914322078228	0.05438847839832306	0.4496380686759949	-0.0033076561521738768	0.2305721491575241
ENSMUSG00000050212	0.004229211248457432	0.014391690492630005	-0.0020648695062845945	0.014691507443785667	-0.02339976280927658	0.0025620898231863976	0.03169148042798042	0.1649714857339859	0.028819160535931587	0.008205708116292953	-0.04315531253814697	-0.03368804603815079	0.026690727099776268	0.013314626179635525	-0.04115832969546318	0.24772857129573822	0.007223923224955797	0.04340575635433197	0.07175049185752869	0.3299943506717682	0.022563405334949493	0.2447732388973236
ENSMUSG00000024171	0.026698770001530647	0.01729528233408928	0.005176123231649399	0.021868500858545303	0.003656251123175025	-0.002086635446175933	-0.004369726870208979	-0.04999294877052307	0.012037173844873905	0.04798208177089691	-0.003678395412862301	0.009338675998151302	0.005982418078929186	0.0012511878740042448	0.006146963220089674	-0.08243922144174576	0.02290227822959423	0.062391143292188644	-0.0646321028470993	-0.05567629262804985	-0.006869460456073284	-0.07177233695983887
ENSMUSG00000078442	0.012420966289937496	0.022766275331377983	0.0002719538169912994	0.01608450338244438	-0.015704648569226265	0.0069758594036102295	0.009004093706607819	0.12546241283416748	0.022171664983034134	0.019229210913181305	-0.021134203299880028	-0.025174129754304886	0.004088366869837046	0.01595700904726982	-0.04003867506980896	0.1835789531469345	0.023728126659989357	0.04870675876736641	0.07483876496553421	0.2472842037677765	0.0044451928697526455	0.12341928482055664
ENSMUSG00000058488	0.012241099961102009	0.02202930487692356	0.0042793829925358295	0.02441726252436638	-0.019768500700592995	0.00040041320607997477	0.004336537793278694	0.16671471297740936	0.014111846685409546	0.02002405934035778	-0.01784108765423298	-0.029154278337955475	0.007898825220763683	0.019685326144099236	-0.025120839476585388	0.22626085579395294	0.024951227009296417	0.05408698692917824	0.01747976988554001	0.05848519876599312	-0.006177274510264397	0.09399907290935516
ENSMUSG00000022678	0.009427337907254696	0.022740278393030167	-0.0007519567734561861	0.02505282685160637	-0.019788416102528572	0.010098107159137726	0.013804265297949314	0.24388590455055237	0.020554527640342712	0.01325333584100008	-0.010731943883001804	-0.01978563517332077	0.015445148572325706	0.011488978751003742	-0.027834076434373856	0.2543396055698395	0.006231764331459999	0.06168537586927414	0.04634954780340195	0.45487189292907715	-0.004496039357036352	0.256921648979187
ENSMUSG00000113909	0.021309733390808105	0.03293411806225777	-0.00311318994499743	0.02455054223537445	0.003095123218372464	0.0018845845479518175	-0.007017142605036497	-0.08976972848176956	0.019960325211286545	0.0058177076280117035	-0.004810018930584192	0.007008109241724014	-0.0017444842960685492	0.004264517221599817	0.0010325399925932288	0.003078654408454895	0.01894628070294857	0.034545186907052994	-0.029574234038591385	-0.1262156367301941	-0.006401486229151487	-0.10688046365976334
ENSMUSG00000104100	0.017845526337623596	-0.005143315065652132	0.0148217948153615	-0.04486610367894173	-0.0027372557669878006	-0.0037685097195208073	-0.007381920237094164	-0.08482251316308975	0.004713375587016344	0.009422371163964272	-0.006092705298215151	0.007253193762153387	-0.00790940411388874	-0.00278303911909461	0.0024557006545364857	-0.08077172935009003	-0.0059830015525221825	-0.053660597652196884	-0.027699515223503113	-0.11605748534202576	-0.008071279153227806	-0.12048309296369553
ENSMUSG00000041362	0.008147806860506535	0.014557860791683197	0.0027562910690903664	0.016972795128822327	-0.014275635592639446	0.0027278894558548927	-0.002829962410032749	0.1688559502363205	0.010123444721102715	0.012795275077223778	-0.015330907888710499	-0.01867607980966568	0.0034988950937986374	0.017190532758831978	-0.02270158939063549	0.23574157059192657	0.01783131994307041	0.06426195800304413	-0.006280404515564442	-0.06644579768180847	-0.007223569322377443	0.07717832922935486
ENSMUSG00000109402	0.02268165349960327	0.03873368352651596	-0.0023264912888407707	0.004372764844447374	-0.006791293621063232	-0.0031725005246698856	-0.0055731479078531265	-0.10282169282436371	0.0025944605004042387	0.03556786850094795	8.922651613829657e-05	0.0065751224756240845	0.013387346640229225	-0.0010412313276901841	0.009110920131206512	-0.012012316845357418	0.026401665061712265	0.019741542637348175	-0.019172711297869682	-0.09869186580181122	-0.006649632938206196	-0.0497286356985569
ENSMUSG00000026523	0.010929053649306297	0.034049924463033676	0.000970358494669199	0.012347309850156307	-0.00033101908047683537	0.00105412642005831	-0.006284830626100302	-0.05930310860276222	0.004938282538205385	0.05618664622306824	2.918397331086453e-05	0.01009402796626091	0.0018981827888637781	0.011543289758265018	-0.0027211091946810484	-0.030261024832725525	0.01635834388434887	0.033059749752283096	-0.027456630021333694	-0.19182032346725464	-0.0058288550935685635	-0.07700689136981964
ENSMUSG00000104159	0.018615977838635445	0.015680726617574692	0.004990593995898962	0.024109553545713425	0.002996095223352313	0.009697463363409042	0.01418101042509079	0.025366751477122307	0.015559527091681957	0.032859526574611664	-0.00841190293431282	-0.007141655310988426	-0.0012564557837322354	0.016648320481181145	-0.006226649507880211	0.12711328268051147	0.01917119137942791	0.022291362285614014	0.1086752638220787	0.34721651673316956	0.011807736940681934	0.020265692844986916
ENSMUSG00000086727	0.01252151932567358	0.038051243871450424	0.002693592570722103	0.016474373638629913	-0.0009114865097217262	0.0014808742562308908	-0.0031622913666069508	-0.05094960331916809	0.005823297891765833	0.051775213330984116	-0.002175530418753624	0.007471063639968634	0.0008106623427011073	-0.00806891918182373	-0.005643827375024557	-0.010063993744552135	0.017358653247356415	0.004783299285918474	-0.041116759181022644	-0.11349838227033615	-0.005955875385552645	-0.07320085167884827
ENSMUSG00000037613	0.01111855823546648	0.004484569188207388	0.004461230710148811	0.016778279095888138	-0.02014606073498726	0.0057179913856089115	-0.005674121901392937	0.1379351019859314	0.014882314018905163	0.012824608013033867	-0.02139844186604023	-0.004990813322365284	0.007325383368879557	0.01567012071609497	-0.017356524243950844	0.19014115631580353	0.026040874421596527	0.048683952540159225	-0.010135572403669357	-0.0060426462441682816	-0.0069555132649838924	0.05345282703638077
ENSMUSG00000101192	-0.10803068429231644	-0.22050966322422028	-0.026485972106456757	-0.05192337557673454	-0.0328693650662899	-0.07932398468255997	0.025736751034855843	-0.1055631935596466	-0.04727441817522049	-0.22943781316280365	-0.01883648708462715	-0.014530365355312824	-0.013789267279207706	-0.02652907930314541	0.04801816865801811	-0.24066951870918274	-0.16050326824188232	-0.27358344197273254	0.2254774421453476	-0.6104251742362976	-0.00779779814183712	-0.41069161891937256
ENSMUSG00000037822	0.010194228030741215	0.02487999014556408	-0.0008966921013779938	0.008980541490018368	-0.020738951861858368	0.007277230732142925	0.012844366952776909	0.21474842727184296	0.01992988772690296	0.012131036259233952	-0.014932547695934772	-0.024666419252753258	0.011769798584282398	0.011763096787035465	-0.029676085337996483	0.26009973883628845	0.00763683021068573	0.0577976331114769	0.03855769708752632	0.41336169838905334	-0.00555212190374732	0.3255311846733093
ENSMUSG00000118280	-0.07038119435310364	-0.2116898149251938	-0.007812009658664465	-0.08560594916343689	-0.002191910520195961	-0.0383535698056221	0.03363586962223053	-0.1128276139497757	-0.01685929112136364	-0.2643953263759613	-0.010860811918973923	-0.03558487072587013	-0.028535598888993263	-0.05570703372359276	-0.007699562702327967	-0.16853919625282288	-0.06192610785365105	-0.282100647687912	0.08598065376281738	-0.5863621234893799	0.031512271612882614	-0.4255988299846649
ENSMUSG00000113425	0.024692857638001442	0.018600014969706535	0.003443649038672447	0.012821026146411896	-0.006966991350054741	-0.003699676599353552	-0.0018706804839894176	-0.05032368004322052	0.00974970031529665	0.042232271283864975	-0.009927716106176376	0.009164374321699142	0.0026844367384910583	0.010823585093021393	0.001564140198752284	-0.0211193785071373	0.03609474003314972	0.017096975818276405	-0.001475942088291049	-0.027539627626538277	-0.006681075785309076	-0.06642128527164459
ENSMUSG00000112690	-0.002479423303157091	0.004321458749473095	-0.0004962586099281907	0.017067039385437965	0.016707947477698326	0.0006553129642270505	-0.0073828441090881824	0.2914625108242035	-0.013697994872927666	0.0090840645134449	0.00033843665733002126	-0.015658415853977203	-0.024296436458826065	0.018208352848887444	-0.0015964016783982515	0.34194549918174744	0.011366154067218304	0.06749683618545532	-0.01665395498275757	0.32546982169151306	-0.00608275830745697	0.3623330295085907
ENSMUSG00000028420	0.006272641010582447	0.02110563963651657	-0.0021548899821937084	0.021629102528095245	-0.02427048236131668	0.007744289003312588	0.015131141990423203	0.22107328474521637	0.013950645923614502	0.014329325407743454	-0.018022499978542328	-0.029670333489775658	0.01743600331246853	0.013242372311651707	-0.03038947843015194	0.2878775894641876	0.009046005085110664	0.05453016236424446	0.06737376749515533	0.36997660994529724	-0.0019303582375869155	0.2811734974384308
ENSMUSG00000033902	0.011451968923211098	0.025046849623322487	0.00178612326271832	0.006327470764517784	-0.015993522480130196	0.003669427940621972	0.0055322726257145405	0.21810175478458405	0.01826481521129608	0.010551792569458485	-0.01336461678147316	-0.022839011624455452	0.010616919957101345	0.014515417627990246	-0.021637234836816788	0.28115370869636536	0.014841778203845024	0.052824750542640686	0.03935589641332626	0.2099531888961792	-0.0076666828244924545	0.3264220356941223
ENSMUSG00000090643	0.026549430564045906	0.05157569795846939	0.010812942869961262	0.028831612318754196	-0.00947508867830038	0.0039733401499688625	0.0018957703141495585	-0.04390895366668701	0.01843355782330036	0.05968683212995529	-0.015014494769275188	8.530897321179509e-05	0.00593563774600625	0.017365580424666405	-0.006489468272775412	0.02126975543797016	0.035196173936128616	0.048728033900260925	0.002705417573451996	0.036924317479133606	-0.0015008135233074427	-0.013898618519306183
ENSMUSG00000031842	0.018349694088101387	0.052297014743089676	0.005687775555998087	0.0233774296939373	-0.010793328285217285	0.004134990740567446	0.0031033148989081383	0.00971088744699955	0.020004205405712128	0.03906495124101639	-0.01930489018559456	-0.00972736906260252	0.0003136387967970222	0.01532453391700983	-0.025462040677666664	0.12298444658517838	0.03220294788479805	0.037116702646017075	0.04342268779873848	0.07354935258626938	0.004341342952102423	-0.025040192529559135
ENSMUSG00000059669	0.009863235056400299	0.016971405595541	0.0034757789690047503	0.019008910283446312	-0.022267315536737442	0.0030926016625016928	0.000459864066215232	0.20169931650161743	0.013809764757752419	0.016630465164780617	-0.018193095922470093	-0.01666709966957569	0.006116650532931089	0.017119931057095528	-0.02272927202284336	0.26122722029685974	0.016036704182624817	0.056485265493392944	0.005076820030808449	0.2804405093193054	-0.0074398098513484	0.28710365295410156
ENSMUSG00000114323	-0.10803068429231644	-0.22050966322422028	-0.026485972106456757	-0.05192337557673454	-0.0328693650662899	-0.07932398468255997	0.025736751034855843	-0.1055631935596466	-0.04727441817522049	-0.22943781316280365	-0.01883648708462715	-0.014530365355312824	-0.013789267279207706	-0.02652907930314541	0.04801816865801811	-0.24066951870918274	-0.16050326824188232	-0.27358344197273254	0.2254774421453476	-0.6104251742362976	-0.00779779814183712	-0.41069161891937256
ENSMUSG00000038034	0.0221614558249712	0.014847896061837673	0.009987745434045792	0.008317828178405762	-0.0041374028660357	-0.0023819790221750736	0.0006620705826207995	-0.0361240953207016	0.012497964315116405	0.028690272942185402	-0.01677725277841091	-0.0001358751906082034	0.000496485095936805	0.026047253981232643	-0.013762248679995537	-0.02280793897807598	0.04190390557050705	0.00991261750459671	0.020232873037457466	0.06036704033613205	4.844153590966016e-05	0.025229230523109436
ENSMUSG00000121734	-0.017412645742297173	0.002712246496230364	-0.002214294159784913	-0.0005313478177413344	-0.0030397349037230015	-0.013512100093066692	-0.019056249409914017	-0.012905120849609375	-0.01396773662418127	0.013515741564333439	0.009251881390810013	0.002670605666935444	0.003180996747687459	0.02017340622842312	-0.009541194885969162	-0.05711600184440613	0.014305094256997108	-0.0042689149267971516	0.0071624875999987125	0.12616515159606934	0.006083494517952204	-0.009569182991981506
ENSMUSG00000030493	0.0064685530960559845	0.01734125055372715	-0.0032055003102868795	0.0321621410548687	-0.014792479574680328	0.005256297066807747	0.030487585812807083	0.25839468836784363	0.019845958799123764	0.010864423587918282	-0.007011634763330221	-0.0312630832195282	0.023480288684368134	0.009130495600402355	-0.009972154162824154	0.25770390033721924	-0.003612019121646881	0.06317401677370071	0.09776565432548523	0.4251735806465149	0.008126508444547653	0.3062277138233185
ENSMUSG00000108889	0.005207490175962448	0.0005988315679132938	0.00015312322648242116	-0.008050425909459591	-0.003382467431947589	-0.0019773326348513365	-0.00614527054131031	-0.10735375434160233	0.001177307334728539	0.014307154342532158	0.003050132654607296	0.010740136727690697	-0.004468952305614948	-0.01773996651172638	0.0045845042914152145	-0.11416947096586227	0.007668450940400362	-0.05786432325839996	-0.061053451150655746	-0.16323387622833252	-0.007807807996869087	-0.05992585048079491
ENSMUSG00000022422	0.009841237217187881	0.027770057320594788	-7.481774082407355e-05	0.0219480711966753	-0.022414052858948708	0.012534401379525661	0.0029613918159157038	0.2190413922071457	0.020003248006105423	0.016643943265080452	-0.007605532184243202	-0.01828356832265854	0.013412672095000744	0.01097851525992155	-0.025639748200774193	0.2644939124584198	0.004070683848112822	0.06349097937345505	0.0375472791492939	0.48334044218063354	-0.006263041868805885	0.353988379240036
ENSMUSG00000101285	-0.10803068429231644	-0.22050966322422028	-0.026485972106456757	-0.05192337557673454	-0.0328693650662899	-0.07932398468255997	0.025736751034855843	-0.1055631935596466	-0.04727441817522049	-0.22943781316280365	-0.01883648708462715	-0.014530365355312824	-0.013789267279207706	-0.02652907930314541	0.04801816865801811	-0.24066951870918274	-0.16050326824188232	-0.27358344197273254	0.2254774421453476	-0.6104251742362976	-0.00779779814183712	-0.41069161891937256
ENSMUSG00000061360	0.007944712415337563	0.021798890084028244	-0.007536665070801973	0.036917250603437424	-0.028167881071567535	0.004585573449730873	0.02136646956205368	0.27462178468704224	0.02861197292804718	0.0130997309461236	0.00011125898163300008	-0.01977762021124363	0.014872298575937748	0.005583244375884533	-0.016963722184300423	0.2899705767631531	-0.011237160302698612	0.07611005008220673	0.07812685519456863	0.39499908685684204	0.0021637771278619766	0.4899347722530365
ENSMUSG00000028093	0.004127873573452234	0.009472599253058434	-0.01520951371639967	0.03737158328294754	-0.01910480298101902	0.012049568817019463	0.05362904444336891	0.2590775787830353	0.018638378009200096	0.006687137298285961	-0.0010597207583487034	-0.01983313262462616	0.03125104680657387	0.0006111629190854728	-0.034698065370321274	0.26832151412963867	-0.02307974360883236	0.09614746272563934	0.053855691105127335	0.6315562129020691	0.00985668320208788	0.3539959192276001
ENSMUSG00000067103	0.022282015532255173	0.03226008266210556	-0.0002466981241013855	0.030167577788233757	-0.0006919119041413069	-0.003004880854859948	-0.008358515799045563	-0.08276822417974472	0.005940909963101149	0.046910982578992844	-0.0028784554451704025	0.007108063902705908	-0.001681433874182403	0.015096107497811317	0.00383614469319582	-0.0320691280066967	0.030204664915800095	0.02034091018140316	-0.03909590095281601	-0.13862094283103943	-0.006278013810515404	-0.06967121362686157
ENSMUSG00000100901	0.004864236805588007	0.02115906961262226	0.02079908549785614	0.016201356425881386	-0.008881126530468464	-0.004100074991583824	-0.004740789532661438	-0.07429063320159912	-0.004243727307766676	0.036600511521101	-0.018549248576164246	0.008629921823740005	0.0076933372765779495	0.016580775380134583	-0.004276762716472149	-0.11265145242214203	0.05487397313117981	-0.00436745909973979	-0.009638853371143341	-0.040228329598903656	-0.010950706899166107	-0.009648877196013927
ENSMUSG00000117792	0.013909079134464264	0.0061288559809327126	0.003986906260251999	0.008171136491000652	-0.0012581252958625555	9.079580922843888e-05	-0.004247246775776148	-0.03779396042227745	0.0033399229869246483	0.026987189427018166	-0.002047180663794279	0.008379705250263214	-0.000448470440460369	0.009603064507246017	-0.0012785472208634019	-0.09592780470848083	0.017624210566282272	0.06109258159995079	-0.041257768869400024	-0.0680091604590416	-0.008310399018228054	-0.07980731129646301
ENSMUSG00000029522	0.01517473068088293	0.03654992952942848	0.000635423872154206	0.021443508565425873	-0.006871878635138273	0.00262814830057323	0.03072560392320156	0.06332647800445557	0.02323967218399048	0.039493970572948456	-0.003147752257063985	0.007546084001660347	0.017728395760059357	0.013500106520950794	-0.019039414823055267	-0.07126808911561966	0.007870743051171303	-0.0032262804452329874	0.09224391728639603	0.4669833481311798	0.02629232592880726	0.10689318925142288
ENSMUSG00000073236	0.002974187023937702	0.014683570712804794	0.009136207401752472	0.04952022060751915	-0.025208184495568275	0.008358391933143139	0.05151108652353287	0.27692240476608276	0.01942756026983261	0.00865620281547308	-0.0007324481848627329	-0.020525503903627396	-0.00877958070486784	0.004170511849224567	0.003946713171899319	0.3030593991279602	0.00968895573168993	0.09915995597839355	0.08058156818151474	0.5978394150733948	0.014357101172208786	0.4565742015838623
ENSMUSG00000105057	0.007544264197349548	0.02594730071723461	-0.0032418370246887207	0.021467002108693123	-0.020171642303466797	0.013556319288909435	0.013046558946371078	0.223870187997818	0.022977378219366074	0.01419811137020588	-0.0049475799314677715	-0.01880931667983532	0.00711807981133461	0.0072476863861083984	-0.021432556211948395	0.2638552188873291	-0.0024887537583708763	0.07582946866750717	0.0811406821012497	0.4419275224208832	0.0008857341599650681	0.31894099712371826
ENSMUSG00000121320	-0.10803068429231644	-0.22050966322422028	-0.026485972106456757	-0.05192337557673454	-0.0328693650662899	-0.07932398468255997	0.025736751034855843	-0.1055631935596466	-0.04727441817522049	-0.22943781316280365	-0.01883648708462715	-0.014530365355312824	-0.013789267279207706	-0.02652907930314541	0.04801816865801811	-0.24066951870918274	-0.16050326824188232	-0.27358344197273254	0.2254774421453476	-0.6104251742362976	-0.00779779814183712	-0.41069161891937256
ENSMUSG00000114339	-0.011483734473586082	0.0069090817123651505	-0.001742847845889628	0.011181587353348732	-0.005667347926646471	-0.0023989228066056967	-0.011208165436983109	-0.11003469675779343	0.00206969166174531	0.04690767824649811	0.0005545690655708313	0.012130239978432655	0.00015695285401307046	0.010598612949252129	-0.0022086144890636206	-0.08810432255268097	0.02530166134238243	0.020963143557310104	-0.024033259600400925	-0.12139608711004257	-0.010624771937727928	-0.10146240144968033
ENSMUSG00000027284	0.008367806673049927	0.021907540038228035	-0.0010321708396077156	0.031217288225889206	-0.017063017934560776	0.004718482960015535	0.014657245017588139	0.2679745852947235	0.018643470481038094	0.012625549919903278	-0.011735246516764164	-0.028439603745937347	0.007000359240919352	0.013340898789465427	-0.02251848392188549	0.3132825493812561	0.004950429312884808	0.0733036920428276	0.043942976742982864	0.4080652892589569	-0.006410838570445776	0.3249315321445465
ENSMUSG00000097651	0.005207099951803684	0.024170877411961555	-0.012995153665542603	0.035452865064144135	-0.011282267980277538	0.01665182039141655	0.04479982331395149	0.19500727951526642	0.030342092737555504	0.015416511334478855	0.0028952446300536394	-0.012250255793333054	0.02658987045288086	-0.00037883303593844175	-0.046428486704826355	0.20865073800086975	-0.025905007496476173	0.07111707329750061	0.051808375865221024	0.6242380142211914	0.013354020193219185	0.30065834522247314
ENSMUSG00000120634	0.005164055153727531	0.043731946498155594	0.00036964096943847835	0.02857440523803234	-0.010542666539549828	0.020817944779992104	0.016972532495856285	0.053148236125707626	0.009369696490466595	0.026859436184167862	0.0009648113045841455	-0.0032465525437146425	0.015058794058859348	0.008783373981714249	-0.04199142009019852	0.14052124321460724	-0.0056391023099422455	0.04356401413679123	0.07534312456846237	0.5886527895927429	0.02412044256925583	0.14975988864898682
ENSMUSG00000102419	-0.057816896587610245	0.03262855112552643	0.02101951651275158	0.009149432182312012	-0.006864558439701796	-0.0014992014039307833	-0.005497379694133997	0.015136292204260826	0.0040810806676745415	0.03351181373000145	0.0113268056884408	0.009135313332080841	-0.013116464950144291	0.0097600556910038	-0.002438853494822979	-0.22028398513793945	-0.007003861479461193	0.02371145412325859	0.023735282942652702	0.11798643320798874	-0.010865401476621628	-0.0015559009043499827
ENSMUSG00000070378	0.017171278595924377	0.015186800621449947	-0.0034584086388349533	0.008063706569373608	-0.0038560759276151657	0.005715162958949804	-0.009831288829445839	-0.06279926002025604	0.003898368217051029	0.009037543088197708	0.0028465313371270895	0.006676426623016596	0.0010915478924289346	0.00045333767775446177	-5.461834575726243e-07	-0.08020840585231781	0.000489675672724843	0.03108936734497547	-0.042197998613119125	-0.10415168851613998	-0.00662580132484436	-0.06167630851268768
ENSMUSG00000031253	-0.014983683824539185	-0.006057715974748135	-0.004873550496995449	-0.013110308907926083	0.009556900709867477	-0.004169106017798185	-0.007987428456544876	-0.12089145928621292	-0.005923381540924311	-0.002222843235358596	0.006046053022146225	0.013382936827838421	-0.005517642479389906	-0.015837134793400764	-0.0028247160371392965	-0.04191228747367859	-0.011466585099697113	-0.007796113379299641	-0.05364013835787773	-0.21460381150245667	-0.004930878058075905	-0.17043694853782654
ENSMUSG00000116689	0.0008708086097612977	0.011347681283950806	-0.004172475542873144	-0.006695244461297989	-0.00031427849899046123	0.002533098217099905	-0.008018271066248417	-0.10242500901222229	-0.004380530212074518	0.01862085983157158	0.0033217021264135838	0.009276647120714188	-0.0016810023225843906	-0.0034546074457466602	-0.0032600373961031437	-0.0527694895863533	0.005109109915792942	0.00967452023178339	-0.04069177061319351	-0.20001152157783508	-0.006954149808734655	-0.11064071953296661
ENSMUSG00000028236	0.011261477135121822	0.04003259539604187	0.002431232249364257	0.02525787428021431	-0.0020504288841038942	-0.001725241425447166	-0.006059442181140184	-0.08304276317358017	0.004194139968603849	0.01341323833912611	-0.001031819498166442	0.01172289252281189	0.002097861608490348	-0.004188012797385454	-0.00590762123465538	-0.006108354777097702	0.020764760673046112	0.046126045286655426	-0.056507840752601624	-0.1825033575296402	-0.00689881993457675	-0.09325520694255829
ENSMUSG00000084950	0.008411423303186893	0.017031995579600334	-0.006021195091307163	0.021970076486468315	-0.02097224071621895	0.009740795008838177	0.020264511927962303	0.2412383109331131	0.021531427279114723	0.011004243046045303	-0.011489911004900932	-0.02718820422887802	0.01736500859260559	0.00907985307276249	-0.035632167011499405	0.26246872544288635	-0.0015166731318458915	0.08194542676210403	0.05026460066437721	0.4972855746746063	-0.0004605638678185642	0.3378683030605316
ENSMUSG00000024727	0.0054947566241025925	0.03471336141228676	0.002651408314704895	-0.006562923081219196	-0.010793301276862621	0.0025556148029863834	-0.008144477382302284	0.06644851714372635	0.004828441422432661	0.026697687804698944	-0.005180183798074722	-0.013291966170072556	-0.0030979709699749947	0.017501138150691986	-0.014422249048948288	0.08863265812397003	0.016963468864560127	0.0542198047041893	-0.0607181154191494	-0.026043696328997612	-0.006977579090744257	-0.00824589841067791
ENSMUSG00000029821	0.014732417650520802	0.04328835383057594	0.009467530995607376	0.009534942917525768	-0.002258571796119213	-0.002958264434710145	0.0015428392216563225	-0.062064651399850845	0.005224802065640688	0.021514976397156715	-0.004438383970409632	0.0060106199234724045	0.0003479431616142392	-0.01986483484506607	-0.0065458714962005615	-0.014435992576181889	0.02505306527018547	0.0034064175561070442	0.0021063066087663174	-0.06692839413881302	-0.007596916053444147	-0.05242626741528511
ENSMUSG00000079434	0.020359352231025696	0.020500250160694122	0.010845117270946503	0.02356928400695324	-0.0009386065066792071	0.0048807961866259575	-0.0017317607998847961	-0.05544924736022949	0.014133201912045479	0.033289555460214615	-0.0061779869720339775	0.004800225608050823	0.0030390971805900335	-0.002832844853401184	-0.008921398781239986	0.00016632038750685751	0.031890105456113815	0.024167845025658607	-0.029794536530971527	-0.13402235507965088	-0.006553481332957745	-0.06623323261737823
ENSMUSG00000062074	0.02345113269984722	0.0014781872741878033	0.01746097393333912	0.013577696867287159	-0.005367007106542587	-0.002071862109005451	0.00040326954331249	-0.04146323725581169	0.008860119618475437	0.051343582570552826	0.010577810928225517	-0.0013442323543131351	-0.0013152186293154955	0.023719649761915207	-0.0017199103021994233	-0.03235636651515961	0.045681700110435486	0.03405262157320976	0.009720533154904842	-0.015299675054848194	-0.004718798212707043	-0.004904312081634998
ENSMUSG00000028214	0.009376795962452888	0.025396861135959625	0.004396381787955761	0.022184915840625763	-0.004682521335780621	0.0041798497550189495	-0.005634923465549946	0.13945291936397552	0.0073388670571148396	0.020067105069756508	-0.013974101282656193	-0.020495958626270294	-0.00034755285014398396	0.02097640000283718	-0.01772240921854973	0.21253883838653564	0.026059288531541824	0.05005596950650215	0.004869833122938871	0.059513434767723083	-0.006240923888981342	0.11254443973302841
ENSMUSG00000022500	0.011014211922883987	0.018522990867495537	0.0008080528932623565	0.018544672057032585	-0.02232719212770462	0.00955298449844122	0.009581882506608963	0.2278617024421692	0.018272345885634422	0.011892902664840221	-0.014606897719204426	-0.02207864448428154	0.01412337739020586	0.01410877425223589	-0.030988795682787895	0.2834179699420929	0.010998529382050037	0.05660466104745865	0.028107069432735443	0.36917564272880554	-0.007009942550212145	0.2527039349079132
ENSMUSG00000094021	0.025161288678646088	0.041115909814834595	0.010801153257489204	0.02550598420202732	-0.008939946070313454	0.0030641797930002213	-0.000923509884160012	-0.06488604098558426	0.016025938093662262	0.02620863914489746	-0.014636282809078693	0.005447993986308575	0.011137033812701702	0.007681466173380613	-0.0005483039421960711	-0.006511109881103039	0.03430335223674774	0.047677844762802124	0.00666906638070941	0.009753763675689697	-0.004529133904725313	0.005888244602829218
ENSMUSG00000031148	-0.00016444968059659004	0.0014942612033337355	0.0003141339111607522	-0.011320902965962887	0.011906743049621582	-0.003680835012346506	0.002651296555995941	0.23022475838661194	-0.0020527548622339964	0.008099650964140892	-0.0031654778867959976	-0.011635550297796726	-0.007514330092817545	0.014181253500282764	-0.00330608943477273	0.30629807710647583	0.010250316932797432	0.039037927985191345	0.03176024556159973	0.22084051370620728	-0.008519037626683712	0.19863802194595337
ENSMUSG00000081234	0.015580804087221622	-0.046994663774967194	-0.002174470340833068	-0.05074078217148781	-0.009223421104252338	-0.009978784248232841	-0.007526766508817673	-0.08441248536109924	-0.007434131111949682	-0.07327964901924133	-0.002794153755530715	0.004829265642911196	0.02129179798066616	0.020424989983439445	0.008100095205008984	-0.20675279200077057	0.018009977415204048	-0.16329088807106018	-0.021302156150341034	-0.02269119583070278	-0.01156835537403822	-0.047265686094760895
ENSMUSG00000001656	0.014431553892791271	0.03304737061262131	0.00445757107809186	0.017571285367012024	-0.00890242401510477	0.006591456942260265	-0.01829897239804268	0.009351812303066254	0.01930900290608406	0.04156293347477913	-0.015408636070787907	-0.009039911441504955	0.0028034267015755177	0.015232051722705364	-0.030647898092865944	-0.0015498206485062838	0.040141068398952484	0.049054600298404694	0.004653332754969597	-0.06978427618741989	0.011334644630551338	0.0019925099331885576
ENSMUSG00000054944	0.021774427965283394	0.038013897836208344	0.012520134449005127	0.021018557250499725	-0.006257216911762953	0.0012827153550460935	-0.002403383143246174	-0.05295741558074951	0.014489062130451202	0.04254661872982979	-0.010295698419213295	0.003258311655372381	0.0016218360979110003	0.013238008134067059	-0.004367481917142868	-0.016257967799901962	0.025150485336780548	0.017565788701176643	-0.006950566079467535	0.05837230384349823	-0.00602978840470314	-0.016751538962125778
ENSMUSG00000052382	0.007584447972476482	0.01871897652745247	-0.0038196826353669167	-0.00520769227296114	0.0015026311157271266	-0.007019425742328167	-0.013776048086583614	-0.07246565073728561	-0.007445367518812418	0.008356843143701553	0.0006439861608669162	0.00793404970318079	0.0036367292050272226	0.006690056528896093	0.002326016314327717	-0.0873100683093071	-0.043901726603507996	0.0031357682310044765	-0.016472550109028816	0.00017738454334903508	0.0007560984813608229	-0.007795742247253656
ENSMUSG00000025952	0.021427400410175323	0.02562028355896473	0.023284506052732468	0.012728693895041943	-0.007577265612781048	-0.00925371702760458	0.0038061991799622774	0.013261151500046253	0.0303503330796957	0.03545992448925972	0.032242242246866226	-0.0012755574425682425	0.004516166634857655	0.01240262109786272	-0.010471990332007408	0.012761498801410198	0.04314848780632019	-0.0042722164653241634	0.02774505317211151	-0.049013279378414154	-0.004490352235734463	-0.01834358274936676
ENSMUSG00000036231	0.005443319212645292	-0.0011426962446421385	0.0005477035301737487	0.017906945198774338	-0.00048499624244868755	-0.0021228559780865908	-0.0038719510193914175	-0.07143007218837738	-0.0028359685093164444	0.04382559657096863	0.0019036547746509314	0.01057974062860012	0.002314834389835596	0.00962743628770113	0.003237455850467086	-0.0895204246044159	0.008862181566655636	-0.024843817576766014	-0.045449722558259964	-0.20846816897392273	-0.0070085786283016205	-0.08856925368309021
ENSMUSG00000100375	0.007088769692927599	0.041437968611717224	0.022984733805060387	0.005374373868107796	0.0036858259700238705	-0.001582109834998846	-0.003677718574181199	-0.0628192201256752	0.005908115301281214	0.049223240464925766	0.011890278197824955	0.003576351795345545	0.0027230160776525736	0.014678317122161388	-0.006242511328309774	-0.03935324400663376	0.04758450388908386	0.049579717218875885	-0.08377142995595932	-0.1149265468120575	-0.007356015965342522	-0.0891369879245758
ENSMUSG00000109890	0.016234494745731354	0.04989411681890488	0.008520393632352352	0.0002894167264457792	-0.003034647088497877	-0.005312747787684202	-0.004163710400462151	-0.06373795866966248	0.00983503833413124	0.04459288716316223	-0.005612427368760109	0.0030903462320566177	0.0003387033939361572	0.0014064563438296318	-0.008103972300887108	0.024766530841588974	0.028675192967057228	0.034996695816516876	-0.03534583002328873	-0.09629175812005997	-0.0058188908733427525	-0.061380721628665924
ENSMUSG00000111685	0.031974174082279205	0.03261558711528778	0.003906030673533678	0.017532486468553543	-0.00955817848443985	-0.0009363724384456873	-0.006210844498127699	-0.05900851637125015	0.007404469419270754	0.06062035262584686	-0.0038705714978277683	0.010325782001018524	0.004368795547634363	0.012179459445178509	0.008486493490636349	-0.08592097461223602	0.025359204038977623	0.05162424594163895	-0.0027211715932935476	-0.07909511774778366	-0.009871124289929867	-0.05641874298453331
ENSMUSG00000002763	0.00997291598469019	0.019773654639720917	-0.0009304683771915734	0.019275326281785965	-0.017558138817548752	0.0048413025215268135	0.011605300009250641	0.22372859716415405	0.019204992800951004	0.012923819944262505	-0.01813727803528309	-0.027959490194916725	0.009274379350244999	0.015587866306304932	-0.02517806924879551	0.2626844644546509	0.014120819978415966	0.05270284041762352	0.047305330634117126	0.23462623357772827	-0.005911209620535374	0.3441029489040375
ENSMUSG00000017561	0.00954169500619173	0.020358536392450333	-0.002816832158714533	0.027112575247883797	-0.026499435305595398	0.0091940276324749	0.011326308362185955	0.26467084884643555	0.01995670236647129	0.013837200589478016	-0.012668200768530369	-0.025903213769197464	0.016447480767965317	0.011442809365689754	-0.02794536203145981	0.3246428370475769	0.003115799045190215	0.07971665263175964	0.049824271351099014	0.4676114618778229	-0.005370005965232849	0.3802541494369507
ENSMUSG00000109196	-0.01816694624722004	-0.028193121775984764	0.0033073502127081156	-0.005103875882923603	0.0026593077927827835	-0.0021838760003447533	0.0020586694590747356	-0.127825066447258	-0.009045183658599854	-0.02989809215068817	-0.01940973661839962	0.005248036235570908	-0.010623926296830177	-0.05967022851109505	-0.015427903272211552	-0.12889112532138824	-0.01225647609680891	-0.04406019672751427	-0.024031231179833412	-0.23641584813594818	0.0034036687575280666	-0.17809444665908813
ENSMUSG00000028706	0.009504904970526695	0.019470224156975746	-0.002563188085332513	0.018010012805461884	-0.020199932157993317	0.011504468508064747	0.009786194190382957	0.21943281590938568	0.02396404929459095	0.010202014818787575	-0.008016955107450485	-0.014825668185949326	0.01587332785129547	0.008865084499120712	-0.025225287303328514	0.29614806175231934	-0.0016431923722848296	0.06995473057031631	0.046114563941955566	0.4704023599624634	-0.005325894337147474	0.37964656949043274
ENSMUSG00000033016	0.013122222386300564	0.020364176481962204	0.007297157775610685	0.018296651542186737	-0.012050667777657509	0.0031469569075852633	0.002950950525701046	0.1070980429649353	0.01203241664916277	0.020397596061229706	-0.015535632148385048	-0.008793903514742851	0.0017661728197708726	0.015076701529324055	-0.026877157390117645	0.11541997641324997	0.030938100069761276	0.039315056055784225	-0.028036203235387802	0.06200461834669113	-0.0071161407977342606	0.026756351813673973
ENSMUSG00000061983	-0.0031805115286260843	0.009109711274504662	-0.011597467586398125	0.04313654080033302	-0.028361540287733078	0.002739639487117529	0.1354144662618637	0.23770371079444885	0.013942377641797066	-2.1396694137365557e-05	-0.016756391152739525	-0.04216177389025688	0.019382549449801445	-0.004868875723332167	-0.0071043395437300205	0.225874125957489	0.0020763068459928036	0.08319859206676483	0.11808273941278458	0.5977976322174072	0.13654854893684387	0.5483960509300232
ENSMUSG00000039646	0.013226700946688652	0.028297537937760353	0.004165987484157085	0.0148996002972126	-0.011249402537941933	0.01109935063868761	0.005874208640307188	0.11170197278261185	0.014130349270999432	0.023526828736066818	-0.017409026622772217	-0.020669832825660706	0.0046921782195568085	0.012238825671374798	-0.02748073637485504	0.14592784643173218	0.027164340019226074	0.05346576124429703	0.022062761709094048	0.06100727617740631	-0.0016647987067699432	0.10996003448963165
ENSMUSG00000049686	0.009776080027222633	0.021136512979865074	-0.00578495254740119	0.013524171896278858	-0.019973699003458023	0.008040446788072586	0.01414999458938837	0.21890580654144287	0.020798813551664352	0.013954349793493748	-0.020034246146678925	-0.029736418277025223	0.015582540072500706	0.012887840159237385	-0.0359230637550354	0.2520156502723694	0.0075392164289951324	0.05593167245388031	0.05988672748208046	0.36073029041290283	0.0006439907010644674	0.35097554326057434
ENSMUSG00000112641	0.014101849868893623	0.025812283158302307	0.002931486116722226	0.023731237277388573	-0.03174896910786629	0.006109142210334539	0.017155896872282028	0.17338915169239044	0.018586283549666405	0.01751377433538437	-0.007517563179135323	-0.03094789944589138	-0.01254764199256897	0.01880381815135479	-0.009541725739836693	0.24443423748016357	0.024553844705224037	0.05883285403251648	0.05796663463115692	0.1765265017747879	-0.004014106933027506	0.12000636756420135
ENSMUSG00000006711	0.007361888885498047	-0.14511924982070923	-0.0010895333252847195	-0.12372200936079025	0.002722460310906172	0.03514280915260315	0.00022131798323243856	-0.17689691483974457	-0.003253976348787546	-0.27348360419273376	0.002845761366188526	-0.03691308572888374	0.0028037920128554106	-0.09075317531824112	0.0051491339690983295	-0.14832577109336853	0.006285837385803461	-0.23018407821655273	-0.03579806163907051	-0.6948582530021667	-3.7634046748280525e-05	-0.4639267325401306
ENSMUSG00000121436	0.004257327876985073	0.016258172690868378	-0.0003443587920628488	0.02739718183875084	-0.0032324830535799265	-0.004937657620757818	-0.008055457845330238	-0.04165482893586159	-0.005989964585751295	0.0542852021753788	0.007825570181012154	0.00927039235830307	-0.004803390242159367	-0.02536708302795887	0.020654728636145592	-0.16677208244800568	0.019965941086411476	-0.012944558635354042	-0.027787061408162117	-0.02171400561928749	-0.010451758280396461	-0.04184315726161003
ENSMUSG00000115146	0.016697846353054047	0.0387348048388958	0.007367647718638182	0.013369250111281872	-0.0042938715778291225	0.002467811107635498	-0.00012365517613943666	-0.09135430306196213	0.00940924882888794	0.03833232820034027	-0.003777507459744811	0.007963555864989758	0.0010657737730070949	0.012942013330757618	-0.00548164127394557	0.0011808930430561304	0.025935623794794083	0.06296062469482422	-0.02561473287642002	-0.02512224204838276	-0.007559714838862419	-0.03533714637160301
ENSMUSG00000037712	-0.0076894923113286495	0.009619350545108318	0.002090585883706808	0.017910977825522423	0.028226930648088455	-0.001827470026910305	0.012403381057083607	0.34431514143943787	-0.02262870781123638	4.995023846277036e-05	0.007560939062386751	-0.02421313337981701	-0.011018885299563408	0.015015805140137672	-0.003398892469704151	0.3222050368785858	0.017039166763424873	0.06360653042793274	-0.01962454430758953	0.3771805465221405	-0.008532647974789143	0.36137187480926514
ENSMUSG00000026207	0.013019364327192307	0.023616302758455276	0.002025819616392255	0.023673787713050842	-0.017214100807905197	0.003633307758718729	0.007561728358268738	0.12201710045337677	0.014506833627820015	0.021234113723039627	-0.02162453904747963	-0.017654437571763992	0.005150478333234787	0.0180418249219656	-0.03416640684008598	0.2170533984899521	0.025266271084547043	0.05328750237822533	0.022707633674144745	0.1057543158531189	-0.0024642967619001865	0.09013314545154572
ENSMUSG00000061353	0.01318987924605608	0.030864614993333817	0.005063781514763832	0.005518979858607054	-0.01557887438684702	0.006678900681436062	0.005935493856668472	0.12012750655412674	0.013343499973416328	0.02609919384121895	-0.019473543390631676	-0.006788000464439392	0.0028889181558042765	0.013835086487233639	-0.030342236161231995	0.10663826018571854	0.029599850997328758	0.050793394446372986	0.01506500132381916	0.08677972853183746	-0.004804831929504871	0.03794340044260025
ENSMUSG00000060882	0.0014402312226593494	0.030710794031620026	-0.0012742690742015839	0.016195006668567657	-0.011133755557239056	0.003847068175673485	-0.005405546631664038	0.1983206421136856	-0.004874173551797867	0.01578254997730255	-0.0033263349905610085	-0.027166832238435745	-0.0033141584135591984	0.01811366155743599	-0.002349439775571227	0.20232853293418884	0.00826119352132082	0.06414981186389923	-0.011805419810116291	0.1613936573266983	-0.006509023252874613	0.08579305559396744
ENSMUSG00000023013	0.021758761256933212	0.04225509241223335	0.0026701458264142275	0.019912920892238617	-0.005398210138082504	0.0035130875185132027	-0.007598449010401964	-0.003680912544950843	0.014764581806957722	0.04646160081028938	-0.010874399915337563	0.0010959523497149348	0.0014735677978023887	0.012410669587552547	-0.015920143574476242	-0.05232170596718788	0.03581736609339714	0.031432151794433594	0.017913978546857834	-0.026809975504875183	0.00706532783806324	-0.004298686515539885
ENSMUSG00000113593	0.025309167802333832	0.015096626244485378	0.0009493636898696423	0.04586078226566315	0.0017821514047682285	-0.0009531700052320957	-0.0031348182819783688	-0.09014634042978287	0.008288471959531307	0.06738536059856415	0.003912149462848902	0.011897832155227661	0.0002866025024559349	-0.00756828673183918	0.002324493136256933	-0.07009647786617279	0.015144978649914265	0.04628758504986763	-0.05564110353589058	-0.2141934335231781	-0.006012335419654846	-0.04572261869907379
ENSMUSG00000037716	0.02401670068502426	0.036407746374607086	0.011682615615427494	0.012671899050474167	-0.00478148739784956	0.0016842405311763287	0.00023635735851712525	-0.06532034277915955	0.014939241111278534	0.04500104859471321	-0.009014236740767956	0.0014759713085368276	0.002211065962910652	0.004950389731675386	-0.006319823674857616	-0.002654115203768015	0.03745553269982338	0.04698795825242996	0.0067357164807617664	-0.05292869731783867	-0.006162604782730341	-0.017695747315883636
ENSMUSG00000037300	0.010637978091835976	0.020245391875505447	-0.002091182628646493	0.01692035421729088	-0.02030131407082081	0.006352545693516731	0.008775818161666393	0.28442227840423584	0.016828563064336777	0.012781539931893349	-0.017720313742756844	-0.024521782994270325	0.012373018078505993	0.014428202994167805	-0.029132919386029243	0.3359088897705078	0.008937221020460129	0.06493908166885376	0.04126957431435585	0.2955094277858734	-0.00829639658331871	0.41026198863983154
ENSMUSG00000026499	0.010278046131134033	0.01740441285073757	0.00014165493485052139	0.021680306643247604	-0.028984349220991135	0.0041289664804935455	0.009419925510883331	0.2925039529800415	0.014490118250250816	0.010513221845030785	-0.012419262900948524	-0.030842358246445656	0.007795958314090967	0.01738830655813217	-0.021869361400604248	0.3367575705051422	0.011984206736087799	0.0639927089214325	0.0411054864525795	0.17961646616458893	-0.009151401929557323	0.405609130859375
ENSMUSG00000024976	0.006383595056831837	0.019284415990114212	0.0007265324238687754	0.02978433668613434	-0.025868874043226242	0.003310100408270955	0.01575642265379429	0.2724658250808716	0.008212767541408539	0.008765250444412231	-0.012376847676932812	-0.025630509480834007	0.01475407276302576	0.013212974183261395	-0.008697368204593658	0.3258129060268402	0.00745057687163353	0.06195538491010666	0.029278049245476723	0.42236971855163574	-0.006361799314618111	0.4124772548675537
ENSMUSG00000046999	0.014202729798853397	0.02177014760673046	0.00014368054689839482	0.021556342020630836	-0.028160156682133675	0.00617091404274106	0.013931243680417538	0.19476883113384247	0.0006189043633639812	0.017694462090730667	-0.013152934610843658	-0.032994452863931656	0.0053568207658827305	0.016127614304423332	-0.016194256022572517	0.2740746736526489	0.01349580567330122	0.062126267701387405	0.015244320966303349	0.035817950963974	-0.002501662354916334	0.1932346224784851
ENSMUSG00000030204	0.012292048893868923	0.03540895879268646	0.005125392694026232	0.011898071505129337	-0.01738744229078293	0.006187255959957838	0.002472181571647525	0.1543036699295044	0.016907203942537308	0.02543615736067295	-0.01733381114900112	-0.010631004348397255	0.005973026156425476	0.016633320599794388	-0.026941906660795212	0.21073968708515167	0.02411375194787979	0.04190045967698097	0.05642444267868996	0.14647752046585083	-0.004734366666525602	0.17660550773143768
ENSMUSG00000121499	-0.10803068429231644	-0.22050966322422028	-0.026485972106456757	-0.05192337557673454	-0.0328693650662899	-0.07932398468255997	0.025736751034855843	-0.1055631935596466	-0.04727441817522049	-0.22943781316280365	-0.01883648708462715	-0.014530365355312824	-0.013789267279207706	-0.02652907930314541	0.04801816865801811	-0.24066951870918274	-0.16050326824188232	-0.27358344197273254	0.2254774421453476	-0.6104251742362976	-0.00779779814183712	-0.41069161891937256
ENSMUSG00000078650	0.022580856457352638	0.03802113980054855	0.01044542994350195	0.02812338061630726	-0.004319426137953997	-0.0043943184427917	-0.0033636181615293026	-0.08083398640155792	0.012477773241698742	0.04365438595414162	-0.009351707063615322	0.006144313607364893	0.006859374698251486	0.013308017514646053	0.0010684218723326921	-0.019374627619981766	0.02196539007127285	0.04491119086742401	-0.029684679582715034	-0.07867816090583801	-0.00592506630346179	-0.02744721807539463
ENSMUSG00000066892	0.008398571982979774	0.021531980484724045	-0.004842048045247793	0.014410317875444889	-0.013095306232571602	0.0027290547732263803	0.03020458295941353	0.2533101737499237	0.019630275666713715	0.013290995731949806	-0.010617443360388279	-0.01638318970799446	0.012995108030736446	0.010329382494091988	-0.027270842343568802	0.17444589734077454	0.0036652502603828907	0.05065606161952019	0.05946137383580208	0.39130377769470215	0.005028580315411091	0.28558215498924255
ENSMUSG00000084758	0.024410318583250046	0.015572126023471355	0.010978403501212597	0.01533304713666439	-0.0077505516819655895	-0.004887763410806656	-0.0038324687629938126	-0.08549045771360397	0.0070258257910609245	0.05834568664431572	0.006639966741204262	0.008338642306625843	0.010754712857306004	-0.004044832196086645	0.0224588792771101	-0.0763087198138237	0.029798638075590134	-0.04544099420309067	0.0008125730091705918	-0.004099718295037746	-0.011106640100479126	-0.036592546850442886
ENSMUSG00000113225	0.011942064389586449	-0.007648818660527468	0.0035011437721550465	0.01867578737437725	-0.0003427119227126241	0.0030026407912373543	-0.005968215875327587	-0.06333096325397491	0.0027094248216599226	0.024194370955228806	0.0005786131951026618	0.00890064612030983	0.002250042511150241	-0.002405156148597598	-0.0010012530256062746	-0.08725403994321823	0.012482748366892338	0.01936269924044609	-0.05174601078033447	-0.11275520920753479	-0.008019771426916122	-0.03933275490999222
ENSMUSG00000022270	0.011193739250302315	0.023814423009753227	0.004120067227631807	0.016463808715343475	-0.02581394463777542	0.006677552592009306	0.0065192487090826035	0.21098853647708893	0.017567111179232597	0.01324082724750042	-0.015447677113115788	-0.022761696949601173	0.011343061923980713	0.017420165240764618	-0.02943875640630722	0.2620723247528076	0.02227788046002388	0.06020238250494003	0.00417831027880311	0.2218828648328781	-0.007273201365023851	0.16336046159267426
ENSMUSG00000117763	0.018361758440732956	0.022829320281744003	0.010680656880140305	0.006267809774726629	-0.007847803644835949	0.001597610767930746	-0.00019717677787411958	-0.025699349120259285	0.014614577405154705	0.026486041024327278	-0.012077066116034985	0.012494019232690334	-0.001972143305465579	0.012611690908670425	-0.021816497668623924	0.010901505127549171	0.039343781769275665	0.06053520739078522	-0.023169824853539467	-0.04218662902712822	-0.005937331821769476	-0.03126869350671768
ENSMUSG00000121771	0.01250828430056572	0.013262610882520676	0.004955400247126818	0.006144563667476177	-0.018475964665412903	0.004972096998244524	-0.015449166297912598	0.1682066172361374	0.015677396208047867	0.013282530009746552	-0.027697084471583366	-0.011717699468135834	0.008300518617033958	0.020311539992690086	0.02967188134789467	0.28310906887054443	0.012810569256544113	0.04332952946424484	0.012834912165999413	0.30925413966178894	-0.007456984370946884	0.2031828761100769
ENSMUSG00000111818	0.025350982323288918	0.035062070935964584	0.00956108421087265	0.01763725094497204	-0.00943073071539402	0.0013611855683848262	-0.0013939678901806474	-0.07151621580123901	0.012528699822723866	0.040540438145399094	-0.013310167007148266	0.010494423098862171	0.008036906830966473	0.013418400660157204	0.0016563910758122802	-0.01206499058753252	0.035793088376522064	0.0237715020775795	0.0094277523458004	-0.11492706090211868	-0.006567961536347866	-0.027664540335536003
ENSMUSG00000106397	-0.008172985166311264	-0.009702575393021107	-0.005425130017101765	-0.01741160824894905	-0.0053404527716338634	-0.00034340034471824765	-0.01903740130364895	-0.12563425302505493	0.003968239761888981	0.03511394187808037	0.004082025028765202	0.0098219970241189	-0.00368429534137249	0.003479613456875086	0.02971785143017769	-0.09538997709751129	-0.015509667806327343	0.014385343529284	-0.038556698709726334	-0.11232564598321915	-0.008466183207929134	-0.061938535422086716
ENSMUSG00000107647	0.010368740186095238	0.013104633428156376	0.004015137441456318	0.006267304997891188	-0.004327505826950073	0.002800982678309083	-0.00449791643768549	-0.07921196520328522	0.021615944802761078	0.03359748795628548	-0.006061792839318514	0.007259254343807697	0.0005220082239247859	0.005751846358180046	-0.005441450513899326	-0.007405268959701061	-0.011342400684952736	0.011134597472846508	-0.022915758192539215	-0.052780285477638245	-0.0050267307087779045	-0.03994608297944069
ENSMUSG00000067555	0.007603295613080263	0.00940984208136797	0.0017336945747956634	0.03134971484541893	0.0026192665100097656	-0.0002326144021935761	-0.006145891733467579	-0.08167882263660431	-0.008790618740022182	0.0532265342772007	0.00489293597638607	0.011200637556612492	-0.0013409194070845842	-0.006257225293666124	-0.006582734175026417	-0.09774889796972275	-0.004648110363632441	0.01549987681210041	-0.03996133804321289	-0.2228718250989914	-0.00540414871647954	-0.12101848423480988
ENSMUSG00000073599	0.013473420403897762	0.03173190727829933	0.011392622254788876	0.016188327223062515	-0.011652419343590736	0.004654221702367067	0.005460673943161964	0.013680683448910713	0.018394088372588158	0.030909288674592972	-0.015055251307785511	-0.007425331510603428	0.0007113696774467826	0.015201390720903873	-0.017105495557188988	0.07186529040336609	0.03707944601774216	0.04801855981349945	0.009759928099811077	0.05703888460993767	-0.004806005861610174	0.0611288920044899
ENSMUSG00000029283	0.0069214836694300175	0.024017544463276863	0.0018528072396293283	0.026402819901704788	-0.016355261206626892	0.008127205073833466	0.002514282474294305	0.2705037593841553	0.008388107642531395	0.012723110616207123	-0.0058677587658166885	-0.024806322529911995	0.013287804089486599	0.014971345663070679	-0.01520527247339487	0.325643390417099	0.010401145555078983	0.07146892696619034	0.03255055844783783	0.3916933834552765	-0.007457775995135307	0.3074699640274048
ENSMUSG00000028419	0.010046917013823986	0.015784012153744698	0.001541751902550459	0.024855952709913254	-0.02135753631591797	0.006005450617522001	0.004311365075409412	0.2897622883319855	0.014448864385485649	0.012543385848402977	-0.009628865867853165	-0.029484083876013756	0.009042534977197647	0.018357332795858383	-0.018055597320199013	0.3327910602092743	0.014611556194722652	0.07711929082870483	0.015267294831573963	0.21353967487812042	-0.00992237776517868	0.38621699810028076
ENSMUSG00000103770	0.009483030065894127	0.036412276327610016	0.002097277669236064	0.00588889978826046	-0.008225837722420692	0.003957955166697502	0.003182574175298214	0.0015291974414139986	0.006721307523548603	0.024228408932685852	-0.010519313625991344	0.009904681704938412	0.0017044144915416837	0.01072058454155922	-0.012731330469250679	-0.00040123873623088	0.022702958434820175	0.02660413458943367	-0.02303764596581459	-0.03154326230287552	-0.004718612413853407	0.006621939595788717
ENSMUSG00000087348	0.03692864999175072	0.034680165350437164	0.0025246506556868553	0.021213704720139503	-0.0012672326993197203	0.002348257228732109	-0.006309059448540211	-0.02859984152019024	0.019623100757598877	0.057443805038928986	-0.011071179993450642	0.015812598168849945	0.0056580109521746635	0.008583960123360157	-0.0019043349893763661	-0.04011170566082001	0.024513864889740944	0.04429946839809418	0.011916336603462696	-0.16973473131656647	-0.0022150292061269283	-0.08368205279111862
ENSMUSG00000090071	0.01183468196541071	0.007526421453803778	0.0004264555755071342	0.013968627899885178	-0.01899348758161068	0.005300336517393589	0.020259462296962738	0.13406510651111603	0.009866022504866123	0.024847080931067467	-0.026602739468216896	-0.022344136610627174	0.002267300384119153	0.015842391178011894	-0.026689492166042328	0.11736974120140076	0.02452962100505829	0.04792821407318115	0.012282327748835087	0.10475147515535355	0.005993592087179422	0.13942208886146545
ENSMUSG00000022906	0.008798626251518726	0.02278423123061657	-0.002432993147522211	0.025958990678191185	-0.02255731262266636	0.007570217829197645	0.014070102944970131	0.20528675615787506	0.01883251592516899	0.013647075742483139	-0.015788476914167404	-0.02889091707766056	0.016329243779182434	0.012948516756296158	-0.02776062674820423	0.2513233423233032	0.012294121086597443	0.06072211638092995	0.10068783909082413	0.32454195618629456	0.00012305504060350358	0.16024011373519897
ENSMUSG00000030711	0.014601219445466995	0.023273780941963196	0.006107146851718426	0.020547766238451004	-0.0061241639778018	0.00015552577679045498	-0.005951093044131994	-0.07314207404851913	0.01563197188079357	0.05175254866480827	-0.009578537195920944	0.011519315652549267	-0.000323401385685429	0.013398345559835434	-0.0017138384282588959	0.020502066239714622	0.03983131796121597	0.03491545841097832	-0.003592798486351967	0.014603545889258385	-0.006527455989271402	0.00275072967633605
ENSMUSG00000032375	0.008482091128826141	0.028848232701420784	-7.517729682149366e-05	0.02471463941037655	-0.02027643471956253	0.002438926137983799	-0.005592244677245617	0.18010486662387848	0.008197891525924206	0.022938882932066917	-0.01611175388097763	-0.021940501406788826	0.00478616077452898	0.017384536564350128	-0.019123947247862816	0.18665342032909393	0.017085213214159012	0.05423736944794655	-0.004214012064039707	0.1293482631444931	-0.005826934706419706	0.1797538697719574
ENSMUSG00000016487	0.008224950172007084	0.020430834963917732	0.0025194520130753517	0.027331512421369553	-0.0179611649364233	0.007986140437424183	0.0025496003217995167	0.2488454282283783	0.01142207346856594	0.015302622690796852	-0.0148802874609828	-0.029883744195103645	0.00802567508071661	0.01770632714033127	-0.022023387253284454	0.3048970103263855	0.01329459622502327	0.05238720402121544	0.018213238567113876	0.3595562279224396	-0.0075459047220647335	0.2585331201553345
ENSMUSG00000034042	0.0062451595440506935	0.015469752252101898	-0.004496911074966192	0.03896421566605568	-0.023968925699591637	0.007615402806550264	0.025768551975488663	0.30942627787590027	0.01949125900864601	0.008767867460846901	-0.006589794531464577	-0.021320439875125885	0.02250107005238533	0.007694263476878405	-0.02149728685617447	0.3101608157157898	-9.766636503627524e-05	0.08712141215801239	0.04213942959904671	0.5895711183547974	-0.0026436832267791033	0.4280857443809509
ENSMUSG00000079418	-0.009356705471873283	0.002049592323601246	-0.001688603195361793	-0.0205923393368721	0.03539862483739853	-0.005959036760032177	-0.020468788221478462	0.21641801297664642	-0.030727431178092957	0.008442442864179611	0.011222929693758488	-0.004369969479739666	-0.024241430684924126	0.012172812595963478	0.010701051913201809	0.18876703083515167	0.010210705921053886	-0.06725973635911942	-0.07772916555404663	0.15962475538253784	-0.0016082643996924162	0.10858587175607681
ENSMUSG00000104860	0.015281908214092255	0.03453445062041283	0.004268164746463299	0.008986206725239754	-0.002737603848800063	-0.002739920513704419	-0.03664817288517952	-0.08823838829994202	0.030761728063225746	0.019860902801156044	0.005138179752975702	0.009997257962822914	-0.022712742909789085	-0.003999615088105202	-0.004931874573230743	-0.058011244982481	-0.010689172893762589	0.020925765857100487	-0.04119875282049179	-0.13249899446964264	-0.0041677337139844894	-0.10691146552562714
ENSMUSG00000103313	0.038380216807127	0.0392189584672451	-0.00020732884877361357	0.009785144589841366	-0.004407388158142567	-0.0002315398887731135	0.00949927605688572	0.01939670369029045	0.011695357970893383	0.053717732429504395	-0.00829005055129528	-0.0016643921844661236	0.007182529661804438	0.004034021869301796	-0.005490672774612904	-0.09308617562055588	0.017063532024621964	0.022899126634001732	0.04288559406995773	0.13046516478061676	0.023818712681531906	-0.010318713262677193
ENSMUSG00000037646	0.017266176640987396	-0.12134722620248795	-0.003826634958386421	-0.12990327179431915	-0.0033282374497503042	0.049111057072877884	-0.007013073656708002	-0.1965872347354889	-0.001944880816154182	-0.25221434235572815	0.0012090528616681695	-0.027522418648004532	0.014546234160661697	-0.09556879103183746	0.006184382364153862	-0.15528659522533417	0.011770577169954777	-0.21189439296722412	-0.0303951445966959	-0.7307369112968445	-0.011622096411883831	-0.4848240911960602
ENSMUSG00000093752	0.00778742553666234	0.013055787421762943	-0.01009309571236372	0.02449064701795578	-0.024332981556653976	0.003976902924478054	0.02369513362646103	0.27571743726730347	0.019080517813563347	0.006309667136520147	-0.01685258001089096	-0.027573158964514732	0.019566185772418976	0.011583584360778332	-0.034194499254226685	0.29803013801574707	-0.000147944811033085	0.07891108840703964	0.08974690735340118	0.26901644468307495	0.0034583937376737595	0.4345548152923584
ENSMUSG00000029298	0.00884405430406332	0.022218208760023117	0.006322571542114019	0.01641528680920601	-0.011590253561735153	0.004938443657010794	0.006734845694154501	0.007174329832196236	0.012210101820528507	0.02251441963016987	-0.01050823088735342	-0.008345013484358788	0.004862753674387932	0.016365086659789085	-0.017383599653840065	0.1211555227637291	0.022039657458662987	0.04229828715324402	0.007938489317893982	0.3759898245334625	-0.004800793249160051	0.07476485520601273
ENSMUSG00000034872	-0.10803068429231644	-0.22050966322422028	-0.026485972106456757	-0.05192337557673454	-0.0328693650662899	-0.07932398468255997	0.025736751034855843	-0.1055631935596466	-0.04727441817522049	-0.22943781316280365	-0.01883648708462715	-0.014530365355312824	-0.013789267279207706	-0.02652907930314541	0.04801816865801811	-0.24066951870918274	-0.16050326824188232	-0.27358344197273254	0.2254774421453476	-0.6104251742362976	-0.00779779814183712	-0.41069161891937256
ENSMUSG00000032023	0.014472170732915401	0.040126312524080276	0.007635397370904684	0.019010376185178757	-0.009591778740286827	0.0040550194680690765	0.0014332315186038613	0.056906457990407944	0.012617051601409912	0.0411284975707531	-0.011397813446819782	-0.013377058319747448	0.0011107622412964702	0.019839011132717133	-0.016482457518577576	0.01810324378311634	0.029579441994428635	0.03804808482527733	-0.025013310834765434	-0.004252071492373943	-0.004372959490865469	0.013130998238921165
ENSMUSG00000031381	-0.004482044372707605	-0.020617039874196053	0.0025779111310839653	-0.026500677689909935	0.007232092786580324	-0.005868558771908283	0.01697881892323494	0.27845299243927	-0.010646956041455269	-0.001261722994968295	-0.0003423687885515392	-0.0016131990123540163	-0.006900203879922628	0.011078141629695892	-0.006652840878814459	0.2868482172489166	0.018251072615385056	0.06583430618047714	0.03317490220069885	0.3141436278820038	-0.007718417793512344	0.24669817090034485
ENSMUSG00000028141	0.012222398072481155	0.020023925229907036	0.003130532568320632	0.024596937000751495	-0.011838104575872421	0.0036334916949272156	-0.0036659562028944492	0.24372586607933044	0.012768063694238663	0.011642741970717907	-0.01849493570625782	-0.012768280692398548	0.0002885011490434408	0.019897164776921272	-0.003040573326870799	0.33971869945526123	0.018146226182579994	0.06287159770727158	0.017248990014195442	0.1323310136795044	-0.01015036553144455	0.34181785583496094
ENSMUSG00000036594	0.01442247536033392	0.030267732217907906	0.012057260610163212	0.004874170292168856	-0.004026277456432581	-0.002711067209020257	-0.002689837710931897	-0.041709404438734055	0.012309844605624676	0.02505074441432953	0.008677773177623749	0.0010622321860864758	0.005388462916016579	0.005023726727813482	-0.002060011960566044	-0.022325819358229637	0.049978598952293396	0.016834473237395287	-0.0353899709880352	0.00177596730645746	-0.006266895681619644	-0.018707681447267532
ENSMUSG00000046667	0.004136817529797554	0.011278011836111546	-6.905657210154459e-05	0.018896445631980896	-0.0200684554874897	0.002399936318397522	0.018537612631917	0.23875261843204498	0.007702163886278868	0.0074806418269872665	-0.018119795247912407	-0.023512549698352814	0.00466929143294692	0.01452399231493473	-0.007469251751899719	0.3207598030567169	0.00949880015105009	0.05202583223581314	0.04502863809466362	0.25166594982147217	-0.004986815620213747	0.3032386600971222
ENSMUSG00000037628	-0.004410214256495237	0.028732651844620705	0.0003487682843115181	-0.01759544387459755	0.0049155112355947495	-0.00919460877776146	-0.009215186350047588	0.19281788170337677	-0.012630771845579147	-0.0005036490620113909	0.0017658681608736515	-0.0010333869140595198	-0.01868509128689766	0.010506532154977322	-0.003905727295204997	0.17387796938419342	0.010962282307446003	-0.00533742131665349	0.04908712953329086	0.33586785197257996	-0.004293540492653847	0.19179466366767883
ENSMUSG00000107655	0.008407908491790295	0.02149863727390766	0.012339601293206215	-0.029963357374072075	-0.006457300391048193	-0.003952683415263891	-0.006499030627310276	-0.06415120512247086	5.9028228861279786e-05	0.01862858608365059	-0.009716333821415901	0.006536670494824648	-0.003898684633895755	-0.007869641296565533	0.001446122070774436	-0.08315205574035645	0.02426503412425518	-0.03108258731663227	0.027500038966536522	-0.08822253346443176	-0.007662980351597071	-0.06227971613407135
ENSMUSG00000102376	0.012573841959238052	0.04219723120331764	0.012032105587422848	0.027408866211771965	-0.011538075283169746	0.017366647720336914	0.00609874352812767	0.08456835895776749	-0.01153798308223486	0.012459819205105305	-0.02635284699499607	0.011318348348140717	-0.04359632357954979	0.01583746261894703	0.008197621442377567	0.1836150586605072	0.017918439581990242	0.08244394510984421	0.013615789823234081	0.3086879253387451	-0.0047423746436834335	0.10403749346733093
ENSMUSG00000102510	0.018190259113907814	0.03211407735943794	0.007724014576524496	0.02533354051411152	-0.0007500858628191054	-0.0016174045158550143	-0.004238804802298546	-0.03795889765024185	0.006639169994741678	0.056788548827171326	-0.0010825040517374873	0.005054519046097994	-0.00017652013048063964	0.01378138642758131	7.775984727231844e-07	-0.05072859302163124	0.047095127403736115	0.029360495507717133	-0.04063824191689491	-0.04331563785672188	-0.0054055447690188885	-0.05074517801403999
ENSMUSG00000032661	0.024813733994960785	0.0507529117166996	0.009123796597123146	0.02555016428232193	-0.003825276391580701	-0.0023223531898111105	-0.004199715331196785	-0.03689078986644745	0.01382414810359478	0.03107413463294506	-0.00820641778409481	0.005831175018101931	-0.00027954342658631504	0.009009095840156078	-0.008308341726660728	-0.03784146159887314	0.0371701642870903	0.0489235445857048	0.006847470998764038	-0.06324295699596405	-0.00340017257258296	-0.03735550493001938
ENSMUSG00000114369	0.008498761802911758	0.023708222433924675	0.001994664780795574	0.009673121385276318	-0.012566035613417625	0.007748739793896675	-0.004440288990736008	0.1884094774723053	0.009590422734618187	0.007231870200484991	-0.011190542951226234	-0.02062288299202919	0.007532229647040367	0.014399981126189232	-0.016603203490376472	0.26950693130493164	0.012012138031423092	0.05388640984892845	0.047257862985134125	0.3169443905353546	-0.006812316831201315	0.21017947793006897
ENSMUSG00000097742	0.013824050314724445	0.03126087412238121	0.004849931690841913	0.009365430101752281	-0.004584657959640026	0.005586352199316025	-0.005804428830742836	-0.05923993140459061	0.0058053904213011265	0.015697842463850975	-0.002259904984384775	0.005175613332539797	0.00264033954590559	0.015335721895098686	-0.007308597676455975	-0.002990199951454997	0.012093099765479565	0.02985534444451332	-0.028185632079839706	-0.03211866691708565	-0.006450191605836153	-0.005831046495586634
ENSMUSG00000110605	0.008698421530425549	0.03225427493453026	0.0029844027012586594	0.009231449104845524	-0.01924099214375019	0.007913770154118538	0.011801169253885746	0.1537761241197586	0.014348549768328667	0.019433101639151573	-0.01932188682258129	-0.017907273024320602	0.0071126921102404594	0.014581148512661457	-0.01793295331299305	0.2642020881175995	0.020047282800078392	0.059875041246414185	0.03750120848417282	0.30948111414909363	-0.004935549572110176	0.20307107269763947
ENSMUSG00000120009	0.008659123443067074	0.012490264140069485	-0.0015423772856593132	-0.013777443207800388	-0.01718355342745781	0.003947288263589144	0.027393851429224014	0.18610547482967377	0.024380989372730255	0.001264940365217626	-0.006469490006566048	-0.01624395325779915	0.015812061727046967	0.008505604229867458	0.0033253019209951162	0.1977701634168625	0.005024513695389032	0.04963832348585129	0.06262213736772537	0.4702496826648712	-0.0002175592235289514	0.11284580081701279
ENSMUSG00000001672	0.010615792125463486	0.03303825855255127	0.00025138695491477847	0.018597284331917763	-0.020922450348734856	0.003075187560170889	0.007377354893833399	0.13351760804653168	0.017062073573470116	0.019120538607239723	-0.019215691834688187	-0.025395207107067108	0.00656126206740737	0.015551065094769001	-0.03362656757235527	0.16114111244678497	0.02193824015557766	0.025059878826141357	0.03698219731450081	0.16140425205230713	-0.0005116565735079348	0.1675838828086853
ENSMUSG00000031750	0.02086574025452137	0.025783684104681015	0.009402443654835224	0.011657152324914932	-0.009498154744505882	0.004142244812101126	0.005324477329850197	-0.01523897796869278	0.019032664597034454	0.038788504898548126	-0.01750493235886097	0.0003081316826865077	0.004022685345262289	0.0160171240568161	-0.01664002053439617	0.05010034143924713	0.037762753665447235	0.017748787999153137	0.06733104586601257	0.11938899755477905	0.0014048570301383734	0.016067316755652428
ENSMUSG00000025006	0.010599681176245213	0.020941562950611115	0.003498402424156666	0.016961636021733284	-0.015861529856920242	0.007518762722611427	0.006105145439505577	0.23205016553401947	0.013615885749459267	0.009390114806592464	-0.015974052250385284	-0.02886226586997509	0.0071697719395160675	0.015741081908345222	-0.0259395744651556	0.302694708108902	0.01621437631547451	0.06454917043447495	0.005140168592333794	0.3152840733528137	-0.008121427148580551	0.21757091581821442
ENSMUSG00000066571	-0.011434079147875309	0.016337700188159943	-0.003363537834957242	0.031122641637921333	0.040560029447078705	0.0024582757614552975	-0.006378076504915953	0.31476613879203796	-0.024099968373775482	0.01059586089104414	0.01733146421611309	-0.018806038424372673	-0.024484949186444283	0.024277567863464355	0.005307008512318134	0.3593587577342987	0.008642461150884628	0.07363219559192657	-0.09143880009651184	0.3479141891002655	0.007556119468063116	0.4253162145614624
ENSMUSG00000022248	0.005895980633795261	0.022200193256139755	-0.01375439390540123	0.03765495866537094	-0.024747949093580246	0.011373043991625309	0.030019745230674744	0.2713174819946289	0.022883791476488113	0.011580275371670723	-0.006072165910154581	-0.022686531767249107	0.026991743594408035	0.002794509520754218	-0.03695400059223175	0.2677749991416931	-0.015124332159757614	0.07291582226753235	0.09207041561603546	0.4449588358402252	0.014061998575925827	0.3841487467288971
ENSMUSG00000032525	0.006368395872414112	0.019289666786789894	-0.0008082455606199801	0.04021036624908447	-0.02196664549410343	0.007113180123269558	0.013986255042254925	0.26336169242858887	0.013072934933006763	0.00937398336827755	-0.007115596905350685	-0.0187679510563612	0.018687361851334572	0.009314712136983871	-0.015568672679364681	0.3090187609195709	0.0006368705071508884	0.0685589537024498	0.05423048138618469	0.5013028383255005	-0.003131056670099497	0.428086519241333
ENSMUSG00000022139	0.008698397316038609	0.01797265000641346	0.0020074958447366953	0.016481628641486168	-0.016655847430229187	0.008404838852584362	0.010430707596242428	0.17550647258758545	0.013367827981710434	0.019808843731880188	-0.014329596422612667	-0.027878301218152046	0.009499723091721535	0.012978559359908104	-0.026816600933670998	0.213892862200737	0.019776005297899246	0.04408940300345421	0.026711704209446907	0.24146796762943268	-0.0038890496362000704	0.08405623584985733
ENSMUSG00000085398	0.01012166403234005	0.020563719794154167	0.0008401471422985196	0.03212457150220871	-0.026500489562749863	0.007739265449345112	0.0025720233097672462	0.26989004015922546	0.02000272087752819	0.012906192801892757	-0.006222069729119539	-0.019721340388059616	0.0097463084384799	0.014271752908825874	-0.017024805769324303	0.3283371031284332	0.007707310374826193	0.07268360257148743	0.026339953765273094	0.42797958850860596	-0.007938932627439499	0.4032760560512543
ENSMUSG00000105076	0.009471452794969082	0.011595498770475388	0.005606623366475105	0.022999219596385956	-0.008974885568022728	0.006115413736552	0.004792660474777222	0.13177308440208435	0.012228294275701046	0.02760249562561512	-0.00864598248153925	-0.021661613136529922	-0.001295936992391944	0.01686454564332962	-0.009427107870578766	0.13737648725509644	0.017104772850871086	0.04333888366818428	-0.026512200012803078	-0.002999525750055909	-0.006650494411587715	0.03656046837568283
ENSMUSG00000105586	-0.006875148508697748	0.03402606397867203	-0.006677222438156605	0.011903741396963596	-0.001039390917867422	-0.0024128451477736235	-0.020134396851062775	-0.059721965342760086	-0.0032301328610628843	0.03671907261013985	0.0052170781418681145	0.00926041230559349	0.0011109081096947193	0.006816063076257706	-0.0026930239982903004	-0.05740060657262802	0.021236944943666458	0.01765720546245575	-0.035293981432914734	0.04951170086860657	-0.006626840215176344	-0.005965286400169134
ENSMUSG00000030187	-0.017850445583462715	-0.1467639058828354	0.002589636482298374	-0.10940862447023392	0.005769812967628241	0.02463124506175518	0.0025268569588661194	-0.17995288968086243	-0.004099175799638033	-0.23963503539562225	0.004925351589918137	-0.026370655745267868	-0.012634632177650928	-0.08968468755483627	-0.019836662337183952	-0.17041751742362976	-0.007464345544576645	-0.23528458178043365	-0.029189307242631912	-0.6973434686660767	0.008063317276537418	-0.48551762104034424
ENSMUSG00000101075	0.029752925038337708	0.026458363980054855	0.019917013123631477	0.02370356395840645	-0.008683069609105587	-0.003396265208721161	-0.013058891519904137	-0.048020005226135254	0.008439852856099606	0.03618143871426582	-0.007146385498344898	0.003970290534198284	0.0036188738886266947	0.011331623420119286	-0.004060312174260616	-0.04336218908429146	0.04648726060986519	0.04532524570822716	-0.04383368417620659	-0.1550496518611908	-0.0058282967656850815	-0.1462550014257431
ENSMUSG00000110396	0.015642087906599045	0.043540388345718384	-0.002023309236392379	0.00923153292387724	-0.004638290498405695	-0.0032335398718714714	-0.005649321712553501	-0.08633101731538773	0.00012464946485124528	0.03626186028122902	-0.008072570897638798	0.008739007636904716	-0.0010984822874888778	-0.00029770919354632497	0.00337424804456532	-0.049721166491508484	0.025832524523139	0.021181097254157066	-0.04161794111132622	-0.08929285407066345	-0.005986071657389402	-0.08039528131484985
ENSMUSG00000043866	0.009365291334688663	0.017172301188111305	-0.00254010409116745	0.027488665655255318	-0.0049396054819226265	0.006152411922812462	0.018328433856368065	0.22971801459789276	0.02139265276491642	0.01034729927778244	-0.004745219834148884	-0.020745305344462395	0.012921590358018875	0.009340480901300907	-0.006411027163267136	0.2720711827278137	-0.0041840956546366215	0.05947895348072052	0.09007235616445541	0.37107861042022705	0.006323103327304125	0.3740765452384949
ENSMUSG00000032013	0.019204191863536835	0.031339019536972046	0.010858425870537758	0.018779432401061058	-0.003188759321346879	-0.006619686260819435	-0.003320236224681139	-0.03355487436056137	0.015551834367215633	0.014040199108421803	-0.009994505904614925	0.006783172022551298	-0.0008457087678834796	0.013372819870710373	-0.013490556739270687	-0.011805887334048748	0.04248793423175812	0.057998739182949066	-0.029535554349422455	-0.10253702104091644	-0.008781274780631065	-0.08111319690942764
ENSMUSG00000055067	0.009989244863390923	0.01849246770143509	0.0017254422418773174	0.015375797636806965	-0.019124045968055725	0.007695628330111504	0.003834585892036557	0.2536593973636627	0.01330876350402832	0.01459161750972271	-0.013550443574786186	-0.013467337004840374	0.012115662917494774	0.014363538473844528	-0.0225188210606575	0.2708635628223419	0.012847283855080605	0.06978633254766464	0.017596686258912086	0.31360089778900146	-0.00786973349750042	0.33142420649528503
ENSMUSG00000020721	0.008270964957773685	0.024097448214888573	-0.00335241318680346	0.029648488387465477	-0.02154923975467682	0.011634414084255695	0.009023791179060936	0.27992069721221924	0.02114938199520111	0.010017139837145805	-0.009174682199954987	-0.021544141694903374	0.02061477117240429	0.00947712641209364	-0.030193278566002846	0.2101793736219406	0.00012044798495480791	0.0551600307226181	0.03163781762123108	0.5044412612915039	-0.004588811192661524	0.4102024435997009
ENSMUSG00000097279	0.009367513470351696	0.02033003605902195	0.002214845037087798	0.01873866841197014	-0.014135525561869144	0.008586855605244637	-0.006550614256411791	0.2303377091884613	0.010371902957558632	0.0074368626810610294	-0.013021423481404781	-0.01702866330742836	0.0013865649234503508	0.017084674909710884	-0.016840696334838867	0.3161543905735016	0.014151815325021744	0.060182660818099976	0.009154844097793102	0.2692262828350067	-0.007977979257702827	0.2472267746925354
ENSMUSG00000085176	0.0028760628774762154	-0.005644143093377352	-0.0029948754236102104	-0.008046288043260574	0.00071086356183514	0.003683936083689332	-0.005414867307990789	-0.10652211308479309	-0.004491879139095545	0.005878942087292671	0.004335169680416584	0.012357089668512344	0.00015271168376784772	-0.0010990530718117952	-0.014158619567751884	-0.15609222650527954	-0.0034881869796663523	0.01506340503692627	-0.040038418024778366	-0.1289687603712082	-0.0073293461464345455	-0.04647873342037201
ENSMUSG00000109633	0.019719375297427177	0.019062893465161324	0.010158082470297813	0.010974480770528316	-0.00033803493715822697	-0.0036608728114515543	-0.004390527028590441	-0.06320659816265106	0.010173610411584377	0.006326976232230663	-0.011806351132690907	0.007055156398564577	0.0001726866321405396	0.014823585748672485	-0.0045370371080935	-0.02726692147552967	0.036534227430820465	0.024983765557408333	-0.03356585651636124	-0.09332352876663208	-0.008122830651700497	-0.07203827798366547
ENSMUSG00000103428	0.003921697847545147	0.022959476336836815	-0.0015714132459834218	0.018811646848917007	-0.0019129995489493012	0.001467940048314631	-0.010658914223313332	-0.0254376083612442	-0.0036409783642739058	0.02391759119927883	8.698240890225861e-06	0.004696889314800501	-0.0005653309635818005	0.010940772481262684	-0.0032563807908445597	-0.10668227821588516	0.01250193826854229	0.024315034970641136	-0.034343868494033813	-0.07351764291524887	-0.005508888512849808	-0.00777552230283618
ENSMUSG00000095658	-0.013267537578940392	-0.01154431700706482	-0.003471219213679433	0.00010560006921878085	0.0029699981678277254	-0.0018086694180965424	-0.007546772249042988	-0.08788030594587326	-0.01592152751982212	-0.010156039148569107	0.004228441510349512	0.010593242943286896	-0.00526721216738224	-0.016464611515402794	-0.002422137651592493	-0.09376909583806992	-0.016176823526620865	-0.028095418587327003	-0.05318493768572807	-0.2520052194595337	-0.010547284968197346	-0.08646481484174728
ENSMUSG00000087390	-0.01523534581065178	0.0010480816708877683	-0.0021593153942376375	-0.02370632253587246	0.0006673945463262498	-0.004532442893832922	-0.008501764386892319	-0.057414598762989044	-0.01447945274412632	0.025666145607829094	-0.003550437744706869	0.008161475881934166	0.0016595557099208236	0.015254676342010498	0.0030699842609465122	-0.0821848139166832	0.0165700726211071	0.02864857390522957	0.012204826809465885	0.13941022753715515	-0.010343494825065136	-0.060327306389808655
ENSMUSG00000024472	0.00832714419811964	0.021990079432725906	-0.00199630088172853	0.02005697414278984	-0.026389114558696747	0.0038807012606412172	0.017661118879914284	0.2417750507593155	0.01834065653383732	0.01175798662006855	-0.015128633007407188	-0.025043535977602005	0.01563308760523796	0.011688193306326866	-0.02949988842010498	0.28239864110946655	0.00799365621060133	0.07728523761034012	0.036555562168359756	0.43233704566955566	-0.004277239553630352	0.30619773268699646
ENSMUSG00000028578	0.00473879836499691	0.016840744763612747	0.0012959032319486141	0.023814275860786438	-0.02305655926465988	0.007728958036750555	0.005956394597887993	0.2818915843963623	0.007560123223811388	0.012036365456879139	-0.005689883604645729	-0.02540392242372036	0.00864521786570549	0.011886938475072384	-0.01358962431550026	0.306268572807312	0.006273017730563879	0.06826566159725189	0.029995664954185486	0.47853630781173706	-0.006775707006454468	0.44856300950050354
ENSMUSG00000102553	-0.10803068429231644	-0.22050966322422028	-0.026485972106456757	-0.05192337557673454	-0.0328693650662899	-0.07932398468255997	0.025736751034855843	-0.1055631935596466	-0.04727441817522049	-0.22943781316280365	-0.01883648708462715	-0.014530365355312824	-0.013789267279207706	-0.02652907930314541	0.04801816865801811	-0.24066951870918274	-0.16050326824188232	-0.27358344197273254	0.2254774421453476	-0.6104251742362976	-0.00779779814183712	-0.41069161891937256
ENSMUSG00000051606	0.024762649089097977	0.0141828628256917	0.008413949981331825	0.02879468910396099	-0.003095294814556837	-0.0022841321770101786	-0.0024489385541528463	-0.06266012787818909	0.0061973948031663895	0.03931792825460434	-0.004955063574016094	0.0021844159346073866	0.0022877093870192766	0.017247166484594345	0.0029804303776472807	-0.0364755280315876	0.03506144881248474	0.012993471696972847	-0.016249321401119232	-0.04990009218454361	-0.005681353621184826	-0.012644198723137379
ENSMUSG00000105720	0.026366129517555237	0.005288152489811182	0.009670033119618893	-0.0007342961616814137	-0.008485820144414902	0.0006971237598918378	-0.006963097024708986	-0.09230169653892517	0.01293858140707016	0.0395725853741169	0.002527438336983323	0.009632901288568974	0.000677334435749799	0.0073156277649104595	-0.003274098737165332	-0.08974447846412659	0.00651721004396677	0.005397729109972715	-0.05729274824261665	-0.07110802829265594	-0.00875837355852127	-0.05890827998518944
ENSMUSG00000101782	-0.10803068429231644	-0.22050966322422028	-0.026485972106456757	-0.05192337557673454	-0.0328693650662899	-0.07932398468255997	0.025736751034855843	-0.1055631935596466	-0.04727441817522049	-0.22943781316280365	-0.01883648708462715	-0.014530365355312824	-0.013789267279207706	-0.02652907930314541	0.04801816865801811	-0.24066951870918274	-0.16050326824188232	-0.27358344197273254	0.2254774421453476	-0.6104251742362976	-0.00779779814183712	-0.41069161891937256
ENSMUSG00000093573	0.020698033273220062	0.046161092817783356	0.014502477832138538	0.025260871276259422	-0.0010198797099292278	-0.0002516465028747916	-5.595092807197943e-05	-0.05381806194782257	0.009906397201120853	0.06248901039361954	-0.010714611038565636	0.003762671956792474	-2.525031777622644e-05	0.02044043503701687	-0.00719533022493124	0.015508000738918781	0.034390922635793686	0.0472642183303833	-0.014955272898077965	0.05786235257983208	-0.003867923514917493	-0.03244438394904137
ENSMUSG00000117528	0.04309782385826111	-0.001948556280694902	0.00010455079609528184	0.029993314296007156	-0.004211328458040953	-0.005768829956650734	0.018458209931850433	-0.037820156663656235	0.00875487644225359	0.024839775636792183	-0.01040791254490614	-0.00132393604144454	0.018548358231782913	0.011562103405594826	0.007748018484562635	-0.07143345475196838	0.03618501499295235	0.017957812175154686	0.1143665611743927	0.25470423698425293	0.014139595441520214	0.010653541423380375
ENSMUSG00000031503	0.011940695345401764	0.028185775503516197	0.005533739924430847	0.018952541053295135	-0.02169279381632805	0.005389798432588577	0.0049109975807368755	0.204007089138031	0.01608830876648426	0.019593942910432816	-0.023089122027158737	-0.023259248584508896	0.005071769468486309	0.01815454475581646	-0.03113403543829918	0.2520550787448883	0.023929240182042122	0.04707859829068184	0.0064874375239014626	0.2059880495071411	-0.006446701940149069	0.1575314849615097
ENSMUSG00000045812	0.01967787556350231	-0.044371090829372406	0.0054496522061526775	-0.010400330647826195	-0.007208408787846565	-0.004768993705511093	-0.007971586659550667	-0.09138447791337967	0.001848794985562563	0.025487475097179413	-0.0061842757277190685	0.007625995669513941	0.0056239706464111805	-0.006554797291755676	0.0003526227956172079	-0.05940336734056473	0.025804292410612106	-0.01484310906380415	-0.006315490696579218	-0.08150425553321838	-0.009884489700198174	-0.06513364613056183
ENSMUSG00000061549	-0.0069660888984799385	-0.008209718391299248	-0.0021147998049855232	-0.0013378364965319633	-0.003198471153154969	-0.0037822029553353786	-0.010049333795905113	-0.05121196433901787	-0.0064698876813054085	0.01845194213092327	-0.0009208013070747256	0.007909388281404972	0.003984414041042328	-0.0021609810646623373	-0.002515147440135479	-0.1210239827632904	0.009975945577025414	-0.04951762035489082	-0.017130140215158463	-0.07068902999162674	-0.00917299184948206	-0.06937912851572037
ENSMUSG00000039703	0.006764325313270092	-0.13091082870960236	-0.001018756884150207	-0.12324380874633789	0.002631820971146226	0.04799197241663933	-0.005555702373385429	-0.18740586936473846	-0.0030001155100762844	-0.2590562701225281	0.002580684144049883	-0.029491690918803215	0.0001919546048156917	-0.09790069609880447	0.009701279923319817	-0.15382395684719086	0.007686133962124586	-0.21470926702022552	-0.03393957018852234	-0.7300044298171997	-0.0043267738074064255	-0.47635897994041443
ENSMUSG00000025260	-0.006465975660830736	0.004189928062260151	0.0114288330078125	0.008615069091320038	-0.00046982261119410396	-0.004298166371881962	0.05042138695716858	0.2198885977268219	-0.030851833522319794	0.0007300013094209135	0.0015680911019444466	-0.0183637123554945	0.005497921723872423	0.011121979914605618	0.009865045547485352	0.2982645332813263	0.005563791375607252	0.04040740802884102	0.01964789256453514	0.26079094409942627	-0.007486528251320124	0.15329696238040924
ENSMUSG00000105239	0.028418216854333878	0.03343343362212181	0.00783120933920145	0.023935172706842422	-0.010943748988211155	-0.0022370987571775913	0.0035462903324514627	-0.04403741657733917	0.014570982195436954	0.052390206605196	-0.01425928808748722	0.010079535655677319	0.003524098079651594	0.017405547201633453	-0.0031207548454403877	-0.03769331052899361	0.03790058195590973	0.043820179998874664	0.06719882786273956	0.033554885536432266	-0.001684777089394629	0.03790056332945824
ENSMUSG00000030323	0.011418900452554226	0.023035233840346336	0.0008660329040139914	0.01844574511051178	-0.011656709015369415	0.007734560873359442	0.0070984847843647	0.23975202441215515	0.013809739612042904	0.016788238659501076	-0.011972490698099136	-0.010137724690139294	0.008577084168791771	0.014782563783228397	-0.0259433314204216	0.2710188627243042	0.011897173710167408	0.04819025099277496	0.03720841556787491	0.2517554461956024	-0.0073781185783445835	0.33373236656188965
ENSMUSG00000083653	-0.10803068429231644	-0.22050966322422028	-0.026485972106456757	-0.05192337557673454	-0.0328693650662899	-0.07932398468255997	0.025736751034855843	-0.1055631935596466	-0.04727441817522049	-0.22943781316280365	-0.01883648708462715	-0.014530365355312824	-0.013789267279207706	-0.02652907930314541	0.04801816865801811	-0.24066951870918274	-0.16050326824188232	-0.27358344197273254	0.2254774421453476	-0.6104251742362976	-0.00779779814183712	-0.41069161891937256
ENSMUSG00000028248	0.006472630426287651	0.019205670803785324	-0.005165792535990477	0.03554561734199524	-0.022789886221289635	0.009235518053174019	0.03009098954498768	0.24553970992565155	0.019480081275105476	0.010517466813325882	-0.004399442113935947	-0.026406994089484215	0.0173199363052845	0.006863998714834452	-0.015678824856877327	0.3067868947982788	-0.007052716799080372	0.07806162536144257	0.05264662206172943	0.5497787594795227	0.002704452956095338	0.46669813990592957
ENSMUSG00000102067	0.026067808270454407	0.022488778457045555	0.01436813734471798	0.017988795414566994	-0.0038011199794709682	-0.0024410237092524767	-0.003556593554094434	-0.07876681536436081	0.006009079050272703	0.051443882286548615	-0.0006312039331533015	0.009308665059506893	-0.0008894421625882387	0.015365076251327991	0.009241105988621712	-0.05270272120833397	0.03559190407395363	0.04013285040855408	-0.03742926940321922	-0.108339823782444	-0.0069884746335446835	-0.060986652970314026
ENSMUSG00000104410	-0.019468698650598526	0.02553778886795044	-0.003297395771369338	0.010772429406642914	0.00027464976301416755	-0.0007673511863686144	-0.014938877895474434	-0.07866230607032776	0.010045264847576618	0.01341580506414175	0.004894390236586332	0.010449436493217945	0.002608170500025153	0.001624029828235507	-0.003630676306784153	-0.09217967092990875	-0.01315379049628973	-0.032384250313043594	-0.033475570380687714	-0.1331910341978073	-0.004060517065227032	-0.09658613801002502
ENSMUSG00000104800	0.015404519625008106	0.010689659044146538	0.0015317208599299192	0.013923205435276031	-0.0015309186419472098	-0.0020658685825765133	-0.006887572351843119	-0.0654439628124237	-0.001965117175132036	0.03216361999511719	-0.00016066819080151618	0.007007154636085033	0.0028854345437139273	0.00011484424612717703	0.00037141554639674723	-0.06669267266988754	0.016834348440170288	0.037099529057741165	-0.049240220338106155	-0.06774686276912689	-0.007054186426103115	-0.030896414071321487
ENSMUSG00000103010	0.010182968340814114	-0.024958916008472443	-0.009667137637734413	-0.04726627469062805	0.007236533798277378	6.186908285599202e-05	-0.010315615683794022	-0.10204937309026718	-0.010765740647912025	-0.017022613435983658	0.00925755500793457	0.00864642858505249	-0.017144469544291496	0.0005348012782633305	-0.006868504453450441	-0.12879660725593567	-0.006813602987676859	0.0031672504264861345	-0.019518254324793816	-0.23872259259223938	-0.013660249300301075	-0.09310278296470642
ENSMUSG00000075090	0.00011104447912657633	-0.04674986004829407	0.0005583520396612585	-0.04594755545258522	-0.007659377530217171	-0.003991058096289635	-0.009976823814213276	-0.1793242245912552	-0.006431537214666605	-0.01854850724339485	-0.001115488470532	0.01011187955737114	-0.0032311284448951483	0.006246252451092005	-0.007568752858787775	-0.13668228685855865	-0.018448274582624435	-0.05483834445476532	-0.029271161183714867	-0.0993868038058281	-0.01197598222643137	-0.06326381862163544
ENSMUSG00000036923	0.012613331899046898	0.016941461712121964	0.003944085445255041	0.011714985594153404	-0.017932860180735588	0.004852536600083113	0.007932008244097233	0.16045421361923218	0.016144778579473495	0.01543120015412569	-0.01785081811249256	-0.02283085510134697	0.0066916318610310555	0.01751318946480751	-0.028053725138306618	0.14520983397960663	0.02362462319433689	0.05013172701001167	0.03253582864999771	0.1429382860660553	-0.004811140242964029	0.1944791078567505
ENSMUSG00000039785	0.020915847271680832	0.040585003793239594	-0.004752408713102341	0.031358860433101654	-0.004262822680175304	-0.002828882308676839	-0.01206235308200121	-0.08210831880569458	0.004338530823588371	0.046237293630838394	-0.002135805319994688	0.00447899429127574	-0.0036942497827112675	0.007591132540255785	-0.003647485049441457	0.002366665517911315	0.0011676165740936995	0.013644896447658539	-0.0430370569229126	-0.07813234627246857	-0.006535274907946587	-0.072789266705513
ENSMUSG00000000826	0.0011637144489213824	0.016821958124637604	0.002510544378310442	0.03704805672168732	0.009295196272432804	0.010702801868319511	0.01192558091133833	0.30558842420578003	-0.005102130584418774	0.01065867394208908	0.00023399890051223338	-0.0162749532610178	-0.013988849706947803	0.018315091729164124	-0.0008598379790782928	0.32547110319137573	0.010701214894652367	0.06383822858333588	-0.02663097158074379	0.47116461396217346	-0.006847524084150791	0.4049220681190491
ENSMUSG00000101701	-0.00775708956643939	-0.013713040389120579	-0.004274415783584118	0.004171045497059822	-0.005727641750127077	-0.0035466807894408703	-0.01411943044513464	-0.07517388463020325	-0.014468624256551266	0.02117529883980751	0.012487871572375298	0.0048790425062179565	-0.001749009476043284	0.015651095658540726	-0.0024831444025039673	-0.06989915668964386	0.0032668402418494225	-0.0013157101348042488	-0.034622274339199066	0.024906450882554054	-0.008423268795013428	-0.007707077078521252
ENSMUSG00000037907	0.018161505460739136	0.02233020029962063	0.007046250626444817	0.01414918527007103	-0.010240968316793442	-0.0005011280882172287	0.0073372479528188705	0.06899577379226685	0.01744696870446205	0.028186796233057976	-0.014495247974991798	-0.012965292669832706	0.002239454770460725	0.01563727855682373	-0.022593727335333824	0.020160213112831116	0.031328119337558746	0.031867530196905136	0.02465846762061119	0.09728309512138367	-0.0017083761049434543	0.12165975570678711
ENSMUSG00000092255	-0.016214216127991676	-0.02044077403843403	-0.002036838326603174	-0.021450400352478027	0.0014408117858693004	-0.02027302235364914	-0.03624749556183815	-0.029948735609650612	-0.035114336758852005	0.0058411769568920135	-0.003068833379074931	0.0027120867744088173	-0.019101234152913094	0.009578397497534752	-0.0029576753731817007	-0.05257732421159744	0.015087667852640152	-0.0498574823141098	0.05579525604844093	0.5408520698547363	-0.02915690653026104	-0.07949250936508179
ENSMUSG00000024048	0.004037796985358	0.013683211989700794	-0.006533260457217693	0.037087444216012955	-0.02484503574669361	0.0009105514036491513	0.05928397551178932	0.21020656824111938	0.021565046161413193	0.005635512992739677	-0.014043284580111504	-0.03511209785938263	0.013510966673493385	0.009004860185086727	-0.00609221775084734	0.29427415132522583	-0.0015773221384733915	0.07205403596162796	0.0909525454044342	0.46504107117652893	0.0305043812841177	0.4083957374095917
ENSMUSG00000118505	0.0183248408138752	0.040266700088977814	0.012126944959163666	0.02353336662054062	-0.0027207015082240105	-0.001872881082817912	0.001164344372227788	-0.027130329981446266	0.008860865607857704	0.033045243471860886	-0.002248657401651144	-0.002364550018683076	-0.0011087044840678573	0.01518494263291359	-0.008439148776233196	-0.045171573758125305	0.04917449876666069	0.02111494541168213	-0.008123383857309818	0.05115895718336105	-0.006186878774315119	-0.0016023546922951937
ENSMUSG00000038860	0.011059609241783619	0.0253062192350626	0.0030662259086966515	0.020197562873363495	-0.019579971209168434	0.006928340997546911	0.007651814725250006	0.19331711530685425	0.015767738223075867	0.016203148290514946	-0.018608059734106064	-0.018048245459794998	0.006935528479516506	0.01376441027969122	-0.024546820670366287	0.22963115572929382	0.019497191533446312	0.05779910087585449	0.029140884056687355	0.24829775094985962	-0.006790844723582268	0.25690189003944397
ENSMUSG00000103101	0.027245862409472466	0.022060124203562737	0.00735736358910799	0.018753372132778168	-0.0023756108712404966	-0.004468120168894529	-0.0077789099887013435	-0.0863964781165123	0.006410702597349882	0.05755385756492615	-0.006576559040695429	0.0041413502767682076	-0.0058525786735117435	-0.00020309683168306947	-0.002747358288615942	0.008178271353244781	0.041912347078323364	-0.005639516282826662	-0.006764403078705072	-0.02364468388259411	-0.006754538044333458	-0.06185327470302582
ENSMUSG00000015787	0.022145286202430725	0.05160330608487129	0.011390920728445053	0.02033384144306183	-0.005461879540234804	0.0012089275987818837	0.0009832498617470264	-0.05227775126695633	0.013252457603812218	0.05645386129617691	0.0012502680765464902	0.011558356694877148	0.0035334581043571234	0.0026311397086828947	-0.00057346181711182	-0.035167742520570755	0.034426163882017136	0.05947086215019226	-0.021500544622540474	0.006369029171764851	-0.00758878281340003	-0.06481213867664337
ENSMUSG00000101244	-0.10803068429231644	-0.22050966322422028	-0.026485972106456757	-0.05192337557673454	-0.0328693650662899	-0.07932398468255997	0.025736751034855843	-0.1055631935596466	-0.04727441817522049	-0.22943781316280365	-0.01883648708462715	-0.014530365355312824	-0.013789267279207706	-0.02652907930314541	0.04801816865801811	-0.24066951870918274	-0.16050326824188232	-0.27358344197273254	0.2254774421453476	-0.6104251742362976	-0.00779779814183712	-0.41069161891937256
ENSMUSG00000051616	0.004300421103835106	-0.000417554983869195	-0.0008571027428843081	-0.01693689078092575	-0.0018598326714709401	0.0007846478256396949	-0.004024893045425415	-0.0896979346871376	-0.0051598683930933475	0.011900220066308975	0.004010340664535761	0.010977341793477535	-6.79022996337153e-05	0.009075764566659927	-0.0038860724307596684	-0.1475605070590973	0.01139866467565298	-0.016794446855783463	-0.04178234562277794	-0.14791280031204224	-0.007763498462736607	-0.07323381304740906
ENSMUSG00000007987	0.013150596991181374	0.033621128648519516	0.006686272565275431	0.00922718271613121	-0.005688393022865057	0.004772825166583061	0.00039284818922169507	0.13353680074214935	0.014204981736838818	0.01973523572087288	-0.0099572679027915	-0.02113061398267746	0.0026128841564059258	0.01500815711915493	-0.016437791287899017	0.23321060836315155	0.02562251128256321	0.008886933326721191	-0.003612519009038806	0.08942653983831406	-0.00609950115904212	0.22252245247364044
ENSMUSG00000025219	0.022351467981934547	0.01155297365039587	0.003427129006013274	0.005473820958286524	-0.012817583978176117	0.0012325935531407595	-0.001702256966382265	0.05508504435420036	0.01681712083518505	0.03406677767634392	-0.028812354430556297	-0.007307663559913635	0.005842073354870081	0.01674783229827881	-0.028625423088669777	0.0014397897757589817	0.03148609772324562	0.04711929336190224	0.057439204305410385	0.07368897646665573	0.002419274067506194	0.0396600216627121
ENSMUSG00000046994	0.002285787370055914	0.01938181184232235	0.0006389323389157653	0.019476182758808136	-0.027618907392024994	0.005144357215613127	0.025586655363440514	0.21634019911289215	0.00503874197602272	0.010725841857492924	-0.008917486295104027	-0.030187563970685005	0.00443649897351861	0.014414390549063683	-0.011496232822537422	0.25262486934661865	0.01005322951823473	0.054382506757974625	0.04454658180475235	0.32127484679222107	-0.0017890415620058775	0.35951530933380127
ENSMUSG00000074156	0.020336894318461418	0.0272128414362669	0.006656349170953035	0.02038111910223961	-0.0043075354769825935	-0.0019316086545586586	-0.004474483896046877	-0.06644807010889053	0.008839176036417484	0.05101590231060982	-0.009180842898786068	0.008659988641738892	0.0028001219034194946	0.0057226200588047504	0.0026752206031233072	-0.03020983748137951	0.01745789125561714	0.012468674220144749	-0.010413008742034435	-0.04169666767120361	-0.0066642011515796185	-0.0693034902215004
ENSMUSG00000030031	0.004841790068894625	0.016501806676387787	-0.0020289188250899315	0.011294483207166195	-0.020078342407941818	0.0022669974714517593	0.020121537148952484	0.2589861750602722	0.00987687986344099	0.009680993854999542	-0.009705941192805767	-0.02989460900425911	0.0075749969109892845	0.012862013652920723	-0.006919739302247763	0.3305148780345917	0.006552103906869888	0.06542099267244339	0.059046849608421326	0.33538752794265747	-0.005546033848077059	0.35374340415000916
ENSMUSG00000100930	-0.10803068429231644	-0.22050966322422028	-0.026485972106456757	-0.05192337557673454	-0.0328693650662899	-0.07932398468255997	0.025736751034855843	-0.1055631935596466	-0.04727441817522049	-0.22943781316280365	-0.01883648708462715	-0.014530365355312824	-0.013789267279207706	-0.02652907930314541	0.04801816865801811	-0.24066951870918274	-0.16050326824188232	-0.27358344197273254	0.2254774421453476	-0.6104251742362976	-0.00779779814183712	-0.41069161891937256
ENSMUSG00000021890	0.007261343766003847	0.01474470179527998	-0.006780877243727446	0.02356458641588688	-0.023688744753599167	0.0035954753402620554	0.019199371337890625	0.2720937430858612	0.01724623143672943	0.010036501102149487	-0.01701873168349266	-0.027832914143800735	0.013399354182183743	0.01297641359269619	-0.024661682546138763	0.2773098945617676	0.004255504347383976	0.06325919926166534	0.0808992013335228	0.2569822371006012	-0.0026463139802217484	0.41218671202659607
ENSMUSG00000022490	0.011716216802597046	0.03122766502201557	0.002665187930688262	0.016478996723890305	-0.03132740408182144	0.0050798882730305195	0.008544343523681164	0.18304073810577393	0.02249801717698574	0.017728423699736595	-0.011654704809188843	-0.029165534302592278	0.012914254330098629	0.015431680716574192	-0.025226907804608345	0.20507483184337616	0.021839957684278488	0.045978378504514694	0.059087757021188736	0.25437191128730774	-0.001267860410735011	0.19027163088321686
ENSMUSG00000004936	0.008994603529572487	0.01967480406165123	-0.003550110850483179	0.027120497077703476	-0.024490920826792717	0.007905034348368645	0.01541313249617815	0.22816318273544312	0.019992893561720848	0.013709481805562973	-0.016102977097034454	-0.03182194009423256	0.015570955350995064	0.013457455672323704	-0.030471134930849075	0.2579817771911621	0.008135292679071426	0.06548386812210083	0.05772498995065689	0.41166943311691284	-0.0016783620230853558	0.32672587037086487
ENSMUSG00000052160	0.012609000317752361	0.051191553473472595	0.01520531252026558	0.01243435125797987	-0.005791252478957176	0.0022948957048356533	-0.0019587483257055283	-0.03969375044107437	0.01770230010151863	0.030294563621282578	-0.006665725726634264	0.005096266977488995	-0.0009385470766574144	0.014266308397054672	-0.016769612208008766	0.051377072930336	0.046263162046670914	0.0391874797642231	-0.0398787222802639	-0.051889874041080475	-0.007258065510541201	-0.03570237010717392
ENSMUSG00000074196	0.01908642053604126	0.023152776062488556	0.002533879829570651	0.010908974334597588	-0.0018181083723902702	-0.002590887015685439	-0.006288951728492975	-0.05630043148994446	0.0030438050162047148	0.06034340336918831	-0.00230345968157053	0.009968145750463009	0.006308987271040678	-0.00445812800899148	0.00048602797323837876	-0.11053966730833054	0.024155421182513237	0.014025326818227768	-0.03147125989198685	-0.07953710854053497	-0.00821106880903244	-0.035018667578697205
ENSMUSG00000048856	0.023767294362187386	0.03572223335504532	0.019938595592975616	0.01705571450293064	-0.0023893218021839857	-0.003726737108081579	0.0003697202482726425	-0.06918829679489136	0.013896912336349487	0.042813491076231	-0.00620737299323082	0.005884319543838501	0.0020373559091240168	0.014141797088086605	-0.0035571425687521696	0.020154228433966637	0.04543871060013771	0.034412190318107605	0.036834362894296646	0.00327477278187871	-0.0073240273632109165	-0.020151864737272263
ENSMUSG00000000318	0.03139917925000191	0.03917195647954941	0.01547976117581129	0.018367180600762367	0.0037659744266420603	-0.0026705933269113302	-0.00013738176494371146	-0.058428868651390076	0.016183407977223396	0.04933120682835579	-0.011347583495080471	0.0020569944754242897	-0.00024086196208372712	0.0055538928136229515	-0.004436569754034281	-0.019552959129214287	0.06002366915345192	0.02146034501492977	-0.001856225891970098	-0.08465028554201126	-0.005943315103650093	-0.0316355936229229
ENSMUSG00000048978	0.00915454886853695	0.02370155043900013	0.0015664345119148493	0.011179131455719471	-0.0052205221727490425	0.0015886664623394608	-0.012592337094247341	0.030602164566516876	0.007119104266166687	0.024294013157486916	-0.008310404606163502	0.0031108157709240913	-0.002862808294594288	0.017275452613830566	-0.014487606473267078	0.06695125997066498	0.017992408946156502	0.03778597712516785	-0.03008405677974224	0.1039978489279747	-0.0072898403741419315	0.018268654122948647
ENSMUSG00000078746	-0.00751432403922081	-0.004364843014627695	-0.0004597288789227605	-0.005872541572898626	0.005614253226667643	-0.00512130931019783	-0.0019604708068072796	-0.08459366858005524	-0.012253177352249622	0.014671329408884048	0.0005375988548621535	0.014456293545663357	-9.491475066170096e-05	-0.010096915997564793	-0.0032094810158014297	-0.05695244297385216	0.0018142367480322719	-0.011075322516262531	-0.06205202266573906	-0.2597538232803345	-0.007969429716467857	-0.14676465094089508
ENSMUSG00000058761	0.0074415383860468864	0.020478293299674988	-0.0015093520050868392	0.03254897892475128	-0.021158156916499138	0.008974100463092327	0.017784008756279945	0.2436383068561554	0.014524581842124462	0.010945631191134453	-0.011128047481179237	-0.021294455975294113	0.015932772308588028	0.011427007615566254	-0.02724810130894184	0.32392653822898865	0.0036068593617528677	0.08588413149118423	0.0408833771944046	0.5049060583114624	-0.0038388026878237724	0.3297790586948395
ENSMUSG00000022947	0.0072160023264586926	0.026547860354185104	0.0012571249390020967	0.03048810176551342	-0.02567439340054989	0.007456698454916477	0.020463230088353157	0.19372859597206116	0.026042070239782333	0.013600124977529049	-0.0029516967479139566	-0.018279414623975754	0.012763254344463348	0.00918594654649496	-0.016748599708080292	0.25087302923202515	0.00031914960709400475	0.06890226155519485	0.04782596603035927	0.5700581073760986	-0.0006157246534712613	0.2666161060333252
ENSMUSG00000035203	0.008246876299381256	0.02400210313498974	0.0015580408507958055	0.025436433032155037	-0.01851753517985344	0.006817702669650316	0.01352672465145588	0.22294944524765015	0.020754080265760422	0.012539087794721127	-0.011480139568448067	-0.015835203230381012	0.001241969526745379	0.01254213321954012	-0.025357680395245552	0.2726053297519684	0.005581323988735676	0.054786134511232376	0.012097439728677273	0.45335331559181213	-0.006597721949219704	0.33300915360450745
ENSMUSG00000099832	-0.10803068429231644	-0.22050966322422028	-0.026485972106456757	-0.05192337557673454	-0.0328693650662899	-0.07932398468255997	0.025736751034855843	-0.1055631935596466	-0.04727441817522049	-0.22943781316280365	-0.01883648708462715	-0.014530365355312824	-0.013789267279207706	-0.02652907930314541	0.04801816865801811	-0.24066951870918274	-0.16050326824188232	-0.27358344197273254	0.2254774421453476	-0.6104251742362976	-0.00779779814183712	-0.41069161891937256
ENSMUSG00000030825	0.009967301040887833	0.025547880679368973	-0.014891909435391426	0.0030545038171112537	-0.004529372323304415	-0.003319572890177369	0.08419486880302429	0.03367467224597931	0.03133980929851532	0.009872152470052242	-0.004608110059052706	0.018618544563651085	0.027139363810420036	0.01290134433656931	-0.04610687121748924	0.007076540496200323	-0.005990937352180481	0.027561841532588005	0.1737399697303772	0.3652339577674866	0.08820874243974686	0.08783707022666931
ENSMUSG00000102403	0.005859879311174154	0.018321001902222633	0.0009918046416714787	-0.01353027019649744	-0.00759015092626214	-0.001123209367506206	-0.01591763086616993	-0.06896933168172836	-0.015538333915174007	0.00648329546675086	0.002706327475607395	0.01408497802913189	-0.011013394221663475	0.00029140993137843907	-0.0038392108399420977	-0.04148025065660477	0.005019136238843203	0.03914516046643257	-0.026562951505184174	-0.0013309919741004705	-0.007705071475356817	-0.037096310406923294
ENSMUSG00000023088	0.008711541071534157	0.020152490586042404	0.004997181240469217	0.02611716091632843	-0.016018187627196312	0.004165703430771828	0.004772771615535021	0.2185458391904831	0.01432274654507637	0.013921116478741169	-0.014175360091030598	-0.024454863741993904	0.004844725597649813	0.016749298200011253	-0.023389210924506187	0.3101482689380646	0.017109708860516548	0.07395803183317184	-0.013440676033496857	0.3580379784107208	-0.007920678704977036	0.2829079031944275
ENSMUSG00000117273	-0.014283324591815472	-0.026869220659136772	-0.002377886790782213	-0.01646813564002514	-0.0002650332171469927	-0.0017499219393357635	-0.009028015658259392	-0.1355999857187271	-0.01612294465303421	0.01666218414902687	0.022504247725009918	0.010011870414018631	0.01605720818042755	0.003038321388885379	-0.006849538069218397	-0.09129299968481064	-0.04063170775771141	-0.00616043945774436	-0.04519190266728401	-0.13121064007282257	-0.008532333187758923	-0.09871142357587814
ENSMUSG00000113663	-0.009989062324166298	0.006031116936355829	0.0008119707345031202	-0.012207032181322575	0.00372462160885334	-0.0009954124689102173	-0.0036912334617227316	-0.06819155812263489	0.001936037209816277	-0.0047641657292842865	0.0018190651899203658	0.010732864961028099	-0.0012541002361103892	-0.006745925173163414	-0.003289121435955167	-0.09995853155851364	0.03355425223708153	0.011548496782779694	-0.06634632498025894	-0.20619338750839233	-0.004436988849192858	-0.11386145651340485
ENSMUSG00000120422	0.02942562848329544	0.04367344453930855	0.0012406348250806332	0.02543494664132595	-0.002342385007068515	-0.003323580836877227	-0.0027641465421766043	-0.06777171790599823	0.006636721082031727	0.06987027078866959	-0.001685729599557817	0.01049149502068758	0.006832558661699295	-0.0029181696008890867	0.011735135689377785	-0.07005376368761063	0.022189414128661156	0.027657525613904	-0.017888624221086502	-0.1276446431875229	-0.007534150034189224	-0.05587725713849068
ENSMUSG00000094634	0.03309031203389168	0.026594005525112152	0.011714848689734936	0.03086259216070175	-0.008533273823559284	-0.0016968674026429653	-0.001278533018194139	-0.057344719767570496	0.013777920044958591	0.03798089176416397	-0.0126170190051198	0.00689888559281826	0.0027968273498117924	0.00835469737648964	0.004210400395095348	-0.03670025244355202	0.03252069652080536	0.014360533095896244	0.00694812647998333	-0.04678019508719444	-0.0062155951745808125	-0.011177759617567062
ENSMUSG00000027204	0.02173141948878765	0.03188958391547203	0.008678051643073559	0.022596392780542374	-0.0014255526475608349	-0.0027766565326601267	-0.001608047285117209	-0.025183910503983498	0.006208826322108507	0.04882541671395302	-0.0039587425999343395	0.008039460517466068	0.0006964626954868436	-0.00023564322327729315	0.002397945150732994	-0.10274025797843933	0.02794312685728073	0.04495007544755936	-0.02546185813844204	-0.007925964891910553	-0.007841188460588455	-0.039484962821006775
ENSMUSG00000107193	0.005173804238438606	0.0051433308981359005	0.0036542543675750494	0.02392931468784809	-0.0011119040427729487	0.0009700209484435618	-0.00730092404410243	-0.0872577652335167	0.005775335244834423	0.033153947442770004	0.0007232020143419504	0.010701008141040802	0.005609063897281885	0.004185691010206938	-0.0027556559070944786	-0.06296530365943909	0.008410361595451832	0.04603143781423569	-0.03893381729722023	-0.1719093769788742	-0.007125568576157093	-0.0423947274684906
ENSMUSG00000117240	-0.007232544478029013	-0.003317883238196373	-0.0028949123807251453	-0.0006003886228427291	-0.0051250159740448	-0.0033006302546709776	-0.007503701839596033	-0.07544631510972977	0.0007807753281667829	-0.020174214616417885	-0.00724111357703805	0.007537943311035633	0.0002396478084847331	0.00444959569722414	0.006251844577491283	-0.06711278110742569	0.00589489983394742	-0.005370965227484703	-0.049239207059144974	-0.08420899510383606	-0.007681414019316435	-0.07508226484060287
ENSMUSG00000110639	0.026559460908174515	0.03062717616558075	0.012527470476925373	0.011268818750977516	-0.003938200883567333	-0.002502121962606907	-0.004681595601141453	-0.05201767385005951	0.0060707516968250275	0.06310564279556274	-0.0017789549892768264	0.009273072704672813	0.0010612225160002708	0.0073670572601258755	0.007726367563009262	-0.05877639725804329	0.01875355839729309	0.037581704556941986	-0.009251141920685768	-0.09876461327075958	-0.006549147889018059	-0.06865248829126358
ENSMUSG00000040373	0.011684241704642773	0.030837705358862877	0.005632657557725906	0.01700340211391449	-0.00594524759799242	0.00018850862397812307	0.0014068227028474212	0.08008572459220886	0.010220714844763279	0.03063214011490345	-0.013452159240841866	-0.014287028461694717	0.003769972827285528	0.01683526486158371	-0.02178395353257656	0.14227375388145447	0.027923300862312317	0.028302058577537537	-0.007838195189833641	-0.006709952373057604	-0.005655901040881872	0.020848967134952545
ENSMUSG00000071265	0.01243600808084011	0.036211155354976654	0.009498235769569874	0.006278492044657469	-0.008109032176434994	-0.00010291055514244363	-0.01725109852850437	0.019519761204719543	0.0018961313180625439	0.01917729526758194	-0.009109240025281906	-0.010366324335336685	-0.0021522475872188807	0.015636680647730827	-0.008942179381847382	-0.0015639604534953833	0.018542971462011337	0.052723683416843414	-0.030222740024328232	0.02615617960691452	-0.006081775296479464	0.043113093823194504
ENSMUSG00000093550	0.024683231487870216	0.05358975753188133	0.009554140269756317	0.026833228766918182	-0.008523991331458092	-0.0017583331791684031	-0.001053145038895309	-0.062515027821064	0.015044735744595528	0.0549921952188015	-0.005707776639610529	0.010525916703045368	0.005580416414886713	0.016598884016275406	-0.0028154649771749973	0.009880250319838524	0.03550951927900314	0.04979264736175537	-0.008778748102486134	-0.147783562541008	-0.0045387474820017815	-0.03180791810154915
ENSMUSG00000022664	0.004626714624464512	0.020517347380518913	0.001198787009343505	0.015084835700690746	-0.015524817630648613	0.0065615978091955185	-0.008067398332059383	0.29442262649536133	0.0049491762183606625	0.012858760543167591	-0.013316457159817219	-0.023592351004481316	0.007240592036396265	0.015920531004667282	-0.0038899523206055164	0.36127060651779175	0.009751629084348679	0.06595429033041	0.018733197823166847	0.38774263858795166	-0.008012845180928707	0.3388908803462982
ENSMUSG00000057604	0.013061138801276684	0.03500698506832123	0.0064801620319485664	0.015332193113863468	-0.011375115253031254	0.005902817938476801	0.003374762600287795	0.03447800502181053	0.013961042277514935	0.029318608343601227	-0.012797746807336807	-0.010641312226653099	0.002970905974507332	0.016308829188346863	-0.020336655899882317	0.1435958445072174	0.024993186816573143	0.043930117040872574	0.019788291305303574	0.06694146990776062	-0.005030983593314886	0.018599359318614006
ENSMUSG00000030972	0.01527472399175167	0.0393885038793087	0.0019671579357236624	0.005459971260279417	-0.0013516552280634642	-0.0037658705841749907	-0.005294659174978733	-0.07981698960065842	0.007697729393839836	0.0417184978723526	-0.0017289624083787203	0.004028929863125086	0.0019243904389441013	0.011216511949896812	-0.003105189884081483	-0.02357572317123413	0.01300417073071003	0.049299560487270355	-0.04065769538283348	-0.17879484593868256	-0.006580469664186239	-0.07734311372041702
ENSMUSG00000020828	0.012181857600808144	0.01694103330373764	0.00522171426564455	0.014242333360016346	-0.017910873517394066	0.004767248407006264	0.004872603341937065	0.19971391558647156	0.01465604081749916	0.014942229725420475	-0.001888133236207068	-0.021900111809372902	0.006948180962353945	0.016464421525597572	-0.02689794823527336	0.29203930497169495	0.019347839057445526	0.06798925250768661	0.014093389734625816	0.20093834400177002	-0.008031838573515415	0.21945583820343018
ENSMUSG00000086844	0.03675445169210434	0.040708817541599274	0.006736396346241236	0.03587088733911514	-0.010032917372882366	-0.0012008070480078459	-0.0031615793704986572	-0.06936084479093552	0.010085858404636383	0.0370917022228241	-0.012498240917921066	0.006292357575148344	0.0008727628737688065	0.008286996744573116	-0.0010852154809981585	-0.024236738681793213	0.04589906707406044	0.028882727026939392	0.015949783846735954	-0.08423220366239548	-0.008192569948732853	-0.0664357841014862
ENSMUSG00000097486	0.009239288978278637	0.026575349271297455	0.006487754173576832	0.018964305520057678	-0.009928150102496147	0.005854006391018629	-0.00468388432636857	0.19925351440906525	-0.002420206321403384	0.015321447513997555	-0.015682552009820938	-0.02446732483804226	0.0017389782005921006	0.01940815895795822	0.001436742371879518	0.29291844367980957	0.02146022580564022	0.0757058784365654	0.01179220899939537	0.18628033995628357	-0.007926004938781261	0.17116683721542358
ENSMUSG00000085057	0.022723902016878128	0.02522355504333973	0.007339796982705593	0.014247084967792034	-0.004018461797386408	-0.000509998993948102	-0.0027941251173615456	-0.04932684451341629	0.005187627859413624	0.06660241633653641	-0.009339475072920322	0.009375182911753654	0.00031099532498046756	0.01706436462700367	0.0029704896733164787	-0.060809340327978134	0.03472285345196724	0.017972996458411217	-0.024085797369480133	-0.06579625606536865	-0.0075369831174612045	-0.02963324636220932
ENSMUSG00000085085	0.009374689310789108	0.025162404403090477	-0.009067211300134659	0.030196068808436394	-0.015630381181836128	0.012004928663372993	0.017625803127884865	0.2205270528793335	0.025115160271525383	0.01350369956344366	-0.0067438846454024315	-0.01585845835506916	0.013471018522977829	0.008365674875676632	-0.014342370443046093	0.2905313968658447	-0.003209476824849844	0.0600825697183609	0.09097106754779816	0.3906608819961548	0.0018127590883523226	0.37737637758255005
ENSMUSG00000116339	0.01020908448845148	0.019104929640889168	0.0025424137711524963	0.021039646118879318	-0.0257432721555233	0.005754385143518448	0.003941355273127556	0.15227966010570526	0.020681001245975494	0.021946245804429054	-0.007844791747629642	-0.015752121806144714	0.011678237468004227	0.012215330265462399	-0.019739046692848206	0.21421822905540466	0.00806565023958683	0.07027464359998703	0.03895047307014465	0.5404685735702515	-0.000559789827093482	0.2437652051448822
ENSMUSG00000043301	0.013392249122262001	0.02608393505215645	0.00799078680574894	0.021342527121305466	-0.00926717184484005	0.0006057730061002076	0.0004410774272400886	0.05739043653011322	0.012072009034454823	0.020141713321208954	-0.011133109219372272	-0.008767370134592056	0.0017619782593101263	0.01989566534757614	-0.021027550101280212	0.07914362102746964	0.03067544847726822	0.04818398877978325	-0.008851834572851658	0.005611673463135958	-0.0065931896679103374	-0.000965379411354661
ENSMUSG00000061195	0.0029353592544794083	0.00975088682025671	0.0008288389653898776	-0.02218593843281269	-0.005668965633958578	-0.0026234418619424105	-0.010684850625693798	-0.09713833034038544	-0.003171201329678297	-0.06734180450439453	-0.004993458278477192	0.009049708023667336	-0.000272514735115692	0.0019729852210730314	-0.00026639673160389066	-0.1364816278219223	-0.011779430322349072	-0.01727995090186596	-0.029922444373369217	-0.0349285863339901	-0.011674445122480392	-0.09761538356542587
ENSMUSG00000112883	0.01527364645153284	0.04146094620227814	0.007349258288741112	0.012558267451822758	-0.001991452882066369	0.0033235091250389814	0.002500623231753707	-0.005334101151674986	0.01917809620499611	0.03754609823226929	-0.009694366715848446	-0.0005170615622773767	0.006339088547974825	0.01593489572405815	-0.01661546342074871	0.08215559273958206	0.021912390366196632	0.045128025114536285	0.07625124603509903	0.3525729775428772	0.005125053692609072	0.13797107338905334
ENSMUSG00000106265	-0.004695180803537369	0.032572608441114426	-0.008035469800233841	0.008391153067350388	-0.006743570789694786	0.01139548048377037	-0.012363821268081665	-0.0679788887500763	0.030427899211645126	0.02141328528523445	0.002034526551142335	0.007151082158088684	0.0027916666585952044	0.005653921980410814	0.12002242356538773	0.039445601403713226	-0.005316790193319321	0.033527061343193054	-0.022029422223567963	-0.04975566267967224	0.006721595302224159	0.0004135638882871717
ENSMUSG00000067367	0.009290274232625961	0.02133428491652012	0.00020732056873384863	0.02153153344988823	-0.024645714089274406	0.00611433619633317	0.008675824850797653	0.28166425228118896	0.015720557421445847	0.013223039917647839	-0.011638274416327477	-0.02255847677588463	0.00982811488211155	0.014456556178629398	-0.025490812957286835	0.30389636754989624	0.010451681911945343	0.07368343323469162	0.03617022931575775	0.3214015066623688	-0.008237422443926334	0.3906513452529907
ENSMUSG00000029407	0.01108134351670742	0.02005777321755886	0.0020559325348585844	0.017025204375386238	-0.026383236050605774	0.00696621835231781	0.0076815723441541195	0.22396034002304077	0.01698203757405281	0.015384153462946415	-0.016131050884723663	-0.023367054760456085	0.007052721455693245	0.01607532799243927	-0.023545049130916595	0.27909305691719055	0.016725078225135803	0.05597703903913498	0.02946578525006771	0.23590031266212463	-0.007437736261636019	0.29545077681541443
ENSMUSG00000121845	0.022843945771455765	0.02539011463522911	0.0066028498113155365	0.026624085381627083	-0.00014042372640687972	-0.0013277780963107944	-0.0027911546640098095	-0.05489666387438774	0.006722568068653345	0.06716548651456833	-0.00383155164308846	0.00812187884002924	0.003949081525206566	0.002807878889143467	0.0027184507343918085	-0.04849487170577049	0.033863384276628494	0.0320708304643631	-0.03379089757800102	-0.11698538064956665	-0.005973786115646362	-0.05568888038396835
ENSMUSG00000110056	0.01875394396483898	0.03908718377351761	0.006939730141311884	0.01054439228028059	-0.0031634834595024586	0.0020730262622237206	-0.007895206101238728	-0.07215894013643265	0.007207799702882767	0.03332832455635071	-0.007561251521110535	0.006419920828193426	0.0014027853030711412	-0.00037373192026279867	-0.004988574888557196	-0.019610442221164703	0.01819560118019581	0.03756164759397507	-0.033863142132759094	-0.08322593569755554	-0.007785944268107414	-0.040413327515125275
ENSMUSG00000112781	-0.0007370201637968421	0.007181277498602867	0.015869159251451492	0.002995383460074663	0.041696514934301376	-0.0017794441664591432	-0.023580605164170265	-0.0975177064538002	0.0014909956371411681	0.008870706893503666	0.0021513826213777065	0.03663703054189682	-0.0037361616268754005	-0.005743526387959719	0.1072893887758255	-0.05922741815447807	-0.011275989934802055	-0.020176582038402557	-0.044601526111364365	-0.2042056918144226	-0.00971960462629795	-0.16442930698394775
ENSMUSG00000025469	0.009625113569200039	0.03268946334719658	0.0018410623306408525	0.013687584549188614	2.6738929591374472e-05	0.003438754938542843	-0.004003430716693401	0.11784417182207108	0.004984922707080841	0.03070775978267193	-0.028410138562321663	-0.023486007004976273	0.003819459117949009	0.01735878549516201	-0.03812159597873688	0.16083301603794098	0.032377954572439194	0.040873412042856216	0.05079951882362366	0.0993601381778717	8.856036583893001e-05	0.10810810327529907
ENSMUSG00000046691	0.004007233306765556	0.017634419724345207	-0.017847275361418724	0.043867871165275574	-0.01582164131104946	0.005828497000038624	0.049978677183389664	0.27227967977523804	0.026310458779335022	0.009225248359143734	-0.001669530407525599	-0.028928741812705994	0.024298163130879402	-0.0010632656048983335	-0.026020677760243416	0.2733490765094757	-0.025348763912916183	0.08535348623991013	0.07481828331947327	0.49997657537460327	0.026807313784956932	0.44564858078956604
ENSMUSG00000074340	0.01934363879263401	0.03714819997549057	0.017681196331977844	0.017374301329255104	-0.004034620709717274	-0.0036953273229300976	-0.010909262113273144	-0.06832662224769592	0.012320704758167267	0.02713395282626152	-0.0061185890808701515	0.0034814048558473587	-0.0031492607668042183	0.020319174975156784	-0.005815504118800163	0.007448068354278803	0.02515583112835884	0.007272425107657909	-0.005208526272326708	0.3284050226211548	-0.007085396442562342	-0.014652496203780174
ENSMUSG00000027339	0.010406344197690487	0.025836167857050896	0.005758021026849747	0.017450174316763878	-0.01647360250353813	0.005326942075043917	0.008631143718957901	0.20794345438480377	0.01539223175495863	0.018055139109492302	-0.016478510573506355	-0.018864626064896584	0.0040106624364852905	0.015580757521092892	-0.02580866403877735	0.19286130368709564	0.021219009533524513	0.05923817679286003	0.0047007654793560505	0.2976221740245819	-0.007361567113548517	0.18254156410694122
ENSMUSG00000107648	0.004497007001191378	0.04073820263147354	0.011618707329034805	0.011631968431174755	-0.004245628137141466	-0.002290724776685238	-0.009392010979354382	-0.05596489831805229	0.00027529869112186134	0.05123861879110336	0.0036350321024656296	0.011718901805579662	0.002658993238583207	0.01412264071404934	0.0001286155602429062	-0.06779926270246506	0.0239399503916502	0.024923978373408318	-0.039235591888427734	-0.024144606664776802	-0.00879646185785532	-0.04743455722928047
ENSMUSG00000009471	0.020533058792352676	0.033796120434999466	0.00026070300373248756	0.011141588911414146	-0.01766323111951351	0.008049195632338524	-0.0007796252029947937	0.07343533635139465	0.015968509018421173	0.015199053101241589	-0.024196136742830276	-0.01810910552740097	0.011864891275763512	0.014268791303038597	-0.035597629845142365	0.175530344247818	0.031175756826996803	0.05116280913352966	0.026696590706706047	0.011052463203668594	0.005827616900205612	0.05302004516124725
ENSMUSG00000033027	-0.02528567612171173	-0.013510482385754585	0.0021110414527356625	-0.016620131209492683	0.0012756329961121082	0.0026086214929819107	-0.00849373359233141	-0.13795340061187744	-0.004578974097967148	0.02498818002641201	0.004591936245560646	-0.009363465011119843	0.00016617994697298855	-0.03251899778842926	-0.029143517836928368	-0.17480400204658508	-0.003780591767281294	-0.00509911822155118	-0.03044932335615158	-0.18903999030590057	-0.011763380840420723	-0.1437971591949463
ENSMUSG00000117670	0.024014998227357864	0.05429737642407417	0.004281954374164343	0.02478145807981491	-0.004208592232316732	0.00010187879524892196	-3.513294359436259e-05	-0.03699583560228348	0.008138548582792282	0.0571264885365963	-0.014191955327987671	0.010506698861718178	0.0025686246808618307	0.009748019278049469	-0.008041612803936005	0.01551735121756792	0.03557272255420685	0.04031708091497421	-0.011162940412759781	-0.07436538487672806	-0.001831556553952396	-0.06691718846559525
ENSMUSG00000024218	0.0054347580298781395	0.019321026280522346	-0.007937688380479813	0.020282544195652008	-0.01749926060438156	0.004357571713626385	0.03405369445681572	0.224094957113266	0.022001413628458977	0.009178081527352333	-0.018361898139119148	-0.03126467391848564	0.0188557431101799	0.010377529077231884	-0.02887064404785633	0.22757560014724731	0.0015507275238633156	0.062144871801137924	0.08640018105506897	0.4234955310821533	0.0154022928327322	0.2670653164386749
ENSMUSG00000041084	0.00733942212536931	0.018197624012827873	-0.006219514179974794	0.020740609616041183	-0.01867039129137993	0.007786867208778858	0.019655952230095863	0.25264763832092285	0.018073156476020813	0.013053731992840767	-0.012151241302490234	-0.02840697020292282	0.016270022839307785	0.010972664691507816	-0.01114414818584919	0.3015948235988617	0.0016414308920502663	0.0827302485704422	0.07193413376808167	0.4323088526725769	-0.003527912776917219	0.4050363600254059
ENSMUSG00000102508	-0.015025331638753414	0.008834975771605968	0.010299349203705788	-0.008087306283414364	0.0025976828765124083	0.002090867841616273	-0.00864011887460947	-0.06980018317699432	0.011759250424802303	0.018198098987340927	0.0038104597479104996	0.011760340072214603	0.013708171434700489	9.62082704063505e-05	-0.0010840713512152433	-0.09836803376674652	-0.034363456070423126	0.014152063988149166	-0.05302751436829567	-0.06677789986133575	-0.007373271510004997	-0.07180987298488617
ENSMUSG00000019689	0.0082697793841362	0.01909138262271881	0.0006362157291732728	0.0368935726583004	-0.018057016655802727	0.00806647539138794	0.00506155751645565	0.26967549324035645	0.017615199089050293	0.01364210993051529	-0.0013039052719250321	-0.009668108075857162	-0.019547076895833015	0.011992323212325573	0.018638845533132553	0.2880437970161438	0.009577052667737007	0.08297057449817657	0.07140544056892395	0.5315685868263245	-0.001448923023417592	0.3859940469264984
ENSMUSG00000006218	0.015199486166238785	0.03326995670795441	0.005731898359954357	0.010248340666294098	-0.012043343856930733	0.0012527842773124576	0.00493708485737443	0.10515666007995605	0.018400313332676888	0.02247467078268528	-0.0120766069740057	-0.020206671208143234	0.005193600431084633	0.017174476757645607	-0.02541114017367363	0.12879152595996857	0.029198890551924706	0.04261234775185585	0.027553370222449303	0.03801499679684639	-0.0036443269345909357	0.04103288799524307
ENSMUSG00000026043	0.0047730980440974236	-0.002861527493223548	0.001383723458275199	0.00029575577354989946	-0.006637869868427515	-0.0015867335023358464	-0.010859016329050064	-0.09876654297113419	-0.0043276832439005375	0.016435720026493073	0.0024415282532572746	0.008213827386498451	0.00039355261833406985	0.012909484095871449	-0.0024421876296401024	-0.04087935760617256	0.006840708199888468	0.02284320816397667	-0.027574626728892326	-0.0023610549978911877	-0.008814508095383644	-0.0628884807229042
ENSMUSG00000074872	0.00856640562415123	0.022569062188267708	-0.001298380084335804	0.007077076472342014	-0.01121494546532631	0.0021283903624862432	-0.010815725661814213	0.023298844695091248	0.015804076567292213	0.028368700295686722	-0.007382991723716259	-0.0014472284819930792	0.011085954494774342	0.015672098845243454	-0.009359532967209816	-0.013952399604022503	0.013319103978574276	0.032771989703178406	0.00013680268602911383	0.15477317571640015	-0.005487631540745497	0.07863901555538177
ENSMUSG00000113970	0.03558437153697014	0.03922243043780327	0.010439654812216759	0.022530822083353996	0.004295716993510723	-0.0014691497199237347	-0.003610800253227353	-0.06904374808073044	0.007650402840226889	0.027625983580946922	-0.005217922385782003	0.007813427597284317	0.0030221648048609495	0.010412165895104408	-0.00262925261631608	-0.048216093331575394	0.02086610160768032	0.04994366690516472	-0.050258249044418335	-0.03738017752766609	-0.007251910399645567	-0.08090036362409592
ENSMUSG00000001380	0.011749064549803734	0.016638057306408882	0.0004755333939101547	0.01358516700565815	-0.023663721978664398	0.006047478877007961	0.004322607070207596	0.29888927936553955	0.011564724147319794	0.013341021724045277	-0.012785447761416435	-0.024449311196804047	0.009482093155384064	0.016040999442338943	-0.0065190764144063	0.3417682349681854	0.010762099176645279	0.06310342997312546	0.03944116830825806	0.28305086493492126	-0.009013023227453232	0.3950054943561554
ENSMUSG00000101649	-0.10803068429231644	-0.22050966322422028	-0.026485972106456757	-0.05192337557673454	-0.0328693650662899	-0.07932398468255997	0.025736751034855843	-0.1055631935596466	-0.04727441817522049	-0.22943781316280365	-0.01883648708462715	-0.014530365355312824	-0.013789267279207706	-0.02652907930314541	0.04801816865801811	-0.24066951870918274	-0.16050326824188232	-0.27358344197273254	0.2254774421453476	-0.6104251742362976	-0.00779779814183712	-0.41069161891937256
ENSMUSG00000041741	0.006675943732261658	0.013979404233396053	0.002203176962211728	0.01756652072072029	-0.01297315675765276	-0.002160103991627693	0.0009992248378694057	0.13032159209251404	0.005479114130139351	0.02042928896844387	-0.010799933224916458	-0.021570902317762375	0.0019970182329416275	0.018884584307670593	-0.015108667314052582	0.19719421863555908	0.013979759998619556	0.039501089602708817	0.013333162292838097	0.017196401953697205	-0.006820880342274904	0.005996299907565117
ENSMUSG00000095839	-0.010262318886816502	-0.03597802296280861	-0.0018390245968475938	-0.01969951204955578	-0.0012444392777979374	-0.006178179755806923	-0.006785503122955561	-0.0662776380777359	-0.0065713971853256226	-0.005974497180432081	0.0020344394724816084	0.009386838413774967	0.007108898367732763	0.001866788137704134	-0.011918076314032078	-0.1753184199333191	0.005929963197559118	-0.033232759684324265	-0.03742903843522072	-0.13417647778987885	-0.010315444320440292	-0.059092193841934204
ENSMUSG00000072762	0.00761875556781888	0.024092040956020355	0.0007067251717671752	0.003994786646217108	-0.025587284937500954	0.0036717394832521677	0.008339866064488888	0.21670158207416534	0.007258015219122171	0.014193116687238216	-0.0177318025380373	-0.02927372045814991	0.014972115866839886	0.012957524508237839	-0.009828897193074226	0.2826541066169739	0.010302288457751274	0.004794617649167776	0.062033988535404205	0.19786523282527924	-0.003699992783367634	0.19863462448120117
ENSMUSG00000087032	0.012586871162056923	0.026855487376451492	0.007277844939380884	0.021029742434620857	-0.0024776074569672346	-0.0024605037178844213	-0.004637259989976883	-0.07324904203414917	0.0037539899349212646	0.05885204300284386	0.001606785343028605	0.01064116321504116	0.0022277464158833027	0.007798707578331232	-0.001236247830092907	-0.10873144119977951	0.015969837084412575	-0.015638388693332672	-0.053343452513217926	-0.13275738060474396	-0.008115231990814209	-0.03804203122854233
ENSMUSG00000029759	0.011194602586328983	0.024321289733052254	0.0060456376522779465	0.013643568381667137	-0.015875205397605896	0.009236417710781097	-0.0021316634956747293	0.10471159964799881	0.0146481366828084	0.02229926362633705	-0.013092845678329468	-0.01815798692405224	0.0004843929491471499	0.015405675396323204	-0.019053567200899124	0.22432716190814972	0.02402765490114689	0.04860300570726395	0.016402361914515495	0.17099155485630035	-0.005446629598736763	0.07970195263624191
ENSMUSG00000039033	0.006510008592158556	0.022867247462272644	0.0010102858068421483	0.029018379747867584	-0.0198662169277668	0.009259763173758984	-0.0012601938797160983	0.2588145434856415	0.011442247778177261	0.011641335673630238	-0.007614246103912592	-0.01619395799934864	0.009565625339746475	0.012600591406226158	-0.014374158345162868	0.30281123518943787	0.007483459543436766	0.056186433881521225	0.027106575667858124	0.4803451895713806	-0.0068855490535497665	0.32792168855667114
ENSMUSG00000118257	0.008143778890371323	0.022017592564225197	-0.00583553547039628	0.030420567840337753	-0.020174534991383553	0.009894688613712788	0.023444131016731262	0.25845789909362793	0.023977138102054596	0.013382595963776112	-0.008516096509993076	-0.009135792031884193	0.021167874336242676	0.008225574158132076	-0.036171287298202515	0.21248501539230347	-0.0059127528220415115	0.07358266413211823	0.05367027223110199	0.5344501733779907	-0.0011056779185310006	0.31582432985305786
ENSMUSG00000085081	0.02240120805799961	0.04207590967416763	0.0132180480286479	0.024698510766029358	-0.005553446244448423	0.0010676217498257756	-0.003793602343648672	-0.03751438111066818	0.012040674686431885	0.023163003847002983	-0.00805092602968216	0.004889971110969782	0.006651135627180338	-0.004733528010547161	-2.4764109184616245e-05	-0.045339297503232956	0.0385638028383255	0.043275248259305954	0.020230866968631744	0.09322452545166016	-0.005721640773117542	-0.030027806758880615
ENSMUSG00000021375	0.00895003229379654	0.017375826835632324	-0.00013346303603611887	0.023129239678382874	-0.01897338405251503	0.0061236051842570305	0.010535571724176407	0.2694852352142334	0.014603273943066597	0.011150263249874115	-0.012315535917878151	-0.0237136073410511	0.011583905667066574	0.014186300337314606	-0.027554547414183617	0.29505130648612976	0.00803565513342619	0.05946378409862518	0.02313132956624031	0.36802899837493896	-0.0075955758802592754	0.31361663341522217
ENSMUSG00000068391	0.009136048145592213	0.018965622410178185	-0.005308871157467365	0.03945664316415787	-0.017451724037528038	0.011257095262408257	0.010884660296142101	0.2506215572357178	0.02329680696129799	0.011344416998326778	0.0007775407866574824	-0.018523618578910828	0.007571638096123934	0.006755349226295948	-0.004593672230839729	0.3179190456867218	-0.007577481213957071	0.08858487010002136	0.0648566409945488	0.4786776602268219	0.0013254914665594697	0.4254950284957886
ENSMUSG00000025035	0.010040555149316788	0.0251455157995224	-0.0008674628916196525	0.01896861381828785	-0.020896701142191887	0.007839201018214226	0.01030456181615591	0.2536242604255676	0.016213588416576385	0.014330387115478516	-0.015677560120821	-0.02614315040409565	0.013561799190938473	0.014309407211840153	-0.028256388381123543	0.3012450337409973	0.013097581453621387	0.0710613802075386	0.03570108488202095	0.34937942028045654	-0.006816220469772816	0.3390253782272339
ENSMUSG00000051037	0.007375895977020264	0.013870690949261189	0.0027966785710304976	0.012310990132391453	-0.014660344459116459	0.001663693692535162	1.452981450711377e-05	0.13669151067733765	0.009510361589491367	0.009976278990507126	-0.009412270039319992	-0.006529242265969515	0.010155925527215004	0.012559209950268269	-0.01674116775393486	0.24376533925533295	0.012966896407306194	0.036429449915885925	0.026563633233308792	0.27733680605888367	-0.006431020330637693	0.13142918050289154
ENSMUSG00000096308	-0.01620553992688656	-0.10915587097406387	-0.010674739256501198	-0.02189265936613083	0.006315323524177074	-0.0035248363856226206	-0.01671404018998146	-0.12221085280179977	-0.016794588416814804	0.023525772616267204	0.01629708707332611	0.007295385468751192	-0.019440406933426857	-0.026700232177972794	-0.0009057773859240115	-0.05601919814944267	-0.011991092935204506	-0.09026358276605606	-0.04004478082060814	-0.13934248685836792	-0.01216286700218916	-0.19523975253105164
ENSMUSG00000021054	0.009136882610619068	0.013806836679577827	0.0038248852360993624	0.018034569919109344	-0.01221924927085638	0.007429680787026882	0.004448784980922937	0.20334979891777039	0.00947198923677206	0.014695912599563599	-0.01643594540655613	-0.03135400637984276	0.0031284093856811523	0.01931474171578884	-0.023255661129951477	0.27017664909362793	0.018086262047290802	0.04626600816845894	0.005353054031729698	0.16143828630447388	-0.007857397198677063	0.1471640020608902
ENSMUSG00000110597	0.025315916165709496	0.048118047416210175	0.004815489053726196	0.011013928800821304	-0.0050510079599916935	0.0009542608167976141	-0.0007382574840448797	-0.05462217330932617	0.016618266701698303	0.02854118123650551	-0.01074302289634943	0.0053502474911510944	0.003484796267002821	0.005827274173498154	-0.0052262055687606335	-0.016210170462727547	0.03479340299963951	0.032993849366903305	-0.011269355192780495	-0.0953751727938652	-0.006561825051903725	-0.06470708549022675
ENSMUSG00000086361	0.029080433771014214	0.045810386538505554	0.00042983415187336504	0.029853425920009613	-0.0092878183349967	-0.0015400185948237777	-0.01517608854919672	-0.06211630254983902	0.009385382756590843	0.06628094613552094	-0.013612781651318073	0.020610416308045387	0.0013937668409198523	0.013676361180841923	0.001077117514796555	-0.020227773115038872	0.035983648151159286	0.034467291086912155	-0.00015805840666871518	-0.056623589247465134	-0.005271973554044962	-0.06244732812047005
ENSMUSG00000085649	0.021621592342853546	0.05315358191728592	0.008692564442753792	0.02262670360505581	-0.0012696710182353854	-0.0016387185314670205	-0.0020651277154684067	-0.03330107033252716	0.008293548598885536	0.04526315629482269	-0.005491094198077917	0.008388511836528778	0.0025353466626256704	0.005852034781128168	-0.003270090324804187	-0.04962123557925224	0.030491504818201065	0.03626413270831108	-0.04190407693386078	-0.12616857886314392	-0.005298631731420755	-0.0747823640704155
ENSMUSG00000044912	0.0070731802843511105	0.024966053664684296	0.004068495240062475	0.015481151640415192	-0.011307534761726856	0.0028516515158116817	-0.0080174645408988	0.10193882137537003	0.007737333886325359	0.02648560330271721	-0.009370614774525166	-0.01253205630928278	-0.0010973953176289797	0.01949436031281948	-0.014007779769599438	0.1405254304409027	0.02041955292224884	0.05518684908747673	-0.02965102344751358	-0.014263377524912357	-0.005961656104773283	0.011712117120623589
ENSMUSG00000028127	0.008182662539184093	0.019509373232722282	-0.0032938173972070217	0.02725970931351185	-0.02435888536274433	0.00633862242102623	0.014526869170367718	0.27933305501937866	0.014383840374648571	0.010094813071191311	-0.014057524502277374	-0.028434650972485542	0.019444502890110016	0.011693904176354408	-0.02305765450000763	0.3012160658836365	0.004873098339885473	0.0679447129368782	0.0442945770919323	0.45810142159461975	-0.004777281079441309	0.38317355513572693
ENSMUSG00000111291	0.02754715457558632	0.03633705899119377	0.0051790643483400345	0.005157457198947668	-0.014085149392485619	-0.004190131556242704	-0.005202758125960827	-0.043634433299303055	0.0009322644909843802	0.04522943124175072	-0.014639544300734997	0.0036531975492835045	-0.00042582646710798144	0.011941670440137386	-0.0006297228974290192	-0.03662920370697975	0.057193879038095474	-0.017276866361498833	0.053829584270715714	0.05363408476114273	-0.0071698580868542194	0.007235713768750429
ENSMUSG00000121437	-0.020250968635082245	-0.015830127522349358	-0.008372453041374683	0.005529871676117182	-0.0013407875085249543	-0.004694878123700619	-0.012453215196728706	-0.08709990233182907	-0.006898944266140461	0.011627082712948322	0.019890647381544113	0.006731215864419937	0.0035848254337906837	0.010509422980248928	-0.0041871340945363045	-0.12482636421918869	0.025749439373612404	-0.010143113322556019	-0.03183603659272194	-0.010225650854408741	-0.009416365996003151	-0.030909838154911995
ENSMUSG00000033952	0.007123685907572508	0.024526996538043022	-8.643921319162473e-06	0.029014308005571365	-0.018979905173182487	0.008507016114890575	0.010733447037637234	0.2659134566783905	0.01350344903767109	0.015191788785159588	-0.0061239562928676605	-0.02257477305829525	0.012824208475649357	0.010229605250060558	-0.024363890290260315	0.3021482229232788	0.003497326048091054	0.07496890425682068	0.047917917370796204	0.5205609798431396	-0.003901205724105239	0.28764376044273376
ENSMUSG00000032353	0.013280804269015789	0.015292796306312084	0.003877277486026287	0.02045174315571785	-0.004772530868649483	0.0028324169106781483	-0.004163017962127924	0.19128753244876862	0.01639947108924389	0.016201136633753777	-0.022764256224036217	-0.01670582965016365	-0.0023552996572107077	0.019902972504496574	-0.0169668085873127	0.2595529854297638	0.01806502416729927	0.05482063814997673	-0.01114235632121563	0.21438714861869812	-0.007246741093695164	0.25519856810569763
ENSMUSG00000033278	0.007638167589902878	0.012461499311029911	0.003244435414671898	0.008299575187265873	-0.012172919698059559	0.005735269282013178	-0.005242505110800266	0.21548858284950256	0.006398252211511135	0.013662677258253098	-0.012196787633001804	-0.030104072764515877	0.0023948363959789276	0.020025281235575676	-0.01751488633453846	0.25745707750320435	0.01747390255331993	0.047052398324012756	-0.03881336376070976	0.04774295911192894	-0.006301182322204113	0.08371680974960327
ENSMUSG00000109224	0.028866859152913094	0.03844418376684189	0.010865744203329086	0.02631364017724991	-0.004356004763394594	-0.0036601561587303877	-0.001653424696996808	-0.08594074845314026	0.007014385424554348	0.050376396626234055	-0.005526915192604065	0.009068985469639301	0.0022843237966299057	0.00045660309842787683	0.005747588351368904	-0.03761176019906998	0.037365417927503586	0.03624313697218895	-0.009439311921596527	-0.11235008388757706	-0.009072245098650455	-0.07511688768863678
ENSMUSG00000090157	0.022967111319303513	0.03007112257182598	0.010896371677517891	0.02867450937628746	-0.003022138262167573	-0.001377263804897666	-0.0013390894746407866	-0.04300536960363388	0.011729424819350243	0.044368550181388855	-0.009536639787256718	0.009743265807628632	0.003564423881471157	0.01216433197259903	0.004059657454490662	-0.05092908814549446	0.03674323484301567	0.03678515553474426	0.012188857421278954	-0.14003190398216248	-0.006603669375181198	-0.0777645856142044
ENSMUSG00000085485	0.009417804889380932	0.02739468589425087	-0.006593087688088417	0.01650666631758213	-0.009858675301074982	0.009488740935921669	0.02877042070031166	0.08154340088367462	0.02705015242099762	0.02407497726380825	-0.0013494098093360662	-0.0055887834168970585	0.022682974115014076	0.008222546428442001	-0.03861341252923012	0.121734119951725	-0.008541061542928219	0.03318150341510773	0.07129702717065811	0.5867716670036316	0.012845803052186966	0.14602018892765045
ENSMUSG00000068399	-0.021855900064110756	-0.014775697141885757	-0.0021115029230713844	-0.09052252024412155	0.013331707566976547	0.030508901923894882	-0.01197961438447237	-0.11121910065412521	-0.008558989502489567	-0.07883823662996292	0.011649033054709435	0.019958162680268288	-0.007771630771458149	-0.016528937965631485	-0.007730549201369286	-0.2165512889623642	-0.014032363891601562	-0.034801557660102844	-0.039089880883693695	-0.21249555051326752	-0.008147187530994415	-0.18498705327510834
ENSMUSG00000073538	0.007893119938671589	0.027302224189043045	-0.0013592684408649802	0.02622722089290619	-0.015343811362981796	0.009872045367956161	0.030740752816200256	0.07281497120857239	0.03012199141085148	0.01528678648173809	-0.002887049224227667	-0.015809176489710808	0.029520554468035698	0.007371821440756321	-0.03656124696135521	0.20695319771766663	-0.008086353540420532	0.03527039662003517	0.07925104349851608	0.5990379452705383	0.014513484202325344	0.11496565490961075
ENSMUSG00000022216	-0.000508396013174206	-0.0030871955677866936	-0.0042563690803945065	0.014775283634662628	-1.3287374713399913e-05	0.0009436045656912029	0.04654184356331825	0.19466060400009155	-0.014527225866913795	0.0050670490600168705	-0.0006689174333587289	-0.017610441893339157	0.009296565316617489	0.01256012637168169	0.007796837482601404	0.20212699472904205	0.008300273679196835	0.027227111160755157	0.07969499379396439	0.18139319121837616	0.0009753566700965166	0.199274480342865
ENSMUSG00000105055	0.017445463687181473	0.02111128717660904	0.0020242081955075264	0.033078208565711975	-0.00186126958578825	-0.003552611218765378	-0.0032367566600441933	-0.0877305343747139	0.011754023842513561	0.056517429649829865	-0.0036256564781069756	0.006859388202428818	0.00522674061357975	0.008407684974372387	-0.0009819440310820937	0.013440174981951714	0.04983343556523323	0.03234391286969185	-0.0402192696928978	-0.17561770975589752	-0.006461991462856531	-0.07432971894741058
ENSMUSG00000061393	0.007499490398913622	0.007913658395409584	-0.005493065342307091	0.03414832428097725	-0.01738489605486393	0.004613571334630251	0.021869167685508728	0.24531249701976776	0.019736791029572487	0.011540226638317108	-0.016384825110435486	-0.029397027567029	0.017720520496368408	0.012593741528689861	-0.04033411666750908	0.23944175243377686	0.001304226228967309	0.08248409628868103	0.05102090537548065	0.45224693417549133	-0.0010736867552623153	0.28093886375427246
ENSMUSG00000045482	0.010044918395578861	0.023093685507774353	0.00022711898782290518	0.027224509045481682	-0.01963612250983715	0.005205594468861818	0.0067236656323075294	0.2621694803237915	0.01626470498740673	0.013780214823782444	-0.01471754815429449	-0.024464724585413933	0.010006077587604523	0.015390063636004925	-0.026264335960149765	0.3137362003326416	0.009459001943469048	0.06570273637771606	0.02522534690797329	0.3475251793861389	-0.00816009845584631	0.43740543723106384
ENSMUSG00000103270	0.013566401787102222	0.033167514950037	0.0010034366277977824	0.014709391631186008	0.0006410307250916958	0.0005336281028576195	-0.0032937126234173775	-0.06430209428071976	-0.0017576324753463268	0.0598197877407074	0.001925335032865405	0.009941104799509048	0.00037411809898912907	-0.00021624214423354715	-0.0021503784228116274	-0.04623105376958847	0.019245175644755363	0.03557322919368744	-0.05523917078971863	-0.21808965504169464	-0.006203238386660814	-0.09981885552406311
ENSMUSG00000020594	0.0043936073780059814	0.013154306448996067	-0.0005414580809883773	0.05159253254532814	-0.02447083219885826	0.007017454132437706	0.036036282777786255	0.2996704578399658	0.008004777133464813	0.005341910757124424	-0.0035346520598977804	-0.019565392285585403	0.0304853655397892	0.005590464454144239	-0.012574123218655586	0.3148467242717743	-0.006490337662398815	0.09292666614055634	0.03479495644569397	0.6513425707817078	0.0023158183321356773	0.4384993314743042
ENSMUSG00000014856	0.010375467129051685	0.02078407071530819	-0.0021749427542090416	0.019455669447779655	-0.014969352632761002	0.006921740714460611	0.013398263603448868	0.2594340443611145	0.01277215126901865	0.013420628383755684	-0.01698295585811138	-0.020022477954626083	0.010356116108596325	0.015061863698065281	-0.01077453512698412	0.297372430562973	0.012335705570876598	0.05195685476064682	0.047995053231716156	0.2904840409755707	-0.006623421795666218	0.3119206726551056
ENSMUSG00000027709	0.00929668452590704	0.025643689557909966	0.0019796215929090977	0.026323482394218445	-0.0176371019333601	0.004487794358283281	0.007717872969806194	0.22990882396697998	0.014065636321902275	0.01300103310495615	-0.015603946521878242	-0.026056120172142982	0.010027377866208553	0.015501831658184528	-0.02221740409731865	0.2847316563129425	0.01388508453965187	0.05832261964678764	0.027285918593406677	0.3391892611980438	-0.007567267864942551	0.2963513433933258
ENSMUSG00000090827	0.018341369926929474	0.03619387000799179	0.00887423474341631	0.027036601677536964	-0.006719166412949562	0.005695140454918146	-0.007459539920091629	-0.09435278922319412	0.011035860516130924	0.047922104597091675	-0.002885113935917616	0.005519942846149206	0.007923347875475883	-0.0054871682077646255	-0.004629301838576794	-9.73759961198084e-05	0.018539628013968468	0.06509025394916534	-0.0396614633500576	-0.023769520223140717	-0.005189953837543726	-0.022700022906064987
ENSMUSG00000055945	0.01629583165049553	0.028081858530640602	0.0035250838845968246	0.01850290223956108	-0.007319810334593058	0.0038714346010237932	-0.00685558607801795	0.11356884241104126	0.009397192858159542	0.025659577921032906	-0.018113667145371437	-0.022991392761468887	0.0009225298999808729	0.020812740549445152	-0.04058780148625374	0.0907784104347229	0.029335808008909225	0.06331180781126022	0.03608693182468414	0.12847283482551575	-0.004980051424354315	0.10528187453746796
ENSMUSG00000032473	0.016811029985547066	0.016953255981206894	0.005347291938960552	0.016453681513667107	-0.005270924419164658	-0.002563701244071126	-0.003503144020214677	-0.03999214991927147	0.010252278298139572	0.027633439749479294	-0.006186538841575384	0.01199235301464796	0.0025312136858701706	0.016955984756350517	-0.010486663319170475	0.0068815010599792	0.03705698624253273	0.04795369505882263	-0.030051203444600105	-0.08021163940429688	-0.005511345341801643	-0.07252383977174759
ENSMUSG00000096862	0.029351549223065376	-0.002768381265923381	0.014609221369028091	0.004699124023318291	0.00035041317460127175	-0.0033480890560895205	-0.006489584222435951	-0.04463770240545273	-0.024423805996775627	0.029425881803035736	0.011109624058008194	0.0049316780641674995	-9.548258094582707e-05	0.006411643698811531	0.0011629736982285976	-0.08583232760429382	-0.0040601445361971855	-0.030863082036376	-0.030114954337477684	-0.12783093750476837	-0.00814188364893198	-0.07961306720972061
ENSMUSG00000111666	0.021847819909453392	0.00940371211618185	0.0025499071925878525	0.022548921406269073	-0.00428334204480052	-0.0004621998523361981	-0.007060267496854067	-0.09794244915246964	0.006012394558638334	0.03990013897418976	-0.003641917137429118	0.01037523616105318	0.009044227190315723	-0.0023109123576432467	0.0003354352666065097	-0.0685676634311676	0.023835990577936172	0.008942480199038982	-0.008431763388216496	-0.0572907030582428	-0.009109930135309696	-0.04098832234740257
ENSMUSG00000121115	0.004496562294661999	0.01626306213438511	-0.0007990949088707566	0.019497273489832878	-0.03586466610431671	0.0037266972940415144	0.008023124188184738	0.26613885164260864	0.017788438126444817	0.009772691875696182	-0.0009742757538333535	-0.03736649453639984	0.012316782027482986	0.014319938607513905	0.00928585510700941	0.3044299781322479	-0.013049731031060219	0.0426715612411499	0.037011515349149704	0.24150404334068298	-0.0033126724883913994	0.33311930298805237
ENSMUSG00000070023	0.023784101009368896	0.031498733907938004	0.006423786748200655	0.024679260328412056	-0.007488459814339876	-0.0025916234590113163	-0.0004755549016408622	-0.11271774023771286	0.008321842178702354	0.06672922521829605	-0.008725177496671677	0.005698715336620808	0.001943875104188919	0.005692400503903627	0.0027042848523706198	-0.013350702822208405	0.020197713747620583	0.014678407460451126	-0.017078647390007973	-0.00426481943577528	-0.007916396483778954	-0.06924575567245483
ENSMUSG00000043913	0.01175669301301241	0.03418445587158203	0.005855852738022804	0.00818096287548542	-0.012475145980715752	0.00941611360758543	0.008884456008672714	0.08444151282310486	0.016845541074872017	0.020958727225661278	-0.01347790751606226	-0.016356708481907845	0.007838249206542969	0.01392794493585825	-0.02852950617671013	0.15805752575397491	0.023350084200501442	0.031285662204027176	0.016617491841316223	0.3539525866508484	-0.00350049021653831	0.15488873422145844
ENSMUSG00000064225	0.01166793704032898	0.021976763382554054	0.004771258682012558	0.017011171206831932	-0.016507161781191826	0.0073875063098967075	0.0007831940311007202	0.12608131766319275	0.017217762768268585	0.021639211103320122	-0.011896234937012196	-0.019981540739536285	0.006579077336937189	0.019014038145542145	-0.020548472180962563	0.15447844564914703	0.018614284694194794	0.055135712027549744	0.035464223474264145	0.08937443792819977	-0.0037902272306382656	0.1353728473186493
ENSMUSG00000062510	0.008319390006363392	0.021905720233917236	-0.0064203087240457535	0.030765092000365257	-0.02196499891579151	0.012505833059549332	0.015321091748774052	0.2604096531867981	0.023358436301350594	0.010378570295870304	-0.0055128042586147785	-0.01505559403449297	0.02233356237411499	0.006188860163092613	-0.0331534780561924	0.28297844529151917	-0.009321396239101887	0.06512630730867386	0.06620638072490692	0.4610190987586975	0.0005681868642568588	0.4009101390838623
ENSMUSG00000004865	0.007509238086640835	0.009563502855598927	-0.009418312460184097	0.035505205392837524	-0.023829512298107147	0.005535389296710491	0.029518138617277145	0.21046282351016998	0.02330625057220459	0.0095562394708395	-0.010863328352570534	-0.02768615446984768	0.025695741176605225	0.008563080802559853	-0.03541528061032295	0.25896716117858887	-0.006424699444323778	0.06562584638595581	0.07336173206567764	0.4507739543914795	0.008231080137193203	0.388245552778244
ENSMUSG00000042121	0.010267959907650948	0.01569034904241562	-0.0026064664125442505	0.01970101147890091	-0.019889675080776215	0.0029304141644388437	0.01370089128613472	0.2412906140089035	0.016631755977869034	0.01122557558119297	-0.021765120327472687	-0.029840750619769096	0.01508678775280714	0.015370186418294907	-0.03374509513378143	0.2883548438549042	0.012259927578270435	0.06778382509946823	0.053917527198791504	0.22866962850093842	-0.003708031727001071	0.2949795126914978
ENSMUSG00000018377	0.009395042434334755	0.021208662539720535	-0.0012592494022101164	0.026227284222841263	-0.02747160755097866	0.004844631068408489	0.012194788083434105	0.2647882103919983	0.014277620241045952	0.01141916774213314	-0.010347746312618256	-0.03462039306759834	0.013109755702316761	0.015317883342504501	-0.01885392516851425	0.31328922510147095	0.01073501631617546	0.07001112401485443	0.05387435480952263	0.3038875460624695	-0.006497145164757967	0.36851727962493896
ENSMUSG00000120269	0.020155716687440872	0.03292112424969673	0.004012510180473328	0.015973441302776337	-0.0023142038844525814	0.0003503131738398224	-0.003522236132994294	-0.07387173920869827	0.012432854622602463	0.037229400128126144	-0.003164667868986726	0.012776958756148815	0.005980298388749361	0.010739479213953018	0.00046965337241999805	-0.01715281419456005	0.018628647550940514	0.013125991448760033	-0.03205941617488861	-0.17403072118759155	-0.006308151874691248	-0.0391840785741806
ENSMUSG00000107817	-0.10803068429231644	-0.22050966322422028	-0.026485972106456757	-0.05192337557673454	-0.0328693650662899	-0.07932398468255997	0.025736751034855843	-0.1055631935596466	-0.04727441817522049	-0.22943781316280365	-0.01883648708462715	-0.014530365355312824	-0.013789267279207706	-0.02652907930314541	0.04801816865801811	-0.24066951870918274	-0.16050326824188232	-0.27358344197273254	0.2254774421453476	-0.6104251742362976	-0.00779779814183712	-0.41069161891937256
ENSMUSG00000049001	0.006417878437787294	0.021781809628009796	0.0015941844321787357	0.007248776499181986	-0.0157456211745739	0.0006329506868496537	0.0025670945178717375	0.1535172462463379	0.01068112626671791	0.020930718630552292	-0.012596739456057549	-0.02246701717376709	0.0031215688213706017	0.014941041357815266	-0.015239810571074486	0.18476015329360962	0.010583767667412758	0.035022202879190445	0.013417892158031464	-0.06514348834753036	-0.005901888478547335	0.04468892142176628
ENSMUSG00000021357	0.0065208133310079575	0.014990031719207764	0.0013642057310789824	0.030499758198857307	-0.016956958919763565	0.005876665934920311	0.002783619100227952	0.28385794162750244	0.004171319771558046	0.010901256464421749	-0.009300682693719864	-0.02906416915357113	0.0039262594655156136	0.018178682774305344	-0.015615683980286121	0.34249863028526306	0.010344122536480427	0.043279003351926804	-0.0015330552123486996	0.30647706985473633	-0.007723357528448105	0.35263165831565857
ENSMUSG00000021541	0.01656522788107395	0.04137995094060898	0.012374726124107838	0.003897604998201132	-0.0002416644274489954	0.0050721014849841595	-0.0015540954191237688	-0.04513132944703102	0.00671337079256773	0.03600498288869858	-0.006106592249125242	0.008455575443804264	-0.000690038432367146	0.019219128414988518	-0.008337516337633133	-0.05120529606938362	0.036405131220817566	0.03117620199918747	-0.05525339022278786	-0.03478984534740448	-0.007787390146404505	-0.00858149304986
ENSMUSG00000097111	0.023519717156887054	0.04345279559493065	0.008749046362936497	0.025193046778440475	-0.005900429096072912	-0.0004762686148751527	-0.0036108887288719416	-0.027182402089238167	0.011557421647012234	0.031197087839245796	-0.012638408690690994	0.010132687166333199	0.007005123421549797	0.008747611194849014	-0.005262632388621569	-0.032380327582359314	0.03615221008658409	0.036250434815883636	-0.01681504026055336	-0.0351252518594265	-0.004232347477227449	-0.04758700728416443
ENSMUSG00000032786	0.011012805625796318	0.022417040541768074	0.0012813112698495388	0.008418794721364975	-0.016191713511943817	0.004101298283785582	0.010410284623503685	0.15698149800300598	0.013416511006653309	0.018834160640835762	-0.01676567830145359	-0.022549336776137352	0.007489657960832119	0.0159755926579237	-0.025709504261612892	0.2481730878353119	0.018345974385738373	0.06376666575670242	0.020239999517798424	0.21933916211128235	-0.0038034163881093264	0.20820024609565735
ENSMUSG00000121841	0.033764928579330444	0.00890236534178257	0.017689844593405724	-0.00986069068312645	-0.0027325451374053955	-0.003924657590687275	-0.004922059364616871	-0.06016281619668007	0.009307819418609142	0.048347994685173035	-0.011135253123939037	0.013758854940533638	0.0012176100863143802	0.014189839363098145	0.0023931625764817	-0.05524078384041786	0.028076816350221634	0.01138234231621027	-0.01284907478839159	-0.012774178758263588	-0.008985509164631367	-0.08085833489894867
ENSMUSG00000121622	0.0296125840395689	0.0528838112950325	0.008353335782885551	0.02272099442780018	-0.001743803033605218	0.0010208681924268603	-0.0030641467310488224	-0.04373127967119217	0.012115109711885452	0.0278336051851511	-0.001577056827954948	0.006067509762942791	0.0058846427127718925	0.014747977256774902	0.006930565927177668	-0.09129175543785095	0.021028367802500725	0.02547239325940609	-0.005122998263686895	-0.037064749747514725	-0.006747582461684942	-0.05599631741642952
ENSMUSG00000043659	0.011562472209334373	0.03905435651540756	0.001287671155296266	0.011500486172735691	-0.0020652783568948507	-0.0008179229334928095	-0.003916432149708271	-0.04796616733074188	0.001267913612537086	0.021839577704668045	-0.0020387473050504923	0.009636479429900646	0.0007790002855472267	0.011456145904958248	-0.00012137357407482341	-0.08345206081867218	0.017671389505267143	-0.03080146759748459	-0.045030660927295685	-0.1316225230693817	-0.008265899494290352	-0.0967632383108139
ENSMUSG00000032763	0.010611575096845627	0.0229595135897398	0.0025943531654775143	0.019399169832468033	-0.0012915037805214524	0.009446155279874802	0.0064851646311581135	0.23395290970802307	0.016035517677664757	0.015205196104943752	-0.004611505661159754	-0.01777714304625988	0.005891001783311367	0.014854364097118378	-0.01362213771790266	0.2958282232284546	0.009449451230466366	0.05483873188495636	0.015046246349811554	0.3861098885536194	-0.007827620953321457	0.32042396068573
ENSMUSG00000120020	0.01763978600502014	0.02811010368168354	0.005142671521753073	0.022267332300543785	-0.001570080523379147	-0.00533665856346488	-0.0038560167886316776	-0.07215461879968643	0.007622763514518738	0.05681804567575455	-0.0033844616264104843	0.004313089419156313	0.002291180891916156	0.017592092975974083	-0.0007996479398570955	-0.0073798238299787045	0.025235604494810104	0.019137615337967873	-0.05049494653940201	-0.09829176217317581	-0.005423484370112419	-0.041902437806129456
ENSMUSG00000084217	0.006517940666526556	0.03163175284862518	-0.0016087712720036507	0.005267011467367411	-0.0010295717511326075	0.0044319238513708115	-0.01904016174376011	0.09173624217510223	0.01057294849306345	0.03502904251217842	0.013264067471027374	-0.008869594894349575	0.003525511361658573	0.01521390676498413	0.007164171896874905	-0.00791111122816801	0.025172537192702293	0.018906449899077415	0.03976800665259361	0.18847064673900604	-0.0011322791688144207	0.17027975618839264
ENSMUSG00000045587	0.018625248223543167	0.025835786014795303	0.011408086866140366	0.024103352800011635	-0.008465389721095562	-0.002856734674423933	-0.0026172888465225697	-0.08596242219209671	0.014397076331079006	0.05111295357346535	-0.00040160075877793133	0.009530426003038883	0.00021538698638323694	0.00884450413286686	-0.0019261606503278017	-5.631003659800626e-05	0.04794885963201523	0.018958253785967827	-0.026184016838669777	-0.1076001450419426	-0.007552159018814564	-0.014830639585852623
ENSMUSG00000037709	0.007373624015599489	0.034914761781692505	0.0039415196515619755	-0.01280159316956997	-0.0073706465773284435	0.0033172830007970333	-0.009557656943798065	0.007112765684723854	0.004837934393435717	0.022073354572057724	-0.006326006725430489	-0.005043352022767067	0.0016942044021561742	0.00879679061472416	-0.012327223084867	0.0938287153840065	0.0149997528642416	0.0533502995967865	-0.005528352223336697	-0.01247751247137785	-0.005465230904519558	0.01642974093556404
ENSMUSG00000022680	0.009451561607420444	0.021303735673427582	-0.0021268771961331367	0.016753297299146652	-0.026114001870155334	0.006150015164166689	0.014170339331030846	0.2740618586540222	0.01628250814974308	0.007054729387164116	-0.013837351463735104	-0.022719595581293106	0.018670059740543365	0.011629024520516396	-0.017793260514736176	0.285783588886261	0.004456188064068556	0.062436968088150024	0.046310000121593475	0.37409648299217224	-0.005655744578689337	0.3880649507045746
ENSMUSG00000115352	-0.0111635597422719	0.01556946150958538	-0.0033162282779812813	0.009476771578192711	-0.003174230456352234	0.0029189670458436012	-0.003783703548833728	-0.080616295337677	-0.003857639152556658	0.0444929413497448	0.003838585689663887	0.00989487674087286	0.024393709376454353	0.0033914134837687016	-0.005941991228610277	-0.0613015852868557	0.0028328406624495983	0.04324482008814812	-0.040301915258169174	-0.17171400785446167	-0.003337234491482377	-0.05919115990400314
ENSMUSG00000095793	-0.10803068429231644	-0.22050966322422028	-0.026485972106456757	-0.05192337557673454	-0.0328693650662899	-0.07932398468255997	0.025736751034855843	-0.1055631935596466	-0.04727441817522049	-0.22943781316280365	-0.01883648708462715	-0.014530365355312824	-0.013789267279207706	-0.02652907930314541	0.04801816865801811	-0.24066951870918274	-0.16050326824188232	-0.27358344197273254	0.2254774421453476	-0.6104251742362976	-0.00779779814183712	-0.41069161891937256
ENSMUSG00000018565	0.006203087046742439	0.010948899202048779	-0.013500850647687912	0.03626241534948349	-0.020063407719135284	0.004664039239287376	0.04333171993494034	0.2624158263206482	0.020947158336639404	0.006703865714371204	-0.004239458125084639	-0.025243256241083145	0.020846381783485413	0.005791102070361376	-0.022034430876374245	0.29099103808403015	-0.016156639903783798	0.05566577985882759	0.059140924364328384	0.47729653120040894	0.01279846578836441	0.441975474357605
ENSMUSG00000117286	0.017236575484275818	0.04478701576590538	0.008941635489463806	0.020825613290071487	-0.00562676228582859	0.01007404550909996	0.0034912258852273226	0.002484535099938512	0.013650728389620781	0.04118645563721657	-0.011349129490554333	0.013515566475689411	-0.00018898080452345312	0.01527688279747963	-0.019593263044953346	0.03420108184218407	0.035756830126047134	0.04711725562810898	-0.02031279169023037	-0.03432731702923775	-0.005096303764730692	-0.022149495780467987
ENSMUSG00000104823	0.0030567198991775513	0.017901860177516937	0.01744457334280014	0.04485746845602989	-0.039698146283626556	0.006454878952354193	0.006774421315640211	0.2536180019378662	0.005078909918665886	0.00773342652246356	-0.0043614511378109455	-0.016849655658006668	-0.030442632734775543	0.005874180234968662	0.0228127408772707	0.31882166862487793	0.0028711205814033747	0.0887184888124466	0.08423978835344315	0.6071524024009705	0.005822332575917244	0.32973700761795044
ENSMUSG00000040322	0.010518711991608143	0.027839336544275284	0.00787976011633873	0.013434120453894138	-0.010559294372797012	0.0011290113907307386	0.0024576280266046524	0.09270884841680527	0.01251442451030016	0.03364894166588783	-0.013813897036015987	-0.016821948811411858	-0.00018481379083823413	0.017514362931251526	-0.017904112115502357	0.1294519305229187	0.02646894007921219	0.055166080594062805	-0.013127828948199749	-0.020837875083088875	-0.0060622356832027435	0.04198851436376572
ENSMUSG00000081768	0.03146529570221901	0.02402341365814209	0.0057524824514985085	0.021284813061356544	-0.00436309352517128	-0.0025037801824510098	-0.015375076793134212	-0.06257502734661102	0.013127564452588558	0.03784147650003433	-0.010033470578491688	0.005872464273124933	0.0015855305828154087	0.00890167336910963	0.0016490536509081721	-0.05641037970781326	0.03847222030162811	0.02888130582869053	-0.009883403778076172	-0.10881897807121277	-0.007650749292224646	-0.04876174032688141
ENSMUSG00000027796	0.013023961335420609	0.031398072838783264	0.005187732633203268	0.02042580209672451	-0.01265889871865511	-0.0004666808235924691	0.004587120376527309	0.08929857611656189	0.010463994927704334	0.026272891089320183	-0.014586075209081173	-0.012035492807626724	0.0015283715911209583	0.016712427139282227	-0.023721028119325638	0.10272631049156189	0.029331328347325325	0.05874504894018173	0.0027386427391320467	0.0172293521463871	-0.004541153088212013	0.028717374429106712
ENSMUSG00000114148	0.021098706871271133	0.042229052633047104	0.01670190505683422	0.022784633561968803	-0.001757142716087401	-0.0015801787376403809	-0.001810003537684679	-0.08924099802970886	-0.0007077380432747304	0.036200568079948425	-0.0008212300599552691	0.008613555692136288	-0.0010604074923321605	0.01359791774302721	-0.0034002235624939203	-0.0175581444054842	0.03105054423213005	0.03773551061749458	-0.042247600853443146	-0.08360158652067184	-0.007344707380980253	-0.10832535475492477
ENSMUSG00000024737	0.015004239976406097	0.04553312435746193	0.018089041113853455	0.010818252339959145	-0.006094819866120815	0.001487326924689114	-0.0032932888716459274	-0.02849123626947403	0.010789659805595875	0.034915465861558914	-0.010547813028097153	0.00856592133641243	-0.0027215806767344475	0.0171051062643528	-0.016534334048628807	0.033246755599975586	0.040677014738321304	0.055309537798166275	-0.017330562695860863	-0.009427623823285103	-0.007397844921797514	-0.004595011938363314
ENSMUSG00000062818	0.01091957837343216	0.00874187983572483	-0.0017931826878339052	0.028281928971409798	-0.002480550203472376	-0.00260843220166862	-0.006999855861067772	-0.08396833389997482	0.0063066561706364155	0.047804512083530426	-0.004295982886105776	0.009566910564899445	0.0054521216079592705	0.01642611250281334	0.0048172129318118095	-0.07491174340248108	0.00940814521163702	0.04008128121495247	-0.008820311166346073	-0.04649701714515686	-0.0070316181518137455	-0.07229463011026382
ENSMUSG00000100822	-0.10803068429231644	-0.22050966322422028	-0.026485972106456757	-0.05192337557673454	-0.0328693650662899	-0.07932398468255997	0.025736751034855843	-0.1055631935596466	-0.04727441817522049	-0.22943781316280365	-0.01883648708462715	-0.014530365355312824	-0.013789267279207706	-0.02652907930314541	0.04801816865801811	-0.24066951870918274	-0.16050326824188232	-0.27358344197273254	0.2254774421453476	-0.6104251742362976	-0.00779779814183712	-0.41069161891937256
ENSMUSG00000030613	0.007723793387413025	0.017732324078679085	-0.000603957858402282	0.01723368838429451	-0.021970799192786217	0.011329696513712406	0.009768657386302948	0.25472888350486755	0.0066417730413377285	0.014733577147126198	-0.009251671843230724	-0.015114814974367619	0.011997667141258717	0.01502261683344841	-0.0028494498692452908	0.3315720856189728	0.009278279729187489	0.043500903993844986	0.033810991793870926	0.3756791055202484	-0.007276942953467369	0.3851102590560913
ENSMUSG00000031991	0.020599406212568283	0.011704101227223873	0.005314186215400696	0.01483818981796503	0.008944072760641575	-0.0023188290651887655	-0.002405395731329918	-0.11992452293634415	0.005647286307066679	0.02175046131014824	-0.006097942590713501	0.012400411069393158	0.0032855551689863205	0.010591765865683556	0.007923425175249577	-0.0362175814807415	0.023320889100432396	0.040731292217969894	-0.05934664607048035	-0.17631126940250397	-0.005919660907238722	-0.11815466731786728
ENSMUSG00000109244	0.002227022312581539	-0.02830696664750576	-0.0004631526826415211	0.0012359884567558765	6.819504051236436e-05	-0.0022426925133913755	-0.007756081409752369	-0.10807862877845764	-0.01328030601143837	0.0219813771545887	-0.00042254128493368626	0.007041854318231344	0.003886013524606824	0.008881636895239353	0.002826954238116741	-0.04188765957951546	-0.004007640294730663	-0.02655871957540512	-0.03006899170577526	-0.06699119508266449	-0.008046504110097885	-0.07379686087369919
ENSMUSG00000037188	0.016274550929665565	0.033724572509527206	0.0013073236914351583	0.012893608771264553	-0.015127904713153839	0.0036514527164399624	0.008311232551932335	0.09294599294662476	0.017210088670253754	0.035537101328372955	-0.019385822117328644	-0.00818643532693386	0.005808277055621147	0.012073788791894913	-0.027362467721104622	0.05969660356640816	0.02766285464167595	0.04435522109270096	0.07758520543575287	0.0819072276353836	0.006593130063265562	0.1178489476442337
ENSMUSG00000021214	0.0031228852458298206	0.026082737371325493	-0.003996600396931171	-0.04050232470035553	-0.002772493287920952	-0.0013633058406412601	-0.005372173152863979	-0.11675971746444702	-0.0019006762886419892	0.0456199124455452	0.0029121681582182646	0.010465754196047783	0.0069444566033780575	0.004270167555660009	-0.004113246686756611	-0.11305278539657593	0.0021518850699067116	0.029895389452576637	-0.045095294713974	-0.13487571477890015	-0.007025077939033508	-0.061339858919382095
ENSMUSG00000053251	0.013099742121994495	0.007024718448519707	0.005789092276245356	0.007593931630253792	-0.004440691322088242	0.0065309274941682816	-0.0009615266462787986	-0.014978782273828983	0.01463712565600872	0.012834753841161728	-0.009869934059679508	-0.001384490286000073	0.003622709773480892	0.017268352210521698	-0.006420425605028868	-0.012448437511920929	0.029026485979557037	0.008279670029878616	-0.016695547848939896	0.019897647202014923	-0.004474458284676075	0.06585843861103058
ENSMUSG00000052751	0.006160846445709467	0.011873777955770493	-0.00812543835490942	0.028564710170030594	-0.011355442926287651	0.0013561021769419312	0.03621277958154678	0.2478707879781723	0.013212243095040321	0.008776563219726086	-0.0038432320579886436	-0.03569710999727249	0.012457983568310738	0.010419993661344051	-0.027529461309313774	0.2558545172214508	-0.004079064354300499	0.05700889974832535	0.06917630881071091	0.34152835607528687	0.012642256915569305	0.27525803446769714
ENSMUSG00000030223	0.008402716368436813	0.011704442091286182	0.005519099999219179	0.018273472785949707	-0.009287510067224503	0.0014513226924464107	-0.0028787339106202126	0.12847213447093964	0.0070287068374454975	0.018964175134897232	-0.010613198392093182	-0.022100573405623436	0.0017681494355201721	0.020787399262189865	-0.014853558503091335	0.05621449649333954	0.022261040285229683	0.049898661673069	0.007301192730665207	0.14288535714149475	-0.007366867270320654	0.053980037569999695
ENSMUSG00000030897	0.025396544486284256	0.03573889657855034	0.015393720008432865	0.03016423061490059	-0.006340152118355036	-0.003695741994306445	-0.0023063381668180227	-0.058892663568258286	0.010324127972126007	0.023143121972680092	-0.0017308401875197887	0.0062097348272800446	-0.002781660296022892	0.004803008399903774	0.004461286589503288	-0.08855690062046051	0.04190031439065933	0.04537396505475044	-0.029289143159985542	-0.06837532669305801	-0.007050598971545696	-0.006116765551269054
ENSMUSG00000070923	0.009699445217847824	0.010399715043604374	0.0015409492189064622	0.025175290182232857	-0.017852677032351494	0.005032377317547798	0.020144786685705185	0.20461858808994293	0.017679056152701378	0.011773426085710526	0.010304158553481102	-0.03489629179239273	0.0028474372811615467	0.016956033185124397	-0.01819990947842598	0.2753124535083771	0.007292053196579218	0.04593803733587265	0.0338544026017189	0.1976076066493988	-0.002255466766655445	0.324612021446228
ENSMUSG00000107114	-0.015105250291526318	0.008676907978951931	0.000316423102049157	0.012539803050458431	0.0026783861685544252	-0.0050636036321520805	-0.00647695641964674	-0.07145862281322479	-0.006278581451624632	0.005396530032157898	0.01792633906006813	0.0064294589683413506	0.006388382520526648	0.01166869793087244	0.02816605381667614	-0.040752872824668884	0.039704665541648865	0.027993371710181236	0.017388008534908295	-0.14860934019088745	-0.007713676895946264	-0.12112106382846832
ENSMUSG00000089824	0.0047374386340379715	0.014350817538797855	-0.01052939798682928	0.038812123239040375	-0.02427266165614128	0.0059442888014018536	0.04101429134607315	0.25338807702064514	0.02032281458377838	0.006937885656952858	-0.010343452915549278	-0.0321703776717186	0.024935893714427948	0.0058290185406804085	-0.024466095492243767	0.2989874482154846	-0.004031837452203035	0.07640380412340164	0.07863829284906387	0.5380527973175049	0.007886557839810848	0.44140246510505676
ENSMUSG00000073590	0.012121436186134815	0.029137881472706795	0.0035171264316886663	0.011981526389718056	-0.023319803178310394	0.007464738097041845	0.0044075739569962025	0.15950387716293335	0.017036668956279755	0.017240602523088455	-0.006195461843162775	-0.020142707973718643	0.003810480237007141	0.015990881249308586	-0.004309805575758219	0.25449422001838684	0.017112910747528076	0.052164267748594284	0.018423469737172127	0.23984478414058685	-0.005194381345063448	0.17745083570480347
ENSMUSG00000120395	0.01299099251627922	0.005692716222256422	0.0036946346517652273	0.011566724628210068	-0.014618423767387867	0.005826848093420267	0.008811884559690952	0.00994727574288845	0.02447100356221199	0.030953601002693176	-0.03556875139474869	-0.008349600248038769	0.00401981920003891	0.01709943450987339	-0.03196399658918381	0.04469556733965874	0.025964416563510895	0.0501222088932991	0.05888033285737038	0.2205335795879364	0.00022508203983306885	0.06779555976390839
ENSMUSG00000047674	-0.037946272641420364	-0.011120041832327843	0.0004596911312546581	0.007645612582564354	-0.005105210468173027	-0.007182014174759388	-0.014627223834395409	-0.04324929416179657	0.003995947074145079	0.0029681434389203787	0.012372512370347977	0.0030077528208494186	-0.01400003768503666	0.0005261243786662817	-0.007273536175489426	-0.03982142359018326	0.020460428670048714	0.0008705423679202795	0.021831030026078224	-0.0422833152115345	-0.004846982192248106	-0.02819547802209854
ENSMUSG00000030046	0.023907165974378586	0.014783304184675217	0.011648462153971195	0.024754736572504044	-0.0055395145900547504	-0.003454707795754075	-0.005392298102378845	-0.07498731464147568	0.002347086789086461	0.048166632652282715	-0.005171732511371374	0.0073950886726379395	0.0030536786653101444	0.012631221674382687	0.006878749001771212	-0.04184556007385254	0.024505436420440674	0.02530078962445259	-0.008236377499997616	-0.040903571993112564	-0.0066531444899737835	-0.13801175355911255
ENSMUSG00000067616	0.015481274574995041	0.03398359566926956	0.015198081731796265	0.01003822311758995	-0.01373249664902687	0.0021081988234072924	0.0033294232562184334	0.004218371585011482	0.016041196882724762	0.02567836456000805	-0.01662045158445835	-0.006440207827836275	-0.0011837453348562121	0.015616846270859241	-0.023845434188842773	0.10814870148897171	0.0440303198993206	0.033169254660606384	0.029158566147089005	0.03411836549639702	-0.0024148840457201004	-0.03116891160607338
ENSMUSG00000032850	0.011156096123158932	0.023781752213835716	0.0005307032261043787	0.013226061128079891	-0.018769146874547005	0.00688873091712594	0.008139034733176231	0.2597699761390686	0.015340957790613174	0.0151377497240901	-0.014180037193000317	-0.028887959197163582	0.008172030560672283	0.015467354096472263	-0.02727063000202179	0.3114289939403534	0.01665286347270012	0.05568739026784897	0.03197198733687401	0.20054908096790314	-0.0077768051996827126	0.33005207777023315
ENSMUSG00000025537	0.02848171442747116	0.025063956156373024	0.0041949562728405	0.022734925150871277	-0.012484309263527393	-0.0045440588146448135	0.0014502558624371886	-0.0387980118393898	0.011778358370065689	0.03570415824651718	-0.01892092265188694	0.0018550909589976072	0.009801059029996395	0.010320347733795643	0.003056109882891178	-0.07773992419242859	0.03553677722811699	0.030962813645601273	0.10719575732946396	0.1273099184036255	-0.0009097547736018896	0.031729843467473984
ENSMUSG00000023460	0.011852454394102097	0.02610999159514904	0.001196744735352695	0.015247995965182781	-0.02129688672721386	0.007368912920355797	0.00851444061845541	0.20817360281944275	0.017258748412132263	0.017718860879540443	-0.02132529206573963	-0.026107771322131157	0.007651165127754211	0.01750887930393219	-0.029479466378688812	0.21161670982837677	0.02252337522804737	0.05939338728785515	0.04826037585735321	0.11688685417175293	-0.00392624968662858	0.20960944890975952
ENSMUSG00000026806	0.009800157509744167	0.02305816113948822	-0.001611913787201047	0.03099851869046688	-0.017033614218235016	0.002973614726215601	0.0046361819840967655	0.32548630237579346	0.015753958374261856	0.010260342620313168	-0.011180927976965904	-0.017635395750403404	0.010265066288411617	0.012154004536569118	-0.01992153562605381	0.3375389575958252	0.002133018337190151	0.0747210681438446	0.022827479988336563	0.42720118165016174	-0.008402977138757706	0.47096043825149536
ENSMUSG00000051160	-0.00140897196251899	0.017156356945633888	-0.004902595188468695	0.0006898643914610147	-0.0030540188308805227	-0.003130004508420825	-0.008103382773697376	-0.07823394238948822	-0.0036708093248307705	0.016103914007544518	-0.0009251426090486348	0.007740350905805826	0.0021097147837281227	0.01695861481130123	-0.0013118195347487926	-0.07009389996528625	-0.002983884885907173	0.005451211240142584	-0.028416523709893227	-0.15958961844444275	-0.00645807757973671	-0.037442274391651154
ENSMUSG00000110489	0.018918249756097794	0.03317471221089363	0.009607629850506783	0.014042631722986698	-0.01225532777607441	0.0019555732142180204	0.01002848893404007	0.0007340125739574432	0.018643897026777267	0.024258151650428772	-0.01212560199201107	-0.010162349790334702	0.001066995202563703	0.018891332671046257	-0.017288506031036377	0.030268602073192596	0.029083549976348877	0.042180463671684265	0.0845695212483406	0.20520707964897156	0.0046861302107572556	0.0693640485405922
ENSMUSG00000036693	0.009068062528967857	0.01614684984087944	-0.00636264868080616	0.028783315792679787	-0.025653906166553497	0.012873241677880287	0.010467383079230785	0.2901742458343506	0.021233925595879555	0.016081413254141808	-0.005082053132355213	-0.023031841963529587	0.018671615049242973	0.0085847033187747	-0.01988399587571621	0.33099204301834106	-0.0009195522870868444	0.06981095671653748	0.07165814191102982	0.4477500021457672	-0.00433220574632287	0.4029543995857239
ENSMUSG00000039637	0.012725429609417915	0.030667021870613098	0.005455555394291878	0.01141432672739029	-0.015421483665704727	0.00454418221488595	0.013697190210223198	0.13576652109622955	0.017983200028538704	0.023796146735548973	-0.01470042485743761	-0.010072404518723488	0.008757947944104671	0.014402139000594616	-0.028608271852135658	0.028545930981636047	0.021089673042297363	0.06213579326868057	0.03187999501824379	0.4208853244781494	-0.002388940192759037	0.13257920742034912
ENSMUSG00000109248	0.03039914183318615	0.01744011417031288	0.008253347128629684	-0.007117809262126684	-0.009140072390437126	-0.0047071995213627815	-0.0033425712026655674	-0.087197445333004	0.0023623621091246605	0.03785238415002823	-0.009419525042176247	0.009213443845510483	0.005438876338303089	0.007052081637084484	0.01818276382982731	-0.10959222912788391	0.03315787762403488	0.004547944758087397	0.008032139390707016	-0.02566131204366684	-0.01349509134888649	-0.03269954025745392
ENSMUSG00000055109	-0.005905243568122387	0.004964917898178101	-0.002909083152189851	-0.005112075712531805	0.01284029334783554	-0.00782161857932806	-0.016068702563643456	0.1097806841135025	-0.019660644233226776	-0.0039384569972753525	0.01037526410073042	-0.0100229037925601	-0.011018309742212296	0.013399727642536163	0.008267855271697044	0.1279311329126358	0.002984557533636689	0.022873027250170708	-0.06294811517000198	0.03989745303988457	-0.008273215033113956	-0.02894911728799343
ENSMUSG00000098024	0.00606907345354557	0.017519693821668625	-0.009817995131015778	0.048561159521341324	-0.022687606513500214	0.007124228402972221	0.02763604000210762	0.2805793285369873	0.024111049249768257	0.003991206642240286	-0.003776951227337122	-0.01629093661904335	0.006956429686397314	0.005442813504487276	-0.009370554238557816	0.2879464626312256	-0.015062361024320126	0.08336789906024933	0.06097707897424698	0.5235922336578369	0.008849039673805237	0.4938149154186249
ENSMUSG00000020003	0.009689219295978546	-0.1215655729174614	-0.0030172569677233696	-0.13113908469676971	0.001008370192721486	0.051059573888778687	-0.0076900664716959	-0.19244028627872467	-0.00259714899584651	-0.25669869780540466	0.0013308173511177301	-0.027387378737330437	0.006116831209510565	-0.09521051496267319	0.011882095597684383	-0.15369534492492676	0.008569822646677494	-0.21004760265350342	-0.03212393820285797	-0.7321967482566833	-0.011243719607591629	-0.4794914722442627
ENSMUSG00000100204	0.009589694440364838	0.04815966263413429	0.0016485201194882393	0.014913536608219147	0.0005540007841773331	-0.004935164470225573	-0.014614894054830074	-0.0719628632068634	0.018523555248975754	0.013509947806596756	0.0031672180630266666	0.004625295754522085	-0.0020050792954862118	-0.00251544127240777	0.11792603135108948	-0.011270012706518173	0.00684298574924469	0.00500298198312521	-0.05114206671714783	-0.13229160010814667	-0.007502932567149401	-0.07120020687580109
ENSMUSG00000036292	0.009596231393516064	0.03349967673420906	0.005456996615976095	-0.009910836815834045	-0.016776932403445244	0.008143198676407337	0.002841157838702202	0.0959278866648674	0.013499232940375805	0.023215508088469505	-0.013677503913640976	-0.02237481065094471	0.0020039675291627645	0.011664829216897488	-0.018876634538173676	0.16634751856327057	0.023269161581993103	0.05813031271100044	0.0019137081690132618	0.1055026426911354	-0.004588510375469923	0.10515284538269043
ENSMUSG00000018189	0.0035557476803660393	0.007661661133170128	-0.0007820611353963614	0.03163251280784607	-0.027076754719018936	0.005867203697562218	0.017067840322852135	0.3256494998931885	0.008273357525467873	0.010167649015784264	-0.0051631624810397625	-0.03013242408633232	0.017260966822504997	0.011924457736313343	-0.012413251213729382	0.35053810477256775	0.0021145495120435953	0.08123511075973511	0.048427168279886246	0.43801650404930115	-0.005480452906340361	0.44030624628067017
ENSMUSG00000040485	0.024159343913197517	0.02515435218811035	0.01289441715925932	0.029147792607545853	-0.007245377171784639	-0.004933377727866173	-0.0011171998921781778	-0.04321598634123802	0.011039269156754017	0.046492066234350204	-0.015489096753299236	0.008108112029731274	0.00022257216915022582	0.01812593638896942	-0.004974205978214741	0.004485951736569405	0.04048074781894684	0.04734302684664726	0.001503717852756381	-0.020536363124847412	-0.004438010975718498	-0.08270087838172913
ENSMUSG00000062070	0.0018061230657622218	0.018048884347081184	0.003454636549577117	0.041482146829366684	-0.006799367722123861	0.007622356992214918	0.04785909503698349	0.24723953008651733	0.002371789887547493	0.008557554334402084	-0.0003757791710086167	-0.02161552757024765	0.013490111567080021	0.005756637081503868	-0.01847102679312229	0.2623538076877594	0.0049363551661372185	0.09954666346311569	0.07112792134284973	0.5888687372207642	0.00043309235479682684	0.28187811374664307
ENSMUSG00000097183	0.008549096994102001	0.011167487129569054	-0.00021673804440069944	0.023131156340241432	-0.014174270443618298	0.005427067168056965	0.0195600688457489	0.20154467225074768	0.014394846744835377	0.011512929573655128	-0.009134119376540184	-0.01662132330238819	0.01354989130049944	0.012439454905688763	-0.014680612832307816	0.22157268226146698	0.007711689919233322	0.051023904234170914	0.031125014647841454	0.37758007645606995	-0.00122730468865484	0.28166520595550537
ENSMUSG00000099638	-0.10803068429231644	-0.22050966322422028	-0.026485972106456757	-0.05192337557673454	-0.0328693650662899	-0.07932398468255997	0.025736751034855843	-0.1055631935596466	-0.04727441817522049	-0.22943781316280365	-0.01883648708462715	-0.014530365355312824	-0.013789267279207706	-0.02652907930314541	0.04801816865801811	-0.24066951870918274	-0.16050326824188232	-0.27358344197273254	0.2254774421453476	-0.6104251742362976	-0.00779779814183712	-0.41069161891937256
ENSMUSG00000062175	0.005307620391249657	0.016828512772917747	-0.013358487747609615	0.025437690317630768	-0.014363693073391914	0.007305379956960678	0.04565909504890442	0.26909056305885315	0.025485415011644363	0.007162666413933039	-0.010029848664999008	-0.023286810144782066	0.025813216343522072	0.0051208012737333775	-0.03695003688335419	0.2440619021654129	-0.018309682607650757	0.06604619324207306	0.07061923295259476	0.5188114643096924	0.018175652250647545	0.43951189517974854
ENSMUSG00000072772	0.0024992316029965878	0.023550227284431458	-0.010470517911016941	0.024516988545656204	-0.012007974088191986	0.014743179082870483	0.06822118163108826	0.18886061012744904	0.04088427871465683	0.012089171446859837	-0.0024790018796920776	-0.01998627372086048	0.027824943885207176	3.4819822758436203e-06	-0.017322085797786713	0.2696787714958191	-0.0181293748319149	0.07418061047792435	0.05235627666115761	0.6149826049804688	0.03159637376666069	0.28829896450042725
ENSMUSG00000087602	0.0013593999901786447	-0.010943599976599216	-0.0014775635208934546	0.007393478881567717	-0.007500380743294954	-0.005837415345013142	-0.010026777163147926	-0.08846530318260193	0.002326749498024583	0.0025858418084681034	-0.006886459421366453	0.008668597787618637	0.00914064422249794	0.002796743530780077	-0.0023303173948079348	-0.04601709544658661	-0.007059967610985041	0.013681487180292606	-0.033502377569675446	-0.08744924515485764	-0.007567192893475294	-0.07788442075252533
ENSMUSG00000108651	0.008493628352880478	0.022902347147464752	0.0004553284961730242	0.02813570946455002	-0.0003744781424757093	-0.0016805721679702401	-0.006499654147773981	-0.08080717921257019	0.0015113851986825466	0.03142379969358444	-0.002594907535240054	0.011692452244460583	0.0018317862413823605	0.004778290633112192	0.0005049099563620985	-0.024958541616797447	0.022099880501627922	0.03336082771420479	-0.04209123179316521	-0.1437787115573883	-0.007109629921615124	-0.10091330856084824
ENSMUSG00000109666	0.0026653853710740805	0.004822562448680401	-0.005147972609847784	-0.123241126537323	0.0009880989091470838	-0.002791379112750292	-0.00030033604707568884	-0.07569026201963425	-0.0035401510540395975	0.011538751423358917	-0.0003117608721368015	0.011130282655358315	0.003969659097492695	-0.00256891967728734	-0.0019974142778664827	-0.17398300766944885	0.0053352294489741325	0.005351548083126545	-0.026108352467417717	-0.14645850658416748	-0.006875144317746162	-0.05985044315457344
ENSMUSG00000039456	0.006518295034766197	0.019003061577677727	-0.0075419326312839985	0.03539847210049629	-0.02146744728088379	0.01337501686066389	0.026944322511553764	0.2588063180446625	0.02455497346818447	0.011115197092294693	-0.005934219807386398	-0.021896328777074814	0.025241050869226456	0.004196444991976023	-0.034991610795259476	0.2663278579711914	-0.014127233996987343	0.07102283835411072	0.04890746250748634	0.5928052067756653	0.0018984475173056126	0.442865252494812
ENSMUSG00000108806	0.004952099174261093	0.013139371760189533	-0.010376740247011185	0.026919085532426834	-0.020408308133482933	0.001941869268193841	0.045548468828201294	0.2628035843372345	0.028773395344614983	0.006703768856823444	-0.010683923959732056	-0.033255863934755325	0.016684137284755707	0.008789525367319584	-0.03272445127367973	0.2635565996170044	0.004971032030880451	0.07167091220617294	0.11519026756286621	0.3920636773109436	0.02060607820749283	0.33593910932540894
ENSMUSG00000113012	0.015623564831912518	0.007812895812094212	-0.0021940397564321756	-0.002480176044628024	0.0005748172989115119	-0.0031105971429497004	-0.004017656669020653	-0.046748656779527664	-0.006948907859623432	0.028575439006090164	-0.019977660849690437	0.009504098445177078	0.01998596452176571	3.852131703752093e-05	-0.0032912581227719784	-0.04992527887225151	0.029330037534236908	0.05114917457103729	0.05976828932762146	-0.052941709756851196	0.012575962580740452	-0.06240231543779373
ENSMUSG00000063409	0.02441144734621048	0.042636219412088394	0.007835380733013153	0.022107096388936043	-0.0027406192384660244	-0.0026374098379164934	0.00483230035752058	-0.033476442098617554	0.010208789259195328	0.042303670197725296	-0.00946093164384365	0.013853752985596657	-0.00019957323092967272	0.003312889952212572	-0.00890292041003704	-0.029541319236159325	0.04039665684103966	0.03112836554646492	-0.0043423674069345	-0.011259726248681545	-0.0006213528104126453	-0.014994671568274498
ENSMUSG00000025592	-0.010629260912537575	-0.01508802454918623	0.0006231534644030035	-0.006904997862875462	0.019418198615312576	-0.0029502769466489553	-0.01787254400551319	0.19436495006084442	-0.025900548323988914	0.001544445869512856	0.010774986818432808	-0.02042490430176258	-0.01784893125295639	0.015117020346224308	0.013427198864519596	0.3239528238773346	0.005339749623090029	0.00916795153170824	-0.06500468403100967	0.06461090594530106	-0.003948853816837072	0.02830871194601059
ENSMUSG00000028568	0.003876542439684272	0.015234865248203278	-0.005705580580979586	0.04629696533083916	-0.02136925235390663	0.013524272479116917	0.019759703427553177	0.27836668491363525	0.01459943875670433	0.012284130789339542	0.0018451310461387038	-0.012906691059470177	0.01732533425092697	0.001583242672495544	-0.01041119359433651	0.28581947088241577	-0.0133886206895113	0.09585506469011307	0.04596812650561333	0.6388906836509705	0.0015508322976529598	0.41964173316955566
ENSMUSG00000014074	0.007591437082737684	0.028935682028532028	-0.004712545778602362	0.027591636404395103	-0.024522872641682625	0.010300478897988796	0.016949286684393883	0.22691017389297485	0.022552914917469025	0.01450310554355383	-0.010529439896345139	-0.021276680752635002	0.02069816179573536	0.008541401475667953	-0.025029372423887253	0.28773173689842224	-0.0005769122508354485	0.043963316828012466	0.06324547529220581	0.496582955121994	0.0019262924324721098	0.3573751747608185
ENSMUSG00000037660	0.01634913496673107	0.02831457182765007	0.0018504351610317826	0.01684550940990448	-0.013995115645229816	-0.0016474733129143715	-0.005239722318947315	0.10292292386293411	0.007775200065225363	0.025248032063245773	-0.03568187355995178	-0.015126194804906845	-0.0012133474228903651	0.018671728670597076	-0.04696916416287422	0.09517925977706909	0.03424657881259918	0.04011741653084755	0.005813979543745518	0.08878803253173828	0.0007716284017078578	0.06184060126543045
ENSMUSG00000040424	0.028345057740807533	0.030475130304694176	0.010728158988058567	0.0007012963178567588	-0.009011060930788517	-0.0024102190509438515	0.0018755916971713305	-0.010602110996842384	0.011472083628177643	0.03124154731631279	-0.018638843670487404	0.007718901615589857	0.005163961090147495	0.012027664110064507	-0.002231807680800557	-0.07480384409427643	0.038511041551828384	0.038300879299640656	0.06984089314937592	0.09609781950712204	-0.0013197497464716434	-0.012953327037394047
ENSMUSG00000025647	0.010258805006742477	0.01499850396066904	-0.0010934401070699096	0.01705661229789257	-0.015540662221610546	0.00431514298543334	0.01486435066908598	0.20966902375221252	0.01280380692332983	0.016097037121653557	-0.0164999607950449	-0.024314777925610542	0.007493368349969387	0.014919335022568703	-0.027284050360322	0.29323503375053406	0.01268240436911583	0.0554664246737957	0.05629729852080345	0.26943644881248474	-0.003532449947670102	0.21195045113563538
ENSMUSG00000041936	-0.035095345228910446	-0.1686689257621765	0.004133689682930708	-0.10811077058315277	0.009745895862579346	0.009746614843606949	0.009709370322525501	-0.14541198313236237	-0.006037750281393528	-0.27573585510253906	0.002891941461712122	-0.03714333847165108	-0.015086080878973007	-0.07770422846078873	-0.012585286051034927	-0.14851708710193634	-0.02278045378625393	-0.24372310936450958	-0.01598125696182251	-0.6703643798828125	0.021009035408496857	-0.4456563889980316
ENSMUSG00000107103	-0.0005169697105884552	0.040516652166843414	0.01388199906796217	0.022869056090712547	-0.017489878460764885	-0.003107889788225293	-0.005251268856227398	-0.08086077868938446	-0.00016031705308705568	0.0369156152009964	-0.006868013180792332	0.006128208711743355	0.001070590689778328	0.015982942655682564	-0.00021271558944135904	0.0011650926899164915	0.025978881865739822	-0.016774071380496025	0.0180230513215065	0.002342128660529852	-0.007806973531842232	-0.013579127378761768
ENSMUSG00000115322	-0.011348309926688671	0.016420111060142517	-0.0055428314954042435	0.017074981704354286	0.0065612224861979485	-0.003008537692949176	-0.008669541217386723	-0.07866683602333069	-0.006772818975150585	0.008978738449513912	0.007101742550730705	0.00886374432593584	-0.0018571673426777124	-0.016100404784083366	0.0014819864882156253	-0.08893118798732758	0.009488817304372787	0.02014688029885292	-0.03249149024486542	-0.12055864185094833	-0.008360705338418484	-0.0863417237997055
ENSMUSG00000074673	0.011947461403906345	0.011390261352062225	0.012035524472594261	0.011584852822124958	-0.007976380176842213	0.002448547398671508	-0.0031591870356351137	0.05047689378261566	0.014807048253715038	0.032290805131196976	-0.009658404625952244	-0.007955895736813545	-0.00010219582327408716	0.02071143127977848	-0.01819031871855259	0.052278243005275726	0.03551429882645607	0.05709757283329964	-0.005409709643572569	0.115904301404953	-0.006109000649303198	0.10167292505502701
ENSMUSG00000034040	0.009550468996167183	0.02518348954617977	0.0045461286790668964	0.01798154227435589	-0.008241644129157066	-0.003073375206440687	-0.0014189024223014712	0.09804534167051315	0.008556989021599293	0.016811765730381012	-0.012559636496007442	-0.01750144176185131	0.0016609238227829337	0.015503661707043648	-0.017627494409680367	0.0720357894897461	0.021832957863807678	0.02293168008327484	-0.022590724751353264	0.0256061889231205	-0.006853809580206871	0.09569753706455231
ENSMUSG00000015340	-0.004232104867696762	-0.06713084876537323	-0.01061723567545414	-0.0252328272908926	0.0050797415897250175	-0.003793830517679453	-0.011120096780359745	-0.11469034105539322	-0.010449140332639217	0.01284748874604702	0.00539453374221921	0.007987376302480698	-0.013250976800918579	-0.013476904481649399	-0.006990722380578518	-0.12334898859262466	-0.023648031055927277	-0.007924948818981647	-0.034185077995061874	0.009458508342504501	-0.005089027341455221	-0.08733031898736954
ENSMUSG00000102439	0.009658750146627426	0.01229585986584425	0.013194981962442398	-0.0031565013341605663	0.0017649732762947679	-0.00388615345582366	-0.004710943903774023	-0.03462740778923035	-0.006317727733403444	0.017557568848133087	0.003292696550488472	0.010580845177173615	-0.0013530530268326402	0.006707694381475449	0.0008658787701278925	-0.09000665694475174	0.05160750448703766	-0.004319834057241678	-0.05559506267309189	-0.022252123802900314	-0.00974678248167038	-0.0851777046918869
ENSMUSG00000024563	0.008217948488891125	0.019252145662903786	-0.0005634896224364638	0.03334866464138031	-0.02637624554336071	0.001477159559726715	0.014225201681256294	0.25587981939315796	0.01685577817261219	0.007923852652311325	-0.01235177181661129	-0.024120867252349854	0.017625052481889725	0.013750497251749039	-0.02134939655661583	0.33203229308128357	0.007205077912658453	0.07971256226301193	0.034878894686698914	0.3796994686126709	-0.006953092757612467	0.36397841572761536
ENSMUSG00000028327	0.023172814399003983	0.02124405838549137	0.0097701046615839	0.027410024777054787	-0.0032104274723678827	0.0032757192384451628	0.0003085773787461221	-0.021392006427049637	0.012361876666545868	0.060725972056388855	-0.006966413930058479	0.0004041857609990984	0.0019550726283341646	0.008707892149686813	-0.0067209466360509396	-0.051011186093091965	0.03831570968031883	0.05865216255187988	-0.009025845676660538	-0.05677182972431183	-0.0021376446820795536	-0.009422390721738338
ENSMUSG00000037995	0.008498761802911758	0.020524848252534866	-0.0023810616694390774	0.024337928742170334	-0.009536294266581535	0.0056250374764204025	0.01975894160568714	0.197803795337677	0.019350985065102577	0.012772046029567719	-0.007773097604513168	-0.02838127873837948	0.011700012721121311	0.012805372476577759	-0.025508640334010124	0.251900851726532	0.006510722450911999	0.06387356668710709	0.04910949245095253	0.39983195066452026	-0.0009043407626450062	0.2815490663051605
ENSMUSG00000035530	-0.006865633651614189	0.008421405218541622	3.7481031540664844e-06	0.041254304349422455	-0.01734962873160839	0.00375939067453146	0.14563201367855072	0.20119519531726837	0.0491100437939167	0.0024751366581767797	-0.006965233478695154	-0.022779976949095726	0.05136919394135475	0.0007129397708922625	-0.04427177831530571	0.19645628333091736	0.0013417472364380956	0.09155115485191345	0.08269837498664856	0.5892762541770935	0.1309925615787506	0.5415167808532715
ENSMUSG00000031862	0.008915266953408718	0.027819491922855377	-0.008277283050119877	0.024650555104017258	-0.01946914941072464	0.00660781841725111	0.015466596931219101	0.2825205326080322	0.02020042948424816	0.013675102964043617	-0.006419085897505283	-0.019333893433213234	0.013917616568505764	0.005959276109933853	-0.027066782116889954	0.31682074069976807	-0.007738733664155006	0.07990959286689758	0.06388188898563385	0.462138831615448	-0.0031818405259400606	0.4504236578941345
ENSMUSG00000069670	0.002244484145194292	0.009556135162711143	-0.0008350270800292492	0.00927076768130064	-0.013961231335997581	0.0035395079758018255	-0.006060174200683832	0.21909262239933014	-0.0025666761212050915	0.01291801780462265	-0.005462839733809233	-0.029752809554338455	-0.002315843477845192	0.020125312730669975	-0.0014518125681206584	0.3397873640060425	0.011256352998316288	0.04876687005162239	-0.03434025123715401	0.25691646337509155	-0.007477536331862211	0.21340124309062958
ENSMUSG00000083618	0.03171353414654732	0.0319664366543293	0.004770202562212944	0.012926990166306496	-0.006066377740353346	0.00596247985959053	0.010832240805029869	-0.02674633078277111	0.007600200828164816	0.030164267867803574	-0.015014637261629105	0.010968008078634739	-0.0006879403372295201	0.0017957758391276002	0.007353066932410002	-0.026378322392702103	0.05589425936341286	0.037452828139066696	-0.008869691751897335	0.03245650231838226	0.0005289827822707593	0.03510104864835739
ENSMUSG00000099532	-0.10803068429231644	-0.22050966322422028	-0.026485972106456757	-0.05192337557673454	-0.0328693650662899	-0.07932398468255997	0.025736751034855843	-0.1055631935596466	-0.04727441817522049	-0.22943781316280365	-0.01883648708462715	-0.014530365355312824	-0.013789267279207706	-0.02652907930314541	0.04801816865801811	-0.24066951870918274	-0.16050326824188232	-0.27358344197273254	0.2254774421453476	-0.6104251742362976	-0.00779779814183712	-0.41069161891937256
ENSMUSG00000024392	0.008394747041165829	0.018722258508205414	-0.013869267888367176	0.02910432033240795	-0.015475691296160221	0.011873786337673664	0.02791013941168785	0.2775578796863556	0.024378204718232155	0.011628320440649986	-0.0010615494102239609	-0.017788928002119064	0.02135438658297062	0.0035878890193998814	-0.028410542756319046	0.2787477672100067	-0.018266307190060616	0.07688751816749573	0.05502244085073471	0.4963921308517456	0.003017358249053359	0.5309389233589172
ENSMUSG00000114354	0.00837593525648117	0.021556923165917397	-0.0019223552662879229	0.025093145668506622	-0.015052740462124348	0.011039487086236477	0.011153552681207657	0.25358468294143677	0.013632936403155327	0.009735751897096634	-0.0059529803693294525	-0.024314429610967636	0.00657300092279911	0.013548319227993488	-0.013009426183998585	0.31046637892723083	0.0056175412610173225	0.07468276470899582	0.05837567150592804	0.3633432388305664	-0.006628959905356169	0.4018595218658447
ENSMUSG00000100887	-0.10803068429231644	-0.22050966322422028	-0.026485972106456757	-0.05192337557673454	-0.0328693650662899	-0.07932398468255997	0.025736751034855843	-0.1055631935596466	-0.04727441817522049	-0.22943781316280365	-0.01883648708462715	-0.014530365355312824	-0.013789267279207706	-0.02652907930314541	0.04801816865801811	-0.24066951870918274	-0.16050326824188232	-0.27358344197273254	0.2254774421453476	-0.6104251742362976	-0.00779779814183712	-0.41069161891937256
ENSMUSG00000030433	0.017805209383368492	0.03549163043498993	0.009889202192425728	0.02911103330552578	-0.004562972113490105	0.005677620880305767	0.004089805297553539	-0.03504296392202377	0.017512964084744453	0.04175424948334694	-0.0111756706610322	-0.0023707360960543156	0.003404419170692563	0.02072734758257866	-0.01625589281320572	0.038235150277614594	0.03842299059033394	0.04836881533265114	0.03801199048757553	0.07483633607625961	-0.0020372015424072742	0.09841738641262054
ENSMUSG00000028443	0.009896205738186836	0.01524235587567091	-0.0035721210297197104	0.02083643712103367	-0.020726896822452545	0.00622215261682868	0.014063067734241486	0.2819448709487915	0.02076416090130806	0.010726779699325562	-0.01575891301035881	-0.016466956585645676	0.014082133769989014	0.012341090478003025	-0.022199714556336403	0.2963551878929138	0.004529332742094994	0.06907353550195694	0.037025753408670425	0.38531288504600525	-0.00670752115547657	0.4124583899974823
ENSMUSG00000021850	-0.0020109089091420174	-0.006582743022590876	0.00035870770807377994	0.016831381246447563	0.0044892230071127415	0.007941517978906631	-0.008336707018315792	-0.04421029984951019	-0.006024432834237814	0.019161749631166458	0.005184050649404526	0.007177503313869238	-0.006036379374563694	-0.015600195154547691	0.005301081575453281	-0.147906094789505	0.00045257300371304154	-0.014132047072052956	-0.024574000388383865	-0.12143049389123917	-0.011921779252588749	-0.0472351610660553
ENSMUSG00000040694	0.014225580729544163	-7.791950338287279e-05	0.001572399865835905	0.014180301688611507	-0.011459368281066418	0.007350362371653318	0.01359521970152855	0.05581575259566307	0.012059918604791164	0.02060358040034771	-0.007414628751575947	-0.021342236548662186	0.015895774587988853	0.014347034506499767	-0.026946857571601868	0.08309126645326614	0.015340864658355713	0.0371813029050827	0.09644735604524612	0.3399682939052582	0.005990796722471714	0.08937287330627441
ENSMUSG00000002459	0.02206745184957981	0.03951844573020935	0.008054325357079506	0.017463160678744316	-0.008246667683124542	-0.001397209009155631	0.0004525696858763695	-0.06096271425485611	0.009292922914028168	0.03405260294675827	-0.009269384667277336	0.012672304175794125	0.003057311289012432	0.011310260742902756	3.263396138208918e-05	-0.05990927293896675	0.03297633305191994	0.029441894963383675	-0.0030116417910903692	0.016108309850096703	-0.008787297643721104	-0.030292537063360214
ENSMUSG00000023571	0.016553111374378204	0.03275059536099434	0.011042130179703236	0.017755595967173576	-0.0003812788927461952	0.0034001509193331003	0.005593837704509497	0.07471403479576111	0.009080798365175724	0.023125095292925835	-0.02159387804567814	-0.00986451655626297	-0.003454785095527768	0.015737028792500496	-0.024204201996326447	0.12710963189601898	0.03212452307343483	0.038188327103853226	0.011389458552002907	0.2103087306022644	-0.004630318842828274	0.11637531220912933
ENSMUSG00000104469	0.01738276518881321	0.05495023727416992	-0.010079639963805676	0.018381953239440918	-0.00866616889834404	0.0010864046635106206	-0.007732968777418137	-0.06506150215864182	-0.012668674811720848	0.054241109639406204	-0.006215621717274189	-0.001060854527167976	-0.00424586096778512	0.0010547913843765855	-0.004254525527358055	-0.02847430296242237	0.012709124013781548	0.015960292890667915	0.0016247532330453396	-0.00958265084773302	-0.0007214855868369341	0.0014669555239379406
ENSMUSG00000005220	0.009143576957285404	0.03108632005751133	0.004370693117380142	0.01341303251683712	-0.01531107909977436	-0.0004882958601228893	-0.005531106609851122	0.13259047269821167	0.010180813260376453	0.0177251435816288	-0.013343588449060917	-0.020789936184883118	0.001712946454063058	0.018189193680882454	-0.017095506191253662	0.17015069723129272	0.01914346031844616	0.01936572976410389	-0.01725352369248867	0.08828259259462357	-0.0061869327910244465	0.06280094385147095
ENSMUSG00000094985	0.006644308101385832	0.03285170719027519	0.0013456718297675252	0.011863513849675655	-0.011174053885042667	0.006617293227463961	-0.010551817715168	0.01770152896642685	0.006697801407426596	0.02445918135344982	-0.010125190019607544	0.0010662307031452656	0.002616492798551917	0.016502371057868004	-0.013961421325802803	0.14868822693824768	0.0177721306681633	0.04258225858211517	-0.017131373286247253	-0.06049942970275879	-0.003288326319307089	0.06668548285961151
ENSMUSG00000032093	0.013151658698916435	0.033537909388542175	0.009851903654634953	0.018320729956030846	-0.005781286396086216	0.0035370416007936	-0.005689006298780441	0.03517734631896019	0.018182046711444855	0.02850165404379368	-0.012393108569085598	-0.004528502933681011	-0.0014101281994953752	0.019580615684390068	-0.02421506494283676	0.13677753508090973	0.036844585090875626	0.0405321829020977	-0.010690492577850819	0.0231150034815073	-0.0038813319988548756	-0.036716438829898834
ENSMUSG00000032202	4.2889769247267395e-05	0.019461318850517273	0.001210778602398932	0.023395495489239693	0.010122391395270824	0.005133942235261202	0.018837179988622665	0.1832369565963745	-0.010260764509439468	0.01304296962916851	-0.0033245959784835577	-0.019486064091324806	3.7643214454874396e-05	0.015431536361575127	-0.016798172146081924	0.15173833072185516	0.0095713771879673	0.0571550689637661	0.02049490623176098	0.2698858082294464	-0.006997333839535713	0.2528976500034332
ENSMUSG00000059832	0.014874390326440334	0.0031385498587042093	0.005858913064002991	0.02210056222975254	-0.006581781432032585	0.0007826840155757964	0.0015862114960327744	-0.06329064071178436	0.015831515192985535	0.0463145449757576	-0.006137383170425892	0.010654452256858349	-0.000506419048178941	0.0009589634137228131	-0.0008970007766038179	-0.038520392030477524	0.03730363771319389	0.019664810970425606	-0.024938838556408882	-0.06276478618383408	-0.00837116502225399	-0.09613261371850967
ENSMUSG00000059334	-0.0008546666940674186	0.0006792470812797546	-0.0016942755319178104	-0.011374693363904953	-0.002706491854041815	-0.0034187210258096457	0.005879000294953585	0.01729379966855049	-0.039434339851140976	-0.006247499026358128	0.013768297620117664	-0.0026647737249732018	0.02190115675330162	0.012250449508428574	-0.0410933643579483	-0.0010702734580263495	0.010863215662539005	0.024451009929180145	0.054033294320106506	0.09952238947153091	-0.02564074844121933	-0.07040407508611679
ENSMUSG00000027950	0.013678883202373981	0.03031088598072529	0.00900646485388279	0.010640944354236126	-0.01796230487525463	0.0027827443554997444	0.003319705370813608	0.05419938638806343	0.019549811258912086	0.02476605400443077	-0.012917236424982548	-0.012695248238742352	0.005796979181468487	0.0168268084526062	-0.02577747404575348	0.1715872585773468	0.029912158846855164	0.06447497010231018	0.05351342633366585	0.1530601978302002	-0.004363341256976128	0.12278860807418823
ENSMUSG00000020456	0.010057407431304455	0.020792381837964058	-0.002045671921223402	0.02581648901104927	-0.021089382469654083	0.0129456901922822	0.006108173634856939	0.23348009586334229	0.019662875682115555	0.015265745110809803	-0.010791522450745106	-0.016913380473852158	0.016505664214491844	0.011781989596784115	-0.025557421147823334	0.29514268040657043	0.002620407845824957	0.06695415824651718	0.03425310179591179	0.4736161530017853	-0.006521893199533224	0.4229067265987396
ENSMUSG00000095462	-0.10803068429231644	-0.22050966322422028	-0.026485972106456757	-0.05192337557673454	-0.0328693650662899	-0.07932398468255997	0.025736751034855843	-0.1055631935596466	-0.04727441817522049	-0.22943781316280365	-0.01883648708462715	-0.014530365355312824	-0.013789267279207706	-0.02652907930314541	0.04801816865801811	-0.24066951870918274	-0.16050326824188232	-0.27358344197273254	0.2254774421453476	-0.6104251742362976	-0.00779779814183712	-0.41069161891937256
ENSMUSG00000102085	0.008855793625116348	0.03045009821653366	0.0018670419231057167	-0.025446468964219093	-0.0021796436049044132	-0.0036049294285476208	-0.009253134950995445	-0.11521653085947037	0.004148892126977444	0.03989941626787186	-0.003407528391107917	0.01202696468681097	-0.00166042847558856	0.011982099153101444	-0.00423172302544117	0.01154701504856348	0.019107993692159653	0.01639757677912712	-0.049194127321243286	-0.1066918671131134	-0.006383548490703106	-0.0860714316368103
ENSMUSG00000021635	0.00930708460509777	0.020111193880438805	-0.004133290611207485	0.035715699195861816	-0.022547636181116104	0.005066620651632547	0.0021954739931970835	0.29195794463157654	0.013535170815885067	0.012283415533602238	-0.0053268494084477425	-0.017032263800501823	0.01999928057193756	0.009973159059882164	-0.011578320525586605	0.32923758029937744	-0.002495014574378729	0.08181833475828171	0.038999028503894806	0.4680330157279968	-0.007070255931466818	0.6222891807556152
ENSMUSG00000085174	0.013483965769410133	0.03755282610654831	0.008619239553809166	0.012876125983893871	-0.005321060307323933	0.0017800781643018126	0.006310972385108471	0.015209590084850788	0.010820015333592892	0.025449702516198158	-0.020117642357945442	-0.008317457512021065	0.003888151841238141	0.0178120955824852	-0.025765826925635338	0.003873573150485754	0.028989167883992195	0.05064379796385765	0.10125748813152313	0.20550945401191711	0.013123814016580582	0.041602492332458496
ENSMUSG00000019173	0.010076861828565598	0.018521111458539963	-0.004379835911095142	0.017733657732605934	-0.02106880582869053	0.005637455731630325	0.01746535487473011	0.2486121505498886	0.02106519229710102	0.011034268885850906	-0.009745404124259949	-0.021744849160313606	0.013554567471146584	0.012005106545984745	-0.02696322649717331	0.2967381477355957	0.0037285310681909323	0.0639551430940628	0.0419735386967659	0.3642309606075287	-0.004194670356810093	0.3789340555667877
ENSMUSG00000074052	0.010717576369643211	0.01845630072057247	-0.0023555709049105644	0.02485325187444687	-0.02088642120361328	0.009445348754525185	0.01413926761597395	0.2428916096687317	0.021838180720806122	0.011700322851538658	-0.012308713048696518	-0.018242361024022102	0.01770125702023506	0.011269953101873398	-0.025838613510131836	0.2796612083911896	0.0031303383875638247	0.06361345946788788	0.053458575159311295	0.42293116450309753	-0.004243866074830294	0.34326595067977905
ENSMUSG00000109408	0.010367412120103836	0.013561679050326347	-0.0011884153354912996	0.023625129833817482	-0.01670755445957184	0.011174092069268227	0.00014837764319963753	0.26099008321762085	0.018871601670980453	0.014447947964072227	-0.00979373324662447	-0.01751406118273735	0.013471263460814953	0.012270506471395493	-0.02463841624557972	0.32720324397087097	0.0022135796025395393	0.0791216567158699	0.019916370511054993	0.4812900424003601	-0.0077955275774002075	0.45353588461875916
ENSMUSG00000027739	0.009676861576735973	0.023275256156921387	-0.0027515238616615534	0.025929031893610954	-0.0232195146381855	0.00837124977260828	0.013893462717533112	0.2699752748012543	0.021485619246959686	0.01272561214864254	-0.009369807317852974	-0.01785867288708687	0.008099895901978016	0.010474884882569313	-0.012914907187223434	0.32500919699668884	0.0004460279014892876	0.08598345518112183	0.034806929528713226	0.5077211856842041	-0.006627244874835014	0.3814724385738373
ENSMUSG00000057461	-0.0049516065046191216	-0.023578405380249023	0.0013987428974360228	-0.018533136695623398	-0.003854290349408984	-0.0030481605790555477	-0.009650972671806812	-0.09592512249946594	-0.011060354299843311	-0.016187673434615135	0.004812991712242365	0.006834111642092466	0.007291275076568127	0.007901208475232124	-0.0037496909499168396	-0.12897439301013947	0.0010078029008582234	-0.006027651019394398	-0.02457326091825962	-0.07128529250621796	-0.010501479730010033	-0.04815914109349251
ENSMUSG00000121543	-0.10803068429231644	-0.22050966322422028	-0.026485972106456757	-0.05192337557673454	-0.0328693650662899	-0.07932398468255997	0.025736751034855843	-0.1055631935596466	-0.04727441817522049	-0.22943781316280365	-0.01883648708462715	-0.014530365355312824	-0.013789267279207706	-0.02652907930314541	0.04801816865801811	-0.24066951870918274	-0.16050326824188232	-0.27358344197273254	0.2254774421453476	-0.6104251742362976	-0.00779779814183712	-0.41069161891937256
ENSMUSG00000041168	0.006068061105906963	0.014880841597914696	-0.006004116497933865	0.028463177382946014	-0.017276544123888016	0.0057233585976064205	0.04265984892845154	0.25511276721954346	0.020951712504029274	0.009019833989441395	-0.00473804073408246	-0.028767703101038933	0.006929770577698946	0.005787070374935865	-0.014278237707912922	0.24534600973129272	-0.009087526239454746	0.07013377547264099	0.10410379618406296	0.3593232333660126	0.01644674688577652	0.5006118416786194
ENSMUSG00000087056	0.023000309243798256	0.015201173722743988	0.006161619909107685	0.014978365041315556	-0.007268446031957865	-0.0030722629744559526	0.0005847616703249514	-0.08447565883398056	0.005577279720455408	0.04345294088125229	-0.006283109076321125	0.001302917953580618	-0.000301538675557822	0.012997962534427643	-0.0011017340002581477	-0.017406003549695015	0.029316304251551628	0.022199993953108788	0.04263627901673317	-0.024222277104854584	-0.008676892146468163	-0.022286945953965187
ENSMUSG00000104936	0.0568968802690506	-0.0018811176996678114	0.0013347979402169585	0.0007968228310346603	-0.0012210882268846035	-0.002565261907875538	-0.004961976781487465	-0.0653560608625412	0.009318528696894646	0.02202933467924595	0.001430559204891324	0.010982022620737553	-0.000990017899312079	0.014563551172614098	0.01813657209277153	-0.0974968820810318	-0.015448455698788166	0.006202965509146452	-0.04516158998012543	-0.1162387877702713	-0.008082135580480099	-0.1044757142663002
ENSMUSG00000029229	0.00642742495983839	0.020607376471161842	6.283109541982412e-05	0.024567103013396263	-0.02656114660203457	0.0017814059974625707	0.012446094304323196	0.2216465175151825	0.012577495537698269	0.003375017549842596	-0.01412062719464302	-0.0309290811419487	0.015674712136387825	0.013515596278011799	-0.019834177568554878	0.306830495595932	0.009149666875600815	0.06466609984636307	0.043702468276023865	0.3374258875846863	-0.005679707042872906	0.3146558701992035
ENSMUSG00000073421	0.0156383253633976	0.03910379111766815	0.0019513090373948216	0.019922982901334763	-0.004791914485394955	0.0016332344384863973	-0.016783511266112328	0.013582286424934864	0.018516914919018745	0.036879099905490875	-0.02528247982263565	-0.008584447205066681	0.0010696504032239318	0.012192606925964355	-0.03129125013947487	-0.0233006551861763	0.035439494997262955	0.042582765221595764	0.030649157240986824	0.01111131813377142	0.0005437404033727944	0.07585164904594421
ENSMUSG00000062526	0.009234420955181122	0.026097474619746208	0.0013955782633274794	0.019664820283651352	-0.012170594185590744	0.012615724466741085	0.005796286277472973	0.2194620668888092	0.017107676714658737	0.015375631861388683	-0.005420347675681114	-0.02037711814045906	0.007885212078690529	0.01371773611754179	-0.02070382796227932	0.31275907158851624	0.009064938873052597	0.07752948999404907	0.045967765152454376	0.39020630717277527	-0.00690488563850522	0.2980620265007019
ENSMUSG00000038379	0.0056555503979325294	0.007548538967967033	-0.0005958093097433448	0.032059893012046814	-0.019582586362957954	0.003809582209214568	0.01184281799942255	0.2974593937397003	0.008413005620241165	0.008185151033103466	-0.008170145563781261	-0.014378164894878864	0.01626002788543701	0.010684468783438206	-0.014892461709678173	0.3248670995235443	0.005931564141064882	0.08107754588127136	0.02972082793712616	0.5221670866012573	-0.005560498218983412	0.3482845425605774
ENSMUSG00000070380	0.005743084941059351	0.010622802190482616	-0.004876927472651005	0.016812698915600777	-0.005116752348840237	-0.005369088146835566	-0.012915381230413914	-0.09128651767969131	0.0031952071003615856	0.03291450813412666	-0.0023133475333452225	0.00994751788675785	0.002276247600093484	0.004878068342804909	-0.002442441415041685	-0.014836029149591923	0.009114713408052921	0.011499910615384579	-0.04113440215587616	-0.09343892335891724	-0.006882388610392809	-0.06093820556998253
ENSMUSG00000044205	0.010292653925716877	0.014017947018146515	0.006107641384005547	0.027092786505818367	-0.0038239406421780586	0.002306847833096981	-0.00744493305683136	-0.07133374363183975	0.005491011776030064	0.04142450913786888	-0.006527276244014502	0.0067281234078109264	0.004223087336868048	0.001832174020819366	-0.003199647879227996	-0.014855707995593548	0.01631796360015869	0.030951375141739845	-0.015649201348423958	-0.02506829798221588	-0.00513600604608655	-0.05408520996570587
ENSMUSG00000041199	0.009257289581000805	0.017458394169807434	0.001806445885449648	0.01087894570082426	0.001966092735528946	0.004093348979949951	0.0019930375274270773	0.2638772428035736	0.0011693995911628008	0.011755777522921562	-0.011141084134578705	-0.0192317683249712	0.011185488663613796	0.013451628386974335	-0.005897242575883865	0.2846584618091583	0.011509115807712078	0.06239479035139084	0.025549516081809998	0.24112515151500702	-0.008125459775328636	0.2063051462173462
ENSMUSG00000020034	0.004472846165299416	0.020347123965620995	0.0018774019554257393	0.013945525512099266	-0.0029682551976293325	0.007091715931892395	0.001990766730159521	0.245885968208313	-0.0006130364490672946	0.014908412471413612	-0.002503428841009736	-0.024219326674938202	-0.0007473130244761705	0.018407801166176796	-0.01636301353573799	0.2126646190881729	0.014336317777633667	0.06838691979646683	-0.03702779859304428	0.18780715763568878	-0.005690236110240221	0.3281840980052948
ENSMUSG00000091272	0.011817811988294125	0.031612034887075424	-0.0010626304429024458	0.02211969904601574	-0.031485024839639664	0.007733171805739403	0.008018415421247482	0.16082607209682465	0.035431135445833206	0.018075313419103622	-0.030716853216290474	-0.030465643852949142	0.012054558843374252	0.013114070519804955	-0.040044717490673065	0.24024774134159088	0.018688518553972244	0.06742583960294724	0.03611454740166664	0.03451598063111305	0.008513668552041054	0.16644027829170227
ENSMUSG00000032383	0.008968994952738285	0.013325423933565617	-0.0022150464355945587	0.017481418326497078	-0.015950117260217667	0.006812188774347305	0.020517032593488693	0.27502793073654175	0.014041950926184654	0.010434159077703953	-0.009057614021003246	-0.027518950402736664	-0.0010673924116417766	0.01413333136588335	-0.006953682284802198	0.3034009039402008	0.007966199889779091	0.07666756957769394	0.06047474965453148	0.3632783889770508	-0.005201435647904873	0.38278481364250183
ENSMUSG00000089647	0.017490150406956673	-0.12349940091371536	-0.0044861347414553165	-0.13258810341358185	-0.0032165341544896364	0.04941464960575104	-0.008353655226528645	-0.18975426256656647	-0.0009861472062766552	-0.2612803876399994	0.0014811190776526928	-0.029172929003834724	0.012071171775460243	-0.09292254596948624	0.009812637232244015	-0.15022867918014526	0.012477822601795197	-0.2145443856716156	-0.035140253603458405	-0.7247009873390198	-0.010429387912154198	-0.4758487641811371
ENSMUSG00000023992	0.023205919191241264	0.022438688203692436	0.011885975487530231	0.015141488052904606	-0.008961068466305733	-0.0028369470965117216	-0.005901511292904615	-0.05607571080327034	0.01162015926092863	0.04656781256198883	-0.013488943688571453	0.01023256778717041	0.009435171261429787	0.009485454298555851	0.01849754899740219	-0.09234867990016937	0.03828004002571106	0.028781555593013763	0.031663838773965836	-0.0915423184633255	-0.01148658711463213	-0.03887796029448509
ENSMUSG00000030650	0.014876910485327244	0.0332958810031414	0.008915435522794724	0.008529221639037132	-0.015725072473287582	0.0054435133934021	0.0024763396941125393	0.07644347846508026	0.018841562792658806	0.027497539296746254	-0.013555607758462429	-0.004800418391823769	0.008278785273432732	0.01611209660768509	-0.020728688687086105	0.050094399601221085	0.03117160126566887	0.0378396213054657	0.036143578588962555	0.19358967244625092	-0.004023348912596703	0.08983783423900604
ENSMUSG00000100080	-0.04296689108014107	-0.1269477903842926	0.003384241834282875	-0.006049187853932381	0.01583697274327278	-0.005324014462530613	-0.027425827458500862	-0.15716683864593506	-0.02243354730308056	-0.049041956663131714	0.004427163861691952	0.012153987772762775	-0.0881287157535553	-0.06855233013629913	0.018503177911043167	-0.21350353956222534	-0.11185979098081589	-0.19464454054832458	-0.0431099608540535	-0.2807376980781555	-0.03514857217669487	-0.21459108591079712
ENSMUSG00000067714	0.015889884904026985	0.02346387878060341	-0.0003418471314944327	0.018295282498002052	-0.013545396737754345	0.0005402499227784574	0.01027679443359375	0.052489351481199265	0.016540301963686943	0.023925116285681725	-0.021972274407744408	-0.01103135198354721	0.011221937835216522	0.013158348388969898	-0.031504012644290924	0.046741385012865067	0.026602696627378464	0.025059081614017487	0.11258243769407272	0.16568651795387268	0.013819835148751736	0.02006763406097889
ENSMUSG00000049093	0.02161061018705368	0.01105852983891964	0.0031849038787186146	0.021283378824591637	-0.004544967785477638	-0.0028554501477628946	-0.007478686980903149	-0.06694554537534714	0.0016897603636607528	0.04377732798457146	-0.0024946045596152544	0.009715992026031017	0.004336422774940729	0.012623120099306107	0.0005399587680585682	-0.08057983219623566	0.015177606604993343	0.004897915292531252	-0.006902469787746668	-0.044612713158130646	-0.008461187593638897	-0.06560900807380676
ENSMUSG00000109161	0.007693997118622065	0.0249638669192791	-0.0009079732117243111	0.015020356513559818	0.00521491002291441	-0.0020893586333841085	-0.005843859165906906	-0.040249861776828766	-0.0038615541998296976	0.06588049232959747	0.003362552495673299	0.01012793555855751	-0.00445599015802145	0.007184035610407591	-0.004308171570301056	-0.12963803112506866	-0.015278268605470657	0.02316266857087612	-0.055945221334695816	-0.11943283677101135	-0.002558150328695774	-0.0455026812851429
ENSMUSG00000111266	0.024777010083198547	0.057328857481479645	0.0021018467377871275	0.043081220239400864	-0.006095444783568382	-0.001768036512658	-0.005648719146847725	-0.05670379102230072	0.006689702160656452	0.07067868113517761	-0.008696279488503933	0.00609130784869194	0.008148523978888988	0.01113559678196907	0.017863519489765167	-0.07781213521957397	0.031135722994804382	0.016314208507537842	-0.008342986926436424	-0.05078311264514923	-0.008548911660909653	-0.006266095209866762
ENSMUSG00000121738	0.011298133060336113	0.03883517533540726	0.02245495095849037	0.025653908029198647	0.002493788255378604	0.001611300278455019	0.00300218490883708	-0.06536708027124405	0.012190624140202999	0.03595920652151108	-0.0029890891164541245	0.008527911268174648	0.0018246234394609928	0.0014326695818454027	-0.015580202452838421	-0.03584419563412666	0.019326411187648773	0.03595435619354248	-0.05167734995484352	-0.25089791417121887	-0.011925083585083485	-0.10632384568452835
ENSMUSG00000036172	0.0152802225202322	0.011477849446237087	0.0008921746630221605	0.006314646452665329	-0.0017270817188546062	-0.0009696090710349381	-0.00845660362392664	-0.0682944506406784	0.0016468474641442299	0.005314295180141926	-0.0007046249229460955	0.006986616179347038	-0.0002804138057399541	0.012287539429962635	-0.0030150332022458315	-0.06385145336389542	0.018894078209996223	0.019740018993616104	-0.0389881394803524	-0.09332063794136047	-0.007990994490683079	-0.04901117458939552
ENSMUSG00000071424	0.002384104300290346	0.008411746472120285	-0.00132408132776618	0.009660673327744007	-0.01133712287992239	-0.0028927973471581936	-0.008412789553403854	0.15822237730026245	-0.001675363164395094	0.018620043992996216	-0.005500009283423424	-0.013803004287183285	-0.0008090969640761614	0.01763390190899372	-0.004078157711774111	0.1740342378616333	0.010953521355986595	0.04683879390358925	0.00035812982241623104	0.10451680421829224	-0.007471460849046707	0.012765688821673393
ENSMUSG00000043144	0.014836568385362625	0.025510266423225403	0.0030112904496490955	0.018812159076333046	-0.013298329897224903	-0.0009509423980489373	-0.0009843166917562485	0.06265881657600403	0.014552171342074871	0.03136570751667023	-0.022734107449650764	-0.01078047975897789	0.002369669731706381	0.012743153609335423	-0.02708473987877369	0.13719353079795837	0.03483787924051285	0.030853673815727234	-0.06154854595661163	0.02360830456018448	-0.004394123330712318	0.017510440200567245
ENSMUSG00000104612	0.033941030502319336	0.024137010797858238	0.006429925095289946	0.00936636421829462	-2.0805317035410553e-05	-0.0013790501980111003	-0.003962172195315361	-0.023329026997089386	0.0014938306994736195	0.042763080447912216	-0.008683894760906696	0.003316563554108143	0.005501548759639263	0.019521495327353477	0.0011123094009235501	-0.04549041762948036	0.029778845608234406	0.02560916729271412	0.00633592065423727	0.008596854284405708	0.0010131471790373325	-0.03238454833626747
ENSMUSG00000046082	0.014117306098341942	0.038521908223629	0.007285129278898239	0.028640970587730408	0.0029986544977873564	0.006160855758935213	-0.0020095445215702057	-0.03909767046570778	0.01489388570189476	0.01717323251068592	-0.0022898679599165916	0.0037364009767770767	0.004545189905911684	0.008899555541574955	-0.006082836538553238	-0.008565020747482777	0.0033659052569419146	0.04681127890944481	-0.00016391940880566835	-0.10714387893676758	0.002172765089198947	-0.07696166634559631
ENSMUSG00000033063	0.0058303349651396275	0.03448741137981415	0.0025239395909011364	0.003821547841653228	-0.010472643189132214	0.004259354900568724	-0.012090014293789864	0.025034604594111443	0.0017018051585182548	0.010464518330991268	-0.005477844271808863	-0.005788786802440882	0.0016518813790753484	0.019405290484428406	-0.008188546635210514	0.07322252541780472	0.014421378262341022	0.04408871755003929	-0.01746772974729538	0.07002845406532288	-0.006413559895008802	0.020117521286010742
ENSMUSG00000090897	0.004999832715839148	0.013167167082428932	0.00016116829647216946	-0.0081630889326334	-0.004214819520711899	0.0008226511417888105	-0.01236758939921856	-0.07046669721603394	-0.0007595028728246689	0.031711310148239136	-0.002808446530252695	0.01630552113056183	0.0019234439823776484	0.004365941975265741	-0.0025559542700648308	-0.020933127030730247	0.016541339457035065	0.03096037171781063	-0.02637571096420288	0.00038075141492299736	-0.00692789675667882	-0.04678928852081299
ENSMUSG00000120248	0.006098628044128418	0.00850252527743578	0.0008384430548176169	0.050094667822122574	-0.017559029161930084	0.010742868296802044	0.000961597659625113	0.3232640027999878	0.009240787476301193	0.0089946910738945	-0.0009148910758085549	-0.009613431990146637	0.014952979981899261	0.007751115132123232	-0.010273921303451061	0.3304981291294098	-0.0018600195180624723	0.0962265282869339	0.014138303697109222	0.6474138498306274	-0.0060573844239115715	0.4586423635482788
ENSMUSG00000020160	0.008691800758242607	0.03267459571361542	0.0016844396013766527	0.012867296114563942	-0.01378612406551838	0.007186071947216988	0.004444529302418232	0.10533575713634491	0.0095808831974864	0.031124675646424294	-0.012155129574239254	-0.004258192144334316	0.004842010792344809	0.010411076247692108	-0.017090599983930588	0.12056626379489899	0.017405880615115166	0.03351397067308426	-0.023690827190876007	0.10692404955625534	-0.0032693766988813877	0.10274995863437653
ENSMUSG00000022388	0.016593728214502335	0.04500873386859894	0.008358691819012165	0.01166351418942213	-0.017052512615919113	0.008112809620797634	0.004761200863867998	0.06583001464605331	0.017230801284313202	0.037799861282110214	-0.019127678126096725	-0.019172104075551033	0.005830663256347179	0.017324965447187424	-0.02432977594435215	0.10671615600585938	0.03304717689752579	0.05930948629975319	0.01982346922159195	0.08343195170164108	-0.0013909796252846718	0.022439880296587944
ENSMUSG00000029279	0.012825424782931805	0.032706502825021744	0.006130161229521036	0.010619605891406536	-0.007043355144560337	0.005466105416417122	0.0025664407294243574	0.009136971086263657	0.007899846881628036	0.04692494869232178	-0.01123823132365942	-0.009434075094759464	0.0026772061828523874	0.01733114942908287	-0.011888915672898293	-0.0008380798972211778	0.026058368384838104	0.04898902028799057	-0.00709183793514967	0.09292472898960114	-0.0036450859624892473	0.0694870725274086
ENSMUSG00000100738	0.013907692395150661	0.034292176365852356	0.008224254474043846	0.033713921904563904	-0.002436466282233596	-0.0016067416872829199	-0.004546167328953743	-0.05696690082550049	0.004027666989713907	0.060462046414613724	-0.006285320967435837	0.00980236753821373	0.0037119644694030285	0.011641672812402248	-0.003090969054028392	-0.07747400552034378	0.034856166690588	0.031441446393728256	-0.0053516412153840065	-0.12108046561479568	-0.006780808791518211	-0.0948738381266594
ENSMUSG00000042333	0.014349408447742462	0.03508072346448898	0.004395521245896816	0.007897228002548218	-0.0023598438128829002	0.005774944555014372	-0.001656561391428113	-0.055390410125255585	-0.0018795152427628636	0.04485619440674782	-0.013487538322806358	0.003005911596119404	0.004131048917770386	0.0072428458370268345	-0.01259609218686819	0.018849749118089676	0.040445245802402496	0.04013528302311897	-0.03393346443772316	-0.12673522531986237	-0.005281409248709679	0.0047975098714232445
ENSMUSG00000053654	0.022790493443608284	0.04487214609980583	0.006629250477999449	0.01175787951797247	-0.0029762028716504574	-0.0010741509031504393	0.009741157293319702	-0.02005353383719921	0.013159893453121185	0.05013611167669296	-0.00910633523017168	0.010375220328569412	0.0012888717465102673	0.012121442705392838	-0.015055951662361622	-0.022603264078497887	0.037034958600997925	0.021745968610048294	0.05257498845458031	0.09497840702533722	0.007978682406246662	0.0734936073422432
ENSMUSG00000070719	0.01758401468396187	0.02599451132118702	0.009977671317756176	0.01099065225571394	-0.0033008416648954153	-0.00434502400457859	-0.0020008257124572992	-0.060697197914123535	0.009003084152936935	0.047913093119859695	-0.001418238622136414	0.014479313977062702	0.0003644293174147606	0.010450277477502823	-0.0058791786432266235	0.012005922384560108	0.0350223183631897	0.0592135526239872	-0.01307793240994215	-0.13266639411449432	-0.006644951645284891	-0.06904513388872147
ENSMUSG00000104898	-0.0006017798441462219	-0.0007060575298964977	-0.004999340977519751	0.025465166196227074	-0.0018584408098831773	0.0015179761685431004	-0.010939615778625011	-0.07374618202447891	-0.00106152577791363	0.036433275789022446	0.006535425316542387	0.010706864297389984	-0.0057535856030881405	0.0030111786909401417	-0.0032058062497526407	-0.06975358724594116	-0.006438059266656637	0.013770917430520058	-0.06160129979252815	-0.11364495009183884	-0.0075140749104321	-0.0376032218337059
ENSMUSG00000028069	0.010598926804959774	0.020556693896651268	-0.001401661429554224	0.019915543496608734	-0.02278638817369938	0.0031197734642773867	0.011072058230638504	0.2651718556880951	0.018196262419223785	0.012866721488535404	-0.014217250049114227	-0.025600958615541458	0.01296274084597826	0.013732977211475372	-0.022137844935059547	0.30830276012420654	0.010491426102817059	0.058423832058906555	0.07312174886465073	0.2535514235496521	-0.006799459923058748	0.3333054482936859
ENSMUSG00000054488	0.025416405871510506	0.03241022676229477	0.009496619924902916	0.028532836586236954	-0.0008030128665268421	-0.0033170392271131277	-0.006093952804803848	-0.060231514275074005	0.005637101363390684	0.05863474681973457	-0.0011996319517493248	0.0039599244482815266	-0.0008075155783444643	0.0067612119019031525	-2.0454079276532866e-05	-0.04002312570810318	0.044049449265003204	0.033815398812294006	-0.022203413769602776	-0.11687537282705307	-0.00710842851549387	-0.029292872175574303
ENSMUSG00000020598	0.006145338527858257	0.01827978529036045	0.002814380219206214	0.012930785305798054	-0.014331867918372154	0.0027795510832220316	-0.0002995937247760594	0.19083933532238007	0.003177088685333729	0.016796553507447243	-0.011421010829508305	-0.02326655574142933	-0.001669115386903286	0.01913709007203579	-0.013410160318017006	0.19253282248973846	0.014703375287353992	0.05317995697259903	-0.02481180615723133	0.18295663595199585	-0.007398281246423721	0.09530772268772125
ENSMUSG00000047045	-0.0025927561800926924	0.0007564153638668358	-0.0018979753367602825	-0.004648603964596987	0.013397913426160812	-0.00652844924479723	-0.004379643127322197	0.25137895345687866	-0.012952026911079884	-0.0020207681227475405	0.0019060629419982433	-0.010342909954488277	-0.009146389551460743	0.018462378531694412	-0.005310241598635912	0.3070092499256134	0.008693534880876541	0.007499598897993565	-0.042060237377882004	0.0049992152489721775	-0.007550644222646952	0.10459447652101517
ENSMUSG00000085318	0.01704675331711769	0.024752072989940643	0.007885809987783432	0.005745392292737961	-0.008126089349389076	0.0030899823177605867	0.0002983486629091203	-0.03373423591256142	0.019066182896494865	0.028882786631584167	-0.00830560177564621	0.0005892610643059015	0.0018550088861957192	0.007905070669949055	-0.020777985453605652	0.1016424298286438	0.028955185785889626	0.07598569244146347	-0.022733451798558235	-0.08888140320777893	-0.002470490289852023	-0.0530293807387352
ENSMUSG00000079467	0.008141147904098034	0.024629300460219383	-0.007855795323848724	0.04096364974975586	-0.02343754842877388	0.009957968257367611	0.01676715537905693	0.2352098673582077	0.02357988804578781	0.011744813993573189	-0.004498155787587166	-0.017038730904459953	0.015205814503133297	0.005806331522762775	-0.014589191414415836	0.2825814187526703	-0.0107883270829916	0.08037131279706955	0.06112242117524147	0.521054208278656	-0.0013013690477237105	0.5054380297660828
ENSMUSG00000087458	0.0123684611171484	0.02054818719625473	0.006067981012165546	0.016298795118927956	-0.021867437288165092	0.006737862713634968	0.007131075952202082	0.20783071219921112	0.034340109676122665	0.01316332258284092	-0.008231854997575283	-0.017126236110925674	0.0045579951256513596	0.013688639737665653	-0.005780215375125408	0.28658628463745117	0.012874109670519829	0.06404852122068405	0.0055324602872133255	0.48573359847068787	-0.008043781854212284	0.2480812668800354
ENSMUSG00000052713	0.00989739689975977	0.009520559571683407	0.004837011452764273	-0.0016161814564839005	-0.009473573416471481	0.0022919781040400267	0.005132283549755812	0.05747468024492264	0.008456535637378693	0.021945172920823097	-0.009793132543563843	-0.0008025813731364906	-0.0016737080877646804	0.01401540543884039	-0.017941512167453766	0.020784832537174225	0.020690446719527245	0.02338459901511669	-0.016985014081001282	0.26574382185935974	-0.004791490733623505	0.054474879056215286
ENSMUSG00000097589	-0.0015634369337931275	-0.017065884545445442	0.00584670202806592	0.016071129590272903	0.0018280163640156388	-0.011680897325277328	0.056087885051965714	0.28664663434028625	-0.022013595327734947	0.005173734854906797	0.000259743828792125	-0.02295302227139473	0.0094682015478611	0.004891810938715935	-0.009820336475968361	0.2205713391304016	0.014836710877716541	0.040239252150058746	0.05465714633464813	0.5210066437721252	0.012355005368590355	0.22721529006958008
ENSMUSG00000028955	0.009308845736086369	0.02125576324760914	5.3154060879023746e-05	0.023157373070716858	-0.029301583766937256	0.006494510918855667	0.00457939924672246	0.2455684095621109	0.011385121382772923	0.012550120241940022	-0.007029077038168907	-0.019059890881180763	0.005871078465133905	0.012565871700644493	-0.008221832104027271	0.3153509795665741	0.006731780711561441	0.07757064700126648	0.0514310747385025	0.39927682280540466	-0.007062124088406563	0.4031171500682831
ENSMUSG00000055301	0.014719787053763866	0.016749665141105652	0.00873019639402628	0.010785997845232487	-0.008382147178053856	-0.002520863665267825	-0.0010004580253735185	-0.05268142372369766	0.005801883991807699	0.03182555362582207	-0.012373274192214012	0.010807297192513943	0.004886514041572809	0.022154729813337326	0.004762491676956415	-0.04223282262682915	0.035919975489377975	0.0014392035081982613	0.028700638562440872	0.13693593442440033	-0.007472031284123659	-0.039642080664634705
ENSMUSG00000097368	0.021800179034471512	0.05336328595876694	0.01081374753266573	0.018750138580799103	-0.004356166813522577	-0.0011906001018360257	0.002394270384684205	-0.035422150045633316	0.013388070277869701	0.06024707853794098	-0.009713031351566315	0.0001346842764178291	0.006965537555515766	0.0037691749166697264	-0.004686029627919197	0.03258458524942398	0.03941240906715393	0.026063086465001106	0.08036010712385178	-0.0016804528422653675	-0.001024304423481226	0.002472307300195098
ENSMUSG00000034023	0.010052008554339409	0.025092866271734238	-9.073117689695209e-05	0.02545822411775589	-0.01898285560309887	0.012349291704595089	0.0014444999396800995	0.2550917863845825	0.018848516047000885	0.017163535580039024	-0.0076129077933728695	-0.016641590744256973	0.01273720245808363	0.012600026093423367	-0.028393268585205078	0.30861982703208923	0.006144499871879816	0.05580603703856468	0.046128641813993454	0.41253435611724854	-0.006460814271122217	0.3122261166572571
ENSMUSG00000085704	0.01121631357818842	0.017732031643390656	0.0007764719193801284	0.020086798816919327	-0.02808876521885395	0.0027293371967971325	0.0017834528116509318	0.1913651078939438	0.007266176864504814	0.008805976249277592	-0.009516682475805283	-0.023915911093354225	-0.015244756825268269	0.01911575347185135	0.013912233524024487	0.3217090666294098	0.007334503345191479	0.06436480581760406	0.10319934785366058	0.18519824743270874	-0.00523268710821867	0.3342529535293579
ENSMUSG00000085338	0.015487116761505604	0.023551618680357933	0.006116287782788277	0.01944117248058319	-0.004456056281924248	0.008804986253380775	0.008910730481147766	0.034994300454854965	0.02361004613339901	0.02916439063847065	-0.008281880058348179	-0.008931873366236687	0.0015370971523225307	0.014484826475381851	-0.022384056821465492	0.09555859863758087	0.0269771795719862	0.03410322591662407	0.006162901408970356	0.04874430224299431	0.003191275056451559	0.03922932967543602
ENSMUSG00000092310	0.014063953422009945	0.030972057953476906	-0.004043358378112316	0.023416481912136078	-0.013002556748688221	0.0017425061669200659	0.015913333743810654	0.05807642638683319	0.02072077989578247	0.03189713507890701	-0.020288784056901932	-0.024518348276615143	0.00963189359754324	0.015959251672029495	-0.03323942795395851	0.08203605562448502	0.023520469665527344	0.03751257061958313	0.1404496282339096	0.1637570559978485	0.037158817052841187	0.09157630056142807
ENSMUSG00000117406	0.01190786249935627	0.02094101347029209	-0.010864692740142345	0.022705351933836937	-0.011875621974468231	-1.7722872144076973e-05	0.04073328152298927	0.07016155868768692	0.02443322166800499	0.02611297369003296	-0.014720524661242962	-0.016585474833846092	0.020100891590118408	0.012471347115933895	-0.04661446437239647	0.04706071317195892	0.0074754273518919945	0.04738035053014755	0.16084140539169312	0.3154066801071167	0.06228410080075264	0.16575318574905396
ENSMUSG00000111853	0.015071894973516464	0.020249905064702034	0.010295267216861248	0.019327646121382713	-0.005270176567137241	-0.002270650817081332	0.0015501939924433827	-0.04931967705488205	0.012380684725940228	0.037155572324991226	-0.005958459340035915	-0.0072579700499773026	0.0010819274466484785	-0.003049139864742756	-0.013237505219876766	0.08094494044780731	0.040415678173303604	-0.007731688674539328	-0.03200170025229454	-0.009968705475330353	-0.005267129745334387	0.048117876052856445
ENSMUSG00000114621	-0.006176294758915901	0.007940193638205528	0.002689187414944172	-0.0033867377787828445	0.012914389371871948	-0.022621188312768936	0.01976614072918892	0.15338854491710663	-0.01292553823441267	0.005318796262145042	0.004312483128160238	0.0004945856053382158	-0.02166973613202572	0.011613670736551285	-0.03247508406639099	0.19034241139888763	0.021148452535271645	0.02353169023990631	0.052980560809373856	0.3780273199081421	0.012890969403088093	0.13949838280677795
ENSMUSG00000111825	0.021309880539774895	0.033847663551568985	0.013509606942534447	0.014889302663505077	-0.002697969088330865	-0.0010834627319127321	-0.0022517526522278786	-0.06991038471460342	0.0038174872752279043	0.037528250366449356	-0.006610493175685406	0.006538655608892441	-0.0004084570100530982	-0.0009133366402238607	-0.007387035060673952	0.02380404993891716	0.034331150352954865	0.054458633065223694	-0.006797686219215393	-0.13638737797737122	-0.004656852222979069	-0.07606832683086395
ENSMUSG00000091620	0.009704179130494595	0.01432345062494278	-0.0008336564060300589	0.006057321559637785	-0.003066284116357565	-0.001078918226994574	-0.011466908268630505	-0.0823826789855957	-0.0021165749058127403	0.023322684690356255	-0.0009175115847028792	0.010797381401062012	0.0013361574383452535	-0.011834965087473392	-0.004536572378128767	-0.08828523755073547	0.013306678272783756	-0.016515644267201424	-0.022225700318813324	-0.06964253634214401	-0.008412549272179604	-0.09134349972009659
ENSMUSG00000108997	0.0025675324723124504	0.05363011360168457	0.0028333389200270176	0.01838170364499092	-0.006893564015626907	0.00041789442184381187	-0.004448224324733019	-0.09140734374523163	0.01306331716477871	0.04489285126328468	-0.008544058538973331	0.005654983688145876	0.0032243640162050724	-0.003719017608091235	-0.004720828030258417	0.002418041927739978	0.028582703322172165	0.028574133291840553	-0.036984335631132126	-0.025557108223438263	-0.0070749251171946526	-0.05420585721731186
ENSMUSG00000038387	0.004564658738672733	0.03251102939248085	0.007969406433403492	0.011049062944948673	-0.0026417707558721304	0.005281629040837288	0.017985329031944275	0.16396306455135345	0.018643952906131744	0.019123045727610588	-0.006637198384851217	-0.02051699161529541	-0.0045633516274392605	0.012158908881247044	-0.009312529116868973	0.09325641393661499	0.029619276523590088	0.04094025120139122	0.02306750789284706	0.17888708412647247	-0.001775877084583044	0.22736817598342896
ENSMUSG00000085238	0.012882602401077747	0.014901764690876007	0.006358606740832329	0.020996637642383575	-0.006643630098551512	-0.0018653104780241847	-0.004927900154143572	-0.068022720515728	0.004508207552134991	0.041645750403404236	-0.010327154770493507	0.011538518592715263	0.008966932073235512	0.011600267142057419	0.0026913846377283335	-0.02743389457464218	0.0215638168156147	0.04536819085478783	0.010518563911318779	-0.03624442592263222	-0.006463377270847559	-0.052969980984926224
ENSMUSG00000105590	0.045030802488327026	0.024207303300499916	-0.001185632892884314	0.0367920882999897	-0.004975189454853535	-0.006528852507472038	-0.028769802302122116	-0.1276584267616272	0.0013488212134689093	0.06337709724903107	-0.015603580512106419	0.006063634064048529	0.015012319199740887	0.0074865203350782394	0.02682487666606903	-0.0632227435708046	0.03632807731628418	0.019754530861973763	0.09788084775209427	-0.03867875784635544	-0.010347850620746613	-0.043235160410404205
ENSMUSG00000078686	0.022086728364229202	0.03113681636750698	0.023054325953125954	-0.007535525597631931	-0.006265848409384489	0.0017071738839149475	-0.006219097413122654	-0.06529548764228821	0.028027571737766266	0.04151778668165207	-0.012108615599572659	-0.001000107848085463	0.002031130250543356	0.005781281739473343	-0.008580930531024933	0.025670241564512253	0.026955878362059593	0.039720360189676285	-0.0022032689303159714	-0.003013920271769166	-0.005120001267641783	-0.03958548605442047
ENSMUSG00000117199	0.019345303997397423	0.009799342602491379	0.007666700053960085	0.019861573353409767	-0.005174768622964621	-0.0005439797532744706	-0.003396407002583146	-0.04520370066165924	0.011227751150727272	0.03982333838939667	-0.0034523301292210817	0.0004899068153463304	0.004992437083274126	0.0023017856292426586	-0.0018313133623450994	-0.019010206684470177	0.04846257343888283	0.029909377917647362	0.003103450173512101	-0.02567928284406662	-0.005880577955394983	-0.032233260571956635
ENSMUSG00000030890	0.010326172225177288	0.014979605562984943	-0.0004005164955742657	0.02534930221736431	-0.012172956019639969	0.004857290536165237	0.012836793437600136	0.2754366099834442	0.022562455385923386	0.011971240863204002	-0.007053954992443323	-0.021917197853326797	0.005293729715049267	0.014723973348736763	0.0032379236072301865	0.3026703894138336	0.007659316528588533	0.04947764053940773	0.10359444469213486	0.23153091967105865	-0.0018279706127941608	0.3377961814403534
ENSMUSG00000120204	0.003318543080240488	0.019190138205885887	-0.0037392908707261086	0.0313221774995327	-0.016327211633324623	0.005918630864471197	0.0667552575469017	0.1991083174943924	0.02884884923696518	0.010834160260856152	-0.006830922327935696	-0.011290916241705418	0.022335419431328773	0.007651424966752529	-0.01923687756061554	0.20446988940238953	0.000727227539755404	0.057397279888391495	0.12259480357170105	0.5027850866317749	0.03552236780524254	0.19401761889457703
ENSMUSG00000049184	0.008705793879926205	0.01615772396326065	0.002554367994889617	0.01915506273508072	-0.026925839483737946	0.005486844573169947	-0.0024132225662469864	0.2384394407272339	0.008160249330103397	0.01731765829026699	-0.017382781952619553	-0.02969096228480339	0.0034978233743458986	0.01865077205002308	-0.01634623110294342	0.2900109887123108	0.013286753557622433	0.0719221755862236	0.040006447583436966	0.21622581779956818	-0.007656654343008995	0.2870619297027588
ENSMUSG00000024308	0.007858441211283207	0.0195779986679554	-0.0064208186231553555	0.019811594858765602	-0.013017968274652958	0.003943715710192919	0.04759059473872185	0.1760389655828476	0.02268541418015957	0.014194237999618053	-0.00594026455655694	-0.025171414017677307	0.007099432870745659	0.010697978548705578	-0.02236594632267952	0.05530785024166107	0.004743607249110937	0.028503309935331345	0.06644987314939499	0.42315220832824707	0.028991783037781715	0.2207660675048828
ENSMUSG00000115654	0.017133591696619987	0.04290873557329178	0.003265331732109189	0.016532352194190025	-0.006467604544013739	0.003230018075555563	-0.005785565357655287	-0.09329967200756073	0.005733898375183344	0.013967830687761307	-0.0010683289729058743	0.00957649014890194	0.005427153781056404	0.011856325902044773	-0.0033526839688420296	-0.02655198983848095	0.020872289314866066	0.005585582461208105	-0.04425960034132004	-0.15337365865707397	-0.0068773687817156315	-0.10391297191381454
ENSMUSG00000050756	0.03759212791919708	0.040793526917696	0.01791064441204071	-0.0009415991371497512	-0.006487702019512653	-0.003037522081285715	-0.0026123381685465574	-0.05767696723341942	0.012606875039637089	0.026824302971363068	-0.009826836176216602	0.009901965036988258	0.002550744451582432	0.018828734755516052	0.002035813871771097	-0.07945623993873596	0.03845149278640747	0.048259615898132324	0.004810767248272896	-0.06396114081144333	-0.009608766064047813	-0.08064011484384537
ENSMUSG00000035173	0.009207388386130333	0.018999459221959114	0.0005098574329167604	0.01973813585937023	-0.01646701991558075	0.006804930977523327	0.008952069096267223	0.24869701266288757	0.013322626240551472	0.012559873051941395	-0.014461428858339787	-0.020075775682926178	0.013270195573568344	0.014068194665014744	-0.021881716325879097	0.28993719816207886	0.010290052741765976	0.07364990562200546	0.03615710884332657	0.3630031645298004	-0.007463728077709675	0.32707318663597107
ENSMUSG00000087625	0.010834368877112865	-0.0035299540031701326	0.006606727838516235	-0.004880021791905165	-0.00339447520673275	-0.0013418142916634679	-0.007763072848320007	-0.08242519199848175	0.00458992226049304	0.0471237376332283	-0.007265026681125164	0.008073229342699051	3.8162026612553746e-05	0.014228357002139091	-0.004405482672154903	0.005010545253753662	0.025390813127160072	0.003294144757091999	-0.05861746892333031	-0.025867152959108353	-0.008055362850427628	-0.022461019456386566
ENSMUSG00000100384	-0.10803068429231644	-0.22050966322422028	-0.026485972106456757	-0.05192337557673454	-0.0328693650662899	-0.07932398468255997	0.025736751034855843	-0.1055631935596466	-0.04727441817522049	-0.22943781316280365	-0.01883648708462715	-0.014530365355312824	-0.013789267279207706	-0.02652907930314541	0.04801816865801811	-0.24066951870918274	-0.16050326824188232	-0.27358344197273254	0.2254774421453476	-0.6104251742362976	-0.00779779814183712	-0.41069161891937256
ENSMUSG00000038637	0.009934064000844955	0.02265956625342369	0.0016313266241922975	0.0178062841296196	-0.007637095637619495	0.004937862977385521	0.011000122874975204	0.2755248546600342	0.018505696207284927	0.009839308448135853	-0.009190460667014122	-0.0231779795140028	-0.0006530515383929014	0.01460155937820673	-0.021393384784460068	0.2743598520755768	0.009013568982481956	0.05590344965457916	0.008493054658174515	0.36497604846954346	-0.008451747708022594	0.35778579115867615
ENSMUSG00000097028	0.0026912575121968985	0.012469373643398285	-0.0007880112389102578	0.003448196453973651	-0.013273196294903755	0.0013796931598335505	-0.015319161117076874	0.14115390181541443	0.0009563302155584097	0.008859175257384777	-0.0028471031691879034	-0.008132447488605976	0.0017335953889414668	0.014841274358332157	-0.011630923487246037	0.27003127336502075	0.013928402215242386	0.019132453948259354	-0.008086897432804108	0.21914386749267578	-0.007432425394654274	0.0992051512002945
ENSMUSG00000025323	0.005665601696819067	0.017200924456119537	0.000978257623501122	0.030803050845861435	-0.015974026173353195	0.00660722516477108	-0.002054782584309578	0.297127902507782	0.005927583202719688	0.009590058587491512	-0.005974682047963142	-0.010001913644373417	0.008746211417019367	0.01229766570031643	-0.005304645746946335	0.3277233839035034	0.009476866573095322	0.07042044401168823	0.011546389199793339	0.5398552417755127	-0.007090509403496981	0.4339902400970459
ENSMUSG00000085631	0.01713748648762703	0.02439955621957779	0.005279214587062597	-0.0002163887256756425	-0.004947627428919077	-0.0018064684700220823	-0.0039437576197087765	-0.0723857656121254	0.0065110414288938046	0.04132528603076935	-0.006262998562306166	0.01098022423684597	0.0043451013043522835	0.011231874115765095	0.0007761542219668627	-0.025908254086971283	0.025778232142329216	-0.0157795250415802	-0.007107705343514681	-0.04209489747881889	-0.007881666533648968	-0.05642429739236832
ENSMUSG00000023025	0.027310289442539215	0.022746408358216286	0.0027664946392178535	0.02631114237010479	-0.017271138727664948	-0.008451757952570915	0.011680644936859608	-0.11507922410964966	0.005772813688963652	0.04398415982723236	-0.015294330194592476	0.00875159166753292	0.013002416118979454	-0.007601995021104813	0.007734171114861965	-0.07662566006183624	0.031192980706691742	0.02134009823203087	0.11363193392753601	0.15443547070026398	-0.014752174727618694	-0.016473490744829178
ENSMUSG00000113950	0.029905134811997414	0.013588185422122478	0.010171240195631981	0.026325345039367676	-0.00327887455932796	-0.0021123585756868124	-0.0024178281892091036	-0.04398142173886299	0.002494251821190119	0.037358369678258896	-0.004724544007331133	0.00782138854265213	0.0006851159268990159	0.015349304303526878	0.013922235928475857	-0.09511349350214005	0.03932475671172142	0.04167771339416504	-0.02784115821123123	-0.09444611519575119	-0.009081053547561169	-0.08078639954328537
ENSMUSG00000109317	0.0011836630292236805	0.006486288737505674	0.014925961382687092	-0.0036823635455220938	-0.005415938328951597	-0.0014102909481152892	-0.002777396934106946	-0.0611458495259285	-0.010412028059363365	0.018591325730085373	-0.005628596991300583	0.007011339534074068	-0.002100045094266534	0.0009521572501398623	-0.007140255067497492	-0.006568043027073145	0.046760622411966324	0.015562791377305984	0.0019139617215842009	0.07803967595100403	-0.007395659573376179	-0.030784791335463524
ENSMUSG00000106594	0.024668395519256592	-0.012479400262236595	0.021173525601625443	-0.0012645747046917677	-0.012949235737323761	-0.001552394824102521	-0.008515635505318642	-0.016757655888795853	0.015675602480769157	-0.0038508581928908825	-0.027607548981904984	0.010040031746029854	0.004672548267990351	0.006814994849264622	-0.002217652276158333	-0.09682115912437439	0.05452171713113785	0.05279415100812912	-0.015583469532430172	0.05489213019609451	-0.006961764767765999	-0.053491342812776566
ENSMUSG00000086053	0.024810295552015305	0.022533928975462914	0.004976189229637384	0.015571522526443005	-0.003106337273493409	-0.0013181758113205433	-0.00201203441247344	-0.07222487032413483	0.013041938655078411	0.007472066208720207	-0.00013777587446384132	0.006549245212227106	0.0018301050877198577	0.000611231429502368	0.004806401673704386	-0.05850602686405182	0.029229944571852684	0.030889295041561127	-0.03242435306310654	-0.12140776962041855	-0.007743292488157749	-0.08575265854597092
ENSMUSG00000071632	0.00691075436770916	0.02033170871436596	-0.003304185578599572	0.03215818852186203	-0.024993963539600372	0.006946681533008814	0.018247487023472786	0.23201465606689453	0.0087505541741848	0.010549702681601048	0.0008566347532905638	-0.019808724522590637	0.01719878986477852	0.009040087461471558	0.015376732684671879	0.29949021339416504	-0.007262821774929762	0.07320497184991837	0.05458436906337738	0.46697166562080383	-0.0006138069438748062	0.332311749458313
ENSMUSG00000110421	0.02607296220958233	0.028496958315372467	0.013878264464437962	0.00840384978801012	-0.004889217205345631	-0.0037055322900414467	-0.004030418116599321	-0.0748075544834137	0.006244082469493151	0.0302701648324728	-0.00425017299130559	0.011057344265282154	-0.0008391893934458494	0.0010307503398507833	0.0048116836696863174	-0.07224449515342712	0.0440293587744236	0.06214146316051483	-0.042585186660289764	-0.07566496729850769	-0.006235338281840086	-0.11429543793201447
ENSMUSG00000094181	-0.10803068429231644	-0.22050966322422028	-0.026485972106456757	-0.05192337557673454	-0.0328693650662899	-0.07932398468255997	0.025736751034855843	-0.1055631935596466	-0.04727441817522049	-0.22943781316280365	-0.01883648708462715	-0.014530365355312824	-0.013789267279207706	-0.02652907930314541	0.04801816865801811	-0.24066951870918274	-0.16050326824188232	-0.27358344197273254	0.2254774421453476	-0.6104251742362976	-0.00779779814183712	-0.41069161891937256
ENSMUSG00000027244	0.008939582854509354	0.015460889786481857	-0.008134602569043636	0.03243648633360863	-0.016654666513204575	0.008700923062860966	0.016323989257216454	0.31107285618782043	0.019576244056224823	0.01243039034307003	-0.0070784734562039375	-0.015478482469916344	0.018083343282341957	0.008828449063003063	-0.025399737060070038	0.29933464527130127	-0.006812740117311478	0.0666278824210167	0.05696285888552666	0.4335809350013733	-0.004667036235332489	0.47850409150123596
ENSMUSG00000029360	0.01388672273606062	0.03629150986671448	0.010928218252956867	0.019803185015916824	-0.007875769399106503	-0.004057534504681826	-0.00116346322465688	-0.05232031270861626	0.012904457747936249	0.04659793898463249	-0.012576890178024769	0.009921845979988575	0.006966670975089073	0.005856261122971773	0.006660561542958021	-0.012908282689750195	0.04998983070254326	0.02405574358999729	0.017744701355695724	0.07145807147026062	-0.007632391527295113	-0.06872829049825668
ENSMUSG00000101480	-0.00318538723513484	0.004964043851941824	0.002383736427873373	-0.017426367849111557	-0.0011680212337523699	-0.004225085023790598	-0.009955368936061859	-0.11598068475723267	-0.002057635225355625	0.011114537715911865	0.00017918786033988	0.012023070827126503	-0.0018925261683762074	0.0013702914584428072	-1.2887455341115128e-05	-0.08548235893249512	0.026893530040979385	-0.00592627702280879	-0.021644113585352898	-0.09535419195890427	-0.01165431272238493	-0.05297810211777687
ENSMUSG00000056509	0.022449064999818802	0.039295803755521774	0.008781975135207176	0.03530969098210335	-0.012122023850679398	-0.002060661092400551	-0.0037781009450554848	-0.09493456780910492	0.00519126420840621	0.065526083111763	-0.002358598168939352	0.005319234915077686	-0.0010602469556033611	0.018479587510228157	-0.0029316991567611694	-0.012522880919277668	0.025897931307554245	0.03154371306300163	-0.00576833775267005	-0.08463079482316971	-0.007833680137991905	-0.05660679191350937
ENSMUSG00000022512	0.0027002349961549044	0.03538239747285843	-0.00042742182267829776	0.01473098061978817	0.001961591187864542	0.006425219587981701	-0.008704614825546741	0.007190884556621313	-0.0008072170894593	0.030329789966344833	0.002416118746623397	-0.0001573736808495596	-0.0016019308241084218	0.004615600220859051	-0.009526213631033897	0.003018504474312067	0.0021616085432469845	0.03432847559452057	-0.0642089694738388	-0.14950133860111237	-0.008741218596696854	-0.06488187611103058
ENSMUSG00000058709	0.004379532299935818	0.02038918249309063	-0.020327676087617874	0.0249770600348711	-0.016615089029073715	0.006005630362778902	0.058912768959999084	0.21372300386428833	0.027689743787050247	0.005555982701480389	-0.005435892380774021	-0.021370118483901024	0.025752291083335876	-0.0003525193314999342	-0.04086882621049881	0.2314736545085907	-0.02187604270875454	0.0726170763373375	0.07902702689170837	0.5381391644477844	0.02922607585787773	0.36326533555984497
ENSMUSG00000113140	-0.013002520427107811	0.0015231430297717452	1.0837758964044042e-05	-0.012690961360931396	-0.01183201652020216	0.003008145373314619	-0.00034954093280248344	-0.08905094116926193	0.0133008798584342	0.022472575306892395	-0.010235466994345188	0.007520673796534538	0.012144248932600021	0.0065977065823972225	-0.0015241896035149693	-0.07209596782922745	0.025761349126696587	0.008606686256825924	-0.010361099615693092	-0.028135569766163826	-0.00902895350009203	-0.04563355818390846
ENSMUSG00000027011	0.003631081897765398	0.0046423012390732765	0.001315005123615265	0.04114513471722603	-0.019249461591243744	0.0022266118321567774	0.013457090593874454	0.26478487253189087	0.002846052870154381	0.0048845792189240456	-0.004269821103662252	-0.023352505639195442	0.010396893136203289	0.01127528678625822	-0.007951063103973866	0.3174727261066437	0.005581855308264494	0.07990933954715729	0.020971816033124924	0.5133679509162903	-0.00562750268727541	0.3103211522102356
ENSMUSG00000080917	0.010552028194069862	-0.042094636708498	-0.01279674656689167	-0.028613058850169182	0.0008985603344626725	-0.01024247519671917	-0.030297068879008293	-0.1999930739402771	0.0023469175212085247	-0.07639656960964203	0.015981525182724	-0.036511488258838654	0.007617027964442968	-0.019260790199041367	0.02189582772552967	-0.07631415128707886	0.001703652087599039	-0.1212182343006134	-0.036363355815410614	-0.6155073642730713	-0.011815547943115234	-0.23972707986831665
ENSMUSG00000022991	0.030873842537403107	0.022708924487233162	0.02693256363272667	0.012138031423091888	-0.007369336672127247	-0.0008989142370410264	-0.002884856192395091	-0.045810580253601074	0.0005752962315455079	0.03461415320634842	0.005271760281175375	0.0016910939011722803	-0.0005280580371618271	0.020108038559556007	-0.004589992109686136	-0.047652143985033035	0.04554690420627594	0.05311541259288788	-0.051240380853414536	-0.05788009613752365	-0.005803870502859354	-0.0254964642226696
ENSMUSG00000053080	0.005211942829191685	0.008501087315380573	-0.01305624283850193	0.028993310406804085	-0.023377707228064537	0.0027858568355441093	0.03878723084926605	0.26003316044807434	0.01808406040072441	0.007366678211838007	-0.012442605569958687	-0.03961057588458061	0.02083771862089634	0.008286655880510807	-0.043328844010829926	0.2636694014072418	-0.01132965087890625	0.04911932349205017	0.09010401368141174	0.3324134051799774	0.019794922322034836	0.3862498104572296
ENSMUSG00000029123	0.010967147536575794	0.009006994776427746	0.007006343454122543	0.00100647599902004	-0.006006881128996611	0.005243634805083275	-0.002259338740259409	0.05403061956167221	0.011808192357420921	0.0384381040930748	-0.010834245942533016	-0.009923422709107399	-0.000572696968447417	0.01654239371418953	-0.014695360325276852	-0.019235890358686447	0.026808850467205048	0.04985494166612625	-0.04493885859847069	0.006890168413519859	-0.007185615133494139	0.0758516788482666
ENSMUSG00000060416	0.03070591203868389	0.018718013539910316	0.016571132466197014	0.013827153481543064	-0.003595777554437518	-0.0024281071964651346	-0.003189388196915388	-0.058207184076309204	0.00663983216509223	0.05919240415096283	-0.006849377881735563	0.0043244133703410625	0.0030533268582075834	0.016673117876052856	-0.002186462515965104	-0.06035742163658142	0.045287128537893295	0.03566880151629448	-0.031668771058321	-0.04867437481880188	-0.006952797994017601	-0.04252371937036514
ENSMUSG00000005131	0.005170468706637621	0.025807179510593414	-0.005570326931774616	0.02658463455736637	-0.012531160376966	0.005496482364833355	0.03199866786599159	0.1815999448299408	0.01740536093711853	0.013171233236789703	-0.0020611663348972797	-0.010755007155239582	0.02017885260283947	0.006600128952413797	-0.03448422998189926	0.14568482339382172	-0.00884215347468853	0.047013312578201294	0.03623130917549133	0.6640157103538513	0.004519516136497259	0.2729530930519104
ENSMUSG00000086881	0.00785831268876791	0.02609339728951454	-0.003035159781575203	0.0035084185656160116	-0.014255574904382229	0.004683457314968109	0.007335209753364325	0.11950530111789703	0.014285351149737835	0.014444933272898197	-0.0441775880753994	-0.030563484877347946	0.016326064243912697	0.015347648411989212	-0.06580618768930435	0.13910460472106934	0.019211744889616966	0.03264860808849335	0.09659000486135483	0.12422918528318405	0.02876109443604946	0.15003971755504608
ENSMUSG00000025090	0.009335570968687534	0.008666611276566982	0.007443213369697332	0.0041394722647964954	-0.007725841831415892	-0.0018835021182894707	-0.00903603807091713	0.004169600084424019	0.007951641455292702	0.020469896495342255	-0.005076730623841286	0.00468793697655201	0.0027528461068868637	0.018149223178625107	-0.008609229698777199	-0.056491512805223465	0.02289620228111744	0.04705284163355827	-0.020074544474482536	0.0012397684622555971	-0.007553824223577976	0.01338700670748949
ENSMUSG00000021771	0.0171799398958683	-0.0751030221581459	-0.005595047492533922	-0.13384878635406494	-0.007143412716686726	0.08374181389808655	0.007666460238397121	-0.22812582552433014	-0.002396042924374342	-0.20341183245182037	-0.006697297096252441	-0.0021854618098586798	0.014432422816753387	-0.11676332354545593	0.022496148943901062	-0.1698504090309143	0.008423039689660072	-0.15885227918624878	0.075306735932827	-0.8433985710144043	-0.015104277990758419	-0.5271400213241577
ENSMUSG00000103851	-0.022729048505425453	0.013590839691460133	-0.008429761976003647	-0.013528283685445786	0.006356683559715748	-0.0044214921072125435	-0.009484274312853813	-0.0951378270983696	-0.010307553224265575	0.029282934963703156	0.008102789521217346	0.005325821228325367	0.008706542663276196	0.009239026345312595	0.006068883929401636	-0.09159237146377563	0.015595871955156326	-0.0007869463879615068	-0.011920707300305367	-0.045477140694856644	-0.008882079273462296	-0.04275863245129585
ENSMUSG00000020044	0.01106515247374773	0.022131111472845078	0.00858498178422451	0.012121009640395641	-0.007947130128741264	0.0033453458454459906	0.000370083813322708	0.1271299123764038	0.011085626669228077	0.013882827945053577	-0.01111077144742012	-0.01619420200586319	0.0009955993155017495	0.018656305968761444	-0.020156312733888626	0.042659152299165726	0.02690603956580162	0.05651739612221718	-0.0010023554787039757	0.16413524746894836	-0.005711753387004137	0.1104603111743927
ENSMUSG00000038210	0.01476050354540348	0.02792738378047943	0.010331357829272747	0.01414132583886385	-0.0024439969565719366	-2.997005321958568e-05	0.000297610298730433	0.021971870213747025	0.015238585881888866	0.019544411450624466	-0.0231990534812212	-0.0014502150006592274	0.003839940996840596	0.01517780777066946	-0.025447946041822433	0.02776249125599861	0.03170184791088104	0.058333322405815125	0.006683277431875467	0.002285776659846306	0.003453973913565278	-0.05507154390215874
ENSMUSG00000045027	0.02596612647175789	0.02687004953622818	0.009130680933594704	0.025971338152885437	-0.0012568479869514704	0.0028676101937890053	-0.0035481934901326895	-0.04061274603009224	0.014458508230745792	0.038901835680007935	-0.010906938463449478	0.009188687428832054	-0.0006912692915648222	0.0010193285997956991	-0.014085386879742146	-0.0266275592148304	0.0379328690469265	0.04596738889813423	-0.02154354751110077	-0.11526350677013397	-0.0028363331221044064	0.004472594708204269
ENSMUSG00000059316	0.010355561971664429	0.026479126885533333	0.005680933594703674	0.009987154975533485	-0.009722362272441387	0.00726926326751709	0.003544303821399808	0.17987290024757385	0.020000284537672997	0.018726155161857605	-0.006057553458958864	-0.019832920283079147	0.004077673424035311	0.01684674434363842	-0.01928735338151455	0.25636523962020874	0.018861031159758568	0.05487086623907089	0.02835533581674099	0.27653828263282776	-0.006896840874105692	0.22232364118099213
ENSMUSG00000112803	0.01434615533798933	0.03247116878628731	0.0015457964036613703	0.011022849939763546	-0.011027009226381779	0.004867400974035263	-0.012843905948102474	-0.006247199606150389	0.013496712781488895	0.012948691844940186	-0.005968532525002956	-0.009614231996238232	-6.830595521023497e-05	0.01256259810179472	-0.015428870916366577	0.07930484414100647	0.024371325969696045	0.049158744513988495	-0.01804373413324356	-0.03766171261668205	-0.00672067329287529	-0.029555927962064743
ENSMUSG00000116619	-0.011099798604846	0.00733190169557929	-0.006095807999372482	0.0052930754609405994	0.0003716645296663046	-0.0022955886088311672	-0.023801224306225777	-0.11617820709943771	-0.011632128618657589	0.013187076896429062	0.015850264579057693	0.029216108843684196	-0.00981320720165968	-0.0060294317081570625	0.0024090856313705444	-0.09866639226675034	-0.0050597949884831905	0.023569591343402863	-0.04323102906346321	-0.028794994577765465	-0.008959069848060608	-0.06689325720071793
ENSMUSG00000049470	0.006337253842502832	0.019849438220262527	-0.005772405304014683	0.03600510209798813	-0.022685479372739792	0.010425464250147343	0.02361045591533184	0.25020432472229004	0.02020549774169922	0.010715063661336899	-0.006669974885880947	-0.023076875135302544	0.027614379301667213	0.00489575881510973	-0.023221304640173912	0.30580949783325195	-0.008592803031206131	0.07738392055034637	0.051163606345653534	0.5915782451629639	0.0013842448825016618	0.44615623354911804
ENSMUSG00000029705	0.009328896179795265	0.018272606655955315	-0.0006067451904527843	0.027662651613354683	-0.02070668153464794	0.005418556742370129	0.009544354863464832	0.29710251092910767	0.0161955114454031	0.010034053586423397	-0.014970457181334496	-0.027945218607783318	0.012390482239425182	0.014913810417056084	-0.024083442986011505	0.29772281646728516	0.008950835093855858	0.06483341753482819	0.022419283166527748	0.3542381227016449	-0.00832414161413908	0.3835614025592804
ENSMUSG00000102569	-0.002849557204172015	-0.0008989744819700718	0.005738427862524986	0.030487824231386185	-0.0008580993744544685	-0.0026702675968408585	-0.006949170958250761	-0.08772529661655426	-0.003308313200250268	-0.00019452799460850656	-0.00035705408663488925	0.009374984540045261	0.003972644917666912	0.010175037197768688	0.009751414880156517	-0.08582481741905212	-0.0023932193871587515	-0.02932940423488617	-0.00768111040815711	-0.05247160419821739	-0.008890200406312943	-0.036094654351472855
ENSMUSG00000003721	0.01948980614542961	0.0366133376955986	0.00759301008656621	-0.01355805154889822	-0.006996250245720148	-0.0010381006868556142	-0.006816713605076075	-0.12208212912082672	0.007046530954539776	0.02965620718896389	-0.008982802741229534	0.006327747832983732	-7.636815280420706e-05	0.008797099813818932	-0.002993929199874401	-0.03182493522763252	0.025397056713700294	0.018805844709277153	-0.0046759662218391895	-0.08287573605775833	-0.011061579920351505	-0.08058087527751923
ENSMUSG00000112919	0.006750977132469416	0.02691362425684929	0.01119588129222393	-0.0011013699695467949	0.012516774237155914	0.0014258396113291383	-0.007578720338642597	-0.06871824711561203	-0.008442556485533714	-0.0369306318461895	-0.00028820353327319026	0.009431096725165844	-0.0019076840253546834	0.004501773044466972	-0.003115715691819787	-0.08446794748306274	0.0036894644144922495	0.02187868393957615	-0.05962074175477028	-0.23274973034858704	-0.007243580184876919	-0.13195852935314178
ENSMUSG00000034006	0.02819451317191124	0.026400692760944366	0.006212199106812477	0.026136327534914017	-0.009566795080900192	-0.001658812863752246	-0.003910230007022619	-0.10489405691623688	0.009929871186614037	0.048125628381967545	-0.013330395333468914	0.010291775688529015	0.0039593856781721115	-0.013721673749387264	0.0038651684299111366	-0.06723818928003311	0.0347396656870842	0.021721892058849335	0.017141032963991165	0.009842551313340664	-0.010709824971854687	0.01994067244231701
ENSMUSG00000098302	0.006918079219758511	0.020064570009708405	-0.004165452439337969	0.04708397760987282	-0.01944275014102459	0.007510514929890633	0.019358960911631584	0.3018568456172943	0.013671078719198704	0.00479398388415575	-0.0048075527884066105	-0.018770692870020866	0.01843985728919506	0.007101701572537422	-0.020523402839899063	0.3288642466068268	-0.005689408164471388	0.08457309007644653	0.03138427808880806	0.569623589515686	-0.004345396533608437	0.47130799293518066
ENSMUSG00000020228	0.00810968317091465	0.024484727531671524	-0.0029053050093352795	0.015411244705319405	-0.018964773043990135	0.009786052629351616	0.019669806584715843	0.2129480391740799	0.02419353276491165	0.013335492461919785	-0.006158511620014906	-0.019914863631129265	0.019236130639910698	0.007625940255820751	-0.037057243287563324	0.2161451280117035	-0.0037645853590220213	0.062309380620718	0.03870673105120659	0.6075766086578369	0.002332600299268961	0.19890882074832916
ENSMUSG00000105356	0.03415217250585556	0.013385580852627754	0.003964247647672892	0.007458983454853296	0.000994571833871305	-0.002936951583251357	-0.001916359644383192	-0.0834573432803154	-0.0033531265798956156	0.05087432265281677	-0.006018221843987703	0.01134662888944149	0.012387518770992756	0.008741096593439579	0.02609570324420929	-0.07428351789712906	0.012019774876534939	0.0267493799328804	-0.05400773882865906	-0.08258632570505142	-0.00793593842536211	-0.06658391654491425
ENSMUSG00000020629	0.0074923960492014885	0.023313632234930992	-0.0033082335721701384	0.02769061177968979	-0.01549314521253109	0.0059477416798472404	0.012966971844434738	0.214945986866951	0.015937678515911102	0.016196388751268387	-0.002063214313238859	-0.017222942784428596	0.010840567760169506	0.0073949736542999744	-0.0010923295048996806	0.2947083115577698	0.0009182434296235442	0.07311426103115082	0.058108266443014145	0.5688458681106567	-0.005087492521852255	0.23436668515205383
ENSMUSG00000022427	0.0074098557233810425	0.011152573861181736	-0.014634952880442142	0.011331009678542614	-0.025539645925164223	0.003278058487921953	0.02954801358282566	0.21544860303401947	0.023160135373473167	0.008856790140271187	-0.01779189705848694	-0.036431360989809036	0.01994285359978676	0.011915182694792747	-0.028783505782485008	0.22222591936588287	0.0020341763738542795	0.049816932529211044	0.07706058770418167	0.2663964033126831	0.02047031931579113	0.4476812481880188
ENSMUSG00000045350	0.028129516169428825	0.014511254616081715	0.011332815513014793	0.009562038816511631	-0.009773261845111847	-0.0031538682524114847	-0.0014329361729323864	-0.05950657278299332	0.010670537129044533	0.04392409697175026	-0.007398643065243959	0.007184819784015417	0.007569914683699608	0.0007353070541284978	0.005490975920110941	-0.03126995638012886	0.04155280441045761	-0.017693912610411644	0.002542286878451705	0.0048370035365223885	-0.0077719297260046005	-0.028823526576161385
ENSMUSG00000034813	0.008653942495584488	0.014418116770684719	0.003348991274833679	0.01541167963296175	-0.017375728115439415	0.002890185220167041	0.002211497165262699	0.2481926679611206	0.011376994661986828	0.012123911641538143	-0.014133328571915627	-0.02848833054304123	0.006160656921565533	0.017527101561427116	-0.020920973271131516	0.28316372632980347	0.016274942085146904	0.044174131006002426	-0.0034715428482741117	0.2346455454826355	-0.00811088178306818	0.14912502467632294
ENSMUSG00000106756	0.017152251675724983	0.02183808572590351	0.01161880698055029	0.012576133012771606	-0.0034276482183486223	-2.6826104658539407e-05	-0.006478500552475452	-0.07274480164051056	0.013509410433471203	0.021051865071058273	-0.007965742610394955	0.004781183321028948	0.0034173729363828897	0.009601825848221779	-0.00536113977432251	-0.0019012317061424255	0.029684120789170265	0.03964809700846672	-0.0223919078707695	-0.07586740702390671	-0.005914858542382717	-0.039518699049949646
ENSMUSG00000021814	0.009757257997989655	0.018822992220520973	-0.0013497271575033665	0.01287054643034935	-0.017723936587572098	0.010168738663196564	0.011983280070126057	0.1934780329465866	0.018492406234145164	0.01533435471355915	-0.005394820589572191	-0.019310826435685158	0.015860702842473984	0.010165977291762829	-0.02777940221130848	0.20145586133003235	0.004423350095748901	0.05823195353150368	0.050400614738464355	0.4918776750564575	-0.0015157045563682914	0.26161694526672363
ENSMUSG00000052921	0.012743677943944931	0.02530067227780819	0.0020821529906243086	0.017124315723776817	-0.010548442602157593	0.008887256495654583	0.00826822780072689	0.07564200460910797	0.01515965722501278	0.028670452535152435	-0.022207103669643402	-0.007651819381862879	0.0029534560162574053	0.014021596871316433	-0.028865355998277664	0.1814119517803192	0.02761705406010151	0.041476357728242874	0.029152989387512207	0.1174483597278595	0.0026212611701339483	0.08200852572917938
ENSMUSG00000100645	-0.10803068429231644	-0.22050966322422028	-0.026485972106456757	-0.05192337557673454	-0.0328693650662899	-0.07932398468255997	0.025736751034855843	-0.1055631935596466	-0.04727441817522049	-0.22943781316280365	-0.01883648708462715	-0.014530365355312824	-0.013789267279207706	-0.02652907930314541	0.04801816865801811	-0.24066951870918274	-0.16050326824188232	-0.27358344197273254	0.2254774421453476	-0.6104251742362976	-0.00779779814183712	-0.41069161891937256
ENSMUSG00000074895	0.018494391813874245	0.047516368329524994	0.007997410371899605	0.001532766968011856	-0.0003539023164194077	0.0008386016124859452	0.0030268311966210604	-0.048677608370780945	0.011530543677508831	0.040887292474508286	-0.0015735524939373136	-0.012176860123872757	-0.002889457158744335	0.019892891868948936	-0.0007911124266684055	0.04877759516239166	0.034697964787483215	0.05111762508749962	0.022525683045387268	0.2171744406223297	-0.004282431676983833	0.10409559309482574
ENSMUSG00000041372	0.008867388591170311	0.015370100736618042	-0.006437385454773903	0.02931290678679943	-0.019462712109088898	0.008314582519233227	0.018663203343749046	0.24601151049137115	0.02145407162606716	0.00993084255605936	-0.01271000225096941	-0.025334561243653297	0.019393151625990868	0.010629071854054928	-0.030918341130018234	0.2905409336090088	-0.001227827393449843	0.0625324547290802	0.05987553298473358	0.4162607192993164	-0.0009848037734627724	0.3625198006629944
ENSMUSG00000023452	0.010306870564818382	0.013532254844903946	-0.004829747602343559	0.023329759016633034	-0.024002067744731903	0.004797419533133507	0.015049610286951065	0.2560829222202301	0.020061124116182327	0.010356016457080841	-0.013902289792895317	-0.021731983870267868	0.01908060722053051	0.011832301504909992	-0.0331057608127594	0.3174407482147217	0.003966403193771839	0.08791572600603104	0.07524216920137405	0.31306397914886475	-0.00529748760163784	0.3414827287197113
ENSMUSG00000032328	0.0038555357605218887	0.0015296201454475522	0.0018089094664901495	0.02708209678530693	-0.02220003865659237	0.004025970585644245	0.006482778582721949	0.29318296909332275	0.0015843117143958807	0.007235279306769371	-0.006340382155030966	-0.025210034102201462	0.007743855006992817	0.015327775850892067	-0.002346522407606244	0.34712955355644226	0.008069369941949844	0.04665929451584816	0.0048813833855092525	0.38146427273750305	-0.007231488823890686	0.36817654967308044
ENSMUSG00000111171	0.013905292376875877	0.011718681082129478	0.009607010520994663	0.022478817030787468	-0.001207593479193747	0.0024854023940861225	-0.0024835621006786823	-0.07326620817184448	0.012127037160098553	0.02105359546840191	-0.011352505534887314	0.0028076989110559225	0.004556187894195318	0.005433216691017151	-0.008805565536022186	0.030090564861893654	0.038549263030290604	0.025720102712512016	-0.017006728798151016	-0.06468658894300461	-0.004763197153806686	-0.03583773225545883
ENSMUSG00000086212	0.010464690625667572	0.023628564551472664	0.0008726243395358324	0.02027815394103527	-0.01673985831439495	0.006435837130993605	0.008973724208772182	0.19791598618030548	0.0169209074229002	0.01813146099448204	-0.017032265663146973	-0.033965758979320526	0.0105434013530612	0.016697650775313377	-0.024135833606123924	0.29353177547454834	0.014791551977396011	0.06811796873807907	0.06790900975465775	0.2952771484851837	-0.006238941568881273	0.2904227077960968
ENSMUSG00000007891	0.00917357299476862	0.029651839286088943	-0.004592499695718288	0.014568541198968887	-0.00932009331882	0.001049670623615384	0.019612815231084824	0.19048132002353668	0.01623668521642685	0.013717805035412312	-0.006363489665091038	-0.020528817549347878	0.01510247215628624	0.008407976478338242	-0.036911796778440475	0.25028204917907715	-0.0031230575405061245	0.0544435940682888	0.08486264944076538	0.3826012909412384	-0.0029019638895988464	0.24935798346996307
ENSMUSG00000105516	0.017660243436694145	0.025734251365065575	0.002194418804720044	0.031090764328837395	0.0014796345494687557	-0.002559374086558819	-0.007571506313979626	-0.0664060041308403	0.005057646427303553	0.032166462391614914	0.0008765326929278672	0.009906080551445484	-0.001948355115018785	-0.010607167147099972	-0.0011049009626731277	-0.04828975722193718	0.023135516792535782	0.021333705633878708	-0.04456952586770058	-0.10716883838176727	-0.0072119771502912045	-0.07047867029905319
ENSMUSG00000038400	0.008587205782532692	0.0130495335906744	-0.004633582197129726	0.020795410498976707	-0.020673010498285294	0.003420114517211914	0.018809854984283447	0.20327924191951752	0.020201656967401505	0.012643154710531235	-0.020726459100842476	-0.02675524167716503	0.014425448141992092	0.013784153386950493	-0.04123694449663162	0.1688503623008728	0.010664526373147964	0.03085433505475521	0.051364075392484665	0.27667731046676636	0.0028912327252328396	0.2060106247663498
ENSMUSG00000024515	0.00621439516544342	0.0031116665340960026	-0.0006622169748879969	0.034210070967674255	-0.01728314720094204	0.005303658079355955	0.01960664801299572	0.26215970516204834	0.013753598555922508	0.009303447790443897	-0.012842552736401558	-0.031111078336834908	0.01239767111837864	0.01563781313598156	-0.02323082648217678	0.32709935307502747	0.006247682496905327	0.07933294773101807	0.03258731588721275	0.3799612522125244	-0.006660576909780502	0.3426128327846527
ENSMUSG00000004561	-0.002218276960775256	-0.014193378388881683	-0.003105804556980729	0.011369036510586739	0.0011491449549794197	-0.009624291211366653	0.03159772604703903	0.279660165309906	-0.0037383371964097023	0.007160325068980455	-0.0006573277642019093	-0.001496299053542316	-0.01484628301113844	0.004857846535742283	-0.02665640041232109	0.2894818186759949	-0.01496060099452734	0.012448719702661037	0.036411866545677185	0.4476180672645569	0.0025451474357396364	0.30581220984458923
ENSMUSG00000114333	-0.05005212128162384	0.0018914650427177548	0.012133922427892685	0.007018983829766512	0.14759249985218048	0.0063452706672251225	0.0031896764412522316	-0.15527307987213135	-0.029010463505983353	0.0029481034725904465	0.059733547270298004	-0.0034817703999578953	0.024305155500769615	-0.006427473854273558	0.12699483335018158	-0.07747676223516464	-0.11600946635007858	-0.024158179759979248	0.08972863107919693	-0.30333760380744934	0.10348404198884964	-0.12277323752641678
ENSMUSG00000101907	-0.10803068429231644	-0.22050966322422028	-0.026485972106456757	-0.05192337557673454	-0.0328693650662899	-0.07932398468255997	0.025736751034855843	-0.1055631935596466	-0.04727441817522049	-0.22943781316280365	-0.01883648708462715	-0.014530365355312824	-0.013789267279207706	-0.02652907930314541	0.04801816865801811	-0.24066951870918274	-0.16050326824188232	-0.27358344197273254	0.2254774421453476	-0.6104251742362976	-0.00779779814183712	-0.41069161891937256
ENSMUSG00000095683	-0.10803068429231644	-0.22050966322422028	-0.026485972106456757	-0.05192337557673454	-0.0328693650662899	-0.07932398468255997	0.025736751034855843	-0.1055631935596466	-0.04727441817522049	-0.22943781316280365	-0.01883648708462715	-0.014530365355312824	-0.013789267279207706	-0.02652907930314541	0.04801816865801811	-0.24066951870918274	-0.16050326824188232	-0.27358344197273254	0.2254774421453476	-0.6104251742362976	-0.00779779814183712	-0.41069161891937256
ENSMUSG00000026200	0.010880572721362114	0.028755104169249535	-0.006340397987514734	0.009527320973575115	-0.013834904879331589	0.008495954796671867	0.01677457056939602	0.15531042218208313	0.023436876013875008	0.01674032025039196	-0.013896751217544079	-0.017145104706287384	0.0158320851624012	0.010959518142044544	-0.04126906394958496	0.10797878354787827	0.007285228930413723	0.02016112394630909	0.08143971115350723	0.38682815432548523	0.005438321735709906	0.22644667327404022
ENSMUSG00000114120	-0.10803068429231644	-0.22050966322422028	-0.026485972106456757	-0.05192337557673454	-0.0328693650662899	-0.07932398468255997	0.025736751034855843	-0.1055631935596466	-0.04727441817522049	-0.22943781316280365	-0.01883648708462715	-0.014530365355312824	-0.013789267279207706	-0.02652907930314541	0.04801816865801811	-0.24066951870918274	-0.16050326824188232	-0.27358344197273254	0.2254774421453476	-0.6104251742362976	-0.00779779814183712	-0.41069161891937256
ENSMUSG00000087035	0.02025526762008667	0.014511605724692345	0.002198141533881426	0.015962138772010803	-0.002699628472328186	0.0022748152259737253	-0.005981611553579569	-0.07527348399162292	0.013519858941435814	0.0350782535970211	0.00086350052151829	0.009624043479561806	0.008332133293151855	-0.004365344997495413	-0.00505540706217289	0.027335412800312042	0.016270026564598083	0.04388051852583885	-0.047500163316726685	-0.06823349744081497	-0.005836434196680784	-0.07998868823051453
ENSMUSG00000114595	0.02512506954371929	-0.005011966452002525	0.009153978899121284	0.02773400954902172	0.001776563236489892	-0.0025359527207911015	-0.006773540750145912	-0.06464453786611557	-0.001462254673242569	0.04383029788732529	0.059908684343099594	0.00482772896066308	-0.0022738550323992968	0.0013967050472274423	0.021369412541389465	-0.07011318951845169	0.02893976867198944	0.03157702088356018	-0.07501950114965439	-0.1881406456232071	-0.020299458876252174	-0.07585945725440979
ENSMUSG00000021363	0.012724647298455238	0.020465455949306488	0.007453204598277807	0.020517675206065178	-0.01787997968494892	0.0038969973102211952	0.00466914614662528	0.13580067455768585	0.015858102589845657	0.02266291342675686	-0.01435154303908348	-0.019781168550252914	0.005966969300061464	0.018678395077586174	-0.023541299626231194	0.1597951352596283	0.025526627898216248	0.051520880311727524	0.005462584085762501	0.19151705503463745	-0.00671015540137887	0.18002484738826752
ENSMUSG00000072295	0.011162114329636097	-0.003457960207015276	0.0024087706115096807	0.017127953469753265	-0.0037917736917734146	-0.005226693116128445	-0.008669394999742508	-0.06234617158770561	0.004491535946726799	0.04272545501589775	-0.005640998017042875	0.004777415189892054	0.00433801906183362	-0.0051195500418543816	-0.005827797576785088	0.03811701387166977	0.018963228911161423	0.036268576979637146	-0.024213749915361404	0.03784443438053131	-0.004910883493721485	-0.013765834271907806
ENSMUSG00000017830	0.030576953664422035	0.03576255962252617	0.007874843664467335	0.02468077838420868	-0.006992849055677652	0.00038940724334679544	0.002853193785995245	-0.023098645731806755	0.01861821860074997	0.029757965356111526	-0.017453515902161598	0.007958062924444675	0.004847259726375341	0.01918642409145832	-0.0071522933430969715	-0.017869146540760994	0.041509758681058884	0.03464459255337715	0.06084121763706207	0.06759660691022873	0.001837987918406725	-0.02437560260295868
ENSMUSG00000110898	0.01757035218179226	0.02717730775475502	0.004812152590602636	0.0039777555502951145	-0.005246690474450588	0.0032986358273774385	-0.003992602229118347	-0.08159244805574417	0.006382144056260586	0.002018057508394122	-0.008406645618379116	0.00704326294362545	0.0036152289249002934	0.008916014805436134	-0.003928115591406822	-0.037213508039712906	0.020182576030492783	0.03321758657693863	-0.02694515883922577	-0.11240433901548386	-0.0077247838489711285	-0.05295834690332413
ENSMUSG00000101773	0.010541860945522785	0.02920127846300602	-0.0009636719478294253	0.014802352525293827	-0.01385748665779829	0.009059070609509945	0.03361600637435913	0.09582104533910751	0.025880182161927223	0.019243374466896057	-0.010348676703870296	-0.011556591838598251	0.008828265592455864	0.011616874486207962	-0.004277186468243599	0.13753235340118408	0.01222648099064827	0.028083862736821175	0.09812481701374054	0.426932692527771	0.013570350594818592	0.11931940913200378
ENSMUSG00000055003	0.019766466692090034	0.03450334817171097	0.006128240842372179	0.01909867487847805	-0.009517280384898186	0.007883801124989986	0.004059421829879284	0.04982856661081314	0.015589078888297081	0.04368584230542183	-0.016704954206943512	-0.012024062685668468	0.00425331573933363	0.019372964277863503	-0.019120344892144203	0.019944623112678528	0.03480222821235657	0.05015024542808533	0.028510427102446556	0.07524600625038147	0.002672840841114521	0.014899599365890026
ENSMUSG00000101253	0.005123289301991463	-0.009634723886847496	-0.0004767661157529801	0.0003614516172092408	-0.0023552284110337496	-0.005422412883490324	-0.010735400952398777	-0.08669957518577576	-0.0038420963101089	0.00017201373702846467	-0.0017455668421462178	0.010057469829916954	-0.0013490767451003194	0.015935851261019707	-0.002927242312580347	-0.07646206021308899	0.01803223229944706	-0.08393897861242294	-0.03113403357565403	-0.045132651925086975	-0.009586440399289131	-0.05495307594537735
ENSMUSG00000021504	0.009328526444733143	0.025572672486305237	-0.0012862026924267411	0.020548248663544655	-0.01263422891497612	0.004363910295069218	0.011806520633399487	0.19924578070640564	0.01590931974351406	0.01437635812908411	-0.01465284451842308	-0.02742695063352585	0.009809771552681923	0.014985974878072739	-0.025097375735640526	0.2658558189868927	0.0134688476100564	0.044001296162605286	0.03711345046758652	0.26182836294174194	-0.004906725604087114	0.37395310401916504
ENSMUSG00000030641	0.0037403765600174665	0.01599530130624771	0.0020164630841463804	0.04833609610795975	-0.02042761817574501	0.010642128065228462	0.01489244494587183	0.304444819688797	0.004870885517448187	0.009312670677900314	-0.00038813796709291637	-0.01097012311220169	0.01306262519210577	0.006590628996491432	-0.015305262990295887	0.3070334792137146	0.0004860167682636529	0.07943370193243027	0.05296286195516586	0.5728696584701538	-0.0006025509792380035	0.3988691568374634
ENSMUSG00000104818	0.015958009287714958	0.023910310119390488	0.012062259018421173	0.0166457612067461	-0.004078630357980728	-0.003239103825762868	-0.0006149092805571854	-0.02617606893181801	0.01208167988806963	0.02934173122048378	-0.007281346246600151	0.004045485984534025	0.0035340250469744205	0.01754385232925415	-0.004470066167414188	-0.05202971771359444	0.04271052032709122	0.020057685673236847	0.0018243241356685758	0.2329845279455185	-0.004365348257124424	-0.023603156208992004
ENSMUSG00000092162	0.00808221660554409	-0.0159708634018898	0.007769664749503136	-0.007545151747763157	-0.009036306291818619	-0.005003676284104586	-0.0038259767461568117	-0.08363157510757446	1.71970204974059e-05	0.0343104712665081	-0.0017117667011916637	0.008984158746898174	0.005443556234240532	0.01905958540737629	0.0006000343128107488	-0.11801667511463165	0.028071822598576546	-0.02759409137070179	0.0003477446734905243	-0.07537849992513657	-0.014331365004181862	-0.05092225596308708
ENSMUSG00000111302	-0.10803068429231644	-0.22050966322422028	-0.026485972106456757	-0.05192337557673454	-0.0328693650662899	-0.07932398468255997	0.025736751034855843	-0.1055631935596466	-0.04727441817522049	-0.22943781316280365	-0.01883648708462715	-0.014530365355312824	-0.013789267279207706	-0.02652907930314541	0.04801816865801811	-0.24066951870918274	-0.16050326824188232	-0.27358344197273254	0.2254774421453476	-0.6104251742362976	-0.00779779814183712	-0.41069161891937256
ENSMUSG00000112868	0.00801869947463274	0.023644842207431793	0.002339870436117053	-0.006334099918603897	-7.940996147226542e-05	-0.002846968360245228	-0.005085983779281378	-0.08926044404506683	0.0054580774158239365	0.011974513530731201	0.001570990076288581	0.010284082032740116	0.0033007373567670584	0.005950425285845995	-0.002530219964683056	-0.060300398617982864	-0.007825527340173721	0.01629081554710865	-0.042927611619234085	-0.18478184938430786	-0.006777416914701462	-0.11067193746566772
ENSMUSG00000112821	0.027073519304394722	0.016644420102238655	0.005805909633636475	0.025553559884428978	-0.00560800451785326	-0.004556409083306789	-0.008390995673835278	-0.04509569704532623	0.007979913614690304	0.04141968861222267	-0.012021882459521294	0.0009241823572665453	0.0069544073194265366	0.00620582839474082	-0.0026224753819406033	-0.019621117040514946	0.02992461994290352	0.010708827525377274	-0.042700041085481644	0.021836496889591217	-0.005345962475985289	-0.020167546346783638
ENSMUSG00000092092	0.00480859586969018	0.03530921787023544	-0.0034419093281030655	0.00909701082855463	-0.0015167475212365389	0.0008119700942188501	-0.009763429872691631	-0.08411216735839844	-0.004239535890519619	0.027230024337768555	0.0024793753400444984	0.010583175346255302	0.0003105780342593789	-0.017233185470104218	-0.0032130705658346415	-0.06362973898649216	0.0005253366543911397	0.023688245564699173	-0.037334948778152466	-0.11988861858844757	-0.00680624321103096	-0.10530015826225281
ENSMUSG00000006403	-0.10803068429231644	-0.22050966322422028	-0.026485972106456757	-0.05192337557673454	-0.0328693650662899	-0.07932398468255997	0.025736751034855843	-0.1055631935596466	-0.04727441817522049	-0.22943781316280365	-0.01883648708462715	-0.014530365355312824	-0.013789267279207706	-0.02652907930314541	0.04801816865801811	-0.24066951870918274	-0.16050326824188232	-0.27358344197273254	0.2254774421453476	-0.6104251742362976	-0.00779779814183712	-0.41069161891937256
ENSMUSG00000121293	-0.10803068429231644	-0.22050966322422028	-0.026485972106456757	-0.05192337557673454	-0.0328693650662899	-0.07932398468255997	0.025736751034855843	-0.1055631935596466	-0.04727441817522049	-0.22943781316280365	-0.01883648708462715	-0.014530365355312824	-0.013789267279207706	-0.02652907930314541	0.04801816865801811	-0.24066951870918274	-0.16050326824188232	-0.27358344197273254	0.2254774421453476	-0.6104251742362976	-0.00779779814183712	-0.41069161891937256
ENSMUSG00000089671	0.01454718504101038	0.01978963054716587	0.009202075190842152	0.017268085852265358	-0.010239478200674057	0.005692454054951668	0.016142472624778748	0.032923147082328796	0.022315368056297302	0.02640785649418831	-0.011408868245780468	-0.005958974361419678	-0.0004978525685146451	0.014220592565834522	-0.02024425007402897	0.03557015582919121	0.032389357686042786	0.057212308049201965	0.04003848135471344	0.13550415635108948	0.002082826104015112	0.13525879383087158
ENSMUSG00000110629	0.02339393086731434	0.0302754957228899	0.010840820148587227	0.027711929753422737	-0.005432024598121643	0.0020968245808035135	-2.74503581749741e-05	-0.07196583598852158	0.01358048990368843	0.024821026250720024	-0.010912521742284298	0.008139822632074356	0.0026072883047163486	-0.0003229704452678561	-0.007184119895100594	0.012360266409814358	0.03670442849397659	0.040018223226070404	-0.0029574809595942497	-0.10028526186943054	-0.005805832799524069	-0.03814694657921791
ENSMUSG00000001583	0.013233400881290436	0.032225433737039566	6.429738277802244e-05	0.011953195556998253	-0.015144306235015392	0.0006062731263227761	0.015068870969116688	0.11460911482572556	0.017977138981223106	0.02623598650097847	-0.019892128184437752	-0.008505412377417088	0.011906368657946587	0.013025877065956593	-0.02795995958149433	0.1477476954460144	0.02077636867761612	0.04288468882441521	0.08182038366794586	0.20155517756938934	0.007323290221393108	0.1802050918340683
ENSMUSG00000025075	0.021525487303733826	0.013355535455048084	0.0076528750360012054	0.02008729614317417	-0.0013759842840954661	-0.0026406366378068924	-0.002390091074630618	-0.07814948260784149	0.005621981807053089	0.05620008334517479	-0.005714722443372011	0.010887623764574528	0.002098450902849436	0.008543787524104118	0.006299559026956558	-0.041148506104946136	0.030821150168776512	0.047434523701667786	-0.03639193996787071	-0.16015255451202393	-0.007260454818606377	-0.10900425910949707
ENSMUSG00000084999	0.009103624150156975	0.01178195234388113	0.001095226383768022	-0.0002880980900954455	-0.019257277250289917	0.010293726809322834	0.010426711291074753	0.15967601537704468	0.012919214554131031	0.016623511910438538	-0.014101976528763771	-0.02617708407342434	0.013964843936264515	0.012853593565523624	-0.023490164428949356	0.2807677388191223	0.011754480190575123	0.03365127742290497	0.06975685805082321	0.329600989818573	-0.0017368207918480039	0.14221452176570892
ENSMUSG00000116608	0.03771579638123512	0.06012170389294624	0.01097150519490242	0.01808508299291134	-0.004273638594895601	0.005127204116433859	0.000498145935125649	-0.027627432718873024	0.02150089666247368	0.054390572011470795	-0.008280055597424507	0.009092682972550392	0.0016001735348254442	0.014415937475860119	-0.005569216795265675	-0.06048255413770676	0.012174447998404503	0.03773635998368263	-0.0336945503950119	-0.09793064743280411	-0.005073220003396273	-0.06310481578111649
ENSMUSG00000041559	0.02597201056778431	0.03218306601047516	0.00975618977099657	0.026929626241326332	-0.004498370457440615	0.0023120949044823647	-0.0038226619362831116	-0.07334613054990768	0.006995924282819033	0.038736943155527115	-0.013258627615869045	-0.0007347000646404922	-0.0004985634004697204	0.010852024890482426	-0.013905549421906471	0.05869090184569359	0.04013247415423393	0.030967045575380325	0.009124144911766052	-0.053163137286901474	-0.002463332377374172	-0.04496237635612488
ENSMUSG00000031104	-0.0059059844352304935	-0.008420954458415508	-0.000947477063164115	0.01866181194782257	0.015206470154225826	-0.0014692529803141952	-0.013063136488199234	0.2458566129207611	-0.017115019261837006	0.01088675856590271	0.0023704806808382273	-0.00587774021551013	-0.004842789843678474	0.015322116203606129	-0.01624627783894539	0.32862499356269836	0.014315223321318626	0.05864334478974342	0.007658690679818392	0.38546279072761536	-0.008185975253582	0.16536091268062592
ENSMUSG00000113421	0.007178036961704493	0.03827598690986633	-0.00025721683050505817	0.013351153582334518	0.0020353486761450768	0.0005617854185402393	-0.005634199362248182	-0.07083628326654434	0.0007949961582198739	0.029956594109535217	0.0049539413303136826	0.010746575891971588	-0.0004889136762358248	-0.009202663786709309	-0.0032535868231207132	-0.08352943509817123	0.008888239040970802	0.04643406346440315	-0.057527657598257065	-0.24037784337997437	-0.007317231502383947	-0.09447953850030899
ENSMUSG00000114576	0.022817477583885193	0.02942504920065403	0.012853293679654598	0.01466994546353817	-0.007673508487641811	0.0019576542545109987	-0.003163910238072276	-0.06436142325401306	0.015051887370646	0.03798879683017731	-0.011944446712732315	0.005886735860258341	0.005347228609025478	0.013942661695182323	-0.004730782937258482	0.019988657906651497	0.03499484434723854	0.015279662795364857	0.0011065249564126134	-0.03886319324374199	-0.005018251016736031	-0.06193198636174202
ENSMUSG00000041809	0.009861281141638756	0.027026841416954994	0.004436727147549391	0.014144198037683964	-0.016650820150971413	0.0019030001712962985	-0.0028383696917444468	0.13680797815322876	0.01114222127944231	0.0211664866656065	-0.015543989837169647	-0.012063545174896717	0.005700047127902508	0.017387375235557556	-0.023404080420732498	0.19436052441596985	0.02451111003756523	0.04890274628996849	-0.010984811931848526	0.15093810856342316	-0.0064109452068805695	0.1449437290430069
ENSMUSG00000029676	0.0030336955096572638	0.013642924837768078	0.0006083640619181097	0.027913052588701248	-0.01381341926753521	0.008473512716591358	0.00013016969023738056	0.2541646659374237	0.003941626753658056	-0.0009072654647752643	-0.002127478364855051	-0.010494236834347248	0.003502047620713711	0.010316725820302963	-0.007821678183972836	0.31870201230049133	0.005954189691692591	0.06328048557043076	0.02282675728201866	0.5193027853965759	-0.006776723079383373	0.2412814348936081
ENSMUSG00000115726	0.019678153097629547	0.02141563966870308	0.005173875018954277	-0.006781514268368483	-0.0010879588080570102	-0.0013391162501648068	-0.004349844064563513	-0.07612667232751846	0.0021836706437170506	0.03570517897605896	-0.0012216514442116022	0.003102615475654602	0.0026004898827522993	0.004103642422705889	-0.002371730050072074	-0.03601332753896713	0.024550728499889374	-0.005067497957497835	-0.0552302785217762	-0.1179119199514389	-0.006716696545481682	-0.12214135378599167
ENSMUSG00000107811	-0.010609643533825874	-0.005962643772363663	-0.0011128103360533714	0.0066492585465312	-0.0038536658976227045	-0.004579334054142237	-0.006899124942719936	-0.01246786117553711	-0.007086613215506077	0.01350315660238266	0.01664075255393982	-0.0007288875640369952	-0.009903638623654842	0.01537015475332737	-0.013395177200436592	0.010108090937137604	0.014235008507966995	0.04061220958828926	-0.03346819803118706	0.013503546826541424	-0.00834924541413784	-0.08930815011262894
ENSMUSG00000086704	-0.008793356828391552	0.0028538929764181376	-0.007767843548208475	-0.028988003730773926	0.004737257957458496	0.0030361798126250505	-0.011766556650400162	-0.05570097267627716	-0.007942717522382736	0.022776007652282715	0.00415748730301857	0.008132611401379108	-0.0036326441913843155	-0.007116416003555059	-0.010039996355772018	-0.15543672442436218	-0.006015645805746317	-0.01628841832280159	-0.016580119729042053	-0.04679679870605469	-0.006147104315459728	-0.10566553473472595
ENSMUSG00000096934	0.0069811283610761166	0.02143448032438755	-0.0009219467174261808	0.01967695541679859	-0.006162905599921942	-0.005850282497704029	-0.0068013621494174	-0.061269212514162064	-0.00197419011965394	-0.011845661327242851	0.004512299783527851	0.011338620446622372	0.015878990292549133	0.003015652997419238	0.017041945829987526	-0.18358950316905975	0.009907140396535397	0.006466826424002647	-0.01980050839483738	-0.10301829129457474	-0.01411148626357317	-0.022442299872636795
ENSMUSG00000107204	0.022238656878471375	0.021025527268648148	0.011878625489771366	0.01306317187845707	-0.0064867096953094006	-0.0019954077433794737	-0.0014423318207263947	-0.05629868060350418	0.011964606121182442	0.04175136238336563	-0.015423383563756943	0.00031221722019836307	0.00657459395006299	0.011633442714810371	0.0047646816819906235	-0.026794303208589554	0.045216191560029984	0.014072910882532597	0.014727308414876461	0.08156521618366241	-0.005610715132206678	0.00779239134863019
ENSMUSG00000102882	0.015788769349455833	0.022114768624305725	0.009785824455320835	-0.007854796014726162	-0.0028693967033177614	-0.0008620247826911509	-0.012063998728990555	-0.05447041988372803	0.0159753505140543	0.04094034805893898	-0.0036494298838078976	0.013494848273694515	0.005937590729445219	0.007612364366650581	-0.004142203833907843	-0.02018236555159092	-0.013137209229171276	0.05069601535797119	-0.03606276214122772	-0.10182946175336838	-0.004303590394556522	-0.07800071686506271
ENSMUSG00000085701	0.021905982866883278	0.04259771481156349	0.009713588282465935	0.025794394314289093	-0.0010268223704770207	-0.0026751160621643066	-0.0010818667942658067	-0.053741443902254105	0.006478371098637581	0.07228375971317291	-0.005853216629475355	0.007525954861193895	0.002120363526046276	0.006336727645248175	-0.0011001431848853827	-0.018578125163912773	0.03419571742415428	0.032007843255996704	-0.03165844827890396	-0.0671958401799202	-0.005723768845200539	-0.047557368874549866
ENSMUSG00000039578	0.002100906800478697	0.02963731251657009	-0.0008731133420951664	0.006729524116963148	-0.01317791361361742	-0.006764726247638464	-0.007098164409399033	0.1717642992734909	-0.0035367715172469616	0.020087001845240593	-0.004563403315842152	-0.029177449643611908	-0.002015730831772089	0.019981881603598595	-0.0028224748093634844	0.14474506676197052	0.010751290246844292	0.0463903583586216	0.0049716392531991005	0.150423064827919	-0.006903951056301594	0.07884744554758072
ENSMUSG00000028821	0.01093721017241478	0.024044733494520187	0.002697082469239831	0.023933639749884605	-0.020238026976585388	0.006774306762963533	0.008750096894800663	0.19793744385242462	0.01960965432226658	0.01775415427982807	-0.011027761735022068	-0.021002423018217087	-0.0017924541607499123	0.015883522108197212	-0.022919023409485817	0.2609439790248871	0.015038201585412025	0.05579318851232529	0.039691317826509476	0.28296971321105957	-0.007065075449645519	0.36070725321769714
ENSMUSG00000074731	0.006711340043693781	0.01970704458653927	0.0020335956942290068	0.00804835557937622	-0.019421515986323357	0.004535309039056301	0.009143990464508533	0.22832562029361725	0.012831803411245346	0.01109873503446579	-0.019911564886569977	-0.022446133196353912	0.009625080972909927	0.013910118490457535	-0.012122631072998047	0.282469242811203	0.014564498327672482	0.06026159226894379	0.04948164522647858	0.28090518712997437	-0.006949807982891798	0.1636432409286499
ENSMUSG00000054855	0.01320770662277937	0.03208594024181366	0.00485057570040226	0.0158507339656353	-0.021151918917894363	0.010036037303507328	0.008448712527751923	0.10325194150209427	0.017223501577973366	0.02582901529967785	-0.020052162930369377	-0.020962834358215332	0.004351452458649874	0.013058005832135677	-0.019827883690595627	0.21013818681240082	0.028448307886719704	0.05571303516626358	0.023807518184185028	0.1142396479845047	-3.382355862413533e-05	0.16020721197128296
ENSMUSG00000116780	0.005426756106317043	0.026793934404850006	-0.010352922603487968	0.044242702424526215	-0.02223976142704487	0.011401239782571793	0.028535321354866028	0.2587386667728424	0.029389217495918274	0.015037757344543934	0.001444281660951674	-0.017526982352137566	0.022963140159845352	-0.0005544805899262428	-0.025994785130023956	0.29700860381126404	-0.02052420563995838	0.0881781280040741	0.04917490482330322	0.6235533356666565	0.012078043073415756	0.4402501583099365
ENSMUSG00000067764	0.004381321370601654	-0.01226317510008812	0.0027651204727590084	0.020072177052497864	0.0016209767200052738	-0.012895740568637848	-0.02552523836493492	-0.006823970470577478	-0.007090589497238398	0.0036882462445646524	-0.008016292005777359	-0.019081465899944305	-0.016371814534068108	0.008885767310857773	0.01743721403181553	-0.15391531586647034	0.01734515093266964	0.045819759368896484	0.059057172387838364	0.4487263560295105	-0.014252781867980957	-0.07786853611469269
ENSMUSG00000117124	0.014647875912487507	-0.017967503517866135	0.0030978459399193525	0.008717537857592106	-0.0001219056939589791	8.86422858457081e-05	-0.00707667414098978	-0.085893414914608	-0.0019409186206758022	0.02456289529800415	0.0018873641965910792	0.009592686779797077	0.006669582333415747	0.0076298099011182785	-0.00048323339433409274	-0.03667260333895683	-0.009334564208984375	0.009341051802039146	-0.039955802261829376	-0.14474552869796753	-0.007605386432260275	-0.06333540380001068
ENSMUSG00000046329	0.009601511061191559	0.019768929108977318	0.0012634758604690433	0.022055981680750847	-0.022136135026812553	0.007216682657599449	0.008806255646049976	0.22800588607788086	0.017033465206623077	0.017031509429216385	-0.015435479581356049	-0.034145645797252655	0.007511227857321501	0.016891472041606903	-0.030079269781708717	0.27004778385162354	0.016088631004095078	0.07081733644008636	0.046649664640426636	0.2857710123062134	-0.006903526838868856	0.3224917948246002
ENSMUSG00000033478	0.007006400730460882	0.020998358726501465	-0.004095390904694796	0.019500041380524635	-0.018321430310606956	0.0036698770709335804	0.023985592648386955	0.2527867555618286	0.016637258231639862	0.013357906602323055	-0.011977100744843483	-0.020306549966335297	0.014079068787395954	0.010297081433236599	-0.037347689270973206	0.19254978001117706	0.0006355608347803354	0.06311161816120148	0.04351648688316345	0.46061885356903076	-0.0011752060381695628	0.2875010669231415
ENSMUSG00000021413	0.007635793648660183	0.010986029170453548	7.486590766347945e-05	0.02973313070833683	-0.02774934284389019	0.004905244335532188	0.01856849156320095	0.29807624220848083	0.01677233912050724	0.008661896921694279	-0.015397605486214161	-0.023833923041820526	0.015056504867970943	0.013352278620004654	-0.011342779733240604	0.3054840564727783	0.006634244695305824	0.06705007702112198	0.0454370491206646	0.41860973834991455	-0.00621445057913661	0.4495009481906891
ENSMUSG00000062496	0.013272174634039402	0.03694099560379982	-0.0008102285792119801	0.02126983553171158	0.0023009413853287697	-0.0013967819977551699	-0.0038396287709474564	-0.0312630832195282	-0.0015773664927110076	0.06228671967983246	0.0025778664276003838	0.010248742997646332	0.0035736889112740755	0.010766502469778061	0.005669489968568087	-0.1061684787273407	0.01105600968003273	0.0483066700398922	-0.056097809225320816	-0.14230307936668396	-0.006283049006015062	-0.058731187134981155
ENSMUSG00000059974	0.008881107904016972	0.021046997979283333	0.001978049986064434	0.013179718516767025	-0.0013733453815802932	-0.0028443136252462864	-0.004799088463187218	-0.03103470802307129	0.0072346883825957775	0.031106548383831978	-0.0025111951399594545	-0.0021586352959275246	-0.001647705677896738	0.009540461003780365	-0.011299334466457367	-0.0037945518270134926	0.016059787943959236	0.06569704413414001	-0.06414049118757248	-0.2025071531534195	-0.00831756554543972	-0.10139128565788269
ENSMUSG00000043698	0.029608650133013725	0.019688906148076057	0.0023442504461854696	0.023335304111242294	-0.009609571658074856	-0.001700522261671722	-0.014417167752981186	-0.10156545042991638	0.0036429492756724358	0.039646267890930176	0.007162604946643114	-0.0018801887053996325	0.0065865907818078995	0.014082890935242176	0.006294623017311096	-0.03254769369959831	0.018923737108707428	0.048673730343580246	-0.023260584101080894	-0.02826291136443615	-0.008667274378240108	-0.07398747652769089
ENSMUSG00000118021	0.030857155099511147	0.02619360201060772	0.0056363847106695175	0.0041482411324977875	0.004484033677726984	-0.0024691885337233543	-0.001467042719013989	-0.0494852289557457	0.010613190941512585	0.037712860852479935	-0.005783906206488609	0.008029229007661343	-0.0026959949173033237	0.009974569082260132	0.002562337787821889	-0.060872212052345276	0.024573063477873802	0.005274425260722637	-0.04131273180246353	-0.16963963210582733	-0.006335981655865908	-0.07456063479185104
ENSMUSG00000048307	0.01040273904800415	0.018956994637846947	0.005851107649505138	0.0066886418499052525	-0.01060757040977478	0.011594200506806374	0.0033816106151789427	0.1661064326763153	0.008560779504477978	0.013654995709657669	-0.005290195345878601	-0.02182820253074169	0.007941847667098045	0.018122654408216476	-0.019467793405056	0.19161900877952576	0.02229483798146248	0.06873646378517151	-0.003312587970867753	0.19072295725345612	-0.007586197461932898	0.2531970143318176
ENSMUSG00000028080	0.005805802531540394	0.01789063774049282	0.001479756087064743	0.018587660044431686	-0.024209167808294296	0.007418414577841759	0.004238240886479616	0.2977815866470337	0.002591851633042097	0.011864414438605309	-0.011514289304614067	-0.03014381229877472	0.009078516624867916	0.017292752861976624	-0.011088989675045013	0.3549736440181732	0.010414838790893555	0.08115467429161072	0.016573142260313034	0.36336269974708557	-0.008759227581322193	0.3721073269844055
ENSMUSG00000053184	0.0064075905829668045	0.03554672375321388	0.00994947925209999	0.012144547887146473	0.0029357748571783304	-0.0024287106934934855	-0.0045871492475271225	-0.048989806324243546	0.009660267271101475	0.0068346350453794	-0.001797593547962606	0.009933600202202797	-1.7800401110434905e-05	0.005382558796554804	0.0005793423624709249	-0.11040592193603516	0.03097505494952202	0.05996664986014366	-0.05480744317173958	-0.12158717960119247	-0.007377052679657936	-0.10311276465654373
ENSMUSG00000085002	0.011065096594393253	0.03103019669651985	-0.0013091787695884705	0.013037331402301788	-0.024448346346616745	0.005918458569794893	0.021505415439605713	0.09882767498493195	0.022366752848029137	0.017357585951685905	-0.025395750999450684	-0.016635775566101074	0.008667782880365849	0.012229450978338718	-0.027728045359253883	0.11579349637031555	0.019362112507224083	0.035928819328546524	0.08716949820518494	0.25831425189971924	0.013622051104903221	0.21650518476963043
ENSMUSG00000101050	-0.10803068429231644	-0.22050966322422028	-0.026485972106456757	-0.05192337557673454	-0.0328693650662899	-0.07932398468255997	0.025736751034855843	-0.1055631935596466	-0.04727441817522049	-0.22943781316280365	-0.01883648708462715	-0.014530365355312824	-0.013789267279207706	-0.02652907930314541	0.04801816865801811	-0.24066951870918274	-0.16050326824188232	-0.27358344197273254	0.2254774421453476	-0.6104251742362976	-0.00779779814183712	-0.41069161891937256
ENSMUSG00000110006	-0.004481541458517313	0.008206934668123722	-0.003342262003570795	-0.004926422145217657	-0.0007995575433596969	0.005999104585498571	-0.005912545137107372	-0.0872020274400711	0.0030374815687537193	0.023572497069835663	-0.0013028868706896901	0.01145010907202959	0.0066160946153104305	-0.028206797316670418	0.005992507562041283	-0.022044630721211433	-0.0046529644168913364	-0.02798094041645527	-0.05011569336056709	-0.1216638833284378	-0.006008435506373644	-0.11581064015626907
ENSMUSG00000074452	0.00596895394846797	0.02009444497525692	0.00255674053914845	0.015781231224536896	-0.017099296674132347	0.006481711287051439	0.0006538912421092391	0.28993090987205505	0.009516896679997444	0.011858750134706497	-0.008097951300442219	-0.013940301723778248	0.0005692391423508525	0.012706244364380836	-0.01570947654545307	0.30933383107185364	0.00860411487519741	0.08349019289016724	-0.013319618999958038	0.516283392906189	-0.008020578883588314	0.28619053959846497
ENSMUSG00000030981	0.03721952438354492	0.008292589336633682	0.007271711714565754	0.02437138371169567	-0.0022444722708314657	-0.0016501630889251828	-0.002785908058285713	-0.06473495066165924	0.013769197277724743	0.04940030723810196	-0.014112364500761032	0.008336269296705723	0.008963106200098991	-0.00022798654390498996	0.008871971629559994	-0.0372011624276638	0.019980913028120995	0.047266241163015366	0.03975209593772888	-0.0324840247631073	-0.005679435096681118	-0.08177923411130905
ENSMUSG00000000148	0.011713358573615551	0.004877258557826281	1.3544559806177858e-05	0.021618928760290146	-0.015402082353830338	0.011550397612154484	-0.0007449060794897377	0.2672491669654846	0.022842252627015114	0.010926051065325737	-0.0030940717551857233	-0.007991583086550236	0.009787213988602161	0.010666411370038986	-0.02214975655078888	0.15644240379333496	0.0009597630705684423	0.04633425176143646	0.017494676634669304	0.4128589928150177	-0.00717899901792407	0.39872610569000244
ENSMUSG00000032939	0.009634003043174744	0.02201593481004238	-0.003053945256397128	0.028127659112215042	-0.025357119739055634	0.013028396293520927	0.007606697268784046	0.2445683479309082	0.019625743851065636	0.01442113146185875	-0.012636508792638779	-0.020685754716396332	0.017384931445121765	0.011763371527194977	-0.027603257447481155	0.312918096780777	0.0032013815362006426	0.07363077253103256	0.04282977432012558	0.4771522879600525	-0.006573330610990524	0.45668482780456543
ENSMUSG00000105692	0.0116504468023777	0.0305995661765337	0.0033417611848562956	0.016355600208044052	-0.008953941985964775	-0.0039048297330737114	0.05233776941895485	-0.008156703785061836	0.028278544545173645	0.02262401394546032	-0.0071449074894189835	0.01150004006922245	0.01163328904658556	0.0007719924324192107	0.0014638799475505948	-0.09066026657819748	0.016123607754707336	0.026975812390446663	0.16188333928585052	0.2889404296875	0.015753768384456635	0.01337992399930954
ENSMUSG00000003549	0.011922073550522327	0.027107203379273415	0.00014663394540548325	0.016516778618097305	-0.011946596205234528	0.005904012359678745	0.016451694071292877	0.15297631919384003	0.016543112695217133	0.016175273805856705	-0.012624163180589676	-0.02369903028011322	0.007992087863385677	0.013043105602264404	-0.02375478297472	0.15297001600265503	0.016088878735899925	0.04376113787293434	0.04684550315141678	0.2664170563220978	0.00045292970025911927	0.3200001120567322
ENSMUSG00000094970	-0.003743967041373253	0.012507166713476181	-0.004680167883634567	-0.01813875511288643	-0.0030728739220649004	-0.000307823735056445	-0.009731942787766457	-0.08005861192941666	-0.005007218569517136	0.011348329484462738	-0.0017870307201519608	0.012505799531936646	0.0009412973304279149	0.0036705785896629095	-0.002926605986431241	-0.06805875897407532	0.002343076979741454	0.004722124896943569	-0.03570854291319847	-0.09948263317346573	-0.007801537401974201	-0.10064399987459183
ENSMUSG00000027947	0.012552597559988499	0.03127744793891907	0.002425058279186487	0.020339451730251312	-0.02145322412252426	0.008181028068065643	0.0071005672216415405	0.15109401941299438	0.018861697986721992	0.021505508571863174	-0.021427517756819725	-0.02988508529961109	0.009833495132625103	0.017982633784413338	-0.02824484370648861	0.26221027970314026	0.023709867149591446	0.048236750066280365	0.05724511295557022	0.22556012868881226	-0.003990466706454754	0.20194457471370697
ENSMUSG00000032235	0.006264122202992439	0.010758566670119762	0.0013658554526045918	0.032988548278808594	-0.019529888406395912	0.0069329384714365005	-0.0019810707308351994	0.2619941234588623	0.0077673448249697685	0.010788525454699993	-0.009397488087415695	-0.01644911803305149	0.013790268450975418	0.012701069004833698	-0.007269391790032387	0.3239275813102722	0.0073470682837069035	0.06052995100617409	0.029509255662560463	0.5199428200721741	-0.0065189083106815815	0.23639890551567078
ENSMUSG00000019917	0.006825996562838554	0.02444506622850895	0.0010192225454375148	0.03419429436326027	-0.018222738057374954	0.01110737957060337	0.005422758869826794	0.3024425208568573	0.00864267535507679	0.012322434224188328	-0.00910816341638565	-0.023345761001110077	0.010021819733083248	0.013426266610622406	-0.013811633922159672	0.3524373173713684	0.007066106889396906	0.08474628627300262	0.02222878858447075	0.5398512482643127	-0.007765074260532856	0.36868777871131897
ENSMUSG00000030917	0.008901313878595829	0.03232681751251221	0.00632860790938139	0.016452550888061523	-0.013743029907345772	0.0035538733936846256	-0.001790672424249351	0.16214294731616974	0.012375435791909695	0.015267927199602127	-0.007870817556977272	-0.020633408799767494	0.0015803632559254766	0.01566852256655693	-0.02257499285042286	0.18605361878871918	0.019314128905534744	0.06299138069152832	-0.007557834964245558	0.2177053838968277	-0.006878561805933714	0.1784997135400772
ENSMUSG00000072905	-0.10803068429231644	-0.22050966322422028	-0.026485972106456757	-0.05192337557673454	-0.0328693650662899	-0.07932398468255997	0.025736751034855843	-0.1055631935596466	-0.04727441817522049	-0.22943781316280365	-0.01883648708462715	-0.014530365355312824	-0.013789267279207706	-0.02652907930314541	0.04801816865801811	-0.24066951870918274	-0.16050326824188232	-0.27358344197273254	0.2254774421453476	-0.6104251742362976	-0.00779779814183712	-0.41069161891937256
ENSMUSG00000075555	0.024754291400313377	0.04058171808719635	0.007671130821108818	0.015842273831367493	-0.007501478772610426	0.005940241739153862	0.0036291643045842648	-0.006191623397171497	0.018056906759738922	0.0472542941570282	-0.008938492275774479	0.010997300036251545	0.003630842547863722	0.011363906785845757	-0.01151964906603098	-0.02825143374502659	0.03704356774687767	0.04411168396472931	0.05282996594905853	-0.05582562834024429	0.0008375596371479332	0.0029879086650907993
ENSMUSG00000026303	0.013424895703792572	0.028394587337970734	0.007269248366355896	0.023917872458696365	-0.002454367931932211	0.00342251337133348	-0.00041076383786275983	0.01707463711500168	0.013344726525247097	0.03193188086152077	-0.013053002767264843	-0.005339938215911388	-0.00049825687892735	0.015178445726633072	-0.01847844012081623	0.01084003783762455	0.030337197706103325	0.053794268518686295	-0.03646814450621605	-0.11509405821561813	-0.005702881142497063	-0.023651964962482452
ENSMUSG00000021208	0.008588412776589394	0.039356082677841187	0.016824860125780106	0.020946860313415527	0.005900328978896141	-0.0020708292722702026	-0.0068452018313109875	-0.06917516142129898	0.004081730730831623	0.016790976747870445	-0.0024062569718807936	0.009874758310616016	-0.001408175565302372	0.001152216223999858	-0.004541071131825447	-0.05565493181347847	0.02155228890478611	0.021578695625066757	-0.05492210015654564	-0.13670185208320618	-0.006555421277880669	-0.10315104573965073
ENSMUSG00000032504	0.020250549539923668	-0.11319057643413544	-0.006305549759417772	-0.1320246160030365	-0.003934402484446764	0.05644245445728302	-0.007552538067102432	-0.20457862317562103	-0.0009168799151666462	-0.24376258254051208	-0.000600780884269625	-0.024146514013409615	0.01301623322069645	-0.10090598464012146	0.013768191449344158	-0.15766005218029022	0.008817319758236408	-0.20046894252300262	-0.016334611922502518	-0.7486089468002319	-0.015527627430856228	-0.49126067757606506
ENSMUSG00000109279	0.007306997664272785	0.036349739879369736	-0.0005247326334938407	0.018431510776281357	-0.010445470921695232	-0.001742501393891871	-0.0033113043755292892	-0.05582573264837265	0.0010539379436522722	0.051801782101392746	-0.01745971105992794	0.005958612076938152	0.02221907302737236	0.012830032035708427	0.004560382571071386	-0.06072303280234337	0.02123071998357773	0.0107948686927557	0.03751561418175697	-0.009882889688014984	-0.00568914832547307	-0.010325618088245392
ENSMUSG00000026023	0.013680707663297653	0.030142946168780327	0.007666814140975475	0.014561162330210209	-0.012550068087875843	0.00838122982531786	0.001017838018015027	0.023297248408198357	0.01454419270157814	0.03161800652742386	-0.01606176421046257	-0.012479567900300026	0.005274614784866571	0.017470864579081535	-0.019442377611994743	0.12459561228752136	0.02858523093163967	0.01286875456571579	0.008223154582083225	0.12420956790447235	-0.0019205978605896235	0.06247462332248688
ENSMUSG00000047030	0.011410228908061981	0.016699178144335747	-0.003033342072740197	0.015315663069486618	-0.02296094410121441	0.0044313152320683	0.009354392997920513	0.2806265950202942	0.014883951283991337	0.011626644991338253	-0.019513128325343132	-0.028123999014496803	0.010329434648156166	0.016729159280657768	-0.021143071353435516	0.2761431038379669	0.012524361722171307	0.06306809931993484	0.04500102624297142	0.15239061415195465	-0.007974698208272457	0.4801730811595917
ENSMUSG00000110000	0.0168530885130167	-0.002579011954367161	0.0005364176467992365	-0.001371242804452777	-0.0044779968447983265	0.0005251693073660135	-0.008676822297275066	-0.06401000916957855	0.006111170630902052	0.022387061268091202	-0.009074837900698185	0.004242198541760445	0.0013089538551867008	0.015963420271873474	-0.0015314749907702208	-0.06426363438367844	0.016978580504655838	-0.016390828415751457	-0.02277434431016445	-0.014338798820972443	-0.007388821803033352	-0.05120109021663666
ENSMUSG00000112429	0.031573690474033356	0.04053835943341255	0.00825538206845522	0.019409820437431335	-0.001298661925829947	0.0021018998231738806	-0.0026232292875647545	0.00905532855540514	0.013978671282529831	0.02470201998949051	-0.0038283243775367737	0.011682707816362381	0.005664863158017397	0.002520130015909672	0.0054639955051243305	-0.12496352940797806	0.03230447694659233	0.04351929575204849	0.0016417120350524783	-0.14600376784801483	-0.004653146956115961	-0.06638112664222717
ENSMUSG00000029675	0.018340125679969788	0.029916368424892426	0.008505481295287609	0.01035331841558218	-0.008043279871344566	6.999949255259708e-05	-0.0009414377273060381	0.0086781345307827	0.015352744609117508	0.01698264107108116	-0.011860786937177181	-0.005785137414932251	0.004877956584095955	0.013331546448171139	-0.016419146209955215	0.015773572027683258	0.036801528185606	0.012882905080914497	0.011006033048033714	-0.10856650024652481	-0.0025962272193282843	-0.021378254517912865
ENSMUSG00000105337	0.024714769795536995	0.03006906993687153	0.009827391244471073	0.025782249867916107	-0.00012589123798534274	-0.0029691720847040415	-0.002977896947413683	-0.05687215179204941	0.005908300168812275	0.07738727331161499	-0.005603318102657795	0.008480960503220558	0.0028064518701285124	-0.007951737381517887	0.006644241977483034	-0.07866444438695908	0.022970309481024742	0.030743420124053955	-0.03080599009990692	0.011205681599676609	-0.0072576552629470825	-0.0535077303647995
ENSMUSG00000078853	0.017184773460030556	0.03678150475025177	0.007252585142850876	0.012289334088563919	-0.004918289370834827	0.0013360345037654042	0.0032814117148518562	0.03797058016061783	0.014941095374524593	0.030219461768865585	-0.016954507678747177	-0.006438230164349079	0.0033993623219430447	0.016986388713121414	-0.022861618548631668	0.11875779926776886	0.03621309623122215	0.03651539236307144	-0.007954396307468414	0.05340322107076645	-0.0025448286905884743	0.04767480492591858
ENSMUSG00000035206	0.012668091803789139	0.025417624041438103	0.0003397018008399755	0.01792030781507492	-0.008328326046466827	0.008825339376926422	0.00897802971303463	0.25458815693855286	0.01300636027008295	0.014500485733151436	-0.01961737684905529	-0.005600261501967907	0.011748407036066055	0.015824710950255394	-0.0218668170273304	0.3013746440410614	0.014997916296124458	0.054365504533052444	0.014463674277067184	0.2543959319591522	-0.007863074541091919	0.31223922967910767
ENSMUSG00000093472	-0.006549089681357145	0.010141272097826004	-0.0038592752534896135	-0.0010401636827737093	0.007544340565800667	-0.004044114612042904	-0.010684273205697536	-0.1086108610033989	-0.01107044331729412	-0.03911565616726875	0.006663511972874403	0.010153559036552906	-0.006722155027091503	-0.022508546710014343	-0.003338125068694353	-0.089237280189991	-0.003141220426186919	-0.01913755014538765	-0.03742430359125137	-0.19670681655406952	-0.008687052875757217	-0.10349824279546738
ENSMUSG00000102900	0.019094230607151985	0.031203877180814743	-0.001578206429257989	0.022086026147007942	-0.0024762193206697702	-0.0032799614127725363	-0.017408765852451324	0.07696971297264099	-0.0015000727726146579	0.022766752168536186	-0.04695617035031319	-0.019145753234624863	-0.0008369084680452943	0.014192384667694569	-0.0519322007894516	0.17678335309028625	0.03494788333773613	0.048576489090919495	0.026266857981681824	0.04748212918639183	0.0039864275604486465	0.027914728969335556
ENSMUSG00000047295	0.014215114526450634	-0.11268705129623413	-0.001915627857670188	-0.10208671540021896	-0.006735327187925577	0.0012665956746786833	-0.00653557013720274	-0.27184170484542847	-0.0024010499473661184	-0.21325403451919556	-0.0010470711858943105	-0.01761215180158615	0.012357664294540882	-0.08982760459184647	-1.5682535376981832e-05	-0.21215814352035522	0.011319346725940704	-0.22243379056453705	-0.0309998020529747	-0.6305491328239441	-0.014494813978672028	-0.3717506527900696
ENSMUSG00000031378	0.004180245101451874	0.01167425885796547	-0.0051893978379666805	0.02522997371852398	-0.0015456719556823373	0.0004648291796911508	0.02883894369006157	0.25362443923950195	-0.0018719445215538144	0.005596406292170286	9.887206397252157e-05	-0.0028458409942686558	0.011658153496682644	0.008112804964184761	-0.018864957615733147	0.2904056906700134	-0.0019000705797225237	0.05710363760590553	0.06244891509413719	0.39308175444602966	-0.004152981098741293	0.31633469462394714
ENSMUSG00000110235	0.02882959321141243	0.018527504056692123	0.009088247083127499	0.026960937306284904	-0.0063948375172913074	-0.0008274463471025229	-0.0016769454814493656	-0.055907413363456726	0.008097856305539608	0.054246675223112106	-0.01060835737735033	0.007042839657515287	0.005976527463644743	0.01570383459329605	0.005052489228546619	-0.027683326974511147	0.03392980247735977	0.051254648715257645	0.034162476658821106	-0.09114140272140503	-0.005553262773901224	-0.05776960030198097
ENSMUSG00000022635	0.010797438211739063	0.016821440309286118	-0.001220405800268054	0.031915973871946335	-0.02234925702214241	0.013075294904410839	0.0062799914740026	0.26989442110061646	0.017880668863654137	0.01695718802511692	-0.0009225000394508243	-0.022519996389746666	0.0029633031226694584	0.013287368230521679	-0.024760186672210693	0.32592976093292236	0.0028574527241289616	0.08231626451015472	0.052106548100709915	0.360093891620636	-0.00768490182235837	0.44203341007232666
ENSMUSG00000049241	0.0036053999792784452	0.020236842334270477	0.016781799495220184	0.014856512658298016	-0.013599727302789688	0.006694236304610968	-0.012169689871370792	0.05225696042180061	0.0127086928114295	0.021909432485699654	-0.023847758769989014	-0.012248646467924118	-0.004173231776803732	0.01817624270915985	-0.010250691324472427	0.20352470874786377	0.04991584271192551	0.06825218349695206	-0.02083868905901909	0.001602468779310584	-0.0053001646883785725	-0.012114755809307098
ENSMUSG00000031070	0.027681203559041023	0.04327394813299179	0.0062666903249919415	0.016309000551700592	-0.002319543156772852	-0.0003165090747643262	0.00027259570197202265	-0.024138987064361572	0.01853197067975998	0.031810544431209564	-0.014042320661246777	0.009359684772789478	0.002606995403766632	0.0032217521220445633	-0.01274180505424738	-0.022752031683921814	0.03972933813929558	0.04653167724609375	0.008012885227799416	0.07550836354494095	-0.0001456584723200649	-0.027569064870476723
ENSMUSG00000111243	0.014304066076874733	0.038760412484407425	0.0039788465946912766	0.024465106427669525	-0.005876769311726093	-0.0003144797810819	-0.0028149548452347517	-0.1067848652601242	0.007391674444079399	0.058860644698143005	-0.004093704279512167	0.010227815248072147	0.0077749984338879585	-0.0026468364521861076	0.0017678923904895782	-0.005232829600572586	0.019236061722040176	0.028164438903331757	-0.03557325899600983	-0.11858988553285599	-0.006760602816939354	-0.08115171641111374
ENSMUSG00000102028	0.028040263801813126	0.03700726106762886	-8.300150511786342e-05	0.02788732573390007	-0.003170904004946351	-0.001366149284876883	-0.0019598223734647036	-0.05675847455859184	0.006104466505348682	0.056749992072582245	0.0010878718458116055	0.009872795082628727	0.007572037633508444	0.012501459568738937	0.011941444128751755	-0.07266320288181305	0.02591598965227604	0.04033561050891876	-0.05148150026798248	-0.17848484218120575	-0.006489344406872988	-0.08173384517431259
ENSMUSG00000081769	0.015551389195024967	0.021260760724544525	0.00440464960411191	0.022863423451781273	-0.013117806985974312	0.0034117328468710184	0.005156043916940689	0.09804710745811462	0.015578143298625946	0.030739137902855873	-0.017467182129621506	-0.025400614365935326	0.0064982883632183075	0.018836842849850655	-0.0259295292198658	0.1513124704360962	0.029173260554671288	0.06070787087082863	0.05496913567185402	0.0040590036660432816	0.0001942736707860604	0.0932873785495758
ENSMUSG00000056880	0.01459742896258831	0.030939169228076935	0.008099225349724293	0.006543866358697414	-0.0016745715402066708	-0.0012547506485134363	-0.004286776762455702	-0.08707744628190994	0.00648299977183342	0.04188937321305275	-0.0021506445482373238	0.009988302364945412	0.0007910384447313845	0.003921198658645153	-0.003683693939819932	-0.0041000815108418465	0.02501591295003891	0.02200591377913952	-0.046310849487781525	-0.09472226351499557	-0.007120121736079454	-0.11371269077062607
ENSMUSG00000021958	-0.0003480201121419668	0.0030722692608833313	0.0015427336329594254	0.03051835112273693	0.01839444227516651	-0.003883063094690442	-0.011372295208275318	0.29330557584762573	-0.015307013876736164	-0.003370434045791626	0.0019439611351117492	-0.001034572604112327	-0.004850504454225302	0.011869174428284168	0.0001491212606197223	0.3257465362548828	0.013299806974828243	0.05779581144452095	0.023520633578300476	0.4265201687812805	-0.006201835349202156	0.40274569392204285
ENSMUSG00000022383	0.011017284356057644	0.02269088104367256	0.005559180397540331	0.01783384382724762	-0.024354642257094383	0.004909966140985489	0.0004063426749780774	0.21025529503822327	0.014513731002807617	0.0181330107152462	-0.010771886445581913	-0.01637130230665207	0.009338174015283585	0.01851901225745678	-0.024909360334277153	0.2356318086385727	0.023622166365385056	0.06558611989021301	-0.013845996931195259	0.18667741119861603	-0.007037043105810881	0.22382327914237976
ENSMUSG00000109813	-0.011186880990862846	-0.027723729610443115	0.0014362706569954753	-0.03288816288113594	-0.0027164826169610023	-0.001735799596644938	-0.008839819580316544	-0.0925118550658226	-0.0050372593104839325	-0.013758141547441483	0.0016316919354721904	0.008413254283368587	0.0011232997057959437	0.012204330414533615	-0.02172444760799408	-0.19075877964496613	-0.0052474020048975945	-0.01773250289261341	-0.03594008833169937	-0.10101546347141266	-0.011118199676275253	-0.07105368375778198
ENSMUSG00000021773	0.003723588539287448	0.019275713711977005	-0.020670175552368164	0.015159908682107925	-0.016795441508293152	0.004832935985177755	0.07141159474849701	0.17031684517860413	0.030201980844140053	0.013355528935790062	-0.005263949744403362	-0.01718379184603691	0.0375499427318573	0.0016944886883720756	-0.04961900785565376	0.13890233635902405	-0.026219315826892853	0.06881244480609894	0.10667269676923752	0.5199711322784424	0.06618887186050415	0.2737930715084076
ENSMUSG00000114787	0.010809111408889294	0.03804130479693413	0.010280126705765724	0.012960375286638737	-0.010599751025438309	0.005506826564669609	-0.00593206100165844	-0.024743616580963135	0.019211048260331154	0.03548518568277359	-0.0012918941210955381	-0.0015001168940216303	0.0014781876234337687	0.00898377038538456	-0.005417827982455492	0.021363334730267525	0.005614048335701227	0.03945280611515045	-0.021078580990433693	-0.07576939463615417	-0.0018747224239632487	-0.019865961745381355
ENSMUSG00000112320	0.03228886052966118	0.037110280245542526	0.012782620266079903	0.0074837179854512215	-0.014490973204374313	-0.0022921219933778048	-0.002750357612967491	-0.06422266364097595	0.005667747929692268	0.04761461913585663	-0.00138358143158257	0.00867137499153614	0.012261114083230495	0.0051804170943796635	0.01594216376543045	-0.05555662140250206	0.0331043004989624	0.025843435898423195	0.019160285592079163	-0.04636308550834656	-0.010678521357476711	-0.015712430700659752
ENSMUSG00000092294	-0.10803068429231644	-0.22050966322422028	-0.026485972106456757	-0.05192337557673454	-0.0328693650662899	-0.07932398468255997	0.025736751034855843	-0.1055631935596466	-0.04727441817522049	-0.22943781316280365	-0.01883648708462715	-0.014530365355312824	-0.013789267279207706	-0.02652907930314541	0.04801816865801811	-0.24066951870918274	-0.16050326824188232	-0.27358344197273254	0.2254774421453476	-0.6104251742362976	-0.00779779814183712	-0.41069161891937256
ENSMUSG00000121402	-0.010688582435250282	0.04040658846497536	-0.012623049318790436	0.009404726326465607	0.036851149052381516	0.002101678866893053	-0.02306603454053402	-0.11084004491567612	-0.03741241991519928	0.02807753160595894	0.02847917750477791	-0.011418260633945465	-0.004222534596920013	0.013271660543978214	0.024623442441225052	0.005720798391848803	-0.04310387000441551	0.056368738412857056	-0.10282842814922333	0.09182897210121155	-0.01647939532995224	-0.017458155751228333
ENSMUSG00000110389	0.024590574204921722	0.03629973903298378	0.007823307067155838	0.015226646326482296	-0.0027505105827003717	-0.0036064216401427984	-0.012455849908292294	-0.055024467408657074	0.011909939348697662	0.02932431548833847	-0.00016904561198316514	0.005846514832228422	0.002040834166109562	0.01205298863351345	-0.0010881897760555148	-0.03657790273427963	0.014735727570950985	0.010663540102541447	-0.04669387266039848	-0.11745347827672958	-0.0040117958560585976	-0.03624098375439644
ENSMUSG00000056076	0.007465856149792671	0.012539267539978027	-0.011947490274906158	0.045153096318244934	-0.018211010843515396	0.01106761209666729	0.027552511543035507	0.3171030879020691	0.021943869069218636	0.008216761983931065	-0.0038766730576753616	-0.0192960686981678	0.018615344539284706	0.006216501817107201	-0.02164405584335327	0.31709399819374084	-0.019001513719558716	0.0860210731625557	0.040279265493154526	0.5607345104217529	8.091141353361309e-05	0.5079494118690491
ENSMUSG00000116849	0.029028618708252907	0.04322834312915802	0.007916700094938278	0.020964469760656357	-0.007870879024267197	-0.0011726717930287123	-0.0005673523992300034	-0.061960574239492416	0.013236255384981632	0.06016608700156212	-0.010674473829567432	0.011076289229094982	0.0012039629509672523	0.010867711156606674	-0.0026712992694228888	-0.014603645540773869	0.03421666473150253	0.03000679984688759	0.002684091217815876	-0.10914704203605652	-0.007061404176056385	-0.06386131048202515
ENSMUSG00000097892	0.009958120994269848	0.013748951256275177	0.0015020829159766436	0.004602062050253153	-0.0073156701400876045	-0.002705944702029228	0.012137494049966335	0.11110799014568329	0.009481364861130714	0.021248290315270424	-0.016235945746302605	-0.02328546717762947	0.0022451358381658792	0.017461532726883888	-0.025227561593055725	0.07484866678714752	0.019185379147529602	0.04202813655138016	4.2262916394975036e-05	0.07373113185167313	0.0006728844600729644	0.05563350021839142
ENSMUSG00000020868	0.010660572908818722	0.017026938498020172	-0.0005627911305055022	0.023418767377734184	-0.01057540811598301	0.005689914338290691	0.011047529056668282	0.2614647448062897	0.016717752441763878	0.011093112640082836	-0.009352867491543293	-0.03168084844946861	0.008672909811139107	0.017123177647590637	-0.027047082781791687	0.2992977201938629	0.012470927089452744	0.07553111761808395	0.038968175649642944	0.2482876032590866	-0.007691421080380678	0.30360496044158936
ENSMUSG00000086251	0.007330439053475857	0.019062800332903862	-0.0009224340319633484	0.04030627757310867	-0.01292232982814312	0.013035568408668041	-0.005040672607719898	0.3002525269985199	0.0134326983243227	0.0139828622341156	-0.0037678286898881197	-0.00822308100759983	-0.0003710291930474341	0.010328855365514755	-0.021433955058455467	0.32679983973503113	0.002716738497838378	0.09130564332008362	0.01385128777474165	0.6082410216331482	-0.007330186199396849	0.4342249929904938
ENSMUSG00000101513	-0.10803068429231644	-0.22050966322422028	-0.026485972106456757	-0.05192337557673454	-0.0328693650662899	-0.07932398468255997	0.025736751034855843	-0.1055631935596466	-0.04727441817522049	-0.22943781316280365	-0.01883648708462715	-0.014530365355312824	-0.013789267279207706	-0.02652907930314541	0.04801816865801811	-0.24066951870918274	-0.16050326824188232	-0.27358344197273254	0.2254774421453476	-0.6104251742362976	-0.00779779814183712	-0.41069161891937256
ENSMUSG00000110682	0.0027098911814391613	0.024380363523960114	0.030756402760744095	0.01744939386844635	0.0005594701506197453	-0.002027391456067562	-0.0024369957391172647	-0.05948122963309288	0.01496028620749712	0.03342288359999657	0.00036844529677182436	0.00807984173297882	-0.002659777645021677	0.01918061636388302	-0.008836979046463966	0.0020427785348147154	0.05069313570857048	0.03993981331586838	-0.01777990162372589	-0.03684940189123154	-0.008570544421672821	-0.03751964494585991
ENSMUSG00000035799	0.013126092031598091	0.021663464605808258	0.0008295004954561591	0.01293957605957985	-0.019959831610322	0.005477311555296183	0.0031952152494341135	0.16490644216537476	-0.01806687004864216	0.022637691348791122	-0.03325136750936508	-0.027659112587571144	0.004636281169950962	0.01936095394194126	-0.03208498656749725	0.21143226325511932	0.019094154238700867	0.059011317789554596	0.03631250187754631	0.07797560840845108	-0.002745057689025998	0.0823710635304451
ENSMUSG00000115249	0.005206889472901821	0.013534708879888058	-0.003328185761347413	0.021501390263438225	-0.01890816166996956	0.0033934859093278646	0.03311871364712715	0.2235928177833557	0.025675928220152855	0.0078899459913373	-0.01087522879242897	-0.03192250803112984	0.014191079884767532	0.01139015331864357	0.004480193369090557	0.30369701981544495	0.005348776001483202	0.08410362154245377	0.11366085708141327	0.39610207080841064	0.0074775246903300285	0.3030228316783905
ENSMUSG00000002210	0.008258418180048466	0.02433614432811737	-0.0006066076457500458	0.03192536160349846	-0.007227214053273201	0.010441490449011326	0.008727911859750748	0.25768089294433594	0.0014931586338207126	0.01076342724263668	-0.007244178093969822	-0.014830175787210464	0.005789965391159058	0.013336999341845512	-0.022985348477959633	0.30908501148223877	0.003703460330143571	0.06452283263206482	0.028571052476763725	0.3656385838985443	-0.0077623664401471615	0.4451543390750885
ENSMUSG00000100813	0.03615434467792511	0.04708030819892883	0.03443131223320961	0.01866055652499199	-0.006621634587645531	-0.0024303430691361427	0.0035971244797110558	-0.07572858035564423	0.0037582379300147295	0.03525499999523163	-0.002307962393388152	0.01181961689144373	-0.0020114732906222343	-0.0005423582624644041	0.002465292811393738	-0.19079460203647614	0.016376696527004242	0.036903657019138336	0.02688644826412201	0.010021946392953396	-0.01705767586827278	-0.016919996589422226
ENSMUSG00000105657	-0.006140734069049358	0.016399700194597244	0.040671076625585556	0.01518586277961731	0.0011344891972839832	0.0001288384519284591	-0.02659732662141323	-0.08751693367958069	-0.021662447601556778	0.02779501862823963	0.0052131484262645245	-0.0001861695636762306	0.013227295130491257	0.0025363850872963667	0.0996999740600586	0.018348470330238342	0.0027053323574364185	-0.00621836120262742	-0.04343697056174278	-0.12950025498867035	-0.003995641600340605	-0.06535723060369492
ENSMUSG00000086687	0.01037823036313057	0.027200091630220413	0.00024611022672615945	0.020741354674100876	-0.013930059969425201	0.01586861163377762	-0.008740988560020924	0.19388921558856964	0.0011230306699872017	0.0173563901335001	-0.0010001827031373978	-0.004178351256996393	0.01312920730561018	0.012143281288444996	-0.0023248246870934963	0.2660232186317444	0.01108985859900713	0.021539201959967613	0.045264605432748795	0.5296741127967834	-0.005656698253005743	0.20431220531463623
ENSMUSG00000035283	0.009585914202034473	0.023751141503453255	-0.004523556679487228	0.018714187666773796	-0.029648983851075172	0.0006925396737642586	0.006156487390398979	0.1297193467617035	0.019385365769267082	0.00992604997009039	-0.026109999045729637	-0.029096772894263268	0.014350230805575848	0.016092514619231224	-0.05715867877006531	0.16104437410831451	0.022454695776104927	0.04861558973789215	0.052264269441366196	0.03749843314290047	0.01830603927373886	0.06998927891254425
ENSMUSG00000031384	-0.0008129846537485719	-0.06650510430335999	-0.0031627032440155745	0.01729632541537285	0.004635755904018879	0.008037040010094643	-0.0009358319803141057	-0.058893680572509766	-0.005638590082526207	-0.0808153748512268	0.003742848988622427	0.008503497578203678	-0.0049500917084515095	-0.007279764860868454	-0.007789828814566135	-0.12768439948558807	0.0008410001755692065	-0.059348613023757935	-0.05377054587006569	-0.23603755235671997	-0.003882219083607197	-0.09838993847370148
ENSMUSG00000042682	0.008979667909443378	0.014934994280338287	-0.0012674537720158696	0.02629457786679268	-0.013867047615349293	0.006820680573582649	0.01777830347418785	0.2897964119911194	0.015269224531948566	0.009186556562781334	-0.014867722056806087	-0.01382003165781498	0.002936314092949033	0.014207843691110611	0.0037774094380438328	0.29536229372024536	0.00731898657977581	0.08275087177753448	0.043190065771341324	0.45367658138275146	-0.007202190812677145	0.3736487627029419
ENSMUSG00000005503	0.018143711611628532	0.03390846773982048	-0.0015285885892808437	0.013873976655304432	-0.012419666163623333	0.006440290249884129	0.003618500893935561	0.04309627041220665	0.02571847476065159	0.021723024547100067	-0.031617749482393265	-0.004129996057599783	0.008250085636973381	0.0113179050385952	-0.03847365081310272	0.03347666934132576	0.023257270455360413	0.045531854033470154	0.05279640108346939	0.01695631816983223	0.021412132307887077	0.03201265260577202
ENSMUSG00000078317	-0.005294085945934057	-0.013526640832424164	0.007838014513254166	-0.003391629084944725	-0.00878615491092205	0.002329800510779023	0.03678382933139801	0.2300000786781311	0.002300345106050372	-0.0023656387347728014	0.005278838332742453	-0.018475083634257317	0.018668370321393013	0.007321424316614866	0.001998221268877387	0.3049578368663788	0.0072432332672178745	0.04549281299114227	0.06389319151639938	0.39154157042503357	-0.003976541571319103	0.17903770506381989
ENSMUSG00000103696	0.012445864267647266	0.02705436199903488	-0.0016485861269757152	0.0179276242852211	-0.007826302200555801	-0.0024511555675417185	-0.008139029145240784	-0.03616125509142876	0.007625780533999205	0.02265477366745472	0.0069951205514371395	0.006753919646143913	0.010073844343423843	0.010337547399103642	-0.0016931644640862942	-0.09708159416913986	0.007437821011990309	0.01618960313498974	0.011214964091777802	0.0716092586517334	-0.0027507839258760214	-0.010723225772380829
ENSMUSG00000121621	-0.10803068429231644	-0.22050966322422028	-0.026485972106456757	-0.05192337557673454	-0.0328693650662899	-0.07932398468255997	0.025736751034855843	-0.1055631935596466	-0.04727441817522049	-0.22943781316280365	-0.01883648708462715	-0.014530365355312824	-0.013789267279207706	-0.02652907930314541	0.04801816865801811	-0.24066951870918274	-0.16050326824188232	-0.27358344197273254	0.2254774421453476	-0.6104251742362976	-0.00779779814183712	-0.41069161891937256
ENSMUSG00000109784	0.028072981163859367	0.031517475843429565	0.014461440965533257	0.005577371921390295	-0.004575501661747694	-0.0012537480797618628	-0.0022929408587515354	-0.051560670137405396	0.009679588489234447	0.031900759786367416	-0.016569403931498528	0.005536017939448357	0.005197116639465094	0.011837811209261417	-0.00116067158523947	-0.02842944860458374	0.027549579739570618	0.022742757573723793	0.015682660043239594	-0.0021043282467871904	-0.005088192410767078	-0.02627197466790676
ENSMUSG00000102359	0.03735988214612007	0.010005262680351734	-0.0025673899799585342	-0.009591803885996342	0.0028127527330070734	-0.003891261527314782	-0.008294672705233097	-0.09256090968847275	0.0008603638270869851	0.027995185926556587	-0.003289676271378994	0.010846853256225586	-0.003839128650724888	0.01488703116774559	0.004265011753886938	-0.07752248644828796	0.018343942239880562	0.005138702224940062	-0.04180954396724701	-0.11700911819934845	-0.007278979290276766	-0.08007250726222992
ENSMUSG00000061392	-0.022567547857761383	-0.004520262125879526	-0.0016431036638095975	-0.004265966825187206	0.013751154765486717	-0.0015046545304358006	-0.036238715052604675	-0.10166668891906738	-0.011638537980616093	-0.06758808344602585	-0.003469811985269189	0.030202293768525124	-0.003964490722864866	-0.027432920411229134	0.08154045790433884	-0.31665757298469543	-0.04059299826622009	-0.09157035499811172	-0.027461275458335876	-0.09569880366325378	-0.0012923197355121374	-0.11251609027385712
ENSMUSG00000068859	0.009886828251183033	0.03528815880417824	0.0002227466757176444	0.017528824508190155	-0.01218160055577755	0.007998122833669186	0.007455340586602688	0.020863061770796776	0.018194179981946945	0.024687161669135094	-0.022054078057408333	-0.013983496464788914	0.004381493665277958	0.010691612027585506	-0.0381261445581913	0.07093387842178345	0.022654607892036438	0.04706909507513046	0.020042289048433304	0.14238615334033966	0.013208437711000443	0.03999502584338188
ENSMUSG00000095011	-0.10803068429231644	-0.22050966322422028	-0.026485972106456757	-0.05192337557673454	-0.0328693650662899	-0.07932398468255997	0.025736751034855843	-0.1055631935596466	-0.04727441817522049	-0.22943781316280365	-0.01883648708462715	-0.014530365355312824	-0.013789267279207706	-0.02652907930314541	0.04801816865801811	-0.24066951870918274	-0.16050326824188232	-0.27358344197273254	0.2254774421453476	-0.6104251742362976	-0.00779779814183712	-0.41069161891937256
ENSMUSG00000032010	0.010949753224849701	0.02306078001856804	0.0013662099372595549	0.0011282069608569145	-0.01531396433711052	0.0071218907833099365	0.007626648992300034	0.11993632465600967	0.017456529662013054	0.021380754187703133	-0.019733916968107224	-0.022389695048332214	0.008877532556653023	0.015338777564466	-0.033933285623788834	0.13991276919841766	0.023674864321947098	0.04999084398150444	0.05331273376941681	0.16833537817001343	0.0014901161193847656	0.16498680412769318
ENSMUSG00000114012	0.010577380657196045	0.005601178389042616	0.018695900216698647	0.0023702518083155155	-0.005099781323224306	-0.002629015827551484	-0.00663446681573987	-0.0626840889453888	0.004731230903416872	-0.006368123926222324	0.06802987307310104	0.01490030623972416	0.003940535243600607	-0.002591312164440751	-0.0019000497413799167	-0.07262857258319855	-0.0034268293529748917	0.041189417243003845	-0.05742257088422775	-0.23871703445911407	-0.010995183140039444	-0.11952131241559982
ENSMUSG00000068798	0.008024830371141434	0.020674293860793114	0.0024257993791252375	0.025389790534973145	-0.021581090986728668	0.005079226102679968	0.006211075931787491	0.23841293156147003	0.013963626697659492	0.011405237019062042	-0.007921009324491024	-0.030475353822112083	0.0062707108445465565	0.016681097447872162	-0.014372238889336586	0.2965819835662842	0.011673662811517715	0.05726608633995056	0.01826983131468296	0.3575707674026489	-0.007793569006025791	0.2551371455192566
ENSMUSG00000042302	0.006862981710582972	0.013165273703634739	0.0016730064526200294	0.019180556759238243	-0.02181697078049183	0.005845536012202501	-0.0019680673722177744	0.2633076608181	0.007563344668596983	0.011705862358212471	-0.013042828999459743	-0.028231702744960785	0.007947035133838654	0.015884345397353172	-0.013527738861739635	0.3368360102176666	0.01210723165422678	0.0749017596244812	-0.00013552467862609774	0.3370615839958191	-0.009300637058913708	0.3113132417201996
ENSMUSG00000025583	0.009612754918634892	0.020988890901207924	-0.003516416298225522	0.0316414050757885	-0.019874706864356995	0.005867762956768274	0.010359738953411579	0.2552616596221924	0.019419973716139793	0.013867434114217758	-0.012307081371545792	-0.021983889862895012	0.01643160730600357	0.012785665690898895	-0.02839580737054348	0.2912718951702118	0.0010330576915293932	0.06610569357872009	0.032363682985305786	0.42137035727500916	-0.006966658402234316	0.5210556983947754
ENSMUSG00000092469	0.032018497586250305	0.03707730025053024	0.004188652150332928	0.020073488354682922	-0.004330166149884462	-0.0018784618005156517	-0.001781377592124045	-0.08010895550251007	0.0074479468166828156	0.04740165174007416	-0.003163060173392296	0.009831270202994347	0.0060140956193208694	-0.002808439079672098	0.007440562825649977	-0.07195089012384415	0.028493935242295265	0.02604411542415619	-0.019193939864635468	-0.043319977819919586	-0.009514739736914635	-0.05940189212560654
ENSMUSG00000033589	-0.0059847296215593815	0.008012663573026657	-0.0012884873431175947	0.017501257359981537	0.019892770797014236	-0.0036258939653635025	0.04897015541791916	0.22303611040115356	-0.003642783733084798	0.006449966225773096	0.020685002207756042	-0.02183380164206028	0.015979863703250885	0.014502986334264278	0.03073294647037983	0.21805818378925323	0.0063635436818003654	0.0458027645945549	0.010876460932195187	0.19513922929763794	-0.0001298670977121219	0.2593314051628113
ENSMUSG00000097177	-0.10803068429231644	-0.22050966322422028	-0.026485972106456757	-0.05192337557673454	-0.0328693650662899	-0.07932398468255997	0.025736751034855843	-0.1055631935596466	-0.04727441817522049	-0.22943781316280365	-0.01883648708462715	-0.014530365355312824	-0.013789267279207706	-0.02652907930314541	0.04801816865801811	-0.24066951870918274	-0.16050326824188232	-0.27358344197273254	0.2254774421453476	-0.6104251742362976	-0.00779779814183712	-0.41069161891937256
ENSMUSG00000052794	0.010971310548484325	0.029388148337602615	0.00030778616201132536	0.02124602720141411	-0.01735607162117958	0.010261481627821922	0.0033394822385162115	0.18832404911518097	0.02220691181719303	0.01332645770162344	-0.011088993400335312	-0.017279209569096565	0.017186705023050308	0.011592539958655834	-0.02761043794453144	0.2657385468482971	0.009063325822353363	0.044684141874313354	0.06234465911984444	0.41601988673210144	-0.0043350085616111755	0.2107883095741272
ENSMUSG00000021179	0.010362621396780014	0.020439371466636658	-0.005081076640635729	0.023916251957416534	-0.012753516435623169	0.012227378785610199	0.013486429117619991	0.2205049842596054	0.020772866904735565	0.014628618024289608	-0.009947636164724827	-0.011152276769280434	0.019736459478735924	0.010728275403380394	-0.02664003148674965	0.28590109944343567	-0.0009222669177688658	0.07268285751342773	0.053762588649988174	0.44058898091316223	-0.004190520849078894	0.393848717212677
ENSMUSG00000085319	0.013647816143929958	0.0350634902715683	0.009312454611063004	0.007994946092367172	-0.009095445275306702	0.008097058162093163	0.013301759958267212	0.06424293667078018	0.02143120765686035	0.022371329367160797	-0.014368630945682526	-0.011693263426423073	-0.0008996991673484445	0.013973099179565907	-9.46835134527646e-05	0.06946606934070587	0.029043281450867653	0.05386480316519737	0.02878854237496853	0.23918947577476501	-0.0018333825282752514	0.11379227787256241
ENSMUSG00000115615	-0.006549268960952759	-0.005087060853838921	-0.0013090291758999228	-0.001825236715376377	0.007221983280032873	-0.006089559756219387	-0.01090815756469965	-0.07514911890029907	-0.010040457360446453	0.006123217288404703	0.005480500869452953	0.009074407629668713	-0.0046911961399018764	0.0017385781975463033	-0.0017582176951691508	-0.09297148883342743	0.004162679426372051	0.016837237402796745	-0.002497811336070299	-0.04229988530278206	-0.009243110194802284	-0.07144143432378769
ENSMUSG00000024207	0.027226582169532776	0.022326355800032616	0.006547844968736172	0.017352089285850525	-0.009210288524627686	-0.005718723405152559	0.01966596208512783	-0.04813900962471962	0.009936393238604069	0.032197341322898865	-0.011164366267621517	0.013263783417642117	0.01654684729874134	0.0010715817334130406	0.006053611636161804	-0.10071931779384613	0.031426869332790375	0.020756958052515984	0.11444912850856781	0.3757542669773102	-0.0030397933442145586	0.012783337384462357
ENSMUSG00000120256	0.008608344942331314	0.028243139386177063	0.014997197315096855	-0.00022528195404447615	-0.0026900791563093662	0.004110587295144796	-0.0018733845790848136	-0.038198504596948624	0.005830168258398771	0.042502403259277344	-0.004220194648951292	-0.009876172989606857	-0.0014735551085323095	0.021323347464203835	-0.017420412972569466	0.04296858608722687	0.034167367964982986	0.03710582107305527	0.0014452337054535747	0.14603924751281738	-0.005253950133919716	0.0651651918888092
ENSMUSG00000093531	-0.0032701834570616484	0.011095616966485977	-0.006591603625565767	-0.03759370744228363	-0.0039054846856743097	0.0015744839329272509	-0.010535594075918198	-0.12803009152412415	-0.0073937647975981236	-0.028694545850157738	3.0304063329822384e-05	0.007843511179089546	-0.0015069947112351656	0.005234628450125456	-0.002278395928442478	-0.09404609352350235	-0.005951589904725552	-0.006116926204413176	-0.05017645284533501	-0.12323593348264694	-0.008749364875257015	-0.042626939713954926
ENSMUSG00000000976	0.009511401876807213	0.019675707444548607	-0.0010968922870233655	0.03323511406779289	-0.01968732476234436	0.008796708658337593	0.007083866745233536	0.2604968547821045	0.012953033670783043	0.01273795124143362	-0.014739169739186764	-0.019068416208028793	0.006889579351991415	0.016346096992492676	-0.023146845400333405	0.3322625756263733	0.009944447316229343	0.056390274316072464	0.04573345184326172	0.2658730149269104	-0.008532054722309113	0.4142388105392456
ENSMUSG00000109761	0.015592423267662525	0.019826916977763176	0.010149567387998104	0.004818692337721586	-0.009141986258327961	0.006797454319894314	-0.006183941848576069	-0.015754079446196556	0.012943625450134277	0.023631501942873	-0.014680540189146996	-0.0002276560990139842	0.002133940113708377	0.00909757986664772	-0.015744568780064583	0.05194501578807831	0.021700307726860046	0.012616920284926891	0.016175443306565285	0.21234817802906036	-0.002517612185329199	0.10538055747747421
ENSMUSG00000113581	0.0073087383061647415	0.025092754513025284	0.018331456929445267	0.005150238983333111	-0.021792912855744362	0.0066976482048630714	-0.00475881714373827	0.09842713177204132	0.02874443121254444	0.009054981172084808	0.0021741599775850773	-0.021472644060850143	-0.00358374509960413	0.01643328368663788	0.02254553884267807	0.09003894776105881	0.03735147416591644	0.052031807601451874	0.011020920239388943	0.05763205513358116	-0.006290333811193705	0.05618387088179588
ENSMUSG00000097050	0.012375210411846638	0.023053748533129692	-0.0006036732811480761	0.013794447295367718	-0.029489174485206604	0.004690147005021572	0.005771678872406483	0.09900368750095367	0.022655799984931946	0.02375190518796444	-0.033808205276727676	-0.017378315329551697	0.010120324790477753	0.013463769108057022	-0.04053780436515808	0.13027966022491455	0.024075636640191078	0.047242484986782074	0.0728473961353302	0.10399191826581955	0.007626802194863558	0.11051883548498154
ENSMUSG00000037640	0.009397558867931366	0.018241748213768005	-0.005217867437750101	0.02151079662144184	-0.023560242727398872	0.007048223167657852	0.018083427101373672	0.2196820229291916	0.022463511675596237	0.013575698249042034	-0.013074505142867565	-0.014922847971320152	0.02036190778017044	0.010049100033938885	-0.028848206624388695	0.2576361894607544	0.0013814721023663878	0.039303556084632874	0.07515554130077362	0.39262881875038147	-0.0005097791436128318	0.2735421061515808
ENSMUSG00000028332	0.024349790066480637	0.03297914192080498	0.008562341332435608	0.00339103932492435	-0.003979462664574385	-0.0029357874300330877	-0.008434941992163658	-0.04978911951184273	0.005557610187679529	0.04642120748758316	-0.005517774261534214	0.011656709015369415	0.00087659468408674	0.011160364374518394	-0.000387519015930593	-0.056804314255714417	0.03499593213200569	0.023533081635832787	-0.0260020662099123	-0.1300584077835083	-0.0064974199049174786	-0.02772383764386177
ENSMUSG00000026439	0.006477471441030502	0.018064942210912704	-0.003799708792939782	0.02943337708711624	-0.024873321875929832	0.0072586084716022015	0.021127350628376007	0.29376736283302307	0.020561227574944496	0.01156869437545538	-0.003910491243004799	-0.022245636209845543	0.02466663345694542	0.005383593961596489	-0.02751934714615345	0.2577146589756012	-0.007014813367277384	0.06921110302209854	0.04341854900121689	0.5404156446456909	-0.0024941067676991224	0.5006641149520874
ENSMUSG00000107681	0.00888771191239357	0.011346118524670601	0.0027426788583397865	-0.026112038642168045	-0.005616848357021809	-0.0017572656506672502	-0.00874555204063654	-0.13475550711154938	-0.004350180272012949	0.00999525561928749	-0.002790594007819891	0.00764826312661171	-0.0026926177088171244	-0.016315624117851257	-0.0032813758589327335	-0.05776819586753845	0.014679746702313423	-0.03406810015439987	-0.0362241305410862	-0.09709995985031128	-0.007175743114203215	-0.08183278888463974
ENSMUSG00000085522	-0.0009378462564200163	-0.004788265097886324	-0.0010634975042194128	-0.0009633609442971647	-0.0011723936768248677	-0.002496798522770405	-0.007227594964206219	-0.06399610638618469	-0.00419217674061656	0.0006344103021547198	0.0030434855725616217	0.011534549295902252	-7.717684638919309e-05	0.019430212676525116	-0.001622107345610857	-0.10105480998754501	0.0038466178812086582	-0.034927308559417725	-0.05157485604286194	-0.17521129548549652	-0.008169300854206085	-0.07264957576990128
ENSMUSG00000116770	-0.00018498995632398874	0.0013161083916202188	0.00043255239143036306	0.003713757498189807	-0.0027442844584584236	-0.0045876880176365376	-0.0019190823659300804	0.01935235783457756	-9.84012585831806e-05	0.01798979938030243	-0.009816703386604786	0.0023150010965764523	-0.0005758758052252233	0.017624519765377045	-0.012628708966076374	0.08640307188034058	0.03128764033317566	0.021242618560791016	-0.04000966623425484	-0.007989995181560516	-0.009248815476894379	-0.06348539888858795
ENSMUSG00000031749	0.010487280786037445	0.02333858422935009	-0.0033750494476407766	0.015572169795632362	-0.023911351338028908	0.00800648145377636	0.010420569218695164	0.21585185825824738	0.018703315407037735	0.015072857961058617	-0.020499732345342636	-0.030552003532648087	0.013303309679031372	0.013934480026364326	-0.03440745174884796	0.26082685589790344	0.01277734711766243	0.0606267936527729	0.06402323395013809	0.3157484531402588	-0.00279737776145339	0.3120687007904053
ENSMUSG00000085664	0.01042110938578844	0.025108251720666885	0.00630339328199625	0.01444851141422987	-0.013270730152726173	0.008620714768767357	0.004823024850338697	0.07794460654258728	0.012819371186196804	0.028376298025250435	-0.012565038166940212	-0.005408129654824734	0.0019606752321124077	0.009591318666934967	-0.022933432832360268	0.08114578574895859	0.02916613593697548	0.052065830677747726	-0.012016039341688156	0.09192615747451782	-0.005431007128208876	0.07475405186414719
ENSMUSG00000099915	-0.10803068429231644	-0.22050966322422028	-0.026485972106456757	-0.05192337557673454	-0.0328693650662899	-0.07932398468255997	0.025736751034855843	-0.1055631935596466	-0.04727441817522049	-0.22943781316280365	-0.01883648708462715	-0.014530365355312824	-0.013789267279207706	-0.02652907930314541	0.04801816865801811	-0.24066951870918274	-0.16050326824188232	-0.27358344197273254	0.2254774421453476	-0.6104251742362976	-0.00779779814183712	-0.41069161891937256
ENSMUSG00000100621	0.02645901031792164	0.019902240484952927	-0.012058363296091557	0.014927200973033905	-0.013769716955721378	-0.0037761577405035496	0.03772840276360512	-0.051108431071043015	0.013372254557907581	0.023893915116786957	-0.027726829051971436	0.025774573907256126	0.028336063027381897	-0.019727442413568497	-0.003801765153184533	-0.09246612340211868	0.01705508679151535	0.021803487092256546	0.13955894112586975	0.0019277040846645832	0.020791495218873024	-0.02080145850777626
ENSMUSG00000031489	0.017648903653025627	0.03485541045665741	-0.012841726653277874	0.009438165463507175	-0.012361269444227219	-0.004559286404401064	-0.009699265472590923	0.03618302196264267	0.01098618283867836	0.04462670162320137	-0.03776854649186134	0.0005219464655965567	0.014790321700274944	0.0035099470987915993	-0.01939532160758972	-0.06978636234998703	0.0292145274579525	0.023804284632205963	0.13156624138355255	0.1591086983680725	0.0402650386095047	-0.009809918701648712
ENSMUSG00000047655	0.00429731048643589	-0.0010996845085173845	-0.004497494548559189	-0.016945619136095047	0.00028337142430245876	-0.0025419786106795073	-0.009229470044374466	-0.0633281022310257	-0.0036924181040376425	0.013292363844811916	-0.0009022599551826715	0.009068560786545277	5.730075645260513e-05	0.016000689938664436	-0.003712092526257038	-0.09143811464309692	-0.007015581242740154	-0.005537533666938543	-0.054305944591760635	-0.10883317142724991	-0.007688701618462801	-0.09054313600063324
ENSMUSG00000108083	0.020393865182995796	0.026869460940361023	0.003347167745232582	0.0306567195802927	-0.0028663072735071182	-0.002700931392610073	-0.005811384879052639	-0.06494744122028351	0.001768608228303492	0.0358085036277771	-0.0009063715697266161	0.00954926572740078	0.0058659957721829414	0.018245916813611984	0.0019873431883752346	-0.10488416999578476	0.0215079877525568	0.027548616752028465	-0.019374536350369453	-0.12570379674434662	-0.007785437628626823	-0.08131901919841766
ENSMUSG00000097559	0.03202814981341362	0.03467649593949318	0.020256545394659042	0.010409221984446049	-0.004708863329142332	-0.0033115926198661327	0.0011341441422700882	-0.03316023573279381	0.015388237312436104	0.03263720124959946	-0.005514772143214941	0.0045974766835570335	-0.0020547304302453995	0.016582272946834564	-0.004738631658256054	-0.05206960067152977	0.03255879506468773	0.04538513347506523	0.022729959338903427	-0.020468318834900856	-0.005384364631026983	0.008916794322431087
ENSMUSG00000115232	0.01205355767160654	-0.003376467851921916	-0.0018197582103312016	0.014684821479022503	0.0036510673817247152	-0.007006480824202299	0.04385006055235863	-0.11226800829172134	-0.005901148542761803	-0.012863057665526867	-0.017869288101792336	0.024080662056803703	0.003619101596996188	-0.0022370023652911186	-0.02593589760363102	0.004738850053399801	0.01830114610493183	-0.02257058583199978	0.04435677453875542	0.0027625442016869783	0.017452053725719452	-0.011329326778650284
ENSMUSG00000113765	0.010170361958444118	0.026659036055207253	0.008085201494395733	0.011617273092269897	-0.0030408939346671104	0.0009251550654880702	-0.007789387833327055	-0.08095550537109375	-0.005614269990473986	0.05094391852617264	-0.004175723996013403	0.005968277342617512	0.0005747455288656056	0.01554582454264164	-0.0033193337731063366	-0.029108688235282898	0.014229962602257729	0.040030740201473236	-0.03817687928676605	-0.004673378076404333	-0.006355308927595615	-0.0055287983268499374
ENSMUSG00000108469	0.016673175618052483	0.04246221482753754	0.011353596113622189	0.02126299776136875	0.0011179758002981544	-0.00034166837576776743	-0.0049359858967363834	-0.06848183274269104	0.007464638911187649	0.03946324810385704	0.00658574840053916	0.0032024008687585592	-0.0005183730972930789	0.012189812958240509	-0.007314814254641533	0.012912974692881107	0.045515984296798706	0.04728790745139122	-0.024128856137394905	-0.06179097294807434	-0.007119533605873585	-0.05307139828801155
ENSMUSG00000087361	0.02234121598303318	0.03675619140267372	0.0017585973255336285	-0.00407447200268507	-0.005199188366532326	-0.0034462404437363148	0.02064872533082962	0.03951562941074371	0.01496215257793665	0.044895756989717484	-0.009546449407935143	0.006303968373686075	0.011013615876436234	0.006938787642866373	-0.005010534077882767	-0.12732475996017456	0.02744647115468979	-0.02349008619785309	0.14363981783390045	0.25880447030067444	0.017670491710305214	0.03701431676745415
ENSMUSG00000056121	0.008529871702194214	0.01074538379907608	0.0019885653164237738	0.022907311096787453	-0.01467608567327261	0.007674249354749918	0.005760027561336756	0.22699956595897675	0.009819102473556995	0.01129860244691372	-0.012506509199738503	-0.0165806096047163	0.005755581893026829	0.016716716811060905	-0.019809430465102196	0.30430424213409424	0.013801285065710545	0.06696157902479172	0.00010160038073081523	0.25456953048706055	-0.008442947641015053	0.3128262758255005
ENSMUSG00000117053	0.004206928424537182	0.018669646233320236	-0.004467676393687725	0.012829187326133251	0.005962777882814407	0.007852064445614815	-0.007056061644107103	0.049514010548591614	-0.010041773319244385	0.03230520337820053	-0.0020394588354974985	-0.007120709400624037	-0.0036305170506238937	0.011027364991605282	-0.012588824145495892	0.16532473266124725	0.007488569710403681	0.031157467514276505	-0.0572773702442646	-0.005231023300439119	-0.006573419086635113	-0.024592280387878418
ENSMUSG00000051355	0.008999614976346493	0.017051855102181435	-0.00450003519654274	0.016928160563111305	-0.024273358285427094	0.006521882489323616	0.016840022057294846	0.24456903338432312	0.017829155549407005	0.01132714282721281	-0.017689799889922142	-0.027233503758907318	0.018255768343806267	0.01305429544299841	-0.03097275085747242	0.28203147649765015	0.006781907752156258	0.0687621608376503	0.05920311436057091	0.33609455823898315	-0.002414547838270664	0.38388296961784363
ENSMUSG00000025484	0.0035612203646451235	0.009878828190267086	-0.012679805979132652	0.024923406541347504	-0.024167299270629883	0.0022994393948465586	0.05120183154940605	0.2426966279745102	0.03478366136550903	0.0052730911411345005	-0.004573189187794924	-0.04601838067173958	0.029666660353541374	0.00789276510477066	-0.030544444918632507	0.2566656768321991	-0.005545917898416519	0.060753364115953445	0.09729991853237152	0.4299124479293823	0.033778488636016846	0.3025047183036804
ENSMUSG00000045928	0.019386811181902885	0.024937137961387634	0.010391962714493275	0.023633871227502823	-0.0029977215453982353	-0.004052641801536083	-0.005851673893630505	-0.08598849922418594	0.005620179697871208	0.05254184827208519	-0.002737184753641486	0.004141158424317837	-0.0011662977049127221	0.001243593287654221	0.0009432741208001971	-0.027946878224611282	0.03206823393702507	-0.006403731182217598	-0.0464957058429718	0.022007012739777565	-0.006925561930984259	-0.08214898407459259
ENSMUSG00000071392	0.01611934043467045	0.03205833584070206	0.007712455466389656	0.006370254326611757	-0.002655693329870701	0.00664046686142683	-0.0012408189941197634	-0.04218602180480957	0.013107228092849255	0.05300850421190262	-0.008518493734300137	-0.003144883783534169	0.0028383105527609587	0.015518836677074432	-0.008879503235220909	-0.02179044485092163	0.030006440356373787	0.05192013084888458	-0.016575219109654427	-0.07476256042718887	-0.003272565081715584	0.04115329682826996
ENSMUSG00000058631	-0.0010082931257784367	-0.10281258821487427	0.0005311964196152985	-0.015666604042053223	0.005325931124389172	0.006614176090806723	-0.0005553476512432098	-0.071839839220047	-0.0061715408228337765	-0.044646333903074265	0.003881065873429179	0.0058847758919000626	-0.00931508094072342	0.0014418087666854262	-0.007401351351290941	-0.1117113009095192	-0.044994767755270004	-0.10434426367282867	-0.06446012109518051	-0.22032910585403442	0.0013078738702461123	-0.10904467850923538
ENSMUSG00000036372	0.008010479621589184	0.0278165340423584	-0.0019442230695858598	0.02556939609348774	-0.010685251094400883	0.015787752345204353	0.02040940523147583	0.2633112967014313	0.03136366978287697	0.015617107972502708	0.002421510638669133	-0.013055668212473392	0.003947398625314236	0.006833339110016823	-0.02525070495903492	0.23447608947753906	-0.007613770198076963	0.0410272441804409	0.06966966390609741	0.3806917071342468	0.005484852008521557	0.29519063234329224
ENSMUSG00000093858	0.01360083557665348	0.018606022000312805	-0.0013763143215328455	0.01375028770416975	-0.007384032476693392	-0.0017097548115998507	0.0021569847594946623	-0.0444747731089592	0.007326146587729454	0.03506069257855415	-0.008801278658211231	0.004077904392033815	0.004752476699650288	0.01601347140967846	-0.0022430529352277517	-0.09141853451728821	0.02269255928695202	0.041432078927755356	0.005720294080674648	0.0019155457848683	-0.004396890290081501	0.007357989437878132
ENSMUSG00000114353	0.0325976125895977	0.010889582335948944	-0.0037596605252474546	0.019931277260184288	-0.007980896160006523	-0.0026361923664808273	-0.006904508452862501	-0.05648202821612358	0.0029898956418037415	0.045838337391614914	0.001189038623124361	0.007993703708052635	0.011519988998770714	0.01844547875225544	-0.005937852896749973	-0.11326148360967636	0.02198292315006256	0.025141701102256775	0.04565699025988579	0.03609568253159523	-0.008007405325770378	0.001864387420937419
ENSMUSG00000086546	0.008684101514518261	-0.015407723374664783	0.009519723244011402	0.013773144222795963	-0.007546262349933386	-0.0010564043186604977	-0.005835067480802536	-0.08606789261102676	0.00575393857434392	0.03830641135573387	-0.005928640253841877	0.0024841851554811	-0.0005397449131123722	0.01256158109754324	-0.00037615097244270146	-0.004448986612260342	0.022279387339949608	-0.017082467675209045	-0.02314409799873829	-0.08090866357088089	-0.007145525421947241	-0.057990580797195435
ENSMUSG00000031994	0.012239661999046803	0.02598857693374157	0.007949505932629108	0.013937383890151978	-0.01817474700510502	0.004773012828081846	0.005642531905323267	0.18259373307228088	0.01623268984258175	0.017609648406505585	-0.01674971543252468	-0.02713182009756565	0.0011215091217309237	0.019707614555954933	-0.029001621529459953	0.24543021619319916	0.027253562584519386	0.0614825040102005	-0.0049897534772753716	0.19090530276298523	-0.0070678479969501495	0.1134120374917984
ENSMUSG00000014686	0.02871929667890072	0.03454229235649109	0.005698261316865683	0.0144883431494236	-0.002207124838605523	-0.002743726596236229	0.003961042035371065	-0.0651799738407135	0.011092258617281914	0.034726060926914215	-0.006653837393969297	0.017323428764939308	0.0030098529532551765	-0.011332633905112743	-0.004176749382168055	-0.038747552782297134	0.039996907114982605	0.02105039171874523	0.015186909586191177	0.035940323024988174	-0.004702276550233364	-0.014740517362952232
ENSMUSG00000017211	0.026607541367411613	0.04693640395998955	0.006281611509621143	0.019404098391532898	-0.00480286730453372	0.002392570720985532	-0.0020927651785314083	-0.06678572297096252	0.01217783335596323	0.009098782204091549	-0.006385998800396919	0.008219168521463871	0.007515539415180683	0.00711445789784193	0.0014563489239662886	-0.05837531387805939	0.02887902408838272	0.043137192726135254	-0.019623685628175735	-0.09494223445653915	-0.00815186370164156	-0.09777620434761047
ENSMUSG00000029461	0.009294629096984863	0.022792009636759758	0.0014712042175233364	0.012940773740410805	-0.024625273421406746	0.006804897915571928	0.008277121931314468	0.2212253361940384	0.015682877972722054	0.014191760681569576	-0.017557652667164803	-0.03088548593223095	0.011288323439657688	0.015574800781905651	-0.02106841839849949	0.2776794135570526	0.015200330875813961	0.060045741498470306	0.038225170224905014	0.2767588794231415	-0.006718961987644434	0.298607736825943
ENSMUSG00000114422	0.022807912901043892	0.03619597852230072	-0.0011390603613108397	0.010581565089523792	-0.007212115917354822	-0.001772707444615662	-0.009595795534551144	-0.06051832064986229	-0.0008434552582912147	0.03959837555885315	-0.0027401635888963938	0.00570592749863863	-0.0006036305567249656	0.006831333041191101	0.005516881123185158	-0.04970438405871391	0.03954632952809334	0.04835301265120506	-0.024409377947449684	-0.15909412503242493	-0.008348559960722923	-0.09609873592853546
ENSMUSG00000101774	-0.10803068429231644	-0.22050966322422028	-0.026485972106456757	-0.05192337557673454	-0.0328693650662899	-0.07932398468255997	0.025736751034855843	-0.1055631935596466	-0.04727441817522049	-0.22943781316280365	-0.01883648708462715	-0.014530365355312824	-0.013789267279207706	-0.02652907930314541	0.04801816865801811	-0.24066951870918274	-0.16050326824188232	-0.27358344197273254	0.2254774421453476	-0.6104251742362976	-0.00779779814183712	-0.41069161891937256
ENSMUSG00000101613	0.023149149492383003	0.036522023379802704	0.007566581945866346	0.009953242726624012	-0.006541780661791563	0.002331510419026017	-0.0009127541561610997	-0.038543641567230225	0.01501172874122858	0.044921018183231354	-0.014243029057979584	-0.007995838299393654	0.007388364523649216	0.017229603603482246	-0.004766251426190138	0.027032477781176567	0.031135831028223038	0.0016297914553433657	0.026973629370331764	0.053476180881261826	-0.0018688306445255876	-0.04758962616324425
ENSMUSG00000046300	0.02437068521976471	0.03839598596096039	0.010893461294472218	0.02217692695558071	-0.0012579133035615087	-0.0010971747105941176	-0.009308394975960255	-0.06030679866671562	0.006654749624431133	0.06804739683866501	0.0040284860879182816	0.011870933696627617	0.0021595254074782133	0.010244281031191349	-0.0031932273413985968	-0.020458471029996872	0.011532038450241089	-0.004252638667821884	-0.05145308002829552	-0.14563050866127014	-0.006931167095899582	-0.12665557861328125
ENSMUSG00000056973	0.020621633157134056	0.039562392979860306	0.008067232556641102	0.02085968106985092	-0.006450149230659008	0.0001422866334905848	-0.004714546725153923	-0.09442898631095886	0.010790977627038956	0.04168622940778732	-0.01027793437242508	0.007278749253600836	0.0036135695409029722	0.009873033501207829	-0.001545729348435998	0.021082313731312752	0.015718016773462296	0.004505396820604801	-0.011479777283966541	-0.007597960066050291	-0.006402671802788973	-0.08370381593704224
ENSMUSG00000099988	0.01804526150226593	0.032480642199516296	0.011335653252899647	0.020136259496212006	-0.003420524997636676	-0.003142616478726268	-0.0013293668162077665	-0.05004055052995682	0.020295357331633568	0.03773942217230797	-0.008714704774320126	0.005550094414502382	0.004170797765254974	-0.007467232178896666	-0.005738634616136551	-0.013098725117743015	0.033487070351839066	0.048518113791942596	-0.019809167832136154	-0.053595539182424545	-0.0046419259160757065	-0.03856871277093887
ENSMUSG00000091649	-0.007425808813422918	0.001162598840892315	-0.0028717557433992624	0.011921394616365433	0.005430372431874275	-0.003243363695219159	-0.0059601301327347755	-0.1273728609085083	-0.010640019550919533	-0.018967552110552788	0.005488499999046326	0.011331113986670971	-0.0005246122018434107	-0.013560844585299492	-0.00034857672289945185	-0.06305792182683945	-0.012095626443624496	-0.004687406588345766	-0.05915851145982742	-0.1885600984096527	-0.0074576823972165585	-0.10109472274780273
ENSMUSG00000063507	0.008945781737565994	0.02383139356970787	-0.0027414560317993164	0.008326769806444645	-0.00513911247253418	-0.0015533544356003404	-0.010412904433906078	-0.07380443811416626	-0.0015912242233753204	0.023869505152106285	-0.0006585563533008099	0.008902852423489094	0.002302998909726739	0.007882913574576378	-0.004975553601980209	-0.08542709052562714	0.012336218729615211	-0.05146549269556999	-0.025972988456487656	-0.10652030259370804	-0.008767953142523766	-0.08321128785610199
ENSMUSG00000112823	0.014739073812961578	0.02999819442629814	0.00433678925037384	0.003050851635634899	0.0006736990180797875	-0.0017712261760607362	-0.01174885779619217	-0.043279558420181274	0.015388209372758865	0.019020508974790573	-0.011156273074448109	0.010469529777765274	-0.0032284122426062822	0.013237129896879196	-0.011779462918639183	0.0842953473329544	0.04248356446623802	0.06805363297462463	-0.06333664804697037	-0.001786641776561737	-0.006984150968492031	-0.044136881828308105
ENSMUSG00000121451	0.007180509157478809	0.04965269938111305	0.024983741343021393	0.02358219586312771	-0.0018102978356182575	-0.00153032795060426	-0.002606774214655161	-0.052021533250808716	0.016871759667992592	0.05968056619167328	-0.0012951137032359838	-0.00155536993406713	-0.003111189929768443	0.024669742211699486	-0.01205826923251152	0.025233624503016472	0.04731224477291107	0.0471588671207428	0.016296692192554474	0.033119767904281616	-0.004808323457837105	-0.04654384031891823
ENSMUSG00000056999	0.008215409703552723	0.022989099845290184	-0.0032586685847491026	0.028551461175084114	-0.020630642771720886	0.011456983163952827	0.01251134742051363	0.292724609375	0.019363991916179657	0.014034934341907501	-0.0068445755168795586	-0.01958782970905304	0.01563810557126999	0.007387478835880756	-0.031112678349018097	0.3189171552658081	-0.003192000091075897	0.09277250617742538	0.031557682901620865	0.5975165963172913	-0.005576418712735176	0.3961726427078247
ENSMUSG00000110781	0.02065141685307026	0.04270244017243385	0.0024750828742980957	0.013054224662482738	-0.004962464328855276	-0.00012193536531412974	-0.003237243974581361	-0.037203431129455566	0.015308978967368603	0.030982377007603645	-0.0030337367206811905	-0.001659355009905994	0.0036336430348455906	0.004904821515083313	-0.006445681676268578	-0.006816834211349487	0.03258773684501648	0.044914375990629196	-0.016450004652142525	-0.08001505583524704	-0.0011157924309372902	-0.018200626596808434
ENSMUSG00000084937	0.0032036711927503347	0.026660175994038582	-0.005425460170954466	0.001105626579374075	0.0012797234812751412	-0.0020294792484492064	-0.009539215825498104	-0.06604823470115662	-0.009805048815906048	0.02136174961924553	0.005630034953355789	0.012239325791597366	-0.004074756056070328	0.0006817562971264124	-0.0038187431637197733	-0.0791197121143341	0.0013876858865842223	-0.005149567499756813	-0.054322704672813416	-0.17394550144672394	-0.007379756774753332	-0.10266034305095673
ENSMUSG00000031103	0.0001992677862290293	0.003637872636318207	0.00026978185633197427	0.031089168041944504	0.0033518746495246887	0.0022419895976781845	0.022157816216349602	0.16447128355503082	-0.008017200976610184	0.007476693484932184	-0.003422727342694998	-0.011524238623678684	0.009042923338711262	0.013605820015072823	-0.028424013406038284	0.2970556318759918	0.008246565237641335	0.04548497498035431	0.04848003759980202	0.2480541169643402	-0.010373231954872608	0.06302510201931
ENSMUSG00000021974	-0.004153123125433922	-0.006906518246978521	-0.0020745485089719296	0.011817549355328083	0.0053469776175916195	-0.009706944227218628	0.02127767726778984	0.0538015142083168	-0.00860133208334446	0.022542640566825867	-0.0001818345335777849	0.0053614419884979725	0.002118473406881094	0.016628779470920563	-0.01259906217455864	-0.06762000918388367	0.009450317360460758	0.03863208368420601	0.012054580263793468	-0.05015074089169502	0.001502973842434585	0.042859435081481934
ENSMUSG00000121462	-0.014841973781585693	-0.05248911306262016	-0.0028800484724342823	-0.00401289714500308	0.02291344664990902	0.0024250061251223087	-0.012199672870337963	-0.15708525478839874	-0.038874898105859756	-0.03574271500110626	0.0013867734232917428	0.045606840401887894	-0.03613746538758278	-0.047507427632808685	-0.003319801762700081	-0.09780220687389374	-0.12338123470544815	-0.1795041710138321	-0.029400775209069252	-0.21639825403690338	-0.011056694202125072	-0.1663494110107422
ENSMUSG00000121391	0.02182150073349476	0.033427685499191284	0.010878029279410839	0.005700360983610153	-0.0027431375347077847	-0.004189882427453995	-0.0038154793437570333	-0.03793700411915779	0.006545354146510363	0.03688110038638115	-0.007537205703556538	0.008817775174975395	0.0013302020961418748	0.017906049266457558	0.0071793501265347	-0.07777640223503113	0.024548102170228958	0.052799735218286514	-0.028322231024503708	-0.1022866889834404	-0.00781952403485775	-0.09977778792381287
ENSMUSG00000027870	0.017869126051664352	0.016105860471725464	0.006721018347889185	0.015728432685136795	-0.00017044339620042592	-0.0026539242826402187	-0.008126985281705856	-0.0854555293917656	0.009063811041414738	0.04361743852496147	-0.003301996970549226	0.008179433643817902	0.00028613684116862714	0.005745444912463427	-0.0005404974217526615	-0.008642259985208511	0.01340949535369873	0.004787623416632414	-0.04065379127860069	-0.07939369231462479	-0.00681267911568284	-0.10284388810396194
ENSMUSG00000060098	0.010966219007968903	0.018491989001631737	-0.0034093460999429226	0.02867431566119194	-0.02418668195605278	0.008640957064926624	0.006785365287214518	0.3283701241016388	0.01771574094891548	0.011495129205286503	-0.014854678884148598	-0.023542387410998344	0.01721344329416752	0.013130336999893188	-0.027280226349830627	0.34831273555755615	0.0033334079198539257	0.07253216952085495	0.045642778277397156	0.3620891571044922	-0.00865890458226204	0.4587789475917816
ENSMUSG00000107388	0.022449519485235214	0.03623182699084282	0.00966928992420435	0.019202379509806633	-0.009957129135727882	0.0068929605185985565	0.0028080639895051718	-0.02924255095422268	0.016914697363972664	0.036971524357795715	-0.018195321783423424	0.00886772945523262	0.004335995297878981	0.015367886051535606	-0.014713364653289318	0.028915610164403915	0.03653041273355484	0.04286152869462967	0.019008327275514603	0.05541456863284111	0.000769212085288018	0.02799217402935028
ENSMUSG00000118646	0.022341836243867874	0.024170881137251854	0.013153577223420143	0.014320825226604939	-0.00222857971675694	-0.0033114783000200987	-0.002233708743005991	-0.0640513002872467	0.008865040726959705	0.01872432604432106	-0.00849511194974184	0.004099459853023291	0.0002354552416363731	0.01465902104973793	-0.00014145560271572322	-0.046173833310604095	0.04144766926765442	0.0590510368347168	-0.02289530448615551	-0.06229272484779358	-0.007792017422616482	-0.10944381356239319
ENSMUSG00000108958	0.02396177314221859	0.022147286683321	-0.0003036202979274094	0.0031244640704244375	0.001107206684537232	-0.0014626873889937997	-0.014844349585473537	-0.07793697714805603	0.0037501873448491096	0.0005928873433731496	0.0013036747695878148	0.012567805126309395	-0.004094175063073635	-0.011326453648507595	-0.004219220019876957	-0.04189811274409294	0.025041373446583748	-0.01849166303873062	-0.04686553403735161	-0.277057945728302	-0.005423591937869787	-0.13298000395298004
ENSMUSG00000043924	0.013383534736931324	0.0292032640427351	0.005112898536026478	0.012712961062788963	-0.01354977861046791	0.008883428759872913	0.005336652975529432	0.12082398682832718	0.012365099042654037	0.028319578617811203	-0.01814623922109604	-0.00995253399014473	0.006528094876557589	0.014932963065803051	-0.02749558910727501	0.18139146268367767	0.02859397418797016	0.055279411375522614	0.01115566398948431	0.06982455402612686	-0.0035354928113520145	0.08535589277744293
ENSMUSG00000009248	0.014887647703289986	0.026902394369244576	-0.01221569161862135	0.019509535282850266	-0.025029104202985764	0.002007146831601858	0.003189678769558668	0.10924407839775085	0.036426857113838196	0.02158709242939949	-0.04276590049266815	-0.01772148162126541	0.01819930039346218	0.013404431752860546	-0.06851203739643097	0.1289832442998886	0.02289133332669735	0.039581283926963806	0.11002220958471298	0.1451837718486786	0.0496387779712677	0.16832932829856873
ENSMUSG00000099861	-0.10803068429231644	-0.22050966322422028	-0.026485972106456757	-0.05192337557673454	-0.0328693650662899	-0.07932398468255997	0.025736751034855843	-0.1055631935596466	-0.04727441817522049	-0.22943781316280365	-0.01883648708462715	-0.014530365355312824	-0.013789267279207706	-0.02652907930314541	0.04801816865801811	-0.24066951870918274	-0.16050326824188232	-0.27358344197273254	0.2254774421453476	-0.6104251742362976	-0.00779779814183712	-0.41069161891937256
ENSMUSG00000121559	-0.10803068429231644	-0.22050966322422028	-0.026485972106456757	-0.05192337557673454	-0.0328693650662899	-0.07932398468255997	0.025736751034855843	-0.1055631935596466	-0.04727441817522049	-0.22943781316280365	-0.01883648708462715	-0.014530365355312824	-0.013789267279207706	-0.02652907930314541	0.04801816865801811	-0.24066951870918274	-0.16050326824188232	-0.27358344197273254	0.2254774421453476	-0.6104251742362976	-0.00779779814183712	-0.41069161891937256
ENSMUSG00000103052	-0.0029247328639030457	0.0008027752628549933	-0.012253032997250557	0.00531857181340456	0.0032115152571350336	-0.002744207391515374	-0.03057120367884636	-0.10992047190666199	-0.013991274870932102	0.02361157163977623	0.06341211497783661	0.007294020149856806	-0.006899543572217226	-0.028203634545207024	0.09539079666137695	-0.010026566684246063	-0.03162013366818428	-0.05666111409664154	-0.04566037654876709	-0.15405094623565674	-0.010459592565894127	-0.09746813774108887
ENSMUSG00000090777	0.033899348229169846	0.02826021984219551	0.016234083101153374	0.020561859011650085	0.001128039788454771	-0.003443771041929722	0.0006821299321018159	-0.06048073619604111	0.0026569459587335587	0.03409180790185928	-0.004174510948359966	0.0039740619249641895	-0.0015073074027895927	0.007998335175216198	-0.0015568723902106285	-0.011936130933463573	0.0632416233420372	0.0323294959962368	0.017052600160241127	-0.07604608684778214	-0.007220255210995674	-0.08698530495166779
ENSMUSG00000064215	0.016674324870109558	0.04408514127135277	-0.00013991587911732495	0.022413060069084167	0.001514952047728002	-0.004644662141799927	-0.006049571558833122	-0.06565992534160614	0.008801736868917942	0.04306622967123985	-0.009887981228530407	0.005142520647495985	-3.440962973400019e-05	0.00714282039552927	-0.0030920805875211954	-0.03281089663505554	0.01775244064629078	0.025963908061385155	-0.05155704542994499	-0.06142985820770264	-0.008382600732147694	-0.05082538723945618
ENSMUSG00000121515	-0.017954740673303604	-0.012487747706472874	-0.0041687097400426865	-0.012438993901014328	0.011756445281207561	-0.0015329677844420075	-0.002079999540001154	-0.15010413527488708	-0.01301790215075016	-0.025278771296143532	0.005828893277794123	0.01137141790241003	-0.007854833267629147	-0.014739087782800198	-0.003936843480914831	-0.04136192798614502	-0.019194424152374268	0.013955110684037209	-0.04636162891983986	-0.2703433334827423	0.0006438882555812597	-0.21905860304832458
ENSMUSG00000078504	0.020496180281043053	0.04428553953766823	0.00022934492153581232	0.0003387761244084686	-0.004282262641936541	-0.0018862835131585598	-0.008113134652376175	-0.11170826107263565	0.012187995947897434	0.02209717035293579	0.0007127864519134164	0.00776994414627552	0.005145721603184938	0.005324057303369045	-0.0032018302008509636	-0.00533889839425683	0.00770632503554225	0.012417826801538467	-0.025863392278552055	-0.022138256579637527	-0.007605100050568581	-0.03133872523903847
ENSMUSG00000103328	0.009197073988616467	0.0026784511283040047	0.02332836389541626	0.019215794280171394	-0.007338067516684532	-0.006481647957116365	-0.018712036311626434	-0.08103938400745392	0.007085267920047045	0.06133551150560379	-0.01204350870102644	0.008945860899984837	0.002233669627457857	0.021801259368658066	0.010997959412634373	-0.08545234799385071	0.040011461824178696	0.042843032628297806	-3.3962129236897454e-05	-0.15966114401817322	-0.007908882573246956	-0.01738816685974598
ENSMUSG00000111713	0.014592522755265236	0.02439451962709427	0.007068614941090345	0.020784711465239525	-0.002366763073951006	-0.004925071727484465	-0.006448788568377495	-0.04129452630877495	0.012347258627414703	0.05236818641424179	-0.01161013450473547	0.0042719352059066296	0.0012943604961037636	0.015521815046668053	-0.0037779444828629494	-0.005710755009204149	0.02787652052938938	0.04160536825656891	-0.006296555977314711	0.010894691571593285	0.0007677279645577073	0.0038020324427634478
ENSMUSG00000086211	0.012362029403448105	0.026179784908890724	0.007644884753972292	0.017642714083194733	-0.010928154923021793	0.00782293826341629	0.0024360341485589743	0.1277001053094864	0.01802844926714897	0.019332492724061012	-0.01146557368338108	-0.02209036983549595	0.00398102356120944	0.018134379759430885	-0.02452883869409561	0.19213922321796417	0.02575630508363247	0.044904179871082306	0.04579639807343483	0.21910008788108826	-0.005491511430591345	0.1137031838297844
ENSMUSG00000120010	0.008523261174559593	0.015728799626231194	-0.001637333887629211	0.02377495728433132	-0.0009596908348612487	0.009408436715602875	-0.0021406710147857666	0.2529219090938568	0.018248196691274643	0.013695270754396915	-0.00946151651442051	-0.0114401550963521	0.011836592108011246	0.014130976982414722	-0.00461725564673543	0.30345526337623596	0.005345752928406	0.07083743065595627	0.0795413926243782	0.3536958694458008	-0.007030768319964409	0.3776378631591797
ENSMUSG00000032177	0.01032300479710102	0.028866762295365334	-0.0018503140890970826	0.016262000426650047	-0.020552923902869225	0.002231459366157651	0.01650438830256462	0.1806737333536148	0.01991310343146324	0.013534853234887123	-0.017804289236664772	-0.020986687391996384	0.013286340050399303	0.013331694528460503	-0.036812685430049896	0.16014821827411652	0.01274463813751936	0.030611872673034668	0.039942603558301926	0.32834893465042114	0.0011457812506705523	0.2498258799314499
ENSMUSG00000031876	0.017933424562215805	0.03130621090531349	0.0105149419978261	0.02306697517633438	-0.013124624267220497	-0.000553870340809226	-0.0009445722680538893	0.004552707076072693	0.013740035705268383	0.032568998634815216	-0.01811721734702587	-0.005797863006591797	-0.0008992867078632116	0.020498353987932205	-0.019662335515022278	0.08176489174365997	0.03322591260075569	0.0524119958281517	0.009629505686461926	0.010568099096417427	-0.00377386505715549	-0.011197485961019993
ENSMUSG00000060044	0.009382102638483047	0.020689750090241432	0.003190272953361273	0.014509971253573895	-0.010341835208237171	0.0034084476064890623	-0.005387278273701668	0.06171134486794472	0.007942856289446354	0.01402398943901062	-0.013527682982385159	-0.013173967599868774	0.0012040896108374	0.01406033430248499	-0.013539816252887249	0.11933605372905731	0.020429322496056557	0.04750444367527962	-0.022110549733042717	-0.10830344259738922	-0.006008032709360123	0.002540258225053549
ENSMUSG00000087587	-0.015538153238594532	-0.041356176137924194	-0.000196568071260117	-0.0033059974666684866	0.006028295028954744	0.0012421044521033764	-0.018704628571867943	-0.14422911405563354	-0.010957164689898491	-0.014445049688220024	0.008801505900919437	0.019937006756663322	-0.00656840018928051	-0.004636615049093962	-0.006681148428469896	-0.13301128149032593	-0.017970852553844452	-0.054754748940467834	-0.05415766313672066	-0.24792146682739258	-0.005001081619411707	-0.01379613857716322
ENSMUSG00000054885	0.007861374877393246	0.0049880570732057095	0.005076730158179998	0.005529727321118116	-0.008813797496259212	0.006972455885261297	0.0017864862456917763	0.15068082511425018	0.010025853291153908	0.00958979595452547	-0.009427175857126713	-0.017706220969557762	0.0017189590726047754	0.01649363338947296	-0.025021672248840332	0.1927255243062973	0.022818299010396004	0.0580902099609375	-0.015816951170563698	0.10683809220790863	-0.00820926483720541	0.11847816407680511
ENSMUSG00000096869	0.021731851622462273	0.03725474700331688	0.006349597126245499	0.013882162980735302	-0.006342225708067417	0.0012403040891513228	-0.006754992995411158	-0.07490327209234238	0.015192930586636066	0.03859689086675644	-0.003445484908297658	0.008117693476378918	0.003528853878378868	-0.000306173344142735	-0.005289781838655472	0.018178019672632217	0.025957757607102394	0.024255240336060524	-0.020348278805613518	-0.11728961020708084	-0.004889861214905977	-0.052056651562452316
ENSMUSG00000100739	-0.10803068429231644	-0.22050966322422028	-0.026485972106456757	-0.05192337557673454	-0.0328693650662899	-0.07932398468255997	0.025736751034855843	-0.1055631935596466	-0.04727441817522049	-0.22943781316280365	-0.01883648708462715	-0.014530365355312824	-0.013789267279207706	-0.02652907930314541	0.04801816865801811	-0.24066951870918274	-0.16050326824188232	-0.27358344197273254	0.2254774421453476	-0.6104251742362976	-0.00779779814183712	-0.41069161891937256
ENSMUSG00000059878	0.007442614994943142	0.015333191491663456	-0.0001798488519852981	0.018216723576188087	-0.03516083210706711	0.003300832584500313	0.021090036258101463	0.21901267766952515	0.005839372053742409	0.010435470379889011	-0.02767999842762947	-0.02314617671072483	0.006464438978582621	0.016407372429966927	0.006558354012668133	0.2972201406955719	0.01613839715719223	0.056976381689310074	0.04766431823372841	0.20393089950084686	-0.004456055350601673	0.2781107723712921
ENSMUSG00000014603	0.01664872094988823	0.027916263788938522	0.008577544242143631	0.009456518106162548	-0.0048898267559707165	0.005780447274446487	0.005108034238219261	0.08131670951843262	0.014666658826172352	0.030666451901197433	-0.009287374094128609	-0.008993614464998245	0.0013760928995907307	0.018320662900805473	-0.029793526977300644	0.13040785491466522	0.03365790471434593	0.04382126405835152	0.007080637849867344	0.05634002760052681	-0.004336070269346237	0.04545394331216812
ENSMUSG00000032999	0.017349014058709145	-0.0709722563624382	-0.0010509855346754193	-0.10856930911540985	-0.008671150542795658	0.06198577582836151	-0.009427273645997047	-0.22444193065166473	-0.007387381047010422	-0.13077178597450256	-0.007119996007531881	0.00449596019461751	0.011971243657171726	-0.09193021059036255	-0.00015395625086966902	-0.2061956524848938	0.016475645825266838	-0.12002518028020859	-0.013635387644171715	-0.4494572877883911	-0.013374829664826393	-0.40236422419548035
ENSMUSG00000029823	0.0041839624755084515	0.0188054908066988	-0.004540058318525553	0.04855938255786896	-0.02521579898893833	0.007144385948777199	0.03938154876232147	0.2967571020126343	0.011205996386706829	0.005895394831895828	-0.0049875397235155106	-0.022197162732481956	0.03105287253856659	0.0034766814205795527	-0.0160856731235981	0.3013172447681427	-0.009371157735586166	0.08549065887928009	0.05204175412654877	0.618626594543457	0.006573019083589315	0.5081009864807129
ENSMUSG00000114730	0.025447214022278786	0.02248409204185009	0.017335839569568634	-0.0003350404149387032	-0.0019865294452756643	-0.007104707416146994	-0.012103297747671604	-0.05579822137951851	0.00805605947971344	0.024952087551355362	0.04829573258757591	0.0041588228195905685	-0.0034245005808770657	0.01630905456840992	-0.0015907534398138523	-0.016687629744410515	0.053913798183202744	0.01359267346560955	-0.03479045256972313	-0.014534699730575085	-0.008464387618005276	-0.06033352389931679
ENSMUSG00000044876	0.007464364171028137	0.01636454276740551	-0.012198803015053272	0.031010670587420464	-0.02065606787800789	0.01269644033163786	0.032409846782684326	0.25847020745277405	0.0237725879997015	0.012449593283236027	-0.009370618499815464	-0.005042840726673603	0.02780378796160221	0.004982298705726862	-0.04049785062670708	0.2726532220840454	-0.012464984320104122	0.07453658431768417	0.0677022859454155	0.5236681699752808	0.00709764426574111	0.33846038579940796
ENSMUSG00000120651	0.0007813093834556639	-0.021566785871982574	-0.001635572174564004	-0.006312564015388489	-0.0007320844451896846	-0.003305881517007947	-0.010556577704846859	-0.1088472306728363	-0.004981923848390579	-0.03768346458673477	0.0006059036822989583	0.008891448378562927	-0.0023463452234864235	-0.006051543168723583	-0.004968750290572643	-0.12785030901432037	0.011445759795606136	-0.03477559983730316	-0.04318287968635559	-0.08438199013471603	-0.008774308487772942	-0.0926746279001236
ENSMUSG00000068966	0.010538059286773205	0.023472201079130173	0.0003498110454529524	0.014716794714331627	-0.025498665869235992	0.004989429377019405	0.015353390946984291	0.21921613812446594	0.02077879011631012	0.01423031184822321	-0.020327245816588402	-0.02158926986157894	0.011096416972577572	0.014276965521275997	-0.03248799592256546	0.14297476410865784	0.015485716052353382	0.06081533804535866	0.027595272287726402	0.3318752348423004	-0.002909271512180567	0.2840122580528259
ENSMUSG00000024772	0.007727022282779217	0.020499542355537415	-0.005956749431788921	0.02580447494983673	-0.02299639955163002	0.004568221978843212	0.023821447044610977	0.2681006193161011	0.022559862583875656	0.010773268528282642	-0.012151185423135757	-0.02866785228252411	0.018839767202734947	0.01022630650550127	-0.03673962131142616	0.20357535779476166	0.0005528077017515898	0.06630446016788483	0.06194454804062843	0.4346640706062317	0.0026065853890031576	0.3454832136631012
ENSMUSG00000022211	-0.0007311842637136579	0.0064212363213300705	-0.0014421212254092097	0.015117496252059937	0.01736398972570896	-0.009503710083663464	0.024237442761659622	0.2388291209936142	-0.019766144454479218	-0.0006153109134174883	0.004401092417538166	-0.020285462960600853	0.004046603571623564	0.013296263292431831	-0.0036606567446142435	0.26404106616973877	0.006121719256043434	0.0299515463411808	-0.001613076776266098	0.2225504070520401	-0.0058308918960392475	0.23770207166671753
ENSMUSG00000025792	0.012303151190280914	0.020414555445313454	0.002467665122821927	0.013649890199303627	-0.010747510008513927	0.011202589608728886	0.010692422278225422	0.2318224161863327	0.024936610832810402	0.01618190109729767	-0.00899153295904398	-0.018164772540330887	-0.00028724444564431906	0.014021304436028004	-0.02717830426990986	0.2557657063007355	0.010645837523043156	0.057766880840063095	0.021413691341876984	0.3817135691642761	-0.006700888276100159	0.2864001393318176
ENSMUSG00000120909	-0.00359529722481966	0.005861504003405571	-0.0030326261185109615	0.0005330380517989397	0.0015556548023596406	-0.010061347857117653	0.015876056626439095	0.013391949236392975	-0.013165119104087353	0.017809966579079628	0.008330028504133224	0.012645713053643703	-0.01821957342326641	0.005007200408726931	0.0010326218325644732	-0.05601656809449196	0.0021825574804097414	-0.008337046019732952	0.03522737696766853	-0.020380116999149323	0.007012177258729935	-0.022274568676948547
ENSMUSG00000116654	0.008633491583168507	-0.004002279136329889	0.0013436515582725406	-0.007655774243175983	-0.0034890961833298206	-0.002162933349609375	-0.006716078147292137	-0.10270103812217712	-0.0016273253131657839	-0.011621491983532906	0.0017646396299824119	0.010113409720361233	-0.0021091396920382977	-0.0035927281714975834	-0.001574358786456287	-0.1174263283610344	0.010896962136030197	0.05260929465293884	-0.04882519692182541	-0.09201717376708984	-0.007254007272422314	-0.132862389087677
ENSMUSG00000100311	-0.10803068429231644	-0.22050966322422028	-0.026485972106456757	-0.05192337557673454	-0.0328693650662899	-0.07932398468255997	0.025736751034855843	-0.1055631935596466	-0.04727441817522049	-0.22943781316280365	-0.01883648708462715	-0.014530365355312824	-0.013789267279207706	-0.02652907930314541	0.04801816865801811	-0.24066951870918274	-0.16050326824188232	-0.27358344197273254	0.2254774421453476	-0.6104251742362976	-0.00779779814183712	-0.41069161891937256
ENSMUSG00000073010	-0.008326973766088486	-0.0579172745347023	-0.005304317455738783	-0.027317028492689133	0.005823996849358082	0.0004757236747536808	-0.013687563128769398	-0.12609803676605225	-0.009746993891894817	-0.06852419674396515	0.004414943978190422	0.009146267548203468	-0.00817965716123581	-0.009761196561157703	-0.005815037526190281	-0.13453669846057892	-0.001445620320737362	-0.09329067915678024	-0.027970975264906883	-0.1985185444355011	-0.008715886622667313	-0.13263733685016632
ENSMUSG00000092190	0.012506362982094288	0.004826330114156008	0.0006519287708215415	0.011038514785468578	-0.0007415766012854874	-0.005354859866201878	-0.00553555553779006	-0.11161650717258453	0.005263856612145901	0.03271045535802841	-0.00472597498446703	0.011754205450415611	0.00464569590985775	-0.006520488299429417	0.007052170112729073	-0.005107751116156578	0.020816391333937645	-0.01675841398537159	-0.038106925785541534	-0.1389017105102539	-0.007930603809654713	-0.0974128246307373
ENSMUSG00000012282	0.014143688604235649	0.03377979248762131	0.007132155820727348	0.003126358613371849	-0.012549552135169506	0.006490526255220175	0.008405116386711597	0.04759835824370384	0.01944826915860176	0.03175676241517067	-0.011076301336288452	-0.01715756393969059	0.004667176399379969	0.01699184626340866	-0.02105381339788437	0.07566781342029572	0.031003830954432487	0.04990937560796738	0.03710571676492691	0.22805601358413696	-0.00234589702449739	0.13611683249473572
ENSMUSG00000047307	-0.10803068429231644	-0.22050966322422028	-0.026485972106456757	-0.05192337557673454	-0.0328693650662899	-0.07932398468255997	0.025736751034855843	-0.1055631935596466	-0.04727441817522049	-0.22943781316280365	-0.01883648708462715	-0.014530365355312824	-0.013789267279207706	-0.02652907930314541	0.04801816865801811	-0.24066951870918274	-0.16050326824188232	-0.27358344197273254	0.2254774421453476	-0.6104251742362976	-0.00779779814183712	-0.41069161891937256
ENSMUSG00000117171	0.013374067842960358	0.016624970361590385	-0.005254043266177177	0.021327247843146324	-0.013316533528268337	0.004984997678548098	0.023857779800891876	0.2234882116317749	0.024166028946638107	0.010387792252004147	-0.00800733920186758	-0.013452598825097084	0.005322170909494162	0.012625050731003284	0.003409512108191848	0.27425703406333923	0.0024661386851221323	0.04445639252662659	0.05569395050406456	0.3197612166404724	-0.0023589651100337505	0.3498997092247009
ENSMUSG00000036552	0.004995367955416441	0.01926509104669094	-0.01634799875319004	0.04572219401597977	-0.01843251660466194	0.012923476286232471	0.042914632707834244	0.2578325569629669	0.028216205537319183	0.010456198826432228	0.0013125177938491106	-0.021489474922418594	0.02773541957139969	-0.002860833890736103	-0.03378080204129219	0.28585806488990784	-0.025908634066581726	0.08732768148183823	0.04941480606794357	0.6156998872756958	0.017313813790678978	0.42988869547843933
ENSMUSG00000020042	0.010992676019668579	0.02325105480849743	0.001556203467771411	0.008508696220815182	-0.01808035373687744	0.004521703813225031	0.009885195642709732	0.18104135990142822	0.017564494162797928	0.01673455536365509	-0.016870595514774323	-0.0183873288333416	0.011044599115848541	0.014537348411977291	-0.029919259250164032	0.24787767231464386	0.017034493386745453	0.05653461068868637	0.05154118686914444	0.22692814469337463	-0.005520577542483807	0.21960873901844025
ENSMUSG00000108134	0.02174863964319229	0.04435679316520691	0.014337118715047836	0.022797100245952606	-0.002713488880544901	0.0015811361372470856	-0.004223715513944626	-0.07380038499832153	0.007925151847302914	0.03614426404237747	-0.009061207994818687	0.008671116083860397	0.0030145561322569847	-0.007633458357304335	-0.004472681321203709	-0.026616478338837624	0.041471224278211594	0.025424309074878693	-0.008665218017995358	-0.06183144077658653	-0.006481032352894545	-0.013248549774289131
ENSMUSG00000121797	-0.0015759177040308714	0.04108559712767601	0.002799331909045577	0.02901208959519863	0.004597634542733431	-0.0035911479499191046	-0.0025283063296228647	-0.09216676652431488	0.003726361086592078	0.04267555847764015	-0.0013332660309970379	0.008936976082623005	-0.0009016870753839612	0.007621487602591515	-0.004358870908617973	-0.03222894296050072	0.013755839318037033	0.027858315035700798	-0.05271866172552109	-0.1607513427734375	-0.007957846857607365	-0.06869488209486008
ENSMUSG00000052133	0.011256183497607708	0.02828225865960121	0.002729062456637621	0.02221786417067051	-0.018256083130836487	0.005799656733870506	0.008468106389045715	0.18556109070777893	0.016382791101932526	0.020887965336441994	-0.020480597391724586	-0.023811517283320427	0.00852850079536438	0.017254449427127838	-0.029349951073527336	0.21918192505836487	0.02261519618332386	0.0683588907122612	0.04612903669476509	0.26585280895233154	-0.005619672127068043	0.1506262719631195
ENSMUSG00000109110	0.0036246702075004578	0.025588322430849075	0.029274649918079376	0.010799373500049114	0.0022271638736128807	-0.0007604046841152012	-0.004383664578199387	-0.024369830265641212	0.0032720554154366255	0.04127248376607895	0.03025597147643566	0.003015102120116353	-0.0025912246201187372	0.005176259204745293	-0.012166708707809448	-0.013971004635095596	0.04064658284187317	0.019687527790665627	0.0043336935341358185	0.04095852002501488	-0.001883988850750029	0.014584996737539768
ENSMUSG00000038457	0.021373551338911057	0.016753168776631355	0.011357483454048634	0.0206554364413023	-0.004849449265748262	0.006517399568110704	-0.00271977623924613	-0.034133464097976685	0.014505911618471146	0.05074039846658707	-0.013462536036968231	-0.0004873631987720728	0.0025293088983744383	0.004804864060133696	-0.012969974428415298	0.039536863565444946	0.03425190970301628	0.04725189507007599	0.006593319121748209	-0.027244465425610542	-0.004159386269748211	-0.03142843022942543
ENSMUSG00000031445	0.024548910558223724	0.037795137614011765	0.014812188223004341	0.014302099123597145	-0.007306904066354036	-0.0036174864508211613	0.0004827470693271607	-0.03933928161859512	0.00904066301882267	0.06880932301282883	-0.014365744777023792	-0.0024888792540878057	0.0037695588544011116	0.0085387472063303	-0.00019749744387809187	-0.002205365337431431	0.043813806027173996	0.03429945185780525	0.04487231746315956	0.014365910552442074	-0.0061678229831159115	-0.03599564731121063
ENSMUSG00000030862	0.010448412038385868	0.01840364746749401	0.007423737086355686	0.01716955378651619	-0.005811675917357206	0.0009363245335407555	-0.00857635959982872	0.07202040404081345	0.009070185013115406	0.027452673763036728	-0.01075555570423603	-0.01833316683769226	-0.0012475657276809216	0.02291410230100155	-0.01487779337912798	0.05037611350417137	0.026046227663755417	0.05782266706228256	-0.04265487194061279	0.06336041539907455	-0.006647040136158466	0.011528688482940197
ENSMUSG00000059043	0.027135377749800682	0.03217523172497749	0.005818369798362255	-0.013040758669376373	-0.008845623582601547	-0.0005256641888990998	-0.007819168269634247	-0.09612800925970078	0.008898548781871796	0.019696101546287537	-0.0013128769351169467	0.012008348479866982	0.0028344241436570883	-0.0024114816915243864	0.0006400432903319597	-0.06358408182859421	0.023899897933006287	0.01461025234311819	-0.03854779526591301	-0.2294776290655136	-0.010361868888139725	-0.09719640016555786
ENSMUSG00000093701	0.01869327947497368	0.016199765726923943	0.008860025554895401	0.013725952245295048	-0.003376337932422757	0.0031524442601948977	-0.002242523245513439	-0.03660639747977257	0.0132141700014472	0.04723207652568817	-0.011039596050977707	-0.0003698461514431983	0.0009091014508157969	0.009023124352097511	-0.010379987768828869	-0.016649121418595314	0.03207807615399361	0.05152227357029915	-0.008177021518349648	-0.04654949530959129	-0.004032534547150135	-0.061542533338069916
ENSMUSG00000044293	-0.10803068429231644	-0.22050966322422028	-0.026485972106456757	-0.05192337557673454	-0.0328693650662899	-0.07932398468255997	0.025736751034855843	-0.1055631935596466	-0.04727441817522049	-0.22943781316280365	-0.01883648708462715	-0.014530365355312824	-0.013789267279207706	-0.02652907930314541	0.04801816865801811	-0.24066951870918274	-0.16050326824188232	-0.27358344197273254	0.2254774421453476	-0.6104251742362976	-0.00779779814183712	-0.41069161891937256
ENSMUSG00000118036	0.03125535696744919	0.037482067942619324	-0.003574938978999853	-0.00895858183503151	-0.0020810954738408327	-0.0005775621975772083	-0.0010185424471274018	-0.05569412186741829	0.01829712837934494	0.07451364398002625	0.0019781545270234346	0.011158023960888386	0.00962259154766798	-0.009379164315760136	0.011751033365726471	-0.07113465666770935	0.008052806369960308	0.024547170847654343	-0.043901652097702026	-0.24291691184043884	-0.006431771442294121	-0.12813903391361237
ENSMUSG00000042631	0.010624605230987072	0.019942203536629677	0.002841136185452342	0.018493955954909325	-0.012031590566039085	0.00607058173045516	0.008755391463637352	0.2100241780281067	0.012893733568489552	0.014670141041278839	-0.014963910914957523	-0.029569949954748154	0.004847310483455658	0.01952948048710823	-0.02891874872148037	0.2846086621284485	0.01985825225710869	0.05626390129327774	0.006726626306772232	0.2014325112104416	-0.007756780367344618	0.24302348494529724
ENSMUSG00000032727	0.007686173543334007	0.011183499358594418	-0.00013147252320777625	0.02387741394340992	-0.023240001872181892	0.003727498697116971	0.014016661792993546	0.22862590849399567	0.017682397738099098	0.009187627583742142	-0.008969085291028023	-0.032848428934812546	0.008995212614536285	0.015211392194032669	-0.026527293026447296	0.2804376780986786	0.010356685146689415	0.05803922563791275	0.027382852509617805	0.30757445096969604	-0.0060402448289096355	0.3051406741142273
ENSMUSG00000104811	-0.008283673785626888	-0.01750440150499344	-0.007295427843928337	0.013112842105329037	0.0005409346777014434	-0.002684356179088354	-0.008580815978348255	-0.0898507684469223	-0.010195706970989704	0.04674398899078369	0.004896857775747776	0.008758697658777237	-0.0036160231102257967	0.007795135956257582	-0.005703741684556007	-0.05645957589149475	-0.0016614114865660667	0.021469654515385628	-0.04842396825551987	-0.15711547434329987	-0.007055892143398523	-0.12053769826889038
ENSMUSG00000120930	0.004024500492960215	0.02155112475156784	0.0070357914082705975	0.021425707265734673	-0.03718467429280281	0.004644760396331549	0.015583663247525692	0.2453802227973938	-0.004895549267530441	0.010175114497542381	0.00019240959954913706	-0.023170147091150284	-0.01342372503131628	0.008641333319246769	-0.005249467678368092	0.3050183653831482	0.008244133554399014	0.0615118034183979	0.08725490421056747	0.4327296018600464	-4.828572400583653e-06	0.2841024100780487
ENSMUSG00000046435	0.011796511709690094	0.027516478672623634	-0.001356745371595025	-0.00015439753769896924	0.0018088249489665031	-0.004289146512746811	-0.004761985037475824	-0.05991647392511368	-0.0037550819106400013	-0.008907916955649853	0.0034902847837656736	0.009205439127981663	-0.0026805568486452103	-0.0023239885922521353	1.577178954903502e-05	-0.08251184225082397	-0.005716843530535698	-0.005234435200691223	-0.047468189150094986	-0.23559065163135529	-0.008095399476587772	-0.09129613637924194
ENSMUSG00000040599	0.006936069577932358	0.012320121750235558	0.0009185115923173726	0.0360749326646328	-0.020183617249131203	0.003684788942337036	0.027615336701273918	0.28904658555984497	0.012749385088682175	0.008181636221706867	-0.0109707685187459	-0.027824845165014267	0.010813670232892036	0.012373888865113258	0.005732561461627483	0.31594106554985046	0.007867256179451942	0.09051622450351715	0.09595902264118195	0.4432615637779236	-0.0008273573475889862	0.4521673321723938
ENSMUSG00000041476	-0.01260566245764494	-0.0655808374285698	-0.0034059404861181974	-0.0010259938426315784	0.0044983867555856705	-0.003262417623773217	-0.0099353501573205	-0.09450730681419373	-0.00969616137444973	0.01468986552208662	0.005468012765049934	0.01487039402127266	-0.0048245335929095745	-0.012280021794140339	-0.004182158038020134	-0.079344242811203	-0.006603111047297716	0.0025729991029947996	-0.05653896927833557	-0.18154871463775635	-0.00922814104706049	-0.0977347195148468
ENSMUSG00000100925	-0.10803068429231644	-0.22050966322422028	-0.026485972106456757	-0.05192337557673454	-0.0328693650662899	-0.07932398468255997	0.025736751034855843	-0.1055631935596466	-0.04727441817522049	-0.22943781316280365	-0.01883648708462715	-0.014530365355312824	-0.013789267279207706	-0.02652907930314541	0.04801816865801811	-0.24066951870918274	-0.16050326824188232	-0.27358344197273254	0.2254774421453476	-0.6104251742362976	-0.00779779814183712	-0.41069161891937256
ENSMUSG00000113385	0.005081099458038807	0.011630574241280556	0.0023904426489025354	0.004182697739452124	-0.009480058215558529	0.004841019865125418	0.013029754161834717	0.18661564588546753	0.01633908785879612	0.012758083641529083	-0.012746134772896767	-0.004999942611902952	0.007461022585630417	0.012022173032164574	0.035245489329099655	0.007312349509447813	0.016598431393504143	0.043551430106163025	0.08429763466119766	0.2714938819408417	0.0002294686419190839	0.2497204840183258
ENSMUSG00000102250	-0.009374525398015976	-0.029437454417347908	-0.0056811547838151455	-0.06480119377374649	0.00045273985597305	-0.0035537502262741327	-0.002288123592734337	-0.11175856739282608	-0.009824780747294426	0.027402736246585846	0.0035512647591531277	0.01776803471148014	-0.0010200811084359884	0.006457651033997536	-0.004459826275706291	-0.0893312469124794	0.0033569359220564365	0.00212164712138474	-0.04306798428297043	-0.11400949209928513	-0.009887659922242165	-0.09141848236322403
ENSMUSG00000027177	0.00706086028367281	0.016401207074522972	0.0005704169161617756	0.029077861458063126	-0.02610434778034687	0.0047712442465126514	0.009617292322218418	0.2516465485095978	0.012796266004443169	0.009772738441824913	-0.009055820293724537	-0.025880180299282074	0.012098920531570911	0.01450977474451065	-0.019480109214782715	0.32423946261405945	0.0085733188316226	0.07107856124639511	0.022415313869714737	0.39578425884246826	-0.0075409249402582645	0.36945652961730957
ENSMUSG00000021684	0.014245743863284588	0.02872590348124504	0.005980487912893295	0.018689844757318497	-0.011063841171562672	0.0048204390332102776	0.002167358063161373	0.06498811393976212	0.012492657639086246	0.04265555739402771	-0.01329807285219431	-0.012736516073346138	0.0013976260088384151	0.02101651206612587	-0.015560699626803398	0.05079240724444389	0.025842292234301567	0.02474660612642765	-0.010820639319717884	0.0020288261584937572	-0.004842950496822596	0.03517012670636177
ENSMUSG00000104291	0.0032433164305984974	-0.058939769864082336	-0.006050935480743647	0.020160140469670296	0.0012165585067123175	-0.0020353361032903194	-0.010348350740969181	-0.08449714630842209	-0.0058694626204669476	0.03548609837889671	-0.0007191149634309113	0.005968513432890177	0.002663250546902418	-0.014865495264530182	-0.001449368428438902	-0.07041984796524048	0.005586573388427496	0.0035720958840101957	-0.032503753900527954	-0.07290123403072357	-0.006748603656888008	-0.053684450685977936
ENSMUSG00000049775	0.0009184749214909971	0.0018186219967901707	-0.029186531901359558	0.023659484460949898	-0.005987667478621006	-0.0010709294583648443	0.14343829452991486	0.18489152193069458	0.0036897449754178524	0.003039389615878463	-0.0007724554743617773	-0.01199690904468298	0.05253788083791733	0.0060007451102137566	0.04109557718038559	0.14622201025485992	0.0003476913261692971	0.07548538595438004	0.10225122421979904	0.5851668119430542	0.08740507066249847	0.2952243983745575
ENSMUSG00000023067	0.01574760489165783	0.03669600188732147	-0.010482720099389553	0.019926967099308968	-0.004744431469589472	0.0012455411488190293	0.035217393189668655	0.03872991353273392	0.020353898406028748	0.037288129329681396	-0.012387999333441257	-0.007670220918953419	0.020169982686638832	0.01156400516629219	-0.03605727106332779	-0.03303743898868561	0.008208300918340683	0.007583198137581348	0.12536773085594177	0.49679288268089294	0.052662476897239685	0.0717720240354538
ENSMUSG00000050945	0.006888515781611204	0.00981630478054285	0.0026767952367663383	0.032724156975746155	-0.017997879534959793	0.003938009962439537	-0.005489472299814224	0.25404930114746094	0.007217742968350649	0.00739429472014308	-0.007902704179286957	-0.01712896302342415	5.657440851791762e-05	0.016549142077565193	-0.010821659117937088	0.3446618616580963	0.010884959250688553	0.07447955757379532	-0.034955333918333054	0.41910988092422485	-0.0067580146715044975	0.30972906947135925
ENSMUSG00000023070	-0.0022459228057414293	0.008056554943323135	-0.0057326871901750565	0.010947494767606258	0.0025841621682047844	-0.0033623569179326296	-0.013927963562309742	-0.06927620619535446	-0.010506936348974705	0.02209712192416191	0.006183580961078405	0.008645270019769669	-0.002988689811900258	-0.018195385113358498	-0.0060182856395840645	-0.08755163103342056	-0.00976285245269537	0.01616867631673813	-0.021155275404453278	-0.043961480259895325	-0.008468734100461006	-0.13496999442577362
ENSMUSG00000114749	-0.014871364459395409	0.03230425715446472	-0.000931785034481436	-0.004570467863231897	-0.0015722312964498997	-0.0016349171055480838	-0.01510996837168932	-0.11275854706764221	-0.032901305705308914	0.01989225670695305	0.006670445203781128	0.010165090672671795	0.015615502372384071	0.007659992203116417	0.08459270745515823	-0.09501922875642776	-0.002671686466783285	0.019559109583497047	-0.0540739931166172	-0.1500074714422226	-0.007339030969887972	-0.1111859604716301
ENSMUSG00000105020	0.013440520502626896	0.02745397388935089	0.0039977519772946835	0.019740330055356026	-0.00305109447799623	-0.0014122489374130964	-0.002242269227281213	-0.06251274794340134	0.00185737619176507	0.031033335253596306	-0.0038711323868483305	0.002104886109009385	0.0015602722996845841	0.006491677835583687	-0.0010712010553106666	-0.06283950060606003	0.02144685760140419	-0.005291594658046961	-0.02822885662317276	-0.058768630027770996	-0.007819512858986855	-0.05918603017926216
ENSMUSG00000053977	0.022221537306904793	0.026286106556653976	0.006766440812498331	0.023136988282203674	-0.00510659534484148	0.004507731180638075	-0.0001508782006567344	-0.03029782697558403	0.022881697863340378	0.029354741796851158	-0.009579203091561794	0.0027629160322248936	0.006248027551919222	0.01678633876144886	-0.01024448499083519	-0.005481624975800514	0.031122803688049316	0.045701075345277786	0.021590320393443108	-0.06911653280258179	0.001010858453810215	-0.033825527876615524
ENSMUSG00000074995	-0.011250435374677181	-0.005960895214229822	-0.008572758175432682	-0.07468785345554352	-0.008578362874686718	-0.004863407928496599	-0.010006939992308617	-0.15299944579601288	-0.009500067681074142	0.00806688703596592	0.0005154287209734321	0.010890746489167213	-0.004159268923103809	0.006587067618966103	-0.004747739061713219	-0.10910523682832718	0.001617151079699397	-0.033894721418619156	-0.019024651497602463	-0.05595095455646515	-0.010305545292794704	-0.045950960367918015
ENSMUSG00000063535	0.014381568878889084	0.033824093639850616	-0.0021807446610182524	-0.020184185355901718	-0.014608434401452541	0.00038532729377038777	0.012285619974136353	0.07556785643100739	0.02300700917840004	0.017820075154304504	-0.021418310701847076	-0.0005214382545091212	0.008125265128910542	0.010252602398395538	-0.0438908226788044	0.13350515067577362	0.018680347129702568	0.042347367852926254	0.08705006539821625	0.049416910856962204	0.015958594158291817	0.06711874902248383
ENSMUSG00000096347	-0.10803068429231644	-0.22050966322422028	-0.026485972106456757	-0.05192337557673454	-0.0328693650662899	-0.07932398468255997	0.025736751034855843	-0.1055631935596466	-0.04727441817522049	-0.22943781316280365	-0.01883648708462715	-0.014530365355312824	-0.013789267279207706	-0.02652907930314541	0.04801816865801811	-0.24066951870918274	-0.16050326824188232	-0.27358344197273254	0.2254774421453476	-0.6104251742362976	-0.00779779814183712	-0.41069161891937256
ENSMUSG00000099974	-0.10803068429231644	-0.22050966322422028	-0.026485972106456757	-0.05192337557673454	-0.0328693650662899	-0.07932398468255997	0.025736751034855843	-0.1055631935596466	-0.04727441817522049	-0.22943781316280365	-0.01883648708462715	-0.014530365355312824	-0.013789267279207706	-0.02652907930314541	0.04801816865801811	-0.24066951870918274	-0.16050326824188232	-0.27358344197273254	0.2254774421453476	-0.6104251742362976	-0.00779779814183712	-0.41069161891937256
ENSMUSG00000086933	0.006617530714720488	0.03278293460607529	0.02084789238870144	0.006747866049408913	-0.0011561267310753465	0.0017687830841168761	0.0005049547180533409	-0.02832753024995327	0.0037874896079301834	0.03742542862892151	-0.03265457972884178	-0.010801782831549644	-0.003576429560780525	0.019639378413558006	-0.02245110273361206	0.06406936049461365	0.0546732097864151	0.0506727397441864	0.002868333365768194	-0.0008104500011540949	-0.004768688231706619	0.03697548061609268
ENSMUSG00000027358	0.005623531993478537	0.018587954342365265	-0.00048542566946707666	0.015934685245156288	-0.004847680684179068	-0.0016692333156242967	0.006661611143499613	0.15052251517772675	0.0032893798779696226	0.01735779643058777	-0.013304674997925758	-0.02317553572356701	0.006530126556754112	0.015466012060642242	-0.024396436288952827	0.1586408019065857	0.013873579911887646	0.049774590879678726	-0.006986103020608425	-0.020817730575799942	-0.006516118533909321	0.08057186752557755
ENSMUSG00000091624	0.013123617507517338	0.03100237064063549	0.00022857538715470582	0.012213821522891521	-0.005485673435032368	0.004271268378943205	-0.008685667999088764	-0.05988295003771782	0.002009862568229437	0.038590140640735626	-0.004684261046350002	0.011227332055568695	0.0060554747469723225	0.019354868680238724	-0.003271357389166951	-0.09028825163841248	0.01092838030308485	0.036006104201078415	-0.020744143053889275	-0.04800010100007057	-0.006868442520499229	-0.005269691348075867
ENSMUSG00000107521	0.024747591465711594	0.04699042811989784	0.02724301628768444	0.011655096895992756	-0.011017819866538048	0.00017268529336433858	0.0008251093095168471	-0.06693501025438309	0.02716151252388954	0.024184271693229675	-0.012828477658331394	0.010239500552415848	-0.001395719824358821	0.00992156844586134	-0.00843782164156437	-0.01945216953754425	0.031327057629823685	0.02997460775077343	0.009100645780563354	-0.016730638220906258	-0.007115270476788282	-0.050336942076683044
ENSMUSG00000090038	-0.007793528959155083	0.002824127906933427	-0.0036110132932662964	-0.008957305923104286	0.007349936291575432	-0.007132461294531822	-0.011789168231189251	-0.11368871480226517	-0.012662636116147041	0.01857841946184635	-0.0018715433543547988	0.00932369939982891	0.0007981446105986834	-0.00846567377448082	-0.00045898862299509346	-0.04254757985472679	-0.0012326317373663187	0.0025273615028709173	-0.014987263828516006	-0.03914535790681839	-0.008097317069768906	-0.055598460137844086
ENSMUSG00000101890	0.004433685448020697	0.024742312729358673	-0.0002054211072390899	0.007521527353674173	-0.0017501894617453218	0.001327824778854847	-0.009413225576281548	-0.08417017012834549	0.0009202002547681332	0.047305550426244736	-1.9081626305705868e-05	0.013825872913002968	0.0014551904750987887	-0.005815758835524321	-0.002361154183745384	-0.05141618847846985	0.01285496260970831	0.005331345368176699	-0.03672954440116882	-0.08087867498397827	-0.007539756130427122	-0.07533716410398483
ENSMUSG00000101256	-0.10803068429231644	-0.22050966322422028	-0.026485972106456757	-0.05192337557673454	-0.0328693650662899	-0.07932398468255997	0.025736751034855843	-0.1055631935596466	-0.04727441817522049	-0.22943781316280365	-0.01883648708462715	-0.014530365355312824	-0.013789267279207706	-0.02652907930314541	0.04801816865801811	-0.24066951870918274	-0.16050326824188232	-0.27358344197273254	0.2254774421453476	-0.6104251742362976	-0.00779779814183712	-0.41069161891937256
ENSMUSG00000112986	0.005070789251476526	0.030386874452233315	0.004614315461367369	0.028048496693372726	-0.005913968663662672	-0.004301285371184349	-0.002686923835426569	-0.07650166004896164	0.0012572252890095115	0.045489538460969925	0.006342300679534674	0.006946601439267397	0.009698876179754734	0.017500607296824455	0.01192078460007906	-0.04997172951698303	0.036843497306108475	0.016327625140547752	0.07416738569736481	-0.07533258199691772	-0.008923906832933426	-0.05096214637160301
ENSMUSG00000049823	0.007600550539791584	0.018773755058646202	-0.013454326428472996	0.014342681504786015	-0.01051303744316101	0.004354385659098625	0.0528867281973362	0.1436775177717209	0.01682579331099987	0.01785375364124775	-0.008416238240897655	-0.025381777435541153	0.009973935782909393	0.01020839437842369	-0.031300175935029984	0.054894596338272095	-0.0007107909768819809	0.04718077555298805	0.12288922071456909	0.32126933336257935	0.05848783999681473	0.29294243454933167
ENSMUSG00000118540	0.007438006345182657	0.0018677008338272572	-0.001993503188714385	0.02558445744216442	4.8737507313489914e-05	-0.0027795133646577597	-0.007422249764204025	-0.07145195454359055	-0.0014655705308541656	0.03945029899477959	0.006316534709185362	0.008965499699115753	0.00153157499153167	0.010623510926961899	-0.0017271452816203237	-0.06082949787378311	0.012931584380567074	0.03848274052143097	-0.03229533135890961	-0.13242435455322266	-0.007448566146194935	-0.1344541311264038
ENSMUSG00000042644	0.008297620341181755	0.02164437621831894	-0.004949700552970171	0.02258852869272232	-0.01670089364051819	0.01044971588999033	0.01808023266494274	0.24865905940532684	0.02067345567047596	0.01221960224211216	-0.011193064041435719	-0.020998477935791016	0.019524533301591873	0.010432894341647625	-0.037908900529146194	0.2639818787574768	0.0003158653562422842	0.07175064831972122	0.03746701404452324	0.5002395510673523	-0.002184787765145302	0.2889260947704315
ENSMUSG00000108490	0.008276623673737049	0.016183312982320786	0.003537802491337061	0.008216283284127712	-0.001459714025259018	-0.0030437863897532225	-0.007882114499807358	-0.09049903601408005	-0.001353733241558075	0.041220523416996	0.0010303808376193047	0.011741756461560726	-0.0010751847876235843	0.013204867020249367	-0.0019286973401904106	-0.044146761298179626	0.02188102714717388	0.004781693685799837	-0.0344727486371994	-0.12942518293857574	-0.00699577946215868	-0.12410490214824677
ENSMUSG00000089635	0.01971563883125782	0.019237391650676727	0.003596639959141612	-0.005543772131204605	-0.007039644289761782	-0.0025158936623483896	-0.004268601071089506	-0.09493869543075562	0.004173621069639921	0.029839998111128807	-0.002805165946483612	0.003920796327292919	0.0009769005700945854	0.0042876978404819965	-0.0013137912610545754	-0.010295206680893898	0.024160368368029594	0.02014804631471634	-0.034029826521873474	-0.10675988346338272	-0.007548385299742222	-0.08015253394842148
ENSMUSG00000112826	0.020794229581952095	0.03773047402501106	0.0022777453996241093	0.019892988726496696	-0.004403420723974705	-0.00367405591532588	-0.005331139545887709	-0.058039940893650055	0.011070961132645607	0.039476245641708374	-0.010414332151412964	0.008711411617696285	-0.00018311232270207256	0.020740576088428497	-0.0028046173974871635	-0.01748505048453808	0.029834937304258347	0.01185261458158493	-0.012927352450788021	-0.03543233498930931	-0.007293237838894129	-0.09842518717050552
ENSMUSG00000029682	0.0034528179094195366	0.026783552020788193	-0.0011957930400967598	0.003775396617129445	-0.0013840385945513844	-0.0005168684292584658	-0.011004669591784477	-0.07237207889556885	0.0012160786427557468	0.007954886183142662	-0.0029591070488095284	0.006126182619482279	-0.0026883564423769712	0.011392789892852306	-0.0008016977226361632	-0.04412633553147316	0.0089682312682271	0.0021628569811582565	-0.02176010049879551	-0.037505943328142166	-0.00788959115743637	-0.04850606620311737
ENSMUSG00000117323	0.02361191436648369	-0.008360527455806732	0.006094266194850206	0.007812232244759798	-0.009549262002110481	-0.0019470129627734423	-0.001717650331556797	-0.09663156419992447	0.008017981424927711	0.02114179916679859	-0.009642889723181725	0.00929468497633934	0.0025026819203048944	0.0028666106518357992	-0.0034615369513630867	-0.0435083732008934	0.03095439448952675	0.005490829236805439	0.017369456589221954	-0.15750935673713684	-0.008833845146000385	-0.059451013803482056
ENSMUSG00000025431	0.005735802464187145	-0.0053925542160868645	-0.0013205365976318717	-0.03748317435383797	-0.00435174023732543	-0.004026940558105707	-0.011717460118234158	-0.05355249345302582	-0.005558711942285299	0.02061275765299797	0.000849610660225153	0.018418055027723312	-0.0012910853838548064	0.007057462818920612	-0.004216457717120647	-0.1424669325351715	0.012542273849248886	-0.005752552766352892	-0.035957638174295425	-0.0508633553981781	-0.0106020113453269	-0.07766436785459518
ENSMUSG00000044320	0.010655764490365982	0.02486906573176384	0.0010092485463246703	0.019469020888209343	-0.019581740722060204	0.004841286223381758	0.018592406064271927	0.15826652944087982	0.024747377261519432	0.014099091291427612	-0.013815938495099545	-0.026112046092748642	0.005615858361124992	0.014966976828873158	-0.021282952278852463	0.23045200109481812	0.02097224071621895	0.038764942437410355	0.059950415045022964	0.21214322745800018	0.005082862917333841	0.12968522310256958
ENSMUSG00000085953	-0.021886775270104408	0.028002971783280373	-0.010661423206329346	0.01227928139269352	0.013677638955414295	-0.00039659361937083304	-0.006300044246017933	-0.11704766005277634	-0.0367254838347435	0.03137806057929993	0.019361751154065132	0.008469964377582073	0.0034357120748609304	0.0024983540643006563	0.017125144600868225	-0.02863607369363308	-0.043225061148405075	0.02861827425658703	-0.07344623655080795	-0.11448043584823608	-0.013091146014630795	-0.10154619067907333
ENSMUSG00000117731	0.02522236295044422	0.027500731870532036	0.014093345031142235	-0.006349677219986916	-0.00994380097836256	-0.0046128639951348305	0.0003422502486500889	-0.04183967411518097	0.008777999319136143	0.056830476969480515	-0.010159638710319996	0.002201433526352048	0.0049087610095739365	0.014899023808538914	0.011422669515013695	-0.05574396625161171	0.0523562915623188	-0.00632490636780858	0.03512228652834892	0.05169109255075455	-0.008335506543517113	0.007137026637792587
ENSMUSG00000027500	2.1131429548404412e-06	-0.04177665710449219	-0.0018408994656056166	-0.04123784601688385	-0.0002805842086672783	-0.008743861690163612	-0.010168901644647121	-0.024502448737621307	-0.008689744397997856	-0.021353933960199356	-7.057888433337212e-05	0.06497491896152496	-0.0020175552926957607	-0.0014478510711342096	-0.0024052297230809927	-0.10018914192914963	0.013537432067096233	-0.09136652946472168	-0.0010934865567833185	-0.24677236378192902	-0.01111545693129301	-0.1486828327178955
ENSMUSG00000022820	0.00534308236092329	0.020372629165649414	-0.012402641586959362	0.02984926477074623	-0.022021347656846046	0.008333616890013218	0.03790755942463875	0.2194814532995224	0.008819523267447948	0.012148909270763397	-0.003773999400436878	-0.022435586899518967	0.02154059335589409	0.004914118442684412	-0.023796362802386284	0.233851820230484	-0.012785826809704304	0.06345194578170776	0.08945050090551376	0.47765931487083435	0.013139987364411354	0.2594728171825409
ENSMUSG00000073616	0.013949431478977203	0.027212541550397873	0.0038439675699919462	0.018760113045573235	-0.010793650522828102	0.0013099007774144411	0.01168463472276926	0.19872163236141205	0.01095349807292223	0.017152681946754456	-0.015062575228512287	-0.015425839461386204	-0.001256250194273889	0.017324093729257584	0.0082040224224329	0.3001037538051605	0.02332375757396221	0.058145083487033844	0.021366078406572342	0.23079177737236023	-0.007966365665197372	0.22843611240386963
ENSMUSG00000107579	0.0019563145469874144	0.01979038491845131	-0.006837013177573681	0.02242712676525116	-0.00201585004106164	-0.0023475370835512877	-0.01174106914550066	-0.060081709176301956	0.007537662982940674	0.03400957211852074	0.0011058480013161898	0.010084535926580429	0.0033894386142492294	0.010215564630925655	-0.004754201974719763	-0.11476472020149231	-0.0006254673935472965	0.03243831545114517	-0.025594402104616165	-0.05382188409566879	-0.007515160832554102	-0.053434912115335464
ENSMUSG00000104709	-0.025698158890008926	0.01398723479360342	-0.008541801944375038	0.0018562721088528633	0.001331810955889523	0.00220911530777812	-0.025633495301008224	-0.08545289933681488	0.004204725846648216	-0.05206200107932091	0.010615886189043522	0.011790185235440731	-0.0047744750045239925	-0.021705763414502144	0.055128127336502075	-0.27847883105278015	-0.005056144669651985	-0.02008802257478237	-0.036323096603155136	-0.14861464500427246	-0.009239952079951763	-0.0903417095541954
ENSMUSG00000008129	0.011226978152990341	0.03163047879934311	-8.167668420355767e-05	0.020418893545866013	-0.013911522924900055	0.012451758608222008	0.007182346656918526	0.19694390892982483	0.01913125440478325	0.019508395344018936	-0.012349605560302734	-0.012786917388439178	0.011292029172182083	0.012910791672766209	-0.02768176794052124	0.25762978196144104	0.008284150622785091	0.058388397097587585	0.04952056333422661	0.4145805239677429	-0.005182401742786169	0.3408941626548767
ENSMUSG00000086503	0.002441045828163624	0.011148695833981037	0.004727585706859827	0.011808277107775211	-0.002348611829802394	-0.00018933307728730142	0.04569413512945175	-0.02546422928571701	-0.006275117862969637	-0.0015612830175086856	0.00028213622863404453	0.005148898344486952	0.026773342862725258	0.013579151593148708	-0.024139635264873505	-0.009589962661266327	0.007413470186293125	0.025608718395233154	0.13409756124019623	0.49016812443733215	0.02786860056221485	0.04502217471599579
ENSMUSG00000100232	-0.10803068429231644	-0.22050966322422028	-0.026485972106456757	-0.05192337557673454	-0.0328693650662899	-0.07932398468255997	0.025736751034855843	-0.1055631935596466	-0.04727441817522049	-0.22943781316280365	-0.01883648708462715	-0.014530365355312824	-0.013789267279207706	-0.02652907930314541	0.04801816865801811	-0.24066951870918274	-0.16050326824188232	-0.27358344197273254	0.2254774421453476	-0.6104251742362976	-0.00779779814183712	-0.41069161891937256
ENSMUSG00000107748	0.03619598224759102	0.029334383085370064	0.008032816462218761	-0.033766284584999084	-0.006350628100335598	-0.006172152701765299	-0.004558471031486988	-0.04843933507800102	-0.0030166099313646555	0.0660071149468422	0.0031724050641059875	0.005966407246887684	0.010274244472384453	0.001802080892957747	0.00892443023622036	-0.16763168573379517	0.00624043308198452	-0.002006922848522663	-0.03599516674876213	-0.0664045587182045	-0.010721096768975258	-0.028345074504613876
ENSMUSG00000063894	0.004914470482617617	0.015570541843771935	0.0016927309334278107	0.025847256183624268	-0.01650145649909973	0.00911880936473608	0.0024109079968184233	0.23598438501358032	0.009185844101011753	0.010884571820497513	-0.0031996446195989847	-0.017911966890096664	0.004128334112465382	0.014036965556442738	-0.008186733350157738	0.3403375744819641	0.008012449368834496	0.065797820687294	0.039255425333976746	0.41573458909988403	-0.007340508047491312	0.3157380223274231
ENSMUSG00000117790	0.017941098660230637	0.014531727880239487	0.006485660094767809	0.0032187795732170343	9.610367123968899e-05	-0.00476682186126709	-0.007881608791649342	-0.07941446453332901	0.004139491822570562	0.0484304316341877	-0.0014180473517626524	0.005409842822700739	-0.002578192623332143	0.004454187583178282	-0.005266592372208834	0.025524459779262543	0.03402458131313324	0.006420996971428394	-0.03974883630871773	-0.05355330556631088	-0.007416995707899332	-0.04595615342259407
ENSMUSG00000074448	0.03234776854515076	0.00996367260813713	0.0004994440241716802	0.009888998232781887	-0.0005434728227555752	-0.003579653101041913	-0.0034054219722747803	-0.04019530117511749	-0.002169643063098192	0.06080427020788193	0.004448732361197472	0.011444766074419022	0.0029757278971374035	0.009269367903470993	-0.0003349377657286823	-0.13378359377384186	0.016145454719662666	0.04099626839160919	-0.04890594631433487	-0.12599630653858185	-0.006938719190657139	-0.08181414753198624
ENSMUSG00000028833	0.00928227324038744	0.019498296082019806	-0.009467581287026405	0.014674539677798748	-0.020126881077885628	0.0055886018089950085	0.013568813912570477	0.2766355276107788	0.01267946232110262	0.010615200735628605	-0.013726289384067059	-0.02912180870771408	0.01529887318611145	0.013286149129271507	-0.022257577627897263	0.3056907653808594	0.003924887627363205	0.06700734794139862	0.052431441843509674	0.31875845789909363	-0.0032100717071443796	0.43141061067581177
ENSMUSG00000039748	0.008632635697722435	0.01889193244278431	-0.0008783632656559348	0.024792084470391273	-0.01746230386197567	0.004294881131500006	0.00987655483186245	0.22111676633358002	0.01570422574877739	0.008271020837128162	-0.01014382392168045	-0.006527086719870567	0.014834456145763397	0.012270537205040455	-0.027858629822731018	0.2817327082157135	0.0061730449087917805	0.05453158915042877	0.0551898255944252	0.3053372800350189	-0.005081594455987215	0.30752718448638916
ENSMUSG00000056752	0.006361899431794882	0.022338075563311577	0.0034021108876913786	0.009170384146273136	-0.008813468739390373	0.003396425163373351	-0.011330092325806618	0.12667742371559143	0.005624142941087484	0.015220334753394127	-0.007958236150443554	-0.007519077509641647	-0.003238250035792589	0.017216209322214127	-0.015019421465694904	0.11149205267429352	0.016840064898133278	0.04752387851476669	-0.04542851075530052	0.1204894632101059	-0.0069581288844347	0.1257513016462326
ENSMUSG00000014786	0.010676920413970947	0.024859890341758728	-0.0010243660071864724	0.02091313898563385	-0.02256031520664692	0.0040659476071596146	0.011459654197096825	0.2111780047416687	0.01909070461988449	0.014679117128252983	-0.017799410969018936	-0.025720272213220596	0.011827994138002396	0.014271256513893604	-0.030554641038179398	0.23962335288524628	0.015788229182362556	0.05614367127418518	0.059429530054330826	0.24610663950443268	-0.004265600349754095	0.2725847363471985
ENSMUSG00000115490	0.02385834977030754	0.010570280253887177	0.006069869268685579	0.02047688513994217	-0.005939466878771782	-0.005917149130254984	-0.005812359973788261	-0.10493537038564682	0.00854541640728712	0.03649647533893585	-0.006915428675711155	0.0044762147590518	0.003844334976747632	0.011413144879043102	-0.001378084416501224	0.01776404306292534	0.03650033846497536	-0.005338381975889206	-0.010257040150463581	-0.09449305385351181	-0.008021296001970768	-0.07830798625946045
ENSMUSG00000030361	0.01919305883347988	0.05847204104065895	0.010826677083969116	0.020518863573670387	-0.007103586569428444	0.004277934320271015	-0.0021083273459225893	-0.05563991889357567	0.019051695242524147	0.039599500596523285	-0.010165763087570667	-0.0007128305733203888	0.00862731784582138	0.013131099753081799	-0.008283182047307491	0.028638329356908798	0.03275875002145767	0.0645923912525177	0.02068936638534069	-0.018674753606319427	-0.0021202517673373222	0.0080430181697011
ENSMUSG00000099624	0.015369555912911892	0.02970443293452263	0.005236327648162842	0.020058859139680862	0.000169839448062703	-0.006239314563572407	-0.004117263946682215	-0.05353193357586861	-0.006854527164250612	0.03866899386048317	0.0008180622826330364	0.00908413715660572	0.001960921101272106	-0.005190325900912285	0.0008470333414152265	-0.04771316051483154	0.027937844395637512	0.012587341479957104	-0.017662787809967995	-0.18137596547603607	-0.006850851234048605	-0.0929039865732193
ENSMUSG00000014846	0.0128737548366189	0.02698763832449913	-0.003987258765846491	0.015230885706841946	-0.008455762639641762	0.00628940062597394	0.02786276489496231	0.09435967355966568	0.02064063772559166	0.02332274243235588	-0.005594604182988405	-0.01265476830303669	0.009867791086435318	0.009521585889160633	-0.029955657199025154	0.10589661449193954	-0.006513078231364489	0.02525605633854866	0.08118108659982681	0.4361834228038788	0.024154866114258766	0.26807689666748047
ENSMUSG00000111144	0.04776912182569504	0.02343868650496006	-0.0002272953133797273	0.025863010436296463	-0.003639754606410861	0.0007966680568642914	-0.004277076572179794	-0.041655927896499634	0.011035745963454247	0.04646005481481552	-0.006436490919440985	0.008738851174712181	0.006991444621235132	-0.004642527084797621	0.002651064656674862	-0.08732299506664276	0.01897668093442917	0.03300567716360092	-0.05526774749159813	0.05717970058321953	-0.004702423233538866	-0.0028740244451910257
ENSMUSG00000106978	0.0044138445518910885	0.007704226300120354	0.024211211130023003	0.050538137555122375	-0.024905452504754066	0.00070317427162081	0.005379744339734316	0.26798179745674133	0.009480641223490238	0.010112276300787926	0.005731199402362108	-0.01984870620071888	-0.031501732766628265	0.014924171380698681	0.04360930994153023	0.2865297794342041	0.009245049208402634	0.0736967995762825	0.1027587428689003	0.48641058802604675	0.005777180660516024	0.37787237763404846
ENSMUSG00000030741	0.008639930747449398	0.019141722470521927	-0.005150537006556988	0.03056764043867588	-0.023050107061862946	0.00602905685082078	0.026084071025252342	0.24735786020755768	0.020557597279548645	0.011733769439160824	-0.014837495982646942	-0.022573616355657578	0.009876616299152374	0.011304604820907116	-0.02128658816218376	0.2614254951477051	0.0010839843889698386	0.05844268202781677	0.0690922811627388	0.3841201364994049	0.0023822702933102846	0.36320891976356506
ENSMUSG00000106247	0.008720638230443	0.02594890631735325	-0.0007664535660296679	0.019530033692717552	-0.01644551195204258	0.0033478320110589266	0.0180942565202713	0.20245960354804993	0.018372004851698875	0.012194998562335968	-0.016713734716176987	-0.01761786639690399	0.008284435607492924	0.012439679354429245	-0.028377538546919823	0.2604704797267914	0.008763088844716549	0.07658912986516953	0.021848365664482117	0.44398829340934753	-0.005896121729165316	0.3481961190700531
ENSMUSG00000107638	0.017493385821580887	0.015781348571181297	0.003702487563714385	0.016782399266958237	-0.004265370313078165	-0.0034416220150887966	-0.006163222249597311	-0.08523746579885483	0.005284922197461128	0.03311314061284065	-0.004758032038807869	0.006412140093743801	0.0015235628234222531	0.011443985626101494	-0.0006556824664585292	-0.0004977153148502111	0.024989569559693336	0.0342361256480217	-0.010426457971334457	-0.07080848515033722	-0.007299064192920923	-0.10252083837985992
ENSMUSG00000024219	0.010357549414038658	0.02767947129905224	0.00017902044055517763	0.017526846379041672	-0.021031254902482033	0.01070740818977356	0.010391904972493649	0.2324705570936203	0.019911913201212883	0.014287804253399372	-0.015334537252783775	-0.019831417128443718	0.014730636030435562	0.012900777161121368	-0.03288554400205612	0.23862087726593018	0.01120806485414505	0.0638071820139885	0.03819733485579491	0.4093400835990906	-0.006875043734908104	0.26596421003341675
ENSMUSG00000032184	0.010866492986679077	0.017409805208444595	0.0021892660297453403	0.0252905935049057	-0.022106632590293884	0.005065338220447302	0.003963084425777197	0.2597917914390564	0.014029408805072308	0.01337021216750145	-0.012549582868814468	-0.025293998420238495	0.008458198048174381	0.016489176079630852	-0.014528368599712849	0.3348108232021332	0.012243067845702171	0.07234004139900208	0.02318716049194336	0.3509448170661926	-0.008533099666237831	0.31326863169670105
ENSMUSG00000031884	0.023889150470495224	0.02484123781323433	0.011798130348324776	0.020233461633324623	-0.006989830639213324	-0.0015753641491755843	-0.0017206680495291948	-0.08713030070066452	0.01180295366793871	0.04549114406108856	-0.01762676052749157	0.005452248267829418	0.003748450893908739	0.01268631312996149	-0.003974173218011856	0.0411694161593914	0.01475383248180151	0.018417436629533768	-0.00534075265750289	-0.04052560403943062	-0.0063902344554662704	-0.0788542628288269
ENSMUSG00000109674	0.010713950730860233	0.0316290557384491	-0.004612507298588753	0.006557663902640343	-0.01510611642152071	0.0041025374084711075	0.024704819545149803	0.10940748453140259	0.022195257246494293	0.02649245783686638	-0.013375187292695045	-0.01414111815392971	0.014001424424350262	0.012320748530328274	-0.031231354922056198	0.0706658661365509	0.013347863219678402	0.033117905259132385	0.15157097578048706	0.2708451747894287	0.029292292892932892	0.11865122616291046
ENSMUSG00000000303	0.007205824367702007	0.02153892256319523	-0.009652855806052685	0.021153921261429787	-0.0224769227206707	0.004088414832949638	0.028399620205163956	0.24875788390636444	0.02304813079535961	0.011475421488285065	-0.015577442944049835	-0.02530340850353241	0.021464750170707703	0.008634923957288265	-0.0381261371076107	0.24249181151390076	-0.0019470825791358948	0.06679701805114746	0.08389472961425781	0.4279211461544037	0.011635392904281616	0.3192572295665741
ENSMUSG00000009905	0.008040039800107479	0.03172871470451355	-0.0006629478302784264	0.02265886776149273	-0.014622757211327553	0.011865366250276566	0.0036361045204102993	0.2572808265686035	0.013418781571090221	0.018532074987888336	-0.005722798872739077	-0.011730888858437538	0.00890280306339264	0.00952947698533535	-0.024328269064426422	0.3168644905090332	0.0016682788264006376	0.07586965709924698	0.04730265960097313	0.5188646912574768	-0.006147503387182951	0.31455639004707336
ENSMUSG00000043664	0.012276418507099152	0.032034147530794144	0.008313409052789211	0.01711423695087433	-0.01970275118947029	0.004667532164603472	0.0008188504725694656	0.1805686056613922	0.02168613113462925	0.01474582590162754	-0.006784562952816486	-0.02368159592151642	0.002621190156787634	0.014014238491654396	-0.00841692928224802	0.229990616440773	0.01978677697479725	0.056217581033706665	0.0392354279756546	0.18019433319568634	-0.007014986127614975	0.2201268970966339
ENSMUSG00000087537	-0.00808617565780878	-0.02504122443497181	-0.0005249325186014175	-0.0062782131135463715	0.010823282413184643	-0.0013819581363350153	-0.0025309277698397636	-0.12783828377723694	-0.008311177603900433	0.01373191736638546	0.00338760856539011	0.02593151293694973	0.021521465852856636	0.00457046227529645	0.006900842767208815	-0.06517676264047623	-0.029480012133717537	0.005269914399832487	-0.06875846534967422	-0.06658759713172913	-0.009581362828612328	-0.06377390027046204
ENSMUSG00000117541	0.010781330056488514	0.02009378746151924	-0.00041569944005459547	0.0319102518260479	0.0026548809837549925	0.005013525485992432	-0.006878109648823738	-0.03926404193043709	0.0006120228790678084	0.04410780593752861	0.004339028615504503	0.010882515460252762	-0.0022332011722028255	0.0017353955190628767	-0.0023627339396625757	-0.08195219933986664	0.00250796671025455	0.024300742894411087	-0.06331565231084824	-0.19701379537582397	-0.008656050078570843	-0.10604344308376312
ENSMUSG00000106567	0.01559789665043354	0.018279748037457466	0.00663986150175333	-0.004216259811073542	-0.006112696602940559	0.0008465207647532225	0.00021299850777722895	-0.07739920914173126	0.008668851107358932	0.04548421502113342	-0.005052889697253704	0.009465927258133888	0.0007638708339072764	0.006383293773978949	-0.004504992160946131	-0.024147458374500275	0.027214478701353073	0.04410483315587044	-0.01583220809698105	-0.07594434916973114	-0.007951152510941029	-0.014944139868021011
ENSMUSG00000033805	0.008531383238732815	0.0202252808958292	0.0044141123071312904	0.014643525704741478	-0.01078568771481514	0.004774692002683878	-0.007418119814246893	0.18743234872817993	0.006022565998136997	0.01715068332850933	-0.014452691189944744	-0.024486029520630836	-0.00015783688286319375	0.018962109461426735	-0.013505684211850166	0.2763271629810333	0.01420021615922451	0.05071239173412323	-0.02350715920329094	0.14923982322216034	-0.006525775883346796	0.0991118848323822
ENSMUSG00000029512	0.005119659472256899	0.01460307277739048	-0.015413690358400345	0.023864150047302246	-0.014859498478472233	0.00901393499225378	0.05148305371403694	0.18308746814727783	0.029907185584306717	0.009787694551050663	-0.0036100021097809076	-0.008722953498363495	0.028179507702589035	0.00392298586666584	-0.04805336520075798	0.17733845114707947	-0.019627846777439117	0.07866204530000687	0.08647892624139786	0.5179281830787659	0.022680845111608505	0.282713383436203
ENSMUSG00000094227	-0.10803068429231644	-0.22050966322422028	-0.026485972106456757	-0.05192337557673454	-0.0328693650662899	-0.07932398468255997	0.025736751034855843	-0.1055631935596466	-0.04727441817522049	-0.22943781316280365	-0.01883648708462715	-0.014530365355312824	-0.013789267279207706	-0.02652907930314541	0.04801816865801811	-0.24066951870918274	-0.16050326824188232	-0.27358344197273254	0.2254774421453476	-0.6104251742362976	-0.00779779814183712	-0.41069161891937256
ENSMUSG00000102138	-0.10803068429231644	-0.22050966322422028	-0.026485972106456757	-0.05192337557673454	-0.0328693650662899	-0.07932398468255997	0.025736751034855843	-0.1055631935596466	-0.04727441817522049	-0.22943781316280365	-0.01883648708462715	-0.014530365355312824	-0.013789267279207706	-0.02652907930314541	0.04801816865801811	-0.24066951870918274	-0.16050326824188232	-0.27358344197273254	0.2254774421453476	-0.6104251742362976	-0.00779779814183712	-0.41069161891937256
ENSMUSG00000097162	0.010856778360903263	0.018484391272068024	0.0001654071529628709	0.04209630563855171	-0.017684103921055794	0.011395606212317944	-0.006102713290601969	0.2657621204853058	0.018722228705883026	0.012784277088940144	0.0022164497058838606	-0.010046558454632759	-0.011438872665166855	0.0118341613560915	0.02008165419101715	0.3150334358215332	0.0031013903208076954	0.08248050510883331	0.045565519481897354	0.5213561058044434	-0.004933781456202269	0.33007678389549255
ENSMUSG00000025612	0.005362804047763348	0.02463695965707302	-0.0067853485234081745	0.03044973686337471	-0.015982629731297493	0.008717372082173824	0.02166059985756874	0.22983892261981964	0.016428783535957336	0.013407545164227486	-0.008815468288958073	-0.031701333820819855	0.022447478026151657	0.007959743961691856	-0.038504596799612045	0.24936525523662567	-0.005232416559010744	0.07360021770000458	0.06693845987319946	0.5268685817718506	0.002011243486776948	0.3112618923187256
ENSMUSG00000058952	0.019193941727280617	0.03563639149069786	0.015189222060143948	0.008215714246034622	-0.003152904100716114	-0.005879048258066177	-0.00299088004976511	-0.03416750207543373	0.011099261231720448	0.03918331488966942	-0.0050002820789813995	0.0039801145903766155	0.00011883974366355687	0.016783758997917175	-0.0007522739470005035	-0.06785228848457336	0.03826702758669853	0.03618215024471283	0.00521356426179409	0.09559549391269684	-0.006491024047136307	0.015766320750117302
ENSMUSG00000052131	0.02936715818941593	0.04692675173282623	0.012568389065563679	0.027525978162884712	-0.007511811330914497	-0.003106290940195322	-0.0008162672747857869	-0.0756215825676918	0.010225439444184303	0.04048509523272514	-0.007389414124190807	0.004479397088289261	0.003994259051978588	0.01727958396077156	0.007362339645624161	-0.040268853306770325	0.03214666619896889	0.030806539580225945	0.00321127288043499	-0.02366558276116848	-0.007400090806186199	-0.03038771077990532
ENSMUSG00000066671	0.013542136177420616	0.04835858941078186	-0.005859479308128357	0.007975932210683823	-0.001607650425285101	-0.004240148235112429	-0.010444503277540207	-0.07375845313072205	-0.008401995524764061	0.04245356097817421	0.0035616487730294466	0.008874659426510334	-0.0032695988193154335	0.014682679437100887	-0.002478904090821743	-0.03590802103281021	0.025809912011027336	-0.0491240993142128	-0.031146729364991188	-0.10890825092792511	-0.00732260150834918	-0.07632888853549957
ENSMUSG00000028416	0.010020097717642784	0.015573454089462757	0.00013000964827369899	0.025233251973986626	-0.024643549695611	0.005279386416077614	0.008658163249492645	0.2862934172153473	0.01206621527671814	0.012698935344815254	-0.01129512581974268	-0.031224317848682404	0.008815011940896511	0.017458053305745125	-0.018584851175546646	0.33088332414627075	0.013207119889557362	0.07707645744085312	0.046195682138204575	0.19470849633216858	-0.00985365267843008	0.3861132860183716
ENSMUSG00000090039	0.012651342898607254	0.02677135542035103	-0.0007147322758100927	0.016700131818652153	-0.005689449142664671	0.009568124078214169	0.022704999893903732	0.052267350256443024	0.010349205695092678	0.029895024374127388	-0.011089546605944633	-0.007253536954522133	0.012228738516569138	0.013606410473585129	-0.020551040768623352	0.1336912363767624	0.013115652836859226	0.052094947546720505	0.11835142225027084	0.3935360014438629	0.020241625607013702	0.08153847604990005
ENSMUSG00000114469	0.0008683750056661665	0.020850947126746178	-0.002110586501657963	0.01565834879875183	-0.00047761399764567614	-0.0021397785749286413	-0.005678206216543913	-0.08731124550104141	-0.004116296302527189	0.02418128028512001	0.0035752656403928995	0.01083777192980051	-0.0018747785361483693	-0.01797485165297985	-0.00117058667819947	-0.10510106384754181	0.009415412321686745	-0.024413196370005608	-0.055072635412216187	-0.1312059611082077	-0.003818694967776537	-0.13065291941165924
ENSMUSG00000040016	0.008177228271961212	0.01901925541460514	0.003718070685863495	0.013429664075374603	-0.014965729787945747	0.0031683985143899918	-0.004193961154669523	0.14781290292739868	0.008565004914999008	0.018954742699861526	-0.011757816188037395	-0.012817387469112873	0.005769394803792238	0.017200270667672157	-0.016833441331982613	0.17118467390537262	0.016014855355024338	0.04322153702378273	-0.010400617495179176	0.19509397447109222	-0.006689069326967001	0.04595116153359413
ENSMUSG00000022847	0.018955746665596962	0.029754720628261566	0.0003625698445830494	0.019857419654726982	-0.009181328117847443	0.0020763128995895386	0.0005594066460616887	0.029228627681732178	0.01384218130260706	0.04810376092791557	-0.015808342024683952	-0.008926265873014927	0.00556141696870327	0.011584317311644554	-0.023261962458491325	-0.01690203882753849	0.032563306391239166	0.037907373160123825	0.09578611701726913	0.05481088161468506	0.018215512856841087	0.047514792531728745
ENSMUSG00000100583	0.0055041867308318615	0.015347686596214771	-0.00921826995909214	0.027073347941040993	-0.01908803917467594	0.0035735485143959522	0.04912745580077171	0.20330072939395905	0.025099262595176697	0.010539883747696877	-0.007902957499027252	-0.018263477832078934	0.02760014496743679	0.0071966941468417645	-0.0429685115814209	0.16753393411636353	-0.005949355196207762	0.05909367650747299	0.08899065107107162	0.48689839243888855	0.03241078555583954	0.30654197931289673
ENSMUSG00000097256	0.02053886465728283	0.03833220899105072	0.018931742757558823	0.015172542072832584	-0.009339737705886364	0.0065918006002902985	8.734841685509309e-05	-0.014968596398830414	0.019784249365329742	0.041922930628061295	-0.004038980696350336	-0.007339856121689081	-0.0005881139077246189	0.011326931416988373	-0.012250597588717937	0.038584690541028976	0.03791329264640808	0.049803074449300766	-0.0348886139690876	0.11933847516775131	-0.0013652312336489558	-0.011739865876734257
ENSMUSG00000019214	0.010902362875640392	0.019131628796458244	0.0006690345471724868	0.012608052231371403	-0.020889058709144592	0.005026991479098797	0.014155886135995388	0.2330743819475174	0.01335562951862812	0.013853267766535282	-0.018025856465101242	-0.02106919325888157	0.009206457994878292	0.013119148090481758	-0.019190866500139236	0.25847724080085754	0.017073189839720726	0.06591513007879257	0.03829486668109894	0.25053101778030396	-0.005146122071892023	0.19705893099308014
ENSMUSG00000086703	0.028221165761351585	0.03398050367832184	0.011157894507050514	0.011063051410019398	-0.004544409457594156	-0.002916458761319518	-0.003280241508036852	-0.044835783541202545	0.003576930845156312	0.009355523623526096	-0.003876506118103862	0.009536639787256718	0.003039025468751788	0.005229590926319361	0.014550034888088703	-0.10103484243154526	0.03095867484807968	0.056475602090358734	-0.02977992221713066	-0.11291792243719101	-0.010141486302018166	-0.10295013338327408
ENSMUSG00000069044	-0.10803068429231644	-0.22050966322422028	-0.026485972106456757	-0.05192337557673454	-0.0328693650662899	-0.07932398468255997	0.025736751034855843	-0.1055631935596466	-0.04727441817522049	-0.22943781316280365	-0.01883648708462715	-0.014530365355312824	-0.013789267279207706	-0.02652907930314541	0.04801816865801811	-0.24066951870918274	-0.16050326824188232	-0.27358344197273254	0.2254774421453476	-0.6104251742362976	-0.00779779814183712	-0.41069161891937256
ENSMUSG00000099611	0.005946644581854343	-0.004955613054335117	-0.0009525304776616395	0.008466742932796478	-0.002476037945598364	-0.00178998289629817	-0.00978781282901764	-0.0706283301115036	-0.005405097734183073	0.015203919261693954	-0.0014315459411591291	0.016816256567835808	-0.0018800732214003801	0.006817185319960117	-0.005073529668152332	-0.004615535959601402	-0.002524934010580182	0.03230052441358566	-0.04149005562067032	-0.19206959009170532	-0.008116795681416988	-0.08608624339103699
ENSMUSG00000039342	0.015208032913506031	0.03568663075566292	0.006571718957275152	0.01244974136352539	-0.007427463307976723	0.003714650869369507	-0.002763133030384779	-0.06610646843910217	0.008309784345328808	0.03498122841119766	-0.006437554955482483	0.002029004506766796	0.004608483519405127	0.008098511956632137	-0.008261751383543015	0.05551744997501373	0.028187403455376625	0.04496616870164871	0.0035091449972242117	-0.011300768703222275	-0.002866322174668312	0.002581983571872115
ENSMUSG00000085615	0.004736416507512331	0.008168045431375504	-0.009698402136564255	0.03600979223847389	-0.020430445671081543	0.0048044342547655106	0.05020393431186676	0.26929062604904175	0.020946377888321877	0.006826621945947409	-0.00508024450391531	-0.03414123132824898	0.020770275965332985	0.004864189773797989	-0.024148225784301758	0.26480841636657715	-0.012538454495370388	0.07008565962314606	0.08436976373195648	0.4510364532470703	0.023840148001909256	0.39905497431755066
ENSMUSG00000097209	0.013371453620493412	0.010018783621490002	0.0039945184253156185	0.016265112906694412	-0.019815688952803612	0.005759399384260178	0.00685690063983202	0.13741318881511688	0.019911877810955048	0.0217234306037426	-0.01596692018210888	-0.01346229761838913	0.00550591666251421	0.0167645625770092	-0.02529054693877697	0.114254429936409	0.027890250086784363	0.04626920074224472	0.009969424456357956	-0.0007175574428401887	-0.0024291204754263163	0.12873010337352753
ENSMUSG00000035585	0.00486409105360508	0.01745900698006153	-0.01175983902066946	0.027643604204058647	-0.01573672704398632	0.00574271846562624	0.045021895319223404	0.2656469941139221	0.024129288271069527	0.007876453921198845	-0.010369527153670788	-0.02780837006866932	0.018596326932311058	0.0070555489510297775	-0.01561851054430008	0.26818934082984924	-0.0070305257104337215	0.07786098122596741	0.0687730610370636	0.5532784461975098	0.014433454722166061	0.4157390296459198
ENSMUSG00000115846	-0.009559916332364082	-0.020059695467352867	-0.002370849484577775	-0.01719978265464306	0.0003120683250017464	-0.014634273946285248	-0.017521550878882408	0.017439737915992737	-0.003712016623467207	0.011470126919448376	0.0015588492387905717	0.0036648146342486143	-0.023543119430541992	0.006849173456430435	-0.020883237943053246	0.07506103813648224	0.00777269434183836	-0.014127999544143677	0.0625152587890625	0.252063512802124	-0.000962186953984201	0.025706356391310692
ENSMUSG00000049657	0.009068812243640423	0.02308964729309082	-0.0033140641171485186	0.019102847203612328	-0.022524340078234673	0.007283967919647694	0.011834761127829552	0.2781951129436493	0.017795365303754807	0.012961085885763168	-0.01840062625706196	-0.030508559197187424	0.012254254892468452	0.014148619025945663	-0.026565080508589745	0.298471063375473	0.00953604280948639	0.04605076462030411	0.03848649933934212	0.3635060489177704	-0.006221202202141285	0.3809032738208771
ENSMUSG00000001305	0.008699469268321991	0.017384715378284454	-0.00738609628751874	0.018242476508021355	-0.025528931990265846	0.004988208878785372	0.021486613899469376	0.30018848180770874	0.01623518578708172	0.006492071785032749	-0.013789075426757336	-0.021490497514605522	0.020788559690117836	0.010462152771651745	-0.027135806158185005	0.309564471244812	0.0013978565111756325	0.07149668037891388	0.06360825896263123	0.3645172119140625	-0.0023841499350965023	0.37190350890159607
ENSMUSG00000093590	-0.06803600490093231	0.017167987301945686	0.012073265388607979	-0.008371897973120213	0.14810968935489655	0.0034263741690665483	0.009260150603950024	-0.16720351576805115	0.015109691768884659	0.010364480316638947	0.06972385197877884	0.05030960962176323	0.0034447629004716873	-0.0018789200112223625	0.10415434092283249	-0.15051615238189697	-0.16448695957660675	0.028861431404948235	0.0944831371307373	-0.24395161867141724	0.10575029253959656	-0.12458296120166779
ENSMUSG00000032589	0.012421270832419395	0.02471737563610077	0.0029584900476038456	0.014776782132685184	-0.01734938658773899	0.005472032818943262	0.00650452496483922	0.13542182743549347	0.016517866402864456	0.020341718569397926	-0.020815569907426834	-0.027036573737859726	0.007593115791678429	0.018264928832650185	-0.03094910830259323	0.19343778491020203	0.024657413363456726	0.05904417857527733	0.03954207897186279	0.11573448777198792	-0.004171805456280708	0.20909692347049713
ENSMUSG00000099009	0.025514822453260422	0.012258848175406456	0.010354573838412762	0.02622188627719879	-0.006410163827240467	-0.0012497503776103258	-0.0033642917405813932	-0.10370155423879623	0.006554997526109219	0.03543495386838913	-0.0050474898889660835	0.008052674122154713	0.0060725281946361065	0.013293995521962643	0.002982812002301216	-0.033690690994262695	0.03585899993777275	0.03980782628059387	-0.018375717103481293	-0.07410396635532379	-0.008163553662598133	-0.06254616379737854
ENSMUSG00000027690	0.017812147736549377	0.04581024497747421	0.00227751093916595	0.026199495419859886	-0.0008838427602313459	0.0031921917106956244	-0.002929885173216462	-0.08739189803600311	0.00866929441690445	0.05621225759387016	-0.00019913370488211513	0.0087507339194417	0.006696202326565981	0.010782540775835514	-0.0023581990972161293	-0.03126813843846321	0.013784080743789673	0.021615061908960342	-0.04820026084780693	-0.18111589550971985	-0.005767515394836664	-0.05980583652853966
ENSMUSG00000078942	0.025328202173113823	0.041920945048332214	0.012484095990657806	0.029258891940116882	-0.007955651730298996	-0.0003714180493261665	0.0002735321468207985	-0.054986800998449326	0.013303404673933983	0.04778462275862694	-0.014638964086771011	0.0013877269811928272	0.005128802265971899	0.014103386551141739	-0.0020572838839143515	0.0034710627514868975	0.0386984720826149	0.03957557678222656	0.005476884078234434	0.05432668700814247	-0.004785600584000349	-0.024542389437556267
ENSMUSG00000026856	0.010525201447308064	0.017784100025892258	-0.005270448513329029	0.021748466417193413	-0.017918426543474197	0.006694680545479059	0.01180686429142952	0.20322063565254211	0.013120514340698719	0.016977636143565178	-0.01640206016600132	-0.032075706869363785	0.012624484486877918	0.014702532440423965	-0.03219088912010193	0.23338425159454346	0.010476376861333847	0.042106956243515015	0.07090950757265091	0.26773524284362793	-0.00026993159553967416	0.33461979031562805
ENSMUSG00000091573	0.024290546774864197	0.0012244130484759808	0.008152952417731285	0.017428290098905563	-0.001801169360987842	-0.0035321679897606373	-0.0018702514935284853	-0.06814078986644745	0.0006907847709953785	0.06882285326719284	-0.0002246782969450578	0.009173562750220299	0.005066603887826204	0.009655408561229706	0.0072090281173586845	-0.08419504761695862	0.022898701950907707	0.05048072710633278	-0.05702657252550125	-0.12609373033046722	-0.005295025650411844	-0.09691145271062851
ENSMUSG00000062124	0.021319977939128876	0.029038557782769203	0.004582388326525688	0.00990541186183691	-0.0006221772637218237	-0.0030851641204208136	-0.004577848128974438	-0.055097900331020355	0.009879459626972675	0.0314471535384655	-0.016060184687376022	0.011326979845762253	0.006203544791787863	0.015865199267864227	-7.551421731477603e-05	-0.04859250411391258	0.020279286429286003	0.022610971704125404	-0.011357276700437069	-0.12442556023597717	-0.0071668727323412895	-0.06826037168502808
ENSMUSG00000114767	0.014602575451135635	0.01640484109520912	0.004456093534827232	0.018062489107251167	0.00018240320787299424	0.00010186435974901542	-0.003973688930273056	-0.06220318377017975	0.005430151708424091	0.032142408192157745	-0.002999880351126194	0.010362296365201473	0.0014255023561418056	0.00992883462458849	-0.0005526857567019761	-0.06428402662277222	0.019715068861842155	0.0384833924472332	-0.04762330651283264	-0.1260252147912979	-0.007710979785770178	-0.07041361927986145
ENSMUSG00000109286	0.017835931852459908	0.028523780405521393	0.01500806212425232	0.012072529643774033	-0.008605615235865116	-0.0008565181633457541	-0.0008768070256337523	-0.0544135682284832	0.01699821464717388	0.05927186831831932	-0.003218013094738126	0.011068398132920265	-0.0012811479391530156	0.006087949965149164	-0.002636503893882036	-0.08835551142692566	0.02673744224011898	0.020565515384078026	-0.008342934772372246	-0.05101783573627472	-0.01065790094435215	-0.06181531026959419
ENSMUSG00000089679	0.01635584607720375	0.027833785861730576	0.0018213626462966204	0.01605718769133091	-0.011964669451117516	0.0017844405956566334	0.010945663787424564	0.0037476427387446165	0.023347344249486923	0.028591372072696686	-0.023763522505760193	0.013916267082095146	0.017920145764946938	0.012971797958016396	-0.025779519230127335	0.10303156077861786	0.0180149395018816	0.03537512943148613	0.1265985071659088	0.13848556578159332	0.01005542278289795	0.07514435052871704
ENSMUSG00000120727	0.017363756895065308	0.021777231246232986	0.010593798942863941	0.01788915880024433	-0.009502613916993141	0.0028524952940642834	0.003784718457609415	-0.04625261202454567	0.01904509775340557	0.040977466851472855	-0.004068158566951752	-0.0061522251926362514	0.00027403453714214265	0.016591964289546013	-0.013074648566544056	0.06312229484319687	0.02788979560136795	0.04689547047019005	0.007595630828291178	0.042318135499954224	0.0003664180694613606	0.006493162363767624
ENSMUSG00000109722	0.030429959297180176	0.027242720127105713	0.01444979291409254	0.03143702447414398	-0.001025149947963655	-0.0028112661093473434	-0.0007514999015256763	-0.05959000438451767	0.010526209138333797	0.05665014684200287	-0.008342655375599861	0.0053128935396671295	-0.0007346463389694691	0.01024671271443367	-0.0026984610594809055	-0.031086016446352005	0.04509304463863373	0.02952038310468197	-0.010449666529893875	-0.07628205418586731	-0.006930364295840263	-0.0720561295747757
ENSMUSG00000113395	0.029925156384706497	0.004193418193608522	0.0375627763569355	-0.011949725449085236	-0.00032041899976320565	-0.007402024231851101	-0.022159820422530174	-0.132138192653656	0.0007600738317705691	0.02524586208164692	0.015290635637938976	0.0067493971437215805	-0.00410231901332736	0.0006355675868690014	-0.004976880736649036	-0.12272927910089493	0.07194286584854126	-0.021594518795609474	-0.011220530606806278	-0.08225903660058975	-0.013350166380405426	-0.03497914597392082
ENSMUSG00000025722	0.008513951674103737	0.01776447705924511	-0.006035142578184605	0.02286641299724579	-0.016044797375798225	0.010289017111063004	0.01885255239903927	0.24896545708179474	0.022917749360203743	0.008907138369977474	-0.006254328414797783	-0.01965145207941532	0.012948007322847843	0.007492018397897482	-0.015557778999209404	0.2653502821922302	-0.007717147935181856	0.04008080065250397	0.055298127233982086	0.4972943067550659	0.0016436581499874592	0.3068355619907379
ENSMUSG00000079025	0.017303500324487686	0.02242385782301426	0.00985231064260006	0.01400265097618103	-0.008509618230164051	0.0011843533720821142	-0.00574058573693037	-0.08605293184518814	0.012969590723514557	0.03963446989655495	-0.008638772182166576	0.012171711772680283	0.003403879003599286	0.014701771549880505	-0.006099394988268614	0.02664226107299328	0.03898056969046593	0.04833042994141579	-0.030310489237308502	-0.09476648271083832	-0.006753643974661827	-0.02194865047931671
ENSMUSG00000049553	0.009653226472437382	0.018918873742222786	-0.005992184858769178	0.02876252867281437	-0.016235558316111565	0.005858840886503458	0.013704798184335232	0.30638182163238525	0.019775237888097763	0.012718788348138332	-0.005789205897599459	-0.011367184109985828	0.018999315798282623	0.008106982335448265	-0.026934489607810974	0.3133935034275055	-0.008364373818039894	0.08394742757081985	0.049540676176548004	0.45520439743995667	-0.005735647864639759	0.4724659323692322
ENSMUSG00000085940	0.009517486207187176	0.02172773890197277	0.0010620816610753536	0.024048104882240295	-0.0014768264954909682	-0.003632641164585948	-0.005952328909188509	-0.11744120717048645	-0.0023932408075779676	0.056018151342868805	-0.0005710332770831883	0.010630987584590912	-0.0003968632663600147	0.003959443420171738	0.004337734077125788	-0.0783640444278717	0.015597821213304996	-0.0038335088174790144	-0.031795844435691833	-0.06694182753562927	-0.008870499208569527	-0.06181782856583595
ENSMUSG00000010054	0.005722516216337681	0.01750168204307556	-0.0018840123666450381	0.014915725216269493	-0.01522392313927412	0.0038516786880791187	0.026925887912511826	0.1835162192583084	0.014440693892538548	0.0129317045211792	-0.01412221323698759	-0.02873341739177704	0.006085517350584269	0.013069381937384605	0.004159732721745968	0.18576838076114655	0.015947561711072922	0.038718126714229584	0.06131257116794586	0.2659739553928375	0.006305798422545195	0.27802416682243347
ENSMUSG00000029331	-0.00901254452764988	0.03201982006430626	-0.003956647589802742	0.02061723917722702	-0.003900091862305999	-0.0026749444659799337	-0.0056673078797757626	-0.1074211597442627	0.005772252567112446	0.04550947993993759	0.0050788763910532	0.00993274711072445	0.01182522065937519	0.004439003299921751	0.006104020401835442	-0.0778375044465065	0.034219130873680115	0.02221612259745598	-0.05043001100420952	-0.15741954743862152	-0.009435396641492844	-0.08971722424030304
ENSMUSG00000045629	0.011239775456488132	0.032309047877788544	0.00974191166460514	0.02015235647559166	-0.009857065044343472	0.0018769711023196578	-0.0004994990304112434	0.08769494295120239	0.013511734083294868	0.027096757665276527	-0.015182494185864925	-0.014788198284804821	0.0031134793534874916	0.017573490738868713	-0.020573068410158157	0.19540691375732422	0.029413428157567978	0.05710793659090996	-0.017908699810504913	0.20842060446739197	-0.00674505764618516	0.02469799295067787
ENSMUSG00000036570	0.02870870567858219	0.025602154433727264	-0.0019231501501053572	0.024852601811289787	-0.004134270362555981	-0.0021568730007857084	-0.016390200704336166	-0.013455787673592567	0.015962637960910797	0.024812126532197	-0.027188429608941078	-0.0003202399529982358	0.003856048686429858	0.011634189635515213	-0.026275040581822395	-0.01835259608924389	0.026126064360141754	0.033374663442373276	0.05241721495985985	-0.13063238561153412	0.019275866448879242	-0.06799636781215668
ENSMUSG00000096606	0.007900192402303219	0.011732486076653004	-0.009361599572002888	0.011123180389404297	-0.019975630566477776	-0.00010049709089798853	0.010350333526730537	0.14535610377788544	0.03485218435525894	0.011152071878314018	-0.015071706846356392	-0.017751527950167656	0.018656013533473015	0.014939154498279095	-0.06878397613763809	0.16063663363456726	0.016428131610155106	0.04545974358916283	0.036213845014572144	0.10443061590194702	0.020567679777741432	0.13800372183322906
ENSMUSG00000040928	0.008740851655602455	0.02451159991323948	-0.003004094585776329	0.0322888046503067	-0.02303672954440117	-0.0033148014917969704	0.0132981576025486	0.3111855089664459	0.018646197393536568	0.009000426158308983	-0.009464601054787636	-0.019863998517394066	0.02086808905005455	0.008338441140949726	-0.024976519867777824	0.31542861461639404	-0.0024175511207431555	0.07078839093446732	0.034885138273239136	0.4867604076862335	-0.004619464743882418	0.42527851462364197
ENSMUSG00000121709	0.02111867442727089	-0.003329260041937232	-0.01755545474588871	0.006416289135813713	0.005557164084166288	-0.00490416819229722	-0.02528446912765503	-0.07963956892490387	-0.009840669110417366	-0.0014787826221436262	-0.0009420026326552033	0.010689237155020237	-0.005253506358712912	-0.014971449039876461	0.07845842093229294	-0.14848826825618744	-0.0006607876857742667	-0.05758056044578552	-0.027465524151921272	-0.130421444773674	-0.008232338353991508	-0.055556535720825195
ENSMUSG00000110101	0.023190364241600037	0.0055282218381762505	0.009451601654291153	0.01640406809747219	-0.004280202556401491	-0.0024861651472747326	-0.004935941658914089	-0.14615389704704285	0.0012944587506353855	0.026816820725798607	-0.0018450472271069884	0.009070980362594128	0.001379378605633974	0.013294642791152	0.009098667651414871	-0.0562150813639164	0.02436063252389431	0.0631103590130806	-0.04093686491250992	-0.12783746421337128	-0.007257153280079365	-0.06284494698047638
ENSMUSG00000109112	0.05019909515976906	0.0263306125998497	-0.007874185219407082	0.027077458798885345	-0.010096968151628971	-0.0027038995176553726	-0.04532899707555771	-0.06642453372478485	0.00759641220793128	0.040319476276636124	-0.03609704598784447	0.010422978550195694	0.012134943157434464	-0.002191712148487568	0.027530083432793617	-0.07515974342823029	0.04042145237326622	0.03368482366204262	0.0949162021279335	-0.0417245477437973	-0.005149727687239647	-0.039873432368040085
ENSMUSG00000037996	0.009259875863790512	0.03313365578651428	0.004778590984642506	0.023478837683796883	-0.012834029272198677	0.003805043175816536	-0.006573242601007223	0.13488581776618958	0.009882070124149323	0.028369665145874023	-0.009753666818141937	-0.025963539257645607	0.0018369614845141768	0.019493604078888893	-0.01581922359764576	0.1799623817205429	0.0196578036993742	0.04455677419900894	-0.022156670689582825	0.06523506343364716	-0.005219469778239727	0.06411156803369522
ENSMUSG00000102362	0.00739471847191453	-0.045511242002248764	0.000157272515934892	0.0034511261619627476	-0.004759552888572216	-0.0015391302295029163	-0.009754236787557602	-0.10923418402671814	-0.004217678681015968	0.0001827503729145974	-0.003549790009856224	0.009270943701267242	0.002672139322385192	-0.00299380742944777	0.001655710395425558	-0.11728189140558243	0.01943371258676052	0.036283522844314575	-0.02788609266281128	-0.035252030938863754	-0.01161488052457571	-0.050674404948949814
ENSMUSG00000053870	0.0009338438976556063	-0.005812644958496094	-0.00046185022802092135	0.01002416294068098	-0.011186071671545506	0.004477679263800383	-0.004250426776707172	0.2760258913040161	0.004972486291080713	0.007382752373814583	-0.007694588974118233	-0.00040014172554947436	0.01499046478420496	0.014183532446622849	-0.019903041422367096	0.29852762818336487	0.010144377127289772	0.05344801023602486	0.04047258943319321	0.3325251340866089	-0.005931935738772154	0.3260630667209625
ENSMUSG00000031965	0.007881552912294865	0.02205806039273739	0.0010330018121749163	0.012234312482178211	-0.014226752333343029	0.001504054176621139	-0.0011650776723399758	0.12759418785572052	0.004644274245947599	0.023423053324222565	-0.008665951900184155	-0.010035999119281769	0.0010194734204560518	0.013556953519582748	-0.013286625035107136	0.15080566704273224	0.014696219936013222	0.04684543237090111	-0.04121946915984154	0.0896337479352951	-0.006859049666672945	0.06012371927499771
ENSMUSG00000031015	0.009478343650698662	0.024651065468788147	2.8718011890305206e-05	0.02724466472864151	-0.021482575684785843	0.0072640422731637955	0.009913280606269836	0.24551281332969666	0.018732188269495964	0.012975323013961315	-0.013151774182915688	-0.018843170255422592	0.01576036959886551	0.01288561336696148	-0.026376161724328995	0.3206402063369751	0.0076842159032821655	0.07087788730859756	0.03981972485780716	0.4315910339355469	-0.006606035865843296	0.2851845324039459
ENSMUSG00000004631	0.008712240494787693	0.022042222321033478	0.00022578021162189543	0.03388603404164314	-0.017523154616355896	0.006378768477588892	0.006153525784611702	0.18210290372371674	0.014021947048604488	0.013469463214278221	-0.007986888289451599	-0.014016041532158852	0.012557130306959152	0.011453812941908836	-0.03052128292620182	0.2459239363670349	0.004680518992245197	0.04228069633245468	0.03940867260098457	0.4877876937389374	-0.0033066528849303722	0.26499757170677185
ENSMUSG00000071047	0.025654170662164688	0.02776164375245571	0.008421964012086391	0.03256151080131531	-0.0032338446471840143	-0.0021712924353778362	-0.0034202546812593937	-0.09759500622749329	0.004312626551836729	0.06657159328460693	-0.005946450401097536	0.010219008661806583	0.003463253378868103	-0.008638139814138412	0.008294183760881424	-0.016439097002148628	0.022884787991642952	0.005064118653535843	0.01605505868792534	-0.08642664551734924	-0.006912405602633953	-0.07412939518690109
ENSMUSG00000089739	0.010676895268261433	0.020527221262454987	-0.0020450828596949577	0.018062641844153404	-0.013717441819608212	0.006144437938928604	0.008023320697247982	0.19162403047084808	0.01698913238942623	0.018561838194727898	-0.020428471267223358	-0.034303631633520126	0.00910892616957426	0.01640532910823822	-0.030235692858695984	0.2481410801410675	0.019564254209399223	0.05155806243419647	0.07571683079004288	0.1150401383638382	0.00033105313195846975	0.21242870390415192
ENSMUSG00000026771	0.004012224730104208	0.012607045471668243	0.0009803706780076027	0.025035211816430092	-0.018781019374728203	0.0013837115839123726	0.0007347287028096616	0.23704726994037628	-0.0007119459914974868	0.00828047189861536	-0.009290145710110664	-0.02782275527715683	0.00531153567135334	0.016522550955414772	-0.0006990820402279496	0.3175770044326782	0.011329692788422108	0.04397062212228775	0.011892399750649929	0.29981622099876404	-0.008009679615497589	0.20922280848026276
ENSMUSG00000031644	0.008616385981440544	0.022312993183732033	0.0012674282770603895	0.021767964586615562	-0.025671271607279778	0.008573641069233418	-0.002877236111089587	0.25496819615364075	0.013225441798567772	0.013524251990020275	-0.014082809910178185	-0.016773270443081856	0.008934425190091133	0.014222624711692333	-0.0163255725055933	0.3347476124763489	0.009859002195298672	0.05210307985544205	0.024626415222883224	0.40423157811164856	-0.007470828481018543	0.33484187722206116
ENSMUSG00000103409	0.018036052584648132	0.004429636523127556	0.007907000370323658	0.027009762823581696	-0.00603483198210597	-0.0033217081800103188	0.0029716494027525187	-0.08384016901254654	0.010464267805218697	0.035047248005867004	-0.018259216099977493	0.006852452177554369	0.014058670960366726	0.012220858596265316	0.006963155698031187	-0.012692349962890148	0.037897441536188126	0.039844952523708344	0.1205759346485138	0.18232399225234985	-0.006094804964959621	-0.027428345754742622
ENSMUSG00000025894	0.004600375425070524	0.014857706613838673	-0.0007664899458177388	0.03901724889874458	-0.02027028799057007	0.004732717759907246	0.0255911722779274	0.30676594376564026	-0.0015891051152721047	0.009562400169670582	-0.0035239362623542547	-0.025090331211686134	0.0054503376595675945	0.011791134253144264	0.009584618732333183	0.3340483009815216	0.007131057791411877	0.08173129707574844	0.0597701221704483	0.48958978056907654	-0.002185630612075329	0.3639817535877228
ENSMUSG00000066150	0.008786121383309364	0.021283671259880066	-0.003653197316452861	0.01419543381780386	-0.024675043299794197	0.007473000790923834	0.011862513609230518	0.2790422737598419	0.01662023365497589	0.013542416505515575	-0.01036681979894638	-0.023498503491282463	0.020347541198134422	0.011286052875220776	-0.020734982565045357	0.3299409747123718	0.005194803699851036	0.07769673317670822	0.0594293586909771	0.40820950269699097	-0.006389545276761055	0.381568044424057
ENSMUSG00000113011	-0.10803068429231644	-0.22050966322422028	-0.026485972106456757	-0.05192337557673454	-0.0328693650662899	-0.07932398468255997	0.025736751034855843	-0.1055631935596466	-0.04727441817522049	-0.22943781316280365	-0.01883648708462715	-0.014530365355312824	-0.013789267279207706	-0.02652907930314541	0.04801816865801811	-0.24066951870918274	-0.16050326824188232	-0.27358344197273254	0.2254774421453476	-0.6104251742362976	-0.00779779814183712	-0.41069161891937256
ENSMUSG00000106326	0.005264845676720142	0.0010185559513047338	-0.0013311104848980904	-0.034319404512643814	-0.0033507386688143015	-0.003206226509064436	-0.007071548141539097	-0.07009817659854889	-0.004242695868015289	0.02711775340139866	0.001313422922976315	0.010128234513103962	0.0013691404601559043	0.015138257294893265	-0.0003653811290860176	-0.16061042249202728	0.01349072065204382	-0.003855870570987463	-0.029441170394420624	-0.14860886335372925	-0.012012065388262272	-0.035201545804739
ENSMUSG00000079269	-0.10803068429231644	-0.22050966322422028	-0.026485972106456757	-0.05192337557673454	-0.0328693650662899	-0.07932398468255997	0.025736751034855843	-0.1055631935596466	-0.04727441817522049	-0.22943781316280365	-0.01883648708462715	-0.014530365355312824	-0.013789267279207706	-0.02652907930314541	0.04801816865801811	-0.24066951870918274	-0.16050326824188232	-0.27358344197273254	0.2254774421453476	-0.6104251742362976	-0.00779779814183712	-0.41069161891937256
ENSMUSG00000022425	0.017900647595524788	0.04861241206526756	0.009757197462022305	0.017254482954740524	-0.007486817426979542	0.005854958668351173	0.0002731686399783939	-0.017790116369724274	0.016409480944275856	0.04819381237030029	-0.008128808811306953	0.001853952300734818	0.0009025282342918217	0.016586050391197205	-0.010248733684420586	-0.011529343202710152	0.036067020148038864	0.04006917029619217	-0.0355452261865139	-0.008621365763247013	-0.004334535449743271	0.009557886980473995
ENSMUSG00000048655	0.013197701424360275	-0.004469348583370447	0.010244050063192844	0.008876743726432323	-0.0007386845536530018	-0.0030984843615442514	-0.0035455897450447083	-0.07058629393577576	0.00452450942248106	0.04630756005644798	-0.0010946266120299697	0.005590727552771568	1.9549963326426223e-05	0.01474783569574356	0.0006453031091950834	-0.04044194146990776	0.02697552740573883	-0.003312436630949378	-0.030460484325885773	0.01213187538087368	-0.008423784747719765	-0.043491180986166
ENSMUSG00000112609	-0.005614068359136581	-0.12083891779184341	-2.331301175217959e-06	-0.11966215074062347	0.006900184787809849	0.04741160571575165	-0.006529948674142361	-0.18315936625003815	-0.00416762987151742	-0.252806156873703	0.003720857435837388	-0.02781560644507408	0.005883785896003246	-0.09426901489496231	0.002248193835839629	-0.1601317971944809	0.013595586642622948	-0.2133444845676422	-0.037616755813360214	-0.7486829161643982	-0.0036133290268480778	-0.4806211590766907
ENSMUSG00000045273	0.011499693617224693	0.012840344570577145	-0.0006976425065658987	0.022212987765669823	-0.023474281653761864	0.005319784861057997	0.008417530916631222	0.2310934066772461	0.02003607340157032	0.017972325906157494	-0.014231706038117409	-0.014079242944717407	0.012426503002643585	0.012614012695848942	-0.02365538291633129	0.27391311526298523	0.006008148193359375	0.04562272131443024	0.04988536983728409	0.3513336479663849	-0.006115143187344074	0.3193548023700714
ENSMUSG00000087125	0.018979696556925774	0.03338776156306267	0.012146378867328167	0.010775773786008358	-0.004633251577615738	-0.0010515213944017887	-0.00026951826293952763	-0.05754958093166351	0.011553578078746796	0.049596093595027924	-0.009223666042089462	0.006211636122316122	-0.0003854027308989316	0.015073146671056747	-0.006202318239957094	-0.010800907388329506	0.03521503508090973	0.04327864944934845	-0.02070140652358532	0.034036580473184586	-0.006179637275636196	0.013385347090661526
ENSMUSG00000006715	0.00616582203656435	0.02128509432077408	-0.01112766470760107	0.03806686028838158	-0.02382628619670868	0.00698002940043807	0.032218825072050095	0.2507038712501526	0.022998647764325142	0.009535967372357845	-0.00840405747294426	-0.029829854145646095	0.02606332302093506	0.006709720939397812	-0.014454747550189495	0.28842219710350037	-0.00935356691479683	0.07464076578617096	0.07929188758134842	0.5227112174034119	0.006673059426248074	0.39759549498558044
ENSMUSG00000033610	0.009276380762457848	0.022559404373168945	0.0037720175459980965	0.026623213663697243	-0.023021776229143143	0.0024412565398961306	0.010179265402257442	0.22691501677036285	0.013344748876988888	0.01361015159636736	-0.01245842594653368	-0.025105010718107224	0.004995809402316809	0.016030142083764076	-0.027893032878637314	0.2671789824962616	0.015285901725292206	0.06731677800416946	0.009529763832688332	0.36749544739723206	-0.007664140313863754	0.21725402772426605
ENSMUSG00000094258	0.026847636327147484	0.036417704075574875	0.00709798326715827	0.019361119717359543	-0.008528142236173153	-0.0006717326468788087	-0.003132265992462635	-0.07448709011077881	0.011596748605370522	0.0421685129404068	-0.008538422174751759	0.008638090454041958	0.010881432332098484	-0.017100952565670013	0.00905301421880722	-0.04843522608280182	0.027125602588057518	-0.009024282917380333	-0.02820868231356144	-0.06077505275607109	-0.006875087507069111	-0.07707727700471878
ENSMUSG00000003418	0.007712176069617271	0.028908144682645798	0.0036819984670728445	0.01885492354631424	-0.01683666743338108	0.004363724961876869	0.004303718917071819	0.14542227983474731	0.009550906717777252	0.016329452395439148	-0.012877234257757664	-0.021474258974194527	0.001676135347224772	0.01830349490046501	-0.018710697069764137	0.23944014310836792	0.016668327152729034	0.03225696086883545	0.009840579703450203	0.1600576788187027	-0.006676667369902134	0.07524602115154266
ENSMUSG00000075145	0.01164502277970314	0.015685511752963066	-0.004168827552348375	0.011263340711593628	-0.0014419362414628267	-0.00210119248367846	-0.008677111007273197	-0.10777081549167633	-0.005090868100523949	0.005295464303344488	0.0004977119970135391	0.009944308549165726	0.011420055292546749	0.0011081964476034045	0.0005564921302720904	-0.04061812534928322	-0.0021235886961221695	0.02097644843161106	-0.025183100253343582	-0.16824106872081757	-0.0055424803867936134	-0.03443256765604019
ENSMUSG00000101869	0.020393837243318558	0.03587893024086952	0.012325980700552464	0.022879982367157936	-0.003361852141097188	-0.0028148049023002386	-0.005445061717182398	-0.061483077704906464	0.005520647391676903	0.046176668256521225	-0.008608916774392128	0.010393494740128517	-0.0026849666610360146	0.01617511920630932	-0.001854068599641323	-0.0426204688847065	0.030508648604154587	0.032205138355493546	-0.017624421045184135	-0.04166388511657715	-0.00752223189920187	-0.05878175422549248
ENSMUSG00000014303	0.0075956666842103004	0.016708945855498314	-0.005819380283355713	0.026254303753376007	-0.02291935496032238	-0.0001632608036743477	0.024307958781719208	0.25916779041290283	0.02120199240744114	0.009859180077910423	-0.013622576370835304	-0.02818223088979721	0.01839933916926384	0.011052695102989674	-0.03847137838602066	0.2533244490623474	0.0015880304854363203	0.07712295651435852	0.06290289759635925	0.3897063136100769	0.00024976691929623485	0.2634473443031311
ENSMUSG00000002428	0.005127617623656988	0.012188001535832882	0.00116785301361233	0.02784598618745804	-0.017953146249055862	0.010791264474391937	-0.00022958782210480422	0.24268804490566254	0.0061718253418803215	0.006719404365867376	-0.009480081498622894	-0.020755905658006668	0.0077519649639725685	0.012326100841164589	-0.01602901890873909	0.3072719871997833	0.007397386245429516	0.049361418932676315	0.022990651428699493	0.48561713099479675	-0.006653779186308384	0.2288607656955719
ENSMUSG00000024498	0.006020298693329096	0.010639691725373268	0.00036224620998837054	0.03412603959441185	-0.029017116874456406	0.005289016757160425	0.022870080545544624	0.25500422716140747	0.008848828263580799	0.008147765882313251	-0.015115350484848022	-0.027352800592780113	0.019340408965945244	0.013464068993926048	-0.017984600737690926	0.30947357416152954	0.006360864732414484	0.07236877083778381	0.05135723203420639	0.40656808018684387	-0.00409823190420866	0.3842930197715759
ENSMUSG00000028760	0.01092732883989811	0.023152539506554604	0.003173686331138015	0.02160787023603916	-0.018091073259711266	0.0035550708416849375	0.007086611352860928	0.20210979878902435	0.015573259443044662	0.016178248450160027	-0.017421631142497063	-0.024190198630094528	0.008408863097429276	0.01628117822110653	-0.026714187115430832	0.2534126043319702	0.01853075437247753	0.05300312116742134	0.026299528777599335	0.2556553781032562	-0.007033530622720718	0.2420022189617157
ENSMUSG00000020863	0.005354107823222876	0.0170383770018816	-0.009824207983911037	0.03704347461462021	-0.023387456312775612	0.008542654104530811	0.038318026810884476	0.265783429145813	0.022502422332763672	0.008533463813364506	-0.00703173503279686	-0.025312643498182297	0.029571030288934708	0.004042130894958973	-0.027610573917627335	0.26750096678733826	-0.014384487643837929	0.058141279965639114	0.052349139004945755	0.5985013842582703	0.007548785302788019	0.46069884300231934
ENSMUSG00000089894	0.02193254977464676	0.0352153480052948	0.005799205973744392	0.009008572436869144	-0.0034384694881737232	-0.0033780026715248823	-0.014234659262001514	-0.029632816091179848	0.003624040400609374	0.04173630103468895	-0.030974676832556725	0.015394700691103935	-0.002937836106866598	0.008207187987864017	-0.015834765508770943	-0.027974987402558327	0.0323459729552269	0.04035278782248497	-0.011848838068544865	-0.03511060029268265	-0.003267612075433135	-0.06192880496382713
ENSMUSG00000066516	0.009645751677453518	0.03357436880469322	0.02176898904144764	0.008940505795180798	0.0006002543377690017	-0.0016166563145816326	-0.0037383968010544777	-0.0731634721159935	0.006511359009891748	-0.003975138999521732	0.004457767587155104	0.009027117863297462	-0.0007300422294065356	0.0023060268722474575	-0.010023016482591629	-0.003249939763918519	0.04031587764620781	0.028573043644428253	-0.04730856418609619	-0.20433993637561798	-0.008219118230044842	-0.09748350828886032
ENSMUSG00000121513	0.008118342608213425	0.018822675570845604	-0.00048233865527436137	0.030783213675022125	-0.019874021410942078	0.011180604808032513	0.010455876588821411	0.30004796385765076	0.01385386660695076	0.012386184185743332	-0.009488314390182495	-0.020505081862211227	0.013276313431560993	0.012057009153068066	-0.026168908923864365	0.30050012469291687	0.004635420627892017	0.07392317801713943	0.026991017162799835	0.4955328106880188	-0.0071329097263514996	0.3059038817882538
ENSMUSG00000024030	0.011512203142046928	0.02975981868803501	0.0015796999214217067	0.019388046115636826	-0.01400041300803423	-5.753865480073728e-05	0.010655331425368786	0.17057958245277405	0.01730194501578808	0.01762421615421772	-0.012845209799706936	-0.021517284214496613	0.012779423035681248	0.014303377829492092	-0.03103138692677021	0.2174033224582672	0.015040985308587551	0.05835151672363281	0.057873740792274475	0.3041018843650818	-0.004401944577693939	0.22071604430675507
ENSMUSG00000109506	0.014346015639603138	0.020741717889904976	0.0038188835605978966	-0.008816600777208805	-0.005172580014914274	-0.00019335422257427126	-0.006968708708882332	-0.059186968952417374	0.007964064367115498	0.029935354366898537	-0.0036031166091561317	0.008852189406752586	0.0040826937183737755	0.002753408858552575	-0.0025216490030288696	-0.029134612530469894	0.02542392909526825	-0.0051652612164616585	-0.035543572157621384	-0.09481577575206757	-0.006932602729648352	-0.04674755409359932
ENSMUSG00000107582	0.01786733977496624	0.023031560704112053	0.0015897350385785103	0.016352089121937752	-0.00721393758431077	0.0005395982298068702	-0.0056342207826673985	-0.0485650971531868	0.0031908119563013315	0.030262742191553116	-0.0015007928013801575	0.010007801465690136	0.006973047275096178	0.010324770584702492	-0.0020180256105959415	-0.11462198197841644	0.021616537123918533	0.044440507888793945	-0.018274743109941483	-0.10624640434980392	-0.008627327159047127	-0.05481283739209175
ENSMUSG00000049907	0.009192791767418385	0.015441699884831905	0.003023992758244276	0.029159024357795715	-0.01708385907113552	0.0036170666571706533	0.016947858035564423	0.2447744905948639	0.011417062021791935	0.013967926613986492	-0.0035725499037653208	-0.03440751135349274	0.0030608312226831913	0.01756960339844227	0.025491030886769295	0.29661762714385986	0.017795071005821228	0.05734885856509209	0.058606985956430435	0.2649610638618469	-0.006368882488459349	0.27772730588912964
ENSMUSG00000032372	0.007599034812301397	0.02743762731552124	-0.0024005782324820757	0.012402743101119995	-0.004981295671314001	0.0015191769925877452	-0.01226018462330103	-0.06019321084022522	-0.0028570187278091908	0.03430463746190071	0.0021409348119050264	0.0072973258793354034	0.00015832197095733136	0.017662858590483665	-0.005610636901110411	0.06600549817085266	0.0037843757309019566	0.020227067172527313	-0.01560098398476839	-0.040307704359292984	-0.0049684722907841206	-0.017368962988257408
ENSMUSG00000040284	-0.017740953713655472	0.006990339141339064	0.005777688696980476	-0.004280939232558012	0.005730663426220417	-0.0036805402487516403	-0.006859489716589451	-0.05758793652057648	-0.012923658825457096	0.01350988820195198	0.05316541716456413	0.005886401981115341	0.0026616728864610195	-0.03680659830570221	0.0051835994236171246	-0.15159210562705994	0.014121136628091335	-0.019269905984401703	-0.05045685917139053	-0.0728396624326706	-0.01056798454374075	-0.05041124299168587
ENSMUSG00000037638	0.0117756687104702	0.019930345937609673	0.006541254930198193	0.011564821004867554	-0.014143325388431549	0.0014566299505531788	0.013281996361911297	0.1839308738708496	0.022225063294172287	0.013923577032983303	-0.009794042445719242	-0.025573303923010826	-0.0014287345111370087	0.016536593437194824	-0.016266748309135437	0.2020103484392166	0.023077573627233505	0.04721936583518982	-0.01744729094207287	0.2183898687362671	-0.007576618809252977	0.21819625794887543
ENSMUSG00000107408	0.00813981518149376	0.009470444172620773	0.004126043524593115	0.017898302525281906	-0.005342434160411358	-0.00383256608620286	-0.0029565172735601664	-0.13351117074489594	0.0025078337639570236	0.03098209574818611	-0.0014076880179345608	0.014400064945220947	0.0009442172013223171	0.011865390464663506	0.005191200878471136	-0.035869110375642776	0.033768948167562485	0.0014822791563346982	-0.02214595302939415	-0.036321498453617096	-0.010249325074255466	-0.09802746772766113
ENSMUSG00000030064	0.009143739007413387	0.022212324663996696	0.0038053581956773996	0.01999950222671032	-0.01678520254790783	0.006304062437266111	0.0046554370783269405	0.22550351917743683	0.009447166696190834	0.01624869927763939	-0.014165283180773258	-0.029466187581419945	0.005652787629514933	0.019319340586662292	-0.02205531671643257	0.285863995552063	0.018830973654985428	0.04968925565481186	0.0006839356501586735	0.18019020557403564	-0.007144544273614883	0.16095277667045593
ENSMUSG00000101608	0.0036494010128080845	0.049902863800525665	-0.007892150431871414	0.01941165141761303	0.004464414902031422	-0.0005265172803774476	-0.010155216790735722	-0.10282029956579208	-0.020404629409313202	0.05663884058594704	0.007827609777450562	0.007685048505663872	0.009330195374786854	0.0042822835966944695	-0.006667626556009054	-0.06678027659654617	-0.01216866634786129	0.013409201987087727	-0.0595427043735981	-0.0379984974861145	-0.006977556273341179	-0.05415661260485649
ENSMUSG00000038970	0.009196734987199306	0.017173029482364655	-0.001927599310874939	0.02462991513311863	-0.01964077539741993	0.005458849482238293	0.013066560961306095	0.23203378915786743	0.01588211953639984	0.012238440103828907	-0.014604288153350353	-0.029686717316508293	0.013322880491614342	0.01498446799814701	-0.027285074815154076	0.31834864616394043	0.008102374151349068	0.07224436104297638	0.03312180936336517	0.3609349727630615	-0.006763473153114319	0.39110350608825684
ENSMUSG00000117238	0.01874348521232605	0.011242767795920372	0.0002287354291183874	0.020273707807064056	-0.004343931097537279	-9.824349399423227e-05	-0.006685190834105015	-0.0937371626496315	0.002029891824349761	0.0419948436319828	-0.0007226908928714693	0.011122453957796097	0.0022299299016594887	-0.0028737476095557213	-0.0028659894596785307	-0.06819228827953339	0.0219054464250803	0.02237819880247116	-0.04310181736946106	-0.14069239795207977	-0.006499089766293764	-0.08907927572727203
ENSMUSG00000112060	0.0005651283427141607	0.03117203526198864	0.0020071202889084816	0.005189389456063509	-0.0007966418052092195	0.00032303165062330663	-0.018980782479047775	-0.15801264345645905	-0.0018693167949095368	0.027503805235028267	0.011066908948123455	0.007747228257358074	-0.0013749556383118033	-0.007246383465826511	0.06608524173498154	-0.1394718587398529	-0.011885975487530231	0.044116731733083725	-0.041311755776405334	-0.14702031016349792	-0.004501854535192251	-0.09236997365951538
ENSMUSG00000094714	-0.026287956163287163	-0.018214428797364235	-0.01601514406502247	0.0035061498638242483	0.007332894951105118	-0.0028946995735168457	-0.012765333987772465	-0.0935044214129448	-0.016224049031734467	-0.002393616596236825	0.005553524475544691	0.008077339269220829	-0.008558457717299461	0.003318623872473836	0.00256298016756773	-0.07391729950904846	-0.02940203621983528	-0.008382017724215984	-0.03616313263773918	-0.1162867471575737	-0.008177828043699265	-0.17272111773490906
ENSMUSG00000108811	0.02259056270122528	0.03412846848368645	0.0024491562508046627	0.03466235473752022	0.0009333983180113137	-0.0022382300812751055	-0.0033345704432576895	-0.04295103996992111	0.005163243040442467	0.06321273744106293	0.0023561762645840645	0.010878527536988258	0.004357493482530117	-0.0057359300553798676	0.008780969306826591	-0.09365483373403549	0.016853267326951027	0.04558759555220604	-0.04557851701974869	-0.17855192720890045	-0.006203514989465475	-0.07238925248384476
ENSMUSG00000002240	0.007480157073587179	0.01250852458178997	-0.0027865611482411623	0.013597998768091202	-0.0028956085443496704	-0.002030264586210251	-0.006730042863637209	-0.08038578927516937	-0.006149745546281338	0.050213608890771866	-0.0014084536815062165	0.010020153596997261	0.002398537937551737	0.00298321433365345	-0.002007579430937767	-0.0320250429213047	0.009382260031998158	-0.004901163745671511	-0.03053354285657406	-0.10190589725971222	-0.0068461112678050995	-0.06614910066127777
ENSMUSG00000118314	0.02437158115208149	0.047351207584142685	0.01051164511591196	0.01740390434861183	-0.004012451972812414	0.005729117430746555	0.001414063386619091	-0.012984138913452625	0.014937316067516804	0.056834444403648376	-0.014552772976458073	0.012303913943469524	0.002570338314399123	0.008048796094954014	-0.010715833865106106	-0.026474080979824066	0.03959113731980324	0.04245738685131073	-0.002677120501175523	-0.017633449286222458	-0.0028650108724832535	-0.03324403613805771
ENSMUSG00000006464	0.013511139899492264	0.03106081299483776	0.000889288610778749	0.0027378741651773453	-0.016413971781730652	0.006956742610782385	0.009729001671075821	0.10332892090082169	0.02234625816345215	0.02529332786798477	-0.015024198219180107	-0.01604943908751011	0.011217446066439152	0.014310735277831554	-0.027957390993833542	0.16770458221435547	0.020478639751672745	0.018543781712651253	0.09324527531862259	0.21068395674228668	0.0022379036527127028	0.16489055752754211
ENSMUSG00000106153	0.0225544236600399	0.04351761192083359	0.008629269897937775	0.034644339233636856	-0.012420637533068657	-0.0011777107138186693	-0.00045694358414039016	-0.08689066767692566	0.017971303313970566	0.04309346154332161	-0.028761710971593857	0.0066232322715222836	0.007457456551492214	0.015560736879706383	-0.004612227436155081	0.045291878283023834	0.03846558928489685	0.04624339938163757	0.037469372153282166	-0.014737404882907867	-0.005598932504653931	-0.03840659186244011
ENSMUSG00000099384	0.027056606486439705	0.021812481805682182	0.005165812559425831	0.018024906516075134	-0.003366034245118499	-0.0036357876379042864	-0.0018378262175247073	-0.06535252928733826	0.008193012326955795	0.02398502267897129	-0.002414141781628132	0.0073776450008153915	0.0075227320194244385	0.0065774936228990555	0.015075521543622017	-0.05712209641933441	0.051604241132736206	0.048178791999816895	0.018779505044221878	-0.1046309769153595	-0.008686600252985954	-0.0633932575583458
ENSMUSG00000003778	0.007907840423285961	0.02041076496243477	-0.0048943511210381985	0.0369890034198761	-0.02070557326078415	0.010973361320793629	0.016849152743816376	0.3058598041534424	0.018333621323108673	0.011788022704422474	-0.005991075653582811	-0.01988564245402813	0.024372970685362816	0.009128665551543236	-0.01567755825817585	0.33316630125045776	-0.003180018626153469	0.0963381975889206	0.056566186249256134	0.5309863090515137	-0.0033629313111305237	0.435326486825943
ENSMUSG00000031700	0.010274027474224567	0.025074636563658714	-0.002394544892013073	0.02230280078947544	-0.019926177337765694	0.008136535063385963	0.012764457613229752	0.2135682851076126	0.02153826877474785	0.013153939507901669	-0.014964195899665356	-0.02274424396455288	0.017156919464468956	0.011464158073067665	-0.03475966677069664	0.25314682722091675	0.006057796999812126	0.049430083483457565	0.05205928161740303	0.4387626349925995	-0.0020955097861588	0.2524334788322449
ENSMUSG00000086769	0.011569347232580185	0.02620685286819935	0.004262009635567665	0.009638396091759205	-0.010459967888891697	0.005974430590867996	0.009241905994713306	0.12196796387434006	0.019498776644468307	0.0160825215280056	-0.010084436275064945	-0.01343139261007309	0.012444619089365005	0.010676378384232521	-0.02450169064104557	0.025279035791754723	0.019837016239762306	0.03268878161907196	0.0249366145581007	0.3107496201992035	-0.005179470404982567	0.25596198439598083
ENSMUSG00000041959	0.007802827749401331	0.026169095188379288	-0.0027571574319154024	0.021823573857545853	-0.01725148595869541	0.0101972296833992	0.019952014088630676	0.18692629039287567	0.019414830952882767	0.01582556776702404	-0.009360836818814278	-0.02324044518172741	0.013511484488844872	0.009807336144149303	-0.018490726128220558	0.25609707832336426	0.00431220605969429	0.06325390934944153	0.08265060186386108	0.4773792624473572	0.0029354530852288008	0.19807088375091553
ENSMUSG00000101913	-0.10803068429231644	-0.22050966322422028	-0.026485972106456757	-0.05192337557673454	-0.0328693650662899	-0.07932398468255997	0.025736751034855843	-0.1055631935596466	-0.04727441817522049	-0.22943781316280365	-0.01883648708462715	-0.014530365355312824	-0.013789267279207706	-0.02652907930314541	0.04801816865801811	-0.24066951870918274	-0.16050326824188232	-0.27358344197273254	0.2254774421453476	-0.6104251742362976	-0.00779779814183712	-0.41069161891937256
ENSMUSG00000087428	-0.004435163922607899	0.015988139435648918	-0.004109708592295647	-0.018478751182556152	0.007320336531847715	-0.0054418849758803844	-0.006657553371042013	-0.08197429031133652	-0.014318249188363552	-0.0036876581143587828	0.004806585609912872	0.009701444767415524	-0.0035870482679456472	-0.001697787083685398	-0.0010328968055546284	-0.07161640375852585	-0.009359277784824371	0.003764403983950615	-0.06447763741016388	-0.22029490768909454	-0.00925630796700716	-0.07556135952472687
ENSMUSG00000121364	0.0019145633559674025	-0.0016203728737309575	0.0026144245639443398	-0.02456008456647396	-0.004603593610227108	-0.005031662993133068	-0.008266519755125046	-0.09079397469758987	-0.005406008567661047	0.016487007960677147	0.0025973713491111994	0.01027013175189495	0.0058522610925138	0.016134200617671013	-0.01131102442741394	-0.1809866577386856	-0.005115504376590252	-0.01525887567549944	-0.018579037860035896	-0.03523064777255058	-0.01296868547797203	-0.05439230799674988
ENSMUSG00000087043	0.0033840141259133816	0.013040471822023392	-0.0009939302690327168	-0.0055615706369280815	-0.002016352489590645	-0.007036370225250721	-0.006074520293623209	-0.060949940234422684	-0.005643592681735754	0.004218338988721371	0.002983292331919074	0.009908458217978477	-0.0016884536016732454	0.016046660020947456	-0.003998736385256052	-0.16429881751537323	0.010185640305280685	-0.01550693903118372	-0.03541766107082367	-0.11406631767749786	-0.010415437631309032	-0.051036957651376724
ENSMUSG00000103050	0.018645264208316803	-0.0027812013868242502	-0.001024820958264172	0.006476089358329773	-0.0028193506877869368	-0.0014488010201603174	-0.009283756837248802	-0.07307416200637817	0.0025436438154429197	0.029253730550408363	0.010401083156466484	0.026390450075268745	-0.0012328751618042588	0.0006815490778535604	-0.0012999136233702302	-0.09352165460586548	-0.005013804417103529	0.012197297997772694	-0.04523945972323418	-0.11299847811460495	-0.00852977391332388	-0.10954935848712921
ENSMUSG00000046034	0.009147892706096172	0.020952945575118065	0.0012188924010843039	0.02421947568655014	-0.017717912793159485	0.007594732102006674	0.011187711730599403	0.2507961094379425	0.0189137514680624	0.013691532425582409	-0.006805626209825277	-0.021801678463816643	0.012722386978566647	0.014831235632300377	-0.023150021210312843	0.28383922576904297	0.010201595723628998	0.07049121707677841	0.013255269266664982	0.4009186029434204	-0.007579871453344822	0.3168046474456787
ENSMUSG00000118341	0.026666054502129555	0.04699563980102539	0.009028447791934013	0.021187322214245796	-0.009350216016173363	0.004857337102293968	-7.075427129166201e-05	-0.04987212270498276	0.01701442338526249	0.048954907804727554	-0.01438906416296959	-0.0026574847288429737	0.004384439904242754	0.015127723105251789	-0.00820091925561428	0.018289146944880486	0.034398507326841354	0.04652586579322815	0.05302422493696213	-0.02613077126443386	-0.0014751293929293752	0.005575333721935749
ENSMUSG00000015305	0.007122243754565716	0.023446040228009224	-0.0010742881568148732	0.023924987763166428	-0.015505255199968815	0.008836539462208748	0.014284243807196617	0.2562509775161743	0.011821062304079533	0.012322807684540749	-0.010578947141766548	-0.022188127040863037	0.008980187587440014	0.012028336524963379	-0.02552220970392227	0.2683439552783966	0.006269647274166346	0.04965575039386749	0.0337786041200161	0.4272060692310333	-0.006199629977345467	0.3242335915565491
ENSMUSG00000029310	0.00875434372574091	0.021261872723698616	-0.003207957837730646	0.028718268498778343	-0.024215372279286385	0.00973338820040226	0.012000245042145252	0.27263203263282776	0.019553683698177338	0.01259154174476862	-0.010719643905758858	-0.020349444821476936	0.013400141149759293	0.012455984018743038	-0.027471043169498444	0.3086320757865906	0.0030798641964793205	0.058574218302965164	0.02724195457994938	0.42836299538612366	-0.0067561035975813866	0.41025424003601074
ENSMUSG00000032489	0.01805264502763748	-0.03808286041021347	-0.0014880351955071092	-0.02141544409096241	-0.00475325295701623	-0.0055790189653635025	-0.009418841451406479	-0.01935332827270031	0.009086279198527336	-0.05113248527050018	-0.011141781695187092	0.0470387302339077	0.004019273445010185	-0.013013732619583607	-0.00035081981332041323	-0.08425289392471313	0.038752730935811996	-0.08613359183073044	-0.01664656214416027	-0.3738475441932678	-0.00819995068013668	-0.22258248925209045
ENSMUSG00000090907	0.011189323849976063	0.014342262409627438	0.0006330550531856716	0.020482974126935005	0.003894880646839738	-0.0024494680110365152	0.008439470082521439	0.16749876737594604	0.014278569258749485	0.015701884403824806	-0.008833394385874271	-0.0230411347001791	0.003421260742470622	0.01762114092707634	-0.02681182138621807	0.17887306213378906	0.01347082108259201	0.06000949814915657	-0.012475545518100262	0.012216509319841862	-0.007112505380064249	0.10490839183330536
ENSMUSG00000086020	0.015626734122633934	0.03827539086341858	0.00611043581739068	0.0067053078673779964	-0.002851697616279125	-0.0015980815514922142	-0.005097785498946905	-0.05566389858722687	0.010671586729586124	0.019377179443836212	-0.0032222033478319645	0.0035362758208066225	0.0012667683186009526	0.004655543714761734	-0.007913597859442234	0.005172473378479481	0.0250876285135746	0.03190764784812927	-0.03788938373327255	-0.14448735117912292	-0.005774295888841152	-0.09753642231225967
ENSMUSG00000107785	0.01963595114648342	0.03664161264896393	0.0077629536390304565	0.007063349708914757	-0.0037306908052414656	-0.0029994421638548374	-0.0071569872088730335	-0.07325734943151474	0.005646532867103815	0.03720847889780998	-0.006528428290039301	0.011354409158229828	0.0023944943677634	0.006868576630949974	-0.0018769791349768639	-0.016629863530397415	0.028590787202119827	0.018387703225016594	-0.02285168133676052	-0.02747364714741707	-0.00743597699329257	-0.042891353368759155
ENSMUSG00000085111	0.019786620512604713	0.004716367926448584	-0.027365878224372864	0.017441947013139725	-0.012394048273563385	0.0013642632402479649	-0.024793656542897224	0.07290610671043396	0.03603784367442131	0.02768085151910782	-0.026491735130548477	-0.02385607548058033	0.023968009278178215	0.015693534165620804	-0.08036187291145325	0.07717772573232651	0.019521301612257957	0.03881894052028656	0.136021226644516	0.19240735471248627	0.05452977493405342	0.1382618397474289
ENSMUSG00000020658	0.010751552879810333	0.022120842710137367	0.005162212997674942	0.007838109508156776	-0.015681710094213486	0.005904363468289375	0.006888640578836203	0.17096874117851257	0.014543434605002403	0.013809467665851116	-0.015629857778549194	-0.015966400504112244	0.0032523542176932096	0.017016883939504623	-0.025480911135673523	0.17445483803749084	0.025540292263031006	0.06155843660235405	0.014058533124625683	0.01569642871618271	-0.0060745058581233025	0.14434170722961426
ENSMUSG00000005417	0.011166559532284737	0.027273064479231834	0.003865147940814495	0.017117254436016083	-0.018554385751485825	0.00440119206905365	0.0032158163376152515	0.21077346801757812	0.013870562426745892	0.01830405928194523	-0.019312536343932152	-0.03237337991595268	0.005362419877201319	0.019158033654093742	-0.0257344301789999	0.2668864130973816	0.021168166771531105	0.05484004318714142	0.017108822241425514	0.06767043471336365	-0.006569325923919678	0.2150292843580246
ENSMUSG00000073966	0.0017540359403938055	0.013068732805550098	-0.0031569302082061768	-0.00027427825261838734	-0.010638237930834293	-0.004388741683214903	-0.007457398809492588	-0.06192877143621445	-0.00419108010828495	0.012900756672024727	0.0033803763799369335	0.01051569078117609	0.0032784240320324898	0.0001309542712988332	-0.0026613352820277214	-0.1801411509513855	0.011335301212966442	0.021510176360607147	-0.035088494420051575	-0.01984807476401329	-0.009594143368303776	-0.043215494602918625
ENSMUSG00000025487	0.011056436225771904	0.018861696124076843	-0.001080191694200039	0.01134760957211256	-0.016430828720331192	0.01050844881683588	0.011832218617200851	0.27142250537872314	0.01815120130777359	0.01346649881452322	-0.012177822180092335	-0.01906496286392212	0.008219030685722828	0.012409130111336708	-0.02467517927289009	0.3160279393196106	0.005560828372836113	0.0711006298661232	0.0361827053129673	0.3922497630119324	-0.0073985145427286625	0.3252197504043579
ENSMUSG00000029097	0.009245488792657852	0.02426491491496563	-0.004347544629126787	0.036766063421964645	-0.014021067880094051	0.012805101461708546	0.007372082676738501	0.23947519063949585	0.02090355195105076	0.015542455017566681	-0.0010768560459837317	-0.010800480842590332	0.020476603880524635	0.0051103918813169	-0.03366222605109215	0.275471568107605	-0.011076390743255615	0.07011010497808456	0.040966834872961044	0.5762710571289062	-0.004222620278596878	0.3497002422809601
ENSMUSG00000112342	0.024075187742710114	0.02787214331328869	0.0144868278875947	-0.003146005794405937	0.004095958545804024	-0.0048108287155628204	-0.033174362033605576	-0.10087765753269196	0.0036354055628180504	0.017892595380544662	0.07173086702823639	0.003484909189864993	-0.006893303245306015	-0.005842006765305996	0.07050809264183044	-0.14714747667312622	0.09243802726268768	0.029209453612565994	-0.036585140973329544	-0.08177022635936737	-0.007474468555301428	-0.025191955268383026
ENSMUSG00000096753	0.026890309527516365	0.015895672142505646	0.009851853363215923	0.025498047471046448	-0.0039015563670545816	-0.002724503632634878	-0.015390757471323013	-0.05343702435493469	0.00615496514365077	0.024877548217773438	-0.011918311007320881	0.0033712468575686216	-0.00011839189392048866	0.00940442830324173	-0.006949326954782009	-0.04498571902513504	0.04087190330028534	0.032237458974123	0.014106870628893375	-0.006224995944648981	-0.006030254531651735	-0.05534012243151665
ENSMUSG00000021501	0.011306028813123703	0.019929271191358566	0.0007458619074895978	0.026369424536824226	-0.027939243242144585	0.007820261642336845	0.003382973140105605	0.26763224601745605	0.014833658002316952	0.011089789681136608	-0.0077940537594258785	-0.020525138825178146	0.006035299506038427	0.01489165797829628	-0.008540884591639042	0.3063598573207855	0.011841969564557076	0.061432529240846634	0.034987758845090866	0.31794896721839905	-0.008722961880266666	0.38088950514793396
ENSMUSG00000101531	-0.10803068429231644	-0.22050966322422028	-0.026485972106456757	-0.05192337557673454	-0.0328693650662899	-0.07932398468255997	0.025736751034855843	-0.1055631935596466	-0.04727441817522049	-0.22943781316280365	-0.01883648708462715	-0.014530365355312824	-0.013789267279207706	-0.02652907930314541	0.04801816865801811	-0.24066951870918274	-0.16050326824188232	-0.27358344197273254	0.2254774421453476	-0.6104251742362976	-0.00779779814183712	-0.41069161891937256
ENSMUSG00000101470	-0.10803068429231644	-0.22050966322422028	-0.026485972106456757	-0.05192337557673454	-0.0328693650662899	-0.07932398468255997	0.025736751034855843	-0.1055631935596466	-0.04727441817522049	-0.22943781316280365	-0.01883648708462715	-0.014530365355312824	-0.013789267279207706	-0.02652907930314541	0.04801816865801811	-0.24066951870918274	-0.16050326824188232	-0.27358344197273254	0.2254774421453476	-0.6104251742362976	-0.00779779814183712	-0.41069161891937256
ENSMUSG00000092035	0.004686945583671331	0.022392718121409416	-0.006695401854813099	0.038372159004211426	-0.01381217036396265	0.004859963431954384	0.03807626664638519	0.17551492154598236	0.02103189378976822	0.010016816668212414	-0.004885957110673189	-0.023688435554504395	0.025342922657728195	0.005740553140640259	-0.030451886355876923	0.24385689198970795	-0.012386960908770561	0.039457496255636215	0.08486104756593704	0.48421353101730347	0.018900340422987938	0.26920756697654724
ENSMUSG00000021294	0.009134717285633087	0.015155082568526268	-0.0015260783256962895	0.01350327767431736	-0.017545128241181374	0.0033369320444762707	0.013811971992254257	0.2191547453403473	0.015171343460679054	0.011732510291039944	-0.016407931223511696	-0.02481122314929962	0.012820929288864136	0.013568077236413956	-0.03619999811053276	0.2641049921512604	0.009664937853813171	0.052822958678007126	0.025878392159938812	0.3102355897426605	-0.005339026916772127	0.27817946672439575
ENSMUSG00000003644	0.00890654418617487	0.02274986542761326	-0.006282535381615162	0.020917430520057678	-0.01923152059316635	0.00827784277498722	0.01745886169373989	0.2511650025844574	0.022610504180192947	0.013917159289121628	-0.010811316780745983	-0.02349802292883396	0.020270833745598793	0.009493238292634487	-0.03640788421034813	0.2891162037849426	-0.003053884021937847	0.04753264784812927	0.04203524440526962	0.4842757284641266	-0.001033326960168779	0.3352450132369995
ENSMUSG00000102780	-0.009495118632912636	-0.016172334551811218	0.011140428483486176	-0.07652188092470169	-0.014579080045223236	-0.00452965684235096	-0.010574085637927055	-0.08639495819807053	0.003588120685890317	-0.005050402134656906	0.00554321426898241	0.015535443089902401	-0.003006148384884	0.015887249261140823	-0.0023469559382647276	-0.2072286456823349	-0.016602594405412674	-0.007334887981414795	0.03205646947026253	0.03400387242436409	-0.012809899635612965	2.127341940649785e-05
ENSMUSG00000115627	0.000781046983320266	0.003764669643715024	-5.6814522395143285e-05	0.0041902861557900906	0.012243987061083317	-0.002452790504321456	0.026599282398819923	0.1899183839559555	-0.013813662342727184	0.006002036388963461	0.004828052129596472	-0.0023515818174928427	0.0026705570053309202	0.012156819924712181	-0.015190877951681614	0.17116153240203857	0.008900499902665615	0.011088231578469276	0.023524386808276176	0.2434728741645813	0.0004274398961570114	0.1373266726732254
ENSMUSG00000103932	0.008345048874616623	0.018725281581282616	-0.0018306554993614554	-0.11786334216594696	0.001510092057287693	-0.0006376621895469725	-0.010077904909849167	-0.09831929206848145	0.00441317493095994	-0.017581205815076828	0.0022429670207202435	0.012657832354307175	0.011907866224646568	-0.0010872888378798962	-0.004071515053510666	-0.2405145764350891	-0.009654412977397442	-0.09153055399656296	-0.03758182004094124	-0.1338171362876892	-0.009660170413553715	-0.0504564605653286
ENSMUSG00000034706	0.014492468908429146	0.019596707075834274	0.0037557133473455906	0.019283244386315346	-0.010253897868096828	0.007388751022517681	0.012850293889641762	0.0574541836977005	0.01473232265561819	0.02213924191892147	-0.014481800608336926	0.0013365839840844274	0.00658451858907938	0.014673604629933834	-0.0301456768065691	0.10893195867538452	0.02646697126328945	0.03786807507276535	0.020182088017463684	0.20536109805107117	0.0020903090480715036	0.09246355295181274
ENSMUSG00000114980	0.013569490052759647	0.025481022894382477	0.007432724814862013	0.01673215813934803	-0.0073734428733587265	0.0032245423644781113	0.0018614563159644604	-0.005653641186654568	0.012483361177146435	0.01775295101106167	-0.009116783738136292	0.003575942013412714	0.00043796011595986784	0.014063271693885326	-0.01558325532823801	0.022456331178545952	0.030316583812236786	0.04192130267620087	-0.011904248036444187	-0.041113339364528656	-0.004536889959126711	-0.05104321613907814
ENSMUSG00000073563	0.005401828791946173	0.017978938296437263	0.001454253331758082	0.02533939853310585	-0.019450241699814796	0.0045246705412864685	0.009214353747665882	0.2571651041507721	0.0005317002651281655	0.009137935936450958	-0.009569155983626842	-0.0274545606225729	0.007792435120791197	0.014838253147900105	-0.01056889072060585	0.34151244163513184	0.008813409134745598	0.04970956966280937	0.013645093888044357	0.40369167923927307	-0.0075529287569224834	0.32847368717193604
ENSMUSG00000092490	-0.10803068429231644	-0.22050966322422028	-0.026485972106456757	-0.05192337557673454	-0.0328693650662899	-0.07932398468255997	0.025736751034855843	-0.1055631935596466	-0.04727441817522049	-0.22943781316280365	-0.01883648708462715	-0.014530365355312824	-0.013789267279207706	-0.02652907930314541	0.04801816865801811	-0.24066951870918274	-0.16050326824188232	-0.27358344197273254	0.2254774421453476	-0.6104251742362976	-0.00779779814183712	-0.41069161891937256
ENSMUSG00000071679	-0.003929659258574247	-0.10103221982717514	0.0031431145034730434	-0.017904696986079216	0.0034409700892865658	0.002341916784644127	-0.010735206305980682	-0.04684726148843765	-0.013372169807553291	-0.06451308727264404	0.006843918934464455	0.08277773857116699	-0.006953420117497444	-0.01680140383541584	0.0013501112116500735	-0.11667881906032562	-0.0014911096077412367	-0.06083058938384056	-0.053638242185115814	-0.5868589878082275	-0.019613347947597504	-0.452840656042099
ENSMUSG00000015365	0.015546616166830063	0.03621156886219978	0.008384638465940952	0.01301010325551033	-0.017430631443858147	0.009421170689165592	0.0009951911633834243	0.027100563049316406	0.018476925790309906	0.031198738142848015	-0.01648734137415886	-0.01073539163917303	0.006621876265853643	0.019554482772946358	-0.022060682997107506	0.13175953924655914	0.032899487763643265	0.03476632758975029	-0.00435130437836051	0.0744713544845581	-0.0038250023499131203	0.14518828690052032
ENSMUSG00000107989	0.03454146161675453	0.035385843366384506	0.03936675190925598	0.007957007735967636	-0.0026004347018897533	-0.006442751735448837	-0.01570480316877365	-0.09903209656476974	0.01910719834268093	0.032538965344429016	-0.012582967057824135	0.011796913109719753	-0.0012113902484998107	0.015473878011107445	0.008618080988526344	-0.013194709084928036	0.05007145553827286	0.058801621198654175	-0.021148163825273514	-0.018939202651381493	-0.004792848601937294	-0.0401705801486969
ENSMUSG00000029462	0.006632596720010042	0.019140135496854782	-0.005393666680902243	0.039983801543712616	-0.02837463840842247	0.00596498092636466	0.018870867788791656	0.272135853767395	0.012629913166165352	0.011170472949743271	-0.006899015512317419	-0.023615436628460884	0.020899804309010506	0.00936876330524683	-0.010046872310340405	0.29408934712409973	0.00042201054748147726	0.08486111462116241	0.07297858595848083	0.469338595867157	-0.0021301594097167253	0.428670734167099
ENSMUSG00000118316	0.000366039079381153	0.0007974066538736224	0.0039932020008563995	-0.005726299248635769	0.0011510009644553065	-0.002343544038012624	-0.006557175889611244	-0.11719949543476105	0.004007434472441673	0.02790536731481552	6.52644012006931e-05	0.011746994219720364	-0.00018805824220180511	0.005272975657135248	-0.0021304236724972725	-0.011907909065485	0.027688883244991302	0.004025384783744812	-0.04331532120704651	-0.1209375187754631	-0.00761384004727006	-0.12155304104089737
ENSMUSG00000094540	-0.02317018248140812	-0.0329766646027565	-0.013589058071374893	-0.007189515046775341	0.007995289750397205	-0.005067548714578152	0.0020591167267411947	-0.12199605256319046	-0.04697892814874649	-0.020325884222984314	0.07167719304561615	0.01281706802546978	0.03347603976726532	-0.03855283185839653	0.10836318880319595	-0.1017407476902008	-0.20003657042980194	-0.21137624979019165	-0.049255579710006714	-0.3589094579219818	-0.0034212882164865732	-0.28389492630958557
ENSMUSG00000113822	-0.0016241873381659389	0.02389494888484478	0.004719305317848921	0.023471927270293236	0.005539327394217253	-7.040576747385785e-05	-0.004420268349349499	-0.09225925803184509	0.009613568894565105	0.02778499387204647	0.00462094321846962	0.012413782998919487	0.004116151947528124	0.002202853560447693	-0.0024882021825760603	-0.06079829856753349	0.00022894470021128654	0.05006519332528114	-0.04649887979030609	-0.21603889763355255	-0.006574021652340889	-0.11220520734786987
ENSMUSG00000050428	0.011440299451351166	0.02574443258345127	-0.001753886346705258	0.013556890189647675	-0.020342160016298294	0.0057876394130289555	0.017589204013347626	0.1804138422012329	0.01841401308774948	0.01746707409620285	-0.018809955567121506	-0.016555078327655792	0.010978370904922485	0.013170345686376095	-0.03046387992799282	0.18402986228466034	0.016796087846159935	0.03224077820777893	0.06038447469472885	0.21975775063037872	0.006002968177199364	0.20894642174243927
ENSMUSG00000020612	0.022725852206349373	0.04138917475938797	0.0005591924418695271	0.010686196386814117	-0.0026269424706697464	0.000388066575396806	0.011322800070047379	0.010903768241405487	0.01676190085709095	0.052710238844156265	-0.01694926619529724	0.0036989212967455387	0.006115506868809462	-0.00010139994992641732	-0.016274526715278625	-0.055134497582912445	0.02324831485748291	0.03120877780020237	0.044052623212337494	0.021787019446492195	0.021398082375526428	0.0676712617278099
ENSMUSG00000085803	0.01560098398476839	0.041064657270908356	0.004833313636481762	0.025791190564632416	-0.00501308124512434	0.0018061132868751884	-0.0025345555040985346	-0.05123884230852127	0.008487073704600334	0.054176654666662216	0.0030440876726061106	0.005003711208701134	0.007275945972651243	0.006015448365360498	-0.0028165066614747047	-0.03003605641424656	0.03648722544312477	0.02591831237077713	-0.020230572670698166	-0.1420850157737732	-0.0037648275028914213	-0.021898949518799782
ENSMUSG00000064252	0.009376559406518936	0.03247814252972603	-9.826343739405274e-05	0.010463284328579903	-0.002975364914163947	0.0023402634542435408	-0.009177190251648426	-0.09024173021316528	3.827538967016153e-05	0.02381083555519581	-0.0017529719043523073	0.011769416742026806	-0.003023184137418866	-0.022490056231617928	-0.0019247930031269789	-0.04092559218406677	0.01166799571365118	0.040530819445848465	-0.045500751584768295	-0.1163681298494339	-0.0069190384820103645	-0.09133976697921753
ENSMUSG00000116800	0.0065816547721624374	0.017664356157183647	0.0002648240188136697	-0.0015569442184641957	-0.002435700735077262	-0.002620287239551544	-0.0044266157783567905	-0.1258397251367569	-0.002167732222005725	0.02454722672700882	-0.0020172367803752422	0.010734133422374725	-0.0006360814440995455	-0.0002769165439531207	-0.00197937386110425	-0.03379897028207779	0.010866804048418999	-0.005372214131057262	-0.03301287814974785	-0.13702096045017242	-0.009551798924803734	-0.121464803814888
ENSMUSG00000097283	0.010200885124504566	0.021959254518151283	0.000709284096956253	0.015593668445944786	-0.015865135937929153	0.0038221979048103094	0.01181849092245102	0.10589432716369629	0.0182283166795969	0.009655002504587173	-0.019020777195692062	-0.02252231538295746	0.0057482910342514515	0.01232690829783678	-0.03800911456346512	0.20589864253997803	0.006037411279976368	0.05462651327252388	0.017936408519744873	0.08511002361774445	-0.004617066588252783	0.02425129897892475
ENSMUSG00000100429	0.02714250050485134	0.0413966178894043	0.008941944688558578	0.032994650304317474	-0.0011292684357613325	-0.0013945422833785415	-0.004728515632450581	-0.05891254544258118	0.0005103059811517596	0.03845573961734772	0.0013618102530017495	0.009565586224198341	0.003265529638156295	0.007997201755642891	-0.0009612863650545478	-0.07973556220531464	0.01449567824602127	0.027256760746240616	-0.030785631388425827	-0.10210283100605011	-0.00684927124530077	-0.08391803503036499
ENSMUSG00000115601	-0.02933330461382866	-0.06881517171859741	-0.0018936044070869684	-0.0185104813426733	0.008189566433429718	0.004336629994213581	-0.024162476882338524	-0.12242130190134048	-0.003928333055227995	-0.055982500314712524	0.009596339426934719	0.0078247906640172	-0.0183015875518322	-0.0880843997001648	-0.018186934292316437	-0.24561336636543274	-0.02345324121415615	-0.08107592910528183	-0.030674250796437263	-0.05407307296991348	-0.010309022851288319	-0.06053289771080017
ENSMUSG00000097450	0.020027529448270798	0.04456515237689018	0.007998066954314709	0.02417060174047947	-0.005523147061467171	0.003662021132186055	-0.005622933618724346	-0.05016370117664337	0.012732286006212234	0.02845855988562107	-0.008045710623264313	0.0094644445925951	0.00136550422757864	0.008856921456754208	-0.006527063902467489	-0.01772676780819893	0.032673824578523636	0.021056966856122017	-0.03394722566008568	-0.03046351857483387	-0.006420111283659935	-0.027090931311249733
ENSMUSG00000072813	-0.005019539035856724	-0.011265560053288937	-0.003926699981093407	-0.014938820153474808	0.0030915471725165844	-0.0018757106736302376	-0.00498020276427269	-0.18055397272109985	-0.0074719879776239395	0.0012005602475255728	0.002898664213716984	0.012579064816236496	-0.004402526188641787	-0.004029197618365288	-0.003792346455156803	-0.03716662526130676	-0.0021694651804864407	-0.016238780692219734	-0.04759962484240532	-0.20770961046218872	-0.00398449320346117	-0.14553305506706238
ENSMUSG00000038987	0.024559086188673973	0.03182722255587578	0.010627987794578075	0.020321130752563477	-0.010657906532287598	0.00026873487513512373	0.0035999866668134928	-0.022663559764623642	0.016719862818717957	0.04319179430603981	-0.019390769302845	0.009497583843767643	0.005996307823807001	0.01511505339294672	-0.0019083032384514809	-0.04173344001173973	0.03400779142975807	0.03617734834551811	0.0687846913933754	0.10969386994838715	-0.0009318923694081604	0.013167575933039188
ENSMUSG00000109598	0.012706054374575615	0.02605779841542244	0.011485282331705093	0.0071044121868908405	-0.012181002646684647	0.010489553213119507	-0.011834630742669106	-0.02003938890993595	0.018273361027240753	0.013307503424584866	-0.0209838654845953	-0.003151063807308674	0.0032125425059348345	0.011634179390966892	-0.015627868473529816	0.12493936717510223	0.036790408194065094	0.042042702436447144	-0.011072026565670967	0.08641515672206879	-0.0027157561853528023	-0.0016137096099555492
ENSMUSG00000108634	0.015178287401795387	0.02075648121535778	0.018665902316570282	0.01650034263730049	-0.0064638638868927956	0.003748043207451701	-0.007752618286758661	-0.016679266467690468	0.006931392941623926	0.0448911227285862	-0.0015643336810171604	0.0023756278678774834	-0.004746764432638884	0.01713378354907036	-0.02142053097486496	0.04770493134856224	0.041645437479019165	0.04095238819718361	-0.049485944211483	0.026236774399876595	-0.00320416665636003	0.05194758251309395
ENSMUSG00000054266	-0.10803068429231644	-0.22050966322422028	-0.026485972106456757	-0.05192337557673454	-0.0328693650662899	-0.07932398468255997	0.025736751034855843	-0.1055631935596466	-0.04727441817522049	-0.22943781316280365	-0.01883648708462715	-0.014530365355312824	-0.013789267279207706	-0.02652907930314541	0.04801816865801811	-0.24066951870918274	-0.16050326824188232	-0.27358344197273254	0.2254774421453476	-0.6104251742362976	-0.00779779814183712	-0.41069161891937256
ENSMUSG00000108815	0.02618313953280449	0.028227662667632103	0.009877193719148636	0.015321655198931694	-0.005382880102843046	-5.882062396267429e-05	0.0052125779911875725	-0.02976374328136444	0.01519530639052391	0.03823953494429588	-0.012720845639705658	0.018704980611801147	0.003975437022745609	0.010093443095684052	-0.01071676891297102	0.011468039825558662	0.04107961803674698	0.05589275807142258	0.0652858316898346	0.00784245878458023	-0.0020833939779549837	-0.05558120086789131
ENSMUSG00000109039	0.020989369601011276	0.030207941308617592	0.016080772504210472	0.03704303130507469	0.004557496402412653	-0.0026344754733145237	-0.002472071908414364	-0.05338552966713905	0.0030453368090093136	0.039470184594392776	0.004045290872454643	0.007307607680559158	-0.00047699041897431016	0.00899780634790659	0.0014447211287915707	-0.09934765100479126	0.043340567499399185	0.03704376518726349	-0.04240645095705986	-0.11940021812915802	-0.006518837995827198	-0.07102257758378983
ENSMUSG00000086228	0.02829698845744133	0.03963373973965645	0.010722246021032333	0.02413470298051834	-0.007195980753749609	-0.0023776739835739136	0.001548466389067471	-0.07615475356578827	0.008503399789333344	0.061259135603904724	-0.012078982777893543	0.008759288117289543	0.002486694371327758	0.010196259245276451	0.002965702675282955	-0.004794031847268343	0.04304470494389534	0.030284609645605087	0.07335660606622696	-0.002399272983893752	-0.008542361669242382	-0.04005139321088791
ENSMUSG00000096977	0.007959814742207527	0.022759035229682922	0.0010538086062297225	0.019747570157051086	-0.021028494462370872	0.009595252573490143	-0.007283097133040428	0.26499608159065247	-0.008786852471530437	0.014343955554068089	0.013864148408174515	-0.025485510006546974	0.013320964761078358	0.013826015405356884	-0.002742390614002943	0.30164259672164917	0.010144893079996109	0.048724979162216187	0.03129075467586517	0.3278541564941406	-0.006998016964644194	0.34151408076286316
ENSMUSG00000071540	0.02581758424639702	0.031019780784845352	0.01132698729634285	0.010191279463469982	-6.598918844247237e-05	-0.0017194384709000587	-0.0007007496315054595	-0.04282772168517113	0.00742362393066287	0.06356904655694962	-0.005937256850302219	0.007573154754936695	-0.001269859028980136	0.011492311023175716	-0.004867908079177141	-0.03972669690847397	0.04245010018348694	0.04569137468934059	-0.047910504043102264	-0.15735787153244019	-0.0071535874158144	-0.07687889039516449
ENSMUSG00000099380	-0.10803068429231644	-0.22050966322422028	-0.026485972106456757	-0.05192337557673454	-0.0328693650662899	-0.07932398468255997	0.025736751034855843	-0.1055631935596466	-0.04727441817522049	-0.22943781316280365	-0.01883648708462715	-0.014530365355312824	-0.013789267279207706	-0.02652907930314541	0.04801816865801811	-0.24066951870918274	-0.16050326824188232	-0.27358344197273254	0.2254774421453476	-0.6104251742362976	-0.00779779814183712	-0.41069161891937256
ENSMUSG00000055436	0.0037610644940286875	0.013455505482852459	-0.006110263057053089	0.02285655215382576	-0.022165382280945778	0.004774070344865322	0.045643631368875504	0.2667750418186188	0.011354985646903515	0.00708574615418911	-0.011352915316820145	-0.028352957218885422	0.019386209547519684	0.008887525647878647	-0.02272762544453144	0.24040132761001587	0.0002776800829451531	0.06637214869260788	0.0806937962770462	0.4509805738925934	0.016689466312527657	0.3508821129798889
ENSMUSG00000059030	-0.012961417436599731	0.02996884100139141	-0.00026180484564974904	-0.004091786686331034	-0.0049359616823494434	-0.002094314433634281	-0.004937160760164261	-0.07458582520484924	-0.005785094108432531	0.013778667896986008	0.0015567747177556157	0.0101840291172266	0.013553043827414513	-0.008060956373810768	0.0022996931802481413	-0.11566199362277985	0.008926820009946823	0.005911880172789097	-0.028882093727588654	-0.1466486006975174	-0.009317032992839813	-0.048218607902526855
ENSMUSG00000024534	0.0082163717597723	0.017934536561369896	0.003954370506107807	0.020718693733215332	-0.009069385007023811	0.008379152044653893	0.0014230716042220592	0.10658291727304459	0.006358493585139513	0.020872902125120163	-0.006702303420752287	-0.020257338881492615	-0.0017757457681000233	0.017334869131445885	-0.017554018646478653	0.1361749917268753	0.018343739211559296	0.0705832690000534	-0.03219572454690933	-0.05962161719799042	-0.006511828396469355	0.010245281271636486
ENSMUSG00000067679	-0.0261433906853199	-0.010544797405600548	-0.0018724417313933372	-0.010476713068783283	0.003534015966579318	-0.008955861441791058	-0.03464866802096367	-0.10230416059494019	-0.03166019544005394	-0.020134322345256805	0.02121071331202984	0.0368475615978241	-0.015087347477674484	0.00888013280928135	0.00324812950566411	-0.1606084108352661	-0.04216790199279785	-0.03289422020316124	-0.022645926102995872	0.0031633912585675716	-0.021229881793260574	-0.11986754089593887
ENSMUSG00000112345	0.009392146952450275	0.0018129270756617188	0.0021845614537596703	0.02720138616859913	-0.0013206432340666652	-8.29977507237345e-05	-0.005759770050644875	-0.07884688675403595	0.0021808629389852285	0.02458556368947029	0.00117389764636755	0.010014750994741917	0.004233071114867926	-0.012594788335263729	-0.00040263214032165706	-0.045000266283750534	0.01639287918806076	0.01884458027780056	-0.04020455479621887	-0.1646358072757721	-0.0070433239452540874	-0.11250962316989899
ENSMUSG00000071573	0.00560331717133522	4.485368117457256e-05	0.0017449733568355441	0.02092272974550724	-0.01847280189394951	0.007501077838242054	-0.0018084740731865168	0.22342762351036072	0.007928761653602123	0.012505623511970043	-0.009558935649693012	-0.023963764309883118	0.005291699897497892	0.016190309077501297	-0.012882363982498646	0.33407241106033325	0.010209250263869762	0.052243899554014206	-0.004037956707179546	0.42673298716545105	-0.007936244830489159	0.1909153014421463
ENSMUSG00000034762	0.009732339531183243	0.01687830500304699	0.006028774194419384	0.01980459876358509	-0.011698874644935131	0.004217799287289381	0.003065309254452586	0.21532857418060303	0.012663822621107101	0.016607144847512245	-0.012651010416448116	-0.02663283422589302	0.004183545242995024	0.019411679357290268	-0.024733830243349075	0.23342078924179077	0.022010469809174538	0.05577152222394943	-0.013913536444306374	0.2049540877342224	-0.0074950214475393295	0.22124215960502625
ENSMUSG00000036356	0.009677634574472904	0.02652559243142605	0.003931915387511253	0.01835828647017479	-0.01895984448492527	0.00551355816423893	0.0029891557060182095	0.16220425069332123	0.011186778545379639	0.025458920747041702	-0.02003476582467556	-0.02496487833559513	0.002432282781228423	0.01860024966299534	-0.02077077329158783	0.23781614005565643	0.01586107350885868	0.04664609953761101	0.018752649426460266	0.11058375984430313	-0.005739609710872173	0.05808025225996971
ENSMUSG00000028158	0.0063776783645153046	0.012791791930794716	-0.00474658515304327	0.04752536118030548	-0.015800153836607933	0.01425023004412651	0.009483701549470425	0.2935411334037781	0.013932143338024616	0.01303389947861433	-0.0013634787173941731	-0.008758456446230412	0.018471281975507736	0.00596995884552598	-0.027808990329504013	0.32794511318206787	-0.011656906455755234	0.09678466618061066	0.023332828655838966	0.6528192758560181	-0.004939556121826172	0.49731671810150146
ENSMUSG00000017146	0.010413202457129955	0.02597559057176113	-0.0011609081411734223	0.02172500640153885	-0.022969935089349747	0.010068630799651146	0.007988780736923218	0.24352748692035675	0.019872814416885376	0.01425401121377945	-0.013513246551156044	-0.01113462820649147	0.01861303113400936	0.012073377147316933	-0.022780705243349075	0.2235071063041687	0.007421119604259729	0.05401920899748802	0.042117949575185776	0.3986555337905884	-0.005611099768429995	0.4028685688972473
ENSMUSG00000040154	0.02114029973745346	0.04226282984018326	0.01885492540895939	0.0056833322159945965	-0.0004495352040976286	-0.000995556591078639	-0.0015885597094893456	-0.06826036423444748	0.013432715088129044	0.01873554289340973	-0.003617656882852316	0.005629937630146742	-0.001231787377037108	0.013024114072322845	-0.012259588576853275	0.007072193082422018	0.033695194870233536	0.05292318016290665	-0.0424034483730793	-0.11440739035606384	-0.006967824883759022	-0.04797796159982681
ENSMUSG00000032902	0.005990880075842142	0.019277207553386688	-0.011207151226699352	0.047136373817920685	-0.018477465957403183	0.007336054462939501	0.031879816204309464	0.2996053099632263	0.021842002868652344	0.011364425532519817	-0.0028928322717547417	-0.0209182221442461	0.018947672098875046	0.0015742831164970994	-0.028364351019263268	0.32249364256858826	-0.014507638290524483	0.09261961281299591	0.05618916451931	0.5831198692321777	0.0036137308925390244	0.4450589418411255
ENSMUSG00000061728	0.027197880670428276	0.04225114732980728	0.00539315165951848	0.030705846846103668	-0.00722167082130909	-0.0004886428359895945	0.0022577878553420305	-0.04806537181138992	0.011540635488927364	0.032761938869953156	-0.013218275271356106	0.013575396500527859	-4.729540887637995e-05	0.015670454129576683	-0.007051108404994011	-0.05319438874721527	0.03085649013519287	0.04214952141046524	0.004735056310892105	0.036084581166505814	-0.003969908691942692	-0.03605473414063454
ENSMUSG00000074604	0.0222476776689291	0.010343004018068314	0.009329943917691708	0.024195432662963867	-0.0033172722905874252	-0.0014443807303905487	-0.001805225620046258	-0.06722681224346161	0.007640613708645105	0.048490580171346664	-0.006396174430847168	0.010225117206573486	0.0029049301519989967	0.012997657060623169	0.002709690947085619	-0.022791147232055664	0.03816438838839531	0.025348041206598282	0.004927379544824362	-0.11130926758050919	-0.007152755279093981	-0.06427386403083801
ENSMUSG00000113543	0.023369841277599335	0.03568693995475769	0.004741239361464977	0.022645629942417145	-0.004987926222383976	-0.002132236259058118	-0.0022555566392838955	-0.08320284634828568	0.00790703296661377	0.051010724157094955	-0.0052898540161550045	0.005706350319087505	0.004836691077798605	0.007283783983439207	0.002869912888854742	-0.02909109555184841	0.024558095261454582	0.013186446391046047	-0.02056189998984337	-0.12238761782646179	-0.006484402343630791	-0.03492395579814911
ENSMUSG00000048096	0.015600932762026787	0.0206043291836977	0.009966251440346241	0.015080097131431103	-0.0042842673137784	-0.0006476103444583714	0.0034756360109895468	0.010967481881380081	0.015349945053458214	0.03845977410674095	-0.014753783121705055	-0.004118321929126978	0.0018243443919345737	0.014522260054945946	-0.018113818019628525	0.05272239074110985	0.03673138469457626	0.04410823434591293	0.00620228098705411	0.07542980462312698	-0.003052814630791545	0.026207037270069122
ENSMUSG00000006205	0.010431828908622265	0.0350055992603302	-0.0006657814956270158	0.018200896680355072	-0.016751328483223915	0.004679318983107805	0.01000752579420805	0.16621644794940948	0.018588252365589142	0.01615479774773121	-0.01456438098102808	-0.032893821597099304	0.009316522628068924	0.014878383837640285	-0.030947815626859665	0.2162138819694519	0.018899139016866684	0.0580798014998436	0.11069164425134659	0.19755099713802338	0.0018442554865032434	0.15584848821163177
ENSMUSG00000053868	0.011243440210819244	0.003320210613310337	-0.0016670407494530082	-0.016117673367261887	0.0019941451027989388	0.001233743503689766	-0.012914691120386124	-0.07647735625505447	-0.0037305853329598904	0.009263909421861172	0.0031727186869829893	0.015114197507500648	0.0054675680585205555	-0.021582789719104767	0.017966127023100853	-0.12890230119228363	0.010339734144508839	-0.05832759290933609	-0.041427481919527054	-0.20314019918441772	-0.012808366678655148	-0.11023984104394913
ENSMUSG00000114695	0.0212692990899086	0.04380323737859726	0.006533254869282246	0.023671220988035202	-0.0036854848731309175	-0.0026142916176468134	-0.005124163813889027	-0.06523888558149338	0.006999963894486427	0.01582959108054638	-0.0015923449536785483	0.010880435816943645	0.003829261986538768	0.01133989728987217	0.000927954853978008	-0.060515373945236206	0.025490619242191315	0.01796106807887554	-0.042066704481840134	-0.13021034002304077	-0.007342842407524586	-0.0867469310760498
ENSMUSG00000100707	0.003609196748584509	0.015240131877362728	0.0022057832684367895	0.024301551282405853	-0.01027627382427454	0.002730842214077711	-0.00012311956379562616	0.17882788181304932	0.003942812327295542	0.015033159404993057	-0.023374812677502632	-0.02488572895526886	-0.005310962907969952	0.020648395642638206	0.01783643290400505	0.2669385075569153	0.019206495955586433	0.039974234998226166	0.007779376115649939	0.09570804238319397	-0.0069041065871715546	0.07496008276939392
ENSMUSG00000024600	0.006950641982257366	0.039583493024110794	0.0029486319981515408	0.014535043388605118	-0.002051554387435317	0.0018873481312766671	-0.008718819357454777	-0.015568532049655914	0.0025099257472902536	0.02535119093954563	0.0005951905041001737	-0.0011457373620942235	-0.0028166412375867367	0.015065702609717846	-0.007954901084303856	-6.413020309992135e-05	0.012024303898215294	0.04933435469865799	-0.049983274191617966	-0.1557959020137787	-0.00784048531204462	-0.027949517592787743
ENSMUSG00000025575	0.01068175956606865	0.018146604299545288	0.0017399340867996216	0.01397043839097023	-0.01575227454304695	0.005558285862207413	0.007356367073953152	0.2586441934108734	0.014297213405370712	0.013707375153899193	-0.01235051266849041	-0.02919091284275055	0.00821606069803238	0.01789368875324726	-0.025762205943465233	0.3012624979019165	0.017138343304395676	0.061509765684604645	0.007688496727496386	0.16357733309268951	-0.008168455213308334	0.3685670793056488
ENSMUSG00000034607	-0.014608880504965782	0.008074349723756313	-0.0013590992894023657	-0.007620529737323523	0.01408632192760706	0.00013051449786871672	-0.020759854465723038	-0.03219377622008324	-0.03196922689676285	-0.017719704657793045	0.01415674015879631	0.002743741264566779	-0.013553440570831299	0.0008698591846041381	0.0196252278983593	0.09597863256931305	-0.013645716942846775	-0.020761661231517792	-0.057072319090366364	-0.12288451939821243	-0.010222868993878365	-0.09859451651573181
ENSMUSG00000101650	0.03127805143594742	0.015738559886813164	0.0051568918861448765	0.024393891915678978	-0.002332021715119481	-0.0015441611176356673	-0.004957994446158409	-0.0969654768705368	0.00014687915972899646	0.033552009612321854	-0.002846583491191268	0.010391319170594215	-0.0008076283265836537	-0.015852652490139008	0.005365524906665087	-0.042322203516960144	0.010094726458191872	0.020328931510448456	-0.028881516307592392	-0.05429713800549507	-0.007307874504476786	-0.07534926384687424
ENSMUSG00000112093	0.006128029897809029	0.01844903640449047	0.001430725329555571	0.027961643412709236	-0.007928183302283287	0.003174596931785345	-0.015782691538333893	0.2234872430562973	0.0008705428917892277	0.015710530802607536	0.0034668007865548134	-0.018423743546009064	-0.012545721605420113	0.021377352997660637	0.04378211125731468	0.26256757974624634	0.016288792714476585	0.0647892877459526	0.009657739661633968	0.39610782265663147	-0.00905562937259674	0.33471938967704773
ENSMUSG00000092464	0.03562430292367935	0.03043004684150219	0.0015475187683477998	-0.01565130054950714	-0.009007382206618786	-0.0023291981779038906	-0.00045900355326011777	-0.04187207296490669	0.00598405534401536	0.051263757050037384	-0.002359973033890128	0.003630187129601836	0.010949129238724709	0.0063760727643966675	0.01576571725308895	-0.04429952800273895	0.035587843507528305	0.024483652785420418	-0.010885362513363361	-0.08721528947353363	-0.007446316070854664	-0.08533547073602676
ENSMUSG00000089723	0.03011535480618477	0.049493104219436646	0.015032202005386353	0.02396932989358902	0.0033576814457774162	0.003357622539624572	-0.0019110338762402534	-0.06963326781988144	0.01479266956448555	0.04710405692458153	-0.0066489046439528465	0.006869462318718433	0.0019648463930934668	0.015604385174810886	0.00035060287336818874	-0.020396895706653595	0.0018462656298652291	0.035214439034461975	0.002470174338668585	-0.05668017268180847	-0.00971871055662632	-0.059307944029569626
ENSMUSG00000032125	0.015530038625001907	0.017569897696375847	0.005084225907921791	0.01990327052772045	-0.014283960685133934	0.006841074675321579	0.00672309473156929	0.06866775453090668	0.013561842031776905	0.030041618272662163	-0.018997950479388237	-0.02142343670129776	0.006396451499313116	0.01709100790321827	-0.02423703484237194	0.17664240300655365	0.029652167111635208	0.033589255064725876	0.04216969385743141	0.16956835985183716	-0.002018420025706291	0.06802927702665329
ENSMUSG00000054280	0.009619844146072865	0.018986951559782028	0.002121781464666128	0.02127385139465332	-0.02232889086008072	0.008100922219455242	0.009006552398204803	0.22019590437412262	0.017362108454108238	0.015938812866806984	-0.017042914405465126	-0.02189752086997032	0.008980326354503632	0.014258542098104954	-0.020347094163298607	0.2205531746149063	0.014662682078778744	0.058936625719070435	0.04113907366991043	0.36642974615097046	-0.0062629543244838715	0.2466827780008316
ENSMUSG00000000301	0.011427904479205608	0.027262704446911812	0.0019200918031856418	0.022266888990998268	-0.016225455328822136	0.01057591661810875	0.002799026435241103	0.18682239949703217	0.01915101334452629	0.015455692075192928	-0.01252418290823698	-0.017118604853749275	0.01379747036844492	0.014215140603482723	-0.03140631318092346	0.2742540240287781	0.01132921688258648	0.053321048617362976	0.017249953001737595	0.40413612127304077	-0.006307573989033699	0.32879015803337097
ENSMUSG00000019715	0.011823844164609909	0.009507033042609692	0.0014979328261688352	0.007842536084353924	-0.017976880073547363	0.00626216409727931	0.0043263984844088554	0.2268480807542801	0.018286796286702156	0.01738283410668373	-0.01310754381120205	-0.018138505518436432	0.008100229315459728	0.014481636695563793	-0.02227005735039711	0.28474298119544983	0.010924936272203922	0.04767937585711479	0.03209453448653221	0.28840893507003784	-0.007621509488672018	0.325743168592453
ENSMUSG00000115531	-0.0073925647884607315	0.009834224358201027	-0.0029602062422782183	-0.0069606793113052845	0.007455655373632908	-0.006561993155628443	-0.013631680980324745	-0.08040445297956467	-0.011104938574135303	-0.01334560289978981	0.004784399177879095	0.013669580221176147	-0.0022780313156545162	0.0011088589671999216	-0.003077313071116805	-0.09507063776254654	-0.0032808545511215925	-0.03021341562271118	-0.03442590311169624	-0.08630974590778351	-0.009482208639383316	-0.07468689978122711
ENSMUSG00000112151	0.019784003496170044	0.03140951320528984	0.003927350509911776	0.015244112350046635	-0.008800032548606396	-0.002728973515331745	-0.011923199519515038	-0.024171132594347	0.019318394362926483	0.02629471942782402	-0.003287318628281355	0.015561265870928764	0.002474262611940503	0.009661822579801083	-0.005337843205779791	0.03839237615466118	0.04619409516453743	0.04280027002096176	-0.007091240957379341	-0.052535153925418854	-0.003226282075047493	-0.0320306122303009
ENSMUSG00000121707	0.03250806778669357	0.030293947085738182	0.0033291801810264587	0.008023107424378395	-0.008024442009627819	-0.0021576215513050556	0.0022081779316067696	-0.05212610214948654	0.006610398180782795	0.0493178591132164	-0.018611863255500793	0.009960307739675045	0.0128206517547369	0.018225587904453278	0.0021727285347878933	0.016341717913746834	0.018312664702534676	0.01126608531922102	0.17515312135219574	0.054068587720394135	0.0012092466931790113	-0.01593146286904812
ENSMUSG00000043441	0.010280008427798748	0.029872125014662743	-0.0015914025716483593	0.01314949057996273	-0.0019286643946543336	-0.0026469179429113865	-0.0034406050108373165	-0.04952986538410187	-0.0017340444028377533	0.043715499341487885	5.446830982691608e-06	0.013203717768192291	0.00298806419596076	0.007056272588670254	-0.0029250981751829386	-0.038040172308683395	0.020430300384759903	-0.005534173455089331	-0.03224426507949829	-0.18777377903461456	-0.006133823189884424	-0.06633786857128143
ENSMUSG00000049103	-0.10803068429231644	-0.22050966322422028	-0.026485972106456757	-0.05192337557673454	-0.0328693650662899	-0.07932398468255997	0.025736751034855843	-0.1055631935596466	-0.04727441817522049	-0.22943781316280365	-0.01883648708462715	-0.014530365355312824	-0.013789267279207706	-0.02652907930314541	0.04801816865801811	-0.24066951870918274	-0.16050326824188232	-0.27358344197273254	0.2254774421453476	-0.6104251742362976	-0.00779779814183712	-0.41069161891937256
ENSMUSG00000112275	0.026711534708738327	0.03496047481894493	0.007040560711175203	0.01108787301927805	-0.004549332428723574	-0.0006719348602928221	-0.001550909597426653	-0.06029089540243149	0.006542056333273649	0.060584090650081635	-0.009389398619532585	0.007359280716627836	0.00785701721906662	0.015538029372692108	0.007252326235175133	-0.03623906895518303	0.023105062544345856	0.04755307734012604	-0.009525972418487072	-0.07898005843162537	-0.005467265844345093	-0.057097725570201874
ENSMUSG00000048170	0.009161566384136677	0.009987158700823784	-0.000929569243453443	0.019817886874079704	-0.022189607843756676	0.008099144324660301	0.018637539818882942	0.20710872113704681	0.019725902006030083	0.014196818694472313	-0.015185127034783363	-0.018706319853663445	0.012386594898998737	0.01418339367955923	-0.028474299237132072	0.19458480179309845	0.010914463549852371	0.06749707460403442	0.0572592131793499	0.30858445167541504	-0.0026567215099930763	0.28875967860221863
ENSMUSG00000013668	0.011948985047638416	0.028735416010022163	0.002954849973320961	0.01657811924815178	-0.005238870158791542	-0.0036202657502144575	-0.011684363707900047	-0.07565054297447205	0.0030595543794333935	0.0329492911696434	0.000775391235947609	0.009012654423713684	-0.0036338174249976873	0.012711167335510254	-0.00047434266889467835	-0.043231166899204254	0.02423613704741001	-0.012685853987932205	-0.051772017031908035	-0.11703256517648697	-0.006271746009588242	-0.09397699683904648
ENSMUSG00000021228	0.02727978490293026	0.006310930475592613	0.0054548983462154865	0.021164631471037865	-0.004827793687582016	0.0002611402014736086	-0.006563020404428244	-0.041562069207429886	0.007394837215542793	0.04197411239147186	-0.02061048336327076	0.005933927372097969	0.0015588952228426933	0.008566554635763168	-0.013826527632772923	-0.019279012456536293	0.03315392881631851	0.027832698076963425	0.026976346969604492	0.026328502222895622	0.0008728152606636286	-0.022880127653479576
ENSMUSG00000056486	0.008625161834061146	0.002117584925144911	0.0019720662385225296	0.024107463657855988	-0.022302715107798576	0.005929348524659872	-2.714865877351258e-05	0.2548501789569855	0.013569951057434082	0.014012976549565792	-0.011390971019864082	-0.027546433731913567	0.007914206013083458	0.01713958941400051	-0.01718173176050186	0.2826848030090332	0.011644587852060795	0.052831754088401794	0.01768815517425537	0.33453914523124695	-0.00834370031952858	0.24704265594482422
ENSMUSG00000120211	0.014311599545180798	0.023214885964989662	0.0033185735810548067	0.004929575603455305	-0.00255824183113873	-0.000759188667871058	-0.006106767803430557	-0.07698270678520203	0.004670579917728901	0.03845696896314621	-0.0018810683395713568	0.012047264724969864	0.0022111947182565928	0.0007919310010038316	-0.002472345717251301	-0.02813304401934147	0.019601117819547653	0.014052558690309525	-0.04465676471590996	-0.1429871916770935	-0.006977306213229895	-0.07597088813781738
ENSMUSG00000114298	0.014777431264519691	0.033265065401792526	0.00195135863032192	0.01455130334943533	-9.657286682340782e-06	-0.001651198836043477	-0.006233847700059414	-0.06632613390684128	0.006486036814749241	0.06106124073266983	-0.000590653857216239	0.008202151395380497	0.0007083172095008194	0.014484208077192307	-0.0024353228509426117	-0.043946947902441025	0.02166503667831421	0.013976138085126877	-0.05326763540506363	-0.14444279670715332	-0.006363304331898689	-0.08751034736633301
ENSMUSG00000051220	0.0017361465143039823	-0.001991594210267067	0.008651958778500557	0.010455689392983913	-0.0011614107061177492	0.002470849547535181	0.038270849734544754	0.25550785660743713	-0.005423897877335548	0.005965433083474636	0.00034835789119824767	-0.013208397664129734	0.014550294727087021	0.006685149855911732	-0.020152710378170013	0.28712740540504456	0.003974321763962507	0.06405965983867645	0.06754536926746368	0.5124472975730896	-0.004130661953240633	0.20629020035266876
ENSMUSG00000117413	0.000628724112175405	-0.029241014271974564	0.004354400560259819	-0.00812711101025343	0.0022822811733931303	-0.0017827340634539723	-0.01222466491162777	-0.0975920781493187	0.0029771325644105673	0.00346477422863245	0.0018454000819474459	0.012860724702477455	0.002132255816832185	0.008468732237815857	-0.0044413479045033455	-0.1333356350660324	-0.013997879810631275	0.007353200111538172	-0.04179322347044945	-0.08944228291511536	-0.009256956167519093	-0.04652763903141022
ENSMUSG00000036958	0.01833859458565712	-0.04776785522699356	0.0015437316615134478	-0.023512447252869606	0.004798396024852991	0.026596106588840485	0.003722197376191616	-0.1751415878534317	-0.00914651621133089	-0.0913490355014801	0.03899490088224411	-0.0011746592354029417	0.002855642233043909	-0.07664676010608673	0.04393917694687843	-0.14328046143054962	0.023370761424303055	-0.06310826539993286	-0.02823173999786377	-0.5177392363548279	-0.010960952378809452	-0.2302830070257187
ENSMUSG00000042250	0.024902494624257088	0.029654793441295624	0.006210365332663059	0.012267541140317917	-0.0017006449634209275	-0.0035633030347526073	-0.005222071893513203	-0.08389881998300552	0.002801746129989624	0.050359293818473816	-0.0028211281169205904	0.009955587796866894	0.0037221878301352262	-0.006711460184305906	0.005229074973613024	-0.055865079164505005	0.03598900884389877	0.00539149297401309	-0.04303860291838646	-0.0981120616197586	-0.006275670137256384	-0.10480495542287827
ENSMUSG00000118215	0.01789325289428234	0.03662872686982155	0.000821777677629143	0.010200785472989082	-0.0036736091133207083	-0.0026046903803944588	-0.0055315871722996235	-0.08093743026256561	0.0042172996327281	0.011667724698781967	0.0005630447412841022	0.010801390744745731	0.003512999042868614	0.007801139261573553	0.0017073169583454728	-0.0797133520245552	0.02096366323530674	-0.004059830214828253	-0.03730710223317146	-0.17072945833206177	-0.008577961474657059	-0.09534186124801636
ENSMUSG00000029268	0.001989003038033843	-0.003921234514564276	-0.006012388039380312	-0.00530894985422492	-0.002350742230191827	-0.003973836079239845	-0.011589479632675648	-0.10601182281970978	-0.005983872804790735	0.012219199910759926	0.0015752865001559258	0.007243763189762831	-0.0028709755279123783	0.002921544946730137	-0.002362369792535901	-0.08805453032255173	0.00590521702542901	-0.05032327026128769	-0.02904125303030014	-0.028777414932847023	-0.00953994132578373	-0.04470241069793701
ENSMUSG00000090105	0.00793236680328846	0.02377675473690033	-0.006016664672642946	0.02986776828765869	-0.01720735803246498	0.009668935090303421	0.02102157287299633	0.24174217879772186	0.03186541795730591	0.013057785108685493	-0.0016359910368919373	-0.019995754584670067	0.0060498411767184734	0.005067514721304178	-0.026382267475128174	0.27459612488746643	-0.0070390356704592705	0.08890710771083832	0.058094512671232224	0.5726210474967957	-0.0012245563557371497	0.22885560989379883
ENSMUSG00000023868	0.011175241321325302	0.04358593001961708	0.006285334937274456	0.016454972326755524	-0.005211259704083204	0.00466927932575345	-0.0011364214587956667	0.04472710192203522	0.009185399860143661	0.03333807364106178	-0.007578562945127487	-0.0023052706383168697	-0.0014346878742799163	0.017431333661079407	-0.01994640938937664	0.045486316084861755	0.027790481224656105	0.05844077467918396	-0.06015312671661377	-0.06442709267139435	-0.007059659343212843	-0.00932976696640253
ENSMUSG00000021576	0.011135266162455082	0.017852837219834328	0.0009026080369949341	0.017982345074415207	-0.024203043431043625	0.007237722165882587	0.006483923643827438	0.23924106359481812	0.016777798533439636	0.012547190301120281	-0.017974434420466423	-0.02757585607469082	0.011062010191380978	0.014875954017043114	-0.018885474652051926	0.2929306924343109	0.013589956797659397	0.027193425223231316	0.03037838637828827	0.25096216797828674	-0.007247189059853554	0.29566988348960876
ENSMUSG00000082112	-0.003963898867368698	0.02759682387113571	-0.00037921336479485035	-0.008664542809128761	-0.00021461528376676142	0.008268802426755428	-0.008073125965893269	-0.08936692029237747	-0.004629319999366999	0.029713787138462067	-0.013771599158644676	0.004219813272356987	0.018250007182359695	0.012342963367700577	-0.002601916901767254	-0.0038612193893641233	-0.00593235157430172	-0.0038433826994150877	0.04371124878525734	0.03687750920653343	-0.004452051594853401	-0.0404493473470211
ENSMUSG00000021975	-0.000685865874402225	0.018162036314606667	0.0005814068135805428	-0.000696117349434644	0.013114582747220993	0.0038928978610783815	-0.0007727043121121824	0.32073745131492615	-0.010477429255843163	0.002805473282933235	0.0012246519327163696	-0.010759420692920685	-0.00022713214275427163	0.01166539080440998	-0.004535331856459379	0.3249278962612152	0.01202115323394537	0.02963128872215748	0.030448080971837044	0.37435269355773926	-0.006946485489606857	0.3129289150238037
ENSMUSG00000113400	-0.017784401774406433	0.018200866878032684	0.0011608960339799523	-0.02133278176188469	0.004039593506604433	-0.004106658045202494	-0.006060712970793247	-0.0686383992433548	0.007653156295418739	0.0012398696271702647	-0.0035293856635689735	0.011288482695817947	-0.002035171492025256	0.008859735913574696	-0.001830107532441616	-0.04708872362971306	0.020197737962007523	-0.012489786371588707	-0.04332996904850006	-0.21889081597328186	-0.008408182300627232	-0.13460704684257507
ENSMUSG00000071317	0.005475506652146578	0.028391383588314056	0.005855360999703407	0.018202833831310272	-0.012802346609532833	0.004209850914776325	-0.0007431493140757084	0.1460261195898056	0.008921096101403236	0.022504732012748718	-0.012486647814512253	-0.02826653979718685	0.0002281423076055944	0.019690945744514465	-0.01790446974337101	0.23150677978992462	0.01970530115067959	0.06726471334695816	-0.024461258202791214	0.07661716639995575	-0.006111494731158018	0.1068350225687027
ENSMUSG00000120178	0.01140136830508709	0.020022699609398842	0.004257802851498127	0.005096862092614174	-0.0018157545709982514	-0.002012367593124509	-0.0043365382589399815	-0.06484929472208023	0.0012316041393205523	0.009115430526435375	0.005988454446196556	0.008118956349790096	0.0010697433026507497	0.005710856523364782	0.0021467171609401703	-0.08398651331663132	0.020719807595014572	0.054711952805519104	-0.03464149311184883	-0.16282863914966583	-0.007250544615089893	-0.09895693510770798
ENSMUSG00000035314	0.010993439704179764	0.01804719865322113	0.001992011908441782	0.020166516304016113	-0.01316019520163536	0.005564483348280191	0.006845226511359215	0.22658784687519073	0.014696436002850533	0.017447248101234436	-0.012509836815297604	-0.023775631561875343	0.010934161022305489	0.017420656979084015	-0.030352408066391945	0.2668198347091675	0.017197059467434883	0.034000251442193985	0.01946728304028511	0.20513679087162018	-0.007434756960719824	0.22917814552783966
ENSMUSG00000034105	0.011548958718776703	0.026583785191178322	0.004046711605042219	0.01986585557460785	-0.01813284121453762	0.007532221730798483	0.0064318557269871235	0.16554607450962067	0.014278735965490341	0.025286970660090446	-0.019988398998975754	-0.009835489094257355	0.008140932768583298	0.01503654383122921	-0.0270460844039917	0.21845267713069916	0.02512490190565586	0.05786355957388878	0.015414362773299217	0.1572352647781372	-0.005442662164568901	0.11596707254648209
ENSMUSG00000041565	0.006700446829199791	0.01982911489903927	0.0019733577501028776	0.015255134552717209	-0.005740340333431959	0.004949094727635384	-0.009476946666836739	0.04215468466281891	0.0021564012859016657	0.025537854060530663	-0.0028946525417268276	-0.003969333600252867	-0.002196550602093339	0.01741400733590126	-0.008896484039723873	0.00999314896762371	0.017402397468686104	0.05039080232381821	-0.05020608380436897	-0.024735158309340477	-0.0072863344103097916	0.018570030108094215
ENSMUSG00000026248	0.008388669230043888	0.015132601372897625	0.0007651193300262094	0.03474554046988487	-0.019967326894402504	0.006083033513277769	0.016527818515896797	0.23832759261131287	0.008315334096550941	0.009240352548658848	-0.007291554939001799	-0.015330782160162926	0.007001542951911688	0.013654956594109535	-0.0008772975415922701	0.2956966459751129	0.003447664435952902	0.06143735349178314	0.07445976883172989	0.28747984766960144	-0.004025367554277182	0.4156726896762848
ENSMUSG00000000530	0.01762349158525467	0.04201744124293327	0.0049137515015900135	0.014238088391721249	-0.013914784416556358	0.005848941393196583	0.004094804637134075	0.04979391023516655	0.02029617875814438	0.03852073848247528	-0.015422238036990166	-0.0149387177079916	0.0027432895731180906	0.015273770317435265	-0.02535141631960869	0.07676221430301666	0.030552653595805168	0.041228607296943665	0.03144996985793114	0.027169303968548775	0.007214771583676338	0.025629956275224686
ENSMUSG00000024052	0.00936273392289877	0.022460773587226868	0.003909846767783165	0.01888919621706009	-0.019177649170160294	0.004378158133476973	-9.368127211928368e-05	0.22253581881523132	0.012893252074718475	0.011992860585451126	-0.015017995610833168	-0.02893722616136074	0.007339228875935078	0.018266720697283745	-0.020313767716288567	0.28209424018859863	0.01758076250553131	0.04049927741289139	0.006699941121041775	0.20056167244911194	-0.007610866334289312	0.23405593633651733
ENSMUSG00000020225	0.009636754170060158	0.02311547100543976	0.003902668133378029	0.005072814412415028	-0.02507510408759117	0.0019414711277931929	0.003760572290048003	0.2111562192440033	0.013022046536207199	0.014414148405194283	-0.009367311373353004	-0.021208900958299637	0.004995698109269142	0.014701795764267445	-0.02176717296242714	0.2317226231098175	0.01587574928998947	0.05426926910877228	0.034633371978998184	0.21222004294395447	-0.006745737046003342	0.24316377937793732
ENSMUSG00000115644	-0.006776405964046717	-0.0013541242806240916	-0.009611490182578564	0.01024459209293127	-0.001782077131792903	-0.004572251345962286	-0.012767297215759754	-0.06767664849758148	-0.0071774013340473175	-0.003088693367317319	0.0022036812733858824	0.008929946459829807	0.0010586321586742997	-0.005708764307200909	-0.018681809306144714	-0.1909905970096588	-0.005042940378189087	0.018150603398680687	-0.013196979649364948	-0.004115871619433165	-0.005897123832255602	-0.03966878727078438
ENSMUSG00000029547	0.011939930729568005	0.021248510107398033	0.0018265534890815616	0.0222772303968668	-0.00515721132978797	0.004473328590393066	0.006828919053077698	0.21354354918003082	0.004521466325968504	0.0176344383507967	-0.008351263590157032	-0.023265965282917023	0.008376535028219223	0.018640941008925438	-0.030284827575087547	0.20176881551742554	0.018013134598731995	0.05203657224774361	0.009547922760248184	0.14695505797863007	-0.007576433010399342	0.34929755330085754
ENSMUSG00000108207	0.019025763496756554	0.031316984444856644	0.005168796982616186	0.017063748091459274	-0.00862920843064785	0.0032425455283373594	0.005389003083109856	-0.017022626474499702	0.015561215579509735	0.03115159086883068	-0.01987413316965103	0.004101039841771126	0.0023021670058369637	0.013311651535332203	-0.022364124655723572	0.05155910179018974	0.036705560982227325	0.02559680864214897	0.08063884824514389	0.018641777336597443	0.007467060815542936	-0.020479382947087288
ENSMUSG00000103214	-0.0067461105063557625	0.005905460566282272	0.003573424182832241	0.012631595134735107	-0.000794246094301343	-0.002756840316578746	-0.007644925732165575	-0.0767446830868721	-0.004066783003509045	0.03546116128563881	-0.0016630759928375483	0.008907853625714779	-0.004189169034361839	0.0114050367847085	0.006845148745924234	-0.03239111974835396	-0.0028533320873975754	-0.027710402384400368	-0.0421384759247303	-0.15387330949306488	-0.00668502040207386	-0.06700422614812851
ENSMUSG00000020871	0.01343654002994299	0.02401340752840042	0.004470237996429205	0.013970350846648216	-0.02074630744755268	0.005999614484608173	0.009326103143393993	0.1032857894897461	0.01918073557317257	0.025862371549010277	-0.0158845242112875	-0.014449271373450756	0.0050187306478619576	0.014671090990304947	-0.023855671286582947	0.14710478484630585	0.027781758457422256	0.044832997024059296	0.005058200564235449	0.1243220716714859	-0.0001694776874501258	0.10968534648418427
ENSMUSG00000035376	0.008515599183738232	0.022161293774843216	-0.0013824723428115249	0.016761764883995056	-0.021297801285982132	0.012076098471879959	0.011935767717659473	0.2587364912033081	0.01853957399725914	0.014096254482865334	-0.00931591633707285	-0.02125907875597477	0.01464167982339859	0.009953675791621208	-0.024597497656941414	0.30188414454460144	0.0030293921008706093	0.08422019332647324	0.0440765805542469	0.5137650370597839	-0.0054446011781692505	0.3201896548271179
ENSMUSG00000017664	0.012279332615435123	0.028889527544379234	0.002393108792603016	0.017206475138664246	-0.01212864276021719	0.007138286251574755	0.009943791665136814	0.201662078499794	0.016784733161330223	0.017386844381690025	-0.016990872099995613	-0.015403569675981998	0.010176373645663261	0.01364351250231266	-0.024932704865932465	0.22330684959888458	0.014324174262583256	0.04495179280638695	0.043113432824611664	0.3603164553642273	-0.00799656193703413	0.1976671814918518
ENSMUSG00000095457	-0.10803068429231644	-0.22050966322422028	-0.026485972106456757	-0.05192337557673454	-0.0328693650662899	-0.07932398468255997	0.025736751034855843	-0.1055631935596466	-0.04727441817522049	-0.22943781316280365	-0.01883648708462715	-0.014530365355312824	-0.013789267279207706	-0.02652907930314541	0.04801816865801811	-0.24066951870918274	-0.16050326824188232	-0.27358344197273254	0.2254774421453476	-0.6104251742362976	-0.00779779814183712	-0.41069161891937256
ENSMUSG00000038010	0.0069189821369946	0.019616661593317986	-0.0014428639551624656	0.028908396139740944	-0.021366655826568604	0.009937096387147903	0.013482821173965931	0.2627466917037964	0.01612289622426033	0.012846285477280617	-0.008554437197744846	-0.021969329565763474	0.016041958704590797	0.010164685547351837	-0.027601491659879684	0.3066443204879761	0.0008084028959274292	0.08245669305324554	0.050384145230054855	0.5083557963371277	-0.0034048426896333694	0.2950073480606079
ENSMUSG00000090919	0.0013015465810894966	0.0005360737559385598	0.0001921268558362499	0.005304276943206787	-0.009934385307133198	-0.0004405398794915527	-0.006064174231141806	0.18989521265029907	-0.005388234276324511	0.013740508817136288	-0.0018072598613798618	-0.031244544312357903	0.005727829411625862	0.016858510673046112	0.015543452464044094	0.29659587144851685	0.006760882213711739	0.03471626341342926	0.002352220006287098	-0.05141063779592514	-0.008309760130941868	0.08220724016427994
ENSMUSG00000006920	0.010720047168433666	0.005002251826226711	0.0022679613903164864	0.020433656871318817	-0.019133301451802254	0.005690374877303839	0.004337254911661148	0.19358588755130768	0.01917206682264805	0.012197506614029408	-0.012097879312932491	-0.014502190053462982	0.009770180098712444	0.014118506573140621	-0.02902737632393837	0.21631745994091034	0.013128180056810379	0.05301216244697571	0.030696656554937363	0.2806550860404968	-0.006789098493754864	0.25722891092300415
ENSMUSG00000049168	-0.0074883089400827885	0.01320809219032526	-0.013214527629315853	-0.005074129905551672	0.006919939070940018	-0.005581543315201998	-0.013274536468088627	-0.04492974653840065	-0.00281030242331326	0.03260938078165054	0.011270357295870781	0.007328433450311422	-0.008508330211043358	0.01672062650322914	-0.00731611019000411	-0.14523112773895264	0.035326406359672546	-0.008084490895271301	-0.008578436449170113	-0.053935013711452484	-0.008442951366305351	-0.07948188483715057
ENSMUSG00000005973	0.009391438215970993	0.01604996994137764	-0.0010799934389069676	0.020496362820267677	-0.022075379267334938	0.008114542812108994	0.015239533968269825	0.20496870577335358	0.022886820137500763	0.015567298978567123	-0.013238437473773956	-0.019371842965483665	0.011120688170194626	0.011630178429186344	-0.027844447642564774	0.23790006339550018	0.007139899302273989	0.06634297221899033	0.08501072973012924	0.37266600131988525	-0.0021102786995470524	0.21107237040996552
ENSMUSG00000024776	0.00663302605971694	0.016685431823134422	0.0019537576008588076	0.020360296592116356	-0.016214804723858833	0.0031588012352585793	0.0037836891133338213	0.20591974258422852	0.004463850986212492	0.012874061241745949	-0.009930109605193138	-0.015581641346216202	0.003685275325551629	0.017325812950730324	-0.014919362030923367	0.2948332130908966	0.015512808226048946	0.05843588709831238	-0.016765981912612915	0.26999765634536743	-0.007685186341404915	0.13350209593772888
ENSMUSG00000086582	0.011981403455138206	0.018929002806544304	0.0017045399872586131	0.028269315138459206	-0.018814651295542717	0.009359394200146198	-0.0006883428432047367	0.23145368695259094	0.020775726065039635	0.014196761883795261	-0.003054317319765687	-0.014630986377596855	-0.009985320270061493	0.013102891854941845	-0.01263978611677885	0.308412104845047	0.005254468880593777	0.04399751126766205	0.04817964509129524	0.3614281117916107	-0.007059515919536352	0.33109280467033386
ENSMUSG00000101079	0.02243122085928917	0.03232317417860031	-0.002179415663704276	0.011280522681772709	-0.0016008180100470781	0.0008382316445931792	-0.003837326541543007	-0.07624344527721405	0.007295738440006971	0.041808053851127625	-0.006941376253962517	0.006393255665898323	0.006563207600265741	0.017979316413402557	0.008444898761808872	-0.038834452629089355	0.018905336037278175	0.019083335995674133	0.003810063237324357	-0.08764047920703888	-0.00558585487306118	-0.042340680956840515
ENSMUSG00000042985	0.024427805095911026	0.024078315123915672	0.0014860740629956126	0.014646724797785282	-0.007891024462878704	0.0002783358795568347	0.004697863012552261	-0.006452886387705803	0.01705266535282135	0.04013342410326004	-0.024036765098571777	0.01128230057656765	0.008458075113594532	0.006523913703858852	-0.01520694512873888	-0.02986101806163788	0.032363638281822205	0.03867213428020477	0.09493525326251984	0.02601233497262001	0.01624981313943863	0.016171757131814957
ENSMUSG00000029250	0.009251918643712997	0.020405525341629982	-0.0013549299910664558	0.02111194282770157	-0.026597315445542336	0.008069124072790146	0.009575874544680119	0.2925504744052887	0.016550011932849884	0.013063150458037853	-0.013104818761348724	-0.024319512769579887	0.01301672775298357	0.013533745892345905	-0.024538807570934296	0.31891030073165894	0.007929198443889618	0.08120071142911911	0.03450722619891167	0.42463576793670654	-0.008038565516471863	0.4059177339076996
ENSMUSG00000043019	0.006285261362791061	0.015189455822110176	0.001479783677496016	0.01534805167466402	-0.02165251411497593	0.007117395289242268	4.7887115215417e-05	0.27936792373657227	0.007852139882743359	0.012913445010781288	-0.01342639047652483	-0.023229019716382027	0.009698147885501385	0.017665553838014603	-0.013912281021475792	0.3129635155200958	0.012286501936614513	0.07966559380292892	0.015921220183372498	0.25747835636138916	-0.008823001757264137	0.35445407032966614
ENSMUSG00000033128	0.00802552793174982	0.02228676527738571	-0.00911092758178711	0.03417171165347099	-0.024331916123628616	0.012067851610481739	0.01821395382285118	0.2715854048728943	0.020692816004157066	0.012780709192156792	-0.003908030688762665	-0.022500159218907356	0.017071522772312164	0.007301713805645704	-0.027265122160315514	0.26943984627723694	-0.010702869854867458	0.07064846158027649	0.03935623914003372	0.5088168978691101	-0.003183803055435419	0.560082197189331
ENSMUSG00000096197	0.0437091588973999	0.024766845628619194	0.01221158355474472	0.02349669858813286	-0.011479921638965607	0.0005870197201147676	0.0006532950792461634	-0.09815125167369843	0.030840346589684486	0.04472825676202774	-0.02351752668619156	0.01031748577952385	0.012144578620791435	0.0075118662789464	-0.00023887680436018854	0.02947969175875187	0.032399024814367294	0.002218488370999694	0.03591546416282654	-0.074704110622406	-0.0060233366675674915	-0.006889366079121828
ENSMUSG00000049107	0.01120965275913477	0.029699871316552162	0.008388394489884377	0.01532036904245615	-0.004707362502813339	0.0012007425539195538	0.003067780053243041	0.04552285745739937	0.008375996723771095	0.024151498451828957	-0.008086523041129112	-0.01415153220295906	0.0006905139307491481	0.015268982388079166	-0.016327016055583954	0.0408858060836792	0.028581170365214348	0.02961186319589615	-0.007129616569727659	0.0868145152926445	-0.0070677222684025764	0.007282332982867956
ENSMUSG00000051682	0.018976889550685883	0.04756623134016991	0.004445537459105253	0.027813510969281197	-0.0028746258467435837	-0.0011496951337903738	-0.001868674298748374	-0.06450315564870834	0.000868131872266531	0.024530811235308647	0.0036325627006590366	0.008448639884591103	0.009720352478325367	-0.00044974818592891097	0.003563718404620886	-0.043370321393013	0.02530437894165516	0.013892773538827896	0.006380487699061632	-0.04592016711831093	-0.006376837380230427	-0.038431860506534576
ENSMUSG00000031142	-0.008373979479074478	-0.01829468458890915	0.003306951839476824	0.006218528840690851	0.006747273728251457	-0.005071270279586315	-0.004122114274650812	-0.10196451097726822	-0.005984977353364229	-0.023033425211906433	0.003193722339347005	0.009380823001265526	-0.0035538545344024897	-0.0024750621523708105	-0.0008245938806794584	-0.09337066859006882	0.02072027698159218	-0.034095197916030884	-0.012943662703037262	-0.04358317330479622	-0.00995189230889082	-0.12054091691970825
ENSMUSG00000020388	0.012538137845695019	0.008364353328943253	0.006498565897345543	0.013467973098158836	-0.013978218659758568	0.0024433161597698927	-0.00035004239180125296	0.09169542044401169	0.010009637102484703	0.03811667487025261	-0.01556768175214529	-0.017134342342615128	0.006121919024735689	0.017853455618023872	-0.020056597888469696	0.09762022644281387	0.032670922577381134	0.05051806569099426	0.0003389035409782082	-0.04199661687016487	-0.004171629901975393	0.05976642295718193
ENSMUSG00000031751	0.01033026073127985	0.02291102707386017	0.0016708854818716645	0.02273143269121647	-0.02397787757217884	0.00710962014272809	0.007472709286957979	0.19084584712982178	0.018784567713737488	0.013636057265102863	-0.01787685602903366	-0.027549555525183678	0.010293266735970974	0.015966931357979774	-0.028476905077695847	0.26466870307922363	0.015060944482684135	0.046246547251939774	0.0418887585401535	0.31358858942985535	-0.005945769604295492	0.26331284642219543
ENSMUSG00000073001	-0.011381774209439754	-0.09352213889360428	0.0036826475989073515	-0.0412820540368557	0.0026716855354607105	0.004121439065784216	-0.018675044178962708	-0.1796252429485321	-0.0038355181459337473	-0.05128238722681999	0.00631850678473711	0.028259525075554848	-0.015555347315967083	-0.09275434166193008	-0.014422561973333359	-0.2599818706512451	-0.009436645545065403	-0.05899383872747421	-0.04724406078457832	-0.15184719860553741	-0.008497322909533978	-0.10068467259407043
ENSMUSG00000001288	0.007002271246165037	0.013458537869155407	-0.012299830093979836	0.019139546900987625	-0.01983095332980156	0.0020830610301345587	0.0351472869515419	0.18343183398246765	0.021229062229394913	0.01302341464906931	-0.021932775154709816	-0.027673017233610153	0.015853742137551308	0.011145506985485554	-0.04532794654369354	0.18601936101913452	0.006101306062191725	0.04502077028155327	0.13957570493221283	0.20533478260040283	0.042468223720788956	0.1737837940454483
ENSMUSG00000062165	-0.0009545740322209895	-0.017062071710824966	-0.005362614523619413	0.004360790830105543	-0.0020907835569232702	-0.0011710245162248611	-0.010884282179176807	-0.09614631533622742	-0.003470412688329816	0.01846724934875965	0.01636703684926033	0.007870031520724297	-0.0009103991906158626	0.009814857505261898	-8.554011583328247e-05	-0.04436318576335907	0.011677430011332035	-0.034193843603134155	-0.05252522602677345	-0.16357621550559998	-0.00886601023375988	-0.07448308169841766
ENSMUSG00000085709	0.019280094653367996	0.012348141521215439	-0.002662287326529622	0.004755403846502304	-0.009042773395776749	-0.0034961930941790342	-0.004086031578481197	-0.04342048242688179	0.0032066702842712402	0.04019439220428467	-0.013562933541834354	0.028970301151275635	0.01245184801518917	0.015284244902431965	-0.005492442287504673	0.0044051664881408215	0.0258562620729208	0.03976133093237877	0.0033064610324800014	-0.045857127755880356	-0.0026678431313484907	-0.031204937025904655
ENSMUSG00000021579	0.0271028783172369	0.0299134012311697	0.010118500329554081	0.013723747804760933	-0.00601129001006484	-0.0018433424411341548	0.0032169113401323557	-0.050012655556201935	0.018220586702227592	0.032448865473270416	-0.006306495517492294	0.00807370338588953	0.0037482306361198425	0.006938429083675146	-0.005912122316658497	0.013958360999822617	0.038954317569732666	0.03706201910972595	0.06127545237541199	0.11915493756532669	-0.004779725801199675	-0.003986091818660498
ENSMUSG00000106490	-0.005012793466448784	0.03891890123486519	-0.0009729515295475721	0.012501437216997147	0.0011829778086394072	-0.0002065095177385956	-0.012516497634351254	-0.09998255968093872	0.007440416142344475	0.03171750530600548	-0.0052864644676446915	0.015498002991080284	-0.002988732187077403	0.007268988993018866	-0.004172989632934332	0.009265554137527943	0.019530555233359337	0.03948661684989929	-0.01774204522371292	-0.05768464878201485	-0.00768147362396121	-0.026855159550905228
ENSMUSG00000110945	0.004199226386845112	0.016472678631544113	0.004677409306168556	0.022902222350239754	-0.028122764080762863	0.004202348180115223	0.047365836799144745	0.19589385390281677	0.029772305861115456	0.008539827540516853	-0.0056238677352666855	-0.03977082669734955	0.021412799134850502	0.0075698369182646275	-0.0024173161946237087	0.27939820289611816	-0.004162983037531376	0.07011160999536514	0.13721852004528046	0.3573223054409027	0.030744921416044235	0.35358914732933044
ENSMUSG00000099616	0.027913890779018402	0.04370744526386261	0.007264282554388046	0.020117493346333504	-0.002077915007248521	-0.0007646003505215049	-0.004079857375472784	-0.054671596735715866	0.015554964542388916	0.03886076807975769	-0.0016739391721785069	0.009484813548624516	0.00991103332489729	-0.0038992809131741524	-0.0002102974831359461	-0.04446912929415703	0.024476109072566032	0.026494182646274567	-0.020726703107357025	-0.11029571294784546	-0.005797019228339195	-0.06569210439920425
ENSMUSG00000067596	0.026589689776301384	0.031150927767157555	0.007316078059375286	0.022656502202153206	-0.004885025788098574	0.0013550663134083152	-0.0019039870239794254	-0.054836779832839966	0.017459779977798462	0.030225420370697975	-0.0072813741862773895	0.011928031221032143	0.004657420329749584	0.011500922031700611	-0.0023772516287863255	-0.04181715101003647	0.0354873389005661	0.04320294037461281	-0.04735875129699707	-0.13584810495376587	-0.008371958509087563	-0.12824641168117523
ENSMUSG00000115428	0.013198205269873142	0.029667090624570847	0.0024242624640464783	0.016309358179569244	-0.01812310330569744	0.007286288775503635	0.00986490212380886	0.09542839974164963	0.021795043721795082	0.027518389746546745	-0.016100645065307617	-0.01794404909014702	0.011303074657917023	0.015064734034240246	-0.02788214385509491	0.1952415257692337	0.023197973147034645	0.05763862282037735	0.0981605276465416	0.28956374526023865	0.0029342540074139833	0.06652875989675522
ENSMUSG00000111273	-0.001425820984877646	-0.004488562233746052	-0.005335318855941296	-0.03158629685640335	-0.0019472752464935184	-0.002373216673731804	-0.012294303625822067	-0.09539947658777237	-0.013340026140213013	0.01094010379165411	0.003160086227580905	0.009716426953673363	6.691767339361832e-05	0.010928010568022728	-0.0067831785418093204	-0.1304110884666443	-0.014978552237153053	-0.002976434538140893	-0.0326472744345665	-0.12853433191776276	-0.00931613426655531	-0.061539679765701294
ENSMUSG00000120361	0.011059400625526905	0.017674146220088005	6.009247954352759e-05	0.02214735746383667	-0.03714098781347275	0.0052644032984972	0.0313664972782135	0.2359248548746109	0.023748910054564476	0.011448594741523266	-0.059704869985580444	-0.02846408635377884	0.02056831866502762	0.010239270515739918	-0.04868754744529724	0.2617339789867401	0.002897710306569934	0.06494608521461487	0.0437907800078392	0.10554482787847519	0.013627598062157631	0.26423168182373047
ENSMUSG00000073257	-0.10803068429231644	-0.22050966322422028	-0.026485972106456757	-0.05192337557673454	-0.0328693650662899	-0.07932398468255997	0.025736751034855843	-0.1055631935596466	-0.04727441817522049	-0.22943781316280365	-0.01883648708462715	-0.014530365355312824	-0.013789267279207706	-0.02652907930314541	0.04801816865801811	-0.24066951870918274	-0.16050326824188232	-0.27358344197273254	0.2254774421453476	-0.6104251742362976	-0.00779779814183712	-0.41069161891937256
ENSMUSG00000026729	0.006970126647502184	0.010217935778200626	0.00035509595181792974	0.0010571295861154795	0.0037028456572443247	0.0009607644169591367	-0.012711397372186184	-0.08083588629961014	0.0023633947130292654	0.029316840693354607	0.003498361213132739	0.015839939936995506	-2.20015317609068e-05	0.0048053208738565445	-0.0011994818923994899	0.019100988283753395	-0.000933106814045459	0.021671967580914497	0.018393676728010178	-0.07469402998685837	-0.0069725047796964645	-0.05884556472301483
ENSMUSG00000020988	0.00803541112691164	0.022550977766513824	-0.0013706652680411935	0.022913675755262375	-0.02092389017343521	0.0037634754553437233	0.014859658665955067	0.27322855591773987	0.016216155141592026	0.011504578404128551	-0.00797098595649004	-0.025040751323103905	0.01618933491408825	0.009985229931771755	-0.029116032645106316	0.30983081459999084	0.003905761754140258	0.07493206113576889	0.04988479986786842	0.4652513563632965	-0.004714314825832844	0.2683490812778473
ENSMUSG00000033831	0.021974943578243256	-0.028826937079429626	0.004844385199248791	-0.017387263476848602	-0.0015376843512058258	-0.007042137440294027	-0.0012514716945588589	-0.02927619218826294	-0.0031046124640852213	0.0428367480635643	0.00016495291492901742	0.009819796308875084	0.0017917582299560308	-0.01363830640912056	0.030847148969769478	-0.1424703747034073	0.029750047251582146	-0.01560657937079668	-0.037438858300447464	-0.1360466033220291	-0.012185650877654552	-0.04171118885278702
ENSMUSG00000032536	0.007670343387871981	0.009716983884572983	-0.0009035757393576205	0.015292069874703884	-0.009451585821807384	-0.000903475156519562	0.01988873817026615	0.1869000941514969	0.012391832657158375	0.013444959186017513	-0.010361867025494576	-0.015444954857230186	0.011071904562413692	0.013674547895789146	-0.030208678916096687	0.13570694625377655	0.009153211489319801	0.03554778918623924	0.07256100326776505	0.2188996523618698	-0.002544376766309142	0.22294498980045319
ENSMUSG00000048473	0.022308068349957466	0.021159708499908447	0.010910147801041603	-0.012639438733458519	-0.009098262526094913	-0.0015362954000011086	-0.0025071657728403807	-0.07725431770086288	0.007879070937633514	0.029339296743273735	-0.013448813930153847	0.010392921976745129	0.003505090484395623	0.016609346494078636	0.00015329505549743772	-0.04082096740603447	0.026011548936367035	0.03108488768339157	0.013079570606350899	0.003890804946422577	-0.009028200060129166	0.0008412040770053864
ENSMUSG00000024847	0.009120319038629532	0.013284827582538128	-0.0029084044508635998	0.02015761286020279	-0.0202463548630476	0.0050932555459439754	0.027422286570072174	0.1932206153869629	0.022358035668730736	0.01032420713454485	-0.0158369317650795	-0.02046015113592148	0.014615397900342941	0.01185446698218584	-0.02281344123184681	0.23417021334171295	0.006220055744051933	0.03966977819800377	0.06906404346227646	0.3196500837802887	0.010288701392710209	0.2937873303890228
ENSMUSG00000063953	0.028218740597367287	0.04787503555417061	0.01701435260474682	0.017657116055488586	-0.017295964062213898	0.0037249932065606117	0.00023676188720855862	0.01458448451012373	0.030886873602867126	0.055836934596300125	-0.013593983836472034	0.00321182725019753	0.004263489972800016	0.01266934908926487	-0.005506102927029133	-0.0542556494474411	0.035894330590963364	0.03725452348589897	0.03802208602428436	0.01727401837706566	0.0022074412554502487	0.0165104940533638
ENSMUSG00000110002	0.016572358086705208	0.037956949323415756	0.026081416755914688	0.02059910260140896	-0.007573719602078199	-0.005540686659514904	-0.0018899887800216675	-0.0766168013215065	-0.015531081706285477	0.035700686275959015	-0.017811203375458717	0.00537459971383214	-0.0015969821251928806	0.0067821647971868515	-0.008281032554805279	0.017548033967614174	0.01901288330554962	0.04169367253780365	-0.026826882734894753	-0.11644643545150757	-0.008944624103605747	-0.09219158440828323
ENSMUSG00000097261	0.009192199446260929	0.02576810121536255	0.006379405036568642	0.03571869060397148	-0.010480313561856747	0.00668603740632534	-0.031613897532224655	0.28353679180145264	0.015943866223096848	0.014881627634167671	-0.0027675169985741377	0.004774237051606178	-0.02825012244284153	0.010829002596437931	0.012018016539514065	0.3382703363895416	0.009929207153618336	0.08309847861528397	0.04373487830162048	0.5047163367271423	-0.006108508910983801	0.43101927638053894
ENSMUSG00000039163	0.008007111959159374	0.019710326567292213	0.0020857597701251507	0.021492473781108856	-0.016146039590239525	0.007797294296324253	0.00352766877040267	0.23653355240821838	0.009566433727741241	0.01430869847536087	-0.011813558638095856	-0.019035404548048973	0.008801535703241825	0.016202375292778015	-0.01754887029528618	0.3338746726512909	0.011893809773027897	0.06481437385082245	0.013012010604143143	0.34342753887176514	-0.007564897648990154	0.3399658501148224
ENSMUSG00000102764	0.00020535330986604095	-0.007638565264642239	-0.0011148557532578707	-0.012978680431842804	-0.00020466094429139048	-0.008151626214385033	-0.0242016538977623	-0.10624776780605316	0.008507207967340946	-0.0032453143503516912	-0.002495136810466647	0.009415244683623314	-0.008120461367070675	-0.007862653583288193	0.007684789132326841	-0.040270790457725525	-0.016842542216181755	0.025218769907951355	-0.005290504544973373	-0.037051066756248474	-0.008041774854063988	-0.049455609172582626
ENSMUSG00000020115	0.01094142347574234	0.03064495138823986	0.0022779821883887053	0.008377461694180965	-0.018702421337366104	0.008623519912362099	0.0064262403175234795	0.20129133760929108	0.020901896059513092	0.01667901687324047	-0.010342790745198727	-0.021712951362133026	0.011644038371741772	0.012970905750989914	-0.025801828131079674	0.2357904613018036	0.01262667402625084	0.03266993165016174	0.052499040961265564	0.36735352873802185	-0.005036060698330402	0.1730579137802124
ENSMUSG00000106962	0.023486755788326263	-0.0021250233985483646	0.004622815642505884	0.01344437338411808	-0.004028879571706057	-0.006563297472894192	-0.005658557638525963	-0.07765228301286697	0.003617391921579838	0.054890070110559464	-0.010709465481340885	0.008073728531599045	-0.0024059743154793978	0.017330195754766464	4.267459735274315e-05	-0.08079347014427185	0.06411706656217575	0.049975212663412094	-0.007119897753000259	-0.00460366066545248	-0.016188086941838264	-0.0271613709628582
ENSMUSG00000092269	0.035348162055015564	-0.0028847819194197655	0.015177075751125813	0.012485884130001068	0.0009708713041618466	0.0003768618043977767	-0.005036473739892244	-0.08612684905529022	0.008129273541271687	0.02971741370856762	-0.0037519559264183044	0.010003562085330486	0.001268726191483438	0.017474407330155373	-0.0018541284371167421	-0.08329977095127106	-0.011361535638570786	0.012486171908676624	-0.01928795874118805	-0.09426619857549667	-0.007516022771596909	-0.027047162875533104
ENSMUSG00000025529	-0.005835745483636856	-0.00209282455034554	-0.0005366225377656519	-0.007904679514467716	0.017061954364180565	-0.005790929775685072	-0.0053741722367703915	0.1890508234500885	-0.023554503917694092	0.004891864489763975	0.014896340668201447	-0.018414150923490524	-0.014634979888796806	0.015196342021226883	0.012809732928872108	0.32317888736724854	0.006091094575822353	0.02858729287981987	-0.06360959261655807	0.057142600417137146	-0.0065236217342317104	0.014306200668215752
ENSMUSG00000038015	0.013594405725598335	0.0465194433927536	-0.0012945267371833324	0.01607181690633297	0.0014417320489883423	0.009479868225753307	-0.005264723673462868	-0.05322825908660889	0.01589667983353138	0.03264265134930611	-0.0037347825709730387	0.00778156565502286	0.012409571558237076	-0.028253935277462006	-0.014870252460241318	0.03219379112124443	0.01126929558813572	0.0704893097281456	-0.04553777724504471	-0.053188763558864594	-0.01027354970574379	-0.032607898116111755
ENSMUSG00000037386	0.006881279405206442	0.01282630953937769	0.0001383364578941837	0.03254611790180206	-0.025443457067012787	0.007445863448083401	0.007319716736674309	0.3068433701992035	0.008963897824287415	0.010171887464821339	-0.007338959723711014	-0.028380297124385834	0.019292235374450684	0.014547007158398628	-0.012928544543683529	0.3444750905036926	0.005045976489782333	0.09087256342172623	0.03247454762458801	0.4109554588794708	-0.008375671692192554	0.39783328771591187
ENSMUSG00000021953	0.002301832428202033	0.005006817169487476	-0.012287072837352753	0.023005716502666473	-0.009661773219704628	0.006094763986766338	0.0769263431429863	0.1870443969964981	0.007437207270413637	0.00771152600646019	-0.0018121652537956834	-0.009886548854410648	0.04148132726550102	0.002364667598158121	-0.05784612521529198	0.17159000039100647	-0.014779063872992992	0.0407959409058094	0.0996861383318901	0.46364879608154297	0.052650466561317444	0.18257242441177368
ENSMUSG00000028926	0.0052747465670108795	0.017109714448451996	0.00017328113608527929	0.023640967905521393	-0.012837426736950874	0.002245766343548894	-0.006640681531280279	0.1896636039018631	0.002146957442164421	0.021609824150800705	-0.007828552275896072	-0.023101022467017174	0.0007617633673362434	0.019660692662000656	-0.012622114270925522	0.2762330174446106	0.01306885201483965	0.05778231471776962	-0.05226537212729454	-0.06559748947620392	-0.005323786288499832	0.06301352381706238
ENSMUSG00000055720	0.010603854432702065	0.02504441887140274	0.0022635862696915865	0.02189335972070694	-0.021242063492536545	0.005747407674789429	0.005864170845597982	0.23716430366039276	0.016709355637431145	0.015126854181289673	-0.022582830861210823	-0.018347563222050667	0.009160850197076797	0.01616768166422844	-0.02481756918132305	0.3103700578212738	0.016488870605826378	0.06656252592802048	0.036804765462875366	0.2840486764907837	-0.007792438380420208	0.25809141993522644
ENSMUSG00000060816	0.02619062177836895	0.030003661289811134	0.0007782408501952887	-0.02191721461713314	-0.0009555819560773671	-0.0038028645794838667	-0.005233646836131811	-0.06605786085128784	0.0014189017238095403	0.0495082251727581	-0.013974522240459919	0.004705145489424467	0.00576903996989131	0.01762359030544758	0.006429031025618315	-0.05899946764111519	0.020920321345329285	-0.004123175051063299	-0.029959015548229218	-0.048447128385305405	-0.00653237896040082	-0.05584803968667984
ENSMUSG00000035199	0.01038237102329731	0.02704406902194023	0.0010512815788388252	0.023288002237677574	-0.017031898722052574	0.0014103322755545378	0.015961332246661186	0.2271357923746109	0.02184358425438404	0.0170708317309618	-0.01388002373278141	-0.012185774743556976	0.011354301124811172	0.013238229788839817	-0.023459434509277344	0.16505125164985657	0.01257284078747034	0.05259837955236435	0.04893757775425911	0.36129269003868103	-0.005133379250764847	0.21592070162296295
ENSMUSG00000027002	0.006886888761073351	0.022299347445368767	0.0015954175032675266	0.020696906372904778	-0.025052644312381744	0.0033586514182388783	0.008532303385436535	0.24851194024085999	0.010155933909118176	0.012096472084522247	-0.011711692437529564	-0.029991883784532547	0.008615203201770782	0.016762781888246536	-0.013404837809503078	0.31086549162864685	0.012083329260349274	0.07595931738615036	0.03556216135621071	0.3142285943031311	-0.008247576653957367	0.3434695303440094
ENSMUSG00000107996	-0.0011999852722510695	-0.014938930049538612	-0.020933423191308975	-0.028098497539758682	-0.007094892673194408	0.0019113683374598622	-0.02491391822695732	-0.12821653485298157	0.007755206897854805	-0.01660187542438507	0.0075638932175934315	0.011301611550152302	-0.004863507580012083	0.0068388935178518295	0.11555808037519455	-0.04873198643326759	0.030609307810664177	-0.003376752370968461	-0.05450151488184929	-0.10563020408153534	-0.009934131056070328	-0.07102083414793015
ENSMUSG00000030276	0.025075163692235947	0.04208400845527649	0.0053117708303034306	0.025504952296614647	-0.0036811456084251404	-0.0008224240154959261	0.004330912604928017	0.010853025130927563	0.015131372027099133	0.0591723695397377	-0.013330726884305477	0.004274172708392143	0.006886948365718126	0.004504202399402857	-0.0025329897180199623	-0.08154740929603577	0.0361042395234108	0.042852263897657394	0.10054060071706772	0.10526249557733536	0.009383861906826496	0.0031715845689177513
ENSMUSG00000107801	0.0295511856675148	0.026592087000608444	0.022944610565900803	-0.0017591262003406882	0.0047251577489078045	-0.004184429533779621	-0.0008102666470222175	-0.03783715143799782	-0.002899700775742531	0.050044022500514984	-0.019139086827635765	0.007097744382917881	0.005779747851192951	0.009899396449327469	0.006244366057217121	-0.10603895783424377	0.047398801892995834	0.04522958770394325	0.015225128270685673	-0.006896439008414745	-0.0074784839525818825	-0.023593658581376076
ENSMUSG00000002808	0.004178762435913086	0.015813374891877174	0.0022466317750513554	0.01540849357843399	-0.020065288990736008	0.0031945076771080494	0.0029915468767285347	0.2065596729516983	0.014783903025090694	0.010921396315097809	-0.01348997000604868	-0.016010820865631104	0.007674871478229761	0.014013421721756458	-0.017731942236423492	0.1920001059770584	0.014689370058476925	0.05592511221766472	0.03650251775979996	0.2933003008365631	-0.006083852611482143	0.16989749670028687
ENSMUSG00000068151	-0.008712360635399818	-0.02280399762094021	-0.0035080346278846264	0.006208081729710102	0.0004943374660797417	-0.005277101416140795	-0.012782566249370575	-0.10833228379487991	-0.009727074764668941	-0.003572251182049513	0.004290077835321426	0.011792541481554508	-0.003358872141689062	-0.0020298215094953775	-0.0032872138544917107	-0.08837753534317017	0.008320089429616928	-0.16930194199085236	-0.049977391958236694	-0.08582053333520889	-0.00989418663084507	-0.09580227732658386
ENSMUSG00000086302	0.023098446428775787	0.043052446097135544	0.007725107483565807	0.021841004490852356	0.0004088424611836672	-0.0040701013058424	-0.01119756419211626	-0.04983241856098175	0.011222724802792072	0.033812280744314194	0.015909090638160706	0.006990951485931873	0.010368913412094116	0.00439169118180871	0.0016667064046487212	-0.052908942103385925	0.030127275735139847	0.050425462424755096	0.00289384787902236	-0.049842700362205505	-0.006869103293865919	-0.0715203732252121
ENSMUSG00000109487	0.004182063974440098	0.04364194720983505	-4.836524749407545e-05	0.004155236296355724	-0.00436737947165966	0.006131170783191919	-0.017670150846242905	0.0008257773006334901	-0.019236087799072266	-0.0006453086389228702	0.000228105069254525	0.003963856492191553	-0.009699724614620209	0.018188467249274254	-0.003621527226641774	-0.013347992673516273	-0.021415062248706818	0.013920272700488567	-0.008066845126450062	-0.05956045165657997	-0.00519795436412096	-0.03495268523693085
ENSMUSG00000051557	0.007748577743768692	0.011937355622649193	0.0009050939697772264	0.02083989419043064	0.0012548347003757954	0.004984663333743811	0.0347287543118	0.2967860698699951	0.018959898501634598	0.008278320543467999	0.007543850690126419	-0.03195454180240631	0.011297488585114479	0.010989203117787838	-0.013200243934988976	0.27786123752593994	0.006826696451753378	0.07218366116285324	0.08388931304216385	0.33604857325553894	0.002556910738348961	0.4270753860473633
ENSMUSG00000057977	0.0031960830092430115	0.016479013487696648	0.00022260390687733889	-0.019237495958805084	-0.0034249883610755205	0.0021810203325003386	-0.0020675184205174446	-0.06005113199353218	-0.0020864191465079784	0.034010112285614014	-0.000608798407483846	0.0055026705376803875	0.0013721197610720992	0.011290499940514565	-0.002775725210085511	-0.0926256850361824	0.015005230903625488	0.004555656109005213	-0.03128973767161369	-0.07133566588163376	-0.008378785103559494	-0.004383327905088663
ENSMUSG00000035964	0.021136147901415825	0.033148035407066345	0.014357413165271282	0.02207159996032715	-0.011609015055000782	-0.0036430852487683296	0.004636895842850208	0.014303654432296753	0.008494999259710312	0.0378422848880291	-0.009408129379153252	-0.003677166998386383	-0.004105499014258385	0.0156527291983366	-0.011977494694292545	-0.006324991583824158	0.05695710703730583	0.018246419727802277	0.02541050687432289	-0.003450988559052348	-0.004502261057496071	0.016753241419792175
ENSMUSG00000021973	-0.0008001954993233085	-0.01341760903596878	-0.00034024514025077224	0.002639672253280878	0.009748966433107853	-0.005473130848258734	-0.002262602560222149	0.2383275181055069	-0.009172334335744381	0.0076684169471263885	0.0005557150579988956	-0.00547473831102252	0.0015763657866045833	0.009782588109374046	-0.011308223009109497	0.3158007860183716	0.003886184422299266	0.019440019503235817	0.017591629177331924	0.41084668040275574	-0.005474686156958342	0.36322155594825745
ENSMUSG00000070368	0.02951023355126381	0.021774757653474808	0.008426369167864323	0.02833247371017933	-0.0024691668804734945	-0.0022858146112412214	-0.0004915044992230833	-0.080355703830719	0.0074312724173069	0.053262483328580856	-0.008649149909615517	0.004181024618446827	0.0017163105076178908	0.005338151473551989	0.0028958923649042845	-0.006462147459387779	0.03353323042392731	0.012835154309868813	-0.026912128552794456	-0.148151695728302	-0.0057146926410496235	-0.0648902952671051
ENSMUSG00000104379	0.008941666223108768	0.025480423122644424	0.012809756211936474	0.011018818244338036	-0.002817177679389715	0.0011505212169140577	0.0027337181381881237	-0.07204848527908325	0.0031797022093087435	0.037552546709775925	-0.017472289502620697	-0.0020351149141788483	0.00760556710883975	0.013443750329315662	-0.006422785576432943	0.06193777173757553	0.0275381151586771	0.04176652058959007	0.11863845586776733	0.26756471395492554	-0.002112952060997486	0.003130239201709628
ENSMUSG00000041215	0.00990290381014347	0.02022615447640419	-0.00039521686267107725	0.022390061989426613	-0.02479393035173416	0.009098680689930916	0.0075471834279596806	0.22568738460540771	0.017903218045830727	0.012323375791311264	-0.01360175758600235	-0.02291937917470932	0.011803059838712215	0.013951987959444523	-0.023648111149668694	0.2954050302505493	0.009480771608650684	0.05957866087555885	0.0497916117310524	0.3503437340259552	-0.006522613577544689	0.3454330861568451
ENSMUSG00000022132	0.025029156357049942	0.015349166467785835	0.009215828031301498	0.03235304728150368	-0.004274638369679451	0.0005029811873100698	-0.0006914737750776112	-0.07895764708518982	0.008989132940769196	0.057070013135671616	-0.00660259835422039	0.009059930220246315	0.00522500928491354	0.0049305264838039875	0.005849613342434168	-0.05438663065433502	0.030628329142928123	0.013788578100502491	-0.009781066328287125	-0.04201802238821983	-0.008043752983212471	-0.0031015221029520035
ENSMUSG00000086145	0.030866539105772972	0.02727189101278782	0.002028051530942321	0.017754172906279564	-0.006993250921368599	-0.0027491808868944645	-0.002205856377258897	-0.044364895671606064	0.007006636820733547	0.042596567422151566	0.004261268302798271	0.000349832815118134	0.0011521513806656003	0.015991559252142906	-0.01127274427562952	0.0987914651632309	0.04050135612487793	0.0260750874876976	-0.028304915875196457	-0.038380615413188934	-0.00024068698985502124	-0.03587017208337784
ENSMUSG00000071452	-0.004723209887742996	0.010877621360123158	-0.0007387253572233021	-0.010957799851894379	-0.00037517634336836636	0.0011083647841587663	-0.009331093169748783	-0.11819864064455032	0.00019173040345776826	-0.0014858696376904845	-0.001271766726858914	0.00740091921761632	0.0009494967525824904	0.007611923385411501	0.004864966031163931	-0.006473767105489969	0.002952875103801489	0.022143831476569176	-0.0466461218893528	-0.17237573862075806	-0.007885667495429516	-0.0735633447766304
ENSMUSG00000086742	0.006959817372262478	0.022393343970179558	-0.008916506543755531	0.02761448547244072	-0.016302792355418205	0.0079337814822793	0.029113924130797386	0.2129473239183426	0.022956619039177895	0.009927981533110142	-0.011262969113886356	-0.01990494318306446	0.02184755727648735	0.008544769138097763	-0.039938803762197495	0.2317863404750824	-0.0056269196793437	0.05168827623128891	0.06662559509277344	0.48217594623565674	0.010009345598518848	0.28759250044822693
ENSMUSG00000114425	0.025173917412757874	0.03681221976876259	0.0023888738360255957	0.021059425547719002	-0.009149840101599693	0.006590225268155336	-0.005413377191871405	-0.0404353030025959	0.01727893203496933	0.014445203356444836	-0.0073318867944180965	0.0028557912446558475	0.0015278123319149017	0.0030922407750040293	-0.009355205111205578	0.048452407121658325	0.032525431364774704	0.024964842945337296	0.018756939098238945	-0.00914065819233656	-0.0023495396599173546	0.0031469857785850763
ENSMUSG00000059857	0.010665161535143852	0.012829453684389591	0.0018480498110875487	0.02185252495110035	-0.0072032008320093155	-0.0003474065742921084	-0.0022089823614805937	0.049845337867736816	0.006942189298570156	0.018427271395921707	-0.0055189309641718864	-0.017595063894987106	-0.0009517071302980185	0.01454493310302496	-0.009877797216176987	0.09219776839017868	0.013529349118471146	0.00892498530447483	-0.027720076963305473	-0.05452108010649681	-0.006460798438638449	-0.02006867341697216
ENSMUSG00000035653	0.0007142595131881535	0.01078105065971613	-0.001830195658840239	0.01978183537721634	-0.011327116750180721	-0.0005093009676784277	0.0001262972946278751	0.13943879306316376	-0.005856429226696491	0.01618451625108719	-0.004169291816651821	-0.025148477405309677	-0.0010188781889155507	0.012743307277560234	-0.004290570504963398	0.18781375885009766	0.008735151030123234	0.038056451827287674	-0.012331905774772167	0.11031775176525116	-0.007270938251167536	-0.0071747493930161
ENSMUSG00000061132	0.013448507525026798	0.02819305658340454	0.01126081869006157	0.015134521760046482	-0.007055347785353661	-0.0009083435870707035	0.003357458394020796	-0.053871139883995056	0.009591200388967991	0.03031281754374504	-0.015419062227010727	0.002464848570525646	0.00234631123021245	0.017867987975478172	-0.016132501885294914	0.07979290932416916	0.03364184498786926	0.03969134762883186	0.027400195598602295	0.1686786264181137	-0.003841206431388855	0.0009612349676899612
ENSMUSG00000069806	0.007957393303513527	0.02355523779988289	-0.009154995903372765	0.013379625976085663	-0.021834498271346092	0.0033519661519676447	0.027018720284104347	0.20573900640010834	0.023275092244148254	0.012308726087212563	-0.016763577237725258	-0.025316407904028893	0.018016157671809196	0.010124986059963703	-0.04016277939081192	0.19509878754615784	0.0052820551209151745	0.043072961270809174	0.12892387807369232	0.2637259364128113	0.021134886890649796	0.20448489487171173
ENSMUSG00000086815	0.008018198423087597	0.020681090652942657	-0.0036499695852398872	0.01167531218379736	-0.022123361006379128	0.004453182686120272	0.011263507418334484	0.12953773140907288	0.03896908834576607	0.01849551498889923	-0.021552639082074165	-0.02663174830377102	0.01176082156598568	0.015392269939184189	-0.04363904520869255	0.13553065061569214	0.02408803626894951	0.03310169652104378	0.0945686623454094	0.19664405286312103	0.018803412094712257	0.10173887014389038
ENSMUSG00000096574	0.011768250726163387	0.026759929955005646	0.0017955313669517636	0.02046654187142849	-0.025332510471343994	0.00846912246197462	0.010285246185958385	0.16156461834907532	0.020226923748850822	0.01792426034808159	-0.018979329615831375	-0.025705821812152863	0.009642921388149261	0.015126206912100315	-0.02950252965092659	0.25090593099594116	0.01934915967285633	0.05842071399092674	0.040097616612911224	0.332398921251297	-0.003495386801660061	0.23530453443527222
ENSMUSG00000067545	0.018834957852959633	0.03635159134864807	0.009348804131150246	0.014490433037281036	-0.0022376428823918104	-0.001955638639628887	-0.02203589677810669	-0.061613745987415314	0.007411622442305088	0.07390134036540985	-0.009135555475950241	0.009387888014316559	-0.002377118216827512	0.009575785137712955	0.0043826657347381115	-0.0727299302816391	0.038664549589157104	0.035813771188259125	-0.02148715779185295	-0.16131776571273804	-0.009249062277376652	-0.08362109214067459
ENSMUSG00000054618	2.766359830275178e-05	0.042475610971450806	0.02331857942044735	0.020615452900528908	-0.017659487202763557	0.005713744089007378	0.004395946394652128	-0.031674496829509735	0.024187380447983742	0.03830777481198311	-0.008453072048723698	-0.006425359286367893	-0.0036679832264781	0.00455480208620429	-0.001059420988894999	0.11990825831890106	0.0692737028002739	-0.009207649156451225	0.038919854909181595	0.09867390990257263	-0.005281742662191391	0.016475968062877655
ENSMUSG00000041264	0.007632960565388203	0.021544411778450012	-0.008906427770853043	0.03825031965970993	-0.02678092196583748	0.007418790832161903	0.022862829267978668	0.2958885133266449	0.023647025227546692	0.010731780901551247	-0.010465014725923538	-0.01923975721001625	0.024690678343176842	0.007496197707951069	-0.032817065715789795	0.31472837924957275	-0.00913963932543993	0.09074585139751434	0.044781021773815155	0.5683341026306152	-0.0013537139166146517	0.44599220156669617
ENSMUSG00000037761	0.010617497377097607	0.019705697894096375	0.0023456697817891836	0.011088421568274498	-0.012734310701489449	0.008396980352699757	0.00734699796885252	0.20890019834041595	0.010214686393737793	0.01694585382938385	-0.019384510815143585	-0.024444203823804855	0.003703413065522909	0.01855430006980896	-0.021448971703648567	0.28226572275161743	0.018904585391283035	0.04934552311897278	0.035010628402233124	0.14387892186641693	-0.0077155535109341145	0.2980443239212036
ENSMUSG00000030636	0.015149690210819244	0.03386819362640381	0.00993993878364563	0.014496760442852974	-0.0036671780981123447	0.0001570778404129669	-0.0025822282768785954	-0.07051420956850052	0.012722448445856571	0.03788236156105995	-0.008115225471556187	0.005019856616854668	0.0062392596155405045	0.007403196766972542	-0.0038761997129768133	0.021170437335968018	0.03385549411177635	0.028553612530231476	0.014958139508962631	-0.07890863716602325	-0.0044693723320961	-0.014774314127862453
ENSMUSG00000015143	0.007824363186955452	0.016698110848665237	-0.007347931154072285	0.028943026438355446	-0.02069627307355404	0.0031801846344023943	0.02208589017391205	0.2711316645145416	0.021817021071910858	0.012139793485403061	-0.012998237274587154	-0.02156674861907959	0.021040573716163635	0.00898363720625639	-0.03806893900036812	0.28006795048713684	-0.004270728211849928	0.06770412623882294	0.05886389687657356	0.45087841153144836	0.0005856105126440525	0.32624635100364685
ENSMUSG00000049605	0.017057757824659348	0.014585861936211586	0.0041819410398602486	0.005017423070967197	-0.00825955905020237	-0.002627055859193206	-0.009773895144462585	-0.07912697643041611	0.002265157178044319	0.03789275884628296	-0.0017532132333144546	0.009973022155463696	0.0035566824954003096	0.012989051640033722	-0.002619560109451413	-0.04993025213479996	0.020416805520653725	0.002019869862124324	-0.027555737644433975	-0.038810644298791885	-0.009167797863483429	-0.09773904085159302
ENSMUSG00000062961	0.016168031841516495	0.035113926976919174	-0.005226717796176672	0.01777554675936699	-0.00813620537519455	0.0020904007833451033	0.00501133082434535	0.042902253568172455	0.02195708081126213	0.028574135154485703	-0.01951582357287407	-0.012585415504872799	0.010174133814871311	0.011272570118308067	-0.03535539284348488	-0.028249943628907204	0.028571369126439095	0.02321256697177887	0.10112417489290237	0.05119950324296951	0.042935676872730255	0.09933560341596603
ENSMUSG00000018661	0.010280271992087364	0.02275930903851986	-0.004669600166380405	0.022412775084376335	-0.019479192793369293	0.00630982406437397	0.014005486853420734	0.22820007801055908	0.017348410561680794	0.014152666553854942	-0.014292191714048386	-0.0232048612087965	0.012444866821169853	0.014346526004374027	-0.024255340918898582	0.28967130184173584	0.009792945347726345	0.05462607741355896	0.05155180022120476	0.291805624961853	-0.0024272557348012924	0.38818782567977905
ENSMUSG00000103309	0.01576397381722927	0.04386590048670769	-0.020433461293578148	0.01884131133556366	-0.0032620683778077364	-0.0003754921199288219	-0.05444911867380142	0.03910737857222557	0.02190881036221981	0.031564682722091675	-0.04740108549594879	-0.00958692654967308	0.005101095885038376	0.016364576295018196	-0.06795108318328857	0.0011933721834793687	0.04111218824982643	0.041802626103162766	0.1099538505077362	0.09428539127111435	0.04843822494149208	0.084743432700634
ENSMUSG00000052504	-0.0008750110864639282	0.043434154242277145	-0.003739644307643175	0.007053064648061991	-0.004946555010974407	-0.002920417580753565	-0.006771938409656286	0.033094801008701324	-0.009771013632416725	0.04024030268192291	-0.0003407151671126485	-0.016315750777721405	-0.0028610313311219215	0.016395000740885735	-0.002903061918914318	0.005362452939152718	0.004622596316039562	0.03514261171221733	-0.028964972123503685	-0.02028200589120388	-0.0051595475524663925	0.030317416414618492
ENSMUSG00000061080	0.00209634518250823	0.013134339824318886	-0.0026965963188558817	0.009681770578026772	-0.008114383555948734	-0.014622624032199383	-0.011240439489483833	0.07858529686927795	-0.004489635117352009	0.013359571807086468	-0.002785651944577694	-0.005706223659217358	-0.0028561882209032774	0.010930323973298073	-0.0030504665337502956	0.09691666811704636	0.008535000495612621	0.05222322419285774	-0.04035789147019386	-0.04533141106367111	-0.007502362597733736	0.01774042472243309
ENSMUSG00000012187	0.012343362905085087	0.011549403890967369	0.0035986602306365967	-0.008364887908101082	-0.007943352684378624	0.003097433829680085	-0.0057482789270579815	0.03624843433499336	0.011545981280505657	-0.009688002988696098	-0.011043461970984936	0.001049330923706293	0.0024744197726249695	0.014464634470641613	-0.017796766012907028	-0.04082925617694855	0.024983251467347145	0.027441339567303658	-0.014656580984592438	-0.11298210918903351	-0.005847358610481024	-0.038307830691337585
ENSMUSG00000004872	0.016311893239617348	0.04870199039578438	0.004775467328727245	0.021594643592834473	-0.004715101793408394	0.011592748574912548	-0.0009473554091528058	0.010509420186281204	0.009887336753308773	0.037226900458335876	-0.004845882300287485	0.00823899358510971	0.0004610438772942871	0.014081181026995182	-0.012176204472780228	-0.05674118548631668	0.02386372536420822	0.057628802955150604	-0.041729483753442764	-0.08600431680679321	-0.0033853694330900908	-0.02333318255841732
ENSMUSG00000113252	0.004283473361283541	0.016220886260271072	0.003011643188074231	0.012461884878575802	-0.013555719517171383	0.010854645632207394	0.0006816196255385876	0.06789737939834595	0.017667265608906746	0.015333280898630619	0.0005939541733823717	-0.012006201781332493	0.009302345104515553	0.011824896559119225	-0.0197137463837862	0.2207605391740799	0.008002949878573418	0.05494039133191109	0.04941536858677864	0.4632745683193207	-0.006189680192619562	0.12580542266368866
ENSMUSG00000108967	0.0196057241410017	0.021900171414017677	0.029231393709778786	0.010534251108765602	-0.013102471828460693	-0.0035463166423141956	-0.004138313699513674	-0.05090088024735451	0.00755673460662365	0.06410317867994308	-0.013421710580587387	0.010864569805562496	-0.0005560399731621146	0.014245412312448025	0.008819135837256908	-0.06751784682273865	0.048905253410339355	0.0375496968626976	-0.02791091613471508	-0.09933736175298691	-0.006259805988520384	-0.052976205945014954
ENSMUSG00000020288	0.008504606783390045	0.02037610486149788	-0.0015005251625552773	0.026372665539383888	-0.026410086080431938	0.004705415572971106	0.012393304146826267	0.21360354125499725	0.0187271349132061	0.006327556911855936	-0.014449221082031727	-0.022754531353712082	0.012265129014849663	0.012475346215069294	-0.0022758436389267445	0.29687485098838806	0.007214509882032871	0.06036223843693733	0.08741536736488342	0.336780309677124	-0.0024830233305692673	0.30598288774490356
ENSMUSG00000059689	0.009306807070970535	0.03123188205063343	0.008549229241907597	0.013828103430569172	-0.019112445414066315	0.0053229252807796	0.0053726546466350555	0.2077491730451584	0.008224334567785263	0.02142985537648201	-0.0031935551669448614	-0.022914929315447807	-0.007072607986629009	0.018097659572958946	0.012376396916806698	0.30162766575813293	0.021681630983948708	0.06977225095033646	0.04868621379137039	0.28833091259002686	-0.008509701117873192	0.24791549146175385
ENSMUSG00000095930	0.00907849706709385	0.018729813396930695	0.0030367206782102585	0.008318495936691761	-0.01643599383533001	0.007305292412638664	0.008109881542623043	0.19386081397533417	0.009381318464875221	0.009784137830138206	-0.009010238572955132	-0.025374077260494232	0.008662105537950993	0.015372413210570812	-0.022300472483038902	0.27220702171325684	0.014373383484780788	0.05692047253251076	0.01106658112257719	0.3142990171909332	-0.0073697529733181	0.21550367772579193
ENSMUSG00000029994	0.012098453007638454	0.022840173915028572	0.004827304743230343	0.0059908414259552956	-0.016876528039574623	0.004490130115300417	0.005165566224604845	0.1516018807888031	0.013107760809361935	0.02343929558992386	-0.014751527458429337	-0.024057097733020782	0.0074066524393856525	0.016482384875416756	-0.025924867019057274	0.24764375388622284	0.023232243955135345	0.043270863592624664	0.02717919833958149	0.1441008448600769	-0.005871926434338093	0.11508894711732864
ENSMUSG00000099146	0.01772397570312023	-0.0003764962311834097	0.002750219078734517	0.028368020430207253	-0.004349216818809509	0.00020607668557204306	-0.0029492690227925777	-0.0704355239868164	0.006026333197951317	0.046180084347724915	-0.004601856227964163	0.009052720852196217	0.007827285677194595	0.006456868723034859	0.0065214186906814575	-0.030990049242973328	0.022150084376335144	0.023700356483459473	0.005716180428862572	-0.16978728771209717	-0.006593902595341206	-0.09354185312986374
ENSMUSG00000087210	0.01819375716149807	0.006131233647465706	0.000635139353107661	0.005648633930832148	0.003952971193939447	-0.005415667779743671	-0.01968010701239109	-0.09582757204771042	-0.010225142352283001	0.025900060310959816	0.06471259146928787	0.00557086244225502	-0.004225454293191433	0.014144862070679665	0.05724935978651047	-0.1433590054512024	0.03562762588262558	-0.05883519724011421	-0.038048963993787766	-0.07184980064630508	-0.010093234479427338	-0.09996438771486282
ENSMUSG00000054676	0.012005728669464588	0.02444184571504593	0.003007893916219473	0.02025081217288971	-0.01530019287019968	0.005714652128517628	0.008277836255729198	0.20722009241580963	0.01544170267879963	0.015904387459158897	-0.018857399001717567	-0.029595250263810158	0.00721625704318285	0.017658881843090057	-0.024917613714933395	0.28746500611305237	0.020137282088398933	0.06790496408939362	0.011579625308513641	0.20343880355358124	-0.007405668497085571	0.22848358750343323
ENSMUSG00000085224	0.022023135796189308	0.007081849034875631	-0.00015974685084074736	0.015505485236644745	-0.00995881948620081	0.0021214457228779793	0.0037982247304171324	0.021621715277433395	0.015107149258255959	0.0404321514070034	-0.024658359587192535	-0.00983416847884655	0.00451352633535862	0.012763256207108498	-0.031736139208078384	0.030284250155091286	0.034333810210227966	0.04073077812790871	0.04674166068434715	0.04887194558978081	0.03092525154352188	0.019519101828336716
ENSMUSG00000111785	0.021547412499785423	0.02172919735312462	0.007231930270791054	0.022049494087696075	0.0014705911744385958	-0.0024834454525262117	-0.00030875776428729296	-0.08276820927858353	0.005826326087117195	0.05332763493061066	-0.001725621521472931	0.010657711885869503	0.011921004392206669	0.006733412854373455	0.01773223839700222	-0.08767493069171906	0.027519719675183296	0.04236467927694321	-0.036540437489748	-0.1718941181898117	-0.005442519206553698	-0.10993988811969757
ENSMUSG00000004542	0.030380915850400925	0.02805246040225029	0.012429077178239822	0.012949141673743725	-0.0016522647347301245	-0.0010451136622577906	-0.003545111743733287	-0.07399865239858627	0.008025472983717918	0.04597114399075508	-0.002506850752979517	0.007334194611757994	0.00034698485978879035	0.021212372928857803	0.002105729654431343	-0.04418553411960602	0.03672049194574356	0.020885825157165527	-0.06866176426410675	-0.14781710505485535	-0.0060844565741717815	-0.08885704725980759
ENSMUSG00000002280	0.008915920741856098	0.025163568556308746	0.003078005975112319	0.01395496167242527	-0.009189317002892494	0.009350799955427647	0.00656783115118742	0.1878552883863449	0.01393401063978672	0.015443460084497929	-0.019243644550442696	-0.014961672015488148	0.008494553156197071	0.015670035034418106	-0.018547991290688515	0.28488823771476746	0.021680280566215515	0.060498759150505066	0.028035050258040428	0.18336814641952515	-0.007242661900818348	0.23046834766864777
ENSMUSG00000030245	0.009179627522826195	0.02084854058921337	-0.0017582449363544583	0.022101735696196556	-0.015876417979598045	0.006491927895694971	0.010875958018004894	0.2830479145050049	0.015901951119303703	0.013585584238171577	-0.01570283994078636	-0.02409653179347515	0.0008444373379461467	0.014532295055687428	-0.010155757889151573	0.3077811300754547	0.008448507636785507	0.0679837018251419	0.06407567858695984	0.32192927598953247	-0.007945879362523556	0.40428438782691956
ENSMUSG00000001751	0.012594984844326973	0.02856411039829254	0.007244119420647621	0.0009914594702422619	-0.023157650604844093	0.0040491726249456406	0.012221221812069416	0.16192355751991272	0.01826954074203968	0.016166839748620987	-0.015726380050182343	-0.021728629246354103	0.000311513984343037	0.0173090361058712	-0.003776269033551216	0.21616144478321075	0.027060890570282936	0.052955981343984604	0.016358627006411552	0.1296098679304123	-0.006150947883725166	0.21027491986751556
ENSMUSG00000046173	0.012133735232055187	0.006024215370416641	0.008061344735324383	0.0129017923027277	0.009340434335172176	0.0033226937521249056	-0.0060322703793644905	0.08764295279979706	-0.00955028086900711	0.020888343453407288	-0.008254497312009335	-0.025840505957603455	0.005703208968043327	0.01833677478134632	0.0017010557930916548	0.19753849506378174	0.03001479059457779	0.014556610956788063	-0.02553800493478775	-0.06509001553058624	-0.006488335318863392	0.05267641693353653
ENSMUSG00000100798	0.02070017158985138	-0.007163954433053732	0.011480211280286312	0.018249569460749626	-0.001566790509968996	-0.003377774264663458	-0.005863566417247057	-0.06018086522817612	0.005390690173953772	0.01837007887661457	-0.006010718178004026	0.008540580980479717	0.0020116542000323534	0.014417927712202072	0.005255544558167458	-0.05365262180566788	0.029156256467103958	0.03430229052901268	-0.03385753929615021	-0.03552014008164406	-0.007035900838673115	-0.0412251278758049
ENSMUSG00000050921	-0.020275689661502838	-0.02628517337143421	0.008439547382295132	-0.011465600691735744	0.0038535885978490114	-0.0037231978494673967	-0.027048401534557343	-0.12399325519800186	-0.02134157344698906	-0.010442038998007774	0.011445088312029839	0.05778592452406883	-0.020461974665522575	-0.014315031468868256	0.010255340486764908	-0.13548631966114044	-0.024569595232605934	-0.053907934576272964	-0.046967893838882446	-0.09894800931215286	-0.012942620553076267	-0.1383163332939148
ENSMUSG00000054598	0.015321319922804832	0.02392772026360035	0.00678959209471941	0.013026406988501549	-0.012048903852701187	-0.00036613381234928966	0.006295376922935247	0.036621250212192535	0.020032141357660294	0.020339494571089745	-0.013226510025560856	-0.010179749689996243	0.00965267512947321	0.016491079702973366	-0.024044198915362358	0.09908559918403625	0.02714921534061432	0.05420910194516182	0.07237225025892258	0.21984358131885529	0.0003753151395358145	0.08445950597524643
ENSMUSG00000060284	0.020622089505195618	0.02042541280388832	0.00966060534119606	0.011590715497732162	-0.008551666513085365	0.0038725114427506924	0.010746398940682411	0.0019498481415212154	0.020221225917339325	0.03338125720620155	-0.0101497583091259	0.009479095228016376	0.0005980387795716524	0.010608088225126266	-0.01316301804035902	-0.05087963119149208	0.03673475980758667	0.04073604568839073	0.03615174442529678	0.0009845172753557563	0.004854870028793812	-0.018984153866767883
ENSMUSG00000050846	0.012169732712209225	0.021614963188767433	-0.0017578083788976073	0.02153022214770317	-0.02461673505604267	0.010019183158874512	0.010797479189932346	0.19391517341136932	0.022022120654582977	0.014741700142621994	-0.018292076885700226	-0.027051040902733803	0.009929219260811806	0.015393794514238834	-0.022832375019788742	0.2741212844848633	0.013987942598760128	0.05521855875849724	0.06120839715003967	0.2905626595020294	-0.003340889001265168	0.38647210597991943
ENSMUSG00000021319	0.00687518110498786	0.03036859817802906	-0.0010349844815209508	0.02177286334335804	-0.02095714770257473	0.007218570914119482	0.015314874239265919	0.1369275450706482	0.008549284189939499	0.021100737154483795	-0.017214370891451836	-0.022915735840797424	0.015932369977235794	0.013705057092010975	-0.028088048100471497	0.18068626523017883	0.013980302028357983	0.04786809906363487	0.09233661741018295	0.3341448903083801	0.007251507602632046	0.16391289234161377
ENSMUSG00000001506	0.019177459180355072	0.031200939789414406	0.008307619020342827	0.013595398515462875	-0.00831346120685339	-0.0016336253611370921	0.0008055283105932176	-0.009261091239750385	0.01764318160712719	0.017580270767211914	-0.017639581114053726	-0.0033723434899002314	0.0011287772795185447	0.01163832563906908	-0.02534857951104641	0.03538665547966957	0.03530944511294365	0.052144452929496765	0.00841974001377821	-0.056749194860458374	0.0044224937446415424	0.011755342595279217
ENSMUSG00000119964	-0.009755320847034454	0.013248596340417862	-0.006795750465244055	-0.017193779349327087	0.0059938919730484486	-0.0015594701981171966	-0.009267511777579784	-0.08756597340106964	-0.010145414620637894	0.017355341464281082	0.006573813036084175	0.010073861107230186	-0.004477167036384344	-0.006714058108627796	-0.003981262911111116	-0.0829751193523407	0.006865394301712513	-0.01850735768675804	-0.020083850249648094	-0.09496408700942993	-0.005902737379074097	-0.15839996933937073
ENSMUSG00000071652	0.0050494614988565445	0.026206286624073982	-0.015981469303369522	0.01373036578297615	-0.01403543446213007	0.0026198741979897022	0.062402237206697464	0.13247168064117432	0.034793391823768616	0.016662927344441414	-0.00042064356966875494	-0.03055553138256073	0.017040833830833435	0.00830396730452776	-0.028356535360217094	0.0059300921857357025	-0.005893520545214415	0.025746777653694153	0.12350969016551971	0.38326871395111084	0.054737307131290436	0.27557772397994995
ENSMUSG00000074220	0.011626421473920345	0.020306453108787537	0.0009442872833460569	0.0044877068139612675	-0.02292492426931858	0.008625802583992481	0.008551090955734253	0.22246435284614563	0.019239624962210655	0.013614770025014877	-0.015479949302971363	-0.0252829622477293	0.013015047647058964	0.013093170709908009	-0.01593109406530857	0.29610705375671387	0.011610005982220173	0.04634008929133415	0.04167330637574196	0.3746987581253052	-0.006806277669966221	0.22821523249149323
ENSMUSG00000042848	-0.012946480885148048	0.004572742618620396	-0.004251648671925068	0.005726492032408714	-0.00046735763316974044	-0.004004439804702997	-0.007055190391838551	-0.07263041287660599	-0.00583131005987525	-0.0057454220950603485	0.0021033666562289	0.008317768573760986	-1.7706073776935227e-05	0.01681230217218399	-0.010041806846857071	-0.174552783370018	0.006737465038895607	-0.01546639483422041	-0.05658469721674919	-0.047086551785469055	-0.00922437570989132	-0.02964082546532154
ENSMUSG00000096209	0.0390164889395237	-0.023516954854130745	0.0011841339292004704	-0.02631504274904728	0.001496832468546927	-0.006348808296024799	-0.012629424221813679	-0.06418246030807495	-0.004541172180324793	-0.03163658455014229	-0.003989856690168381	-0.0007500146166421473	9.13245021365583e-05	0.008219072595238686	0.009935310110449791	-0.21380071341991425	0.021849310025572777	-0.0042405263520777225	-0.011731144040822983	-0.0004536270280368626	-0.014440465718507767	0.014296361245214939
ENSMUSG00000086938	0.010759193450212479	0.031515754759311676	0.0031648557633161545	0.01758606731891632	-0.021228553727269173	0.0086972676217556	0.01002498622983694	0.13395334780216217	0.019993295893073082	0.01995903067290783	-0.01725822500884533	-0.019673949107527733	0.010002726688981056	0.014152036979794502	-0.02545034885406494	0.21092882752418518	0.02073834463953972	0.04896336421370506	0.053061533719301224	0.3397830128669739	-0.002108781598508358	0.15573321282863617
ENSMUSG00000091764	0.011294635944068432	0.026946960017085075	0.002802930772304535	0.02552284300327301	-0.025624699890613556	0.0007777776336297393	-0.003486104542389512	0.15024316310882568	0.016503537073731422	0.020855620503425598	-0.018710168078541756	-0.022544538602232933	0.008202359080314636	0.018032172694802284	-0.017428843304514885	0.23611563444137573	0.016540562734007835	0.033689528703689575	0.02850233018398285	0.08044760674238205	-0.005465509369969368	0.12640485167503357
ENSMUSG00000116162	0.025246400386095047	0.045388221740722656	0.004371046554297209	0.031208328902721405	-0.004498169757425785	-0.0008463393314741552	-0.0033294134773314	-0.06850136071443558	0.016131198033690453	0.04733514413237572	-0.0025744340382516384	0.008035564795136452	0.009863559156656265	0.012208309024572372	-0.0018937961431220174	0.0011416717898100615	0.01743920147418976	0.04395120218396187	-0.01639031618833542	-0.13081865012645721	-0.0037309385370463133	-0.0572286993265152
ENSMUSG00000026049	0.006479534320533276	0.00446136761456728	0.000690833549015224	0.03673340007662773	-0.020832698792219162	0.0026081905234605074	0.02693391777575016	0.2886752784252167	0.008120940066874027	0.008000965230166912	-0.0035251893568784	-0.024060888215899467	0.006718413904309273	0.014250792562961578	0.008139388635754585	0.33289647102355957	0.005447323899716139	0.0782518982887268	0.04756782948970795	0.381143718957901	-0.00496653001755476	0.38007795810699463
ENSMUSG00000000159	0.013558333739638329	0.042646847665309906	0.010699870996177197	0.019367806613445282	-0.0068535227328538895	-0.00104861194267869	-0.007427824195474386	-0.021185176447033882	0.013293987140059471	0.029987908899784088	-0.009494872763752937	-0.0018210902344435453	-0.0010835222201421857	0.018324943259358406	-0.01341780461370945	0.0631161481142044	0.029543831944465637	0.01612834259867668	-0.03025033324956894	-0.0059345257468521595	-0.008115911856293678	-0.07177305221557617
ENSMUSG00000104346	0.011982103809714317	0.02428298629820347	-0.0010585692944005132	0.01764303632080555	-0.018696799874305725	0.0036540741566568613	0.011709573678672314	0.11285080015659332	0.01697375625371933	0.020579984411597252	-0.022815387696027756	-0.02789752185344696	0.009332909248769283	0.015434668399393559	-0.03317829221487045	0.1753990352153778	0.020639805123209953	0.029586488381028175	0.0766649842262268	0.11957832425832748	0.008955394849181175	0.11607015877962112
ENSMUSG00000081289	0.004973817151039839	0.004884706344455481	0.0034669446758925915	0.004726921208202839	0.006470831576734781	-0.009905314072966576	-0.012491759844124317	-0.07388482242822647	-0.00552627258002758	-0.021308789029717445	0.008082903921604156	-0.01980399899184704	0.004301996435970068	0.010862164199352264	0.010654978454113007	-0.10474689304828644	0.03185539320111275	0.006070554256439209	-0.020844388753175735	0.0048683760687708855	-0.009635903872549534	-0.10692830383777618
ENSMUSG00000101286	-0.10803068429231644	-0.22050966322422028	-0.026485972106456757	-0.05192337557673454	-0.0328693650662899	-0.07932398468255997	0.025736751034855843	-0.1055631935596466	-0.04727441817522049	-0.22943781316280365	-0.01883648708462715	-0.014530365355312824	-0.013789267279207706	-0.02652907930314541	0.04801816865801811	-0.24066951870918274	-0.16050326824188232	-0.27358344197273254	0.2254774421453476	-0.6104251742362976	-0.00779779814183712	-0.41069161891937256
ENSMUSG00000062563	-0.009055191650986671	0.00913883838802576	-0.002940539503470063	0.006801445968449116	0.05278163030743599	-0.0014402280794456601	-0.0055833905935287476	0.13832616806030273	-0.030657297000288963	0.016218336299061775	0.008997175842523575	-0.016137296333909035	-0.004435325041413307	0.018543172627687454	-0.005337866954505444	0.13596782088279724	-0.007913184352219105	0.047256387770175934	-0.12724480032920837	-0.011644032783806324	0.01796453259885311	-0.05822847783565521
ENSMUSG00000109293	0.03414929285645485	0.020100034773349762	0.008926126174628735	0.010395487770438194	-0.004156946670264006	-0.0034140986390411854	-0.004236192908138037	-0.10185104608535767	0.00813296064734459	0.057405196130275726	-0.01082565076649189	0.010920312255620956	0.002072014147415757	0.01697641611099243	0.006690762005746365	-0.027221443131566048	0.03800889104604721	0.0506785623729229	0.02197844907641411	-0.11874213069677353	-0.012277591973543167	-0.07896564155817032
ENSMUSG00000047777	0.007826742716133595	0.015619933605194092	-0.005842881742864847	0.013259047642350197	-0.010357600636780262	0.002792558865621686	0.02863294631242752	0.2307397723197937	0.015443060547113419	0.009514426812529564	-0.011428381316363811	-0.03329615294933319	0.00528322160243988	0.014280587434768677	-0.008993048220872879	0.2369847446680069	0.009188770316541195	0.06138505041599274	0.042128752917051315	0.3223664164543152	0.004364716354757547	0.3952428102493286
ENSMUSG00000048399	0.01750367134809494	0.010497551411390305	0.0039296080358326435	-0.0011838763020932674	-0.0032615941017866135	-0.0034027660731226206	-0.005805494263768196	-0.06671283394098282	0.002669153269380331	0.06353990733623505	-0.0018989230738952756	0.009265996515750885	-6.802282587159425e-05	-0.014006426557898521	0.003000386757776141	-0.07659371197223663	0.023781826719641685	-0.0045008473098278046	-0.048515092581510544	-0.06530088931322098	-0.007273493800312281	-0.061851903796195984
ENSMUSG00000112497	0.00586443766951561	0.04333744943141937	-0.003399781184270978	0.025071801617741585	-0.0005991550860926509	0.0004055111203342676	-0.009321733377873898	-0.10301178693771362	-0.004849588498473167	0.0298920888453722	0.004139419179409742	0.010662389919161797	-1.9835442799376324e-05	-0.002062977757304907	-0.003348687896504998	-0.05969064310193062	0.0029688565991818905	0.03462808579206467	-0.042998529970645905	-0.1791875660419464	-0.006268888711929321	-0.08476796746253967
ENSMUSG00000027009	0.0052663241513073444	0.019727949053049088	-4.511172301135957e-05	0.020532768219709396	-0.01293095201253891	-0.0008331047720275819	-0.00917605310678482	0.12215784192085266	0.0030785449780523777	0.02569877915084362	-0.0023891464807093143	-0.005542299710214138	0.0026563897263258696	0.018250826746225357	-0.008369948714971542	0.12422571331262589	0.011117645539343357	0.05230970308184624	-0.008680806495249271	0.04766581580042839	-0.006430929526686668	0.021904705092310905
ENSMUSG00000039735	0.008518283255398273	0.008098389953374863	-0.0024485879112035036	0.03014802746474743	-0.029727913439273834	0.004727030172944069	0.01481366716325283	0.30561962723731995	0.016037482768297195	0.0078074270859360695	-0.010208803229033947	-0.03059753030538559	0.021108122542500496	0.011887184344232082	-0.011212514713406563	0.32019221782684326	0.0038597225211560726	0.06415907293558121	0.03349950164556503	0.45275813341140747	-0.005874810740351677	0.3975195586681366
ENSMUSG00000028795	0.012885281816124916	0.03389047458767891	0.006547357887029648	0.010941257700324059	-0.00925698783248663	0.007761107757687569	0.012586619704961777	0.0666462704539299	0.01752011477947235	0.021240634843707085	-0.00927185732871294	-0.01657833158969879	0.005296564660966396	0.013583210296928883	-0.01784077100455761	0.05503864213824272	0.0248104277998209	0.042823657393455505	0.04823740944266319	0.18670843541622162	0.003685465082526207	0.0968184694647789
ENSMUSG00000047953	0.02950182929635048	0.02769787237048149	-0.012035900726914406	0.03146195039153099	-0.004967626184225082	-0.004348945803940296	-0.022133182734251022	9.532365947961807e-05	0.0007806937210261822	0.04572082683444023	-0.06236542761325836	0.006237007211893797	0.015704531222581863	0.009135929867625237	-0.01791408844292164	-0.037506576627492905	0.03316371515393257	0.02899159863591194	0.1149904653429985	0.24943596124649048	0.0450764037668705	0.04686013236641884
ENSMUSG00000121043	0.005444252397865057	0.020714564248919487	0.003433925798162818	0.015606611967086792	-0.013838149607181549	0.009433775208890438	0.051750268787145615	0.16602358222007751	0.029001468792557716	0.013421297073364258	0.0004640916013158858	-0.029889250174164772	-0.008348793722689152	0.005329880863428116	-0.012211669236421585	0.17239481210708618	-0.015330723486840725	0.043440207839012146	0.10339406132698059	0.38623151183128357	0.028357021510601044	0.15963074564933777
ENSMUSG00000106507	0.01214485615491867	0.009120969101786613	-0.0033240001648664474	0.007397472392767668	-0.014635883271694183	-0.00610767537727952	0.0021513623651117086	0.0019290786003693938	0.021573195233941078	0.042982131242752075	-0.017397653311491013	0.00312056508846581	0.008991960436105728	0.01389031857252121	-0.016893668100237846	0.08688731491565704	0.023312119767069817	0.04604247584939003	0.045263390988111496	-0.010005264542996883	0.010938787832856178	-0.003907936625182629
ENSMUSG00000094230	0.02784079872071743	-0.12027399986982346	-0.008178665302693844	-0.13536594808101654	-0.0063776676543056965	0.055128831416368484	-0.008127590641379356	-0.1955520510673523	0.0007567122811451554	-0.26503485441207886	-0.0008408059366047382	-0.029212789610028267	0.01668461598455906	-0.09677276760339737	0.030833415687084198	-0.1482166349887848	0.012964431196451187	-0.20739829540252686	-0.024821018800139427	-0.732626736164093	-0.01700432226061821	-0.4757641553878784
ENSMUSG00000017868	0.016672072932124138	0.019193096086382866	0.009793057106435299	0.019034137949347496	-0.002367406152188778	-0.004002046771347523	-0.005130812060087919	-0.10635925084352493	0.00255635310895741	0.03678886964917183	-0.004354481585323811	0.00782940723001957	-0.0004760147712659091	0.014743810519576073	0.004488355480134487	-0.05640845745801926	0.03162970021367073	0.026285411790013313	-0.02042470872402191	-0.07297305017709732	-0.010560824535787106	-0.029275422915816307
ENSMUSG00000084884	0.032847773283720016	0.0029058577492833138	0.008118368685245514	0.016639582812786102	-0.005364811047911644	-0.0031304319854825735	-0.005434628576040268	-0.03871292993426323	-0.0016803444596007466	0.02293396182358265	-0.003721051150932908	0.007843274623155594	-0.0007481193752028048	0.011769499629735947	0.00780932791531086	-0.06486199051141739	0.05078257620334625	0.017271969467401505	-0.014840134419500828	-0.039534248411655426	-0.006022258196026087	-0.030617084354162216
ENSMUSG00000039452	0.015115542337298393	0.024927042424678802	0.0060632675886154175	0.012197846546769142	-0.02080610767006874	0.005874465685337782	0.002614903263747692	0.14725220203399658	0.023866867646574974	0.022481519728899002	-0.01719600148499012	-0.015673018991947174	0.005608941428363323	0.017112700268626213	-0.014490222558379173	0.1842455416917801	0.027149520814418793	0.04047678783535957	0.08741820603609085	0.11998134851455688	-0.002379446988925338	0.16438819468021393
ENSMUSG00000121314	-0.10803068429231644	-0.22050966322422028	-0.026485972106456757	-0.05192337557673454	-0.0328693650662899	-0.07932398468255997	0.025736751034855843	-0.1055631935596466	-0.04727441817522049	-0.22943781316280365	-0.01883648708462715	-0.014530365355312824	-0.013789267279207706	-0.02652907930314541	0.04801816865801811	-0.24066951870918274	-0.16050326824188232	-0.27358344197273254	0.2254774421453476	-0.6104251742362976	-0.00779779814183712	-0.41069161891937256
ENSMUSG00000121629	0.021385058760643005	0.017668671905994415	0.007395686581730843	0.024783561006188393	-0.0019276168895885348	-0.0034017981961369514	-0.005050844978541136	-0.03739240765571594	0.00013919927005190402	0.05797908455133438	0.00036227397504262626	0.009729697369039059	0.0010626702569425106	0.0103910518810153	0.004050170071423054	-0.10272366553544998	0.03242537006735802	0.050903987139463425	-0.04780321940779686	-0.05189156159758568	-0.00796048529446125	-0.10679872334003448
ENSMUSG00000035637	0.012021942064166069	0.01745724119246006	0.0019530397839844227	0.019328661262989044	-0.01738489232957363	0.00675883749499917	0.011750266887247562	0.18282543122768402	0.015083015896379948	0.017206117510795593	-0.01766315847635269	-0.021134166046977043	0.007127574644982815	0.015628261491656303	-0.02202833816409111	0.2608706057071686	0.01889163814485073	0.05167219787836075	0.03668241575360298	0.25507691502571106	-0.006085784640163183	0.17840999364852905
ENSMUSG00000051390	0.00399065250530839	0.0238407701253891	-0.02302711457014084	-0.0017348885303363204	-0.015708299353718758	0.0025910092517733574	0.06003450229763985	0.1813197135925293	0.029541395604610443	0.011884897015988827	-0.010858897119760513	-0.019035642966628075	0.032747648656368256	0.005995508283376694	-0.062150441110134125	0.148637592792511	-0.016912534832954407	0.030391888692975044	0.1123356819152832	0.4545030891895294	0.05102343484759331	0.35851940512657166
ENSMUSG00000073418	0.018693789839744568	0.02821609564125538	0.014615530148148537	0.0163529384881258	-0.0014894218184053898	-0.0022274041548371315	-0.0014975171070545912	-0.09893564879894257	0.008707594126462936	0.0458294115960598	0.007023419253528118	0.007306101266294718	0.00035410630516707897	0.0030746483244001865	-0.0033412480261176825	0.010579625144600868	0.04077422246336937	0.04988386482000351	-0.042059313505887985	-0.09928183257579803	-0.007407143712043762	-0.07413173466920853
ENSMUSG00000000386	0.019487854093313217	0.03605957329273224	0.01067160815000534	0.026600496843457222	-0.002782942960038781	-0.002320939442142844	-0.007257296238094568	-0.0651252418756485	0.006815400905907154	0.04911412298679352	0.0005048470920883119	0.00671119149774313	-0.00021351421310100704	0.01027069240808487	-0.002293603029102087	-0.020733382552862167	0.02465187758207321	0.047524552792310715	-0.03887445852160454	-0.11720618605613708	-0.005907417740672827	-0.053800612688064575
ENSMUSG00000055652	0.009174014441668987	0.025167429819703102	0.004951635841280222	0.02369028888642788	-0.007552828639745712	0.0017344707157462835	0.006251674145460129	0.24080999195575714	0.008485614322125912	0.015933861956000328	-0.016827154904603958	-0.022430993616580963	0.002170678460970521	0.01865982823073864	-0.021603228524327278	0.2770131826400757	0.02051805518567562	0.05333099886775017	0.007136815693229437	0.20432518422603607	-0.008243652991950512	0.2317109853029251
ENSMUSG00000110713	0.025478705763816833	-0.008277634158730507	0.004937877878546715	0.02193506248295307	-0.006597831845283508	-0.0038350860122591257	-0.005627033766359091	-0.10659220069646835	0.003830972360447049	0.02228691801428795	-0.005676957778632641	0.009465453214943409	0.0009697761852294207	-0.003928751219063997	0.006060930900275707	-0.02605801820755005	0.013432136736810207	-0.016532156616449356	-0.018703429028391838	-0.10461614280939102	-0.008185811340808868	-0.09484127163887024
ENSMUSG00000121838	0.008892317302525043	0.015059572644531727	8.53008750709705e-05	0.0075204335153102875	-0.005255835596472025	0.0021711941808462143	-0.01626005955040455	0.10811680555343628	0.01637793332338333	0.012822229415178299	-0.0246123056858778	-0.01814332790672779	0.005413215607404709	0.017720162868499756	0.0024408309254795313	0.24405308067798615	0.017933933064341545	0.04950873553752899	-0.005525045562535524	0.06796486675739288	-0.0062987226992845535	0.05266815051436424
ENSMUSG00000038497	0.01130746491253376	0.025605499744415283	-0.001184162450954318	0.027300536632537842	-0.022123249247670174	0.005592403467744589	0.00757199339568615	0.23935268819332123	0.016714878380298615	0.015381908044219017	-0.01962396316230297	-0.026778828352689743	0.010879588313400745	0.016296057030558586	-0.02679773047566414	0.2973279356956482	0.013419684953987598	0.042197637259960175	0.04905160889029503	0.23392929136753082	-0.0074379961006343365	0.43432703614234924
ENSMUSG00000115517	-0.005451468750834465	-0.001785478787496686	-0.005617544520646334	0.00981456134468317	0.0038242011796683073	-0.010617614723742008	-0.017927156761288643	-0.06458459049463272	-0.015794996172189713	-0.0061780489049851894	0.006462493911385536	0.004577371291816235	-0.01319162268191576	0.010551483370363712	-0.0026076051872223616	-0.08551417291164398	-0.0024822219274938107	0.0004031323769595474	-0.01918136514723301	0.04504254832863808	-0.006940894294530153	0.05092710629105568
ENSMUSG00000113092	0.011356827802956104	0.03313051909208298	0.0011208899086341262	0.018893850967288017	-0.0033077269326895475	-0.0032400134950876236	-0.0036496075335890055	-0.07386761903762817	0.0019478173926472664	0.04485677555203438	0.0039780018851161	0.010354437865316868	0.006445793434977531	-0.002469197381287813	0.0035246661864221096	-0.0745464488863945	0.020134950056672096	0.036031946539878845	-0.045182980597019196	-0.2218775600194931	-0.006966554559767246	-0.10241495817899704
ENSMUSG00000100807	0.013481446541845798	0.021486693993210793	0.002979295328259468	0.01288237702101469	-0.003179005114361644	-0.005836627446115017	-0.011084583587944508	-0.07373929768800735	-0.000716479669790715	0.06449379771947861	-0.0017189346253871918	-0.0017976267263293266	0.0002481195842847228	0.014667912386357784	0.0018836426315829158	-0.060473766177892685	0.022183625027537346	0.03420259803533554	-0.045449305325746536	-0.09564371407032013	-0.006797475274652243	-0.10247893631458282
ENSMUSG00000121571	0.00788300484418869	0.03012187033891678	-0.002045349683612585	-0.0007128929137252271	0.0041116029024124146	-0.0012552173575386405	-0.007689846679568291	-0.09541095048189163	-0.012727865017950535	-0.006010782904922962	0.0017562007997184992	0.00998611655086279	-0.0008388837450183928	0.005695086903870106	-0.00011864768021041527	-0.10742372274398804	-0.0016584937693551183	-0.08557844907045364	-0.053759846836328506	-0.19486670196056366	-0.011273989453911781	-0.05634660646319389
ENSMUSG00000103091	0.02369687706232071	0.017138348892331123	0.010239900089800358	0.003786674467846751	-0.003942655865103006	-0.002610601484775543	-0.0035992192570120096	-0.06345998495817184	0.010858271270990372	0.040183283388614655	-0.0011114062508568168	0.008399154990911484	0.0036392591428011656	0.012683304958045483	-0.0005837192293256521	-0.01599045842885971	0.032399773597717285	0.04723326861858368	-0.00281835556961596	-0.10549518465995789	-0.006914581637829542	-0.06948903203010559
ENSMUSG00000043795	0.015672601759433746	0.02408178336918354	0.020189940929412842	0.012286224402487278	-0.0039860219694674015	-0.0004505016258917749	-0.002049218863248825	-0.03331359475851059	0.012253737077116966	0.03371298685669899	-0.010313267819583416	-0.0027007798198610544	-0.0027664790395647287	0.016381559893488884	-0.011240968480706215	-0.02325965091586113	0.04309408366680145	0.05434196814894676	-0.023707907646894455	0.0007492263684980571	-0.0046960473991930485	-0.025791101157665253
ENSMUSG00000103786	0.014282106421887875	0.028713909909129143	0.009528705850243568	0.007846253924071789	0.0017198476707562804	-0.002025366062298417	-0.0046173459850251675	-0.06853272765874863	-0.0012535816058516502	0.03759344294667244	0.01776604913175106	0.007791678421199322	-0.0005807466222904623	0.0014139460399746895	0.00019524831441231072	-0.03977665305137634	0.025567946955561638	0.0487779900431633	-0.04151191562414169	-0.14746049046516418	-0.00743873231112957	-0.08143755048513412
ENSMUSG00000102794	0.011984915472567081	0.03254815563559532	0.00034686707658693194	0.025951309129595757	-0.002188756363466382	-0.0008058012463152409	-0.00726154912263155	-0.07247618585824966	0.0010973296593874693	0.05380284786224365	0.0018730516312643886	0.010478708893060684	-0.002892538206651807	-0.002855585888028145	-0.002710368251428008	-0.08027809113264084	0.00794741977006197	0.034886207431554794	-0.039791855961084366	-0.07999365031719208	-0.007618055213242769	-0.10874069482088089
ENSMUSG00000018001	0.010786180384457111	0.02965419553220272	0.0033849505707621574	0.019538793712854385	-0.020335998386144638	0.007187473587691784	0.005412795580923557	0.18428932130336761	0.012177369557321072	0.017259489744901657	-0.01366877555847168	-0.023672526702284813	0.006235090550035238	0.017604609951376915	-0.025625357404351234	0.28682398796081543	0.021801644936203957	0.064071424305439	-0.003253842703998089	0.13604693114757538	-0.006836751010268927	0.2964383363723755
ENSMUSG00000040761	0.008613917045295238	0.020449969917535782	-0.004259535577148199	0.02559799700975418	-0.02005228027701378	0.005403307266533375	0.01965731754899025	0.20883752405643463	0.02068731002509594	0.01501948107033968	-0.01340540125966072	-0.022306350991129875	0.01757456548511982	0.011889254674315453	-0.03768881410360336	0.1713116317987442	0.004963708575814962	0.055861812084913254	0.059470001608133316	0.40903282165527344	0.0011067385785281658	0.29602497816085815
ENSMUSG00000086630	0.014222619123756886	0.01869799941778183	0.00997872743755579	0.00633415300399065	-0.0052270106971263885	0.0013658893294632435	-0.0014404096873477101	-0.068510502576828	0.022134289145469666	0.0319470539689064	-0.009724758565425873	0.0038307285867631435	0.005953712854534388	0.016163509339094162	-0.009346400387585163	0.053881317377090454	0.04161221906542778	0.0496564581990242	0.01711525395512581	-0.07812020927667618	-0.0013993423199281096	-0.026877008378505707
ENSMUSG00000073686	0.013717293739318848	0.03134355694055557	0.0009359158575534821	0.019029784947633743	-0.0032974230125546455	-0.002835078164935112	-0.013886965811252594	-0.016678569838404655	0.006891908124089241	0.03264753520488739	-0.027996188029646873	0.0007759782602079213	-8.144818275468424e-05	0.011298561468720436	-0.02675524912774563	0.013252207078039646	0.0455922856926918	0.04945286363363266	-0.009345658123493195	-0.037651412189006805	0.005036705173552036	-0.032407891005277634
ENSMUSG00000035392	0.008622842840850353	0.019993804395198822	0.002359765814617276	0.020941676571965218	-0.023127757012844086	0.009399055503308773	0.0016941113863140345	0.25016048550605774	0.010841579176485538	0.01386407483369112	-0.01459795143455267	-0.02913285791873932	0.008032766170799732	0.018697166815400124	-0.016251450404524803	0.32098206877708435	0.014886715449392796	0.0660937950015068	0.011471608653664589	0.27469170093536377	-0.007925526238977909	0.32354873418807983
ENSMUSG00000053742	-0.10803068429231644	-0.22050966322422028	-0.026485972106456757	-0.05192337557673454	-0.0328693650662899	-0.07932398468255997	0.025736751034855843	-0.1055631935596466	-0.04727441817522049	-0.22943781316280365	-0.01883648708462715	-0.014530365355312824	-0.013789267279207706	-0.02652907930314541	0.04801816865801811	-0.24066951870918274	-0.16050326824188232	-0.27358344197273254	0.2254774421453476	-0.6104251742362976	-0.00779779814183712	-0.41069161891937256
ENSMUSG00000029828	0.007381588686257601	0.010899130254983902	0.00301679247058928	0.0069962674751877785	-0.012701412662863731	0.00026826339308172464	0.0019012299599125981	0.1860976666212082	0.012685487046837807	0.012258153408765793	-0.011400285176932812	-0.020566677674651146	0.0028392693493515253	0.016667261719703674	-0.0156626645475626	0.2961273491382599	0.011624480597674847	0.05780704319477081	0.015358719043433666	0.2395407259464264	-0.008234923705458641	0.2456778883934021
ENSMUSG00000063558	0.011150271631777287	0.024474628269672394	0.005488454829901457	0.017673145979642868	-0.014037851244211197	0.00263262540102005	-0.0030314913019537926	0.12118621170520782	0.011785361915826797	0.024923104792833328	-0.014266163110733032	-0.016105104237794876	0.003696625819429755	0.017208293080329895	-0.019557351246476173	0.2308868020772934	0.02062910608947277	0.04283050075173378	-0.007049581501632929	0.2860953211784363	-0.006381487473845482	0.04958494007587433
ENSMUSG00000030393	-0.00014869129518046975	0.020611805841326714	-0.0021982586476951838	0.018899766728281975	-0.019763778895139694	-0.0011134141823276877	-0.0041481973603367805	0.2075512856245041	-0.0035950944293290377	0.01412823423743248	-0.012433513067662716	-0.016342468559741974	0.0026222041342407465	0.014723151922225952	-0.017861302942037582	0.22239820659160614	0.009792447090148926	0.022879768162965775	0.03647307679057121	0.1327367126941681	-0.006793579552322626	0.13616862893104553
ENSMUSG00000035234	0.008486572653055191	0.01807323470711708	-0.00303186709061265	0.026666784659028053	-0.017984118312597275	0.00920929666608572	0.008272591978311539	0.23692691326141357	0.01735755242407322	0.013038438744843006	-0.003879329888150096	-0.01802545227110386	0.008844173513352871	0.009168129414319992	-0.012660516425967216	0.31508034467697144	0.0017381706275045872	0.05574242025613785	0.06562814116477966	0.42865994572639465	-0.004612177610397339	0.33465245366096497
ENSMUSG00000087066	0.017711728811264038	0.03120904602110386	0.0038044985849410295	0.0035271216183900833	-0.0029663622844964266	-0.0019331920193508267	-0.002702177269384265	-0.10037581622600555	0.00499343778938055	0.03486906364560127	-0.0039846161380410194	0.007088595535606146	0.0019992943853139877	0.016373775899410248	0.002003009896725416	-0.0532553531229496	0.019509170204401016	0.03209943696856499	-0.018392764031887054	-0.08113809674978256	-0.008236770518124104	-0.07283050566911697
ENSMUSG00000029053	0.010659635066986084	0.01949307881295681	0.0008091200143098831	0.021519619971513748	-0.020630989223718643	0.004267447162419558	0.008825629949569702	0.25346067547798157	0.015345949679613113	0.012018885463476181	-0.01878279075026512	-0.03378715366125107	0.009785342961549759	0.01713290624320507	-0.03028019145131111	0.29898160696029663	0.014778753742575645	0.06449703872203827	0.028093235567212105	0.25440940260887146	-0.008216465823352337	0.33358538150787354
ENSMUSG00000100823	-0.10803068429231644	-0.22050966322422028	-0.026485972106456757	-0.05192337557673454	-0.0328693650662899	-0.07932398468255997	0.025736751034855843	-0.1055631935596466	-0.04727441817522049	-0.22943781316280365	-0.01883648708462715	-0.014530365355312824	-0.013789267279207706	-0.02652907930314541	0.04801816865801811	-0.24066951870918274	-0.16050326824188232	-0.27358344197273254	0.2254774421453476	-0.6104251742362976	-0.00779779814183712	-0.41069161891937256
ENSMUSG00000038009	0.010710779577493668	0.028836917132139206	0.005478689447045326	0.016239171847701073	-0.026354052126407623	0.008177341893315315	0.010965663008391857	0.12105445563793182	0.02013709396123886	0.02067962847650051	-0.016981305554509163	-0.01207753922790289	0.004994357470422983	0.014147752895951271	-0.013042490929365158	0.20564013719558716	0.025648269802331924	0.042665377259254456	0.053797971457242966	0.18978695571422577	-0.005206675734370947	0.13376004993915558
ENSMUSG00000116308	0.02310245670378208	0.01380148809403181	-0.0018925932236015797	0.024138526991009712	-0.00977614801377058	-0.0009824152803048491	0.012620829045772552	0.021456623449921608	0.019763832911849022	0.0373961515724659	-0.023630326613783836	0.00012491385859902948	0.007882650010287762	0.013407671824097633	-0.02708570286631584	-0.02777128294110298	0.03263181075453758	0.025438427925109863	0.0719836875796318	0.12299765646457672	0.03591712564229965	0.017351770773530006
ENSMUSG00000044429	0.007972032763063908	0.016599060967564583	-0.0027326459530740976	0.019115537405014038	-0.0016224374994635582	0.0009068470681086183	-0.0005597613635472953	0.013203511014580727	-0.027621589601039886	0.034948110580444336	-0.010994533076882362	-0.0061126588843762875	0.002124452730640769	0.013200270012021065	-0.014799633994698524	0.07252023369073868	0.003315544920042157	0.0448855459690094	-0.03521459922194481	0.04012081027030945	-0.0077379606664180756	0.0024792596232146025
ENSMUSG00000039483	0.025513876229524612	0.022278539836406708	-0.010428916662931442	0.031792908906936646	-0.01576724834740162	-0.008239680901169777	0.038678742945194244	-0.06226324662566185	0.009538120590150356	0.03254419565200806	-0.030255744233727455	0.03422553464770317	0.017784498631954193	0.008082833141088486	-0.008836460299789906	-0.04825909435749054	0.024223048239946365	0.02234542928636074	0.16380077600479126	0.14451687037944794	0.018910115584731102	-0.004061401356011629
ENSMUSG00000031816	0.011999895796179771	0.021256424486637115	0.00032115192152559757	0.018157953396439552	-0.018361691385507584	0.00577937439084053	0.008132349699735641	0.2354835569858551	0.014426607638597488	0.01445397175848484	-0.0195644348859787	-0.020534701645374298	0.009783273562788963	0.015470101498067379	-0.02415497973561287	0.29863640666007996	0.01589076593518257	0.05916135758161545	0.04608476161956787	0.20302611589431763	-0.007780430838465691	0.3298465609550476
ENSMUSG00000113751	-0.10634810477495193	-0.20781290531158447	-0.023373577743768692	-0.06055239215493202	-0.02827403135597706	-0.05784839019179344	0.03654143214225769	-0.11113915592432022	-0.026756806299090385	-0.2519732415676117	6.492592365248129e-05	-0.023136548697948456	-0.024481842294335365	-0.028689539059996605	0.0002926760062109679	-0.22058051824569702	-0.17576131224632263	-0.2719370722770691	0.2418586164712906	-0.6302885413169861	0.036906253546476364	-0.3961133062839508
ENSMUSG00000028622	0.0097004109993577	0.022713404148817062	0.00047132509644143283	0.016023976728320122	-0.010559206828474998	0.010092702694237232	0.003247645450755954	0.2673283815383911	0.01684267446398735	0.013513830490410328	-0.007728281430900097	-0.021982284262776375	0.01633465476334095	0.01220082025974989	-0.0219225212931633	0.3052183985710144	0.0034133847802877426	0.07074412703514099	0.04218476265668869	0.39407971501350403	-0.0072576310485601425	0.39458003640174866
ENSMUSG00000026854	0.010554655455052853	0.02994665317237377	0.0007069625426083803	0.013158610090613365	-0.014326827600598335	0.011450025252997875	0.008524340577423573	0.23862075805664062	0.020423930138349533	0.015133813954889774	-0.011559557169675827	-0.02150261402130127	0.01033303514122963	0.013467824086546898	-0.031123904511332512	0.213030144572258	0.010818158276379108	0.05780986323952675	0.03319035843014717	0.3785475790500641	-0.006542971357703209	0.33753329515457153
ENSMUSG00000085511	0.01959497295320034	0.04015861451625824	0.008249477483332157	0.00529657956212759	-0.005003672093153	-0.008173994719982147	-0.0025538841728121042	-0.04376007989048958	0.021803582087159157	0.035333797335624695	-0.006566263269633055	0.0077563701197505	0.001205172506161034	0.008948124945163727	-0.013167317025363445	0.036494240164756775	0.02818720042705536	0.06634747982025146	-0.0021883072331547737	-0.10286522656679153	-0.002262376481667161	0.011298255063593388
ENSMUSG00000104805	0.03162325173616409	0.024235188961029053	0.010815480723977089	0.024289768189191818	-0.005555964540690184	-0.0037059339229017496	-0.0035089096054434776	-0.09278889000415802	0.001163453795015812	0.05111727863550186	-0.008778443560004234	0.01062053069472313	0.0007269166526384652	0.008003268390893936	0.004815245978534222	-0.019503852352499962	0.03464289754629135	0.037581268697977066	-0.031130719929933548	-0.14796675741672516	-0.007320283446460962	-0.09177474677562714
ENSMUSG00000104350	0.015649093315005302	0.034066084772348404	-0.0035135620273649693	0.016191238537430763	0.00045864039566367865	0.0010966223198920488	-0.007266408763825893	-0.09627246856689453	0.0024341961834579706	0.007652842439711094	0.009852234274148941	0.009500253945589066	0.014233222231268883	-0.018558509647846222	0.007165112532675266	-0.038464926183223724	-0.012212433852255344	0.013638313859701157	-0.03928127884864807	-0.12452005594968796	-0.008503369987010956	-0.05672410503029823
ENSMUSG00000047044	0.003245412139222026	0.016001218929886818	-0.0035229907371103764	0.0380118228495121	-0.013910314999520779	0.006848370656371117	0.05714947357773781	0.26568177342414856	0.02656005322933197	0.007672759238630533	-3.6944049497833475e-05	-0.03620065748691559	0.0033870465122163296	0.0033518371637910604	-0.0017611292423680425	0.26528987288475037	-0.010673020966351032	0.08341577649116516	0.08469321578741074	0.5088927149772644	0.018168091773986816	0.3990671634674072
ENSMUSG00000051225	0.020500268787145615	0.030653586611151695	0.00947866216301918	0.015403833240270615	-0.0065626585856080055	0.002740069292485714	-0.0007341644959524274	-0.03437672555446625	0.015126984566450119	0.03670057654380798	-0.014247843995690346	0.008811989799141884	0.0031379982829093933	0.01626899279654026	-0.014526448212563992	0.019879691302776337	0.03834545239806175	0.04589082673192024	0.015434378758072853	-0.11113715916872025	-0.0024760854430496693	-0.019350435584783554
ENSMUSG00000038705	0.009103678166866302	0.005602322984486818	-0.0033924016170203686	0.033566709607839584	-0.020799539983272552	0.00838087685406208	0.009407227858901024	0.25656798481941223	0.021365439519286156	0.01353666465729475	-0.007889959961175919	-0.02235269546508789	0.012927493080496788	0.010515842586755753	-0.02579488977789879	0.28085869550704956	-0.0003501131432130933	0.07327020913362503	0.04621861129999161	0.4724794626235962	-0.005803999491035938	0.3702557682991028
ENSMUSG00000022824	0.026802780106663704	0.029285386204719543	0.009854046627879143	0.024712326005101204	-0.0066880895756185055	-0.002804187824949622	-0.0024607244413346052	-0.05793384090065956	0.00783137883991003	0.04609058424830437	-0.007357082795351744	0.008881459943950176	0.004541486036032438	0.017398905009031296	0.009322436526417732	-0.07653070986270905	0.03396410867571831	0.020189786329865456	-0.008032238110899925	-0.09857067465782166	-0.009278014302253723	-0.05519171059131622
ENSMUSG00000024987	0.019222848117351532	0.030574092641472816	0.008354075253009796	0.004014442674815655	-0.013382362201809883	0.0020764984656125307	0.006731361150741577	0.0727931335568428	0.01295117475092411	0.032731495797634125	-0.016197441145777702	-0.018568500876426697	-0.0007932933513075113	0.015421636402606964	-0.022883107885718346	0.08690398186445236	0.03439389541745186	0.03948094695806503	0.008078050799667835	0.09132971614599228	0.00041299883741885424	0.02292853593826294
ENSMUSG00000027076	0.007657468318939209	0.019261466339230537	-0.0008245960343629122	0.023574814200401306	-0.010055589489638805	0.008474457077682018	0.033096686005592346	0.26189085841178894	0.032400764524936676	0.009554055519402027	-0.003291079308837652	-0.008906763978302479	0.02744755893945694	0.007499400991946459	-0.015890872105956078	0.2791222631931305	-0.005820637568831444	0.07059168070554733	0.0842198058962822	0.4373667240142822	0.0056160856038331985	0.33652642369270325
ENSMUSG00000112510	0.004821463953703642	-0.07140931487083435	0.009458968415856361	0.001192131545394659	-0.01001247763633728	-0.0060863615944981575	-0.009371696971356869	-0.08954698592424393	-0.0017901442479342222	0.010923454537987709	0.011039434932172298	0.009109409525990486	0.0007508589187636971	0.006345401983708143	0.007208555471152067	-0.1418306976556778	0.0154649056494236	0.013478420674800873	-0.04174356907606125	-0.03808967024087906	-0.010499007999897003	-0.024699563160538673
ENSMUSG00000063364	0.00759385759010911	0.017038440331816673	-0.001477656653150916	0.022138431668281555	-0.021535418927669525	0.004644795320928097	0.021780693903565407	0.20225928723812103	0.012429576367139816	0.011600811034440994	-0.01594681292772293	-0.03090941347181797	0.015243356116116047	0.012429815717041492	-0.025534238666296005	0.27582523226737976	0.009659855626523495	0.0656338781118393	0.09356985986232758	0.3079107999801636	-4.107608401682228e-05	0.21337354183197021
ENSMUSG00000008036	0.009511584416031837	0.03900383412837982	0.004161922261118889	0.012716618366539478	-0.00690759951248765	0.008137674070894718	0.00484761968255043	0.18244636058807373	0.012607919052243233	0.017079003155231476	-0.014210086315870285	-0.023463552817702293	0.007693778723478317	0.015927767381072044	-0.02624889463186264	0.16030536592006683	0.025562075898051262	0.041839346289634705	0.014989670366048813	0.1175805926322937	-0.006120266392827034	0.27049893140792847
ENSMUSG00000055360	0.004556653555482626	0.0385480597615242	-0.005472283344715834	0.01817387528717518	-0.002211254322901368	0.004916369449347258	-0.011564875952899456	-0.067646823823452	-0.0019545990508049726	0.05249180644750595	0.0024945156183093786	0.007971415296196938	-0.002905025379732251	0.006558683700859547	-0.003249784931540489	-0.06639818102121353	-0.003871791996061802	0.05676184967160225	-0.050277385860681534	-0.05866540968418121	-0.004963277373462915	-0.026428749784827232
ENSMUSG00000115062	0.0266414824873209	0.026138022541999817	0.013529266230762005	0.023101842030882835	-0.006567866075783968	0.005007066763937473	0.004340996965765953	-0.0368303582072258	0.017564479261636734	0.04452819749712944	-0.014845434576272964	0.004854572471231222	0.00205469923093915	0.014118382707238197	-0.009447354823350906	0.010458720847964287	0.03411136940121651	0.047584690153598785	0.043595995754003525	0.010880226269364357	-0.0001161359905381687	-0.019999774172902107
ENSMUSG00000006373	0.0007398955640383065	-0.009051118977367878	0.01838718354701996	0.038858894258737564	-0.005616475362330675	-0.003854332258924842	0.07062359154224396	0.2520454525947571	-0.030336463823914528	-0.0018030648352578282	-0.0033478897530585527	-0.005920614581555128	0.027029769495129585	0.004503803327679634	0.0034844460897147655	0.32161661982536316	-0.0029401229694485664	0.08852802962064743	0.08715155720710754	0.39650049805641174	0.010020570829510689	0.27003803849220276
ENSMUSG00000046899	-0.006913371849805117	0.011241243220865726	-0.003448200412094593	-0.014714496210217476	-0.0032126889564096928	-0.0015082539757713675	-0.0093726497143507	-0.10647264122962952	-0.005090960301458836	-0.015214460901916027	0.009427997283637524	0.0030596021097153425	-0.007272459100931883	-0.004091024864464998	-0.019310887902975082	-0.16989831626415253	-0.004579363856464624	-0.035002559423446655	-0.03946496918797493	-0.1627873033285141	-0.0067138224840164185	-0.10848449915647507
ENSMUSG00000056648	0.019137687981128693	0.0345102995634079	0.010278374888002872	-0.0010708635672926903	-0.008187766186892986	-0.002448183251544833	-0.00977939460426569	-0.014711599797010422	0.008590913377702236	0.03578609973192215	-0.016332272440195084	0.0063651506789028645	-0.0017037256620824337	0.010255951434373856	-0.01773076504468918	-0.00848483107984066	0.0467393733561039	0.01805022917687893	0.05738069862127304	-0.04087761044502258	0.0011592104565352201	-0.05948442593216896
ENSMUSG00000110391	0.01760409027338028	0.028454361483454704	0.0055743055418133736	-0.02799293026328087	-0.006961415987461805	-0.0033010481856763363	-0.005872471258044243	-0.0950879454612732	0.0024365196004509926	0.04237760603427887	-0.0032654968090355396	0.00840836763381958	0.004986991174519062	0.002047101268544793	0.0037169766146689653	-0.08217135071754456	0.02306816168129444	-0.004477560054510832	-0.027729930356144905	-0.06884625554084778	-0.008383970707654953	-0.016660798341035843
ENSMUSG00000070738	0.010415337048470974	0.02149616740643978	0.0036474622320383787	0.024148592725396156	-0.0172127652913332	0.0003873105742968619	0.004315980244427919	0.2336709201335907	0.014820274896919727	0.008320479653775692	-0.014566642232239246	-0.021130306646227837	0.00637881038710475	0.016682015731930733	-0.024181945249438286	0.3185923099517822	0.01597631722688675	0.06738648563623428	0.018935533240437508	0.2506614029407501	-0.00856088474392891	0.21040618419647217
ENSMUSG00000121646	0.014442866668105125	0.007772426120936871	0.00548629742115736	0.008617188781499863	0.002805757336318493	-0.00251935631968081	-0.007526912726461887	-0.07632672041654587	0.011690404266119003	0.024117622524499893	0.0043804761953651905	0.0035935386549681425	-0.0021724228281527758	0.005241211503744125	-0.006126456893980503	-0.010784623213112354	0.03743845596909523	0.06990770250558853	-0.04315179958939552	-0.09433076530694962	-0.008103718981146812	-0.018263384699821472
ENSMUSG00000060176	0.00963470246642828	0.024760177358984947	0.003976558800786734	0.016891945153474808	-0.01967436820268631	0.005394692998379469	0.003951235208660364	0.15824922919273376	0.014445039443671703	0.014333272352814674	-0.014026125892996788	-0.02412516623735428	0.011114172637462616	0.015946928411722183	-0.02388535998761654	0.2617652416229248	0.019125759601593018	0.0669277235865593	0.02438323013484478	0.21052441000938416	-0.00666925311088562	0.22244581580162048
ENSMUSG00000033684	0.008430477231740952	0.017203353345394135	0.0057989973574876785	0.01814710535109043	-0.007779515814036131	0.006067496724426746	0.0020749231334775686	0.24964141845703125	0.013009585440158844	0.014082588255405426	-0.009881451725959778	-0.027423646301031113	-0.00016273096844088286	0.01910308375954628	-0.01971607096493244	0.30546900629997253	0.021270504221320152	0.07458476722240448	-0.010549924336373806	0.19476312398910522	-0.007816463708877563	0.2684662342071533
ENSMUSG00000099724	0.008506495505571365	0.026086483150720596	-0.0015090492088347673	0.003960653208196163	-0.002980641322210431	-0.00015506772615481168	-0.008937787264585495	-0.03286539018154144	0.000521783484145999	0.04164847731590271	-0.0002640182210598141	0.01169976219534874	0.003550418885424733	0.015484503470361233	-0.0031250768806785345	-0.07582984864711761	0.016027554869651794	-0.016272379085421562	-0.03048730455338955	-0.16627570986747742	-0.0058335475623607635	-0.0726613998413086
ENSMUSG00000051344	0.008959011174738407	0.015979573130607605	0.0036480557173490524	0.0064550722017884254	-0.01764509826898575	0.008809583261609077	-0.000995577429421246	0.18853338062763214	0.0128919817507267	0.013530549593269825	-0.01600152999162674	-0.018780767917633057	0.005431589670479298	0.016713332384824753	-0.01962113194167614	0.2910033166408539	0.016153626143932343	0.06261355429887772	0.009625306352972984	0.24816694855690002	-0.00776565121486783	0.24930423498153687
ENSMUSG00000027714	0.007522275671362877	0.017405865713953972	-0.0006564970826730132	0.01678299345076084	-0.004664825741201639	0.011463917791843414	0.0042430805042386055	0.2327369749546051	0.014126631431281567	0.017443522810935974	-0.0037218027282506227	-0.0167305376380682	0.008429691195487976	0.012108237482607365	-0.02493933029472828	0.2912956774234772	0.005654501728713512	0.0582282729446888	0.08074081689119339	0.3254176676273346	-0.006147216539829969	0.2648169994354248
ENSMUSG00000097487	0.01105992216616869	0.017447667196393013	-0.0006134371506050229	0.01676696352660656	-0.024879302829504013	0.005158154293894768	0.01926545612514019	0.2313096672296524	0.021149534732103348	0.014490502886474133	-0.010010811500251293	-0.02879904769361019	-0.0015620846534147859	0.015224979259073734	-0.020177872851490974	0.24222129583358765	0.013171293772757053	0.06039324775338173	0.052755627781152725	0.2606504559516907	-0.002772783860564232	0.31515660881996155
ENSMUSG00000113919	0.016601985320448875	0.012601635418832302	0.006036713253706694	0.007684729527682066	-0.00695402966812253	0.0033115458209067583	-0.004306741990149021	-0.09451337903738022	0.00796197447925806	0.019817285239696503	-0.0077899969182908535	0.005625855177640915	0.003747172886505723	0.011183250695466995	-0.0061045121401548386	0.05211605504155159	0.023525696247816086	0.01242760755121708	-0.016623079776763916	-0.1394442766904831	-0.006344865076243877	-0.09277721494436264
ENSMUSG00000099787	0.010622295551002026	0.03807438910007477	0.004788936581462622	0.026741910725831985	-0.002361657563596964	-0.004355155862867832	-0.00725367059931159	-0.05921190604567528	0.0090734688565135	0.04126114025712013	-0.0018229213310405612	0.009543484076857567	0.004552030470222235	0.008612902835011482	-0.002618663012981415	-0.06351640820503235	0.013988920487463474	0.03268445283174515	-0.03619922325015068	-0.08522316068410873	-0.006896804086863995	-0.06503558903932571
ENSMUSG00000015401	-0.009236626327037811	-0.009388032369315624	-0.006117222364991903	-0.004483355674892664	0.006779843475669622	-0.0024231476709246635	-0.006302010267972946	-0.11535367369651794	-0.010891343466937542	-0.02061285264790058	0.00656497897580266	0.01272643730044365	-0.005737671162933111	-0.00017602786829229444	-0.004669639281928539	-0.08551298826932907	-0.008876416832208633	0.013544960878789425	-0.05290965735912323	-0.23715740442276	-0.005506724584847689	-0.1151043102145195
ENSMUSG00000085992	0.017598336562514305	0.006744678132236004	-0.005385072901844978	0.022917672991752625	-0.006066738162189722	-0.0027936650440096855	0.016765441745519638	-0.012910816818475723	0.01763778179883957	0.02071438729763031	-0.031758833676576614	0.0035129880998283625	0.03169001638889313	0.006155958864837885	-0.03235520422458649	-0.0275369044393301	0.02796962298452854	0.04084955155849457	0.12911951541900635	0.10863958299160004	0.06009068340063095	0.09050177782773972
ENSMUSG00000109329	0.016027843579649925	0.02992885187268257	0.006537246517837048	0.018500449135899544	-0.0019024756038561463	-0.005002057645469904	-0.00440398370847106	-0.07047107070684433	0.008190352469682693	0.03256384655833244	-0.0004600898246280849	0.0069892555475234985	0.00030185660580173135	-0.010751953348517418	-0.004587278235703707	-0.011366601102054119	0.03321047127246857	0.02349969930946827	-0.04466087371110916	-0.1571352630853653	-0.007610267959535122	-0.06283600628376007
ENSMUSG00000085584	-0.004200500436127186	-0.007090862840414047	-0.003027093131095171	-0.0036231770645827055	0.009161915630102158	-0.0019285366870462894	-0.00768868625164032	-0.0798393040895462	-0.008620936423540115	0.008532684296369553	0.0032412928994745016	0.007575546391308308	-0.00205286149866879	0.009075216017663479	-0.003300164360553026	-0.06934168189764023	0.006134186405688524	-0.024001827463507652	-0.06775956600904465	-0.19583185017108917	-0.007766298018395901	-0.09807196259498596
ENSMUSG00000096254	-0.0013454003492370248	-0.01656033843755722	0.040128860622644424	-0.016968632116913795	0.0037379947025328875	-0.0007845817599445581	-0.06271693110466003	-0.10268358886241913	-0.03831327334046364	-0.019566610455513	0.007953738793730736	0.030961479991674423	-0.025716474279761314	-0.01586824469268322	0.13840708136558533	-0.40899577736854553	-0.0133697260171175	-0.08394251018762589	-0.02597811445593834	-0.048401571810245514	-0.008518228307366371	-0.0697389543056488
ENSMUSG00000036473	0.011088047176599503	0.020978892222046852	0.0005945611046627164	0.012815061025321484	-0.01856270059943199	0.005746541544795036	0.014198856428265572	0.1577627807855606	0.019926026463508606	0.01902955025434494	-0.012985965237021446	-0.00895131565630436	0.01695217192173004	0.01164277270436287	-0.03209240734577179	0.1499330848455429	0.008794152177870274	0.04035072773694992	0.03787032142281532	0.43170157074928284	-0.0015918767312541604	0.23824596405029297
ENSMUSG00000111204	0.01579630933701992	0.04738932102918625	0.0055275531485676765	0.01593979448080063	-0.010708346031606197	-0.0010480501223355532	0.022050634026527405	0.01116523239761591	0.011105564422905445	0.03550407290458679	0.003716288832947612	0.0015956491697579622	-0.003884999779984355	0.013481411151587963	-0.0032102856785058975	0.024455340579152107	0.0185795109719038	0.0628637820482254	0.08891647309064865	0.11004680395126343	-1.1520637599460315e-05	-0.032002173364162445
ENSMUSG00000110140	0.02295404113829136	0.028522303327918053	0.015403075143694878	0.022697990760207176	0.0003755500656552613	0.0012725023552775383	-0.005791196133941412	-0.04717384651303291	0.011319216340780258	0.04403526335954666	-0.007053424138575792	0.00236160377971828	0.00022015062859281898	-0.0007629647152498364	-0.0062609827145934105	-0.020169371739029884	0.02999723143875599	0.0181544478982687	-0.028002986684441566	-0.04199643433094025	-0.0056247650645673275	-0.06948797404766083
ENSMUSG00000085348	0.021514825522899628	0.04983808100223541	0.003412774298340082	0.0017556319944560528	-0.0063637010753154755	0.003663981333374977	-0.002121681347489357	-0.062002576887607574	0.011071868240833282	0.03987230360507965	-0.006538171786814928	0.0027559613808989525	0.00744134746491909	-0.0008692497503943741	-0.004289522301405668	-0.00398370111361146	0.01750934310257435	-0.04859212413430214	-0.03430290147662163	-0.10260742902755737	-0.005308981519192457	-0.0673414096236229
ENSMUSG00000099811	0.02808164805173874	0.033294156193733215	0.010949506424367428	0.031723763793706894	-0.0035808193497359753	-0.004111291375011206	-0.00153633754234761	-0.08721575140953064	0.010401061736047268	0.060325611382722855	-0.00769922137260437	0.009522058069705963	0.002233535284176469	0.00415751151740551	-0.0014487187145277858	0.00686676986515522	0.030127275735139847	0.05244571715593338	-0.012631017714738846	-0.10351423174142838	-0.0066099320538342	-0.06810963153839111
ENSMUSG00000079103	0.01583034358918667	0.04242194816470146	0.014260988682508469	0.005024296697229147	-0.0038271420635282993	-0.0024190819822251797	-0.006264161318540573	-0.053768742829561234	0.008695088326931	0.04411226138472557	-0.007787107955664396	0.008934671059250832	0.0009745731949806213	0.017519427463412285	-0.001375742955133319	-0.05529633164405823	0.03252978250384331	0.025186190381646156	-0.029847824946045876	-0.04992567002773285	-0.006948747672140598	-0.030430087819695473
ENSMUSG00000118292	0.004408238921314478	0.014740425162017345	0.007134122308343649	0.018106961622834206	-0.0003315330541227013	0.003169179894030094	-0.008536446839571	0.22775663435459137	0.007403597701340914	0.012866450473666191	-0.008381834253668785	-0.026095591485500336	-0.00311354361474514	0.020407801494002342	-0.007363191340118647	0.28556200861930847	0.011954762041568756	0.06546580791473389	-0.04022066667675972	0.37250128388404846	-0.005482345353811979	0.17567509412765503
ENSMUSG00000033350	-0.10803068429231644	-0.22050966322422028	-0.026485972106456757	-0.05192337557673454	-0.0328693650662899	-0.07932398468255997	0.025736751034855843	-0.1055631935596466	-0.04727441817522049	-0.22943781316280365	-0.01883648708462715	-0.014530365355312824	-0.013789267279207706	-0.02652907930314541	0.04801816865801811	-0.24066951870918274	-0.16050326824188232	-0.27358344197273254	0.2254774421453476	-0.6104251742362976	-0.00779779814183712	-0.41069161891937256
ENSMUSG00000117885	-0.016411282122135162	0.002313784556463361	-0.012658469378948212	0.0017336069140583277	0.0007377801812253892	-0.0024318352807313204	-0.012559834867715836	-0.08165377378463745	-0.014167693443596363	0.01788116618990898	0.008728883229196072	0.008217998780310154	-0.0009591153357177973	0.001872311346232891	-0.004948238376528025	-0.09442725777626038	0.016667231917381287	0.012732681818306446	-0.05332125723361969	-0.03532232344150543	-0.008518683724105358	-0.08876011520624161
ENSMUSG00000022236	0.012758387252688408	0.019579680636525154	0.004648961592465639	0.009298035874962807	-0.019182587042450905	0.007515628356486559	0.008458943106234074	0.12351033091545105	0.021485187113285065	0.018357837572693825	-0.01263580285012722	-0.015428459271788597	0.010075523518025875	0.016758549958467484	-0.03571777045726776	0.13650484383106232	0.02206151746213436	0.05066809803247452	0.021121976897120476	0.29734373092651367	-0.004838662687689066	0.1346636265516281
ENSMUSG00000015966	0.01353340595960617	0.027717657387256622	0.008512269705533981	0.012993833981454372	-0.00830146949738264	-0.0007826355285942554	0.0010478785261511803	0.08613542467355728	0.020754799246788025	0.026693537831306458	-0.010465478524565697	-0.017169861122965813	0.004354116506874561	0.019821275025606155	-0.021088821813464165	0.07567796856164932	0.0328451469540596	0.048636093735694885	0.04028091952204704	-0.042281679809093475	-0.0041191731579601765	0.06986430287361145
ENSMUSG00000078684	0.004293431062251329	0.022726817056536674	0.0012994497083127499	0.026797164231538773	-0.008738914504647255	0.006994432769715786	0.002074713120236993	0.258247971534729	0.003985192626714706	0.012195039540529251	-0.0027480360586196184	-0.011880484409630299	0.008891992270946503	0.01078353077173233	-0.010897827334702015	0.23383724689483643	0.0065010362304747105	0.0472574420273304	0.00680698174983263	0.5297204852104187	-0.006795064080506563	0.3279014527797699
ENSMUSG00000116745	0.0021177781745791435	0.03865429013967514	0.0004987852880731225	0.022079188376665115	-0.0013214382342994213	0.0019064412917941809	-0.009785978123545647	-0.08656494319438934	-0.0013417996233329177	0.036617230623960495	-0.001608198625035584	0.008237091824412346	0.003083311254158616	0.010620767250657082	-0.0034439086448401213	-0.0035328418016433716	0.005203756503760815	0.02041972428560257	-0.02542310766875744	-0.10023535043001175	-0.005114894360303879	-0.055026549845933914
ENSMUSG00000091059	-0.011614986695349216	0.028967127203941345	-0.0047622015699744225	-0.018029823899269104	1.920708427860518e-06	-0.0029192811343818903	-0.009469467215240002	-0.07182709127664566	-0.005613739602267742	-0.05011646822094917	0.0034296391531825066	0.00935070589184761	0.0061754803173244	-0.0017689833184704185	-0.008824387565255165	-0.20904915034770966	-0.0004487744008656591	0.007555320858955383	-0.029231742024421692	-0.03342325612902641	-0.01135910116136074	-0.053406715393066406
ENSMUSG00000027952	0.01662367954850197	0.030254758894443512	0.0019569227006286383	0.01768367923796177	-0.009137113578617573	0.004593672230839729	0.008805841207504272	-0.006648021750152111	0.023339252918958664	0.023832278326153755	-0.019315851852297783	-0.007067148108035326	0.00420401943847537	0.013278467580676079	-0.029483377933502197	0.03253360092639923	0.029309973120689392	0.03647447004914284	0.0570814311504364	0.028747480362653732	0.020949244499206543	0.03152488172054291
ENSMUSG00000025204	0.011546928435564041	0.021144308149814606	0.0013310554204508662	0.012748617678880692	-0.029776370152831078	0.004797572270035744	0.01121822465211153	0.2569872736930847	0.01155208982527256	0.009904919192194939	-0.012886632233858109	-0.02454564720392227	0.0014612409286201	0.016381284222006798	0.0015075562987476587	0.31394702196121216	0.01425006054341793	0.07824966311454773	0.04189663380384445	0.29882851243019104	-0.008692766539752483	0.3167451024055481
ENSMUSG00000034751	0.007893739268183708	0.020269280299544334	0.0035794719588011503	0.02444962039589882	-0.01661902666091919	0.005451627541333437	0.0048444923013448715	0.24950626492500305	0.009358149021863937	0.012021001428365707	-0.013410286046564579	-0.030553704127669334	0.0043930066749453545	0.019148245453834534	-0.02003871463239193	0.3037763833999634	0.017568005248904228	0.07636518776416779	-0.012265725992619991	0.20224106311798096	-0.007937969639897346	0.21283796429634094
ENSMUSG00000028593	0.012176543474197388	0.018231146037578583	0.0013987268321216106	-0.003890190040692687	-0.0001246862084371969	-0.001809915411286056	-0.005752485245466232	-0.05620129033923149	0.005086163058876991	0.03243645280599594	-0.0001998437219299376	0.009921468794345856	0.008559049107134342	-0.0018215121235698462	0.004082484170794487	-0.09122864902019501	0.0097790053114295	0.02864929288625717	-0.04075520485639572	-0.10136329382658005	-0.0068653784692287445	-0.12156013399362564
ENSMUSG00000112174	-0.02304615080356598	0.008767775259912014	-0.009130783379077911	-0.00119304982945323	0.005564291961491108	-0.002315104240551591	-0.008592366240918636	-0.06241504102945328	-0.01386537216603756	0.04781501740217209	0.0075716073624789715	0.008665192872285843	-0.009998158551752567	-0.00457683764398098	-0.009538249112665653	-0.11868181079626083	-0.021507909521460533	-0.02709672972559929	-0.054215192794799805	-0.1146392747759819	-0.007037170697003603	-0.09988104552030563
ENSMUSG00000060131	0.005196442827582359	0.03330979123711586	0.0007506089168600738	0.012813812121748924	0.00045826606219634414	0.0002510155609343201	-0.01102518755942583	-0.1037190705537796	-0.0019043440697714686	0.01659429259598255	0.00022722240828443319	0.01644064486026764	-0.0018503282917663455	0.009841633029282093	-0.006399708334356546	0.04595480114221573	0.013051602989435196	0.03621000424027443	-0.05329889431595802	-0.07523436844348907	-0.00860101729631424	-0.035357557237148285
ENSMUSG00000067649	-0.012750690802931786	-0.03247436508536339	-0.009298780001699924	-0.01095835492014885	0.006368011701852083	-0.004772359039634466	-0.014981668442487717	-0.13973554968833923	-0.016754573211073875	-0.05335938557982445	0.008142518810927868	0.006761498283594847	-0.008293170481920242	0.006175606977194548	-0.0008520838455297053	-0.063481405377388	-0.004618446808308363	-0.05879327654838562	-0.033779069781303406	-0.07816926389932632	-0.01047426462173462	-0.13483308255672455
ENSMUSG00000087385	0.01249188743531704	0.02666284516453743	0.002460147486999631	0.013003583066165447	-0.017970649525523186	0.01286278571933508	-0.0038280293811112642	0.15581674873828888	0.015252109616994858	0.01751406118273735	-0.0027988373767584562	-0.008837894536554813	0.009100323542952538	0.012540960684418678	-0.02534732036292553	0.19805245101451874	0.00937842857092619	0.061120014637708664	0.04472421109676361	0.3880383372306824	-0.003402667585760355	0.3535512089729309
ENSMUSG00000085043	0.014672369696199894	0.028345732018351555	0.004943766165524721	0.0015390944899991155	-0.008802104741334915	0.002820817520841956	0.012663235887885094	-0.04015568643808365	-0.0034661826211959124	0.007597991731017828	-0.002205308759585023	-0.0017207679338753223	0.008318234235048294	0.011913236230611801	-0.016342028975486755	0.009551879949867725	0.024606740102171898	0.009188439697027206	0.07473206520080566	0.14146468043327332	-0.0035487026907503605	0.005300259683281183
ENSMUSG00000027562	0.007943471893668175	0.015709958970546722	0.0008400341612286866	0.0324716791510582	-0.02496638149023056	0.007153794635087252	0.015347096137702465	0.2530554533004761	0.0054667978547513485	0.012399638071656227	-0.00955368671566248	-0.027755742892622948	0.006407839246094227	0.013825845904648304	-0.01623513549566269	0.30233487486839294	0.00819472223520279	0.051947079598903656	0.03665812313556671	0.4236885905265808	-0.0051457565277814865	0.23631738126277924
ENSMUSG00000087211	0.01513675320893526	0.04345322027802467	0.008051768876612186	0.014723663218319416	-0.006227306555956602	0.0031931146513670683	0.004433357622474432	0.08022857457399368	0.014355301856994629	0.03542342782020569	-0.018877873197197914	-0.009615735150873661	-7.068154081935063e-05	0.016848843544721603	-0.021999340504407883	0.05054960399866104	0.03177151829004288	0.041713472455739975	-0.005447039380669594	0.05351238697767258	-0.003485980676487088	0.06586068868637085
ENSMUSG00000115492	0.0038548619486391544	-0.0006436578114517033	-0.007397662382572889	-0.01269982848316431	-0.0023311495315283537	-0.0015485839685425162	-0.007767201866954565	-0.08796623349189758	-0.0010711492504924536	0.01836281269788742	-0.0025046011433005333	0.009739267639815807	-0.0018360980320721865	0.018662016838788986	-0.0027099584694951773	-0.08649089187383652	0.019911883398890495	0.0683152824640274	-0.04934396594762802	-0.11420201510190964	-0.007283538579940796	-0.03816131502389908
ENSMUSG00000116759	-0.020435664802789688	0.019296275451779366	-0.006888819392770529	0.0038560940884053707	-0.0005322763463482261	-0.0030075472313910723	-0.01611046865582466	-0.13058513402938843	-0.01924123242497444	0.024593301117420197	0.009902496822178364	0.011133057065308094	-0.0036182007752358913	0.004355079960078001	0.0044515300542116165	-0.03940143063664436	-0.03544456511735916	0.037883687764406204	-0.042909298092126846	-0.10948213934898376	-0.008758355863392353	-0.09123854339122772
ENSMUSG00000113121	0.002695023315027356	0.010432902723550797	-7.498357490476337e-07	0.006255271378904581	-0.01595001295208931	-0.0037476392462849617	-0.006742757745087147	0.17581148445606232	0.0020316680893301964	0.014302131719887257	-0.008277617394924164	-0.030894029885530472	-0.001567912520840764	0.02009774185717106	-0.006573892198503017	0.24701742827892303	0.01351512223482132	0.06864921748638153	-0.05175771564245224	0.0035118237137794495	-0.006371804513037205	0.08173316717147827
ENSMUSG00000034613	0.00868846196681261	0.027975114062428474	0.002067146124318242	0.01826668344438076	-0.01505063846707344	0.005921485368162394	0.008898856118321419	0.22647148370742798	0.01339369174093008	0.00291102915070951	-0.012030508369207382	-0.03217931464314461	0.009822535328567028	0.014594937674701214	-0.026269571855664253	0.31026598811149597	0.011424470692873001	0.047769974917173386	0.006591419689357281	0.3950757682323456	-0.007763054221868515	0.23663468658924103
ENSMUSG00000054418	-0.10803068429231644	-0.22050966322422028	-0.026485972106456757	-0.05192337557673454	-0.0328693650662899	-0.07932398468255997	0.025736751034855843	-0.1055631935596466	-0.04727441817522049	-0.22943781316280365	-0.01883648708462715	-0.014530365355312824	-0.013789267279207706	-0.02652907930314541	0.04801816865801811	-0.24066951870918274	-0.16050326824188232	-0.27358344197273254	0.2254774421453476	-0.6104251742362976	-0.00779779814183712	-0.41069161891937256
ENSMUSG00000044229	0.008981825783848763	0.027223747223615646	0.004981680307537317	0.012619717977941036	-0.009562239982187748	0.007146082352846861	0.00019170757150277495	0.14784608781337738	0.008928390219807625	0.016984788700938225	-0.012034294195473194	-0.018090538680553436	0.0032267507631331682	0.01180393248796463	-0.017044125124812126	0.14824484288692474	0.021892864257097244	0.039691101759672165	-0.01537820789963007	0.19738903641700745	-0.006902045104652643	0.1016615703701973
ENSMUSG00000087026	0.012227881699800491	0.026750139892101288	-0.0007590401801280677	0.020107293501496315	-0.019411297515034676	0.006337412633001804	0.011461243964731693	0.185394749045372	0.0234344694763422	0.020079074427485466	-0.010003278031945229	-0.015094632282853127	0.00860019400715828	0.011378072202205658	-0.0277919452637434	0.1991344839334488	0.006291000172495842	0.0600728876888752	0.08222314715385437	0.3909696638584137	-0.0020064120180904865	0.27005448937416077
ENSMUSG00000060621	0.01982022076845169	0.02589564584195614	0.00034959823824465275	0.013891363516449928	-0.00740300165489316	0.0022605666890740395	-0.00819115899503231	0.023046070709824562	0.013642999343574047	0.038423314690589905	-0.016866575926542282	-0.022234804928302765	0.007149906363338232	0.011660538613796234	-0.03156479075551033	0.048396967351436615	0.03301731497049332	0.030650880187749863	0.06983973830938339	0.10009582340717316	0.016604997217655182	0.018965786322951317
ENSMUSG00000064263	0.011018692515790462	0.017546946182847023	-0.0012358370004221797	0.026182960718870163	-0.017520036548376083	0.016085579991340637	0.006689245812594891	0.12308764457702637	0.026357440277934074	0.014542101882398129	-0.009017287753522396	-0.011083425022661686	0.01815890334546566	0.010409117676317692	-0.03322413191199303	0.24794229865074158	0.0031174502801150084	0.05869356170296669	0.05252183601260185	0.5518074631690979	0.001594751374796033	0.20683078467845917
ENSMUSG00000022474	0.007241203915327787	0.01595861092209816	-0.00984682235866785	0.02369750663638115	-0.021315963938832283	0.005727022420614958	0.033711448311805725	0.22765983641147614	0.02778518758714199	0.011462140828371048	-0.008860263042151928	-0.025555552914738655	0.017174487933516502	0.007089395076036453	-0.03253850340843201	0.22649811208248138	-0.00729787815362215	0.04801588132977486	0.07450063526630402	0.44922614097595215	0.009722346439957619	0.30434760451316833
ENSMUSG00000048249	0.0070019974373281	0.030689222738146782	-0.002976104384288192	0.031289633363485336	-0.02237805351614952	0.009438611567020416	0.01414993405342102	0.23793254792690277	0.019069744274020195	0.014766862615942955	-0.0037837685085833073	-0.015178833156824112	0.021944845095276833	0.005401259288191795	-0.020789451897144318	0.2975665330886841	-0.00789686106145382	0.07939356565475464	0.040260735899209976	0.5981313586235046	-0.003375703701749444	0.47295302152633667
ENSMUSG00000074796	0.010578005574643612	0.0190136656165123	-0.0039733219891786575	0.012914606370031834	-0.012870834209024906	0.005546331871300936	0.011892816051840782	0.24400310218334198	0.02314748801290989	0.013079688884317875	-0.002189108869060874	-0.02267821505665779	0.016777701675891876	0.009695352055132389	-0.03318231180310249	0.23783239722251892	-9.712410246720538e-05	0.056579723954200745	0.05154819414019585	0.3769860565662384	-0.004969458095729351	0.32252267003059387
ENSMUSG00000120548	0.02550053782761097	0.03635124862194061	0.00781281292438507	0.013881075195968151	-0.00532360328361392	-0.0016761836595833302	-0.003938236739486456	-0.06019175052642822	0.01023905724287033	0.013851702213287354	-0.0008376580663025379	0.012929840013384819	0.004612046293914318	0.009832081384956837	0.001932721585035324	-0.038909878581762314	0.0346965566277504	0.03739815950393677	-0.036695703864097595	-0.1822233349084854	-0.007135716732591391	-0.07864802330732346
ENSMUSG00000035504	0.01204107515513897	0.013308482244610786	-0.003796784207224846	0.02181095816195011	-0.01759899966418743	0.0030410578474402428	0.013951011002063751	0.17502190172672272	0.016843240708112717	0.01828613318502903	-0.023147284984588623	-0.022640017792582512	0.013734394684433937	0.013187454082071781	-0.028882237151265144	0.19721338152885437	0.013273715041577816	0.040539149194955826	0.07277032732963562	0.22113513946533203	0.00022875935246702284	0.2667315900325775
ENSMUSG00000108211	0.018954716622829437	0.01973801665008068	-0.009831827133893967	-0.02536981739103794	-0.017137590795755386	-0.0031816845294088125	0.017832176759839058	-0.01701619103550911	0.006419277749955654	0.019460134208202362	0.0026227105408906937	0.008922295644879341	0.006497410591691732	0.004957311786711216	0.0012620924971997738	-0.1509343385696411	0.01751525327563286	0.023714270442724228	0.03417704254388809	0.11023285239934921	-0.00434429757297039	-0.05103011056780815
ENSMUSG00000102058	-0.10803068429231644	-0.22050966322422028	-0.026485972106456757	-0.05192337557673454	-0.0328693650662899	-0.07932398468255997	0.025736751034855843	-0.1055631935596466	-0.04727441817522049	-0.22943781316280365	-0.01883648708462715	-0.014530365355312824	-0.013789267279207706	-0.02652907930314541	0.04801816865801811	-0.24066951870918274	-0.16050326824188232	-0.27358344197273254	0.2254774421453476	-0.6104251742362976	-0.00779779814183712	-0.41069161891937256
ENSMUSG00000018707	0.009745911695063114	0.03074677474796772	-0.001443727407604456	0.022339368239045143	-0.019005917012691498	0.010640791617333889	0.01030537486076355	0.22320230305194855	0.019946150481700897	0.013959042727947235	-0.009383824653923512	-0.018475890159606934	0.014838949777185917	0.011036550626158714	-0.03180946037173271	0.27878567576408386	0.003802079241722822	0.05942817032337189	0.03955749422311783	0.45667412877082825	-0.005631649401038885	0.3258654475212097
ENSMUSG00000117254	0.02324603870511055	0.015856266021728516	0.007968317717313766	0.011733893305063248	-0.0019293352961540222	-0.0037565443199127913	-0.004117981065064669	-0.0789160430431366	0.010331545025110245	0.0378190316259861	-0.005827796645462513	0.008825563825666904	-0.00039317552000284195	0.007836994715034962	-0.002399394754320383	-0.02237197943031788	0.02982565201818943	0.0584476999938488	-0.056053146719932556	-0.12471938878297806	-0.006911978591233492	-0.07658366113901138
ENSMUSG00000092124	-0.0006949014496058226	0.0225802231580019	-0.0007982847164385021	0.026751486584544182	-0.027941321954131126	0.00647377036511898	-0.02205883339047432	0.23146003484725952	0.00025913561694324017	0.013199741020798683	0.004891912452876568	-0.017880957573652267	0.002857773331925273	0.015127106569707394	0.011643887497484684	0.33350104093551636	0.010834441520273685	0.06025821715593338	0.015562602318823338	0.49138545989990234	-0.007867913693189621	0.42875346541404724
ENSMUSG00000054958	0.013211037032306194	0.029804006218910217	0.008477648720145226	0.018145419657230377	-0.008934995159506798	0.005172469653189182	0.0032148114405572414	0.10965102165937424	0.017507178708910942	0.026143746450543404	-0.010685577057301998	-0.0008790551219135523	0.0017484762938693166	0.017754463478922844	-0.019376488402485847	0.11746416240930557	0.031967099756002426	0.061008721590042114	0.007092773914337158	-0.015380471013486385	-0.005831239745020866	0.052153393626213074
ENSMUSG00000025213	-0.10803068429231644	-0.22050966322422028	-0.026485972106456757	-0.05192337557673454	-0.0328693650662899	-0.07932398468255997	0.025736751034855843	-0.1055631935596466	-0.04727441817522049	-0.22943781316280365	-0.01883648708462715	-0.014530365355312824	-0.013789267279207706	-0.02652907930314541	0.04801816865801811	-0.24066951870918274	-0.16050326824188232	-0.27358344197273254	0.2254774421453476	-0.6104251742362976	-0.00779779814183712	-0.41069161891937256
ENSMUSG00000051046	0.007421514950692654	0.0430726557970047	-0.0052013699896633625	8.701976184966043e-06	-0.0008307693642564118	-0.004010303411632776	-0.007355951704084873	-0.07456446439027786	-0.006396840792149305	0.02989514358341694	-0.008064879104495049	0.007770683150738478	0.004363882355391979	0.016313795000314713	-0.0001820410107029602	-0.033468592911958694	0.01029833871871233	0.015429452992975712	-0.00037241875543259084	-0.10473965853452682	-0.005897414870560169	-0.06879943609237671
ENSMUSG00000032712	0.005147439893335104	0.01401502825319767	-0.004725346341729164	0.02643350511789322	-0.024953339248895645	0.005177987273782492	0.036768969148397446	0.2866131365299225	0.021649878472089767	0.007726846728473902	-0.010070561431348324	-0.03270363807678223	0.025853652507066727	0.008100570179522038	-0.025393884629011154	0.2789020240306854	0.00011541312414919958	0.06537756323814392	0.08042679727077484	0.4895972013473511	0.008809763006865978	0.35174044966697693
ENSMUSG00000070574	0.020891770720481873	0.017032984644174576	0.004079847130924463	0.023211000487208366	-0.006297191604971886	0.002765377750620246	0.007353859022259712	0.0009436783147975802	0.021861501038074493	0.042175546288490295	-0.01633242517709732	0.002513023093342781	0.003711664117872715	0.00989147461950779	-0.0204640943557024	0.010515128262341022	0.027293475344777107	0.055922847241163254	0.024510998278856277	0.033270739018917084	0.00847423542290926	-0.029904864728450775
ENSMUSG00000095048	0.02630510739982128	0.02992190048098564	0.02403174340724945	0.009994669817388058	-0.006739254109561443	-0.0034102045465260744	-0.004753055050969124	-0.061138905584812164	0.011217456310987473	0.055632010102272034	-0.012243814766407013	0.009986838325858116	0.0005751083954237401	0.005492229014635086	0.004601514432579279	-0.04158557578921318	0.037435729056596756	0.049652233719825745	-0.02791258879005909	-0.08274656534194946	-0.006269387435168028	-0.05169352516531944
ENSMUSG00000111276	-0.012351271696388721	-0.019631240516901016	-0.004111583810299635	-0.015935245901346207	-0.01001649722456932	0.002600055420771241	-0.027674511075019836	-0.12449193000793457	-0.010288037359714508	-0.018076617270708084	0.008287014439702034	0.011247842572629452	-0.016251228749752045	0.00861427653580904	0.10812191665172577	-0.16087152063846588	-0.03955179825425148	-0.061100684106349945	-0.04347745329141617	-0.16644138097763062	-0.008849892765283585	-0.09879753738641739
ENSMUSG00000079480	-0.001670984784141183	0.012407702393829823	0.0016631276812404394	0.005018128547817469	0.00984232034534216	0.003387851407751441	0.023169532418251038	0.24889054894447327	-0.007957848720252514	0.004306360613554716	-0.00416422076523304	-0.01588534191250801	0.017768532037734985	0.0076950048096477985	-0.007817767560482025	0.272789865732193	0.013285518623888493	0.01776852458715439	0.07272449880838394	0.42558467388153076	-0.005408946890383959	0.41328078508377075
ENSMUSG00000009356	0.017936618998646736	0.026003187522292137	0.013357380405068398	0.02036130614578724	-0.003231892827898264	-0.0019598929211497307	0.00045683945063501596	-0.06330931931734085	0.010625921189785004	0.042873315513134	-0.009819193743169308	0.0033279252238571644	-8.839549263939261e-05	0.01012880727648735	-0.008047429844737053	0.015316021628677845	0.0435950942337513	0.036265771836042404	-0.004390775691717863	0.023711809888482094	-0.004378278274089098	-0.01666995696723461
ENSMUSG00000096917	0.005789994727820158	0.015621676109731197	-0.014732487499713898	0.008997649885714054	-0.0187390074133873	0.006807207595556974	0.0487639382481575	0.2262849062681198	0.024492884054780006	0.011326393112540245	-0.005756183993071318	-0.018946269527077675	0.027284136041998863	0.0031527355313301086	-0.04115283489227295	0.22196640074253082	-0.017188524827361107	0.07447931170463562	0.08464369177818298	0.5092015266418457	0.027100995182991028	0.34300363063812256
ENSMUSG00000063320	0.002536069368943572	0.00791363324970007	0.012188563123345375	0.03398538753390312	-0.000494101841468364	0.008868847042322159	0.04239676147699356	0.25940728187561035	0.0015165709191933274	0.007089023478329182	-0.005833757575601339	-0.021814711391925812	-0.010374323464930058	0.007185600232332945	0.013219917193055153	0.3130086064338684	0.021046249195933342	0.07337077707052231	0.0841616541147232	0.5712575316429138	-0.005755172576755285	0.3144432306289673
ENSMUSG00000110136	0.007469450123608112	0.01810985989868641	-0.008344832807779312	0.022486360743641853	-0.019951878115534782	0.007003373000770807	0.026267604902386665	0.23342961072921753	0.022553207352757454	0.011801525019109249	-0.01417664997279644	-0.021948330104351044	0.020204538479447365	0.00969182513654232	-0.039885200560092926	0.2142518162727356	-5.785887879028451e-06	0.05757288634777069	0.07475510984659195	0.43250271677970886	0.005542218219488859	0.29494723677635193
ENSMUSG00000106777	0.02737342193722725	0.05144822224974632	0.004555948078632355	0.023890284821391106	0.002669776324182749	0.010774046182632446	0.0005726960371248424	-0.048322826623916626	0.011752190999686718	0.043698906898498535	-0.005383792333304882	0.005826443433761597	-0.001147531671449542	0.015114783309400082	-0.006341019179672003	-0.0235091932117939	0.019949937239289284	0.06761857867240906	-0.012117478996515274	-0.07513466477394104	-0.000492057588417083	0.014292105101048946
ENSMUSG00000091183	0.007390812039375305	0.017068080604076385	0.0027659416664391756	0.013273574411869049	-0.028177840635180473	0.005410824436694384	-0.001209529465995729	0.1884194314479828	0.012461202219128609	0.021014435216784477	-0.01337848324328661	-0.024338988587260246	0.008543238043785095	0.013441097922623158	-0.011480430141091347	0.24879266321659088	0.01689651422202587	0.0399286188185215	0.027796505019068718	0.059938520193099976	-0.006076259538531303	0.12389501929283142
ENSMUSG00000025105	0.008216126821935177	0.024280212819576263	0.003168709808960557	0.020221345126628876	-0.017392009496688843	0.0009129850659519434	-0.00899382121860981	0.14218352735042572	0.008006845600903034	0.019201740622520447	-0.011563210748136044	-0.01572083681821823	0.0031200263183563948	0.01823444664478302	-0.01301599945873022	0.15004496276378632	0.017232464626431465	0.05118870362639427	-0.023003362119197845	0.027061467990279198	-0.006184535101056099	0.03223554044961929
ENSMUSG00000121400	0.015732349827885628	0.02850603125989437	0.009018017910420895	0.012371019460260868	-0.005397368688136339	-0.0013681026175618172	-0.006608457770198584	-0.08420111984014511	0.011016604490578175	0.04076087847352028	-0.002721606520935893	0.0076174004934728146	0.0026408499106764793	0.006350114941596985	-0.0016705280868336558	-0.04015028849244118	0.03200744464993477	0.015241588465869427	-0.028254983946681023	-0.04441872239112854	-0.007940342649817467	-0.02929379977285862
ENSMUSG00000098630	0.03732849657535553	0.020638832822442055	0.019505081698298454	0.011276420205831528	-0.01329798623919487	-0.006322213914245367	-0.004685698542743921	-0.07035244256258011	0.005292629823088646	0.04060507193207741	-0.009667478501796722	0.008921013213694096	0.0011967539321631193	0.02044772170484066	0.007053770590573549	-0.09693577885627747	0.04922323673963547	0.03376390039920807	-0.010739028453826904	0.013305244036018848	-0.009782508946955204	-0.027690043672919273
ENSMUSG00000118029	0.02564331330358982	0.036210689693689346	-0.02080433815717697	0.020994553342461586	-0.003235664451494813	0.0005218485021032393	-0.05210056155920029	0.017665285617113113	0.02376679889857769	0.05166206881403923	-0.05274670943617821	-0.008549980819225311	0.010278772562742233	0.012642844580113888	-0.04390145465731621	4.165288191870786e-05	0.02600409835577011	0.014532137662172318	0.10533452033996582	0.09010928124189377	0.03812325745820999	0.015620694495737553
ENSMUSG00000062543	0.02608148381114006	0.019221069291234016	0.0044213333167135715	0.036515504121780396	-0.004174862522631884	-0.0027766660787165165	-0.002270046854391694	-0.07941759377717972	0.013184389099478722	0.03348357230424881	-0.010846192948520184	0.009619977325201035	0.0077137756161391735	0.007923091761767864	0.0038188130129128695	-0.027885831892490387	0.03424367681145668	0.012886430136859417	-0.027159154415130615	-0.18553078174591064	-0.006731228902935982	-0.10790777206420898
ENSMUSG00000095128	0.01325899362564087	-0.009162918664515018	0.0028441965114325285	-0.005948914680629969	-0.006434252951294184	-0.003666923614218831	-0.00019737757975235581	-0.07980097085237503	0.0006753519992344081	0.042629994451999664	-0.0069695450365543365	0.01330571062862873	-0.0007307495689019561	0.009914206340909004	-0.004438973497599363	-0.03146728128194809	0.030304165557026863	0.01791430078446865	-0.02945215441286564	-0.08240940421819687	-0.007617780938744545	-0.047692567110061646
ENSMUSG00000029798	-0.013996312394738197	0.016671760007739067	-0.007113746367394924	0.0007043640944175422	0.017186610028147697	-0.0036187998484820127	-0.020299118012189865	0.011630059219896793	-0.022148484364151955	0.015741122886538506	0.017475629225373268	-0.0008098313119262457	-0.012626038864254951	-0.0002022559056058526	0.012318747118115425	-0.05048000440001488	-0.01650869846343994	0.00984925962984562	-0.07608875632286072	0.03057575412094593	-0.0065909926779568195	-0.0052350787445902824
ENSMUSG00000030180	0.007316316477954388	0.021073048934340477	-0.002562564332038164	0.03797103837132454	-0.025667434558272362	0.009147383272647858	0.013021276332437992	0.29292723536491394	0.01539730653166771	0.012806030921638012	-0.0051429555751383305	-0.020820319652557373	0.021570760756731033	0.00797760859131813	-0.016284288838505745	0.33164504170417786	-0.004991316236555576	0.08114294707775116	0.03642108291387558	0.5742178559303284	-0.004324770532548428	0.5021864175796509
ENSMUSG00000003534	0.010576624423265457	0.026607027277350426	-0.0032944330014288425	0.02165282890200615	-0.009683006443083286	0.004015990532934666	0.013475057668983936	0.06697524338960648	0.019021326676011086	0.024866797029972076	-0.017906665802001953	-0.023725926876068115	0.008725165389478207	0.012396089732646942	-0.03646890074014664	0.10860787332057953	0.02189653180539608	0.03237816318869591	0.08036354929208755	0.17969144880771637	0.021039212122559547	0.1321476250886917
ENSMUSG00000101133	0.015264110639691353	0.035333242267370224	0.009336662478744984	0.016090942546725273	-0.007914853282272816	0.0014841911615803838	0.0017336704768240452	-0.03492577373981476	0.015673069283366203	0.03756134584546089	-0.01599728874862194	0.0017809196142479777	0.0008401029626838863	0.01755620911717415	-0.02184257097542286	0.09513235092163086	0.036836858838796616	0.04268690198659897	0.010873258113861084	-0.04157114028930664	-0.00026872989838011563	0.0012280931696295738
ENSMUSG00000113298	0.02061348222196102	0.0007926254183985293	-0.005217541940510273	0.0005556764081120491	-0.006943689193576574	-0.0021559360902756453	-0.007633150089532137	-0.07478498667478561	0.01110108569264412	0.0364142544567585	-0.0055440557189285755	0.005784357897937298	0.0037379241548478603	0.015438220463693142	0.007959571667015553	-0.04606983810663223	0.00907139666378498	0.03629207983613014	-0.04290105774998665	-0.05302199348807335	-0.005121777765452862	-0.010247630067169666
ENSMUSG00000037098	0.010379932820796967	0.01977217011153698	0.00131422549020499	0.0181795172393322	-0.019927138462662697	0.0037695136852562428	0.009314263239502907	0.23064731061458588	0.016335302963852882	0.013517417944967747	-0.017438916489481926	-0.02641424909234047	0.010081134736537933	0.016144797205924988	-0.028378719463944435	0.31222203373908997	0.015654301270842552	0.057039886713027954	0.025087006390094757	0.2538449764251709	-0.007675312925130129	0.27978065609931946
ENSMUSG00000109936	0.01632835902273655	0.030108604580163956	0.004401788581162691	0.013692084699869156	-0.005906216334551573	0.005123228300362825	-0.0035311938263475895	0.011386455036699772	0.02308543771505356	0.02987579070031643	-0.01933552511036396	-0.006010939367115498	0.0013404760975390673	0.013177127577364445	-0.03304983302950859	0.0019526504911482334	0.03362378478050232	0.043567124754190445	0.018660850822925568	-0.02890835516154766	0.01639566384255886	0.020455051213502884
ENSMUSG00000109574	0.016766732558608055	0.03400295600295067	-0.005327075719833374	0.007689194288104773	-0.011155612766742706	-8.384093962376937e-05	-0.012627232819795609	-0.11529666930437088	0.004709365777671337	0.04053995758295059	-0.005051242653280497	0.0024289502762258053	-0.001849197200499475	0.009301458485424519	0.001861122902482748	-0.004469315521419048	0.010529238730669022	0.012628531083464622	-0.028058871626853943	0.027286700904369354	-0.006780056748539209	-0.02235765941441059
ENSMUSG00000044787	0.01170697808265686	0.02935045398771763	0.00838330015540123	0.015697434544563293	-0.012019864283502102	0.007659839000552893	-0.0018896391848102212	0.10791274905204773	0.018008895218372345	0.024366123601794243	-0.015208342112600803	-0.0038450167048722506	0.004454349633306265	0.017302438616752625	-0.021247154101729393	0.2226935178041458	0.03074115514755249	0.031172525137662888	0.0085883978754282	0.12454652041196823	-0.004908289760351181	0.09186206012964249
ENSMUSG00000097386	0.012586143799126148	0.004423663020133972	-0.0014893945772200823	0.013676324859261513	-0.019844403490424156	6.832072540419176e-05	0.039297107607126236	0.14029593765735626	0.01086249016225338	0.017103785648941994	-0.021206285804510117	-0.020628955215215683	-0.002517988672479987	0.01293348427861929	-0.004759670700877905	-0.0007338029099628329	0.022258631885051727	0.029170572757720947	0.06602166593074799	0.21816299855709076	0.023409385234117508	0.2506345808506012
ENSMUSG00000070056	0.009199807420372963	0.025588052347302437	0.007543117273598909	0.013232414610683918	-0.015781953930854797	-0.0006721136742271483	-0.002049844479188323	0.17285604774951935	0.011287015862762928	0.020425960421562195	-0.018715152516961098	-0.023144150152802467	-0.002110420260578394	0.019736671820282936	-0.02249237708747387	0.2468133121728897	0.020860249176621437	0.052426062524318695	-0.007596494629979134	0.16720235347747803	-0.006191089283674955	0.09487445652484894
ENSMUSG00000018076	0.00968849752098322	0.016774604097008705	-0.00021235599706415087	0.025314968079328537	-0.023555809631943703	0.004345059860497713	0.014363679103553295	0.22042402625083923	0.019305311143398285	0.01084092352539301	-0.017796767875552177	-0.029774045571684837	0.013743853196501732	0.015139075927436352	-0.03379959240555763	0.18740816414356232	0.014467615634202957	0.05680808424949646	0.038882527500391006	0.31279876828193665	-0.0035294878762215376	0.2073432356119156
ENSMUSG00000121506	0.025640198960900307	0.040156107395887375	0.005740789230912924	0.019152216613292694	-0.005134052596986294	1.301915108342655e-05	-0.004063764587044716	-0.06627564132213593	0.012096195481717587	0.04573566094040871	-0.013721859082579613	0.01287448313087225	0.0032735986169427633	0.012086072005331516	-0.006448749452829361	0.022754115983843803	0.03995140641927719	0.059352580457925797	-0.04773623123764992	-0.13409633934497833	-0.0068114204332232475	-0.08022694289684296
ENSMUSG00000060038	0.0030313413590192795	0.020899876952171326	-0.007850228808820248	0.04517257586121559	-0.015022208914160728	0.008692685514688492	0.06227835640311241	0.257993221282959	0.029368437826633453	0.007984081283211708	-0.0022737043909728527	-0.02424345538020134	0.020095456391572952	-0.00043143381481058896	-0.032131243497133255	0.270176500082016	-0.033193062990903854	0.08608497679233551	0.06207040324807167	0.6423285603523254	0.02308517135679722	0.4151216745376587
ENSMUSG00000097166	0.01697823591530323	0.021773919463157654	0.004034722223877907	0.022828513756394386	-0.006737498100847006	0.0035574135836213827	0.005811489652842283	0.042364515364170074	0.014840546064078808	0.024597974494099617	-0.012274792417883873	0.007915138266980648	0.00234855804592371	0.009960738010704517	-0.020898625254631042	-0.016092872247099876	0.029411615803837776	0.021971313282847404	0.014311207458376884	-0.057445164769887924	-0.0032011556904762983	0.0193900465965271
ENSMUSG00000097184	0.011939028277993202	0.025877365842461586	0.00662540178745985	0.022129373624920845	-0.023625269532203674	0.004677622113376856	0.007920864969491959	0.1588628739118576	0.016896456480026245	0.015309518203139305	-0.013218676671385765	-0.02059200033545494	0.0029504226986318827	0.016537737101316452	-0.026829198002815247	0.21748223900794983	0.02222261019051075	0.05374488979578018	0.021663498133420944	0.295023113489151	-0.007079895120114088	0.13431529700756073
ENSMUSG00000090352	-0.10803068429231644	-0.22050966322422028	-0.026485972106456757	-0.05192337557673454	-0.0328693650662899	-0.07932398468255997	0.025736751034855843	-0.1055631935596466	-0.04727441817522049	-0.22943781316280365	-0.01883648708462715	-0.014530365355312824	-0.013789267279207706	-0.02652907930314541	0.04801816865801811	-0.24066951870918274	-0.16050326824188232	-0.27358344197273254	0.2254774421453476	-0.6104251742362976	-0.00779779814183712	-0.41069161891937256
ENSMUSG00000102504	-0.020772704854607582	0.032788489013910294	-0.0010328401112928987	0.017411498352885246	0.0011527639580890536	-0.0028910553082823753	-0.011321041733026505	-0.05929209291934967	-0.004675950855016708	0.032671887427568436	-0.0007653813227079809	0.007597529329359531	-0.002848725998774171	-0.01990903541445732	-0.0030017977114766836	-0.04246687889099121	0.011371754109859467	0.01443161629140377	-0.05112745240330696	-0.11225716769695282	-0.006817328277975321	-0.10877718776464462
ENSMUSG00000053964	0.02944083698093891	0.0394013412296772	0.009387657046318054	0.03162223845720291	-0.007629952859133482	0.0029928418807685375	0.0006423320737667382	-0.03836696594953537	0.015194647014141083	0.051569242030382156	-0.017073970288038254	0.008210906758904457	0.007608869578689337	0.01956610381603241	-0.0017878960352391005	-0.006619410589337349	0.03715132549405098	0.054128482937812805	0.023088032379746437	0.013934730552136898	-0.003608378116041422	-0.04505276307463646
ENSMUSG00000024404	0.006652021314948797	0.012500318698585033	0.0012915582628920674	0.02335510216653347	-0.02012072131037712	0.003333787899464369	0.009034503251314163	0.27763140201568604	0.011402444913983345	0.012597251683473587	-0.006944592110812664	-0.027303187176585197	0.0073630125261843204	0.017167262732982635	-0.0180346816778183	0.2704262435436249	0.012726206332445145	0.06157742813229561	0.009947193786501884	0.238963782787323	-0.008733576163649559	0.38955479860305786
ENSMUSG00000068234	0.030363034456968307	0.034425679594278336	0.0028592622838914394	0.025502445176243782	0.0008954435470514	-0.0024814337957650423	-0.006949013099074364	-0.0829770565032959	0.009683637879788876	0.047334350645542145	-0.0012177072931081057	0.011109317652881145	0.0028581428341567516	-0.0054314578883349895	-0.0007314333342947066	-0.060428436845541	-0.0020936010405421257	0.000582368578761816	-0.03732847049832344	-0.07211081683635712	-0.007033708039671183	-0.11562947928905487
ENSMUSG00000099465	0.018238039687275887	0.049992453306913376	0.012680688872933388	0.022854916751384735	-0.010116862133145332	0.001993819372728467	0.022673487663269043	-0.010313882492482662	0.017892710864543915	0.0426393561065197	-0.0021007575560361147	0.0025002507027238607	-0.0008345626411028206	0.01572030410170555	0.0011377418413758278	-0.03919824957847595	0.03348682075738907	0.033239636570215225	0.014244870282709599	0.05247357860207558	-0.0022469896357506514	0.0077100456692278385
ENSMUSG00000055494	0.01573648303747177	0.023089393973350525	0.010800313204526901	0.017961060628294945	-0.005334415473043919	-0.003504588268697262	-0.0025988060515373945	-0.06486301869153976	0.011669836938381195	0.03613615036010742	-0.006572042591869831	0.009197844192385674	0.001137572922743857	0.009876665659248829	-0.003913579974323511	0.002568635856732726	0.027919774875044823	0.037504300475120544	-2.0464061890379526e-05	-0.03904231637716293	-0.008454982191324234	-0.058492615818977356
ENSMUSG00000085245	0.010325013659894466	0.02583274431526661	-0.010356477461755276	0.01949339359998703	-0.007685902528464794	-0.002853084821254015	0.014737858437001705	0.02232387103140354	0.021349120885133743	0.03765289485454559	-0.018856924027204514	-0.004827077500522137	0.02161654271185398	0.0155051089823246	-0.035565782338380814	-0.014245974831283092	0.02008078247308731	0.014443565160036087	0.21572132408618927	0.21202096343040466	0.04855936020612717	0.031409814953804016
ENSMUSG00000024442	0.011345109902322292	0.02297224849462509	-0.0004937822232022882	0.02552047185599804	-0.020198578014969826	0.007422346621751785	0.007419554982334375	0.2582976520061493	0.00992488767951727	0.01738881878554821	-0.010459041222929955	-0.01257158163934946	0.013213072903454304	0.01229747012257576	-0.027370497584342957	0.31739428639411926	0.005919657181948423	0.06939293444156647	0.04841575026512146	0.4054955244064331	-0.006648767739534378	0.3065166473388672
ENSMUSG00000057465	0.00731661356985569	0.04695068299770355	0.014231889508664608	0.012223461642861366	0.0025985322427004576	0.008716591633856297	-0.006159718614071608	-0.059246163815259933	0.01223693136125803	0.026472335681319237	0.0044022793881595135	0.005345715209841728	0.003929642494767904	0.007294619455933571	0.004848790820688009	-0.07261187583208084	-0.019779346883296967	0.05630677193403244	-0.04491730034351349	-0.05584924668073654	-0.01246636826545	-0.02985985204577446
ENSMUSG00000001419	-0.008179320022463799	-0.13973313570022583	0.00036495362292043865	-0.12139973044395447	0.008553432300686836	0.03815344721078873	-0.006131358910351992	-0.16993221640586853	-0.005022251512855291	-0.27019721269607544	0.0037954426370561123	-0.03336222097277641	-0.004327339120209217	-0.08958642929792404	0.0021206156816333532	-0.15067188441753387	0.001957959495484829	-0.22648374736309052	-0.03803262114524841	-0.7114893198013306	0.002150866435840726	-0.4623156487941742
ENSMUSG00000104987	0.02074885554611683	-0.013342044316232204	0.01002420112490654	0.0013515399768948555	-0.000983201083727181	-0.0019061723724007607	-0.004182040225714445	-0.02270602062344551	0.008930396288633347	0.04476417601108551	-0.007665867917239666	0.0016459126491099596	0.00020048250735271722	0.019274309277534485	-0.007114651147276163	-0.05440327525138855	0.04223199188709259	0.039818018674850464	-0.020607125014066696	-0.06141025573015213	-0.0024193183053284883	-0.06089310348033905
ENSMUSG00000026981	0.02109118178486824	0.00859969761222601	0.005742338486015797	0.01674020104110241	-0.003034711815416813	-0.003481361549347639	-0.005024961661547422	-0.05804681405425072	0.005665221251547337	0.04796254634857178	-0.003113682847470045	0.011170974001288414	0.00290593970566988	0.010411168448626995	0.004168185405433178	-0.0597819909453392	0.03194074705243111	0.026189660653471947	-0.045154180377721786	-0.1231362521648407	-0.007589925546199083	-0.05597790703177452
ENSMUSG00000018677	0.004942201543599367	0.017184630036354065	-0.004914353601634502	0.04307737201452255	-0.0039373477920889854	0.011438611894845963	0.058346107602119446	0.25992411375045776	0.0261946152895689	0.004898281767964363	0.0005412667524069548	-0.014905337244272232	0.005117522552609444	0.002849968383088708	0.006697736214846373	0.23010021448135376	-0.03268580511212349	0.05361771211028099	0.037135783582925797	0.6591391563415527	0.015523936599493027	0.385867714881897
ENSMUSG00000044365	0.007926540449261665	0.007506947033107281	0.0005650367238558829	0.004997066222131252	-0.013871130533516407	-0.003258747048676014	0.021159043535590172	0.1314196139574051	0.004759765230119228	0.013559787534177303	-0.013477372005581856	-0.01943388767540455	0.003519767429679632	0.013003308326005936	-0.015786029398441315	0.15737664699554443	0.012812762521207333	0.01732884719967842	0.0010396988363936543	0.18308784067630768	-0.004470500163733959	0.1548117995262146
ENSMUSG00000007338	0.008240912109613419	0.01265920139849186	-0.0008821232477203012	0.02561906725168228	-0.01692412979900837	0.003284614300355315	0.03594360873103142	0.2824060916900635	0.021478574723005295	0.010382861830294132	-0.008159502409398556	-0.01714141294360161	-0.0015346677973866463	0.0103910518810153	0.01529761217534542	0.2490519881248474	0.002287011593580246	0.06143670901656151	0.1003708764910698	0.40295127034187317	0.006083467043936253	0.4526183009147644
ENSMUSG00000117914	0.016665004193782806	0.008487400598824024	0.005667003802955151	0.013744504190981388	-0.0005566778127104044	-0.0013903598301112652	-0.003507214831188321	-0.06338568031787872	0.007144831586629152	0.04149717465043068	-0.001496936078183353	0.007863533683121204	0.0017363248625770211	0.010954865254461765	-7.158011430874467e-05	-0.05797407776117325	0.019684044644236565	0.06167447566986084	-0.04457221180200577	-0.1688159555196762	-0.006906301248818636	-0.0804239958524704
ENSMUSG00000113330	0.005686746444553137	-0.05612548813223839	-0.0029184650629758835	0.0018070436781272292	0.0010657596867531538	-0.0005040352698415518	-0.0026120978873223066	-0.09878857433795929	-0.0031029731035232544	-0.0013811831595376134	0.004171981941908598	0.012088095769286156	-0.0015552606200799346	0.0005534306983463466	-0.0018711627926677465	-0.09979888796806335	0.004670942202210426	0.014613325707614422	-0.053936079144477844	-0.22905267775058746	-0.003414635546505451	-0.13371901214122772
ENSMUSG00000113634	0.025360990315675735	0.03497380390763283	0.009541110135614872	0.007733445148915052	-0.00629729637876153	-0.004023418296128511	-0.005900457501411438	-0.024979380890727043	0.01168137788772583	0.026335323229432106	-0.012685958296060562	-0.00010314746759831905	0.0014112414792180061	0.009184121154248714	-0.007912706583738327	-0.04577140882611275	0.03726285323500633	0.042949024587869644	0.021075362339615822	-0.020950166508555412	-0.00017313435091637075	-0.0607428215444088
ENSMUSG00000008601	0.02407037280499935	0.02559693157672882	0.005638201255351305	0.020430827513337135	-0.007165535818785429	-0.0027508812490850687	0.00805062148720026	0.012246605008840561	0.015410950407385826	0.025458963587880135	-0.00614929897710681	-0.00039611407555639744	0.01396669540554285	0.006541475187987089	-7.145678682718426e-05	-0.12129677087068558	0.03280956670641899	0.01490795984864235	0.0816357210278511	0.2213345170021057	0.012106158770620823	0.05362118408083916
ENSMUSG00000085054	0.008064143359661102	0.017870405688881874	-0.0009644118836149573	0.024546893313527107	-0.023303091526031494	0.013261419720947742	-0.00894780270755291	0.26758256554603577	0.013795479200780392	0.010205431841313839	-0.009811054915189743	-0.024854173883795738	0.016163578256964684	0.012813619337975979	-0.014699820429086685	0.30953001976013184	0.008145857602357864	0.07806548476219177	0.04869518801569939	0.49680671095848083	-0.007280157413333654	0.38757091760635376
ENSMUSG00000107117	-0.02006075531244278	-0.007516290992498398	-0.0058677648194134235	-0.018290972337126732	0.0019260267727077007	-0.00046304072020575404	-0.025378204882144928	-0.13670000433921814	-0.006209927145391703	-0.010863657109439373	0.004390421323478222	0.012531236745417118	-0.002437856514006853	-0.003907226957380772	-0.007120577618479729	-0.24990014731884003	-0.009524491615593433	-0.005370276514440775	-0.03679046034812927	-0.07768185436725616	-0.007364580407738686	-0.0670165866613388
ENSMUSG00000120259	0.0057657938450574875	0.04358776658773422	0.0022012849804013968	0.012868163175880909	0.00018882410950027406	-0.001989084994420409	-0.004996034316718578	-0.06547155976295471	0.002163003897294402	0.04310813546180725	0.0004390195826999843	0.008853070437908173	-0.0009394926019012928	0.00532522751018405	-0.005595995578914881	-0.03630495443940163	0.017588937655091286	0.014959027990698814	-0.06965253502130508	-0.21673351526260376	-0.007428184617310762	-0.10251040756702423
ENSMUSG00000022885	0.009803702123463154	0.013795219361782074	0.004306955263018608	0.019892137497663498	-0.01651141233742237	0.003435603342950344	0.005818752106279135	0.225500226020813	0.013170825317502022	0.017401641234755516	-0.015602614730596542	-0.017134498804807663	0.004546291660517454	0.0170813649892807	-0.023543601855635643	0.22316356003284454	0.018466848880052567	0.06354591250419617	0.005551490001380444	0.2702617347240448	-0.007848719134926796	0.1627589464187622
ENSMUSG00000101512	-0.10803068429231644	-0.22050966322422028	-0.026485972106456757	-0.05192337557673454	-0.0328693650662899	-0.07932398468255997	0.025736751034855843	-0.1055631935596466	-0.04727441817522049	-0.22943781316280365	-0.01883648708462715	-0.014530365355312824	-0.013789267279207706	-0.02652907930314541	0.04801816865801811	-0.24066951870918274	-0.16050326824188232	-0.27358344197273254	0.2254774421453476	-0.6104251742362976	-0.00779779814183712	-0.41069161891937256
ENSMUSG00000110358	0.02091054618358612	-0.0066282604821026325	0.002781978342682123	0.013969081453979015	-0.0057359728962183	-0.003755446057766676	-0.007676235865801573	-0.0737125426530838	0.001144713955000043	0.04671020433306694	-0.0014290149556472898	0.010078512132167816	0.008675063028931618	0.005553569179028273	0.0007041491335257888	-0.1140434518456459	0.018330030143260956	-0.0021621575579047203	-0.018406085669994354	-0.06384027004241943	-0.008936763741075993	-0.04668702930212021
ENSMUSG00000032854	0.0052621085196733475	-0.0020048387814313173	-0.0009879422141239047	0.017244592308998108	-0.015466039068996906	-0.002401898615062237	-0.005028929561376572	0.29041606187820435	0.006481363903731108	0.011272608302533627	-0.003764229826629162	-0.030866200104355812	0.0009901298908516765	0.020443113520741463	-0.0038615816738456488	0.3461792767047882	0.009579398669302464	0.06438091397285461	-0.01001377496868372	0.15373757481575012	-0.009321006946265697	0.3037310540676117
ENSMUSG00000111308	0.007315490860491991	0.03580338507890701	0.002036335179582238	0.0004460345080588013	0.002639955375343561	0.006906792055815458	-0.011948205530643463	0.08422783017158508	-0.00578352389857173	0.021201254799962044	-0.014219819568097591	0.0025937894824892282	0.0009476153063587844	0.01804620958864689	0.004671944305300713	0.230189248919487	0.02085801586508751	0.023829784244298935	-0.028289515525102615	0.046941667795181274	-0.006111396010965109	0.039804525673389435
ENSMUSG00000108481	0.022860107943415642	0.03859005123376846	0.008162994869053364	0.01699182204902172	-0.0007839009631425142	-0.0034736902453005314	-0.004387935157865286	-0.06399086862802505	0.0079093798995018	0.04323405772447586	-0.005070107523351908	0.005565662868320942	0.0016904857475310564	0.010286183096468449	-0.0020481394603848457	-0.02613312192261219	0.02864249423146248	0.03743264824151993	-0.04510922357439995	-0.11479134857654572	-0.007171991281211376	-0.05194105952978134
ENSMUSG00000103329	0.010030589997768402	-0.0040978118777275085	0.020536281168460846	0.008419481106102467	-0.008190303109586239	-0.0016770065994933248	-0.010945814661681652	-0.1128547191619873	0.004308859817683697	0.023030517622828484	0.042991772294044495	0.0035911521408706903	0.0019300106214359403	0.005412859842181206	0.10221650451421738	-0.05606120079755783	0.012217960320413113	-0.008016146719455719	-0.035019196569919586	-0.16221988201141357	-0.012417064979672432	-0.08536448329687119
ENSMUSG00000095520	-0.10803068429231644	-0.22050966322422028	-0.026485972106456757	-0.05192337557673454	-0.0328693650662899	-0.07932398468255997	0.025736751034855843	-0.1055631935596466	-0.04727441817522049	-0.22943781316280365	-0.01883648708462715	-0.014530365355312824	-0.013789267279207706	-0.02652907930314541	0.04801816865801811	-0.24066951870918274	-0.16050326824188232	-0.27358344197273254	0.2254774421453476	-0.6104251742362976	-0.00779779814183712	-0.41069161891937256
ENSMUSG00000027894	0.009742431342601776	0.028394665569067	0.008347335271537304	0.015269231982529163	-0.007217469159513712	0.00533968023955822	-0.0034129489213228226	0.13900572061538696	0.014166279695928097	0.021792471408843994	-0.008258379995822906	-0.013945411890745163	-0.0015422936994582415	0.020422853529453278	-0.022937554866075516	0.18258056044578552	0.0239992905408144	0.04631338641047478	-0.028452487662434578	0.16036197543144226	-0.006594701204448938	0.14779052138328552
ENSMUSG00000020063	0.010414427146315575	0.03142067790031433	0.0003459842118900269	0.016176093369722366	-0.018278300762176514	0.003992094192653894	0.014653075486421585	0.11687628924846649	0.019280362874269485	0.023851687088608742	-0.0179715808480978	-0.02522871643304825	0.011608256958425045	0.013729546219110489	-0.031731978058815	0.16736572980880737	0.018826747313141823	0.05016094073653221	0.07620685547590256	0.36249321699142456	0.007916179485619068	0.11482847481966019
ENSMUSG00000114610	0.011704997159540653	0.050003208220005035	0.010293649509549141	0.011165592819452286	-0.007499692961573601	-0.0019119089702144265	-0.007295029237866402	-0.05067219212651253	0.006479852367192507	0.029471995308995247	-0.004972302820533514	0.0070710573345422745	0.0009939922019839287	0.018134957179427147	-0.005994160659611225	0.0007409377139993012	0.02319302037358284	0.02041143737733364	-0.015302074141800404	0.2075711190700531	-0.007425982970744371	-0.02395021915435791
ENSMUSG00000054054	-0.01751161739230156	-0.010952971875667572	-0.006619307212531567	-0.06565522402524948	-0.008298825472593307	-0.002547380980104208	-0.011929483152925968	-0.10805747658014297	-0.020049579441547394	0.002907420042902231	-0.003021728014573455	0.0075821238569915295	1.5683757737861015e-05	0.007793552242219448	-0.0017661246238276362	-0.09722113609313965	-0.014627405442297459	-0.05306309834122658	-0.00854061171412468	-0.0772828757762909	-0.009254786185920238	-0.03371325507760048
ENSMUSG00000032482	0.021598583087325096	0.0211429875344038	0.001869903993792832	0.008593659847974777	-0.008051421493291855	-0.0005404393305070698	0.009044389240443707	-0.009969157166779041	0.015326651744544506	0.0413179025053978	-0.013333919458091259	-0.01023646630346775	0.013982861302793026	0.008866026997566223	-0.013633308000862598	-0.017742149531841278	0.028856055811047554	0.021942174062132835	0.15221764147281647	0.3210000693798065	0.010853728279471397	0.03560137376189232
ENSMUSG00000025782	0.00859153550118208	0.020274942740797997	-0.0001310472871409729	0.020029578357934952	-0.022500820457935333	0.007823183201253414	0.006540669593960047	0.3233375549316406	0.011695018038153648	0.010949945077300072	-0.013912077061831951	-0.027369670569896698	0.012435028329491615	0.015279055573046207	-0.016895096749067307	0.337158739566803	0.008449660614132881	0.06928718835115433	0.013855545781552792	0.3879358172416687	-0.008864568546414375	0.4558583199977875
ENSMUSG00000067878	-0.005743450950831175	0.00023053109180182219	-0.001562778023071587	-0.05363360419869423	0.009672061540186405	-0.01095524337142706	0.003116406500339508	0.18186946213245392	-0.02963309735059738	-0.0015650311252102256	0.0011187397176399827	-0.008381299674510956	-0.01815120503306389	0.010783269070088863	-0.005323076155036688	0.16326238214969635	0.013788532465696335	0.005628490820527077	0.009918570518493652	0.28472939133644104	-0.011698789894580841	0.019944824278354645
ENSMUSG00000037321	0.008633455261588097	0.025299878790974617	0.003947052173316479	0.010641204193234444	-0.008806278929114342	0.006072242744266987	0.010100129060447216	0.20983442664146423	0.007875229232013226	0.010273288935422897	-0.008923519402742386	-0.0278990026563406	0.001138867810368538	0.017487285658717155	-0.02299903891980648	0.2363567352294922	0.021092988550662994	0.04826199635863304	0.008747007697820663	0.1293618083000183	-0.006975114811211824	0.1844056099653244
ENSMUSG00000060969	0.009092794731259346	0.018966706469655037	0.0013574541080743074	0.009514415636658669	-0.013346271589398384	-0.002793703693896532	0.00634852284565568	0.10246686637401581	0.0056111677549779415	0.012107283808290958	-0.017269069328904152	-0.01808258704841137	0.004522448871284723	0.015582818537950516	-0.03173748403787613	0.09415769577026367	0.0246458500623703	0.04602499306201935	0.02189580351114273	0.011388156563043594	-0.003709253389388323	-0.011683063581585884
ENSMUSG00000113885	0.01256021298468113	0.020263442769646645	0.01244603842496872	0.010385056957602501	-0.006438960321247578	-0.002321063308045268	-0.0037990023847669363	-0.04953528940677643	0.0033908591140061617	0.02036629244685173	-0.0109044024720788	0.004200864117592573	0.0002011942124227062	-0.0048977965489029884	-0.006416352465748787	-0.01113054994493723	0.04236041381955147	0.03520147502422333	-0.01128328125923872	-0.03569266200065613	-0.006586423609405756	-0.054776519536972046
ENSMUSG00000111284	0.0014234328409656882	0.0104380426928401	-0.002788073383271694	-0.005685164127498865	-0.004127900581806898	-0.00030769285513088107	-0.010144520550966263	-0.07724594324827194	-0.0015644957311451435	-0.0038778192829340696	-0.001255595125257969	0.007876301184296608	0.0022963127121329308	0.016382211819291115	-0.0029979681130498648	-0.028196312487125397	0.011086822487413883	-0.032448191195726395	-0.037073131650686264	-0.11670535802841187	-0.00813978724181652	-0.050137005746364594
ENSMUSG00000056204	0.007841079495847225	0.020042292773723602	-0.012447715736925602	0.027919787913560867	-0.021887583658099174	0.004852487239986658	0.02611972577869892	0.2117272913455963	0.021011890843510628	0.01553682703524828	-0.012157255783677101	-0.020494963973760605	0.025383401662111282	0.006965783424675465	-0.036351993680000305	0.25720512866973877	-0.004337664227932692	0.07289381325244904	0.11860908567905426	0.37051814794540405	0.013480034656822681	0.2889726758003235
ENSMUSG00000027506	0.008041393011808395	0.019034216180443764	-0.0037610114086419344	0.029845530167222023	-0.021646609529852867	0.003559654578566551	0.023618120700120926	0.2257928103208542	0.021514739841222763	0.010161695070564747	-0.013413083739578724	-0.028310589492321014	0.01805700734257698	0.011356383562088013	-0.0326390415430069	0.27103954553604126	0.002712799236178398	0.054441582411527634	0.05171312391757965	0.428801953792572	0.0019836416468024254	0.27868279814720154
ENSMUSG00000095040	0.03491201996803284	0.05484757944941521	0.012176129966974258	0.037155184894800186	-0.008051320910453796	-0.0035534200724214315	-0.00088043964933604	-0.04590603709220886	0.026454513892531395	0.05113053694367409	-0.010822393000125885	0.0020271760877221823	0.009475644677877426	0.009075425565242767	0.0009113817941397429	0.006473980378359556	0.05499761179089546	0.041601646691560745	-0.02074693702161312	-0.09314963966608047	-0.0012736356584355235	-0.06514593958854675
ENSMUSG00000036103	0.008122257888317108	0.017763113602995872	0.0035493550822138786	0.016541769728064537	-0.01853077858686447	0.005252748727798462	-0.00347415660507977	0.1610773205757141	0.008520165458321571	0.0241687148809433	-0.016776639968156815	-0.02931123785674572	0.00033108610659837723	0.02068474516272545	-0.022839205339550972	0.2159009724855423	0.021335067227482796	0.04468303546309471	-0.04552806541323662	0.002548657590523362	-0.0055188946425914764	0.05685989558696747
ENSMUSG00000054770	0.011113673448562622	0.024034030735492706	0.002414547838270664	0.02499295212328434	-0.0232372023165226	0.00508979894220829	0.0022133507300168276	0.21069978177547455	0.007536026183515787	0.01136645209044218	-0.013321534730494022	-0.02447567507624626	0.011916800402104855	0.015198738314211369	-0.01053833868354559	0.3163650631904602	0.013726952485740185	0.057934924960136414	0.03128941357135773	0.33540016412734985	-0.0075086187571287155	0.27875956892967224
ENSMUSG00000100607	-0.10803068429231644	-0.22050966322422028	-0.026485972106456757	-0.05192337557673454	-0.0328693650662899	-0.07932398468255997	0.025736751034855843	-0.1055631935596466	-0.04727441817522049	-0.22943781316280365	-0.01883648708462715	-0.014530365355312824	-0.013789267279207706	-0.02652907930314541	0.04801816865801811	-0.24066951870918274	-0.16050326824188232	-0.27358344197273254	0.2254774421453476	-0.6104251742362976	-0.00779779814183712	-0.41069161891937256
ENSMUSG00000018740	0.010647104121744633	0.021952643990516663	-0.00806015357375145	0.020197832956910133	-0.018549401313066483	0.002679268829524517	0.013542349450290203	0.12305229902267456	0.02816713973879814	0.018053865060210228	-0.03111387975513935	-0.02635057270526886	0.01556824054569006	0.013347313739359379	-0.05582083389163017	0.19438114762306213	0.014982565306127071	0.04434863477945328	0.12100118398666382	0.20896859467029572	0.027748074382543564	0.18238040804862976
ENSMUSG00000092188	0.01640639826655388	0.02421688474714756	0.011865011416375637	-0.07717788964509964	-0.0036471837665885687	-0.003734476864337921	-0.005901807453483343	-0.07108554244041443	0.005032549612224102	0.0316498838365078	0.01702633686363697	0.0067693996243178844	0.0007032574503682554	0.010936003178358078	-0.001904945820569992	-0.037415578961372375	-0.0026069858577102423	-0.006366117391735315	-0.03735034540295601	-0.12155845761299133	-0.008625665679574013	-0.1281834840774536
ENSMUSG00000025860	0.0004230195190757513	-0.020127110183238983	0.0046236515045166016	0.03327026218175888	0.001922708936035633	-0.009399021044373512	0.03906416520476341	0.22946719825267792	-0.01784190721809864	0.001816529780626297	0.0016801953315734863	-0.0038485166151076555	0.0026846679393202066	0.008994290605187416	-8.141655416693538e-05	0.32066333293914795	0.017248855903744698	0.029099557548761368	0.03917338326573372	0.4422786235809326	-0.009697653353214264	0.2503506541252136
ENSMUSG00000101727	-0.10803068429231644	-0.22050966322422028	-0.026485972106456757	-0.05192337557673454	-0.0328693650662899	-0.07932398468255997	0.025736751034855843	-0.1055631935596466	-0.04727441817522049	-0.22943781316280365	-0.01883648708462715	-0.014530365355312824	-0.013789267279207706	-0.02652907930314541	0.04801816865801811	-0.24066951870918274	-0.16050326824188232	-0.27358344197273254	0.2254774421453476	-0.6104251742362976	-0.00779779814183712	-0.41069161891937256
ENSMUSG00000094349	-0.10803068429231644	-0.22050966322422028	-0.026485972106456757	-0.05192337557673454	-0.0328693650662899	-0.07932398468255997	0.025736751034855843	-0.1055631935596466	-0.04727441817522049	-0.22943781316280365	-0.01883648708462715	-0.014530365355312824	-0.013789267279207706	-0.02652907930314541	0.04801816865801811	-0.24066951870918274	-0.16050326824188232	-0.27358344197273254	0.2254774421453476	-0.6104251742362976	-0.00779779814183712	-0.41069161891937256
ENSMUSG00000021591	0.011544089764356613	0.030643386766314507	0.002725197933614254	0.014504569582641125	-0.0178047064691782	0.0040298826061189175	0.014151719398796558	0.13846658170223236	0.01036952156573534	0.020990634337067604	-0.014816555194556713	-0.01508121844381094	0.008110039867460728	0.012955565005540848	-0.021626431494951248	0.1896471232175827	0.020101750269532204	0.05068810284137726	0.06080599129199982	0.2503367066383362	-0.00023346580564975739	0.08528491854667664
ENSMUSG00000057594	-0.02130846679210663	0.005944362375885248	-0.004266199190169573	0.037955012172460556	0.18982547521591187	-0.005204913206398487	-0.006111677270382643	0.3305265009403229	0.0037679853849112988	0.020853525027632713	0.016946032643318176	-0.00421167304739356	-0.11622725427150726	0.04699321091175079	-0.0233282633125782	0.2858271300792694	-0.10375354439020157	0.07235191762447357	-0.19851356744766235	0.14512139558792114	0.033155862241983414	0.345885694026947
ENSMUSG00000039153	0.01984662376344204	0.04924920201301575	0.005100166890770197	0.016307292506098747	-0.0015568936942145228	-0.0006291288882493973	-0.0018764914711937308	-0.03130389377474785	0.005511728581041098	0.047407083213329315	-0.0019647057633847	0.010313255712389946	0.001434566918760538	0.006111582741141319	0.0011271245311945677	-0.08424816280603409	0.026063626632094383	0.005333774723112583	-0.03981711342930794	-0.08811286836862564	-0.0075666215270757675	-0.07636463642120361
ENSMUSG00000024991	0.003889557207003236	0.01017635315656662	-0.0034330112393945456	0.055000171065330505	-0.024439744651317596	0.0059627569280564785	0.0444476418197155	0.30853068828582764	0.012890341691672802	0.006552459672093391	-0.0024114542175084352	-0.03055024892091751	0.02224837616086006	0.0041786604560911655	-0.024324677884578705	0.32409876585006714	-0.007293924689292908	0.09850266575813293	0.06593862175941467	0.5454341769218445	0.00882338173687458	0.5144220590591431
ENSMUSG00000114407	0.02133047580718994	0.016211386770009995	0.004449274856597185	0.013149234466254711	-0.003083181567490101	-0.0029541582334786654	-0.003360516158863902	-0.07202645391225815	0.0019992708694189787	0.052365031093358994	-0.0013085082173347473	0.010081426240503788	0.0005933964857831597	0.00783874373883009	0.0038371619302779436	-0.10759995132684708	0.02166576124727726	0.055417947471141815	-0.01400051824748516	-0.11175132542848587	-0.010308564640581608	-0.028599830344319344
ENSMUSG00000109228	0.009056711569428444	0.0017738724127411842	0.0004279700806364417	-0.007373134605586529	-0.0022674903739243746	-0.0035096106585115194	-0.006945276632905006	-0.06024075672030449	-0.0007270037312991917	0.012362997978925705	-0.0016205121064558625	0.00989372655749321	0.001561132725328207	0.006946944165974855	-0.0022422566544264555	-0.06751540303230286	0.015222955495119095	0.01148477103561163	-0.010752311907708645	-0.11418566852807999	-0.007859662175178528	-0.041218824684619904
ENSMUSG00000121164	0.03571735695004463	0.03126583248376846	0.004295689985156059	0.02036389149725437	-0.011348472908139229	0.0011825119145214558	0.009543760679662228	-0.00994628295302391	0.023685278370976448	0.04622320830821991	-0.017966920509934425	0.004454920068383217	0.0049821739085018635	0.012010399252176285	-0.013570955023169518	0.015137390233576298	0.01638151705265045	0.04038200527429581	0.07455413043498993	0.12554170191287994	-0.00021979441225994378	0.07487687468528748
ENSMUSG00000018845	0.03563447669148445	0.04303860664367676	0.007367332000285387	0.03365270048379898	-0.003140780609101057	-0.006077758502215147	-0.010448485612869263	-0.05059314891695976	0.0024372076150029898	0.05345079302787781	-0.0008509547333233058	0.012186436913907528	0.002394410315901041	0.0011523276334628463	0.019947707653045654	-0.16855639219284058	0.029773514717817307	0.035186588764190674	-0.008266264572739601	-0.032981373369693756	-0.0173374991863966	-0.01714654266834259
ENSMUSG00000050215	0.017653733491897583	0.0408703051507473	0.012914675287902355	0.004819093272089958	-0.0051359813660383224	-0.0017294487915933132	-0.001182816457003355	-0.06467940658330917	0.007302629295736551	0.03480074182152748	-0.0021122004836797714	0.013616328127682209	0.002480719005689025	0.01761309616267681	-0.0032048108987510204	0.006002818234264851	0.050162848085165024	0.029790904372930527	0.01187446154654026	-0.13144591450691223	-0.007891322486102581	-0.06946006417274475
ENSMUSG00000060441	-0.005663322750478983	-0.02935636229813099	0.00035851262509822845	-0.018132023513317108	0.014473184011876583	-0.02172582782804966	-0.01192471757531166	-0.0436050184071064	-0.025297094136476517	-0.03805961459875107	0.006983425468206406	0.05797215551137924	-0.006475153379142284	-0.003983297850936651	-0.0062502967193722725	-0.08849011361598969	0.006488837767392397	-0.06524303555488586	-0.06293819099664688	-0.2461664229631424	-0.022539624944329262	-0.20381955802440643
ENSMUSG00000028381	0.009600095450878143	0.011196878738701344	0.001567503553815186	0.02293827384710312	-0.021535802632570267	0.006038124673068523	0.010383273474872112	0.24947838485240936	0.010226295329630375	0.014069982804358006	-0.01950938254594803	-0.034693874418735504	0.008617867715656757	0.018755488097667694	-0.017005760222673416	0.3060860335826874	0.01740400493144989	0.06274328380823135	0.015711212530732155	0.18766330182552338	-0.007926945574581623	0.19675195217132568
ENSMUSG00000121058	0.023260055109858513	0.029088158160448074	0.01482038851827383	0.009931369684636593	0.001042726682499051	-0.007953280583024025	-0.004686050117015839	-0.09306100010871887	-0.015220013447105885	0.05757921561598778	-0.029045401141047478	0.0035554119385778904	-0.0025796189438551664	0.013501202687621117	0.002798256231471896	-0.0361924022436142	0.06487734615802765	0.027480151504278183	0.027369031682610512	0.07277491688728333	-0.006871307268738747	-0.025828396901488304
ENSMUSG00000095218	0.01979248598217964	0.04681675508618355	0.00890213344246149	0.02166254259645939	-0.004545280244201422	-0.002656975295394659	-0.0024810137692838907	-0.059728965163230896	0.007623555138707161	0.04553648829460144	-0.00839197263121605	0.007665264420211315	0.0074541508220136166	0.012902882881462574	0.0033668058458715677	-0.04731602966785431	0.027161281555891037	0.04197359457612038	-0.01914709247648716	-0.0867849737405777	-0.00685059605166316	-0.007098047528415918
ENSMUSG00000114917	0.024214692413806915	0.03335988149046898	0.011045183055102825	0.028918737545609474	-0.006629579234868288	-0.0035611274652183056	-0.0021351652685552835	-0.06204445660114288	0.010992678813636303	0.038005977869033813	0.0018494133837521076	0.006885681767016649	0.007702455390244722	0.006665089167654514	0.01028383243829012	-0.021514475345611572	0.044622067362070084	-0.0004686618922278285	0.0029590653721243143	-0.06811253726482391	-0.008227945305407047	-0.06628941744565964
ENSMUSG00000026563	0.009236034005880356	0.028710506856441498	0.005355155095458031	0.0020053258631378412	-0.017813511192798615	0.00204258318990469	0.005220821592956781	0.2037423700094223	0.012743482366204262	0.01632317341864109	-0.01829870417714119	-0.02117389440536499	-0.000249959877692163	0.016864893957972527	-0.01743888109922409	0.26675689220428467	0.01937885396182537	0.05740983039140701	0.003978956490755081	0.20124708116054535	-0.007267281878739595	0.24129337072372437
ENSMUSG00000106718	0.023970555514097214	0.030900485813617706	0.017746681347489357	0.020179321989417076	-0.004133203998208046	0.00907624140381813	-0.0007245524320751429	-0.019075434654951096	0.018292581662535667	0.05178258940577507	-0.013397376984357834	0.003338934388011694	-0.0012447709450498223	0.012582171708345413	-0.015803184360265732	0.011077667586505413	0.04272151365876198	0.042696043848991394	-0.02747657150030136	-0.07415551692247391	-0.0012466682819649577	-0.01563005894422531
ENSMUSG00000054932	0.020177559927105904	0.021768270060420036	0.004393797367811203	5.1923361752415076e-05	-0.0036826867144554853	0.0009644788224250078	-0.0024769571609795094	-0.061014123260974884	0.0062780436128377914	0.04312290623784065	-0.007953299209475517	0.004198448266834021	0.0037812795490026474	0.012339332140982151	-0.0011127188336104155	-0.05099059268832207	0.01936793141067028	0.009160845540463924	-0.020770056173205376	-0.10428671538829803	-0.006390154827386141	-0.044540468603372574
ENSMUSG00000101693	0.02707546390593052	0.008171469904482365	0.012929614633321762	0.013898666016757488	-0.0030193906277418137	-0.003824870102107525	-0.002927727298811078	-0.050943970680236816	0.010633278638124466	0.04260715842247009	-0.011208531446754932	0.0027246244717389345	0.002701991470530629	0.021830599755048752	0.0040861559100449085	-0.04532868042588234	0.04656960815191269	0.03402899205684662	0.007938539609313011	-0.03698072209954262	-0.006330675445497036	-0.01779172196984291
ENSMUSG00000110304	0.03877668455243111	0.02390475757420063	0.006399412173777819	0.021357204765081406	-0.0013054257724434137	-0.0034408774226903915	-0.002677957061678171	-0.07197611033916473	0.005725439637899399	0.04820339381694794	-0.006958706770092249	0.008306620642542839	0.0012810075422748923	0.005550965666770935	0.019129112362861633	-0.06104888767004013	0.030124248936772346	0.0385936014354229	-0.02701365388929844	-0.12163236737251282	-0.006520661525428295	-0.08326571434736252
ENSMUSG00000030689	0.008504313416779041	0.020299434661865234	-0.009811578318476677	0.030358383432030678	-0.016274556517601013	0.010833892039954662	0.027403203770518303	0.2597205936908722	0.026077723130583763	0.01190941408276558	-0.009994273073971272	-0.01183110848069191	0.02025315724313259	0.006757023744285107	-0.021086618304252625	0.29546216130256653	-0.011535068973898888	0.057697318494319916	0.06293883174657822	0.5241215229034424	0.006279050838202238	0.36336466670036316
ENSMUSG00000090210	0.02022792585194111	0.04428238421678543	0.01340104453265667	0.01651824079453945	-0.006978509947657585	-0.0012834052322432399	0.0014577568508684635	-0.04903475195169449	0.017881637439131737	0.04232684522867203	-0.018598169088363647	-0.0058014350943267345	-0.0019136921036988497	0.02166837640106678	-0.017527757212519646	0.05671053007245064	0.0430903434753418	0.034036118537187576	0.002397472271695733	0.02163192443549633	-0.0018968431977555156	0.01071040891110897
ENSMUSG00000066842	0.005663799587637186	0.02533060498535633	0.002704296726733446	0.015110479667782784	-0.016897300258278847	0.0034681917168200016	-0.007544930558651686	0.17923961579799652	0.006311254575848579	0.016896307468414307	-0.010877231135964394	-0.026577606797218323	0.0028009694069623947	0.017862774431705475	-0.009946445934474468	0.3094281554222107	0.014519374817609787	0.07265609502792358	-0.010049381293356419	0.22901365160942078	-0.006861593574285507	0.17842258512973785
ENSMUSG00000086340	0.0035599309485405684	0.020032625645399094	-0.01460044365376234	0.0417783260345459	-0.02776029333472252	0.006175160873681307	0.04570366069674492	0.22256408631801605	0.04104854539036751	0.008718615397810936	-0.008359757252037525	-0.034640833735466	0.027666356414556503	0.0030637604650110006	-0.05288207158446312	0.22951459884643555	-0.011752533726394176	0.08662210404872894	0.08834410458803177	0.5627955794334412	0.024159884080290794	0.294107049703598
ENSMUSG00000085944	0.010303894057869911	0.02291163243353367	0.0013136034831404686	0.019836653023958206	-0.019448192790150642	0.00904220249503851	0.010845842771232128	0.20275908708572388	0.015245187096297741	0.015869952738285065	-0.008178891614079475	-0.026509061455726624	0.0048461416736245155	0.01682646945118904	-0.018433712422847748	0.2397279292345047	0.017780842259526253	0.045955948531627655	0.030103599652647972	0.23486509919166565	-0.006423241924494505	0.33823829889297485
ENSMUSG00000087127	0.025176748633384705	0.038479648530483246	0.004280040040612221	0.021899621933698654	-0.0031353540252894163	0.0016876570880413055	-0.006639130879193544	-0.02848229557275772	0.01976121962070465	0.0351964496076107	-0.015774067491292953	-0.004531216807663441	0.004522731527686119	0.004796332214027643	-0.013861595652997494	-0.020487667992711067	0.034790512174367905	0.047061022371053696	0.08206799626350403	-0.02250048890709877	0.006851781625300646	0.0019009970128536224
ENSMUSG00000027298	0.02350516989827156	0.02557089366018772	0.0019363717874512076	0.02317703515291214	-0.005405934993177652	0.0013316299300640821	0.007817087695002556	-0.014698849990963936	0.01911788061261177	0.04348485544323921	-0.019797038286924362	0.011597365140914917	0.003929770085960627	0.01292142178863287	-0.01865939423441887	-0.022075125947594643	0.03520878404378891	0.02000250294804573	0.0864901915192604	0.10821856558322906	0.012560269795358181	0.0448061041533947
ENSMUSG00000025024	0.00531225698068738	0.015975195914506912	-0.005019751843065023	0.04284128546714783	-0.02008594013750553	0.005827832035720348	0.04490586370229721	0.30408650636672974	0.01786690764129162	0.004760450217872858	-0.003096717642620206	-0.012579184956848621	0.016341568902134895	0.0012002666480839252	-0.015126155689358711	0.27195027470588684	-0.005744354799389839	0.08459240198135376	0.05713367089629173	0.608781635761261	0.016845427453517914	0.5370044708251953
ENSMUSG00000030335	0.004726490471512079	0.018146634101867676	-0.00935838371515274	0.02997642569243908	-0.02591978758573532	0.007823255844414234	0.053208209574222565	0.26900798082351685	0.02375784143805504	0.008094167336821556	-0.0016591507010161877	-0.024954771623015404	0.029696330428123474	0.0032608804758638144	-0.004684930667281151	0.2850760817527771	-0.016124846413731575	0.08736436069011688	0.07795318961143494	0.5649469494819641	0.029011165723204613	0.4174524247646332
ENSMUSG00000112323	0.003993228543549776	0.026439471170306206	-0.0015389377949759364	0.012297365814447403	-0.006237249821424484	0.0014618263812735677	-0.006330837495625019	0.01373461727052927	0.0022534735035151243	0.03040761686861515	-0.0032729285303503275	-0.01297812256962061	-0.003258779412135482	0.012435730546712875	-0.011779006570577621	0.15540434420108795	0.010243173688650131	0.05423884466290474	-0.08314753323793411	-0.09994243830442429	-0.006937158759683371	-0.007204932626336813
ENSMUSG00000118086	0.009555138647556305	-0.13134035468101501	-0.0027033912483602762	-0.13308101892471313	-0.0009877241682261229	0.045947279781103134	-0.008319355547428131	-0.18481320142745972	-0.0009353608475066721	-0.2675181031227112	0.0021456368267536163	-0.030985627323389053	0.004397000186145306	-0.09099054336547852	0.011588259600102901	-0.1475348323583603	0.00840386375784874	-0.21948127448558807	-0.03709397464990616	-0.7086753249168396	-0.006719888653606176	-0.46889370679855347
ENSMUSG00000023902	0.001767883193679154	0.022738667204976082	-0.018467672169208527	0.026876971125602722	-0.01592903770506382	0.011079231277108192	0.07623688131570816	0.22620132565498352	0.030583932995796204	0.00953137967735529	-0.0026096308138221502	-0.02438700944185257	0.0356033518910408	0.000992656801827252	-0.04469458758831024	0.13791167736053467	-0.02798733487725258	0.05613140016794205	0.079430490732193	0.6247630715370178	0.05031363666057587	0.35430318117141724
ENSMUSG00000068180	0.013279305770993233	0.021792519837617874	0.00380446738563478	0.017219213768839836	-0.003139887470752001	-0.0032803285866975784	-0.010248933918774128	-0.06694105267524719	0.0007811369723640382	0.026932580396533012	-0.002674106042832136	0.009994648396968842	0.0027054413221776485	-0.0026411304716020823	0.0010979584185406566	-0.07924748212099075	0.016947947442531586	0.010533981025218964	-0.011955593712627888	0.04612646996974945	-0.008342468179762363	-0.10661262273788452
ENSMUSG00000111363	-0.014063060283660889	-0.012844637967646122	0.020842231810092926	0.0023981144186109304	-0.01199810765683651	-0.0022937357425689697	-0.006334912031888962	-0.07724900543689728	-0.0018878370756283402	-0.005372041370719671	0.0018492736853659153	0.004282345063984394	0.007058307994157076	0.02387886494398117	-0.0017252379329875112	-0.17675799131393433	0.010368428193032742	-0.01611298695206642	-0.03935280069708824	-0.11802792549133301	-0.013332795351743698	-0.04462416097521782
ENSMUSG00000072591	0.009585171937942505	0.019407765939831734	-0.00033257153700105846	0.02467549778521061	-0.02109430730342865	0.005115078296512365	0.01459644827991724	0.247538760304451	0.019422167912125587	0.01240584347397089	-0.015818661078810692	-0.027526207268238068	0.01556627731770277	0.013537120074033737	-0.03482040390372276	0.24710075557231903	0.009344442747533321	0.06738457083702087	0.023564057424664497	0.42783650755882263	-0.005159562919288874	0.26843196153640747
ENSMUSG00000022456	0.028481710702180862	0.035457633435726166	0.009339031763374805	0.020616021007299423	-0.007597411051392555	-6.767821469111368e-05	-0.0029131483752280474	-0.0386432409286499	0.014162970706820488	0.05408516898751259	-0.01196969673037529	0.0020316923037171364	0.0017499361420050263	0.015567940659821033	-0.0029381352942436934	-0.05479290336370468	0.0390562079846859	0.038617875427007675	0.02546869032084942	0.016515271738171577	-0.003473161719739437	0.04861541837453842
ENSMUSG00000113320	0.023086795583367348	0.0207851342856884	0.006066990550607443	0.022208860144019127	-0.004556797910481691	-0.0012516938149929047	0.0006460075965151191	-0.06908684223890305	0.0078099556267261505	0.08083328604698181	-0.00530007341876626	0.010185989551246166	0.00036780574009753764	0.005008265841752291	0.00032169398036785424	-0.031748656183481216	0.030221030116081238	0.004593338817358017	-0.019213654100894928	-0.08238781988620758	-0.007759349420666695	-0.06467965245246887
ENSMUSG00000120476	0.034839797765016556	0.002715204143896699	0.008889035321772099	0.024566439911723137	-0.004312168341130018	-0.004262959584593773	-0.012172393500804901	-0.06468293070793152	0.007135895546525717	0.017965184524655342	-0.008160047233104706	0.0068855732679367065	-0.0005861637182533741	0.016555465757846832	0.002002773806452751	-0.060037557035684586	0.04185342416167259	0.037603430449962616	0.010196336545050144	-0.2030658721923828	-0.008217556402087212	-0.03838523104786873
ENSMUSG00000115727	0.009066772647202015	0.017063770443201065	0.003085365518927574	0.012013890780508518	-0.004880126565694809	0.005292128771543503	-0.00793361198157072	-0.027705572545528412	0.0011566266184672713	0.03257227689027786	-0.004266615025699139	0.008709050714969635	-0.0015074893599376082	0.0032435236498713493	-0.006764005869626999	0.04022540524601936	0.027961067855358124	-0.007244070991873741	-0.01902618445456028	0.002650017850100994	-0.006735788658261299	-0.00986462365835905
ENSMUSG00000118107	0.013773642480373383	0.04501999914646149	0.00835222378373146	0.01804378069937229	-0.009749452583491802	0.007584133185446262	0.0012544081546366215	0.020943818613886833	0.02084425836801529	0.03321392089128494	-0.012660008855164051	-0.01003161072731018	0.006822538562119007	0.01795695535838604	-0.020717483013868332	0.0905839055776596	0.024996692314743996	0.025878971442580223	0.03007621504366398	0.4029671847820282	-0.0024933782406151295	0.20981445908546448
ENSMUSG00000044024	0.0078791044652462	0.01859443262219429	-0.0004892515717074275	0.025402937084436417	-0.017481384798884392	0.002819325542077422	0.018129823729395866	0.24603813886642456	0.021543623879551888	0.011836410500109196	-0.022613655775785446	-0.027636490762233734	0.010137285105884075	0.014825481921434402	-0.01730232685804367	0.2786453366279602	0.014002361334860325	0.05073319748044014	0.03207772597670555	0.30708104372024536	-0.0016997382044792175	0.24685445427894592
ENSMUSG00000048752	0.010893001221120358	0.02964971587061882	0.009782382287085056	0.012990722432732582	-0.01332325953990221	0.0061966534703969955	0.008848567493259907	0.1482657492160797	0.013363939709961414	0.025829993188381195	-0.005583164282143116	-0.018914567306637764	-0.004560241475701332	0.018557526171207428	-0.023536227643489838	0.21008916199207306	0.031400736421346664	0.04103224352002144	-0.0071049900725483894	0.17118076980113983	-0.006350175943225622	0.18129722774028778
ENSMUSG00000014813	0.0006242920644581318	0.00693101342767477	0.0022480404004454613	-0.008079511113464832	0.004127535969018936	-0.011033635586500168	-0.010381894186139107	-0.0008454996859654784	-0.010074243880808353	0.004493049345910549	0.0008218709263019264	0.004609724041074514	-0.007288545835763216	0.013193351216614246	-0.005815776996314526	0.0010589456651359797	0.0027566300705075264	0.0007005578372627497	-0.036589525640010834	-0.07921617478132248	-0.007212480995804071	-0.04088887199759483
ENSMUSG00000086526	0.0024898103438317776	0.017317911610007286	-0.01034435536712408	0.026110118255019188	-0.01424425933510065	0.011867664754390717	0.0703582614660263	0.23319420218467712	0.033402882516384125	0.00916202925145626	0.001470324001275003	-0.016268689185380936	0.021422311663627625	0.001304649980738759	-0.011456680484116077	0.22961711883544922	-0.016208555549383163	0.0727333277463913	0.06175269931554794	0.6287757754325867	0.04099387675523758	0.29020464420318604
ENSMUSG00000032725	0.026379497721791267	0.02770133502781391	0.008711451664566994	0.0260170865803957	-0.006512166932225227	-0.002130074892193079	-0.001490002148784697	-0.05070742592215538	0.008630098775029182	0.05010813847184181	-0.001740755746141076	0.007842931896448135	0.007907616905868053	0.014271536841988564	0.0029534187633544207	-0.050095658749341965	0.0374792106449604	0.026283888146281242	0.07022222876548767	0.03975897654891014	-0.006040176376700401	0.01772361434996128
ENSMUSG00000021254	0.00993568729609251	0.023705964908003807	0.0027714879252016544	0.0248351339250803	-0.018582874909043312	0.007617204915732145	0.005673600360751152	0.20691770315170288	0.01566440612077713	0.014626638032495975	-0.015687793493270874	-0.013748448342084885	0.00891330186277628	0.01653316430747509	-0.022741561755537987	0.28241515159606934	0.015888769179582596	0.06540904194116592	0.015843041241168976	0.27982982993125916	-0.007621993310749531	0.28860294818878174
ENSMUSG00000121906	0.01858109049499035	0.03250680863857269	0.011115897446870804	0.006327759008854628	-0.0062325336039066315	0.005378361791372299	0.0024584641214460135	-0.006939732935279608	0.00990750826895237	0.03834838047623634	-0.013929670676589012	0.0004428324173204601	0.00207893387414515	0.01280496921390295	-0.013449280522763729	0.015530919656157494	0.03927753493189812	0.045867983251810074	-5.665388016495854e-05	0.16913728415966034	-0.003808841109275818	0.04580049589276314
ENSMUSG00000120793	0.004071590956300497	0.0027324899565428495	0.0027967209462076426	0.006547496188431978	-0.013219641521573067	-0.0004830822581425309	-0.003070333506911993	0.03368663042783737	0.026849552989006042	0.015657810494303703	-0.009612138383090496	-0.007561317645013332	0.011383838951587677	0.016243910416960716	-0.02252708002924919	0.12436747550964355	0.015543047338724136	-0.034541044384241104	0.04250597953796387	-0.020666198804974556	-0.002658742479979992	0.015305526554584503
ENSMUSG00000086513	0.029173925518989563	-0.03373308107256889	-0.0007126323762349784	0.002152506960555911	-0.006764884572476149	0.0006128629902377725	-0.00522289052605629	-0.12442329525947571	-0.0015125104691833258	0.005831725429743528	-0.0009528949740342796	0.010305166244506836	-0.004872833378612995	-0.007236211095005274	0.012041126377880573	-0.09788484871387482	0.009628873318433762	-0.056664638221263885	-0.03471391648054123	-0.18453578650951385	-0.012957118451595306	-0.16188941895961761
ENSMUSG00000006307	0.009535165503621101	0.023436615243554115	-0.0016904574586078525	0.02352922223508358	-0.016519300639629364	0.007865972816944122	0.012943102046847343	0.2921639084815979	0.016750270500779152	0.013188776560127735	-0.013205881230533123	-0.02166914753615856	0.01219896785914898	0.012752490118145943	-0.028574125841259956	0.27799272537231445	0.004986207000911236	0.07240558415651321	0.037427276372909546	0.4028836488723755	-0.00681011937558651	0.39262089133262634
ENSMUSG00000040329	0.004118568729609251	0.021663904190063477	0.0011366377584636211	0.021010512486100197	-0.022379910573363304	0.006789940409362316	0.00583687424659729	0.18359898030757904	0.00548853212967515	0.016081465408205986	-0.013856577686965466	-0.03100408986210823	0.007093213032931089	0.015605829656124115	-0.013216041028499603	0.248038649559021	0.008585541509091854	0.04865669831633568	0.04546471685171127	0.24338498711585999	-0.00515159172937274	0.12375934422016144
ENSMUSG00000096436	0.005956865381449461	-0.021906668320298195	4.8642923502484336e-05	-0.00264781154692173	-0.0035293004475533962	-0.001810345915146172	-0.006945397704839706	-0.11561305820941925	-0.01088402047753334	0.024376751855015755	0.0038267201744019985	0.010086272843182087	-0.006285322830080986	-0.0019147162092849612	-0.0029637806583195925	-0.028968848288059235	-0.00547789828851819	-0.03617961332201958	-0.05437769740819931	-0.22564399242401123	-0.006775279063731432	-0.10691139847040176
ENSMUSG00000103845	0.014685665257275105	0.039768531918525696	0.00454306835308671	0.019905641674995422	-0.016398482024669647	0.002129333559423685	-0.0031163052190095186	0.06761778891086578	0.01596830040216446	0.030107593163847923	-0.014843241311609745	-0.019752508029341698	0.0036810138262808323	0.019940996542572975	-0.022370221093297005	0.1254274696111679	0.03164873272180557	0.03825078904628754	-0.003707499708980322	0.027859950438141823	-0.0034433803521096706	0.056828901171684265
ENSMUSG00000086298	0.01874573901295662	0.04895659536123276	0.009014344774186611	0.00040203265962190926	-0.007880731485784054	0.002281858818605542	0.004130111541599035	-0.004271702375262976	0.020608993247151375	0.029838740825653076	-0.01994059421122074	0.016741933301091194	0.0013307274784892797	0.011994507163763046	-0.021733904257416725	0.01743747480213642	0.04050164669752121	0.030402202159166336	0.02575521729886532	-0.02552560530602932	0.0045200251042842865	0.011004962958395481
ENSMUSG00000063087	0.008748832158744335	0.025991398841142654	0.003228910034522414	0.022048819810152054	-0.011639870703220367	0.0064199334010481834	0.0017336028395220637	0.12319275736808777	0.008783766068518162	0.020830998197197914	-0.006666606292128563	-0.01981322094798088	-0.0004013228463009	0.014729049988090992	-0.01753661036491394	0.08091769367456436	0.01901543326675892	0.05786404758691788	-0.06622365862131119	-0.010788500308990479	-0.006970949936658144	0.019324881955981255
ENSMUSG00000001158	0.008776873350143433	0.019936122000217438	-0.0019284790614619851	0.025502841919660568	-0.022137513384222984	0.009949102066457272	0.009896732866764069	0.25233906507492065	0.027031728997826576	0.017323065549135208	-0.0018605946097522974	-0.02259725145995617	0.01402489747852087	0.008714968338608742	-0.017099685966968536	0.29626578092575073	-0.0013066284591332078	0.05826427415013313	0.04688822850584984	0.5001117587089539	-0.005689549259841442	0.29855582118034363
ENSMUSG00000023945	-0.0007362691103480756	0.017458364367485046	-0.000941308680921793	0.008587025105953217	-0.007248251233249903	-0.003513260744512081	-0.013609063811600208	0.05529869720339775	-0.0003782058192882687	0.021302316337823868	-0.004541096277534962	-0.008430374786257744	0.0017737942980602384	0.019131271168589592	-0.0012648309348151088	0.0051407883875072	-0.0018906722543761134	0.04743410646915436	-0.03566013276576996	-0.020433757454156876	-0.005699518136680126	-0.005364953074604273
ENSMUSG00000096457	-0.10803068429231644	-0.22050966322422028	-0.026485972106456757	-0.05192337557673454	-0.0328693650662899	-0.07932398468255997	0.025736751034855843	-0.1055631935596466	-0.04727441817522049	-0.22943781316280365	-0.01883648708462715	-0.014530365355312824	-0.013789267279207706	-0.02652907930314541	0.04801816865801811	-0.24066951870918274	-0.16050326824188232	-0.27358344197273254	0.2254774421453476	-0.6104251742362976	-0.00779779814183712	-0.41069161891937256
ENSMUSG00000116537	0.016119709238409996	0.03342019021511078	0.010301676578819752	0.012613510712981224	-0.0013307465706020594	-0.001902565360069275	-0.0038759594317525625	-0.05218986049294472	0.007832866162061691	0.04606987535953522	-0.0018866811878979206	0.0019428677624091506	0.003617500653490424	0.00413497956469655	-0.004039052873849869	-0.04199129715561867	0.036836303770542145	0.005147307645529509	-0.06665445119142532	-0.15581569075584412	-0.011029191315174103	-0.08860338479280472
ENSMUSG00000118146	-0.10803068429231644	-0.22050966322422028	-0.026485972106456757	-0.05192337557673454	-0.0328693650662899	-0.07932398468255997	0.025736751034855843	-0.1055631935596466	-0.04727441817522049	-0.22943781316280365	-0.01883648708462715	-0.014530365355312824	-0.013789267279207706	-0.02652907930314541	0.04801816865801811	-0.24066951870918274	-0.16050326824188232	-0.27358344197273254	0.2254774421453476	-0.6104251742362976	-0.00779779814183712	-0.41069161891937256
ENSMUSG00000110412	0.02459644339978695	0.04717809706926346	-0.0013506080722436309	0.025056015700101852	-0.004568563308566809	0.0008005967829376459	-0.003751581534743309	-0.06177245080471039	0.008871336467564106	0.03486587479710579	-0.007461520377546549	0.003680632682517171	0.012233338318765163	0.011992281302809715	0.003927607089281082	-0.008848831057548523	0.017533207312226295	0.042476262897253036	0.011918790638446808	-0.047246504575014114	-0.00893221702426672	-0.12089405953884125
ENSMUSG00000038916	0.004985745530575514	0.00667702779173851	0.0011342928046360612	0.013405293226242065	-0.014187871478497982	0.007294163107872009	0.024183548986911774	0.17250314354896545	0.009180634282529354	0.014703243039548397	-0.014011918567121029	-0.02129451557993889	0.005621218588203192	0.011842180043458939	-0.017648426815867424	0.12050013244152069	0.013874444179236889	0.040533266961574554	0.02502952329814434	0.2920446991920471	-0.002225195989012718	0.17431959509849548
ENSMUSG00000083111	0.015698447823524475	0.01219932921230793	-0.007779289502650499	0.014039340429008007	-0.0024345663841813803	-0.0011784278322011232	-0.013602174818515778	-0.07291320711374283	-0.005104763898998499	0.035333145409822464	0.007061531767249107	0.008122570812702179	0.012037940323352814	0.01716633327305317	-0.003066383535042405	-0.04310906305909157	0.015900220721960068	-0.00046370126074180007	0.04357467591762543	0.23948901891708374	-0.003999102860689163	0.0037087276577949524
ENSMUSG00000018924	0.018450647592544556	0.02596467174589634	0.015585490502417088	0.01977604255080223	-0.006457415409386158	0.004815212916582823	0.0015767118893563747	0.015117896720767021	0.013043166138231754	0.04233220964670181	-0.009262521751224995	0.0011636430863291025	0.0013231444172561169	0.01748739369213581	-0.011570047587156296	-0.06558256596326828	0.042041897773742676	0.048227593302726746	0.009009309113025665	0.039549846202135086	-0.0023557120002806187	0.025445105507969856
ENSMUSG00000061367	0.007172288838773966	0.024778984487056732	0.0013456569286063313	0.02354433573782444	-0.004965720698237419	-0.001577578135766089	-0.0075815580785274506	-0.05537588521838188	-0.0018441708525642753	0.011043710634112358	0.003641466610133648	0.008854982443153858	0.017300862818956375	0.01686752773821354	0.0007749897777102888	-0.11470809578895569	0.0015420630807057023	-0.0015520347515121102	-0.011022117920219898	-0.03867890685796738	-0.007989112287759781	-0.07973973453044891
ENSMUSG00000053465	0.005622968077659607	0.015671467408537865	0.001929359044879675	0.01751270331442356	-0.014835097827017307	-0.0019871850963681936	-0.007583429105579853	0.23093123733997345	0.004735756665468216	0.012930374592542648	-0.011618110351264477	-0.02961329184472561	0.0006564559298567474	0.019464444369077682	-0.014081417582929134	0.30793508887290955	0.01573202572762966	0.07808691263198853	-0.024710308760404587	0.16438981890678406	-0.007324446924030781	0.17262034118175507
ENSMUSG00000070495	0.013995512388646603	0.023538464680314064	0.00829576887190342	0.01897028274834156	-0.006927461829036474	0.00497092679142952	0.0033976498525589705	0.031068820506334305	0.015939518809318542	0.026297690346837044	-0.014853805303573608	0.008160002529621124	0.004661466460675001	0.01938335970044136	-0.024540364742279053	0.13281412422657013	0.03129107505083084	0.0666591003537178	-0.005739529151469469	0.09065436571836472	-0.006460228469222784	0.08654056489467621
ENSMUSG00000017716	0.008528923615813255	0.01680659130215645	-0.008883988484740257	0.027694523334503174	-0.02326139062643051	0.004857055377215147	0.031556423753499985	0.27316170930862427	0.017029987648129463	0.009710283949971199	-0.010922735556960106	-0.021762559190392494	0.007390325888991356	0.009301278740167618	-0.007842609658837318	0.28540486097335815	-0.0017376360483467579	0.06805144995450974	0.0700066089630127	0.42203205823898315	0.005797444377094507	0.41974785923957825
ENSMUSG00000048217	0.011392764747142792	0.025821976363658905	-0.004786279052495956	0.013636394403874874	-0.015074665658175945	0.0006152658024802804	-0.0025863167829811573	0.09064442664384842	0.019100023433566093	0.026929259300231934	-0.03046066127717495	-0.020128758624196053	0.009125306271016598	0.015531498938798904	-0.04578772187232971	0.12252898514270782	0.027375755831599236	0.032187942415475845	0.08150718361139297	0.13424630463123322	0.014054771512746811	0.09865739196538925
ENSMUSG00000061808	0.026691967621445656	0.019850824028253555	0.005914915818721056	0.001669958932325244	-0.004456084221601486	-0.00041322532342746854	-0.0015534970443695784	-0.0852063000202179	0.009965680539608002	0.05383601784706116	-0.006115391384810209	0.008717145770788193	0.01288415677845478	0.010406115092337132	0.008144194260239601	-0.05607068911194801	0.02332845889031887	0.05075063183903694	-0.01801769994199276	-0.19831670820713043	-0.006398665718734264	-0.027393009513616562
ENSMUSG00000111155	0.021527057513594627	0.026975033804774284	0.014795332215726376	0.009980075061321259	-0.0038325595669448376	-0.003237825119867921	-0.0028444924391806126	-0.07479012757539749	0.008913340978324413	0.04174347221851349	-0.002576554659754038	0.009674985893070698	0.011931364424526691	-0.0018358969828113914	0.005182989872992039	-0.0645325779914856	0.007209772244095802	-0.015269488096237183	-0.006952815223485231	-0.0984310433268547	-0.007809679955244064	-0.0508817583322525
ENSMUSG00000033740	0.011273646727204323	-0.009555832482874393	0.0008818894857540727	-0.007245528046041727	-0.0010603138944134116	0.0001732998644001782	-0.0049661132507026196	-0.06320004165172577	0.001375731430016458	0.03359396383166313	0.0015400003176182508	0.009266700595617294	0.0009424552554264665	0.005971655249595642	2.1907231712248176e-05	-0.102159783244133	0.01324694138020277	0.05652046576142311	-0.04369256645441055	-0.17590487003326416	-0.007343432400375605	-0.05284082517027855
ENSMUSG00000120791	0.008988362736999989	0.020564885810017586	-0.018204709514975548	0.02508465200662613	-0.003536798758432269	0.015436780638992786	0.04409750923514366	0.03343770280480385	0.03628678619861603	0.026423396542668343	0.010184744372963905	-0.002797164022922516	0.04017522931098938	0.004814606159925461	-0.04898304119706154	0.07000528275966644	-0.027591388672590256	0.04216524213552475	0.04661142826080322	0.6401947140693665	0.046132151037454605	0.11137910187244415
ENSMUSG00000061210	0.0009000360150821507	0.016715554520487785	-0.004649531561881304	0.0024152477271854877	-0.008603083901107311	-0.006196556147187948	-0.005084115080535412	-0.1330835372209549	-0.005417163483798504	0.015819568186998367	0.002850016113370657	0.011935553513467312	-0.00037792441435158253	0.020286984741687775	0.004590618424117565	-0.1615024358034134	0.015273704193532467	-0.003599571529775858	-0.023379674181342125	-0.05763515830039978	-0.010241338983178139	-0.05086210370063782
ENSMUSG00000116557	0.024657923728227615	0.05107444152235985	0.013530826196074486	0.017964037135243416	-0.005878438241779804	0.0007813776028342545	-0.0010154014453291893	-0.05632387101650238	0.011397404596209526	0.05784118175506592	0.0017467897851020098	0.00815923884510994	0.005486723966896534	-0.01563437655568123	-0.0005743615329265594	-0.01270021591335535	0.03279634565114975	0.05462978780269623	-0.030964553356170654	-0.034709908068180084	-0.00550572806969285	-0.07217872887849808
ENSMUSG00000055408	0.0237582977861166	0.04909659922122955	0.013051977381110191	0.019667156040668488	-0.008302750997245312	0.0043476237915456295	0.004774623084813356	-0.03152649104595184	0.023200811818242073	0.05067593604326248	-0.012184870429337025	0.007949086837470531	0.00010718198609538376	0.013032215647399426	-0.01186869665980339	0.03512236848473549	0.04268703982234001	0.022800268605351448	0.00984965544193983	0.06315063685178757	-0.003332465887069702	-0.03640561178326607
ENSMUSG00000111203	0.02809281088411808	0.028679044917225838	0.014733686111867428	0.025794146582484245	-0.0011483676498755813	-0.004029412288218737	-0.010725867003202438	-0.06536442786455154	0.00585460290312767	0.06191113963723183	-0.004854122176766396	0.007618582807481289	0.0006125473883002996	0.008412756025791168	0.002384427236393094	-0.0016378705622628331	0.050067268311977386	0.009152919985353947	-0.005927679128944874	-0.14407432079315186	-0.0042554098181426525	-0.028946032747626305
ENSMUSG00000027018	0.005932361353188753	0.01918824017047882	-0.004848166834563017	0.042566876858472824	-0.02278267592191696	0.011316755786538124	0.024757124483585358	0.225367471575737	0.02554619312286377	0.009759155102074146	-0.004288846161216497	-0.01048323418945074	0.030174028128385544	0.004830217454582453	-0.02134723961353302	0.24660071730613708	-0.012338443659245968	0.060755372047424316	0.05364162102341652	0.6159866452217102	0.00605669803917408	0.3521775007247925
ENSMUSG00000047766	0.00609247013926506	0.023668264970183372	0.00311667169444263	0.015216405503451824	-0.009610742330551147	0.006531677674502134	-0.008306402713060379	0.19138160347938538	0.005112709477543831	0.013266380876302719	-0.008167157880961895	-0.017028380185365677	0.0008028354495763779	0.017233842983841896	-0.01561758853495121	0.23232848942279816	0.015212255530059338	0.040694572031497955	-0.029506606981158257	0.23776808381080627	-0.006761023309081793	0.2642563581466675
ENSMUSG00000103334	0.018798425793647766	-0.016515245661139488	0.005682505201548338	0.003977966029196978	-0.004382597282528877	-0.003975014667958021	-0.005503490567207336	-0.06508380174636841	0.001348331687040627	0.036500170826911926	-0.00289770495146513	0.009244367480278015	0.00018153496785089374	0.006054604426026344	0.011749690398573875	-0.10982877761125565	0.031272221356630325	0.04156478866934776	-0.03694132715463638	-0.06084480881690979	-0.009901663288474083	-0.026007600128650665
ENSMUSG00000020453	0.0039996011182665825	0.014068616554141045	-0.017955336719751358	0.0334215983748436	-0.0156733226031065	0.005739691201597452	0.06130112335085869	0.24560731649398804	0.028137920424342155	0.007242911029607058	-0.007565010339021683	-0.01790313608944416	0.028834305703639984	0.002874442609027028	-0.043418657034635544	0.21965987980365753	-0.024685313925147057	0.06824368238449097	0.06452453136444092	0.5843905210494995	0.030285513028502464	0.42192333936691284
ENSMUSG00000102346	-0.10803068429231644	-0.22050966322422028	-0.026485972106456757	-0.05192337557673454	-0.0328693650662899	-0.07932398468255997	0.025736751034855843	-0.1055631935596466	-0.04727441817522049	-0.22943781316280365	-0.01883648708462715	-0.014530365355312824	-0.013789267279207706	-0.02652907930314541	0.04801816865801811	-0.24066951870918274	-0.16050326824188232	-0.27358344197273254	0.2254774421453476	-0.6104251742362976	-0.00779779814183712	-0.41069161891937256
ENSMUSG00000020102	0.005736113991588354	0.021832985803484917	0.0010914035374298692	0.012385861948132515	-0.014929200522601604	-0.0058875977993011475	-0.007932894863188267	0.18061508238315582	0.002920096507295966	0.012837524525821209	-0.010482817888259888	-0.023461349308490753	0.003199133789166808	0.017961660400032997	-0.013537977822124958	0.2558872103691101	0.013901453465223312	0.06652647256851196	-0.02135642059147358	0.06775086373090744	-0.007237373385578394	0.15112653374671936
ENSMUSG00000110592	0.017814356833696365	0.037367526441812515	0.00704962620511651	0.01694616675376892	-0.0027717649936676025	-0.0014347240794450045	-0.005071553401648998	-0.0736219584941864	0.010835004039108753	0.03787003830075264	-0.008683639578521252	0.01161560695618391	0.0012911317171528935	0.01301136240363121	-0.003211055649444461	-0.012434241361916065	0.014436149969696999	0.06766331940889359	-0.024318303912878036	-0.04882575571537018	-0.007081027142703533	-0.09748398512601852
ENSMUSG00000059504	0.03380589559674263	0.005496365483850241	0.006264772266149521	-0.011013410054147243	0.002160322852432728	-0.0028230950701981783	-0.004556937143206596	-0.051414813846349716	5.83467808610294e-05	0.0026399835478514433	-0.008186397142708302	0.008838096633553505	0.0075682383030653	-0.007240645121783018	0.009209203533828259	-0.11252576857805252	0.03334561735391617	0.012798180803656578	-0.025840288028120995	-0.0991334468126297	-0.0098402826115489	-0.05971849337220192
ENSMUSG00000024099	0.006903030443936586	0.009368058294057846	-0.0018339153612032533	0.026589680463075638	-0.024869870394468307	0.0076858606189489365	0.01780563034117222	0.2788447439670563	0.016302824020385742	0.01211165077984333	-0.005965907592326403	-0.0199128445237875	0.016664277762174606	0.007777001243084669	-0.01748858019709587	0.30998608469963074	-0.004543992690742016	0.06776580214500427	0.06916698068380356	0.4507991373538971	-0.0003118971362709999	0.4396125078201294
ENSMUSG00000032808	-0.02155797742307186	0.013913452625274658	-0.01362982764840126	0.007494485937058926	0.006226928438991308	-0.00021711339650209993	-0.005672488361597061	-0.11172128468751907	-0.02739902026951313	0.001799181685782969	0.006788717582821846	0.009586114436388016	-0.006376785691827536	0.0047107175923883915	0.007603449746966362	-0.09956128150224686	-0.03438642621040344	0.0037827014457434416	-0.06263464689254761	-0.14180102944374084	-0.014838074333965778	-0.05994637310504913
ENSMUSG00000099991	-0.10803068429231644	-0.22050966322422028	-0.026485972106456757	-0.05192337557673454	-0.0328693650662899	-0.07932398468255997	0.025736751034855843	-0.1055631935596466	-0.04727441817522049	-0.22943781316280365	-0.01883648708462715	-0.014530365355312824	-0.013789267279207706	-0.02652907930314541	0.04801816865801811	-0.24066951870918274	-0.16050326824188232	-0.27358344197273254	0.2254774421453476	-0.6104251742362976	-0.00779779814183712	-0.41069161891937256
ENSMUSG00000114516	0.006561857648193836	0.016002116724848747	-0.003240147838369012	0.013561444357037544	-0.0190220195800066	0.006017798092216253	0.025177497416734695	0.2153451144695282	0.013358758762478828	0.010500201024115086	-0.013787058182060719	-0.02396538108587265	0.018324457108974457	0.011415177956223488	-0.027904177084565163	0.2404565066099167	0.007182545028626919	0.027217473834753036	0.07474599033594131	0.32736775279045105	0.0026489219162613153	0.2148522436618805
ENSMUSG00000021696	0.009085888043045998	0.014582463540136814	0.0033065197058022022	0.009720341302454472	-0.018963078036904335	0.006297009531408548	-0.00043635297333821654	0.216284841299057	0.012842475436627865	0.01220029965043068	-0.010784505866467953	-0.02166426181793213	0.007915310561656952	0.014739763922989368	-0.019184021279215813	0.24539510905742645	0.013506047427654266	0.05615956336259842	0.02669381909072399	0.3371463418006897	-0.007316772360354662	0.19739383459091187
ENSMUSG00000111820	0.021407807245850563	0.03609680011868477	0.008998715318739414	0.030468657612800598	-0.002566087292507291	-0.0030462134163826704	-0.0018636791501194239	-0.04590292274951935	0.002951025264337659	0.04909656196832657	-0.0010480008786544204	0.007650312967598438	0.00251207803376019	0.009079961106181145	0.001455988152883947	-0.026586679741740227	0.02833913266658783	0.046754688024520874	-0.014637886546552181	-0.04119930788874626	-0.0044426522217690945	-0.05545920878648758
ENSMUSG00000116158	0.03295440971851349	0.013885795138776302	-0.005745513364672661	0.021914467215538025	-0.007697149645537138	-0.0023093349300324917	-0.018327707424759865	-0.04922543466091156	0.019457144662737846	0.03894079104065895	-0.055111344903707504	0.020915159955620766	0.01354537159204483	0.009017598815262318	-0.01342574879527092	-0.02073393575847149	0.02770046517252922	0.027006879448890686	0.07261762022972107	0.08267474919557571	0.014024807140231133	0.021290890872478485
ENSMUSG00000047407	0.00036197929875925183	0.020739957690238953	-0.021511996164917946	0.034254055470228195	-0.014565518125891685	0.0068529038690030575	0.09329475462436676	0.21188846230506897	0.030700277537107468	0.011080306954681873	-0.000712938082870096	-0.019324449822306633	0.03522038832306862	0.0008747850079089403	-0.060962047427892685	0.10474147647619247	-0.03156429901719093	0.049413327127695084	0.08896065503358841	0.577942430973053	0.076821468770504	0.2867014706134796
ENSMUSG00000020401	0.025142237544059753	0.04519536346197128	0.0012648740084841847	0.021903982385993004	-0.005376397166401148	-0.004203910008072853	-0.008299601264297962	-0.06510584056377411	0.005592653062194586	0.07754538953304291	-0.010518456809222698	0.01129926647990942	0.0023746222723275423	0.004307239782065153	0.01551770232617855	-0.07084789127111435	0.027363933622837067	0.03887229040265083	-0.04146226868033409	-0.15077780187129974	-0.008451241999864578	-0.0616694875061512
ENSMUSG00000048939	0.015112084336578846	-0.006895139813423157	0.005210124887526035	0.0062237996608018875	-0.0037258299998939037	-0.0025661627296358347	-0.004422630649060011	-0.11388733237981796	0.0009043453610502183	0.02656964585185051	-0.0028345040045678616	0.009662635624408722	-0.00015053125389385968	-0.002673181938007474	0.002349607180804014	-0.05446356162428856	0.01885373890399933	-0.03459048643708229	-0.05036631226539612	-0.12887272238731384	-0.0049718646332621574	-0.15829066932201385
ENSMUSG00000021708	0.0075967456214129925	0.017946923151612282	0.0034112653229385614	0.007085598073899746	-0.012168926186859608	0.005994909908622503	-0.009426589123904705	0.14930766820907593	0.0042899553664028645	0.017328932881355286	-0.010688256472349167	-0.024950480088591576	-0.0009993015555664897	0.018571186810731888	-0.01148474495857954	0.19625867903232574	0.016753962263464928	0.061896950006484985	-0.019066408276557922	0.07687236368656158	-0.006494149565696716	0.09199604392051697
ENSMUSG00000022123	0.015273641794919968	0.048116303980350494	0.0033123407047241926	0.01835508644580841	-0.0016195836942642927	0.0014301155460998416	-0.0049109067767858505	-0.04662086069583893	0.005836043506860733	0.06407804042100906	-0.0022921026684343815	0.007757617626339197	0.0023702033795416355	0.012526344507932663	-0.002526097698137164	-0.03615529090166092	0.016227807849645615	0.03132563829421997	-0.017889702692627907	-0.1347053050994873	-0.00430047232657671	-0.04768005758523941
ENSMUSG00000109432	0.023814328014850616	0.03495950624346733	0.016890477389097214	0.014394386671483517	-0.006172564812004566	-0.00015335396165028214	-0.007821829058229923	-0.06720121949911118	0.01684562861919403	0.01650363765656948	-0.00019428771338425577	-0.0008799220668151975	0.005068013444542885	0.0017875964986160398	-0.004241560585796833	-0.006562594790011644	0.03047334961593151	0.04092181846499443	-0.03947663679718971	-0.02732536755502224	-0.006618097890168428	-0.06943967193365097
ENSMUSG00000036117	0.024846436455845833	0.028581753373146057	0.00886690802872181	0.023294908925890923	-2.5122390070464462e-05	0.0006204762612469494	-0.005691692233085632	-0.08804251998662949	0.006919053383171558	0.037769392132759094	0.0052362531423568726	0.008737311698496342	0.0070618088357150555	0.010378824546933174	-0.0027105757035315037	-0.05725657567381859	0.014019514434039593	0.025864291936159134	-0.04457598179578781	-0.05265118181705475	-0.007656601257622242	-0.009903132915496826
ENSMUSG00000116455	-0.10803068429231644	-0.22050966322422028	-0.026485972106456757	-0.05192337557673454	-0.0328693650662899	-0.07932398468255997	0.025736751034855843	-0.1055631935596466	-0.04727441817522049	-0.22943781316280365	-0.01883648708462715	-0.014530365355312824	-0.013789267279207706	-0.02652907930314541	0.04801816865801811	-0.24066951870918274	-0.16050326824188232	-0.27358344197273254	0.2254774421453476	-0.6104251742362976	-0.00779779814183712	-0.41069161891937256
ENSMUSG00000090015	0.00875784084200859	-0.11569543927907944	-0.0019283891888335347	-0.12644000351428986	-0.0021504773758351803	0.049501679837703705	-0.005879291798919439	-0.20352600514888763	-0.0034187915734946728	-0.2396523505449295	0.0009735354105941951	-0.02400727942585945	0.016223454847931862	-0.09800644218921661	0.002259432803839445	-0.16235516965389252	0.0094792814925313	-0.20740190148353577	-0.023595673963427544	-0.7431558966636658	-0.011834850534796715	-0.4961072504520416
ENSMUSG00000110541	0.016275212168693542	0.028951454907655716	0.002994977869093418	0.007352912798523903	-0.004751140251755714	-0.0009816735982894897	-0.009771092794835567	-0.1103103905916214	0.008234190754592419	0.03104601614177227	-0.004368815571069717	0.010127131827175617	0.0028172724414616823	-0.002407920313999057	-0.00022870660177432	-0.038882557302713394	0.0063615115359425545	0.03740397095680237	-0.012325922027230263	-0.00022643998090643436	-0.00663758534938097	-0.10058849304914474
ENSMUSG00000062542	0.008535287342965603	0.02050480619072914	0.002545478055253625	0.029544875025749207	-0.02341424487531185	0.009395904839038849	0.0060112373903393745	0.2778676450252533	0.013425866141915321	0.01326511986553669	-0.015289794653654099	-0.02616492100059986	0.00810032058507204	0.017472553998231888	-0.0201781764626503	0.3227576017379761	0.013754132203757763	0.07641127705574036	0.025245221331715584	0.3843149244785309	-0.008150174282491207	0.25112423300743103
ENSMUSG00000118154	0.010072737000882626	0.035505786538124084	0.0006608610856346786	0.007445910479873419	-0.0017656501149758697	-0.007776061072945595	-0.009542969986796379	-0.03918781131505966	0.004614873789250851	0.03650756552815437	-5.619997318717651e-05	0.00020508220768533647	-0.0017586018657311797	0.0030880081467330456	-0.007479013875126839	-0.01342849712818861	0.007687906734645367	0.045271579176187515	-0.05839730426669121	-0.08708640933036804	-0.00817383173853159	-0.08255010843276978
ENSMUSG00000036815	0.002591131255030632	0.031925782561302185	-0.00256200204603374	-0.0008848885190673172	5.071549821877852e-05	0.0016031007980927825	-0.00989443063735962	-0.07185594737529755	-0.0052534909918904305	0.007666522637009621	0.0012267385609447956	0.004950777627527714	-0.001737527665682137	0.005022240802645683	-0.003125556744635105	-0.06915626674890518	0.005070285871624947	0.025511818006634712	-0.04253384470939636	-0.058908820152282715	-0.0078124431893229485	-0.01514157559722662
ENSMUSG00000042029	0.005949053913354874	0.003981861285865307	0.00036672144779004157	0.025635618716478348	-0.01664172299206257	0.003148924093693495	-0.0034862870816141367	0.2928328216075897	0.009161446243524551	0.013067182153463364	-0.004295996855944395	-0.011761758476495743	0.009880409575998783	0.01330353133380413	-0.01243666373193264	0.3382315933704376	0.007305859122425318	0.0722615197300911	0.03152117878198624	0.416146844625473	-0.007767124101519585	0.3653506934642792
ENSMUSG00000101119	-0.10803068429231644	-0.22050966322422028	-0.026485972106456757	-0.05192337557673454	-0.0328693650662899	-0.07932398468255997	0.025736751034855843	-0.1055631935596466	-0.04727441817522049	-0.22943781316280365	-0.01883648708462715	-0.014530365355312824	-0.013789267279207706	-0.02652907930314541	0.04801816865801811	-0.24066951870918274	-0.16050326824188232	-0.27358344197273254	0.2254774421453476	-0.6104251742362976	-0.00779779814183712	-0.41069161891937256
ENSMUSG00000111465	0.027935411781072617	0.02575979381799698	0.005346060264855623	0.026456473395228386	-0.003280045697465539	-0.002234450774267316	-0.003875731723383069	-0.07271906733512878	0.0025545137468725443	0.020431334152817726	0.0017310547409579158	0.010394603945314884	0.009571097791194916	-0.006005848757922649	0.006703011225908995	-0.1103958785533905	0.030528690665960312	0.04335100203752518	-0.029601778835058212	-0.09614519774913788	-0.008986972272396088	-0.0444510355591774
ENSMUSG00000116814	0.03125043213367462	0.02775290422141552	0.003275694791227579	0.021442435681819916	-0.006913825403898954	-0.002352797193452716	-0.0032433895394206047	-0.054839491844177246	0.01172382477670908	0.06046438217163086	-0.003938782028853893	0.007527242414653301	0.013468763791024685	0.017112283036112785	0.009252616204321384	-0.05899888649582863	0.01946999877691269	0.02896834909915924	-0.014389405027031898	-0.1262640357017517	-0.007297873497009277	-0.06172192096710205
ENSMUSG00000075551	0.027138760313391685	0.018206922337412834	0.009500953368842602	0.004134658258408308	-0.01074039563536644	-0.00179848144762218	-0.003025721525773406	-0.06612446159124374	0.009903274476528168	0.04476787522435188	-0.011351924389600754	0.011860174126923084	0.005358921363949776	0.01631394773721695	0.0024018571712076664	-0.023532135412096977	0.03427742421627045	0.019334793090820312	-0.003332806285470724	-0.08914889395236969	-0.008388985879719257	-0.11808374524116516
ENSMUSG00000078302	0.01040615327656269	0.02135322615504265	-0.0008584035676904023	0.016511062160134315	-0.02369692735373974	0.006593517027795315	0.0077581340447068214	0.11901810020208359	0.0076298643834888935	0.014913670718669891	-0.02898702584207058	-0.020977940410375595	0.008396925404667854	0.015391447581350803	-0.039484452456235886	0.11043264716863632	0.025005973875522614	0.023178452625870705	0.019447874277830124	0.14628882706165314	0.005090788472443819	0.13761475682258606
ENSMUSG00000121730	0.010990465991199017	0.028164653107523918	0.0019541087094694376	0.007167767733335495	-0.024535221979022026	0.005501260980963707	0.010831134393811226	0.1996687650680542	0.018654068931937218	0.008389181457459927	-0.022651877254247665	-0.017208484932780266	0.01371836755424738	0.013695820234715939	-0.02221328765153885	0.24718725681304932	0.02000749111175537	0.05125168710947037	0.051826801151037216	0.21113264560699463	-0.0028484154026955366	0.10446401685476303
ENSMUSG00000073510	-0.06031423434615135	-0.039113834500312805	-0.007791067473590374	-0.010524020530283451	0.020693935453891754	-0.005324434023350477	-0.009554950520396233	-0.16989433765411377	-0.01758304238319397	-0.05716030299663544	0.056684598326683044	0.06962159276008606	-0.007962273433804512	-0.015721485018730164	0.06736332178115845	-0.15039058029651642	-0.003575482638552785	-0.04366640746593475	-0.034192975610494614	-0.4328024387359619	-0.012860778719186783	-0.44475850462913513
ENSMUSG00000046897	0.005288456100970507	0.0162797924131155	-0.01488176267594099	0.025275669991970062	-0.02557111345231533	0.004181140102446079	0.03715319558978081	0.25542399287223816	0.026016224175691605	0.008480818010866642	-0.01300849299877882	-0.03920517489314079	0.021533116698265076	0.006421905010938644	-0.04459396004676819	0.23711147904396057	-0.0076208459213376045	0.06861195713281631	0.10623261332511902	0.3915296494960785	0.025524819269776344	0.4071897268295288
ENSMUSG00000096773	0.008333335630595684	0.009000828489661217	-0.0037063341587781906	0.004707556217908859	0.002570627024397254	-0.0034064152278006077	-0.007292339112609625	-0.154185488820076	-0.0014264412457123399	0.03662285581231117	0.0034208553843200207	0.011428955011069775	0.0018241496291011572	-0.0013303348096087575	-0.0037738268729299307	-0.04007145017385483	-0.013350780121982098	0.029056619852781296	-0.0364857092499733	-0.10923391580581665	-0.006824689917266369	-0.13484235107898712
ENSMUSG00000118087	0.0070799533277750015	0.019092507660388947	-0.00941199529916048	0.02463373728096485	-0.032166432589292526	0.001653009676374495	0.03022487834095955	0.1761377453804016	0.020820364356040955	0.011671899817883968	-0.040034905076026917	-0.03131454437971115	0.02684563212096691	0.011497709900140762	-0.0396031029522419	0.18356899917125702	0.013003966771066189	0.054899681359529495	0.09777209162712097	0.28816670179367065	0.04886830225586891	0.2342873215675354
ENSMUSG00000047692	0.02404085546731949	0.03164120763540268	0.007561170496046543	0.011681007221341133	-0.005040276795625687	-0.0012862563598901033	-0.001105508767068386	-0.0697818174958229	0.00831949058920145	0.043303441256284714	-0.008706899359822273	0.006620505359023809	0.006186808925122023	0.013150491751730442	0.006052575074136257	-0.05682176724076271	0.03086390532553196	-0.00798877328634262	0.005132000893354416	-0.07763010263442993	-0.009117829613387585	-0.04980160668492317
ENSMUSG00000103739	0.024328777566552162	0.01727738417685032	0.015874918550252914	-0.016519732773303986	-0.0068368809297680855	-0.0015995204448699951	-0.0030201163608580828	-0.05925252288579941	0.01055524218827486	0.02555985376238823	-0.0021371759939938784	0.006343756336718798	0.007618120405822992	0.005414681043475866	-0.0026109188329428434	-0.09258387237787247	0.009592988528311253	0.0237288698554039	-0.017645826563239098	0.014987175352871418	-0.008887182921171188	0.0030387735459953547
ENSMUSG00000084904	-0.001609694678336382	0.02406892739236355	0.0074403793551027775	0.014925556257367134	0.014126088470220566	-0.003928031772375107	-0.012161860242486	-0.06734388321638107	-0.012606519274413586	0.005772699136286974	-0.001770544913597405	0.00799558125436306	-0.002973525319248438	-0.01864691451191902	-0.00652614701539278	-0.1132151186466217	0.032196611166000366	-0.0894031822681427	-0.021603701636195183	-0.04865344986319542	-0.00098795210942626	-0.17171737551689148
ENSMUSG00000046204	0.0007500380743294954	-0.011958900839090347	0.00022573651222046465	-0.045283831655979156	0.007606351748108864	-0.007535410579293966	0.025620274245738983	0.31993210315704346	-0.006507865618914366	-0.008123812265694141	-0.0029414889868348837	-0.016080444678664207	-0.0017619803547859192	0.007649489212781191	-0.007410166785120964	0.2667773365974426	0.006117698736488819	0.03963435813784599	0.029000766575336456	0.3125186264514923	-0.003847662825137377	0.29436710476875305
ENSMUSG00000120584	0.007659982889890671	0.024642668664455414	0.0018866227474063635	0.011747237294912338	-0.01746869646012783	0.006817780900746584	0.0028655552305281162	0.2172054648399353	0.01056746207177639	0.019579842686653137	-0.016383802518248558	-0.0223140399903059	0.00868995301425457	0.014303402043879032	-0.024050777778029442	0.2592054307460785	0.022567955777049065	0.04309617355465889	0.0010845931246876717	0.08290407061576843	-0.006774913519620895	0.202970489859581
ENSMUSG00000103563	-0.002116321586072445	-0.0008029621676541865	-0.00523333391174674	-0.012094139121472836	-0.002812696620821953	0.0006950625102035701	-0.014879750087857246	-0.08732319623231888	-0.005063478369265795	-0.023771982640028	0.041865721344947815	0.002471009735018015	-0.005454825237393379	0.01658700406551361	-0.0021865253802388906	-0.21014995872974396	-0.03897692263126373	0.012297084555029869	-0.05132703855633736	-0.2073400914669037	-0.00883395690470934	-0.09445197880268097
ENSMUSG00000034645	0.007916021160781384	0.025659365579485893	-0.004336795769631863	0.03307129442691803	-0.01792985014617443	0.008112669922411442	0.01523511204868555	0.21519741415977478	0.024416673928499222	0.011147911660373211	-0.008303064852952957	-0.01723598688840866	0.02175266481935978	0.007765656337141991	-0.03336061164736748	0.24022796750068665	-0.0029307955410331488	0.055656589567661285	0.06008405610918999	0.5236769914627075	0.0008706929511390626	0.2678438127040863
ENSMUSG00000028245	0.005869041197001934	0.016025813296437263	0.0030307278502732515	0.025066696107387543	-0.015115493908524513	0.0016514372546225786	0.0014478324446827173	0.2063692808151245	0.007602398283779621	0.012831412255764008	-0.011036509647965431	-0.020993417128920555	0.0020632529631257057	0.01841651275753975	-0.01884124055504799	0.30660590529441833	0.014148238115012646	0.06520551443099976	-0.002924773609265685	0.26933562755584717	-0.008424341678619385	0.1564977914094925
ENSMUSG00000115936	-0.002949700690805912	0.04944368824362755	0.0016268996987491846	0.04113844782114029	0.004998779855668545	0.002928598318248987	-0.008381789550185204	-0.059990715235471725	0.011598003096878529	0.06760477274656296	0.004123363643884659	0.008464562706649303	-0.0005494678043760359	0.004726521670818329	-0.0012904622126370668	-0.03908691555261612	0.02289942465722561	0.08624670654535294	-0.05890803411602974	-0.27027758955955505	-0.007069698069244623	-0.08677135407924652
ENSMUSG00000105556	0.03324883431196213	0.01855088397860527	0.008011282421648502	0.019851846620440483	0.0030515610706061125	-0.003853144124150276	-0.007425376214087009	-0.05268895626068115	0.0037979958578944206	0.053743988275527954	-0.01524224504828453	0.006760020740330219	0.0020248214714229107	0.012126675806939602	-0.0002779813949018717	-0.044267382472753525	0.05156339332461357	0.010975700803101063	-0.014646521769464016	-0.012151777744293213	-0.005199534352868795	-0.039297331124544144
ENSMUSG00000121887	-0.018632840365171432	-0.04935506358742714	-0.0031597455963492393	-0.02234536223113537	0.014948579482734203	-0.006696009077131748	0.00012470335059333593	-0.14236238598823547	-0.018908340483903885	-0.06679653376340866	0.010103604756295681	0.0562213659286499	-0.010859675705432892	-0.03226874768733978	0.0026023632381111383	-0.14974330365657806	-0.034042567014694214	-0.10527047514915466	-0.05729203671216965	-0.28142908215522766	-0.008657119236886501	-0.23345093429088593
ENSMUSG00000107110	0.03588312119245529	0.016104891896247864	0.004086474888026714	-0.007698266301304102	-0.005330905318260193	-0.007802492938935757	-0.007206544745713472	-0.06751503795385361	-0.0032920902594923973	-0.0019654519855976105	0.006546876393258572	0.00888288114219904	0.0033952384255826473	-0.008132767863571644	0.01465119980275631	-0.19971852004528046	0.009684007614850998	0.00562698021531105	-0.009069662541151047	0.037234362214803696	-0.010045267641544342	-5.966849494143389e-05
ENSMUSG00000110794	0.007351473439484835	0.030377505347132683	0.007873587310314178	0.002838495187461376	-0.0063073053024709225	-2.4832668714225292e-05	-0.008864239789545536	-0.03689858689904213	0.007541948929429054	0.030975155532360077	-0.001449901727028191	-0.0017998103285208344	-0.0010706406319513917	0.009904769249260426	-0.00841753464192152	-0.005537820048630238	0.021406929939985275	0.016129260882735252	-0.030779607594013214	0.05347852781414986	-0.007750819902867079	0.0014563070144504309
ENSMUSG00000120091	0.021841591224074364	0.021380864083766937	-0.001338929869234562	0.020399995148181915	-0.007244294974952936	0.0036972525995224714	-0.00393961975350976	0.029909498989582062	0.008799799717962742	0.03534457087516785	-0.019003983587026596	-0.0018516541458666325	0.017527949064970016	0.01588865928351879	-0.03099171444773674	0.06076395884156227	0.03417130559682846	0.03981699049472809	0.05668122321367264	0.07362699508666992	0.018929433077573776	0.013252846896648407
ENSMUSG00000106464	0.02261916548013687	0.03540166839957237	0.006306866183876991	0.026385297998785973	-0.006106069777160883	-0.003679000772535801	-0.007366148754954338	-0.06547991931438446	0.00014802307123318315	0.0157940573990345	0.00017770146951079369	0.009292691014707088	-0.0007132173050194979	0.020300842821598053	0.00512811541557312	-0.10523778945207596	0.026047207415103912	0.013224375434219837	-0.024808457121253014	-0.08958243578672409	-0.008253231644630432	-0.015485541895031929
ENSMUSG00000110814	-0.10803068429231644	-0.22050966322422028	-0.026485972106456757	-0.05192337557673454	-0.0328693650662899	-0.07932398468255997	0.025736751034855843	-0.1055631935596466	-0.04727441817522049	-0.22943781316280365	-0.01883648708462715	-0.014530365355312824	-0.013789267279207706	-0.02652907930314541	0.04801816865801811	-0.24066951870918274	-0.16050326824188232	-0.27358344197273254	0.2254774421453476	-0.6104251742362976	-0.00779779814183712	-0.41069161891937256
ENSMUSG00000033400	0.010291955433785915	0.017893124371767044	-0.00038867455441504717	0.023281585425138474	-0.02067519910633564	0.010392844676971436	0.008038990199565887	0.22836823761463165	0.01955306902527809	0.01563245803117752	-0.012295999564230442	-0.023734714835882187	0.015310082584619522	0.013977260328829288	-0.028689144179224968	0.27855223417282104	0.00914069078862667	0.06439905613660812	0.03904199227690697	0.4008306860923767	-0.006095839198678732	0.32426124811172485
ENSMUSG00000095948	-0.10803068429231644	-0.22050966322422028	-0.026485972106456757	-0.05192337557673454	-0.0328693650662899	-0.07932398468255997	0.025736751034855843	-0.1055631935596466	-0.04727441817522049	-0.22943781316280365	-0.01883648708462715	-0.014530365355312824	-0.013789267279207706	-0.02652907930314541	0.04801816865801811	-0.24066951870918274	-0.16050326824188232	-0.27358344197273254	0.2254774421453476	-0.6104251742362976	-0.00779779814183712	-0.41069161891937256
ENSMUSG00000115822	-0.0174770075827837	-0.009175699204206467	-0.002526863245293498	-0.020423810929059982	0.0025632441975176334	-0.021137719973921776	-0.03842517361044884	-0.05982100963592529	-0.0299792792648077	0.011043491773307323	0.0023482744581997395	0.014027790166437626	-0.01768992841243744	-6.052462413208559e-05	0.012329526245594025	-0.1086568608880043	0.0024083855096250772	-0.02160913310945034	-0.017914535477757454	0.2268352061510086	-0.00021934921096544713	-0.03294559568166733
ENSMUSG00000120576	0.010117021389305592	0.03618481382727623	0.0022996990010142326	0.020287107676267624	-0.004316990729421377	0.0033347574062645435	0.0008598460117354989	-0.012657717801630497	0.006882789079099894	0.04218398034572601	-0.0066983955912292	-0.004526518285274506	0.006920887157320976	0.015276795253157616	-0.01522600743919611	0.07380196452140808	0.04712413251399994	0.029600409790873528	0.01144201960414648	0.10209310799837112	-0.006289727054536343	0.026919478550553322
ENSMUSG00000024687	0.008884698152542114	0.0243904497474432	0.003957716282457113	0.0177773330360651	-0.017911065369844437	0.005163428373634815	0.004606324248015881	0.22542402148246765	0.013535704463720322	0.01602035202085972	-0.004862960893660784	-0.024860678240656853	0.0005253826966509223	0.018010728061199188	-0.02485707215964794	0.3004644513130188	0.01665251888334751	0.06340255588293076	0.026131903752684593	0.20818708837032318	-0.007692224811762571	0.2994600534439087
ENSMUSG00000042737	0.02190282754600048	0.023923180997371674	0.0030158483423292637	0.02761904150247574	-0.013354542665183544	-0.003213366260752082	0.012095123529434204	-0.08322858065366745	0.01624477654695511	0.021528547629714012	-0.01807495392858982	0.017614904791116714	0.00448659947142005	0.015419491566717625	-0.010213524103164673	-0.03252917900681496	0.03180736303329468	0.006921105552464724	0.048411909490823746	0.05881509929895401	-0.001130505814217031	-0.0011817248305305839
ENSMUSG00000094884	0.015088528394699097	0.01188095472753048	-0.0031897735316306353	-0.00039371236925944686	-0.002263342496007681	-0.00300933001562953	-0.006101516075432301	-0.07191269099712372	-0.0040031005628407	0.03958847373723984	0.004457623232156038	0.008774691261351109	0.017416641116142273	-0.0548391193151474	0.0076219141483306885	-0.17141002416610718	0.01300944946706295	0.0022758732084184885	-0.033538203686475754	-0.08150061964988708	-0.010183781385421753	-0.077537402510643
ENSMUSG00000040086	0.012648013420403004	0.011890072375535965	0.002672543516382575	-0.026797855272889137	-0.004205198958516121	-0.0035358855966478586	-0.006331758573651314	-0.11002543568611145	0.0012005709577351809	-0.006536213215440512	-0.0021578939631581306	0.009266122244298458	0.0003688097349368036	0.009167943149805069	0.00013322937593329698	-0.037546221166849136	0.01602196879684925	-0.05491840839385986	-0.040141697973012924	-0.1328619122505188	-0.008104357868432999	-0.15519636869430542
ENSMUSG00000073976	0.010290118865668774	0.015297981910407543	0.0007110926671884954	0.02230004593729973	-0.0016285645542666316	-0.0024203138891607523	-0.010459895245730877	-0.09871825575828552	-0.00438010273501277	0.03500323370099068	0.0014364325907081366	0.009416785091161728	0.00018463311425875872	0.0005975844105705619	-0.0015110330423340201	-0.043930746614933014	0.013073022477328777	0.02446346916258335	-0.035494059324264526	-0.07972721755504608	-0.00707049248740077	-0.05308123677968979
ENSMUSG00000006575	0.013057283125817776	0.025857366621494293	-0.004299387335777283	0.015562226995825768	-0.015115251764655113	0.005362214054912329	0.018293937668204308	0.12402422726154327	0.022451989352703094	0.02243216522037983	-0.021273203194141388	-0.015794288367033005	0.011465290561318398	0.013986416161060333	-0.03361228108406067	0.14573952555656433	0.016996288672089577	0.032588958740234375	0.09789886325597763	0.21508285403251648	0.016174441203475	0.22571736574172974
ENSMUSG00000114721	0.019518990069627762	0.041244205087423325	0.013432499952614307	0.017013465985655785	-0.006498558912426233	0.0022453274577856064	0.0023662224411964417	-0.01861744560301304	0.014008129015564919	0.05322626978158951	-0.011398149654269218	0.0019002262270078063	-0.0009015960386022925	0.010076130740344524	-0.007335694972425699	-0.03407064825296402	0.03234192356467247	0.02409345470368862	0.0057531800121068954	0.06808142364025116	-0.004043938592076302	-0.0004135235503781587
ENSMUSG00000058194	-0.009445426054298878	0.008741809986531734	-0.011968309059739113	0.02226581983268261	-0.010163792409002781	-0.0011848382418975234	-0.023383114486932755	-0.13810884952545166	-0.00862895417958498	0.010887249372899532	0.0019850388634949923	0.008430560119450092	0.0027832146733999252	-0.0019271522760391235	0.06895753741264343	-0.1610652208328247	-0.0002352868759771809	0.023795878514647484	-0.007023575250059366	-0.0847347229719162	-0.007306672167032957	-0.002583116991445422
ENSMUSG00000074782	0.009014958515763283	0.028178326785564423	0.003759881481528282	0.02051813341677189	-0.00990335550159216	0.003980069886893034	0.007338445167988539	0.06297340244054794	0.008255655877292156	0.03309396654367447	-0.011164289899170399	-0.011965539306402206	0.001267811981961131	0.016887854784727097	-0.01751474291086197	0.09994848072528839	0.02268705517053604	0.045336753129959106	0.0068947263062000275	0.04242437705397606	-0.0034299332182854414	0.015413719229400158
ENSMUSG00000059741	0.009125916287302971	0.0346311554312706	0.014626303687691689	-0.007604904938489199	0.0012504169717431068	0.001145122922025621	-0.006052835378795862	-0.04679818078875542	0.012748103588819504	0.033316902816295624	-0.00575821241363883	-0.0017350203124806285	0.00019533005252014846	0.013907026499509811	-0.01163418497890234	0.0036613447591662407	0.03865479677915573	0.05356008931994438	-0.0332510843873024	-0.06361589580774307	-0.007186403963714838	-0.05788370594382286
ENSMUSG00000109354	-0.007479426916688681	0.009823978878557682	-0.008381513878703117	-0.00028548113186843693	-0.0013293583178892732	-0.0015050927177071571	-0.009968224912881851	-0.04858749732375145	-0.002998512936756015	0.05166196450591087	0.005141376052051783	0.008534460328519344	0.00021539036242756993	0.010768898762762547	-0.007287925109267235	-0.12349904328584671	0.004725146107375622	0.024007432162761688	-0.029971955344080925	-0.12257391214370728	-0.007917210459709167	-0.05252877250313759
ENSMUSG00000095401	0.023101119324564934	-0.010416414588689804	0.0011693850392475724	0.006349812261760235	-0.002329089678823948	0.00457107974216342	-0.007500112522393465	-0.08254991471767426	-0.006037328392267227	-0.1043626144528389	-0.00017746695084497333	0.008678105659782887	0.0015130292158573866	0.008032720535993576	-0.0035295593552291393	-0.17502979934215546	0.013637916184961796	-0.004294408950954676	-0.04208168387413025	-0.12357241660356522	-0.012377363629639149	-0.03192303702235222
ENSMUSG00000033386	0.017030823975801468	0.022261975333094597	0.006364460568875074	0.019924333319067955	-0.00867727305740118	0.0027915548998862505	0.015248533338308334	0.019696515053510666	0.020785104483366013	0.03467128425836563	-0.011140176095068455	-0.012227527797222137	0.006897447630763054	0.01849072426557541	-0.019602959975600243	-0.013305318541824818	0.025524701923131943	0.04278138279914856	0.07940349727869034	0.37658727169036865	0.006926442962139845	0.08283496648073196
ENSMUSG00000055254	0.012082500383257866	0.030823033303022385	0.0053629083558917046	0.02020701952278614	-0.010951828211545944	0.01081920973956585	0.004253358580172062	0.09615378081798553	0.014137685298919678	0.025929195806384087	-0.015460420399904251	-0.015803895890712738	0.004885701462626457	0.014805406332015991	-0.023454921320080757	0.09878610819578171	0.024534188210964203	0.06511182337999344	0.007012596353888512	0.00583652313798666	-0.004196926951408386	0.1177595928311348
ENSMUSG00000024943	0.00982888787984848	0.015751486644148827	0.0020434772595763206	0.01432286761701107	-0.02859124168753624	-0.00024625755031593144	0.00533270463347435	0.22676332294940948	0.011823615990579128	0.011273202486336231	-0.01614193618297577	-0.023768777027726173	0.01387713197618723	0.014630398713052273	-0.01915024220943451	0.28971102833747864	0.014108470641076565	0.06683772802352905	0.03239220008254051	0.2758484184741974	-0.007515719160437584	0.23379886150360107
ENSMUSG00000011267	0.00970893818885088	0.02307877130806446	-0.009171362966299057	0.015543792396783829	-0.0163264237344265	0.0027233120054006577	0.031112058088183403	0.17287978529930115	0.005765141453593969	0.014392657205462456	-0.03375953808426857	-0.012730052694678307	0.008132154121994972	0.009895185939967632	-0.018082935363054276	0.14341199398040771	0.015183798968791962	0.045926790684461594	0.0578751340508461	0.18837286531925201	0.025531044229865074	0.2089088261127472
ENSMUSG00000086427	0.014732233248651028	0.013246077112853527	0.005937632173299789	0.00920210499316454	-0.014162909239530563	0.0009400847484357655	0.003802803112193942	0.02103506587445736	0.02553499862551689	0.011020299978554249	-0.02700079046189785	0.005507458932697773	0.004115778021514416	0.010792532935738564	-0.028915217146277428	0.029901480302214622	0.027701983228325844	0.054489005357027054	-0.007768794894218445	-0.014044292271137238	0.003191923489794135	-0.04431590437889099
ENSMUSG00000115027	0.009137745946645737	-0.0045942384749650955	-0.001841234159655869	-0.01958838850259781	-0.0036614122800529003	-0.002586241578683257	-0.007571865804493427	-0.0852130874991417	-0.004774938337504864	0.03267977759242058	-0.0008513024658896029	0.009632280096411705	0.0007223092252388597	0.012232341803610325	-0.00428137369453907	-0.08243456482887268	0.017323017120361328	0.013443751260638237	-0.036994777619838715	-0.14237439632415771	-0.00831163302063942	-0.09508068114519119
ENSMUSG00000063844	0.014266956597566605	-0.019630933180451393	-0.002351549919694662	-0.035933610051870346	0.00031433944241143763	-0.005806361325085163	-0.008817327208817005	-0.06382044404745102	-0.006196928210556507	-0.03619961813092232	0.0026910430751740932	0.007532927207648754	-0.00446521770209074	0.023762859404087067	-0.010231992229819298	-0.1918853223323822	0.018491879105567932	-0.017008205875754356	-0.03600752726197243	-0.019293775781989098	-0.009202353656291962	-0.030024902895092964
ENSMUSG00000048703	0.028647752478718758	0.04672966152429581	0.015936778858304024	0.026879997923970222	-0.009222542867064476	-0.001401472487486899	-0.005261891055852175	-0.07294031977653503	0.01953928917646408	0.052861977368593216	-0.012000629678368568	0.007321360055357218	0.005520667415112257	0.01861807145178318	-0.0013059272896498442	-0.024975718930363655	0.03460833430290222	0.04949638992547989	0.003450322663411498	-0.06550377607345581	-0.005622702185064554	-0.06395252048969269
ENSMUSG00000096629	0.027146559208631516	0.04484973102807999	0.012137740850448608	0.022411556914448738	-0.009146523661911488	-0.00042116132681258023	0.0007716034888289869	-0.05159422382712364	0.012348674237728119	0.05572257563471794	-0.014082790352404118	0.004990207962691784	0.007725460454821587	0.007329436484724283	0.0038594729267060757	-0.017996875569224358	0.038072649389505386	0.032134052366018295	0.021283535286784172	0.09387949854135513	-0.005243457388132811	-0.010104459710419178
ENSMUSG00000049739	0.010768074542284012	0.027910446748137474	-0.00048251531552523375	0.014951988123357296	-0.017585132271051407	0.010705014690756798	0.021943626925349236	0.17720535397529602	0.02173273265361786	0.01921721175312996	-0.005275943782180548	-0.007469074334949255	0.008359888568520546	0.010505114682018757	-0.021232323721051216	0.0903608426451683	0.00751783000305295	0.0574071928858757	0.05335736274719238	0.4395020604133606	0.00028657031361944973	0.33358651399612427
ENSMUSG00000039501	0.006903539877384901	0.018804803490638733	-0.017921052873134613	0.0392821803689003	-0.01648721843957901	0.012475802563130856	0.0396462082862854	0.2796509265899658	0.027538681402802467	0.0018550297245383263	0.0005143505404703319	-0.00907531101256609	0.031029682606458664	0.0020490128081291914	-0.03685828298330307	0.2677672505378723	-0.029966015368700027	0.0926450714468956	0.04228523373603821	0.6469241976737976	0.011383121833205223	0.4637996256351471
ENSMUSG00000111740	0.018346942961215973	0.030421318486332893	-0.003930417355149984	0.02734450064599514	-0.005394894629716873	0.0004184700665064156	-0.00809878297150135	-0.03240093216300011	0.013748817145824432	0.05390521511435509	-0.020467214286327362	0.015295849181711674	0.009538430720567703	0.008804135024547577	-0.006991231348365545	-0.05786224827170372	0.02290978655219078	0.025466470047831535	0.05240318179130554	-0.09887692332267761	0.010196969844400883	-0.05195404961705208
ENSMUSG00000087641	0.012663960456848145	0.03579173982143402	0.005235640797764063	0.005550972186028957	-0.004921426996588707	-0.0037335180677473545	-0.002645953092724085	-0.055925603955984116	0.0053572747856378555	0.01546788215637207	-0.007172785233706236	0.021759146824479103	0.0016645245486870408	0.005839784629642963	-0.009496635757386684	0.006467932835221291	0.03172557055950165	0.04995955899357796	-0.015032735653221607	-0.051819369196891785	-0.0076475488021969795	-0.056694235652685165
ENSMUSG00000107371	0.02673754282295704	0.0325750857591629	-0.005484321620315313	0.017524853348731995	-0.005248697474598885	-0.0035654862876981497	-0.009869033470749855	-0.057478051632642746	-0.02346995286643505	0.052559901028871536	-0.012499774806201458	0.007250742521136999	-0.00296167959459126	0.011166997253894806	-0.004377556964755058	-0.0038673600647598505	0.04552706331014633	0.03015860542654991	-0.029376022517681122	-0.09843555092811584	-0.00939223263412714	-0.10156629234552383
ENSMUSG00000034574	0.010110307484865189	0.023206159472465515	0.002782718511298299	0.0052130199037492275	-0.014069419354200363	0.001709770760498941	0.004777314607053995	0.2565358579158783	0.01451737992465496	0.009801552630960941	-0.01297795306891203	-0.022934529930353165	0.009658575057983398	0.01436530239880085	-0.023356694728136063	0.31030264496803284	0.012893855571746826	0.074444480240345	0.014839015901088715	0.30666571855545044	-0.008299540728330612	0.26852479577064514
ENSMUSG00000069729	0.008885246701538563	0.01959177665412426	0.0016307856421917677	0.030998343601822853	-0.01900223083794117	0.0032815902959555387	0.010691612958908081	0.2545781433582306	0.012754992581903934	0.009340834803879261	-0.016184117645025253	-0.025045547634363174	0.009443061426281929	0.015467686578631401	-0.028659803792834282	0.2794601321220398	0.013989797793328762	0.07113516330718994	0.014666697010397911	0.3054262101650238	-0.00812002457678318	0.27562230825424194
ENSMUSG00000020669	-0.053436074405908585	0.006099611055105925	0.019931893795728683	0.02663365751504898	0.13410404324531555	-0.005969764664769173	0.0043145897798240185	0.31000447273254395	0.009715345688164234	0.015207217074930668	0.0452401340007782	-0.0158604197204113	-0.028554147109389305	0.039783917367458344	0.04237137734889984	0.30747905373573303	-0.06838545203208923	0.08523552119731903	-0.1747223138809204	0.33253851532936096	0.09945812821388245	0.20289109647274017
ENSMUSG00000038677	0.01054091565310955	0.022858310490846634	-0.00023151497589424253	0.0160830095410347	-0.018705986440181732	0.004719556774944067	0.011325500905513763	0.22218181192874908	0.018717626109719276	0.01783517375588417	-0.011857498437166214	-0.030382545664906502	0.012471410445868969	0.014600335620343685	-0.030412472784519196	0.22232574224472046	0.012014581821858883	0.0389406718313694	0.04403020069003105	0.34070006012916565	-0.004902036394923925	0.2297339290380478
ENSMUSG00000106536	0.023101620376110077	0.045644622296094894	0.012044228613376617	0.023339781910181046	-0.00562098016962409	0.0008080992847681046	-0.007919599302113056	-0.0664965957403183	0.007146756164729595	0.05145486444234848	-0.001451942720450461	0.005682023707777262	0.0029508681036531925	0.017743980512022972	0.001435148878954351	-0.06354548782110214	0.028063910081982613	0.06838680803775787	-0.019089670851826668	0.043032560497522354	-0.006918859668076038	-0.001673331018537283
ENSMUSG00000051550	0.011482423171401024	0.023115288466215134	-0.014383372850716114	0.008579186163842678	-0.014272135682404041	0.0011369645362719893	-0.00019800974405370653	0.12657704949378967	0.022235844284296036	0.020278088748455048	-0.060450151562690735	0.0024988679215312004	0.011119894683361053	0.01017838716506958	-0.05083546042442322	0.14430667459964752	0.02132771909236908	0.03613295406103134	0.05771312862634659	0.1454107165336609	0.021289967000484467	0.1833154708147049
ENSMUSG00000047034	0.03408336266875267	0.034743282943964005	0.015620428137481213	0.012697546742856503	-0.013288336805999279	-0.002547080162912607	-0.019532129168510437	-0.02697683311998844	0.011837247759103775	0.07023488730192184	-0.006622883025556803	0.007455712649971247	0.0004300525470171124	0.003108720760792494	0.00745814386755228	-0.06262072920799255	0.04522620141506195	0.04789326712489128	0.006989665795117617	-0.07276570796966553	-0.00859484076499939	-0.07911704480648041
ENSMUSG00000070530	0.0246120635420084	0.0467815175652504	0.00010469259723322466	0.035622380673885345	-0.0028060837648808956	0.0006392605719156563	-0.013728984631597996	-0.08934889733791351	0.016629517078399658	0.05669337138533592	-0.00011668117804219946	0.007193429861217737	0.009501009248197079	0.0020982236601412296	0.008127628825604916	-0.04213991016149521	0.019871272146701813	0.050961222499608994	-0.02621890977025032	-0.12282613664865494	-0.007032045163214207	-0.05033465474843979
ENSMUSG00000043613	0.011280974373221397	0.018969537690281868	0.002503439551219344	0.02151695266366005	-0.001043588388711214	-0.0030882202554494143	-0.00434986362233758	-0.06861007213592529	0.006429790053516626	0.036659058183431625	-0.00030715891625732183	0.006749183405190706	0.0015097152208909392	-0.0018556632567197084	0.0008428658475168049	-0.060188256204128265	0.02385200746357441	0.03281361237168312	-0.06565065681934357	-0.15463058650493622	-0.00613068463280797	-0.06789356470108032
ENSMUSG00000107496	0.00833224505186081	0.011195022612810135	0.005328851751983166	-0.03675789386034012	-0.0011984143638983369	-0.001284104771912098	-0.009812028147280216	-0.049573011696338654	0.004437014926224947	0.0013172401813790202	-0.009557127021253109	0.006731978617608547	0.0018057412235066295	-1.2550415704026818e-05	0.004493109881877899	-0.09637302160263062	0.0009415191598236561	0.05316086858510971	-0.013540172949433327	-0.12104514241218567	-0.007489262148737907	-0.04728980362415314
ENSMUSG00000113268	0.024090128019452095	0.04289911314845085	0.014155295677483082	0.012295657768845558	-0.004761179443448782	-0.004074786324054003	-0.00667076651006937	-0.08897466957569122	0.006107839290052652	0.04804878309369087	-0.0015597948804497719	0.009741409681737423	0.0014801681973040104	0.009239882230758667	0.0015375043731182814	-0.057074785232543945	0.027998602017760277	0.05310669541358948	-0.026796163991093636	-0.08796102553606033	-0.008504650555551052	-0.056057095527648926
ENSMUSG00000044502	0.01215591561049223	0.021486766636371613	0.002784447045996785	0.003739834763109684	-0.018350139260292053	0.007275289390236139	0.014585757628083229	0.22094734013080597	0.0126959765329957	0.016946982592344284	0.005622022785246372	-0.02515047788619995	-0.00603826716542244	0.01313154585659504	-0.02007845602929592	0.20763567090034485	0.010862506926059723	0.06729242205619812	0.047734349966049194	0.3029104471206665	-0.005462777800858021	0.2997395694255829
ENSMUSG00000110195	0.021306054666638374	0.04391709715127945	0.009641994722187519	0.02039405144751072	-0.0022839701268821955	-0.0003254767507314682	0.00036611437099054456	-0.04846072569489479	0.01262755412608385	0.040990397334098816	-0.0048791212029755116	0.010684924200177193	0.0014071529731154442	-0.011761687695980072	-0.006430784240365028	-0.04141860082745552	0.0357588492333889	0.04385223239660263	-0.024374354630708694	-0.060913752764463425	-0.006113983225077391	-0.004341644234955311
ENSMUSG00000036550	0.008363664150238037	0.019601019099354744	-0.006613033823668957	0.0347311794757843	-0.026367278769612312	0.00919287372380495	0.01980891264975071	0.28684768080711365	0.01993555948138237	0.009748121723532677	-0.012975676916539669	-0.01674577407538891	0.023636173456907272	0.00907482672482729	-0.031110337004065514	0.2985565960407257	-0.0024942171294242144	0.0781962051987648	0.050986018031835556	0.48436370491981506	-0.002892502583563328	0.4846057891845703
ENSMUSG00000103815	-0.01639191061258316	0.030741026625037193	-0.007665911689400673	0.002128820400685072	-0.002633793978020549	-0.0008986411266960204	-0.015064823441207409	-0.07729219645261765	-0.006078600883483887	0.0066025094129145145	0.004598244093358517	0.009177034720778465	0.006462126970291138	-0.009835410863161087	-0.0026480061933398247	-0.13831105828285217	-0.003760935738682747	0.029402917250990868	-0.036660440266132355	-0.08848119527101517	-0.007871732115745544	-0.09270701557397842
ENSMUSG00000120212	0.004122639074921608	0.015558850951492786	-0.00016900053014978766	0.00975136086344719	-0.003114341991022229	0.0037240339443087578	-0.0024313530884683132	-0.05308152362704277	-0.0013256021775305271	0.03995145484805107	-0.004070877563208342	0.0011565303429961205	-0.000709532992914319	0.007100708317011595	-0.005526536609977484	0.04268980398774147	0.010898561216890812	0.0019266246818006039	-0.027691110968589783	0.05032725632190704	-0.006655198521912098	-0.02431979402899742
ENSMUSG00000021091	0.022977497428655624	0.019720055162906647	0.013020528480410576	0.00915207713842392	-0.0019784560427069664	-0.002169507322832942	-0.00453529879450798	-0.06488515436649323	0.010619700886309147	0.03207072615623474	-0.004243467003107071	0.007613213732838631	0.0008820567163638771	0.009634610265493393	-0.006566947791725397	0.0025629487354308367	0.03940857574343681	0.054167333990335464	-0.0429094173014164	-0.1207541674375534	-0.007429678924381733	-0.11068221926689148
ENSMUSG00000055817	0.007656168192625046	0.024678843095898628	-0.006547012832015753	0.03561679273843765	-0.02186659537255764	0.004178964998573065	0.02159297652542591	0.24160343408584595	0.021382274106144905	0.013891424052417278	-0.012441861443221569	-0.02436763048171997	0.020554397255182266	0.009126230143010616	-0.03840005397796631	0.25869041681289673	-0.0006608289550058544	0.07143206894397736	0.07678572833538055	0.4647829532623291	0.004501762799918652	0.25819286704063416
ENSMUSG00000107014	0.014601721428334713	0.03404565900564194	0.008098505437374115	0.027003677561879158	-0.012530546635389328	0.004613879136741161	1.0453737559146248e-05	-0.019265348091721535	0.017702355980873108	0.027880551293492317	-0.008530923165380955	-0.007423669099807739	0.003678256180137396	0.018127497285604477	-0.02218526601791382	0.17100399732589722	0.03350526839494705	0.041843801736831665	0.01555616594851017	0.1987358033657074	-0.002132107736542821	0.12077543884515762
ENSMUSG00000086354	0.023471154272556305	0.01938578672707081	0.005412457976490259	0.028260240331292152	-0.004010768607258797	-0.0023016883060336113	-0.004445035010576248	-0.08268412947654724	0.0045865364372730255	0.042237114161252975	-0.0038108143489807844	0.010268278419971466	0.004049805458635092	0.010148117318749428	0.004949236288666725	-0.05637601390480995	0.02270028367638588	0.026766162365674973	-0.023975837975740433	-0.12116756290197372	-0.007660110481083393	-0.050357744097709656
ENSMUSG00000073528	0.012926063500344753	0.03627724200487137	0.0012979734456166625	0.023420896381139755	0.0006046306225471199	-0.005862252786755562	-0.005961965303868055	-0.07178964465856552	0.0040623946115374565	0.042400993406772614	0.0027789089363068342	0.010557723231613636	0.0027570128440856934	-0.020331596955657005	-0.002968213288113475	-0.03347719833254814	0.020368080586194992	0.05338702350854874	-0.03927283361554146	-0.21453054249286652	-0.006543453317135572	-0.06943057477474213
ENSMUSG00000003068	0.00944230705499649	0.011288788169622421	-0.009845330379903316	0.02053554356098175	-0.01538902148604393	0.0081431670114398	0.02433757111430168	0.24967506527900696	0.01906660757958889	0.006422044709324837	-0.012995126657187939	-0.022373447194695473	0.013880670070648193	0.010955206118524075	-0.026589464396238327	0.30186259746551514	-0.0031694069039076567	0.05629074573516846	0.05460623651742935	0.3701571226119995	-6.194476009113714e-05	0.3928129971027374
ENSMUSG00000115792	0.00022471258125733584	-0.032521508634090424	-0.004846964031457901	0.011381157673895359	-3.089218444074504e-05	-0.003789363894611597	-0.012922249734401703	-0.07693113386631012	-0.011233684606850147	-0.014601158909499645	0.0028096018359065056	0.005311337299644947	0.00028007171931676567	-0.008792857639491558	-0.005669592414051294	-0.12752074003219604	-1.9778766727540642e-05	0.024747267365455627	-0.02420029416680336	-0.02615591138601303	-0.009140940383076668	-0.052464794367551804
ENSMUSG00000101028	0.035439036786556244	0.03363420069217682	0.0018485704204067588	0.02412690967321396	-0.016169503331184387	-0.003242322476580739	-0.004905552603304386	-0.05639246106147766	0.014477577991783619	0.03594815358519554	-0.017825651913881302	0.009070690721273422	0.016244512051343918	0.01066100224852562	0.030426017940044403	-0.0632295310497284	0.03053511306643486	0.028156520798802376	0.048058733344078064	0.010764628648757935	-0.00947088748216629	-0.05677030608057976
ENSMUSG00000031383	-0.0034599262289702892	0.007126171607524157	0.0022744466550648212	-0.012745421379804611	0.011992274783551693	-0.005476450547575951	0.05165392532944679	0.20065736770629883	-0.018472276628017426	0.006775888614356518	-0.0172758549451828	-0.01683911122381687	0.017411939799785614	0.010181967169046402	-0.008744225837290287	0.22664599120616913	0.0019307915354147553	0.04423269256949425	0.0659758672118187	0.3040410876274109	-0.0041850171983242035	0.07715840637683868
ENSMUSG00000083190	0.02010965161025524	0.016895679756999016	0.011475157923996449	0.02156026102602482	-0.0058421604335308075	-0.0021673424635082483	-0.004208387341350317	-0.09028945863246918	0.006776891183108091	0.030993038788437843	-0.012011980637907982	0.0036785306874662638	-0.00039398975786753	0.002165870275348425	-0.003654762404039502	-0.03680981695652008	0.040107935667037964	0.05728651210665703	0.022160492837429047	-0.020566634833812714	-0.01039919164031744	-0.09570371359586716
ENSMUSG00000022231	0.007064667530357838	0.02092122845351696	0.0015433013904839754	0.014574247412383556	-0.01577022857964039	0.005702880211174488	-0.0037991837598383427	0.1817447543144226	0.006646639667451382	0.01846841536462307	-0.005059335846453905	-0.014680158346891403	0.001327288569882512	0.013953647576272488	-0.014457093551754951	0.22601956129074097	0.021066341549158096	0.07819095999002457	-0.07497873902320862	0.004958978854119778	-0.0050222123973071575	0.09426403790712357
ENSMUSG00000029273	-0.012293071486055851	-0.023288540542125702	-0.0034992170985788107	-0.018120549619197845	-0.0062414007261395454	-0.004868329502642155	-0.020245816558599472	-0.08128785341978073	-0.007187436334788799	-0.05093640461564064	-0.0024697117041796446	0.022101499140262604	0.004808066412806511	0.01988951489329338	-0.011488373391330242	-0.25563058257102966	-0.001626962679438293	-0.022289669141173363	-0.018355749547481537	-0.07851281762123108	-0.010938934981822968	-0.02475455030798912
ENSMUSG00000042388	0.009052581153810024	0.020195674151182175	-0.005765802692621946	0.02078181318938732	-0.02359338290989399	0.0032833849545568228	0.014514223672449589	0.216081440448761	0.019962478429079056	0.014353667385876179	-0.01903500407934189	-0.0353827178478241	0.016448095440864563	0.013684235513210297	-0.03711317852139473	0.2194964587688446	0.010162991471588612	0.05521460622549057	0.09583135694265366	0.27476966381073	0.003574626985937357	0.23942826688289642
ENSMUSG00000101335	-0.001999884145334363	0.03260619193315506	-0.004929511342197657	0.006205992307513952	0.007874550297856331	-0.005771256517618895	-0.013886667788028717	-0.03395042568445206	0.00346184941008687	0.03775658831000328	-0.007756601087749004	0.008796672336757183	-0.004689990077167749	0.016059158369898796	-0.011463371105492115	-0.20813903212547302	0.016014134511351585	0.026340121403336525	0.08941633999347687	0.1834767907857895	-0.011459077708423138	0.03358297422528267
ENSMUSG00000095831	-0.007387024350464344	0.008907691575586796	-0.007545961532741785	-0.01673993095755577	-0.0014205016195774078	-0.003606054000556469	-0.010107693262398243	-0.06884858012199402	-0.006727577652782202	0.014056103304028511	0.004118026699870825	0.008502474054694176	0.0008127710316330194	0.007584827486425638	-0.001407890347763896	-0.1283242553472519	0.003922602627426386	0.004169032908976078	-0.027041852474212646	-0.017240701243281364	-0.00833943672478199	-0.05503583326935768
ENSMUSG00000024548	0.005537598859518766	0.0144932447001338	0.003564842278137803	0.01992284134030342	-0.010380554012954235	0.005128609016537666	-0.0005090972990728915	0.23427116870880127	0.004630955867469311	0.014600301161408424	-0.01100255362689495	-0.02649421989917755	-0.0006450233631767333	0.01966184750199318	-0.018826240673661232	0.2923984229564667	0.014183053746819496	0.0673900619149208	-0.03625163808465004	0.32187676429748535	-0.006999380420893431	0.19531917572021484
ENSMUSG00000028468	0.009620597586035728	0.02576623111963272	0.0022756278049200773	0.013597464188933372	-0.014952740631997585	0.0031702423002570868	0.00825544074177742	0.26560449600219727	0.019331440329551697	0.012520883232355118	-0.009408858604729176	-0.028918778523802757	0.00847878772765398	0.015908535569906235	-0.02432262897491455	0.30650898814201355	0.01604914478957653	0.06944450736045837	0.015125577338039875	0.26149144768714905	-0.00909731350839138	0.33617672324180603
ENSMUSG00000019978	0.0083983289077878	0.021455733105540276	-0.0004160879470873624	0.025046223774552345	-0.02032236009836197	0.0028330995701253414	0.013085544109344482	0.22716304659843445	0.01502519752830267	0.012839398346841335	-0.012736883945763111	-0.030629726126790047	0.013759301044046879	0.014289646409451962	-0.026390109211206436	0.305880069732666	0.010159908793866634	0.07654505968093872	0.06947455555200577	0.3135594129562378	-0.005553707480430603	0.2768937647342682
ENSMUSG00000038806	0.006622534245252609	0.021659119054675102	-0.009815284051001072	0.03440522029995918	-0.020148195326328278	0.008995136246085167	0.028944388031959534	0.2612382173538208	0.024915626272559166	0.008734282106161118	-0.0006761666154488921	-0.014326605014503002	0.02761772833764553	0.0016397183062508702	-0.03188827261328697	0.26942217350006104	-0.022172115743160248	0.07479416579008102	0.04873877018690109	0.6028890013694763	0.00809078011661768	0.41404613852500916
ENSMUSG00000113544	0.023556780070066452	0.007522423751652241	0.015990566462278366	0.025484154000878334	0.0031457843724638224	-0.004404311999678612	-0.03966621309518814	-0.04338591545820236	-0.001851496985182166	0.03881177306175232	-0.004539099521934986	0.0025543563533574343	0.035880688577890396	-0.003965015523135662	-0.022961189970374107	-0.04232548549771309	0.0396372489631176	0.0395810641348362	-0.04788579046726227	-0.27437111735343933	-0.014938746578991413	-0.08753283321857452
ENSMUSG00000120977	-0.10803068429231644	-0.22050966322422028	-0.026485972106456757	-0.05192337557673454	-0.0328693650662899	-0.07932398468255997	0.025736751034855843	-0.1055631935596466	-0.04727441817522049	-0.22943781316280365	-0.01883648708462715	-0.014530365355312824	-0.013789267279207706	-0.02652907930314541	0.04801816865801811	-0.24066951870918274	-0.16050326824188232	-0.27358344197273254	0.2254774421453476	-0.6104251742362976	-0.00779779814183712	-0.41069161891937256
ENSMUSG00000107207	0.017503485083580017	0.03993342071771622	0.008220926858484745	0.01778227649629116	0.007688978686928749	0.0013766144402325153	-0.004451506305485964	-0.06383740156888962	0.01574958674609661	0.04295749217271805	-0.00048344023525714874	0.011460281908512115	-0.0003346602607052773	-0.00197482667863369	-0.0007722185691818595	-0.0299008060246706	0.01613147184252739	0.03583896532654762	-0.02847912535071373	-0.07599683105945587	-0.009777245111763477	-0.06972406059503555
ENSMUSG00000086867	0.016685230657458305	0.02878439426422119	0.007517380639910698	0.019802622497081757	-0.00894861575216055	0.0003701660316437483	0.0063616023398935795	0.01840207539498806	0.02076481096446514	0.04850213602185249	-0.01655961200594902	0.0002070995105896145	0.0004249195335432887	0.014581512659788132	-0.011370840482413769	-0.06877213716506958	0.035636987537145615	0.02773677557706833	0.06263358145952225	0.06507334858179092	0.01062172744423151	0.07105729728937149
ENSMUSG00000083946	-0.011501705273985863	-0.017443444579839706	-0.0011612087255343795	-0.004861799068748951	-0.0013536418555304408	-0.003485672175884247	-0.008944666013121605	-0.0738874077796936	-0.01691548526287079	0.00048436393262818456	0.0031685272697359324	0.008882320486009121	-0.0027148581575602293	-0.003825880354270339	-0.0049714213237166405	-0.08861381560564041	-0.018320664763450623	0.008817436173558235	-0.049596838653087616	-0.1268533170223236	-0.007691998966038227	-0.13976164162158966
ENSMUSG00000021621	0.007060876581817865	0.014249985106289387	0.0016825601924210787	0.03424491733312607	-0.0270172581076622	0.008571511134505272	0.0009436499094590545	0.27316585183143616	0.004932010546326637	0.014047744683921337	-0.010567681863904	-0.014519352465867996	-0.006038842722773552	0.01445078942924738	-0.01879524067044258	0.30987054109573364	0.008895560167729855	0.07238535583019257	0.053834304213523865	0.35960617661476135	-0.007775710429996252	0.30315300822257996
ENSMUSG00000059493	-0.0031510316766798496	0.009518816135823727	-0.0022369157522916794	-0.019288387149572372	0.012237931601703167	-0.004578488878905773	-0.005356721114367247	0.2106890231370926	-0.011647199280560017	0.009037832729518414	0.007420781068503857	-0.029668916016817093	-0.004639387596398592	0.01894802786409855	-0.0045874351635575294	0.3068680465221405	0.0018309493316337466	0.02545114792883396	-0.07676508277654648	-0.1310802400112152	-0.00409544724971056	0.09007442742586136
ENSMUSG00000102869	0.005415552295744419	0.012201772071421146	-0.005929769482463598	0.02314193919301033	-0.027398481965065002	0.0023114325013011694	0.04465029761195183	0.21877902746200562	0.02160024829208851	0.005947323516011238	-0.010898331180214882	-0.03020164743065834	0.004001016728579998	0.010178866796195507	-0.007140380330383778	0.24748720228672028	0.005799466278403997	0.06628162413835526	0.11237652599811554	0.3326150178909302	0.01125350035727024	0.35183441638946533
ENSMUSG00000111962	0.01584085449576378	0.03816179186105728	0.0058538890443742275	0.010578043758869171	-0.004644955508410931	0.002210046164691448	-0.006805202923715115	-0.0730573907494545	0.00852788332849741	0.02189319208264351	-0.00559584517031908	-0.0009477853309363127	0.0034702119883149862	0.015186630189418793	-0.0085427425801754	0.032864391803741455	0.025336135178804398	0.055120501667261124	-0.02965276502072811	-0.0611996203660965	-0.0038681942969560623	-0.03427153453230858
ENSMUSG00000028465	0.009918591007590294	0.021383192390203476	-0.003336227498948574	0.02112594060599804	-0.015713956207036972	0.0020499236416071653	0.013596500270068645	0.260625958442688	0.013241834938526154	0.012281415052711964	-0.016474954783916473	-0.016875097528100014	0.015396734699606895	0.012970340438187122	-0.02706133760511875	0.29563528299331665	0.008327517658472061	0.06112537533044815	0.03492008149623871	0.2979030907154083	-0.006387532223016024	0.39958250522613525
ENSMUSG00000026098	0.007354492321610451	0.011639535427093506	0.001863226294517517	0.023463213816285133	-0.022083790972828865	0.009463656693696976	-0.005235934164375067	0.2674665153026581	0.010583094321191311	0.012291575782001019	-0.008524601347744465	-0.019440721720457077	0.003585222875699401	0.014651940204203129	-0.012575516477227211	0.343509316444397	0.00840563140809536	0.07386523485183716	0.01267141941934824	0.4481170177459717	-0.008325852453708649	0.30064040422439575
ENSMUSG00000054728	0.01564384624361992	0.03207388147711754	0.009063645265996456	0.01001309510320425	-0.002145125763490796	-0.0005733579164370894	-0.0013517980696633458	-0.03980827331542969	0.007930198684334755	0.062195952981710434	-0.005073986481875181	-0.0027405174914747477	0.000407219777116552	0.0155127989128232	-0.0028460959438234568	-0.058016229420900345	0.0295967198908329	0.01903444342315197	-0.03533227741718292	-0.004776412155479193	-0.0065386234782636166	0.007465101312845945
ENSMUSG00000121412	0.008754403330385685	0.021564066410064697	-0.0008877711952663958	0.024350719526410103	-0.003213731572031975	-0.005433312617242336	-0.006842981558293104	-0.06816642731428146	-0.00417895196005702	0.008430994115769863	0.0038284382317215204	0.006610267795622349	0.0020483997650444508	0.01000487431883812	0.0005644235643558204	-0.1642320454120636	0.01352890208363533	0.0072029270231723785	-0.0330776683986187	-0.09784591943025589	-0.01091996394097805	-0.05874888598918915
ENSMUSG00000046719	0.008719410747289658	0.021015547215938568	-0.0009174179285764694	0.01681162789463997	-0.008996753953397274	0.0021281198132783175	0.019937170669436455	0.23761805891990662	0.023146770894527435	0.014048728160560131	-0.006403433158993721	-0.030599744990468025	-0.0036851707845926285	0.0156395360827446	-0.024437330663204193	0.19413606822490692	0.013884872198104858	0.04989372566342354	0.034590814262628555	0.20212219655513763	-0.0004426336963661015	0.31674668192863464
ENSMUSG00000034958	0.01382371038198471	0.03838135302066803	0.008939161896705627	0.014992530457675457	-0.01432446576654911	0.002030551666393876	0.004539536312222481	0.0651366114616394	0.019882451742887497	0.020163970068097115	-0.019533460959792137	-0.014944122172892094	0.007294132839888334	0.014356447383761406	-0.02453554794192314	0.11490888893604279	0.029738105833530426	0.05441102385520935	0.026353418827056885	0.2685679793357849	-0.0029726591892540455	0.11622829735279083
ENSMUSG00000024982	0.00867330003529787	0.01880471035838127	5.698807945009321e-05	0.03456128388643265	-0.02081725187599659	0.012010523118078709	0.005525149870663881	0.28075236082077026	0.016479026526212692	0.013763866387307644	-0.0024118947330862284	-0.017933404073119164	0.007273874711245298	0.010501709766685963	-0.02045515365898609	0.33847159147262573	-0.0005321053904481232	0.08294197171926498	0.04549504816532135	0.45490673184394836	-0.006987209431827068	0.5091850161552429
ENSMUSG00000037679	0.010757721960544586	0.0199444517493248	0.0008891871548257768	0.019453896209597588	-0.014422769658267498	0.006748825777322054	0.008280031383037567	0.20517465472221375	0.012245982885360718	0.016331326216459274	-0.01728418841958046	-0.022588729858398438	0.012428735382854939	0.015930667519569397	-0.03043457493185997	0.27466413378715515	0.017140865325927734	0.037094417959451675	0.0263680387288332	0.22531700134277344	-0.0066160839051008224	0.21936750411987305
ENSMUSG00000099951	-0.10803068429231644	-0.22050966322422028	-0.026485972106456757	-0.05192337557673454	-0.0328693650662899	-0.07932398468255997	0.025736751034855843	-0.1055631935596466	-0.04727441817522049	-0.22943781316280365	-0.01883648708462715	-0.014530365355312824	-0.013789267279207706	-0.02652907930314541	0.04801816865801811	-0.24066951870918274	-0.16050326824188232	-0.27358344197273254	0.2254774421453476	-0.6104251742362976	-0.00779779814183712	-0.41069161891937256
ENSMUSG00000103252	0.002359243808314204	0.03360135480761528	0.01621565967798233	-0.00022128837008494884	-0.00017997137911152095	0.003309236140921712	-0.0008396650664508343	-0.05789942666888237	0.0030831601470708847	0.049019794911146164	-0.010293804109096527	-0.00013860859326086938	-0.0018230564892292023	0.015054361894726753	-0.00999606866389513	-0.018316516652703285	0.004572471138089895	0.05129848048090935	-0.022418823093175888	-0.04369034245610237	-0.008047258481383324	-0.04353070259094238
ENSMUSG00000075140	-0.029555995017290115	-0.014451347291469574	0.004121343605220318	-0.0007720289868302643	0.0007999342051334679	-0.00576811982318759	-0.0076243458315730095	-0.042129743844270706	-0.005715413484722376	-0.004207288846373558	0.0018538552103564143	0.008687002584338188	0.003025334794074297	-0.01905529387295246	-0.006743267644196749	-0.1878344863653183	0.011477313004434109	-0.032023608684539795	-0.02816353738307953	-0.10134436935186386	-0.011637539602816105	-0.06546111404895782
ENSMUSG00000024137	0.012610115110874176	0.01600802130997181	0.0005700321635231376	0.0201481394469738	-0.016478631645441055	0.009175640530884266	0.007239708211272955	0.26068320870399475	0.01500781811773777	0.012160765007138252	-0.009458836168050766	-0.018286490812897682	0.010254749096930027	0.014098888263106346	-0.023068387061357498	0.32265007495880127	0.006270129233598709	0.06881716102361679	0.011817894876003265	0.36992546916007996	-0.008241802453994751	0.38953545689582825
ENSMUSG00000116885	0.007965304888784885	0.014245355501770973	-0.00023285538190975785	0.0043319170363247395	-0.0011098774848505855	-0.0006159775075502694	-0.008601910434663296	-0.056221965700387955	0.0006783423596061766	0.008649151772260666	-0.00021758077491540462	0.008911527693271637	0.0006009016651660204	0.01324520818889141	-0.003146703355014324	-0.04957493394613266	0.01218316238373518	-0.0053062401711940765	-0.03751007840037346	-0.17928209900856018	-0.006958226673305035	-0.09945640712976456
ENSMUSG00000094692	-0.029589317739009857	-0.030923424288630486	0.02232208102941513	-0.04455829784274101	0.01834646239876747	0.006289515644311905	-0.021552948281168938	-0.1751771867275238	-0.005412168335169554	-0.01576211303472519	0.003388091688975692	0.02690933644771576	-0.03157559409737587	0.005090603604912758	-0.023476004600524902	-0.2311878353357315	-0.032989028841257095	-0.029000451788306236	-0.034060895442962646	-0.13263598084449768	-0.00787758082151413	-0.03941445052623749
ENSMUSG00000032101	0.010544326156377792	0.02110244520008564	0.0052152047865092754	0.011266021989285946	-0.012049490585923195	0.008419259451329708	-0.004650263115763664	0.1555129885673523	0.014536015689373016	0.01580449752509594	-0.00649868743494153	-0.02084665559232235	0.004870271310210228	0.015478010289371014	-0.015803802758455276	0.2562718093395233	0.018632659688591957	0.03237771615386009	-0.01607075147330761	0.20106062293052673	-0.006849635858088732	0.26897290349006653
ENSMUSG00000085388	0.011747692711651325	0.027853257954120636	0.0029388919938355684	0.019023369997739792	-0.0008898236555978656	0.005627987440675497	0.0029342633206397295	0.05886464565992355	0.01597469486296177	0.02789304032921791	-0.025002162903547287	0.0009378737304359674	0.00035596732050180435	0.014996189624071121	-0.03118673712015152	0.05963614583015442	0.03168375790119171	0.039211347699165344	-0.0028244846034795046	0.03124806471168995	-0.0027356399223208427	0.04985351860523224
ENSMUSG00000114033	0.023368509486317635	0.03528836369514465	0.005291913170367479	0.02345995604991913	0.0018324080156162381	-0.0018500016303732991	-0.0036198825109750032	-0.06123797595500946	0.009402659721672535	0.04132640361785889	0.0004552554455585778	0.009590725414454937	0.0064963228069245815	0.004046157468110323	0.00766428466886282	-0.09709513932466507	0.014667055569589138	0.06894277781248093	-0.07364492863416672	-0.09287833422422409	-0.005596234928816557	-0.044351350516080856
ENSMUSG00000094789	-0.10803068429231644	-0.22050966322422028	-0.026485972106456757	-0.05192337557673454	-0.0328693650662899	-0.07932398468255997	0.025736751034855843	-0.1055631935596466	-0.04727441817522049	-0.22943781316280365	-0.01883648708462715	-0.014530365355312824	-0.013789267279207706	-0.02652907930314541	0.04801816865801811	-0.24066951870918274	-0.16050326824188232	-0.27358344197273254	0.2254774421453476	-0.6104251742362976	-0.00779779814183712	-0.41069161891937256
ENSMUSG00000046223	0.010352887213230133	0.02599266916513443	-0.002993797417730093	0.01844959706068039	-0.0188619215041399	0.007474175654351711	0.021750010550022125	0.1628689020872116	0.021634289994835854	0.018511710688471794	-0.016121676191687584	-0.01476280763745308	0.01787577010691166	0.01076920423656702	-0.03264051675796509	0.15543733537197113	0.008637395687401295	0.04572134464979172	0.08110837638378143	0.41363731026649475	0.012036441825330257	0.24720096588134766
ENSMUSG00000024561	0.010751800611615181	0.026566404849290848	0.0027063325978815556	0.015439940616488457	-0.010445467196404934	0.00246950751170516	0.006148593500256538	0.20817247033119202	0.013274302706122398	0.015275475569069386	-0.017328990623354912	-0.015974538400769234	0.007932036183774471	0.01648586429655552	-0.0259300135076046	0.25174781680107117	0.020362114533782005	0.05064984783530235	0.003975116182118654	0.18200697004795074	-0.007352626882493496	0.1595233976840973
ENSMUSG00000118334	0.007245365530252457	0.009040262550115585	-0.02260458655655384	0.004344202112406492	0.1344417929649353	-0.004342570900917053	-0.0653737336397171	-0.15574592351913452	-0.08826851844787598	0.009626932442188263	0.15613903105258942	-0.008929956704378128	0.06719455868005753	-0.005237166304141283	0.1865246742963791	-0.08019006997346878	-0.11270672082901001	-0.003241082653403282	0.05837707221508026	-0.05946482717990875	0.05000819265842438	-0.04632815346121788
ENSMUSG00000008730	0.009462732821702957	0.021594107151031494	-0.0008706487715244293	0.02227158285677433	-0.023588158190250397	0.006922660395503044	0.013657675124704838	0.23516063392162323	0.018559401854872704	0.013138730078935623	-0.015116588212549686	-0.030339686200022697	0.01381749752908945	0.014643240720033646	-0.024562640115618706	0.2882465124130249	0.010293608531355858	0.0641459971666336	0.03559969738125801	0.4103941321372986	-0.005485146772116423	0.3282729685306549
ENSMUSG00000034263	0.010892082005739212	0.02296481654047966	0.00019797276763711125	0.02792956680059433	-0.0271512009203434	0.006180372089147568	0.002729336963966489	0.23480720818042755	0.015029463917016983	0.013399484567344189	-0.017089994624257088	-0.019298743456602097	0.015260430984199047	0.015100662596523762	-0.019456855952739716	0.30885472893714905	0.012224259786307812	0.06355422735214233	0.057891253381967545	0.2914184629917145	-0.007523349020630121	0.37092384696006775
ENSMUSG00000022805	0.012383966706693172	0.03648236393928528	0.005344986449927092	0.020918453112244606	-0.013149287551641464	0.005459470674395561	0.007557190489023924	0.07556851953268051	0.01626499928534031	0.024647729471325874	-0.01868579164147377	-0.01714344322681427	0.007202761247754097	0.014551724307239056	-0.025505738332867622	0.1236962378025055	0.028406690806150436	0.047848235815763474	0.04290657863020897	0.21112342178821564	-0.001619288930669427	0.1389966607093811
ENSMUSG00000075382	-0.007431769743561745	-0.02051325887441635	-0.0009449420613236725	-0.04295467957854271	-0.0026313087437301874	-0.0016985803376883268	-0.009776412509381771	-0.09251940995454788	-0.0007121049566194415	0.028063401579856873	0.005819079931825399	0.012315749190747738	0.0031090162228792906	-4.127720239921473e-05	-0.00644109770655632	-0.12661725282669067	0.006842160597443581	0.004607899114489555	-0.03260020539164543	-0.21096424758434296	-0.00852084718644619	-0.05729091539978981
ENSMUSG00000060565	0.024187328293919563	0.04482251778244972	0.006192718166857958	0.02500694803893566	-0.005929965991526842	0.001629214151762426	-0.0031147345434874296	-0.08389326930046082	0.0132172591984272	0.07622341811656952	-0.007890098728239536	0.005541588179767132	0.004638631362468004	0.012638193555176258	-0.002406555926427245	0.0029889335855841637	0.026382343843579292	0.03676928952336311	-0.021395480260252953	-0.1134619489312172	-0.0033595666754990816	-0.0374421626329422
ENSMUSG00000025981	0.010561550967395306	0.01957336999475956	-0.0002460909599903971	0.017628315836191177	-0.025940433144569397	0.005077812820672989	0.008476454764604568	0.22585687041282654	0.01538087148219347	0.014680137857794762	-0.01129426620900631	-0.028376085683703423	0.012802098877727985	0.013886489905416965	-0.019457735121250153	0.31207379698753357	0.00896044448018074	0.06644421815872192	0.051868513226509094	0.3601759672164917	-0.006604693364351988	0.3715585470199585
ENSMUSG00000090338	0.009824410080909729	-0.009935078211128712	0.017817718908190727	-0.008957277052104473	-0.0004334867699071765	-0.004514348693192005	-0.004543141927570105	-0.0735393762588501	-0.005728346761316061	-0.02085033431649208	-0.006641453132033348	0.006475665606558323	0.00011205127520952374	0.0015167780220508575	-0.0011732160346582532	-0.05156492069363594	0.008586647920310497	0.011773407459259033	-0.046243395656347275	-0.11202436685562134	-0.009274786338210106	-0.09152555465698242
ENSMUSG00000027805	0.007221610751003027	0.013561021536588669	-0.003901842748746276	0.018952209502458572	-0.028747212141752243	-0.0030531520023941994	0.03794387727975845	0.21556419134140015	0.023315785452723503	0.00840776413679123	-0.005129573866724968	-0.03651956841349602	0.0019250373588874936	0.01222014706581831	-0.010421063750982285	0.27197152376174927	0.005772733129560947	0.05360843241214752	0.07690336555242538	0.25548744201660156	0.006178623531013727	0.31438177824020386
ENSMUSG00000045106	0.007521394640207291	0.022146999835968018	0.0022245640866458416	0.029409214854240417	-0.02242427133023739	0.0012229554122313857	-0.005074980203062296	0.1365739107131958	0.008597624488174915	0.017476189881563187	-0.011871086433529854	-0.009274816140532494	0.008419391699135303	0.015426211059093475	-0.011751784943044186	0.24762673676013947	0.015704387798905373	0.05558054894208908	0.032249171286821365	0.3388754725456238	-0.0055338721722364426	0.15460887551307678
ENSMUSG00000085645	0.027568409219384193	0.033285558223724365	0.005278671160340309	0.026046108454465866	-0.003930592443794012	-0.0029176673851907253	-0.007766790222376585	-0.045636557042598724	0.014254615642130375	0.04008205235004425	-0.011180315166711807	0.006751175969839096	0.003108625067397952	-0.00665406696498394	-0.0049671875312924385	-0.03885709121823311	0.034864556044340134	0.03848857432603836	-0.0002094788505928591	-0.058516159653663635	-0.0023588023614138365	-0.0574384480714798
ENSMUSG00000104069	0.012667195871472359	0.029152682051062584	0.008227896876633167	0.008224748075008392	-0.0045996601693332195	0.005601659417152405	-0.004643233492970467	-0.049349766224622726	0.0006275802734307945	0.02676517516374588	-0.013760054484009743	0.0013231867924332619	0.010732931084930897	0.014305667020380497	-0.006718961056321859	0.046765007078647614	0.0259401798248291	0.04046260938048363	0.05899539962410927	0.14973294734954834	-0.002695901319384575	0.007010521832853556
ENSMUSG00000105864	-0.015009197406470776	0.011961561627686024	-0.0019197497749701142	-0.007279891986399889	-0.00198018504306674	-0.0012333267368376255	-0.011079967021942139	-0.08123943954706192	-0.003359666559845209	0.03440307453274727	-0.00421160226687789	0.011925795115530491	-0.0009869147324934602	6.115690484875813e-05	-0.0005610510124824941	-0.015400835312902927	0.010570146143436432	-0.03253727778792381	-0.03949887678027153	-0.07952290028333664	-0.0079758046194911	-0.047068241983652115
ENSMUSG00000112366	0.0017767479876056314	-0.12190615385770798	-0.0029119085520505905	-0.12955120205879211	0.002202549483627081	0.04911162704229355	-0.007952523417770863	-0.1873662769794464	-0.0023445477709174156	-0.26006829738616943	0.0013714019441977143	-0.02943449094891548	0.008002977818250656	-0.09320050477981567	0.017623409628868103	-0.15273617208003998	0.008010178804397583	-0.2113330215215683	-0.03449670225381851	-0.7314515113830566	-0.007931687869131565	-0.47421976923942566
ENSMUSG00000117652	0.012598869390785694	0.040998250246047974	0.0001329058432020247	0.018570266664028168	-0.00012416261597536504	-0.0010729213245213032	-0.0063966684974730015	-0.06338734179735184	0.004295860417187214	0.02585841901600361	0.0006441370933316648	0.007028288673609495	-0.0002537147083785385	-0.0017344409134238958	-0.002736726077273488	-0.06041858717799187	0.011650573462247849	-0.05777161195874214	-0.06702179461717606	-0.19480304419994354	-0.007418621331453323	-0.10546599328517914
ENSMUSG00000116628	0.017472246661782265	0.01178072765469551	-0.00040804193122312427	0.0225199144333601	-0.011783232912421227	0.001368942903354764	0.0020868955180048943	0.000735714565962553	0.018743492662906647	0.03363800793886185	-0.033162444829940796	-0.011351224966347218	0.017376502975821495	0.013263728469610214	-0.027655048295855522	0.056570280343294144	0.031186705455183983	0.04583142325282097	0.1265319585800171	0.18313707411289215	0.012468789704144001	0.019427891820669174
ENSMUSG00000031665	0.0028896706644445658	0.018323734402656555	-0.012390902265906334	0.023643018677830696	-0.016618171706795692	0.007633764296770096	0.07528424263000488	0.2147323489189148	0.029268791899085045	0.00923554040491581	-0.005315848626196384	-0.01293134968727827	0.03225216642022133	0.00578563567250967	-0.041626691818237305	0.1723618060350418	-0.019884934648871422	0.06623364239931107	0.08577274531126022	0.6132531762123108	0.03938179463148117	0.2904122471809387
ENSMUSG00000022054	-0.004192318767309189	-0.004165539983659983	-0.0012342812260612845	-0.010971839539706707	0.008735558949410915	-0.0072265565395355225	0.03236382082104683	0.12748552858829498	-0.015318533405661583	0.008354351855814457	0.0008722814382053912	-0.010763932019472122	0.005802054889500141	0.007510683499276638	-0.011902234517037868	0.10254313796758652	0.009279116988182068	-0.006256197113543749	0.013130941428244114	0.16011901199817657	-0.0004022556822746992	0.15724137425422668
ENSMUSG00000106948	0.002103320322930813	0.02439550682902336	0.0029593557119369507	-0.011421287432312965	-0.007395083084702492	-0.002949237124994397	-0.010657969862222672	-0.10426592081785202	-0.0018003019504249096	0.05183842033147812	-0.007503797300159931	0.01063582580536604	-0.0014791986905038357	0.0010779633885249496	-0.002381213940680027	-0.07327631115913391	0.048802461475133896	0.05037783458828926	-0.044689103960990906	-0.09882413595914841	-0.010025378316640854	-0.09093061089515686
ENSMUSG00000120118	0.0007477805484086275	0.010750033892691135	-0.0062034521251916885	0.02226644568145275	-0.013653567060828209	0.007086881436407566	0.04478013888001442	0.17888496816158295	0.00927329994738102	0.0070815254002809525	-0.0020366618409752846	-0.012085632421076298	0.048467036336660385	0.0035827183164656162	-0.04502908140420914	0.226323202252388	-0.024652762338519096	0.06703678518533707	0.0935608446598053	0.5037469267845154	0.03807021304965019	0.16640783846378326
ENSMUSG00000046337	0.010835825465619564	0.023812217637896538	0.0029369217809289694	0.022494155913591385	-0.01792045682668686	0.006034580059349537	0.008368580602109432	0.1621219515800476	0.017515283077955246	0.014766260050237179	-0.014746703207492828	-0.021306240931153297	0.01121667493134737	0.014952348545193672	-0.02994721569120884	0.24460096657276154	0.016047513112425804	0.055324506014585495	0.02432582899928093	0.3525679111480713	-0.00603062566369772	0.23755978047847748
ENSMUSG00000094080	0.004880120046436787	0.004870368633419275	0.0020403950475156307	-0.00419935118407011	-0.0012130867689847946	-0.0012228108244016767	-0.008083069697022438	-0.06663012504577637	-0.0053422474302351475	0.061537209898233414	0.0014031694736331701	0.008742880076169968	0.0035804039798676968	0.00989153515547514	-0.004204400349408388	-0.08226710557937622	0.021728359162807465	0.027729937806725502	-0.035565201193094254	-0.14248687028884888	-0.006766033824533224	-0.07016545534133911
ENSMUSG00000109961	0.024786973372101784	0.04113534465432167	0.00990053080022335	0.026009175926446915	-0.004311420489102602	-0.0020212074741721153	-0.0026236730627715588	-0.06201954185962677	0.007771221920847893	0.037135813385248184	-0.010094535537064075	0.003461176995187998	-0.00025145855033770204	0.012162731029093266	-0.004178904928267002	0.010255049914121628	0.031311601400375366	0.018618740141391754	-0.013218294829130173	-0.03223026171326637	-0.006955781951546669	-0.13546299934387207
ENSMUSG00000101564	0.008777296170592308	0.0173077080398798	-0.005132929887622595	-0.01278514601290226	0.006012203171849251	3.451771772233769e-05	-0.013079842552542686	-0.09380199760198593	-0.004834895022213459	0.017037952318787575	0.0026334410067647696	0.017669253051280975	-0.004502500407397747	-0.0015580379404127598	-0.002890603616833687	-0.010147267952561378	0.010266288183629513	0.015166920609772205	-0.047856297343969345	-0.10417189449071884	-0.008434237912297249	-0.08007297664880753
ENSMUSG00000008461	0.017080048099160194	0.04044312983751297	0.006769993342459202	0.010995374992489815	-0.006868184078484774	0.00028855432174168527	-0.008907523937523365	0.06336870789527893	0.021754605695605278	0.03549697995185852	-0.011893264017999172	0.00027632564888335764	-0.0018503405153751373	0.018602019175887108	-0.011598558165133	0.07692275196313858	0.034190598875284195	0.02580113150179386	0.02589930035173893	0.24522027373313904	-0.001060321694239974	0.07762230187654495
ENSMUSG00000044148	0.002137165516614914	0.01395023800432682	0.0009306929423473775	0.018156258389353752	0.008679039776325226	0.000981592107564211	-0.011866394430398941	0.2379167228937149	-0.006704077124595642	0.008330031298100948	0.0011932578636333346	-0.0013199618551880121	0.0014481146354228258	0.011097278445959091	-0.005550708156079054	0.3290989398956299	0.011751051060855389	0.03113681823015213	0.04023902863264084	0.4457375407218933	-0.008270998485386372	0.28074368834495544
ENSMUSG00000059434	0.02264714427292347	0.02655528113245964	0.011710740625858307	0.0036393969785422087	-0.006383140571415424	-0.0031588312704116106	-0.0035370271652936935	-0.04697215557098389	0.007808664347976446	0.04363270103931427	-0.009530799463391304	0.011481452733278275	0.004511892329901457	0.011191170662641525	0.0036896332167088985	-0.07719674706459045	0.039589814841747284	0.03869640454649925	-0.00428727176040411	-0.032027292996644974	-0.009579150937497616	-0.05555292218923569
ENSMUSG00000045822	0.010355326347053051	0.025300687178969383	-0.0032006679102778435	0.019336864352226257	-0.023774076253175735	0.003955879248678684	0.013881529681384563	0.2551910877227783	0.018613163381814957	0.013187097385525703	-0.014652916230261326	-0.023932846263051033	0.012292393483221531	0.012836157344281673	-0.019492728635668755	0.3009996712207794	0.009822182357311249	0.06637801975011826	0.06762199103832245	0.32339558005332947	-0.00410774489864707	0.36604470014572144
ENSMUSG00000102885	0.028439929708838463	0.012890848331153393	0.009013727307319641	0.015484347008168697	-0.0025800818111747503	0.004228584002703428	-0.006017210893332958	-0.05534840002655983	0.011335792951285839	0.009979809634387493	0.0003356971137691289	0.008749373257160187	0.0007326740887947381	0.009777241386473179	-0.008375057950615883	-0.012683192268013954	0.025405485183000565	0.04418499767780304	-0.027414901182055473	-0.1348549723625183	-0.007878650911152363	-0.057826150208711624
ENSMUSG00000121361	0.009828987531363964	-0.01987394131720066	0.0012534139677882195	0.004039783962070942	-0.004126737825572491	-0.005751864518970251	-0.006597619503736496	-0.048988137394189835	-0.004309635143727064	0.017857039347290993	-0.0006412607617676258	0.010018860921263695	0.0018979592714458704	0.007447488140314817	0.0015522305620834231	-0.16945497691631317	0.02198324166238308	0.020328138023614883	-0.023573843762278557	-0.04103025048971176	-0.01271082554012537	-0.028370244428515434
ENSMUSG00000071528	0.007844021543860435	0.02304501086473465	-0.0042614503763616085	0.022431442514061928	-0.023629242554306984	0.011029795743525028	0.013873595744371414	0.2883560061454773	0.022268356755375862	0.015390784479677677	-0.002616296522319317	-0.028806615620851517	-0.00508528295904398	0.010717936791479588	-0.018972307443618774	0.30121347308158875	0.0031227758154273033	0.07555413991212845	0.07122555375099182	0.38293173909187317	-0.0056426143273711205	0.3396555781364441
ENSMUSG00000087074	0.02481321059167385	0.025757169350981712	0.007587392348796129	-0.0037347590550780296	-0.003413178026676178	-0.00196173251606524	-0.00298427720554173	-0.09131233394145966	0.0027158281300216913	0.006348234601318836	-0.0037263380363583565	0.005134770646691322	0.0042197369039058685	0.002411722205579281	0.0009555756114423275	-0.04138519614934921	0.02844366244971752	0.0007824575295671821	-0.04531269520521164	-0.1435476839542389	-0.007264421787112951	-0.08517657965421677
ENSMUSG00000056427	0.011344763450324535	0.01660681515932083	0.0054964423179626465	0.011237693019211292	-0.017331985756754875	0.004615904297679663	0.004302862100303173	0.19593267142772675	0.014015271328389645	0.0176943801343441	-0.017634989693760872	-0.03080955520272255	0.004273006692528725	0.019627446308732033	-0.02689482271671295	0.22475244104862213	0.023696448653936386	0.06012933328747749	0.00537443719804287	0.09172667562961578	-0.007300345692783594	0.13810822367668152
ENSMUSG00000050148	-0.0008728746324777603	0.0008666319190524518	3.263302278355695e-05	0.010578385554254055	0.015141562558710575	-0.001472929143346846	0.08526802808046341	0.2724071145057678	-0.019048728048801422	0.006998263765126467	-0.035031288862228394	-0.03613819181919098	0.03466792404651642	0.010515205562114716	-0.006409027613699436	0.318873792886734	0.014158709906041622	0.04547785222530365	0.07429543882608414	0.3888852298259735	0.012749915942549706	0.3011917769908905
ENSMUSG00000026185	0.011463568545877934	0.014294687658548355	0.0021694607567042112	0.015880316495895386	-0.011430511251091957	0.0035419922787696123	0.016024067997932434	0.0686296597123146	0.019333437085151672	0.027634963393211365	-0.020010830834507942	-0.0017342865467071533	0.0053521315567195415	0.014911617152392864	-0.033303070813417435	0.07286924123764038	0.027144484221935272	0.04406370595097542	0.038318634033203125	0.16729135811328888	0.009539876133203506	0.04002214968204498
ENSMUSG00000107379	0.02288208156824112	0.05245567858219147	1.2651900760829449e-05	0.015457874163985252	0.005730674136430025	-0.0016809027874842286	-0.009392539039254189	-0.07717060297727585	0.01122784148901701	0.01606138050556183	-0.005555838346481323	0.007028845604509115	0.007065910845994949	-0.00609708484262228	0.002269377000629902	-0.023759111762046814	0.022577565163373947	0.04751807078719139	-0.011817505583167076	0.05076880380511284	-0.0056860726326704025	-0.06211010366678238
ENSMUSG00000108984	-0.01511447411030531	0.04174443706870079	0.010416272096335888	0.012894080951809883	-0.012823129072785378	0.0056140124797821045	-0.006634024903178215	-0.06641865521669388	0.00760804396122694	0.03935616835951805	-0.011736320331692696	0.004475633148103952	0.012547704391181469	0.00880806427448988	-0.0013119961367920041	0.009925858117640018	0.02520189993083477	0.03502514213323593	0.027533836662769318	-0.03730607032775879	-0.00562145235016942	0.022174537181854248
ENSMUSG00000052372	-0.011565988883376122	-0.0368645153939724	-0.0034957556053996086	-0.0037346058525145054	0.007508361246436834	-0.015937235206365585	-0.017020249739289284	-0.0645660012960434	-0.02979201264679432	-0.0007565864361822605	0.008385767228901386	0.0009162755450233817	-0.014745061285793781	-0.003843459999188781	0.011636912822723389	0.0122426962479949	-0.00012789349420927465	-0.06150969862937927	-0.025422293692827225	0.0750407874584198	-0.01792006567120552	-0.132690891623497
ENSMUSG00000031491	0.019945666193962097	0.020970499143004417	0.013098057359457016	0.011481009423732758	-0.00408185413107276	0.0022141814697533846	-0.004018519073724747	-0.06721809506416321	0.012767072767019272	0.027729615569114685	-0.01144975982606411	0.008206373080611229	0.0006987779051996768	0.01129276491701603	-0.008264596574008465	0.0022312351502478123	0.030145807191729546	0.04574728012084961	-0.02411673218011856	-0.12574037909507751	-0.006188713945448399	-0.056999582797288895
ENSMUSG00000032648	0.020839078351855278	0.025562221184372902	0.010232076980173588	0.01209404319524765	-0.008193159475922585	0.0026794946752488613	0.0037887664511799812	-0.02979305200278759	0.014946479350328445	0.03717091307044029	-0.014569300226867199	-0.0028690872713923454	-0.00042067584581673145	0.015169731341302395	-0.019689412787556648	0.04712452366948128	0.0390886552631855	0.04180344566702843	0.05618090182542801	0.058613311499357224	0.004147189203649759	-0.025531785562634468
ENSMUSG00000062132	0.009427870623767376	0.026558902114629745	0.005137058440595865	0.01718902215361595	-0.006072537507861853	0.008638621307909489	0.011966618709266186	0.12031439691781998	0.016452087089419365	0.01570797525346279	-0.010075998492538929	-0.018982548266649246	0.006234682165086269	0.016753479838371277	-0.012118600308895111	0.24573524296283722	0.020475922152400017	0.04978523775935173	0.017926132306456566	0.3089083433151245	-0.005076304078102112	0.16713613271713257
ENSMUSG00000014503	0.011382666416466236	0.010412327945232391	0.0037908342201262712	0.016166970133781433	-0.0168117955327034	0.0077633983455598354	-0.0021787083242088556	0.14391176402568817	0.013687362894415855	0.019249582663178444	-0.014935242012143135	-0.022020941600203514	0.007606533821672201	0.01565258763730526	-0.01889324188232422	0.2701321542263031	0.021755842491984367	0.03436066955327988	0.020373251289129257	0.12741850316524506	-0.0064463852904737	0.1852586716413498
ENSMUSG00000023505	0.00688586849719286	0.014868021942675114	-0.01311588380485773	0.02467426471412182	-0.021008474752306938	0.004683999344706535	0.042488228529691696	0.2736559212207794	0.026824140921235085	0.010250427760183811	-0.009167369455099106	-0.022009069100022316	0.01201147586107254	0.006197954993695021	-0.0060488260351121426	0.27934399247169495	-0.019542129710316658	0.05784328281879425	0.07140027731657028	0.47439044713974	0.007788175251334906	0.4631549119949341
ENSMUSG00000114895	-0.10803068429231644	-0.22050966322422028	-0.026485972106456757	-0.05192337557673454	-0.0328693650662899	-0.07932398468255997	0.025736751034855843	-0.1055631935596466	-0.04727441817522049	-0.22943781316280365	-0.01883648708462715	-0.014530365355312824	-0.013789267279207706	-0.02652907930314541	0.04801816865801811	-0.24066951870918274	-0.16050326824188232	-0.27358344197273254	0.2254774421453476	-0.6104251742362976	-0.00779779814183712	-0.41069161891937256
ENSMUSG00000032030	0.014953460544347763	0.022407954558730125	0.003058341331779957	0.007639757357537746	-0.00832825992256403	0.0020508833695203066	0.021846462041139603	0.03320639953017235	0.017028233036398888	0.040849775075912476	-0.010437030345201492	-0.0003756357473321259	0.0124141164124012	0.011845147237181664	-0.01637006178498268	-0.03700339421629906	0.018770046532154083	0.01646096259355545	0.09382250905036926	0.40670472383499146	0.014980966225266457	0.07561102509498596
ENSMUSG00000005150	0.007265739608556032	0.023485546931624413	0.0018996958388015628	0.02670229971408844	-0.02024751715362072	0.010180656798183918	0.0065598939545452595	0.21278461813926697	0.020946713164448738	0.013518712483346462	-0.005134265869855881	-0.013733957894146442	0.010045239701867104	0.011662820354104042	0.002432942623272538	0.1430668979883194	0.007556647527962923	0.048583853989839554	0.11560171842575073	0.39675506949424744	0.011223385110497475	0.35048678517341614
ENSMUSG00000056220	0.005652686581015587	0.013349524699151516	0.0011789435520768166	0.003998600412160158	-0.005096717271953821	0.005508380010724068	-0.014216218143701553	-0.02068638801574707	-0.0004142505640629679	0.006034148391336203	-0.0019291068892925978	-0.007558486890047789	-0.0010964169632643461	0.014506540261209011	-0.007406879216432571	0.04227637127041817	0.01173104252666235	0.007995272055268288	-0.018325896933674812	0.1082681342959404	-0.006104657426476479	0.02427840232849121
ENSMUSG00000024681	0.013228015974164009	-0.02512524276971817	-0.0031268203165382147	0.01612987369298935	0.0012857697438448668	-0.001451938645914197	-0.004775942303240299	-0.07143545895814896	-0.003790332702919841	0.03368980810046196	0.004829529672861099	0.01146269403398037	-0.0010952235898002982	-0.002066476736217737	0.0007360559538938105	-0.09842130541801453	0.007892565801739693	0.005387407727539539	-0.04451031982898712	-0.21922390162944794	-0.006193733774125576	-0.11522098630666733
ENSMUSG00000101909	-0.012339369393885136	0.015014035627245903	-0.0017008529976010323	-0.0039051296189427376	0.11996021866798401	0.007019327953457832	-0.017861507833003998	-0.09009838849306107	-0.050846196711063385	0.015249412506818771	0.07240185141563416	0.00019928366236854345	0.012020299211144447	-0.0012180446647107601	0.15953092277050018	-0.014598441310226917	-0.04061838239431381	0.043277546763420105	0.2970084547996521	-0.07343175262212753	0.07154920697212219	-0.05128655955195427
ENSMUSG00000103898	0.008634966798126698	0.016288811340928078	0.0029262222815304995	0.025751778855919838	-0.025720981881022453	0.0067985039204359055	0.006207787431776524	0.2007341831922531	0.01804465614259243	0.015593531541526318	-0.025432683527469635	-0.016352595761418343	-0.00826574768871069	0.018896587193012238	-0.013017484918236732	0.285327285528183	0.004173101391643286	0.06963371485471725	0.0665547251701355	0.25395670533180237	-0.007439163979142904	0.23697912693023682
ENSMUSG00000004069	0.010889231227338314	0.025068674236536026	-0.004599371924996376	0.025164641439914703	-0.02043703943490982	0.010452729649841785	0.008533144369721413	0.26879629492759705	0.022619331255555153	0.011063474230468273	-0.008404846303164959	-0.006300194188952446	0.02294520102441311	0.008450610563158989	-0.0276152603328228	0.2873762845993042	-0.0052323173731565475	0.055557865649461746	0.0445355661213398	0.49583899974823	-0.003893690649420023	0.35142144560813904
ENSMUSG00000025142	-0.10803068429231644	-0.22050966322422028	-0.026485972106456757	-0.05192337557673454	-0.0328693650662899	-0.07932398468255997	0.025736751034855843	-0.1055631935596466	-0.04727441817522049	-0.22943781316280365	-0.01883648708462715	-0.014530365355312824	-0.013789267279207706	-0.02652907930314541	0.04801816865801811	-0.24066951870918274	-0.16050326824188232	-0.27358344197273254	0.2254774421453476	-0.6104251742362976	-0.00779779814183712	-0.41069161891937256
