	SET1A mean gb	SET1A mean promoter	ZC3H4 mean gb	ZC3H4 mean promoter	H3K4me3 mean gb	H3K4me3 mean promoter
ENSMUSG00000059371	0.008872869424521923	-0.13295075297355652	-0.12701524794101715	-0.2496129274368286	0.0029205591417849064	-0.2764021158218384
ENSMUSG00000082799	-0.06282311677932739	-1.0762951374053955	0.2065160572528839	-0.9183188676834106	-0.15367747843265533	-0.33692947030067444
ENSMUSG00000067206	-0.003356137778609991	-0.0937853455543518	-0.1428084820508957	-0.07384831458330154	0.014037346467375755	-0.18870796263217926
ENSMUSG00000107240	0.0015595087315887213	0.1318485289812088	-0.033546850085258484	0.046698037534952164	0.029663778841495514	0.2562190592288971
ENSMUSG00000069170	0.005823012441396713	0.28674304485321045	-0.0924365222454071	0.0442347377538681	0.031895533204078674	0.29573890566825867
ENSMUSG00000032327	0.004302137065678835	-0.06354663521051407	-0.0853673443198204	0.008042072877287865	0.027378879487514496	0.05265303701162338
ENSMUSG00000022116	0.0608021505177021	-0.17706939578056335	0.17516456544399261	-0.22346916794776917	-0.06902232766151428	-0.08175593614578247
ENSMUSG00000095632	0.024080490693449974	-0.104557104408741	-0.11033612489700317	-0.05577965825796127	0.033944226801395416	-0.20495492219924927
ENSMUSG00000015314	0.005371985491365194	-0.1635950654745102	-0.11592888832092285	-0.26004037261009216	0.027356140315532684	-0.23318849503993988
ENSMUSG00000110929	-0.05744899436831474	-0.7834281921386719	-0.06327009946107864	-1.214942455291748	0.043918177485466	-0.2595655918121338
ENSMUSG00000058297	-0.004878577776253223	0.066911481320858	-0.003806803608313203	0.18421082198619843	-0.005576631985604763	0.18597011268138885
ENSMUSG00000037801	0.010056023485958576	0.42733821272850037	-0.09406644850969315	0.2496909648180008	0.02775590680539608	0.3501819968223572
ENSMUSG00000053961	-0.018508924171328545	-0.20636127889156342	-0.1090899109840393	-0.3189765214920044	0.003899787086993456	-0.2566864788532257
ENSMUSG00000034066	-0.0007287348271347582	0.27499592304229736	-0.00028575077885761857	0.26404210925102234	0.024868179112672806	0.2618601620197296
ENSMUSG00000056487	0.00927940383553505	-0.1276399940252304	-0.12038516998291016	-0.22128179669380188	0.037492066621780396	0.007034311071038246
ENSMUSG00000008855	-0.013205286115407944	0.37619781494140625	-0.02168409526348114	0.24236150085926056	-0.0023429235443472862	0.2901468575000763
ENSMUSG00000115576	0.01715012826025486	-0.13422338664531708	-0.1096547320485115	-0.25552859902381897	0.017404265701770782	-0.32282108068466187
ENSMUSG00000054069	0.03349858522415161	-0.15286822617053986	0.08074558526277542	-0.28946447372436523	-0.002609053859487176	-0.23893234133720398
ENSMUSG00000121316	-0.021859213709831238	-0.16334499418735504	-0.0993557944893837	-0.4196491539478302	-0.009618371725082397	-0.2777050733566284
ENSMUSG00000020076	-0.007808953057974577	0.45164936780929565	0.014182040467858315	0.429668128490448	0.02093878574669361	0.36780020594596863
ENSMUSG00000121665	-0.030573131516575813	-0.24827587604522705	-0.0882730484008789	-0.3009321689605713	-0.03773214668035507	-0.2519644796848297
ENSMUSG00000038148	-0.011456672102212906	-0.19079290330410004	-0.10359218716621399	-0.23049822449684143	0.005828885827213526	-0.20842799544334412
ENSMUSG00000021461	-0.010892733000218868	0.46714070439338684	0.02698495425283909	0.6458914279937744	0.012918800115585327	0.36579230427742004
ENSMUSG00000113136	0.02061532437801361	-0.12245280295610428	-0.06084407866001129	-0.2247631996870041	0.003336989553645253	-0.23385116457939148
ENSMUSG00000072582	-0.005177312530577183	0.4919334352016449	0.10186716169118881	0.5074336528778076	0.005400512367486954	0.37327679991722107
ENSMUSG00000039967	-0.01228424534201622	0.3964008092880249	0.061105288565158844	0.6345316767692566	0.012928507290780544	0.3391457796096802
ENSMUSG00000075572	0.002196211600676179	-0.13933530449867249	-0.1452130675315857	-0.15791483223438263	0.01164651196449995	-0.22912725806236267
ENSMUSG00000022553	-0.017881784588098526	0.4914211630821228	0.06246120110154152	0.3302461504936218	0.013547070324420929	0.3809037506580353
ENSMUSG00000044726	0.013019292615354061	-0.0715818777680397	-0.09170076251029968	-0.07106596231460571	0.02297128178179264	0.09366901218891144
ENSMUSG00000037461	-0.00785303208976984	0.5158666372299194	0.057448018342256546	0.5265539288520813	0.01636720821261406	0.38420504331588745
ENSMUSG00000024164	0.00013623468112200499	-0.139267697930336	-0.12565931677818298	-0.21357844769954681	0.03882133588194847	-0.2101178765296936
ENSMUSG00000049799	0.016609925776720047	-0.09099776297807693	-0.052418023347854614	-0.04353361949324608	0.02261081151664257	-0.2183520346879959
ENSMUSG00000086638	-0.009440070018172264	0.38071200251579285	0.09026269614696503	0.5086542963981628	0.0052583832293748856	0.3086259365081787
ENSMUSG00000074259	0.0077649326995015144	0.012582140974700451	-0.08007004857063293	-0.009488038718700409	0.023721899837255478	-0.09527245163917542
ENSMUSG00000049300	-0.005519865546375513	0.35126057267189026	0.1076127365231514	0.33851268887519836	-0.035752665251493454	0.27046260237693787
ENSMUSG00000049565	0.004786050412803888	-0.11018889397382736	-0.11936178803443909	-0.2200053632259369	0.03323566913604736	-0.20375634729862213
ENSMUSG00000110079	0.008292810060083866	-0.10148259997367859	-0.08786650002002716	-0.17741593718528748	0.03454659879207611	-0.17930753529071808
ENSMUSG00000106086	0.029565241187810898	0.17567571997642517	0.13717591762542725	0.25491490960121155	-0.07099676132202148	0.24853424727916718
ENSMUSG00000105068	0.013733673840761185	-0.05529484897851944	-0.12284456938505173	0.23202760517597198	0.01399749144911766	-0.007308427710086107
ENSMUSG00000098078	0.045635174959897995	-0.14738081395626068	0.15646810829639435	0.1624605506658554	-0.12503352761268616	-0.21923719346523285
ENSMUSG00000087162	0.005153043661266565	-0.12645699083805084	-0.1382295787334442	-0.17062097787857056	0.02019529789686203	-0.21384356915950775
ENSMUSG00000107689	0.01439706888049841	-0.06901777535676956	0.09732048213481903	0.15609154105186462	0.033205267041921616	-0.04871442914009094
ENSMUSG00000022041	0.0032202349975705147	-0.17269045114517212	-0.13852828741073608	-0.2100733518600464	0.03512844815850258	-0.18679003417491913
ENSMUSG00000028557	-0.008039422333240509	0.266364723443985	0.002891634125262499	0.23327870666980743	0.014882529154419899	0.2452358454465866
ENSMUSG00000051435	0.003087961580604315	0.006638867314904928	-0.04601171612739563	0.24958591163158417	0.023483531549572945	0.07619965821504593
ENSMUSG00000021416	0.008540384471416473	0.0023271029349416494	-0.07781713455915451	-0.02728560008108616	0.034234125167131424	0.05573093891143799
ENSMUSG00000044627	-0.010191543027758598	0.41486144065856934	0.08888285607099533	0.45891064405441284	0.0029794261790812016	0.3669140338897705
ENSMUSG00000117489	0.02965516410768032	-0.1270149201154709	0.025905245915055275	-0.1497780680656433	-0.001692044548690319	-0.16357147693634033
ENSMUSG00000032393	-0.003998821601271629	0.5038284659385681	0.02318332903087139	0.31365451216697693	0.02944171614944935	0.3418988883495331
ENSMUSG00000043087	0.008574847131967545	-0.10038763284683228	-0.13970647752285004	-0.19273486733436584	0.013075615279376507	-0.22425870597362518
ENSMUSG00000071054	-0.010321971029043198	0.49168241024017334	0.08041418343782425	0.5025445818901062	0.0025419590529054403	0.3914242684841156
ENSMUSG00000078963	0.017705604434013367	-0.020332980901002884	0.024019181728363037	-0.05040152370929718	0.0030753801111131907	-0.18959809839725494
ENSMUSG00000038598	0.008550540544092655	-0.12070820480585098	-0.10074514150619507	-0.3557051122188568	0.03571072220802307	-0.24802187085151672
ENSMUSG00000116993	-0.014253001660108566	-0.1427808254957199	-0.12554684281349182	-0.22073514759540558	0.0002488456084392965	-0.25877296924591064
ENSMUSG00000045174	0.013614504598081112	0.12527771294116974	-0.11041140556335449	0.05533697456121445	0.03161470964550972	0.2178092747926712
ENSMUSG00000027615	-0.004274601116776466	0.236660435795784	0.04777361825108528	0.3992558717727661	0.017207540571689606	0.23397907614707947
ENSMUSG00000026192	-0.007489243522286415	0.41430652141571045	0.09045165032148361	0.5432469248771667	0.008193189278244972	0.3070649206638336
ENSMUSG00000038252	-0.01203406322747469	0.4809117615222931	0.0784696564078331	0.6119338870048523	0.008168943226337433	0.3983220160007477
ENSMUSG00000090385	-0.06282311677932739	-1.0762951374053955	0.2065160572528839	-0.9183188676834106	-0.15367747843265533	-0.33692947030067444
ENSMUSG00000028293	-0.006007388234138489	0.3745274841785431	0.04055542126297951	0.23612865805625916	0.02480200305581093	0.32886478304862976
ENSMUSG00000105891	-0.0007840334437787533	-0.1055242046713829	-0.12710972130298615	-0.15785425901412964	0.03574670851230621	-0.19720730185508728
ENSMUSG00000084846	-0.0009314732160419226	-0.02738398313522339	0.01590723544359207	0.08311066776514053	0.021118802949786186	-0.2078009992837906
ENSMUSG00000115084	0.01577335223555565	-0.16834808886051178	-0.02921089343726635	-0.15182411670684814	0.04309689626097679	-0.09178723394870758
ENSMUSG00000105900	0.01563980057835579	-0.10094796121120453	-0.11685130000114441	-0.14822246134281158	0.024557946249842644	-0.18057416379451752
ENSMUSG00000112977	-0.004730000160634518	-0.13013964891433716	-0.040429964661598206	-0.10389180481433868	0.04386012628674507	-0.15262752771377563
ENSMUSG00000031601	0.07980185747146606	-0.11371967941522598	0.1370314657688141	-0.055080194026231766	-0.061830367892980576	-0.13574083149433136
ENSMUSG00000054885	0.008685938082635403	0.08103527128696442	-0.10716351866722107	-0.0009691786835901439	0.031245147809386253	0.1549793779850006
ENSMUSG00000063052	-0.004520760849118233	0.4017905294895172	0.035107649862766266	0.443933367729187	0.019077075645327568	0.38852015137672424
ENSMUSG00000120908	0.035078685730695724	-0.05966588482260704	-0.051855072379112244	-0.13799497485160828	0.035209305584430695	-0.21876496076583862
ENSMUSG00000025223	0.02039548009634018	0.39192426204681396	0.12068849802017212	0.5382272005081177	-0.019159412011504173	0.328658789396286
ENSMUSG00000036578	0.004418139345943928	-0.051450327038764954	-0.10274675488471985	-0.1188805028796196	0.02450575679540634	0.046627845615148544
ENSMUSG00000109341	-0.01690986566245556	-0.19484125077724457	-0.12576335668563843	-0.18579192459583282	0.02292979508638382	-0.27641355991363525
ENSMUSG00000121488	0.017751023173332214	-0.10859647393226624	-0.07649359107017517	-0.29336124658584595	0.014944340102374554	-0.23491442203521729
ENSMUSG00000053436	-0.011177399195730686	0.4884859025478363	0.04356413707137108	0.457025945186615	0.006326368544250727	0.3879795968532562
ENSMUSG00000120844	0.017555557191371918	0.5364804267883301	0.148048996925354	0.5485824346542358	-0.0026286658830940723	0.33331534266471863
ENSMUSG00000026433	-0.0025132661685347557	0.13676950335502625	0.04652304947376251	0.4391813576221466	0.015397391282022	0.18420156836509705
ENSMUSG00000020804	0.023536043241620064	-0.13987217843532562	-0.056861113756895065	-0.20866653323173523	-0.012329747900366783	-0.17357587814331055
ENSMUSG00000051403	-0.012789629399776459	0.5052129626274109	-0.0815066546201706	0.14276495575904846	-0.0003758606326300651	0.16958801448345184
ENSMUSG00000022462	0.005906541831791401	0.48447108268737793	0.10040801763534546	0.6861824989318848	0.006813216023147106	0.3475054204463959
ENSMUSG00000078513	-0.006384502165019512	-0.12021567672491074	-0.13135682046413422	-0.19963721930980682	-0.0023842162918299437	-0.28047576546669006
ENSMUSG00000011349	0.004084289073944092	0.15481698513031006	-0.07547327876091003	0.1525767743587494	0.03088994324207306	-0.05075310543179512
ENSMUSG00000024941	-0.005685141310095787	0.3374742567539215	-0.04183245822787285	0.14455656707286835	0.018077345564961433	0.23962774872779846
ENSMUSG00000053289	0.007913993671536446	0.3938322365283966	-0.07960318773984909	0.380423903465271	0.025921856984496117	0.3516080975532532
ENSMUSG00000089707	0.01071330439299345	-0.11379450559616089	-0.024359390139579773	-0.12957683205604553	0.042526841163635254	-0.12825636565685272
ENSMUSG00000028607	0.006441434845328331	0.19595588743686676	-0.017984740436077118	0.19458666443824768	0.026894450187683105	0.26555317640304565
ENSMUSG00000019978	-0.00741743016988039	0.2970954179763794	0.08582847565412521	0.29179009795188904	0.005837070755660534	0.2761232852935791
ENSMUSG00000097218	0.004043897148221731	-0.08853410929441452	-0.11478863656520844	-0.07959767431020737	0.017047308385372162	-0.24364909529685974
ENSMUSG00000060475	-0.06282311677932739	-1.0762951374053955	0.2065160572528839	-0.9183188676834106	-0.15367747843265533	-0.33692947030067444
ENSMUSG00000072683	0.015600982122123241	-0.09563107788562775	0.07501786947250366	0.07881443202495575	0.030015921220183372	-0.02256815880537033
ENSMUSG00000121176	0.013731774874031544	-0.07652179896831512	0.09667842835187912	0.20456582307815552	-0.004034228157252073	-0.015826458111405373
ENSMUSG00000044345	0.001212397706694901	0.18405991792678833	0.07950843125581741	0.24912233650684357	-0.02844463847577572	0.21488679945468903
ENSMUSG00000115062	0.025267796590924263	-0.0920984148979187	0.05530141294002533	-0.06617537140846252	0.024769920855760574	-0.1112390011548996
ENSMUSG00000099899	0.010723902843892574	-0.14600777626037598	-0.12804001569747925	-0.27816036343574524	0.02134915068745613	-0.21166715025901794
ENSMUSG00000022212	0.004046589136123657	-0.10451262444257736	-0.1056886613368988	-0.2327357828617096	0.024212345480918884	-0.08928990364074707
ENSMUSG00000024989	0.008391679264605045	0.47049766778945923	0.11343000084161758	0.5950098633766174	0.007508620619773865	0.3714052438735962
ENSMUSG00000108639	-0.05096470192074776	-0.2764316499233246	-0.05830566585063934	-0.33881694078445435	-0.013370521366596222	-0.23645630478858948
ENSMUSG00000121254	0.009630533866584301	-0.06199280172586441	-0.0565374419093132	-0.14144685864448547	0.019040348008275032	-0.12894710898399353
ENSMUSG00000121681	0.017832590267062187	0.16795575618743896	-0.11090332269668579	0.22233854234218597	0.011316139250993729	0.23698124289512634
ENSMUSG00000043458	-0.06282311677932739	-1.0762951374053955	0.2065160572528839	-0.9183188676834106	-0.15367747843265533	-0.33692947030067444
ENSMUSG00000098684	-0.004278871230781078	-0.15757794678211212	-0.09796153008937836	-0.13857302069664001	0.020813029259443283	-0.35410475730895996
ENSMUSG00000028223	0.011855381540954113	0.16032375395298004	-0.10276004672050476	0.17326883971691132	0.024668347090482712	0.2446947693824768
ENSMUSG00000120788	0.006552149076014757	-0.13359089195728302	-0.12647254765033722	-0.19569504261016846	0.024947600439190865	-0.22553487122058868
ENSMUSG00000095730	-0.0010847089579328895	-0.14691013097763062	-0.12451605498790741	-0.27697622776031494	0.015283950604498386	-0.22939985990524292
ENSMUSG00000002103	0.00462288549169898	0.3917071223258972	0.04408065974712372	0.36080819368362427	0.027661459520459175	0.3578043282032013
ENSMUSG00000037921	0.009323864243924618	0.02572852373123169	0.01635468378663063	0.22040946781635284	0.028004605323076248	0.030960120260715485
ENSMUSG00000023156	-0.009212466888129711	0.32520461082458496	0.06847270578145981	0.49591800570487976	0.008713231422007084	0.2945306897163391
ENSMUSG00000120430	0.020160086452960968	0.18209047615528107	0.08620906621217728	0.6124041080474854	0.027875106781721115	0.104924775660038
ENSMUSG00000076617	-0.02104802429676056	-0.11855635792016983	-0.12486262619495392	-0.20397958159446716	-0.006363191641867161	-0.2869144380092621
ENSMUSG00000011154	0.008048673160374165	-0.024161290377378464	-0.0853407010436058	-0.011073141358792782	0.03259149193763733	-0.09731216728687286
ENSMUSG00000086530	0.006073641590774059	-0.08240842819213867	-0.12000629305839539	-0.2049374133348465	0.008808360435068607	-0.3277842402458191
ENSMUSG00000106783	0.018816109746694565	-0.07852613180875778	-0.10226182639598846	-0.09853745251893997	0.03401600196957588	-0.07380814850330353
ENSMUSG00000019528	0.008075368590652943	0.10504252463579178	-0.06428492814302444	0.12094152718782425	0.028015807271003723	0.22372326254844666
ENSMUSG00000043832	0.005225599277764559	-0.12431369721889496	-0.045901939272880554	-0.13075917959213257	0.022750822827219963	-0.27389010787010193
ENSMUSG00000112057	0.0013212217018008232	0.04406515508890152	-0.10504364967346191	0.07949628680944443	0.02646273374557495	0.1785449981689453
ENSMUSG00000039496	0.010604629293084145	0.3843074142932892	-0.022435037419199944	0.5317167043685913	0.011530828662216663	0.38583269715309143
ENSMUSG00000078700	-0.008600323460996151	0.37550458312034607	0.07123983651399612	0.45684611797332764	0.0008646202622912824	0.2226710319519043
ENSMUSG00000100787	-0.06282311677932739	-1.0762951374053955	0.2065160572528839	-0.9183188676834106	-0.15367747843265533	-0.33692947030067444
ENSMUSG00000052767	0.011433009058237076	-0.08789920061826706	-0.1301298886537552	0.06045042350888252	0.011606129817664623	-0.20011116564273834
ENSMUSG00000057191	0.017741549760103226	-0.1383243054151535	0.06979210674762726	0.004111181013286114	0.041963521391153336	-0.09650556743144989
ENSMUSG00000053646	-0.0010316659463569522	0.4682035446166992	-0.021722935140132904	0.5138394832611084	0.020175673067569733	0.35782456398010254
ENSMUSG00000103921	-0.007267577573657036	-0.15851660072803497	-0.09250018000602722	-0.1776987463235855	0.02519400045275688	-0.2061431109905243
ENSMUSG00000061244	-0.00985669158399105	0.4345273971557617	-0.006173770409077406	0.37258240580558777	0.02115974947810173	0.38609474897384644
ENSMUSG00000030753	-0.011343620717525482	0.39831897616386414	0.0075418357737362385	0.40434807538986206	0.01488514430820942	0.32050687074661255
ENSMUSG00000061397	0.00011069135507568717	-0.1327277421951294	-0.12076858431100845	-0.14823584258556366	0.023506931960582733	-0.06249048560857773
ENSMUSG00000047658	0.06178661435842514	-0.07551822811365128	0.16587048768997192	0.012911375612020493	-0.0475957915186882	0.02130897529423237
ENSMUSG00000070459	-0.0043473560363054276	-0.14470238983631134	-0.101763054728508	-0.22555331885814667	0.032745540142059326	-0.23061460256576538
ENSMUSG00000027581	-0.00031656972714699805	0.1536429077386856	0.07443711906671524	0.29137200117111206	-0.009922144003212452	0.18307629227638245
ENSMUSG00000115340	0.0013117704074829817	-0.2039143443107605	-0.10827033221721649	-0.2949698865413666	0.03811505809426308	-0.2106410562992096
ENSMUSG00000020846	0.0020688020158559084	0.06607349216938019	-0.0905323475599289	0.021093562245368958	0.02828502096235752	0.23156613111495972
ENSMUSG00000117459	-0.0038642222061753273	-0.08747068047523499	-0.14091341197490692	-0.1325540542602539	0.01542540080845356	-0.23861530423164368
ENSMUSG00000105613	-0.009983617812395096	0.2973623275756836	0.128786101937294	0.2753947675228119	0.003544097300618887	0.286734014749527
ENSMUSG00000039795	-0.0005102253053337336	0.22789648175239563	0.0837218388915062	0.41104114055633545	-0.010501536540687084	0.2649734914302826
ENSMUSG00000020441	0.004316291306167841	0.4226893484592438	0.14826248586177826	0.38150283694267273	-0.007215629797428846	0.24907737970352173
ENSMUSG00000030792	0.004082222003489733	0.03874855116009712	-0.006493573077023029	-0.043018415570259094	0.028755607083439827	0.04315684363245964
ENSMUSG00000038013	-0.01609896868467331	0.3945489823818207	-0.008408743888139725	0.4243048429489136	0.010930418968200684	0.3339332342147827
ENSMUSG00000087254	0.0035243993625044823	-0.10517896711826324	-0.05117987096309662	-0.21516481041908264	0.04215969517827034	-0.1728680282831192
ENSMUSG00000109471	-0.010169698856770992	-0.12295141816139221	-0.12164744734764099	-0.2349957674741745	0.0024338720832020044	-0.2934281826019287
ENSMUSG00000108800	0.006487044505774975	0.0005682121263816953	0.08864814043045044	0.2629578113555908	0.026825761422514915	-0.07598734647035599
ENSMUSG00000109734	-0.009699744172394276	-0.19748033583164215	-0.12415146082639694	-0.2454124391078949	0.030182963237166405	-0.2567806541919708
ENSMUSG00000055048	0.019787518307566643	-0.04366916045546532	-0.10430575162172318	-0.13858923316001892	0.01694543845951557	0.1590258777141571
ENSMUSG00000105594	0.03375600650906563	0.02741408906877041	-0.03226681053638458	-0.004999654833227396	0.012118387967348099	-0.3535451889038086
ENSMUSG00000034659	-0.004304222762584686	0.27437320351600647	-0.000870441785082221	0.3556228280067444	0.020704127848148346	0.26815924048423767
ENSMUSG00000022315	0.0009531363612040877	-0.16819456219673157	-0.13133248686790466	-0.2591724097728729	0.016003955155611038	-0.206501305103302
ENSMUSG00000102987	0.009892013855278492	0.16840152442455292	0.07804524153470993	0.576587975025177	0.017187785357236862	0.1329602748155594
ENSMUSG00000020250	0.02413172274827957	-0.17913267016410828	0.19437192380428314	-0.15448541939258575	-0.06588353216648102	-0.16261382400989532
ENSMUSG00000120424	-0.0080008739605546	0.35796844959259033	0.12323813140392303	0.3836349546909332	0.0026812017895281315	0.272306889295578
ENSMUSG00000048003	0.0036369008012115955	-0.10458710789680481	-0.12075524032115936	-0.3040797710418701	0.035392168909311295	-0.187677264213562
ENSMUSG00000071715	-0.0015951027162373066	-0.12578268349170685	-0.1332283765077591	-0.18522384762763977	0.03765103965997696	-0.240427166223526
ENSMUSG00000051008	0.020816965028643608	0.25380659103393555	0.1325368583202362	0.4397181272506714	-0.002678557066246867	0.20626673102378845
ENSMUSG00000021720	0.009058947674930096	0.19208289682865143	-0.07818271219730377	0.17366988956928253	0.026304995641112328	0.24996133148670197
ENSMUSG00000114521	-0.007264918647706509	-0.14645181596279144	-0.13583701848983765	-0.1143249124288559	0.020562464371323586	-0.13815216720104218
ENSMUSG00000113841	-0.02887195535004139	-0.12104800343513489	0.06599297374486923	-0.19392932951450348	0.006102581508457661	-0.22620870172977448
ENSMUSG00000030823	0.005252663977444172	0.037964485585689545	0.10477608442306519	0.2254008650779724	-0.01268502976745367	0.14826150238513947
ENSMUSG00000027719	0.01350268255919218	-0.03295353055000305	-0.11354554444551468	0.03910224512219429	0.0180281400680542	0.011473498307168484
ENSMUSG00000019139	0.037418827414512634	0.2873430550098419	0.14336545765399933	0.25663867592811584	-0.040547553449869156	0.22179728746414185
ENSMUSG00000000056	-0.00047858842299319804	0.3725505769252777	-0.04754510894417763	0.406606525182724	0.022207394242286682	0.2853659689426422
ENSMUSG00000071722	-0.0029362011700868607	0.015138032846152782	-0.05652918666601181	0.3190367817878723	0.013884798623621464	0.18591469526290894
ENSMUSG00000022634	0.004042292013764381	0.1742483675479889	-0.09734708070755005	-0.013740872964262962	0.03215683996677399	0.2607574164867401
ENSMUSG00000113765	0.0026591115165501833	-0.06659050285816193	-0.14595766365528107	-0.09106403589248657	0.014816440641880035	-0.21810346841812134
ENSMUSG00000022485	0.010647524148225784	-0.006393030751496553	-0.08163868635892868	-0.1624489724636078	-0.03304630145430565	0.012388127855956554
ENSMUSG00000121205	0.009103544987738132	-0.025266418233513832	-0.08866044133901596	0.005100803449749947	0.034196365624666214	-0.020323175936937332
ENSMUSG00000023026	-0.0071634333580732346	0.27863913774490356	0.020410023629665375	0.3460204303264618	0.0187615305185318	0.26421332359313965
ENSMUSG00000069581	0.0021235207095742226	-0.1459905356168747	-0.12545929849147797	-0.11681921035051346	0.03767674043774605	-0.08808828145265579
ENSMUSG00000004961	-0.0017471517203375697	0.13583414256572723	0.04364750534296036	0.28047695755958557	0.0057883248664438725	0.10049418359994888
ENSMUSG00000032601	-0.006374000106006861	0.2103070616722107	0.11051055043935776	0.28755083680152893	0.01005285419523716	0.23169264197349548
ENSMUSG00000040913	-0.0004627671150956303	0.27341338992118835	-0.03430638462305069	0.2199409306049347	0.026357436552643776	0.2784898579120636
ENSMUSG00000021611	0.005654047708958387	0.22838905453681946	-0.0485798642039299	0.29132384061813354	0.02662285603582859	0.23451688885688782
ENSMUSG00000029141	-0.0011502873385325074	0.4531766176223755	9.539373422740027e-05	0.2917766869068146	0.028857305645942688	0.3743186295032501
ENSMUSG00000106902	0.006928173825144768	-0.11660894751548767	-0.1010797992348671	-0.23672157526016235	0.02003033459186554	-0.295234352350235
ENSMUSG00000093671	0.0027434269431978464	-0.10511456429958344	-0.1033334732055664	-0.2009442299604416	0.04074666649103165	-0.18410421907901764
ENSMUSG00000064210	-0.005654394160956144	0.3537532687187195	0.0037071809638291597	0.48947784304618835	0.015299571678042412	0.3696567416191101
ENSMUSG00000034889	-0.005225565284490585	0.5403521656990051	0.03952237218618393	0.363589882850647	-0.00780121935531497	0.3163241446018219
ENSMUSG00000041703	0.013982652686536312	0.33557042479515076	0.09534058719873428	0.6424465775489807	-0.0034294812940061092	0.32281410694122314
ENSMUSG00000026224	0.010252892039716244	-0.0830046534538269	-0.11025967448949814	-0.2462618201971054	0.03729882091283798	-0.20913705229759216
ENSMUSG00000067297	-0.025985388085246086	-0.2599126100540161	0.03804273530840874	-0.18197518587112427	-0.09946711361408234	-0.33631089329719543
ENSMUSG00000107198	-0.002523598959669471	-0.1388428807258606	-0.13505782186985016	-0.20992551743984222	0.011771067045629025	-0.21326208114624023
ENSMUSG00000026774	0.0003866173792630434	-0.07749180495738983	-0.13277044892311096	-0.10141025483608246	0.036588653922080994	-0.16555795073509216
ENSMUSG00000108572	0.0003539524623192847	-0.21303726732730865	-0.11986236274242401	-0.2718316316604614	0.03079959936439991	-0.24583347141742706
ENSMUSG00000047632	0.018691133707761765	0.23387274146080017	-0.014322933740913868	0.10827316343784332	-0.029515478760004044	0.19227878749370575
ENSMUSG00000029071	-0.001165888854302466	0.22829961776733398	-0.048170141875743866	0.01037432812154293	0.02550126612186432	0.28038090467453003
ENSMUSG00000114914	-0.01539404783397913	-0.23616823554039001	-0.1380283236503601	-0.1896219402551651	0.017171526327729225	-0.22580982744693756
ENSMUSG00000038209	0.006440022028982639	-0.107853002846241	-0.10732527822256088	-0.21752071380615234	0.02645181491971016	-0.2521461248397827
ENSMUSG00000045826	0.05939825624227524	-0.017635341733694077	0.1527186781167984	0.2029721587896347	-0.07285159826278687	-0.093922920525074
ENSMUSG00000026125	0.006097320932894945	-0.07537678629159927	-0.10161178559064865	-0.2815808355808258	0.03993017598986626	0.011019127443432808
ENSMUSG00000005621	0.002073746407404542	0.2531081438064575	-0.0010381675092503428	0.21149715781211853	0.026734840124845505	0.34823256731033325
ENSMUSG00000092551	-0.06282311677932739	-1.0762951374053955	0.2065160572528839	-0.9183188676834106	-0.15367747843265533	-0.33692947030067444
ENSMUSG00000084884	0.023767724633216858	-0.10170474648475647	-0.11603822559118271	-0.15382562577724457	0.02164764329791069	-0.15517106652259827
ENSMUSG00000070604	0.07085897773504257	-0.1580367386341095	0.10659660398960114	-0.12108223140239716	-0.08031012862920761	-0.11576385796070099
ENSMUSG00000099591	-0.0017393312882632017	-0.1648952066898346	-0.11243633925914764	-0.2619113326072693	0.012643682770431042	-0.2353852242231369
ENSMUSG00000066129	0.0016047077951952815	-0.010681966319680214	0.038857169449329376	-0.010544100776314735	-0.02637295238673687	0.12542179226875305
ENSMUSG00000099789	-0.06282311677932739	-1.0762951374053955	0.2065160572528839	-0.9183188676834106	-0.15367747843265533	-0.33692947030067444
ENSMUSG00000080710	-0.04018296301364899	-0.21171018481254578	-0.12225444614887238	-0.19892039895057678	0.040208812803030014	-0.22725269198417664
ENSMUSG00000116768	0.02960953488945961	-0.08252045512199402	0.0061936103738844395	-0.20810216665267944	0.009037336334586143	-0.16620801389217377
ENSMUSG00000006932	-0.0021908958442509174	0.4043022394180298	0.11609116196632385	0.4190003275871277	-0.02527683787047863	0.23419871926307678
ENSMUSG00000037884	-0.06282311677932739	-1.0762951374053955	0.2065160572528839	-0.9183188676834106	-0.15367747843265533	-0.33692947030067444
ENSMUSG00000120109	0.00018776353681460023	0.035812925547361374	-0.009652954526245594	-0.05838621035218239	0.014466079883277416	0.11259376257658005
ENSMUSG00000085614	0.013714488595724106	0.3764576315879822	-0.07655256241559982	0.4792826175689697	0.01390896923840046	0.35372471809387207
ENSMUSG00000019590	-0.009193346835672855	0.31532248854637146	0.013432660140097141	0.46827805042266846	0.007386833429336548	0.31761622428894043
ENSMUSG00000120579	0.014791152440011501	-0.07031995058059692	-0.11443747580051422	-0.08538372069597244	0.015387363731861115	0.043795324862003326
ENSMUSG00000033543	-0.011482018046081066	0.4362497329711914	0.09367939829826355	0.5226033926010132	0.006490605417639017	0.3133920729160309
ENSMUSG00000093806	0.004234227351844311	-0.07390252500772476	-0.12711107730865479	-0.011785084381699562	-0.01937500759959221	-0.23746885359287262
ENSMUSG00000033794	0.009633461944758892	-0.10441762208938599	-0.13722726702690125	-0.10865079611539841	0.03687603399157524	-0.22258827090263367
ENSMUSG00000035847	0.020799051970243454	-0.05128855258226395	-0.06364595890045166	0.23069101572036743	0.0009320316603407264	0.1099453866481781
ENSMUSG00000111794	0.007307251915335655	-0.13652855157852173	-0.1159311980009079	-0.30930250883102417	0.029616788029670715	-0.20820936560630798
ENSMUSG00000021910	-0.008114532567560673	0.31144964694976807	0.05504289269447327	0.22930017113685608	-0.0036114477552473545	0.24784748256206512
ENSMUSG00000110839	-0.003947064280509949	-0.10432038456201553	-0.1143767237663269	-0.22133800387382507	0.037173595279455185	-0.26218241453170776
ENSMUSG00000003226	-0.009843754582107067	0.4956601858139038	0.020978057757019997	0.4854045510292053	0.018352342769503593	0.4098638892173767
ENSMUSG00000026492	-0.011945259757339954	0.45027175545692444	0.06115693226456642	0.40819865465164185	0.014888623729348183	0.3802911043167114
ENSMUSG00000057050	0.008231299929320812	-0.13573475182056427	-0.12610314786434174	-0.20861157774925232	0.006921009626239538	-0.32242751121520996
ENSMUSG00000094995	-0.0024217029567807913	-0.14351840317249298	-0.1218794733285904	-0.22248168289661407	-0.0003155699814669788	-0.24823765456676483
ENSMUSG00000037307	0.006565281189978123	-0.1486889272928238	-0.08553031831979752	-0.23872756958007812	0.04047776386141777	-0.24349936842918396
ENSMUSG00000048782	-0.002067970810458064	-0.07948978990316391	-0.1296660304069519	-0.025589965283870697	0.03709712624549866	-0.15583966672420502
ENSMUSG00000072874	0.022884173318743706	-0.1193135678768158	-0.10310272872447968	-0.23178143799304962	0.03557698428630829	-0.22471950948238373
ENSMUSG00000091827	-0.029736649245023727	-0.21978440880775452	-0.07347531616687775	-0.426939457654953	-0.015384227968752384	-0.26633572578430176
ENSMUSG00000070619	0.007113493047654629	-0.07092484831809998	-0.10953862965106964	0.027493564411997795	0.009490731172263622	-0.24586506187915802
ENSMUSG00000087240	0.01564895175397396	-0.08830837160348892	0.12609504163265228	0.28418388962745667	0.033907171338796616	-0.11110156774520874
ENSMUSG00000074109	-0.03434303030371666	-0.17751337587833405	-0.09819689393043518	-0.22086136043071747	-0.00848975870758295	-0.25491002202033997
ENSMUSG00000095455	-0.0520695261657238	-0.3064734935760498	-0.09340064972639084	-0.479218453168869	-0.007489106617867947	-0.2431035190820694
ENSMUSG00000040413	-0.0018562169279903173	-0.15992070734500885	-0.11750748753547668	-0.2939983308315277	0.013887104578316212	-0.24752925336360931
ENSMUSG00000112679	-0.02828378602862358	-0.1997258961200714	-0.09703278541564941	-0.3228660523891449	-0.008495276793837547	-0.2719389796257019
ENSMUSG00000073436	-0.01047426462173462	0.3862706124782562	0.08518846333026886	0.3398173451423645	0.013304288499057293	0.34096595644950867
ENSMUSG00000050447	0.020627854391932487	0.16332492232322693	-0.10487499833106995	-0.09209592640399933	0.03003770112991333	0.28629326820373535
ENSMUSG00000004821	0.0052190301939845085	-0.12200655043125153	-0.1082969456911087	-0.19194723665714264	0.011398902162909508	-0.27926814556121826
ENSMUSG00000095648	-0.06282311677932739	-1.0762951374053955	0.2065160572528839	-0.9183188676834106	-0.15367747843265533	-0.33692947030067444
ENSMUSG00000095927	-0.06282311677932739	-1.0762951374053955	0.2065160572528839	-0.9183188676834106	-0.15367747843265533	-0.33692947030067444
ENSMUSG00000040345	0.07175789028406143	-0.03191063553094864	0.07314732670783997	-0.029664097353816032	-0.04160855710506439	-0.054270848631858826
ENSMUSG00000087064	0.006700711790472269	-0.08264817297458649	0.092108353972435	-0.05356959253549576	0.03537868708372116	-0.15018458664417267
ENSMUSG00000027420	0.013624523766338825	0.09494359791278839	-0.10727574676275253	0.06743848323822021	0.02901860885322094	0.12407831847667694
ENSMUSG00000114026	-0.016520805656909943	-0.17715971171855927	-0.0626947432756424	-0.2872164249420166	0.008563472889363766	-0.3105124533176422
ENSMUSG00000041567	-0.015507196076214314	-0.13415339589118958	-0.12683503329753876	-0.1295427531003952	0.029725465923547745	-0.2442246675491333
ENSMUSG00000005566	0.02118459902703762	0.48365166783332825	0.11638614535331726	0.7579403519630432	0.017321903258562088	0.36262446641921997
ENSMUSG00000101967	-0.06282311677932739	-1.0762951374053955	0.2065160572528839	-0.9183188676834106	-0.15367747843265533	-0.33692947030067444
ENSMUSG00000030766	-0.004659322090446949	0.3226054012775421	-0.003966330084949732	0.33016327023506165	0.021451955661177635	0.3731585741043091
ENSMUSG00000031391	0.026626288890838623	-0.020219868049025536	-0.08494936674833298	0.1485588550567627	0.011344817467033863	0.1472909301519394
ENSMUSG00000022997	0.046857044100761414	-0.07245898991823196	-0.040823426097631454	-0.24629928171634674	-0.04224773868918419	-0.053887125104665756
ENSMUSG00000104398	0.0015859559644013643	-0.14237970113754272	-0.1429205983877182	-0.17056888341903687	0.018087375909090042	-0.19910673797130585
ENSMUSG00000032216	-0.012412901036441326	0.49642422795295715	0.08093328773975372	0.6888852119445801	0.013267829082906246	0.3904610574245453
ENSMUSG00000107645	0.012838257476687431	-0.08618307113647461	-0.1410059779882431	-0.13583967089653015	0.001100925961509347	-0.2522391080856323
ENSMUSG00000090907	-0.0026080147363245487	0.07014540582895279	-0.10421057790517807	-0.1267118602991104	-0.0010901897912845016	0.1750716269016266
ENSMUSG00000115923	0.05722890421748161	-0.04857025668025017	0.09297282993793488	0.2119116336107254	-0.06006455421447754	-0.15039363503456116
ENSMUSG00000083239	0.010766004212200642	-0.062368959188461304	-0.12544140219688416	-0.2550243139266968	-0.018313663080334663	-0.25298482179641724
ENSMUSG00000029687	-0.009131972678005695	0.4758930206298828	0.029761336743831635	0.6935334801673889	0.011238493956625462	0.4149799048900604
ENSMUSG00000104625	0.004351989831775427	-0.11154089123010635	-0.13480333983898163	-0.19957605004310608	0.017585400491952896	-0.2532096207141876
ENSMUSG00000019971	-0.1765231192111969	-0.7900657653808594	-0.03811248391866684	-1.1111845970153809	-0.012768710032105446	-0.2488129585981369
ENSMUSG00000019933	0.007197130471467972	-0.09284347295761108	-0.05804136395454407	-0.06939242780208588	0.03722836822271347	-0.1618279069662094
ENSMUSG00000105826	0.020178072154521942	-0.019026979804039	-0.10045547783374786	-0.005233064293861389	0.019865382462739944	-0.10553372651338577
ENSMUSG00000005547	-0.0024733750615268946	-0.09346797317266464	-0.11392682790756226	-0.23458373546600342	0.02906809374690056	-0.21948444843292236
ENSMUSG00000102948	-0.030133962631225586	-0.16599640250205994	-0.10582650452852249	-0.2681633532047272	0.0005800156504847109	-0.2472609132528305
ENSMUSG00000050503	0.1393101066350937	0.10089113563299179	0.1525588482618332	0.4028988778591156	-0.05611363798379898	0.019132714718580246
ENSMUSG00000090564	0.014649170450866222	0.2799007296562195	0.11263234913349152	0.5347859859466553	0.009311476722359657	0.26805946230888367
ENSMUSG00000102718	0.007779653184115887	-0.08363267779350281	-0.13198012113571167	-0.06576206535100937	0.015303386375308037	-0.23894508183002472
ENSMUSG00000022387	0.0213920995593071	0.24614308774471283	0.17313849925994873	0.11137077212333679	-0.050232868641614914	0.20816892385482788
ENSMUSG00000022801	-0.006739398464560509	0.3956204354763031	-0.046357396990060806	0.15807415544986725	0.027863414958119392	0.33321818709373474
ENSMUSG00000097415	-0.007791895419359207	0.27652618288993835	0.10352825373411179	0.3719780743122101	0.0016481438651680946	0.26226815581321716
ENSMUSG00000073959	-0.00874295737594366	-0.15109986066818237	-0.13124679028987885	-0.17795099318027496	0.004772617481648922	-0.2381512075662613
ENSMUSG00000116280	0.003456116421148181	-0.08561908453702927	-0.011667408049106598	0.06253662705421448	0.0041075111366808414	-0.22042213380336761
ENSMUSG00000032402	0.002756540197879076	0.28818845748901367	-0.053204797208309174	0.32356613874435425	0.02497413381934166	0.31487786769866943
ENSMUSG00000078922	0.010325404815375805	-0.043245889246463776	-0.14208681881427765	-0.024524392560124397	0.0053846342489123344	-0.23478201031684875
ENSMUSG00000017999	-0.013422028161585331	0.4433373212814331	0.0495307594537735	0.4357733428478241	0.010189168155193329	0.3793714642524719
ENSMUSG00000023030	-0.004717805422842503	0.36975613236427307	-0.03326813504099846	0.13778847455978394	0.024301476776599884	0.29112428426742554
ENSMUSG00000110123	0.018032249063253403	-0.13262204825878143	-0.09481082111597061	-0.20309019088745117	0.039723169058561325	-0.1787438988685608
ENSMUSG00000087597	2.5444292077736463e-06	-0.05916981399059296	-0.11737167090177536	-0.13290639221668243	0.0379498228430748	-0.3025185465812683
ENSMUSG00000112016	-0.008428450673818588	-0.11469898372888565	-0.11860916763544083	-0.26496756076812744	0.010319122113287449	-0.2713395357131958
ENSMUSG00000079423	-0.10084095597267151	-0.3284805417060852	-0.04078252613544464	-0.40242722630500793	-0.046288684010505676	-0.29165205359458923
ENSMUSG00000030701	0.014018132351338863	1.1963993529207073e-05	0.1003471091389656	0.113761767745018	0.01884164661169052	-0.055070944130420685
ENSMUSG00000006423	-0.0056882863864302635	0.32158103585243225	0.1061379536986351	0.32766497135162354	-0.005719214677810669	0.20140574872493744
ENSMUSG00000086975	-0.019015517085790634	-0.20077505707740784	-0.10826779156923294	-0.27461016178131104	0.0169780682772398	-0.30414828658103943
ENSMUSG00000028104	-0.1979914903640747	-0.7509375810623169	-0.06100200489163399	-1.195009708404541	0.036593299359083176	-0.2501140832901001
ENSMUSG00000110539	-0.008160777390003204	-0.08201912045478821	-0.10497596114873886	-0.2715301513671875	0.03408787399530411	-0.19778838753700256
ENSMUSG00000101904	0.012702325358986855	0.36042311787605286	-0.033248141407966614	0.563657283782959	0.012285275384783745	0.3410257399082184
ENSMUSG00000028643	0.0022548914421349764	0.27328240871429443	-0.03396376594901085	0.08579260855913162	0.03228140249848366	0.25717952847480774
ENSMUSG00000038608	0.02133835479617119	-0.0705808773636818	-0.10301175713539124	-0.14919452369213104	0.03659622743725777	0.179456889629364
ENSMUSG00000097157	-0.0033578299917280674	-0.1490350216627121	-0.12454979866743088	-0.24537360668182373	0.035975854843854904	-0.20867373049259186
ENSMUSG00000085675	-0.0016271305503323674	-0.12408681213855743	-0.11246844381093979	-0.3437938690185547	0.030391182750463486	-0.18790708482265472
ENSMUSG00000030224	-0.00788773875683546	0.44714295864105225	0.09148722887039185	0.5251984596252441	-0.0037409744691103697	0.3774246573448181
ENSMUSG00000120192	0.01616966724395752	0.08349752426147461	-0.07864575833082199	-0.06788067519664764	0.03128339350223541	0.2557477056980133
ENSMUSG00000043811	-0.055140420794487	-0.7551448941230774	-0.07199345529079437	-1.2596769332885742	0.051242489367723465	-0.2591285705566406
ENSMUSG00000031210	-0.07434025406837463	-0.3456403315067291	-0.12099330872297287	-0.1458495855331421	-0.030043326318264008	-0.10624900460243225
ENSMUSG00000113386	-0.015094342641532421	-0.10483952611684799	-0.11905635893344879	-0.1986146867275238	0.025952620431780815	-0.21222542226314545
ENSMUSG00000097434	-0.02167212963104248	-0.16216504573822021	-0.11652121692895889	-0.12090606987476349	0.01211113203316927	-0.25569677352905273
ENSMUSG00000026220	0.0043623480014503	0.03376229852437973	0.027564603835344315	0.23203784227371216	0.0236490610986948	0.2332906872034073
ENSMUSG00000030095	-0.007958263158798218	0.4702535569667816	0.09762566536664963	0.4547085165977478	0.006696559023112059	0.3862041234970093
ENSMUSG00000037894	0.04242277517914772	0.4903821051120758	0.16051651537418365	0.6288822293281555	0.024686304852366447	0.33004051446914673
ENSMUSG00000096935	-0.013405284844338894	0.4848887622356415	0.05908091366291046	0.5756816267967224	0.014317642897367477	0.26741719245910645
ENSMUSG00000025173	-0.010568235069513321	0.4895002245903015	0.03728794306516647	0.4483681619167328	0.013108938932418823	0.3972228169441223
ENSMUSG00000008690	-0.002034392673522234	0.5000519752502441	0.11657295376062393	0.5574387907981873	-0.010660928674042225	0.3705536127090454
ENSMUSG00000094846	-0.03833165019750595	-0.21777668595314026	-0.1022767648100853	-0.26232340931892395	-0.015222668647766113	-0.2776261568069458
ENSMUSG00000118075	-0.009416851215064526	-0.12093055993318558	-0.12760785222053528	-0.19486358761787415	0.0021373911295086145	-0.26223886013031006
ENSMUSG00000094635	-0.06282311677932739	-1.0762951374053955	0.2065160572528839	-0.9183188676834106	-0.15367747843265533	-0.33692947030067444
ENSMUSG00000062773	-0.002604580018669367	-0.059240665286779404	-0.12889108061790466	-0.12995581328868866	0.0392153225839138	-0.17674697935581207
ENSMUSG00000103427	0.008329000324010849	-0.12225957214832306	-0.14498482644557953	-0.19638675451278687	-0.009679922834038734	-0.20569047331809998
ENSMUSG00000027273	0.012836296111345291	0.026172082871198654	-0.08089948445558548	0.14242064952850342	0.017904222011566162	0.05811076983809471
ENSMUSG00000058173	0.011321838945150375	0.14302895963191986	-0.10594270378351212	0.25205475091934204	0.02667582780122757	0.27384674549102783
ENSMUSG00000018651	-0.009864618070423603	0.40817755460739136	0.061706122010946274	0.583737850189209	0.008590948767960072	0.35148823261260986
ENSMUSG00000085811	-0.0023239264264702797	-0.10568022727966309	-0.12090624868869781	-0.2200794219970703	0.0007054787129163742	-0.28249219059944153
ENSMUSG00000072930	-0.03306518867611885	-0.22988338768482208	-0.0814688503742218	-0.3247302770614624	-0.01764277182519436	-0.20795172452926636
ENSMUSG00000048621	-0.05494080111384392	-0.2240147739648819	-0.08227498829364777	-0.3557213544845581	0.0017756825545802712	-0.27461564540863037
ENSMUSG00000038806	-0.012619929388165474	0.49756449460983276	0.08977941423654556	0.661134660243988	0.01126131322234869	0.35803496837615967
ENSMUSG00000021566	-0.014006719924509525	-0.17751087248325348	-0.12050095200538635	-0.2709396183490753	0.012481924146413803	-0.23580925166606903
ENSMUSG00000025316	-0.009228432551026344	0.5262353420257568	0.08597557991743088	0.6572088003158569	0.009725604206323624	0.32313308119773865
ENSMUSG00000047980	-0.003621573792770505	-0.2368665635585785	-0.10202102363109589	-0.43166273832321167	0.02935010939836502	-0.24091112613677979
ENSMUSG00000022890	0.009525029920041561	0.5116936564445496	0.12573879957199097	0.5676552057266235	-0.0241597481071949	0.38853609561920166
ENSMUSG00000047123	-0.0021249267738312483	0.172371506690979	0.10983496904373169	0.268695592880249	0.002999328076839447	0.14136505126953125
ENSMUSG00000089683	-0.004821650683879852	-0.15712352097034454	-0.1238764300942421	-0.2676714062690735	0.017290912568569183	-0.24536247551441193
ENSMUSG00000033793	0.013586033135652542	-0.08030281960964203	-0.00422044238075614	-0.07236643880605698	0.03332420438528061	-0.17870943248271942
ENSMUSG00000120255	-0.004941097926348448	0.16647979617118835	0.022467799484729767	0.30779337882995605	0.014179855585098267	0.13944488763809204
ENSMUSG00000026686	0.01586749404668808	0.06112691015005112	-0.10778097808361053	-0.010463926941156387	0.03420250490307808	0.20200765132904053
ENSMUSG00000040899	-0.006896612234413624	-0.20134396851062775	-0.1205814927816391	-0.3026062846183777	0.03176678717136383	-0.17762184143066406
ENSMUSG00000058883	0.021598288789391518	-0.14029182493686676	0.09815631061792374	-0.12597711384296417	-0.022224484011530876	-0.18136809766292572
ENSMUSG00000113040	-0.019680805504322052	-0.22365444898605347	-0.07499223947525024	-0.39195194840431213	0.022896060720086098	-0.23926034569740295
ENSMUSG00000057135	0.014075065962970257	-0.08316683024168015	-0.11574837565422058	-0.24685312807559967	0.020552098751068115	-0.2747619152069092
ENSMUSG00000101014	-0.012777525931596756	-0.17345371842384338	-0.12675581872463226	-0.2331947386264801	0.0153767429292202	-0.2551008462905884
ENSMUSG00000026180	0.009215405210852623	-0.15820355713367462	-0.14858533442020416	-0.15397970378398895	0.033578887581825256	-0.19096900522708893
ENSMUSG00000004552	-0.0009613334550522268	-0.14550064504146576	-0.12987495958805084	-0.19688284397125244	0.03793435916304588	-0.17109434306621552
ENSMUSG00000115204	0.002801057416945696	-0.10293858498334885	-0.13000905513763428	-0.21773883700370789	0.0301523357629776	-0.18743762373924255
ENSMUSG00000036907	0.03128710389137268	-0.029412413015961647	0.02400370128452778	-0.002311862073838711	-0.05875958129763603	0.06011468917131424
ENSMUSG00000084798	-0.01786229759454727	-0.14930002391338348	-0.12171577662229538	-0.2331223040819168	-0.00866736937314272	-0.2895684242248535
ENSMUSG00000035085	0.07729361951351166	-0.10619614273309708	0.0827818289399147	-0.1639499068260193	-0.0674954429268837	-0.15966805815696716
ENSMUSG00000030878	-0.006193823181092739	0.34451234340667725	-0.004127769265323877	0.3564879298210144	0.0178413987159729	0.34652549028396606
ENSMUSG00000079701	-0.0960751473903656	-0.3763613998889923	-0.12143213301897049	-0.2431785613298416	-0.016705503687262535	-0.1997881531715393
ENSMUSG00000110691	0.017125558108091354	-0.07616307586431503	-0.04486742615699768	-0.10445298254489899	0.040038757026195526	-0.1807606816291809
ENSMUSG00000087698	0.007279576268047094	0.0011690657120198011	-0.06638767570257187	0.0968402847647667	0.029974646866321564	0.02955792471766472
ENSMUSG00000083172	-0.01724158599972725	-0.1465827226638794	-0.11235491931438446	-0.26057565212249756	0.016832150518894196	-0.2528562545776367
ENSMUSG00000103347	-0.06282311677932739	-1.0762951374053955	0.2065160572528839	-0.9183188676834106	-0.15367747843265533	-0.33692947030067444
ENSMUSG00000121445	0.0017960083205252886	-0.09154348075389862	-0.13517709076404572	-0.13667336106300354	0.0059420205652713776	-0.23716260492801666
ENSMUSG00000109911	-0.024931585416197777	-0.1785057634115219	-0.08435311913490295	-0.26203250885009766	-0.01261702086776495	-0.23079894483089447
ENSMUSG00000029657	-0.014747261069715023	0.47210949659347534	0.012766246683895588	0.2022000104188919	0.01251591369509697	0.34477347135543823
ENSMUSG00000120226	-0.003770877607166767	-0.1439288705587387	-0.1229870542883873	-0.18466000258922577	0.0036598893348127604	-0.22598779201507568
ENSMUSG00000019761	0.16673849523067474	-0.06119989976286888	0.1574161946773529	-0.07709333300590515	-0.09276673942804337	-0.061326488852500916
ENSMUSG00000006276	-0.009867196902632713	0.43834617733955383	0.0597253181040287	0.29109692573547363	0.014610614627599716	0.32719913125038147
ENSMUSG00000030172	-0.0023109260946512222	0.4806608557701111	0.003799023339524865	0.47111213207244873	0.023925960063934326	0.3816104829311371
ENSMUSG00000043419	-0.009000681340694427	0.21469885110855103	0.11730293184518814	0.2575831413269043	0.011801203712821007	0.13204333186149597
ENSMUSG00000030086	0.010304258204996586	0.18116441369056702	-0.06144477054476738	0.14646394550800323	0.03241193667054176	0.22413566708564758
ENSMUSG00000102000	0.005469850264489651	-0.09508068114519119	-0.12649719417095184	-0.21912609040737152	0.027104349806904793	-0.21495065093040466
ENSMUSG00000102009	0.005244074389338493	-0.12982408702373505	-0.11601784825325012	-0.21318015456199646	0.03044353984296322	-0.23897629976272583
ENSMUSG00000022556	-0.007315975613892078	0.43770405650138855	-0.0032642714213579893	0.28509947657585144	0.019722994416952133	0.39548563957214355
ENSMUSG00000040751	0.019830256700515747	-0.021924132481217384	0.0491035170853138	0.005774729419499636	0.026663796976208687	-0.15735262632369995
ENSMUSG00000069607	0.014174873940646648	-0.06785104423761368	-0.06539393216371536	-0.08668684959411621	0.023134253919124603	-0.2446298599243164
ENSMUSG00000116539	0.004520611371845007	-0.07293083518743515	-0.13914252817630768	-0.10879842936992645	-0.0041228230111300945	-0.2676893174648285
ENSMUSG00000024270	0.003623013151809573	0.4497533142566681	0.01996319554746151	0.4372066259384155	0.02664320170879364	0.40021568536758423
ENSMUSG00000078687	-0.007328689564019442	-0.1416088342666626	-0.1294640302658081	-0.21133756637573242	-0.0007098914938978851	-0.2569452226161957
ENSMUSG00000015214	0.032031819224357605	0.04823464900255203	-0.08784858882427216	0.1171846017241478	0.004711263347417116	0.2035720944404602
ENSMUSG00000097487	-0.011173048987984657	0.35974571108818054	0.03737916424870491	0.22277435660362244	-0.00630208570510149	0.31578728556632996
ENSMUSG00000030770	0.006578073371201754	0.003640619106590748	-0.09233365952968597	-0.040767017751932144	0.0322776734828949	0.179168239235878
ENSMUSG00000028753	0.002688048407435417	-0.12906406819820404	-0.11482217907905579	-0.17586196959018707	0.038390930742025375	-0.1884390413761139
ENSMUSG00000090112	-0.004544928204268217	0.3852686583995819	-0.035676270723342896	0.18372762203216553	0.028398558497428894	0.3400195240974426
ENSMUSG00000026095	-7.509954593842849e-05	0.3142872154712677	0.034340787678956985	0.4096723198890686	0.020547354593873024	0.28667861223220825
ENSMUSG00000087518	-0.00023429840803146362	-0.16498953104019165	-0.08571137487888336	0.0319775827229023	0.031713735312223434	-0.07665450870990753
ENSMUSG00000023886	0.037436436861753464	-0.061762675642967224	-0.07307041436433792	-0.1037159189581871	0.02980084717273712	0.15969759225845337
ENSMUSG00000040752	0.010679475963115692	-0.19640327990055084	-0.07957310974597931	-0.25993573665618896	0.014933199621737003	-0.16379272937774658
ENSMUSG00000107428	0.01059621013700962	-0.1004885882139206	-0.08105975389480591	-0.15461617708206177	0.03904574364423752	-0.085344098508358
ENSMUSG00000052485	0.012839657254517078	-0.14465317130088806	-0.10442750155925751	-0.16182246804237366	0.029583370313048363	0.06711932271718979
ENSMUSG00000024228	0.015224780887365341	0.06699739396572113	-0.06206505745649338	0.09557107836008072	0.027547068893909454	0.12401202321052551
ENSMUSG00000109789	0.0083896080031991	-0.09561866521835327	-0.1370476931333542	-0.1336020827293396	0.0218199510127306	-0.31870418787002563
ENSMUSG00000032046	-0.018383391201496124	-0.7436942458152771	-0.06756222993135452	-1.3064838647842407	0.05096365138888359	-0.26069048047065735
ENSMUSG00000037007	0.00017326269880868495	0.4827428460121155	-0.034648433327674866	0.21739082038402557	0.02880713902413845	0.30007609724998474
ENSMUSG00000050891	-0.009067468345165253	0.42450591921806335	0.06780559569597244	0.5533561110496521	0.012171503156423569	0.3619076907634735
ENSMUSG00000113629	-0.014928801916539669	-0.21085989475250244	-0.09043455868959427	-0.2204807996749878	0.006084534339606762	-0.24884769320487976
ENSMUSG00000081255	0.04749695211648941	-0.0892685204744339	0.15835422277450562	0.06498722732067108	-0.06369026005268097	0.03222765773534775
ENSMUSG00000087170	-0.01109688077121973	-0.1815381646156311	-0.10354885458946228	-0.35759437084198	0.016625896096229553	-0.23772482573986053
ENSMUSG00000070425	-0.009678605943918228	0.39597633481025696	0.04515896365046501	0.5102471113204956	0.006097524892538786	0.38472115993499756
ENSMUSG00000109243	0.026796886697411537	-0.1362842619419098	-0.1355583518743515	-0.20976483821868896	0.019442517310380936	-0.23096249997615814
ENSMUSG00000099799	-0.06282311677932739	-1.0762951374053955	0.2065160572528839	-0.9183188676834106	-0.15367747843265533	-0.33692947030067444
ENSMUSG00000039458	-0.013003452681005001	0.39855343103408813	0.04125094413757324	0.6090865135192871	0.012131103314459324	0.3583686351776123
ENSMUSG00000103108	0.1855078935623169	0.1792583018541336	0.1830703169107437	0.2742983400821686	-0.10211260616779327	0.1975816935300827
ENSMUSG00000099983	0.009039145894348621	-0.11866673827171326	-0.11155802756547928	-0.16085143387317657	0.01725572533905506	-0.22508659958839417
ENSMUSG00000095696	0.007200715132057667	-0.1258442997932434	-0.1426580846309662	-0.1317979246377945	0.009223640896379948	-0.22400112450122833
ENSMUSG00000085383	-0.004258960485458374	-0.12014106661081314	-0.13021372258663177	-0.19987639784812927	-0.0029852334409952164	-0.28156834840774536
ENSMUSG00000120668	0.01971803978085518	-0.03558504581451416	-0.10684370249509811	0.04914465919137001	0.029370663687586784	0.13067513704299927
ENSMUSG00000120574	-0.00655696727335453	0.46254950761795044	0.010706010274589062	0.5887552499771118	0.01294619683176279	0.4003811776638031
ENSMUSG00000024381	0.013849634677171707	0.12250076234340668	-0.10900391638278961	-0.011677613481879234	0.019987674430012703	0.2910882532596588
ENSMUSG00000090322	0.0055373054929077625	-0.13804073631763458	-0.06372027099132538	-0.20160885155200958	0.0410580113530159	-0.09370340406894684
ENSMUSG00000117859	0.008103705011308193	-0.043252911418676376	-0.12869161367416382	0.030822215601801872	0.03192128986120224	-0.029784685000777245
ENSMUSG00000115747	0.0108457887545228	-0.12966057658195496	-0.10933897644281387	-0.32204556465148926	0.025695256888866425	-0.2375807911157608
ENSMUSG00000109064	-0.015577874146401882	-0.17417985200881958	-0.14032508432865143	-0.14816977083683014	0.011324274353682995	-0.24572528898715973
ENSMUSG00000037031	0.004202386364340782	0.1906072497367859	-0.10224002599716187	0.08337133377790451	0.028977101668715477	0.2654038965702057
ENSMUSG00000087135	0.04745359346270561	0.21938930451869965	0.12772123515605927	0.5230434536933899	-0.010108107700943947	0.11768580228090286
ENSMUSG00000031535	0.017605669796466827	-0.06741395592689514	0.03739975765347481	-0.19399790465831757	0.03909497335553169	-0.15631650388240814
ENSMUSG00000034083	0.004670511465519667	0.37640151381492615	-0.0006860241992399096	0.2881301939487457	0.028364207595586777	0.38052883744239807
ENSMUSG00000107900	0.008992196060717106	-0.054499875754117966	0.04773739352822304	0.08199957758188248	0.028566263616085052	-0.23882873356342316
ENSMUSG00000070797	-0.014316142536699772	-0.18790163099765778	-0.09966761618852615	-0.326768159866333	0.007181928027421236	-0.2777731418609619
ENSMUSG00000027170	-0.008741233497858047	0.4444423317909241	0.07439672201871872	0.3537290692329407	0.014399834908545017	0.3335057199001312
ENSMUSG00000073963	-0.01740642823278904	-0.12167594581842422	-0.14238834381103516	-0.11915668845176697	-0.01836206763982773	-0.22908590734004974
ENSMUSG00000030472	0.020051004365086555	-0.1672012358903885	0.07647661119699478	-0.12758678197860718	0.01767059601843357	-0.23655280470848083
ENSMUSG00000087678	-0.006535070016980171	-0.19738233089447021	-0.1334875524044037	-0.1759486198425293	0.017247922718524933	-0.2244240641593933
ENSMUSG00000037343	0.005919902119785547	0.32386311888694763	-0.01335117220878601	0.3763960599899292	0.02047581598162651	0.3522503674030304
ENSMUSG00000107677	-0.009410944767296314	-0.15478567779064178	-0.12073323130607605	-0.1927034556865692	0.002628577407449484	-0.20745472609996796
ENSMUSG00000026637	0.014133680611848831	0.06983912736177444	-0.10385090857744217	0.0229452233761549	0.03411152586340904	0.16782215237617493
ENSMUSG00000032092	0.04779226332902908	-0.1626667082309723	0.07906390726566315	-0.1694420874118805	-0.05747392028570175	-0.05339910089969635
ENSMUSG00000051095	0.02901359088718891	-0.08617053180932999	0.19225658476352692	0.047264691442251205	0.0442938506603241	-0.1547565460205078
ENSMUSG00000026219	-0.01271754503250122	0.4386732876300812	0.0598609559237957	0.4363502264022827	0.003042977536097169	0.36404919624328613
ENSMUSG00000078901	-0.06282311677932739	-1.0762951374053955	0.2065160572528839	-0.9183188676834106	-0.15367747843265533	-0.33692947030067444
ENSMUSG00000086108	-0.015183337032794952	0.40417832136154175	0.05258423835039139	0.3379879295825958	0.016921130940318108	0.3410089910030365
ENSMUSG00000026775	-0.008792716078460217	0.4731425940990448	0.02415391616523266	0.47905823588371277	0.008275614120066166	0.4171980917453766
ENSMUSG00000100369	-0.07660745829343796	-0.398619681596756	-0.05488584563136101	-0.3593714237213135	0.008549569174647331	-0.216405987739563
ENSMUSG00000009112	-0.0024005321320146322	0.3022094666957855	0.029240505769848824	0.4147977828979492	0.018896637484431267	0.35763081908226013
ENSMUSG00000108584	0.026459569111466408	-0.07025280594825745	0.1537029892206192	0.33961227536201477	0.03204001486301422	-0.14334626495838165
ENSMUSG00000090873	-0.016299014911055565	0.3330345153808594	-0.062358561903238297	0.15971821546554565	0.011246183887124062	0.2686864733695984
ENSMUSG00000044814	0.03562632203102112	-0.15239018201828003	0.23157383501529694	-0.08069378137588501	0.039335526525974274	-0.21540062129497528
ENSMUSG00000024074	0.008521374315023422	0.2790983319282532	-0.10510029643774033	0.19163835048675537	0.029883436858654022	0.34070804715156555
ENSMUSG00000096820	-0.06282311677932739	-1.0762951374053955	0.2065160572528839	-0.9183188676834106	-0.15367747843265533	-0.33692947030067444
ENSMUSG00000114188	0.0005904635181650519	0.13187985122203827	-0.029353482648730278	-0.025996405631303787	0.024404369294643402	0.2009909301996231
ENSMUSG00000090207	0.030873939394950867	0.44476941227912903	0.1563550978899002	0.4264753758907318	-0.048891328275203705	0.31638434529304504
ENSMUSG00000041650	0.005783488973975182	0.2795756459236145	-0.060680512338876724	0.2777741551399231	0.026729555800557137	0.2597236633300781
ENSMUSG00000031449	-0.008159950375556946	-0.14770275354385376	-0.0706462487578392	-0.15683594346046448	0.02608330547809601	-0.22771050035953522
ENSMUSG00000114898	-0.009341123513877392	-0.126565083861351	-0.1360192745923996	-0.16129696369171143	0.009611167944967747	-0.2726022005081177
ENSMUSG00000020654	0.004873467609286308	0.17851339280605316	-0.06478941440582275	0.16396504640579224	0.02032526209950447	0.2310185581445694
ENSMUSG00000033080	-0.0008919385727494955	-0.01330026425421238	-0.07174187153577805	-0.08487781882286072	0.006115166004747152	0.10882339626550674
ENSMUSG00000101965	-0.007501834537833929	-0.14586693048477173	-0.11900755017995834	-0.26841071248054504	0.016048364341259003	-0.24436943233013153
ENSMUSG00000037364	0.0024806621950119734	0.4868086278438568	0.1002231314778328	0.6948100328445435	0.004345965571701527	0.36682090163230896
ENSMUSG00000111208	-0.0038925018161535263	-0.16237851977348328	-0.12578581273555756	-0.19938330352306366	0.0083758644759655	-0.316792368888855
ENSMUSG00000057596	-0.02713986113667488	-0.2226671725511551	-0.09421130269765854	-0.28568169474601746	0.040765997022390366	-0.2403431534767151
ENSMUSG00000090706	0.011617820709943771	0.12996423244476318	-0.008626830764114857	0.4524374306201935	0.013300307095050812	0.029757315292954445
ENSMUSG00000037428	0.15504597127437592	-0.011973794549703598	0.1588754504919052	-0.0722246915102005	-0.07878510653972626	0.002241256646811962
ENSMUSG00000120789	0.016681082546710968	0.4397377669811249	-0.024871179834008217	0.5133126974105835	0.030111344531178474	0.34762516617774963
ENSMUSG00000075267	0.013639512471854687	-0.03704899176955223	-0.10724220424890518	-0.08746757358312607	0.03822712227702141	-0.21602560579776764
ENSMUSG00000105975	-0.009872722439467907	-0.17149557173252106	-0.12634670734405518	-0.2478838711977005	0.018702605739235878	-0.2401599884033203
ENSMUSG00000021037	-0.005143169313669205	0.43709003925323486	0.1083529070019722	0.4329846203327179	-0.005921808071434498	0.3806378245353699
ENSMUSG00000021760	0.00805024616420269	0.0816233828663826	-0.11263487488031387	-0.03231797739863396	0.028652364388108253	0.1313263177871704
ENSMUSG00000104370	0.002340008970350027	-0.18812860548496246	-0.10965073853731155	-0.23979227244853973	0.02620929665863514	-0.2138216197490692
ENSMUSG00000087502	-0.006500270217657089	0.45932701230049133	0.12138685584068298	0.4448161721229553	0.001982000656425953	0.3659857213497162
ENSMUSG00000020903	0.0038027665577828884	0.3644848167896271	-0.08658326417207718	0.09894809871912003	0.03268929198384285	0.34533965587615967
ENSMUSG00000031297	0.037905801087617874	0.048521488904953	0.09567627310752869	0.5836342573165894	0.009723898023366928	0.11229252815246582
ENSMUSG00000023707	-0.01418265700340271	0.38948363065719604	0.009647841565310955	0.25325363874435425	0.014347543939948082	0.2844446897506714
ENSMUSG00000059303	0.008208326995372772	-0.11919502913951874	-0.10095923393964767	-0.15903456509113312	0.022123640403151512	-0.2702634930610657
ENSMUSG00000027229	0.011213936842978	0.12104946374893188	-0.022666284814476967	0.10612992197275162	0.021142959594726562	0.04021891579031944
ENSMUSG00000012187	0.0076897782273590565	-0.16325195133686066	-0.10343828052282333	-0.24905884265899658	0.0419037789106369	0.0390256866812706
ENSMUSG00000041722	0.005500646773725748	-0.1345120072364807	-0.1322164684534073	-0.23395301401615143	0.009277543053030968	-0.24065841734409332
ENSMUSG00000025869	-0.013835604302585125	0.4627779722213745	0.10266497731208801	0.332763135433197	0.01002049446105957	0.3794978857040405
ENSMUSG00000000339	-0.0021907982882112265	0.2612926959991455	0.04669131711125374	0.257598340511322	0.022444820031523705	0.2849022150039673
ENSMUSG00000039058	0.009133268147706985	-0.11714798957109451	-0.1040603369474411	-0.2762250304222107	0.038732998073101044	0.05821848288178444
ENSMUSG00000113052	0.02395048923790455	-0.08275089412927628	0.12018463015556335	0.20156405866146088	-0.015313107520341873	-0.06508578360080719
ENSMUSG00000050982	-0.06282311677932739	-1.0762951374053955	0.2065160572528839	-0.9183188676834106	-0.15367747843265533	-0.33692947030067444
ENSMUSG00000059588	0.0111610172316432	-0.052801862359046936	-0.11860868334770203	-0.16686657071113586	0.02334088832139969	-0.07773132622241974
ENSMUSG00000027316	0.07478361576795578	-0.11232639104127884	0.022342104464769363	-0.2697693705558777	-0.06719036400318146	-0.14764215052127838
ENSMUSG00000100711	-0.0035531811881810427	-0.14368489384651184	-0.12619110941886902	-0.26005908846855164	0.01474605593830347	-0.21675434708595276
ENSMUSG00000040592	0.02180628851056099	-0.07240099459886551	-0.03937656059861183	-0.10932177305221558	0.018091101199388504	-0.09709955006837845
ENSMUSG00000020038	-0.009934383444488049	0.4591241478919983	0.032075684517621994	0.5370429158210754	0.012313940562307835	0.36671292781829834
ENSMUSG00000110970	0.0024695596657693386	-0.05696284398436546	-0.11866429448127747	-0.18284966051578522	0.02402293123304844	-0.20683041214942932
ENSMUSG00000036026	-0.00990634597837925	0.37545180320739746	0.022393735125660896	0.2886584997177124	-0.011421562172472477	0.36030057072639465
ENSMUSG00000019945	0.011569421738386154	-0.05633610114455223	-0.10866815596818924	0.3042568862438202	0.01292367558926344	-0.034566789865493774
ENSMUSG00000028348	0.019236944615840912	-0.057820335030555725	0.010417270474135876	-0.13301429152488708	0.04264435917139053	-0.1812778264284134
ENSMUSG00000039318	-0.00781409814953804	0.38933083415031433	0.07945143431425095	0.5504491925239563	0.010306108742952347	0.33276498317718506
ENSMUSG00000064052	0.004848811775445938	0.0956745371222496	0.004851572681218386	0.3403971493244171	0.022419331595301628	0.22957032918930054
ENSMUSG00000042410	-0.011785167269408703	0.3516797721385956	0.05655762180685997	0.2584151029586792	0.013309955596923828	0.34897100925445557
ENSMUSG00000110899	-0.009103158488869667	0.36047127842903137	0.05398264527320862	0.23705065250396729	0.023607449606060982	0.23448745906352997
ENSMUSG00000100817	-0.06282311677932739	-1.0762951374053955	0.2065160572528839	-0.9183188676834106	-0.15367747843265533	-0.33692947030067444
ENSMUSG00000047619	-0.009064115583896637	-0.11779919266700745	-0.12261083722114563	-0.253368616104126	-0.014048243872821331	-0.24094273149967194
ENSMUSG00000078427	-0.011292668990790844	0.3844643533229828	0.034965936094522476	0.4098184108734131	0.00830002874135971	0.39250582456588745
ENSMUSG00000074149	-0.06282311677932739	-1.0762951374053955	0.2065160572528839	-0.9183188676834106	-0.15367747843265533	-0.33692947030067444
ENSMUSG00000121466	-0.013199671171605587	-0.1304055005311966	-0.12495718151330948	-0.232387974858284	0.006883877329528332	-0.2482578456401825
ENSMUSG00000086236	-0.0380220040678978	-0.755767822265625	-0.07251188904047012	-1.25218665599823	0.056019969284534454	-0.27508023381233215
ENSMUSG00000028972	0.008419474586844444	-0.13686500489711761	-0.051593031734228134	-0.20932254195213318	0.0294523686170578	-0.19280527532100677
ENSMUSG00000030427	1.1590570466069039e-05	-0.12032175064086914	-0.12334122508764267	-0.2599683105945587	0.012135300785303116	-0.2659391462802887
ENSMUSG00000093996	-0.038905154913663864	-0.2738130986690521	-0.07294903695583344	-0.3300188183784485	0.01478537917137146	-0.2271353155374527
ENSMUSG00000112547	-0.006527906283736229	0.4474755823612213	-0.034334681928157806	0.5204504728317261	0.012744640000164509	0.3050251305103302
ENSMUSG00000011463	-0.006905689369887114	-0.1667710244655609	-0.13524967432022095	-0.2108175903558731	0.009633512236177921	-0.22296632826328278
ENSMUSG00000080933	-0.07686161249876022	-0.3611851632595062	-0.10021236538887024	-0.3506055176258087	0.04198173061013222	-0.2823912501335144
ENSMUSG00000032311	-0.006239124573767185	0.23914998769760132	0.0010255709057673812	0.19541631639003754	0.021596208214759827	0.28800472617149353
ENSMUSG00000100619	-0.08928422629833221	-0.3000671863555908	-0.06673634797334671	-0.32214346528053284	-0.0258170198649168	-0.3004525601863861
ENSMUSG00000059900	0.026260659098625183	0.10321930795907974	0.1452430933713913	0.35896778106689453	-0.014703192748129368	-0.017007825896143913
ENSMUSG00000061119	-0.00479012681171298	0.42385900020599365	-0.013288209214806557	0.6234431266784668	0.015399080701172352	0.3892996609210968
ENSMUSG00000027668	0.0037630838342010975	0.29289790987968445	-0.062054187059402466	0.22074687480926514	0.028211701661348343	0.2987919747829437
ENSMUSG00000113334	-0.0013382636243477464	-0.12860792875289917	-0.13950195908546448	-0.09042242169380188	0.01836123876273632	-0.24264170229434967
ENSMUSG00000086540	-0.03515569120645523	-0.19082878530025482	-0.06945982575416565	-0.32204723358154297	-0.02180936560034752	-0.3077543079853058
ENSMUSG00000112390	-0.003148070303723216	-0.1823844462633133	-0.06166395545005798	-0.3519746661186218	0.0065239667892456055	-0.22422246634960175
ENSMUSG00000020929	-0.007895775139331818	0.5021008253097534	0.0391036681830883	0.41809937357902527	0.023626215755939484	0.35307738184928894
ENSMUSG00000049506	-0.015448113903403282	-0.14025409519672394	-0.13055743277072906	-0.157947838306427	0.026027889922261238	-0.21437983214855194
ENSMUSG00000033732	-0.01110160630196333	0.49632731080055237	0.09495605528354645	0.5209360122680664	0.0066130561754107475	0.42030203342437744
ENSMUSG00000020305	-0.0036029925104230642	0.12143255025148392	-0.017753589898347855	0.261294424533844	0.014283591881394386	0.12481085956096649
ENSMUSG00000031981	0.0006881103035993874	-0.12411710619926453	-0.10754793137311935	-0.054549962282180786	0.03985351324081421	-0.19785961508750916
ENSMUSG00000046711	0.03510519117116928	0.5459954738616943	0.1274799108505249	0.8052216172218323	0.040081609040498734	0.35991737246513367
ENSMUSG00000095061	0.0035100842360407114	-0.11434674263000488	0.06731408834457397	0.06108860671520233	-0.051830802112817764	-0.10534156858921051
ENSMUSG00000097155	-0.022278353571891785	0.4210880398750305	0.04957244545221329	0.5536693930625916	0.010322187095880508	0.31433600187301636
ENSMUSG00000112728	0.014760781079530716	0.05336696282029152	0.08537612855434418	0.1980362832546234	-0.012753934599459171	0.0541466623544693
ENSMUSG00000114883	-0.005466259550303221	0.2749771177768707	0.017170405015349388	0.4508730173110962	0.013559987768530846	0.1574898362159729
ENSMUSG00000111849	-0.06282311677932739	-1.0762951374053955	0.2065160572528839	-0.9183188676834106	-0.15367747843265533	-0.33692947030067444
ENSMUSG00000021670	-0.011355969123542309	0.3917958438396454	0.059516992419958115	0.36370357871055603	0.008626051247119904	0.33782193064689636
ENSMUSG00000115807	0.032595694065093994	-0.1254086047410965	0.17111144959926605	0.14648325741291046	-0.01704486459493637	-0.12823037803173065
ENSMUSG00000107809	-0.022291075438261032	-0.1933126002550125	-0.12403862178325653	-0.26257574558258057	0.008489117957651615	-0.22323089838027954
ENSMUSG00000024395	0.0014040630776435137	-0.11277828365564346	-0.11246918886899948	-0.12770113348960876	0.011799008585512638	0.037401970475912094
ENSMUSG00000100177	0.022376876324415207	-0.032276757061481476	-0.130296990275383	-0.17740768194198608	-0.004603317007422447	-0.2550065815448761
ENSMUSG00000078921	-0.06282311677932739	-1.0762951374053955	0.2065160572528839	-0.9183188676834106	-0.15367747843265533	-0.33692947030067444
ENSMUSG00000114575	0.005534701514989138	-0.08946995437145233	-0.037567317485809326	0.015012376010417938	0.0280214324593544	-0.20809487998485565
ENSMUSG00000090050	0.01061291340738535	-0.05853111669421196	-0.11841468513011932	-0.03644270822405815	-0.0503486692905426	0.039995547384023666
ENSMUSG00000040667	-0.008866701275110245	0.47412827610969543	0.10098516196012497	0.5385593175888062	0.006566224619746208	0.3568260073661804
ENSMUSG00000105258	0.010338431224226952	-0.08781015127897263	-0.11841730028390884	-0.19179096817970276	0.03502098470926285	-0.11269793659448624
ENSMUSG00000096210	0.025800364091992378	0.3155929446220398	0.10631172358989716	0.5231475234031677	-0.004107513464987278	0.23081126809120178
ENSMUSG00000031221	0.017189009115099907	0.25571832060813904	0.06833478063344955	0.24821099638938904	0.02608894370496273	0.30603671073913574
ENSMUSG00000095113	-0.06282311677932739	-1.0762951374053955	0.2065160572528839	-0.9183188676834106	-0.15367747843265533	-0.33692947030067444
ENSMUSG00000025290	0.036898668855428696	0.4897727966308594	0.14739897847175598	0.5879712700843811	-0.015559366904199123	0.33019334077835083
ENSMUSG00000101109	-0.06282311677932739	-1.0762951374053955	0.2065160572528839	-0.9183188676834106	-0.15367747843265533	-0.33692947030067444
ENSMUSG00000052681	-0.011921730823814869	0.3615078628063202	0.029055800288915634	0.3721952736377716	0.004564458504319191	0.31385543942451477
ENSMUSG00000086205	0.02912953682243824	-0.13248558342456818	-0.011382280848920345	-0.15295366942882538	0.009148992598056793	-0.23711267113685608
ENSMUSG00000097336	0.005316376686096191	-0.016416942700743675	-0.07335326075553894	-0.013036543503403664	0.03026055544614792	0.08177725970745087
ENSMUSG00000090191	0.03887644782662392	-0.10047703981399536	0.02511710114777088	-0.23952749371528625	-0.025377437472343445	-0.1319376826286316
ENSMUSG00000028138	-0.010298298671841621	0.4672994613647461	0.0682121142745018	0.605422854423523	0.0066988603211939335	0.3977903723716736
ENSMUSG00000079146	0.00053751579253003	-0.12708795070648193	-0.08819469809532166	-0.18187445402145386	0.04018939658999443	-0.16320331394672394
ENSMUSG00000047880	0.008686467073857784	0.019868426024913788	-0.07748952507972717	0.10012537986040115	0.03618035838007927	-0.1645263284444809
ENSMUSG00000034349	-0.0050728959031403065	0.47437000274658203	0.09225838631391525	0.5455871820449829	-0.00939260795712471	0.4087084233760834
ENSMUSG00000118226	-0.03620299696922302	-0.24982324242591858	-0.11858567595481873	-0.24128827452659607	0.01998652145266533	-0.22697332501411438
ENSMUSG00000074934	-0.0030752646271139383	0.04832456633448601	-0.11577077955007553	-0.06627464294433594	0.018238702788949013	0.13184288144111633
ENSMUSG00000040688	-0.011701034381985664	0.38116347789764404	0.09228511899709702	0.48380669951438904	0.008330623619258404	0.3147435486316681
ENSMUSG00000051424	-0.0036146456841379404	-0.14461015164852142	-0.11260876804590225	-0.14619436860084534	0.01313544437289238	-0.20644153654575348
ENSMUSG00000087277	0.005639677867293358	-0.06075941398739815	-0.04597393050789833	-0.16468597948551178	0.03984620422124863	-0.0701155737042427
ENSMUSG00000085641	-0.011908875778317451	-0.18209326267242432	-0.11468590050935745	-0.338291734457016	0.010669002309441566	-0.2194543480873108
ENSMUSG00000059975	-0.002241636859253049	0.3475644290447235	0.12305637449026108	0.15183354914188385	-0.015731314197182655	0.25384098291397095
ENSMUSG00000116347	0.02367868274450302	0.5352441072463989	0.1515057533979416	0.6870718598365784	0.013704181648790836	0.39841994643211365
ENSMUSG00000021248	-0.009346922859549522	0.44966328144073486	-0.009101273491978645	0.5461902618408203	0.0001820716424845159	0.37054443359375
ENSMUSG00000014813	0.007973830215632915	-0.15495926141738892	-0.12225976586341858	-0.20290851593017578	0.03691054880619049	-0.03720930591225624
ENSMUSG00000117823	0.004638858139514923	-0.13228096067905426	-0.09730716794729233	-0.19817888736724854	-0.038263123482465744	-0.07528980076313019
ENSMUSG00000018411	-0.00430965144187212	0.32795825600624084	0.1242232546210289	0.27374768257141113	-0.010533035732805729	0.25380489230155945
ENSMUSG00000073403	0.006046265829354525	-0.06694403290748596	-0.10738888382911682	-0.132280632853508	0.018362678587436676	0.06717520952224731
ENSMUSG00000039057	0.02058522030711174	-0.16580308973789215	-0.10065089911222458	-0.20177693665027618	0.03196612745523453	0.12365083396434784
ENSMUSG00000112228	0.009721154347062111	-0.12732942402362823	-0.14124426245689392	0.030941128730773926	0.03252537176012993	-0.10344907641410828
ENSMUSG00000019731	-0.008134673349559307	0.4674604535102844	0.06659888476133347	0.38932377099990845	0.019549677148461342	0.39142295718193054
ENSMUSG00000090302	0.007407825440168381	-0.08483550697565079	-0.12078720331192017	-0.1721409261226654	0.02091984823346138	-0.22425252199172974
ENSMUSG00000115060	-0.005904737859964371	-0.1883723884820938	-0.11385218799114227	-0.27732133865356445	0.016582392156124115	-0.3094730079174042
ENSMUSG00000104839	0.00521677453070879	-0.10172367095947266	-0.11055915057659149	-0.08635483682155609	0.027845917269587517	-0.09364888072013855
ENSMUSG00000117916	0.03492160886526108	-0.10220739245414734	0.0742596834897995	0.03948398679494858	0.039493463933467865	-0.18251800537109375
ENSMUSG00000111715	-0.011221611872315407	-0.13007375597953796	-0.12129341810941696	-0.2250158190727234	-0.013052958995103836	-0.26982980966567993
ENSMUSG00000111157	0.001105072908103466	-0.09030113369226456	-0.09565313160419464	-0.12596170604228973	0.027261221781373024	-0.18968793749809265
ENSMUSG00000036282	-0.012331299483776093	0.42550015449523926	0.03884037956595421	0.43716686964035034	0.006397571414709091	0.3431529998779297
ENSMUSG00000062478	-0.010250960476696491	-0.15563911199569702	-0.12510812282562256	-0.20045089721679688	0.029128210619091988	-0.20840509235858917
ENSMUSG00000103575	-0.027104336768388748	-0.15517903864383698	-0.11972089111804962	-0.20826004445552826	0.005240112543106079	-0.24367474019527435
ENSMUSG00000037953	-0.0002616335405036807	-0.14460813999176025	-0.13531656563282013	-0.18365663290023804	0.02420964650809765	-0.20227651298046112
ENSMUSG00000086677	0.01162805873900652	-0.04869665205478668	0.0006709503941237926	-0.025865759700536728	0.010899871587753296	-0.012472307309508324
ENSMUSG00000027876	-0.0020950871985405684	-0.13492688536643982	-0.1203763410449028	-0.21913520991802216	0.0334603413939476	-0.1298007369041443
ENSMUSG00000040616	0.0075504654087126255	0.24566632509231567	0.10419051349163055	0.33352982997894287	-0.01993989199399948	0.2584303319454193
ENSMUSG00000095793	-0.06282311677932739	-1.0762951374053955	0.2065160572528839	-0.9183188676834106	-0.15367747843265533	-0.33692947030067444
ENSMUSG00000050966	0.021516980603337288	0.3515094518661499	0.1291678547859192	0.5049749612808228	-0.010965279303491116	0.2965243458747864
ENSMUSG00000121442	-0.019453376531600952	-0.1888004094362259	-0.11542186886072159	-0.2842607796192169	0.019036605954170227	-0.26751089096069336
ENSMUSG00000026281	-0.010304686613380909	0.4212334156036377	0.08983144909143448	0.6218541860580444	0.01331091858446598	0.3219454288482666
ENSMUSG00000108371	0.020544588565826416	-0.08359161019325256	-0.04760047793388367	-0.2343229055404663	0.002586771734058857	-0.16462378203868866
ENSMUSG00000118347	0.02681201882660389	-0.061155423521995544	0.09601178020238876	0.03066178411245346	-0.01691562682390213	-0.13910403847694397
ENSMUSG00000048096	0.004872184246778488	-0.05878743529319763	-0.07147393375635147	-0.013051760382950306	0.025687675923109055	-0.0237995907664299
ENSMUSG00000037119	-0.0041383495554327965	0.3446868062019348	-0.030291378498077393	0.2396736890077591	0.02507234364748001	0.3333361744880676
ENSMUSG00000022629	0.010537358932197094	0.21941633522510529	-0.08842052519321442	0.1881055235862732	0.02533033676445484	0.28648608922958374
ENSMUSG00000022061	0.01841648295521736	0.17653828859329224	-0.10580702126026154	-0.09609189629554749	0.028361564502120018	0.18767651915550232
ENSMUSG00000114053	0.018846793100237846	-0.05073140189051628	0.12546902894973755	0.19628484547138214	0.03689941018819809	-0.13883894681930542
ENSMUSG00000120687	-2.6536361019680044e-06	0.6201242208480835	0.053429365158081055	0.6148245334625244	0.0139412060379982	0.3480268120765686
ENSMUSG00000095717	-0.06282311677932739	-1.0762951374053955	0.2065160572528839	-0.9183188676834106	-0.15367747843265533	-0.33692947030067444
ENSMUSG00000020271	-0.014454559423029423	0.47701478004455566	-0.007214633282274008	0.34496623277664185	0.010369318537414074	0.383826345205307
ENSMUSG00000108081	-0.02061632089316845	-0.1405525952577591	-0.08143126219511032	-0.25128811597824097	0.026231739670038223	-0.17277133464813232
ENSMUSG00000026162	-0.0003258548676967621	0.4081166088581085	-0.03444303572177887	0.40472397208213806	0.02526315674185753	0.28421321511268616
ENSMUSG00000038025	0.002059144200757146	0.07398220151662827	-0.10033586621284485	-0.08865165710449219	0.02058296650648117	0.22768205404281616
ENSMUSG00000074292	0.007590568158775568	-0.09946636855602264	-0.11884494870901108	0.017146194353699684	0.011368513107299805	-0.22526003420352936
ENSMUSG00000087047	0.00213642418384552	-0.002225843258202076	0.09482123702764511	0.4091152250766754	0.01103384979069233	0.1408683806657791
ENSMUSG00000099855	-0.06282311677932739	-1.0762951374053955	0.2065160572528839	-0.9183188676834106	-0.15367747843265533	-0.33692947030067444
ENSMUSG00000038910	0.022558243945240974	0.09248799085617065	-0.10826614499092102	0.023154539987444878	0.02801850065588951	0.2814544141292572
ENSMUSG00000039263	-0.007474736776202917	0.13760536909103394	-0.006345052272081375	0.11368796229362488	0.008869665674865246	0.21372175216674805
ENSMUSG00000015837	0.00012329331366345286	0.49775201082229614	0.0510433092713356	0.5444546341896057	0.008232448250055313	0.3000590205192566
ENSMUSG00000024454	-0.005381192080676556	0.25430965423583984	-0.013046958483755589	0.2661992907524109	0.021805472671985626	0.3395005464553833
ENSMUSG00000085852	7.110714795999229e-05	-0.09995517879724503	-0.0867481604218483	-0.24776293337345123	0.03671626001596451	-0.1244877278804779
ENSMUSG00000053347	-0.0007417959859594703	0.295078843832016	-0.05612080544233322	0.30948203802108765	0.023755917325615883	0.33362603187561035
ENSMUSG00000090232	0.012827274389564991	-0.0763295367360115	-0.09368935227394104	-0.23355281352996826	0.01884543150663376	-0.2298814058303833
ENSMUSG00000055305	0.0003422782465349883	0.12727975845336914	0.07688223570585251	0.33526352047920227	0.018021533265709877	0.12822085618972778
ENSMUSG00000116155	-0.04256482049822807	-0.17271605134010315	-0.09470349550247192	-0.31221652030944824	-0.01260092481970787	-0.2906736433506012
ENSMUSG00000115659	-0.019074074923992157	-0.2059449404478073	-0.09582483023405075	-0.34822195768356323	-0.0010711137438192964	-0.22720804810523987
ENSMUSG00000044551	0.0027660923078656197	0.21675342321395874	0.007006258238106966	0.24444030225276947	0.026563312858343124	0.2660107910633087
ENSMUSG00000022335	0.01596331223845482	0.5141765475273132	-0.11603140830993652	0.4790646731853485	0.03351839631795883	0.4021556079387665
ENSMUSG00000097932	0.017718756571412086	0.15944945812225342	0.14191313087940216	0.39095401763916016	-0.004598451778292656	0.04927143082022667
ENSMUSG00000094217	-0.06282311677932739	-1.0762951374053955	0.2065160572528839	-0.9183188676834106	-0.15367747843265533	-0.33692947030067444
ENSMUSG00000091227	0.017805190756917	-0.1202666386961937	-0.03764102980494499	-0.17546531558036804	0.030865110456943512	-0.19702205061912537
ENSMUSG00000030954	-0.02328459732234478	-0.1412874460220337	-0.10438534617424011	-0.2976350784301758	-0.00802314281463623	-0.31942224502563477
ENSMUSG00000021185	0.07437299191951752	0.03380309417843819	-0.012513084337115288	0.21039144694805145	-0.017658298835158348	0.0974278673529625
ENSMUSG00000039357	-0.0014093598583713174	0.42149853706359863	0.13192567229270935	0.39385223388671875	-0.018055953085422516	0.2933787405490875
ENSMUSG00000021250	0.004493005108088255	0.3820972442626953	0.11856527626514435	0.5437725186347961	0.011011222377419472	0.3010975122451782
ENSMUSG00000032948	-0.003033615881577134	-0.12363691627979279	-0.12889273464679718	-0.23401160538196564	0.012055072002112865	-0.22502516210079193
ENSMUSG00000103692	0.005240477155894041	-0.07125211507081985	-0.14633968472480774	-0.09615497291088104	0.007353354711085558	-0.20561668276786804
ENSMUSG00000114342	0.01192682608962059	-0.1164834126830101	-0.1176004484295845	-0.18365365266799927	0.0259223822504282	-0.018313104286789894
ENSMUSG00000063838	0.005696330219507217	0.08848851174116135	0.06144484505057335	0.04054604470729828	-0.012926789931952953	0.09647774696350098
ENSMUSG00000041341	-0.006456892006099224	0.5001229047775269	0.013124988414347172	0.5272918939590454	0.017535816878080368	0.4304966330528259
ENSMUSG00000114584	0.01764567568898201	-0.06387036293745041	-0.038544051349163055	-0.025789743289351463	0.00950593501329422	-0.18603381514549255
ENSMUSG00000074024	0.00039777217898517847	0.4050297439098358	0.11211046576499939	0.44984301924705505	-0.0015468113124370575	0.3096986711025238
ENSMUSG00000021559	-0.0023505876306444407	0.25746819376945496	-0.07285519689321518	0.17585502564907074	0.013946887105703354	0.3115461766719818
ENSMUSG00000028098	-0.008678160607814789	0.39293891191482544	-0.013055998831987381	0.33712664246559143	0.020360123366117477	0.40999835729599
ENSMUSG00000118380	0.026727881282567978	-0.06610984355211258	0.09678836911916733	-0.017980797216296196	0.01833607628941536	-0.18587087094783783
ENSMUSG00000113966	-0.0051124002784490585	-0.1471380740404129	-0.11250810325145721	-0.23832516372203827	0.036990776658058167	-0.09340420365333557
ENSMUSG00000083294	-0.026375770568847656	-0.29008588194847107	-0.0974411591887474	-0.3900128901004791	0.03604711964726448	-0.2129381000995636
ENSMUSG00000069255	0.031312067061662674	0.14712485671043396	-0.09148649871349335	-0.05215033143758774	0.032319311052560806	0.29555121064186096
ENSMUSG00000108530	0.0060775792226195335	-0.11464276909828186	-0.016358667984604836	0.004076523706316948	0.003781801788136363	-0.05128628388047218
ENSMUSG00000091994	0.056309256702661514	0.521394670009613	0.16215133666992188	0.6010817885398865	-0.014785567298531532	0.3385082185268402
ENSMUSG00000019214	-0.010127122513949871	0.19496911764144897	0.004666607361286879	0.20802462100982666	-0.0015393962385132909	0.3041638433933258
ENSMUSG00000103593	0.0584021657705307	0.2881581783294678	0.11017181724309921	0.5482543706893921	-0.02089495211839676	0.24803905189037323
ENSMUSG00000067567	0.02372816391289234	0.08697538077831268	-0.05824730545282364	0.26454460620880127	0.012560684233903885	0.1817476898431778
ENSMUSG00000120221	0.005833467934280634	0.3003285527229309	-0.09271395951509476	0.15833117067813873	0.02696196548640728	0.25762757658958435
ENSMUSG00000112891	0.02509545348584652	-0.10126079618930817	0.15583951771259308	0.10691455751657486	-0.039915136992931366	-0.07101471722126007
ENSMUSG00000024600	0.012209725566208363	-0.13414667546749115	-0.0955565869808197	-0.27176806330680847	0.02725263684988022	-0.04014381766319275
ENSMUSG00000066026	-0.0006171746645122766	0.10234042257070541	-0.057817988097667694	0.17571935057640076	0.017375105991959572	0.2607016861438751
ENSMUSG00000003355	0.01702357828617096	0.25218522548675537	0.12900523841381073	0.4372105896472931	-0.015516620129346848	0.2029348611831665
ENSMUSG00000051295	0.0022675031796097755	-0.13331176340579987	-0.08313758671283722	-0.29453328251838684	0.02382715791463852	-0.31577470898628235
ENSMUSG00000113050	-0.029361236840486526	-0.17428800463676453	-0.04818178713321686	-0.15056107938289642	-0.024893809109926224	-0.29905110597610474
ENSMUSG00000022300	-0.005886276252567768	0.44086146354675293	0.031018352136015892	0.463866651058197	0.019388142973184586	0.39847075939178467
ENSMUSG00000020122	0.009655488654971123	0.13394519686698914	-0.10894500464200974	0.13752450048923492	0.023870546370744705	0.2968318462371826
ENSMUSG00000096555	-0.002839679829776287	-0.15236657857894897	-0.1288081407546997	-0.2153538167476654	0.011798561550676823	-0.27126544713974
ENSMUSG00000026623	0.00020660023437812924	0.14250122010707855	-0.03583303093910217	0.1812131702899933	0.021485373377799988	0.24880029261112213
ENSMUSG00000002280	-0.0027785259298980236	0.24348516762256622	-0.025178350508213043	0.11570483446121216	0.025003861635923386	0.21923720836639404
ENSMUSG00000026073	-0.005104009993374348	-0.17751263082027435	-0.12717317044734955	-0.21609804034233093	0.04008573666214943	-0.11706453561782837
ENSMUSG00000005949	0.0048396773636341095	0.22995205223560333	0.09336913377046585	0.33831217885017395	0.01646178588271141	0.27502501010894775
ENSMUSG00000021743	0.01302379835397005	-0.18882766366004944	-0.06382880359888077	-0.3845732808113098	-0.06246056407690048	-0.14634764194488525
ENSMUSG00000096898	-0.06282311677932739	-1.0762951374053955	0.2065160572528839	-0.9183188676834106	-0.15367747843265533	-0.33692947030067444
ENSMUSG00000031264	-0.026325002312660217	-0.22380182147026062	-0.11706811189651489	-0.24586240947246552	0.02227877639234066	-0.2421649694442749
ENSMUSG00000098161	0.023592688143253326	0.2306494563817978	0.13396905362606049	0.5182012319564819	0.015223798342049122	0.12483218312263489
ENSMUSG00000036687	0.012757927179336548	-0.08705969899892807	-0.0006640686769969761	-0.09460748732089996	-0.016581052914261818	-0.019616002216935158
ENSMUSG00000107314	0.011768790893256664	-0.12856195867061615	-0.055516842752695084	-0.15326860547065735	0.0327196903526783	-0.16769513487815857
ENSMUSG00000038615	0.009007083252072334	0.46201708912849426	0.11001194268465042	0.6442524790763855	-0.011645304039120674	0.3636544942855835
ENSMUSG00000003345	-0.007638715673238039	0.46737605333328247	0.07601180672645569	0.5426909923553467	-0.008187816478312016	0.34942832589149475
ENSMUSG00000108550	-0.01168997772037983	-0.13270246982574463	-0.10828163474798203	-0.24695643782615662	0.03090096265077591	-0.20362375676631927
ENSMUSG00000107682	0.07488255202770233	-0.06137216463685036	0.1359158158302307	-0.008956910111010075	-0.06960458308458328	-0.10330076515674591
ENSMUSG00000022048	-0.006933869794011116	0.3311486840248108	-0.029624247923493385	0.3323371410369873	0.009904545731842518	0.3843395709991455
ENSMUSG00000109578	0.001993921585381031	-0.09706627577543259	-0.10638156533241272	-0.2450452446937561	0.018917828798294067	-0.1713404506444931
ENSMUSG00000066366	-0.042720332741737366	-0.2760774791240692	-0.09108706563711166	-0.38274627923965454	0.003331888699904084	-0.25179651379585266
ENSMUSG00000057133	-0.0037987912073731422	0.41190487146377563	-0.006816105451434851	0.4235115051269531	0.022318653762340546	0.3607434928417206
ENSMUSG00000032218	-0.009940235875546932	0.34877365827560425	0.08505016565322876	0.537196159362793	0.009837517514824867	0.2907956838607788
ENSMUSG00000025323	0.002451141830533743	0.4711327850818634	-0.04090451821684837	0.5629695653915405	0.022196371108293533	0.39621177315711975
ENSMUSG00000108043	-0.00395329762250185	-0.13743488490581512	-0.12016173452138901	-0.02821010909974575	0.03819411247968674	-0.10570642352104187
ENSMUSG00000092199	0.008490247651934624	-0.08420030772686005	-0.11080548167228699	-0.1861400008201599	0.01909392885863781	-0.25868088006973267
ENSMUSG00000092036	-0.06282311677932739	-1.0762951374053955	0.2065160572528839	-0.9183188676834106	-0.15367747843265533	-0.33692947030067444
ENSMUSG00000117715	0.016316063702106476	-0.1394115388393402	-0.09023888409137726	-0.24938127398490906	0.02839076705276966	-0.02028747648000717
ENSMUSG00000024583	-0.0058966572396457195	0.2715480923652649	0.07546868920326233	0.3703211843967438	-0.003142351284623146	0.21538327634334564
ENSMUSG00000020682	0.014815492555499077	-0.07061414420604706	0.03863589093089104	0.04553041607141495	-0.03268323838710785	0.08543195575475693
ENSMUSG00000066279	0.04275313764810562	-0.11441990733146667	0.0012979012681171298	-0.05678742751479149	-0.03228943422436714	-0.10516605526208878
ENSMUSG00000106153	0.011963770724833012	-0.09406755119562149	0.03673284873366356	-0.11257875710725784	0.0405600368976593	-0.220359206199646
ENSMUSG00000033417	-0.006923025939613581	0.4425838887691498	-0.025335663929581642	0.4766533672809601	0.012287091463804245	0.3729035556316376
ENSMUSG00000046909	0.03854771703481674	0.4709893763065338	0.09505993127822876	0.5480960011482239	0.027520734816789627	0.28196537494659424
ENSMUSG00000113009	0.0063841515220701694	-0.0762258842587471	-0.09118502587080002	-0.2266368418931961	-0.012633663602173328	-0.08690667152404785
ENSMUSG00000094822	0.0030393870547413826	-0.18879537284374237	-0.1361226588487625	-0.19264604151248932	0.019411485642194748	-0.19426561892032623
ENSMUSG00000086758	-0.0055662901140749454	-0.14341914653778076	-0.13380001485347748	-0.18858329951763153	0.007438941393047571	-0.23124778270721436
ENSMUSG00000092569	-0.004705527331680059	0.4271170496940613	0.09497193992137909	0.5991601347923279	0.010773696005344391	0.37340766191482544
ENSMUSG00000112669	0.011893928982317448	-0.11225077509880066	-0.05903681367635727	-0.14427834749221802	0.030563736334443092	-0.22140419483184814
ENSMUSG00000121601	0.02372925542294979	-0.13154704868793488	-0.03765689209103584	0.03901107981801033	0.03612940385937691	-0.18117304146289825
ENSMUSG00000103459	-0.02356213890016079	-0.16460323333740234	-0.12900319695472717	-0.2065977156162262	-0.015973592177033424	-0.2577282190322876
ENSMUSG00000078752	-0.0022593820467591286	-0.14007802307605743	-0.10310272872447968	-0.25271907448768616	0.018579505383968353	-0.23041677474975586
ENSMUSG00000020235	-0.0007798494189046323	0.43266838788986206	0.13326580822467804	0.4074298143386841	-0.008101130835711956	0.30712512135505676
ENSMUSG00000113593	-0.0004406175867188722	-0.13169969618320465	-0.09041571617126465	-0.35970982909202576	0.01804976910352707	-0.2312961220741272
ENSMUSG00000052974	0.013009575195610523	-0.1523922085762024	-0.0845315009355545	-0.33101657032966614	0.017992759123444557	-0.18877705931663513
ENSMUSG00000005696	-0.03714029863476753	-0.2484932839870453	-0.11917369812726974	-0.2273625135421753	0.01444885041564703	-0.15438885986804962
ENSMUSG00000097399	0.022580314427614212	-0.04940613731741905	0.0007030233973637223	0.22923237085342407	0.03164838254451752	-0.12284116446971893
ENSMUSG00000005107	-0.002866539638489485	-0.141534224152565	-0.12279295921325684	-0.26969072222709656	0.02900376170873642	-0.23948538303375244
ENSMUSG00000103651	0.051158834248781204	-0.024206288158893585	0.15692786872386932	0.33545345067977905	-0.05310523509979248	-0.09706182777881622
ENSMUSG00000031590	-0.00587114691734314	0.4309471547603607	0.05046264827251434	0.20468533039093018	0.024562321603298187	0.2964949905872345
ENSMUSG00000112833	0.007203251123428345	0.028516938909888268	-0.040945712476968765	0.25501736998558044	0.026558635756373405	0.10064151883125305
ENSMUSG00000031930	-0.007524609100073576	0.4215204119682312	0.033985696732997894	0.5384323000907898	0.015294120647013187	0.3569740653038025
ENSMUSG00000025086	0.00029796382295899093	0.22967351973056793	-0.001988879404962063	0.27852901816368103	0.023113222792744637	0.24899816513061523
ENSMUSG00000026785	-0.0062460871413350105	0.251425176858902	0.09027177840471268	0.4620942175388336	0.006509267259389162	0.22771494090557098
ENSMUSG00000035394	0.00941008236259222	-0.042210906744003296	-0.13432416319847107	-0.005952129140496254	0.02046610601246357	-0.10573605448007584
ENSMUSG00000086319	-0.028032906353473663	-0.21003764867782593	-0.11955089867115021	-0.25519227981567383	0.029561340808868408	-0.19993910193443298
ENSMUSG00000069307	0.018282391130924225	0.5210134983062744	0.09001483023166656	0.7029597759246826	0.0565277561545372	0.3308025300502777
ENSMUSG00000020140	0.008945455774664879	0.03963389992713928	-0.10036151111125946	-0.10575232654809952	0.035486672073602676	0.18144065141677856
ENSMUSG00000106507	0.040004853159189224	-0.08482346683740616	0.048843320459127426	-0.10217313468456268	0.02098691277205944	-0.04239608347415924
ENSMUSG00000053399	0.021744385361671448	0.05191480740904808	-0.08962717652320862	0.007719240617007017	0.020749108865857124	0.1909782737493515
ENSMUSG00000022225	0.016413424164056778	-0.10772663354873657	-0.13621380925178528	-0.24704478681087494	0.03184518218040466	-0.1533694565296173
ENSMUSG00000085813	-0.010369601659476757	-0.12411239743232727	-0.12846076488494873	-0.16325761377811432	0.007229783106595278	-0.1881500482559204
ENSMUSG00000062782	-0.012740242294967175	-0.19736240804195404	-0.11256112903356552	-0.3388853371143341	0.02987317368388176	-0.2429175227880478
ENSMUSG00000116097	-0.0032749345991760492	0.09864766895771027	-0.025108153000473976	0.07948962599039078	0.013790059834718704	0.15108734369277954
ENSMUSG00000083752	0.004157055169343948	-0.12966769933700562	-0.12243104726076126	-0.29517877101898193	0.022161604836583138	-0.2312609851360321
ENSMUSG00000032264	0.0027381652034819126	0.3138027489185333	-0.000574064499232918	0.618294894695282	0.010602840222418308	0.3608695864677429
ENSMUSG00000028578	-0.008617525920271873	0.472696453332901	0.0017474362393841147	0.4937451481819153	0.019631732255220413	0.37413015961647034
ENSMUSG00000110474	0.023925714194774628	-0.013108407147228718	-0.018687857314944267	0.030396999791264534	0.029332073405385017	-0.26536551117897034
ENSMUSG00000116544	-0.0039834692142903805	0.20245294272899628	0.006822505965828896	0.285169780254364	0.017965301871299744	0.30193662643432617
ENSMUSG00000031162	-0.010201445780694485	-0.16432566940784454	0.041969072073698044	-0.08469052612781525	0.035068780183792114	-0.06753910332918167
ENSMUSG00000118651	0.018427826464176178	0.2524929642677307	0.10901416093111038	0.42903339862823486	-0.01950611174106598	0.2688353359699249
ENSMUSG00000032412	-0.009515689685940742	0.359941303730011	0.07513036578893661	0.47618257999420166	0.000932948081754148	0.3515926003456116
ENSMUSG00000001891	-0.007789223920553923	0.40897950530052185	0.044370632618665695	0.49556973576545715	0.0164333563297987	0.34455406665802
ENSMUSG00000069208	-0.002187337726354599	0.2237362265586853	0.022352619096636772	0.384395033121109	0.01801322214305401	0.25876641273498535
ENSMUSG00000024096	-0.004900965373963118	0.41408511996269226	0.09797916561365128	0.5604503750801086	0.003176522208377719	0.28046339750289917
ENSMUSG00000115740	-0.0062345783226192	-0.11774179339408875	-0.127336785197258	-0.22026850283145905	-1.346757653664099e-05	-0.23836389183998108
ENSMUSG00000075219	0.002947064582258463	-0.10839078575372696	-0.13285963237285614	-0.1642705351114273	0.005317023955285549	-0.2511524260044098
ENSMUSG00000029575	-0.0050431834533810616	0.3691774308681488	-0.0508742481470108	0.20397701859474182	0.023228758946061134	0.31149521470069885
ENSMUSG00000072620	0.030610423535108566	-0.09711988270282745	-0.10107596218585968	-0.213023841381073	0.03596295043826103	-0.1942751705646515
ENSMUSG00000113533	-0.06282311677932739	-1.0762951374053955	0.2065160572528839	-0.9183188676834106	-0.15367747843265533	-0.33692947030067444
ENSMUSG00000104956	0.004693734925240278	-0.18471384048461914	-0.11549104005098343	-0.3026467561721802	0.028037037700414658	-0.2426321804523468
ENSMUSG00000045777	-0.006017595063894987	-0.1686873584985733	-0.12123788148164749	0.01619897410273552	0.026842379942536354	-0.1102500930428505
ENSMUSG00000041482	0.029838457703590393	0.08667656779289246	-0.1050942987203598	0.0034252223558723927	0.028277738019824028	0.2778013050556183
ENSMUSG00000114080	-0.0030268337577581406	-0.18451014161109924	-0.12246744334697723	-0.26566851139068604	0.021992316469550133	-0.24839089810848236
ENSMUSG00000111078	0.011188657023012638	-0.049026597291231155	-0.037097785621881485	0.1521080732345581	0.022493338212370872	-0.19542741775512695
ENSMUSG00000005899	-0.004600179847329855	0.3866804838180542	0.05580715090036392	0.3590836822986603	0.02052908018231392	0.2905997335910797
ENSMUSG00000040268	-0.016420578584074974	0.39513999223709106	-0.002683542901650071	0.32239246368408203	0.012154102325439453	0.30998146533966064
ENSMUSG00000091304	-0.02669655717909336	-0.13772393763065338	-0.11672967672348022	-0.2524496614933014	0.017645902931690216	-0.24356712400913239
ENSMUSG00000106073	0.011872082017362118	-0.12221666425466537	-0.14097316563129425	-0.1611761599779129	0.015382652170956135	-0.28645163774490356
ENSMUSG00000087198	0.0027696513570845127	-0.1100333034992218	0.06671318411827087	0.13997778296470642	0.00822921097278595	-0.06201844662427902
ENSMUSG00000097110	-0.021354081109166145	-0.2308623343706131	-0.11188633739948273	-0.05136232078075409	0.009831836447119713	-0.07754374295473099
ENSMUSG00000026085	0.003561435965821147	-0.10270612686872482	0.001936520216986537	0.16509966552257538	0.02806243486702442	-0.15450187027454376
ENSMUSG00000052281	-0.00563129922375083	0.2844661772251129	0.0018109498778358102	0.4587399661540985	0.016972048208117485	0.27239277958869934
ENSMUSG00000037583	0.004380321595817804	-0.08823646605014801	-0.11218943446874619	-0.0017811122816056013	0.03168809413909912	-0.05737379565834999
ENSMUSG00000020340	-0.000419343588873744	0.1716817021369934	-0.09173168987035751	-0.0388794019818306	0.028765616938471794	0.2398131936788559
ENSMUSG00000034216	-0.0046323747374117374	0.22156110405921936	0.07518801093101501	0.3556966781616211	-0.03125082328915596	0.28078368306159973
ENSMUSG00000113082	0.007960689254105091	-0.08224337548017502	-0.1241285502910614	0.07421430945396423	0.029966535046696663	-0.06309181451797485
ENSMUSG00000116953	0.005269553512334824	0.5663609504699707	0.0895567536354065	0.6759095788002014	0.0218709334731102	0.34031161665916443
ENSMUSG00000050926	0.016330160200595856	-0.22109651565551758	-0.08390060067176819	-0.005710722878575325	0.03286507725715637	0.040817614644765854
ENSMUSG00000022285	0.009817320853471756	0.4978507161140442	0.1274060308933258	0.6911112070083618	0.022281212732195854	0.32298699021339417
ENSMUSG00000102110	-0.06282311677932739	-1.0762951374053955	0.2065160572528839	-0.9183188676834106	-0.15367747843265533	-0.33692947030067444
ENSMUSG00000111639	0.040873803198337555	0.30196839570999146	0.15398094058036804	0.35535916686058044	-0.03164888173341751	0.24500638246536255
ENSMUSG00000073415	-0.009029045701026917	0.4761315584182739	0.09461835771799088	0.46288880705833435	-0.0009919805452227592	0.38186806440353394
ENSMUSG00000107619	-0.001301717129535973	-0.13844004273414612	-0.06712526082992554	-0.37900272011756897	0.03349337354302406	-0.24689286947250366
ENSMUSG00000040533	0.01593276672065258	-0.12222737073898315	-0.11458736658096313	-0.0469338558614254	0.026856420561671257	-0.0922849178314209
ENSMUSG00000107933	0.0016372624086216092	-0.20878037810325623	0.09734166413545609	-0.039597075432538986	0.04761169105768204	-0.17363467812538147
ENSMUSG00000094763	-0.0054166847839951515	-0.14821214973926544	-0.12640024721622467	-0.17937391996383667	0.012028398923575878	-0.27051466703414917
ENSMUSG00000020733	-0.009329000487923622	0.36589717864990234	0.018343832343816757	0.26221734285354614	-0.012579407542943954	0.3028169870376587
ENSMUSG00000005917	-0.008529198355972767	0.13787636160850525	-0.05743224918842316	0.052977923303842545	-0.02490759827196598	0.20981726050376892
ENSMUSG00000110258	-0.01084918063133955	-0.19002309441566467	-0.10635308921337128	-0.1759079098701477	0.006678322330117226	-0.18691430985927582
ENSMUSG00000051000	-0.01077831257134676	-0.1432780623435974	-0.12115579843521118	-0.27505427598953247	0.016994129866361618	-0.22875335812568665
ENSMUSG00000092219	0.02995837852358818	0.005398249719291925	0.04713546857237816	-0.19523483514785767	0.014719732105731964	-0.0784418135881424
ENSMUSG00000021256	0.005480814725160599	0.1986287236213684	0.05755940452218056	0.053280606865882874	-0.02365611307322979	0.14559252560138702
ENSMUSG00000061728	0.023456551134586334	-0.10932799428701401	-0.055610183626413345	-0.04296109825372696	-0.021651456132531166	-0.1320532113313675
ENSMUSG00000054156	-0.017514057457447052	-0.15108859539031982	-0.1153489425778389	-0.2386370152235031	0.0077161602675914764	-0.31861940026283264
ENSMUSG00000022571	0.00736285699531436	0.15166372060775757	0.036529168486595154	0.26838061213493347	0.027955971658229828	0.17285571992397308
ENSMUSG00000053819	0.013029868714511395	0.3228633999824524	-0.05505884811282158	0.6148120760917664	0.009131884202361107	0.381745308637619
ENSMUSG00000116469	0.04021129757165909	-0.06085602194070816	0.20178508758544922	-0.1618986576795578	0.0037393225356936455	-0.13831189274787903
ENSMUSG00000113744	0.003042267169803381	-0.06579858064651489	0.1139586940407753	0.10811908543109894	0.0339156799018383	-0.2918337881565094
ENSMUSG00000034949	-0.008028007112443447	0.2736596465110779	-0.006038968451321125	0.19160987436771393	-0.011067136190831661	0.16008572280406952
ENSMUSG00000030368	-0.029512353241443634	-0.2054714560508728	-0.10975777357816696	-0.33549389243125916	0.02499883808195591	-0.22579412162303925
ENSMUSG00000101190	-0.06282311677932739	-1.0762951374053955	0.2065160572528839	-0.9183188676834106	-0.15367747843265533	-0.33692947030067444
ENSMUSG00000085498	0.006361409556120634	0.31792151927948	-0.0533643513917923	0.29975655674934387	0.02258342318236828	0.359296977519989
ENSMUSG00000074738	0.026106709614396095	0.3805380165576935	0.15257315337657928	0.3580667972564697	-0.057895321398973465	0.2609670162200928
ENSMUSG00000075553	-0.00370859750546515	0.3690555691719055	0.09780006110668182	0.4041205644607544	0.007998647168278694	0.2668667733669281
ENSMUSG00000087700	-0.004829405341297388	0.18120163679122925	-0.01500991452485323	0.27333176136016846	0.012517125345766544	0.1753668189048767
ENSMUSG00000105650	-0.06952828168869019	-0.7569028735160828	-0.07209177315235138	-1.2313258647918701	0.046859122812747955	-0.2672824263572693
ENSMUSG00000099807	-0.06282311677932739	-1.0762951374053955	0.2065160572528839	-0.9183188676834106	-0.15367747843265533	-0.33692947030067444
ENSMUSG00000115914	-0.05412045121192932	-0.22152723371982574	-0.10227343440055847	-0.4079796075820923	-0.029941173270344734	-0.24695514142513275
ENSMUSG00000031782	0.005663369782269001	0.4348832964897156	0.0425281822681427	0.5227339267730713	0.021047867834568024	0.39840248227119446
ENSMUSG00000036466	0.008896096609532833	0.04514406993985176	-0.06492412835359573	0.21753650903701782	0.026827754452824593	0.2336779534816742
ENSMUSG00000021258	-0.005387619603425264	0.5066094398498535	0.08316396921873093	0.3525109887123108	0.01924717426300049	0.39219725131988525
ENSMUSG00000085929	0.02141040563583374	0.3521791398525238	0.15072007477283478	0.42798611521720886	-0.005593548528850079	0.14159686863422394
ENSMUSG00000063020	-0.008484933525323868	-0.18910546600818634	-0.11499347537755966	-0.3343043923377991	0.030543722212314606	-0.23243051767349243
ENSMUSG00000006301	-0.0018606333760544658	0.19923505187034607	0.003902895376086235	0.37157806754112244	0.013068586587905884	0.25943857431411743
ENSMUSG00000093456	0.04341939091682434	-0.10351899266242981	0.14136673510074615	-0.21957515180110931	-0.05543773993849754	-0.16977979242801666
ENSMUSG00000024168	0.007369836792349815	-0.09593211114406586	-0.10498414188623428	-0.09976904094219208	0.025933124125003815	-0.16002343595027924
ENSMUSG00000113687	-0.0013750578509643674	-0.06632261723279953	-0.12967291474342346	-0.1453995704650879	0.01855008490383625	-0.2684839963912964
ENSMUSG00000071719	0.02923358418047428	0.06485866010189056	-0.06803722679615021	0.1354868859052658	0.013609410263597965	0.2549428343772888
ENSMUSG00000029624	-0.009057413786649704	0.43579035997390747	0.07207171618938446	0.2594843804836273	0.0024457669351249933	0.4020952582359314
ENSMUSG00000036980	-0.008629435673356056	0.40457600355148315	0.13966518640518188	0.21104083955287933	0.004434774164110422	0.3474474847316742
ENSMUSG00000120903	0.011541607789695263	-0.07917138934135437	-0.12810944020748138	0.00021848722826689482	0.022963866591453552	-0.04787898436188698
ENSMUSG00000042660	-0.008347957395017147	0.2789514660835266	0.05734509974718094	0.3487195074558258	0.005328712053596973	0.2960050702095032
ENSMUSG00000006784	-0.011989875696599483	0.280557245016098	0.06318190693855286	0.5414888262748718	0.013495437800884247	0.18649183213710785
ENSMUSG00000121452	0.009155256673693657	-0.10323544591665268	0.0009796726517379284	-0.15248101949691772	0.03911323472857475	-0.21192823350429535
ENSMUSG00000075172	-0.010484916158020496	-0.14720477163791656	-0.1403091549873352	-0.13037346303462982	-5.69267212995328e-05	-0.22483348846435547
ENSMUSG00000029505	-0.006649894639849663	0.5147266983985901	-0.00028774962993338704	0.33513304591178894	0.024255022406578064	0.3295927345752716
ENSMUSG00000090268	0.005710827652364969	-0.12367064505815506	-0.08942918479442596	-0.05145822465419769	0.023188626393675804	-0.19518929719924927
ENSMUSG00000020770	-0.010856563225388527	0.47131383419036865	0.0957283079624176	0.6093659996986389	0.009030967019498348	0.32775238156318665
ENSMUSG00000029392	-0.013243788853287697	0.26731282472610474	-0.041603852063417435	0.09726991504430771	0.007648112718015909	0.30036452412605286
ENSMUSG00000039055	-0.012325734831392765	0.46540433168411255	0.1078486517071724	0.43602997064590454	0.00898241251707077	0.3455069661140442
ENSMUSG00000036078	0.001555606722831726	0.374367892742157	0.09121932089328766	0.3115014135837555	-0.03943503648042679	0.3184274733066559
ENSMUSG00000090249	-0.04203764349222183	-0.7422870397567749	-0.07438424974679947	-1.2631129026412964	0.0584603026509285	-0.2797536253929138
ENSMUSG00000095741	-0.07143015414476395	-0.21551847457885742	-0.11194201558828354	-0.2301793098449707	-0.02310081012547016	-0.3224661350250244
ENSMUSG00000109799	0.02039377950131893	-0.11431342363357544	0.03121301345527172	-0.23459716141223907	0.04591984674334526	-0.1536158174276352
ENSMUSG00000002379	-0.006434086710214615	0.47945770621299744	0.06506723165512085	0.3530416190624237	-0.01715116575360298	0.35053783655166626
ENSMUSG00000110354	-0.0038166982121765614	-0.14517690241336823	-0.12612855434417725	-0.22885069251060486	0.015040894970297813	-0.2264195680618286
ENSMUSG00000100187	-0.06282311677932739	-1.0762951374053955	0.2065160572528839	-0.9183188676834106	-0.15367747843265533	-0.33692947030067444
ENSMUSG00000027793	0.017679281532764435	0.044600892812013626	-0.09504740685224533	0.18092188239097595	0.02185187116265297	0.2297130972146988
ENSMUSG00000056959	0.006477572489529848	-0.0790901780128479	-0.10706008970737457	-0.12205597013235092	0.037426237016916275	-0.31549081206321716
ENSMUSG00000001095	0.002098409691825509	0.08848799765110016	0.05049337074160576	0.40597885847091675	0.01443819422274828	0.007809789385646582
ENSMUSG00000042622	0.059804752469062805	0.1749771684408188	0.15266934037208557	0.43942558765411377	-0.016492947936058044	0.012539834715425968
ENSMUSG00000032580	-0.008157667703926563	0.3879949450492859	0.05217557027935982	0.45781540870666504	0.015593421645462513	0.3352029323577881
ENSMUSG00000051160	0.004830518737435341	-0.09634372591972351	-0.1141328364610672	-0.3071092963218689	0.012324240058660507	-0.24836581945419312
ENSMUSG00000024581	-0.007522478234022856	0.3992069959640503	-0.034916508942842484	0.12921042740345	0.009932399727404118	0.28468000888824463
ENSMUSG00000029375	-0.009482676163315773	-0.13127553462982178	-0.14737440645694733	-0.11015301942825317	0.003866099053993821	-0.2527901828289032
ENSMUSG00000072660	0.015948880463838577	0.43936774134635925	-0.04990144819021225	0.4886592626571655	0.02081054449081421	0.3424760103225708
ENSMUSG00000069372	-0.0022515030577778816	-0.16895902156829834	-0.12392862141132355	-0.26353001594543457	0.039994336664676666	-0.11569096893072128
ENSMUSG00000062181	-0.016038108617067337	-0.12406650185585022	-0.08764083683490753	-0.14213509857654572	0.013138193637132645	-0.2213980108499527
ENSMUSG00000024683	-0.004357562866061926	0.22831182181835175	0.12060746550559998	0.3118637204170227	0.011166267096996307	0.2217463254928589
ENSMUSG00000092330	0.007371671963483095	-0.1361614167690277	-0.11533702164888382	-0.23635311424732208	0.009337958879768848	-0.3248412311077118
ENSMUSG00000020279	0.0016267603496089578	-0.14233039319515228	-0.11616373807191849	-0.22784115374088287	0.03215623274445534	-0.1427125334739685
ENSMUSG00000097279	0.011880678124725819	0.2643485367298126	-0.05989881977438927	0.22495169937610626	0.015405557118356228	0.29259419441223145
ENSMUSG00000098248	-0.03968086838722229	-0.296388179063797	-0.06623907387256622	-0.4063583314418793	0.039958611130714417	-0.22628170251846313
ENSMUSG00000051985	-0.0051939827390015125	-0.14817512035369873	-0.135719895362854	-0.15533612668514252	0.01902131177484989	-0.15133433043956757
ENSMUSG00000019699	0.0025002651382237673	0.3793213665485382	-0.03538152948021889	0.5246000289916992	0.017140477895736694	0.38649022579193115
ENSMUSG00000103233	0.013463830575346947	-0.038466986268758774	-0.08774518966674805	-0.1355566382408142	0.02507520653307438	-0.1653912365436554
ENSMUSG00000110754	0.020008277148008347	-0.0747445747256279	-0.028336016461253166	-0.15987083315849304	0.013620731420814991	-0.07914374768733978
ENSMUSG00000114370	-0.010718900710344315	-0.1275119185447693	-0.12416886538267136	-0.2548956573009491	0.006738398689776659	-0.2143741101026535
ENSMUSG00000099470	0.038195572793483734	0.2357793003320694	0.12402106076478958	0.5011698007583618	0.0030868491157889366	0.18879105150699615
ENSMUSG00000038047	-0.010854946449398994	0.37566813826560974	0.04010955989360809	0.3920465409755707	0.0048163156025111675	0.36632847785949707
ENSMUSG00000029090	0.007965265773236752	0.16355404257774353	-0.05857161432504654	0.27389851212501526	0.026317637413740158	0.28992509841918945
ENSMUSG00000040163	0.009089323692023754	-0.10050300508737564	-0.09104238450527191	-0.10246267169713974	0.030407536774873734	-0.1990775465965271
ENSMUSG00000094698	-0.08746767044067383	-0.2811082899570465	-0.10615906864404678	-0.3223613500595093	-0.014163180254399776	-0.26730990409851074
ENSMUSG00000002997	0.030527636408805847	0.34324654936790466	-0.10628031939268112	0.1458316296339035	0.027417005971074104	0.31380966305732727
ENSMUSG00000121431	-0.002685515908524394	-0.13651609420776367	-0.11490541696548462	-0.33409005403518677	0.022666392847895622	-0.228834331035614
ENSMUSG00000025794	0.03402335196733475	0.5011175274848938	0.14694055914878845	0.6534363031387329	0.016040785238146782	0.37361183762550354
ENSMUSG00000050945	0.02501969411969185	0.3642958402633667	-0.11672278493642807	0.3879281282424927	0.026167724281549454	0.32762789726257324
ENSMUSG00000005716	-0.002984566381201148	-0.15223141014575958	-0.12464635074138641	-0.25952714681625366	0.027474749833345413	-0.17876072227954865
ENSMUSG00000116185	0.010601865127682686	-0.06869634985923767	-0.13155892491340637	0.003058662172406912	0.0319659560918808	-0.1965312510728836
ENSMUSG00000000301	-0.0029841228388249874	0.37528321146965027	-0.03957736864686012	0.39797139167785645	0.02167934738099575	0.24992859363555908
ENSMUSG00000032011	-0.007894331589341164	0.04599465802311897	-0.10411015152931213	0.027675438672304153	0.004812084604054689	0.20807524025440216
ENSMUSG00000103724	0.0013413513079285622	-0.13637955486774445	-0.11784503608942032	-0.35224875807762146	-0.016749465838074684	-0.2762235999107361
ENSMUSG00000024125	0.016436154022812843	-0.11344745010137558	-0.14310650527477264	-0.21641317009925842	-0.00800388865172863	-0.23636096715927124
ENSMUSG00000103174	0.0045568873174488544	-0.14325755834579468	0.030415013432502747	-0.16521494090557098	0.04644325375556946	-0.1641061007976532
ENSMUSG00000113866	-0.004155700094997883	-0.19402006268501282	-0.13706839084625244	-0.21669822931289673	0.02694070339202881	-0.17091065645217896
ENSMUSG00000055961	-0.016467534005641937	-0.12129177153110504	-0.09733033180236816	-0.18927688896656036	0.013542955741286278	-0.24613162875175476
ENSMUSG00000027820	-0.001704702852293849	0.413480669260025	0.005228162277489901	0.6310117244720459	0.01495653111487627	0.35711926221847534
ENSMUSG00000117704	-0.002127427374944091	-0.10202877968549728	0.08184347301721573	-0.11566958576440811	0.04791207239031792	-0.16640929877758026
ENSMUSG00000103660	-0.06282311677932739	-1.0762951374053955	0.2065160572528839	-0.9183188676834106	-0.15367747843265533	-0.33692947030067444
ENSMUSG00000120803	0.01427534781396389	-0.12630727887153625	-0.06186181679368019	-0.16955231130123138	0.04052194952964783	-0.17450721561908722
ENSMUSG00000024766	0.007875300943851471	0.23445144295692444	-0.05015311762690544	0.45031657814979553	0.024017222225666046	0.2624397575855255
ENSMUSG00000045569	-0.009396310895681381	-0.12245498597621918	-0.11702246963977814	-0.22515767812728882	0.021556511521339417	-0.3023624122142792
ENSMUSG00000049123	0.008668700233101845	-0.018551697954535484	-0.06777334213256836	0.08850666880607605	0.03328564763069153	-0.0542631670832634
ENSMUSG00000044041	-0.0004997547948732972	-0.10865435004234314	-0.12159647047519684	-0.26394104957580566	0.0024439701810479164	-0.22483858466148376
ENSMUSG00000017064	-0.017896952107548714	-0.2203071266412735	-0.11387621611356735	-0.30868828296661377	0.01561615988612175	-0.2612917125225067
ENSMUSG00000021270	0.030561940744519234	0.561234712600708	0.16629262268543243	0.7083480954170227	0.014236751943826675	0.3860359191894531
ENSMUSG00000043644	0.05168136954307556	0.5637760758399963	0.16568437218666077	0.6560159921646118	0.03339895233511925	0.30651745200157166
ENSMUSG00000030397	-0.011407625861465931	0.2832642197608948	0.0077642942778766155	0.17288359999656677	-0.006514056120067835	0.2814917266368866
ENSMUSG00000095606	-0.06282311677932739	-1.0762951374053955	0.2065160572528839	-0.9183188676834106	-0.15367747843265533	-0.33692947030067444
ENSMUSG00000010095	0.03613170236349106	0.5568214058876038	0.14286690950393677	0.6903979778289795	0.022657668218016624	0.37703242897987366
ENSMUSG00000100094	0.008502249605953693	-0.18001556396484375	-0.12314562499523163	-0.30532875657081604	0.0314088836312294	-0.22858279943466187
ENSMUSG00000104253	0.009500429034233093	0.1646350473165512	-0.01106828823685646	0.26153838634490967	0.023909935727715492	0.3023707866668701
ENSMUSG00000022836	-0.008921775035560131	-0.20552140474319458	-0.1254505217075348	-0.2589709758758545	0.037204813212156296	-0.22665682435035706
ENSMUSG00000094098	0.020010976120829582	-0.12391055375337601	-0.11218039691448212	-0.15731295943260193	0.024993417784571648	-0.1874554455280304
ENSMUSG00000036528	0.006495659239590168	0.16260527074337006	-0.05825204402208328	0.2723850905895233	0.025618363171815872	0.3253624439239502
ENSMUSG00000109062	0.006432381924241781	-0.11297988891601562	-0.09877810627222061	-0.22338131070137024	0.0368536002933979	-0.2458471655845642
ENSMUSG00000081240	-0.057454463094472885	-0.20477791130542755	-0.14590315520763397	-0.04157141223549843	-0.01031634584069252	-0.2708498239517212
ENSMUSG00000040374	0.010105349123477936	0.2925155460834503	-0.04911256954073906	0.2063741683959961	0.0267987959086895	0.33333590626716614
ENSMUSG00000116525	0.010505101643502712	-0.07706573605537415	-0.1357324719429016	-0.20837461948394775	0.02753094583749771	-0.16685861349105835
ENSMUSG00000025024	-0.011046660132706165	0.5599547028541565	0.11416465044021606	0.6795942187309265	0.010000031441450119	0.416652649641037
ENSMUSG00000033909	-0.011584493331611156	0.45864933729171753	0.05157814547419548	0.44844627380371094	0.004282551817595959	0.35271182656288147
ENSMUSG00000113149	0.016085589304566383	0.3968749940395355	0.10377216339111328	0.2329559177160263	-0.032342489808797836	0.33551302552223206
ENSMUSG00000035027	-0.06282311677932739	-1.0762951374053955	0.2065160572528839	-0.9183188676834106	-0.15367747843265533	-0.33692947030067444
ENSMUSG00000094337	-0.0696382224559784	-0.20185355842113495	-0.0907302126288414	-0.34581905603408813	-0.05166865512728691	-0.29235267639160156
ENSMUSG00000079215	-0.010096719488501549	0.43496033549308777	-0.01327471062541008	0.355953574180603	0.0090993233025074	0.38883525133132935
ENSMUSG00000120145	0.012207924388349056	-0.12003759294748306	-0.12590855360031128	-0.035987384617328644	0.017288222908973694	-0.03287413716316223
ENSMUSG00000097031	-5.1454175263643265e-05	-0.11350008845329285	-0.12965388596057892	-0.1884254515171051	0.024202806875109673	-0.24021762609481812
ENSMUSG00000118056	0.013825182802975178	-0.10663237422704697	-0.0554671473801136	-0.17963622510433197	0.03073875606060028	-0.15487219393253326
ENSMUSG00000025130	-0.010237807407975197	0.4652862846851349	0.06340386718511581	0.6000467538833618	0.003565524471923709	0.4008125364780426
ENSMUSG00000041372	-0.012502131052315235	0.4002308249473572	0.07642076164484024	0.42088061571121216	0.005934324115514755	0.3176212012767792
ENSMUSG00000090681	-0.06282311677932739	-1.0762951374053955	0.2065160572528839	-0.9183188676834106	-0.15367747843265533	-0.33692947030067444
ENSMUSG00000107287	0.009195316582918167	0.11847902089357376	-0.08151984214782715	0.11724205315113068	0.02527346834540367	0.07019748538732529
ENSMUSG00000085372	0.051569852977991104	-0.08436049520969391	0.04008634015917778	-0.030592866241931915	-0.0036085143219679594	-0.16721752285957336
ENSMUSG00000060288	-0.007070684339851141	0.43395453691482544	0.09751959890127182	0.3659292459487915	0.01728574000298977	0.3865363299846649
ENSMUSG00000097069	0.017223717644810677	0.14285260438919067	-0.046957992017269135	0.15451249480247498	0.0007505523972213268	0.28255170583724976
ENSMUSG00000024030	-0.005319550633430481	0.2282150387763977	0.06331858783960342	0.2867063879966736	0.010848293080925941	0.21289561688899994
ENSMUSG00000091358	0.0025151879526674747	-0.1554155945777893	-0.11201530694961548	-0.30438920855522156	0.03267361968755722	-0.10160551965236664
ENSMUSG00000097393	0.010407409630715847	-0.06113571301102638	-0.053253497928380966	0.036132194101810455	0.03277803957462311	0.13088582456111908
ENSMUSG00000057315	0.019866056740283966	-0.11507430672645569	-0.10740814357995987	-0.11054504662752151	0.032870128750801086	0.1406579464673996
ENSMUSG00000054435	-0.006184812635183334	-0.14313772320747375	-0.13176597654819489	-0.15069663524627686	0.02061290480196476	-0.21637052297592163
ENSMUSG00000085866	-0.007443088106811047	-0.14293865859508514	-0.1245584562420845	-0.2470995932817459	0.029457716271281242	-0.21911554038524628
ENSMUSG00000067941	0.009906790219247341	-0.11781074851751328	-0.12423107773065567	-0.15791292488574982	0.01658477447926998	-0.24689975380897522
ENSMUSG00000044030	0.005310603883117437	0.3839532732963562	0.05364915728569031	0.3469489812850952	-0.019306687638163567	0.31035712361335754
ENSMUSG00000121703	-0.004646199755370617	-0.14426876604557037	-0.09039704501628876	-0.13367967307567596	0.02748773992061615	-0.18845897912979126
ENSMUSG00000097603	0.030445974320173264	-0.050433434545993805	0.10688324272632599	0.24461908638477325	0.01172785833477974	-0.10613985359668732
ENSMUSG00000022353	-0.011445906013250351	0.35848239064216614	0.04150747135281563	0.5744049549102783	0.008829009719192982	0.3871813118457794
ENSMUSG00000036186	0.04446014016866684	0.18587404489517212	0.052133359014987946	0.28297650814056396	-0.015166104771196842	0.1204916313290596
ENSMUSG00000030428	0.03304104879498482	0.0528477281332016	0.1684846431016922	0.11446775496006012	-0.059052497148513794	0.11272797733545303
ENSMUSG00000038301	-0.00810578465461731	0.32181110978126526	0.08635830134153366	0.5591009855270386	0.009815835393965244	0.278104305267334
ENSMUSG00000034768	0.02970290184020996	0.03427813574671745	0.05388135835528374	0.26540669798851013	-0.003371903905645013	-0.10131897032260895
ENSMUSG00000001229	-0.008247502148151398	0.4910004138946533	-0.018198566511273384	0.14770525693893433	0.01789158396422863	0.3284364938735962
ENSMUSG00000029471	-0.010717054829001427	0.31483373045921326	0.03937868773937225	0.28925517201423645	-0.00046069241943769157	0.32102730870246887
ENSMUSG00000094925	0.011791498400270939	-0.08968605101108551	-0.08151055127382278	-0.12652450799942017	0.018182948231697083	-0.22906410694122314
ENSMUSG00000021815	0.01901955157518387	-0.12990009784698486	0.02216092310845852	-0.1144731342792511	0.03299882262945175	-0.1657170057296753
ENSMUSG00000022515	-0.00414310023188591	0.3927820324897766	0.0821780264377594	0.2500326633453369	0.024138564243912697	0.3463203012943268
ENSMUSG00000069259	-0.011698777787387371	-0.19194680452346802	-0.11872491985559464	-0.3126136362552643	0.0008429862791672349	-0.22640609741210938
ENSMUSG00000003527	0.0056827487424016	0.3702968955039978	-0.05520881339907646	0.006093223113566637	0.037171151489019394	0.24128641188144684
ENSMUSG00000018659	-0.004373098723590374	0.25112298130989075	-0.09617640823125839	0.0867873877286911	0.027945686131715775	0.22099672257900238
ENSMUSG00000075416	0.058299217373132706	-0.0010216734372079372	0.1718224287033081	0.0604868121445179	-0.07585473358631134	-0.028554344549775124
ENSMUSG00000048905	0.05570802092552185	-0.10607793927192688	0.13235655426979065	-0.323354572057724	-0.050689879804849625	-0.18509885668754578
ENSMUSG00000073964	-0.017892302945256233	-0.16215243935585022	-0.13466502726078033	-0.1645050048828125	0.0019693649373948574	-0.19771675765514374
ENSMUSG00000079466	0.0007219496183097363	-0.01991662010550499	-0.06147586181759834	-0.02257414534687996	-0.021083863452076912	0.0353349931538105
ENSMUSG00000024127	-0.004531727638095617	0.44494137167930603	-0.012849260121583939	0.2976630628108978	0.02687988430261612	0.39812159538269043
ENSMUSG00000043850	0.006394531577825546	-0.1023683249950409	-0.10677514970302582	-0.17328602075576782	0.03624299168586731	-0.16829469799995422
ENSMUSG00000028967	0.04886866733431816	-0.06064341962337494	0.14718790352344513	-0.009862094186246395	-0.033644840121269226	-0.026932714506983757
ENSMUSG00000108756	-0.03420298174023628	-0.18921388685703278	-0.12186804413795471	-0.1644386649131775	-0.01733224466443062	-0.2595466077327728
ENSMUSG00000112367	0.005809502676129341	-0.12707915902137756	-0.1383673995733261	-0.18986408412456512	0.008022034540772438	-0.1570056974887848
ENSMUSG00000049288	-0.005690315272659063	-0.7368518114089966	-0.06416122615337372	-1.3198696374893188	0.05536770448088646	-0.2685830891132355
ENSMUSG00000101090	-0.06282311677932739	-1.0762951374053955	0.2065160572528839	-0.9183188676834106	-0.15367747843265533	-0.33692947030067444
ENSMUSG00000079402	-0.0036792641039937735	0.282426655292511	0.009644732810556889	0.43622124195098877	0.017971530556678772	0.22562891244888306
ENSMUSG00000106032	0.010450439527630806	0.20438015460968018	0.014552715234458447	0.15033744275569916	0.016301922500133514	0.1031898707151413
ENSMUSG00000116345	0.032513394951820374	-0.1398267149925232	-0.121930792927742	-0.2744254469871521	0.0304480642080307	-0.2497469186782837
ENSMUSG00000112483	-7.754335092613474e-05	-0.15083123743534088	-0.143859401345253	-0.15573520958423615	0.018529389053583145	-0.23375549912452698
ENSMUSG00000039783	-0.010173430666327477	-0.09408695250749588	-0.13326774537563324	-0.10140664875507355	0.004958620294928551	-0.22899967432022095
ENSMUSG00000106794	-0.022563090547919273	-0.21518148481845856	-0.12669777870178223	-0.253072053194046	0.010316743515431881	-0.21737195551395416
ENSMUSG00000121743	0.006578417960554361	0.17095237970352173	0.04366084560751915	0.5563458800315857	0.0021424111910164356	0.21102355420589447
ENSMUSG00000021519	-0.010156004689633846	0.4979040026664734	0.04306672513484955	0.3476724624633789	0.023631522431969643	0.40560030937194824
ENSMUSG00000004892	-0.0019382439786568284	0.07452693581581116	0.0026853822637349367	0.12167148292064667	-0.012536901980638504	0.1634424924850464
ENSMUSG00000056328	0.002322201384231448	-0.09655367583036423	-0.13706137239933014	-0.16025513410568237	0.031880009919404984	-0.2112080156803131
ENSMUSG00000101941	-0.012720223516225815	-0.21040751039981842	-0.1213805228471756	-0.26055869460105896	0.010685511864721775	-0.28018879890441895
ENSMUSG00000108669	-0.003262076759710908	-0.12271019071340561	-0.13461564481258392	-0.17870335280895233	0.015871532261371613	-0.19268886744976044
ENSMUSG00000041583	-0.06282311677932739	-1.0762951374053955	0.2065160572528839	-0.9183188676834106	-0.15367747843265533	-0.33692947030067444
ENSMUSG00000058147	-0.1278437376022339	-0.22592276334762573	0.014364708214998245	0.3252828121185303	-0.041924115270376205	-0.16279450058937073
ENSMUSG00000108041	-0.037691425532102585	-0.10638384521007538	-0.09205245226621628	-0.14638440310955048	0.016180329024791718	-0.25768256187438965
ENSMUSG00000085325	-0.06282311677932739	-1.0762951374053955	0.2065160572528839	-0.9183188676834106	-0.15367747843265533	-0.33692947030067444
ENSMUSG00000026361	-0.01248913537710905	0.35769614577293396	0.027215206995606422	0.35141125321388245	0.014652284793555737	0.3745213747024536
ENSMUSG00000026497	-0.0014401295920833945	0.09952139109373093	0.013302717357873917	0.013653649017214775	0.02715361677110195	0.16647429764270782
ENSMUSG00000028063	0.026571502909064293	0.03381839022040367	0.15238815546035767	0.21769024431705475	-0.04363851249217987	0.10925289988517761
ENSMUSG00000034111	-0.008703789673745632	0.35497939586639404	0.029359078034758568	0.3093038499355316	0.01673315279185772	0.31249913573265076
ENSMUSG00000112264	-0.0013668113388121128	-0.15436753630638123	-0.11864399909973145	-0.273346483707428	0.0334550216794014	-0.20253638923168182
ENSMUSG00000070816	0.012561002746224403	-0.10673131793737411	-0.13307422399520874	-0.24580517411231995	0.029696786776185036	-0.21239449083805084
ENSMUSG00000106166	0.010098904371261597	-0.1028626412153244	-0.06692755222320557	0.015514048747718334	0.035308994352817535	-0.14515483379364014
ENSMUSG00000104021	-0.008712926879525185	-0.1492602378129959	-0.12646836042404175	-0.24134185910224915	0.012469921261072159	-0.22432376444339752
ENSMUSG00000026313	-0.0007177340448834002	0.4509934186935425	-0.004648265428841114	0.6455650925636292	0.01776868849992752	0.3565761148929596
ENSMUSG00000086550	0.05862684175372124	-0.02364441379904747	0.10453292727470398	0.3029606342315674	-0.02773560769855976	0.10133747011423111
ENSMUSG00000016534	0.010680756531655788	0.2449478954076767	0.09190467745065689	0.4324202239513397	0.020388584583997726	0.24118538200855255
ENSMUSG00000079492	0.000600374536588788	-0.1771247684955597	-0.09230110794305801	-0.057916730642318726	0.013681966811418533	-0.03059978224337101
ENSMUSG00000022816	-0.0005805299151688814	0.060875773429870605	-0.022158389911055565	-0.020501043647527695	0.018358951434493065	0.22787311673164368
ENSMUSG00000052303	-0.023201705887913704	-0.15801727771759033	-0.13093437254428864	-0.18182490766048431	0.001530686509795487	-0.2342231124639511
ENSMUSG00000020785	-0.0072055356577038765	0.1922018975019455	-0.012020894326269627	0.14438124001026154	0.013873591087758541	0.18205410242080688
ENSMUSG00000031562	0.01747063733637333	-0.08628955483436584	0.12307033687829971	0.0304072555154562	-0.018059439957141876	-0.11868071556091309
ENSMUSG00000031546	-0.0002050417533610016	0.34143519401550293	0.06555084884166718	0.35917583107948303	0.022056519985198975	0.2885338366031647
ENSMUSG00000004268	0.0005958302062936127	0.5149663686752319	0.13233323395252228	0.42880892753601074	-0.025692343711853027	0.3851689100265503
ENSMUSG00000024150	0.0057284776121377945	0.30827245116233826	-0.09064622223377228	0.02319621481001377	0.034119173884391785	0.2996975779533386
ENSMUSG00000048280	0.009649131447076797	0.22442440688610077	0.01608082465827465	0.3616609573364258	0.017758453264832497	0.2727392315864563
ENSMUSG00000049173	-0.005717668682336807	-0.20827220380306244	-0.09450577944517136	-0.22231389582157135	0.03497333824634552	-0.16116659343242645
ENSMUSG00000040007	-0.009756027720868587	0.12835942208766937	-0.0858829915523529	-0.0823851227760315	-0.022129490971565247	0.2134210616350174
ENSMUSG00000040314	0.004070993512868881	-0.10842153429985046	0.016334420070052147	-0.11340819299221039	-0.035102710127830505	-0.14577800035476685
ENSMUSG00000030897	-0.005014100112020969	-0.0746893584728241	-0.12631312012672424	-0.18290920555591583	0.02822667360305786	-0.20617233216762543
ENSMUSG00000020585	-0.006517486181110144	0.47854503989219666	0.09279053658246994	0.6302505135536194	-0.004757000599056482	0.34255871176719666
ENSMUSG00000112558	0.0005385600961744785	-0.1787242442369461	-0.12490589171648026	-0.2630666494369507	0.0369294174015522	-0.2299385666847229
ENSMUSG00000029213	-0.005253797397017479	0.2883428931236267	0.0628124549984932	0.3990653157234192	0.016853708773851395	0.2837306559085846
ENSMUSG00000025795	-0.012362994253635406	0.2923950254917145	0.021794812753796577	0.5707388520240784	0.01269510854035616	0.3510831892490387
ENSMUSG00000022747	0.06656942516565323	0.05354474484920502	0.025516869500279427	-0.12825365364551544	0.04425065964460373	0.18330347537994385
ENSMUSG00000046196	-2.7548167054192163e-05	0.5453328490257263	-0.0331282913684845	0.4994099736213684	0.027450457215309143	0.39825335144996643
ENSMUSG00000097239	0.0005464451969601214	0.3578188419342041	0.12144982069730759	0.21322420239448547	-0.015560868196189404	0.29735732078552246
ENSMUSG00000072487	0.005282341968268156	-0.062151581048965454	-0.10504558682441711	-0.05173274874687195	0.03084659017622471	0.08313805609941483
ENSMUSG00000025289	0.0011026450665667653	0.2699301838874817	0.08486717939376831	0.45839473605155945	0.016498755663633347	0.22727926075458527
ENSMUSG00000100664	-0.013286687433719635	-0.12469088286161423	-0.11729275435209274	-0.23612205684185028	0.002046166220679879	-0.29410916566848755
ENSMUSG00000020258	0.016096487641334534	-0.06159670278429985	-0.034207239747047424	0.11218536645174026	0.02083398774266243	-0.05533027648925781
ENSMUSG00000027472	-0.007747401017695665	0.2051192671060562	-0.04662477970123291	0.11330695450305939	0.017213376238942146	0.2392880767583847
ENSMUSG00000026011	-0.00190755317453295	-0.10786730796098709	-0.12288584560155869	-0.24456758797168732	0.013189796358346939	-0.2750430405139923
ENSMUSG00000114731	-0.005643172655254602	-0.18368549644947052	-0.1136617586016655	-0.3031545579433441	0.009832830168306828	-0.2945909798145294
ENSMUSG00000034648	0.010346957482397556	0.11204712837934494	-0.048339203000068665	0.22555148601531982	0.028722628951072693	0.2658962309360504
ENSMUSG00000031262	0.022230004891753197	0.26771238446235657	-0.04449973627924919	0.47720134258270264	0.017329290509223938	0.2656637132167816
ENSMUSG00000026228	0.01669468730688095	-0.08864536881446838	0.0665191188454628	0.03096197172999382	0.04171010106801987	-0.1348530650138855
ENSMUSG00000040365	0.013833113946020603	0.5459350347518921	0.15269769728183746	0.48599404096603394	-0.010876785963773727	0.3439605236053467
ENSMUSG00000117684	0.006135219242423773	-0.005564060062170029	0.012683005072176456	0.09957047551870346	0.009262857027351856	-0.04693709313869476
ENSMUSG00000024044	0.005738145671784878	-0.12221088260412216	-0.08671452850103378	-0.18610839545726776	0.03486811742186546	-0.294583261013031
ENSMUSG00000120216	-0.0019514203304424882	-0.11581110209226608	-0.10916972160339355	-0.25647249817848206	0.014749866910278797	-0.2739361524581909
ENSMUSG00000110396	-0.020322134718298912	-0.14510050415992737	-0.11839393526315689	-0.2043953835964203	0.002144002355635166	-0.3313901126384735
ENSMUSG00000085523	0.001076511456631124	-0.12014610320329666	-0.1370297372341156	-0.1911839246749878	0.011198688298463821	-0.24598823487758636
ENSMUSG00000097435	0.007658770773559809	0.07162437587976456	0.14311781525611877	0.15456171333789825	0.021383490413427353	0.15837697684764862
ENSMUSG00000049041	-0.006906140595674515	-0.18519675731658936	-0.10113212466239929	-0.40104806423187256	0.025607580319046974	-0.24264070391654968
ENSMUSG00000026826	-0.0002649863890837878	0.3209298849105835	0.08857247978448868	0.4676075279712677	-0.021596824750304222	0.30381396412849426
ENSMUSG00000087296	0.0033052756916731596	-0.1270904392004013	-0.11351486295461655	-0.24778886139392853	-0.007406005170196295	-0.3192819058895111
ENSMUSG00000032570	0.0019429840613156557	-0.11524337530136108	-0.07293171435594559	-0.20208360254764557	0.029622657224535942	-0.14786121249198914
ENSMUSG00000109021	0.017733832821249962	-0.09886352717876434	-0.1242063120007515	-0.25061991810798645	0.031101232394576073	-0.20164285600185394
ENSMUSG00000036120	0.029818126931786537	0.3107910752296448	0.16214615106582642	0.2589186429977417	-0.03645036742091179	0.256806880235672
ENSMUSG00000108703	0.07230059057474136	-0.12171536684036255	0.1190820187330246	-0.024192415177822113	-0.09832769632339478	-0.1366717666387558
ENSMUSG00000032041	-0.002541844267398119	0.1239122748374939	-0.03555233031511307	-0.023734789341688156	0.00760359363630414	0.2036956250667572
ENSMUSG00000113235	-0.04116220027208328	-0.2252243459224701	-0.07267941534519196	-0.3176417648792267	-0.0017193065723404288	-0.2721099853515625
ENSMUSG00000055313	0.011228284798562527	0.09268907457590103	-0.06061078608036041	0.255567729473114	0.020647194236516953	0.19978255033493042
ENSMUSG00000030942	-0.008730970323085785	0.48498204350471497	0.11677497625350952	0.5581086874008179	0.009920377284288406	0.3302062749862671
ENSMUSG00000020681	-0.004467440769076347	0.08612218499183655	-0.07425230741500854	0.035649098455905914	0.0016994413454085588	0.14461182057857513
ENSMUSG00000113751	0.27690088748931885	-1.2249873876571655	0.2727622389793396	-0.8698534965515137	-0.2074773758649826	-0.4248064160346985
ENSMUSG00000071065	0.013013745658099651	-0.10943868011236191	-0.10010436177253723	-0.253510445356369	0.028347210958600044	-0.22878843545913696
ENSMUSG00000104674	-0.013395683839917183	-0.7135631442070007	-0.05466108396649361	-1.345496654510498	0.056042540818452835	-0.2734947204589844
ENSMUSG00000037962	0.0001018139737425372	0.011216831393539906	-0.017478590831160545	0.017446817830204964	-0.011130090802907944	0.012440141290426254
ENSMUSG00000057411	0.004999529104679823	0.3674429655075073	0.022390704602003098	0.09322640299797058	-0.017562204971909523	0.18312150239944458
ENSMUSG00000034653	0.048379965126514435	0.3660203516483307	-0.041045770049095154	0.34128010272979736	0.03572419658303261	0.29418566823005676
ENSMUSG00000107597	0.011986668221652508	-0.10907649993896484	0.08066637814044952	-0.1586209535598755	-0.024403803050518036	-0.1379045695066452
ENSMUSG00000050963	-0.006665891036391258	0.18215607106685638	-0.08901109546422958	0.029972292482852936	0.0028734970837831497	0.19224075973033905
ENSMUSG00000085235	0.012052517384290695	-0.14022235572338104	-0.12243985384702682	-0.1305686980485916	0.026580998674035072	-0.016810782253742218
ENSMUSG00000048399	-0.008802413009107113	-0.14091916382312775	-0.13670118153095245	-0.17188796401023865	0.017989035695791245	-0.23562808334827423
ENSMUSG00000040896	0.023463154211640358	-0.002399147255346179	-0.1067303866147995	-0.06658556312322617	0.02659553848206997	0.146342471241951
ENSMUSG00000073792	-0.0047484696842730045	0.30279818177223206	0.018560385331511497	0.44977423548698425	0.017244990915060043	0.33187103271484375
ENSMUSG00000107306	0.0066624050959944725	-0.09131397306919098	-0.03169434890151024	-0.0091720474883914	-0.00016693166980985552	-0.28493744134902954
ENSMUSG00000033712	-0.004612099379301071	0.4049040973186493	0.023992782458662987	0.16568410396575928	0.02768055349588394	0.2779887914657593
ENSMUSG00000107799	0.019213376566767693	0.06032620370388031	0.11569976061582565	0.4489564895629883	-0.0020541944541037083	0.07481058686971664
ENSMUSG00000040945	0.015000543557107449	0.3002983331680298	0.08308371901512146	0.7148022651672363	0.05340583249926567	0.23673322796821594
ENSMUSG00000090808	-0.06282311677932739	-1.0762951374053955	0.2065160572528839	-0.9183188676834106	-0.15367747843265533	-0.33692947030067444
ENSMUSG00000095049	-0.06282311677932739	-1.0762951374053955	0.2065160572528839	-0.9183188676834106	-0.15367747843265533	-0.33692947030067444
ENSMUSG00000042744	-0.0063849641010165215	0.4379092752933502	0.006792822852730751	0.14969125390052795	0.02409086935222149	0.2539481222629547
ENSMUSG00000037110	0.010588196106255054	0.3041945695877075	-0.09399079531431198	0.15949179232120514	0.03134511038661003	0.2630213499069214
ENSMUSG00000110634	0.005565205588936806	-0.05744301900267601	-0.02587852068245411	0.21490047872066498	0.03581185266375542	-0.14692151546478271
ENSMUSG00000021874	-0.06282311677932739	-1.0762951374053955	0.2065160572528839	-0.9183188676834106	-0.15367747843265533	-0.33692947030067444
ENSMUSG00000111839	0.00780493812635541	-0.09654703736305237	-0.09606727957725525	-0.2630382478237152	0.035091351717710495	-0.2485571652650833
ENSMUSG00000032313	0.003641925984993577	0.24949420988559723	-0.04664517939090729	0.1739753931760788	0.029371723532676697	0.302518367767334
ENSMUSG00000086370	-0.0008370338473469019	-0.08631071448326111	0.13976317644119263	0.20301654934883118	-0.010568749159574509	0.048552945256233215
ENSMUSG00000025823	-0.00759455980733037	0.360962450504303	-0.06905827671289444	0.5409176349639893	-0.0016513298032805324	0.4001444876194
ENSMUSG00000026725	-0.004346983507275581	-0.1750519722700119	-0.1303597241640091	-0.20941242575645447	0.03904423862695694	-0.17628461122512817
ENSMUSG00000063661	-0.005793605465441942	-0.13930489122867584	-0.12430452555418015	-0.1980535387992859	0.008184066973626614	-0.24669082462787628
ENSMUSG00000025157	-0.009668249636888504	0.4305361807346344	0.10569317638874054	0.400549054145813	0.013110250234603882	0.3538544774055481
ENSMUSG00000108345	-0.016776002943515778	-0.15645496547222137	-0.1239173412322998	-0.22612422704696655	-0.023551812395453453	-0.33197012543678284
ENSMUSG00000110405	-0.010830795392394066	-0.05979510396718979	-0.0859776958823204	-0.13856488466262817	0.016450095921754837	-0.33301255106925964
ENSMUSG00000039716	0.007780326064676046	0.20163127779960632	-0.05702558532357216	0.2327582985162735	0.02881421148777008	0.2753851115703583
ENSMUSG00000025083	0.003795239608734846	0.02332352101802826	-0.051194582134485245	0.1545514017343521	0.024972453713417053	0.1822325885295868
ENSMUSG00000027811	-0.014787321910262108	0.38985541462898254	-0.06653539836406708	0.2383871227502823	0.001140020089223981	0.3787396550178528
ENSMUSG00000054555	0.019303428009152412	-0.041233282536268234	-0.11266419291496277	0.06065932661294937	0.02889196388423443	0.17751552164554596
ENSMUSG00000064202	-0.00033706927206367254	-0.026950588449835777	-0.11309020221233368	0.1951713114976883	0.024034880101680756	-0.13676142692565918
ENSMUSG00000062729	-0.06282311677932739	-1.0762951374053955	0.2065160572528839	-0.9183188676834106	-0.15367747843265533	-0.33692947030067444
ENSMUSG00000029108	0.01624700240790844	-0.1761692613363266	-0.11090109497308731	-0.11981882899999619	0.02980702370405197	0.11426582932472229
ENSMUSG00000054031	0.009187411516904831	-0.158925861120224	-0.09126969426870346	-0.2921506464481354	0.03181084245443344	-0.2420671582221985
ENSMUSG00000066964	0.006309855729341507	0.17909805476665497	-0.04127731919288635	0.2205098271369934	0.030305735766887665	0.11680970340967178
ENSMUSG00000066850	-0.015331459231674671	-0.1620038002729416	-0.12335217744112015	-0.190129816532135	0.0029492410831153393	-0.3242911398410797
ENSMUSG00000118620	-0.08366307616233826	-0.31584838032722473	-0.12516731023788452	-0.2003178596496582	0.0008517809328623116	-0.20683282613754272
ENSMUSG00000095392	-0.08292638510465622	-0.28948119282722473	-0.09660036116838455	-0.3064331114292145	-0.010806594043970108	-0.3014600872993469
ENSMUSG00000105034	-0.01231304369866848	-0.17950867116451263	-0.11973332613706589	-0.2942017614841461	0.016671430319547653	-0.2316543459892273
ENSMUSG00000085541	0.075922392308712	-0.0675496980547905	0.025151168927550316	-0.09489437192678452	-0.06603104621171951	-0.1000250056385994
ENSMUSG00000053897	0.0033349136356264353	-0.027708591893315315	-0.0943174734711647	-0.10212045907974243	0.02752695605158806	0.08935580402612686
ENSMUSG00000033594	0.0032951117027550936	0.18011406064033508	0.1362634301185608	0.19643613696098328	0.008400560356676579	0.07440633326768875
ENSMUSG00000097710	0.030703971162438393	0.09405296295881271	-0.08321867883205414	-0.1524636596441269	0.023409849032759666	0.23458869755268097
ENSMUSG00000091351	0.007287295069545507	-0.13647180795669556	-0.08568239212036133	-0.16920830309391022	0.037964947521686554	-0.08497705310583115
ENSMUSG00000025995	-0.00981957372277975	0.3921756446361542	0.044305719435214996	0.37961211800575256	0.006838102824985981	0.34401318430900574
ENSMUSG00000049550	-0.006558591034263372	0.18248283863067627	-0.04152281582355499	0.17530325055122375	0.018853308632969856	0.2660772502422333
ENSMUSG00000106441	0.013995322398841381	-0.07865984737873077	-0.14308199286460876	-0.042011067271232605	-0.0009113657288253307	-0.12821608781814575
ENSMUSG00000069816	0.004099973011761904	-0.1537659615278244	-0.12268681824207306	-0.2450384944677353	0.009849408641457558	-0.24899449944496155
ENSMUSG00000034226	0.006646318361163139	0.06327227503061295	0.0628868117928505	0.049162790179252625	-0.05603815242648125	0.11853089928627014
ENSMUSG00000084756	-0.003952946979552507	-0.15525062382221222	-0.1280633509159088	-0.1756664663553238	0.020499059930443764	-0.2228635996580124
ENSMUSG00000047187	-0.0026118396781384945	0.3318019509315491	-0.040334414690732956	0.2503565549850464	0.02343866042792797	0.2815791964530945
ENSMUSG00000032854	0.007839887402951717	0.3451991677284241	-0.10002344846725464	0.062189407646656036	0.033173464238643646	0.34646275639533997
ENSMUSG00000086706	-0.015694184228777885	-0.18287064135074615	-0.11864707618951797	-0.26004737615585327	0.02251826971769333	-0.26414403319358826
ENSMUSG00000115090	-0.06282311677932739	-1.0762951374053955	0.2065160572528839	-0.9183188676834106	-0.15367747843265533	-0.33692947030067444
ENSMUSG00000019143	-0.007420710753649473	0.42956405878067017	-0.002937834244221449	0.24514661729335785	0.019952021539211273	0.38364142179489136
ENSMUSG00000108500	-0.007589921820908785	-0.15930303931236267	-0.015673823654651642	-0.1919531673192978	0.0005840072990395129	-0.2760974168777466
ENSMUSG00000085489	-0.09818924218416214	-0.7364330291748047	-0.07718425989151001	-1.224542498588562	0.0418449342250824	-0.2719016373157501
ENSMUSG00000046324	-0.004908395931124687	0.2512779235839844	-0.008805320598185062	0.17337757349014282	0.023211635649204254	0.2786947190761566
ENSMUSG00000091821	-0.07188600301742554	-0.36884060502052307	-0.06501081585884094	-0.4191057085990906	-0.00670128408819437	-0.27976879477500916
ENSMUSG00000039512	0.006922942586243153	0.3536713421344757	-0.0019579241052269936	0.2856840491294861	0.028010942041873932	0.29721924662590027
ENSMUSG00000048865	0.011893357150256634	-0.045890923589468	0.09431444108486176	0.10723108053207397	0.012394244782626629	0.012901535257697105
ENSMUSG00000051297	0.009217027574777603	-0.036087773740291595	0.019729619845747948	0.23639284074306488	0.01934955082833767	-0.05364834889769554
ENSMUSG00000009097	0.00762975262477994	-0.0021333808545023203	-0.04624813422560692	-0.06675765663385391	-0.03679126501083374	0.010909822769463062
ENSMUSG00000100287	0.015838637948036194	-0.13987435400485992	-0.12439315021038055	-0.2120034545660019	0.026600845158100128	-0.18766579031944275
ENSMUSG00000036606	-0.0002855897764675319	0.3467933237552643	0.08091537654399872	0.3637963533401489	-0.01904737949371338	0.3097783625125885
ENSMUSG00000112304	0.0021548208314925432	-0.17119836807250977	-0.1332503855228424	-0.21408849954605103	0.015379045158624649	-0.11186130344867706
ENSMUSG00000072662	0.007145756855607033	-0.03607005998492241	0.06196383014321327	0.07994461804628372	0.0035878673661500216	0.08367469906806946
ENSMUSG00000118101	-0.015091266483068466	-0.1025540754199028	-0.06375496834516525	-0.16958701610565186	0.01733609475195408	-0.21975992619991302
ENSMUSG00000028013	-0.005551939830183983	0.3766116797924042	0.014650488272309303	0.5228307247161865	0.01709151268005371	0.30920496582984924
ENSMUSG00000023800	0.017037320882081985	-0.03740701451897621	-0.11210772395133972	-0.015217522159218788	0.03199797496199608	0.19271442294120789
ENSMUSG00000116973	0.2189720869064331	0.0658469945192337	0.0728946179151535	0.4475405216217041	-0.04600797966122627	-0.033478494733572006
ENSMUSG00000058093	0.011858468875288963	0.1244274452328682	0.0010327738709747791	0.4226844012737274	0.013071663677692413	0.14852000772953033
ENSMUSG00000065987	-0.03406914323568344	-0.21492399275302887	-0.12157174944877625	-0.12681877613067627	0.01010971050709486	-0.20091576874256134
ENSMUSG00000024486	-0.00832392368465662	0.1984969526529312	0.05311831831932068	0.2757364511489868	0.004597601015120745	0.23382697999477386
ENSMUSG00000055409	0.02442074380815029	-0.0803777277469635	-0.09504342079162598	-0.1573287695646286	0.03790086880326271	0.16981476545333862
ENSMUSG00000057531	-0.006674927659332752	0.3224990963935852	0.09739811718463898	0.10687428712844849	0.022029919549822807	0.3014793395996094
ENSMUSG00000060560	0.009714960120618343	-0.16691084206104279	-0.01860259287059307	-0.06887843459844589	0.034056153148412704	-0.2305498570203781
ENSMUSG00000116763	0.004042245913296938	-0.18934118747711182	-0.12350020557641983	-0.251976877450943	0.03928741067647934	-0.16843892633914948
ENSMUSG00000031645	0.014138691127300262	-0.16079482436180115	-0.09216046333312988	-0.17015491425991058	0.03842354193329811	-0.180815652012825
ENSMUSG00000097655	0.009284122847020626	0.01746463030576706	-0.10621389746665955	0.05448224022984505	0.03155377879738808	0.060100577771663666
ENSMUSG00000050343	0.000565368914976716	-0.15320076048374176	-0.11052358895540237	-0.35146546363830566	0.01899813488125801	-0.2577093839645386
ENSMUSG00000120251	-0.01675311103463173	-0.17632819712162018	-0.10056941211223602	-0.29147055745124817	0.01921660266816616	-0.30271676182746887
ENSMUSG00000086251	0.0017048438312485814	0.4997371733188629	-0.026212027296423912	0.6607276797294617	0.011359241791069508	0.4227328598499298
ENSMUSG00000074916	-0.005971227772533894	0.09372042864561081	-0.05291159451007843	0.0788535550236702	0.01767437532544136	0.1520249992609024
ENSMUSG00000020817	-0.011064146645367146	0.3446323871612549	0.027614803984761238	0.41321656107902527	0.01660868152976036	0.3160308599472046
ENSMUSG00000004885	0.021249957382678986	0.04057677090167999	0.07690006494522095	0.22564515471458435	-0.025974251329898834	0.07313816994428635
ENSMUSG00000089663	0.004556835629045963	0.06213705986738205	0.10326340794563293	0.32243597507476807	0.01938963308930397	0.11515817791223526
ENSMUSG00000097342	0.0208178348839283	-0.13728725910186768	-0.10137265920639038	-0.06344479322433472	0.03355284780263901	0.012906545773148537
ENSMUSG00000117942	0.018689068034291267	-0.11082927882671356	-0.02077440731227398	-0.1391102522611618	0.041754964739084244	-0.17179611325263977
ENSMUSG00000022914	-0.012747177854180336	0.5055188536643982	0.04676554724574089	0.652843713760376	0.012015595100820065	0.3833409547805786
ENSMUSG00000078307	-0.0038795373402535915	-0.053513068705797195	-0.06608293950557709	-0.060897983610630035	-0.021637536585330963	0.12945479154586792
ENSMUSG00000102633	0.02240302786231041	-0.1274482011795044	-0.13547837734222412	-0.15186072885990143	-0.0039272187277674675	-0.22131018340587616
ENSMUSG00000098137	0.015739280730485916	-0.04511541873216629	-0.0854860320687294	-0.1369159072637558	0.021212372928857803	-0.20487962663173676
ENSMUSG00000020229	0.007251875940710306	-0.07013379037380219	-0.12338372319936752	-0.16869919002056122	0.026794934645295143	-0.15046589076519012
ENSMUSG00000031370	-0.0057516396045684814	0.43258732557296753	0.07590872794389725	0.4997769594192505	0.008669884875416756	0.32300665974617004
ENSMUSG00000087273	0.03346429020166397	-0.06045474857091904	0.13033698499202728	0.2569272518157959	0.006481779273599386	-0.06233347952365875
ENSMUSG00000036169	0.005208202637732029	-0.12611649930477142	-0.08521589636802673	-0.31347209215164185	-0.03876350820064545	-0.1202125996351242
ENSMUSG00000014767	-0.0037791335489600897	0.47066670656204224	0.10774006694555283	0.2923738360404968	-0.014206821098923683	0.2905197739601135
ENSMUSG00000084916	0.023750541731715202	-0.049090947955846786	-0.1326148360967636	-0.12365828454494476	0.00470358319580555	-0.28882071375846863
ENSMUSG00000091531	0.016110243275761604	-0.13579237461090088	-0.1275201439857483	-0.2666148841381073	0.01418885588645935	-0.23056268692016602
ENSMUSG00000034227	0.003383360570296645	0.22669996321201324	0.10748205333948135	0.1677916944026947	-0.0291509460657835	0.16328838467597961
ENSMUSG00000041645	-0.006377227138727903	0.3485141098499298	0.03749929368495941	0.3930116891860962	0.014080491848289967	0.2950875163078308
ENSMUSG00000109564	0.002812807448208332	-0.15770524740219116	-0.12447527796030045	-0.20155738294124603	0.030004549771547318	-0.25277379155158997
ENSMUSG00000022999	-0.014238151721656322	0.386823832988739	0.030901245772838593	0.3464159369468689	0.007977389730513096	0.3380308151245117
ENSMUSG00000085126	0.01877148076891899	-0.13740651309490204	-0.13084356486797333	-0.23139342665672302	0.017108967527747154	-0.18779735267162323
ENSMUSG00000101026	-0.024002093821763992	-0.16731587052345276	-0.10128200799226761	-0.34775111079216003	0.006419827230274677	-0.2468729466199875
ENSMUSG00000056708	0.015002586878836155	0.1199537068605423	0.09273440390825272	0.129008948802948	-0.06708113849163055	0.17508643865585327
ENSMUSG00000118015	-0.009223902598023415	-0.1837950348854065	-0.12741780281066895	-0.25347432494163513	0.02158249542117119	-0.21428625285625458
ENSMUSG00000117984	-0.009206663817167282	-0.14330416917800903	-0.14063680171966553	-0.15255463123321533	0.014679214917123318	-0.23149681091308594
ENSMUSG00000069135	-0.004383799619972706	0.3769592046737671	0.0353340208530426	0.4230330288410187	0.01803126372396946	0.3716723620891571
ENSMUSG00000043003	0.00972339790314436	0.1058615893125534	-0.1078876331448555	-0.0412636362016201	0.0350487120449543	0.07552102953195572
ENSMUSG00000112266	-0.0002610321971587837	-0.1384848654270172	-0.13498550653457642	-0.20958063006401062	0.023295830935239792	-0.20055969059467316
ENSMUSG00000046605	-0.0013366222847253084	0.34298837184906006	0.025182990357279778	0.5184396505355835	0.009826055727899075	0.3020406663417816
ENSMUSG00000005883	0.011801238171756268	-0.023632250726222992	-0.09046711027622223	0.06318255513906479	0.02368486113846302	-0.11096572875976562
ENSMUSG00000031479	-0.002226749900728464	0.35282036662101746	0.005432771053165197	0.34287384152412415	0.023442227393388748	0.2957194745540619
ENSMUSG00000035109	0.003118053777143359	0.0008802379597909749	-0.0891161561012268	-0.14655844867229462	0.0289597287774086	0.06527688354253769
ENSMUSG00000032417	-0.016497312113642693	0.3604387640953064	0.057050671428442	0.3613487482070923	0.006606696639209986	0.33510667085647583
ENSMUSG00000095916	0.0064585548825562	-0.14091908931732178	-0.1285555213689804	-0.2635944187641144	0.011494332924485207	-0.2456783801317215
ENSMUSG00000091453	0.006345011759549379	-0.13992048799991608	-0.1245529055595398	-0.22931888699531555	-0.005836874712258577	-0.23974505066871643
ENSMUSG00000105023	0.03311091288924217	-0.14782138168811798	-0.047062698751688004	-0.15202535688877106	0.004375910386443138	-0.08350222557783127
ENSMUSG00000113908	0.037394341081380844	-0.08130326867103577	-0.08510791510343552	-0.25250786542892456	0.03345879912376404	-0.22638139128684998
ENSMUSG00000029404	-0.016989082098007202	0.4726713299751282	0.12473222613334656	0.3284379541873932	0.010417387820780277	0.2634252607822418
ENSMUSG00000101709	-0.06282311677932739	-1.0762951374053955	0.2065160572528839	-0.9183188676834106	-0.15367747843265533	-0.33692947030067444
ENSMUSG00000108053	-0.002465939149260521	0.3556743562221527	0.07749868184328079	0.5406313538551331	0.006983233615756035	0.275941401720047
ENSMUSG00000022205	0.07749520242214203	0.10017165541648865	0.19022932648658752	0.09238032251596451	-0.05916392803192139	-0.02740783430635929
ENSMUSG00000028096	0.006922909524291754	0.2963055372238159	-0.013586530461907387	0.3269764184951782	0.023372992873191833	0.3146939277648926
ENSMUSG00000106178	-0.0007881830679252744	-0.11556479334831238	-0.06671378761529922	-0.04321138560771942	0.00272887060418725	-0.06649629771709442
ENSMUSG00000032356	0.01425938867032528	-0.11682670563459396	-0.10812670737504959	-0.1611931473016739	0.03300568833947182	0.08988272398710251
ENSMUSG00000021661	-0.010144994594156742	0.45332077145576477	0.04510383680462837	0.4878792464733124	0.015665609389543533	0.40709730982780457
ENSMUSG00000026867	-0.007596586365252733	0.2777910828590393	0.006799787748605013	0.26649191975593567	0.015001051127910614	0.23015882074832916
ENSMUSG00000039231	-0.005265233106911182	0.3507170081138611	0.08016292750835419	0.5840755701065063	0.0007616649381816387	0.2611269950866699
ENSMUSG00000028011	-0.002488969825208187	-0.14402998983860016	-0.1304863542318344	-0.2240338772535324	0.005234102718532085	-0.23591357469558716
ENSMUSG00000001823	0.011283571831882	-0.1053161695599556	-0.08504340052604675	-0.10857853293418884	0.03737496957182884	-0.03284112736582756
ENSMUSG00000086526	0.01742466539144516	0.3749224841594696	0.06888137757778168	0.632987380027771	0.0400083027780056	0.30134865641593933
ENSMUSG00000028639	0.006991727743297815	0.45656734704971313	0.11377879977226257	0.5929518342018127	5.689777390216477e-05	0.35714229941368103
ENSMUSG00000033721	0.02358521893620491	0.024751005694270134	-0.10712705552577972	-0.03181060776114464	0.03186405077576637	0.2616952657699585
ENSMUSG00000035283	0.025111351162195206	-0.0034219115041196346	-0.00024787531583569944	-0.09159868955612183	-0.06566286087036133	0.11724600940942764
ENSMUSG00000020993	-0.010280962102115154	0.31825751066207886	0.06639519333839417	0.45556649565696716	0.011314516887068748	0.3019588589668274
ENSMUSG00000036123	0.010449830442667007	-0.08298789709806442	-0.10939714312553406	-0.20152316987514496	0.03984827920794487	0.02037312090396881
ENSMUSG00000093540	-0.005317541770637035	-0.169001966714859	-0.11077199131250381	-0.2744367718696594	0.00604040315374732	-0.2682519257068634
ENSMUSG00000002791	0.0009604759979993105	0.10504189133644104	-0.031612612307071686	0.036182429641485214	0.028390133753418922	0.07473250478506088
ENSMUSG00000074513	-0.005003057885915041	0.461466908454895	-0.05196881294250488	0.20093026757240295	0.02844909578561783	0.3766956031322479
ENSMUSG00000106701	-0.12087219953536987	-0.32839637994766235	-0.08139725029468536	-0.48665186762809753	-0.04397089034318924	-0.2683797776699066
ENSMUSG00000112368	0.0039665233343839645	-0.07909690588712692	-0.09495802223682404	-0.16249141097068787	-0.0060611022636294365	-0.3444206714630127
ENSMUSG00000048939	-0.026839185506105423	-0.24944576621055603	-0.11345017701387405	-0.2520492672920227	0.012785311788320541	-0.30230069160461426
ENSMUSG00000110838	-0.0007057785405777395	-0.13675972819328308	-0.1289384961128235	-0.24130384624004364	0.03056640364229679	-0.19402648508548737
ENSMUSG00000005881	0.0032096663489937782	0.41139042377471924	-0.037275753915309906	0.27177220582962036	0.030455438420176506	0.32722482085227966
ENSMUSG00000037795	-0.011041676625609398	0.4051800072193146	0.023522520437836647	0.4305856227874756	0.01336575299501419	0.3400188088417053
ENSMUSG00000121547	-0.06282311677932739	-1.0762951374053955	0.2065160572528839	-0.9183188676834106	-0.15367747843265533	-0.33692947030067444
ENSMUSG00000029664	0.012491989880800247	-0.18202650547027588	-0.11081065237522125	-0.1913401186466217	0.03644599765539169	0.03104104846715927
ENSMUSG00000017211	0.014058103784918785	-0.16021476686000824	-0.10724247992038727	-0.23330159485340118	0.037478215992450714	-0.3020012080669403
ENSMUSG00000022542	-0.005831126123666763	-0.11456533521413803	-0.11641374230384827	-0.20814022421836853	0.04065948352217674	-0.19916559755802155
ENSMUSG00000102494	-0.03277831897139549	-0.18554280698299408	-0.09266488999128342	-0.2291305512189865	-0.040819838643074036	-0.24927465617656708
ENSMUSG00000028409	-0.003538002260029316	0.5056235790252686	0.07058589160442352	0.18682117760181427	0.028402138501405716	0.3060159385204315
ENSMUSG00000091076	-0.005246648099273443	-0.07026813179254532	-0.11492328345775604	-0.11727022379636765	0.011089853011071682	-0.21452629566192627
ENSMUSG00000031740	0.008934326469898224	0.02852136455476284	-0.08063793927431107	-0.02992691472172737	0.03303346782922745	0.18122978508472443
ENSMUSG00000056091	0.006180894561111927	0.3185601532459259	-0.06002325564622879	0.2765185236930847	0.0285557359457016	0.30583691596984863
ENSMUSG00000015659	-0.001877526636235416	0.44178926944732666	0.02490009367465973	0.4607824981212616	0.021675333380699158	0.4168580174446106
ENSMUSG00000086121	-0.05619722232222557	-0.190477192401886	-0.04401196539402008	-0.14042364060878754	-0.08823259174823761	-0.36575019359588623
ENSMUSG00000115624	0.017354106530547142	-0.025333479046821594	-0.08180849254131317	-0.09049694240093231	0.025103850290179253	-0.18350401520729065
ENSMUSG00000061576	0.01761001907289028	-0.03431222215294838	-0.10821346193552017	0.08622059226036072	0.03120139054954052	0.14913003146648407
ENSMUSG00000075528	-0.012625718489289284	0.4018794894218445	0.09074920415878296	0.450582891702652	0.008383069187402725	0.2799527645111084
ENSMUSG00000103391	0.01459136139601469	-0.06122710555791855	-0.05849763751029968	-0.08599875122308731	-0.012479506433010101	-0.27195224165916443
ENSMUSG00000081402	0.008266241289675236	-0.013616262935101986	-0.06811344623565674	-0.14603742957115173	-0.04435957595705986	-0.026723673567175865
ENSMUSG00000004788	-0.005440711509436369	0.42521780729293823	0.029335513710975647	0.12111694365739822	0.0230439230799675	0.3249078691005707
ENSMUSG00000097888	0.07283354550600052	-0.2637956142425537	0.16614674031734467	-0.33112862706184387	-0.14054080843925476	-0.12801745533943176
ENSMUSG00000042772	-0.013262002728879452	0.5117126703262329	0.041427131742239	0.6459792852401733	0.004002241883426905	0.3984919786453247
ENSMUSG00000121825	0.0006312254117801785	-0.13555055856704712	-0.12159793823957443	-0.2587837874889374	0.007228128146380186	-0.26226693391799927
ENSMUSG00000098176	0.01751810498535633	0.2852988541126251	0.08453856408596039	0.21191801130771637	-0.03947053849697113	0.15627409517765045
ENSMUSG00000115779	0.0017236416460946202	-0.14952746033668518	-0.12536956369876862	-0.2451132982969284	0.03825405240058899	-0.2238074690103531
ENSMUSG00000045589	0.007847703993320465	-0.0684727281332016	-0.06683323532342911	-0.10430130362510681	0.03595380857586861	0.070138119161129
ENSMUSG00000025930	-0.007040101103484631	0.17481543123722076	0.053203191608190536	0.29901519417762756	-0.023317771032452583	0.25318753719329834
ENSMUSG00000046311	-0.010056521743535995	0.4502462148666382	0.07962589710950851	0.6336570978164673	0.010997479781508446	0.3918192982673645
ENSMUSG00000074947	0.015501902438700199	-0.10401604324579239	-0.07232516258955002	-0.32801589369773865	0.04146246612071991	-0.21871210634708405
ENSMUSG00000054072	-0.008864320814609528	-0.12859433889389038	-0.12053357809782028	-0.27755221724510193	0.012397480197250843	-0.23894086480140686
ENSMUSG00000097381	0.008127192035317421	-0.052940525114536285	-0.07909979671239853	-0.11155190318822861	0.03820565342903137	-0.0158441923558712
ENSMUSG00000020495	-0.012603158131241798	0.3833639621734619	0.01687438413500786	0.25331905484199524	0.00956314243376255	0.30147361755371094
ENSMUSG00000021567	0.013570847921073437	0.12976379692554474	-0.05904119834303856	-0.013183735311031342	0.035102616995573044	0.23735739290714264
ENSMUSG00000013353	-0.06282311677932739	-1.0762951374053955	0.2065160572528839	-0.9183188676834106	-0.15367747843265533	-0.33692947030067444
ENSMUSG00000026389	0.007969625294208527	-0.11954862624406815	-0.0031856480054557323	-0.15861935913562775	0.017120711505413055	-0.2385391741991043
ENSMUSG00000070306	0.0036054395604878664	-0.041893597692251205	-0.12314480543136597	-0.15173868834972382	0.038571201264858246	-0.19792863726615906
ENSMUSG00000021069	-0.0026542479172348976	-0.146542027592659	-0.11675197631120682	-0.2423800230026245	0.03251301869750023	-0.15696103870868683
ENSMUSG00000092210	-0.00109154696110636	-0.103558748960495	-0.12846344709396362	-0.1554204821586609	0.023798204958438873	-0.2746623158454895
ENSMUSG00000003411	2.961811696877703e-05	0.17826275527477264	-0.06194924935698509	0.05229683220386505	0.03012464940547943	0.2240573763847351
ENSMUSG00000048763	0.01367405615746975	-0.07504509389400482	-0.1033753752708435	-0.25042691826820374	0.008872740902006626	-0.17695192992687225
ENSMUSG00000033981	0.006543148774653673	-0.052418824285268784	-0.11431030929088593	-0.09742117673158646	0.0359194278717041	-0.03040534444153309
ENSMUSG00000095334	0.033736709505319595	-0.12870952486991882	0.09169033169746399	0.11130083352327347	-0.049251288175582886	-0.04030553251504898
ENSMUSG00000103581	-0.021138865500688553	-0.1190224289894104	-0.05389414355158806	-0.2462833970785141	0.04014493525028229	-0.23793764412403107
ENSMUSG00000100032	-0.06282311677932739	-1.0762951374053955	0.2065160572528839	-0.9183188676834106	-0.15367747843265533	-0.33692947030067444
ENSMUSG00000026270	-0.001207828987389803	0.43218666315078735	-0.09631063789129257	0.39928653836250305	0.02256830222904682	0.33717846870422363
ENSMUSG00000121596	-0.007814603857696056	0.19112415611743927	0.031802963465452194	0.27130329608917236	0.016981281340122223	0.25088778138160706
ENSMUSG00000092429	-0.028200335800647736	-0.11488094925880432	-0.11238466203212738	-0.18553121387958527	-0.006411178503185511	-0.2764589190483093
ENSMUSG00000115099	0.0025107774417847395	0.3669675588607788	-0.08967012166976929	0.10518193989992142	0.03138767555356026	0.29616808891296387
ENSMUSG00000046434	0.02437601052224636	0.5599852204322815	0.15993204712867737	0.7560206651687622	0.03299601376056671	0.384438157081604
ENSMUSG00000028832	0.024367429316043854	0.45805731415748596	0.08785587549209595	0.6894703507423401	0.023592384532094002	0.30871477723121643
ENSMUSG00000116737	2.6431829610373825e-05	0.0853801891207695	-0.07271948456764221	0.052729059010744095	0.005712830927222967	-0.08918251842260361
ENSMUSG00000004872	0.008610068820416927	-0.13094072043895721	-0.11328788846731186	-0.20578473806381226	0.035969387739896774	0.023390641435980797
ENSMUSG00000111505	-0.014924012124538422	-0.1506742388010025	-0.12487608939409256	-0.18787308037281036	0.040403060615062714	-0.1849355548620224
ENSMUSG00000040195	-0.012533944100141525	0.36744311451911926	0.04658644273877144	0.5139686465263367	0.007108014076948166	0.30363965034484863
ENSMUSG00000110676	0.028638632968068123	-0.08305563032627106	0.1553400754928589	0.021351104602217674	0.04129239544272423	-0.12436340004205704
ENSMUSG00000046613	-0.0004616600926965475	0.024790043011307716	-0.02741200663149357	0.12115981429815292	0.011026004329323769	0.08045170456171036
ENSMUSG00000056629	0.029542235657572746	0.497834175825119	0.15720167756080627	0.502912163734436	-0.03341144323348999	0.33890488743782043
ENSMUSG00000100931	0.014707814902067184	-0.1381828337907791	-0.07457704842090607	-0.1223011314868927	0.023350734263658524	-0.2215578854084015
ENSMUSG00000020577	-0.00025431334506720304	0.17428630590438843	-0.010321113280951977	0.2972749173641205	0.020410392433404922	0.29778069257736206
ENSMUSG00000085196	0.011956813745200634	0.38718846440315247	0.13288044929504395	0.41672900319099426	-0.004538937006145716	0.3499757647514343
ENSMUSG00000103524	-0.06282311677932739	-1.0762951374053955	0.2065160572528839	-0.9183188676834106	-0.15367747843265533	-0.33692947030067444
ENSMUSG00000120743	-0.02461538091301918	-0.20706652104854584	-0.11582764983177185	-0.2830633223056793	0.02159256674349308	-0.2611936330795288
ENSMUSG00000115161	-0.011990692466497421	-0.15952715277671814	-0.12626919150352478	-0.24421733617782593	0.01525400672107935	-0.21064069867134094
ENSMUSG00000026798	-0.0036798191722482443	0.4771157503128052	-0.008462181314826012	0.232497900724411	0.02487511932849884	0.3389413058757782
ENSMUSG00000114869	0.04340123012661934	-0.13071246445178986	0.14256131649017334	0.07320661842823029	0.01901543326675892	-0.06789921969175339
ENSMUSG00000097195	0.00010417243174742907	0.4154971241950989	0.10319298505783081	0.6159243583679199	0.0067102378234267235	0.2814353108406067
ENSMUSG00000000489	-0.006008003372699022	0.1679546982049942	0.06306421756744385	0.12182725965976715	-0.03924385830760002	0.17690019309520721
ENSMUSG00000116823	0.006594404112547636	0.05072672292590141	0.08120619505643845	0.24853821098804474	0.023117152974009514	-0.020967276766896248
ENSMUSG00000052310	-0.007649958599358797	0.15618734061717987	0.063638836145401	0.3914177417755127	0.010822930373251438	0.2623574435710907
ENSMUSG00000101289	-0.023874418810009956	-0.22942502796649933	-0.1179780587553978	-0.29339486360549927	0.00921810232102871	-0.1946181058883667
ENSMUSG00000060904	-0.012022878974676132	0.4596414268016815	0.004513575229793787	0.279728502035141	0.002277705818414688	0.35288143157958984
ENSMUSG00000085471	0.03404797613620758	-0.5136064291000366	0.3000967502593994	-0.28559163212776184	-0.16792142391204834	-0.5369844436645508
ENSMUSG00000031558	0.015422595664858818	0.20968616008758545	-0.1074017733335495	0.21753469109535217	0.027768321335315704	0.30258697271347046
ENSMUSG00000115432	-0.005914498120546341	-0.15816181898117065	-0.1163351908326149	-0.30911892652511597	0.03859160095453262	-0.2186705470085144
ENSMUSG00000072847	0.022747084498405457	-0.08486045151948929	0.07226602733135223	-0.025343840941786766	0.03165542706847191	-0.16201716661453247
ENSMUSG00000103742	-0.003965600859373808	-0.15632019937038422	-0.10134053975343704	-0.19078944623470306	0.008080067113041878	-0.23805932700634003
ENSMUSG00000022431	0.009221545420587063	0.19372901320457458	-0.06083492934703827	0.41931822896003723	0.013276572339236736	0.23469196259975433
ENSMUSG00000027015	0.001681552268564701	-0.03280692547559738	-0.07306893169879913	0.07267384976148605	0.02529829740524292	0.15601485967636108
ENSMUSG00000041961	-0.00887496117502451	0.41331616044044495	-0.0031135808676481247	0.438996821641922	0.019290504977107048	0.32689622044563293
ENSMUSG00000107756	-0.0511525496840477	-0.14872679114341736	0.1543830931186676	0.06380677223205566	-0.034616097807884216	-0.1463269293308258
ENSMUSG00000113971	-0.06282311677932739	-1.0762951374053955	0.2065160572528839	-0.9183188676834106	-0.15367747843265533	-0.33692947030067444
ENSMUSG00000031097	0.012102050706744194	-0.16362297534942627	-0.13238266110420227	-0.2530236542224884	0.034888893365859985	-0.10090134292840958
ENSMUSG00000121244	0.014825813472270966	-0.05749424546957016	0.040570005774497986	-0.05952111631631851	0.025429990142583847	-0.03744290769100189
ENSMUSG00000089706	0.0015738372458145022	-0.12618836760520935	-0.12556709349155426	-0.17871545255184174	0.020241549238562584	-0.23995037376880646
ENSMUSG00000028893	0.00860188715159893	0.34128329157829285	0.12497475743293762	0.4162105917930603	-0.03577893599867821	0.279226690530777
ENSMUSG00000050035	-0.007479340303689241	0.43370354175567627	0.07797705382108688	0.4987333416938782	0.008743575774133205	0.36504027247428894
ENSMUSG00000078234	0.020918019115924835	-0.10561918467283249	-0.06222854182124138	-0.30147358775138855	-0.054401278495788574	-0.03467664122581482
ENSMUSG00000085511	0.012845370918512344	-0.05379205197095871	-0.0848759114742279	-0.23652084171772003	0.03997280076146126	-0.10852422565221786
ENSMUSG00000099468	-0.013173898681998253	-0.16605675220489502	-0.1217145249247551	-0.2686157524585724	0.011224215850234032	-0.24110321700572968
ENSMUSG00000085173	-0.04514465853571892	-0.3303990662097931	-0.0229528546333313	-0.4256056249141693	0.013151017017662525	-0.2221062034368515
ENSMUSG00000041264	-0.011624474078416824	0.4750266373157501	0.05068497359752655	0.6167547106742859	0.004657769110053778	0.4114032983779907
ENSMUSG00000024754	-0.009510316886007786	0.38070881366729736	0.06458456814289093	0.3682638108730316	-0.003482170170173049	0.32690590620040894
ENSMUSG00000113907	0.01119812112301588	-0.11961108446121216	-0.06931295990943909	-0.2548343241214752	0.02750457264482975	-0.17936986684799194
ENSMUSG00000108903	-0.04914937540888786	-0.23250362277030945	-0.08618682622909546	-0.15844111144542694	-0.020625539124011993	-0.2633236348628998
ENSMUSG00000117957	0.03835798427462578	0.010767961852252483	0.11533743888139725	0.2333495020866394	-0.04114989936351776	0.002633769763633609
ENSMUSG00000051768	-0.0012018271954730153	0.16267208755016327	0.03627585992217064	0.14469392597675323	-0.0026419979985803366	0.06194382160902023
ENSMUSG00000036023	-0.003186187706887722	0.35175836086273193	0.10817678272724152	0.4010433554649353	0.015796855092048645	0.2501802146434784
ENSMUSG00000020375	-0.011405732482671738	0.4203170835971832	0.02204064652323723	0.5652361512184143	0.010893532074987888	0.31152111291885376
ENSMUSG00000109780	-0.0005468924646265805	0.39333707094192505	-0.018597973510622978	0.3935096263885498	0.019834835082292557	0.33856868743896484
ENSMUSG00000074452	0.008917435072362423	0.33289435505867004	-0.08893613517284393	0.5269508957862854	0.020518897101283073	0.400787889957428
ENSMUSG00000097447	0.018634848296642303	-0.14822550117969513	-0.05678797885775566	-0.25228890776634216	0.03455938398838043	-0.1681252121925354
ENSMUSG00000111002	-0.015616215765476227	-0.2289389669895172	-0.12489873170852661	-0.27016282081604004	0.03778143972158432	-0.19574899971485138
ENSMUSG00000111717	-0.0019114117603749037	-0.14908799529075623	-0.1137290671467781	-0.25729918479919434	0.013391046784818172	-0.25375887751579285
ENSMUSG00000074628	0.005357965361326933	-0.0918523371219635	-0.05661899596452713	-0.24221256375312805	0.04260149598121643	-0.1844927966594696
ENSMUSG00000009376	0.017915021628141403	0.11628051102161407	-0.09651713073253632	0.12665823101997375	0.0240444615483284	0.2830032706260681
ENSMUSG00000030738	-0.0074380384758114815	0.37819603085517883	0.0748262032866478	0.29677340388298035	0.013230080716311932	0.3374139666557312
ENSMUSG00000022821	-0.006039340514689684	-0.15043112635612488	-0.11798964440822601	-0.19274690747261047	0.038090769201517105	-0.21793633699417114
ENSMUSG00000051469	-0.008290164172649384	0.4463803768157959	0.04918917641043663	0.43642738461494446	-0.0007205709116533399	0.35867783427238464
ENSMUSG00000094553	-0.018461575731635094	-0.1377333253622055	-0.13519792258739471	-0.1291920393705368	0.013629079796373844	-0.23514454066753387
ENSMUSG00000025507	-0.005952430889010429	0.16636385023593903	0.05996059998869896	0.3738006353378296	-0.00012068135401932523	0.2335127592086792
ENSMUSG00000099737	-0.06282311677932739	-1.0762951374053955	0.2065160572528839	-0.9183188676834106	-0.15367747843265533	-0.33692947030067444
ENSMUSG00000006941	-0.008874424733221531	0.3623685836791992	0.03044789470732212	0.29927149415016174	0.0012466731714084744	0.34687262773513794
ENSMUSG00000018861	-0.010908125899732113	0.29420962929725647	-0.06509211659431458	0.2657652199268341	0.0020653640385717154	0.27721041440963745
ENSMUSG00000032547	-0.000959362369030714	0.21946382522583008	-0.06250417232513428	0.20100265741348267	0.02460876666009426	0.27128303050994873
ENSMUSG00000024896	-0.0046051377430558205	0.37898755073547363	-0.002072955248877406	0.4802318215370178	0.015576732344925404	0.37050750851631165
ENSMUSG00000118618	-0.06282311677932739	-1.0762951374053955	0.2065160572528839	-0.9183188676834106	-0.15367747843265533	-0.33692947030067444
ENSMUSG00000056494	0.0015148306265473366	-0.13548721373081207	-0.10736352205276489	-0.37771761417388916	0.021818451583385468	-0.2516464591026306
ENSMUSG00000087084	0.007199249695986509	-0.11573533713817596	-0.12338998913764954	-0.1935368776321411	0.03776618093252182	-0.05073080584406853
ENSMUSG00000118284	0.009071752429008484	-0.13104131817817688	-0.09301823377609253	-0.1599695086479187	0.012370496056973934	-0.05924120545387268
ENSMUSG00000057234	0.016286035999655724	0.24273911118507385	-0.09485090523958206	0.2772355377674103	0.022397441789507866	0.23463796079158783
ENSMUSG00000053654	0.02898368053138256	0.02114068903028965	0.04530281946063042	0.03353641927242279	-0.014511976391077042	-0.10620328783988953
ENSMUSG00000121536	-0.06282311677932739	-1.0762951374053955	0.2065160572528839	-0.9183188676834106	-0.15367747843265533	-0.33692947030067444
ENSMUSG00000112069	-0.021391989663243294	-0.1334427297115326	-0.12706680595874786	-0.23672090470790863	-0.028991185128688812	-0.2286156266927719
ENSMUSG00000029636	-0.006590843200683594	0.3302774131298065	-0.0408499538898468	0.1744285225868225	0.019401639699935913	0.27013859152793884
ENSMUSG00000014686	0.02604704536497593	-0.0747934952378273	-0.03338059037923813	-0.050123199820518494	0.00030325178522616625	-0.1659419685602188
ENSMUSG00000001622	0.032423149794340134	-0.04269526153802872	-0.09357766062021255	-0.10060381144285202	0.02349957264959812	-0.19176945090293884
ENSMUSG00000097639	-0.0062601082026958466	0.3082815110683441	0.08035774528980255	0.5552675724029541	0.010774444788694382	0.2636951506137848
ENSMUSG00000048231	-0.005142274312674999	-0.09287148714065552	-0.11041314154863358	-0.20892134308815002	-0.0022135444451123476	-0.314480185508728
ENSMUSG00000020949	-0.006255451589822769	0.45443427562713623	0.10906104743480682	0.46386995911598206	0.0016800867160782218	0.34251701831817627
ENSMUSG00000086336	0.059111181646585464	0.020837290212512016	0.15232618153095245	0.13374418020248413	-0.030706889927387238	-0.06135871261358261
ENSMUSG00000028755	0.0029331203550100327	-0.0868164598941803	-0.08132880926132202	-0.17052917182445526	0.01935872621834278	0.035398613661527634
ENSMUSG00000028873	-0.011818872764706612	0.3873484432697296	0.05556917190551758	0.2729795277118683	0.016080915927886963	0.3602454364299774
ENSMUSG00000036591	-0.013252959586679935	0.440324604511261	-0.0010617842199280858	0.5504817366600037	0.010295096784830093	0.3971039652824402
ENSMUSG00000015468	0.014104936271905899	0.07471110671758652	0.05941067263484001	0.16950073838233948	-0.01780145801603794	0.05506183207035065
ENSMUSG00000105589	0.00748792476952076	-0.12955807149410248	-0.12243515998125076	-0.21392697095870972	0.01308717206120491	-0.21619389951229095
ENSMUSG00000041734	-0.005140553694218397	0.17694884538650513	0.10845085233449936	0.291378915309906	-0.005943554453551769	0.2841868996620178
ENSMUSG00000032446	0.00552804209291935	0.1199147030711174	0.11333127319812775	0.21677549183368683	-0.025052571669220924	0.19509445130825043
ENSMUSG00000031230	0.031806327402591705	-0.1283309906721115	-0.10284016281366348	-0.02082880027592182	0.03524109721183777	0.18084140121936798
ENSMUSG00000000385	0.01697733625769615	-0.1208043098449707	-0.10823182761669159	-0.13177186250686646	0.03263517841696739	0.09764590114355087
ENSMUSG00000096333	-0.07626889646053314	-0.28433987498283386	-0.09070704132318497	-0.3004508912563324	-0.03424244374036789	-0.2659640908241272
ENSMUSG00000066036	-0.002238936023786664	0.5034562945365906	-0.029817523434758186	0.4370790123939514	0.02539045549929142	0.3988260328769684
ENSMUSG00000008384	0.01477060653269291	0.3772220313549042	0.1296755075454712	0.1762491762638092	-0.06289512664079666	0.2474805861711502
ENSMUSG00000038215	-0.00037981406785547733	0.4676389694213867	0.02471933886408806	0.40358203649520874	0.026471002027392387	0.40579697489738464
ENSMUSG00000069855	0.008258101530373096	-0.08711841702461243	-0.04398240149021149	0.15145498514175415	0.02529594488441944	0.036702658981084824
ENSMUSG00000087178	-0.011570272035896778	0.4767085611820221	0.06676091253757477	0.534118115901947	0.011834976263344288	0.37053924798965454
ENSMUSG00000099735	0.013502308167517185	-0.13970525562763214	-0.10939452052116394	-0.127679243683815	0.028591562062501907	-0.12113656848669052
ENSMUSG00000032394	-0.011408906430006027	0.2717556059360504	-0.004427212290465832	0.1391044557094574	-0.007391010411083698	0.2882474958896637
ENSMUSG00000025956	5.558901102631353e-05	0.3684134781360626	0.028489915654063225	0.40514427423477173	0.021637286990880966	0.36759039759635925
ENSMUSG00000029790	0.00247130636125803	0.38244137167930603	-0.012866172008216381	0.4858735203742981	0.019991425797343254	0.264263391494751
ENSMUSG00000099548	-0.06282311677932739	-1.0762951374053955	0.2065160572528839	-0.9183188676834106	-0.15367747843265533	-0.33692947030067444
ENSMUSG00000013936	0.016127021983265877	-0.08726701140403748	-0.00855769868940115	-0.14736565947532654	-0.002292620949447155	-0.11968003958463669
ENSMUSG00000031933	-0.002521166577935219	-0.1120474562048912	-0.1207270547747612	-0.150732159614563	0.031854163855314255	-0.11645634472370148
ENSMUSG00000021716	-0.00771201029419899	0.524774968624115	0.015559090301394463	0.5706078410148621	0.017491795122623444	0.42903241515159607
ENSMUSG00000037636	0.0035060467198491096	0.0321972630918026	0.11500372737646103	0.30267077684402466	0.015992891043424606	0.08961895108222961
ENSMUSG00000029761	0.0003409762284718454	0.15346911549568176	-0.06704962253570557	-0.06309247016906738	0.025993894785642624	0.02550271525979042
ENSMUSG00000100459	-0.0022852274123579264	-0.12583312392234802	-0.13220490515232086	-0.150957390666008	0.005680431611835957	-0.31350386142730713
ENSMUSG00000020241	0.01378317829221487	-0.06442256271839142	-0.11162002384662628	-0.04032435268163681	0.034974291920661926	0.07133421301841736
ENSMUSG00000108831	0.015342787839472294	-0.08963741362094879	-0.13242436945438385	-0.17377276718616486	0.012708764523267746	-0.23444892466068268
ENSMUSG00000102547	-0.06282311677932739	-1.0762951374053955	0.2065160572528839	-0.9183188676834106	-0.15367747843265533	-0.33692947030067444
ENSMUSG00000022220	0.001530130160972476	0.020263276994228363	-0.050300922244787216	0.10432889312505722	0.020885756239295006	0.045670486986637115
ENSMUSG00000096356	0.014051178470253944	-0.18108151853084564	-0.14588330686092377	-0.1726343184709549	0.021106857806444168	-0.19444403052330017
ENSMUSG00000035031	-0.0011909157037734985	-0.1700376272201538	-0.07772209495306015	-0.2252168506383896	0.03155894577503204	-0.172052800655365
ENSMUSG00000034656	0.01645517162978649	-0.0943373516201973	0.07575996220111847	0.018439188599586487	-0.0005146840121597052	-0.050698913633823395
ENSMUSG00000073803	0.009705456905066967	-0.11060608923435211	-0.1331169158220291	-0.24090972542762756	0.014738678932189941	-0.20498009026050568
ENSMUSG00000025431	0.003497362369671464	-0.1552748829126358	-0.14161036908626556	-0.16715975105762482	0.015425102785229683	-0.2084476500749588
ENSMUSG00000101847	0.0002860681852325797	-0.14754995703697205	-0.11923888325691223	-0.2668111026287079	0.03724784404039383	-0.25041189789772034
ENSMUSG00000022893	-0.003480055835098028	0.048077963292598724	0.07319080084562302	0.3164416551589966	-0.0205109640955925	0.1910056620836258
ENSMUSG00000117786	-0.0027026962488889694	-0.11947140842676163	-0.11851956695318222	-0.23483724892139435	0.03181575983762741	-0.26727184653282166
ENSMUSG00000009356	0.013961084187030792	-0.07401147484779358	-0.09155748039484024	-0.06851431727409363	0.03174126520752907	-0.16396453976631165
ENSMUSG00000062245	-0.025490252301096916	-0.22526893019676208	-0.10323236137628555	-0.24363209307193756	-0.013720504939556122	-0.3026953637599945
ENSMUSG00000041235	-0.00030010362388566136	0.28986573219299316	-0.10957156866788864	0.009272226132452488	0.023418016731739044	0.2891339063644409
ENSMUSG00000064224	0.013404514640569687	-0.13953812420368195	-0.14054028689861298	-0.04317623749375343	0.024767626076936722	-0.17879091203212738
ENSMUSG00000029843	-0.002846097107976675	-0.10381010174751282	0.09074358642101288	-0.19248247146606445	0.007175929378718138	-0.07672905921936035
ENSMUSG00000039521	-0.05905246362090111	-0.18837465345859528	-0.04563817009329796	0.06916356086730957	0.03708347678184509	-0.24492579698562622
ENSMUSG00000021257	0.017877891659736633	-0.10441576689481735	-0.03321503475308418	-0.1827649623155594	0.015291598625481129	-0.23339584469795227
ENSMUSG00000108456	0.0157626923173666	-0.10077524930238724	-0.13820824027061462	-0.1531560868024826	0.027769701555371284	-0.2307734489440918
ENSMUSG00000019900	0.017684902995824814	-0.07029341906309128	-0.11133434623479843	-0.0644473135471344	0.01728157326579094	0.15990301966667175
ENSMUSG00000028861	-0.014566607773303986	0.5495674014091492	0.0029910097364336252	0.13778948783874512	0.01958422362804413	0.27315595746040344
ENSMUSG00000021464	-0.005635946989059448	0.13232937455177307	-0.0691705048084259	0.1725812703371048	0.012230629101395607	0.21863707900047302
ENSMUSG00000048186	0.016937345266342163	0.20098918676376343	-0.10903051495552063	0.015620236285030842	0.032177869230508804	0.26687172055244446
ENSMUSG00000052117	0.011579603888094425	-0.10960089415311813	0.09639542549848557	0.35236114263534546	0.019889144226908684	-0.004506455734372139
ENSMUSG00000042353	0.010885331779718399	-0.06842387467622757	-0.05809778720140457	0.027335431426763535	0.03127393126487732	0.08011327683925629
ENSMUSG00000040740	0.0015225227689370513	-0.11427592486143112	-0.026042869314551353	-0.008002026937901974	0.026579152792692184	-0.09283827990293503
ENSMUSG00000027831	-0.0022220928221940994	-0.1184629425406456	-0.12920765578746796	-0.18604403734207153	0.038343895226716995	-0.1619548350572586
ENSMUSG00000117104	0.0056184083223342896	-0.030663736164569855	0.045668601989746094	0.04677383601665497	0.041180938482284546	-0.13514098525047302
ENSMUSG00000022661	0.012374622747302055	-0.22424684464931488	-0.11275581270456314	-0.1317533403635025	0.02497958205640316	0.05408471077680588
ENSMUSG00000075143	-0.011825541034340858	-0.07947470992803574	-0.11364483088254929	-0.23136833310127258	0.002732577035203576	-0.26998844742774963
ENSMUSG00000058717	0.001872927532531321	-0.06619258224964142	-0.14177562296390533	-0.14252519607543945	0.013340519741177559	-0.22929143905639648
ENSMUSG00000028857	-0.005878867115825415	0.4462336301803589	0.05771006643772125	0.3948650658130646	0.015422562137246132	0.3542400598526001
ENSMUSG00000111865	-0.006450262852013111	-0.09287664294242859	-0.13608627021312714	-0.1359737366437912	0.018277419731020927	-0.2780851423740387
ENSMUSG00000094870	-0.01212005689740181	0.49160632491111755	0.06778638064861298	0.5544521808624268	0.012325262650847435	0.38687804341316223
ENSMUSG00000087319	-0.0083626052364707	-0.13936911523342133	-0.09247929602861404	-0.20310504734516144	0.016316760331392288	-0.23492595553398132
ENSMUSG00000034064	-0.00824486743658781	0.3001425266265869	0.056973353028297424	0.3156411051750183	-0.004017176106572151	0.2915841341018677
ENSMUSG00000085885	0.011853919364511967	0.19342076778411865	-0.1065107136964798	-0.022476933896541595	0.03546017408370972	0.14335307478904724
ENSMUSG00000070686	-0.0747251957654953	-0.5497937798500061	-0.026278452947735786	-0.7560530304908752	0.03784430772066116	-0.2249433398246765
ENSMUSG00000071553	0.024281077086925507	-0.13591353595256805	0.08248995989561081	-0.1654520183801651	0.007447035983204842	-0.18397308886051178
ENSMUSG00000084788	-0.0018252693116664886	-0.15147548913955688	-0.1400972157716751	-0.16319797933101654	0.02192792110145092	-0.2217867523431778
ENSMUSG00000095463	0.03945544734597206	0.20871052145957947	-0.06608657538890839	0.0026958901435136795	0.03604605421423912	0.1999031901359558
ENSMUSG00000030117	0.1253996640443802	0.19457587599754333	0.07105273008346558	0.555955171585083	-5.078168760519475e-05	0.15784381330013275
ENSMUSG00000036733	0.0014777465257793665	0.354236364364624	0.03229302167892456	0.38674163818359375	0.023891493678092957	0.30781710147857666
ENSMUSG00000085054	-0.002473816042765975	0.4364062547683716	0.05187544226646423	0.49153363704681396	0.008278077468276024	0.3563322424888611
ENSMUSG00000091311	0.025715742260217667	-0.07769956439733505	0.08105354011058807	0.22706197202205658	-0.011824731715023518	-0.08137819170951843
ENSMUSG00000043226	-0.017643069848418236	-0.12838508188724518	-0.1251579225063324	-0.19729667901992798	0.017522897571325302	-0.23040565848350525
ENSMUSG00000040140	0.009036495350301266	-0.09072504192590714	-0.09953522682189941	-0.002701490418985486	0.03149950131773949	0.11627301573753357
ENSMUSG00000038400	-0.006892852950841188	0.21106016635894775	0.026532309129834175	0.2440301477909088	-0.021466989070177078	0.27373576164245605
ENSMUSG00000006219	0.05315978452563286	-0.16485732793807983	0.1746925413608551	-0.07110576331615448	-0.1031159907579422	-0.16472306847572327
ENSMUSG00000028602	0.017644688487052917	-0.03697052225470543	0.13332520425319672	0.12525586783885956	0.023857148364186287	-0.02705365978181362
ENSMUSG00000074489	0.03961460664868355	-0.07077184319496155	0.16261371970176697	0.26634401082992554	0.02061750739812851	-0.13730190694332123
ENSMUSG00000085134	0.016354603692889214	-0.03936852887272835	-0.008905088528990746	0.04769565537571907	0.0339261069893837	-0.07146815955638885
ENSMUSG00000112254	0.03464210033416748	-0.09685859829187393	-0.062426961958408356	-0.23477382957935333	0.03586497902870178	-0.222640261054039
ENSMUSG00000031220	-0.03721129894256592	-0.24576130509376526	-0.10187580436468124	-0.23749113082885742	0.044834066182374954	-0.1948777586221695
ENSMUSG00000118281	0.030435241758823395	-0.006162593141198158	0.1264670491218567	0.37786442041397095	-0.04109294340014458	0.10945701599121094
ENSMUSG00000025782	-0.004116466268897057	0.4752747416496277	-0.0512910857796669	0.3731222152709961	0.024043774232268333	0.4273602366447449
ENSMUSG00000019489	0.012563628144562244	-0.12021048367023468	-0.07176555693149567	-0.06801991164684296	0.03424582630395889	0.030677270144224167
ENSMUSG00000119980	0.02119646780192852	0.09450023621320724	-0.10778899490833282	-0.026781968772411346	0.024667102843523026	0.19223491847515106
ENSMUSG00000023018	0.013493197970092297	0.5070266127586365	0.11498802900314331	0.4393114745616913	-0.03543305769562721	0.34097567200660706
ENSMUSG00000110631	0.0021454847883433104	-0.03309019282460213	0.034680478274822235	0.056381478905677795	0.042665738612413406	-0.16721098124980927
ENSMUSG00000108449	0.012181632220745087	-0.12752392888069153	-0.06885817646980286	-0.24984407424926758	0.03865337744355202	-0.24120891094207764
ENSMUSG00000119953	-0.004547513090074062	-0.17246629297733307	-0.12373939156532288	-0.17341472208499908	-0.015216776169836521	-0.06966640055179596
ENSMUSG00000086171	0.005983067210763693	0.007386313285678625	-0.0779804214835167	-0.10998133569955826	-0.012388123199343681	-0.016566189005970955
ENSMUSG00000086160	0.003500761464238167	-0.14251193404197693	-0.11525864899158478	-0.3225661814212799	0.03812652453780174	-0.1849343478679657
ENSMUSG00000020930	-0.00468389643356204	0.5101640820503235	-0.07728880643844604	0.345584511756897	0.02841193415224552	0.3510693311691284
ENSMUSG00000105092	-0.0034108064137399197	-0.08275017142295837	-0.137870192527771	-0.14834566414356232	0.01563931629061699	-0.2197786569595337
ENSMUSG00000052909	0.003749576862901449	-0.07393212616443634	-0.13298074901103973	-0.1835271418094635	0.012048142962157726	-0.25482237339019775
ENSMUSG00000112823	0.006177597679197788	-0.16198010742664337	-0.1258385330438614	-0.09437265247106552	0.005700517911463976	-0.11103479564189911
ENSMUSG00000070458	-0.009439927525818348	-0.16523918509483337	-0.12656666338443756	-0.16543231904506683	0.0032508561853319407	-0.3243885040283203
ENSMUSG00000096376	-0.07965157181024551	-0.2674638628959656	-0.12140421569347382	-0.2193191647529602	-0.020160112529993057	-0.26739501953125
ENSMUSG00000056917	0.01817183941602707	0.059201184660196304	0.016512107104063034	0.019924137741327286	-0.036697808653116226	0.04874800518155098
ENSMUSG00000030222	-0.001353959902189672	0.22518225014209747	-0.00827876664698124	0.27663037180900574	0.015958618372678757	0.17418931424617767
ENSMUSG00000083817	-0.06282311677932739	-1.0762951374053955	0.2065160572528839	-0.9183188676834106	-0.15367747843265533	-0.33692947030067444
ENSMUSG00000017830	0.03074819967150688	-0.10439528524875641	0.08962557464838028	0.017952540889382362	0.010119454935193062	-0.09620431810617447
ENSMUSG00000054387	-0.004382585175335407	0.4250120222568512	0.12526875734329224	0.3728509843349457	-0.011190319433808327	0.34641945362091064
ENSMUSG00000016477	-0.010648926720023155	0.42039334774017334	0.035214316099882126	0.7317057847976685	0.01538944337517023	0.345702201128006
ENSMUSG00000027210	0.006268682889640331	-0.11445815861225128	-0.025780808180570602	0.06576987355947495	0.029716672375798225	0.04391331225633621
ENSMUSG00000117848	-0.17312301695346832	-0.9367446899414062	0.06675906479358673	-1.0049211978912354	-0.0598282627761364	-0.27420124411582947
ENSMUSG00000117885	-0.010078213177621365	-0.17703287303447723	-0.14630673825740814	-0.12752428650856018	0.005423909053206444	-0.2135283350944519
ENSMUSG00000114594	0.02314096689224243	-0.08422110229730606	-0.12574154138565063	-0.14456874132156372	0.018372006714344025	-0.2510773241519928
ENSMUSG00000092103	0.014737668447196484	0.13969193398952484	0.02497362531721592	0.4778338372707367	-0.010861336253583431	0.21180647611618042
ENSMUSG00000027944	-0.008247734978795052	0.35765692591667175	0.08734215050935745	0.5433542728424072	0.009159345179796219	0.3260199725627899
ENSMUSG00000020491	0.0030315739568322897	0.260974258184433	-0.004518452100455761	0.1849023401737213	0.02681869827210903	0.27934011816978455
ENSMUSG00000061306	-0.010033850558102131	0.3664756417274475	0.025966735556721687	0.2817883789539337	0.015255940146744251	0.29784488677978516
ENSMUSG00000107042	0.005422285757958889	-0.16474099457263947	-0.07845199108123779	-0.11220349371433258	0.03247162327170372	-0.22165672481060028
ENSMUSG00000084937	-0.026335900649428368	-0.20523317158222198	-0.10868506133556366	-0.3012787997722626	-0.00756982434540987	-0.23352102935314178
ENSMUSG00000067229	-0.08211708068847656	-0.23011137545108795	-0.06494434922933578	-0.12458129227161407	-0.07522036880254745	-0.34801310300827026
ENSMUSG00000103585	0.034794069826602936	0.0011675518471747637	0.1155000850558281	-0.053198814392089844	-0.04154147580265999	-0.0012404334265738726
ENSMUSG00000071772	-0.06659509986639023	-0.23355978727340698	-0.1427662968635559	-0.020939534530043602	-0.023154720664024353	-0.21373818814754486
ENSMUSG00000004934	0.008745956234633923	0.37992095947265625	-0.06502515822649002	0.5229045748710632	0.023676954209804535	0.31276533007621765
ENSMUSG00000047875	-0.0070162685588002205	0.16760514676570892	-0.014116526581346989	0.21496985852718353	0.010481472127139568	0.20810188353061676
ENSMUSG00000090485	-0.0017601250438019633	-0.07829148322343826	-0.1220850721001625	-0.18714816868305206	0.011738155037164688	-0.23342882096767426
ENSMUSG00000050721	0.005304755177348852	0.2745656371116638	-0.07659724354743958	0.2397192120552063	0.028582120314240456	0.24671688675880432
ENSMUSG00000035539	0.005067892838269472	-0.029267752543091774	-0.1251988261938095	-0.061513498425483704	0.03642365336418152	-0.119684599339962
ENSMUSG00000025905	0.01361748855561018	-0.16627387702465057	-0.08784927427768707	-0.30524060130119324	0.01738712377846241	-0.0015044936444610357
ENSMUSG00000043162	0.0015991127584129572	0.26454484462738037	0.11962301284074783	0.34898704290390015	0.013858812861144543	0.18351459503173828
ENSMUSG00000109029	-0.0234637800604105	-0.18681395053863525	-0.12343042343854904	-0.25361552834510803	0.008932027034461498	-0.18860483169555664
ENSMUSG00000031217	0.018896033987402916	-0.03184913098812103	-0.03426618501543999	0.2393626719713211	0.03470997139811516	0.1535360962152481
ENSMUSG00000091192	-0.013404863886535168	-0.21796198189258575	-0.1135743260383606	-0.3146195709705353	0.0240181777626276	-0.23031343519687653
ENSMUSG00000055720	-0.004851100035011768	0.28004103899002075	0.008197808638215065	0.2508770227432251	0.02312498353421688	0.31580448150634766
ENSMUSG00000023926	0.00052802445134148	-0.15071631968021393	-0.12310674041509628	-0.2707933485507965	0.018605805933475494	-0.22037948668003082
ENSMUSG00000021144	-0.010244766250252724	0.2943330705165863	0.05886979028582573	0.31960737705230713	-9.876071271719411e-05	0.31745481491088867
ENSMUSG00000054514	-0.012474149465560913	0.43399783968925476	0.03356873616576195	0.3821362555027008	0.01732965186238289	0.4146089553833008
ENSMUSG00000068015	-0.0016784972976893187	0.33233821392059326	-0.02886112406849861	0.3613013029098511	0.0198576170951128	0.338685542345047
ENSMUSG00000038175	0.003336529480293393	0.2620048224925995	-0.0396689847111702	0.2969769239425659	0.02591109089553356	0.28284966945648193
ENSMUSG00000036390	0.05194362252950668	0.30875256657600403	0.1433534473180771	0.4091423451900482	-0.11033210903406143	0.2928820848464966
ENSMUSG00000061972	-0.012031333521008492	-0.12767130136489868	-0.12903599441051483	-0.18737909197807312	0.029247213155031204	-0.2045278698205948
ENSMUSG00000120254	0.002235962776467204	0.151264488697052	0.09041649848222733	0.5218939781188965	0.01465910766273737	-0.008237882517278194
ENSMUSG00000105183	0.00866690557450056	-0.1543528437614441	-0.14210548996925354	-0.19821982085704803	0.02575226128101349	-0.19152683019638062
ENSMUSG00000087603	-0.014496772550046444	-0.187571182847023	-0.11219813674688339	-0.27998578548431396	0.032751139253377914	-0.24472393095493317
ENSMUSG00000082264	-0.010005221702158451	-0.15782128274440765	-0.13319618999958038	-0.14875687658786774	0.02284931018948555	-0.18837614357471466
ENSMUSG00000117981	0.014057504944503307	-0.07690968364477158	-0.08408242464065552	-0.1249777227640152	0.03555396571755409	-0.1655813604593277
ENSMUSG00000103544	-0.020641878247261047	-0.12072882801294327	-0.11399367451667786	-0.26906952261924744	-0.010136903263628483	-0.2867717444896698
ENSMUSG00000032555	-0.009339035488665104	0.4421171545982361	0.06118123605847359	0.5965647101402283	0.011252867057919502	0.3821415305137634
ENSMUSG00000072676	-0.06282311677932739	-1.0762951374053955	0.2065160572528839	-0.9183188676834106	-0.15367747843265533	-0.33692947030067444
ENSMUSG00000015980	-0.007441304158419371	0.32461631298065186	0.028413837775588036	0.21122676134109497	0.0059312074445188046	0.22216543555259705
ENSMUSG00000031696	-0.00859482679516077	0.43155020475387573	0.0753464475274086	0.5651575326919556	0.010318854823708534	0.39667555689811707
ENSMUSG00000079317	0.01223473995923996	0.42524653673171997	0.028178922832012177	0.5648598670959473	0.023762062191963196	0.34673580527305603
ENSMUSG00000113452	-0.06282311677932739	-1.0762951374053955	0.2065160572528839	-0.9183188676834106	-0.15367747843265533	-0.33692947030067444
ENSMUSG00000042888	-0.0005865988787263632	-0.20121295750141144	-0.10531571507453918	-0.20713815093040466	0.02856847271323204	-0.21361957490444183
ENSMUSG00000110125	0.0034726476296782494	-0.1010621190071106	-0.11552483588457108	-0.2909064292907715	0.03751545399427414	-0.25378933548927307
ENSMUSG00000105434	0.029364587739109993	-0.04791554436087608	0.16050052642822266	0.13672512769699097	0.03260207176208496	-0.1197398453950882
ENSMUSG00000117798	0.04709511622786522	-0.07917643338441849	0.1970166712999344	-0.10650256276130676	-0.02009720169007778	-0.19645555317401886
ENSMUSG00000000049	0.003748219693079591	-0.15827618539333344	-0.12506547570228577	-0.27697432041168213	0.023288337513804436	-0.21703854203224182
ENSMUSG00000029135	-0.009246718138456345	0.380422443151474	-0.07140982151031494	0.4088249206542969	0.015610415488481522	0.362033873796463
ENSMUSG00000027468	0.03507382422685623	-0.10960166156291962	-0.12279558926820755	-0.14213235676288605	0.011176002211868763	-0.20813262462615967
ENSMUSG00000015854	-0.01010162103921175	-0.10038769990205765	-0.12175080925226212	-0.18099847435951233	0.013882601633667946	-0.2273227572441101
ENSMUSG00000003062	-0.0038424923550337553	0.3271642029285431	0.022047530859708786	0.47646307945251465	0.017686137929558754	0.3332498073577881
ENSMUSG00000043639	-0.0013350945664569736	0.06309343129396439	-0.04107918590307236	-0.010554594919085503	0.02089555561542511	0.2181757688522339
ENSMUSG00000085918	0.025056378915905952	-0.0294748954474926	0.08517097681760788	-0.09287676960229874	-0.0681493952870369	-0.07612817734479904
ENSMUSG00000028243	0.011193147860467434	0.265441358089447	-0.07013585418462753	0.24368830025196075	0.03042696975171566	0.31961774826049805
ENSMUSG00000108145	0.009174948558211327	-0.14773860573768616	-0.06386564671993256	-0.07737365365028381	0.033407602459192276	-0.12079760432243347
ENSMUSG00000121332	-0.06282311677932739	-1.0762951374053955	0.2065160572528839	-0.9183188676834106	-0.15367747843265533	-0.33692947030067444
ENSMUSG00000033769	0.004006086383014917	0.33798709511756897	-0.03112122230231762	0.42196643352508545	0.025022588670253754	0.2841189503669739
ENSMUSG00000043529	-0.008678310550749302	-0.13758964836597443	-0.13267740607261658	-0.1174682080745697	0.013380107469856739	-0.23710818588733673
ENSMUSG00000097908	0.0007551086600869894	0.2585473954677582	0.10524158179759979	0.4565439522266388	0.0035386614035815	0.25730592012405396
ENSMUSG00000020741	0.006052760407328606	-0.09943363070487976	-0.08978822082281113	-0.09083244949579239	0.0377553254365921	-0.01396164856851101
ENSMUSG00000094084	-0.021530143916606903	-0.1251371055841446	-0.08278247714042664	-0.2866913974285126	-0.04284046217799187	-0.3004399240016937
ENSMUSG00000117738	-0.05209217220544815	-0.248967707157135	-0.09014903753995895	-0.2930661737918854	-0.004592877812683582	-0.22364673018455505
ENSMUSG00000042082	0.03058561496436596	0.09051442891359329	-0.1029563918709755	0.05028350651264191	0.01637657918035984	0.15684783458709717
ENSMUSG00000074505	0.028724638745188713	-0.07254615426063538	-0.09168186783790588	-0.115441232919693	0.03303155675530434	0.20367994904518127
ENSMUSG00000118611	-0.05024850368499756	-0.17931707203388214	-0.08370885252952576	-0.18143360316753387	0.013586342334747314	-0.2325267791748047
ENSMUSG00000038968	-0.01750393956899643	-0.12144367396831512	-0.12070406973361969	-0.2173262983560562	0.004755761474370956	-0.2887718677520752
ENSMUSG00000055452	0.024874506518244743	-0.12379434704780579	-0.06392144411802292	-0.2080496996641159	-0.052457813173532486	-0.1220862939953804
ENSMUSG00000118390	0.030071968212723732	-0.11338700354099274	0.041381120681762695	-0.008579377084970474	0.039050523191690445	-0.09030170738697052
ENSMUSG00000100356	-0.1197323426604271	-0.31590816378593445	-0.07400170713663101	-0.2781831622123718	-0.046872638165950775	-0.3097595274448395
ENSMUSG00000046262	-0.01102693285793066	-0.16694605350494385	-0.11306087672710419	-0.3448093831539154	0.025545921176671982	-0.22173196077346802
ENSMUSG00000038005	-0.008548848330974579	0.30071860551834106	0.09332812577486038	0.3395765423774719	0.011864039115607738	0.2626218795776367
ENSMUSG00000094724	0.005286477040499449	0.19015364348888397	-0.09422764927148819	0.11158020794391632	0.026394560933113098	0.25502172112464905
ENSMUSG00000087120	0.00044155545765534043	0.6077226996421814	0.10824587941169739	0.7003589868545532	0.022102108225226402	0.35642772912979126
ENSMUSG00000015759	-0.009295273572206497	0.3970670998096466	0.042584024369716644	0.2608500123023987	-0.0032223451416939497	0.2709234058856964
ENSMUSG00000031628	-0.010677158832550049	0.34048083424568176	0.023092562332749367	0.4000358283519745	0.010180315002799034	0.3499070107936859
ENSMUSG00000051022	-0.0011352989822626114	-0.08218980580568314	-0.1484568566083908	0.09807779639959335	0.03649783506989479	-0.15779724717140198
ENSMUSG00000063157	0.0036900686100125313	-0.10103248804807663	-0.1022091954946518	-0.2908804416656494	0.014559971168637276	-0.27696916460990906
ENSMUSG00000022433	-0.00594631303101778	0.2549120783805847	0.05981019511818886	0.17088006436824799	-0.020114483311772346	0.23682935535907745
ENSMUSG00000098609	0.0356777161359787	0.05980182811617851	0.13625560700893402	0.3816021680831909	0.010573824867606163	-0.15926338732242584
ENSMUSG00000097626	0.01501436810940504	0.08241517096757889	-0.1009550392627716	0.15366218984127045	0.013415050692856312	0.3152370750904083
ENSMUSG00000085987	0.003349026432260871	-0.13743896782398224	-0.11260750144720078	-0.3355226218700409	0.029697148129343987	-0.20125700533390045
ENSMUSG00000094317	-0.06282311677932739	-1.0762951374053955	0.2065160572528839	-0.9183188676834106	-0.15367747843265533	-0.33692947030067444
ENSMUSG00000120206	0.009545103646814823	-0.11708399653434753	-0.13977816700935364	-0.12400950491428375	0.026560399681329727	-0.1004403680562973
ENSMUSG00000055926	-0.010471113957464695	-0.12161599099636078	-0.1285509616136551	-0.10953818261623383	0.02310127206146717	-0.1632644683122635
ENSMUSG00000053475	0.01799575239419937	-0.08618077635765076	0.16271010041236877	0.1258871704339981	0.02599661983549595	-0.007396193686872721
ENSMUSG00000086474	0.010280463844537735	-0.07134297490119934	-0.11814761161804199	-0.1752735674381256	0.02993844263255596	-0.2723260521888733
ENSMUSG00000117508	-0.029605645686388016	-0.23929613828659058	-0.07364840060472488	-0.4451811611652374	0.012771018780767918	-0.23520401120185852
ENSMUSG00000086025	0.031311437487602234	-0.1232667863368988	-0.018476540222764015	-0.23183365166187286	0.03644184768199921	-0.19341875612735748
ENSMUSG00000059734	-0.006874552462249994	0.3820194900035858	0.06904427707195282	0.34768715500831604	0.014310195110738277	0.3242880702018738
ENSMUSG00000108599	-0.021913135424256325	0.43354132771492004	0.03250601887702942	0.32841354608535767	0.010055703110992908	0.31802111864089966
ENSMUSG00000073103	0.010079018771648407	-0.06404411047697067	-0.1238284781575203	-0.28804925084114075	-0.00876710843294859	-0.26134252548217773
ENSMUSG00000034177	0.005524088628590107	0.016854578629136086	-0.059180859476327896	-0.1630566269159317	0.021557588130235672	-0.022025732323527336
ENSMUSG00000045179	-0.006846870295703411	-0.13448114693164825	0.062059491872787476	0.12132977694272995	-0.07450080662965775	0.09828250855207443
ENSMUSG00000036964	-0.006633366458117962	0.4182950556278229	0.07798964530229568	0.5903972387313843	0.006142089143395424	0.34750881791114807
ENSMUSG00000085022	-0.006392308045178652	-0.17665615677833557	-0.09834271669387817	-0.2948759198188782	0.03767624869942665	-0.10263636708259583
ENSMUSG00000108354	-0.017069514840841293	-0.15380071103572845	-0.12880279123783112	-0.21108394861221313	0.012647687457501888	-0.23162032663822174
ENSMUSG00000064016	-0.08243585377931595	-0.26615092158317566	-0.11447606235742569	-0.22904960811138153	-0.0114933205768466	-0.29236382246017456
ENSMUSG00000014232	0.011848146095871925	0.22033445537090302	-0.06574442237615585	0.23370018601417542	0.0270821712911129	0.2886572778224945
ENSMUSG00000041073	0.000640466227196157	0.10209653526544571	0.010369894094765186	0.05835581198334694	0.012289459817111492	0.04190690070390701
ENSMUSG00000084762	0.033263999968767166	0.033852141350507736	0.10359077155590057	0.3851427137851715	-0.0037040086463093758	0.06788673251867294
ENSMUSG00000033760	0.0043087974190711975	0.40417468547821045	0.1275152862071991	0.42612919211387634	-0.002955094212666154	0.25147202610969543
ENSMUSG00000120155	0.00047871979768387973	0.024865465238690376	-0.05924713611602783	-0.08944687992334366	-0.021251600235700607	0.03405933454632759
ENSMUSG00000078452	-0.06282311677932739	-1.0762951374053955	0.2065160572528839	-0.9183188676834106	-0.15367747843265533	-0.33692947030067444
ENSMUSG00000079677	-0.012949110008776188	0.44767096638679504	0.11348266899585724	0.5009843707084656	0.007079888600856066	0.2907387316226959
ENSMUSG00000023930	0.006842544302344322	-0.03367406874895096	-0.14051853120326996	-0.0890851765871048	0.00696056243032217	-0.23755209147930145
ENSMUSG00000027879	-0.0007996120839379728	0.4159204959869385	-0.02501612715423107	0.1317923665046692	0.030787823721766472	0.3184432089328766
ENSMUSG00000109973	-0.008671312592923641	-0.1566963642835617	-0.12998045980930328	-0.23977607488632202	0.002092192182317376	-0.2305482029914856
ENSMUSG00000086007	0.0014787358231842518	-0.15268652141094208	-0.05501142516732216	-0.04095087945461273	0.0367463156580925	-0.1634109914302826
ENSMUSG00000039109	-0.017025064677000046	-0.2128453403711319	-0.10534784942865372	-0.3122204542160034	0.008356030099093914	-0.29560524225234985
ENSMUSG00000120285	0.017489753663539886	0.028009740635752678	-0.09932292252779007	0.1844189316034317	0.010255713015794754	0.22089630365371704
ENSMUSG00000036972	-0.1584501564502716	-0.830349326133728	-0.0161905474960804	-1.1016119718551636	-0.009574851021170616	-0.23971140384674072
ENSMUSG00000086387	0.007947038859128952	-0.11828950047492981	-0.0995575413107872	-0.12349557131528854	0.02805759385228157	-0.19770532846450806
ENSMUSG00000107027	0.008303108625113964	-0.09879976511001587	-0.037021204829216	-0.001457798178307712	0.022011110559105873	-0.23383237421512604
ENSMUSG00000056214	-0.004056337755173445	0.2601829767227173	-0.0681517943739891	0.16572774946689606	0.0205526240170002	0.32662320137023926
ENSMUSG00000048922	-0.009803779423236847	0.436558336019516	0.04360266029834747	0.3255471885204315	0.004298685118556023	0.39087092876434326
ENSMUSG00000003437	-0.012827714905142784	0.4478763937950134	0.11036644130945206	0.1850391924381256	0.01617368310689926	0.3518773913383484
ENSMUSG00000033624	-0.0019189631566405296	0.4383724629878998	0.013381285592913628	0.3067161738872528	0.026380885392427444	0.3454097807407379
ENSMUSG00000078198	-0.006711084395647049	-0.14941401779651642	-0.11914335936307907	-0.27617084980010986	0.012088507413864136	-0.27073657512664795
ENSMUSG00000086255	0.06075998395681381	-0.046754203736782074	0.1705397218465805	0.16514259576797485	-0.01934170536696911	-0.10867950320243835
ENSMUSG00000050933	0.002336396835744381	-0.1148834228515625	-0.12034962326288223	-0.25807899236679077	0.01027592085301876	-0.27372515201568604
ENSMUSG00000055850	0.08207839727401733	-0.12761540710926056	0.09732665121555328	-0.17645904421806335	-0.07407886534929276	-0.2161216139793396
ENSMUSG00000022668	-0.005399360787123442	0.31664204597473145	0.15142646431922913	0.14559495449066162	0.01349610835313797	0.24862085282802582
ENSMUSG00000011382	-0.004615727346390486	0.2024586796760559	0.0942324548959732	0.2853734493255615	0.0009696996421553195	0.18928764760494232
ENSMUSG00000072780	0.0035846922546625137	-0.07684197276830673	-0.10535944253206253	-0.229874387383461	0.03095790557563305	-0.27974826097488403
ENSMUSG00000020099	-0.009924853220582008	0.262828528881073	-0.00675314711406827	0.1676882803440094	-0.01692376285791397	0.291344553232193
ENSMUSG00000040415	-0.008468511514365673	0.21355058252811432	0.06869418919086456	0.41289961338043213	0.0061332606710493565	0.24682970345020294
ENSMUSG00000087266	0.011577232740819454	-0.08340219408273697	-0.10376887023448944	-0.21082621812820435	0.03819506615400314	-0.18981219828128815
ENSMUSG00000112308	0.0008854079060256481	-0.08091174811124802	-0.08216892182826996	0.001809231354855001	0.038839202374219894	-0.16980411112308502
ENSMUSG00000116793	0.012293261475861073	-0.05760497599840164	-0.12490888684988022	-0.24007445573806763	0.036872636526823044	-0.16809408366680145
ENSMUSG00000085594	0.005427634809166193	-0.0921814814209938	-0.11042333394289017	-0.13337498903274536	-0.013788636773824692	-0.06579501181840897
ENSMUSG00000093979	-0.045598916709423065	0.4556218385696411	0.08422341197729111	0.4602661430835724	0.022300921380519867	0.33760708570480347
ENSMUSG00000037369	-0.004107661545276642	0.38077178597450256	0.03574192896485329	0.6293411254882812	0.007688523735851049	0.34734654426574707
ENSMUSG00000021490	0.013076403178274632	-0.1178872287273407	-0.11451608687639236	-0.2589282989501953	0.030663585290312767	-0.24122299253940582
ENSMUSG00000111722	0.018419357016682625	-0.1142595112323761	0.027711138129234314	0.010848070494830608	0.03807377070188522	-0.15728260576725006
ENSMUSG00000101574	-0.009578770957887173	-0.13432174921035767	-0.12074953317642212	-0.27641305327415466	0.006363886408507824	-0.2474822849035263
ENSMUSG00000038736	-0.005421598441898823	0.4524570107460022	-0.06209684535861015	0.36865606904029846	0.014784214086830616	0.36256465315818787
ENSMUSG00000022829	0.01685747690498829	0.16976675391197205	-0.10406818985939026	-0.0197716373950243	0.02367394231259823	0.22289685904979706
ENSMUSG00000023004	0.042599841952323914	0.5512468218803406	0.12035669386386871	0.7156830430030823	0.03779623284935951	0.3557119369506836
ENSMUSG00000121666	-0.040659356862306595	-0.27020493149757385	-0.1019076406955719	-0.3379712998867035	0.007396627217531204	-0.25755730271339417
ENSMUSG00000089796	0.035260334610939026	-0.07118530571460724	0.008834872394800186	-0.03416185826063156	-0.027251312509179115	-0.10603257268667221
ENSMUSG00000103656	-0.016062648966908455	-0.1503026932477951	-0.12443119287490845	-0.16255205869674683	0.008181762881577015	-0.21249805390834808
ENSMUSG00000091863	-0.024839675053954124	-0.20381802320480347	-0.1010604277253151	-0.2855256199836731	0.007273942232131958	-0.24618148803710938
ENSMUSG00000032482	0.03744890168309212	-0.058194465935230255	0.15229277312755585	0.32536426186561584	-0.05555286258459091	-0.08632124960422516
ENSMUSG00000034292	0.007357494905591011	0.4201957583427429	-0.09351673722267151	-0.03963148966431618	0.037647370249032974	0.2978113889694214
ENSMUSG00000107036	0.021891897544264793	-0.12866100668907166	-0.060173798352479935	-0.2995167672634125	0.031708601862192154	-0.2562851011753082
ENSMUSG00000045790	0.02828115038573742	0.18940818309783936	-0.10868512839078903	0.10781602561473846	0.018723729997873306	0.2399841696023941
ENSMUSG00000115353	0.015388624742627144	-0.08735385537147522	-0.06554732471704483	-0.1741005778312683	0.025345366448163986	-0.27822285890579224
ENSMUSG00000031059	-0.008380928076803684	0.30911341309547424	0.0516430139541626	0.47349393367767334	-0.010405991226434708	0.32689368724823
ENSMUSG00000087337	-0.06282311677932739	-1.0762951374053955	0.2065160572528839	-0.9183188676834106	-0.15367747843265533	-0.33692947030067444
ENSMUSG00000107181	-0.003393295919522643	0.21124118566513062	-0.03780844062566757	0.035552725195884705	0.021094953641295433	0.20918124914169312
ENSMUSG00000031824	0.006010034121572971	0.23479774594306946	-0.055088214576244354	0.07793260365724564	0.033678390085697174	0.20455045998096466
ENSMUSG00000109945	-0.007475970778614283	-0.07675912976264954	-0.11512064933776855	-0.10387036204338074	0.020884905010461807	-0.22833524644374847
ENSMUSG00000021621	0.0032311466056853533	0.34214305877685547	0.0695088803768158	0.35187914967536926	0.022496981546282768	0.3555379807949066
ENSMUSG00000114968	0.048361655324697495	-0.08592652529478073	-0.029528765007853508	-0.2853740155696869	0.021187780424952507	-0.17410971224308014
ENSMUSG00000073406	-0.0012936439597979188	0.05085919797420502	0.02252070978283882	0.0832480639219284	0.0006964594358578324	0.1070399358868599
ENSMUSG00000120898	-0.06282311677932739	-1.0762951374053955	0.2065160572528839	-0.9183188676834106	-0.15367747843265533	-0.33692947030067444
ENSMUSG00000121868	-0.008620169945061207	0.40270528197288513	-0.02718016691505909	0.3982023596763611	0.020635880529880524	0.3232937753200531
ENSMUSG00000093817	-0.06282311677932739	-1.0762951374053955	0.2065160572528839	-0.9183188676834106	-0.15367747843265533	-0.33692947030067444
ENSMUSG00000001566	-0.008296994492411613	0.15188045799732208	-0.11338441073894501	0.053492527455091476	-0.0008282851194962859	0.2251611202955246
ENSMUSG00000001910	0.0004609886964317411	0.4466093182563782	0.12297794222831726	0.4965837001800537	-0.028469400480389595	0.31356537342071533
ENSMUSG00000005718	0.005344150587916374	0.43009212613105774	0.10026684403419495	0.63226318359375	-0.00031014904379844666	0.36764129996299744
ENSMUSG00000118016	-0.033510755747556686	-0.2311609387397766	-0.09536156058311462	-0.30912601947784424	-0.003679451998323202	-0.2515166997909546
ENSMUSG00000025261	-0.0026672580279409885	0.5024518966674805	0.01737745851278305	0.7591580748558044	0.014017834328114986	0.35415005683898926
ENSMUSG00000001508	0.01407342404127121	-0.13339464366436005	-0.05913691967725754	-0.1994025856256485	0.041027240455150604	-0.3008705973625183
ENSMUSG00000005089	0.023205162957310677	-0.038186635822057724	-0.09838308393955231	-0.20214802026748657	0.030036205425858498	0.21775129437446594
ENSMUSG00000085808	-0.059359826147556305	-0.2578279972076416	-0.10941553860902786	-0.31995055079460144	-0.002302795182913542	-0.26356467604637146
ENSMUSG00000032988	0.09085344523191452	-0.15458327531814575	0.1362428069114685	0.09146873652935028	-0.08375152945518494	-0.11049637198448181
ENSMUSG00000045193	0.031561195850372314	0.607189416885376	0.09021686762571335	0.6292466521263123	0.016019470989704132	0.28224682807922363
ENSMUSG00000067604	-0.0032019680365920067	-0.11366651207208633	-0.1435452550649643	-0.1421709954738617	0.006373625248670578	-0.23690858483314514
ENSMUSG00000031563	-0.008596090599894524	0.43418624997138977	0.040561966598033905	0.5369985103607178	0.010904614813625813	0.3982316553592682
ENSMUSG00000042444	0.004423430189490318	0.30845484137535095	-0.0003963620983995497	0.22185836732387543	0.023137150332331657	0.3174733817577362
ENSMUSG00000109394	-0.038424063473939896	-0.19924810528755188	-0.09611858427524567	-0.2650006115436554	-0.015194373205304146	-0.27924561500549316
ENSMUSG00000049076	-0.00667986273765564	0.4148060977458954	-0.044054701924324036	0.1845928132534027	0.02221379429101944	0.32050585746765137
ENSMUSG00000104411	0.0003005306061822921	-0.15038740634918213	-0.12084739655256271	-0.25887247920036316	-0.01921706832945347	-0.328755259513855
ENSMUSG00000020483	-0.008952751755714417	0.35827624797821045	0.10349112749099731	0.3432772755622864	-0.0005048724706284702	0.2741720974445343
ENSMUSG00000116920	-0.007487494498491287	-0.09421945363283157	-0.1230420172214508	-0.23241569101810455	0.023422813042998314	-0.2371867597103119
ENSMUSG00000063511	-0.003100802656263113	0.5297581553459167	0.1277567446231842	0.5603716373443604	-0.0020477157086133957	0.35680457949638367
ENSMUSG00000001785	-0.06282311677932739	-1.0762951374053955	0.2065160572528839	-0.9183188676834106	-0.15367747843265533	-0.33692947030067444
ENSMUSG00000024897	0.019907966256141663	0.1356673240661621	-0.1031319871544838	0.17653492093086243	0.03206717595458031	0.2765236496925354
ENSMUSG00000036925	-0.06282311677932739	-1.0762951374053955	0.2065160572528839	-0.9183188676834106	-0.15367747843265533	-0.33692947030067444
ENSMUSG00000043932	-0.004700136836618185	-0.5716907382011414	-0.06513860821723938	-0.9704883694648743	0.0583159439265728	-0.2966035008430481
ENSMUSG00000025946	0.013369990512728691	-0.10261652618646622	-0.11024809628725052	-0.14600487053394318	0.03127508983016014	0.1111622080206871
ENSMUSG00000086012	-0.015483144670724869	-0.19409668445587158	-0.12082616984844208	-0.28949272632598877	0.018955620005726814	-0.22752119600772858
ENSMUSG00000109006	-0.00954747386276722	-0.09867160022258759	-0.12310329079627991	-0.21770143508911133	0.03913094103336334	-0.2522493600845337
ENSMUSG00000020424	-0.007075158413499594	0.32376810908317566	0.08974485099315643	0.3653431236743927	-0.0025216564536094666	0.30222222208976746
ENSMUSG00000066027	-0.06282311677932739	-1.0762951374053955	0.2065160572528839	-0.9183188676834106	-0.15367747843265533	-0.33692947030067444
ENSMUSG00000047379	0.001843523234128952	0.22502261400222778	0.04120739549398422	0.31036072969436646	-0.008959492668509483	0.27736783027648926
ENSMUSG00000005893	-0.0076719289645552635	0.4014427959918976	0.031444862484931946	0.3884819447994232	0.014576231129467487	0.3668030798435211
ENSMUSG00000063998	0.005885526072233915	-0.11481118947267532	-0.13183113932609558	-0.1877433806657791	0.022578062489628792	-0.26829707622528076
ENSMUSG00000028568	-0.007753855083137751	0.5444884300231934	0.07803414016962051	0.680753767490387	0.008394823409616947	0.3617796301841736
ENSMUSG00000100647	-0.06282311677932739	-1.0762951374053955	0.2065160572528839	-0.9183188676834106	-0.15367747843265533	-0.33692947030067444
ENSMUSG00000030554	0.00677459966391325	0.3069063723087311	-0.10863048583269119	0.1624058336019516	0.03024192899465561	0.28747883439064026
ENSMUSG00000087104	0.0008546020835638046	-0.13774237036705017	-0.10187818855047226	-0.33655261993408203	0.037811774760484695	-0.19907821714878082
ENSMUSG00000021982	0.007832050323486328	0.3311932384967804	-0.11585316807031631	0.11270904541015625	0.025831688195466995	0.280860036611557
ENSMUSG00000038677	-0.008182935416698456	0.25227776169776917	0.02850797213613987	0.33538514375686646	0.0009199496125802398	0.3161522448062897
ENSMUSG00000086955	-0.01628873310983181	-0.1405678689479828	-0.12574775516986847	-0.1674521416425705	0.007613315712660551	-0.22616998851299286
ENSMUSG00000024026	0.038105644285678864	0.051641181111335754	0.12031981348991394	0.5060337781906128	0.00042218351154588163	0.03553524613380432
ENSMUSG00000100642	-0.0008339498890563846	-0.04173136129975319	-0.10303463041782379	-0.19704698026180267	-0.0007306362967938185	-0.014685656875371933
ENSMUSG00000098206	-0.024438491091132164	-0.19254924356937408	-0.12926311790943146	-0.23350581526756287	-0.008880347944796085	-0.2266826182603836
ENSMUSG00000101035	-0.06282311677932739	-1.0762951374053955	0.2065160572528839	-0.9183188676834106	-0.15367747843265533	-0.33692947030067444
ENSMUSG00000036893	-0.009816918522119522	0.45578476786613464	-0.002554388949647546	0.37478581070899963	0.016836274415254593	0.37881937623023987
ENSMUSG00000022773	-0.007778158411383629	0.21790067851543427	0.09973011910915375	0.3117640018463135	0.006214923691004515	0.2447999119758606
ENSMUSG00000046618	0.005103993229568005	0.001820140634663403	-0.09786688536405563	-0.0678967535495758	0.03119436465203762	0.048263635486364365
ENSMUSG00000106671	-0.011374524794518948	-0.08485963940620422	-0.012569312937557697	-0.1378181129693985	0.026053206995129585	-0.28165310621261597
ENSMUSG00000079457	-0.06282311677932739	-1.0762951374053955	0.2065160572528839	-0.9183188676834106	-0.15367747843265533	-0.33692947030067444
ENSMUSG00000107744	0.013965283520519733	-0.0733427032828331	-0.057897038757801056	-0.16598428785800934	0.030259961262345314	-0.15773117542266846
ENSMUSG00000113272	3.806348831858486e-05	-0.11487120389938354	-0.12501394748687744	-0.22446416318416595	0.01899871975183487	-0.28421053290367126
ENSMUSG00000046049	-0.010222017765045166	-0.11941280215978622	-0.13423746824264526	-0.16028037667274475	0.012888455763459206	-0.2038583606481552
ENSMUSG00000075012	0.07561162114143372	0.14593589305877686	0.16718511283397675	0.2286902368068695	-0.09063339978456497	0.08225640654563904
ENSMUSG00000020636	-0.02295815944671631	-0.19336849451065063	-0.10434590280056	-0.28760579228401184	0.00618479261174798	-0.23961082100868225
ENSMUSG00000117035	-0.006519194692373276	-0.07747039943933487	-0.12120314687490463	-0.23818793892860413	-0.0012167043751105666	-0.2743486166000366
ENSMUSG00000061825	-0.009710266254842281	-0.16907063126564026	-0.1330576390028	-0.1790260523557663	0.026089821010828018	-0.19214098155498505
ENSMUSG00000100556	0.0006826003082096577	-0.15288051962852478	-0.13128168880939484	-0.20268632471561432	0.015333542600274086	-0.2698955237865448
ENSMUSG00000087540	-0.008351807482540607	-0.18523702025413513	-0.10764828324317932	-0.3828248679637909	0.031180711463093758	-0.14000548422336578
ENSMUSG00000092120	0.015640996396541595	-0.09153606742620468	-0.0074924444779753685	-0.1090814620256424	0.041978102177381516	-0.2052273005247116
ENSMUSG00000118038	0.003185548819601536	0.26472026109695435	-0.0012209451524540782	0.38795116543769836	0.021268492564558983	0.20326007902622223
ENSMUSG00000109629	0.014996584504842758	-0.031092356890439987	0.132598415017128	0.05669550597667694	0.029279444366693497	-0.14718618988990784
ENSMUSG00000021051	-0.008821099996566772	0.4322582185268402	-0.015272007323801517	0.44051969051361084	0.017463063821196556	0.3877755403518677
ENSMUSG00000036086	-0.010799922980368137	0.44999614357948303	7.332861514441902e-06	0.42012351751327515	0.018328925594687462	0.3845716714859009
ENSMUSG00000100288	-0.06282311677932739	-1.0762951374053955	0.2065160572528839	-0.9183188676834106	-0.15367747843265533	-0.33692947030067444
ENSMUSG00000020390	-0.007841943763196468	0.4824898838996887	0.10272152721881866	0.614255964756012	0.006595376878976822	0.337916761636734
ENSMUSG00000095670	0.0010380643652752042	-0.0985414907336235	-0.09512577205896378	-0.13229864835739136	0.025501441210508347	-0.22431981563568115
ENSMUSG00000024182	-0.005624811165034771	0.28939148783683777	-0.03180016204714775	0.13206972181797028	0.025356991216540337	0.27807334065437317
ENSMUSG00000033083	0.008300166577100754	0.2683366537094116	-0.073080874979496	0.25237536430358887	0.02876514196395874	0.3011990785598755
ENSMUSG00000022307	-0.003402054077014327	0.2546936273574829	-0.009288462810218334	0.4118245244026184	0.01857072301208973	0.34952598810195923
ENSMUSG00000022371	0.008404482156038284	-0.06391806900501251	-0.10313203930854797	0.010855121538043022	0.0328042134642601	0.070995032787323
ENSMUSG00000021359	0.04889437183737755	-0.11586789786815643	0.09846674650907516	-0.16634948551654816	-0.06359601020812988	-0.013954699039459229
ENSMUSG00000095398	-0.06282311677932739	-1.0762951374053955	0.2065160572528839	-0.9183188676834106	-0.15367747843265533	-0.33692947030067444
ENSMUSG00000037907	-0.0037329846527427435	0.10794664174318314	-0.040415506809949875	0.006151225417852402	0.00800965167582035	0.11447650194168091
ENSMUSG00000090030	0.030087444931268692	-0.060816965997219086	-0.02896089106798172	0.03718467429280281	0.02676941081881523	0.00899045355618
ENSMUSG00000097072	-0.005094453226774931	0.02099408581852913	-0.0691203847527504	0.07576678693294525	-0.005743673071265221	0.16809581220149994
ENSMUSG00000110078	0.004279606509953737	-0.16868217289447784	-0.11425358802080154	-0.20774289965629578	0.03551904112100601	-0.0407949797809124
ENSMUSG00000104002	0.01980118453502655	-0.097799152135849	0.05390656366944313	0.19140180945396423	0.03866707533597946	-0.1587313562631607
ENSMUSG00000107887	-0.01939062774181366	-0.18302421271800995	-0.12059248983860016	-0.17901447415351868	0.021054869517683983	-0.23879913985729218
ENSMUSG00000028700	0.03983905166387558	-0.016465546563267708	0.07541029155254364	-0.020036978647112846	-0.03963266685605049	-0.10895834118127823
ENSMUSG00000020633	0.005411326885223389	-0.4156762361526489	-0.057429876178503036	-0.33517101407051086	0.04354381561279297	0.04274565726518631
ENSMUSG00000063380	-0.005918673239648342	-0.12870199978351593	-0.121598981320858	-0.28546813130378723	-0.0062347822822630405	-0.2562054991722107
ENSMUSG00000022876	-0.00642026960849762	-0.20925424993038177	-0.12762689590454102	-0.24968117475509644	0.022512413561344147	-0.22701726853847504
ENSMUSG00000071644	0.013844422996044159	0.4621725380420685	0.11200918257236481	0.6538133025169373	0.013767038471996784	0.37110766768455505
ENSMUSG00000118466	-0.06282311677932739	-1.0762951374053955	0.2065160572528839	-0.9183188676834106	-0.15367747843265533	-0.33692947030067444
ENSMUSG00000026554	-0.012296359986066818	0.4776405692100525	0.048851098865270615	0.6371210813522339	0.012043955735862255	0.36281734704971313
ENSMUSG00000022507	-0.004821583162993193	0.5110460519790649	0.09487087279558182	0.6977808475494385	0.00989984255284071	0.40150025486946106
ENSMUSG00000028528	-0.006645744666457176	0.2395961731672287	-0.03240335360169411	0.2733534574508667	0.015893198549747467	0.2856082618236542
ENSMUSG00000031701	-0.013401752337813377	0.5055431127548218	0.0772584080696106	0.6035371422767639	0.006269748788326979	0.39186713099479675
ENSMUSG00000034509	-0.007182775530964136	0.2355550229549408	-0.1044689267873764	0.12144387513399124	0.012604746967554092	0.2079334855079651
ENSMUSG00000030017	0.005304434336721897	-0.08963817358016968	-0.047411609441041946	-0.07859467715024948	0.03466770797967911	-0.23210397362709045
ENSMUSG00000099704	-0.06282311677932739	-1.0762951374053955	0.2065160572528839	-0.9183188676834106	-0.15367747843265533	-0.33692947030067444
ENSMUSG00000040430	-0.006775113753974438	0.18916796147823334	0.08084730803966522	0.32526713609695435	-0.006029169540852308	0.3073621988296509
ENSMUSG00000082316	-0.002792872255668044	-0.10480204224586487	-0.12272915244102478	-0.18155640363693237	0.02369905263185501	-0.2717636227607727
ENSMUSG00000034032	-0.0018262550001963973	0.2616603374481201	0.03429771587252617	0.45030415058135986	0.016914600506424904	0.34019291400909424
ENSMUSG00000024622	-0.0007854193681851029	0.4295002222061157	-0.01553781982511282	0.4818257987499237	0.022353829815983772	0.39668235182762146
ENSMUSG00000045237	0.020848311483860016	-0.006465265527367592	0.10296838730573654	0.3133450448513031	0.027499394491314888	0.2022620439529419
ENSMUSG00000003545	0.01596936583518982	0.4079209566116333	0.08469688147306442	0.28327152132987976	-0.013972500339150429	0.23277707397937775
ENSMUSG00000020230	0.0021274685859680176	0.2900699973106384	-0.10198629647493362	0.10271420329809189	0.030480071902275085	0.25563761591911316
ENSMUSG00000021499	-0.0030455582309514284	-0.1361975222826004	-0.12931376695632935	-0.21776703000068665	0.01852601021528244	-0.2414988875389099
ENSMUSG00000025893	0.004234153777360916	0.42655742168426514	0.03529719263315201	0.5497093200683594	0.01795136369764805	0.41061145067214966
ENSMUSG00000085160	-0.032720595598220825	-0.20967797935009003	0.0046889083459973335	-0.20087605714797974	-0.08040686696767807	-0.3110184073448181
ENSMUSG00000093628	-0.009032472036778927	-0.20229235291481018	-0.10757017135620117	-0.38335880637168884	0.038237564265728	-0.20413507521152496
ENSMUSG00000025171	-0.012285906821489334	0.45055678486824036	0.02076355367898941	0.5421140789985657	0.012364617548882961	0.39694827795028687
ENSMUSG00000093460	0.0012848611222580075	-0.06825356930494308	-0.08431333303451538	-0.04471591114997864	-0.012023108080029488	0.023658983409404755
ENSMUSG00000025465	-0.0016879683826118708	0.23095703125	0.05625065416097641	0.5479587316513062	0.012181336991488934	0.2938336431980133
ENSMUSG00000044350	-0.005928832106292248	0.21765871345996857	0.08968830108642578	0.2566451132297516	0.017694585025310516	0.20818383991718292
ENSMUSG00000017688	0.0059945909306406975	-0.19871824979782104	-0.12527811527252197	-0.15563714504241943	0.019933197647333145	-0.05104415491223335
ENSMUSG00000039943	0.004619326442480087	-0.08999017626047134	-0.11045994609594345	-0.1327362060546875	0.031138241291046143	-0.23713043332099915
ENSMUSG00000027775	0.009554523974657059	0.27206340432167053	0.018684564158320427	0.3750607669353485	0.02750086970627308	0.2802388072013855
ENSMUSG00000101081	-0.12451457977294922	-0.34730246663093567	-0.08403041213750839	-0.2976692020893097	-0.03357910364866257	-0.2984126806259155
ENSMUSG00000087437	0.02675405517220497	-0.13260534405708313	0.046961233019828796	-0.15369737148284912	-0.03958917036652565	-0.15249325335025787
ENSMUSG00000086676	0.019083907827734947	-0.2061578333377838	-0.08709291368722916	-0.09303659200668335	0.01867079921066761	0.09027578681707382
ENSMUSG00000017291	-0.017793776467442513	0.5127731561660767	0.036361292004585266	0.5981176495552063	0.011577307246625423	0.4074394702911377
ENSMUSG00000106802	0.002048519439995289	-0.03669159114360809	-0.09810523688793182	-0.14109863340854645	0.028326330706477165	-0.10914915055036545
ENSMUSG00000081410	-0.099006287753582	-0.36795052886009216	-0.11004913598299026	-0.3270512819290161	0.006614475045353174	-0.2227214276790619
ENSMUSG00000002341	0.009798480197787285	-0.043333619832992554	-0.011074087582528591	0.042980846017599106	0.01541722659021616	-0.06042110547423363
ENSMUSG00000100850	0.017254136502742767	0.04574728012084961	-0.11979985982179642	0.09458211064338684	0.025217637419700623	0.010499268770217896
ENSMUSG00000003363	-0.010522203519940376	0.3124278783798218	0.06373302638530731	0.34176701307296753	0.0005482927663251758	0.3377622961997986
ENSMUSG00000114242	0.0028000178281217813	-0.10137666016817093	-0.09681004285812378	-0.28874993324279785	0.023629596456885338	-0.23073428869247437
ENSMUSG00000034854	-0.00847852136939764	-0.7578117847442627	-0.05686856806278229	-1.3245673179626465	-0.021637223660945892	-0.22337491810321808
ENSMUSG00000108049	0.0029238825663924217	-0.11566098034381866	-0.09574073553085327	-0.0708625391125679	0.022572176530957222	-0.2142954021692276
ENSMUSG00000117033	-0.01079463865607977	-0.1730397343635559	-0.12308204919099808	-0.2759903073310852	0.01115412637591362	-0.24022367596626282
ENSMUSG00000115774	-0.004851220175623894	-0.0913882851600647	-0.1316729485988617	-0.08559970557689667	0.015847815200686455	-0.2886171340942383
ENSMUSG00000086946	-0.003181727835908532	-0.1483391523361206	-0.025411931797862053	-0.027703648433089256	0.04163417965173721	-0.12060345709323883
ENSMUSG00000100080	-0.15315228700637817	-0.3659108877182007	-0.08947986364364624	-0.4097370207309723	-0.05659382417798042	-0.27320411801338196
ENSMUSG00000069258	-0.0005420705419965088	-0.13084065914154053	-0.13397784531116486	-0.22069215774536133	0.0032989683095365763	-0.2277432382106781
ENSMUSG00000074918	-0.009444179013371468	0.1756727397441864	-0.055582791566848755	-0.03153656795620918	-0.015386137180030346	0.20392322540283203
ENSMUSG00000009741	-0.011561162769794464	0.4030708074569702	0.009612427093088627	0.370391845703125	0.003646268742159009	0.2827009856700897
ENSMUSG00000101329	-0.06282311677932739	-1.0762951374053955	0.2065160572528839	-0.9183188676834106	-0.15367747843265533	-0.33692947030067444
ENSMUSG00000036641	0.009530298411846161	0.40201687812805176	-0.08965874463319778	0.4170069992542267	0.027529621496796608	0.36304882168769836
ENSMUSG00000030310	0.0028725089505314827	0.02552190236747265	-0.058837052434682846	-0.02689678594470024	0.028756828978657722	0.10739066451787949
ENSMUSG00000035020	-0.019599702209234238	-0.18476302921772003	-0.12607482075691223	-0.24755510687828064	0.012455138377845287	-0.2154265195131302
ENSMUSG00000109959	0.009430856443941593	0.053757358342409134	0.022321848198771477	0.1970921903848648	0.03457290306687355	0.06681384146213531
ENSMUSG00000060878	-0.007385358214378357	-0.18473735451698303	-0.13482582569122314	-0.2055504471063614	0.01548628881573677	-0.23664166033267975
ENSMUSG00000026042	0.009509067982435226	-0.10386893898248672	-0.12004442512989044	-0.16045492887496948	0.031549807637929916	-0.034911368042230606
ENSMUSG00000055874	-0.004201722797006369	0.09682267159223557	0.017711425200104713	0.11892041563987732	-0.029265137389302254	0.22628234326839447
ENSMUSG00000063767	0.021422004327178	-0.20157086849212646	-0.10994876176118851	-0.39812061190605164	0.03801111504435539	-0.24989674985408783
ENSMUSG00000029208	8.420669473707676e-06	0.33334073424339294	0.03492327779531479	0.4429629445075989	0.018915707245469093	0.3053412437438965
ENSMUSG00000062031	-0.001995492959395051	0.10846982151269913	0.07859379798173904	0.3798457086086273	0.00932018831372261	0.16904352605342865
ENSMUSG00000054134	-0.008177337236702442	-0.1854335367679596	-0.1319369375705719	-0.2292822003364563	0.029217449948191643	-0.17420624196529388
ENSMUSG00000041653	-0.004928516689687967	0.28106003999710083	0.06967749446630478	0.19364631175994873	-0.013214396312832832	0.21003878116607666
ENSMUSG00000097881	0.01258488092571497	0.005730948410928249	-0.11482598632574081	0.10330024361610413	0.03263942152261734	0.03411953151226044
ENSMUSG00000090482	-0.06282311677932739	-1.0762951374053955	0.2065160572528839	-0.9183188676834106	-0.15367747843265533	-0.33692947030067444
ENSMUSG00000057137	0.02743011899292469	-0.08583834767341614	0.12961044907569885	0.14339101314544678	0.027198228985071182	-0.09302620589733124
ENSMUSG00000109783	0.010061392560601234	-0.15673762559890747	-0.10830047726631165	-0.2389696091413498	0.029629001393914223	-0.03337017446756363
ENSMUSG00000034456	-0.011782740242779255	-0.20078875124454498	-0.0960463210940361	-0.2609362304210663	0.037789225578308105	-0.19644255936145782
ENSMUSG00000054728	0.0003033492248505354	-0.05612580478191376	-0.13566090166568756	-0.09845436364412308	0.03494907170534134	-0.17022405564785004
ENSMUSG00000021576	-0.005382863339036703	0.32744425535202026	-0.016507048159837723	0.20387603342533112	0.025028737261891365	0.31123438477516174
ENSMUSG00000079450	0.042920149862766266	-0.10264219343662262	-0.05914747342467308	0.020583095028996468	-0.008178699761629105	0.11741135269403458
ENSMUSG00000048498	0.023243727162480354	-0.02552630938589573	-0.012658882886171341	-0.09164213389158249	0.03999730199575424	-0.21444444358348846
ENSMUSG00000045680	0.0007380999159067869	-0.21005679666996002	-0.10119860619306564	-0.3402711749076843	0.005156561266630888	0.023839782923460007
ENSMUSG00000090659	-0.0020925276912748814	0.1452673375606537	0.07019784301519394	0.41735848784446716	0.014307219535112381	0.20804506540298462
ENSMUSG00000111605	-0.0003506030479911715	-0.15185147523880005	-0.13124138116836548	-0.23430471122264862	0.03310680016875267	-0.15804006159305573
ENSMUSG00000026887	0.007619235664606094	0.3889659643173218	-0.025258205831050873	0.49438855051994324	0.017126502469182014	0.3679695129394531
ENSMUSG00000116720	-0.019942497834563255	-0.21000921726226807	-0.11220522969961166	-0.32589542865753174	0.013406124897301197	-0.23782315850257874
ENSMUSG00000097391	-0.005088666453957558	-0.12312759459018707	-0.05690610781311989	-0.18892699480056763	0.03711170330643654	-0.20379313826560974
ENSMUSG00000039704	-0.00488702766597271	0.4226670563220978	-0.02350473217666149	0.3911004960536957	0.02299816906452179	0.4079150855541229
ENSMUSG00000026708	-0.00941301416605711	0.33756864070892334	0.018069619312882423	0.39195629954338074	-0.00011164994793944061	0.3823584020137787
ENSMUSG00000028060	-0.012054719030857086	0.4785822331905365	0.07849995046854019	0.4877113997936249	0.0037427532952278852	0.3710704445838928
ENSMUSG00000069390	0.004067330155521631	-0.14717961847782135	-0.10390009731054306	-0.3050842881202698	0.015480739995837212	-0.3270621597766876
ENSMUSG00000111304	-0.01786261424422264	-0.19306249916553497	-0.07276106625795364	-0.3948740065097809	0.0002158354182029143	-0.243605837225914
ENSMUSG00000032826	0.005630543455481529	-0.03750928118824959	-0.060746222734451294	0.10033644735813141	0.028486352413892746	0.11518140882253647
ENSMUSG00000110130	-0.0036396614741533995	-0.20554997026920319	-0.13575479388237	-0.20642462372779846	0.030233129858970642	-0.21017828583717346
ENSMUSG00000114502	-0.02485169842839241	-0.1709231585264206	-0.12661120295524597	-0.2331382781267166	-0.004676057491451502	-0.22082221508026123
ENSMUSG00000090165	-1.4068745258555282e-05	-0.11963768303394318	-0.12506984174251556	-0.10644804686307907	0.03415549919009209	-0.19307594001293182
ENSMUSG00000115482	0.008699004538357258	-0.10799042880535126	-0.1376970410346985	-0.06991071999073029	0.024270718917250633	-0.2246466875076294
ENSMUSG00000049916	-0.0025259002577513456	0.2801983654499054	0.1015871986746788	0.4259033501148224	-0.00907476618885994	0.3009854257106781
ENSMUSG00000086096	0.053417835384607315	0.07873252779245377	0.14353154599666595	0.3845647871494293	-0.04745442792773247	0.07912173122167587
ENSMUSG00000114433	-0.01134867686778307	0.24898141622543335	-0.0499798059463501	0.22021880745887756	-0.005162848625332117	0.29786843061447144
ENSMUSG00000026235	-0.005484570283442736	0.15298829972743988	0.09323171526193619	0.37808123230934143	-0.0049734581261873245	0.3103184103965759
ENSMUSG00000109981	-0.023305099457502365	-0.14918680489063263	-0.11743330955505371	-0.2350495308637619	-0.0032709112856537104	-0.25209349393844604
ENSMUSG00000102679	-0.009085101075470448	-0.13343465328216553	-0.13566595315933228	-0.1821339726448059	0.005669107660651207	-0.24711085855960846
ENSMUSG00000107171	0.040004950016736984	-0.05469464138150215	0.03369468078017235	-0.10758478939533234	0.0065309698693454266	-0.2829032838344574
ENSMUSG00000112988	-0.014601286500692368	-0.20666557550430298	-0.12418744713068008	-0.22998590767383575	-0.002613137708976865	-0.22297316789627075
ENSMUSG00000062822	-0.14683888852596283	-0.782804012298584	-0.04748310148715973	-1.1383826732635498	0.004671840462833643	-0.2524389922618866
ENSMUSG00000102904	0.007478607818484306	-0.15254321694374084	-0.11912313103675842	-0.3188438415527344	0.014916650950908661	-0.23984208703041077
ENSMUSG00000102045	-0.06282311677932739	-1.0762951374053955	0.2065160572528839	-0.9183188676834106	-0.15367747843265533	-0.33692947030067444
ENSMUSG00000108323	-0.0014424902619794011	-0.198212131857872	-0.12468797713518143	-0.30269914865493774	0.009065935388207436	-0.23621100187301636
ENSMUSG00000062683	0.003979932516813278	0.5682156682014465	0.08541174978017807	0.6425744891166687	0.02500283159315586	0.3032941222190857
ENSMUSG00000102054	-0.06282311677932739	-1.0762951374053955	0.2065160572528839	-0.9183188676834106	-0.15367747843265533	-0.33692947030067444
ENSMUSG00000104100	-0.009110484272241592	-0.18684658408164978	-0.11990638822317123	-0.25157973170280457	-0.000986787024885416	-0.2718929350376129
ENSMUSG00000021260	0.0025399497244507074	0.06781283020973206	0.01132830698043108	0.03701687604188919	-0.006671293172985315	0.11138290166854858
ENSMUSG00000000125	0.0003348367172293365	-0.07997357100248337	-0.07587657123804092	0.004624833352863789	0.009071326814591885	0.09310542792081833
ENSMUSG00000030110	0.011253471486270428	0.13056808710098267	-0.04287472367286682	0.055033374577760696	0.03497827425599098	0.24233609437942505
ENSMUSG00000049106	0.008504679426550865	0.29807472229003906	-0.11604352295398712	0.05139852687716484	0.022516964003443718	0.335916668176651
ENSMUSG00000028681	-0.006081015337258577	0.27957683801651	0.05148756876587868	0.17137107253074646	-0.020188340917229652	0.29557693004608154
ENSMUSG00000097232	0.005262730177491903	0.4106094241142273	-0.08509952574968338	0.3025633692741394	0.026469435542821884	0.37995612621307373
ENSMUSG00000025503	-0.01324919331818819	0.3032550811767578	0.03174404799938202	0.3495629131793976	0.008892249315977097	0.29362785816192627
ENSMUSG00000032377	0.01633315719664097	-0.046959344297647476	-0.1084584891796112	0.013556736521422863	0.019771531224250793	0.08598297834396362
ENSMUSG00000096537	-0.002101550344377756	-0.1500474214553833	-0.1296422928571701	-0.23718906939029694	0.024002108722925186	-0.18495431542396545
ENSMUSG00000121585	0.0014344939263537526	-0.11922318488359451	-0.14449168741703033	-0.1699354201555252	-0.014071119017899036	-0.2537841498851776
ENSMUSG00000117542	0.0035861146170645952	0.21414074301719666	-0.020210029557347298	0.43302658200263977	0.01813225820660591	0.20834213495254517
ENSMUSG00000052371	0.0077624996192753315	-0.053991518914699554	-0.09551800787448883	-0.17329201102256775	-0.017435669898986816	-0.06832189857959747
ENSMUSG00000101223	0.013900118879973888	0.04560358449816704	-0.1035064309835434	-0.033107124269008636	0.022361576557159424	0.015785031020641327
ENSMUSG00000044912	0.018647629767656326	-0.093282550573349	-0.10776042938232422	-0.1270148605108261	0.027246365323662758	0.1157829537987709
ENSMUSG00000070382	0.0035221914295107126	-0.10384304821491241	-0.12066177278757095	-0.2630365788936615	-0.003885384416207671	-0.3018854260444641
ENSMUSG00000081133	-0.05539346858859062	-0.250224232673645	-0.11636755615472794	-0.2266380339860916	-0.015063801780343056	-0.2096254676580429
ENSMUSG00000120530	0.0008135379757732153	-0.06213194876909256	-0.11979907751083374	-0.1800554394721985	0.038975074887275696	-0.17705769836902618
ENSMUSG00000117193	-0.0019298619590699673	-0.1435079425573349	-0.11742210388183594	-0.3215393126010895	0.019527126103639603	-0.22632339596748352
ENSMUSG00000032051	0.00830165110528469	0.3436677157878876	-0.002438189694657922	0.12110435217618942	0.03450345620512962	0.30044543743133545
ENSMUSG00000090219	0.0009860964491963387	-0.17355920374393463	-0.12449845671653748	-0.2781848609447479	0.017588093876838684	-0.20051535964012146
ENSMUSG00000043923	-0.06282311677932739	-1.0762951374053955	0.2065160572528839	-0.9183188676834106	-0.15367747843265533	-0.33692947030067444
ENSMUSG00000022305	-0.0036965280305594206	0.35675182938575745	-0.030957620590925217	0.27502888441085815	0.02433428354561329	0.37714314460754395
ENSMUSG00000121495	0.020470505580306053	-0.04431535303592682	0.08015082031488419	-0.09001599997282028	-0.030031420290470123	-0.06411754339933395
ENSMUSG00000068184	-0.0026490914169698954	0.37528324127197266	-0.025687679648399353	0.20252570509910583	0.028398282825946808	0.35349342226982117
ENSMUSG00000055653	0.02072502300143242	0.10514113306999207	0.004937256220728159	0.36838585138320923	0.023489616811275482	0.2417893409729004
ENSMUSG00000062272	0.019054336473345757	-0.0392470583319664	-0.11702977865934372	-0.13020537793636322	-0.00489538861438632	-0.29126232862472534
ENSMUSG00000093617	-0.06282311677932739	-1.0762951374053955	0.2065160572528839	-0.9183188676834106	-0.15367747843265533	-0.33692947030067444
ENSMUSG00000026113	0.011240868829190731	0.31846341490745544	-0.10112637281417847	0.09371981024742126	0.034824445843696594	0.2480531632900238
ENSMUSG00000006498	0.01788073033094406	0.517631471157074	0.13388139009475708	0.6295581459999084	-0.017042916268110275	0.36250901222229004
ENSMUSG00000103917	-0.06282311677932739	-1.0762951374053955	0.2065160572528839	-0.9183188676834106	-0.15367747843265533	-0.33692947030067444
ENSMUSG00000020155	0.0032904602121561766	-0.15712903439998627	-0.12227416038513184	-0.3018544614315033	0.013433418236672878	-0.17638367414474487
ENSMUSG00000111409	-0.008214998990297318	0.4481154680252075	0.015205001458525658	0.3187720477581024	-0.01745104417204857	0.31810224056243896
ENSMUSG00000021973	-0.0006984049105085433	0.4020157754421234	-0.009888801723718643	0.45395156741142273	0.023005325347185135	0.2589503526687622
ENSMUSG00000024151	-0.010464375838637352	0.4181042015552521	0.08644266426563263	0.544857919216156	0.0060922508127987385	0.3320739269256592
ENSMUSG00000036104	-0.0024245798122137785	0.3489883840084076	0.0035663319285959005	0.27177655696868896	0.02608083188533783	0.2315961718559265
ENSMUSG00000038422	-0.003056538989767432	0.17116062343120575	-0.024398600682616234	0.21654219925403595	0.012887372635304928	0.24536441266536713
ENSMUSG00000109436	0.02488664537668228	-0.0262913778424263	0.1362694501876831	0.2154858559370041	0.03168906271457672	-0.10845804214477539
ENSMUSG00000045896	-0.006466640159487724	0.39280033111572266	0.10877320915460587	0.39120689034461975	0.01451010350137949	0.28437960147857666
ENSMUSG00000110599	0.0166561771184206	-0.11119924485683441	0.0013346683699637651	-0.0307012852281332	0.0368683822453022	-0.15306343138217926
ENSMUSG00000101361	-0.0026980636175721884	-0.15063919126987457	-0.136093407869339	-0.20361445844173431	0.01833806186914444	-0.21891984343528748
ENSMUSG00000106867	0.006010021548718214	-0.0984598696231842	-0.032803889364004135	-0.1484270542860031	0.027207843959331512	-0.16091960668563843
ENSMUSG00000040904	0.03539459779858589	0.3454129695892334	0.13305415213108063	0.43755999207496643	-0.02750374563038349	0.3206655979156494
ENSMUSG00000022842	0.007761921267956495	0.09611673653125763	0.041682638227939606	0.33232253789901733	0.023454422131180763	0.19903165102005005
ENSMUSG00000028197	0.00983679573982954	-0.15450924634933472	-0.11481243371963501	-0.1925777792930603	0.024965237826108932	-0.023172074928879738
ENSMUSG00000101854	-7.972795719979331e-05	-0.1259346902370453	-0.10040126740932465	-0.15665753185749054	0.03711184859275818	-0.22768007218837738
ENSMUSG00000074165	0.002605411456897855	0.3712300956249237	0.04255490377545357	0.35760003328323364	0.02176082320511341	0.32803934812545776
ENSMUSG00000045954	0.010131287388503551	-0.1305559277534485	-0.13534657657146454	-0.17621271312236786	0.016130007803440094	-0.14076082408428192
ENSMUSG00000022386	-0.0026264528278261423	0.3171751797199249	0.0003891642263624817	0.22662685811519623	0.024860501289367676	0.29466694593429565
ENSMUSG00000114206	-0.003375979606062174	-0.10897145420312881	-0.12775057554244995	-0.17500735819339752	0.019187044352293015	-0.23995985090732574
ENSMUSG00000020834	-0.012570167891681194	0.3980376720428467	0.09044304490089417	0.21689563989639282	0.006156574934720993	0.23401230573654175
ENSMUSG00000036781	0.0077553726732730865	0.4742964804172516	0.14660777151584625	0.41688674688339233	-0.0014208240900188684	0.35694530606269836
ENSMUSG00000113832	-0.006150119937956333	-0.21873977780342102	-0.11581239104270935	-0.3210282027721405	0.033402178436517715	-0.22090978920459747
ENSMUSG00000042271	-0.000689803040586412	-0.0840335339307785	-0.11746131628751755	0.16303886473178864	0.006573070771992207	0.09459423273801804
ENSMUSG00000047898	-0.008185502141714096	-0.11284308135509491	-0.1239684522151947	0.050973452627658844	0.03058113344013691	-0.13319240510463715
ENSMUSG00000020134	-0.008318787440657616	0.3466581702232361	0.006834106985479593	0.30865877866744995	0.02021697908639908	0.2994656562805176
ENSMUSG00000104340	0.01512050163000822	0.009936118498444557	0.11027124524116516	0.3701348900794983	0.02035224437713623	-0.0410984642803669
ENSMUSG00000018398	-0.01111313235014677	0.2872201204299927	-0.03690238296985626	0.252312570810318	0.013788415119051933	0.26266559958457947
ENSMUSG00000044217	0.010470148175954819	-0.02764916978776455	-0.09472155570983887	-0.12020886689424515	0.03472872078418732	0.14820952713489532
ENSMUSG00000030619	0.004567925818264484	0.5112010836601257	0.11579170823097229	0.6359785795211792	-0.003203808329999447	0.3972109854221344
ENSMUSG00000023064	0.030375666916370392	-0.11287981271743774	0.16177217662334442	0.23999911546707153	0.00256472104229033	-0.038105111569166183
ENSMUSG00000105933	0.012843041680753231	-0.10252778977155685	-0.12726400792598724	-0.2823496162891388	0.019024372100830078	-0.207555890083313
ENSMUSG00000041143	-0.0061834282241761684	0.3106711804866791	0.010076440870761871	0.5162502527236938	0.0159700158983469	0.2811923921108246
ENSMUSG00000117635	0.0039019170217216015	-0.11743932962417603	-0.13543781638145447	-0.1611211746931076	0.022067107260227203	-0.17501962184906006
ENSMUSG00000045725	-0.006414358038455248	-0.030233172699809074	-0.03175371512770653	0.03707006201148033	-0.046730443835258484	0.14222396910190582
ENSMUSG00000062157	-0.003685509553179145	0.06274933367967606	-0.08225683867931366	-0.030038069933652878	0.006845678668469191	0.1641404777765274
ENSMUSG00000110951	0.041416555643081665	-0.05232548341155052	0.1825217753648758	0.159996896982193	-0.01440102607011795	-0.10533294081687927
ENSMUSG00000041815	-0.0102398581802845	0.5482483506202698	0.09404328465461731	0.7026541829109192	0.004043526481837034	0.35324451327323914
ENSMUSG00000026427	-0.011643031612038612	0.33149322867393494	0.050187431275844574	0.23665422201156616	0.009251921437680721	0.32943299412727356
ENSMUSG00000000127	0.00297518540173769	0.4187663197517395	-0.03653679043054581	0.3466149866580963	0.02731129340827465	0.3707521855831146
ENSMUSG00000006777	-0.0024332047905772924	-0.11037693917751312	-0.13222011923789978	-0.18482086062431335	0.01302639115601778	-0.28292039036750793
ENSMUSG00000008489	0.0003814677183981985	-0.0026668491773307323	-0.03725174441933632	-0.06738993525505066	-0.0004563732072710991	0.10858841985464096
ENSMUSG00000022665	-0.018176475539803505	-0.2959734797477722	0.042400360107421875	-0.16811460256576538	-0.07391627132892609	-0.3326250910758972
ENSMUSG00000092534	-0.0024958625435829163	0.3392700254917145	0.10575349628925323	0.4141693115234375	-0.007419239263981581	0.31822964549064636
ENSMUSG00000034583	-0.011409026570618153	-0.08708162605762482	-0.12881192564964294	-0.19484220445156097	0.0022170927841216326	-0.2624700665473938
ENSMUSG00000120943	-0.032927874475717545	-0.1821996122598648	-0.11663280427455902	-0.24362461268901825	0.003715961240231991	-0.17054393887519836
ENSMUSG00000032297	-0.005346913356333971	0.26959750056266785	-0.0650109350681305	0.05498542636632919	0.019715625792741776	0.15071052312850952
ENSMUSG00000059447	-0.01231586653739214	0.4724135994911194	0.04823901131749153	0.29098212718963623	0.01493406668305397	0.3952629864215851
ENSMUSG00000079020	0.006294161546975374	-0.11900245398283005	-0.06056857109069824	-0.09645570069551468	0.03842216357588768	-0.13310880959033966
ENSMUSG00000085385	0.020915459841489792	0.41481339931488037	0.12140654772520065	0.45874184370040894	-0.011360296048223972	0.29893171787261963
ENSMUSG00000106692	0.006703943479806185	-0.0731322318315506	-0.09710394591093063	-0.051418617367744446	0.0392448753118515	-0.1775503158569336
ENSMUSG00000101222	-0.06282311677932739	-1.0762951374053955	0.2065160572528839	-0.9183188676834106	-0.15367747843265533	-0.33692947030067444
ENSMUSG00000060034	0.017449628561735153	-0.1327136904001236	-0.01629689522087574	-0.14612026512622833	0.043072689324617386	-0.1872609704732895
ENSMUSG00000047747	0.015005813911557198	-0.015268323011696339	-0.07478301972150803	0.03813190385699272	0.02694072015583515	0.18030761182308197
ENSMUSG00000098140	-0.009936184622347355	0.4294007420539856	0.054467473179101944	0.3556597828865051	0.0007458323379978538	0.3026893734931946
ENSMUSG00000092286	0.0013275108067318797	-0.12934958934783936	-0.1167239397764206	-0.1203625276684761	0.03248027712106705	-0.17818394303321838
ENSMUSG00000033855	0.0036669946275651455	0.017803337424993515	0.021962173283100128	0.12220356613397598	0.01366493571549654	0.019528701901435852
ENSMUSG00000119955	0.0017275989521294832	0.13390354812145233	0.09356258064508438	0.3021436631679535	-0.0025561614893376827	0.11113731563091278
ENSMUSG00000049723	0.0021479984279721975	-0.17377905547618866	-0.1150999441742897	-0.3091472387313843	0.015177513472735882	-0.2874099910259247
ENSMUSG00000115087	0.002150051761418581	-0.11796150356531143	-0.04423133283853531	-0.09620217233896255	0.03452557697892189	-0.2639351785182953
ENSMUSG00000107886	-0.02358490787446499	-0.1617923378944397	-0.1280336081981659	-0.15483230352401733	-0.002604776294901967	-0.22817358374595642
ENSMUSG00000033361	0.028913114219903946	0.0424826517701149	-0.040566831827163696	0.3387337028980255	0.02337041310966015	0.20192822813987732
ENSMUSG00000115635	-0.00027952983509749174	-0.11070699989795685	-0.11618077009916306	-0.21542814373970032	0.020541775971651077	-0.27552178502082825
ENSMUSG00000090457	-0.004631963092833757	-0.2128051370382309	-0.13239873945713043	-0.29819899797439575	-0.0061440253630280495	-0.21350310742855072
ENSMUSG00000024830	-0.0077553605660796165	0.2748819589614868	0.06277311593294144	0.2818642854690552	0.0008919081301428378	0.21140575408935547
ENSMUSG00000113975	-0.03800499439239502	-0.2513059675693512	-0.10350364446640015	-0.2837069034576416	0.011455263942480087	-0.22463266551494598
ENSMUSG00000098557	-0.009197334758937359	0.315834105014801	0.0298230592161417	0.30152589082717896	-0.011712968349456787	0.3112286329269409
ENSMUSG00000041431	0.018834426999092102	0.41944432258605957	0.1040254682302475	0.5208761096000671	0.004334609489887953	0.2876169681549072
ENSMUSG00000066672	-0.0055036102421581745	-0.14426612854003906	-0.13672170042991638	-0.16447713971138	0.002831620629876852	-0.21301329135894775
ENSMUSG00000114496	-0.04462097957730293	-0.23057740926742554	-0.11773662269115448	-0.29016244411468506	-0.030111171305179596	-0.24832971394062042
ENSMUSG00000107053	0.010497143492102623	-0.1312817484140396	-0.10005097091197968	-0.23079007863998413	0.011673158034682274	-0.1710767149925232
ENSMUSG00000055746	-0.028104323893785477	-0.24594341218471527	-0.1190403625369072	-0.24510827660560608	0.005823307204991579	-0.20537112653255463
ENSMUSG00000039908	0.0010421943152323365	0.10120702534914017	-0.04457530379295349	-0.1057048887014389	0.03374521806836128	0.1898910403251648
ENSMUSG00000021356	0.01626325026154518	-0.08161696791648865	-0.09869830310344696	-0.18588869273662567	0.03677290678024292	0.023547496646642685
ENSMUSG00000008438	-0.0009787441231310368	-0.14178727567195892	-0.0819624587893486	-0.05206126347184181	0.007019252981990576	-0.19658410549163818
ENSMUSG00000029190	0.03033514693379402	0.36967238783836365	-0.11366677284240723	0.337257981300354	0.030794154852628708	0.2981237471103668
ENSMUSG00000085669	0.023734157904982567	-0.12729479372501373	0.15050481259822845	0.24847117066383362	-0.048452459275722504	-0.04937772452831268
ENSMUSG00000039539	0.009647929109632969	-0.09796098619699478	-0.093451589345932	-0.03047592006623745	0.029900262132287025	0.01441050786525011
ENSMUSG00000004948	-0.008656292222440243	0.16607323288917542	0.008395649492740631	0.36847591400146484	0.014404539950191975	0.06793810427188873
ENSMUSG00000053774	0.018377862870693207	-0.7278490662574768	-0.03772257640957832	-1.366287350654602	0.020671391859650612	-0.25585371255874634
ENSMUSG00000035371	-0.11077501624822617	-0.38188987970352173	-0.10261358320713043	-0.2719258964061737	-0.009524984285235405	-0.2856806516647339
ENSMUSG00000012282	-0.003063659882172942	0.11675327271223068	0.00029016591724939644	0.18935412168502808	-0.005512474570423365	0.048944808542728424
ENSMUSG00000110016	0.010544118471443653	-0.024202901870012283	-0.11346305161714554	-0.07611845433712006	0.034426745027303696	-0.14560237526893616
ENSMUSG00000108169	0.010698098689317703	-0.10561123490333557	-0.017649319022893906	-0.07115952670574188	0.030929148197174072	-0.20491567254066467
ENSMUSG00000087373	0.02028430998325348	0.055469345301389694	0.1889587938785553	0.2854563295841217	0.036833278834819794	-0.21499291062355042
ENSMUSG00000071015	0.009069344028830528	-0.12412742525339127	-0.09503868967294693	-0.21770520508289337	0.030028782784938812	-0.13236473500728607
ENSMUSG00000019936	-0.0013943195808678865	-0.13552063703536987	-0.1237759217619896	-0.24899838864803314	0.006830187514424324	-0.244876429438591
ENSMUSG00000087512	0.004548462573438883	-0.10477539896965027	-0.13811403512954712	-0.09753040224313736	0.027121303603053093	-0.15266326069831848
ENSMUSG00000029204	0.0082801328971982	-0.16384106874465942	-0.08003432303667068	-0.13180190324783325	0.03870401531457901	-0.09234718978404999
ENSMUSG00000003585	0.004332766868174076	-0.03811686486005783	0.09417493641376495	0.054706212133169174	-0.0008812148589640856	0.04666673764586449
ENSMUSG00000021725	0.0164168830960989	0.11912059038877487	-0.10444194078445435	0.0944397896528244	0.027702584862709045	0.26006007194519043
ENSMUSG00000085553	-0.05166596546769142	-0.24674354493618011	-0.053873077034950256	0.09650380909442902	0.014369151555001736	-0.10250994563102722
ENSMUSG00000095686	-0.002827458782121539	-0.1378924399614334	-0.1293579638004303	-0.21581746637821198	0.008231624029576778	-0.22980928421020508
ENSMUSG00000106437	0.0047006369568407536	-0.09540994465351105	-0.08227095007896423	-0.2548152506351471	-0.011501998640596867	-0.24215465784072876
ENSMUSG00000117236	-0.008695927448570728	-0.17695188522338867	-0.1366153359413147	-0.1606568694114685	0.007712170947343111	-0.23565973341464996
ENSMUSG00000037797	0.00433904817327857	-0.13691259920597076	-0.09143826365470886	-0.29162245988845825	0.04130667820572853	-0.13642050325870514
ENSMUSG00000017288	0.0025680637918412685	0.3132045269012451	-0.03801712393760681	0.12436404079198837	0.02653043530881405	0.39087963104248047
ENSMUSG00000028127	-0.014998401515185833	0.4177935719490051	0.03641462326049805	0.4623230993747711	0.011511016637086868	0.37436604499816895
ENSMUSG00000044022	0.02368832565844059	-0.040640462189912796	-0.0825091078877449	-0.1341037005186081	-0.003305816324427724	-0.17306533455848694
ENSMUSG00000102657	-0.006718890741467476	-0.07617802172899246	0.038676418364048004	-0.07624344527721405	0.039176393300294876	-0.219160258769989
ENSMUSG00000113260	-0.06282311677932739	-1.0762951374053955	0.2065160572528839	-0.9183188676834106	-0.15367747843265533	-0.33692947030067444
ENSMUSG00000104256	-0.01661093905568123	-0.19305700063705444	-0.12067021429538727	-0.26078513264656067	0.025495566427707672	-0.13969388604164124
ENSMUSG00000030126	0.001971193589270115	0.3302994668483734	-0.05282512307167053	0.19221313297748566	0.029064247384667397	0.35532066226005554
ENSMUSG00000095363	-0.06282311677932739	-1.0762951374053955	0.2065160572528839	-0.9183188676834106	-0.15367747843265533	-0.33692947030067444
ENSMUSG00000025759	0.0014708442613482475	0.4061850309371948	0.07202272862195969	0.38099998235702515	0.021895775571465492	0.32679638266563416
ENSMUSG00000057913	0.005907114129513502	-0.09653041511774063	-0.11002077907323837	-0.12077409774065018	0.03816380351781845	-0.14951162040233612
ENSMUSG00000072473	0.03166264668107033	0.03419305756688118	0.1142476350069046	0.025406546890735626	0.0225127674639225	-0.13742366433143616
ENSMUSG00000090097	0.017212223261594772	-0.08865860849618912	-0.11671799421310425	-0.32828307151794434	0.0029136897064745426	-0.28161588311195374
ENSMUSG00000049573	0.018447916954755783	-0.10578009486198425	-0.12883801758289337	-0.18904538452625275	0.01081614475697279	-0.20722037553787231
ENSMUSG00000031927	0.013335537165403366	-0.04573022946715355	-0.1185588464140892	-0.1505119502544403	0.02299056574702263	-0.04484052211046219
ENSMUSG00000089792	0.007502546533942223	-0.11318301409482956	-0.07582893967628479	-0.08616365492343903	0.019431855529546738	-0.1953791379928589
ENSMUSG00000104030	0.007661204785108566	-0.14590997993946075	-0.019842686131596565	-0.09935853630304337	0.0425281897187233	-0.17144775390625
ENSMUSG00000048385	0.013519675470888615	0.37564408779144287	0.019567454233765602	0.1271820068359375	-0.029927698895335197	0.2034546434879303
ENSMUSG00000010538	-0.004515394102782011	0.4758310317993164	0.10279993712902069	0.5333049297332764	0.011768409051001072	0.3657425045967102
ENSMUSG00000117011	0.012667261064052582	0.011443698778748512	-0.11869045346975327	0.019235365092754364	0.029419509693980217	-0.023019347339868546
ENSMUSG00000040532	0.010609972290694714	0.45890572667121887	0.10307563096284866	0.7536672949790955	0.03279965743422508	0.3438730537891388
ENSMUSG00000049608	-0.0004723294114228338	-0.1428353190422058	-0.1266288310289383	-0.2650127112865448	0.03478415310382843	-0.1707170605659485
ENSMUSG00000100857	-0.008110471069812775	-0.104746513068676	-0.12942132353782654	-0.1621440052986145	0.0020768276881426573	-0.32021185755729675
ENSMUSG00000017764	0.06439494341611862	0.34173452854156494	0.1430721879005432	0.4430284798145294	-0.03114962764084339	0.18724893033504486
ENSMUSG00000026135	-0.01044771634042263	0.41511309146881104	0.050246138125658035	0.3647819757461548	0.009196463041007519	0.361542284488678
ENSMUSG00000047794	-0.009970144368708134	-0.15490013360977173	-0.09533677995204926	-0.3951473534107208	-0.005221792496740818	-0.3096005916595459
ENSMUSG00000087318	0.004004655871540308	-0.09074010699987411	-0.13570523262023926	-0.18174487352371216	0.026552312076091766	-0.25590574741363525
ENSMUSG00000081163	-0.008123893290758133	-0.1764332801103592	-0.15551386773586273	-0.12629173696041107	-0.008025002665817738	-0.24058273434638977
ENSMUSG00000031534	0.00254710647277534	0.4162693917751312	0.04847090691328049	0.5821244120597839	0.016614561900496483	0.36783093214035034
ENSMUSG00000097921	0.024384010583162308	0.15299832820892334	0.10349413752555847	0.5614187717437744	-0.006371717434376478	0.11718841642141342
ENSMUSG00000063286	-0.06282311677932739	-1.0762951374053955	0.2065160572528839	-0.9183188676834106	-0.15367747843265533	-0.33692947030067444
ENSMUSG00000060888	-0.011860158294439316	-0.13625654578208923	-0.12012577801942825	-0.17379243671894073	0.021994855254888535	-0.2545800507068634
ENSMUSG00000092043	0.01685846596956253	-0.11092653125524521	-0.12359654158353806	-0.08948083966970444	-0.007646034471690655	-0.21732909977436066
ENSMUSG00000013495	0.005036547780036926	0.33055099844932556	0.05268523097038269	0.43111592531204224	0.014738461002707481	0.36080479621887207
ENSMUSG00000009907	-0.005562472157180309	0.4517543911933899	0.04206947237253189	0.5990282297134399	0.014629745855927467	0.36511436104774475
ENSMUSG00000109313	0.009721258655190468	-0.0890282541513443	-0.1541357934474945	-0.0572311207652092	0.028099998831748962	-0.19734922051429749
ENSMUSG00000023106	-0.007884408347308636	0.3795526921749115	0.06445261836051941	0.5557964444160461	0.01116910669952631	0.3097948133945465
ENSMUSG00000032558	-0.007735350169241428	0.36915072798728943	-0.03123309090733528	0.2529381811618805	0.016351597383618355	0.31928086280822754
ENSMUSG00000073900	0.00026148659526370466	-0.1204063817858696	-0.10909329354763031	-0.25803372263908386	0.010954717174172401	-0.2805976867675781
ENSMUSG00000103158	-4.404295395943336e-05	-0.17149175703525543	-0.0654837116599083	-0.16967128217220306	0.034626081585884094	-0.21776211261749268
ENSMUSG00000026247	0.0037746261805295944	-0.15613502264022827	-0.06930536031723022	-0.07506293803453445	-0.03741014748811722	-0.005838190205395222
ENSMUSG00000111094	-0.010985120199620724	-0.18592417240142822	-0.14277991652488708	-0.06381509453058243	0.0006722427206113935	-0.12700529396533966
ENSMUSG00000081169	0.013127690181136131	-0.11013519018888474	-0.13447736203670502	-0.23082084953784943	0.004596086218953133	-0.2505528926849365
ENSMUSG00000039364	0.014502402395009995	-0.1267499029636383	-0.12473546713590622	-0.25234195590019226	0.02161065861582756	-0.2547253668308258
ENSMUSG00000089685	0.012146852910518646	0.008146187290549278	-0.023368988186120987	0.2994849681854248	0.02310078591108322	0.22132083773612976
ENSMUSG00000054850	0.026097390800714493	-0.009657473303377628	-0.07410459220409393	0.2149602770805359	0.03632505238056183	0.18412108719348907
ENSMUSG00000051586	0.005621997639536858	-0.15348993241786957	0.004435213282704353	0.003936461638659239	0.03595440834760666	-0.09751727432012558
ENSMUSG00000007415	0.03709835931658745	-0.173556849360466	0.039447661489248276	-0.13074736297130585	-0.03979175537824631	-0.1960790753364563
ENSMUSG00000025197	0.013845231384038925	-0.06946767121553421	-0.0527203269302845	-0.09684820473194122	0.03815579041838646	-0.1900903582572937
ENSMUSG00000036853	0.014347892254590988	-0.04147671163082123	-0.11275084316730499	-0.049627628177404404	0.021454716101288795	0.025389961898326874
ENSMUSG00000102191	0.042037881910800934	-0.028135834261775017	-0.05021408945322037	-0.03947056457400322	0.035500749945640564	0.03433278203010559
ENSMUSG00000022009	-0.014320745132863522	0.4652988016605377	0.06343608349561691	0.394984632730484	0.010499157942831516	0.37212005257606506
ENSMUSG00000093436	0.007599316071718931	-0.07002038508653641	-0.10035068541765213	-0.1720314621925354	0.012376975268125534	0.06529584527015686
ENSMUSG00000114925	-0.00011558944243006408	-0.11583170294761658	-0.12422995269298553	-0.24868051707744598	0.010013832710683346	-0.2750316560268402
ENSMUSG00000087602	-0.007877604104578495	-0.1427817940711975	-0.12664379179477692	-0.2032412588596344	0.016234559938311577	-0.24226605892181396
ENSMUSG00000092558	-0.009474816732108593	0.43527457118034363	0.035392142832279205	0.3536505103111267	0.012570522725582123	0.4020775854587555
ENSMUSG00000117128	0.020666491240262985	-0.38197481632232666	0.08013901114463806	-0.5500133633613586	0.031331632286310196	-0.18813426792621613
ENSMUSG00000028874	0.0038991242181509733	0.0876394584774971	0.10538187623023987	0.41904786229133606	0.0019554712343961	0.13023625314235687
ENSMUSG00000089840	-0.003639225848019123	-0.12498204410076141	-0.07154274731874466	-0.12190669775009155	0.029656127095222473	-0.149855837225914
ENSMUSG00000105986	0.014849436469376087	-0.1198350340127945	-0.13661079108715057	-0.21354499459266663	0.011236255057156086	-0.24943098425865173
ENSMUSG00000090386	-0.0039716134779155254	-0.1854763627052307	-0.10788865387439728	-0.40370258688926697	0.026596982032060623	-0.23140840232372284
ENSMUSG00000115688	0.04060584679245949	0.16916170716285706	0.13716529309749603	0.4637666642665863	0.0069210706278681755	0.05842285230755806
ENSMUSG00000009894	-0.008576864376664162	0.42010632157325745	-0.030691904947161674	0.24653153121471405	0.02463356778025627	0.3595229387283325
ENSMUSG00000024957	0.017638979479670525	-0.05561564490199089	0.12893569469451904	0.04985475540161133	-0.043869756162166595	0.06441767513751984
ENSMUSG00000100815	-0.007097205612808466	-0.15710905194282532	-0.14390088617801666	-0.131700336933136	-0.006403847131878138	-0.22293716669082642
ENSMUSG00000027483	-0.009895951487123966	-0.1524597406387329	-0.1299857795238495	-0.20826703310012817	0.0007619254174642265	-0.2734297513961792
ENSMUSG00000078872	-0.1070803627371788	0.3327880799770355	0.09408985078334808	0.5383707284927368	-0.010803465731441975	0.3529064655303955
ENSMUSG00000032440	0.021226925775408745	0.11185163259506226	-0.10280707478523254	-0.12509864568710327	0.036522094160318375	0.2455030232667923
ENSMUSG00000109245	0.048052236437797546	-0.06369588524103165	0.105783611536026	0.014972222037613392	-0.009145730175077915	-0.08420415967702866
ENSMUSG00000056643	0.0015731560997664928	-0.050726037472486496	-0.05057678744196892	-0.08755521476268768	0.01887880079448223	0.007226519752293825
ENSMUSG00000095104	0.001898771501146257	-0.12738613784313202	-0.12285488098859787	-0.23507410287857056	0.018576007336378098	-0.2700563669204712
ENSMUSG00000096658	-0.06282311677932739	-1.0762951374053955	0.2065160572528839	-0.9183188676834106	-0.15367747843265533	-0.33692947030067444
ENSMUSG00000027312	-0.0002180757437599823	0.3636571168899536	-0.04331102967262268	0.2833596169948578	0.024176597595214844	0.3729197680950165
ENSMUSG00000015087	-0.0008050554897636175	0.48517701029777527	-0.004217701964080334	0.2874424457550049	0.0308351069688797	0.3304227888584137
ENSMUSG00000021012	-0.004589353688061237	0.39371776580810547	0.016331207007169724	0.1579536646604538	0.029035016894340515	0.2994925379753113
ENSMUSG00000034748	0.00431466568261385	0.41816455125808716	0.12766605615615845	0.3866065740585327	-0.008954428136348724	0.29333677887916565
ENSMUSG00000041594	0.009509013034403324	0.33720535039901733	-0.06998192518949509	0.2418280839920044	0.02621859312057495	0.3477925956249237
ENSMUSG00000109121	-0.011758518405258656	-0.14518211781978607	-0.12723207473754883	-0.23252998292446136	0.001998517895117402	-0.23763050138950348
ENSMUSG00000040841	-0.006065481808036566	0.3439919352531433	0.026081886142492294	0.2768533229827881	-0.015126130543649197	0.27149632573127747
ENSMUSG00000038048	-0.0007283732411451638	-0.1064818799495697	-0.14130249619483948	-0.03517536818981171	0.019191201776266098	-0.14320693910121918
ENSMUSG00000066621	-0.009333375841379166	0.28111571073532104	-0.003158655483275652	0.050995465368032455	0.006971555761992931	0.2857755422592163
ENSMUSG00000121723	-0.011118471622467041	-0.14373165369033813	-0.10629114508628845	-0.2777813971042633	-0.01659594103693962	-0.2642231583595276
ENSMUSG00000038697	0.0006817943067289889	0.4845656454563141	0.12402432411909103	0.535997211933136	-0.007814310491085052	0.3440532684326172
ENSMUSG00000027531	-0.0006468290230259299	0.2183704972267151	-0.049834299832582474	0.13378360867500305	0.028574898838996887	0.20250484347343445
ENSMUSG00000018845	0.015946637839078903	-0.08822452276945114	-0.0685282051563263	-0.13925355672836304	-0.008853323757648468	-0.15186409652233124
ENSMUSG00000086181	-0.004415592644363642	-0.11545310914516449	-0.10165714472532272	-0.21235662698745728	-0.03621446713805199	-0.013933275826275349
ENSMUSG00000061808	0.006609529722481966	-0.08352995663881302	-0.09837980568408966	-0.3649407923221588	0.02866147831082344	-0.2681690454483032
ENSMUSG00000117000	-0.0059755886904895306	-0.15024302899837494	-0.12311874330043793	-0.23620525002479553	0.03911712393164635	-0.2467288076877594
ENSMUSG00000118262	-0.022283582016825676	-0.206988126039505	-0.12638723850250244	-0.24756596982479095	0.017229169607162476	-0.18976736068725586
ENSMUSG00000104425	-0.06282311677932739	-1.0762951374053955	0.2065160572528839	-0.9183188676834106	-0.15367747843265533	-0.33692947030067444
ENSMUSG00000043068	0.0014778267359361053	0.2736261785030365	0.03281591832637787	0.21147748827934265	0.025274721905589104	0.30472269654273987
ENSMUSG00000031485	-0.005302669480443001	0.3677568733692169	0.09637543559074402	0.36200007796287537	0.012485852465033531	0.3248937726020813
ENSMUSG00000022494	0.04763127863407135	-0.1563224494457245	-0.0037173605524003506	-0.26036128401756287	0.016678202897310257	0.17926250398159027
ENSMUSG00000070814	-0.009931054897606373	0.40666213631629944	0.006078134756535292	0.5342150330543518	0.00705309072509408	0.3498833179473877
ENSMUSG00000103899	0.013853345066308975	-0.08440658450126648	0.019083747640252113	-0.09359709918498993	0.030206572264432907	-0.15299059450626373
ENSMUSG00000087129	-0.011630203574895859	-0.20618495345115662	0.5147724747657776	-0.18258829414844513	-0.09705828875303268	-0.35893890261650085
ENSMUSG00000030802	-0.011085813865065575	0.42076733708381653	0.1024273931980133	0.4305649995803833	0.005041206255555153	0.289414644241333
ENSMUSG00000039706	-0.004913838114589453	-0.19608116149902344	-0.10909992456436157	-0.3520742356777191	0.026451701298356056	-0.1109810620546341
ENSMUSG00000114323	-0.06282311677932739	-1.0762951374053955	0.2065160572528839	-0.9183188676834106	-0.15367747843265533	-0.33692947030067444
ENSMUSG00000115459	-0.013597304932773113	-0.18422222137451172	-0.11504307389259338	-0.2498200237751007	-0.008160963654518127	-0.23287788033485413
ENSMUSG00000046845	0.022793732583522797	-0.1462666392326355	-0.13816216588020325	-0.26155295968055725	-0.00580553337931633	-0.28782594203948975
ENSMUSG00000104547	-0.004998927004635334	-0.1684439331293106	-0.13054293394088745	-0.22650058567523956	0.018009204417467117	-0.22168834507465363
ENSMUSG00000040829	0.012894408777356148	0.05096811428666115	0.05353448912501335	0.33388301730155945	-0.019702062010765076	0.09268511831760406
ENSMUSG00000112674	-0.005493080709129572	-0.11996867507696152	-0.10954846441745758	-0.20213864743709564	0.015307515859603882	-0.2177085131406784
ENSMUSG00000111619	-0.009912845678627491	-0.18781596422195435	0.06259683519601822	-0.1747758835554123	-0.006148111075162888	-0.09031469374895096
ENSMUSG00000114623	0.0020565809682011604	-0.09773650765419006	-0.10228146612644196	-0.18619117140769958	0.0411677360534668	-0.0862799659371376
ENSMUSG00000027173	-0.0038488847203552723	0.2588415741920471	0.09038224816322327	0.4239097833633423	0.012162148021161556	0.23201636970043182
ENSMUSG00000111781	0.0029949962627142668	-0.12693443894386292	-0.12859193980693817	-0.25639039278030396	0.02806875668466091	-0.20810316503047943
ENSMUSG00000112327	-0.006025392562150955	-0.10770927369594574	-0.11510494351387024	-0.21521709859371185	0.009296848438680172	-0.3264634311199188
ENSMUSG00000111291	0.0316246896982193	-0.05593212693929672	0.10311112552881241	-0.0018423039000481367	0.03940393403172493	-0.1827848255634308
ENSMUSG00000121537	-0.06282311677932739	-1.0762951374053955	0.2065160572528839	-0.9183188676834106	-0.15367747843265533	-0.33692947030067444
ENSMUSG00000114165	0.07275787740945816	0.5825706720352173	0.11667697876691818	0.5809789896011353	0.01438035350292921	0.3369402289390564
ENSMUSG00000090740	0.010832063853740692	-0.25829365849494934	-0.10488386452198029	-0.48719123005867004	0.035113148391246796	-0.22440418601036072
ENSMUSG00000085864	0.021023590117692947	-0.05430036410689354	0.12524940073490143	0.12249475717544556	0.03265693783760071	-0.08527719229459763
ENSMUSG00000052534	0.002285063499584794	0.16823330521583557	-0.07856842875480652	0.03718425706028938	0.025904545560479164	0.2536012530326843
ENSMUSG00000069668	0.015615224838256836	-0.07982383668422699	-0.12782885134220123	-0.17432226240634918	0.012214061804115772	-0.265708327293396
ENSMUSG00000027673	-0.009694615378975868	0.4613403081893921	0.06952829658985138	0.4406169652938843	0.005262991413474083	0.39751654863357544
ENSMUSG00000029648	0.004186850041151047	0.06168489530682564	-0.0992332398891449	0.08443954586982727	0.027376124635338783	0.2629650831222534
ENSMUSG00000053565	-0.01135523896664381	0.3342307209968567	0.08205261081457138	0.46614769101142883	0.006169086322188377	0.32721632719039917
ENSMUSG00000049265	-0.0011760289780795574	0.03153933957219124	-0.011833392083644867	-0.09589514881372452	0.0007006723317317665	0.10343896597623825
ENSMUSG00000029410	0.026149902492761612	-0.07702438533306122	0.007494868244975805	-0.05768199265003204	0.002015952253714204	-0.14011962711811066
ENSMUSG00000054381	-0.006326170172542334	0.27923592925071716	0.03357983008027077	0.23612670600414276	-0.01901165582239628	0.26769736409187317
ENSMUSG00000050272	0.020920947194099426	-0.11046385765075684	-0.11030726134777069	-0.014345835894346237	0.03137644752860069	0.12399420887231827
ENSMUSG00000049090	-0.007466056849807501	0.19421783089637756	-0.002193684922531247	0.15346607565879822	-0.01049123052507639	0.22127003967761993
ENSMUSG00000110195	0.001428325311280787	-0.06925627589225769	-0.11930342018604279	-0.17853662371635437	0.03283481299877167	-0.1494593471288681
ENSMUSG00000062014	-0.009449646808207035	0.4409131109714508	0.07713495194911957	0.35445037484169006	-0.00029902486130595207	0.355385422706604
ENSMUSG00000082117	-0.10089611262083054	-0.22399713099002838	-0.09609352797269821	-0.34537220001220703	-0.05701495334506035	-0.30460211634635925
ENSMUSG00000087149	-0.039602622389793396	-0.24069273471832275	-0.08270998299121857	-0.35703226923942566	0.0010714660165831447	-0.2645912170410156
ENSMUSG00000023495	0.0008991587092168629	0.32967501878738403	0.0742807611823082	0.4511425793170929	-0.021262917667627335	0.34145766496658325
ENSMUSG00000094741	-0.12881845235824585	-0.48287877440452576	-0.0384041890501976	-0.5267021656036377	-0.01887422241270542	-0.24892812967300415
ENSMUSG00000106835	0.010138312354683876	-0.11109641194343567	-0.07838346809148788	-0.23328086733818054	0.02102987840771675	-0.21656343340873718
ENSMUSG00000120017	0.0034928128588944674	0.3249221444129944	-0.004353723023086786	0.3036610186100006	0.02037869393825531	0.2642529010772705
ENSMUSG00000121398	0.011732909828424454	-0.1233578771352768	-0.060045190155506134	-0.13633355498313904	0.03888238966464996	0.0017145394813269377
ENSMUSG00000024299	0.0011490373872220516	0.12854665517807007	-0.039356883615255356	-0.0011062478879466653	0.025006616488099098	0.24048660695552826
ENSMUSG00000028960	-0.012849967926740646	0.4118814170360565	0.016154475510120392	0.32555800676345825	0.010107326321303844	0.3267807364463806
ENSMUSG00000109452	0.03271762281656265	-0.0730481818318367	0.0037257082294672728	-0.07679282873868942	0.03985285758972168	-0.24048368632793427
ENSMUSG00000108087	-0.020684275776147842	-0.14875131845474243	-0.03664867952466011	-0.10689279437065125	0.02891015261411667	-0.21424247324466705
ENSMUSG00000001249	0.0013600215315818787	-0.05034799873828888	-0.0898982435464859	0.12980002164840698	0.016338389366865158	0.10887552052736282
ENSMUSG00000096584	-0.02132233791053295	-0.09875177592039108	-0.11637137085199356	-0.26351842284202576	-0.013189386576414108	-0.25553953647613525
ENSMUSG00000121561	-0.06282311677932739	-1.0762951374053955	0.2065160572528839	-0.9183188676834106	-0.15367747843265533	-0.33692947030067444
ENSMUSG00000108242	0.009926309809088707	-0.16718269884586334	-0.0849117785692215	-0.05384735018014908	0.03293636068701744	0.07050345838069916
ENSMUSG00000090427	0.011392733082175255	-0.13554558157920837	-0.11803808808326721	-0.09810785949230194	0.010164696723222733	-0.0698876827955246
ENSMUSG00000107656	-0.022150689736008644	-0.12676148116588593	-0.10275960713624954	-0.20635919272899628	0.0247360710054636	-0.2405538409948349
ENSMUSG00000016528	-0.0032484272960573435	0.39555585384368896	-0.05475600063800812	0.2795465290546417	0.021608151495456696	0.305484801530838
ENSMUSG00000097749	0.04343734309077263	0.1391255110502243	0.09204886108636856	0.1416730284690857	-0.04586780071258545	0.11092769354581833
ENSMUSG00000110781	0.0139162577688694	-0.09404979646205902	-0.1139032393693924	-0.19933392107486725	0.03631771728396416	-0.10719159990549088
ENSMUSG00000045201	-0.06282311677932739	-1.0762951374053955	0.2065160572528839	-0.9183188676834106	-0.15367747843265533	-0.33692947030067444
ENSMUSG00000042796	-0.00925010722130537	-0.13020721077919006	-0.09768255054950714	-0.1599762886762619	0.025902509689331055	-0.24840280413627625
ENSMUSG00000079435	0.05325460806488991	0.4190077483654022	0.13996118307113647	0.6115717887878418	0.006613175384700298	0.26951155066490173
ENSMUSG00000020168	0.00705623347312212	-0.14171485602855682	-0.1304894983768463	-0.2533007264137268	0.012481153011322021	-0.19796587526798248
ENSMUSG00000029403	0.0027498400304466486	0.4075283706188202	-0.04503919929265976	0.3183682858943939	0.02453610487282276	0.34145286679267883
ENSMUSG00000116594	0.01562459859997034	-0.0020742083434015512	-0.04670201614499092	-0.0016714462544769049	-0.03612483665347099	-0.012992349453270435
ENSMUSG00000049871	0.013197473250329494	-0.00029743448249064386	-0.10736251622438431	-0.0021262122318148613	0.036454398185014725	0.020639510825276375
ENSMUSG00000091199	-0.06282311677932739	-1.0762951374053955	0.2065160572528839	-0.9183188676834106	-0.15367747843265533	-0.33692947030067444
ENSMUSG00000048696	0.005848600063472986	0.24953582882881165	0.087823286652565	0.46908318996429443	-0.026803893968462944	0.26544854044914246
ENSMUSG00000042554	-0.007665772456675768	-0.1264677345752716	-0.10492506623268127	-0.27686506509780884	0.027415568009018898	-0.19403661787509918
ENSMUSG00000089879	0.005117891822010279	-0.10691411048173904	-0.13953903317451477	-0.12043452262878418	0.023402629420161247	-0.24479398131370544
ENSMUSG00000043421	0.006206659600138664	0.30885669589042664	0.13026003539562225	0.33993205428123474	-0.03524383157491684	0.2716119587421417
ENSMUSG00000103092	0.0025034358259290457	-0.037875767797231674	-0.10640732944011688	-0.11981183290481567	0.02146221324801445	0.030756542459130287
ENSMUSG00000050600	0.003029225394129753	-0.12887011468410492	-0.11438987404108047	-0.3073138892650604	0.03906484693288803	-0.068306103348732
ENSMUSG00000021236	-0.002552814083173871	0.3231393098831177	-0.026751946657896042	0.3044843375682831	0.024302059784531593	0.3298185467720032
ENSMUSG00000057726	-0.004535136744379997	-0.1535073071718216	-0.11222841590642929	-0.33204910159111023	-0.002751979511231184	-0.2771454155445099
ENSMUSG00000121385	-0.005076856818050146	-0.1569799780845642	-0.12772716581821442	-0.22534522414207458	0.014273303560912609	-0.182736337184906
ENSMUSG00000036921	0.0012940482702106237	-0.0505855530500412	-0.030307607725262642	0.23752367496490479	0.028101716190576553	-0.11686811596155167
ENSMUSG00000026019	-0.0076612853445112705	0.4774808883666992	0.09371891617774963	0.5586511492729187	-0.002584110014140606	0.35543495416641235
ENSMUSG00000112868	-0.018983392044901848	-0.2074819952249527	-0.11272630840539932	-0.3373919725418091	0.020973537117242813	-0.23301881551742554
ENSMUSG00000120328	0.0170627161860466	-0.06123482063412666	0.14596614241600037	-0.08786091208457947	0.03944532945752144	-0.1843588799238205
ENSMUSG00000091882	0.020597729831933975	-0.14322777092456818	-0.07557006180286407	-0.26645535230636597	0.030023351311683655	-0.2356087565422058
ENSMUSG00000093772	-0.024455972015857697	-0.2597816586494446	-0.0850115567445755	-0.3734620213508606	0.028387969359755516	-0.16402237117290497
ENSMUSG00000028766	-0.004395668860524893	0.20764651894569397	0.10308872908353806	0.36163386702537537	0.00012552639236673713	0.19947050511837006
ENSMUSG00000037601	-0.002676288830116391	0.42510658502578735	0.12841641902923584	0.43398287892341614	-0.005859381519258022	0.28278887271881104
ENSMUSG00000036377	0.0021174056455492973	-0.07221436500549316	-0.06987001746892929	-0.11960272490978241	0.023689735680818558	-0.06247738376259804
ENSMUSG00000044864	0.01009954884648323	0.25439998507499695	-0.10722079873085022	0.13314159214496613	0.030063848942518234	0.2834434509277344
ENSMUSG00000121549	-0.06282311677932739	-1.0762951374053955	0.2065160572528839	-0.9183188676834106	-0.15367747843265533	-0.33692947030067444
ENSMUSG00000118518	0.0607052706182003	-0.11361080408096313	0.20598021149635315	-0.1362498551607132	-0.04170447960495949	-0.2525830566883087
ENSMUSG00000117658	-0.02458184026181698	-0.16156317293643951	-0.13190026581287384	-0.15868891775608063	-0.012178020551800728	-0.275725394487381
ENSMUSG00000114857	0.0028488391544669867	-0.10783375054597855	-0.11697535216808319	-0.3247773051261902	0.01706693135201931	-0.21155080199241638
ENSMUSG00000039096	0.0026812534779310226	0.140207439661026	0.0006557641900144517	0.3294093608856201	0.02334417589008808	0.15368129312992096
ENSMUSG00000038102	0.004830792546272278	0.2854521870613098	0.005518810823559761	0.2732756435871124	0.020723052322864532	0.3561912178993225
ENSMUSG00000014956	-0.008551938459277153	0.4392768144607544	0.0553060807287693	0.47759532928466797	-0.011819404549896717	0.32609522342681885
ENSMUSG00000046697	-0.0014083131682127714	-0.11464068293571472	-0.12244325876235962	-0.24216409027576447	0.012142523191869259	-0.2419382631778717
ENSMUSG00000027246	0.061287567019462585	-0.037264980375766754	0.07883443683385849	-0.2781650722026825	-0.07566722482442856	-0.08803639560937881
ENSMUSG00000022206	0.0018270856235176325	-0.10832412540912628	0.006344522349536419	0.3124801516532898	0.013768508099019527	0.06769519299268723
ENSMUSG00000109555	0.009869860485196114	-0.14818012714385986	-0.14566798508167267	-0.15643653273582458	0.0329180508852005	-0.22771167755126953
ENSMUSG00000113885	0.001545354025438428	-0.13210944831371307	-0.10125632584095001	-0.14213235676288605	0.03394916653633118	-0.14839118719100952
ENSMUSG00000066440	0.00486333342269063	0.33856096863746643	0.010459265671670437	0.6018122434616089	0.01661713793873787	0.35819539427757263
ENSMUSG00000112578	-0.022237010300159454	-0.190915048122406	-0.112041175365448	-0.2669236660003662	0.032556429505348206	-0.2615112066268921
ENSMUSG00000036062	0.004329474177211523	-0.06114586442708969	-0.10618267208337784	-0.2261456996202469	0.02505435422062874	0.10427688807249069
ENSMUSG00000109130	0.0019429113017395139	-0.12847858667373657	-0.15162286162376404	-0.08658730238676071	0.0037625462282449007	-0.20832741260528564
ENSMUSG00000028064	0.014766101725399494	-0.12934187054634094	0.020128576084971428	-0.19395193457603455	-0.034660130739212036	-0.11851567029953003
ENSMUSG00000112998	-0.08787069469690323	-0.2185562252998352	-0.10826723277568817	-0.21795518696308136	-0.015207916498184204	-0.29474547505378723
ENSMUSG00000029370	0.017336241900920868	-0.024407073855400085	-0.11334438621997833	0.04049968719482422	0.008577968925237656	0.09364014863967896
ENSMUSG00000103160	0.03454466909170151	-0.14185073971748352	-0.08049631118774414	-0.1492241621017456	-0.04822210967540741	-0.10898689180612564
ENSMUSG00000118398	-0.04517978057265282	-0.15467801690101624	-0.045390162616968155	-0.18346139788627625	0.021429898217320442	-0.27967074513435364
ENSMUSG00000085257	-0.0034590810537338257	-0.14528660476207733	-0.11438380181789398	-0.33598488569259644	0.010168400593101978	-0.24063976109027863
ENSMUSG00000022427	0.011514139361679554	0.5113828778266907	0.0711326003074646	0.20995084941387177	-0.01607627607882023	0.271394282579422
ENSMUSG00000020460	0.03233572840690613	0.5459069013595581	0.1852278709411621	0.6331893801689148	0.03073439747095108	0.36492985486984253
ENSMUSG00000089836	-0.04422012344002724	-0.2027171105146408	-0.10111556947231293	-0.18515600264072418	-0.009863566607236862	-0.25289276242256165
ENSMUSG00000052406	-0.009378720074892044	0.4320317506790161	0.0725218653678894	0.2952403128147125	0.017065828666090965	0.31488215923309326
ENSMUSG00000026669	-0.011222876608371735	0.34484007954597473	0.10114513337612152	0.4546658396720886	0.007376835215836763	0.30784475803375244
ENSMUSG00000114099	0.010850130580365658	-0.0671411007642746	-0.15356147289276123	-0.08638559281826019	-0.015051623806357384	-0.17568862438201904
ENSMUSG00000050786	-0.008734336122870445	0.23402996361255646	0.0031167101114988327	0.1974068582057953	0.004790645558387041	0.22275248169898987
ENSMUSG00000085357	0.015874261036515236	-0.06714560091495514	0.10598316043615341	-0.11481237411499023	0.018725920468568802	-0.09976515173912048
ENSMUSG00000048758	0.031278565526008606	0.4620266258716583	0.14370007812976837	0.37122833728790283	-0.023845674470067024	0.30812308192253113
ENSMUSG00000096974	-0.00505211902782321	0.12955136597156525	0.009188097901642323	0.23317661881446838	0.010656032711267471	0.1682640016078949
ENSMUSG00000044743	-0.015347396954894066	-0.185340017080307	-0.11497008055448532	-0.28706830739974976	0.0295430775731802	-0.23555804789066315
ENSMUSG00000031536	0.0034274437930434942	0.3324774205684662	-0.04176900535821915	0.1807360053062439	0.02774537168443203	0.26859891414642334
ENSMUSG00000115345	-0.008816057816147804	-0.16563212871551514	-0.13335447013378143	-0.1801481693983078	0.01563088782131672	-0.2392132580280304
ENSMUSG00000031834	0.005543896928429604	0.4838390350341797	0.11539459973573685	0.4618225395679474	-0.011324916034936905	0.357247531414032
ENSMUSG00000038415	0.07682336121797562	-0.15650777518749237	-0.05393442139029503	-0.44823601841926575	-0.06282878667116165	-0.21520744264125824
ENSMUSG00000055177	0.019364649429917336	-0.14867722988128662	-0.0842122733592987	-0.274603933095932	0.016678355634212494	-0.19836734235286713
ENSMUSG00000109688	0.000527382071595639	-0.15556606650352478	-0.12134329974651337	-0.2897217869758606	0.03785187751054764	-0.21954511106014252
ENSMUSG00000033658	0.013782402500510216	0.0002950957277789712	0.07610011845827103	0.3872077465057373	-0.003257861826568842	-0.04637037217617035
ENSMUSG00000060726	0.025945773348212242	-0.1860678642988205	-0.08986184000968933	-0.10865697264671326	0.022969121113419533	0.017392568290233612
ENSMUSG00000114169	-0.007716657128185034	-0.1019829586148262	-0.051461897790431976	-0.045129332691431046	0.04290209710597992	-0.1462375670671463
ENSMUSG00000097768	-0.06282311677932739	-1.0762951374053955	0.2065160572528839	-0.9183188676834106	-0.15367747843265533	-0.33692947030067444
ENSMUSG00000044288	0.01857689768075943	0.09838151186704636	-0.05653463304042816	0.4282039403915405	0.007981599308550358	0.33714351058006287
ENSMUSG00000032776	0.008623388595879078	0.1259506642818451	-0.06816892325878143	0.1591833531856537	0.0288972370326519	0.23966790735721588
ENSMUSG00000110378	-0.008706468157470226	0.3798319101333618	0.10001926124095917	0.47931790351867676	0.003899091389030218	0.2598973512649536
ENSMUSG00000084856	-0.0006078789592720568	0.16497503221035004	-0.11044587194919586	-0.02515304647386074	0.031179727986454964	0.028631364926695824
ENSMUSG00000037016	0.004760797135531902	0.12986142933368683	-0.10603423416614532	-0.0414167083799839	0.03173992782831192	0.2538600265979767
ENSMUSG00000043542	-0.00020676117856055498	0.27931517362594604	-0.038617078214883804	0.2497195303440094	0.025822972878813744	0.2949262857437134
ENSMUSG00000024317	-0.0015417239628732204	0.5044050812721252	0.10837724059820175	0.6865880489349365	0.011256208643317223	0.34657010436058044
ENSMUSG00000042821	0.01938748173415661	0.1042904481291771	0.07941748946905136	0.15957269072532654	-0.006549854297190905	0.07682835310697556
ENSMUSG00000035342	0.042489856481552124	0.2136968970298767	0.024756591767072678	0.1774464100599289	0.013077366165816784	0.24200181663036346
ENSMUSG00000031838	0.0027241045609116554	0.10578035563230515	0.10994426906108856	0.3633921444416046	-0.0038898519705981016	0.1925024390220642
ENSMUSG00000039782	-0.0027174034621566534	0.3538013696670532	-0.057756323367357254	0.4840103089809418	0.016543369740247726	0.36153656244277954
ENSMUSG00000094832	-0.06826688349246979	-0.24785026907920837	-0.06236780807375908	-0.25157856941223145	-0.07312396168708801	-0.27549979090690613
ENSMUSG00000087083	0.0014805687824264169	-0.07925766706466675	-0.1160656288266182	-0.2954120635986328	0.03946094587445259	-0.22110842168331146
ENSMUSG00000118036	-0.03415994718670845	-0.2656554579734802	-0.09501776844263077	-0.44241032004356384	0.038875699043273926	-0.22227174043655396
ENSMUSG00000039715	-0.014222093857824802	0.4106571078300476	0.0769948810338974	0.5522778034210205	0.010017266497015953	0.31943950057029724
ENSMUSG00000023868	0.027830304577946663	-0.10982707142829895	-0.07756850123405457	-0.1786077618598938	0.038632869720458984	0.08917529135942459
ENSMUSG00000093962	-0.07784194499254227	-0.2757004201412201	-0.09989500790834427	-0.2929143011569977	-0.040224507451057434	-0.2749130129814148
ENSMUSG00000006345	0.00642014155164361	-0.08745375275611877	-0.045982517302036285	0.00017558604304213077	0.027136871591210365	0.018955646082758904
ENSMUSG00000075100	0.006744103040546179	-0.10817810148000717	-0.12664850056171417	-0.22235770523548126	-0.006153487134724855	-0.31869158148765564
ENSMUSG00000038408	0.013603027909994125	-0.10004329681396484	-0.1004871279001236	-0.2098013311624527	0.03497687354683876	0.1098996102809906
ENSMUSG00000021147	-0.0110651645809412	0.34691619873046875	0.009757074527442455	0.3171613812446594	-0.000441605196101591	0.308036208152771
ENSMUSG00000086170	0.01271752454340458	-0.13411401212215424	-0.11498384177684784	-0.3180004954338074	-0.021731756627559662	-0.33064982295036316
ENSMUSG00000027534	-0.007618406321853399	0.3556446433067322	0.007419107481837273	0.24686355888843536	0.023923300206661224	0.31518441438674927
ENSMUSG00000102854	-0.012172038666903973	-0.12559470534324646	-0.13667182624340057	-0.12728814780712128	0.034254126250743866	-0.2482902854681015
ENSMUSG00000025508	0.04730742797255516	0.5361632704734802	0.18950562179088593	0.4658015966415405	-0.013628336600959301	0.3583478033542633
ENSMUSG00000004096	-0.06282311677932739	-1.0762951374053955	0.2065160572528839	-0.9183188676834106	-0.15367747843265533	-0.33692947030067444
ENSMUSG00000039497	-0.012514774687588215	0.3003028631210327	0.0063809966668486595	0.43183788657188416	0.012804941274225712	0.33923596143722534
ENSMUSG00000110529	0.014111055061221123	-0.06563588231801987	-0.006820492912083864	-0.060758594423532486	0.03772599995136261	-0.11495247483253479
ENSMUSG00000026958	-0.0030409074388444424	0.17734050750732422	0.07346919178962708	0.48620808124542236	0.00641306396573782	0.2450048327445984
ENSMUSG00000059714	-0.01032213307917118	0.2770928740501404	0.050988249480724335	0.32949164509773254	0.0029118999373167753	0.29290568828582764
ENSMUSG00000116992	-0.06282311677932739	-1.0762951374053955	0.2065160572528839	-0.9183188676834106	-0.15367747843265533	-0.33692947030067444
ENSMUSG00000111080	0.009765686467289925	-0.09075623750686646	-0.04907967522740364	-0.11596809327602386	0.0039001796394586563	-0.2885642647743225
ENSMUSG00000060441	-0.036728132516145706	-0.4013739824295044	-0.05106646195054054	-0.35783669352531433	0.006016097031533718	-0.08797108381986618
ENSMUSG00000097254	0.007311057299375534	-0.02879353053867817	-0.11780750006437302	-0.05097741261124611	0.03432755917310715	-0.023341143503785133
ENSMUSG00000038879	0.014176344498991966	0.0665421336889267	-0.09936776757240295	0.14354807138442993	0.01851501129567623	0.14075417816638947
ENSMUSG00000022456	0.013121016323566437	0.006631195079535246	-0.014818000607192516	-0.06920183449983597	0.00734959589317441	-0.15444879233837128
ENSMUSG00000102615	-0.002283378504216671	0.05584091320633888	0.10858031362295151	0.21971122920513153	-0.022481799125671387	0.23522531986236572
ENSMUSG00000104717	-0.0007810929673723876	-0.1497461050748825	-0.13235975801944733	-0.21099203824996948	0.026774894446134567	-0.20274245738983154
ENSMUSG00000086860	0.02004261687397957	0.026452980935573578	-0.10783083736896515	0.018604177981615067	-0.015093697234988213	-0.1596064567565918
ENSMUSG00000048402	-0.010419940575957298	0.27553075551986694	0.013849412091076374	0.48924463987350464	0.012017065659165382	0.36461734771728516
ENSMUSG00000107011	0.006739346776157618	-0.0936174988746643	-0.09187707304954529	-0.2033933699131012	0.040378160774707794	-0.3066709041595459
ENSMUSG00000069516	-0.003918447997421026	-0.16199788451194763	-0.08239060640335083	-0.3387822210788727	0.011403321288526058	-0.3266684412956238
ENSMUSG00000114232	-0.005781750660389662	-0.1847589910030365	-0.12090686708688736	-0.304451584815979	0.03187333419919014	-0.2108263075351715
ENSMUSG00000078737	0.007122016046196222	-0.13931408524513245	-0.054676394909620285	0.0024232917930930853	0.02427566610276699	-0.15514275431632996
ENSMUSG00000092241	-0.0002509091282263398	0.109676294028759	0.07172837853431702	0.08108210563659668	0.010463889688253403	0.11871466785669327
ENSMUSG00000029634	-0.009374263696372509	0.39026573300361633	-0.005291062407195568	0.28728413581848145	0.013609571382403374	0.30352190136909485
ENSMUSG00000021589	0.0013070190325379372	0.20039252936840057	-0.0010556010529398918	0.18287897109985352	0.02763480134308338	0.22930675745010376
ENSMUSG00000116299	-0.007930324412882328	-0.0766398161649704	-0.13070671260356903	-0.1665661484003067	-0.00579441525042057	-0.26596713066101074
ENSMUSG00000037060	0.03862743452191353	0.0792517364025116	0.1415821611881256	0.38763758540153503	-0.04963364079594612	0.04333364591002464
ENSMUSG00000097463	-0.009951439686119556	0.13515588641166687	0.02438891865313053	0.4302617311477661	0.012897745706140995	0.18310590088367462
ENSMUSG00000045678	-0.029024338349699974	-0.18875223398208618	-0.1002187728881836	-0.2432490587234497	0.017084551975131035	-0.2458363175392151
ENSMUSG00000043537	0.001185933593660593	-0.1694508045911789	-0.10244622826576233	-0.33048367500305176	0.007224800065159798	-0.3053756058216095
ENSMUSG00000027379	-0.002799463924020529	0.2748326063156128	0.02781999297440052	0.29331862926483154	0.022614138200879097	0.26868897676467896
ENSMUSG00000091297	0.005776045843958855	-0.0857081413269043	-0.11586922407150269	-0.2507007122039795	0.02439422346651554	-0.1974560171365738
ENSMUSG00000082932	-0.0032028001733124256	-0.23877662420272827	-0.10614617168903351	-0.23700229823589325	0.033415719866752625	-0.1964045763015747
ENSMUSG00000086417	-0.010999147780239582	0.2150242030620575	0.0252689141780138	0.4114789664745331	0.014019067399203777	0.2487853467464447
ENSMUSG00000079304	0.00903283804655075	-0.02256326749920845	0.06094588339328766	0.16831615567207336	0.039333079010248184	-0.15659672021865845
ENSMUSG00000047286	0.007923761382699013	-0.09429574757814407	-0.05818862468004227	-0.13207034766674042	0.02622174471616745	-0.26138219237327576
ENSMUSG00000020857	0.02613889053463936	0.3642975091934204	0.14563648402690887	0.4187794625759125	-0.019105300307273865	0.2659599483013153
ENSMUSG00000040681	0.005564242601394653	0.5116934180259705	0.1505800485610962	0.384867787361145	-0.005543312057852745	0.3506792187690735
ENSMUSG00000060427	-0.0015294058248400688	0.42143431305885315	0.07124683260917664	0.45826393365859985	0.0209501925855875	0.27161186933517456
ENSMUSG00000080880	0.006782046984881163	-0.12032387405633926	-0.1099119558930397	-0.19536139070987701	0.01685645990073681	-0.3132506310939789
ENSMUSG00000037946	0.00037775703822262585	-0.07545004040002823	-0.1318070888519287	-0.11119422316551208	0.02434164471924305	-0.15386994183063507
ENSMUSG00000000948	-0.006541243754327297	0.3149372339248657	0.0875113382935524	0.5686025023460388	0.009653002955019474	0.2773174047470093
ENSMUSG00000121818	0.023792367428541183	-0.10806580632925034	0.024609899148344994	-0.12377810478210449	0.03884151950478554	-0.0258560162037611
ENSMUSG00000028709	-0.00859714113175869	0.2084922045469284	0.02046213112771511	0.274950236082077	0.0005999566055834293	0.19819878041744232
ENSMUSG00000051329	0.026023326441645622	-0.07439439743757248	0.14966647326946259	0.26796868443489075	-0.006494279019534588	-0.13480743765830994
ENSMUSG00000097057	0.029546549543738365	-0.09816793352365494	0.18753746151924133	0.14743761718273163	0.027461744844913483	-0.12210051715373993
ENSMUSG00000100134	-0.0018773949705064297	-0.09613098949193954	-0.11561369895935059	-0.12364781647920609	0.024779118597507477	-0.21743127703666687
ENSMUSG00000018442	-0.011850757524371147	0.4701281487941742	0.06303785741329193	0.4275159537792206	0.0032920273952186108	0.3673042356967926
ENSMUSG00000027649	-0.04941336065530777	-0.7270886301994324	-0.07012858241796494	-1.3038067817687988	0.05242655426263809	-0.261540949344635
ENSMUSG00000096870	0.03012228012084961	-0.013281873427331448	0.16860316693782806	0.3037922978401184	0.016997074708342552	-0.06525769829750061
ENSMUSG00000078604	-0.00501280976459384	0.48306748270988464	-0.10137087851762772	0.40167486667633057	0.02441023848950863	0.3904303312301636
ENSMUSG00000086834	0.020200753584504128	-0.11377642303705215	-0.07204217463731766	-0.2060355395078659	0.040713194757699966	-0.15439246594905853
ENSMUSG00000023159	-0.005423891358077526	-0.15392832458019257	-0.12437616288661957	-0.25666096806526184	0.010072091594338417	-0.2528640627861023
ENSMUSG00000059106	-0.011675450950860977	-0.1702062040567398	-0.12246696650981903	-0.2847961485385895	0.005407782271504402	-0.23555251955986023
ENSMUSG00000063931	0.009973977692425251	0.18954500555992126	-0.007837926037609577	0.3817406892776489	0.023489808663725853	0.22871200740337372
ENSMUSG00000030707	0.014312787912786007	-0.06051784008741379	0.12324696779251099	-0.018905246630311012	-0.02665328048169613	0.06834691762924194
ENSMUSG00000023345	-0.00046803016448393464	0.31386974453926086	-0.07891742885112762	0.1081896424293518	0.028303172439336777	0.33937183022499084
ENSMUSG00000118109	-0.03149840980768204	-0.18669337034225464	-0.06991854310035706	-0.3461354970932007	-0.013971630483865738	-0.3168368637561798
ENSMUSG00000045608	-0.0027036843821406364	-0.1314515918493271	-0.11219955235719681	-0.2910640239715576	0.018437528982758522	-0.15300050377845764
ENSMUSG00000075217	-0.0035228156484663486	-0.1894715130329132	-0.1280122995376587	-0.2794541120529175	0.016540706157684326	-0.18589474260807037
ENSMUSG00000095807	-0.06282311677932739	-1.0762951374053955	0.2065160572528839	-0.9183188676834106	-0.15367747843265533	-0.33692947030067444
ENSMUSG00000052504	0.012744822539389133	-0.04313218593597412	-0.1123417392373085	-0.12793155014514923	0.03552461043000221	0.03580264374613762
ENSMUSG00000120118	0.0446922741830349	0.11345624178647995	0.073543980717659	0.463123083114624	0.010369980707764626	0.10721360892057419
ENSMUSG00000040396	-0.0062710996717214584	0.3746159076690674	-0.014953633770346642	0.3088507056236267	0.006644961424171925	0.3234829008579254
ENSMUSG00000116339	-0.008282236754894257	0.2612576186656952	0.035799600183963776	0.5431877374649048	0.004944107960909605	0.19608432054519653
ENSMUSG00000104449	-0.0023519257083535194	-0.15411755442619324	-0.133176788687706	-0.20756515860557556	0.023530960083007812	-0.20032274723052979
ENSMUSG00000102460	-0.0070984880439937115	-0.13052192330360413	-0.1161608025431633	-0.22950515151023865	-0.03584767132997513	-0.2844720184803009
ENSMUSG00000084974	-0.007148214150220156	0.2658015489578247	0.0817665085196495	0.3776051700115204	0.01599547080695629	0.18508824706077576
ENSMUSG00000107112	0.003338164184242487	-0.1353161484003067	-0.11845896393060684	-0.2729615867137909	0.018239986151456833	-0.2271038293838501
ENSMUSG00000001864	-0.0006835452513769269	0.07192755490541458	-0.04017964377999306	-0.017640812322497368	0.023161187767982483	0.15792296826839447
ENSMUSG00000086109	-0.021984301507472992	-0.19762475788593292	-0.08651089668273926	-0.4751141369342804	0.01263498980551958	-0.24358272552490234
ENSMUSG00000051451	0.03256576508283615	0.453482061624527	0.11559775471687317	0.5352701544761658	-0.03685673698782921	0.30616962909698486
ENSMUSG00000042734	0.003027485916391015	0.29417046904563904	0.016600968316197395	0.25951263308525085	0.025235040113329887	0.32188495993614197
ENSMUSG00000078504	-0.0010272813960909843	-0.08365041762590408	-0.12913553416728973	-0.12107249349355698	-0.008924180641770363	-0.29030337929725647
ENSMUSG00000114171	0.011258477345108986	-0.15632162988185883	-0.12037781625986099	-0.2924591302871704	0.03138343244791031	-0.2670215368270874
ENSMUSG00000049493	0.0029615340754389763	0.19262613356113434	-0.07442960888147354	0.10881689190864563	0.030555492267012596	0.16156795620918274
ENSMUSG00000103690	0.009882582351565361	-0.05391966179013252	-0.0476565882563591	-0.10991764068603516	0.03701591119170189	-0.2223285734653473
ENSMUSG00000085282	0.01660006307065487	0.22680822014808655	-0.0998438149690628	0.18914850056171417	0.02155992016196251	0.3291143774986267
ENSMUSG00000116048	-0.013007499277591705	0.5131853222846985	0.05800415202975273	0.6111522912979126	0.007802738342434168	0.4244242012500763
ENSMUSG00000120235	0.008081313222646713	-0.12334448844194412	-0.06290066242218018	-0.12957245111465454	0.04175059497356415	-0.1803697794675827
ENSMUSG00000067704	-0.018873460590839386	-0.1492857038974762	-0.12520141899585724	-0.1604161262512207	-0.02221795544028282	-0.32945674657821655
ENSMUSG00000054659	-0.005585010629147291	0.2890198230743408	-0.08719509840011597	0.21075351536273956	0.019411280751228333	0.25308579206466675
ENSMUSG00000020630	0.0005117756663821638	0.3952594995498657	0.0932118222117424	0.4243374168872833	0.018742281943559647	0.3324509561061859
ENSMUSG00000111494	0.006559363566339016	-0.08046489953994751	-0.1495155245065689	-0.05730534717440605	0.011805189773440361	-0.23813235759735107
ENSMUSG00000027611	-0.0009089610539376736	0.016384828835725784	-0.014213334769010544	-0.08775278180837631	-0.011231962591409683	0.015666324645280838
ENSMUSG00000047109	0.012079188600182533	-0.10713271051645279	0.015509295277297497	-0.06053746119141579	-0.015204043127596378	-0.05189784988760948
ENSMUSG00000041044	0.002409585751593113	-0.16890564560890198	-0.12091425806283951	-0.3029884696006775	0.03824600204825401	-0.22210106253623962
ENSMUSG00000109689	-0.01899687387049198	-0.10650533437728882	-0.10220862179994583	-0.15448766946792603	0.007180529646575451	-0.3347553014755249
ENSMUSG00000054510	0.003994858358055353	-0.021494999527931213	-0.12308123707771301	-0.16107244789600372	0.03016408160328865	-0.16383802890777588
ENSMUSG00000003154	-0.01240029837936163	0.2846933603286743	0.004879225045442581	0.12121357023715973	-0.0016889438265934587	0.2973444163799286
ENSMUSG00000079022	0.023874999955296516	-0.10022076964378357	-0.09359388053417206	-0.12184473127126694	0.02745339833199978	0.0016393586993217468
ENSMUSG00000040498	0.011431162245571613	-0.07675018906593323	0.0682770311832428	0.012244229204952717	-0.014730120077729225	-0.02012791484594345
ENSMUSG00000032353	0.012593487277626991	0.29928135871887207	-0.10051850229501724	0.14432650804519653	0.03157908841967583	0.2430085986852646
ENSMUSG00000047557	0.005696575623005629	0.07644512504339218	-0.04248025268316269	0.2080153226852417	0.027669358998537064	0.16127967834472656
ENSMUSG00000040717	-0.006736373994499445	0.3987135589122772	0.10215356945991516	0.3408554494380951	-0.007360812276601791	0.3129400908946991
ENSMUSG00000090406	0.047092728316783905	-0.17228637635707855	0.10932452231645584	-0.0975000411272049	-0.07084544003009796	-0.10505266487598419
ENSMUSG00000037058	-0.004780205897986889	0.4242880642414093	0.11652864515781403	0.4819457530975342	0.00010324562026653439	0.3254226744174957
ENSMUSG00000049409	-0.003020255360752344	-0.1798924207687378	-0.08271393179893494	-0.0943477526307106	-0.0023888139985501766	0.006139229517430067
ENSMUSG00000006356	-0.0003888064529746771	0.33879998326301575	0.08180731534957886	0.3008413016796112	-0.018358414992690086	0.24819107353687286
ENSMUSG00000054604	-0.0028818619903177023	0.4773661494255066	0.09097831696271896	0.3380239009857178	-0.014625485055148602	0.3833562433719635
ENSMUSG00000085951	0.005714996252208948	-0.09557738155126572	-0.1298247128725052	-0.20246383547782898	-0.007394922431558371	-0.30026835203170776
ENSMUSG00000032053	-0.020877666771411896	-0.24689532816410065	-0.1209595799446106	-0.3074236810207367	0.019235234707593918	-0.18572260439395905
ENSMUSG00000059183	0.0015669758431613445	0.36196091771125793	-0.018080776557326317	0.21264158189296722	0.02908593975007534	0.2838744819164276
ENSMUSG00000039809	0.013367772102355957	-0.16204282641410828	-0.10080217570066452	-0.25667235255241394	0.04031720757484436	0.061084989458322525
ENSMUSG00000085414	0.0016567567363381386	-0.10250107944011688	-0.1232910081744194	-0.25764256715774536	0.012044471688568592	-0.26152458786964417
ENSMUSG00000002820	-0.014555731788277626	0.40069255232810974	0.07591257244348526	0.42643657326698303	0.01189371943473816	0.28859537839889526
ENSMUSG00000047798	-0.09235328435897827	-0.7844388484954834	-0.058160845190286636	-1.1844992637634277	0.03059941530227661	-0.25684815645217896
ENSMUSG00000035829	0.00499251764267683	0.07969983667135239	-0.04646604135632515	-0.047885969281196594	0.03514907509088516	0.04176798835396767
ENSMUSG00000036323	-0.009195276536047459	0.4514717161655426	0.045848459005355835	0.3598352372646332	0.018557528033852577	0.3629380166530609
ENSMUSG00000033184	-0.014373294077813625	0.5080771446228027	0.04728091135621071	0.6744539141654968	0.009042256511747837	0.41211211681365967
ENSMUSG00000121085	0.01692017912864685	-0.11449966579675674	-0.0369018130004406	-0.15710380673408508	0.026349101215600967	-0.2841813564300537
ENSMUSG00000085600	-0.00693653104826808	-0.08967497199773788	-0.0813426673412323	-0.0808609277009964	0.017075568437576294	-0.25387391448020935
ENSMUSG00000111085	0.015284733846783638	-0.01888270303606987	-0.11233681440353394	-0.04640773683786392	0.002736355410888791	0.04792749881744385
ENSMUSG00000112153	0.0071577467024326324	-0.11092253774404526	-0.10424546897411346	-0.31327688694000244	0.01765303686261177	-0.17805500328540802
ENSMUSG00000073678	-0.0064893304370343685	0.2323702573776245	0.006184804253280163	0.15643247961997986	0.02414667047560215	0.2842342257499695
ENSMUSG00000102719	0.02588645927608013	-0.0791608914732933	-0.15427188575267792	-0.07214642316102982	0.0171990804374218	-0.20689846575260162
ENSMUSG00000023185	-0.015281842090189457	-0.15319250524044037	-0.05017181858420372	-0.28638628125190735	0.016995053738355637	-0.2901718318462372
ENSMUSG00000082574	0.0007892072317190468	-0.16109338402748108	-0.1318810135126114	-0.24490457773208618	0.028371892869472504	-0.19253042340278625
ENSMUSG00000109716	0.005008464679121971	-0.11704972386360168	-0.13171060383319855	-0.16664543747901917	0.019216381013393402	-0.11388973146677017
ENSMUSG00000027840	0.004591414239257574	0.036883365362882614	-0.04861832782626152	-0.02997978962957859	0.030891621485352516	0.1506311297416687
ENSMUSG00000058672	-0.003751940093934536	0.23731058835983276	0.10396207869052887	0.43533381819725037	-0.005356000270694494	0.21556320786476135
ENSMUSG00000099723	-0.06282311677932739	-1.0762951374053955	0.2065160572528839	-0.9183188676834106	-0.15367747843265533	-0.33692947030067444
ENSMUSG00000070304	0.0029993897769600153	-0.12703083455562592	-0.09425455331802368	-0.3057013750076294	-0.04435058683156967	0.0037651367019861937
ENSMUSG00000109901	0.01190499309450388	0.37851372361183167	0.143744096159935	0.29486799240112305	-0.02868712693452835	0.2795144319534302
ENSMUSG00000118498	-0.0031591346487402916	-0.17446407675743103	-0.12548285722732544	-0.2871456742286682	0.018872302025556564	-0.20639009773731232
ENSMUSG00000079157	0.008969939313828945	-0.24224677681922913	-0.10403051227331161	-0.10222961753606796	0.037863247096538544	0.07897788286209106
ENSMUSG00000036913	-0.009011125192046165	0.3264237344264984	0.044648636132478714	0.32499268651008606	0.003003343939781189	0.2647741436958313
ENSMUSG00000020514	-0.008329237811267376	0.28217947483062744	0.03849230706691742	0.2222677618265152	0.0216758344322443	0.2834380865097046
ENSMUSG00000000823	-0.007706908043473959	0.36984992027282715	0.10112836956977844	0.46844226121902466	0.006239601876586676	0.302133172750473
ENSMUSG00000030963	-0.011216270737349987	-0.17014877498149872	-0.12655332684516907	-0.22499746084213257	0.02926991693675518	-0.21764729917049408
ENSMUSG00000021180	-0.0032819912303239107	0.42368602752685547	-0.024486523121595383	0.34776824712753296	0.025339899584650993	0.3273276388645172
ENSMUSG00000038205	0.00047027983237057924	0.4417637288570404	-0.02965887077152729	0.23565515875816345	0.03156627342104912	0.31934764981269836
ENSMUSG00000067818	-0.003686588490381837	0.17373010516166687	0.006693767383694649	0.08217757195234299	-0.010079535655677319	0.11110824346542358
ENSMUSG00000032652	-0.00864962674677372	0.3681422173976898	0.06790788471698761	0.49780556559562683	0.012757549062371254	0.3461102247238159
ENSMUSG00000115296	-0.008500853553414345	-0.18482403457164764	-0.05525243282318115	-0.23896373808383942	0.011938127689063549	-0.2970519959926605
ENSMUSG00000106946	0.017918486148118973	-0.04178060591220856	-0.08425050973892212	-0.06212718412280083	-0.01901780627667904	-0.10910580307245255
ENSMUSG00000041153	-0.00010592924081720412	0.34411975741386414	0.03425813466310501	0.43979403376579285	0.01621367037296295	0.3287813663482666
ENSMUSG00000105762	-0.014191549271345139	-0.169870987534523	-0.12515565752983093	-0.23666101694107056	0.0014334848383441567	-0.27247902750968933
ENSMUSG00000120913	0.0031199969816952944	0.1519213318824768	0.031709250062704086	0.44319382309913635	0.012662495486438274	-0.029729485511779785
ENSMUSG00000095706	0.0245647169649601	-0.08415086567401886	0.010726895183324814	-0.06717248260974884	0.025311488658189774	-0.24299252033233643
ENSMUSG00000035268	0.020949922502040863	0.30713358521461487	-0.1130126491189003	0.11207269877195358	0.03458280861377716	0.2629007399082184
ENSMUSG00000102912	0.02592674270272255	-0.13633102178573608	0.20935213565826416	0.16871798038482666	0.04323537275195122	-0.12109589576721191
ENSMUSG00000113012	0.062134891748428345	-0.1453452706336975	0.06184922158718109	-0.17474384605884552	-0.05664927139878273	-0.1185067817568779
ENSMUSG00000031402	0.006589851807802916	0.01713516004383564	0.15541577339172363	0.11357637494802475	0.024489643052220345	0.09992866218090057
ENSMUSG00000020358	0.03025730326771736	0.5489522814750671	0.17036807537078857	0.6011793613433838	0.0024572014808654785	0.3470921218395233
ENSMUSG00000025192	-0.0030654899310320616	0.12526974081993103	-0.0668012872338295	-0.008822663687169552	0.016341445967555046	0.20334285497665405
ENSMUSG00000027589	-0.001095141051337123	0.21244452893733978	-0.03038826771080494	0.15187186002731323	0.027260206639766693	0.23233528435230255
ENSMUSG00000116371	-0.007408646866679192	0.374237984418869	0.08195680379867554	0.2843666076660156	0.02113405428826809	0.3142938017845154
ENSMUSG00000046782	-0.003532643662765622	-0.08084388077259064	-0.13265657424926758	-0.17350216209888458	0.027778174728155136	-0.24188612401485443
ENSMUSG00000111503	0.0012162239290773869	-0.12279027700424194	-0.11682631820440292	-0.3059544265270233	0.004813095089048147	-0.26875734329223633
ENSMUSG00000046329	-0.01295861229300499	0.36447057127952576	0.029079223051667213	0.2547726333141327	0.015549847856163979	0.3100285530090332
ENSMUSG00000020961	0.004642374347895384	-0.08652147650718689	-0.03536844626069069	-0.1472366750240326	0.005615400616079569	-0.03468877449631691
ENSMUSG00000114027	0.01630568504333496	-0.07453455030918121	0.04842156916856766	-0.008566394448280334	0.028535833582282066	-0.1871197372674942
ENSMUSG00000087491	-0.06282311677932739	-1.0762951374053955	0.2065160572528839	-0.9183188676834106	-0.15367747843265533	-0.33692947030067444
ENSMUSG00000116767	-0.009428659453988075	-0.13818705081939697	-0.04092853143811226	-0.280063658952713	-0.06523016840219498	-0.26813754439353943
ENSMUSG00000054150	-0.002655985066667199	0.23169031739234924	-0.04933664947748184	0.12884096801280975	0.025430820882320404	0.24026641249656677
ENSMUSG00000091993	0.07871325314044952	0.29957911372184753	0.06332839280366898	0.3625274896621704	0.007318785879760981	0.14907069504261017
ENSMUSG00000112775	-0.007356553804129362	-0.12535645067691803	-0.12884123623371124	-0.21830329298973083	0.01720234379172325	-0.24395954608917236
ENSMUSG00000037608	-0.006164407357573509	0.5282458066940308	0.08364535123109818	0.7158029079437256	-0.003250076435506344	0.4145747721195221
ENSMUSG00000059256	0.007428132463246584	-0.1392778903245926	-0.14253388345241547	-0.1878666877746582	0.006937533151358366	-0.23385290801525116
ENSMUSG00000052917	-0.005540092010051012	0.2602933943271637	0.048761606216430664	0.1956670731306076	0.020632028579711914	0.2724188566207886
ENSMUSG00000004187	0.014481790363788605	0.3040063977241516	0.13553202152252197	0.1259848177433014	-0.047216638922691345	0.1850403994321823
ENSMUSG00000106129	-0.0358387716114521	-0.23479633033275604	-0.09597944468259811	-0.420743852853775	0.002056737197563052	-0.223507821559906
ENSMUSG00000099541	-0.06282311677932739	-1.0762951374053955	0.2065160572528839	-0.9183188676834106	-0.15367747843265533	-0.33692947030067444
ENSMUSG00000083193	0.034997664391994476	-0.15800559520721436	-0.00485038198530674	-0.0485871359705925	-0.025194140151143074	-0.13363036513328552
ENSMUSG00000105471	-0.004566006362438202	0.14895379543304443	0.014058084227144718	0.37831106781959534	0.01567460596561432	0.24574722349643707
ENSMUSG00000005779	-0.015112851746380329	0.3600659966468811	0.07047471404075623	0.3811529576778412	0.008491270244121552	0.30419492721557617
ENSMUSG00000101909	-0.4125446379184723	-0.11849277466535568	0.9124783873558044	-0.16313083469867706	-0.06168069690465927	-0.2873760163784027
ENSMUSG00000062186	0.008370817638933659	-0.11496604979038239	-0.13812768459320068	-0.2147502452135086	0.001130229327827692	-0.23596806824207306
ENSMUSG00000112481	0.005782043561339378	-0.09353246539831161	-0.11957044899463654	-0.10096342116594315	0.02129211463034153	-0.1400393396615982
ENSMUSG00000121737	0.011271386407315731	-0.11761689931154251	-0.08951402455568314	-0.10220160335302353	0.031888447701931	-0.0291327852755785
ENSMUSG00000080705	0.0016252760542556643	-0.12878043949604034	-0.11965164542198181	-0.3133874833583832	0.017540546134114265	-0.22776585817337036
ENSMUSG00000054822	0.04810105264186859	0.22264476120471954	0.1268758475780487	0.1841231733560562	-0.024214275181293488	0.14506107568740845
ENSMUSG00000025369	-0.010965365916490555	0.34135231375694275	0.06113526225090027	0.1652633100748062	0.00028972444124519825	0.30555102229118347
ENSMUSG00000032299	-0.0016012665582820773	0.2391350418329239	0.10230445861816406	0.4928923547267914	0.0034692417830228806	0.1999369114637375
ENSMUSG00000110468	0.0042970082722604275	-0.07528200000524521	0.0008669740054756403	0.019706903025507927	0.03448176383972168	-0.2156476527452469
ENSMUSG00000025952	0.002276480197906494	-0.13366112112998962	-0.008055126294493675	-0.2158491164445877	0.020822642371058464	0.007738828659057617
ENSMUSG00000033486	-0.012292194180190563	0.4593293368816376	0.022316602990031242	0.46120205521583557	0.01758984662592411	0.3979957699775696
ENSMUSG00000025574	-0.0024227267131209373	0.2588202953338623	0.1110866367816925	0.4228140115737915	-0.004312083125114441	0.2204795777797699
ENSMUSG00000047517	-0.008138581179082394	-0.09994042664766312	-0.14094756543636322	-0.08911707997322083	0.0065993499010801315	-0.272438108921051
ENSMUSG00000030344	-0.007167441304773092	-0.1337052881717682	-0.08902145177125931	-0.14707790315151215	0.022254200652241707	-0.2197556495666504
ENSMUSG00000011658	-0.0009169477270916104	0.3690403401851654	0.10781364142894745	0.20457640290260315	-0.018296778202056885	0.2655695676803589
ENSMUSG00000026860	0.012756360694766045	0.19253630936145782	-0.09260696172714233	0.05009010434150696	0.03203132003545761	0.22654694318771362
ENSMUSG00000038670	0.0008964340668171644	0.023996639996767044	-0.026402266696095467	0.11102574318647385	0.01660449244081974	0.06221409887075424
ENSMUSG00000086781	-0.0052088405936956406	-0.08739189803600311	-0.006703023798763752	-0.1341971457004547	0.028178179636597633	-0.27968958020210266
ENSMUSG00000040614	-0.01757977530360222	-0.19385074079036713	-0.10179287195205688	-0.10243207216262817	0.0416698083281517	-0.20710773766040802
ENSMUSG00000026650	0.027855807915329933	-0.046793900430202484	0.054086409509181976	-0.04588098078966141	0.018193917348980904	-0.1790085732936859
ENSMUSG00000006462	0.004380824044346809	-0.024433482438325882	-0.04044119268655777	0.3724253177642822	0.022059310227632523	0.08109131455421448
ENSMUSG00000024370	-0.010384488850831985	0.3720916509628296	0.0835721418261528	0.40396252274513245	0.012099016457796097	0.3059704303741455
ENSMUSG00000021613	0.01021913904696703	-0.06304892897605896	-0.10491733253002167	-0.24120604991912842	0.039208151400089264	0.07211750745773315
ENSMUSG00000101275	-0.029858674854040146	-0.1714625507593155	-0.10922989249229431	-0.3419830799102783	0.006169108673930168	-0.2194880098104477
ENSMUSG00000049580	-0.008837227709591389	0.3527323603630066	0.04759448394179344	0.4422507882118225	-0.009555716067552567	0.33418163657188416
ENSMUSG00000121619	-0.00591677613556385	-0.19136835634708405	-0.12257234752178192	-0.24816656112670898	0.009477099403738976	-0.25481459498405457
ENSMUSG00000085909	-0.013640311546623707	-0.15233351290225983	-0.13108554482460022	-0.20720575749874115	-0.00750291533768177	-0.22773940861225128
ENSMUSG00000058979	-0.006637827958911657	0.31152844429016113	0.03071785718202591	0.18399353325366974	0.016273368149995804	0.35768935084342957
ENSMUSG00000094985	0.012612501159310341	-0.005595132242888212	-0.11179252713918686	-0.1780685931444168	0.01913142018020153	-0.03841228410601616
ENSMUSG00000097476	0.005535302218049765	0.09123726934194565	0.07363541424274445	0.19543980062007904	-0.00396353006362915	0.15653328597545624
ENSMUSG00000044903	-0.02456805482506752	-0.18654999136924744	-0.1097780242562294	-0.22667422890663147	-0.013930724002420902	-0.2988768517971039
ENSMUSG00000054293	-0.030435912311077118	-0.256199449300766	-0.11585164815187454	-0.27738240361213684	0.0040342495776712894	-0.23327966034412384
ENSMUSG00000000204	-0.06282311677932739	-1.0762951374053955	0.2065160572528839	-0.9183188676834106	-0.15367747843265533	-0.33692947030067444
ENSMUSG00000107192	0.0003031803062185645	-0.10264544188976288	-0.10889877378940582	-0.009351705200970173	0.0327327735722065	-0.18980473279953003
ENSMUSG00000064121	-0.00010469522385392338	-0.1179746687412262	-0.05355065315961838	-0.14981114864349365	0.029456855729222298	-0.20642177760601044
ENSMUSG00000028635	0.001615331508219242	-0.09959186613559723	-0.12362149357795715	-0.07185127586126328	0.011872435919940472	0.0003404891467653215
ENSMUSG00000039662	-0.006455292925238609	0.4194968044757843	0.011232431046664715	0.18617664277553558	0.015616845339536667	0.30507218837738037
ENSMUSG00000001123	0.019374113529920578	-0.09292305260896683	-0.0012767858570441604	-0.1289147436618805	0.02667531557381153	-0.16339749097824097
ENSMUSG00000113440	-0.06282311677932739	-1.0762951374053955	0.2065160572528839	-0.9183188676834106	-0.15367747843265533	-0.33692947030067444
ENSMUSG00000120768	0.021717963740229607	-0.10680876672267914	-0.0024816542863845825	-0.15129943192005157	-0.00549403065815568	-0.19948460161685944
ENSMUSG00000050382	-0.00872254092246294	0.2726512849330902	0.07318510860204697	0.24711056053638458	-0.000913187803234905	0.23228569328784943
ENSMUSG00000057649	0.00010660450061550364	0.5123710036277771	-0.009742731228470802	0.5311105251312256	0.02551187016069889	0.40500012040138245
ENSMUSG00000016940	-0.011330224573612213	0.42565199732780457	0.05516834184527397	0.24801397323608398	-0.004226675257086754	0.3773881196975708
ENSMUSG00000021095	0.005553233437240124	-0.008249952457845211	0.02322160266339779	0.005808683577924967	-0.06758604943752289	0.09887003898620605
ENSMUSG00000049653	0.01462104544043541	-0.09535844624042511	-0.02999848872423172	-0.2878175973892212	0.040111713111400604	-0.1591939926147461
ENSMUSG00000054142	-0.011459889821708202	-0.10756754130125046	-0.1405286341905594	-0.019655318930745125	0.023365840315818787	-0.2058335542678833
ENSMUSG00000031325	0.012057588435709476	-0.17355939745903015	0.20915889739990234	0.03942279890179634	0.047504302114248276	-0.1480187326669693
ENSMUSG00000044164	0.014904014766216278	0.28100913763046265	-0.09057357162237167	0.3090789318084717	0.017373481765389442	0.2116144299507141
ENSMUSG00000047514	0.00018156929581891745	0.2925046682357788	0.06281368434429169	0.44587814807891846	-0.046421632170677185	0.3198114335536957
ENSMUSG00000074366	-0.06282311677932739	-1.0762951374053955	0.2065160572528839	-0.9183188676834106	-0.15367747843265533	-0.33692947030067444
ENSMUSG00000026701	0.024638958275318146	0.32342901825904846	0.10873523354530334	0.49931100010871887	-5.539581252378412e-06	0.26863422989845276
ENSMUSG00000040488	0.08679864555597305	0.11155935376882553	0.17874103784561157	0.17668622732162476	-0.0761505588889122	0.11279753595590591
ENSMUSG00000053161	0.0135224349796772	-0.08606434613466263	-0.12198550254106522	-0.05478411540389061	0.010054766200482845	-0.025392087176442146
ENSMUSG00000061361	-0.06282311677932739	-1.0762951374053955	0.2065160572528839	-0.9183188676834106	-0.15367747843265533	-0.33692947030067444
ENSMUSG00000018868	0.012638765387237072	-0.10523500293493271	-0.12706910073757172	-0.2665421962738037	0.02793651819229126	-0.10657031089067459
ENSMUSG00000050996	-0.032414693385362625	-0.21688373386859894	-0.09982694685459137	-0.35663700103759766	-0.007668961770832539	-0.21530544757843018
ENSMUSG00000107429	0.00715101370587945	0.1728011518716812	0.11727193742990494	0.4219907522201538	-0.005649778060615063	0.16434772312641144
ENSMUSG00000015806	-0.000528614385984838	0.3173102140426636	0.02872799150645733	0.4300140142440796	0.01604323834180832	0.3192131519317627
ENSMUSG00000027800	-0.006415816023945808	-0.1759161353111267	-0.1148318350315094	-0.31138432025909424	0.026026733219623566	-0.26162204146385193
ENSMUSG00000035615	0.003226663451641798	0.051509980112314224	-0.09730169922113419	-0.09174662828445435	0.031055347993969917	0.18420128524303436
ENSMUSG00000085556	-0.029296046122908592	-0.16047123074531555	-0.08276773244142532	-0.3287608027458191	-0.023813894018530846	-0.26478785276412964
ENSMUSG00000120210	-0.013984964229166508	0.34788447618484497	0.01854546368122101	0.30741727352142334	-0.007680664770305157	0.30859676003456116
ENSMUSG00000095056	0.014572100713849068	-0.05571852624416351	-0.08985713124275208	-0.1578039824962616	0.015057483687996864	-0.2507312595844269
ENSMUSG00000001901	0.0187993086874485	-0.0497380867600441	0.010637209750711918	-0.14441955089569092	-0.01836981624364853	-0.04201190173625946
ENSMUSG00000032939	-0.006867889780551195	0.4862203896045685	0.03692758455872536	0.49330857396125793	0.020727884024381638	0.33220791816711426
ENSMUSG00000120654	0.007344997953623533	-0.099024198949337	-0.08255352824926376	-0.181237131357193	0.04044060409069061	-0.2448614239692688
ENSMUSG00000102208	-0.06282311677932739	-1.0762951374053955	0.2065160572528839	-0.9183188676834106	-0.15367747843265533	-0.33692947030067444
ENSMUSG00000071234	0.0038416804745793343	0.13506056368350983	-0.09251819550991058	0.013692102394998074	0.02927328646183014	0.1096237301826477
ENSMUSG00000106570	-0.009400442242622375	-0.11953844875097275	-0.09711501002311707	-0.21548129618167877	0.03193794563412666	-0.19504620134830475
ENSMUSG00000102597	-0.005678276531398296	-0.15700897574424744	-0.12417598813772202	-0.2632461488246918	0.03198994696140289	-0.2273135781288147
ENSMUSG00000099561	0.0011281738989055157	-0.17554976046085358	-0.14452634751796722	-0.13317811489105225	0.015728604048490524	-0.18854598701000214
ENSMUSG00000098754	0.002018207451328635	0.17315560579299927	-0.00434635765850544	0.25611478090286255	0.0255269855260849	0.12347716093063354
ENSMUSG00000008348	0.01990804262459278	0.4303124248981476	0.15800340473651886	0.4896339178085327	0.0065224808640778065	0.2295037806034088
ENSMUSG00000039509	-0.0043472363613545895	0.5076116919517517	0.06133878603577614	0.4182150363922119	0.023365013301372528	0.3896515369415283
ENSMUSG00000023350	0.01445066835731268	-0.1160891056060791	-0.197477325797081	-0.10332579910755157	0.06144512817263603	-0.28778356313705444
ENSMUSG00000099537	-0.06282311677932739	-1.0762951374053955	0.2065160572528839	-0.9183188676834106	-0.15367747843265533	-0.33692947030067444
ENSMUSG00000041578	-0.06282311677932739	-1.0762951374053955	0.2065160572528839	-0.9183188676834106	-0.15367747843265533	-0.33692947030067444
ENSMUSG00000053783	0.0029474282637238503	-0.019513193517923355	-0.10546009987592697	0.027934161946177483	0.026971356943249702	0.06867536157369614
ENSMUSG00000030057	0.021227004006505013	0.5335835814476013	0.1413465440273285	0.6798919439315796	0.019931379705667496	0.35898348689079285
ENSMUSG00000102918	0.018076715990900993	0.09635050594806671	0.1362297236919403	0.11846988648176193	-0.0393642894923687	0.16096444427967072
ENSMUSG00000086139	-0.001214844174683094	-0.09580367803573608	-0.1328064650297165	-0.12552276253700256	-0.005979518406093121	-0.15073524415493011
ENSMUSG00000089911	-0.003655739827081561	0.41186344623565674	0.11432944983243942	0.4595947265625	-0.007476302795112133	0.30056941509246826
ENSMUSG00000104407	-0.06282311677932739	-1.0762951374053955	0.2065160572528839	-0.9183188676834106	-0.15367747843265533	-0.33692947030067444
ENSMUSG00000104898	0.00010763078898889944	-0.11273369193077087	-0.11318261921405792	-0.21650095283985138	0.019720466807484627	-0.2217753827571869
ENSMUSG00000121538	-0.06282311677932739	-1.0762951374053955	0.2065160572528839	-0.9183188676834106	-0.15367747843265533	-0.33692947030067444
ENSMUSG00000035112	-0.0046511753462255	0.1413324773311615	0.04359740391373634	0.2360619753599167	-0.007689829915761948	0.19033735990524292
ENSMUSG00000035407	-0.005005304701626301	0.14793884754180908	0.0680399015545845	0.21997322142124176	-0.0008555735694244504	0.23359334468841553
ENSMUSG00000110384	0.013574890792369843	-0.15917249023914337	-0.14578841626644135	-0.1717936098575592	0.0172585416585207	-0.24436277151107788
ENSMUSG00000021598	0.003159563522785902	0.28753483295440674	-0.061085835099220276	-0.052719440311193466	0.014547884464263916	0.2756569981575012
ENSMUSG00000033538	-0.0027467042673379183	-0.13851940631866455	-0.10775384306907654	-0.34349989891052246	0.0004192703345324844	-0.23790808022022247
ENSMUSG00000002748	-0.010887609794735909	0.48623016476631165	0.047763530164957047	0.5979279279708862	0.00978640466928482	0.4051152467727661
ENSMUSG00000031885	-0.015262015163898468	0.45539408922195435	0.005944876000285149	0.3246003985404968	0.015724418684840202	0.3521419167518616
ENSMUSG00000024340	-0.004299104679375887	-0.10336685925722122	-0.12703774869441986	-0.1944180130958557	0.019171517342329025	-0.27704790234565735
ENSMUSG00000046731	0.015149162150919437	0.2994858920574188	0.09883645921945572	0.022066302597522736	-0.040393613278865814	0.18692034482955933
ENSMUSG00000112734	0.0020866405684500933	-0.132693812251091	-0.11999335885047913	-0.1636391133069992	0.026398610323667526	-0.23947472870349884
ENSMUSG00000054006	-0.0025586308911442757	-0.11961343139410019	-0.13444623351097107	-0.09167249500751495	0.028941120952367783	-0.2227608561515808
ENSMUSG00000061210	-0.0003539978351909667	-0.10967046022415161	-0.10300711542367935	-0.17909173667430878	0.014623896218836308	-0.34975311160087585
ENSMUSG00000074737	0.013849569484591484	0.06738464534282684	0.1107863038778305	0.27955207228660583	-0.05975322797894478	0.15061259269714355
ENSMUSG00000042675	-0.016549376770853996	0.2827683389186859	0.03652343899011612	0.1717054545879364	0.00996287539601326	0.2006458044052124
ENSMUSG00000058656	0.01889495551586151	0.11653083562850952	-0.1112847700715065	0.07891031354665756	0.025251848623156548	0.2585865557193756
ENSMUSG00000086068	-0.0008811972220428288	-0.1921265572309494	-0.13694055378437042	-0.22569088637828827	0.018136383965611458	-0.20670613646507263
ENSMUSG00000068957	-0.01625433750450611	0.3141489028930664	0.06707736849784851	0.5397422909736633	0.011884398758411407	0.2749369740486145
ENSMUSG00000121386	-0.06282311677932739	-1.0762951374053955	0.2065160572528839	-0.9183188676834106	-0.15367747843265533	-0.33692947030067444
ENSMUSG00000036196	0.008090646006166935	0.12420368939638138	-0.013110127300024033	0.3904355764389038	0.0190417617559433	0.18089187145233154
ENSMUSG00000090714	-0.017713624984025955	-0.09736500680446625	-0.1077045127749443	-0.3118072748184204	0.0033933171071112156	-0.253038227558136
ENSMUSG00000026483	0.004783815238624811	0.15419083833694458	-0.04884467273950577	0.2646270990371704	0.02537132240831852	0.16990479826927185
ENSMUSG00000047115	0.0020950434263795614	0.15309734642505646	-0.011335283517837524	0.4683082699775696	0.013649534434080124	0.18564769625663757
ENSMUSG00000105615	-0.015007990412414074	-0.19581125676631927	-0.09862460196018219	-0.28848856687545776	-0.0013703686418011785	-0.2731524109840393
ENSMUSG00000121893	-0.06282311677932739	-1.0762951374053955	0.2065160572528839	-0.9183188676834106	-0.15367747843265533	-0.33692947030067444
ENSMUSG00000109469	-0.10535161942243576	-0.3437918424606323	-0.036188870668411255	-0.44107192754745483	-0.04777003824710846	-0.27934423089027405
ENSMUSG00000062046	-0.02253270149230957	-0.16321170330047607	-0.11686210334300995	-0.2056168019771576	-0.015613657422363758	-0.23627641797065735
ENSMUSG00000086379	0.011222456581890583	-0.14793778955936432	-0.09318933635950089	-0.27606481313705444	0.03745391219854355	-0.27583515644073486
ENSMUSG00000086495	-0.007327605038881302	0.426725298166275	0.1135888323187828	0.33791881799697876	-0.007467970252037048	0.3075453042984009
ENSMUSG00000024220	-0.007185871712863445	0.4104669988155365	0.011251243762671947	0.2731293737888336	0.01920846849679947	0.31792452931404114
ENSMUSG00000052915	-0.011263268068432808	0.4500267803668976	0.035085879266262054	0.4493962526321411	-0.0011849072761833668	0.40139180421829224
ENSMUSG00000090213	-0.004602573346346617	0.22899428009986877	-0.03774457052350044	0.009492572396993637	0.014374494552612305	0.2574287950992584
ENSMUSG00000121725	-0.0086985994130373	0.3640335500240326	0.08438730984926224	0.4934224784374237	0.0014486100990325212	0.3509442210197449
ENSMUSG00000087258	0.011226663365960121	-0.10196122527122498	-0.09249435365200043	-0.22133179008960724	0.03215692192316055	-0.23164020478725433
ENSMUSG00000020918	-0.005835108924657106	0.4301621913909912	0.028312239795923233	0.4535364508628845	0.01722298562526703	0.28978151082992554
ENSMUSG00000024972	0.013097744435071945	-0.06508269906044006	-0.10926465690135956	0.2585061192512512	0.023094678297638893	0.06061789393424988
ENSMUSG00000113126	0.027286918833851814	-0.06335053592920303	-0.011888444423675537	-0.2155439406633377	0.016318418085575104	-0.24299196898937225
ENSMUSG00000054280	-0.005113776307553053	0.27093085646629333	0.027322860434651375	0.35417020320892334	0.018377047032117844	0.3095923066139221
ENSMUSG00000055917	0.0010275631211698055	0.4294315278530121	-0.046738602221012115	0.378404438495636	0.025883255526423454	0.3981444835662842
ENSMUSG00000087061	0.0009680453804321587	-0.12492316961288452	-0.11906880140304565	-0.2642666697502136	0.011460735462605953	-0.27683475613594055
ENSMUSG00000035007	-0.0036816152278333902	0.3719432055950165	0.030339641496539116	0.22653084993362427	0.02156817726790905	0.3461287319660187
ENSMUSG00000046562	-0.00868234597146511	0.2862519323825836	0.07408811897039413	0.23023898899555206	0.0021126423962414265	0.25785207748413086
ENSMUSG00000105777	-0.0012261432129889727	-0.12414496392011642	-0.12731219828128815	-0.16735418140888214	0.0370197668671608	-0.2590503990650177
ENSMUSG00000023977	-0.006345639005303383	0.39533305168151855	0.01523739192634821	0.3456610441207886	0.02113213762640953	0.3483983278274536
ENSMUSG00000110322	-0.00827109906822443	-0.2064983993768692	-0.12293041497468948	-0.2667129933834076	0.012672658078372478	-0.2267511487007141
ENSMUSG00000028678	-0.010675707831978798	0.29048821330070496	0.08430369198322296	0.4102788269519806	0.007890474982559681	0.31800925731658936
ENSMUSG00000031174	0.043541889637708664	0.182596817612648	-0.10138437151908875	0.2698809802532196	0.031167691573500633	0.2246623933315277
ENSMUSG00000107560	0.03097720816731453	-0.09458385407924652	0.05452500656247139	-0.04124808683991432	0.011145341210067272	-0.1086265966296196
ENSMUSG00000029022	-0.0021194759756326675	0.1706119179725647	0.016451727598905563	0.17266428470611572	0.02362232655286789	0.134505033493042
ENSMUSG00000021569	-0.005797628778964281	0.5188902020454407	0.05138470605015755	0.5252828598022461	0.020611070096492767	0.3952160179615021
ENSMUSG00000027843	0.009464938193559647	-0.11496632546186447	-0.11895652860403061	-0.11349344998598099	0.029225192964076996	-0.1559448540210724
ENSMUSG00000109931	0.01706208474934101	-0.06843270361423492	-0.11481822282075882	0.03422538563609123	0.012493753805756569	-0.1823788583278656
ENSMUSG00000116324	-0.02964223548769951	-0.22669778764247894	-0.087999127805233	-0.3462393283843994	0.01832389086484909	-0.26467427611351013
ENSMUSG00000025163	0.002434294205158949	-0.14501313865184784	-0.13556045293807983	-0.13385134935379028	0.03793218359351158	-0.12956690788269043
ENSMUSG00000107068	0.01535066869109869	0.32751789689064026	0.10384079813957214	0.42272767424583435	-0.022361833602190018	0.2859603464603424
ENSMUSG00000046999	-0.011463148519396782	0.2062412053346634	-0.07503072917461395	-0.09497228264808655	-0.01964164711534977	0.21278828382492065
ENSMUSG00000023027	0.008780214935541153	0.5395546555519104	0.10230220854282379	0.6780087351799011	0.022255368530750275	0.35933712124824524
ENSMUSG00000110250	-0.0008191496599465609	-0.07672185450792313	-0.175068661570549	0.05786766856908798	0.01578567549586296	-0.24486808478832245
ENSMUSG00000100182	-0.00014709230163134634	-0.1109064519405365	-0.10868865996599197	-0.23423494398593903	0.007728984579443932	-0.30713579058647156
ENSMUSG00000023151	-0.000682300713378936	-0.14062967896461487	-0.13028371334075928	-0.18834878504276276	0.0388023816049099	-0.19433169066905975
ENSMUSG00000038037	-0.0026135325897485018	0.39733201265335083	0.030638359487056732	0.3781670331954956	-0.03074513003230095	0.3551477789878845
ENSMUSG00000090174	0.00014818548515904695	0.06637158989906311	-0.08907172828912735	-0.15816594660282135	0.0012781711993739009	-0.058182984590530396
ENSMUSG00000106598	-0.004059359431266785	-0.1342032551765442	-0.12688764929771423	-0.2454286515712738	-0.0014935885556042194	-0.25173649191856384
ENSMUSG00000049230	-0.022108258679509163	-0.507832944393158	-0.09863634407520294	-0.9314148426055908	0.07403072714805603	-0.06885150074958801
ENSMUSG00000051257	-0.0026828551199287176	0.2666536569595337	0.053135231137275696	0.5773928761482239	-0.030283143743872643	0.26272818446159363
ENSMUSG00000040699	0.016351476311683655	0.2521163821220398	0.12926353514194489	0.25267815589904785	-0.05292809382081032	0.2128991335630417
ENSMUSG00000106869	0.007078269030898809	-0.11118721216917038	-0.004247184842824936	-0.09054413437843323	0.039131805300712585	-0.062193457037210464
ENSMUSG00000086259	0.00809212401509285	-0.11535333842039108	-0.06458114832639694	0.021761376410722733	0.023749904707074165	-0.1295827180147171
ENSMUSG00000112197	0.010520471259951591	-0.15043678879737854	-0.08984324336051941	-0.3294947147369385	0.023297209292650223	-0.26315146684646606
ENSMUSG00000103810	-0.03727876394987106	-0.20582668483257294	-0.08481782674789429	-0.43570953607559204	0.017817428335547447	-0.2861333191394806
ENSMUSG00000073781	0.008594785816967487	-0.1622362583875656	-0.0975709930062294	-0.22010047733783722	0.029819943010807037	-0.22759242355823517
ENSMUSG00000096516	-0.006058878265321255	-0.11411373317241669	-0.12974171340465546	-0.2030222862958908	0.013990295119583607	-0.26084423065185547
ENSMUSG00000102343	0.0033414324279874563	-0.06543073803186417	-0.12209828197956085	-0.1270526945590973	0.03118317574262619	-0.19932937622070312
ENSMUSG00000114833	0.015399472787976265	-0.13419422507286072	-0.10393250733613968	-0.17365482449531555	0.018397316336631775	-0.019683625549077988
ENSMUSG00000078771	-0.009284516796469688	-0.08009956032037735	-0.10919483006000519	-0.11972835659980774	0.010477188043296337	-0.284156858921051
ENSMUSG00000056216	-0.00930071622133255	0.3652733564376831	0.09610408544540405	0.3470461666584015	-0.001079763751477003	0.3023717999458313
ENSMUSG00000113363	0.025881066918373108	-0.1541266292333603	0.1322573870420456	-0.19446146488189697	-0.035206425935029984	-0.19242046773433685
ENSMUSG00000075159	-0.004918724298477173	-0.1134088784456253	-0.12341271340847015	-0.17964603006839752	-0.008996841497719288	-0.21562084555625916
ENSMUSG00000074591	0.01042067538946867	-0.14951662719249725	-0.06541618704795837	-0.2762683033943176	0.012771588750183582	-0.1852044314146042
ENSMUSG00000105715	-0.004431173671036959	-0.15984317660331726	-0.11691983044147491	-0.2570800483226776	0.0034751626662909985	-0.31742388010025024
ENSMUSG00000035186	0.027960143983364105	-0.10669935494661331	-0.12343494594097137	-0.24038837850093842	-0.003323868615552783	-0.23156888782978058
ENSMUSG00000092619	-0.06282311677932739	-1.0762951374053955	0.2065160572528839	-0.9183188676834106	-0.15367747843265533	-0.33692947030067444
ENSMUSG00000072717	-0.037692032754421234	-0.23136261105537415	-0.1315385401248932	-0.16679754853248596	0.015758544206619263	-0.2574107348918915
ENSMUSG00000084781	0.0227339006960392	-0.081662118434906	0.09759171307086945	-0.009300311096012592	-0.016217757016420364	-0.15194834768772125
ENSMUSG00000049536	0.017883146181702614	0.0734463557600975	-0.10401048511266708	0.046677686274051666	0.018061215057969093	0.1788848489522934
ENSMUSG00000063929	-0.0026075257919728756	-0.13228139281272888	-0.12381057441234589	-0.2011657953262329	0.012867923825979233	-0.2592996656894684
ENSMUSG00000067338	0.0006791925989091396	-0.05920105054974556	-0.09187605232000351	-0.05141866207122803	0.03549162298440933	-0.14695224165916443
ENSMUSG00000097563	-0.020281368866562843	-0.23310703039169312	-0.12536868453025818	-0.2664807140827179	0.021885937079787254	-0.21261297166347504
ENSMUSG00000026024	0.0012835826491937041	0.41366684436798096	-0.010200511664152145	0.42290958762168884	0.024150926619768143	0.36494338512420654
ENSMUSG00000068856	-0.000942970160394907	0.451144814491272	0.08433303236961365	0.5333432555198669	-0.0030632049310952425	0.35319972038269043
ENSMUSG00000025324	0.01673136092722416	0.19085855782032013	-0.1022828221321106	0.22907261550426483	0.02056363970041275	0.2660154402256012
ENSMUSG00000034801	0.004853244870901108	0.13976958394050598	-0.07824740558862686	-0.11935070902109146	0.03586207702755928	0.263359397649765
ENSMUSG00000023903	-0.008207656443119049	0.14111052453517914	-0.04861811175942421	0.10594412684440613	0.0031310536433011293	0.20271869003772736
ENSMUSG00000084162	-0.021539587527513504	-0.17140832543373108	-0.11746499687433243	-0.267823189496994	-0.018099891021847725	-0.32294848561286926
ENSMUSG00000103435	0.00759052112698555	-0.03312540426850319	-0.035744842141866684	-0.050138503313064575	0.014035043306648731	-0.23465482890605927
ENSMUSG00000054905	-0.0065389638766646385	-0.12770545482635498	-0.13091760873794556	-0.2130991369485855	-0.004024897702038288	-0.24707874655723572
ENSMUSG00000020807	-0.004115547984838486	0.4026728868484497	-0.04421893507242203	0.31092381477355957	0.024764230474829674	0.4225652813911438
ENSMUSG00000070856	-0.0015307157300412655	-0.09901384264230728	-0.12165624648332596	-0.1323968917131424	0.011443061754107475	-0.20802021026611328
ENSMUSG00000036693	-0.010007432661950588	0.4651545584201813	0.10518919676542282	0.4558173716068268	0.009573379531502724	0.37514743208885193
ENSMUSG00000048200	0.021893296390771866	0.04594003036618233	0.09244301915168762	0.16574019193649292	-0.04256690666079521	0.052828919142484665
ENSMUSG00000089947	0.0047907475382089615	-0.12873558700084686	-0.13874687254428864	-0.18283209204673767	0.02436332404613495	-0.1494777351617813
ENSMUSG00000090110	0.011992523446679115	0.2476022094488144	0.07653310149908066	0.46822860836982727	0.017975835129618645	0.30813562870025635
ENSMUSG00000104524	0.008512560278177261	-0.030595161020755768	-0.03182971850037575	-0.03765272721648216	-0.00292377732694149	-0.14438064396381378
ENSMUSG00000055865	0.004897273611277342	-0.03497237339615822	-0.05790923163294792	-0.08707733452320099	0.024992547929286957	0.011183429509401321
ENSMUSG00000054666	-0.004283384885638952	-0.0874720960855484	-0.12674778699874878	-0.0975579097867012	0.002091274131089449	-0.2555171847343445
ENSMUSG00000069823	-0.007310402579605579	-0.15052245557308197	-0.15540426969528198	-0.14777882397174835	-0.015836112201213837	-0.23535162210464478
ENSMUSG00000028403	0.006958909798413515	0.25150004029273987	-0.05117928981781006	0.2809603214263916	0.027169957756996155	0.24648389220237732
ENSMUSG00000034560	0.00707109272480011	0.3837629556655884	0.003841171972453594	0.5653683543205261	0.019986888393759727	0.35391348600387573
ENSMUSG00000090519	-0.020650219172239304	-0.19851051270961761	-0.11863619834184647	-0.26774048805236816	0.014615766704082489	-0.2576920986175537
ENSMUSG00000069554	-0.006655964069068432	0.46155375242233276	0.1049286425113678	0.5283890962600708	0.0033542567398399115	0.3428112864494324
ENSMUSG00000095325	-0.004657983314245939	0.23637594282627106	0.12613557279109955	0.26208868622779846	0.006898060441017151	0.23875705897808075
ENSMUSG00000097847	0.0040008253417909145	0.05111343786120415	0.03329896926879883	0.23734243214130402	0.005187134258449078	0.08275594562292099
ENSMUSG00000108912	0.007473133970052004	-0.11417783796787262	-0.05852283164858818	-0.14503735303878784	0.024761909618973732	-0.19565191864967346
ENSMUSG00000072663	0.014267160557210445	-0.006063450127840042	-0.11258549988269806	-0.16808243095874786	0.022939041256904602	-0.08036240935325623
ENSMUSG00000074899	0.005940685980021954	-0.1183171197772026	-0.02396496944129467	0.003857998875901103	0.01427570078521967	-0.11222424358129501
ENSMUSG00000053453	-0.0038693665992468596	0.1430531144142151	0.04450974985957146	0.21335750818252563	-0.014699979685246944	0.16252648830413818
ENSMUSG00000045584	-0.011459838598966599	-0.11107588559389114	-0.13136188685894012	-0.19650566577911377	-0.017150890082120895	-0.3077290654182434
ENSMUSG00000114853	-0.0025171213783323765	-0.14224086701869965	-0.11533182859420776	-0.14391650259494781	0.028327057138085365	-0.2398216277360916
ENSMUSG00000037341	0.026423729956150055	-0.17024773359298706	-0.09793028235435486	-0.0979071781039238	0.006888495292514563	0.1507338136434555
ENSMUSG00000097397	0.0031202593818306923	0.37175777554512024	0.07385552674531937	0.40133383870124817	0.004876481834799051	0.2219613790512085
ENSMUSG00000114821	-0.005988163407891989	-0.13213886320590973	-0.13506492972373962	-0.18831853568553925	0.005725075490772724	-0.24105383455753326
ENSMUSG00000087360	-0.03837672621011734	-0.23127169907093048	-0.09754111617803574	-0.3322749733924866	-0.00242516677826643	-0.2665417790412903
ENSMUSG00000026209	-0.009489835239946842	0.3953586518764496	-0.030594639480113983	0.23071444034576416	-0.0059134080074727535	0.2571321725845337
ENSMUSG00000107087	0.0054453518241643906	-0.18217569589614868	-0.12595373392105103	-0.17947860062122345	0.03519462049007416	-0.1470494419336319
ENSMUSG00000117310	0.007314541842788458	0.5044028759002686	0.12124942988157272	0.6326026320457458	-0.004869313910603523	0.37317848205566406
ENSMUSG00000036022	0.006080648396164179	0.16932839155197144	0.07150322198867798	0.4987231492996216	0.01644180901348591	0.21894562244415283
ENSMUSG00000121288	-0.06282311677932739	-1.0762951374053955	0.2065160572528839	-0.9183188676834106	-0.15367747843265533	-0.33692947030067444
ENSMUSG00000020349	-0.005051764193922281	0.4707053005695343	0.0767289474606514	0.4488554298877716	-0.011128987185657024	0.31891369819641113
ENSMUSG00000107742	-0.012444703839719296	0.4692927300930023	0.02863386645913124	0.20015183091163635	0.022421574220061302	0.32607173919677734
ENSMUSG00000038773	-0.010016735643148422	0.4425428509712219	0.0733618289232254	0.3744477927684784	-0.0015270976582542062	0.3312186002731323
ENSMUSG00000106149	0.004462496843189001	-0.1723325103521347	-0.08196097612380981	-0.2306639701128006	0.043597616255283356	-0.06343121081590652
ENSMUSG00000117767	-0.025671973824501038	-0.13782964646816254	-0.11370430886745453	-0.22611980140209198	-0.005187835544347763	-0.27337881922721863
ENSMUSG00000081523	-0.041258588433265686	-0.2343190759420395	-0.10658644884824753	-0.3077203631401062	-0.0178037341684103	-0.2764207720756531
ENSMUSG00000054580	0.011755350045859814	-0.0417308434844017	-0.09951493889093399	-0.018149936571717262	0.025928420946002007	0.021992383524775505
ENSMUSG00000074997	0.03849833458662033	-0.10236230492591858	0.02822774089872837	-0.1130407527089119	0.002208216115832329	-0.24184545874595642
ENSMUSG00000033186	-0.0008518733666278422	0.3556880056858063	0.11052285879850388	0.41076916456222534	-0.008256148546934128	0.35133275389671326
ENSMUSG00000061742	-0.06282311677932739	-1.0762951374053955	0.2065160572528839	-0.9183188676834106	-0.15367747843265533	-0.33692947030067444
ENSMUSG00000030149	-0.013080554082989693	-0.10037913173437119	-0.09880737215280533	-0.18518535792827606	0.011501448228955269	-0.2252197116613388
ENSMUSG00000074281	-0.0041495393961668015	0.2533055543899536	-0.004906004294753075	0.4384530186653137	0.01741524413228035	0.35689595341682434
ENSMUSG00000110417	0.010153453797101974	-0.10053464770317078	-0.056229278445243835	-0.19065986573696136	0.04168389365077019	-0.22288183867931366
ENSMUSG00000035547	-0.00563817797228694	0.23942990601062775	-0.02853252924978733	0.19022418558597565	0.009074805304408073	0.23890915513038635
ENSMUSG00000118225	-0.01982293091714382	-0.1416214406490326	-0.11978034675121307	-0.2431868016719818	0.006747297011315823	-0.180855393409729
ENSMUSG00000069184	-0.14413894712924957	-0.7877870798110962	-0.0428687185049057	-1.1361716985702515	0.004634092561900616	-0.25113824009895325
ENSMUSG00000114595	-0.05918366089463234	-0.1953919529914856	-0.06661269068717957	-0.2968820631504059	-0.032023146748542786	-0.29387426376342773
ENSMUSG00000084785	-0.06263495236635208	-0.767933189868927	-0.06742418557405472	-1.2156057357788086	0.044809915125370026	-0.2699601352214813
ENSMUSG00000031725	-0.010674607940018177	-0.1823563128709793	-0.1203637421131134	-0.15828070044517517	0.013122950680553913	-0.2641761600971222
ENSMUSG00000106703	0.0020324792712926865	-0.13629011809825897	-0.13500458002090454	-0.18289239704608917	0.01707533560693264	-0.13350850343704224
ENSMUSG00000043881	-0.008149499073624611	0.2943567931652069	0.0837608054280281	0.33770865201950073	0.01457874197512865	0.18101948499679565
ENSMUSG00000030747	0.005799824371933937	0.3053723871707916	-0.08146312832832336	0.23901362717151642	0.02952113188803196	0.27151715755462646
ENSMUSG00000096932	0.009277275763452053	0.29704877734184265	-0.10495077073574066	0.15236130356788635	0.028547702357172966	0.27886226773262024
ENSMUSG00000091936	-0.012231859378516674	-0.16107068955898285	-0.1149495393037796	-0.2552841305732727	0.0031901574693620205	-0.2568148374557495
ENSMUSG00000034764	0.007636821363121271	-0.1088590994477272	-0.09312042593955994	-0.2389916479587555	0.03652922436594963	-0.06626296788454056
ENSMUSG00000004070	-0.005431165918707848	0.24966874718666077	0.0028701170813292265	0.19609279930591583	0.011331750079989433	0.25987955927848816
ENSMUSG00000001802	-0.004560280591249466	0.089244544506073	-0.08714288473129272	-0.05267005041241646	0.004197390284389257	0.16254466772079468
ENSMUSG00000021660	0.0035070411395281553	0.49514496326446533	0.10966262221336365	0.5223655104637146	-0.0018469378119334579	0.3941802978515625
ENSMUSG00000020392	-0.00859722588211298	0.39535340666770935	0.10770680755376816	0.286945641040802	-0.0009299041121266782	0.2506101131439209
ENSMUSG00000066750	0.001007527345791459	-0.13738518953323364	-0.13690653443336487	-0.19181013107299805	0.02902449108660221	-0.21185731887817383
ENSMUSG00000085418	-0.001771607086993754	-0.09952341765165329	-0.10884059220552444	-0.17989535629749298	0.036330126225948334	-0.15258488059043884
ENSMUSG00000107023	0.021743033081293106	-0.05717400088906288	0.1192622259259224	0.30718204379081726	0.03348986804485321	-0.1349899172782898
ENSMUSG00000021196	-0.0073363296687603	0.2659684121608734	0.08997364342212677	0.3980563282966614	-0.007470209151506424	0.34819984436035156
ENSMUSG00000002105	-0.010398111306130886	0.3996899724006653	0.061964165419340134	0.3763035535812378	0.0013324420433491468	0.28813326358795166
ENSMUSG00000031508	-0.005865082144737244	0.508048415184021	0.09548603743314743	0.6155562996864319	-0.006094792857766151	0.38044291734695435
ENSMUSG00000074282	0.009147178381681442	0.327327162027359	-0.10295163840055466	0.3220277428627014	0.022923246026039124	0.24926355481147766
ENSMUSG00000030699	0.007689348421990871	0.008991225622594357	0.16911260783672333	0.0939040556550026	-0.0016759267309680581	0.033558059483766556
ENSMUSG00000019471	-0.009101253002882004	0.47577133774757385	0.07240110635757446	0.22632338106632233	-0.0037569645792245865	0.3194568157196045
ENSMUSG00000048540	0.023547513410449028	-0.0686337873339653	-0.033296216279268265	-0.02421494573354721	-0.04110468924045563	-0.17486250400543213
ENSMUSG00000032320	-0.06282311677932739	-1.0762951374053955	0.2065160572528839	-0.9183188676834106	-0.15367747843265533	-0.33692947030067444
ENSMUSG00000048521	-0.007518840953707695	-0.14696797728538513	-0.12954676151275635	-0.10365474969148636	0.02739991992712021	-0.23228856921195984
ENSMUSG00000082167	-0.06282311677932739	-1.0762951374053955	0.2065160572528839	-0.9183188676834106	-0.15367747843265533	-0.33692947030067444
ENSMUSG00000085303	-0.007600339129567146	0.2051408886909485	-0.03051920235157013	0.22935418784618378	0.009387105703353882	0.25236207246780396
ENSMUSG00000033618	3.6337340134195983e-05	0.1832970827817917	-0.021295489743351936	0.27474331855773926	0.023264434188604355	0.25715646147727966
ENSMUSG00000002343	-0.00981274712830782	0.48807916045188904	0.058179598301649094	0.47802478075027466	0.006677581463009119	0.3773965537548065
ENSMUSG00000113450	-0.003021066775545478	0.20822963118553162	0.023530157282948494	0.24923819303512573	0.022433409467339516	0.27404460310935974
ENSMUSG00000108189	-0.02168952487409115	-0.09210863709449768	-0.05404500663280487	-0.127193883061409	-0.01174171082675457	-0.2254256010055542
ENSMUSG00000112027	-0.03443369269371033	-0.22905303537845612	-0.1152011901140213	-0.2793188691139221	-0.025231746956706047	-0.27421045303344727
ENSMUSG00000079434	-0.006690614856779575	-0.14611190557479858	-0.12251290678977966	-0.2627815902233124	0.029920544475317	-0.17604203522205353
ENSMUSG00000038759	-0.01360592246055603	0.45235389471054077	0.051360730081796646	0.4920419454574585	0.015304909087717533	0.2911710739135742
ENSMUSG00000060090	0.01720031350851059	0.0009315029019489884	0.010558655485510826	0.35263583064079285	0.021616125479340553	0.19581656157970428
ENSMUSG00000047031	-0.008308401331305504	-0.11171934753656387	-0.1111975684762001	-0.25042498111724854	-0.0069760470651090145	-0.32241877913475037
ENSMUSG00000063730	-0.0027980238664895296	-0.1795342117547989	-0.12641756236553192	-0.2696164846420288	0.018478920683264732	-0.21139943599700928
ENSMUSG00000031758	-0.0076985047198832035	0.2653106451034546	0.08978703618049622	0.35291534662246704	-0.0002640602469909936	0.3070336580276489
ENSMUSG00000102189	0.04931836202740669	0.24226783215999603	0.10883424431085587	0.5716389417648315	0.007216573227196932	0.154379740357399
ENSMUSG00000120498	0.015010862611234188	0.20343278348445892	-0.10563129186630249	0.08943139016628265	0.018290819600224495	0.24692440032958984
ENSMUSG00000103677	0.018922854214906693	0.1056598350405693	0.08406348526477814	-0.017936687916517258	-0.02809392474591732	0.015111349523067474
ENSMUSG00000099814	-0.06282311677932739	-1.0762951374053955	0.2065160572528839	-0.9183188676834106	-0.15367747843265533	-0.33692947030067444
ENSMUSG00000027655	-0.005898150149732828	0.4359108805656433	0.021286897361278534	0.46080246567726135	0.019165687263011932	0.3517001271247864
ENSMUSG00000117358	0.012543529272079468	0.5858266949653625	0.1008664146065712	0.6773338317871094	0.022934269160032272	0.3420724868774414
ENSMUSG00000102312	0.001701845321804285	-0.06978949159383774	-0.10813693702220917	-0.06787844002246857	0.020016739144921303	-0.0256352499127388
ENSMUSG00000095929	0.019993336871266365	-0.09216006100177765	-0.08330462127923965	-0.16604240238666534	0.014244730584323406	-0.33905571699142456
ENSMUSG00000092415	0.005574560724198818	-0.031073568388819695	-0.13064587116241455	-0.20034654438495636	0.03512584790587425	-0.16990049183368683
ENSMUSG00000098004	0.00288016046397388	-0.7524330615997314	-0.058604344725608826	-1.3280946016311646	0.015776751562952995	-0.24121415615081787
ENSMUSG00000085702	-0.00010330330405849963	-0.08163950592279434	-0.08751088380813599	-0.23755817115306854	9.550477989250794e-05	0.02113226242363453
ENSMUSG00000020361	-0.006438541226089001	0.563327431678772	0.11203605681657791	0.7180609703063965	0.008221793919801712	0.3782280385494232
ENSMUSG00000100520	-0.06282311677932739	-1.0762951374053955	0.2065160572528839	-0.9183188676834106	-0.15367747843265533	-0.33692947030067444
ENSMUSG00000004897	0.02423744648694992	0.45896393060684204	0.1248437911272049	0.6457394957542419	0.0011009819572791457	0.34649279713630676
ENSMUSG00000112629	0.017855029553174973	-0.15437492728233337	0.07182422280311584	-0.15047644078731537	0.046507760882377625	-0.14670738577842712
ENSMUSG00000085429	0.004377029370516539	-0.1278504878282547	-0.07389430701732635	-0.19125984609127045	0.04196741059422493	-0.21075686812400818
ENSMUSG00000085181	0.018731702119112015	-0.15336880087852478	-0.08716973662376404	-0.39428257942199707	0.036874111741781235	-0.23862172663211823
ENSMUSG00000034518	0.006725525949150324	0.45026135444641113	0.13571162521839142	0.4876008629798889	-0.006058319006115198	0.3039446175098419
ENSMUSG00000031958	0.08117740601301193	-0.05930466949939728	0.15398909151554108	0.2785000503063202	-0.08612313866615295	-0.06501319259405136
ENSMUSG00000104064	-0.051654402166604996	-0.19435766339302063	-0.08690865337848663	-0.23741348087787628	-0.01858535222709179	-0.28087952733039856
ENSMUSG00000070336	-0.00844989437609911	0.43648800253868103	0.013816345483064651	0.5678822994232178	0.011560175567865372	0.37791407108306885
ENSMUSG00000018554	-0.012118938378989697	0.31737011671066284	0.06860960274934769	0.3269790709018707	0.005740546155720949	0.25083908438682556
ENSMUSG00000004462	-0.005500616505742073	0.42008331418037415	-0.018602218478918076	0.30589917302131653	0.020880376920104027	0.3804566562175751
ENSMUSG00000101521	-0.06282311677932739	-1.0762951374053955	0.2065160572528839	-0.9183188676834106	-0.15367747843265533	-0.33692947030067444
ENSMUSG00000087521	0.006085272878408432	-0.12619362771511078	-0.12412718683481216	-0.09908268600702286	0.03611164912581444	-0.04974309355020523
ENSMUSG00000047298	0.0018106128554791212	-0.2023940235376358	-0.0956929475069046	-0.3771127462387085	0.04538654908537865	-0.036920126527547836
ENSMUSG00000021379	-0.0043263924308121204	0.23563113808631897	0.05840437486767769	0.389627605676651	-0.013352167792618275	0.2698586583137512
ENSMUSG00000048697	-0.012410521507263184	-0.1723487824201584	-0.09619710594415665	-0.09543562680482864	0.02474726364016533	-0.1927362084388733
ENSMUSG00000110485	-0.007731778547167778	-0.12782710790634155	-0.10153510421514511	-0.14314253628253937	0.03890351578593254	-0.14057320356369019
ENSMUSG00000074733	0.0012938884319737554	0.13308338820934296	0.07604727149009705	0.21173441410064697	0.021838556975126266	0.25191590189933777
ENSMUSG00000030706	-0.01220616977661848	0.43532809615135193	0.08022475242614746	0.38679221272468567	0.003283207304775715	0.3709091246128082
ENSMUSG00000021096	-0.010437479242682457	0.5171565413475037	0.06100053712725639	0.7013519406318665	0.002712715184316039	0.4012784957885742
ENSMUSG00000087192	0.014523172751069069	0.10594157874584198	-0.04534393176436424	0.21597889065742493	0.026435930281877518	0.1361059993505478
ENSMUSG00000046240	0.0145184937864542	-0.10968197882175446	0.11944495141506195	-0.0014903969131410122	-0.0257350392639637	-0.04405176639556885
ENSMUSG00000024566	0.006383934989571571	0.45116084814071655	-0.06692849844694138	0.316531240940094	0.03126043826341629	0.3194987177848816
ENSMUSG00000049687	0.002625743392854929	0.03289097175002098	0.03172636404633522	0.07452377676963806	-0.012736106291413307	0.10747016221284866
ENSMUSG00000038535	-0.012013920582830906	0.37182021141052246	0.06932122260332108	0.45578184723854065	0.012377569451928139	0.2706194519996643
ENSMUSG00000117641	-0.029957542195916176	-0.21936362981796265	-0.07522346824407578	-0.2926998734474182	-0.016370637342333794	-0.2400665432214737
ENSMUSG00000050549	0.01289908867329359	0.12706299126148224	-0.07235351949930191	0.07475598901510239	0.023387229070067406	0.1665620356798172
ENSMUSG00000025151	-0.006971684750169516	0.2803768217563629	0.08717868477106094	0.2761078178882599	-0.022244293242692947	0.24244672060012817
ENSMUSG00000095187	0.0035876070614904165	-0.13077346980571747	-0.12579113245010376	-0.20775862038135529	0.01224916335195303	-0.23438262939453125
ENSMUSG00000023984	-0.0125120272859931	0.4321383535861969	0.03715573623776436	0.3552892208099365	-0.0007162427064031363	0.3924870193004608
ENSMUSG00000121861	0.0005434224149212241	0.2800261378288269	0.08870281279087067	0.5523049831390381	0.011940657161176205	0.16933704912662506
ENSMUSG00000009731	0.0009022480226121843	0.02481561340391636	-0.001822353806346655	0.2140635997056961	0.004433407448232174	0.18602600693702698
ENSMUSG00000081723	-0.006327906623482704	-0.14604613184928894	-0.11138395965099335	-0.2815994322299957	0.02479071542620659	-0.22609730064868927
ENSMUSG00000116542	-0.0228970218449831	-0.5004541873931885	-0.07538504153490067	-0.7335144877433777	0.03871775045990944	-0.2100011259317398
ENSMUSG00000115272	-0.005027117673307657	-0.12499575316905975	-0.11926545202732086	-0.26777952909469604	0.03498758375644684	-0.218589186668396
ENSMUSG00000103425	-0.06282311677932739	-1.0762951374053955	0.2065160572528839	-0.9183188676834106	-0.15367747843265533	-0.33692947030067444
ENSMUSG00000079363	0.014074724167585373	-0.010329903103411198	-0.04888325557112694	0.3663833737373352	-0.00207078387029469	-0.053441520780324936
ENSMUSG00000106447	-0.015520322136580944	0.3752232491970062	-0.012570985592901707	0.23348231613636017	0.015579733066260815	0.3091089427471161
ENSMUSG00000073956	0.004956567194312811	-0.12891097366809845	-0.1291254311800003	-0.1892770528793335	0.00961126759648323	-0.25644272565841675
ENSMUSG00000094237	-0.018230874091386795	-0.1388595998287201	-0.11041712015867233	-0.25711676478385925	-0.0071067507378757	-0.30020570755004883
ENSMUSG00000089664	0.01643211394548416	-0.06348609924316406	0.004445223603397608	0.026497235521674156	0.028022456914186478	-0.03069544956088066
ENSMUSG00000100399	-0.06282311677932739	-1.0762951374053955	0.2065160572528839	-0.9183188676834106	-0.15367747843265533	-0.33692947030067444
ENSMUSG00000025892	0.014318794012069702	0.0029398147016763687	-0.10725737363100052	-0.13320980966091156	0.03444284945726395	0.21549709141254425
ENSMUSG00000113587	-0.017187271267175674	-0.23796430230140686	-0.10186058282852173	-0.3228236734867096	0.024981729686260223	-0.2167406529188156
ENSMUSG00000022195	-0.01353185623884201	0.40904659032821655	0.062112268060445786	0.4588984549045563	0.010566609911620617	0.4016742408275604
ENSMUSG00000109508	0.004035135731101036	-0.14349138736724854	-0.12755732238292694	-0.09214486181735992	0.029371056705713272	-0.2037552446126938
ENSMUSG00000061046	0.00015907289343886077	0.12020965665578842	0.0026492050383239985	0.18686813116073608	0.025283819064497948	0.14923083782196045
ENSMUSG00000121000	0.007945057936012745	0.05208158120512962	0.04606758430600166	0.30713820457458496	0.028262246400117874	-0.031164975836873055
ENSMUSG00000104927	-0.01145342830568552	-0.1850365698337555	-0.12797197699546814	-0.23598293960094452	0.015711786225438118	-0.18079139292240143
ENSMUSG00000053574	-0.01300949789583683	0.3922636806964874	0.010144691914319992	0.2680411636829376	0.01518811471760273	0.30378562211990356
ENSMUSG00000062604	0.013188072480261326	-0.0303790420293808	-0.07733534276485443	-0.08239869028329849	0.03742862865328789	-0.12066145986318588
ENSMUSG00000050608	-0.008810637518763542	0.44236791133880615	0.06419974565505981	0.27282968163490295	0.005815274082124233	0.2652306854724884
ENSMUSG00000046139	-0.002784478710964322	0.4111908972263336	0.021955685690045357	0.6409175395965576	0.012605242431163788	0.38872745633125305
ENSMUSG00000036356	0.008864608593285084	-0.03020337037742138	-0.0436318963766098	0.028759879991412163	0.03294001892209053	0.18552693724632263
ENSMUSG00000078552	0.04098924249410629	-0.09190909564495087	0.15740899741649628	-0.03353262320160866	-0.013426209799945354	-0.09020531922578812
ENSMUSG00000115074	-0.010124596767127514	0.48615968227386475	0.12227150052785873	0.3955018222332001	0.006292520556598902	0.3765096664428711
ENSMUSG00000112287	-0.017740953713655472	-0.12028861790895462	-0.07758452743291855	-0.07932483404874802	0.009372339583933353	-0.1765832155942917
ENSMUSG00000020707	-0.006622568238526583	0.22579780220985413	0.03446509316563606	0.3424340784549713	0.017664212733507156	0.27923375368118286
ENSMUSG00000021038	-0.006350237876176834	0.42915552854537964	-0.024111643433570862	0.43585240840911865	0.0202260073274374	0.3894836902618408
ENSMUSG00000073073	-0.010132397525012493	0.36910194158554077	0.04346497356891632	0.4028756022453308	-0.001970429439097643	0.3429805636405945
ENSMUSG00000090693	0.018767215311527252	-0.0535050630569458	0.009190664626657963	-0.16332383453845978	0.02702612616121769	-0.2180582880973816
ENSMUSG00000120414	0.001994792837649584	0.15016692876815796	0.11176606267690659	0.32490023970603943	0.01638484187424183	0.19457580149173737
ENSMUSG00000029248	0.004458552226424217	0.05352437496185303	-0.0748097375035286	-0.09560935944318771	0.03493719547986984	0.09469486027956009
ENSMUSG00000022559	-0.013606266118586063	0.4687313735485077	0.009174867533147335	0.27400892972946167	0.00018585506768431515	0.36473986506462097
ENSMUSG00000022020	-0.008201232179999352	0.38024723529815674	0.04053650423884392	0.3216945230960846	0.019345831125974655	0.31610825657844543
ENSMUSG00000042605	-0.012938872911036015	0.40783828496932983	0.026962291449308395	0.44962215423583984	0.009318322874605656	0.34979602694511414
ENSMUSG00000116802	-0.010771146044135094	0.26630374789237976	0.043868523091077805	0.31118983030319214	0.010849892161786556	0.29764437675476074
ENSMUSG00000101880	0.006430666893720627	-0.0668250098824501	-0.004431955981999636	0.15909063816070557	0.039452120661735535	-0.1616920828819275
ENSMUSG00000025417	-0.008910693228244781	0.43791359663009644	0.09365808218717575	0.4399532079696655	0.011357137002050877	0.33510980010032654
ENSMUSG00000109193	0.006349516101181507	-0.02341730333864689	-0.02734263613820076	0.32292163372039795	0.02507217973470688	0.05649521201848984
ENSMUSG00000004630	0.02974461391568184	-0.14340636134147644	0.2139945924282074	-0.04024631157517433	0.049987588077783585	-0.1340377926826477
ENSMUSG00000106824	0.005582144949585199	-0.13308827579021454	-0.10595951974391937	-0.18334093689918518	0.01968475431203842	-0.24390119314193726
ENSMUSG00000121480	0.008484665304422379	0.06919392198324203	0.17687995731830597	0.1500735878944397	0.021523090079426765	-0.05805162340402603
ENSMUSG00000081807	-0.036985281854867935	-0.25136619806289673	-0.08605135232210159	-0.26693403720855713	-0.007580396719276905	-0.300911545753479
ENSMUSG00000085793	-0.005978018045425415	0.40010836720466614	0.06811963021755219	0.4801153540611267	0.014527034014463425	0.3864823877811432
ENSMUSG00000067771	-0.08308374136686325	-0.26133379340171814	0.12504300475120544	0.4475405514240265	0.023136533796787262	-0.08980777859687805
ENSMUSG00000050777	-0.006139382254332304	0.14518578350543976	-0.03314468264579773	0.39361572265625	0.007592594251036644	0.24181106686592102
ENSMUSG00000103738	0.009483708068728447	-0.07067945599555969	-0.10385585576295853	-0.23586124181747437	0.014801710844039917	-0.2901434004306793
ENSMUSG00000027650	0.004371988121420145	0.48360541462898254	-0.01595238596200943	0.4839229881763458	0.027238233014941216	0.4131217896938324
ENSMUSG00000090304	-0.009249775670468807	-0.1486954689025879	-0.11296956241130829	-0.3025780916213989	0.00854212325066328	-0.27420729398727417
ENSMUSG00000029570	0.009694830514490604	0.19411665201187134	0.09194047749042511	0.2110222429037094	-0.03425024822354317	0.24683214724063873
ENSMUSG00000085580	-0.006034120451658964	-0.1406659483909607	-0.11415617913007736	-0.28702136874198914	-0.006614159792661667	-0.25335606932640076
ENSMUSG00000032425	-0.009650999680161476	0.3431697189807892	-0.008118823170661926	0.1438801884651184	0.020699359476566315	0.3038555681705475
ENSMUSG00000029516	-0.00944617297500372	0.2738712728023529	0.0007941827061586082	0.17585882544517517	0.003845245810225606	0.3501243591308594
ENSMUSG00000099360	0.010717559605836868	-0.23271526396274567	0.035431038588285446	-0.3201449513435364	-0.008808213286101818	-0.12541742622852325
ENSMUSG00000097346	0.012424325570464134	-0.11912550032138824	-0.045056406408548355	-0.09805840253829956	0.0331118144094944	-0.18686778843402863
ENSMUSG00000041439	0.01280120573937893	0.12434108555316925	-0.09230712056159973	0.08527206629514694	0.026411309838294983	0.2326226383447647
ENSMUSG00000081670	0.030285300686955452	-0.04907522350549698	0.1455216109752655	0.09716711938381195	0.038417600095272064	-0.14216352999210358
ENSMUSG00000004270	-0.009523939341306686	0.4094468355178833	0.07664962112903595	0.31327006220817566	0.008628398180007935	0.3757556974887848
ENSMUSG00000042895	0.005965149495750666	-0.1404898315668106	0.004527628887444735	-0.22459307312965393	0.02748410776257515	-0.06271650642156601
ENSMUSG00000113088	-0.021992862224578857	-0.16091202199459076	-0.12067434936761856	-0.24427513778209686	0.0012223697267472744	-0.2801893949508667
ENSMUSG00000022283	0.005724748596549034	0.5279712080955505	0.11435645818710327	0.7224799990653992	-0.0022024689242243767	0.3877819776535034
ENSMUSG00000040086	-0.011107263155281544	-0.23343032598495483	-0.12612245976924896	-0.26568251848220825	0.02066672593355179	-0.24411121010780334
ENSMUSG00000039084	0.005384745541960001	0.05328777804970741	-0.09267329424619675	-0.10967972874641418	0.03278520703315735	0.11697555333375931
ENSMUSG00000121853	0.0056513333693146706	0.32577595114707947	-0.03536062315106392	0.2961093783378601	0.020093664526939392	0.2955581545829773
ENSMUSG00000121314	-0.06282311677932739	-1.0762951374053955	0.2065160572528839	-0.9183188676834106	-0.15367747843265533	-0.33692947030067444
ENSMUSG00000110568	-0.03999219089746475	-0.1655077487230301	-0.0894157886505127	-0.20198184251785278	0.007711459416896105	-0.264065682888031
ENSMUSG00000034467	0.007779591716825962	-0.07638035714626312	-0.04258615896105766	0.07969019562005997	0.033405400812625885	-0.05385804548859596
ENSMUSG00000121841	0.0008839255315251648	-0.15593914687633514	-0.10408072173595428	-0.1173071637749672	0.035778529942035675	-0.1811009794473648
ENSMUSG00000108040	0.005515975411981344	-0.1527283936738968	-0.12063169479370117	-0.29264169931411743	0.03516105189919472	-0.1833103746175766
ENSMUSG00000003135	-0.0006052964017726481	0.41351768374443054	0.09805916994810104	0.2259448766708374	-0.023881684988737106	0.19434426724910736
ENSMUSG00000025950	-0.009226181544363499	0.4303445518016815	0.07574652135372162	0.545133650302887	0.002057567471638322	0.3667558431625366
ENSMUSG00000112202	-0.01647968776524067	-0.16057996451854706	-0.1311780959367752	-0.20378847420215607	0.004649766720831394	-0.24955114722251892
ENSMUSG00000068105	0.011124488897621632	-0.06492646038532257	-0.028335120528936386	-0.1812143176794052	0.00695753050968051	0.029145043343305588
ENSMUSG00000025887	-0.003863113233819604	-0.14571505784988403	-0.11851619929075241	-0.31416359543800354	0.033726297318935394	-0.2017504721879959
ENSMUSG00000026078	0.04369823634624481	-0.0872611403465271	-0.02833099663257599	-0.2208651751279831	-0.0374898761510849	-0.17312711477279663
ENSMUSG00000042436	0.007823823019862175	-0.016935426741838455	0.022086238488554955	0.016031373292207718	0.03252851963043213	-0.003555363044142723
ENSMUSG00000027016	0.011206107214093208	0.10592324286699295	-0.09772710502147675	0.014739110134541988	0.032359529286623	0.12491889297962189
ENSMUSG00000110268	0.013686098158359528	-0.11914721131324768	-0.10282698273658752	-0.3283659815788269	0.014899812638759613	-0.28416016697883606
ENSMUSG00000115222	-0.007398857269436121	0.5076835751533508	0.02133939228951931	0.2409038096666336	-0.01588582992553711	0.34754693508148193
ENSMUSG00000105125	-0.011968463659286499	-0.16899394989013672	-0.15499824285507202	-0.04393620043992996	-0.00570991775020957	-0.23469528555870056
ENSMUSG00000025774	0.0037056419532746077	-0.09947524964809418	-0.12528887391090393	-0.2467092126607895	0.008599518798291683	-0.2663525342941284
ENSMUSG00000026878	-0.0053236521780490875	0.20782063901424408	0.011977787129580975	-0.18550381064414978	-0.014360824599862099	0.1699906885623932
ENSMUSG00000066510	-0.013183963485062122	-0.14972493052482605	-0.12510180473327637	-0.1992415189743042	0.039823681116104126	-0.17720945179462433
ENSMUSG00000078591	0.029277756810188293	-0.0065454463474452496	-0.09782109409570694	-0.10040555894374847	0.02698543854057789	0.2632869482040405
ENSMUSG00000097516	0.01758866012096405	0.1057385504245758	-0.10034138709306717	0.13278675079345703	0.02582533285021782	0.21650353074073792
ENSMUSG00000120140	-0.00206309137865901	-0.09793461114168167	-0.13017192482948303	-0.18594273924827576	0.02582830935716629	-0.17844323813915253
ENSMUSG00000121711	-0.0035674171522259712	-0.1292371302843094	-0.12785279750823975	-0.2218582183122635	0.013092133216559887	-0.22448697686195374
ENSMUSG00000102319	0.03212037682533264	-0.0823277086019516	-0.035042859613895416	-0.24102798104286194	0.03250556439161301	-0.273246705532074
ENSMUSG00000059991	-0.012517672963440418	0.3504725694656372	-0.025199193507432938	0.26799359917640686	-0.006427168846130371	0.28955110907554626
ENSMUSG00000121359	-0.15158338844776154	-0.5020385384559631	-0.09262692183256149	-0.532529890537262	-0.0046264310367405415	-0.26932650804519653
ENSMUSG00000082297	-0.052456941455602646	-0.28831616044044495	-0.10874490439891815	-0.31443750858306885	0.015847347676753998	-0.2214297503232956
ENSMUSG00000067942	0.0017714871792122722	0.32825949788093567	-0.02880284935235977	0.25962069630622864	0.027764542028307915	0.3420824706554413
ENSMUSG00000121872	0.004259821027517319	-0.06771884113550186	-0.09643702208995819	-0.14473523199558258	0.03958665952086449	-0.1976480931043625
ENSMUSG00000033762	-0.005860805045813322	0.41889822483062744	0.034600965678691864	0.3488825261592865	0.016967738047242165	0.3656843602657318
ENSMUSG00000044224	-0.010592328384518623	0.3133195638656616	0.04189605638384819	0.5939126014709473	0.011747995391488075	0.32340511679649353
ENSMUSG00000037526	0.03155075013637543	-0.007408160716295242	0.13626688718795776	0.348001629114151	-0.012348120100796223	-0.10141956061124802
ENSMUSG00000087053	0.018225975334644318	-0.10804364085197449	0.10841918736696243	0.12857665121555328	0.006383717525750399	-0.1694243997335434
ENSMUSG00000045575	-0.004346546716988087	-0.11147985607385635	-0.1306775063276291	-0.15212619304656982	0.003978194203227758	-0.2912309765815735
ENSMUSG00000000282	0.0267485361546278	0.5501052141189575	0.11505644768476486	0.6980078220367432	0.04567934200167656	0.3631179928779602
ENSMUSG00000081667	0.004377959296107292	-0.20533956587314606	-0.1326073706150055	-0.26883721351623535	0.017723895609378815	-0.20257879793643951
ENSMUSG00000095030	0.007031014189124107	-0.2137487232685089	-0.12243963032960892	-0.32387447357177734	0.019237395375967026	-0.23669567704200745
ENSMUSG00000097107	0.034962885081768036	-0.03628170117735863	0.121783047914505	0.5362908244132996	0.005333444569259882	-0.1010764092206955
ENSMUSG00000107411	0.011646339669823647	0.007366698235273361	-0.0887443944811821	0.048087429255247116	0.02564786933362484	0.061360910534858704
ENSMUSG00000018666	0.010254781693220139	0.48315921425819397	0.13718174397945404	0.5406952500343323	-0.007219875231385231	0.3196868300437927
ENSMUSG00000116537	-0.02973611280322075	-0.20774775743484497	-0.10282236337661743	-0.2638077437877655	0.0017373034497722983	-0.2075786143541336
ENSMUSG00000038015	-0.010605457238852978	-0.12092337012290955	-0.12877431511878967	-0.1411188542842865	0.015230114571750164	-0.17037057876586914
ENSMUSG00000117926	-0.012254700995981693	-0.18649187684059143	-0.13170532882213593	-0.21938106417655945	0.01615653559565544	-0.16136938333511353
ENSMUSG00000112168	-0.0035471036098897457	-0.15705107152462006	-0.12474966049194336	-0.208180233836174	0.024118764325976372	-0.212483212351799
ENSMUSG00000097792	0.013023159466683865	0.05611320585012436	-0.011579440906643867	0.2804478108882904	0.013300172984600067	0.1741628497838974
ENSMUSG00000109708	0.007709725294262171	-0.0523543581366539	-0.04091549292206764	-0.09868023544549942	0.018514350056648254	-0.2753332257270813
ENSMUSG00000045083	0.024437028914690018	-0.003958328161388636	-0.10138428956270218	-0.10127047449350357	0.02933046780526638	0.22622062265872955
ENSMUSG00000023832	-0.06282311677932739	-1.0762951374053955	0.2065160572528839	-0.9183188676834106	-0.15367747843265533	-0.33692947030067444
ENSMUSG00000000555	-0.0006116142030805349	-0.7212409377098083	-0.0473468191921711	-1.3560656309127808	0.03763818368315697	-0.2610970735549927
ENSMUSG00000021090	0.001145052257925272	0.29535481333732605	-0.05115737393498421	0.3269250988960266	0.024211550131440163	0.2656952142715454
ENSMUSG00000121405	-0.06282311677932739	-1.0762951374053955	0.2065160572528839	-0.9183188676834106	-0.15367747843265533	-0.33692947030067444
ENSMUSG00000032567	-0.0015212352154776454	0.2980734705924988	0.08705578744411469	0.4544981122016907	0.015175840817391872	0.25909534096717834
ENSMUSG00000053720	-0.06282311677932739	-1.0762951374053955	0.2065160572528839	-0.9183188676834106	-0.15367747843265533	-0.33692947030067444
ENSMUSG00000024817	-0.008585149422287941	0.4574567377567291	0.03969806805253029	0.5775450468063354	0.011260122060775757	0.38031378388404846
ENSMUSG00000094915	0.02687486819922924	-0.016161995008587837	-0.040857814252376556	-0.13172274827957153	0.020951205864548683	-0.2078358680009842
ENSMUSG00000085949	0.05217861756682396	-0.0531764030456543	0.17886582016944885	0.09324842691421509	-0.05899114906787872	-0.06625964492559433
ENSMUSG00000073557	0.0055831559002399445	0.3194745182991028	-0.07868649810552597	0.14717800915241241	0.029139066115021706	0.2896273136138916
ENSMUSG00000120995	-0.010877127759158611	0.2434239238500595	0.04358724504709244	0.25648245215415955	0.01044377963989973	0.34901317954063416
ENSMUSG00000086111	0.003287762636318803	-0.18908634781837463	-0.12149479985237122	-0.2342814803123474	0.027255557477474213	-0.1364552229642868
ENSMUSG00000038482	-0.008940153755247593	0.3764825761318207	0.06881583482027054	0.5514689087867737	0.011694843880832195	0.2842397391796112
ENSMUSG00000091718	-0.017240572720766068	-0.15962927043437958	-0.10871841758489609	-0.2269035130739212	-0.003914258908480406	-0.25942325592041016
ENSMUSG00000041809	0.012180030345916748	0.1335136741399765	-0.10092303156852722	0.06825107336044312	0.030507927760481834	0.17456798255443573
ENSMUSG00000097401	0.013952795416116714	-0.10337553173303604	-0.13381125032901764	-0.11257681250572205	0.024961937218904495	-0.035717498511075974
ENSMUSG00000036298	0.022729236632585526	0.23088425397872925	-0.11013518273830414	0.07179397344589233	0.022854799404740334	0.2664719521999359
ENSMUSG00000120728	-0.008887283504009247	0.2882745862007141	0.05168170481920242	0.6624767184257507	0.02177327685058117	0.29266148805618286
ENSMUSG00000078494	0.004372247029095888	0.06007983535528183	0.04352862760424614	0.36718106269836426	0.020736606791615486	0.04205714166164398
ENSMUSG00000028289	0.007113107014447451	0.1958642601966858	-0.11274745315313339	0.07680194079875946	0.028852565214037895	0.2574194669723511
ENSMUSG00000121371	-0.0238092802464962	-0.16913583874702454	-0.08399485796689987	-0.102348193526268	0.01252896897494793	-0.21841710805892944
ENSMUSG00000005980	0.00493123522028327	-0.08465501666069031	-0.03088456578552723	0.000713343033567071	0.03929276764392853	-0.18955715000629425
ENSMUSG00000099865	-0.06282311677932739	-1.0762951374053955	0.2065160572528839	-0.9183188676834106	-0.15367747843265533	-0.33692947030067444
ENSMUSG00000074345	0.020631494000554085	0.06362443417310715	-0.10225833207368851	0.008896062150597572	0.023694319650530815	0.2258221060037613
ENSMUSG00000021806	-0.013636796735227108	0.35180673003196716	0.040684670209884644	0.5860188603401184	0.012637569569051266	0.3753897547721863
ENSMUSG00000110388	6.668615969829261e-05	-0.09434542059898376	-0.055001258850097656	-0.05335286259651184	0.037969183176755905	-0.18952204287052155
ENSMUSG00000117093	-0.009675231762230396	-0.1152881309390068	-0.12011940777301788	-0.2840149402618408	-0.002548120217397809	-0.23763753473758698
ENSMUSG00000050668	0.007858562283217907	0.31384092569351196	-0.039203573018312454	0.01653428003191948	0.03687344864010811	0.33197590708732605
ENSMUSG00000055546	-0.0008346536778844893	-0.12302963435649872	-0.1302080899477005	-0.22408878803253174	0.011470201425254345	-0.2554854154586792
ENSMUSG00000034460	-0.0009562736959196627	0.285455584526062	0.05600672587752342	0.3290371000766754	-0.022130321711301804	0.2754422128200531
ENSMUSG00000085421	0.011375009082257748	-0.08725639432668686	-0.10980716347694397	-0.15689823031425476	0.03731632977724075	-0.10344506055116653
ENSMUSG00000099435	-0.010670346207916737	-0.18424151837825775	-0.12997302412986755	-0.23062635958194733	0.028790857642889023	-0.20322798192501068
ENSMUSG00000048126	-0.003117258194833994	-0.17887209355831146	-0.11366506665945053	-0.3132750988006592	0.03303449973464012	-0.1262771189212799
ENSMUSG00000086875	-0.06271068751811981	-0.2309134155511856	-0.04227462783455849	-0.28768637776374817	-0.04057902470231056	-0.2957609295845032
ENSMUSG00000022453	0.006261999718844891	0.17149534821510315	0.054907068610191345	0.29125624895095825	0.026379533112049103	0.19611261785030365
ENSMUSG00000116626	0.005046469159424305	-0.13992303609848022	-0.028519537299871445	-0.12873491644859314	0.04298630356788635	-0.138807475566864
ENSMUSG00000062497	-0.03563559427857399	-0.19083474576473236	-0.1254429817199707	-0.21408617496490479	-0.005538587458431721	-0.25046008825302124
ENSMUSG00000021678	0.0014718574238941073	0.2352280467748642	0.08288585394620895	0.554843544960022	-0.005393577739596367	0.31219375133514404
ENSMUSG00000043424	0.006928201299160719	-0.1291559338569641	-0.09354376792907715	-0.34283432364463806	0.04212908819317818	-0.09737951308488846
ENSMUSG00000026012	0.013243763707578182	-0.09010045230388641	-0.11329644918441772	-0.20578725636005402	0.03379959240555763	-0.2079676389694214
ENSMUSG00000090364	-0.004608477465808392	-0.10514058917760849	-0.13152626156806946	-0.1344108283519745	0.01056552305817604	-0.2260212004184723
ENSMUSG00000027517	0.015161391347646713	0.06221166253089905	-0.09915396571159363	0.04950279742479324	0.030127909034490585	0.16335126757621765
ENSMUSG00000085504	-0.0009558490128256381	-0.05469530075788498	-0.14767508208751678	-0.02836550958454609	0.001918914495036006	-0.2756847143173218
ENSMUSG00000034401	0.010784650221467018	0.19173011183738708	-0.0661325454711914	0.2732686698436737	0.02107195183634758	0.28192463517189026
ENSMUSG00000087332	0.02889993041753769	-0.06463918089866638	0.09891697764396667	0.5010809302330017	-0.022392433136701584	-0.09233540296554565
ENSMUSG00000108952	0.015507500618696213	-0.11265301704406738	-0.1135113313794136	-0.11108200997114182	0.01875552348792553	-0.27077779173851013
ENSMUSG00000035493	0.005688079632818699	-0.0987703874707222	-0.09880620241165161	-0.013687733560800552	0.029190273955464363	0.04872921481728554
ENSMUSG00000092356	0.003879027906805277	0.3645804226398468	0.1241975873708725	0.44947588443756104	-0.005957029294222593	0.2785446047782898
ENSMUSG00000097229	-0.000775087857618928	0.38266658782958984	0.002272485289722681	0.1946897953748703	0.019242102280259132	0.2890271246433258
ENSMUSG00000003199	-0.01088169775903225	0.418253093957901	0.05779043212532997	0.4009696841239929	0.00029997152159921825	0.3366430699825287
ENSMUSG00000021268	-0.005379436071962118	0.19432216882705688	0.06211011856794357	0.5087311863899231	0.00941595807671547	0.2378954440355301
ENSMUSG00000021539	-0.012314069084823132	-0.13245196640491486	-0.1367618590593338	-0.161231130361557	0.0093604801222682	-0.25372788310050964
ENSMUSG00000116645	0.0003719626984093338	-0.12667377293109894	0.039327532052993774	0.01606324128806591	0.042244020849466324	-0.1864754557609558
ENSMUSG00000079460	-0.05354496091604233	-0.2887452244758606	-0.07503096014261246	-0.23646210134029388	-0.015060230158269405	-0.2560569941997528
ENSMUSG00000103587	-0.03443260118365288	-0.1258009672164917	-0.12418441474437714	-0.19777372479438782	-0.030698904767632484	-0.34715980291366577
ENSMUSG00000022840	0.011925717815756798	0.1720733642578125	-0.10219866037368774	-0.044763654470443726	0.03517930582165718	0.2490827739238739
ENSMUSG00000047085	0.006619289517402649	-0.13470278680324554	-0.06554898619651794	-0.16046085953712463	-0.0020034920889884233	-0.027309872210025787
ENSMUSG00000067150	-0.005170339718461037	0.4397161602973938	0.024450793862342834	0.41813573241233826	0.01961914263665676	0.425088495016098
ENSMUSG00000061816	0.012118415907025337	-0.12184949219226837	-0.09731322526931763	-0.18891695141792297	0.03498555347323418	-0.11193032562732697
ENSMUSG00000109320	-0.0003889044455718249	-0.14302697777748108	-0.1388135403394699	-0.1434984803199768	0.011731867678463459	-0.2584078013896942
ENSMUSG00000109829	-0.009384199045598507	0.29307132959365845	0.10118532180786133	0.25502023100852966	0.00032979610841721296	0.2598792314529419
ENSMUSG00000112943	0.024458516389131546	-0.08241724222898483	-0.004144532606005669	-0.0930529311299324	0.03130050003528595	-0.13415759801864624
ENSMUSG00000030744	0.03444201871752739	0.4736495316028595	0.15518637001514435	0.5694599151611328	-0.010177677497267723	0.31527215242385864
ENSMUSG00000025885	0.026433806866407394	0.09186192601919174	-0.10343684256076813	-0.03433442488312721	0.03307601064443588	0.22853274643421173
ENSMUSG00000067231	-0.015423847362399101	-0.13787484169006348	-0.12195966392755508	-0.19956998527050018	0.001089201308786869	-0.3229219913482666
ENSMUSG00000111422	-0.0005423445836640894	-0.11291055381298065	-0.13803036510944366	-0.12092004716396332	0.00963326171040535	-0.2755128741264343
ENSMUSG00000026646	0.004478731192648411	-0.6647654175758362	0.006566548720002174	-1.717494249343872	0.007949776947498322	-0.28981858491897583
ENSMUSG00000096099	0.008085749112069607	-0.12341917306184769	-0.10571274161338806	-0.34709253907203674	0.034086111932992935	-0.23184345662593842
ENSMUSG00000093570	0.01309976540505886	-0.047513198107481	-0.09709169715642929	0.006488459650427103	0.017688453197479248	-0.202448770403862
ENSMUSG00000051185	0.009291463531553745	0.32705268263816833	-0.07014140486717224	0.2286408245563507	0.023242780938744545	0.2781756520271301
ENSMUSG00000117132	-0.010583673603832722	-0.15953804552555084	-0.12686039507389069	-0.21004316210746765	0.008205355145037174	-0.27250948548316956
ENSMUSG00000079272	-0.06282311677932739	-1.0762951374053955	0.2065160572528839	-0.9183188676834106	-0.15367747843265533	-0.33692947030067444
ENSMUSG00000031561	0.001958106644451618	-0.15222619473934174	-0.09072909504175186	-0.3011459708213806	0.041978463530540466	-0.22471047937870026
ENSMUSG00000061769	-0.011432013474404812	-0.12772232294082642	-0.13400079309940338	-0.09970821440219879	-0.0028077743481844664	-0.2676343023777008
ENSMUSG00000025403	0.013452797196805477	0.16514916718006134	0.12136319279670715	0.41520369052886963	-0.04084142670035362	0.17455318570137024
ENSMUSG00000097075	0.012322098016738892	0.5056494474411011	-0.03628404438495636	0.2753877341747284	0.02249806374311447	0.34890568256378174
ENSMUSG00000121225	0.01296743843704462	0.2456303834915161	-0.009937104769051075	0.13810205459594727	0.033635929226875305	0.3314461410045624
ENSMUSG00000115264	0.0023964832071214914	-0.09462055563926697	-0.11522427201271057	-0.14920710027217865	0.00816303864121437	-0.2876514792442322
ENSMUSG00000060166	0.0037399171851575375	0.194511279463768	-0.016323130577802658	0.30078625679016113	0.02387143112719059	0.2796170115470886
ENSMUSG00000015942	-0.008052350021898746	0.47524234652519226	0.010853405110538006	0.7019132375717163	0.013509047217667103	0.35597607493400574
ENSMUSG00000030545	0.008190475404262543	0.23350650072097778	-0.06472593545913696	0.06033597141504288	0.03431524708867073	0.2595886290073395
ENSMUSG00000020823	-0.013591432943940163	0.35404467582702637	0.01593305543065071	0.40342414379119873	0.0038781259208917618	0.35567742586135864
ENSMUSG00000059689	-0.003233356401324272	0.27813488245010376	0.06496325135231018	0.26928818225860596	0.021210692822933197	0.28714606165885925
ENSMUSG00000022445	-0.05597025901079178	-0.20977765321731567	-0.04108133167028427	-0.16622160375118256	-0.06069735437631607	-0.3251902461051941
ENSMUSG00000022501	0.01150732021778822	-0.12915357947349548	-0.10815968364477158	-0.3128788471221924	0.03215695172548294	-0.31163743138313293
ENSMUSG00000047636	0.0009089877712540329	-0.09640924632549286	-0.08736713230609894	-0.23236288130283356	0.018768807873129845	-0.0999424085021019
ENSMUSG00000108832	0.10480038821697235	-0.04661358892917633	0.050543494522571564	-0.10183418542146683	-0.030566837638616562	-0.0699256882071495
ENSMUSG00000075073	-0.0029907836578786373	-0.09611707925796509	-0.13890357315540314	-0.16870497167110443	-0.011190835386514664	-0.24734053015708923
ENSMUSG00000022090	0.013208785094320774	-0.03234609216451645	0.06592102348804474	-0.010888167656958103	-0.02628415636718273	0.04568445309996605
ENSMUSG00000113020	0.0013282778672873974	-0.0657731294631958	-0.11588770151138306	-0.09454646706581116	0.0015809303149580956	-0.3418276607990265
ENSMUSG00000041530	-0.010098855942487717	0.4055126905441284	0.06108817085623741	0.36995506286621094	-0.0015342305414378643	0.2746385931968689
ENSMUSG00000107557	0.029900919646024704	-0.06800448149442673	-0.11370307952165604	-0.12447497993707657	0.022646356374025345	-0.21476951241493225
ENSMUSG00000026127	-0.010649493895471096	0.48227229714393616	0.10116032510995865	0.37144410610198975	0.007158507127314806	0.36220812797546387
ENSMUSG00000087002	-0.01788553036749363	-0.17694349586963654	-0.1122589111328125	-0.298960417509079	0.012650459073483944	-0.2292664498090744
ENSMUSG00000121138	0.012265739031136036	-0.09073951840400696	-0.07011424750089645	-0.09859395772218704	0.02793215773999691	-0.25444746017456055
ENSMUSG00000086022	0.017120515927672386	-0.042878780514001846	-0.11887748539447784	0.10608625411987305	0.006642006803303957	0.09741068631410599
ENSMUSG00000045474	0.012508300133049488	-0.10860055685043335	-0.12588316202163696	-0.15896233916282654	0.027239840477705002	-0.26089274883270264
ENSMUSG00000026866	0.0037259780801832676	-0.08591725677251816	-0.13145318627357483	-0.21868760883808136	0.009278181940317154	-0.1835649609565735
ENSMUSG00000075595	-0.01310732588171959	0.35382160544395447	0.04338595271110535	0.33166512846946716	0.008897559717297554	0.29192066192626953
ENSMUSG00000051113	-0.003736862912774086	0.46059685945510864	0.09544771909713745	0.5311910510063171	-0.00785992294549942	0.3725452423095703
ENSMUSG00000084757	0.0020062210969626904	0.08062465488910675	-0.09070801734924316	0.09243673086166382	0.02868618816137314	0.02771671861410141
ENSMUSG00000026237	0.017400944605469704	-0.175578311085701	0.060306109488010406	0.10250506550073624	0.02116258442401886	-0.050321925431489944
ENSMUSG00000094660	-0.06282311677932739	-1.0762951374053955	0.2065160572528839	-0.9183188676834106	-0.15367747843265533	-0.33692947030067444
ENSMUSG00000031148	0.01445145532488823	0.18963420391082764	0.016001800075173378	0.18236134946346283	0.03623969107866287	0.23956668376922607
ENSMUSG00000066278	-0.005450099240988493	0.2036714404821396	-0.038155697286129	0.05156947672367096	0.010125143453478813	0.23736585676670074
ENSMUSG00000068182	-0.07248637825250626	-0.21543359756469727	-0.0877210721373558	-0.2005826234817505	-0.0665876641869545	-0.29291456937789917
ENSMUSG00000029059	0.0009791890624910593	0.16066232323646545	-0.0019251668127253652	0.14613503217697144	0.027966732159256935	0.19489172101020813
ENSMUSG00000108468	-0.004171309061348438	-0.14819945394992828	-0.11677216738462448	-0.30626341700553894	-0.011295769363641739	-0.28152623772621155
ENSMUSG00000087514	0.011796978302299976	-0.16943326592445374	-0.10943976044654846	-0.18287502229213715	0.03700549528002739	0.09675168991088867
ENSMUSG00000041377	0.028676535934209824	-0.13362650573253632	0.1493161916732788	0.1559649109840393	-0.0012824635487049818	-0.09202416241168976
ENSMUSG00000021314	0.012569251470267773	0.16571851074695587	-0.08843816071748734	-0.01585884392261505	0.0355510488152504	0.27266454696655273
ENSMUSG00000002731	0.00861639715731144	0.3178441822528839	-0.07896482199430466	0.3010576367378235	0.01967095211148262	0.32532796263694763
ENSMUSG00000103851	0.022253064438700676	-0.09373068064451218	-0.09808919578790665	-0.16718700528144836	0.010389848612248898	-0.26690828800201416
ENSMUSG00000006143	0.04707368463277817	-0.048681970685720444	0.1419842392206192	-0.01610698737204075	-0.03339150920510292	-0.09030342847108841
ENSMUSG00000086003	0.039171189069747925	0.023814763873815536	0.12759433686733246	0.1755628138780594	-0.04137857258319855	-0.01571074314415455
ENSMUSG00000030657	0.020145568996667862	0.18701675534248352	-0.09743299335241318	0.1317427158355713	0.03340689837932587	0.3209047317504883
ENSMUSG00000086501	-0.0029900865629315376	-0.09354493767023087	-0.1333778351545334	-0.19168853759765625	0.012286502867937088	-0.23741163313388824
ENSMUSG00000107456	0.012406484223902225	-0.13710516691207886	-0.16019032895565033	-0.06232405826449394	0.025369135662913322	-0.1880519837141037
ENSMUSG00000094950	-0.006266734562814236	-0.10103671252727509	-0.11590032279491425	-0.27223625779151917	0.010806029662489891	-0.24522869288921356
ENSMUSG00000023032	-0.008400337770581245	0.285861611366272	-0.03801732137799263	0.04905179888010025	0.010364835150539875	0.24382920563220978
ENSMUSG00000007908	0.011385252699255943	0.08047761023044586	-0.08794313669204712	0.05002209544181824	0.022225020453333855	0.17820467054843903
ENSMUSG00000041935	-0.010819081217050552	0.46194857358932495	0.0799761712551117	0.6387092471122742	0.009626633487641811	0.34906986355781555
ENSMUSG00000047090	-0.012051179073750973	0.42442652583122253	-0.08625949919223785	0.3090405762195587	-0.01572779379785061	0.344290167093277
ENSMUSG00000026470	0.003193393349647522	0.30819371342658997	-0.08975237607955933	0.03542375564575195	0.03341982886195183	0.2543618679046631
ENSMUSG00000112934	0.00824534147977829	-0.0804317370057106	-0.12188700586557388	-0.1499730944633484	0.01732718013226986	-0.22250208258628845
ENSMUSG00000101513	-0.06282311677932739	-1.0762951374053955	0.2065160572528839	-0.9183188676834106	-0.15367747843265533	-0.33692947030067444
ENSMUSG00000102794	0.005735795944929123	-0.19130463898181915	-0.13998299837112427	-0.19596153497695923	0.02429335191845894	-0.2117091566324234
ENSMUSG00000104580	-0.0009873787639662623	-0.16501179337501526	-0.13167567551136017	-0.18701711297035217	0.029761748388409615	-0.19980880618095398
ENSMUSG00000104776	-0.0019809154327958822	-0.12299171090126038	-0.11229042708873749	-0.19805799424648285	0.02693060226738453	-0.21099571883678436
ENSMUSG00000051279	-0.00192171277012676	0.009474523365497589	-0.10981035977602005	-0.006613614968955517	0.0018170442199334502	0.19467829167842865
ENSMUSG00000071753	-0.05823687091469765	-0.2015008181333542	-0.1309812217950821	-0.09513302147388458	-0.018163559958338737	-0.2085791975259781
ENSMUSG00000089729	0.01981635019183159	-0.13044467568397522	0.11156733334064484	0.1366935819387436	-0.0008450192399322987	-0.09150596708059311
ENSMUSG00000057069	0.027797756716609	0.2661149501800537	-0.1085575595498085	0.1181480884552002	0.024972105398774147	0.30954766273498535
ENSMUSG00000040363	-0.0005515912780538201	0.042030490934848785	0.11075742542743683	0.360912024974823	-0.014862708747386932	0.04236971214413643
ENSMUSG00000039155	-0.007294246926903725	-0.17785996198654175	-0.12053557485342026	-0.2867005467414856	0.03989211469888687	-0.19590488076210022
ENSMUSG00000121486	4.702530713984743e-05	0.13247458636760712	0.057148560881614685	0.27644574642181396	-0.017043178901076317	0.12865661084651947
ENSMUSG00000023829	-0.014241848140954971	-0.19785958528518677	-0.10789237171411514	-0.29337579011917114	0.031110823154449463	-0.21612486243247986
ENSMUSG00000006728	0.03061172552406788	0.4874051809310913	0.1490146964788437	0.4767703115940094	-0.011575941927731037	0.3394743800163269
ENSMUSG00000101845	-0.00738744018599391	0.2745012938976288	0.0818788930773735	0.47141554951667786	0.010517364367842674	0.28742942214012146
ENSMUSG00000068115	-0.010955339297652245	0.34601783752441406	0.07882519066333771	0.301664263010025	0.012493826448917389	0.30676108598709106
ENSMUSG00000087534	0.004793487023562193	-0.06871975213289261	-0.12478447705507278	-0.1952250897884369	0.02757626213133335	-0.15775524079799652
ENSMUSG00000021768	0.005474776495248079	-0.09246940910816193	-0.13051865994930267	-0.09960024058818817	0.020102856680750847	-0.20296598970890045
ENSMUSG00000029560	-0.005279255099594593	0.21274273097515106	0.03689078241586685	0.3540794253349304	0.01603439263999462	0.22999690473079681
ENSMUSG00000048486	-0.010254326276481152	0.4078422784805298	0.03211472928524017	0.15060356259346008	-0.005565902218222618	0.2708597481250763
ENSMUSG00000085566	-0.0008968434995040298	0.35985496640205383	-0.019598452374339104	0.2897458076477051	0.023964637890458107	0.3660467267036438
ENSMUSG00000097472	0.027185356244444847	-0.16266387701034546	0.15803833305835724	0.13787350058555603	0.0310685858130455	-0.12046000361442566
ENSMUSG00000121451	0.005279032979160547	-0.1035972610116005	-0.04239198565483093	-0.051366034895181656	0.018486494198441505	-0.22314541041851044
ENSMUSG00000053113	0.04732748121023178	0.3795701563358307	0.10808754712343216	0.5970744490623474	-0.03389982134103775	0.32183387875556946
ENSMUSG00000008333	-0.014716912060976028	0.4398651421070099	0.0723215639591217	0.25743281841278076	0.014516561292111874	0.3255087733268738
ENSMUSG00000021395	-0.009384769015014172	0.42658543586730957	0.07842680811882019	0.5372338891029358	0.0028391776140779257	0.3515019118785858
ENSMUSG00000115557	-0.009458077140152454	-0.1424437314271927	-0.0286648441106081	-0.14671637117862701	0.04567057639360428	-0.15230290591716766
ENSMUSG00000086437	-0.0022597620263695717	-0.17474351823329926	-0.12726615369319916	-0.2761518359184265	0.03058730438351631	-0.18649454414844513
ENSMUSG00000015766	-0.0035707340575754642	0.19552740454673767	0.01919334940612316	0.27138394117355347	0.015923531726002693	0.2695118188858032
ENSMUSG00000049988	0.04369749501347542	-0.12747329473495483	0.0758037269115448	-0.07737298309803009	-0.053742751479148865	-0.1298394650220871
ENSMUSG00000087399	0.005416299682110548	-0.12100743502378464	-0.12335753440856934	-0.19100196659564972	0.03366519510746002	-0.07953642308712006
ENSMUSG00000103252	-0.022298414260149002	-0.12846897542476654	-0.12368470430374146	-0.14196468889713287	-0.025150597095489502	-0.19542203843593597
ENSMUSG00000066113	0.010565090924501419	-0.08674328029155731	-0.07966248691082001	0.05287165194749832	0.030636213719844818	0.051699280738830566
ENSMUSG00000101288	-0.006410264875739813	-0.14342810213565826	-0.12175346165895462	-0.2677196264266968	0.025221340358257294	-0.24507412314414978
ENSMUSG00000050368	0.005306406412273645	-0.016100285574793816	-0.08050300925970078	-0.09360002726316452	0.025595659390091896	0.013502384535968304
ENSMUSG00000110411	0.02361335977911949	-0.10946914553642273	-0.10835304856300354	-0.24670974910259247	0.011297651566565037	-0.24962195754051208
ENSMUSG00000019777	-0.009151274338364601	0.44262951612472534	0.0602014884352684	0.44463402032852173	0.007368421647697687	0.3358795642852783
ENSMUSG00000072214	0.016719061881303787	-0.07851093262434006	-0.04024527221918106	-0.0966571494936943	-0.04325447604060173	0.032678354531526566
ENSMUSG00000082802	-0.006915386766195297	-0.1456608772277832	-0.12068143486976624	-0.20921596884727478	0.03471560776233673	-0.2082269787788391
ENSMUSG00000118099	0.016356324777007103	0.40197423100471497	-0.061575017869472504	0.4189208745956421	0.016325198113918304	0.390431672334671
ENSMUSG00000113794	-0.018518665805459023	-0.2106734812259674	-0.12979689240455627	-0.21753111481666565	0.011882009916007519	-0.25130999088287354
ENSMUSG00000106069	-0.0026574754156172276	-0.11993692070245743	-0.1062033399939537	-0.18721887469291687	0.010106797330081463	-0.24838469922542572
ENSMUSG00000106767	0.006011336576193571	-0.07282327860593796	-0.023576190695166588	-0.07625893503427505	0.007860816083848476	-0.2295875996351242
ENSMUSG00000114005	0.010067513212561607	-0.0785197913646698	-0.09761645644903183	-0.23109829425811768	0.03084726817905903	-0.29633480310440063
ENSMUSG00000056899	0.011251083575189114	0.28560909628868103	-0.04917888715863228	0.47524508833885193	0.019495241343975067	0.2808986008167267
ENSMUSG00000115986	-0.008573471568524837	-0.16049501299858093	-0.1322319358587265	-0.21327190101146698	0.0099691953510046	-0.2412363588809967
ENSMUSG00000041115	0.025907617062330246	-0.25599297881126404	-0.051035571843385696	-0.3034142255783081	0.03983524441719055	0.12732377648353577
ENSMUSG00000055670	0.0018321988172829151	0.47854313254356384	-0.039958592504262924	0.32809314131736755	0.02888619713485241	0.41381970047950745
ENSMUSG00000085923	0.042900171130895615	0.19634714722633362	0.15033090114593506	0.3187749683856964	-0.031159469857811928	0.22848108410835266
ENSMUSG00000091273	0.014721715822815895	-0.12296012043952942	-0.05404438450932503	-0.3042928874492645	0.041598014533519745	-0.2155619114637375
ENSMUSG00000017002	0.02269180864095688	-0.13985811173915863	-0.12030229717493057	-0.2076999694108963	0.012405880726873875	-0.26329705119132996
ENSMUSG00000017737	0.05308730900287628	-0.04789629578590393	0.057631898671388626	-0.14422056078910828	-0.03708658367395401	-0.08590902388095856
ENSMUSG00000022340	-0.006548658013343811	-0.7566725015640259	-0.06822869181632996	-1.2971982955932617	0.05139819532632828	-0.26016104221343994
ENSMUSG00000039952	-0.014405830763280392	0.45109257102012634	0.03094957396388054	0.5856639742851257	0.010440913029015064	0.3612521290779114
ENSMUSG00000114105	-0.028525711968541145	-0.24142475426197052	-0.06784506142139435	-0.38819119334220886	0.014327984303236008	-0.21974073350429535
ENSMUSG00000063765	0.04886710271239281	-0.09305334091186523	0.11041771620512009	-0.048719827085733414	-0.0586586631834507	-0.19292674958705902
ENSMUSG00000046456	0.021085375919938087	-0.07401180267333984	0.028554627671837807	-0.16291765868663788	0.007620339281857014	-0.1919069141149521
ENSMUSG00000023088	0.0078078447841107845	0.3282093405723572	-0.10279826819896698	0.32169950008392334	0.02774413861334324	0.2891014516353607
ENSMUSG00000022142	-0.010915261693298817	0.4231920540332794	0.08516743779182434	0.47543349862098694	0.011773581616580486	0.3621825873851776
ENSMUSG00000055471	0.024240272119641304	0.11367518454790115	-0.10746200382709503	-0.012836599722504616	0.03327697888016701	0.23283053934574127
ENSMUSG00000061068	-0.015551883727312088	-0.145506352186203	-0.11689728498458862	-0.28431475162506104	-0.0190553180873394	-0.2771804630756378
ENSMUSG00000108483	0.038423456251621246	-0.09071945399045944	-0.02789566107094288	-0.07785438001155853	0.02706209011375904	-0.1986979991197586
ENSMUSG00000004565	-0.007371457759290934	0.2996712625026703	0.06861520558595657	0.38404154777526855	-0.004963240586221218	0.2540818452835083
ENSMUSG00000056665	0.0015773086342960596	0.40061476826667786	0.1161840632557869	0.40403738617897034	-0.020796697586774826	0.24163000285625458
ENSMUSG00000055033	-0.0021058963611721992	-0.1283220797777176	-0.13449124991893768	-0.1879589855670929	-0.015798185020685196	-0.28239718079566956
ENSMUSG00000038156	0.012662434950470924	-0.11033346503973007	-0.1066630631685257	-0.05894869938492775	0.03357833996415138	0.10044572502374649
ENSMUSG00000114452	0.005061945412307978	-0.16685064136981964	-0.09795710444450378	-0.335846871137619	0.040272731333971024	-0.14538459479808807
ENSMUSG00000096977	-0.013785776682198048	0.37338000535964966	0.0039519318379461765	0.3105507493019104	0.01771443709731102	0.34500712156295776
ENSMUSG00000114130	0.008538738824427128	-0.12651877105236053	-0.12562882900238037	-0.130735382437706	0.012662607245147228	-0.21733415126800537
ENSMUSG00000056553	0.017715366557240486	0.21835710108280182	-0.1052062138915062	0.05285564810037613	0.03555530682206154	0.1758376955986023
ENSMUSG00000120648	0.004739175550639629	-0.06282398849725723	-0.0481853112578392	0.0019473433494567871	0.03458704799413681	-0.007364299148321152
ENSMUSG00000043487	0.006296554114669561	0.10570615530014038	-0.07842545211315155	0.034392088651657104	0.03022344782948494	0.17204518616199493
ENSMUSG00000085720	-0.00047663706936873496	0.06637098640203476	-0.10132601857185364	0.06139066815376282	0.00866275280714035	0.1782284379005432
ENSMUSG00000007050	0.008844953961670399	0.4880157709121704	0.14294490218162537	0.45152828097343445	-0.008959691971540451	0.37090441584587097
ENSMUSG00000095469	0.010729500092566013	-0.12492582201957703	-0.1307496875524521	-0.24818827211856842	0.01897880621254444	-0.17325778305530548
ENSMUSG00000047641	0.013129973784089088	-0.14977368712425232	-0.11575671285390854	-0.19165006279945374	0.030693640932440758	0.02084604650735855
ENSMUSG00000031985	-0.010601780377328396	0.4153450131416321	0.05578194558620453	0.5582740902900696	0.010609783232212067	0.40827274322509766
ENSMUSG00000009580	0.004709502682089806	-0.07002480328083038	-0.1439453810453415	-0.12582987546920776	-0.002987774321809411	-0.2884610891342163
ENSMUSG00000047259	0.015299572609364986	-0.11418921500444412	-0.10817255079746246	-0.10992822796106339	0.03172942250967026	-0.005183388013392687
ENSMUSG00000048458	0.0015901783481240273	0.09986263513565063	-0.027569342404603958	0.10958726704120636	0.013033909723162651	0.26701897382736206
ENSMUSG00000024045	-0.0072702993638813496	0.4714042544364929	0.08707311749458313	0.4529810845851898	-0.008513974025845528	0.3946128785610199
ENSMUSG00000027363	-0.0021687254775315523	0.40369275212287903	-0.011336625553667545	0.37565603852272034	0.024423599243164062	0.332051157951355
ENSMUSG00000057060	0.009836753830313683	-0.09737777709960938	-0.059519343078136444	0.14635451138019562	0.030591238290071487	0.09770906716585159
ENSMUSG00000027227	0.0027166458312422037	0.24108260869979858	0.036958735436201096	0.39122581481933594	0.016335653141140938	0.27845966815948486
ENSMUSG00000118363	-0.03462936729192734	-0.22485798597335815	-0.11230458319187164	-0.2972263991832733	-0.013721895404160023	-0.20112301409244537
ENSMUSG00000025243	-0.01316972728818655	-0.5693967938423157	-0.06554707884788513	-1.0167044401168823	0.05520414933562279	-0.24786745011806488
ENSMUSG00000003476	-0.010597921907901764	-0.09514916688203812	-0.07800084352493286	-0.1629212498664856	0.0338471494615078	-0.13818420469760895
ENSMUSG00000020607	0.006910383701324463	-0.17197464406490326	-0.05068843439221382	-0.23778004944324493	-0.04116644337773323	0.06393137574195862
ENSMUSG00000005503	0.039274878799915314	-0.050061680376529694	0.02750742994248867	-0.08637028932571411	-0.04215383157134056	0.012430860660970211
ENSMUSG00000005339	0.0023366198875010014	-0.12112238258123398	-0.12901026010513306	-0.1758020967245102	0.0018360386602580547	-0.2788700461387634
ENSMUSG00000015441	-0.016973091289401054	-0.6979556083679199	-0.06275050342082977	-1.3413288593292236	0.0852719247341156	-0.3159768581390381
ENSMUSG00000108924	-0.009553372859954834	-0.1633681058883667	-0.12078142911195755	-0.29643622040748596	0.019359348341822624	-0.21460942924022675
ENSMUSG00000054967	-0.010221855714917183	0.37741950154304504	0.02877175807952881	0.39171260595321655	-0.005536326672881842	0.32862621545791626
ENSMUSG00000092187	0.001874479465186596	-0.16543890535831451	-0.05396657809615135	-0.2963141202926636	0.04327799752354622	-0.19669109582901
ENSMUSG00000037095	0.06973618268966675	-0.05104964226484299	0.022036464884877205	-0.05531531199812889	-0.06081872805953026	-0.16227729618549347
ENSMUSG00000104909	0.00032548309536650777	-0.20851033926010132	-0.1144210621714592	-0.35019439458847046	0.04091070592403412	-0.20432263612747192
ENSMUSG00000002227	0.0007803279440850019	0.22880315780639648	0.11824042350053787	0.38921305537223816	-0.008806152269244194	0.22745448350906372
ENSMUSG00000024350	-0.009156954474747181	0.18472455441951752	0.04192357510328293	0.07596638053655624	0.00942574255168438	0.24524959921836853
ENSMUSG00000029092	0.0020447231363505125	-0.032315898686647415	-0.1335519254207611	-0.111587293446064	0.017694341018795967	-0.18397873640060425
ENSMUSG00000024677	-0.03151319548487663	-0.26519423723220825	-0.11108000576496124	-0.2985980808734894	0.02030264586210251	-0.24357418715953827
ENSMUSG00000115043	0.000767671677749604	-0.08547942340373993	-0.1224520206451416	-0.21437160670757294	0.0025248273741453886	-0.25663864612579346
ENSMUSG00000028702	0.0012948184739798307	0.29473546147346497	0.01846591755747795	0.2954558730125427	0.023373214527964592	0.3635123372077942
ENSMUSG00000087379	0.0030361744575202465	-0.14816731214523315	0.13401100039482117	-0.20005539059638977	0.05007077753543854	-0.23664169013500214
ENSMUSG00000091815	-0.06282311677932739	-1.0762951374053955	0.2065160572528839	-0.9183188676834106	-0.15367747843265533	-0.33692947030067444
ENSMUSG00000039005	-0.0027770823799073696	-0.12396736443042755	-0.06734321266412735	-0.20905165374279022	0.03813926875591278	-0.1996038556098938
ENSMUSG00000121890	0.023687757551670074	-0.15109124779701233	-0.096178337931633	-0.33577069640159607	0.038160644471645355	-0.17576199769973755
ENSMUSG00000094714	-0.07686203718185425	-0.299018532037735	-0.12159524857997894	-0.24111732840538025	-0.00459643267095089	-0.21606439352035522
ENSMUSG00000106718	0.007950124330818653	-0.10541224479675293	-0.12483770400285721	-0.1926954984664917	0.03767669200897217	-0.06803315877914429
ENSMUSG00000024518	0.03212796151638031	-0.01720750890672207	0.018481429666280746	0.10582300275564194	-0.038162268698215485	0.05541007220745087
ENSMUSG00000061474	-0.016511866822838783	0.36035874485969543	-0.027310175821185112	0.33888283371925354	0.017185132950544357	0.283354789018631
ENSMUSG00000117346	-0.0328492633998394	-0.1721615046262741	-0.107204370200634	-0.25917840003967285	-0.003627603407949209	-0.3165331780910492
ENSMUSG00000067750	-0.02959546633064747	-0.19155877828598022	-0.12126588821411133	-0.18138328194618225	-0.0313275009393692	-0.23819692432880402
ENSMUSG00000021730	0.011317181400954723	0.18887801468372345	-0.10455826669931412	-0.06038733944296837	0.03269818425178528	0.18191364407539368
ENSMUSG00000022022	0.005222025327384472	0.05419091880321503	0.025169340893626213	0.36401447653770447	0.019634466618299484	0.1616867184638977
ENSMUSG00000093927	-0.12321355938911438	-0.2931954264640808	-0.0817837044596672	-0.35936492681503296	-0.06903686374425888	-0.29363536834716797
ENSMUSG00000099757	-0.028732378035783768	-0.2214786857366562	-0.0924954041838646	-0.35577529668807983	0.011760884895920753	-0.22848226130008698
ENSMUSG00000062791	-0.04027419537305832	-0.19702333211898804	-0.08884941786527634	-0.34679466485977173	-0.048957500606775284	-0.29127973318099976
ENSMUSG00000101799	0.004464487079530954	-0.0825258195400238	-0.1321677714586258	-0.19813169538974762	0.03567734360694885	-0.15823498368263245
ENSMUSG00000057880	0.001038691378198564	0.0014267389196902514	0.11680217832326889	0.051885418593883514	-0.008341078646481037	0.09846295416355133
ENSMUSG00000036214	-0.008593538776040077	0.4128561317920685	0.1061670184135437	0.41283944249153137	0.005417794454842806	0.3561610281467438
ENSMUSG00000039714	0.00669068144634366	-0.01988125592470169	-0.08723191171884537	0.09918805211782455	0.03415314853191376	-0.1208963617682457
ENSMUSG00000031840	-0.0025817169807851315	0.17477384209632874	0.08584567159414291	0.09484550356864929	0.012452659197151661	0.1505325436592102
ENSMUSG00000026208	0.0006374208023771644	-0.045015253126621246	-0.11391008645296097	-0.08015894889831543	0.02155715972185135	0.05671510100364685
ENSMUSG00000002486	-0.0075867860578000546	0.36285194754600525	-0.044153694063425064	0.12314451485872269	0.008149290457367897	0.2574354112148285
ENSMUSG00000099793	-0.06282311677932739	-1.0762951374053955	0.2065160572528839	-0.9183188676834106	-0.15367747843265533	-0.33692947030067444
ENSMUSG00000119994	0.0016908503603190184	0.2489260733127594	0.026712147518992424	0.21182364225387573	0.027770768851041794	0.23728416860103607
ENSMUSG00000069520	-0.009236703626811504	0.3172236979007721	0.06544928252696991	0.4620493948459625	0.006506277248263359	0.2592066824436188
ENSMUSG00000027823	-0.0059037781320512295	0.37510159611701965	0.025649217888712883	0.29682889580726624	0.02156936191022396	0.32592183351516724
ENSMUSG00000111429	0.07382306456565857	-0.1419895887374878	0.15917658805847168	-0.11290597170591354	-0.08175981789827347	-0.06731554865837097
ENSMUSG00000096127	-0.06282311677932739	-1.0762951374053955	0.2065160572528839	-0.9183188676834106	-0.15367747843265533	-0.33692947030067444
ENSMUSG00000097418	0.002946641994640231	0.13590377569198608	-0.04049904644489288	0.11661117523908615	0.02457185462117195	0.24224498867988586
ENSMUSG00000004266	0.003943670075386763	0.012012915685772896	0.04114357382059097	0.20475462079048157	0.017586519941687584	-0.009959546849131584
ENSMUSG00000082103	-0.007685673423111439	0.13658058643341064	-0.0548897460103035	0.07076801359653473	0.006579458713531494	0.13121739029884338
ENSMUSG00000033938	-0.009965576231479645	0.41904395818710327	0.10196955502033234	0.29513731598854065	0.0020676180720329285	0.24995213747024536
ENSMUSG00000121161	0.036033857613801956	-0.10788486152887344	0.06761326640844345	-0.02146686054766178	-0.002837348962202668	-0.11865049600601196
ENSMUSG00000100954	0.02620263397693634	0.4481525421142578	-0.10106686502695084	0.36961305141448975	0.026669800281524658	0.37621453404426575
ENSMUSG00000032388	0.003511849557980895	0.1282811164855957	0.03322107344865799	0.31083083152770996	0.02187086082994938	0.211518332362175
ENSMUSG00000052417	-0.013257574290037155	-0.15509480237960815	-0.09767916053533554	-0.2254372388124466	0.0035651803482323885	-0.2692406475543976
ENSMUSG00000062376	-0.00997479073703289	0.3426542282104492	-0.005428895819932222	0.26735398173332214	-0.006044687703251839	0.24862295389175415
ENSMUSG00000031872	0.011169927194714546	-0.07403753697872162	-0.06457214802503586	0.13078129291534424	0.029039554297924042	0.12575586140155792
ENSMUSG00000074102	0.0268075093626976	0.390370637178421	0.15671241283416748	0.3329309821128845	-0.03588147461414337	0.18250124156475067
ENSMUSG00000102999	-0.017994478344917297	-0.18345342576503754	-0.1058136373758316	-0.2662094831466675	0.03092823550105095	-0.308146595954895
ENSMUSG00000029084	-0.0013253636425361037	0.15265536308288574	0.018531547859311104	0.4424261450767517	0.017285889014601707	0.1936158984899521
ENSMUSG00000058925	-0.0098717100918293	-0.13709288835525513	-0.13697655498981476	-0.1519736349582672	0.022658763453364372	-0.2364177703857422
ENSMUSG00000040712	0.004706453997641802	0.2696462571620941	0.08486605435609818	0.16689246892929077	-0.03329022228717804	0.25699281692504883
ENSMUSG00000101155	-0.06282311677932739	-1.0762951374053955	0.2065160572528839	-0.9183188676834106	-0.15367747843265533	-0.33692947030067444
ENSMUSG00000017922	-0.019681889563798904	-0.21541672945022583	-0.09981236606836319	-0.4085314869880676	0.02032298594713211	-0.24892304837703705
ENSMUSG00000069044	-0.06282311677932739	-1.0762951374053955	0.2065160572528839	-0.9183188676834106	-0.15367747843265533	-0.33692947030067444
ENSMUSG00000053293	-0.007634615991264582	0.4566919207572937	0.03379911929368973	0.39243972301483154	0.01853759028017521	0.3852071762084961
ENSMUSG00000118207	-0.06282311677932739	-1.0762951374053955	0.2065160572528839	-0.9183188676834106	-0.15367747843265533	-0.33692947030067444
ENSMUSG00000090383	0.003249999601393938	-0.09768114238977432	-0.11183732748031616	-0.25005242228507996	0.035598594695329666	-0.24968019127845764
ENSMUSG00000093804	-0.0059245191514492035	-0.09793925285339355	-0.13820761442184448	-0.16929689049720764	-0.00937117449939251	-0.25366464257240295
ENSMUSG00000103015	0.0121260741725564	-0.12689104676246643	-0.12405069172382355	-0.18957383930683136	0.03738461434841156	-0.20988601446151733
ENSMUSG00000095500	0.011857457458972931	-0.0917351022362709	-0.08716623485088348	-0.15590178966522217	0.024549687281250954	-0.26314735412597656
ENSMUSG00000114617	0.005602189339697361	-0.15983039140701294	-0.13399483263492584	-0.1937948763370514	0.027131278067827225	-0.25585511326789856
ENSMUSG00000120909	0.014774270355701447	-0.12719982862472534	0.05264896899461746	-0.12708906829357147	0.017647307366132736	-0.022097229957580566
ENSMUSG00000102565	-0.008848792873322964	-0.1806376427412033	-0.029442669823765755	-0.14982259273529053	0.04358622059226036	-0.12738417088985443
ENSMUSG00000026942	0.007924403063952923	0.37889114022254944	-0.05076250433921814	0.19065004587173462	0.03226793557405472	0.25524842739105225
ENSMUSG00000115560	0.009753764607012272	-0.13030453026294708	-0.12299475073814392	-0.21328680217266083	0.03001750260591507	-0.2330031394958496
ENSMUSG00000048483	0.0031137254554778337	-0.010416531935334206	-0.039997659623622894	0.021796777844429016	0.015662670135498047	0.04024006053805351
ENSMUSG00000072944	0.020931262522935867	0.2149590700864792	-0.09280072152614594	-0.028634512796998024	0.030715705826878548	0.20995019376277924
ENSMUSG00000032348	0.001822677906602621	0.3949500322341919	0.08204937726259232	0.671959400177002	0.02016083523631096	0.3204694390296936
ENSMUSG00000112130	-0.02500149980187416	-0.6641015410423279	-0.07114997506141663	-1.0751930475234985	0.060048166662454605	-0.27216196060180664
ENSMUSG00000115517	0.004768218845129013	-0.005655595101416111	-0.11666552722454071	-0.04217705875635147	0.022923579439520836	-0.15830259025096893
ENSMUSG00000107538	-0.007024283986538649	-0.16978678107261658	-0.11878838390111923	-0.27999183535575867	0.032697275280952454	-0.2205197960138321
ENSMUSG00000061356	0.010870924219489098	0.053650397807359695	-0.07197778671979904	0.24432606995105743	0.030552325770258904	-0.15276628732681274
ENSMUSG00000031527	-0.006307861302047968	0.40877780318260193	0.06077156215906143	0.4632311761379242	0.014808429405093193	0.3547922372817993
ENSMUSG00000006705	-0.013284892775118351	0.3989112377166748	0.014642876572906971	0.394262433052063	0.00721375597640872	0.32945361733436584
ENSMUSG00000094793	-0.005527648143470287	-0.12135501950979233	-0.12304804474115372	-0.16919828951358795	-0.014222013764083385	-0.2747875452041626
ENSMUSG00000120777	-0.004293391481041908	0.16277404129505157	0.02549629658460617	0.24783964455127716	0.0020749911200255156	0.11291046440601349
ENSMUSG00000042389	0.0019759477581828833	0.33217188715934753	0.039979998022317886	0.34752732515335083	0.024466238915920258	0.3376862406730652
ENSMUSG00000034457	0.004050682298839092	0.17695653438568115	0.07100101560354233	0.517021656036377	0.012116273865103722	0.22405694425106049
ENSMUSG00000042045	0.0028435431886464357	-0.11903919279575348	-0.11833854019641876	-0.22465850412845612	0.0023557571694254875	-0.29107794165611267
ENSMUSG00000040385	0.01434046495705843	0.45524314045906067	0.15006479620933533	0.42002636194229126	-0.023539764806628227	0.2987915277481079
ENSMUSG00000087625	-0.0059451814740896225	-0.09818542748689651	-0.13685879111289978	-0.121349036693573	0.006878336891531944	-0.2239719033241272
ENSMUSG00000024526	0.003421779489144683	-0.02328815683722496	-0.012684562243521214	0.03485513851046562	0.018723221495747566	0.05900101736187935
ENSMUSG00000023025	0.06832128763198853	-0.08530190587043762	0.15911225974559784	0.16414716839790344	-0.0448983795940876	-0.1792323887348175
ENSMUSG00000104894	-0.008458178490400314	-0.18990187346935272	-0.12496396899223328	-0.2747994363307953	0.03135829046368599	-0.20061078667640686
ENSMUSG00000022552	0.00712411105632782	0.5011922717094421	0.15417182445526123	0.33056706190109253	-0.030805205926299095	0.3699812591075897
ENSMUSG00000097099	0.004040587227791548	0.4250214099884033	0.08043410629034042	0.243106409907341	-0.015508715994656086	0.2801758050918579
ENSMUSG00000030978	-0.008438553661108017	0.35808518528938293	0.05891396105289459	0.421494722366333	0.015789473429322243	0.2759231626987457
ENSMUSG00000086273	0.01572272926568985	-0.06303675472736359	-0.10681237280368805	-0.18461072444915771	0.03456100821495056	0.12561704218387604
ENSMUSG00000006215	-0.00867600180208683	0.42695140838623047	-0.00484532630071044	0.31242772936820984	0.009685221128165722	0.2889419496059418
ENSMUSG00000078877	-0.06282311677932739	-1.0762951374053955	0.2065160572528839	-0.9183188676834106	-0.15367747843265533	-0.33692947030067444
ENSMUSG00000102745	-0.003665583673864603	-0.08260215818881989	-0.10633011162281036	-0.07487866282463074	0.02477192133665085	-0.11559032648801804
ENSMUSG00000035293	-0.010483061894774437	0.36464759707450867	0.0386047400534153	0.5252614617347717	0.0075741722248494625	0.333604633808136
ENSMUSG00000070330	0.02765088714659214	-0.04841971769928932	0.16265009343624115	0.10839159786701202	-0.04287043958902359	-0.00301720411516726
ENSMUSG00000097604	0.006678044330328703	0.12189370393753052	0.1287977546453476	0.20506423711776733	-0.01421421766281128	0.13428199291229248
ENSMUSG00000018459	0.01004861481487751	-0.11017287522554398	-0.11094591021537781	-0.19356493651866913	0.03937269374728203	0.02353736199438572
ENSMUSG00000102699	3.9071645005606115e-05	-0.13732074201107025	-0.1167372390627861	-0.19710876047611237	0.025187881663441658	-0.21419335901737213
ENSMUSG00000041735	-0.009877333417534828	-0.19821465015411377	-0.10917170345783234	-0.4025517702102661	0.020656345412135124	-0.21754103899002075
ENSMUSG00000112581	0.0015830029733479023	0.4089481830596924	0.028357693925499916	0.27191922068595886	0.023669995367527008	0.3385927975177765
ENSMUSG00000094855	-0.10889952629804611	-0.33358848094940186	-0.11014706641435623	-0.3086189031600952	-0.041102729737758636	-0.22814205288887024
ENSMUSG00000003752	-0.009709351696074009	0.370961993932724	0.059586700052022934	0.3577392101287842	0.006973587907850742	0.35014447569847107
ENSMUSG00000108657	0.010848922654986382	0.013891763985157013	-0.1030719056725502	-0.05224885046482086	0.03141283616423607	-0.02213144861161709
ENSMUSG00000052632	0.0006323929410427809	0.36637958884239197	-0.0956154465675354	0.2655549943447113	0.025759262964129448	0.37101060152053833
ENSMUSG00000095687	0.012731578201055527	0.27925434708595276	-0.10965244472026825	0.07574941217899323	0.03403340280056	0.25041547417640686
ENSMUSG00000112732	-0.029687339439988136	-0.1697567105293274	-0.12473069876432419	-0.16420651972293854	-0.01226403471082449	-0.2534674406051636
ENSMUSG00000033808	-0.006244129501283169	0.4470110833644867	0.032420944422483444	0.312465101480484	0.02447056956589222	0.3861962854862213
ENSMUSG00000002980	-0.008558141998946667	0.2929101884365082	0.05451962351799011	0.3738378584384918	-0.0045731449499726295	0.3170016407966614
ENSMUSG00000078599	0.0040909708477556705	-0.1044635996222496	-0.09743640571832657	-0.15531910955905914	0.04001404345035553	-0.2773662209510803
ENSMUSG00000020087	-0.0028980353381484747	0.42532414197921753	0.10610505193471909	0.34051406383514404	-0.019374368712306023	0.3041003942489624
ENSMUSG00000087033	-0.000634068448562175	-0.10579738020896912	-0.12072795629501343	-0.252208948135376	0.010442577302455902	-0.22550706565380096
ENSMUSG00000030279	-0.009274124167859554	0.4263511598110199	0.015319356694817543	0.36472389101982117	0.020966583862900734	0.32441794872283936
ENSMUSG00000027349	-0.005618472117930651	0.38190382719039917	0.0001815397263271734	0.12374106049537659	0.029421476647257805	0.29592427611351013
ENSMUSG00000072888	-0.041623152792453766	-0.26556408405303955	-0.0850633978843689	-0.30965203046798706	-0.00047969695879146457	-0.2631468176841736
ENSMUSG00000113216	0.0030560207087546587	-0.14445601403713226	-0.14190468192100525	-0.048884082585573196	0.02350427955389023	-0.10487563908100128
ENSMUSG00000063047	-0.0007329977815970778	0.25873637199401855	0.03932659700512886	0.24489468336105347	0.024035606533288956	0.3160737156867981
ENSMUSG00000089948	-0.012217352166771889	-0.10662306845188141	-0.08125768601894379	-0.07789645344018936	0.016437098383903503	-0.22694851458072662
ENSMUSG00000067764	-0.07170965522527695	-0.2938936948776245	0.14162488281726837	0.46213623881340027	-0.01629403792321682	-0.09818830341100693
ENSMUSG00000034156	0.010086816735565662	-0.034334950149059296	-0.008130338042974472	0.23624446988105774	-0.012944412417709827	-0.07710512727499008
ENSMUSG00000070719	0.001822595251724124	-0.1502114236354828	-0.09869647026062012	-0.2852270007133484	0.03979409858584404	-0.14113643765449524
ENSMUSG00000061336	0.0015567876398563385	-0.11070697754621506	-0.13106399774551392	-0.1966322660446167	0.01568678766489029	-0.22107376158237457
ENSMUSG00000060036	0.053290434181690216	0.613909125328064	0.15835203230381012	0.6988558173179626	0.044354211539030075	0.36066165566444397
ENSMUSG00000047284	-0.0019364736508578062	0.517524003982544	0.12068863958120346	0.4698942303657532	-0.011138346046209335	0.35115286707878113
ENSMUSG00000066828	-0.06282311677932739	-1.0762951374053955	0.2065160572528839	-0.9183188676834106	-0.15367747843265533	-0.33692947030067444
ENSMUSG00000022962	-0.010246377438306808	0.5077810883522034	0.08153295516967773	0.6536434888839722	0.006890337448567152	0.39606139063835144
ENSMUSG00000120393	0.015087391249835491	0.20765188336372375	0.13040612637996674	0.3935393989086151	-0.02213386259973049	0.16535566747188568
ENSMUSG00000030522	0.0038364941719919443	0.34663277864456177	-0.04147956520318985	0.12691666185855865	0.032333146780729294	0.28520503640174866
ENSMUSG00000059729	-0.0008097051177173853	-0.11798837780952454	-0.11737442016601562	-0.3061731159687042	0.012744498439133167	-0.21142739057540894
ENSMUSG00000111084	-0.008756723254919052	-0.16727964580059052	-0.1129729300737381	-0.34470507502555847	0.03341541439294815	-0.21487712860107422
ENSMUSG00000102420	0.006146270781755447	-0.10730811953544617	-0.11352107673883438	-0.2781398892402649	0.020124347880482674	-0.28259336948394775
ENSMUSG00000025372	-0.006206793244928122	0.4214835464954376	-0.02387055940926075	0.3753212094306946	0.023298652842640877	0.3399023115634918
ENSMUSG00000089874	0.026103973388671875	-0.09337422251701355	0.09652682393789291	0.06791257113218307	0.019689464941620827	-0.1388682872056961
ENSMUSG00000030077	0.006702528800815344	-0.05862731114029884	-0.10143883526325226	0.014560665003955364	0.027085628360509872	0.05302044749259949
ENSMUSG00000040957	0.017524031922221184	0.11178097128868103	-0.10681602358818054	-0.00048451469046995044	0.02561957575380802	0.2599160969257355
ENSMUSG00000019864	-0.0018667248077690601	0.45096051692962646	-0.023398609831929207	0.37648719549179077	0.02628158964216709	0.37329554557800293
ENSMUSG00000039200	-0.007707972079515457	0.24770909547805786	0.04515192657709122	0.2492327243089676	0.014084137976169586	0.23314930498600006
ENSMUSG00000066839	-0.002481477800756693	0.16429756581783295	0.10231247544288635	0.14668923616409302	-0.002702150959521532	0.1662622094154358
ENSMUSG00000101627	-0.06282311677932739	-1.0762951374053955	0.2065160572528839	-0.9183188676834106	-0.15367747843265533	-0.33692947030067444
ENSMUSG00000024947	-0.02109985426068306	0.3464081883430481	-0.06373343616724014	0.2588396966457367	0.007442163769155741	0.263185054063797
ENSMUSG00000054690	-0.003120946232229471	-0.15150633454322815	-0.1304357498884201	-0.20486891269683838	0.018239837139844894	-0.21973916888237
ENSMUSG00000118100	0.005076378118246794	0.3246780037879944	0.034236885607242584	0.39665699005126953	0.018957441672682762	0.3663511574268341
ENSMUSG00000015451	-0.009661334566771984	-0.11256588250398636	-0.13282841444015503	-0.04914360120892525	0.03782634809613228	-0.1985381841659546
ENSMUSG00000107782	-0.0007729333592578769	-0.19824868440628052	-0.13962417840957642	-0.16243673861026764	0.027724850922822952	-0.2556229531764984
ENSMUSG00000036751	-0.0071203093975782394	0.3012121617794037	0.11978643387556076	0.3596661388874054	0.0025486694648861885	0.264161616563797
ENSMUSG00000051354	-0.014918822795152664	-0.1850508153438568	-0.11466550827026367	-0.26905035972595215	0.005285853054374456	-0.2958309054374695
ENSMUSG00000032312	0.010666294023394585	-0.11005458980798721	-0.004753784742206335	0.028561120852828026	-0.021769659593701363	0.05609859898686409
ENSMUSG00000116865	0.0032203271985054016	-0.10330594331026077	-0.12836261093616486	-0.21448080241680145	0.0031140134669840336	-0.2547266483306885
ENSMUSG00000078584	-0.018496358767151833	0.3990700840950012	0.08231911808252335	0.3379875123500824	0.01194694358855486	0.36096298694610596
ENSMUSG00000015668	-0.004836623091250658	0.2634064555168152	0.11114440858364105	0.38929203152656555	-0.03521294519305229	0.2703726887702942
ENSMUSG00000083136	-0.02219633013010025	-0.2612711489200592	-0.10037717968225479	-0.3949001729488373	-0.007016084156930447	-0.30483466386795044
ENSMUSG00000013076	-0.0005303125362843275	-0.14850662648677826	-0.11910265684127808	-0.28879913687705994	0.028871970251202583	-0.2045651227235794
ENSMUSG00000081187	-0.0408407561480999	-0.27580559253692627	-0.09002197533845901	-0.2858424782752991	0.02988741174340248	-0.2332344949245453
ENSMUSG00000078881	-0.06282311677932739	-1.0762951374053955	0.2065160572528839	-0.9183188676834106	-0.15367747843265533	-0.33692947030067444
ENSMUSG00000037185	0.004047572612762451	-0.14972369372844696	-0.12183438241481781	-0.21280145645141602	0.03989056497812271	-0.06938175857067108
ENSMUSG00000100527	0.01700986921787262	-0.09106315672397614	-0.12240119278430939	-0.174980029463768	0.013228315860033035	-0.27685126662254333
ENSMUSG00000099911	0.022074740380048752	-0.04720023274421692	0.06766064465045929	0.15719014406204224	0.021316708996891975	-0.1036771759390831
ENSMUSG00000021945	-0.015950877219438553	0.494484543800354	0.010668355971574783	0.6621357798576355	0.010789670050144196	0.4157615303993225
ENSMUSG00000117873	-0.008727047592401505	0.12432861328125	-0.030215201899409294	0.22923891246318817	0.0024469236377626657	0.23001736402511597
ENSMUSG00000096140	0.015895875170826912	-0.17284193634986877	-0.0988139659166336	-0.32750609517097473	0.03198498114943504	-0.16837948560714722
ENSMUSG00000038563	-0.0033318111672997475	0.3328838348388672	-0.020328639075160027	0.2863350212574005	0.024791855365037918	0.317263662815094
ENSMUSG00000110170	0.07131943106651306	-0.04258269816637039	0.14200334250926971	0.2934669256210327	-0.05273537337779999	-0.05927213281393051
ENSMUSG00000018931	-0.007740924134850502	0.36680886149406433	0.040498703718185425	0.24195419251918793	0.010009238496422768	0.3072185218334198
ENSMUSG00000074445	-0.06282311677932739	-1.0762951374053955	0.2065160572528839	-0.9183188676834106	-0.15367747843265533	-0.33692947030067444
ENSMUSG00000087687	-0.004648449830710888	0.4241276979446411	0.11307983100414276	0.3010005056858063	0.01811881735920906	0.3136189579963684
ENSMUSG00000078906	0.022680655121803284	0.19269342720508575	0.1511569619178772	0.2932974100112915	-0.01907646656036377	0.1534752994775772
ENSMUSG00000102742	0.025794794782996178	0.0017641095910221338	0.1279846876859665	0.12295500934123993	-0.03261469677090645	0.06504341959953308
ENSMUSG00000063406	-0.014540601521730423	0.40304556488990784	0.11015048623085022	0.40558722615242004	0.006821609102189541	0.37015053629875183
ENSMUSG00000096806	0.008040890097618103	-0.16072356700897217	-0.10936140269041061	-0.2859891355037689	0.02110341377556324	-0.20085027813911438
ENSMUSG00000087362	0.03817231208086014	-0.11262015253305435	0.037684012204408646	-0.27462148666381836	0.0007645259611308575	-0.22988495230674744
ENSMUSG00000013150	-0.009646625258028507	0.31758707761764526	-0.005119217559695244	0.24624229967594147	0.013052997179329395	0.2790104150772095
ENSMUSG00000027457	-0.06282311677932739	-1.0762951374053955	0.2065160572528839	-0.9183188676834106	-0.15367747843265533	-0.33692947030067444
ENSMUSG00000057215	0.011739986017346382	-0.04870353639125824	0.06694485992193222	0.34146931767463684	0.024813208729028702	-0.026971332728862762
ENSMUSG00000032315	0.009730273857712746	-0.07232668995857239	-0.07963165640830994	-0.21610933542251587	0.011888167820870876	-0.1586613655090332
ENSMUSG00000114618	-0.013522556982934475	-0.12623097002506256	-0.11607017368078232	-0.2999783456325531	-0.019676245748996735	-0.2750954329967499
ENSMUSG00000107117	-0.03873264044523239	-0.15020260214805603	-0.12192098796367645	-0.19454488158226013	-0.0011861122911795974	-0.28354817628860474
ENSMUSG00000109419	-0.017738236114382744	-0.13838805258274078	-0.11227545887231827	-0.20146314799785614	0.014486242085695267	-0.21282875537872314
ENSMUSG00000090854	0.024921024218201637	-0.06108420714735985	-0.05091056972742081	-0.07773415744304657	0.03125740587711334	-0.20220094919204712
ENSMUSG00000025461	-0.0017736789304763079	-0.15784627199172974	-0.11773476004600525	-0.24157319962978363	0.03671817108988762	-0.28692275285720825
ENSMUSG00000100508	-0.06282311677932739	-1.0762951374053955	0.2065160572528839	-0.9183188676834106	-0.15367747843265533	-0.33692947030067444
ENSMUSG00000037703	0.014924991875886917	0.16841691732406616	0.08691959083080292	0.21387754380702972	-0.0337362140417099	0.12013742327690125
ENSMUSG00000089633	-0.007920627482235432	-0.17030444741249084	-0.11488085985183716	-0.14622747898101807	0.040478870272636414	-0.18502621352672577
ENSMUSG00000023991	-0.005589345004409552	0.3520265519618988	0.057305850088596344	0.2637186646461487	-0.020219169557094574	0.34169402718544006
ENSMUSG00000020381	-0.002774089341983199	0.2705029547214508	0.10637957602739334	0.37910786271095276	0.012198473326861858	0.2517029643058777
ENSMUSG00000026114	0.0035061705857515335	-0.11382446438074112	-0.10849432647228241	-0.13755735754966736	0.03870854154229164	-0.1082342118024826
ENSMUSG00000114138	0.012390630319714546	-0.05786008760333061	-0.0966569036245346	-0.13896521925926208	0.03275291621685028	-0.18578997254371643
ENSMUSG00000078935	0.0019113704329356551	-0.1538352221250534	-0.1040596291422844	-0.15971462428569794	0.031848758459091187	-0.23120199143886566
ENSMUSG00000071424	0.013451104052364826	-0.10988126695156097	-0.07147203385829926	0.01780201867222786	0.031747423112392426	0.16461002826690674
ENSMUSG00000037627	0.007839472033083439	0.11903469264507294	-0.039537325501441956	0.23336811363697052	0.028412379324436188	0.19598029553890228
ENSMUSG00000032281	-0.00010782549361465499	-0.15371593832969666	-0.1258302927017212	-0.2113891839981079	0.03986778482794762	-0.11322950571775436
ENSMUSG00000026319	-0.005988875404000282	0.43264496326446533	0.011086203157901764	0.5155478119850159	0.017874788492918015	0.4091432988643646
ENSMUSG00000059555	0.06518452614545822	0.18474136292934418	0.17271839082241058	0.2346540093421936	-0.06085789576172829	0.11097332090139389
ENSMUSG00000026579	0.010937588289380074	-0.13025996088981628	-0.11792078614234924	-0.06884405761957169	0.030753379687666893	0.007774868980050087
ENSMUSG00000104966	0.010315951891243458	-0.1973518431186676	-0.07970138639211655	-0.1649974286556244	0.03972258046269417	-0.11288194358348846
ENSMUSG00000063179	-0.002542222384363413	0.22598254680633545	0.025059528648853302	0.21073806285858154	0.014364280737936497	0.21975894272327423
ENSMUSG00000021079	-0.011464353650808334	0.4899441599845886	0.11694163084030151	0.4360756278038025	0.012263178825378418	0.335683673620224
ENSMUSG00000072623	0.014587173238396645	0.025613801553845406	-0.07313725352287292	0.03246241435408592	0.02711186371743679	0.12040872871875763
ENSMUSG00000028066	-0.00986593309789896	0.47686687111854553	0.09212803840637207	0.6086037755012512	0.0077027915976941586	0.344262957572937
ENSMUSG00000116725	-0.021324563771486282	-0.2025998830795288	-0.13496530055999756	-0.1909266710281372	0.005118321627378464	-0.2380824238061905
ENSMUSG00000021047	0.01795697957277298	0.3124625086784363	-0.09175048023462296	0.45811131596565247	0.020506493747234344	0.3724764287471771
ENSMUSG00000082343	-0.06282311677932739	-1.0762951374053955	0.2065160572528839	-0.9183188676834106	-0.15367747843265533	-0.33692947030067444
ENSMUSG00000032368	-0.06282311677932739	-1.0762951374053955	0.2065160572528839	-0.9183188676834106	-0.15367747843265533	-0.33692947030067444
ENSMUSG00000053490	-0.0020619810093194246	-0.154491126537323	-0.06475049257278442	-0.2727373540401459	0.031203458085656166	-0.2094627022743225
ENSMUSG00000020105	0.006644155830144882	0.20885513722896576	-0.07397286593914032	0.23893819749355316	0.023478999733924866	0.32080987095832825
ENSMUSG00000021510	0.005537025164812803	0.30525219440460205	0.03741956129670143	0.5375720858573914	0.010233494453132153	0.2989467680454254
ENSMUSG00000115063	-0.008718827739357948	-0.17976561188697815	-0.09619801491498947	-0.2886554002761841	-0.0008917032391764224	-0.2318340241909027
ENSMUSG00000116842	0.04566298425197601	-0.08473008871078491	0.09721220284700394	-0.122864730656147	0.018212277442216873	-0.15603800117969513
ENSMUSG00000081477	-0.05493535101413727	-0.2035789042711258	-0.10244615375995636	-0.2829510271549225	0.007528036367148161	-0.31531578302383423
ENSMUSG00000120761	0.05482948198914528	0.05285973101854324	0.13548539578914642	0.31023821234703064	-0.03519352152943611	0.08643707633018494
ENSMUSG00000029472	-0.008346524089574814	0.43604159355163574	0.06651747971773148	0.5637269020080566	0.013669813051819801	0.304863303899765
ENSMUSG00000074199	0.020964091643691063	-0.10245533287525177	-0.037339355796575546	-0.0907919853925705	0.03907431662082672	-0.08828753232955933
ENSMUSG00000086844	0.02109472081065178	-0.1360211968421936	-0.028380775824189186	-0.23209232091903687	0.012218700721859932	-0.19498807191848755
ENSMUSG00000073434	-0.003916358575224876	0.2675432860851288	-0.028168272227048874	0.2587304711341858	0.02312609925866127	0.2518001198768616
ENSMUSG00000001763	0.00037169019924476743	-0.03592449799180031	-0.049022626131772995	-0.10206770896911621	0.00997938122600317	0.1328287571668625
ENSMUSG00000027286	-0.0162662360817194	0.43029147386550903	-0.003341159550473094	0.2596001625061035	0.02144222892820835	0.3910609483718872
ENSMUSG00000113553	-0.012562108226120472	-0.1417432725429535	-0.1295192688703537	-0.2153426557779312	0.01294039562344551	-0.2284250110387802
ENSMUSG00000021809	0.0031327414326369762	0.10878607630729675	-0.0011980220442637801	0.1436767727136612	0.028143184259533882	0.1487915962934494
ENSMUSG00000029510	-0.010641948319971561	0.38697224855422974	-0.007048058323562145	0.47056788206100464	-0.001194991753436625	0.2749190628528595
ENSMUSG00000020892	-0.007653173059225082	0.23072727024555206	0.03649396076798439	0.15145885944366455	-0.0016213249182328582	0.19959257543087006
ENSMUSG00000095540	0.005003497004508972	-0.15248729288578033	-0.10491438955068588	-0.1695578545331955	0.025081079453229904	-0.1956270933151245
ENSMUSG00000091509	0.02701066993176937	-0.043851982802152634	-0.034164730459451675	-0.0024338397197425365	0.02793951705098152	-0.2008925974369049
ENSMUSG00000079554	0.00969648640602827	-0.11797840148210526	-0.11074315756559372	-0.14882096648216248	0.037884827703237534	-0.26462918519973755
ENSMUSG00000021792	0.011661232449114323	0.0332653783261776	-0.10244812816381454	0.19138279557228088	0.02853723242878914	0.13493871688842773
ENSMUSG00000024650	-0.015373234637081623	-0.22825630009174347	-0.09530413895845413	-0.22084765136241913	0.03886609151959419	-0.19271476566791534
ENSMUSG00000037722	-0.00020402215886861086	0.4240614175796509	0.11172303557395935	0.540968656539917	0.005716854706406593	0.32779574394226074
ENSMUSG00000048442	0.025009846314787865	0.04476174712181091	0.038948189467191696	-0.04063473269343376	0.03422432765364647	-0.14804388582706451
ENSMUSG00000028476	-0.0026477437932044268	0.35716134309768677	-0.033813539892435074	0.16988998651504517	0.028256304562091827	0.3259463608264923
ENSMUSG00000090603	-0.009235270321369171	-0.19301645457744598	-0.1304934024810791	-0.23984745144844055	0.00337608833797276	-0.2148718684911728
ENSMUSG00000051375	-0.009755024686455727	0.18825885653495789	-0.05608228221535683	-0.05024770274758339	-0.028692279011011124	0.24148279428482056
ENSMUSG00000026103	-0.01041999738663435	0.4159530997276306	0.04220610111951828	0.4486171305179596	0.011193743906915188	0.3363301455974579
ENSMUSG00000069430	0.0237698033452034	-0.14308470487594604	-0.16398319602012634	-0.1419459581375122	-0.004612290300428867	-0.1773422360420227
ENSMUSG00000050107	0.005095720756798983	0.4720589518547058	0.022771019488573074	0.32251182198524475	-0.02548934705555439	0.31781017780303955
ENSMUSG00000082724	-0.06282311677932739	-1.0762951374053955	0.2065160572528839	-0.9183188676834106	-0.15367747843265533	-0.33692947030067444
ENSMUSG00000104283	-0.003871927270665765	-0.1453033685684204	-0.12388712167739868	-0.2018882930278778	0.015611913986504078	-0.3141945004463196
ENSMUSG00000105387	-0.008826526813209057	-0.17537330090999603	-0.11967100948095322	-0.2864781320095062	0.03225655481219292	-0.20294101536273956
ENSMUSG00000033207	0.02038860321044922	-0.11114411056041718	-0.09894085675477982	-0.23553471267223358	0.034619614481925964	0.12414702773094177
ENSMUSG00000071072	0.012197175063192844	0.5389990210533142	0.1298191100358963	0.6844749450683594	-0.0021817393135279417	0.37831366062164307
ENSMUSG00000035211	0.00032987125450745225	0.3778632879257202	-0.04154859483242035	0.46789225935935974	0.019319072365760803	0.3197864592075348
ENSMUSG00000020935	-0.010773210786283016	0.2884018123149872	0.06427694112062454	0.27269068360328674	0.0020500821992754936	0.26364952325820923
ENSMUSG00000101061	0.01670186221599579	0.037463583052158356	0.09956936538219452	0.19573363661766052	0.02989746816456318	-0.07890479266643524
ENSMUSG00000083099	-0.039112210273742676	-0.24272525310516357	-0.11039009690284729	-0.271564781665802	0.00610570190474391	-0.31022393703460693
ENSMUSG00000042507	0.0004878255713265389	0.26283764839172363	0.10358668118715286	0.2739025056362152	-0.026855135336518288	0.273392915725708
ENSMUSG00000024750	-0.004633372183889151	0.45105528831481934	0.11165185272693634	0.44835567474365234	-0.038040727376937866	0.35842907428741455
ENSMUSG00000113079	0.02118123695254326	-0.15108199417591095	-0.1314290165901184	-0.22464804351329803	0.024200620129704475	-0.2564343512058258
ENSMUSG00000091387	0.004707929212599993	0.12224519997835159	-0.055809587240219116	0.17259754240512848	0.027311785146594048	0.20528066158294678
ENSMUSG00000020102	0.01820496842265129	0.13680849969387054	-0.10602998733520508	-0.04109233245253563	0.028222842141985893	0.21305032074451447
ENSMUSG00000030000	0.015497670508921146	-0.04930132254958153	-0.0730898529291153	0.04954386129975319	0.02878539077937603	0.1638074368238449
ENSMUSG00000055214	0.015272777527570724	-0.00773448683321476	-0.1037335991859436	-0.06721799820661545	0.029716048389673233	0.1925007402896881
ENSMUSG00000100849	-0.06282311677932739	-1.0762951374053955	0.2065160572528839	-0.9183188676834106	-0.15367747843265533	-0.33692947030067444
ENSMUSG00000041977	-0.00011774208542192355	0.15864959359169006	-0.03476040065288544	0.06645198166370392	0.025248674675822258	0.24434758722782135
ENSMUSG00000034329	-0.005382796749472618	0.3536556661128998	-0.02336994558572769	0.4268406331539154	0.019562680274248123	0.3861773610115051
ENSMUSG00000034361	0.0048575634136796	0.21676640212535858	-0.024141021072864532	0.13264837861061096	0.03142009302973747	0.20482006669044495
ENSMUSG00000117888	0.02694665640592575	0.010963359847664833	-0.11636200547218323	0.02564832754433155	-0.006886960472911596	-0.14341938495635986
ENSMUSG00000033872	0.0656723827123642	-0.029914190992712975	0.17850658297538757	0.1372017115354538	-0.04485924541950226	-0.02836589142680168
ENSMUSG00000114112	-0.012983893044292927	-0.17172954976558685	-0.1346716731786728	-0.19581928849220276	0.014565863646566868	-0.1853867918252945
ENSMUSG00000011589	0.0021177902817726135	0.11189386993646622	0.013180963695049286	0.07820829749107361	0.025401601567864418	0.14195483922958374
ENSMUSG00000019831	-0.01191205345094204	0.47125113010406494	0.00776570662856102	0.4243329167366028	0.004982991609722376	0.38498175144195557
ENSMUSG00000022123	0.0044690705835819244	-0.12727609276771545	-0.10783279687166214	-0.2776623070240021	0.029823578894138336	-0.1490229070186615
ENSMUSG00000120124	-0.004848511889576912	-0.17421655356884003	-0.09481185674667358	-0.3165571987628937	0.029851723462343216	-0.24992573261260986
ENSMUSG00000021715	-0.000426114653237164	0.5382715463638306	-0.019189409911632538	0.5612132549285889	0.025179848074913025	0.4381433427333832
ENSMUSG00000046761	0.1053599938750267	-0.052167996764183044	0.16187018156051636	-0.042119577527046204	-0.08900761604309082	-0.07829738408327103
ENSMUSG00000108060	-0.002728181891143322	-0.12380467355251312	-0.076779805123806	-0.1335170865058899	0.039907604455947876	-0.1999014914035797
ENSMUSG00000121715	0.010613691061735153	-0.12009144574403763	-0.12213481217622757	-0.17198172211647034	0.026395821943879128	-0.14541655778884888
ENSMUSG00000006649	0.04911809787154198	-0.04854041710495949	0.1646174192428589	0.16526588797569275	-0.06077348068356514	0.0010318078566342592
ENSMUSG00000104301	-0.01094580627977848	-0.16286994516849518	-0.1096414253115654	-0.30930444598197937	0.03676570951938629	-0.22667385637760162
ENSMUSG00000020486	0.01463805790990591	-0.1417596936225891	-0.013831572607159615	-0.20734289288520813	0.0019844730850309134	-0.16126422584056854
ENSMUSG00000034667	-0.014415699988603592	0.4380657970905304	0.055075254291296005	0.6719534993171692	0.011856675148010254	0.3801288604736328
ENSMUSG00000114695	-0.006938687060028315	-0.16863389313220978	-0.12797939777374268	-0.25735950469970703	0.011024491861462593	-0.22658810019493103
ENSMUSG00000017057	-0.06282311677932739	-1.0762951374053955	0.2065160572528839	-0.9183188676834106	-0.15367747843265533	-0.33692947030067444
ENSMUSG00000028221	-0.0009038776042871177	0.23930113017559052	0.022984638810157776	0.444102019071579	0.01685028150677681	0.32840225100517273
ENSMUSG00000029075	0.0030515866819769144	-0.020537490025162697	-0.10561713576316833	-0.048164740204811096	0.038295160979032516	-0.19046734273433685
ENSMUSG00000026398	0.02186082862317562	-0.039694320410490036	0.06667287647724152	-0.11782979220151901	-0.0031413522083312273	-0.16397489607334137
ENSMUSG00000027384	-0.0023968350142240524	0.4220108091831207	-0.022702055051922798	0.3586667776107788	0.02368330769240856	0.4276227056980133
ENSMUSG00000032657	-0.0025883882772177458	0.19371794164180756	-0.0007758018327876925	0.23163872957229614	-0.014778033830225468	0.21760375797748566
ENSMUSG00000073922	0.006802555173635483	-0.12061520665884018	-0.1213097870349884	-0.2012275904417038	-0.007939380593597889	-0.28880032896995544
ENSMUSG00000067768	-0.06079055368900299	-0.19962915778160095	-0.08104965835809708	0.01139114610850811	0.005575858987867832	-0.1641901582479477
ENSMUSG00000085505	0.024541521444916725	0.06974580883979797	0.1344299465417862	0.4167097806930542	-0.010636219754815102	-0.0022614137269556522
ENSMUSG00000042453	0.01746390201151371	0.0787581279873848	-0.10916690528392792	0.03356345742940903	0.03040018491446972	0.24015147984027863
ENSMUSG00000038700	0.0023339721374213696	0.007221020292490721	-0.10315223783254623	-0.07189715653657913	0.0003374656953383237	-0.037121985107660294
ENSMUSG00000038722	-0.0058386255986988544	0.5254868268966675	0.11562473326921463	0.41246524453163147	0.0162613894790411	0.38327258825302124
ENSMUSG00000053536	-0.009038187563419342	0.4093034267425537	0.08050860464572906	0.4860219955444336	-0.0002680465404409915	0.3396434783935547
ENSMUSG00000111753	0.033408962190151215	-0.08710672706365585	-0.06661167740821838	-0.1420573741197586	0.03168666735291481	-0.25176528096199036
ENSMUSG00000047819	0.042447514832019806	-0.052893660962581635	0.06128859519958496	-0.08247236162424088	0.02669232338666916	-0.2552163302898407
ENSMUSG00000025532	-0.01486496813595295	0.4115999937057495	0.025299882516264915	0.3269813060760498	0.01145391445606947	0.30224186182022095
ENSMUSG00000086607	0.00026672802050597966	-0.15631772577762604	-0.1178850382566452	-0.0939311534166336	0.038283124566078186	-0.06357783079147339
ENSMUSG00000024187	-0.0034646138083189726	0.39127808809280396	-0.011957169510424137	0.21919897198677063	0.027845658361911774	0.2698597013950348
ENSMUSG00000066829	-0.0060178921557962894	0.32586708664894104	-0.05553269013762474	0.3142191171646118	0.018545959144830704	0.2948969900608063
ENSMUSG00000068231	-0.003440536791458726	-0.12367040663957596	-0.04454914107918739	-0.10093137621879578	0.014346105046570301	-0.24555756151676178
ENSMUSG00000085565	-0.003718166844919324	0.24538344144821167	0.12156180292367935	0.29621466994285583	-0.0014650303637608886	0.2384040653705597
ENSMUSG00000104478	0.030095474794507027	-0.030147379264235497	-0.09807262569665909	0.019777633249759674	-0.008013966493308544	0.0539306178689003
ENSMUSG00000120212	-0.0011186670744791627	-0.10984721034765244	-0.13161315023899078	-0.030573062598705292	0.03706158325076103	-0.12708532810211182
ENSMUSG00000065979	0.028619365766644478	0.30757561326026917	-0.10719026625156403	0.21443603932857513	0.032888155430555344	0.2991747558116913
ENSMUSG00000120539	0.032951731234788895	0.5391271114349365	0.15959860384464264	0.4363948404788971	-0.012560567818582058	0.39129868149757385
ENSMUSG00000112498	-0.015734411776065826	-0.1017794981598854	-0.1087074726819992	-0.30328500270843506	0.013674196787178516	-0.2401348352432251
ENSMUSG00000033233	-0.007098344620317221	0.23008741438388824	0.06479831039905548	0.01821979694068432	0.008572563529014587	0.2329123318195343
ENSMUSG00000019822	-0.011945215053856373	0.24401332437992096	0.018103275448083878	0.2943994402885437	0.01019628718495369	0.28608381748199463
ENSMUSG00000022584	-0.007744159549474716	-0.1953062117099762	-0.13136199116706848	-0.1596774458885193	0.019751712679862976	-0.21706102788448334
ENSMUSG00000032952	-0.00481942156329751	0.4026549160480499	-0.0290821623057127	0.38000473380088806	0.022361474111676216	0.38212358951568604
ENSMUSG00000114161	-0.013592619448900223	-0.15555688738822937	-0.11873426288366318	-0.27079907059669495	0.02947351150214672	-0.24971483647823334
ENSMUSG00000035365	0.0027136646676808596	0.3071945011615753	-0.004436473362147808	0.5466285943984985	0.018378034234046936	0.3759605288505554
ENSMUSG00000085664	0.004910212010145187	0.02276436984539032	-0.10213159769773483	-0.0025209293235093355	0.027613766491413116	0.07733330130577087
ENSMUSG00000089709	0.005662164650857449	-0.1614057570695877	-0.14078933000564575	-0.214304581284523	0.009196154773235321	-0.2012985199689865
ENSMUSG00000089727	-0.03760466352105141	-0.16580848395824432	-0.1205177754163742	-0.21193750202655792	-0.003744531190022826	-0.2806050777435303
ENSMUSG00000043535	-0.01669028215110302	0.4617035984992981	0.07482664287090302	0.5234826803207397	0.009899161756038666	0.332029789686203
ENSMUSG00000024254	0.001884995959699154	-0.09140495955944061	-0.11206930130720139	-0.0006070741801522672	0.02532869763672352	-0.04653070122003555
ENSMUSG00000097823	-0.006580602377653122	0.2968730628490448	-0.07790043950080872	-0.03360697254538536	0.027248697355389595	0.2673932611942291
ENSMUSG00000026439	-0.009901788085699081	0.5091652274131775	0.05622589960694313	0.5998610854148865	0.007134835701435804	0.40641945600509644
ENSMUSG00000112667	-0.015179680660367012	-0.08758939802646637	-0.07284101843833923	-0.10972925275564194	0.006103329826146364	-0.22742150723934174
ENSMUSG00000082305	0.014081588946282864	-0.07951881736516953	0.0962161049246788	0.06597544252872467	0.04034679755568504	-0.12269670516252518
ENSMUSG00000041797	-0.028094984591007233	-0.08540469408035278	-0.09153150767087936	-0.24630571901798248	-0.039615217596292496	-0.3406848609447479
ENSMUSG00000022636	0.015018638223409653	-0.017777014523744583	-0.10834431648254395	-0.11513003706932068	0.03710831329226494	0.05956944450736046
ENSMUSG00000085439	0.0016153480391949415	-0.03418745845556259	-0.11388636380434036	-0.04941153898835182	0.03625313937664032	-0.14009688794612885
ENSMUSG00000020185	-0.010982854291796684	0.362048864364624	0.03720333054661751	0.34717777371406555	0.015569072216749191	0.36682814359664917
ENSMUSG00000059475	-0.06282311677932739	-1.0762951374053955	0.2065160572528839	-0.9183188676834106	-0.15367747843265533	-0.33692947030067444
ENSMUSG00000113054	-0.010622373782098293	-0.13349179923534393	-0.12663136422634125	-0.19327116012573242	0.006139165256172419	-0.2761404514312744
ENSMUSG00000085114	-0.07238918542861938	-0.26810747385025024	-0.11874555796384811	-0.2239682376384735	-0.005698943044990301	-0.21522317826747894
ENSMUSG00000100354	-0.028180141001939774	-0.14690899848937988	-0.12099511176347733	-0.2193954586982727	-0.016972506418824196	-0.206852987408638
ENSMUSG00000052533	0.020541192963719368	0.44092169404029846	-0.1186162531375885	0.44429752230644226	0.034706249833106995	0.41178181767463684
ENSMUSG00000101040	-0.06282311677932739	-1.0762951374053955	0.2065160572528839	-0.9183188676834106	-0.15367747843265533	-0.33692947030067444
ENSMUSG00000085817	-0.006383135914802551	-0.18532539904117584	-0.07010805606842041	-0.3467775285243988	0.016922064125537872	-0.22324496507644653
ENSMUSG00000050565	-0.0016827768413349986	0.49220752716064453	0.0980791300535202	0.4709111154079437	-0.006494021974503994	0.3477191925048828
ENSMUSG00000117794	0.000793580140452832	-0.09886277467012405	-0.10904877632856369	-0.03369943052530289	0.010329563170671463	-0.24682864546775818
ENSMUSG00000002319	-0.0013009479735046625	0.2552022635936737	0.00544940959662199	0.10341324657201767	0.027146784588694572	0.23596632480621338
ENSMUSG00000110159	0.032566413283348083	-0.0613558404147625	-0.0031946736853569746	-0.1804368644952774	0.033423762768507004	-0.2579967975616455
ENSMUSG00000118196	-0.01405145414173603	-0.20691028237342834	-0.13102169334888458	-0.22431597113609314	0.019130311906337738	-0.23582492768764496
ENSMUSG00000038646	-0.005865687038749456	0.48756909370422363	0.08539851009845734	0.5092140436172485	-0.014049175195395947	0.38035115599632263
ENSMUSG00000097253	-0.008113151416182518	0.2780602276325226	0.10453347116708755	0.2463141679763794	0.008955723606050014	0.24709837138652802
ENSMUSG00000040455	-0.000490632199216634	0.25466275215148926	0.0024173439014703035	0.4670439660549164	0.018104471266269684	0.3163989186286926
ENSMUSG00000021340	0.007317221723496914	-0.09084349870681763	-0.11454776674509048	-0.3134349584579468	0.033720698207616806	-0.2232092320919037
ENSMUSG00000118060	-0.01347658783197403	-0.179161936044693	-0.12884175777435303	-0.26422545313835144	-0.008048557676374912	-0.1956171840429306
ENSMUSG00000106676	-0.009783376008272171	-0.1027665063738823	-0.05668456107378006	-0.08347184211015701	0.03713043034076691	-0.1569325178861618
ENSMUSG00000052605	0.027981169521808624	-0.0703238695859909	0.09599805623292923	0.006875827442854643	-0.02306479960680008	-0.15427154302597046
ENSMUSG00000034771	-0.002972615882754326	0.08139009773731232	-0.031650442630052567	0.08144943416118622	-0.002351752482354641	0.06902773678302765
ENSMUSG00000086046	-0.06282311677932739	-1.0762951374053955	0.2065160572528839	-0.9183188676834106	-0.15367747843265533	-0.33692947030067444
ENSMUSG00000101986	-0.021037492901086807	-0.2062465250492096	-0.11302357912063599	-0.26672324538230896	-0.012780058197677135	-0.2742726802825928
ENSMUSG00000097433	-6.163537182146683e-05	-0.07921428978443146	-0.0006316935177892447	-0.06568817794322968	-0.011640703305602074	0.05683401599526405
ENSMUSG00000025003	-0.011605530045926571	-0.1401406079530716	-0.11761294305324554	-0.2546446919441223	0.02027454413473606	-0.279789537191391
ENSMUSG00000038980	8.24505423224764e-06	0.08196012675762177	-0.011736555024981499	0.10750789940357208	0.013813789002597332	0.03957367315888405
ENSMUSG00000112054	-0.005951283033937216	-0.1589629054069519	-0.13372226059436798	-0.2020515501499176	0.016851656138896942	-0.24741971492767334
ENSMUSG00000104324	-0.007149031385779381	-0.14956770837306976	-0.12134405970573425	-0.28010857105255127	0.019156765192747116	-0.2392607182264328
ENSMUSG00000035916	-0.00278105610050261	-0.7437988519668579	-0.06953724473714828	-1.296687364578247	0.06518977135419846	-0.28113722801208496
ENSMUSG00000049643	-0.009266695939004421	0.3124052882194519	0.08194486796855927	0.3388698101043701	-0.003166972892358899	0.3342837393283844
ENSMUSG00000049775	0.04403139278292656	0.30511415004730225	0.1388133466243744	0.6015543341636658	0.017964821308851242	0.19025205075740814
ENSMUSG00000107134	0.0038183843716979027	-0.18870776891708374	-0.12468410283327103	-0.222794309258461	0.02384188026189804	-0.24476636946201324
ENSMUSG00000085638	-0.010400471277534962	-0.17740917205810547	-0.06887859106063843	-0.2463228553533554	0.024239802733063698	-0.24286703765392303
ENSMUSG00000101036	-0.045993536710739136	-0.21592897176742554	-0.12353354692459106	-0.16519765555858612	-0.027518976479768753	-0.24129611253738403
ENSMUSG00000075025	0.023657161742448807	-0.12359820306301117	-0.046018969267606735	-0.1771799474954605	-0.010267011821269989	-0.18424640595912933
ENSMUSG00000091307	-0.018987521529197693	-0.18558141589164734	-0.1089235246181488	-0.29135435819625854	0.0025504936929792166	-0.2538379728794098
ENSMUSG00000120364	0.016637533903121948	-0.09383819252252579	-0.1260969489812851	-0.2566761076450348	-0.012182062491774559	-0.29028794169425964
ENSMUSG00000113704	0.05142871290445328	0.017816949635744095	0.10908161848783493	0.5100144743919373	0.008208614774048328	-0.028853673487901688
ENSMUSG00000060470	0.020391283556818962	-0.12415573000907898	-0.05039278045296669	-0.08623699843883514	0.03446589782834053	-0.15955333411693573
ENSMUSG00000030849	-0.008007378317415714	0.44593656063079834	-5.7058782658714335e-06	0.6257752776145935	0.010452741757035255	0.4239358603954315
ENSMUSG00000078185	-0.006794544402509928	0.3306143879890442	-0.016314895823597908	0.37614303827285767	0.01593724638223648	0.22989507019519806
ENSMUSG00000042707	0.0021801155526190996	0.1479460448026657	0.10829909145832062	0.2061992883682251	0.018323823809623718	0.05703779309988022
ENSMUSG00000031925	0.038307663053274155	-0.020865432918071747	-0.07199760526418686	-0.10433401167392731	0.030399059876799583	0.05807314068078995
ENSMUSG00000079395	-0.04712019860744476	-0.2671077251434326	-0.07898440957069397	-0.3811674416065216	-0.01684201881289482	-0.23094451427459717
ENSMUSG00000015994	-9.440405119676143e-05	0.4561132490634918	0.044369831681251526	0.34828999638557434	0.028529437258839607	0.28227221965789795
ENSMUSG00000079593	-0.02209497056901455	-0.34459996223449707	-0.11061657220125198	-0.14684894680976868	0.011662941426038742	-0.06271961331367493
ENSMUSG00000081665	-0.08639425039291382	-0.6402497887611389	-0.0017680191667750478	-0.791491687297821	0.007773663382977247	-0.23669502139091492
ENSMUSG00000086254	-0.01530522108078003	-0.1619260162115097	-0.10995011031627655	-0.3315257132053375	0.01657100021839142	-0.2427702099084854
ENSMUSG00000071669	-0.01831703633069992	-0.7631732225418091	-0.07003125548362732	-1.2770930528640747	0.05352488160133362	-0.2608397901058197
ENSMUSG00000071169	0.034389346837997437	-0.10877790302038193	-0.017467128112912178	-0.2227204144001007	0.017042549327015877	-0.20811055600643158
ENSMUSG00000032009	-0.0058146025985479355	0.21322473883628845	-0.06322962790727615	0.4039614200592041	0.019240105524659157	0.1262434720993042
ENSMUSG00000116624	0.01101073157042265	-0.07144290208816528	-0.1094139888882637	-0.16612952947616577	0.011011017486453056	-0.26411041617393494
ENSMUSG00000116924	0.05295927822589874	-0.08589835464954376	-0.00858660601079464	-0.11857303977012634	0.0370868481695652	-0.10690849274396896
ENSMUSG00000089922	-3.369757905602455e-05	-0.07352107763290405	-0.09549267590045929	-0.08320141583681107	0.008348884992301464	0.07901056110858917
ENSMUSG00000047692	0.020086372271180153	-0.11387184262275696	-0.06107513606548309	-0.2141021490097046	0.03987780958414078	-0.18831470608711243
ENSMUSG00000073702	0.04052335396409035	0.4879138171672821	0.16017641127109528	0.3351748585700989	-0.04893898591399193	0.31782394647598267
ENSMUSG00000046005	0.03018820472061634	-0.1037084311246872	0.1928117424249649	-0.0052719032391905785	0.009809514507651329	-0.12142433226108551
ENSMUSG00000022971	-0.0039706663228571415	0.21711677312850952	-0.03229314833879471	0.277111679315567	0.020281214267015457	0.2764357626438141
ENSMUSG00000035277	-0.012850030325353146	-0.12400420010089874	-0.07781140506267548	-0.017130963504314423	-0.013921493664383888	-0.08548416197299957
ENSMUSG00000022122	0.012423524633049965	0.020959606394171715	-0.09506075829267502	0.03912525996565819	0.03415264934301376	0.07712073624134064
ENSMUSG00000035078	-0.007355521898716688	0.4103478491306305	0.017449509352445602	0.43767184019088745	0.019368082284927368	0.36360520124435425
ENSMUSG00000044066	0.01656910590827465	0.2861463129520416	0.12821489572525024	0.3569933772087097	-0.00412462092936039	0.2931289076805115
ENSMUSG00000051980	0.010105297900736332	-0.17659617960453033	-0.11026982218027115	-0.14046861231327057	0.03691129386425018	0.06815771758556366
ENSMUSG00000118178	-0.02668396197259426	-0.10720930248498917	-0.08890064060688019	-0.0645596832036972	0.018432741984725	-0.3212423622608185
ENSMUSG00000030155	-0.006051596254110336	-0.15341751277446747	-0.0488697811961174	0.0015565913636237383	0.00919510517269373	-0.1809016466140747
ENSMUSG00000091483	-0.08263120800256729	-0.2856336534023285	0.02989288419485092	-0.24254249036312103	-0.08295705169439316	-0.3930598795413971
ENSMUSG00000109232	-0.014584153890609741	-0.1663917899131775	-0.12864460051059723	-0.20854882895946503	0.0049050054512917995	-0.22716999053955078
ENSMUSG00000003746	0.023206667974591255	0.18308717012405396	-0.11331591010093689	0.1290532946586609	0.027570713311433792	0.31113123893737793
ENSMUSG00000120146	-0.03184207156300545	-0.15248945355415344	-0.11948470026254654	-0.17852233350276947	-0.0036060025449842215	-0.26963865756988525
ENSMUSG00000021007	0.0064049214124679565	0.24060717225074768	-0.008331086486577988	0.31174179911613464	0.01948113739490509	0.30573174357414246
ENSMUSG00000001988	0.0076010143384337425	-0.04015466198325157	0.07198204845190048	0.16914312541484833	-0.011351162567734718	0.1096009835600853
ENSMUSG00000002249	-0.0008993279770947993	0.4301408529281616	0.1301060914993286	0.16752611100673676	-0.01981072500348091	0.32736101746559143
ENSMUSG00000038199	0.006426097825169563	-0.11048634350299835	-0.10344814509153366	-0.07586748152971268	0.032661449164152145	-0.12494751811027527
ENSMUSG00000111673	-0.013381331227719784	0.455856055021286	0.08611106127500534	0.5799246430397034	0.009320104494690895	0.3678748607635498
ENSMUSG00000114522	-0.00062360311858356	-0.10353848338127136	-0.13158157467842102	-0.17794270813465118	0.01349375769495964	-0.21432346105575562
ENSMUSG00000100600	0.006496006157249212	-0.16545270383358002	-0.10017633438110352	-0.21061819791793823	0.03801063820719719	-0.06726352870464325
ENSMUSG00000066515	0.008491151034832	-0.07569514214992523	-0.08472651243209839	-0.08048442751169205	0.025945715606212616	-0.20424678921699524
ENSMUSG00000095831	-0.018390081822872162	-0.12439639121294022	-0.12609568238258362	-0.1138085201382637	0.010686511173844337	-0.24503184854984283
ENSMUSG00000100813	0.02117401547729969	-0.08786284178495407	0.09861360490322113	-0.041812144219875336	0.04239184036850929	-0.1658853143453598
ENSMUSG00000112131	-0.04630211368203163	-0.27103617787361145	-0.1214330792427063	-0.26134032011032104	-0.02718045935034752	-0.20272283256053925
ENSMUSG00000074766	0.011361794546246529	0.2430800199508667	-0.0924258604645729	0.09328912943601608	0.023164577782154083	0.2980029582977295
ENSMUSG00000107606	-0.05106301233172417	-0.18002353608608246	-0.11740382015705109	-0.15253013372421265	0.0025346819311380386	-0.2812293767929077
ENSMUSG00000028370	0.010162410326302052	-0.24071289598941803	-0.1096896082162857	-0.21154971420764923	0.028320422396063805	0.0363587960600853
ENSMUSG00000059708	0.02108297497034073	0.12968242168426514	0.003057627473026514	0.21982242166996002	0.033284593373537064	0.2124888300895691
ENSMUSG00000108207	0.029300851747393608	-0.11268887668848038	0.10884635150432587	-0.06679466366767883	-0.045976899564266205	-0.06670248508453369
ENSMUSG00000085683	-0.01123729906976223	-0.17911776900291443	-0.11789792031049728	-0.2430153787136078	0.01850603148341179	-0.24876642227172852
ENSMUSG00000028108	0.03664165362715721	0.017537759616971016	0.03559054806828499	0.0723101943731308	-0.02763409912586212	-0.10125745087862015
ENSMUSG00000111447	0.006099903956055641	0.0034859636798501015	-0.03843448683619499	0.03120187483727932	0.0348450243473053	-0.06621179729700089
ENSMUSG00000029286	0.0019225934520363808	-0.10020597279071808	-0.11728645116090775	-0.20865251123905182	0.00544885266572237	-0.21554455161094666
ENSMUSG00000034855	0.009760286659002304	-0.0217131320387125	-0.15419243276119232	-0.03096736967563629	0.030717387795448303	-0.17525547742843628
ENSMUSG00000112082	0.013841020874679089	0.06525653600692749	-0.030582979321479797	0.39018791913986206	0.00669462513178587	0.0003383290895726532
ENSMUSG00000050030	0.0013718436239287257	-0.0849645584821701	-0.11310403794050217	-0.29065170884132385	0.006225451827049255	-0.3047620356082916
ENSMUSG00000106631	0.005991480778902769	-0.10105898231267929	-0.07742992043495178	-0.13651525974273682	0.041055191308259964	-0.17929375171661377
ENSMUSG00000066892	-0.007727822754532099	0.3229653239250183	0.059044405817985535	0.3996584415435791	-0.00948243122547865	0.37370654940605164
ENSMUSG00000060332	0.010448365472257137	-0.07081110030412674	-0.08075223118066788	-0.13103319704532623	0.02565825544297695	-0.19169023633003235
ENSMUSG00000089722	0.014414460398256779	-0.1600257307291031	-0.0967320129275322	-0.34427234530448914	0.027629204094409943	-0.18848411738872528
ENSMUSG00000100525	0.0030328133143484592	-0.10045021027326584	-0.06572169065475464	-0.33812323212623596	0.039445340633392334	-0.21746790409088135
ENSMUSG00000046093	0.0011202618479728699	0.26551106572151184	-0.0646590143442154	0.1669023334980011	0.027944765985012054	0.26142823696136475
ENSMUSG00000085763	-0.004144077654927969	0.4272398352622986	-0.04730143025517464	0.3892221450805664	0.023421945050358772	0.4018266797065735
ENSMUSG00000053641	-0.004739953204989433	0.28481805324554443	-0.04468469321727753	0.07151781022548676	0.02165270410478115	0.26028284430503845
ENSMUSG00000024844	0.06369424611330032	0.6239623427391052	0.22339032590389252	0.4542030990123749	-0.0040341271087527275	0.3481427729129791
ENSMUSG00000103542	-0.009831536561250687	-0.16148751974105835	-0.12911000847816467	-0.21596989035606384	0.010897128842771053	-0.2266404926776886
ENSMUSG00000121107	-0.015235763974487782	0.31635263562202454	0.09199129045009613	0.260155588388443	0.005988368298858404	0.34413865208625793
ENSMUSG00000049504	-0.008730193600058556	0.460407555103302	0.05770093947649002	0.5193157196044922	-0.00789810810238123	0.40500587224960327
ENSMUSG00000000632	-0.010603499598801136	0.20158445835113525	-0.04975112900137901	0.08867645263671875	0.014287815429270267	0.18019887804985046
ENSMUSG00000027187	-0.001823175116442144	0.2116677314043045	-0.001526477630250156	0.3193061947822571	0.021881842985749245	0.2614087760448456
ENSMUSG00000016308	0.018724380061030388	-0.12828655540943146	0.16074500977993011	0.20680275559425354	-0.03827054798603058	-0.10054530203342438
ENSMUSG00000020212	0.0008277402957901359	0.3321385681629181	-0.09737174957990646	0.0919855386018753	0.02870028465986252	0.26249271631240845
ENSMUSG00000039234	-0.0014770866837352514	0.23332226276397705	0.0232298094779253	0.35743793845176697	0.020572951063513756	0.28599441051483154
ENSMUSG00000024535	0.003750962670892477	0.20155195891857147	-0.05795306712388992	0.20751121640205383	0.025775093585252762	0.30073729157447815
ENSMUSG00000048029	-0.0037016228307038546	0.3296876549720764	-0.018616022542119026	0.24338559806346893	0.024711905047297478	0.30036288499832153
ENSMUSG00000086884	-0.0036719676572829485	-0.09077630192041397	0.034257713705301285	-0.01272832415997982	-0.00889549870043993	-0.07509882748126984
ENSMUSG00000109401	0.02020411565899849	-0.02386569045484066	-0.10482296347618103	0.03896681219339371	-0.02576172538101673	0.09022228419780731
ENSMUSG00000037370	0.00927094928920269	0.021047864109277725	-0.10672774165868759	0.04804231971502304	0.028670262545347214	0.19813142716884613
ENSMUSG00000046378	-0.0015753316693007946	0.11629816144704819	0.09864792227745056	0.20665310323238373	0.011846908368170261	0.1682250052690506
ENSMUSG00000049843	0.0069712442345917225	-0.10462474822998047	-0.1290493905544281	-0.24392367899417877	-0.014763056300580502	-0.28413689136505127
ENSMUSG00000035778	-0.006557092536240816	0.17746497690677643	0.008330801501870155	0.42560940980911255	0.013762389309704304	0.3134092390537262
ENSMUSG00000040035	0.0025726547464728355	-0.023351462557911873	-0.09044024348258972	0.03234851360321045	0.024322111159563065	-0.018115583807229996
ENSMUSG00000030246	-0.007273512426763773	0.1853620558977127	0.0747169628739357	0.5101080536842346	-0.004014568403363228	0.33050069212913513
ENSMUSG00000093923	-0.09929517656564713	-0.36538901925086975	-0.12353414297103882	-0.23660850524902344	-0.01537848450243473	-0.21135596930980682
ENSMUSG00000035086	-0.0074242036789655685	0.2914864718914032	0.036190215498209	0.23236533999443054	0.022252986207604408	0.2664245665073395
ENSMUSG00000112317	-0.0008613250683993101	0.2931610941886902	-0.04877988249063492	0.05807783454656601	0.027871781960129738	0.2719944715499878
ENSMUSG00000113506	-0.06282311677932739	-1.0762951374053955	0.2065160572528839	-0.9183188676834106	-0.15367747843265533	-0.33692947030067444
ENSMUSG00000003161	0.006031620316207409	-0.1117047369480133	-0.0999850258231163	-0.21283313632011414	0.010401680134236813	-0.2147635519504547
ENSMUSG00000114879	0.003283796366304159	-0.15511037409305573	-0.12628883123397827	-0.13400153815746307	0.021711716428399086	-0.25972962379455566
ENSMUSG00000103596	0.005670618265867233	-0.07304059714078903	-0.1438765823841095	-0.014716624282300472	0.027033081278204918	-0.2689589560031891
ENSMUSG00000027104	-0.013028855435550213	0.5059131979942322	0.05267327278852463	0.6270089149475098	0.009564157575368881	0.42428019642829895
ENSMUSG00000048677	0.010489651001989841	0.07095982879400253	-0.06474948674440384	0.14856447279453278	0.028956091031432152	0.1756514310836792
ENSMUSG00000108907	-0.06282311677932739	-1.0762951374053955	0.2065160572528839	-0.9183188676834106	-0.15367747843265533	-0.33692947030067444
ENSMUSG00000015467	0.020807787775993347	-0.11068305373191833	-0.1313682645559311	0.012751505710184574	0.0339597724378109	-0.14898985624313354
ENSMUSG00000080890	-0.04875660315155983	-0.2285773605108261	-0.1114041805267334	-0.25058746337890625	-0.0003869755601044744	-0.3132856488227844
ENSMUSG00000095681	-0.004469363018870354	0.34500107169151306	-0.004221840761601925	0.3227902948856354	0.023080432787537575	0.30331963300704956
