	H2AK119ub1 mean gb	H2AK119ub1 mean promoter	H3K27me3 mean gb	H3K27me3 mean promoter	RING1B mean gb	RING1B mean promoter	SUZ12 mean gb	SUZ12 mean promoter
ENSMUSG00000109605	-0.025041723623871803	0.1114872470498085	-0.08348975330591202	0.0420578233897686	-0.42829325795173645	-0.1411905288696289	-0.10583081841468811	-0.02942388318479061
ENSMUSG00000024050	-0.12256865203380585	0.03934247046709061	0.36504891514778137	-0.05464484542608261	0.3427124321460724	0.256343275308609	0.12123598903417587	0.1204039677977562
ENSMUSG00000085524	0.04070620983839035	0.05861561372876167	0.8353331089019775	0.1583055853843689	0.3366708755493164	-0.07410925626754761	0.04436735808849335	0.014377827756106853
ENSMUSG00000116009	0.14492206275463104	0.0632912889122963	0.31960511207580566	0.14153514802455902	0.23104089498519897	-0.039213232696056366	0.18728019297122955	-0.013683202676475048
ENSMUSG00000090129	-0.03304547071456909	0.08774453401565552	-0.13181369006633759	-0.018142497166991234	-0.1854754090309143	-0.14961281418800354	0.005528077017515898	-0.028434397652745247
ENSMUSG00000116339	-0.08289241790771484	0.03718947246670723	0.42911243438720703	0.06307163089513779	0.1767355352640152	0.21119184792041779	0.06469490379095078	-0.008135071024298668
ENSMUSG00000108869	-0.008838806301355362	0.11444368958473206	-0.13051164150238037	-0.03417138382792473	-0.3237576186656952	-0.07913675159215927	-0.0600726455450058	-0.053914107382297516
ENSMUSG00000053773	-0.011281069368124008	0.07051911950111389	0.29580914974212646	-0.017018405720591545	-0.2133994847536087	-0.25151318311691284	-0.015386568382382393	-0.04326047748327255
ENSMUSG00000112640	0.014444348402321339	0.1159302145242691	0.7113472819328308	0.3314765989780426	-0.8189842104911804	0.07678879052400589	-0.2673642635345459	-0.039912350475788116
ENSMUSG00000034039	-0.051993098109960556	0.06369968503713608	-0.18294702470302582	-0.037994857877492905	-0.2245018631219864	-0.11979641765356064	0.0016677561216056347	-0.030025877058506012
ENSMUSG00000113012	0.0033451032359153032	0.05871383100748062	-0.5343413352966309	-0.03134014084935188	1.0356388092041016	-0.09564170241355896	0.3097003996372223	-0.033977434039115906
ENSMUSG00000029530	-0.1824546605348587	0.046503614634275436	-0.24895742535591125	-0.3104500472545624	-0.029593776911497116	0.13022910058498383	0.1214415431022644	0.05131329968571663
ENSMUSG00000097917	-0.06866639852523804	-0.10588104277849197	-0.43276268243789673	-0.14468689262866974	0.16374562680721283	0.32155123353004456	0.14410912990570068	0.060437969863414764
ENSMUSG00000097393	-0.0038635670207440853	0.10152506828308105	0.0645124614238739	0.009787417948246002	-0.13900847733020782	0.17462043464183807	-0.03312727436423302	-0.0012915449915453792
ENSMUSG00000104470	-0.04356847703456879	0.0978187546133995	-0.28498560190200806	-0.021934421733021736	-0.2641201913356781	-0.07626689970493317	-0.041904278099536896	-0.008380371145904064
ENSMUSG00000107742	0.36337801814079285	-0.24263234436511993	-0.9347566366195679	-0.1677459329366684	0.5067529082298279	0.3803063631057739	0.2577912211418152	0.06629277020692825
ENSMUSG00000034573	-0.17627307772636414	0.08915004134178162	0.18010026216506958	-0.22775886952877045	0.01928003318607807	0.08236725628376007	0.13150915503501892	0.13756419718265533
ENSMUSG00000028049	-0.11528491228818893	0.02666049636900425	0.9606983065605164	0.15275005996227264	0.5885261297225952	0.20427431166172028	0.14950992166996002	-0.007288625463843346
ENSMUSG00000104937	-0.006269760895520449	0.10258251428604126	-0.2881089150905609	0.03703192621469498	-0.04140906035900116	-0.06066400185227394	-0.02516208589076996	-0.031278420239686966
ENSMUSG00000047347	0.026135114952921867	0.11853258311748505	0.25232675671577454	-0.06745826452970505	0.08559292554855347	-0.05875039100646973	0.0624317042529583	0.004872530233114958
ENSMUSG00000034902	-0.055158086121082306	0.031946249306201935	0.6760818362236023	-0.06271108239889145	0.2989750802516937	0.23188912868499756	0.1424892693758011	0.056267742067575455
ENSMUSG00000096918	-0.04321303218603134	0.05472446605563164	-0.3960023820400238	-0.03830461576581001	0.6402575969696045	-0.06908572465181351	0.28543272614479065	-0.030957350507378578
ENSMUSG00000082754	-0.45982417464256287	0.08095747232437134	0.1818426102399826	0.05524681508541107	-0.6076680421829224	-0.16037049889564514	-0.18292422592639923	-0.1442425549030304
ENSMUSG00000031024	-0.10297689586877823	0.04431828111410141	0.4355144798755646	-0.07074682414531708	0.02567421831190586	0.24807584285736084	0.057983703911304474	0.06833945959806442
ENSMUSG00000052563	-0.11968211829662323	0.0071378713473677635	0.7994210720062256	-0.0032038474455475807	0.20088869333267212	0.28146371245384216	0.1301826387643814	0.05056903883814812
ENSMUSG00000082988	0.0019065933302044868	0.15347905457019806	0.01183351967483759	-0.018633311614394188	-0.3845047056674957	-0.007750004529953003	0.10028079152107239	-0.02793813869357109
ENSMUSG00000106802	0.010161833837628365	0.09133624285459518	0.13259842991828918	0.022401440888643265	-0.4663749039173126	-0.12019345909357071	-0.1658479869365692	-0.06846380978822708
ENSMUSG00000091049	-0.06326521188020706	0.07991673797369003	-0.2577723562717438	0.008203192614018917	-0.31327101588249207	-0.13776399195194244	0.062312375754117966	0.03100248984992504
ENSMUSG00000017858	0.06744471192359924	0.0747663676738739	0.9449054002761841	0.04268331080675125	0.1118193119764328	0.1805916726589203	-0.05505497008562088	0.03314995765686035
ENSMUSG00000096141	-0.051708243787288666	0.07330194860696793	-0.07144493609666824	-0.05065218359231949	-0.2027767300605774	0.16777107119560242	-0.06818785518407822	0.016164738684892654
ENSMUSG00000071771	-0.02505415491759777	0.11615518480539322	0.3798656165599823	0.05764205753803253	-1.040062665939331	-0.21854396164417267	-0.24815717339515686	-0.10740348696708679
ENSMUSG00000037849	-0.09431289881467819	0.09954717755317688	0.10317260771989822	0.018817685544490814	-0.5148391723632812	-0.1360241323709488	-0.19152237474918365	-0.10907462984323502
ENSMUSG00000031935	0.08412675559520721	0.06609707325696945	1.336057186126709	-0.04204341396689415	-0.19626663625240326	0.1350860744714737	-0.03625903278589249	0.038523729890584946
ENSMUSG00000038132	0.07987445592880249	-0.1993001103401184	-0.8330702185630798	-0.19621986150741577	0.524074912071228	0.2273714244365692	0.14997932314872742	-0.04199296981096268
ENSMUSG00000002032	-0.024045737460255623	-0.17108583450317383	-0.3601510524749756	-0.15995842218399048	0.1734055131673813	0.34906020760536194	0.16885784268379211	0.04117453470826149
ENSMUSG00000041068	0.019554419443011284	0.1628114879131317	0.31092768907546997	0.10492508113384247	-0.8242271542549133	-0.1983633190393448	-0.058963097631931305	-0.09532763808965683
ENSMUSG00000026409	0.005265669897198677	0.1017763540148735	0.42132994532585144	-0.0810423493385315	0.26944729685783386	-0.08814828842878342	0.0583045519888401	-0.02214503288269043
ENSMUSG00000109764	0.008452107198536396	0.12090498954057693	-0.20667169988155365	-0.028502440080046654	-0.2560395896434784	-0.1544521003961563	-0.012830754742026329	-0.022688860073685646
ENSMUSG00000035086	-0.027339331805706024	0.06901929527521133	1.1604801416397095	-0.06814933568239212	0.09403156489133835	0.10321009904146194	0.08405529707670212	0.02841605618596077
ENSMUSG00000112246	-0.10337243974208832	0.03718964383006096	-0.2477523237466812	-0.006031898315995932	-0.2605413496494293	0.019300496205687523	0.06338441371917725	0.060914937406778336
ENSMUSG00000112458	-0.01748911663889885	0.08697500079870224	0.1063910573720932	0.11954972892999649	0.021662769839167595	-0.20567737519741058	0.07927746325731277	-0.01977057196199894
ENSMUSG00000072595	-0.013551434502005577	0.13666760921478271	-0.10711166262626648	0.06325892359018326	-0.4147619903087616	-0.12911146879196167	-0.123273566365242	-0.05390698090195656
ENSMUSG00000108456	0.017031759023666382	0.09988778829574585	-0.034889522939920425	0.0864138975739479	0.15405990183353424	-0.20508120954036713	-0.02482200413942337	-0.042340345680713654
ENSMUSG00000015134	-0.004880648106336594	-0.14076149463653564	-0.4473952353000641	-0.247294619679451	0.055611588060855865	0.25242146849632263	0.11139308661222458	-0.040340080857276917
ENSMUSG00000026602	-0.07618743181228638	-0.16471780836582184	-0.43938368558883667	-0.12082543969154358	-0.09029362350702286	0.1600230634212494	0.11984032392501831	-0.009316620416939259
ENSMUSG00000058835	0.0857507735490799	0.08324660360813141	0.6804572343826294	-0.01985578052699566	-0.07079551368951797	0.14438402652740479	-0.0402521975338459	0.06559469550848007
ENSMUSG00000066263	-0.061668600887060165	0.08299269527196884	-0.25503072142601013	-0.0444754995405674	-0.15364041924476624	-0.03813021257519722	-0.023572765290737152	-0.05175401642918587
ENSMUSG00000072294	0.02501976303756237	0.07716062664985657	0.29179999232292175	0.31089091300964355	-0.17241384088993073	0.20742613077163696	-0.09760724753141403	0.018153401091694832
ENSMUSG00000017485	-0.10853000730276108	0.08641427010297775	0.24061347544193268	-0.10451901704072952	-0.0979185700416565	0.14233513176441193	0.07799586653709412	0.17103397846221924
ENSMUSG00000017969	-0.09639658778905869	-0.023545240983366966	0.13804908096790314	-0.04261791706085205	0.13583552837371826	0.06228615343570709	0.15572689473628998	0.0819273293018341
ENSMUSG00000115834	-0.06028236821293831	0.0495777428150177	0.3550034463405609	-0.035061296075582504	0.2572007477283478	0.06573037803173065	0.09125185757875443	-0.03116600587964058
ENSMUSG00000023122	-0.02685628831386566	0.11329346895217896	-0.20038799941539764	-0.017903361469507217	-0.4151464104652405	-0.11014635115861893	-0.02894827537238598	-0.009221039712429047
ENSMUSG00000105987	0.11007177084684372	0.06260184198617935	1.9990097284317017	0.25662359595298767	-1.3579899072647095	0.1364404410123825	-0.262440025806427	-0.018635926768183708
ENSMUSG00000109042	0.020480256527662277	0.13012553751468658	0.02908962219953537	0.013727464713156223	-0.25409525632858276	-0.20161381363868713	-0.13448470830917358	-0.04664670303463936
ENSMUSG00000030203	-0.13044430315494537	0.06687986105680466	0.26920437812805176	-0.08895421773195267	0.08180394023656845	0.20753483474254608	0.09642655402421951	0.1649593859910965
ENSMUSG00000055197	0.9852189421653748	-0.2322150021791458	-2.5123448371887207	-0.7757624983787537	2.425917387008667	-0.2509630024433136	0.18403679132461548	-0.09652846306562424
ENSMUSG00000022997	0.5847408175468445	-0.18715070188045502	-2.313418388366699	-0.6004679799079895	2.8708441257476807	-0.14065557718276978	0.14230141043663025	0.006087679415941238
ENSMUSG00000036557	-0.10379297286272049	0.0339897982776165	0.1261463314294815	-0.04482465609908104	-0.052441421896219254	0.12817052006721497	0.06931376457214355	0.04877563565969467
ENSMUSG00000027628	0.07493654638528824	0.06696265935897827	1.147671103477478	-0.004632053896784782	0.00335585861466825	0.13239841163158417	-0.03953960910439491	0.02603088691830635
ENSMUSG00000024727	-0.1507876068353653	-0.0023000731598585844	-0.19464631378650665	-0.24847042560577393	-0.5851964950561523	0.13032208383083344	0.04565288498997688	0.09783999621868134
ENSMUSG00000048763	0.30732262134552	-0.2582050561904907	-1.767350673675537	-0.4558650851249695	2.2145888805389404	0.2531931400299072	0.10942012816667557	0.07719776034355164
ENSMUSG00000037568	-0.06634096801280975	-0.0050486610271036625	-0.15853933990001678	-0.14286337792873383	0.388278603553772	0.07888856530189514	0.15776167809963226	0.10008195787668228
ENSMUSG00000030579	-0.03348563238978386	0.0722501203417778	0.31030112504959106	-0.04032214730978012	-0.2451179325580597	-0.21284715831279755	0.028823206201195717	-0.02294657751917839
ENSMUSG00000052656	-0.14480619132518768	0.014840577729046345	-0.31599804759025574	-0.06056317687034607	0.20235441625118256	0.29599499702453613	0.16145211458206177	0.14703860878944397
ENSMUSG00000044860	-0.027668945491313934	0.08282028138637543	0.14291855692863464	0.11176833510398865	-0.1838112622499466	-0.006175667513161898	-0.017607349902391434	-0.0315912589430809
ENSMUSG00000044081	0.030338672921061516	0.0921436995267868	0.28207704424858093	0.021056795492768288	-0.12348499149084091	0.17250412702560425	-0.05237025395035744	-0.02144237607717514
ENSMUSG00000029054	-0.005210048984736204	-0.14260248839855194	-0.31589338183403015	-0.13605725765228271	-0.0008485349826514721	0.2069283425807953	0.1467978060245514	0.019167615100741386
ENSMUSG00000025051	-0.6218763589859009	0.02674681693315506	0.33853599429130554	0.0839058980345726	-0.7831037044525146	-0.2262069284915924	-0.13709211349487305	-0.20980224013328552
ENSMUSG00000115557	-0.025447087362408638	0.07500098645687103	0.28342685103416443	0.07835128903388977	0.16853095591068268	-0.12123897671699524	0.06471098959445953	-0.011609338223934174
ENSMUSG00000112732	-0.04556100815534592	0.09978687018156052	-0.2179763913154602	-0.021964948624372482	-0.23610778152942657	-0.10014837235212326	-0.06274083256721497	-0.04478892311453819
ENSMUSG00000104435	-0.027865411713719368	0.07067587971687317	0.6736412644386292	0.10859222710132599	0.47831401228904724	-0.044662266969680786	0.13235384225845337	0.016667503863573074
ENSMUSG00000099685	-0.32130733132362366	0.10470537096261978	0.4019666612148285	0.45339906215667725	-1.2778217792510986	-0.40806373953819275	-0.4812105596065521	-0.11658686399459839
ENSMUSG00000090942	-0.06390279531478882	0.08135663717985153	-0.17635822296142578	-0.026138614863157272	-0.3453945815563202	-0.08785649389028549	-0.10963773727416992	-0.042233701795339584
ENSMUSG00000019235	0.039349719882011414	-0.1299852579832077	-0.23024629056453705	-0.09687577933073044	0.5041487216949463	0.3179633319377899	0.19684986770153046	0.09284740686416626
ENSMUSG00000022999	-0.05027582123875618	0.0639825314283371	0.8439744710922241	0.04958738759160042	0.12433725595474243	0.1633223295211792	0.09056349098682404	0.007341987453401089
ENSMUSG00000118502	0.06233404576778412	0.03542928770184517	0.5214428901672363	0.0059363082982599735	0.5031864047050476	0.0024176337756216526	0.27115312218666077	0.03847363963723183
ENSMUSG00000052783	-0.1689346879720688	0.008300472050905228	-0.4648462235927582	-0.10672840476036072	-0.004797860514372587	0.2522604465484619	0.09978806227445602	0.11118505150079727
ENSMUSG00000117574	-0.1230897307395935	0.09338448196649551	-0.04749411717057228	-0.004925190471112728	-0.3980295658111572	-0.08317974954843521	-0.17797811329364777	-0.0782058909535408
ENSMUSG00000059668	-0.020940260961651802	-0.004093725234270096	-0.1871761828660965	-0.014469977468252182	-0.16103225946426392	-0.04306202754378319	0.1244233101606369	0.05868067592382431
ENSMUSG00000021638	-0.14778821170330048	-0.022408990189433098	-0.37848925590515137	-0.22506122291088104	0.6094629764556885	-0.17898191511631012	0.09984705597162247	0.07787793129682541
ENSMUSG00000046922	0.29250872135162354	-0.2162439525127411	-1.6216932535171509	-0.5617539286613464	1.4100788831710815	0.34195467829704285	0.3149645924568176	0.06696611642837524
ENSMUSG00000114288	-0.08326467871665955	0.06030426174402237	0.004647803492844105	-0.02899167500436306	-0.4555577337741852	-0.03440592437982559	-0.011529810726642609	-0.012412556447088718
ENSMUSG00000100302	0.01989131234586239	0.11728783696889877	0.08417997509241104	-0.05336860567331314	-0.2184200882911682	-0.16955503821372986	-0.0378464013338089	-0.06339377164840698
ENSMUSG00000106350	0.004236428998410702	0.10124941915273666	-0.09337809681892395	0.5638874769210815	-0.11032188683748245	-0.17006909847259521	0.05524667352437973	0.015231430530548096
ENSMUSG00000095044	0.029094694182276726	0.098331019282341	0.3729371130466461	-0.0495673306286335	-0.46218040585517883	-0.15572062134742737	-0.16123643517494202	-0.14411436021327972
ENSMUSG00000101270	-0.5912485718727112	0.14089001715183258	0.11578304320573807	0.17325975000858307	-0.8151538968086243	-0.23920057713985443	-0.21356889605522156	-0.10628794878721237
ENSMUSG00000113400	-0.13629455864429474	0.054720696061849594	1.1226884126663208	0.12500818073749542	-0.6828790903091431	-0.2908557951450348	-0.3060266971588135	-0.18291909992694855
ENSMUSG00000073418	-0.03196609020233154	0.07668209820985794	-0.1568601280450821	-0.03204381838440895	-0.24357879161834717	-0.18686042726039886	0.06604093313217163	-0.005668685305863619
ENSMUSG00000117534	0.004691861104220152	0.0904645174741745	-0.09032741189002991	-0.0013904222287237644	0.1780872941017151	-0.10720603168010712	-0.013863316737115383	-0.03159244358539581
ENSMUSG00000025094	-0.13222624361515045	-0.09432842582464218	-0.20156554877758026	-0.1971088945865631	-0.06771831214427948	0.3121282160282135	0.1174730509519577	0.06892205774784088
ENSMUSG00000114097	-0.03415869176387787	0.09471395611763	-0.07370339334011078	-0.03381265699863434	-0.3640231788158417	-0.08609567582607269	-0.10024881362915039	-0.058774832636117935
ENSMUSG00000070306	-0.047806259244680405	0.09676650911569595	0.09949768334627151	-0.058410778641700745	-0.1352960616350174	-0.056647658348083496	0.11192587018013	-0.014038263820111752
ENSMUSG00000028965	-0.1314973682165146	0.02070385403931141	-0.24553333222866058	-0.03568000718951225	0.155799999833107	0.34032467007637024	0.14047354459762573	0.07774455100297928
ENSMUSG00000110369	-0.014454978518188	0.10030293464660645	-0.06420551985502243	0.1746356189250946	-0.40884143114089966	-0.22059543430805206	-0.04996921867132187	-0.007269380614161491
ENSMUSG00000073893	-0.0798376277089119	0.07663477957248688	-0.18177242577075958	-0.04751696437597275	-0.2103906124830246	-0.053991932421922684	-0.07701887935400009	-0.07306181639432907
ENSMUSG00000027518	0.0009656575275585055	0.06690932810306549	-0.1293962150812149	-0.05249856039881706	-0.010453867726027966	-0.13655374944210052	0.08409885317087173	-0.004921245388686657
ENSMUSG00000098630	-0.02233421616256237	0.11249282211065292	-0.07805777341127396	0.06424088776111603	-0.108537457883358	-0.21104072034358978	-0.017048289999365807	-0.027060730382800102
ENSMUSG00000115413	-0.12116298824548721	0.07576504349708557	-0.21526116132736206	-0.042817093431949615	-0.07417480647563934	0.16349640488624573	-0.07471965998411179	0.03289590775966644
ENSMUSG00000107014	-0.10882709175348282	0.028756389394402504	0.10014112293720245	-0.05840570852160454	0.10474202036857605	0.236084446310997	0.06738342344760895	0.0776720941066742
ENSMUSG00000044783	0.004564645700156689	0.06639374047517776	1.288205623626709	-0.0772690698504448	0.1558271050453186	0.1490907520055771	0.013809863477945328	0.033518288284540176
ENSMUSG00000067389	-0.038304902613162994	0.07275085896253586	1.3119235038757324	0.1557963788509369	-0.16314159333705902	0.11519023776054382	-0.04093020781874657	0.0026953464839607477
ENSMUSG00000101740	-0.11364532262086868	-0.1440376192331314	1.7304198741912842	0.32776930928230286	-1.7543660402297974	-0.35433363914489746	-1.1023890972137451	-0.3109322488307953
ENSMUSG00000079283	-0.06534092128276825	0.1071949228644371	-0.4903489947319031	0.11215097457170486	0.5620364546775818	0.33199527859687805	0.381368488073349	0.01864776760339737
ENSMUSG00000087259	-0.13210920989513397	0.012470876798033714	0.2589905560016632	-0.13304831087589264	-0.13037291169166565	0.22844131290912628	0.08423539251089096	0.1273331642150879
ENSMUSG00000118435	-0.033653076738119125	0.08323251456022263	0.47106945514678955	-0.005405672825872898	-0.058773964643478394	0.02325092814862728	-0.13774354755878448	-0.05584431067109108
ENSMUSG00000050822	-0.001122842775657773	0.018537277355790138	-0.5076013207435608	-0.013975798152387142	0.4840608537197113	-0.053956713527441025	0.23860156536102295	0.011263502761721611
ENSMUSG00000092077	-0.06627890467643738	0.09589222073554993	-0.35038480162620544	-0.026176290586590767	-0.19331426918506622	-0.06807778030633926	-0.048163171857595444	0.005874377675354481
ENSMUSG00000089995	-0.021839935332536697	0.1257319301366806	-0.24764512479305267	-0.00805406179279089	-0.20281758904457092	0.013554215431213379	-0.03703918680548668	-0.03816157579421997
ENSMUSG00000097927	-0.07744964957237244	0.07133938372135162	-0.22838149964809418	-0.007697950582951307	-0.24998551607131958	0.03042777255177498	0.012043398804962635	0.05992649123072624
ENSMUSG00000112112	-0.04754333943128586	0.09300865232944489	-0.14348773658275604	-0.02722730115056038	-0.3878506124019623	-0.06540367007255554	-0.09410173445940018	-0.041639622300863266
ENSMUSG00000109615	-0.08580878376960754	0.09856868535280228	-0.1340736746788025	0.010886666364967823	-0.31494060158729553	-0.09861484169960022	-0.17209085822105408	-0.06466888636350632
ENSMUSG00000011179	-0.032216135412454605	0.044788699597120285	1.1906938552856445	0.04381421580910683	0.15909087657928467	0.21993832290172577	0.05806872248649597	0.01920836977660656
ENSMUSG00000110364	-0.17573092877864838	0.08287613838911057	-0.20314142107963562	-0.0213825274258852	-0.3073911666870117	-0.004637989215552807	-0.07614162564277649	-0.07757354527711868
ENSMUSG00000110433	0.017650160938501358	0.09968754649162292	0.5609851479530334	0.11068858951330185	-0.153955340385437	-0.21150144934654236	-0.08559753745794296	-0.06080886721611023
ENSMUSG00000055553	-0.02461962215602398	0.06518182903528214	1.075772762298584	0.1260390281677246	0.663570761680603	0.2015773355960846	0.09342262893915176	0.005690633784979582
ENSMUSG00000102397	-0.08916763961315155	0.10785749554634094	-0.16083002090454102	0.008073044009506702	-0.4864836037158966	-0.018309511244297028	-0.0685003399848938	-0.0615011490881443
ENSMUSG00000092517	-0.020955534651875496	0.10631255060434341	-0.1135803684592247	-0.024662598967552185	-0.4051434397697449	-0.10379181057214737	-0.04774552956223488	-0.009615594521164894
ENSMUSG00000038843	-0.030149757862091064	0.08204653859138489	0.059309571981430054	-0.04969431832432747	-0.2786850333213806	-0.19755429029464722	0.009598997421562672	-0.027558445930480957
ENSMUSG00000103927	-0.052933622151613235	0.08284017443656921	-0.21735592186450958	-0.03762136772274971	0.00676250085234642	-0.20558761060237885	0.10520219802856445	-0.010599794797599316
ENSMUSG00000044348	0.02814699150621891	0.10247243940830231	0.8055994510650635	0.38636383414268494	-0.7271740436553955	0.10974562913179398	-0.14388500154018402	-0.012087834067642689
ENSMUSG00000075145	-0.38332003355026245	-0.006829749792814255	0.5307916402816772	0.04510484263300896	-0.11614393442869186	-0.059276677668094635	-0.272264301776886	-0.1960417628288269
ENSMUSG00000030365	-0.0153152821585536	0.09233389049768448	0.03642630577087402	-0.013586943037807941	0.09375292807817459	-0.15780286490917206	-0.07030972838401794	-0.08374442160129547
ENSMUSG00000108200	-0.038252174854278564	0.09740941226482391	0.24544410407543182	0.023290636017918587	-0.13846716284751892	-0.02012771926820278	0.052939604967832565	-0.02702910825610161
ENSMUSG00000036402	-0.1721929907798767	0.06566870212554932	0.07294773310422897	-0.24126414954662323	0.08241189271211624	0.17841143906116486	0.12411171942949295	0.12037799507379532
ENSMUSG00000038280	0.35605570673942566	-0.30962058901786804	-0.9633897542953491	-0.19309423863887787	1.151318073272705	-0.3025953769683838	-0.11317199468612671	-0.054486118257045746
ENSMUSG00000104520	-0.016138698905706406	0.06092539429664612	0.22698982059955597	-0.014537835493683815	0.13399825990200043	-0.08300343155860901	0.07447315007448196	-0.035516951233148575
ENSMUSG00000063851	-0.011953451670706272	0.13545376062393188	-0.012633332051336765	0.055393751710653305	-0.2866520881652832	-0.1677754819393158	-0.002549398923292756	-0.04328988492488861
ENSMUSG00000024921	-0.11744367331266403	0.005929885897785425	-0.23893649876117706	-0.21323856711387634	0.6152889728546143	-0.22129744291305542	0.10349492728710175	0.09639681875705719
ENSMUSG00000062553	-0.03636947274208069	0.11475370079278946	-0.12213997542858124	-0.021840538829565048	-0.39515313506126404	-0.07609407603740692	-0.11994682997465134	-0.03364495560526848
ENSMUSG00000048186	-0.14536774158477783	0.022824563086032867	-0.3796216547489166	-0.2036227285861969	0.041966672986745834	0.059099696576595306	0.12807412445545197	0.0651097223162651
ENSMUSG00000085111	-0.12614211440086365	0.07437705993652344	0.7172587513923645	-0.08415235579013824	0.5361002087593079	0.13680562376976013	0.1600874364376068	0.10488047450780869
ENSMUSG00000040669	0.0470549501478672	0.05429477617144585	1.5001300573349	0.17152105271816254	0.10502198338508606	0.16238178312778473	-0.00490883132442832	0.01613933965563774
ENSMUSG00000038067	0.01580059714615345	0.06373988837003708	0.2014644593000412	-0.07388421148061752	0.004539015237241983	-0.08405434340238571	0.10833349078893661	-0.027984434738755226
ENSMUSG00000022868	-0.03909832239151001	0.07135885953903198	-0.17108558118343353	-0.048220500349998474	0.7118141651153564	-0.16685038805007935	0.15387758612632751	-0.03591106832027435
ENSMUSG00000030247	0.514970064163208	-0.28679347038269043	-1.2250040769577026	-0.38093748688697815	0.7423633337020874	0.4347318410873413	0.1700543463230133	0.001423629466444254
ENSMUSG00000055421	-0.20899426937103271	0.08825275301933289	-0.3544052541255951	-0.3096902668476105	-0.26699021458625793	0.10186383873224258	0.06377243995666504	0.135323166847229
ENSMUSG00000024212	-0.064485102891922	0.06971791386604309	1.1703132390975952	0.0006999662728048861	-0.10308422148227692	0.16460391879081726	0.03579229861497879	0.026538755744695663
ENSMUSG00000116718	0.02815784513950348	0.09456870704889297	0.7260334491729736	-0.07360193878412247	-0.08001533150672913	0.005966758821159601	-0.01464956533163786	-0.04968946427106857
ENSMUSG00000044442	0.03038208745419979	0.06358013302087784	0.8596077561378479	-0.006141037214547396	-0.27498453855514526	0.17762087285518646	-0.05557703599333763	0.0011822987580671906
ENSMUSG00000039691	-0.02455008029937744	0.10620300471782684	0.12089580297470093	0.11697757989168167	-0.24876254796981812	-0.16071535646915436	0.010583949275314808	-0.038488492369651794
ENSMUSG00000097483	0.03462492302060127	0.1511000096797943	0.4589405059814453	0.44760769605636597	-0.0876520648598671	-0.03865940496325493	-0.12295792251825333	-0.01063589658588171
ENSMUSG00000052229	-0.001173711963929236	0.07495476305484772	-0.23087036609649658	-0.02080540731549263	-0.07780628651380539	-0.26129764318466187	0.14887093007564545	-0.016590608283877373
ENSMUSG00000036764	-0.0032282781321555376	0.08377497643232346	0.3555927276611328	-0.049328576773405075	-0.10161241888999939	0.16653060913085938	0.018611446022987366	0.089751236140728
ENSMUSG00000045273	0.07513639330863953	0.07680479437112808	1.2592904567718506	0.09037105739116669	-0.2579286992549896	0.11559366434812546	-0.056110478937625885	0.021942462772130966
ENSMUSG00000052396	-0.05730902776122093	0.045116327702999115	0.20053359866142273	-0.00277783814817667	-0.19329194724559784	-0.1078084409236908	0.06841237843036652	0.07580894976854324
ENSMUSG00000118264	-0.03833388909697533	0.06521916389465332	-0.4277125895023346	-0.015370176173746586	-0.13488177955150604	-0.13748718798160553	0.15874020755290985	0.02574452944099903
ENSMUSG00000081089	-0.5141053199768066	0.05874902382493019	0.49907851219177246	0.13992811739444733	-0.9530544281005859	-0.3051739037036896	-0.27126818895339966	-0.18710394203662872
ENSMUSG00000029478	-0.06010183319449425	0.06956877559423447	0.8407233357429504	-0.07410712540149689	-0.059312280267477036	0.1749386191368103	0.08680466562509537	0.07296189665794373
ENSMUSG00000101580	-0.10526510328054428	0.07258639484643936	0.8626484870910645	0.47895264625549316	-1.7333194017410278	-0.3036678433418274	-0.861258327960968	-0.16028614342212677
ENSMUSG00000038909	0.12587156891822815	0.058563318103551865	1.5261186361312866	0.17645905911922455	-0.001777936820872128	0.17508454620838165	-0.04738100618124008	0.02241797000169754
ENSMUSG00000111558	-0.023328488692641258	0.12623097002506256	-0.1208028793334961	-0.01994001679122448	-0.3498920202255249	-0.1732638031244278	-0.09353797137737274	-0.03834754601120949
ENSMUSG00000069588	-0.05167536437511444	0.0697334036231041	0.1792212724685669	-0.06099867820739746	0.37315768003463745	-0.025338618084788322	0.09321019798517227	-0.0251658633351326
ENSMUSG00000115817	0.004988931119441986	0.07926822453737259	-0.21518191695213318	-0.018879542127251625	-0.01056619267910719	-0.18995748460292816	0.004904985427856445	0.019154256209731102
ENSMUSG00000020246	-0.003152965335175395	0.0716015174984932	-0.029167864471673965	-0.05216328054666519	0.037574850022792816	-0.1179787665605545	0.08221812546253204	-0.021515272557735443
ENSMUSG00000086694	-0.042998239398002625	0.06879642605781555	0.36237648129463196	-0.07615657150745392	0.20697717368602753	-0.11606895178556442	0.05238048732280731	-0.03409915789961815
ENSMUSG00000071361	-0.07728812843561172	0.09891311824321747	-0.18723444640636444	-0.014861267060041428	-0.5140934586524963	-0.07593631744384766	0.004275762941688299	0.0012002723524346948
ENSMUSG00000046808	-0.05284242704510689	0.04732789471745491	0.4714774191379547	-0.05608399957418442	-0.16394571959972382	0.210750013589859	0.014305433258414268	0.07658316940069199
ENSMUSG00000093776	-0.26067471504211426	0.07299330085515976	-0.16189581155776978	0.015378192998468876	-0.3048434257507324	-0.054142292588949203	-0.16839680075645447	-0.07847093790769577
ENSMUSG00000023942	-0.07269041240215302	0.060598596930503845	1.2196840047836304	0.06677700579166412	0.7158558368682861	0.09079325944185257	0.12071184068918228	-0.0008006757707335055
ENSMUSG00000033022	-0.1479375660419464	-0.09440728276968002	-0.10881097614765167	-0.06301241368055344	0.12850622832775116	0.2686257064342499	0.12864108383655548	0.11811035871505737
ENSMUSG00000042808	-0.054471954703330994	0.05492836982011795	-0.14920130372047424	-0.03452812135219574	0.11274115741252899	-0.10009317100048065	0.19800874590873718	-0.0151664474979043
ENSMUSG00000041852	-0.11836808174848557	-0.03105492889881134	0.33620280027389526	-0.08993486315011978	0.1993890404701233	0.28944236040115356	0.13825279474258423	0.1101333349943161
ENSMUSG00000052549	-0.023831313475966454	0.10991862416267395	0.610508918762207	0.05829300731420517	-0.8032983541488647	-0.24186861515045166	-0.26224929094314575	-0.15019139647483826
ENSMUSG00000075605	0.07105515152215958	0.08683399111032486	-0.2530771493911743	-0.01594269648194313	-0.46534228324890137	-0.17839547991752625	0.05672033876180649	0.01880301535129547
ENSMUSG00000098040	0.01762547716498375	0.15373967587947845	0.08413365483283997	0.009273643605411053	-0.31479015946388245	-0.04933702573180199	-0.11690285801887512	-0.05009908229112625
ENSMUSG00000081557	-0.025610648095607758	0.0979020819067955	-0.0369257815182209	-0.040912751108407974	-0.3442037105560303	-0.10652284324169159	-0.07760072499513626	-0.07322794944047928
ENSMUSG00000083120	-0.2209981083869934	0.23561811447143555	0.09983982890844345	0.5244482159614563	-0.4334358870983124	-0.5086219310760498	-0.1699332743883133	0.0028342625591903925
ENSMUSG00000024172	-0.181126669049263	0.005434983875602484	-0.47349539399147034	-0.30249524116516113	-0.11560209095478058	0.09193240106105804	0.11634639650583267	0.01590646803379059
ENSMUSG00000100518	-0.17278707027435303	0.05820751562714577	-0.3427753448486328	-0.02856261655688286	0.024904776364564896	-0.025142913684248924	-0.02434719167649746	-0.03807002305984497
ENSMUSG00000081234	-0.12697044014930725	0.0811619758605957	-0.0744834914803505	-0.04378897324204445	-0.2710857093334198	-0.03232850134372711	-0.15487314760684967	-0.10195993632078171
ENSMUSG00000030216	-0.013820844702422619	0.07854396104812622	1.3020061254501343	0.06755562871694565	0.08647959679365158	0.12848858535289764	0.0844426155090332	0.015877215191721916
ENSMUSG00000025527	-0.13534487783908844	0.1616259515285492	0.5539765357971191	0.44760769605636597	-0.8700380921363831	-0.40462109446525574	-0.2599674463272095	-0.09561725705862045
ENSMUSG00000028986	0.027386629953980446	0.07622428238391876	0.9312515258789062	-0.075615793466568	0.02855602093040943	0.17966990172863007	0.032920315861701965	0.07751665264368057
ENSMUSG00000033187	-0.10454679280519485	0.0015393757494166493	-0.29696401953697205	-0.060535408556461334	-0.2626742124557495	0.14223578572273254	0.03871827945113182	0.0927659347653389
ENSMUSG00000032109	-0.006366608198732138	0.04242701083421707	-0.11681127548217773	-0.02717624232172966	0.06585577130317688	0.1372537761926651	0.19266153872013092	0.11113692075014114
ENSMUSG00000025328	-0.014329200610518456	0.06528420746326447	0.20406419038772583	-0.003330439096316695	-0.07216435670852661	-0.10174965858459473	0.0554165355861187	-0.026877563446760178
ENSMUSG00000101415	-0.1395808756351471	0.0598057396709919	-0.2523703873157501	-0.04648875072598457	0.00868041068315506	0.04156797379255295	-0.07593192160129547	-0.04233076423406601
ENSMUSG00000027203	-0.008110576309263706	0.06800967454910278	1.1433157920837402	0.11023731529712677	0.331039160490036	0.236434668302536	0.06674093008041382	0.01943947933614254
ENSMUSG00000106820	0.017383256927132607	0.09974710643291473	0.5541319847106934	-0.01783224754035473	-0.28130295872688293	0.10428775101900101	-0.024744171649217606	-0.012120086699724197
ENSMUSG00000007476	-0.11393336951732635	0.05645632743835449	0.7448621988296509	-0.07694904506206512	0.14396506547927856	0.21874338388442993	0.10261687636375427	0.08802199363708496
ENSMUSG00000039542	-0.16013365983963013	0.07110613584518433	0.19085735082626343	-0.18270215392112732	-0.18004634976387024	0.20276732742786407	0.0887136161327362	0.15617986023426056
ENSMUSG00000102011	-0.22588568925857544	0.08935318142175674	0.7080547213554382	0.2807384729385376	-0.3759344816207886	-0.36944156885147095	-0.2309449017047882	-0.1546103060245514
ENSMUSG00000026854	-0.07602360844612122	0.04858112707734108	0.5418596267700195	-0.02610258385539055	0.0711277425289154	0.1448611617088318	0.05714719370007515	0.037298109382390976
ENSMUSG00000066364	-0.009965899400413036	0.08825550973415375	-0.18053866922855377	-0.03453902527689934	-0.28368017077445984	-0.11897386610507965	-0.05349399149417877	-0.019494082778692245
ENSMUSG00000019577	-0.0644044429063797	0.05129604414105415	0.6356982588768005	-0.056439053267240524	0.15423975884914398	0.23881986737251282	0.050442084670066833	0.023648014292120934
ENSMUSG00000034707	-0.0773245096206665	0.017149988561868668	0.6255124807357788	-0.06963023543357849	0.02424980327486992	0.23617984354496002	0.11943293362855911	0.10883662104606628
ENSMUSG00000025650	-0.09281083196401596	0.0030856269877403975	0.2603839933872223	-0.10001502931118011	-0.3109069764614105	0.0717766210436821	0.05985673889517784	0.10105612874031067
ENSMUSG00000059003	-0.1791153848171234	0.11181671917438507	-0.12189875543117523	-0.3643335700035095	-0.2018164098262787	-0.02260015532374382	0.12211616337299347	0.07200723886489868
ENSMUSG00000028367	-0.028374679386615753	0.05535833537578583	1.1847463846206665	0.03902873024344444	0.07554338127374649	0.19861270487308502	0.03843949735164642	0.019482560455799103
ENSMUSG00000086710	-0.006696611642837524	0.10398807376623154	-0.1270507574081421	-0.0025742119178175926	-0.2736826539039612	-0.18327903747558594	-0.0761275440454483	-0.03302852809429169
ENSMUSG00000112000	-0.44086942076683044	0.006250027567148209	0.454227089881897	0.28379449248313904	0.1494433432817459	0.08132880926132202	-0.1843394637107849	-0.1458750069141388
ENSMUSG00000079034	-0.07843669503927231	0.08446207642555237	-0.36251744627952576	0.0066680083982646465	-0.1276639997959137	-0.08836144208908081	-0.02692634053528309	-0.0033605822827667
ENSMUSG00000025737	-0.1505463719367981	0.07064717262983322	0.7873091697692871	-0.06297333538532257	0.7523326873779297	0.18330585956573486	0.17592579126358032	0.019458649680018425
ENSMUSG00000085628	-0.11073918640613556	0.05429653823375702	0.49483969807624817	0.0809057429432869	0.45408689975738525	0.28617194294929504	0.1009424477815628	0.034317851066589355
ENSMUSG00000078161	-0.10332168638706207	0.03975561261177063	-0.06046665832400322	-0.07122064381837845	-0.31327304244041443	0.024058034643530846	0.02285698428750038	0.10846740007400513
ENSMUSG00000114680	-0.052844878286123276	0.11672946810722351	-0.07913906872272491	-0.03053833544254303	-0.2779095470905304	-0.14024482667446136	0.05011722072958946	-0.01801999844610691
ENSMUSG00000047632	0.354943186044693	-0.22339656949043274	-1.544885277748108	-0.6036024689674377	1.2677727937698364	0.3025239109992981	0.3235391676425934	0.03934473171830177
ENSMUSG00000104336	-0.07823292911052704	0.06880440562963486	-0.06265487521886826	-0.046069007366895676	-0.28971579670906067	-0.04887064918875694	-0.11985358595848083	-0.08689968287944794
ENSMUSG00000075100	-0.22792285680770874	0.05784492939710617	-0.028478555381298065	-0.034524668008089066	-0.21338492631912231	-0.07241258770227432	-0.09812098741531372	-0.12292838096618652
ENSMUSG00000020226	-0.05218623951077461	0.09714150428771973	-0.2819429039955139	-0.041517969220876694	-0.02505369856953621	-0.11410923302173615	0.072630874812603	-0.019591035321354866
ENSMUSG00000087278	-0.055893879383802414	0.08863479644060135	-0.08288254588842392	-0.047053262591362	-0.16738510131835938	-0.0927041545510292	-0.027989815920591354	-0.017355244606733322
ENSMUSG00000062545	0.01325337216258049	0.07508084923028946	-0.5449125170707703	-0.031216654926538467	0.25108808279037476	-0.19001424312591553	0.27971598505973816	-0.0015199179761111736
ENSMUSG00000097662	-0.006116519682109356	0.11155248433351517	-0.11301131546497345	0.2620028257369995	-0.2289889007806778	0.20116649568080902	-0.09521029144525528	-0.03260736167430878
ENSMUSG00000113288	-0.2092527449131012	0.0647641122341156	-0.0884617269039154	-0.007828501053154469	-0.18180032074451447	-0.04413119703531265	-0.16141442954540253	-0.11444558948278427
ENSMUSG00000028416	-0.06659062206745148	0.05358241870999336	0.7458897233009338	-0.0334339514374733	0.04247850552201271	0.1867578625679016	0.036168839782476425	0.04574716463685036
ENSMUSG00000021039	0.14951260387897491	0.053693708032369614	1.4716285467147827	-0.036767493933439255	0.08094987273216248	0.15405912697315216	-0.0311224814504385	0.0497312992811203
ENSMUSG00000037601	0.12476269900798798	-0.006898623891174793	2.1260673999786377	0.37156161665916443	-0.9368327856063843	-0.009348909370601177	-0.2516171634197235	-0.0026233154349029064
ENSMUSG00000092148	-0.0218071099370718	0.12088143080472946	-0.11654230952262878	-0.009919392876327038	-0.5446032881736755	-0.017980432137846947	-0.07436332106590271	-0.023334622383117676
ENSMUSG00000084854	-0.08402574807405472	0.0795360580086708	0.5248676538467407	-0.016138955950737	0.8748018741607666	-0.018154000863432884	0.12690454721450806	0.0005926616722717881
ENSMUSG00000035790	-0.0652732253074646	0.04980136826634407	0.40042248368263245	-0.05685381963849068	0.4533524811267853	0.30019277334213257	0.10034417361021042	0.07985208928585052
ENSMUSG00000102625	-0.20663616061210632	0.06391847133636475	0.031895771622657776	-0.027767084538936615	0.10647431015968323	-0.02464974671602249	-0.019862480461597443	-0.09812510758638382
ENSMUSG00000061758	-0.05147938430309296	0.05197545140981674	0.6985392570495605	-0.05659046024084091	-0.042930927127599716	0.18149679899215698	0.030768925324082375	0.053918834775686264
ENSMUSG00000029389	0.028673769906163216	0.07779098302125931	1.488813042640686	0.08490023761987686	0.14369505643844604	0.11090385168790817	0.018970925360918045	0.027464723214507103
ENSMUSG00000115779	-0.006857356522232294	0.08784632384777069	-0.00161918590310961	-0.025594769045710564	-0.47462984919548035	-0.1403600573539734	-0.10927623510360718	-0.0454997718334198
ENSMUSG00000094531	-0.07154841721057892	0.09249026328325272	-0.20439821481704712	-0.04095206782221794	-0.13478665053844452	-0.12308314442634583	-0.014911898411810398	-0.06482380628585815
ENSMUSG00000024064	-0.17768126726150513	0.09787174314260483	-0.0669187530875206	-0.3500477075576782	-0.41367053985595703	0.056242093443870544	0.0904812142252922	0.0828741043806076
ENSMUSG00000113615	0.007040790282189846	0.1333065629005432	-0.2733578383922577	0.008474168367683887	-0.2507795989513397	-0.18538865447044373	0.039012786000967026	-0.010878941975533962
ENSMUSG00000054263	-0.01442432776093483	0.06831569224596024	0.9202539920806885	-0.06019849330186844	0.027187686413526535	-0.08873622864484787	0.03760728985071182	-0.007256851065903902
ENSMUSG00000094612	-0.09599093347787857	0.09292390942573547	-0.042274050414562225	0.018970422446727753	-0.2732517421245575	-0.036330971866846085	-0.15105147659778595	-0.10883183777332306
ENSMUSG00000118157	0.19530072808265686	0.03387812525033951	-0.21941734850406647	0.11665506660938263	0.32784923911094666	-0.007320076692849398	0.18306264281272888	-0.03616126626729965
ENSMUSG00000075595	-0.09377551078796387	0.051863569766283035	-0.22906042635440826	-0.0003733611083589494	0.7014688849449158	0.32170799374580383	0.31891709566116333	0.0536714568734169
ENSMUSG00000118601	-0.0015611222479492426	0.08539499342441559	-0.45275890827178955	0.00601680763065815	0.06872274726629257	-0.1105591282248497	0.18975283205509186	-0.008009137585759163
ENSMUSG00000042570	-0.0648215040564537	0.06917446851730347	1.0902109146118164	-0.05707252398133278	-0.05822945013642311	0.15695279836654663	0.059118837118148804	0.032214418053627014
ENSMUSG00000028464	0.10558594018220901	-0.11673599481582642	-0.30521252751350403	-0.11940613389015198	0.5881257057189941	0.29500293731689453	0.18775054812431335	0.029367398470640182
ENSMUSG00000001436	-0.07358919829130173	0.0507638156414032	1.0696659088134766	-0.06477736681699753	0.18346692621707916	0.17818588018417358	0.0980956107378006	0.03458414599299431
ENSMUSG00000104818	-0.04383324086666107	0.056880149990320206	0.37994152307510376	-0.03504382073879242	0.09139269590377808	-0.0066327545791864395	0.05076869577169418	-0.036284297704696655
ENSMUSG00000027317	-0.06502751260995865	0.044651132076978683	0.32623887062072754	0.038009919226169586	-0.13425616919994354	0.045930370688438416	-0.012903362512588501	-0.01013185828924179
ENSMUSG00000116988	-0.1064457893371582	0.058488503098487854	0.26120397448539734	-0.0445808470249176	-0.351187139749527	0.17202752828598022	-0.0031276189256459475	0.11901295930147171
ENSMUSG00000106990	-0.007552401628345251	-0.2001902163028717	-0.8207114934921265	-0.2175905853509903	0.30432426929473877	0.29598090052604675	0.13581892848014832	-0.020455045625567436
ENSMUSG00000042118	-0.13304992020130157	0.005927562713623047	0.01837821677327156	-0.12302275002002716	-0.026342904195189476	0.26825132966041565	0.10559899359941483	0.13210830092430115
ENSMUSG00000095474	-0.31846290826797485	0.08996754884719849	0.16998665034770966	0.06518805027008057	-0.692872941493988	-0.08401556313037872	-0.28772133588790894	-0.13440465927124023
ENSMUSG00000069824	-0.006726893130689859	0.09529879689216614	0.07523638755083084	-0.029175391420722008	-0.44227585196495056	-0.11044043302536011	-0.08764386922121048	-0.056068625301122665
ENSMUSG00000096259	-0.28755509853363037	-0.008278083056211472	1.4088190793991089	0.6528421640396118	-1.7467527389526367	-0.49157780408859253	-0.5500504970550537	-0.240668386220932
ENSMUSG00000058216	-0.029906101524829865	0.06539344042539597	0.411665141582489	0.1395927518606186	0.3511630892753601	0.0013311022194102407	0.08844522386789322	-0.010765177197754383
ENSMUSG00000031991	-0.02031426690518856	0.10628338903188705	-0.11513809114694595	-0.022949911653995514	-0.44524234533309937	-0.17979450523853302	-0.05291793495416641	-0.012863140553236008
ENSMUSG00000035305	-0.16116924583911896	0.02775401622056961	-0.10827299952507019	-0.13687025010585785	-0.25575169920921326	0.2471989244222641	0.07483537495136261	0.12994934618473053
ENSMUSG00000049354	0.04579027742147446	0.08136987686157227	0.9245353937149048	0.021283958107233047	-0.16058479249477386	0.1509665846824646	-0.0036905219312757254	0.025229783728718758
ENSMUSG00000009350	-0.030162101611495018	0.0833083912730217	-0.29012736678123474	-0.05846255645155907	0.29201677441596985	-0.19158343970775604	0.26433461904525757	-0.03925866261124611
ENSMUSG00000029545	-0.05012236535549164	0.07342077046632767	0.7201230525970459	0.06457910686731339	0.06386493891477585	0.13324137032032013	0.0912473127245903	-0.0009034709655679762
ENSMUSG00000087579	-0.05754116550087929	0.0634831115603447	-0.19787639379501343	-0.03077050670981407	-0.3102514445781708	-0.08095256984233856	-0.013847898691892624	-0.012090652249753475
ENSMUSG00000107847	-0.07443419098854065	0.08483067154884338	-0.08275550603866577	-0.04016394168138504	-0.3422427475452423	-0.07979465276002884	-0.12829452753067017	-0.08135750889778137
ENSMUSG00000028076	-0.01296202652156353	0.010995852760970592	-0.18420414626598358	-0.051618751138448715	-0.13899211585521698	0.10356757044792175	0.17803101241588593	0.102544404566288
ENSMUSG00000112275	0.007313682232052088	0.11929149925708771	-0.11448154598474503	-0.03668062016367912	-0.22429431974887848	-0.05422014743089676	0.0002904721477534622	-0.07129011303186417
ENSMUSG00000046095	-0.024152003228664398	0.08768950402736664	0.010707711800932884	-0.044204484671354294	-0.3701937198638916	-0.17978346347808838	-0.06567849963903427	-0.032296791672706604
ENSMUSG00000099928	0.15990442037582397	-0.00898689590394497	-0.05808812752366066	0.18453270196914673	1.8606611490249634	0.38667383790016174	0.17435598373413086	0.05674372613430023
ENSMUSG00000024534	-0.18306641280651093	0.0328499898314476	-0.3376001715660095	-0.23795725405216217	-0.07579472661018372	0.14919693768024445	0.11735433340072632	0.08598470687866211
ENSMUSG00000003436	0.2281685322523117	-0.07696201652288437	-1.2228939533233643	-0.18431323766708374	1.3823988437652588	0.30460217595100403	0.31868112087249756	0.10929782688617706
ENSMUSG00000041372	-0.12250681966543198	0.05433553084731102	0.4647652506828308	-0.07461575418710709	0.09833288937807083	0.23202084004878998	0.08440659195184708	0.10992742329835892
ENSMUSG00000019970	-0.15094631910324097	-0.05612759664654732	0.31043902039527893	-0.06308043003082275	0.3036537766456604	0.2188609540462494	0.13342295587062836	0.09619121253490448
ENSMUSG00000059288	0.03272285312414169	0.1065036877989769	0.42772796750068665	-0.07281100004911423	-0.16029757261276245	-0.1675776243209839	-0.04227912798523903	-0.09208375960588455
ENSMUSG00000045395	-0.023258721455931664	0.12192698568105698	-0.1344793736934662	-0.018541188910603523	-0.5315303206443787	-0.12856708467006683	-0.10563412308692932	-0.022632593289017677
ENSMUSG00000056128	0.0002870554744731635	0.08779662102460861	-0.0818575769662857	-0.05939148738980293	0.13778932392597198	-0.11183817684650421	0.06596064567565918	-0.04728858172893524
ENSMUSG00000055061	-0.009270882233977318	0.10618827491998672	-0.585580587387085	0.29755163192749023	0.1710275411605835	-0.14780177175998688	0.28491055965423584	-0.005517119541764259
ENSMUSG00000097545	0.2772807776927948	-0.1112956628203392	0.20640654861927032	-0.09403849393129349	1.7058839797973633	0.19211573898792267	-0.0028021717444062233	-0.008306610397994518
ENSMUSG00000028030	0.04848984628915787	0.11554274708032608	0.4828692376613617	0.14919890463352203	-0.18246418237686157	0.1269882619380951	-0.10218807309865952	-0.02571180835366249
ENSMUSG00000020427	0.17236551642417908	-0.1765291392803192	-0.4637264013290405	-0.14975175261497498	0.5165512561798096	0.23191384971141815	0.13507704436779022	0.03501594811677933
ENSMUSG00000006546	1.2104722261428833	-0.30462777614593506	-1.6182539463043213	-0.4548510015010834	1.12824547290802	0.12738631665706635	0.0420038066804409	-0.031453199684619904
ENSMUSG00000002718	0.12494512647390366	0.07294773310422897	1.5482685565948486	0.09863792359828949	-0.17021048069000244	0.15450730919837952	-0.07803747802972794	0.028117336332798004
ENSMUSG00000115862	-0.05345725640654564	0.08818033337593079	-0.18408475816249847	-0.033733200281858444	-0.3040638864040375	-0.05403605476021767	-0.08070530742406845	-0.05685622990131378
ENSMUSG00000111758	-0.03782545030117035	0.05985789746046066	-0.16900840401649475	-0.02588832378387451	-0.2597775459289551	-0.17772935330867767	0.03459601849317551	-0.009018084034323692
ENSMUSG00000094353	-0.034082893282175064	0.12169043719768524	-0.17795801162719727	-0.02279561012983322	-0.4211796820163727	-0.07991776615381241	-0.07646569609642029	-0.03343717008829117
ENSMUSG00000024188	0.11776573956012726	0.07469029724597931	1.386924386024475	0.07446300983428955	0.018694322556257248	0.1921837478876114	-0.027012435719370842	0.03028338961303234
ENSMUSG00000053730	-0.0017018747748807073	0.06987094134092331	1.2177850008010864	0.0264836885035038	0.06397238373756409	0.10550224035978317	0.009623220190405846	0.02072395570576191
ENSMUSG00000032846	-0.15830010175704956	0.06712814420461655	0.21986089646816254	-0.14638139307498932	0.4089752435684204	-0.07240664958953857	0.15458206832408905	0.11480599641799927
ENSMUSG00000102465	-0.09895886480808258	0.08326563984155655	-0.08770331740379333	-0.005616849288344383	-0.45903298258781433	-0.10594045370817184	-0.19707781076431274	-0.06276524066925049
ENSMUSG00000001053	-0.011745594441890717	-0.039547715336084366	0.2092481404542923	-0.01591142639517784	1.0171359777450562	0.3692437708377838	0.19746540486812592	0.06555265188217163
ENSMUSG00000109422	-0.07048046588897705	0.08247414231300354	-0.17288625240325928	-0.02754344791173935	-0.3080004155635834	-0.0515616238117218	-0.1313711702823639	-0.05704202130436897
ENSMUSG00000059412	0.09406623244285583	0.06844630837440491	0.04276961460709572	0.11596064269542694	0.022454848513007164	-0.11122046411037445	0.16762830317020416	-0.03382592275738716
ENSMUSG00000104968	0.020175807178020477	0.09618416428565979	0.4240800440311432	0.2708488404750824	0.39225268363952637	0.18769188225269318	-0.0016498556360602379	-0.012791267596185207
ENSMUSG00000028479	-0.095635324716568	0.04013051092624664	-0.09161145240068436	0.03440987691283226	0.3547632694244385	-0.022792119532823563	0.1782151460647583	0.04931306838989258
ENSMUSG00000095886	-1.7532169818878174	-0.9040706157684326	3.471325635910034	0.9890270233154297	-2.419595718383789	-0.49495354294776917	-0.8889720439910889	-0.6017111539840698
ENSMUSG00000072707	-0.1009819433093071	0.10975298285484314	-0.31857553124427795	-0.015355776995420456	-0.2537098228931427	-0.05772355943918228	-0.044285234063863754	-0.021064620465040207
ENSMUSG00000103523	-0.015108778141438961	0.12422434985637665	-0.04712172970175743	-0.011674009263515472	-0.5891969203948975	-0.13965606689453125	-0.03544854372739792	-0.04561943933367729
ENSMUSG00000039539	-0.17550209164619446	0.12290734052658081	-0.09804072231054306	-0.35792359709739685	-0.4970811903476715	0.07663659751415253	0.05086653679609299	0.16220898926258087
ENSMUSG00000115264	-0.004086585715413094	0.1464313268661499	-0.14539512991905212	0.0391865074634552	-0.27526381611824036	-0.13187788426876068	-0.08330830931663513	-0.03902424871921539
ENSMUSG00000029346	-0.05504288524389267	0.06615017354488373	1.1453274488449097	-0.060761790722608566	0.005841348320245743	0.13782566785812378	0.08016648143529892	0.029228975996375084
ENSMUSG00000101584	-0.035198699682950974	0.10163010656833649	-0.2821216881275177	-0.029709668830037117	-0.20558539032936096	-0.05233711749315262	0.011471924372017384	-0.02309255115687847
ENSMUSG00000043833	0.26990851759910583	-0.16733594238758087	-0.5118467211723328	-0.2295885533094406	0.2721404731273651	0.1747967004776001	0.12267797440290451	-0.03652385622262955
ENSMUSG00000104626	0.02147194929420948	0.11482474952936172	0.06711427867412567	-0.000771539518609643	-0.2582896053791046	-0.1998642534017563	-0.13507524132728577	-0.06369693577289581
ENSMUSG00000109336	-0.09033814072608948	0.04004993289709091	0.118799589574337	0.18195152282714844	0.24840809404850006	0.2276267558336258	0.13408593833446503	-0.022236661985516548
ENSMUSG00000112094	-0.007342496421188116	0.09238545596599579	0.17253372073173523	-0.049046751111745834	-0.3638620376586914	-0.05766604095697403	-0.05071563273668289	-0.051731694489717484
ENSMUSG00000062270	0.07554718852043152	-0.003846768755465746	1.5435429811477661	0.1823808252811432	-0.060653265565633774	0.15564419329166412	-0.12860113382339478	0.011595971882343292
ENSMUSG00000060992	-0.016669224947690964	0.10743948817253113	0.7105685472488403	0.16539070010185242	0.05161105468869209	0.12260739505290985	0.06318674236536026	0.0017337444005534053
ENSMUSG00000087037	-0.00078365090303123	0.10373371094465256	-0.1382780522108078	0.005399572663009167	0.07059165835380554	0.06285502761602402	0.06799229979515076	-0.04707510769367218
ENSMUSG00000075543	0.25230568647384644	0.03641204908490181	-1.2652071714401245	-0.17838962376117706	1.615395188331604	-0.044180918484926224	0.16034793853759766	0.040804311633110046
ENSMUSG00000021276	-0.06382996588945389	0.05321737378835678	1.0346646308898926	-0.042216330766677856	0.15915995836257935	0.1908741146326065	0.080870620906353	0.03185220807790756
ENSMUSG00000020827	-0.08346837013959885	0.05090396851301193	0.6459817290306091	0.02113947831094265	-0.02303827740252018	0.21960975229740143	0.05183800682425499	0.03503216430544853
ENSMUSG00000103467	0.1846093386411667	0.05891893804073334	-0.4891136884689331	0.11875604838132858	0.2845361530780792	-0.13836848735809326	0.28260138630867004	-0.035577189177274704
ENSMUSG00000100169	-0.030394671484827995	0.08333905041217804	-0.15320834517478943	-0.027425985783338547	-0.1668228954076767	-0.07671451568603516	-0.04367440193891525	-0.031171835958957672
ENSMUSG00000032356	-0.1074950098991394	0.04715488478541374	-0.3869445323944092	-0.2841963469982147	0.15191631019115448	-0.17284521460533142	0.12033446133136749	0.0643434152007103
ENSMUSG00000114333	-0.0036669850815087557	0.10837613791227341	0.2632143199443817	-0.06632586568593979	-0.3546513020992279	-0.018626203760504723	0.005477262660861015	-0.04030193015933037
ENSMUSG00000038750	-0.005950248800218105	0.07888207584619522	0.24819782376289368	0.05057224631309509	-0.21009759604930878	-0.2620600759983063	-0.10316630452871323	-0.02928493730723858
ENSMUSG00000092364	0.26076534390449524	0.06819167733192444	-1.0361692905426025	0.07778874039649963	1.2101064920425415	-0.15915286540985107	0.3004385530948639	-0.02662186697125435
ENSMUSG00000093637	0.015049010515213013	0.06539499014616013	1.362918734550476	0.06891671568155289	-0.20654989778995514	0.004620626103132963	0.09218547493219376	0.03332735225558281
ENSMUSG00000104275	0.09377408027648926	0.12123642861843109	0.9168485999107361	0.1453375369310379	0.08118512481451035	-0.08153888583183289	-0.04623974859714508	-0.045540474355220795
ENSMUSG00000042396	-0.023170508444309235	0.0713488757610321	1.1781237125396729	-0.03057248145341873	-0.02177017368376255	0.18685954809188843	0.05903223901987076	0.04134955257177353
ENSMUSG00000026274	-0.02476869523525238	0.060221582651138306	0.9503058791160583	0.04430273175239563	0.046246618032455444	0.19950176775455475	-0.0006472498062066734	0.02419285476207733
ENSMUSG00000025102	0.020902559161186218	0.05577407032251358	0.6905019283294678	0.10457103699445724	-0.10432881116867065	0.24606727063655853	0.042824145406484604	0.046028021723032
ENSMUSG00000115969	-0.04923504218459129	0.10199256241321564	0.8150607943534851	-0.045640263706445694	0.4861443340778351	0.01752706617116928	0.1888771653175354	0.006688177119940519
ENSMUSG00000055610	-0.01598355360329151	0.11045094579458237	-0.1511390060186386	-0.03763861954212189	-0.2643086910247803	-0.11191881448030472	-0.07289014011621475	-0.044214967638254166
ENSMUSG00000081536	-0.01344237569719553	0.09939467161893845	-0.07639411836862564	0.03112632967531681	-0.5779492855072021	-0.21241284906864166	-0.16415534913539886	-0.012110793963074684
ENSMUSG00000004266	-0.013956393115222454	0.0628691092133522	0.49973586201667786	0.03347095474600792	-0.01810990273952484	-0.038440681993961334	0.07546107470989227	-0.017311040312051773
ENSMUSG00000029729	0.11735410988330841	0.08646675199270248	1.1956334114074707	-0.023487931117415428	0.07341443747282028	0.11280322819948196	0.02113657258450985	0.01999436318874359
ENSMUSG00000068117	-0.08065188676118851	-0.15114320814609528	-0.21538496017456055	-0.253291517496109	0.2188401073217392	0.26078930497169495	0.11071231961250305	0.05500805750489235
ENSMUSG00000058251	-0.12667731940746307	0.0636742040514946	-0.12369202822446823	-0.037555232644081116	-0.22242362797260284	0.018935013562440872	-0.13498470187187195	-0.07455515116453171
ENSMUSG00000030660	-0.09074857085943222	0.07612546533346176	0.5063313841819763	-0.09886996448040009	0.24420416355133057	0.1328611820936203	0.14148497581481934	0.1515759527683258
ENSMUSG00000117748	-0.01833980903029442	0.06403026729822159	0.9631359577178955	0.19828034937381744	0.20031167566776276	0.1994572877883911	-0.0042752595618367195	0.002368675544857979
ENSMUSG00000109741	-0.10104990005493164	0.08053194731473923	-0.165395125746727	-0.02208763360977173	-0.3541633188724518	-0.07569094002246857	-0.09755319356918335	-0.04228202998638153
ENSMUSG00000112711	-0.0492820180952549	0.07220909744501114	0.7217541337013245	-0.02514292299747467	-0.42177921533584595	-0.017478689551353455	0.035694316029548645	-0.0011342036304995418
ENSMUSG00000064030	0.10527734458446503	0.07780642807483673	1.088331937789917	0.12788699567317963	-0.15111924707889557	0.159734845161438	-0.09079580008983612	0.016049446538090706
ENSMUSG00000024546	-0.03423931077122688	0.08657081425189972	-0.03250434249639511	-0.051554709672927856	-0.276267409324646	-0.034559138119220734	-0.04069078341126442	-0.026305703446269035
ENSMUSG00000061882	-0.08532765507698059	0.025447264313697815	0.1778971254825592	0.06179496645927429	-0.03063138760626316	0.2656863331794739	0.03264094516634941	-0.005933016072958708
ENSMUSG00000082319	0.00020003863028250635	0.13295906782150269	0.705527663230896	0.11051362007856369	-0.9940536022186279	-0.10800555348396301	-0.3989262282848358	-0.14807824790477753
ENSMUSG00000035112	0.3599306046962738	-0.2616288661956787	-0.9839810132980347	-0.19468320906162262	1.0696099996566772	0.33793747425079346	0.23477137088775635	0.07549992948770523
ENSMUSG00000089874	-0.02974860928952694	0.06004457175731659	0.010764765553176403	-0.027786431834101677	0.01615763269364834	-0.07380197942256927	0.07430199533700943	-0.04792464151978493
ENSMUSG00000020415	0.051207639276981354	0.08280736207962036	1.108978509902954	0.11927822977304459	-0.4063113331794739	0.12981188297271729	-0.0255464855581522	0.0050686681643128395
ENSMUSG00000028589	0.018198024481534958	0.09944231808185577	0.1424546092748642	-0.042937688529491425	-0.3970548212528229	-0.1933150738477707	-0.10489256680011749	-0.06541415303945541
ENSMUSG00000024981	-0.09211904555559158	0.029797369614243507	-0.02695274166762829	0.029388250783085823	0.04565255343914032	-0.08256497979164124	0.09770896285772324	0.05022992566227913
ENSMUSG00000070311	-0.037589315325021744	0.11525684595108032	-0.12138364464044571	-0.02745545655488968	-0.49458378553390503	-0.06093767285346985	-0.08107226341962814	-0.03858725354075432
ENSMUSG00000098739	-0.04351279139518738	0.09187595546245575	-0.2500017583370209	-0.017453115433454514	-0.3320755064487457	-0.11526764929294586	-0.012995061464607716	0.005363294389098883
ENSMUSG00000052302	0.15780150890350342	-0.22861869633197784	-0.8269140124320984	-0.17562027275562286	0.9350010752677917	0.13188053667545319	0.1124827116727829	-0.057768482714891434
ENSMUSG00000032849	-0.10769183933734894	0.06542077660560608	0.7832489609718323	-0.06261657178401947	-0.09402169287204742	0.2007763534784317	0.09643281996250153	0.1052393913269043
ENSMUSG00000063780	-0.03138192370533943	0.12144729495048523	-0.23557338118553162	-0.0313616544008255	-0.269338458776474	-0.13732782006263733	0.029050268232822418	-0.01684310846030712
ENSMUSG00000066137	-0.009480866603553295	0.11623352766036987	0.023233065381646156	-0.022620005533099174	-0.5080877542495728	-0.08666345477104187	-0.18597297370433807	-0.07992815971374512
ENSMUSG00000091890	0.7538025379180908	-0.2875015139579773	-1.0700466632843018	-0.2729125916957855	0.6157433986663818	0.41639813780784607	0.14397861063480377	-0.009850867092609406
ENSMUSG00000091457	-0.023131463676691055	0.09808670729398727	-0.12512892484664917	-0.04357799142599106	-0.23463144898414612	-0.09273286163806915	-0.061043769121170044	-0.07004079967737198
ENSMUSG00000117048	0.19621162116527557	0.030811626464128494	-0.3098684251308441	-0.02702314406633377	0.37748122215270996	0.04368516802787781	0.2659686207771301	0.04693560674786568
ENSMUSG00000019866	-0.10180763155221939	-0.011350028216838837	-0.31370779871940613	-0.03385387361049652	0.709597110748291	0.21874400973320007	0.2452426701784134	0.13165944814682007
ENSMUSG00000041133	0.15081262588500977	0.021799469366669655	1.796435832977295	0.43824198842048645	-1.1215132474899292	0.14691458642482758	-0.2952844798564911	-0.035030633211135864
ENSMUSG00000113803	-0.056087903678417206	0.08313655108213425	-0.2517451345920563	-0.02669513039290905	-0.2673996090888977	-0.09676657617092133	-0.094066321849823	-0.01163755264133215
ENSMUSG00000033196	-0.009829681366682053	0.13385529816150665	-0.2034299224615097	-0.033669017255306244	-0.17785602807998657	-0.20813892781734467	0.062167879194021225	-0.011012202128767967
ENSMUSG00000086971	-0.05265605077147484	0.09127062559127808	0.06578924506902695	-0.0075150178745388985	-0.43457531929016113	-0.10710972547531128	-0.05287175998091698	-0.05489259585738182
ENSMUSG00000083817	-0.03894634544849396	0.13635554909706116	-0.18062804639339447	0.17840813100337982	0.004709240514785051	-0.11424054205417633	-0.019215324893593788	-0.06328549236059189
ENSMUSG00000052382	-0.00019721056742127985	0.09263847023248672	-0.08579454571008682	-0.019773775711655617	0.21841396391391754	-0.11453212052583694	0.013971364125609398	-0.015891047194600105
ENSMUSG00000022116	0.02713577263057232	0.059443626552820206	-0.693758487701416	-0.05716733634471893	1.2758407592773438	-0.043270621448755264	0.274704247713089	-0.03308749198913574
ENSMUSG00000103772	-0.051156796514987946	0.07209280133247375	0.2961817681789398	0.04660559073090553	-0.34891045093536377	-0.017362380400300026	0.01967511884868145	-0.007622282486408949
ENSMUSG00000032420	0.227616086602211	-0.24516791105270386	-0.5966941118240356	-0.17556960880756378	0.4279952645301819	0.38608795404434204	0.13237987458705902	-0.011951987631618977
ENSMUSG00000112258	-0.03276931867003441	0.13749787211418152	-0.13357040286064148	0.002946008462458849	-0.41906487941741943	-0.15194173157215118	-0.08330321311950684	-0.04859532415866852
ENSMUSG00000055088	-0.050562892109155655	0.09032642096281052	-0.03186344727873802	-0.02745106630027294	-0.39679428935050964	-0.13386255502700806	-0.13524608314037323	-0.06920245289802551
ENSMUSG00000115623	-0.1315685212612152	0.08312084525823593	-0.1787598729133606	-0.013580122031271458	-0.2616806626319885	-0.08118823170661926	-0.1233895868062973	-0.06081923842430115
ENSMUSG00000094133	-0.06260762363672256	0.07268643379211426	-0.2340506762266159	-0.023636817932128906	-0.35088998079299927	-0.011097601614892483	-0.03153647482395172	-0.014349247328937054
ENSMUSG00000103815	-0.12066075205802917	0.062283266335725784	-0.2408384382724762	-0.03063178062438965	-0.13529014587402344	-0.0762718990445137	-0.16140758991241455	-0.04092515632510185
ENSMUSG00000054988	-0.09423191845417023	0.07096029072999954	-0.33297234773635864	-0.031987641006708145	-0.2884690761566162	-0.00368453748524189	-0.005540540441870689	0.054887738078832626
ENSMUSG00000103413	-0.06412502378225327	0.042045287787914276	-0.25718018412590027	-0.03249229118227959	-0.11268793046474457	-0.08735538274049759	0.1260596513748169	-0.010987048968672752
ENSMUSG00000026848	-0.08689360320568085	0.05386706814169884	1.0105383396148682	-0.021139519289135933	0.2944639325141907	0.22117505967617035	0.11572518944740295	0.02484135702252388
ENSMUSG00000087056	-0.029374590143561363	0.07779797166585922	-0.27054110169410706	-0.04043938219547272	0.16364623606204987	-0.1630939245223999	0.0762576013803482	-0.014399664476513863
ENSMUSG00000029062	0.039868179708719254	0.07314013689756393	1.35975980758667	0.06550882011651993	0.05470433086156845	0.17566430568695068	0.028232378885149956	0.0249150563031435
ENSMUSG00000070577	-0.07093051075935364	0.06593698263168335	-0.04050944745540619	-0.0598008967936039	0.13952083885669708	0.001763149513863027	0.1121683344244957	-0.02663460746407509
ENSMUSG00000074178	-0.007219233084470034	-0.01116194762289524	-0.6312677264213562	-0.012800328433513641	0.8384701013565063	0.25744879245758057	0.2661968469619751	0.029956495389342308
ENSMUSG00000097097	-0.03425589203834534	0.06506329774856567	0.19730636477470398	-0.05669684708118439	-0.23509351909160614	-0.08784221857786179	0.0766114667057991	-0.025389695540070534
ENSMUSG00000109635	-0.002226712880656123	0.07920388877391815	1.030120611190796	0.36046352982521057	-0.25388291478157043	-0.055827606469392776	-0.1071748435497284	0.03718024864792824
ENSMUSG00000019254	-0.060296691954135895	0.06113049387931824	0.9990612864494324	-0.048065267503261566	0.00946301780641079	0.16306570172309875	0.09082621335983276	0.02989969216287136
ENSMUSG00000049658	0.1793917864561081	0.06590013206005096	1.4560539722442627	-0.012053468264639378	-0.2974272072315216	0.1509067416191101	-0.11173278093338013	0.038321446627378464
ENSMUSG00000105985	0.030132513493299484	0.10070984065532684	0.21747004985809326	-0.028202109038829803	-0.1742904633283615	-0.1338324397802353	-0.09104285389184952	-0.07552319020032883
ENSMUSG00000026336	-0.07346958667039871	0.07455001026391983	-0.3527714014053345	-0.020350970327854156	0.00373030174523592	-0.044247861951589584	-0.021357614547014236	-0.0010261168936267495
ENSMUSG00000101079	-0.013836381025612354	0.08711375296115875	-0.27085328102111816	-0.05404595285654068	0.04894137755036354	-0.11760268360376358	-0.012873576954007149	-0.029507432132959366
ENSMUSG00000027367	-0.0474482998251915	0.048593781888484955	0.6424100399017334	0.05550963431596756	0.10792405158281326	0.255892276763916	0.05735977739095688	0.06564152240753174
ENSMUSG00000038725	-0.05179664120078087	0.07813254743814468	-0.2451034039258957	0.0007606202270835638	-0.3113807737827301	-0.09717221558094025	-0.048696618527173996	0.030790841206908226
ENSMUSG00000100333	-0.23002997040748596	0.03245973214507103	0.21755582094192505	0.25610262155532837	-1.3141212463378906	-0.25366050004959106	-0.507031261920929	-0.07666444033384323
ENSMUSG00000096144	-0.00844473298639059	0.10044786334037781	-0.13329966366291046	-0.04965842142701149	0.15590471029281616	-0.06075573340058327	0.13127833604812622	-0.02524496801197529
ENSMUSG00000083201	-0.008924863301217556	0.1341811865568161	0.05031083524227142	0.1929418444633484	-0.3495894968509674	-0.11216792464256287	-0.07564443349838257	-0.07948116213083267
ENSMUSG00000109559	-0.013636060990393162	0.12853744626045227	0.04074982553720474	0.15808449685573578	-0.28305554389953613	-0.25260403752326965	-0.0024513169191777706	-0.027314506471157074
ENSMUSG00000035314	0.055227622389793396	-0.03810903802514076	0.0650324821472168	-0.11032241582870483	0.28949376940727234	0.2492750883102417	0.14599114656448364	0.0847955048084259
ENSMUSG00000033409	-0.06781365722417831	0.07383523136377335	-0.2324157953262329	-0.0036287857219576836	-0.40493518114089966	-0.046277765184640884	0.005277334246784449	-0.025647658854722977
ENSMUSG00000027456	-0.07630621641874313	0.0679512470960617	-0.062250781804323196	-0.024466227740049362	0.3373117744922638	0.017541509121656418	0.14099059998989105	-0.023599378764629364
ENSMUSG00000015599	0.32715120911598206	-0.25920581817626953	-0.8167759776115417	-0.2724641263484955	0.832295298576355	0.35303786396980286	0.21132907271385193	0.03447692468762398
ENSMUSG00000101409	-0.05264805629849434	0.08937134593725204	0.046956658363342285	-0.06008750945329666	-0.3927863836288452	-0.11276792734861374	0.01490034069865942	-0.05010521039366722
ENSMUSG00000023140	-0.038722798228263855	0.11037037521600723	0.00311268400400877	0.019078927114605904	-0.442821741104126	0.10130614042282104	-0.18490909039974213	-0.04945103079080582
ENSMUSG00000115077	-0.05521462485194206	0.0650266632437706	0.09517769515514374	-0.06240107864141464	0.001717778155580163	-0.1010679230093956	0.05486501380801201	-0.01086190715432167
ENSMUSG00000001285	-0.05326714366674423	0.06568113714456558	1.4408175945281982	0.07747270911931992	0.044267211109399796	0.16558395326137543	0.05677586421370506	0.01043086126446724
ENSMUSG00000107656	-0.04806062579154968	0.08393501490354538	0.025324253365397453	-0.018301261588931084	-0.3753207325935364	-0.11600696295499802	-0.031073644757270813	-0.051770783960819244
ENSMUSG00000034994	-0.2545355558395386	0.0787496492266655	1.6278527975082397	0.1403793841600418	1.1343235969543457	0.15348708629608154	0.1580796092748642	-0.007421131711453199
ENSMUSG00000048377	0.33659735321998596	-0.2982499599456787	-1.3637319803237915	-0.49025145173072815	0.8237805366516113	0.4026758670806885	0.15331465005874634	-0.016629477962851524
ENSMUSG00000035234	-0.0033476657699793577	0.07956408709287643	1.113781213760376	-0.06590007990598679	-0.08869194239377975	0.15041613578796387	0.020313987508416176	0.05809354782104492
ENSMUSG00000021660	0.11623512953519821	0.07727432996034622	1.3372900485992432	0.08975301682949066	0.09260736405849457	0.2149374783039093	0.023347795009613037	0.035596996545791626
ENSMUSG00000038876	0.05767086520791054	0.06124591454863548	0.7681408524513245	-0.04887668043375015	-0.14288324117660522	0.18394410610198975	0.026999225839972496	0.08839234709739685
ENSMUSG00000095807	-0.3310351073741913	-0.04053330421447754	0.5561229586601257	0.2506542503833771	-1.2556159496307373	-0.2813129723072052	-0.5056629776954651	-0.16007116436958313
ENSMUSG00000094482	0.009219711646437645	0.1329161673784256	-0.046040840446949005	-0.01904999278485775	-0.03750289976596832	-0.08767934143543243	-0.12729598581790924	-0.0634695366024971
ENSMUSG00000074281	-0.05279636010527611	0.04790724441409111	0.1953689008951187	-0.0630570501089096	-0.021205903962254524	0.077443927526474	0.07075867056846619	0.03353644162416458
ENSMUSG00000045441	-0.09347788989543915	0.06992266327142715	-0.04334740713238716	-0.1535288691520691	-0.40018799901008606	0.10259979218244553	-0.0212454441934824	0.14116138219833374
ENSMUSG00000040325	0.13126374781131744	0.07003816962242126	1.377858281135559	0.06885781139135361	-0.17797140777111053	0.14380209147930145	-0.08465999364852905	0.029426345601677895
ENSMUSG00000021795	-0.025975627824664116	0.09451337158679962	0.13917624950408936	0.2751840651035309	-0.2457006275653839	0.02962198667228222	-0.11940263956785202	-0.023166708648204803
ENSMUSG00000110815	-0.06266080588102341	0.09689594060182571	-0.07989495247602463	-0.027637165039777756	-0.48372402787208557	-0.09659413993358612	0.06989910453557968	-0.01077323779463768
ENSMUSG00000028668	-0.041807498782873154	0.06524846702814102	0.9251905083656311	-0.06460224092006683	0.1712961196899414	0.16322891414165497	0.07916221767663956	0.06177197024226189
ENSMUSG00000030706	-0.0842851921916008	0.042448438704013824	-0.15976573526859283	-0.015319461934268475	0.09363233298063278	0.30642184615135193	0.04266316071152687	0.11350467056035995
ENSMUSG00000093877	-0.0524938739836216	0.10650846362113953	-0.2639791965484619	-0.01322717685252428	-0.31945347785949707	-0.09349214285612106	-0.05220910161733627	-0.0031340091954916716
ENSMUSG00000037860	-0.0351417176425457	0.08831264823675156	-0.3776520788669586	-0.026823174208402634	0.08602391183376312	0.007459121290594339	0.1592673808336258	-0.018504824489355087
ENSMUSG00000037364	-0.06755740940570831	0.05893782526254654	1.1615110635757446	0.07713913172483444	0.38958585262298584	0.1650974452495575	0.1235659047961235	-0.0033148545771837234
ENSMUSG00000102969	0.46670418977737427	-0.3247343897819519	-1.2950849533081055	-0.4085488021373749	0.8245716094970703	0.4386887848377228	0.13681086897850037	0.02890211157500744
ENSMUSG00000023971	-0.03051494061946869	0.062150344252586365	0.9261640906333923	0.1634301394224167	0.13809369504451752	0.13785308599472046	0.09598994255065918	-0.008990404196083546
ENSMUSG00000037101	-0.05200152471661568	0.08657880127429962	-0.11581867933273315	-0.0459083616733551	-0.13144570589065552	-0.010336135514080524	0.024013392627239227	-0.007552982773631811
ENSMUSG00000039787	-0.06961622834205627	0.05484457314014435	0.5153495669364929	-0.08193720877170563	0.2078947275876999	0.21800246834754944	0.110496886074543	0.06334589421749115
ENSMUSG00000096795	0.025251124054193497	0.14540186524391174	0.6553751230239868	0.2160910665988922	-0.7349826693534851	0.006504542659968138	-0.21041584014892578	-0.03966061770915985
ENSMUSG00000100001	-0.04903439059853554	0.10309556126594543	-0.1753125637769699	-0.02324557863175869	-0.10801050066947937	0.0116988904774189	0.048192426562309265	-0.0082118920981884
ENSMUSG00000042564	-0.12334168702363968	0.01100289449095726	0.1245800033211708	-0.05660419538617134	0.23548337817192078	0.28098219633102417	0.12433022260665894	0.09295117110013962
ENSMUSG00000105891	-0.0030807247385382652	0.09063203632831573	-0.12061254680156708	0.0427263081073761	-0.25419881939888	-0.17970700562000275	-0.04757959023118019	-0.01932164467871189
ENSMUSG00000089832	-0.08471792936325073	0.03073681890964508	0.5398103594779968	-0.06425260752439499	0.103936105966568	0.21351133286952972	0.09704980254173279	0.07667753100395203
ENSMUSG00000052221	-0.09835696965456009	-0.0908428356051445	-0.4225068986415863	-0.07513055205345154	0.3241262435913086	0.19229622185230255	0.21168948709964752	0.0789133757352829
ENSMUSG00000070531	-0.041449662297964096	0.07568512111902237	0.20332574844360352	-0.059050679206848145	-0.2857845425605774	-0.12772943079471588	0.06576897203922272	-0.033055320382118225
ENSMUSG00000027285	0.12289255112409592	0.07105763256549835	1.148903727531433	-0.017801282927393913	0.07164766639471054	0.19116787612438202	-0.07740338146686554	0.035931047052145004
ENSMUSG00000102800	-0.044362250715494156	0.07127276808023453	-0.2870902717113495	-0.032198742032051086	-0.00667378306388855	-0.1308189332485199	-0.06591947376728058	-0.016824165359139442
ENSMUSG00000027513	-0.0253442469984293	0.06417787820100784	0.26000237464904785	0.01199905201792717	-0.056353744119405746	-0.090790756046772	0.05444229766726494	-0.023964185267686844
ENSMUSG00000044176	0.01506518479436636	0.1395735889673233	-0.11345352977514267	0.2755235731601715	-0.32504886388778687	0.10646377503871918	-0.12344561517238617	-0.0204500462859869
ENSMUSG00000103947	-0.1334395408630371	0.0745726004242897	-0.0996205061674118	-0.04572984203696251	-0.16117553412914276	-0.05612640455365181	-0.033588483929634094	-0.08991962671279907
ENSMUSG00000007944	0.0670294538140297	-0.07551921904087067	-0.9131166934967041	-0.19508977234363556	0.4297916293144226	0.24000126123428345	0.2969578504562378	0.09098530560731888
ENSMUSG00000032010	-0.026317358016967773	0.044417496770620346	-0.5004780888557434	-0.07687584310770035	0.8295598030090332	0.14189296960830688	0.3135698437690735	0.02436228282749653
ENSMUSG00000115586	-0.3981493413448334	0.06296323239803314	0.01628558523952961	-0.0031903397757560015	-0.2318190187215805	-0.09829803556203842	-0.12280015647411346	-0.13021324574947357
ENSMUSG00000027824	-0.050677891820669174	0.07657073438167572	-0.015387345105409622	-0.03390666842460632	-0.35117560625076294	-0.14639964699745178	-0.105405293405056	-0.06184104084968567
ENSMUSG00000113246	-0.021399162709712982	0.09650703519582748	0.46176737546920776	0.41921278834342957	-0.3308391273021698	-0.11257382482290268	-0.061559244990348816	0.0039654746651649475
ENSMUSG00000052798	0.07471521198749542	0.07521962374448776	1.4926707744598389	0.10074929893016815	-0.0339730903506279	0.14857883751392365	-0.031546540558338165	0.025541501119732857
ENSMUSG00000113506	-0.022560395300388336	0.09289438277482986	0.4966970682144165	0.01949680969119072	0.125921368598938	-0.09033121168613434	-0.014714269898831844	-0.18596266210079193
ENSMUSG00000009075	0.8880429267883301	-0.15695267915725708	-0.9584189057350159	-0.1862609088420868	0.9710903763771057	-0.3265073299407959	0.10763809829950333	-0.07257218658924103
ENSMUSG00000104479	-0.007935166358947754	0.09030301123857498	-0.21622894704341888	-0.04008020833134651	0.2465406358242035	-0.13856494426727295	0.0943906307220459	-0.02210146188735962
ENSMUSG00000034825	-0.08682189136743546	-0.09933783859014511	-0.5810511112213135	-0.16427911818027496	0.16446851193904877	0.2873539626598358	0.15849484503269196	0.05488795414566994
ENSMUSG00000085330	-0.0030142422765493393	0.10227451473474503	-0.144840806722641	-0.026372238993644714	-0.2926355302333832	-0.1584278792142868	-0.021715320646762848	-0.02366678975522518
ENSMUSG00000034663	-0.16522422432899475	0.09500325471162796	0.26986509561538696	-0.1733333170413971	-0.051331400871276855	0.08274213969707489	0.11762537062168121	0.15519335865974426
ENSMUSG00000085044	0.020500952377915382	0.1226077750325203	-0.06124468147754669	-0.014393082819879055	-0.029254160821437836	-0.13986945152282715	0.0833519920706749	-0.030273962765932083
ENSMUSG00000027937	-0.1041279137134552	0.06818590313196182	0.82182776927948	-0.08717682212591171	0.2270037680864334	0.19954529404640198	0.1047050729393959	0.0740353986620903
ENSMUSG00000057880	-0.13865213096141815	-0.033943403512239456	0.567895233631134	-0.06405553966760635	0.1324423849582672	0.19585512578487396	0.10703744739294052	0.11021158844232559
ENSMUSG00000015850	-0.10530414432287216	-0.0003776475787162781	0.14391611516475677	-0.016947535797953606	0.3376372158527374	0.2288738191127777	0.18108047544956207	0.128790020942688
ENSMUSG00000101304	-0.003969207871705294	0.1190686970949173	0.21678537130355835	0.016431773081421852	0.09606355428695679	-0.06059499830007553	0.0660896748304367	-0.08922890573740005
ENSMUSG00000091962	-0.11136388033628464	0.1008889451622963	0.005067042540758848	0.0364055261015892	-0.26137569546699524	-0.03504861518740654	-0.1250666081905365	-0.12124490737915039
ENSMUSG00000006906	-0.1227211281657219	0.027375996112823486	0.18111705780029297	-0.04630591347813606	-0.13926184177398682	0.2136191427707672	0.09380429983139038	0.11904560029506683
ENSMUSG00000115138	-0.057485684752464294	0.09468305855989456	-0.4698951244354248	-0.031134262681007385	0.37518858909606934	0.055545732378959656	0.20119905471801758	0.04386262968182564
ENSMUSG00000020059	0.043169960379600525	0.14563533663749695	1.1235278844833374	-0.10551007091999054	0.06925095617771149	0.0628335177898407	0.050919920206069946	0.08368438482284546
ENSMUSG00000028962	-0.006502523552626371	-0.007534383330494165	-0.10361313819885254	-0.05881592258810997	0.6927950978279114	0.25329676270484924	0.27557820081710815	0.09044721722602844
ENSMUSG00000028439	-0.00557211646810174	-0.0855562761425972	-0.4817410707473755	-0.12061426788568497	0.21021100878715515	0.3406098484992981	0.19704820215702057	0.07046082615852356
ENSMUSG00000032915	-0.07313348352909088	0.09686561673879623	-0.3273986876010895	-0.026405077427625656	-0.16688242554664612	-0.05500352382659912	-0.035985901951789856	-0.0054916320368647575
ENSMUSG00000038533	0.11161239445209503	0.07777765393257141	1.161726951599121	0.13736256957054138	0.08099076896905899	0.18863894045352936	-0.06764575839042664	0.021238479763269424
ENSMUSG00000087668	-0.02446618862450123	0.07306745648384094	0.5301052331924438	0.03834511339664459	-0.34137997031211853	-0.1878933161497116	-0.048747267574071884	-0.0510086715221405
ENSMUSG00000055945	0.47855648398399353	0.0647454485297203	-1.382313847541809	-0.11892738193273544	1.4454387426376343	-0.14702695608139038	0.025713467970490456	-0.015688834711909294
ENSMUSG00000023073	-0.09947806596755981	0.09735876321792603	-0.10054083913564682	0.01425692718476057	-0.40412864089012146	-0.11081071943044662	-0.14520150423049927	-0.06517248600721359
ENSMUSG00000086711	-0.08130425214767456	-0.07269616425037384	-0.5111468434333801	-0.18021780252456665	-0.05927085503935814	0.1349199265241623	0.16398274898529053	0.021407973021268845
ENSMUSG00000094678	-0.07487016916275024	0.08690652996301651	-0.19773884117603302	-0.03441464900970459	-0.258255273103714	-0.044798217713832855	-0.13817712664604187	-0.048185139894485474
ENSMUSG00000022523	-0.1308576911687851	0.05708842724561691	-0.38675907254219055	-0.1148032397031784	-0.06363312900066376	0.13745459914207458	0.09682896733283997	0.09414934366941452
ENSMUSG00000096199	0.03368936479091644	0.1008281260728836	0.6601548194885254	0.1124785915017128	0.2029973864555359	0.20999477803707123	0.028416743502020836	-0.024066738784313202
ENSMUSG00000079084	-0.09344588965177536	0.06443877518177032	-0.2897689640522003	-0.02023986354470253	-0.3098648488521576	0.21997670829296112	-0.009718316607177258	0.05528414621949196
ENSMUSG00000027419	-0.15991806983947754	0.0026394969318062067	-0.23286783695220947	-0.1574166715145111	-0.1175067201256752	0.2532283663749695	0.0908367708325386	0.11878842115402222
ENSMUSG00000009076	-0.07857458293437958	0.0675828605890274	0.45039039850234985	0.1552153080701828	0.1321142315864563	0.20076608657836914	0.0777202621102333	-0.0033925229217857122
ENSMUSG00000114431	-0.039201244711875916	0.0843045711517334	0.6624757647514343	0.0939578115940094	-0.4315211772918701	-0.019384922459721565	-0.08688125014305115	-0.04993864893913269
ENSMUSG00000049606	0.06414942443370819	0.06598501652479172	0.8328235149383545	-0.011979329399764538	-0.05106081813573837	0.21535354852676392	-0.022125668823719025	0.06518610566854477
ENSMUSG00000107412	-0.04497062787413597	0.0897110179066658	-0.05055613815784454	-0.049907464534044266	-0.23840166628360748	-0.1913793534040451	0.004652479663491249	-0.03361116349697113
ENSMUSG00000041124	0.13010993599891663	0.060069937258958817	1.4111077785491943	0.19942046701908112	-0.21249674260616302	0.17217519879341125	-0.1236133947968483	-0.00012184543447801843
ENSMUSG00000086147	0.08943645656108856	0.07756096124649048	1.09308922290802	-0.0017477566143497825	0.07671524584293365	0.13357606530189514	-0.056256119161844254	-0.03143898397684097
ENSMUSG00000104041	0.008607175201177597	0.12647376954555511	-0.07590162009000778	0.03326992690563202	-0.3045128881931305	-0.10318400710821152	-0.06265818327665329	-0.06910130381584167
ENSMUSG00000037669	-0.054932355880737305	0.06584082543849945	0.6460618376731873	-0.05996955558657646	-0.48363402485847473	0.16665750741958618	-0.0363723523914814	-0.015002768486738205
ENSMUSG00000091487	-0.06868413090705872	0.06709583103656769	0.12226374447345734	0.014759819954633713	-0.3482687771320343	-0.06904608011245728	-0.28758713603019714	-0.12040038406848907
ENSMUSG00000044734	-0.009190337732434273	0.09430452436208725	0.09805236756801605	-0.007809305097907782	-0.44136160612106323	-0.04628973826766014	-0.060552000999450684	-0.03920000046491623
ENSMUSG00000081166	-0.45184385776519775	-0.04717209190130234	0.5365363955497742	0.7646679878234863	-1.200027585029602	-0.7039632201194763	-0.2884579300880432	0.16899006068706512
ENSMUSG00000021356	0.07200029492378235	-0.2707100212574005	-0.7901914715766907	-0.20779849588871002	0.7197973132133484	0.28519073128700256	0.15118832886219025	-0.0013057044707238674
ENSMUSG00000107682	0.136795774102211	0.07754384726285934	-0.8471235632896423	0.03402847796678543	0.9073342084884644	-0.18031349778175354	0.41795897483825684	-0.03793471306562424
ENSMUSG00000107468	0.012547832913696766	0.11305464059114456	0.1334780752658844	-0.047523222863674164	-0.5600723624229431	-0.10576877743005753	-0.05868840217590332	-0.07549640536308289
ENSMUSG00000105244	-0.04159965366125107	0.12286151200532913	0.07894410938024521	0.0036132014356553555	-0.12472418695688248	-0.06862220913171768	-0.07958382368087769	-0.06918973475694656
ENSMUSG00000110468	-0.013954158872365952	0.0968136340379715	-0.21418339014053345	-0.02014360949397087	-0.24630264937877655	-0.14692704379558563	-0.02153938077390194	-0.012161348015069962
ENSMUSG00000044286	0.0057188961654901505	0.09044040739536285	0.2796552777290344	-0.037184569984674454	-0.4205602705478668	-0.08788622915744781	-0.08524420857429504	-0.04442476108670235
ENSMUSG00000035297	0.09870972484350204	0.06824958324432373	1.035138726234436	-0.06053701043128967	-0.18389080464839935	0.15979057550430298	-0.0770862028002739	0.02813810110092163
ENSMUSG00000020424	-0.0022887438535690308	-0.08971354365348816	0.02676762267947197	-0.03880792483687401	0.5322512984275818	0.30456650257110596	0.20602115988731384	0.11780896782875061
ENSMUSG00000103740	-0.07271044701337814	0.0683506652712822	0.23867566883563995	-0.06043698638677597	-0.48910456895828247	0.039099618792533875	-0.11545640230178833	-0.14061874151229858
ENSMUSG00000086800	-0.04737658053636551	0.0728413537144661	-0.28124144673347473	0.0036222441121935844	-0.4334670901298523	-0.11535792052745819	0.10364541411399841	0.01819893904030323
ENSMUSG00000117737	-0.005049288272857666	0.10534682869911194	-0.16266265511512756	-0.022987406700849533	-0.258791983127594	-0.14236262440681458	-0.10664639621973038	-0.028730008751153946
ENSMUSG00000038535	-0.005864172708243132	0.18179306387901306	1.0690809488296509	-0.10900115221738815	0.07048071175813675	-0.002279745414853096	0.07525677233934402	0.0782538652420044
ENSMUSG00000054934	-0.04703664779663086	-0.05335322394967079	-0.4303928017616272	-0.19160306453704834	0.326839417219162	0.08632921427488327	0.13063599169254303	0.03230705484747887
ENSMUSG00000094152	-0.10610337555408478	0.018048502504825592	0.4752498269081116	0.0725320354104042	-0.14061027765274048	0.2767275869846344	0.03936399519443512	0.038899216800928116
ENSMUSG00000073130	-0.12889355421066284	0.11912259459495544	0.023359544575214386	0.0064898948185145855	-0.6561801433563232	-0.1155998706817627	-0.1352926790714264	-0.09173465520143509
ENSMUSG00000022357	-0.031301721930503845	0.08018907904624939	-0.06427755951881409	-0.03573743253946304	-0.30126044154167175	-0.1817251443862915	-0.015627402812242508	-0.011037996970117092
ENSMUSG00000111056	-0.09436935186386108	0.06359659135341644	0.3435363471508026	-0.018698591738939285	-0.4628862142562866	-0.04284971207380295	0.014046426862478256	0.08552456647157669
ENSMUSG00000034652	-0.05615532770752907	0.08196533471345901	-0.19183865189552307	-0.007396423723548651	-0.2816871702671051	-0.18186523020267487	0.03203802928328514	0.0067188129760324955
ENSMUSG00000045409	-0.10619920492172241	0.07177773118019104	0.4842197895050049	-0.024449927732348442	0.2991889715194702	0.21205109357833862	0.14279568195343018	0.05114339664578438
ENSMUSG00000090936	-0.03991379216313362	0.0810861885547638	0.6866891980171204	0.3440166115760803	-0.057079724967479706	0.2298157811164856	0.025417743250727654	0.02872907929122448
ENSMUSG00000059821	-0.2989453971385956	0.04400236904621124	-0.00602457532659173	-0.015259182080626488	-0.044835783541202545	-0.07249028980731964	-0.13892045617103577	-0.13536439836025238
ENSMUSG00000021252	-0.02166394516825676	0.06856255233287811	1.1024702787399292	-0.02965322509407997	0.1299874633550644	0.15976393222808838	0.049338631331920624	0.028251729905605316
ENSMUSG00000020994	-0.012880649417638779	0.066163569688797	1.3045098781585693	0.02427697367966175	0.05067746341228485	0.16993221640586853	0.02966926246881485	0.020601365715265274
ENSMUSG00000113065	0.04074498638510704	0.09144800156354904	0.6441341638565063	-0.04536088556051254	-0.1481190174818039	-0.04326464235782623	-0.0933062955737114	-0.07216891646385193
ENSMUSG00000031295	0.06361624598503113	0.06885157525539398	1.1045509576797485	0.1591150313615799	-1.0839862823486328	0.10562532395124435	-0.2791035771369934	-0.031217683106660843
ENSMUSG00000086995	-0.0044067963026463985	0.14550234377384186	-0.25703686475753784	-0.002243185183033347	-0.1621147096157074	-0.14400865137577057	-0.025662841275334358	-0.02631472609937191
ENSMUSG00000057163	-0.023998629301786423	0.1021147072315216	-0.0407182015478611	-0.025521976873278618	-0.5265762209892273	-0.07242068648338318	-0.06278345733880997	-0.05837457999587059
ENSMUSG00000044465	0.0923677608370781	0.07660087198019028	1.1921442747116089	0.10460805892944336	-0.18937009572982788	0.1313663125038147	-0.08942906558513641	0.018676353618502617
ENSMUSG00000050600	-0.0801253542304039	0.08409629762172699	-0.27608704566955566	-0.023045942187309265	-0.0920492485165596	-0.028217606246471405	0.09435614943504333	0.01684747450053692
ENSMUSG00000024274	-0.04757147282361984	0.05668944865465164	0.013696091249585152	-0.006912871729582548	-0.07252326607704163	0.27853477001190186	-0.01188967190682888	0.08614771068096161
ENSMUSG00000089785	-0.03811507299542427	0.08369986712932587	0.049964889883995056	-0.03536687418818474	-0.2670201063156128	0.10050872713327408	-0.08870399743318558	0.07205667346715927
ENSMUSG00000041957	-0.09100644290447235	0.05812903866171837	0.4935794770717621	-0.08114965260028839	-0.1236431673169136	0.1902463734149933	0.059426628053188324	0.15237578749656677
ENSMUSG00000054520	-0.0729595497250557	0.03992408141493797	-0.1398417353630066	-0.010969754308462143	-0.02156360074877739	-0.024259144440293312	0.12077606469392776	0.04782792553305626
ENSMUSG00000085207	0.17534692585468292	-0.07016336172819138	-0.20877544581890106	-0.02664504200220108	0.6874496340751648	0.32966718077659607	0.21759498119354248	0.1218484491109848
ENSMUSG00000100057	0.052555717527866364	-0.1517726629972458	1.0955334901809692	0.15140943229198456	-1.656540870666504	-0.25225767493247986	-1.0774370431900024	-0.30205100774765015
ENSMUSG00000092415	-0.02728108875453472	0.12088993191719055	-0.24652186036109924	0.02893739938735962	-0.02223966270685196	-0.17771610617637634	0.07150499522686005	-0.023309534415602684
ENSMUSG00000006269	0.027471737936139107	0.059638477861881256	-0.5872140526771545	-0.017858125269412994	0.49644288420677185	-0.14086273312568665	0.36235886812210083	-0.025974605232477188
ENSMUSG00000070695	-0.11619965732097626	0.050650302320718765	-0.3191719353199005	-0.04465794935822487	-0.08123112469911575	0.005595073103904724	0.026939434930682182	0.06328871846199036
ENSMUSG00000038578	-0.16568931937217712	0.05096910521388054	0.08622955530881882	-0.251951664686203	0.015360734425485134	0.16175788640975952	0.12917771935462952	0.11667197197675705
ENSMUSG00000021288	-0.11807452142238617	0.035816263407468796	0.8011127710342407	-0.08571287244558334	0.22322463989257812	0.22856542468070984	0.13684958219528198	0.07534463703632355
ENSMUSG00000105711	-0.1177363321185112	0.08015335351228714	0.06927026063203812	-0.02889520674943924	-0.29725658893585205	-0.014494353905320168	-0.17846150696277618	-0.12398437410593033
ENSMUSG00000052160	-0.022525761276483536	0.07496915757656097	0.2480926364660263	0.10473772138357162	-0.22777549922466278	-0.10473959147930145	0.03481336683034897	-0.045651327818632126
ENSMUSG00000090121	-0.014477581717073917	0.09933310747146606	-0.14593841135501862	0.02576383203268051	-0.2849059998989105	-0.15533418953418732	-0.03467642515897751	-0.022731266915798187
ENSMUSG00000115492	-0.15658880770206451	0.0873909741640091	-0.26805761456489563	-0.010485982522368431	-0.2631949484348297	-0.025919565930962563	-0.11180200427770615	-0.04003901034593582
ENSMUSG00000060888	-0.03963501751422882	0.09378749132156372	-0.17857025563716888	-0.02329333871603012	-0.27119341492652893	-0.1264752447605133	-0.11805102974176407	-0.02688761055469513
ENSMUSG00000109197	-0.10751591622829437	0.09444113820791245	-0.1741139441728592	-0.0020952862687408924	-0.2755449712276459	-0.19907468557357788	-0.05383147671818733	-0.029347753152251244
ENSMUSG00000053985	-0.12370771169662476	0.02689382992684841	0.009050983004271984	-0.034808024764060974	-0.028523243963718414	0.20453523099422455	0.09474308043718338	0.1197330579161644
ENSMUSG00000108258	0.07568150013685226	0.09568359702825546	0.7904671430587769	0.05704592540860176	-0.08471015095710754	0.07000644505023956	-0.026849471032619476	-0.03912543132901192
ENSMUSG00000028567	-0.04055895656347275	0.07565261423587799	0.6137473583221436	0.059934839606285095	0.41709086298942566	0.2530786693096161	0.0771612748503685	0.016403403133153915
ENSMUSG00000027007	-0.10993827879428864	0.07149811089038849	0.4203909933567047	-0.1010424792766571	-0.27451470494270325	0.1437125951051712	0.04511731117963791	0.1610284447669983
ENSMUSG00000084945	-0.025600962340831757	0.09954126179218292	0.18926598131656647	-0.05479415878653526	-0.04010266810655594	-0.13905641436576843	-0.008154721930623055	-0.04917774721980095
ENSMUSG00000117029	-0.05080704763531685	0.06828222423791885	0.04642743244767189	-0.042602311819791794	-0.299826979637146	0.02604386769235134	-0.03704304248094559	0.008110381662845612
ENSMUSG00000104086	-0.02835203893482685	0.07915928214788437	-0.437701940536499	-0.010180456563830376	0.004162051249295473	-0.14704328775405884	0.1483822464942932	0.019330423325300217
ENSMUSG00000049336	-0.18303538858890533	0.0766904205083847	-0.18633881211280823	-0.2806805670261383	-0.464529812335968	0.11773547530174255	0.06048509106040001	0.11518462002277374
ENSMUSG00000103649	0.0783698707818985	0.08954770863056183	1.287455439567566	0.04265105351805687	-0.13007594645023346	0.003287689760327339	0.0015166467055678368	0.030179204419255257
ENSMUSG00000108689	0.06398126482963562	0.03221456706523895	1.4770612716674805	0.0812496766448021	0.06374788284301758	0.05104229971766472	-0.11198295652866364	0.0009056944400072098
ENSMUSG00000021792	-0.1014273539185524	0.036346692591905594	0.41133394837379456	-0.05782075971364975	-0.2551756203174591	0.14754360914230347	0.06670281291007996	0.09275463968515396
ENSMUSG00000037167	-0.2092648148536682	0.08707951754331589	0.3516961634159088	0.029711870476603508	-0.21979884803295135	-0.27584269642829895	-0.14183764159679413	-0.11784903705120087
ENSMUSG00000110259	-0.07023636996746063	0.10309121757745743	-0.09130478650331497	-0.027390815317630768	-0.33686351776123047	-0.1058366671204567	-0.03242882713675499	-0.08356485515832901
ENSMUSG00000112407	-0.1189456656575203	0.11199771612882614	-0.18437758088111877	0.01578032225370407	-0.3450205326080322	-0.14827141165733337	-0.11264128983020782	-0.04062620550394058
ENSMUSG00000098684	-0.021491359919309616	0.09562861174345016	-0.03890923038125038	0.005756450351327658	-0.3206331133842468	-0.23372280597686768	-0.06558403372764587	-0.022211167961359024
ENSMUSG00000034910	-0.002444738056510687	-0.18210849165916443	-0.5853455066680908	-0.2106914520263672	0.47899410128593445	0.1006874293088913	0.0796375498175621	-0.028204992413520813
ENSMUSG00000024965	0.013142361305654049	0.09620781987905502	0.7194639444351196	0.3495060205459595	0.02829248644411564	0.04127180948853493	-0.0003119780740235001	0.02663349360227585
ENSMUSG00000049103	-0.1269727647304535	0.06851182132959366	-0.06993165612220764	-0.03145958483219147	-0.12588036060333252	-0.0663561001420021	-0.14158135652542114	-0.10945932567119598
ENSMUSG00000027884	-0.01071598008275032	0.06092685088515282	0.6907296180725098	-0.058798860758543015	-0.20800572633743286	0.19414246082305908	0.027616702020168304	0.07965508103370667
ENSMUSG00000079091	-0.04676651954650879	0.09539361298084259	-0.18884657323360443	-0.025549082085490227	-0.4076232612133026	-0.05685494467616081	-0.05025869980454445	-0.028581595048308372
ENSMUSG00000106756	0.026538409292697906	0.11221454292535782	0.09713950753211975	-0.014989495277404785	-0.33791854977607727	-0.15034428238868713	-0.06146390363574028	-0.033729419112205505
ENSMUSG00000048982	0.0032744070049375296	0.100044384598732	0.055245157331228256	-0.030855581164360046	-0.1224687471985817	-0.07139572501182556	-0.07942520827054977	-0.04811682552099228
ENSMUSG00000055681	-0.0216125026345253	0.06307948380708694	1.3562102317810059	0.027965087443590164	-0.11253304779529572	0.09921108931303024	0.05858056992292404	0.019499048590660095
ENSMUSG00000086384	-0.04454660788178444	0.08043434470891953	-0.22680968046188354	-0.007458865642547607	-0.2530195713043213	-0.1912432610988617	-0.00062158441869542	-0.018637288361787796
ENSMUSG00000086947	0.053449369966983795	0.10081011056900024	0.5000588297843933	-0.06802979111671448	-0.03711247444152832	-0.14444054663181305	-0.012083380483090878	-0.061429426074028015
ENSMUSG00000074445	-0.019407495856285095	0.0932878777384758	-0.3727746307849884	-0.04249970614910126	0.058547236025333405	-0.045662347227334976	0.06586097925901413	-0.028589846566319466
ENSMUSG00000097247	-0.13051429390907288	-0.09943542629480362	-0.3684462010860443	-0.202196404337883	-0.35281333327293396	0.20810581743717194	0.08364835381507874	0.024887556210160255
ENSMUSG00000020090	-0.04860931262373924	-0.07781591266393661	-0.6961658596992493	-0.0679338201880455	1.0461993217468262	0.04151354357600212	0.2714706361293793	0.09238412231206894
ENSMUSG00000052909	-0.029376499354839325	0.12015052139759064	-0.27781617641448975	-0.017048809677362442	-0.1609237641096115	-0.06816242635250092	-0.041285041719675064	-0.015682509168982506
ENSMUSG00000108511	-0.11806199699640274	0.060445547103881836	0.12281972914934158	-0.06477544456720352	-0.27076447010040283	0.22805289924144745	0.05199110135436058	0.11283561587333679
ENSMUSG00000072501	0.0194955226033926	0.07192565500736237	0.7785110473632812	-0.06592883914709091	-0.33332619071006775	0.14311259984970093	-0.05541533604264259	0.16070374846458435
ENSMUSG00000095831	-0.028120780363678932	0.11515939980745316	-0.22515740990638733	-0.031405020505189896	-0.4163011610507965	-0.12324704974889755	-0.04791128262877464	-0.008740819990634918
ENSMUSG00000025266	0.1489485204219818	-0.013136415742337704	2.069967269897461	0.47350993752479553	-1.0951193571090698	0.08685915172100067	-0.2742050290107727	-0.02317551150918007
ENSMUSG00000029587	0.08895662426948547	-0.06096520274877548	0.07503677159547806	-0.04336588829755783	0.34942230582237244	0.30382996797561646	0.19909878075122833	0.10863154381513596
ENSMUSG00000027803	-0.06348147243261337	0.06948094069957733	0.38793259859085083	-0.05493368208408356	-0.27317532896995544	0.19652439653873444	0.001109335571527481	0.15582574903964996
ENSMUSG00000040231	-0.1109507828950882	-0.01815006323158741	-0.041598863899707794	-0.08355807512998581	0.10705123096704483	0.31789952516555786	0.10732132196426392	0.060040201991796494
ENSMUSG00000030847	-0.10709201544523239	0.06006257236003876	0.7950804233551025	-0.06092275679111481	0.05976126715540886	0.19523730874061584	0.10871382802724838	0.09644211083650589
ENSMUSG00000111449	-0.026906587183475494	0.0553429014980793	0.35211047530174255	0.06283698976039886	-0.09942392259836197	0.025240158662199974	0.06708784401416779	-0.04449952021241188
ENSMUSG00000106617	-0.021433891728520393	0.03446628898382187	0.6391434669494629	0.08187808096408844	-0.0439114086329937	0.06481492519378662	0.1353912651538849	0.0017899976810440421
ENSMUSG00000098322	0.17138801515102386	0.07786888629198074	-0.6233283877372742	-0.03992294520139694	0.35700201988220215	-0.17695669829845428	0.30067119002342224	-0.017490511760115623
ENSMUSG00000107434	-0.019181575626134872	0.10534484684467316	-0.14527229964733124	-0.02503601461648941	-0.4378170371055603	-0.12188298255205154	-0.06986267119646072	-0.028745971620082855
ENSMUSG00000106696	0.06697205454111099	0.1234252005815506	0.7938618659973145	0.543479323387146	-0.3879435658454895	0.07916095107793808	-0.18446552753448486	0.03419683873653412
ENSMUSG00000111481	-0.2240484356880188	0.006748620420694351	0.6478138566017151	-0.04404119402170181	0.010861370712518692	0.02141699381172657	-0.11558344960212708	-0.17580193281173706
ENSMUSG00000108289	-0.0016266319435089827	0.0897650271654129	-0.061410389840602875	-0.045728184282779694	-0.14351220428943634	-0.11746014654636383	-0.030873527750372887	-0.03115055523812771
ENSMUSG00000040760	-0.08044593036174774	0.0896347239613533	0.5314701795578003	-0.07538454234600067	0.06734631210565567	0.18648917973041534	0.049061838537454605	0.14232730865478516
ENSMUSG00000091381	-0.05518456920981407	0.08708023279905319	-0.197377547621727	-0.035193074494600296	-0.07849671691656113	-0.10432467609643936	-0.03230379521846771	-0.036439552903175354
ENSMUSG00000081864	-0.030933156609535217	0.0803893581032753	-0.036776602268218994	-0.04374482110142708	-0.3646882176399231	-0.1065881997346878	-0.15475362539291382	-0.07377380132675171
ENSMUSG00000105531	-0.04230257123708725	0.09643001854419708	-0.19558033347129822	-0.0333370566368103	-0.2358129471540451	-0.186815083026886	0.04249713569879532	-0.010550204664468765
ENSMUSG00000082475	-0.007184184622019529	0.09852728247642517	-0.13541805744171143	-0.02642848528921604	-0.4156385064125061	-0.14038284122943878	-0.027077792212367058	-0.01902887597680092
ENSMUSG00000007097	-0.018470587208867073	0.06945312023162842	-0.03638676926493645	-0.06234559044241905	-0.10190177708864212	-0.1498599648475647	0.09203621745109558	-0.03139719367027283
ENSMUSG00000110989	-0.03954049572348595	0.08423259854316711	0.04143477976322174	-0.04379221051931381	-0.11932259798049927	-0.06971709430217743	0.05478779226541519	-0.005199145525693893
ENSMUSG00000030834	-0.08620710670948029	0.08089647442102432	0.048261795192956924	-0.0030178942251950502	-0.22220838069915771	-0.07861758023500443	0.04318839684128761	0.076764777302742
ENSMUSG00000106178	-0.0284566730260849	0.07679691165685654	-0.37962672114372253	-0.037001579999923706	0.06701106578111649	-0.1278289556503296	0.1947854608297348	-0.018714750185608864
ENSMUSG00000020472	-0.06405972689390182	0.06177539378404617	0.23631645739078522	-0.07917328923940659	0.36796706914901733	0.0060059912502765656	0.17693765461444855	-0.015093621797859669
ENSMUSG00000038811	0.07394088059663773	0.08203558623790741	-0.028971461579203606	-0.03204548731446266	0.4928305149078369	-0.15262968838214874	0.2583751678466797	-0.007100731134414673
ENSMUSG00000030209	-0.16402140259742737	0.059353023767471313	-0.08949726074934006	-0.1369546502828598	-0.1506592035293579	0.18745975196361542	0.0841750055551529	0.1584153175354004
ENSMUSG00000056679	0.047877922654151917	0.14508382976055145	0.47793734073638916	0.16598427295684814	-0.8735751509666443	-0.1325819492340088	-0.17827735841274261	-0.0011836530175060034
ENSMUSG00000022913	0.0478481762111187	0.06805748492479324	1.1311938762664795	0.024666927754878998	-0.22312791645526886	0.1479751467704773	-0.034475505352020264	0.02588375099003315
ENSMUSG00000079603	0.003901680000126362	0.1053697019815445	0.11654449254274368	-0.0347413532435894	-0.5655913352966309	-0.18933816254138947	-0.07702891528606415	-0.05420481041073799
ENSMUSG00000109033	-0.19658522307872772	0.07651246339082718	-0.12619894742965698	0.014530932530760765	-0.4052122235298157	0.00432016234844923	-0.1802939623594284	-0.06162006035447121
ENSMUSG00000079105	-0.039518360048532486	0.07806692272424698	-0.07041577994823456	-0.03776595741510391	-0.28361549973487854	-0.07616128027439117	-0.0920751541852951	-0.061387814581394196
ENSMUSG00000043251	0.16192668676376343	-0.051619432866573334	-0.9802072048187256	-0.036122117191553116	1.6275063753128052	0.1602814793586731	0.2861652970314026	0.027985326945781708
ENSMUSG00000034122	-0.14744701981544495	0.08116262406110764	-0.10903114080429077	-0.0016488125547766685	-0.38142403960227966	-0.07497677206993103	-0.15218642354011536	-0.07100941985845566
ENSMUSG00000050052	-0.1437959223985672	-0.007511982228606939	0.04796331003308296	-0.041995663195848465	0.15706045925617218	0.2984696328639984	0.13504132628440857	0.14396634697914124
ENSMUSG00000112153	-0.06439770013093948	0.04915499687194824	-0.37423405051231384	0.01143482606858015	-0.2258549928665161	-0.15579141676425934	0.06167338415980339	0.03465142846107483
ENSMUSG00000056305	-0.0534353144466877	0.10986324399709702	1.3180254697799683	-0.10828358680009842	0.046252842992544174	0.1232413649559021	0.10941062867641449	0.04617027938365936
ENSMUSG00000062867	-0.07822750508785248	0.08323949575424194	2.022319793701172	0.11116379499435425	0.3702625632286072	0.1166963279247284	0.10316508263349533	0.06474954634904861
ENSMUSG00000039810	-0.07318750023841858	0.07534661889076233	0.9672079682350159	0.221321240067482	0.47240471839904785	0.15630102157592773	0.08550440520048141	-0.0028944655787199736
ENSMUSG00000078118	-0.12743651866912842	0.05063357949256897	-0.06276373565196991	-0.05710918456315994	-0.16299143433570862	0.028180208057165146	-0.18007850646972656	-0.08443450927734375
ENSMUSG00000023978	-0.03324275463819504	0.05435502901673317	0.2871186137199402	-0.076079823076725	0.16550682485103607	-0.04987199231982231	0.10464257001876831	-0.0049440860748291016
ENSMUSG00000070808	-0.10348846763372421	0.02181953936815262	0.40125638246536255	0.012215091846883297	0.13299937546253204	0.2615780830383301	0.07297851890325546	0.04397561401128769
ENSMUSG00000068580	-0.025238657370209694	0.06317071616649628	0.9173400402069092	0.1451386958360672	-0.15038573741912842	0.11541631817817688	0.05872912332415581	-0.0006289136945270002
ENSMUSG00000109808	0.017148470506072044	0.15796609222888947	-0.11024530231952667	0.052357058972120285	-0.3077046573162079	-0.14087353646755219	-0.05854564532637596	-0.0569913275539875
ENSMUSG00000103195	0.03148331120610237	-0.25168755650520325	-0.9802963733673096	-0.2906169593334198	0.422469824552536	0.23734337091445923	0.17837053537368774	0.00785690825432539
ENSMUSG00000099025	0.014322081580758095	0.11805766075849533	0.05344044789671898	0.01807098649442196	-0.6265544295310974	-0.19780613481998444	-0.1077844649553299	-0.04253213480114937
ENSMUSG00000050179	-0.033364247530698776	0.09518805146217346	-0.36122140288352966	-0.017683448269963264	-0.1248837560415268	-0.22841493785381317	0.17974497377872467	0.0005298580508679152
ENSMUSG00000042523	-0.041947707533836365	0.1152469664812088	0.12104347348213196	0.06567157804965973	-0.09315302968025208	0.05762664973735809	0.01637262850999832	-0.023646840825676918
ENSMUSG00000118516	-0.012939171865582466	0.08320999890565872	0.2723659574985504	-0.044514723122119904	-0.18464218080043793	-0.23620378971099854	-0.07851199060678482	-0.05854429304599762
ENSMUSG00000082195	0.09108056128025055	-0.08088623732328415	-0.7111437916755676	-0.04777580872178078	0.7313744425773621	0.3559810221195221	0.15243259072303772	0.10431091487407684
ENSMUSG00000116871	0.09197510033845901	0.13975626230239868	0.8893640637397766	0.08026976883411407	-0.18519097566604614	-0.00836313795298338	-0.024107232689857483	-0.02815530076622963
ENSMUSG00000047617	0.01917393133044243	-0.002775694476440549	-0.22908508777618408	-0.05080745741724968	0.26209557056427	0.2794146239757538	0.2521740794181824	0.08569809794425964
ENSMUSG00000085889	-0.05196351930499077	0.06530643254518509	0.25792717933654785	0.036121658980846405	0.39735960960388184	-0.01166334468871355	0.07272710651159286	-0.02192903496325016
ENSMUSG00000093663	-0.1209907978773117	0.05375859886407852	-0.0673699751496315	-0.05787423253059387	-0.04280718415975571	-0.07194919884204865	-0.08261007070541382	-0.10548187047243118
ENSMUSG00000092470	-0.09922212362289429	0.049732908606529236	0.3289937973022461	0.030021967366337776	0.08661913871765137	0.26269832253456116	0.13132716715335846	0.036609962582588196
ENSMUSG00000111846	0.025817925110459328	0.18704979121685028	0.11164532601833344	0.28384026885032654	-0.11379747092723846	-0.12249204516410828	-0.08607728034257889	-0.05860760807991028
ENSMUSG00000037740	-0.115766741335392	-0.007678336463868618	0.5743497610092163	-0.06604241579771042	0.5786412358283997	0.29334819316864014	0.1824456751346588	0.08436064422130585
ENSMUSG00000114532	0.018022606149315834	0.11616884171962738	0.49927547574043274	0.30416545271873474	-0.029044046998023987	-0.09624968469142914	-0.03961191698908806	0.007407738361507654
ENSMUSG00000102014	0.011432524770498276	0.11471370607614517	0.24156810343265533	0.2084084153175354	-0.22698628902435303	0.1560763716697693	-0.06631414592266083	-0.007498547900468111
ENSMUSG00000094699	-0.38146817684173584	0.05889441817998886	0.3489121198654175	0.04416341334581375	-1.1769828796386719	-0.23624545335769653	-0.30762770771980286	-0.2290748804807663
ENSMUSG00000095990	0.0786656066775322	0.0796085000038147	0.7794766426086426	0.11168739944696426	0.08960240334272385	0.19805873930454254	-0.09835348278284073	0.014091060496866703
ENSMUSG00000114745	-0.01968853734433651	0.09069671481847763	-0.0798589289188385	-0.04711431637406349	-0.3722606301307678	-0.08784498274326324	-0.007316641975194216	-0.04368027299642563
ENSMUSG00000113593	-0.014250789768993855	0.0784347802400589	0.08524025976657867	-0.05142315477132797	-0.47788161039352417	-0.1497512310743332	-0.11949732899665833	-0.059901464730501175
ENSMUSG00000044749	-0.0023208693601191044	0.1356101930141449	-0.08325022459030151	-0.008389193564653397	-0.23942983150482178	-0.012977516278624535	-0.08767488598823547	-0.058457642793655396
ENSMUSG00000021218	0.09540865570306778	0.08737499266862869	1.3800654411315918	0.05863610655069351	-0.018460020422935486	0.17575977742671967	-0.027060357853770256	0.03536292165517807
ENSMUSG00000019988	0.06683039665222168	0.06659780442714691	0.884644627571106	-0.05293697491288185	-0.5143004059791565	0.16231605410575867	-0.12830263376235962	0.06737563014030457
ENSMUSG00000113995	0.0024504559114575386	0.006039328407496214	-0.6405593156814575	-0.033857762813568115	0.7797051072120667	0.06678304076194763	0.38490962982177734	0.00555140245705843
ENSMUSG00000037001	-0.04516179487109184	0.059126630425453186	0.8460020422935486	0.032761309295892715	-0.20955370366573334	0.18636177480220795	0.025392713025212288	0.010530030354857445
ENSMUSG00000071369	-0.1659145951271057	0.1317407488822937	0.017331650480628014	-0.3192245662212372	0.04730222746729851	-0.23811395466327667	0.1364433318376541	0.1154397651553154
ENSMUSG00000096555	-0.13240042328834534	0.0621812678873539	-0.18476037681102753	-0.0289399866014719	-0.20382820069789886	-0.10197344422340393	-0.12478824704885483	-0.050714511424303055
ENSMUSG00000102022	-0.21665853261947632	0.07290411740541458	0.29555562138557434	0.21916592121124268	-1.2248470783233643	-0.12441771477460861	-0.6410438418388367	0.01376283634454012
ENSMUSG00000106634	-0.050145894289016724	0.09499890357255936	-0.1252523958683014	-0.029998522251844406	-0.35077258944511414	-0.06674155592918396	-0.08431284129619598	-0.059854067862033844
ENSMUSG00000117888	0.028022993355989456	0.0855146199464798	-0.17902639508247375	0.024695878848433495	-0.3774348199367523	-0.0398537777364254	0.011900910176336765	-0.02684401534497738
ENSMUSG00000103256	-0.015428679063916206	0.0778624638915062	-0.37344083189964294	-0.019934089854359627	0.0500912144780159	-0.13069051504135132	0.0813189223408699	-0.002333985874429345
ENSMUSG00000005718	-0.093623086810112	0.0627797544002533	1.025639295578003	0.011153316125273705	0.6356322765350342	0.2554246783256531	0.10572978854179382	0.028397416695952415
ENSMUSG00000103739	0.005907716229557991	0.1021270826458931	0.5565854907035828	0.13039958477020264	0.18253512680530548	0.08355102688074112	-0.06444225460290909	-0.0558355338871479
ENSMUSG00000101770	-0.31482312083244324	-0.12628334760665894	0.7503308057785034	0.2835005819797516	-1.511907696723938	-0.1721501350402832	-0.7420855164527893	-0.1297854781150818
ENSMUSG00000087086	-0.011431430466473103	0.09793257713317871	-0.08278968930244446	-0.0299458596855402	-0.3581511676311493	-0.12958979606628418	-0.08043520152568817	-0.05026040971279144
ENSMUSG00000072813	-0.1072443276643753	0.09126768261194229	0.10196158289909363	-0.00973712932318449	-0.5270973443984985	-0.19808349013328552	-0.1511801779270172	-0.06129312887787819
ENSMUSG00000086484	-0.040284935384988785	0.06975415349006653	0.30939170718193054	-0.023436015471816063	-0.28594541549682617	-0.09494689106941223	0.039629269391298294	-0.03231464698910713
ENSMUSG00000074194	-0.026617614552378654	0.11345574259757996	-0.04840894043445587	-0.07363156974315643	0.20474588871002197	-0.07051555067300797	0.13283850252628326	-0.03770263493061066
ENSMUSG00000040372	-0.15739360451698303	-0.01211138442158699	-0.38802266120910645	-0.24793531000614166	-0.25388863682746887	0.19179795682430267	0.10058781504631042	0.03945612534880638
ENSMUSG00000025196	-0.12886859476566315	0.02468843199312687	0.12507930397987366	-0.03496449068188667	0.17178067564964294	0.22978787124156952	0.12647797167301178	0.1286289095878601
ENSMUSG00000090351	-0.04174747318029404	0.06177983805537224	0.3688580393791199	-0.06909429281949997	-0.5073313117027283	-0.01268958579748869	-0.1817641258239746	-0.07212402671575546
ENSMUSG00000020638	-0.11661914736032486	0.028495168313384056	-0.2278660237789154	-0.1010819524526596	-0.5059541463851929	0.19423943758010864	0.03768035024404526	0.12052229046821594
ENSMUSG00000023830	-0.12899771332740784	0.08330447971820831	0.8153507113456726	-0.10168498009443283	-0.10902371257543564	0.14729800820350647	0.12717871367931366	0.12387748807668686
ENSMUSG00000114896	0.08930838853120804	0.07346612215042114	-0.3252667188644409	-0.021884450688958168	-0.27171364426612854	-0.16928386688232422	0.14454227685928345	-0.009077483788132668
ENSMUSG00000031221	0.062150370329618454	0.013101532123982906	1.9168928861618042	0.10663197189569473	-1.2133259773254395	0.11336851119995117	-0.27628302574157715	0.007059413008391857
ENSMUSG00000016493	-0.08818010240793228	0.0526391975581646	-0.23700782656669617	-0.041694846004247665	-0.13750863075256348	0.15622052550315857	0.009021136909723282	0.08299559354782104
ENSMUSG00000061666	-0.16061267256736755	0.04473710060119629	-0.06433042138814926	-0.18370918929576874	-0.024079976603388786	0.21747472882270813	0.10928206145763397	0.14004668593406677
ENSMUSG00000084885	0.04998166859149933	0.14289319515228271	0.2407979816198349	0.16305315494537354	-0.8208039999008179	-0.15675649046897888	-0.1776806116104126	-0.005968066398054361
ENSMUSG00000001158	0.09706337004899979	0.0800003707408905	1.3223916292190552	0.14913077652454376	0.0223392304033041	0.11869439482688904	-0.05695017799735069	0.025153808295726776
ENSMUSG00000025787	-0.06010408699512482	0.08213407546281815	-0.16618594527244568	-0.014754516072571278	-0.18514208495616913	-0.16487836837768555	-0.0018607571255415678	0.009976428002119064
ENSMUSG00000101516	-0.16118289530277252	0.11456917971372604	0.4073818624019623	0.13399027287960052	-1.3338675498962402	-0.16049842536449432	-0.5150511860847473	-0.19383156299591064
ENSMUSG00000072893	0.044964756816625595	-0.11019569635391235	-0.41830769181251526	-0.036390386521816254	0.5942299365997314	0.38827404379844666	0.23892493546009064	0.1241624727845192
ENSMUSG00000097974	0.8842247128486633	-0.29315313696861267	-1.4593287706375122	-0.3014833331108093	1.1573244333267212	-0.11475818604230881	0.0549253448843956	-0.09682785719633102
ENSMUSG00000074250	-0.023513944819569588	0.09350058436393738	0.19923605024814606	0.008175811730325222	-0.17435617744922638	-0.16441413760185242	0.028133295476436615	-0.0534188412129879
ENSMUSG00000108217	-0.21097727119922638	0.08226849883794785	-0.13013605773448944	0.022027384489774704	-0.2128024697303772	-0.02951955795288086	-0.12764981389045715	-0.0991503894329071
ENSMUSG00000028104	-0.10573243349790573	0.0502198226749897	0.13912631571292877	-0.026219600811600685	0.47763460874557495	0.1878707855939865	0.15797412395477295	0.03935562074184418
ENSMUSG00000073293	-0.0960737019777298	-0.046568796038627625	-0.47438910603523254	-0.027404915541410446	-0.1260925680398941	0.2809244394302368	0.24209383130073547	0.09465550631284714
ENSMUSG00000104037	0.0044867596589028835	0.09896277636289597	-0.15181034803390503	-0.05352771654725075	-0.12977376580238342	-0.1123819649219513	0.044480714946985245	-0.05645809322595596
ENSMUSG00000021506	0.7649362683296204	-0.2141249030828476	-2.399374008178711	-0.6749929785728455	2.592349052429199	-0.2191806435585022	0.153387188911438	-0.03256382793188095
ENSMUSG00000018899	-0.01225578784942627	0.03181122988462448	0.6054263114929199	-0.05622990429401398	-0.08467914909124374	0.23150716722011566	0.0917462557554245	0.07959207892417908
ENSMUSG00000099629	-0.07060331106185913	0.09861359000205994	-0.1620500385761261	-0.02086527831852436	-0.32391807436943054	-0.12956689298152924	-0.11949200928211212	-0.04063548892736435
ENSMUSG00000037075	-0.02097419649362564	0.04726528748869896	0.5959533452987671	-0.042841847985982895	0.03214665502309799	0.24499227106571198	0.05445917695760727	0.08588717132806778
ENSMUSG00000044447	-0.1519617885351181	0.10487107187509537	0.3808633089065552	-0.17812784016132355	-0.06942349672317505	0.05672398954629898	0.11905711144208908	0.14040973782539368
ENSMUSG00000085519	0.003667945973575115	0.09374087303876877	0.25468209385871887	-0.06773263216018677	0.04734162986278534	0.018329184502363205	0.013261313550174236	0.00804128684103489
ENSMUSG00000079260	-0.11513130366802216	0.037225328385829926	1.036124348640442	0.041427623480558395	0.46104803681373596	0.24424898624420166	0.12518097460269928	0.0133189233019948
ENSMUSG00000096960	-0.0812625139951706	0.05456951633095741	0.2561300992965698	0.02534521371126175	-0.0408998541533947	0.15796782076358795	0.009338971227407455	0.019175253808498383
ENSMUSG00000046352	0.7112187147140503	-0.29911741614341736	-1.3045387268066406	-0.3007345497608185	0.9030391573905945	-0.005459977313876152	0.08930741995573044	-0.11700000613927841
ENSMUSG00000091204	-0.03177850320935249	0.0937504768371582	-0.29260870814323425	-0.006818022578954697	-0.1816590428352356	-0.11698326468467712	0.04128972440958023	0.013569413684308529
ENSMUSG00000086006	-0.01740085519850254	0.08484520763158798	-0.022810861468315125	-0.037159986793994904	-0.4038267433643341	-0.18361693620681763	-0.06809690594673157	-0.012285559438169003
ENSMUSG00000033834	-0.025391781702637672	0.08931367844343185	-0.17932051420211792	-0.03424188494682312	-0.2211960256099701	-0.11200353503227234	-0.0975017175078392	-0.04157675430178642
ENSMUSG00000104535	0.05181482434272766	0.10140187293291092	0.893028736114502	0.004751143511384726	0.34183695912361145	-0.11237005144357681	0.1370440423488617	-0.00014051952166482806
ENSMUSG00000116299	-0.05239810049533844	0.09867797046899796	-0.1410999745130539	-0.027818474918603897	-0.3550088107585907	-0.03363894298672676	-0.12100344896316528	-0.0739140659570694
ENSMUSG00000103885	-0.03204697370529175	0.0766262635588646	-0.10072232037782669	-0.049240339547395706	-0.16497577726840973	-0.07513011246919632	-0.22212660312652588	-0.07300595939159393
ENSMUSG00000059439	0.004659276455640793	0.13289698958396912	0.28925761580467224	0.2724613845348358	-0.11261807382106781	0.1605210155248642	-0.05592117831110954	-0.014323651790618896
ENSMUSG00000103862	-0.02949627861380577	0.0976419523358345	-0.04954355210065842	-0.021598098799586296	-0.605745255947113	-0.11313352733850479	-0.04542690888047218	-0.03374669328331947
ENSMUSG00000063077	-0.08734018355607986	0.0790087878704071	0.7605934739112854	-0.06479449570178986	0.006186967715620995	0.18544620275497437	0.10131744295358658	0.10603681206703186
ENSMUSG00000022346	0.45054325461387634	-0.15343885123729706	-1.0025124549865723	-0.20546145737171173	1.7874559164047241	0.20112568140029907	0.07499588280916214	0.09593715518712997
ENSMUSG00000112805	-0.11279041320085526	0.05500117316842079	0.04344078525900841	0.0038431757129728794	0.19077083468437195	0.044683199375867844	0.10422097146511078	0.12344296276569366
ENSMUSG00000051256	-0.005898363422602415	0.06342451274394989	0.9519146084785461	0.10640573501586914	0.16856296360492706	0.2188544124364853	0.00869644433259964	0.016470549628138542
ENSMUSG00000002105	-0.09041040390729904	0.06846856325864792	0.5560203194618225	-0.07602079957723618	0.27633440494537354	0.1397463083267212	0.11473789811134338	0.05621558055281639
ENSMUSG00000091429	0.010176795534789562	0.0871853232383728	0.25776463747024536	-0.04765395075082779	-0.49234867095947266	-0.1268245279788971	-0.12386734038591385	-0.08740241825580597
ENSMUSG00000060803	-0.025044985115528107	0.061685964465141296	0.6521425843238831	-0.05299706757068634	-0.2104983776807785	0.10363970696926117	0.08706947416067123	0.070619598031044
ENSMUSG00000070972	-0.08368335664272308	0.03532187640666962	0.09124322235584259	0.0033303159289062023	0.27208101749420166	0.0639123022556305	0.17529486119747162	0.0981975644826889
ENSMUSG00000102382	-0.04048437625169754	0.07916229963302612	-0.3198978900909424	-0.021787533536553383	0.14154331386089325	-0.16406011581420898	0.10689683258533478	-0.013198619708418846
ENSMUSG00000110625	-0.03661244735121727	0.12080442160367966	-0.1688978523015976	0.0048341597430408	-0.22918470203876495	-0.10247040539979935	-0.003989097662270069	-0.008899743668735027
ENSMUSG00000021101	0.020208224654197693	0.06514064967632294	-0.49121007323265076	-0.042120639234781265	0.39106249809265137	-0.08420686423778534	0.32080477476119995	-0.043871112167835236
ENSMUSG00000094743	-0.27533525228500366	0.1367461085319519	0.4567224979400635	0.2728315591812134	-0.7560474276542664	-0.2939203977584839	-0.281906396150589	-0.12691374123096466
ENSMUSG00000007080	0.051754046231508255	0.11007840931415558	1.4770150184631348	-0.09810734540224075	-0.057167813181877136	0.1445309966802597	0.03177383542060852	0.018260234966874123
ENSMUSG00000113927	-0.009444312192499638	0.08411931991577148	0.049007024616003036	-0.05636705830693245	-0.25471732020378113	-0.0745684877038002	-0.04993833974003792	-0.08396812528371811
ENSMUSG00000010841	-0.04368156939744949	-0.0975370854139328	-0.5506829619407654	-0.04306919500231743	0.2487407922744751	0.29481184482574463	0.18552903831005096	0.10034135729074478
ENSMUSG00000089727	-0.3615404963493347	0.05195624381303787	0.30058926343917847	0.023181013762950897	-0.6611186861991882	-0.06897849589586258	-0.2855647802352905	-0.1695987731218338
ENSMUSG00000108169	-0.11427750438451767	0.08930753916501999	-0.35829925537109375	-0.016081782057881355	-0.038590990006923676	-0.0671052634716034	-0.015174558386206627	-0.010052450001239777
ENSMUSG00000097462	-0.15268146991729736	-0.009372283704578876	-0.1935008019208908	-0.1453460454940796	0.006357329431921244	0.23764637112617493	0.1048499271273613	0.12126331031322479
ENSMUSG00000074655	-0.06025468185544014	0.08044803887605667	-0.23904094099998474	-0.03294900432229042	-0.20532368123531342	-0.07908954471349716	-0.06366686522960663	-0.0355365164577961
ENSMUSG00000059014	-0.041102875024080276	0.10992953926324844	-0.05446825921535492	-0.003074163105338812	-0.5383664965629578	-0.06252926588058472	-0.17752951383590698	-0.07184843719005585
ENSMUSG00000107528	-0.03194582089781761	0.056493062525987625	0.3429434895515442	0.09237619489431381	-0.03169889375567436	0.012549088336527348	5.8407858887221664e-05	-0.030127914622426033
ENSMUSG00000069893	-0.01548435166478157	0.08958391100168228	-0.3730999231338501	-0.018954729661345482	-0.029306070879101753	-0.12081451714038849	0.049297746270895004	-0.005294309929013252
ENSMUSG00000008999	0.146541029214859	-0.11529376357793808	-0.24018006026744843	-0.16314619779586792	0.8425560593605042	-0.14073486626148224	0.03296966850757599	0.021012641489505768
ENSMUSG00000068105	0.1488593965768814	-0.13166123628616333	-0.41239604353904724	-0.05540277808904648	0.6000716686248779	0.16832706332206726	0.27877742052078247	0.09156866371631622
ENSMUSG00000093867	-0.043694958090782166	0.09665875136852264	-0.028451653197407722	-0.03899046778678894	-0.3464937210083008	-0.11797212809324265	-0.010518483817577362	-0.028725741431117058
ENSMUSG00000061911	-0.04481792077422142	0.097224161028862	0.035653255879879	-0.00832716841250658	-0.6446363925933838	-0.11723565310239792	-0.06792855262756348	-0.016123270615935326
ENSMUSG00000026890	1.0089592933654785	-0.22687026858329773	-1.5884495973587036	-0.34028539061546326	1.55586576461792	-0.1791260689496994	0.008565797470510006	-0.019976014271378517
ENSMUSG00000025085	-0.1319405883550644	-0.13014636933803558	-0.04521231725811958	-0.18176834285259247	-0.07560741901397705	0.2238425612449646	0.10508792847394943	0.02956240437924862
ENSMUSG00000031166	-0.02884516678750515	0.07755062729120255	1.2322933673858643	0.4029132127761841	-0.8428668975830078	-0.02619670145213604	-0.19971555471420288	-0.008457853458821774
ENSMUSG00000072115	-0.07874586433172226	0.06588094681501389	-0.02670399658381939	0.01014285534620285	-0.21387387812137604	0.23130817711353302	-0.01846102997660637	0.02760552614927292
ENSMUSG00000084859	-0.015317614190280437	0.07015178352594376	0.15021194517612457	-0.04705679416656494	-0.48435553908348083	-0.12791569530963898	-0.19900736212730408	-0.10602910816669464
ENSMUSG00000072962	0.46258488297462463	-0.20586447417736053	-1.820866584777832	-0.539909303188324	1.8351850509643555	0.10484892874956131	0.2763136923313141	0.035558972507715225
ENSMUSG00000026616	-0.09389182180166245	0.11176136136054993	-0.41255006194114685	-0.016492940485477448	-0.1053737998008728	-0.014340456575155258	0.007825047709047794	0.03622946888208389
ENSMUSG00000099468	-0.06135419383645058	0.10680467635393143	-0.04976688325405121	-0.029505496844649315	-0.5528116822242737	-0.029966602101922035	-0.03400147706270218	-0.013480843044817448
ENSMUSG00000085379	-0.0624605193734169	-0.08806367218494415	0.1342155784368515	-0.07697983831167221	0.4190867245197296	0.315164715051651	0.1470647007226944	0.09017624706029892
ENSMUSG00000110060	-0.03884785622358322	0.06492883712053299	-0.0738750770688057	-0.05298851057887077	-0.2735483646392822	-0.05377112329006195	0.0185726098716259	-0.019886445254087448
ENSMUSG00000104927	-0.04574950784444809	0.10534276068210602	-0.1685274839401245	0.003169083269312978	-0.31130683422088623	-0.1855478733778	-0.10530716925859451	-0.026294898241758347
ENSMUSG00000112144	-0.041356150060892105	0.0901055559515953	-0.2980201244354248	-0.03700775280594826	-0.04135897755622864	0.0013853403506800532	-0.001766625908203423	-0.01682811789214611
ENSMUSG00000051986	0.016402777284383774	0.14543291926383972	0.025819242000579834	-0.0016115013277158141	-0.3843820095062256	-0.1535046398639679	-0.07449528574943542	-0.05654772371053696
ENSMUSG00000039376	0.044237490743398666	0.09158739447593689	-0.6512672305107117	-0.05252716690301895	0.6372435092926025	-0.12897060811519623	0.31015172600746155	-0.03355689346790314
ENSMUSG00000079108	0.15248554944992065	0.06744211912155151	1.4585108757019043	0.1291246861219406	-0.4411800801753998	0.11277464032173157	-0.16942721605300903	0.019293300807476044
ENSMUSG00000106602	-0.026706259697675705	0.08949379622936249	-0.14206668734550476	-0.036012712866067886	-0.2775770127773285	-0.06712641566991806	-0.07626380026340485	-0.03769495338201523
ENSMUSG00000111593	-0.025861280038952827	0.09439632296562195	-0.028371557593345642	-0.04075493663549423	-0.4229223132133484	-0.11315619200468063	-0.06021083891391754	-0.04757434502243996
ENSMUSG00000055745	0.09054186940193176	-0.04871400445699692	-0.2066204994916916	-0.04650650545954704	0.30591893196105957	0.3280062973499298	0.2283388376235962	0.13133332133293152
ENSMUSG00000000708	0.051716770976781845	0.0740681141614914	0.8529142141342163	0.1290559470653534	-0.1767120361328125	0.16520759463310242	-0.07198341190814972	0.025260115042328835
ENSMUSG00000103089	-0.024147724732756615	0.07430589199066162	-0.2670011520385742	-0.01442108303308487	-0.23885931074619293	-0.11684415489435196	0.028978876769542694	0.0009329885360784829
ENSMUSG00000033342	-0.006620167288929224	0.10861067473888397	-0.2521957457065582	-0.020916558802127838	-0.13312245905399323	-0.1848316341638565	0.0563979335129261	-0.01550600491464138
ENSMUSG00000009487	-0.0433809757232666	0.07673667371273041	0.20479245483875275	-0.047640133649110794	-0.37275493144989014	-0.18348054587841034	-0.013551304116845131	-0.046897854655981064
ENSMUSG00000049176	-0.14052577316761017	0.1253826767206192	0.29800817370414734	0.24383586645126343	-0.8266337513923645	-0.3422652781009674	-0.26461878418922424	-0.06174193695187569
ENSMUSG00000111365	-0.1158175840973854	0.052555013447999954	-0.12970732152462006	-0.0058340574614703655	0.05722431838512421	0.25849592685699463	-0.006874989252537489	0.07142148166894913
ENSMUSG00000050777	0.0986265018582344	-0.11697473376989365	-0.3501172959804535	-0.05748424679040909	0.2845193147659302	0.2981489896774292	0.21644018590450287	0.11070434749126434
ENSMUSG00000024694	-0.061477284878492355	0.1028800904750824	-0.2625581622123718	-0.03148101270198822	-0.3725626468658447	-0.08748392760753632	-0.07111676037311554	0.005627808626741171
ENSMUSG00000067998	-0.03548586741089821	0.09603940695524216	-0.00012043640163028613	-0.07122275978326797	-0.14413759112358093	-0.032365214079618454	-0.0146065354347229	-0.05260440334677696
ENSMUSG00000038717	0.07641392946243286	0.0731518343091011	1.1690435409545898	0.08432040363550186	0.1070890724658966	0.2077294886112213	-0.010901416651904583	0.010108052752912045
ENSMUSG00000113120	-0.05266227200627327	0.06734652817249298	-0.038854409009218216	-0.056687675416469574	-0.23122118413448334	-0.10717280209064484	0.047856565564870834	-0.032424427568912506
ENSMUSG00000022545	-0.08165496587753296	0.05889987573027611	0.6035850048065186	-0.06261089444160461	-0.016034521162509918	0.18778276443481445	0.0488811731338501	0.09206884354352951
ENSMUSG00000109149	-0.053795017302036285	0.020601218566298485	-0.25060683488845825	0.004212147556245327	-0.005763700231909752	-0.10037443786859512	0.12769685685634613	0.038169197738170624
ENSMUSG00000025531	-0.17108793556690216	0.04484610632061958	1.3625706434249878	0.3549758493900299	-0.9293148517608643	-0.19112282991409302	-0.3440150022506714	-0.18067169189453125
ENSMUSG00000062773	-0.015628065913915634	0.06327622383832932	-0.4793089032173157	-0.06475000828504562	0.8804174661636353	-0.119853675365448	0.17280635237693787	-0.04903791844844818
ENSMUSG00000037005	-0.05908384919166565	0.11022830754518509	0.6537411212921143	0.47340279817581177	-0.7966052293777466	-0.36139142513275146	-0.19545158743858337	-0.011954252608120441
ENSMUSG00000040260	-0.1035677120089531	-0.06735250353813171	-0.23801308870315552	-0.16071537137031555	-0.4390636384487152	0.11838670074939728	0.059616103768348694	0.0403519868850708
ENSMUSG00000108520	-0.0715130865573883	0.07130060344934464	0.10046642273664474	-0.05642767995595932	0.5550731420516968	-0.081168033182621	0.16907338798046112	-0.0177563838660717
ENSMUSG00000044562	0.0786048099398613	-0.21651116013526917	-0.5999813675880432	-0.05914676561951637	1.699352741241455	0.2422918677330017	0.1463877260684967	0.1073603555560112
ENSMUSG00000036273	-0.12144588679075241	0.03292924910783768	-0.08040517568588257	-0.13331292569637299	-0.35384419560432434	0.1378626525402069	0.04259306937456131	0.13329863548278809
ENSMUSG00000109927	-0.16253021359443665	0.05977218970656395	-0.272819459438324	-0.03187691047787666	-0.12365971505641937	-0.052742451429367065	-0.11324011534452438	-0.048161134123802185
ENSMUSG00000025068	-0.13183364272117615	0.008353570476174355	0.27005070447921753	-0.11142274737358093	0.125922292470932	0.25514328479766846	0.14431117475032806	0.13448795676231384
ENSMUSG00000031352	0.048611219972372055	0.09274793416261673	0.24703986942768097	0.23846115171909332	-0.8664539456367493	0.1763935536146164	-0.22222189605236053	-0.007880596444010735
ENSMUSG00000109107	-0.03903382644057274	0.06320858746767044	-0.18719150125980377	-0.04160807281732559	-0.03386995941400528	-0.16989544034004211	0.1398143172264099	-0.01578126661479473
ENSMUSG00000045210	0.043413009494543076	0.0439750999212265	0.6886449456214905	0.021232854574918747	-0.0996239110827446	0.21259211003780365	-0.021839261054992676	0.041762515902519226
ENSMUSG00000089942	-0.10961784422397614	0.11929842084646225	0.38290107250213623	1.331762671470642	-1.2935479879379272	-0.6637752056121826	-0.4999145269393921	0.1266496628522873
ENSMUSG00000079553	-0.03875467926263809	0.06282680481672287	1.3642606735229492	0.13799723982810974	0.2138041853904724	0.08298680931329727	0.035846009850502014	0.018326524645090103
ENSMUSG00000103493	-0.023134615272283554	0.08711650967597961	0.7720975279808044	0.0721387043595314	-0.42745789885520935	0.011732615530490875	-0.06647706031799316	-0.0493527315557003
ENSMUSG00000042812	1.6217796802520752	-0.2008715569972992	-1.999062180519104	-0.5164904594421387	1.246221661567688	-0.26370543241500854	-0.038233209401369095	-0.06638017296791077
ENSMUSG00000062590	-0.09380555897951126	0.0388977937400341	0.528086245059967	-0.06348440051078796	0.10300054401159286	0.21759678423404694	0.05630777031183243	0.04141608625650406
ENSMUSG00000087597	-0.06517955660820007	0.08738832175731659	-0.2069602608680725	-0.043250881135463715	-0.11828378587961197	-0.08479305356740952	0.07493989169597626	-0.01784091629087925
ENSMUSG00000105239	-0.05666099116206169	0.044469717890024185	0.3743213713169098	-0.018642928451299667	0.2944667935371399	0.06340896338224411	0.08971903473138809	-0.02501731365919113
ENSMUSG00000113261	-0.010808710940182209	0.09794459491968155	-0.02495158649981022	-0.04570028930902481	-0.18559572100639343	-0.1231965571641922	-0.0003745592257473618	-0.05355202034115791
ENSMUSG00000021974	0.48304668068885803	-0.2743518352508545	-1.4208317995071411	-0.24324698746204376	1.8806654214859009	-0.29703962802886963	0.10059567540884018	-0.029654009267687798
ENSMUSG00000110218	-0.03545968234539032	0.0615527518093586	0.838681697845459	-0.05694657191634178	0.19181376695632935	-0.01923426240682602	0.009966138750314713	-0.010177211835980415
ENSMUSG00000055594	-0.16461795568466187	0.05089482292532921	0.12578679621219635	-0.0032974088098853827	-0.411131352186203	-0.01726178452372551	-0.24876268208026886	-0.162772536277771
ENSMUSG00000110119	-0.026099389418959618	0.08134455978870392	-0.36995357275009155	-0.026349008083343506	0.08803432434797287	-0.08404773473739624	0.06051860377192497	-0.011176257394254208
ENSMUSG00000056728	0.00694770272821188	0.10283181816339493	0.08430978655815125	-0.03717537224292755	-0.36664336919784546	-0.16946962475776672	-0.09106876701116562	-0.06053527444601059
ENSMUSG00000019826	-0.075283944606781	0.05077822506427765	0.8215023875236511	-0.028801755979657173	0.18966659903526306	0.20303262770175934	0.09681956470012665	0.016527989879250526
ENSMUSG00000104042	0.03725911304354668	0.09793898463249207	0.10433049499988556	0.8557812571525574	0.3900260627269745	0.11411041021347046	0.1648891568183899	0.036699213087558746
ENSMUSG00000105427	-0.038716502487659454	0.1176837757229805	-0.10367432236671448	0.05946706607937813	-0.08841613680124283	-0.03974177688360214	-0.09020557999610901	-0.03795720264315605
ENSMUSG00000095557	-0.022345958277583122	0.06772454082965851	-0.1776464581489563	-0.05631541088223457	-0.036267202347517014	-0.09563235938549042	-0.15040427446365356	-0.04864591732621193
ENSMUSG00000108084	-0.04765895754098892	0.09882082045078278	0.2591472566127777	0.04926994815468788	-0.13687366247177124	-0.01309457328170538	-0.03699628263711929	-0.04039054363965988
ENSMUSG00000097682	-0.180278018116951	0.05308544263243675	-0.33049994707107544	-0.21443821489810944	-0.44224679470062256	0.14581920206546783	0.0345458947122097	0.11446578800678253
ENSMUSG00000086840	-0.06517074257135391	0.08462870866060257	0.04386173561215401	-0.017478637397289276	-0.5815609693527222	-0.17140072584152222	-0.0475703589618206	-0.03612222895026207
ENSMUSG00000116190	-0.021697955206036568	0.0953553095459938	0.46154701709747314	0.0040476215071976185	-0.1673164814710617	-0.11696696281433105	-0.044447869062423706	-0.045370735228061676
ENSMUSG00000021061	-0.10716182738542557	0.03221352770924568	-0.03910030052065849	-0.16333560645580292	0.10426806658506393	0.1547025442123413	0.14199724793434143	0.09586583822965622
ENSMUSG00000110874	-0.026151366531848907	0.10732460767030716	-0.18213395774364471	-0.018622124567627907	-0.3219728171825409	-0.05113638564944267	-0.059201210737228394	-0.004410071764141321
ENSMUSG00000041607	-0.0030784946866333485	-0.20422835648059845	-0.34050264954566956	-0.2065374255180359	0.1691640019416809	0.3712989389896393	0.12091094255447388	0.010182873345911503
ENSMUSG00000024206	-0.08962050080299377	0.05898411199450493	0.8698054552078247	-0.06606679409742355	0.0902336910367012	0.19256196916103363	0.07283876091241837	0.062534399330616
ENSMUSG00000029337	0.20012834668159485	-0.24354873597621918	-0.8846204280853271	-0.17099355161190033	0.766154408454895	-0.08418691903352737	0.025432439520955086	-0.03933718428015709
ENSMUSG00000109874	-0.06066514924168587	0.09412690252065659	-0.06831452995538712	-0.01876959018409252	-0.36918121576309204	-0.14070352911949158	-0.1385040432214737	-0.05770764872431755
ENSMUSG00000117877	-0.016754958778619766	0.08814822137355804	0.012683962471783161	-0.027741139754652977	-0.7071961164474487	-0.09644809365272522	-0.13995574414730072	-0.07221987098455429
ENSMUSG00000042447	0.018744071945548058	0.0672827884554863	0.5321153402328491	-0.04873480647802353	-0.20140695571899414	0.21378006041049957	-0.09384847432374954	0.09205113351345062
ENSMUSG00000084851	-0.0495135635137558	0.09403148293495178	-0.14595025777816772	-0.012022865004837513	-0.36472782492637634	-0.12354356050491333	-0.05676114559173584	-0.029665233567357063
ENSMUSG00000025047	-0.04010285064578056	0.07477429509162903	1.5827711820602417	0.050738152116537094	-0.13297773897647858	0.13066671788692474	0.00018553815607447177	0.016373828053474426
ENSMUSG00000102668	-0.5015317797660828	-0.08862461149692535	0.7087329030036926	0.19488239288330078	-1.3365297317504883	-0.30884501338005066	-0.4424407184123993	-0.23550333082675934
ENSMUSG00000035235	-0.009839333593845367	0.07217912375926971	0.8397277593612671	0.03563094139099121	0.6392707228660583	0.2991814911365509	0.13568270206451416	0.026733722537755966
ENSMUSG00000028180	0.09315909445285797	0.07357338815927505	1.4167321920394897	-0.009648492559790611	-0.1208140105009079	0.15808632969856262	-0.04601616784930229	0.034872300922870636
ENSMUSG00000040462	-0.0702764093875885	0.07426512241363525	0.1954125612974167	-0.06986531615257263	0.1368706077337265	0.0740729495882988	0.18997833132743835	0.039845094084739685
ENSMUSG00000046756	0.0036977496929466724	0.0583479218184948	0.882851243019104	-0.016356052830815315	0.1635330766439438	0.15758945047855377	0.12234411388635635	0.01549352053552866
ENSMUSG00000026556	-0.05310937762260437	-0.03953888267278671	0.025161104276776314	-0.008378852158784866	0.5388501882553101	0.24298804998397827	0.21492305397987366	0.11891112476587296
ENSMUSG00000092168	-0.04122834652662277	0.09074947237968445	-0.09578080475330353	-0.021684270352125168	-0.5275226831436157	-0.12508003413677216	-0.12473991513252258	-0.05044851824641228
ENSMUSG00000084947	0.033065248280763626	0.16124488413333893	-0.03763023018836975	0.050533223897218704	-0.3493101894855499	-0.22310006618499756	-0.030967693775892258	-0.04145464301109314
ENSMUSG00000029070	0.1611066609621048	-0.07890088856220245	-1.228003740310669	-0.20407186448574066	1.514037013053894	0.16171735525131226	0.2768115699291229	0.07171504944562912
ENSMUSG00000028385	-0.11537180095911026	0.07765520364046097	0.4543568789958954	-0.07351408153772354	-0.19730906188488007	0.17943847179412842	0.02669520117342472	0.15344823896884918
ENSMUSG00000099266	-0.2013496607542038	0.05035800486803055	-0.28892627358436584	-0.02750205062329769	-0.12664371728897095	-0.01623358018696308	-0.1669490933418274	-0.04349170997738838
ENSMUSG00000106759	0.04543738067150116	0.0985574722290039	0.8288509249687195	-0.015493553131818771	-0.4900209903717041	-0.13858281075954437	-0.10356217622756958	-0.1255917102098465
ENSMUSG00000027506	-0.09911572188138962	0.05124804377555847	0.6748755574226379	-0.06904114782810211	0.06805820763111115	0.2214193493127823	0.0813341736793518	0.08115192502737045
ENSMUSG00000054302	0.057625994086265564	0.07431679964065552	0.9411053657531738	0.10698270052671432	0.011331725865602493	0.20413509011268616	-0.024106835946440697	0.015988385304808617
ENSMUSG00000027353	-0.025424377992749214	0.06042197719216347	0.9782311320304871	0.011681491509079933	-0.15191270411014557	0.1969403326511383	0.022748369723558426	0.03867387771606445
ENSMUSG00000055730	-0.006322815548628569	0.1087980568408966	-0.11959852278232574	0.019611984491348267	-0.5222142934799194	-0.13697415590286255	-0.04604186862707138	-0.02557029202580452
ENSMUSG00000005917	0.7392671704292297	-0.2114693969488144	-2.4956486225128174	-0.728287935256958	2.8675830364227295	-0.3168354630470276	0.26924264430999756	-0.09222368150949478
ENSMUSG00000042111	0.1466347724199295	0.09540340304374695	1.6398043632507324	0.09234022349119186	-0.00766422413289547	0.15421070158481598	0.08124572783708572	0.03560170531272888
ENSMUSG00000028035	-0.09721119701862335	0.04497089236974716	-0.22125568985939026	0.3687451481819153	0.0668020248413086	0.2685869038105011	0.0773337334394455	0.0038026997353881598
ENSMUSG00000046826	-0.12930463254451752	0.05368746817111969	-0.0820125937461853	-0.057073649019002914	-0.10678509622812271	0.26001009345054626	0.05993126705288887	0.14011959731578827
ENSMUSG00000052593	0.06129990518093109	0.07766751199960709	0.970089852809906	0.15070699155330658	-0.14830118417739868	0.154229536652565	-0.08372457325458527	0.00398722430691123
ENSMUSG00000053964	-0.020780520513653755	0.0619882196187973	0.23509888350963593	-0.07006349414587021	0.11415960639715195	-0.07299350947141647	0.12304115295410156	-0.03476578742265701
ENSMUSG00000104509	-0.032961372286081314	0.0919577106833458	0.3839442729949951	-0.020344309508800507	0.8023383617401123	-0.017977656796574593	0.06341435760259628	-0.0004460104973986745
ENSMUSG00000096703	-0.3298376798629761	-0.047169532626867294	0.5500242710113525	-0.022348685190081596	-0.2840735912322998	0.06067560240626335	-0.3555469214916229	-0.19349117577075958
ENSMUSG00000115008	-0.06397052109241486	0.06692539155483246	-0.18165269494056702	-0.04115644842386246	-0.2919158637523651	-0.07887011766433716	0.06227492168545723	-0.020697662606835365
ENSMUSG00000118330	0.039053164422512054	0.06206725910305977	0.1647176295518875	0.015934767201542854	-0.09910689294338226	-0.06211726367473602	0.05884533002972603	-0.032717373222112656
ENSMUSG00000086000	-0.06518641114234924	0.04937915503978729	0.11037461459636688	-0.02446736767888069	0.3937743902206421	-0.03172920271754265	0.2080104649066925	-0.003049078630283475
ENSMUSG00000028476	-0.14573435485363007	0.01685800589621067	0.19897930324077606	-0.09314541518688202	-0.07068940997123718	0.23802199959754944	0.09778258204460144	0.14717978239059448
ENSMUSG00000096270	-0.06350809335708618	0.0728994682431221	-0.3033980429172516	-0.006512471009045839	-0.056087251752614975	-0.028707042336463928	0.013038246892392635	0.012100267224013805
ENSMUSG00000041323	-0.02946208417415619	0.08153735101222992	0.12842996418476105	-0.03208056092262268	0.3240853548049927	-0.0077406372874975204	0.06461508572101593	-0.0344572551548481
ENSMUSG00000071078	-0.06749699264764786	0.06421708315610886	1.2478933334350586	0.05973464623093605	0.1943208873271942	0.17191332578659058	0.12082734704017639	0.008987771347165108
ENSMUSG00000040521	-0.0591631680727005	0.027542520314455032	0.16599979996681213	-0.05792413651943207	0.18594421446323395	0.2022734433412552	0.15204715728759766	0.07603035122156143
ENSMUSG00000027670	-0.00535387359559536	0.05545541271567345	-0.4952058792114258	0.005110359285026789	0.8360943794250488	-0.03886410593986511	0.36007755994796753	-0.034170761704444885
ENSMUSG00000040586	0.12842057645320892	0.074252650141716	1.3668779134750366	0.09677980095148087	-0.8815037608146667	0.12309504300355911	-0.21416358649730682	-0.009636224247515202
ENSMUSG00000092341	0.0523434579372406	0.09553523361682892	1.4089106321334839	0.12590304017066956	0.5368154644966125	0.19579757750034332	0.07427603751420975	0.027412481606006622
ENSMUSG00000006362	-0.01942514255642891	0.0742403194308281	-0.37666991353034973	0.14418447017669678	0.7455242872238159	-0.049006734043359756	0.3687829077243805	-0.023913245648145676
ENSMUSG00000070798	0.004244704265147448	0.09918767958879471	0.15838021039962769	0.0132828950881958	-0.6228498816490173	-0.19175899028778076	-0.17518791556358337	-0.06811352074146271
ENSMUSG00000110104	0.012606910429894924	0.0625770315527916	1.262622356414795	0.10892357677221298	0.10360296070575714	0.06300056725740433	0.0799027606844902	0.02111431211233139
ENSMUSG00000070564	-0.05492177605628967	0.047666989266872406	-0.2507621645927429	-0.010051816701889038	1.46122145652771	-0.006988604553043842	0.22919988632202148	-0.03219102323055267
ENSMUSG00000078994	0.06049485504627228	0.016738923266530037	1.5047894716262817	0.16606520116329193	-1.9284037351608276	-0.11172208935022354	-0.46823129057884216	-0.17158493399620056
ENSMUSG00000063275	-0.1418488472700119	0.04970711097121239	-0.2870578467845917	-0.06730800867080688	-0.2047099620103836	0.23042844235897064	0.032101720571517944	0.15423041582107544
ENSMUSG00000115480	-0.02363206073641777	0.0972559005022049	-0.30836981534957886	-0.01068626157939434	-0.19181905686855316	-0.14334100484848022	0.015777774155139923	0.004190552048385143
ENSMUSG00000078920	0.012715306133031845	0.10536736249923706	-0.1975080668926239	-0.029671501368284225	-0.2212006151676178	-0.19612905383110046	0.02172389067709446	-0.00967311579734087
ENSMUSG00000031729	-0.06412390619516373	0.0752529576420784	0.8454625010490417	-0.04083248972892761	0.01637241803109646	0.17152567207813263	0.08070796728134155	0.11757219582796097
ENSMUSG00000041528	-0.08051382005214691	-0.0877705067396164	0.1318761706352234	-0.020945332944393158	0.22619648277759552	0.16425947844982147	0.17225006222724915	0.09927691519260406
ENSMUSG00000109551	-0.019451256841421127	0.09653951972723007	-0.1805371642112732	-0.02501121535897255	-0.11154918372631073	-0.1923242211341858	0.07283537089824677	-0.029552318155765533
ENSMUSG00000092314	-0.16441063582897186	0.0646006315946579	-0.29109856486320496	-0.02411746419966221	-0.13411840796470642	-0.022758595645427704	-0.12042693793773651	-0.02929604984819889
ENSMUSG00000019054	-0.0014141164720058441	0.0882585272192955	0.9698745608329773	0.2054130882024765	0.2826214134693146	0.11860555410385132	0.05776261165738106	0.008564101532101631
ENSMUSG00000113930	-0.0015396950766444206	0.11964413523674011	0.1166129857301712	7.425397780025378e-05	-0.5145987868309021	-0.19958250224590302	-0.10380827635526657	-0.0506921149790287
ENSMUSG00000112214	-0.04533522203564644	0.0997323989868164	-0.28903377056121826	-0.020221320912241936	-0.3675931990146637	-0.10920581966638565	-0.011756041087210178	0.012023785151541233
ENSMUSG00000073147	-0.09828241169452667	0.06514665484428406	-0.129044309258461	0.06011886149644852	0.14590120315551758	0.25141921639442444	0.053066596388816833	0.011612636037170887
ENSMUSG00000030498	-0.0905875563621521	0.04217992350459099	0.13558457791805267	0.0015763812698423862	-0.3462935984134674	0.23272891342639923	0.0045639933086931705	0.06729850172996521
ENSMUSG00000102357	0.024710476398468018	0.08741888403892517	-0.3937956690788269	-0.04930795729160309	-0.2993268072605133	-0.19508621096611023	0.08197767287492752	0.014191310852766037
ENSMUSG00000086709	-0.15925568342208862	-0.15063492953777313	-0.41840824484825134	-0.15490783751010895	0.7175129055976868	0.16551508009433746	0.14960436522960663	0.054701223969459534
ENSMUSG00000079428	-0.004250724799931049	0.03164292871952057	0.25780701637268066	0.15277643501758575	-0.7265704274177551	0.14827212691307068	-0.10392720997333527	0.006961281411349773
ENSMUSG00000109555	0.11493226140737534	-0.09427958726882935	-0.39325791597366333	-0.06350979954004288	0.7076731324195862	0.08865956217050552	0.25204795598983765	0.07955147325992584
ENSMUSG00000036169	0.06195380538702011	0.06448033452033997	-0.8882798552513123	-0.16895340383052826	0.3364270329475403	-0.17111800611019135	0.23995277285575867	0.012246297672390938
ENSMUSG00000041264	-0.0031419587321579456	0.06981059163808823	1.2854468822479248	0.0938313752412796	0.12534673511981964	0.17664682865142822	0.019695596769452095	0.011000302620232105
ENSMUSG00000099553	-0.052135344594717026	0.05443804711103439	-0.1866002082824707	0.019053248688578606	0.4086034297943115	-0.02647881954908371	0.06550721079111099	-0.03438271954655647
ENSMUSG00000084856	0.06087144836783409	-0.006668744143098593	-0.3147762715816498	-0.014082977548241615	-0.06796514242887497	0.08272624015808105	0.08847127854824066	0.021106969565153122
ENSMUSG00000102559	0.06200164183974266	0.12522171437740326	0.49692317843437195	0.033513039350509644	0.0908319503068924	-0.12422586232423782	-0.027748549357056618	-0.08321095257997513
ENSMUSG00000026394	-0.02626325935125351	0.09690594673156738	-0.17686593532562256	-0.04165501892566681	-0.26314878463745117	-0.05621456727385521	-0.023777902126312256	-0.054641515016555786
ENSMUSG00000026981	-0.0019519084598869085	0.1196630597114563	-0.14828717708587646	-0.021753810346126556	-0.29945987462997437	-0.07436153292655945	-0.06653221696615219	-0.05350421741604805
ENSMUSG00000078899	0.0651608407497406	0.07213454693555832	1.5760248899459839	0.36691418290138245	-0.7974430322647095	-0.08253917098045349	-0.26733988523483276	-0.0484563484787941
ENSMUSG00000050844	-0.06667474657297134	0.08145017921924591	0.14681251347064972	-0.050447214394807816	-0.28617754578590393	0.029391570016741753	-0.0036008486058562994	0.015440843068063259
ENSMUSG00000114720	0.0119727598503232	0.09540514647960663	0.5162647366523743	-0.0034263343550264835	-0.5965684652328491	-0.07369298487901688	-0.11898380517959595	-0.09888678789138794
ENSMUSG00000085826	-0.00033839550451375544	0.0998908206820488	0.04856591671705246	-0.04631444811820984	-0.44218865036964417	-0.09806419163942337	-0.08366725593805313	-0.05801008269190788
ENSMUSG00000114235	0.013990987092256546	0.09513923525810242	0.3280163109302521	0.047408875077962875	0.05423485115170479	0.008547160774469376	0.0052230567671358585	-0.024057943373918533
ENSMUSG00000109675	-0.015444617718458176	0.11459225416183472	-0.1326925903558731	-0.029385168105363846	-0.3782820403575897	-0.10426655411720276	-0.04471653327345848	-0.04448073357343674
ENSMUSG00000030553	-0.0654628649353981	0.03166726976633072	0.273876428604126	-0.043729644268751144	0.013509124517440796	0.15104670822620392	0.06091974303126335	0.09151114523410797
ENSMUSG00000112592	0.1725725382566452	-0.035568103194236755	-0.33297502994537354	0.023446209728717804	0.865429162979126	0.11457626521587372	0.29374584555625916	-0.02055239863693714
ENSMUSG00000085952	-0.034755028784275055	0.12452024221420288	-0.31677618622779846	0.12164987623691559	-0.2722300887107849	-0.14559490978717804	0.08316872268915176	-0.008655248209834099
ENSMUSG00000020953	0.13012337684631348	-0.20373214781284332	-0.8173849582672119	-0.19521749019622803	0.6576594710350037	0.0056550027802586555	0.0707847848534584	-0.07228871434926987
ENSMUSG00000051890	-0.1607428342103958	-0.059550315141677856	-0.22343887388706207	-0.18196140229701996	0.20969730615615845	0.27161574363708496	0.14261776208877563	0.06999576091766357
ENSMUSG00000030780	-0.11186343431472778	0.04303065687417984	0.35056358575820923	-0.05585518479347229	0.07022262364625931	0.22268076241016388	0.12693814933300018	0.13597390055656433
ENSMUSG00000110671	-0.05780073627829552	0.0802735909819603	-0.2904513478279114	0.0005279848119243979	-0.13526849448680878	-0.016743095591664314	-0.1799568384885788	-0.03836541622877121
ENSMUSG00000003382	-0.11282645910978317	0.05365365371108055	0.8991972208023071	-0.056264158338308334	0.05904645100235939	0.18645745515823364	0.13810856640338898	0.07937483489513397
ENSMUSG00000035681	-0.20942795276641846	0.08428621292114258	-0.28587064146995544	-0.27129441499710083	0.017335137352347374	-0.0173485204577446	0.12729747593402863	0.1141756996512413
ENSMUSG00000110640	0.047104716300964355	0.07698452472686768	-0.3223479390144348	-0.022429296746850014	-0.2604990303516388	-0.18661613762378693	0.1139957457780838	-0.00959290936589241
ENSMUSG00000045282	-0.005201656837016344	0.07480175793170929	0.8960525393486023	0.3463594913482666	-0.2970736622810364	-0.10224626213312149	-0.07901488244533539	0.007631300482898951
ENSMUSG00000116069	-0.02191181853413582	-0.121446892619133	0.18298988044261932	0.005680708214640617	1.055384874343872	0.2704727351665497	0.1433233916759491	0.07674587517976761
ENSMUSG00000032204	-0.08278066664934158	0.07605291157960892	-0.08432802557945251	-0.002996664959937334	-0.21340613067150116	-0.046417854726314545	0.05110108479857445	0.04101472720503807
ENSMUSG00000027882	0.01050824299454689	0.0815545842051506	0.670001208782196	-0.06097633019089699	-0.023390278220176697	0.15081854164600372	0.021320169791579247	0.0839688703417778
ENSMUSG00000082629	-0.09481543302536011	0.03605673089623451	1.6634538173675537	0.11289732158184052	-1.2570990324020386	0.007251980248838663	-0.03928998485207558	-0.07316547632217407
ENSMUSG00000086257	-0.06444274634122849	0.0881814956665039	-0.12068143486976624	-0.02065492793917656	-0.3500969707965851	-0.08176235109567642	-0.1276840716600418	-0.0332825668156147
ENSMUSG00000028218	-0.14488524198532104	0.032782066613435745	0.014549545012414455	-0.16546542942523956	-0.028216727077960968	0.22747787833213806	0.12805064022541046	0.14016762375831604
ENSMUSG00000097287	-0.057506341487169266	0.08007539808750153	0.5459621548652649	-0.07660643756389618	-0.16400913894176483	0.05443968251347542	0.02760363556444645	0.022070681676268578
ENSMUSG00000100890	0.032459959387779236	0.10933347046375275	0.18783460557460785	-0.036160729825496674	-0.14188341796398163	-0.19146396219730377	-0.07639609277248383	-0.09220156818628311
ENSMUSG00000037206	0.026052724570035934	-0.10449372231960297	-0.4636111557483673	-0.05758709833025932	1.5527245998382568	0.36779549717903137	0.2837471663951874	0.07802261412143707
ENSMUSG00000032497	-0.03009815700352192	0.059643570333719254	0.5946099758148193	-0.04296892136335373	-0.11709139496088028	0.2038443237543106	0.03983046114444733	0.12773634493350983
ENSMUSG00000050961	-0.015161947347223759	0.11881899833679199	-0.13003557920455933	-0.018610093742609024	-0.41374775767326355	-0.1359703093767166	-0.087506964802742	-0.0350215919315815
ENSMUSG00000045733	0.011218314059078693	-0.09430316090583801	-0.7425501942634583	-0.15020211040973663	1.007688045501709	0.18146371841430664	0.3392208516597748	0.13849586248397827
ENSMUSG00000114797	0.05489443615078926	0.06731032580137253	1.2753167152404785	0.0862930417060852	-0.8271681070327759	0.14708153903484344	-0.1503259539604187	0.026303725317120552
ENSMUSG00000116876	-0.12622296810150146	0.04459370672702789	0.16359709203243256	-0.04898463562130928	-0.12961116433143616	0.20461881160736084	0.05228245630860329	0.12468013167381287
ENSMUSG00000114113	0.1354241818189621	0.06735894083976746	1.8459901809692383	0.0922846570611	-0.007244330830872059	-0.019378643482923508	-0.0047847977839410305	0.04169993847608566
ENSMUSG00000101156	-0.018544454127550125	0.11423598974943161	-0.2034073770046234	-0.03338612616062164	-0.17149530351161957	-0.03830818831920624	-0.06802783161401749	-0.03712352365255356
ENSMUSG00000090252	-0.035779599100351334	0.0874875858426094	-0.25816354155540466	-0.036673031747341156	-0.07709860056638718	-0.033529214560985565	-0.017032429575920105	-0.0204349085688591
ENSMUSG00000020605	-0.05496583878993988	0.07505245506763458	0.7966575622558594	-0.0414046086370945	-0.1294322907924652	0.10463537275791168	0.06531259417533875	0.08307041227817535
ENSMUSG00000045326	-0.05311375483870506	0.12075226753950119	-0.1479814201593399	-0.05433740094304085	0.11919287592172623	-0.1337970495223999	0.16605573892593384	-0.04479547590017319
ENSMUSG00000086277	-0.013452369719743729	0.07881844788789749	-0.23750843107700348	-0.012230372056365013	0.018340865150094032	-0.16491113603115082	0.04379329830408096	0.006055634468793869
ENSMUSG00000101794	-0.5244506597518921	-0.139974907040596	1.052167534828186	0.23201511800289154	-1.5064414739608765	-0.41511470079421997	-0.4533895254135132	-0.35898104310035706
ENSMUSG00000116570	-0.035442180931568146	0.07536102831363678	0.1115504577755928	-0.06238671764731407	0.016502821817994118	0.00437094084918499	0.08095946162939072	-0.015814485028386116
ENSMUSG00000035890	-0.06454907357692719	0.06365127861499786	1.163182258605957	0.11560294777154922	0.2215365171432495	0.15826983749866486	0.11104737222194672	-0.0012161722406744957
ENSMUSG00000071531	-0.08685807883739471	0.033965300768613815	-0.09549085795879364	-0.048841677606105804	0.20633383095264435	0.22080793976783752	0.11409036815166473	0.0989314541220665
ENSMUSG00000106821	-0.32158729434013367	0.11065071821212769	0.5413399934768677	0.1819944530725479	-1.2901312112808228	-0.2037350982427597	-0.27132555842399597	-0.08146830648183823
ENSMUSG00000032300	-0.08462259918451309	-0.034689705818891525	0.3457671105861664	-0.03692491725087166	0.3619086444377899	0.2707012891769409	0.15660163760185242	0.11042941361665726
ENSMUSG00000018541	0.012055644765496254	0.04914966598153114	1.3635371923446655	-0.03677653893828392	0.0629877895116806	0.0934910774230957	0.015420927666127682	0.034990690648555756
ENSMUSG00000003644	-0.05535594001412392	0.06391694396734238	1.277769684791565	0.062236238270998	-0.11631062626838684	0.15609048306941986	0.01817515678703785	0.01028149388730526
ENSMUSG00000033918	0.08930535614490509	0.06625846028327942	1.182671308517456	-0.057783957570791245	-0.05542115867137909	0.16649606823921204	-0.05133514478802681	0.0314905047416687
ENSMUSG00000008590	-0.04642779752612114	0.06713354587554932	-0.3313595950603485	0.012332563288509846	-0.08909577131271362	-0.13015782833099365	0.12814095616340637	0.02389775775372982
ENSMUSG00000055494	-0.024358902126550674	0.08222894370555878	0.42893344163894653	0.18802686035633087	-0.4332672953605652	0.015319193713366985	-0.006546475924551487	-0.0507245734333992
ENSMUSG00000009013	-0.12528899312019348	0.05221233516931534	1.4010270833969116	0.02549547515809536	0.6231830716133118	0.23596403002738953	0.11039845645427704	7.054745947243646e-05
ENSMUSG00000059706	-0.09292273223400116	0.09162161499261856	0.2907811999320984	0.09419147670269012	0.4582293629646301	0.24856433272361755	0.13705752789974213	0.041479095816612244
ENSMUSG00000103707	0.04620325192809105	0.020631389692425728	-1.075211524963379	-0.18262933194637299	0.7311150431632996	0.23017741739749908	0.3393681049346924	0.12768463790416718
ENSMUSG00000036661	-0.1138865202665329	0.06527929753065109	0.6174984574317932	-0.05393242835998535	-0.16447968780994415	0.18044406175613403	0.06981566548347473	0.136435866355896
ENSMUSG00000087422	0.027664417400956154	0.12119345366954803	-0.016660651192069054	-0.04288908466696739	-0.1857072114944458	-0.2110474705696106	0.03891749680042267	-0.03793656453490257
ENSMUSG00000035623	0.04668976739048958	0.06432147324085236	0.8012591600418091	0.006006715353578329	-0.05615435540676117	0.21022816002368927	-0.0359777957201004	0.0540093332529068
ENSMUSG00000089953	0.08422797918319702	0.05241174250841141	-0.11205320060253143	-0.06789327412843704	0.19990509748458862	-0.06321340799331665	0.10633175075054169	-0.011688080616295338
ENSMUSG00000117921	0.019402867183089256	0.09796667844057083	-0.05267271399497986	-0.02297443337738514	-0.29050883650779724	-0.16707386076450348	0.11188972741365433	-0.028379788622260094
ENSMUSG00000042817	-0.06732696294784546	-0.16496145725250244	-0.40585795044898987	-0.26400458812713623	0.25603362917900085	0.25421789288520813	0.10210517048835754	-0.027560537680983543
ENSMUSG00000116308	0.07422986626625061	-0.05043163150548935	-0.8609232902526855	-0.06390692293643951	1.2174819707870483	0.05253368243575096	0.3321826159954071	0.004662942606955767
ENSMUSG00000038311	-0.13045375049114227	-0.235663503408432	-0.4890172481536865	-0.20954424142837524	0.45382416248321533	0.1645163744688034	0.12230072170495987	0.007132800295948982
ENSMUSG00000068399	-0.04321294277906418	0.13202106952667236	-0.03678152710199356	0.00697223050519824	-0.33201926946640015	-0.27032408118247986	-0.11783192306756973	-0.04257708042860031
ENSMUSG00000040105	0.3118336796760559	-0.10548435151576996	-1.1220486164093018	-0.2761799097061157	0.5314677953720093	0.455196738243103	0.2111567109823227	0.0865640714764595
ENSMUSG00000105912	-0.03418464586138725	0.08050677180290222	0.04173501953482628	-0.04596232995390892	-0.473755419254303	-0.03857443481683731	-0.19769491255283356	-0.10681993514299393
ENSMUSG00000086209	0.003425610950216651	0.08962791413068771	0.11238325387239456	0.021780626848340034	-0.30473431944847107	-0.14101272821426392	-0.055999450385570526	-0.043109260499477386
ENSMUSG00000096029	-0.08631572127342224	0.06621068716049194	-0.09880158305168152	-0.0382392518222332	-0.2963217794895172	-0.05516469106078148	-0.1258496344089508	-0.07115854322910309
ENSMUSG00000021583	-0.16716058552265167	0.02913336083292961	-0.44476988911628723	-0.17322233319282532	-0.10644007474184036	0.21109363436698914	0.0829353779554367	0.10239838808774948
ENSMUSG00000028072	0.3679008483886719	-0.24503420293331146	-0.6679646372795105	-0.2150512933731079	0.595291018486023	0.24205514788627625	0.1430414617061615	-0.057867489755153656
ENSMUSG00000050229	-0.04097101092338562	0.02636083774268627	0.5141903162002563	-0.03543464094400406	0.10608525574207306	0.2699746787548065	0.12480078637599945	0.06893207877874374
ENSMUSG00000026885	-0.09885620325803757	-0.004688145127147436	-0.1845848262310028	-0.16524595022201538	-0.02888955920934677	0.27783066034317017	0.11332104355096817	0.07799594849348068
ENSMUSG00000029311	-0.06226974353194237	0.0356207974255085	0.8708212375640869	-0.007412348408252001	-0.0642782673239708	0.14430874586105347	0.041779350489377975	0.02157212793827057
ENSMUSG00000101725	-0.3639846444129944	-0.051812104880809784	0.3944145441055298	0.06935195624828339	-1.1618568897247314	-0.09201903641223907	-0.48123931884765625	-0.1209060549736023
ENSMUSG00000097898	-0.020857984200119972	0.0583014041185379	0.4582676589488983	0.1066848561167717	0.21812760829925537	0.16921648383140564	-0.021624159067869186	0.002152223838493228
ENSMUSG00000105572	-0.2932056188583374	0.05797461420297623	0.5975676774978638	0.1361372172832489	-0.2510946989059448	-0.028515858575701714	-0.12459056079387665	-0.11777780205011368
ENSMUSG00000115707	-0.01620611362159252	0.09154058247804642	-0.08911238610744476	-0.03936294466257095	-0.385743647813797	-0.15771540999412537	-0.1652195006608963	-0.04318007826805115
ENSMUSG00000068115	-0.11633738875389099	0.014628234319388866	0.17412753403186798	-0.050928324460983276	0.09988187998533249	0.2998300790786743	0.09868025034666061	0.07910337299108505
ENSMUSG00000036452	-0.169738307595253	0.07779581844806671	0.12993699312210083	-0.2534382939338684	-0.2639623284339905	0.17164745926856995	0.1016705334186554	0.12304585427045822
ENSMUSG00000027971	-0.0778609961271286	0.08896756172180176	-0.20775465667247772	-0.02012036368250847	-0.2994357943534851	-0.07881771773099899	-0.08105649054050446	-0.006867595482617617
ENSMUSG00000031805	0.17806372046470642	-0.09042476862668991	-0.9120069742202759	-0.013064878061413765	1.2950886487960815	0.35636070370674133	0.34157612919807434	0.05465871840715408
ENSMUSG00000039480	-0.03377151116728783	0.07006601244211197	0.16524921357631683	-0.054410215467214584	-0.10526782274246216	0.20390740036964417	0.004619367886334658	0.08065049350261688
ENSMUSG00000113634	0.10517171770334244	0.05517830699682236	0.4719804525375366	0.08213348686695099	0.20661769807338715	-0.1034669280052185	0.07505186647176743	-0.033701274544000626
ENSMUSG00000020974	0.049978841096162796	0.09567032754421234	0.8839919567108154	-0.03067184053361416	0.12975192070007324	0.14412420988082886	0.05816183611750603	0.023759398609399796
ENSMUSG00000025464	-0.05655410885810852	0.05409577488899231	0.23189149796962738	0.0473581925034523	0.08257794380187988	0.13617615401744843	0.08853965997695923	-0.013182894326746464
ENSMUSG00000028612	0.0022753621451556683	0.07264846563339233	-0.018664542585611343	0.04092516005039215	-0.22475400567054749	-0.13122406601905823	0.08612268418073654	-0.017331194132566452
ENSMUSG00000107252	0.03039609268307686	0.1224946677684784	0.6173788905143738	0.07442158460617065	-0.3098674416542053	-0.16709530353546143	-0.05453983321785927	-0.025057189166545868
ENSMUSG00000028261	-0.04065211862325668	0.08403213322162628	0.9984399676322937	-0.07171837240457535	-0.13851456344127655	0.14793166518211365	0.07803276181221008	0.061907753348350525
ENSMUSG00000019295	-0.09141767770051956	0.05173516646027565	0.4411064088344574	0.18278014659881592	0.28784871101379395	0.20712488889694214	0.06784963607788086	-0.001799221383407712
ENSMUSG00000070313	-0.06440838426351547	0.08896119147539139	-0.17998619377613068	-0.03059915453195572	-0.25172778964042664	-0.06713718920946121	-0.10296618193387985	-0.06256596744060516
ENSMUSG00000095564	-0.014264536090195179	0.08962325751781464	-0.03775608912110329	-0.05089116469025612	-0.30220285058021545	-0.06680029630661011	-0.09721283614635468	-0.059516116976737976
ENSMUSG00000083050	-0.02978336252272129	0.08037532866001129	0.01285597775131464	-0.04131637513637543	-0.29354193806648254	-0.1295812726020813	-0.19824117422103882	-0.06919040530920029
ENSMUSG00000004637	-0.05084026977419853	0.10479907691478729	0.15998521447181702	0.23374170064926147	-0.25440776348114014	0.11552024632692337	-0.04988444223999977	-0.02896486222743988
ENSMUSG00000113346	0.035067830234766006	0.08437934517860413	1.0364762544631958	0.11701607704162598	0.6835724711418152	0.07984783500432968	0.006866193376481533	0.02056053653359413
ENSMUSG00000093827	-0.01960403099656105	0.07272323966026306	-0.15191341936588287	-0.046058591455221176	-0.042014434933662415	-0.07258486747741699	-0.0192695464938879	-0.038784727454185486
ENSMUSG00000075111	-0.22578676044940948	0.06913047283887863	-0.2342926412820816	-0.018153950572013855	-0.2738567292690277	0.04055977240204811	-0.1411932110786438	-0.039321061223745346
ENSMUSG00000031155	-0.07347914576530457	0.06079401075839996	0.5058199763298035	-0.03142273798584938	-0.23218120634555817	0.16298435628414154	-0.03955106809735298	0.029239775612950325
ENSMUSG00000082606	-0.2575280964374542	0.10311716049909592	0.026796426624059677	0.10865544527769089	-0.5901749730110168	-0.19058004021644592	-0.1962292641401291	-0.055263862013816833
ENSMUSG00000105157	-0.066158227622509	0.12103699892759323	-0.037597887217998505	0.13884705305099487	-0.32364264130592346	-0.06157398223876953	-0.16955608129501343	-0.07767467945814133
ENSMUSG00000038047	0.14505089819431305	0.06409075111150742	1.4589333534240723	0.03114868327975273	0.03395222872495651	0.18421198427677155	-0.07397870719432831	0.03619163855910301
ENSMUSG00000037126	0.276020884513855	-0.055555444210767746	-1.4006212949752808	-0.29729145765304565	1.6978561878204346	0.2620602250099182	0.25790274143218994	0.10531260818243027
ENSMUSG00000000759	-0.11657103896141052	0.07097749412059784	0.8673847317695618	-0.06706824153661728	-0.12439336627721786	0.19212102890014648	0.10607749223709106	0.10346304625272751
ENSMUSG00000114866	0.009620101191103458	0.11713681370019913	0.03759457916021347	5.005061757401563e-05	-0.3483973443508148	-0.03243396058678627	-0.05817139148712158	-0.06451672315597534
ENSMUSG00000090690	-0.029725128784775734	0.09104970097541809	-0.15874168276786804	-0.031096193939447403	-0.2626476585865021	-0.09705866128206253	-0.06411214917898178	-0.03797515109181404
ENSMUSG00000049800	-0.10611630231142044	0.02598833106458187	0.286999374628067	-0.04755653813481331	0.07556165754795074	0.2827346622943878	0.0700884759426117	0.11363427340984344
ENSMUSG00000075160	-0.2037230283021927	0.13526131212711334	-0.09875229001045227	0.08887080103158951	-0.38465407490730286	-0.07115286588668823	-0.1524474024772644	-0.08550059050321579
ENSMUSG00000073574	-0.042403217405080795	0.10025732964277267	-0.1677728146314621	-0.044121094048023224	-0.3006783127784729	-0.09710656851530075	0.009404176846146584	-0.03244210034608841
ENSMUSG00000032012	-0.08567118644714355	-0.008436262607574463	0.33319827914237976	-0.08659055829048157	0.17975400388240814	0.27443021535873413	0.13588707149028778	0.10045923292636871
ENSMUSG00000024479	-0.15463581681251526	-0.05232201889157295	-0.24631625413894653	-0.21200025081634521	-0.47838643193244934	0.19997644424438477	0.07195263355970383	0.06641516089439392
ENSMUSG00000020601	0.051673125475645065	-0.09935746341943741	-0.6246867179870605	-0.09279609471559525	1.112077236175537	-0.0431806854903698	0.17928144335746765	0.04745975136756897
ENSMUSG00000091808	-0.0417630560696125	0.07391709834337234	-0.16431613266468048	-0.023785771802067757	-0.19326071441173553	-0.13581620156764984	-0.13703161478042603	-0.030832163989543915
ENSMUSG00000024095	-0.13316884636878967	0.039796970784664154	0.5641533732414246	-0.0940655916929245	0.28201934695243835	0.16822753846645355	0.1533840149641037	0.1037992313504219
ENSMUSG00000020935	-0.054451022297143936	0.09977901726961136	0.6656389832496643	0.05226503312587738	0.22734792530536652	0.18020778894424438	0.11549974232912064	-0.0061962478794157505
ENSMUSG00000103810	-0.014372345991432667	0.12568266689777374	-0.11186391115188599	-0.01652488112449646	-0.5693460702896118	-0.11827962845563889	-0.01749100163578987	-0.03208895027637482
ENSMUSG00000111283	-0.06269074976444244	0.06408783793449402	-0.27207663655281067	-0.0001278394483961165	-0.30175647139549255	-0.10100580006837845	-0.010755637660622597	-0.010729759000241756
ENSMUSG00000109125	-0.15858878195285797	0.053671423345804214	-0.36178454756736755	-0.16700118780136108	-0.2349613904953003	0.09357523918151855	0.008277323096990585	0.1001744270324707
ENSMUSG00000004567	-0.0920506939291954	0.06483455002307892	0.7257457971572876	-0.05682281404733658	0.05407240241765976	0.17885243892669678	0.08826465904712677	0.09217118471860886
ENSMUSG00000020580	0.04864602908492088	0.06649162620306015	0.6951277256011963	-0.049923673272132874	-0.1562551110982895	0.20920801162719727	-0.030772581696510315	0.09645052254199982
ENSMUSG00000048537	0.19136379659175873	-0.17293086647987366	-0.3105998933315277	-0.12709158658981323	0.602536141872406	0.25063586235046387	0.15286237001419067	0.044929083436727524
ENSMUSG00000073792	-0.0016870935214683414	0.06548034399747849	0.5517104268074036	-0.0578148253262043	-0.11650150269269943	0.20158636569976807	-0.01657092012465	0.07783138006925583
ENSMUSG00000113463	-0.008974418975412846	0.08044160902500153	0.06723441928625107	-0.024960149079561234	-0.27384981513023376	-0.13778240978717804	-0.03964487835764885	0.004729669075459242
ENSMUSG00000093575	-0.06851276010274887	0.05961991846561432	0.7104405760765076	-0.05728892982006073	-0.10920125246047974	0.15899701416492462	0.030367815867066383	0.0834398940205574
ENSMUSG00000091749	-0.3255312740802765	-0.08009716123342514	0.871482789516449	0.044440459460020065	-1.0111134052276611	-0.28773653507232666	-0.5362991094589233	-0.2253267467021942
ENSMUSG00000097853	-0.01316418033093214	0.1224161833524704	-0.19230876863002777	-0.01121619250625372	-0.3882097899913788	-0.13970185816287994	-0.021859755739569664	-0.01807088777422905
ENSMUSG00000031402	0.13152551651000977	0.08057060092687607	1.4126101732254028	-0.021367929875850677	-0.8863723278045654	0.12657180428504944	-0.11490573734045029	0.047975219786167145
ENSMUSG00000037124	-0.11229272186756134	-0.05985214561223984	-0.29818543791770935	-0.08735761791467667	-0.11925049126148224	0.09540565311908722	0.13508424162864685	0.04299435019493103
ENSMUSG00000106040	-0.035376764833927155	0.10033711791038513	-0.334746390581131	-0.02262229472398758	0.17052458226680756	-0.09362086653709412	0.008823349140584469	-0.04688863456249237
ENSMUSG00000028700	-0.06610133498907089	0.13395428657531738	-0.1689046323299408	0.34082484245300293	0.6592239141464233	0.1314307451248169	0.3185390532016754	-0.013413683511316776
ENSMUSG00000052554	0.01458191778510809	0.09576211869716644	0.04789268597960472	-0.06408035755157471	-0.32637038826942444	-0.10537943989038467	-0.06082368269562721	-0.09561282396316528
ENSMUSG00000059022	0.0006240285001695156	-0.1733749806880951	-0.2707148790359497	-0.09798145294189453	0.2163076251745224	0.31009989976882935	0.17778818309307098	0.07387225329875946
ENSMUSG00000082590	-0.5447537899017334	-0.021601125597953796	0.3449033796787262	0.0768887847661972	-0.6995372772216797	-0.1481150984764099	-0.29237279295921326	-0.2124255895614624
ENSMUSG00000028115	-0.026123490184545517	0.08620348572731018	0.47244852781295776	0.07813524454832077	-0.018392691388726234	-0.02830624021589756	0.07112681120634079	-0.01863888092339039
ENSMUSG00000095510	-0.08278917521238327	0.10594645142555237	0.09317738562822342	0.04464033246040344	-0.7073683738708496	-0.21365556120872498	-0.1193491518497467	-0.030537385493516922
ENSMUSG00000044951	-0.01422690600156784	0.10494919121265411	-0.14867974817752838	-0.024217087775468826	-0.3354566693305969	-0.14402243494987488	-0.04522395133972168	-0.017873629927635193
ENSMUSG00000100589	-0.06098269298672676	0.07313642650842667	-0.2161184847354889	-0.05602867901325226	0.09129058569669724	0.01632470265030861	-0.01985151693224907	-0.0483093224465847
ENSMUSG00000021819	-0.10428499430418015	-0.04572869837284088	0.07998348772525787	-0.10024728626012802	0.2521786093711853	0.29136234521865845	0.16866865754127502	0.1057107001543045
ENSMUSG00000028736	0.7530736327171326	-0.27451398968696594	-0.9887834191322327	-0.20071297883987427	1.724070429801941	-0.49970099329948425	-0.09998162090778351	-0.09618709236383438
ENSMUSG00000070730	-0.06419449299573898	0.06698805093765259	0.895405113697052	-0.06180887669324875	0.11136528104543686	0.14842067658901215	0.10227499902248383	0.06726721674203873
ENSMUSG00000101693	0.05108499154448509	0.06200786679983139	0.252845823764801	0.09681016206741333	-0.045338764786720276	-0.10570669174194336	0.10108081996440887	-0.022663539275527
ENSMUSG00000118559	-0.052930235862731934	0.060033321380615234	0.8617235422134399	0.22052329778671265	0.09498432278633118	0.13598912954330444	0.06218988820910454	-0.010102037340402603
ENSMUSG00000071470	0.06628802418708801	0.08011005073785782	1.1299234628677368	0.034276947379112244	0.5327038764953613	0.18903683125972748	0.05275486037135124	0.01750193163752556
ENSMUSG00000107201	0.06503596901893616	0.09825410693883896	0.9292504787445068	0.10250860452651978	0.07644085586071014	-0.09554967284202576	-0.06847098469734192	-0.015661688521504402
ENSMUSG00000024331	-0.09213580936193466	-0.060923028737306595	-0.38720279932022095	-0.11839879304170609	-0.36342930793762207	0.12214983999729156	0.06149502843618393	0.03446656093001366
ENSMUSG00000035934	-0.0765952616930008	0.00413142004981637	-0.3188527226448059	-0.15258754789829254	0.41212186217308044	-0.013056074269115925	0.14059220254421234	0.09571760147809982
ENSMUSG00000109766	-0.05923333019018173	0.12749983370304108	-0.2176223248243332	-0.010881524533033371	-0.4044772982597351	-0.05959703400731087	-0.0623115636408329	-0.0027156793512403965
ENSMUSG00000049119	-0.04756162688136101	0.04698880761861801	-0.057430341839790344	-0.010681647807359695	-0.31017082929611206	0.23518146574497223	-0.05729539692401886	0.121456079185009
ENSMUSG00000006711	-0.0914384201169014	0.05437473952770233	0.04229746386408806	-0.022396232932806015	-0.09575789421796799	0.04759407043457031	0.02731342986226082	0.06776295602321625
ENSMUSG00000025917	0.051309920847415924	0.07370645552873611	1.2458090782165527	-0.021155955269932747	0.14496393501758575	0.15725062787532806	0.007898172363638878	0.02757403999567032
ENSMUSG00000040749	0.08812127262353897	0.018444042652845383	1.8666375875473022	0.22650226950645447	-0.7268652319908142	0.14574426412582397	-0.19557137787342072	-0.02022668905556202
ENSMUSG00000001943	0.16899634897708893	0.029668690636754036	0.2259036898612976	-0.05492768809199333	0.3245716989040375	0.21623285114765167	0.19140388071537018	0.08373141288757324
ENSMUSG00000037971	-0.13541072607040405	0.03412453830242157	0.27752885222435	-0.07583978772163391	0.17320317029953003	0.23946323990821838	0.12271496653556824	0.15089336037635803
ENSMUSG00000029127	-0.09450969099998474	0.03774860128760338	0.4121227562427521	-0.04837479069828987	-0.1952691525220871	0.17348383367061615	0.03764071315526962	0.07266929745674133
ENSMUSG00000086783	0.19071517884731293	0.06313050538301468	-0.3086540400981903	0.12102917581796646	-0.09178554266691208	-0.2083849310874939	0.16243425011634827	-0.027424125000834465
ENSMUSG00000018822	1.05303156375885	-0.2604732811450958	-1.2787188291549683	-0.34081950783729553	1.0404165983200073	0.2634233832359314	0.09399817138910294	-0.025845585390925407
ENSMUSG00000022205	0.12714911997318268	0.08875402808189392	1.4783837795257568	-0.07738859206438065	0.3004244863986969	0.1080206111073494	0.06653755158185959	0.05322694778442383
ENSMUSG00000105843	0.21143418550491333	-0.05235205218195915	-0.7315235733985901	-0.12669600546360016	0.17812809348106384	0.028367500752210617	0.26295775175094604	0.048166461288928986
ENSMUSG00000001383	0.0978047177195549	0.0962781310081482	1.271234154701233	0.19907748699188232	-0.1265600323677063	0.07600977271795273	-0.0017931311158463359	0.016342705115675926
ENSMUSG00000107373	0.37751004099845886	-0.3233988881111145	-1.1267306804656982	-0.36887726187705994	0.6982421875	0.39348524808883667	0.15490373969078064	0.016652826219797134
ENSMUSG00000069355	0.03167049586772919	0.10296862572431564	0.538506031036377	-0.05007292330265045	-0.5176041126251221	-0.059787072241306305	-0.0863494873046875	-0.09858079254627228
ENSMUSG00000117993	-0.03221581131219864	0.08055870980024338	-0.07491762936115265	-0.011293629184365273	-0.07636701315641403	-0.21833530068397522	-0.005399579182267189	-0.01894141174852848
ENSMUSG00000036333	0.008436892181634903	0.0807117149233818	0.6839815378189087	-0.04931305721402168	-0.340733140707016	0.10982898622751236	-0.07028983533382416	-0.026046285405755043
ENSMUSG00000022257	-0.08170673251152039	0.11084062606096268	0.8100136518478394	-0.08619649708271027	-0.35673287510871887	0.14493612945079803	0.05495745688676834	0.14477863907814026
ENSMUSG00000038893	-0.04775827378034592	0.06515051424503326	0.8347432017326355	0.0069763194769620895	0.033883702009916306	0.1862918734550476	0.03584685176610947	0.020321423187851906
ENSMUSG00000054763	0.02768743596971035	0.09892396628856659	0.6177318692207336	0.11145894229412079	0.14383465051651	0.03360562399029732	0.024338634684681892	-0.01480844896286726
ENSMUSG00000090151	0.007913123816251755	0.10778269171714783	0.0879315659403801	-0.04133008420467377	-0.5960268974304199	-0.11790414899587631	-0.10971606522798538	-0.08812005817890167
ENSMUSG00000049561	0.03918903321027756	0.022677648812532425	-0.9683260321617126	-0.19027362763881683	0.5093063712120056	-0.12705115973949432	0.2581348717212677	0.013442949391901493
ENSMUSG00000090772	-0.03855413571000099	0.07619455456733704	-0.1755177080631256	-0.04254535213112831	-0.180498868227005	-0.09102804213762283	-0.18000008165836334	-0.04805094748735428
ENSMUSG00000041035	-0.06970669329166412	0.05831622704863548	0.4948538541793823	-0.05514699965715408	0.17496976256370544	0.1462535858154297	0.14402905106544495	0.032185982912778854
ENSMUSG00000085321	-0.06537412852048874	0.1303851157426834	-0.40442633628845215	0.08733797073364258	-0.07370425015687943	0.11632496863603592	0.04823701083660126	-0.010284144431352615
ENSMUSG00000106894	0.01543221715837717	0.12028612196445465	0.3042443096637726	0.34604015946388245	-0.6507434248924255	-0.06433729827404022	-0.1280583292245865	-0.011859987862408161
ENSMUSG00000100291	-0.04750126227736473	0.07820450514554977	-0.20878362655639648	-0.010245174169540405	-0.2174769937992096	-0.12874481081962585	0.09662900865077972	0.0035346823278814554
ENSMUSG00000009907	0.039003871381282806	0.09055556356906891	1.0423481464385986	-0.04123788699507713	0.1110772117972374	0.144060418009758	0.0177011676132679	0.041398853063583374
ENSMUSG00000020702	-0.046816278249025345	0.08405973762273788	-0.029358746483922005	0.014184970408678055	-0.4327632486820221	-0.1868302971124649	-0.05318804085254669	-0.035843878984451294
ENSMUSG00000050122	-0.017703484743833542	0.07666712254285812	0.30336102843284607	-0.061956148594617844	0.08010122925043106	-0.14799590408802032	0.01843881793320179	-0.03863466903567314
ENSMUSG00000072049	-0.4607073962688446	-0.02496408484876156	0.7111347317695618	0.025520384311676025	-0.5907480716705322	-0.08878738433122635	-0.37343260645866394	-0.25108540058135986
ENSMUSG00000115386	-0.02586049772799015	0.11761344224214554	-0.07453027367591858	0.06513470411300659	-0.5057320594787598	-0.16577167809009552	-0.10026434808969498	-0.03513294458389282
ENSMUSG00000085171	0.0028588816057890654	0.09955283999443054	-0.047783635556697845	-0.017464512959122658	-0.46045544743537903	-0.16973906755447388	-0.06238295137882233	-0.018743395805358887
ENSMUSG00000069132	-0.1565440595149994	0.004043266177177429	-0.4727310538291931	-0.1609663963317871	-0.2567228078842163	0.06148552522063255	0.04975126311182976	0.05328541621565819
ENSMUSG00000086043	0.19911926984786987	0.08975475281476974	-0.8583869338035583	0.06895597279071808	0.9745224118232727	-0.2633301913738251	0.3003770709037781	-0.035380151122808456
ENSMUSG00000108088	-0.17459794878959656	0.05579303205013275	-0.31978610157966614	-0.02721257694065571	-0.11391747742891312	-0.01912855915725231	-0.15677715837955475	-0.03586483746767044
ENSMUSG00000069825	-0.21584540605545044	0.04884837567806244	-0.3932184875011444	-0.21049824357032776	-0.10675910115242004	0.06191858649253845	0.10651309043169022	0.11624223738908768
ENSMUSG00000046008	0.017517199739813805	0.17882676422595978	-0.07773468643426895	0.09507564455270767	-0.3376752734184265	-0.1402498185634613	-0.06807668507099152	-0.05103639140725136
ENSMUSG00000021932	-0.13161006569862366	0.07255447655916214	0.49099019169807434	-0.0855022743344307	0.1673220992088318	0.19417805969715118	0.11585066467523575	0.13886167109012604
ENSMUSG00000086835	-0.049760788679122925	0.09258337318897247	-0.19926179945468903	0.0049476162530481815	0.012212717905640602	-0.21748299896717072	0.07934856414794922	-0.0010941638611257076
ENSMUSG00000019194	0.3111545741558075	-0.26279738545417786	-0.734524130821228	-0.18004238605499268	0.8418647050857544	0.17452602088451385	0.12221169471740723	-0.02184310182929039
ENSMUSG00000051839	-0.0821826234459877	0.05185528099536896	-0.16937166452407837	-0.010074160061776638	-0.3074120283126831	-0.006017865147441626	-0.0014379775384441018	0.0702727884054184
ENSMUSG00000044367	0.3983660638332367	-0.09230643510818481	-0.3486693501472473	-0.04930390417575836	0.4696282148361206	0.3302517831325531	0.2921244502067566	0.11272559314966202
ENSMUSG00000116158	-0.006719597615301609	0.07537776231765747	-0.4517625570297241	0.008447407744824886	0.533264696598053	-0.06288661807775497	0.3524562418460846	-0.043994199484586716
ENSMUSG00000042826	0.3198326826095581	-0.34959810972213745	-0.8564820885658264	-0.23451974987983704	1.0848603248596191	0.2618246078491211	0.11753576993942261	-0.008980349637567997
ENSMUSG00000058921	-0.04163274168968201	0.09468439221382141	-0.292974591255188	-0.013702910393476486	-0.25655484199523926	-0.1659848988056183	0.14882268011569977	-0.014268521219491959
ENSMUSG00000057240	-0.021883096545934677	0.0888478085398674	-0.11191504448652267	-0.027324078604578972	-0.40667030215263367	-0.07889062911272049	-0.05532634258270264	-0.026951268315315247
ENSMUSG00000051279	1.016310691833496	-0.2603212594985962	-1.7185659408569336	-0.4083268642425537	1.3408584594726562	-0.23590487241744995	0.06948330253362656	-0.05540914833545685
ENSMUSG00000053907	0.13895143568515778	0.08917368203401566	1.7436469793319702	0.15737095475196838	0.438205361366272	0.2624020278453827	0.06921236217021942	0.037220194935798645
ENSMUSG00000037730	0.03398290276527405	0.0668763592839241	1.056410789489746	-0.03866235166788101	0.01100071705877781	0.16418001055717468	0.022396326065063477	0.045661915093660355
ENSMUSG00000021311	-0.053441815078258514	0.06973601132631302	0.8829952478408813	-0.07340266555547714	-0.12249381840229034	0.1682153195142746	0.03337794542312622	0.08153029531240463
ENSMUSG00000031750	-0.04938196763396263	0.10271492600440979	0.21398068964481354	0.09127724915742874	0.09481904655694962	0.027211949229240417	0.06775693595409393	-0.02287023514509201
ENSMUSG00000091239	-0.1509377658367157	0.06391580402851105	-0.13723446428775787	-0.03398599475622177	-0.32449549436569214	-0.010075836442410946	-0.14225253462791443	-0.06278592348098755
ENSMUSG00000021359	0.587934672832489	-0.18378017842769623	-1.866114616394043	-0.3883126974105835	2.4146900177001953	-0.20596885681152344	0.05815611407160759	0.05164492130279541
ENSMUSG00000102323	-1.852259083534591e-05	0.06613877415657043	0.875072717666626	0.1742713302373886	-0.11563186347484589	0.021996628493070602	0.02332543395459652	-0.00037012624670751393
ENSMUSG00000024619	0.008642563596367836	-0.14859262108802795	0.13777422904968262	-0.22757048904895782	0.1715824455022812	0.37159043550491333	0.12067998945713043	0.02418350987136364
ENSMUSG00000046643	-0.017747333273291588	0.1043718233704567	-0.006051046308130026	-0.03902658820152283	-0.3149908781051636	-0.04503430053591728	-0.13151878118515015	-0.07504621148109436
ENSMUSG00000114511	-0.028901539742946625	0.08321473002433777	-0.3614477217197418	-0.03362635523080826	-0.34485089778900146	-0.18348082900047302	0.13029861450195312	0.03224055841565132
ENSMUSG00000085079	-0.018319377675652504	0.08519027382135391	-0.40099093317985535	-0.03266189247369766	-0.14501528441905975	-0.18775016069412231	0.013320164754986763	0.031070975586771965
ENSMUSG00000090211	-0.06684739887714386	0.06550760567188263	-0.05365755409002304	0.037260185927152634	-0.5195468664169312	-0.12661710381507874	-0.08113043755292892	-0.039469700306653976
ENSMUSG00000075706	-0.11250224709510803	0.041076257824897766	0.40259048342704773	-0.08623611181974411	1.0073189735412598	0.068893201649189	0.14865154027938843	-0.006034085061401129
ENSMUSG00000024785	-0.04541296139359474	0.07692383974790573	0.9984860420227051	-0.0759182944893837	-0.05435383319854736	0.1528337001800537	0.05143754184246063	0.06326200813055038
ENSMUSG00000112847	0.00841586384922266	0.10374782234430313	0.20289845764636993	0.06775599718093872	0.022033631801605225	-0.037802472710609436	-0.18356198072433472	-0.09115979820489883
ENSMUSG00000025746	-0.00039369409205392003	0.0824686735868454	-0.1903359293937683	-0.035403840243816376	-0.03137774020433426	-0.08823855221271515	0.011410364881157875	-0.03806750476360321
ENSMUSG00000021936	-0.08453507721424103	0.10450762510299683	0.5129958391189575	-0.09938273578882217	-0.23818790912628174	0.1793922781944275	0.05246378108859062	0.16082698106765747
ENSMUSG00000053852	-0.0713295191526413	0.0691322311758995	0.17551974952220917	-0.013019234873354435	-0.7573479413986206	-0.11609488725662231	-0.17717429995536804	-0.07953909039497375
ENSMUSG00000020706	-0.019993359223008156	0.06958137452602386	1.7842048406600952	0.12608207762241364	-0.08457794785499573	0.1226583942770958	0.0029170841444283724	0.031386081129312515
ENSMUSG00000108997	-0.07450324296951294	0.0850851759314537	-0.039090052247047424	-0.016048230230808258	-0.5488694906234741	-0.13921627402305603	-0.02045360766351223	-0.021796705201268196
ENSMUSG00000017167	0.6984214186668396	-0.24730436503887177	-1.2347103357315063	-0.2337486892938614	1.6036949157714844	-0.17290440201759338	0.02468206360936165	-0.017807383090257645
ENSMUSG00000102992	-0.015593253076076508	0.08667479455471039	-0.21973595023155212	-0.024133849889039993	-0.2693626582622528	-0.1195799857378006	-0.04905511066317558	-0.008006569929420948
ENSMUSG00000034252	0.07658792287111282	0.06181164085865021	0.773019015789032	0.027070902287960052	-0.09748408943414688	0.21804265677928925	-0.03228025138378143	0.08565034717321396
ENSMUSG00000081931	-0.09061895310878754	0.14273732900619507	0.03176164999604225	0.06550366431474686	-0.8329777717590332	-0.17226941883563995	-0.1347506195306778	-0.06309250742197037
ENSMUSG00000031821	-0.026052389293909073	0.06500771641731262	0.9349930286407471	-0.058963462710380554	0.2512844204902649	0.11928078532218933	0.14368131756782532	0.009749443270266056
ENSMUSG00000113093	-0.05805112421512604	0.07868776470422745	-0.1108056828379631	0.198076993227005	-0.02160145342350006	0.015604239888489246	0.003939913120120764	-0.02596656233072281
ENSMUSG00000085687	0.06029139831662178	0.08967769891023636	1.3327096700668335	0.19649961590766907	-0.2585030794143677	-0.16534358263015747	-0.1109958291053772	0.007595696020871401
ENSMUSG00000047298	-0.10402993112802505	0.052063655108213425	-0.20043623447418213	-0.027757201343774796	-0.30255281925201416	0.05833863839507103	0.036104198545217514	0.05554598197340965
ENSMUSG00000104870	-0.004011861048638821	0.12664391100406647	-0.13391028344631195	0.006278311833739281	-0.5309288501739502	-0.11893776059150696	-0.06728905439376831	-0.03051028773188591
ENSMUSG00000059923	-0.022127458825707436	0.04985026270151138	0.8605468273162842	0.04157496988773346	0.11254549026489258	0.20038855075836182	0.035277146846055984	0.030401144176721573
ENSMUSG00000028577	0.15876376628875732	0.07634767144918442	1.1666232347488403	0.12079031765460968	-0.1733912229537964	0.18883216381072998	-0.06792312860488892	0.040706127882003784
ENSMUSG00000022091	0.024214619770646095	0.06636960059404373	-0.6337538361549377	-0.06263796985149384	0.8340731859207153	-0.13210295140743256	0.3278735876083374	-0.01731734350323677
ENSMUSG00000060699	-0.08865558356046677	0.1036302000284195	-0.29700708389282227	-0.022657565772533417	-0.22867126762866974	-0.00930540356785059	-0.044889189302921295	-0.027443619444966316
ENSMUSG00000028830	-0.12979459762573242	0.01743597909808159	0.2115800529718399	-0.056628160178661346	0.021014250814914703	0.27835237979888916	0.08507955819368362	0.1379460096359253
ENSMUSG00000054477	-0.1317502111196518	0.013517647050321102	-0.24107599258422852	-0.17847689986228943	-0.15042144060134888	0.14016830921173096	0.06438030302524567	0.10855672508478165
ENSMUSG00000039195	0.06114448979496956	-0.14511191844940186	-0.17325933277606964	-0.1450493335723877	-0.006677304394543171	0.2888839840888977	0.18107391893863678	0.06783048808574677
ENSMUSG00000028470	-0.0830046534538269	0.012564737349748611	0.04123520478606224	0.02494719810783863	0.44321364164352417	0.3291220963001251	0.2094958871603012	0.026585981249809265
ENSMUSG00000111033	0.06695626676082611	0.06259031593799591	0.16369232535362244	0.02215985581278801	-0.1985364407300949	-0.10621357709169388	-0.009065451100468636	-0.027612976729869843
ENSMUSG00000111400	-0.04264630377292633	0.08731555193662643	0.14544463157653809	-0.0019251289777457714	-0.34406402707099915	-0.18698349595069885	-0.1036626324057579	-0.06235268712043762
ENSMUSG00000103898	0.12015403807163239	-0.0732729509472847	0.370993435382843	-0.05027996003627777	0.38655605912208557	0.2689926028251648	0.16775839030742645	0.08855839818716049
ENSMUSG00000051169	-0.07051090151071548	0.04952724277973175	0.8227629065513611	-0.03410026431083679	0.21353036165237427	0.18454110622406006	0.11411236971616745	0.030306367203593254
ENSMUSG00000112569	0.00484764389693737	0.09812027961015701	6.544843199662864e-05	-0.03642703592777252	-0.35906982421875	-0.09266111254692078	-0.08374250680208206	-0.05992063134908676
ENSMUSG00000100550	-0.027071477845311165	0.08792059868574142	-0.01578814536333084	-0.05539874732494354	0.10682351887226105	-0.13080976903438568	0.07702560722827911	-0.019313398748636246
ENSMUSG00000022799	-0.11884090304374695	-0.05719505622982979	-0.2680385112762451	-0.22995300590991974	0.10968261957168579	0.22353367507457733	0.1237419918179512	0.034477271139621735
ENSMUSG00000026247	0.7196529507637024	-0.2428787648677826	-2.0695180892944336	-0.4747270941734314	2.0450692176818848	-0.1699018031358719	0.0701167955994606	0.023749222978949547
ENSMUSG00000048039	-0.023232487961649895	0.09180548787117004	1.3746824264526367	0.14508956670761108	0.35718032717704773	0.16224674880504608	0.10457009077072144	0.01791778951883316
ENSMUSG00000087462	-0.2722277045249939	0.11419259756803513	0.4683987498283386	0.23997415602207184	-0.8451671004295349	-0.17648185789585114	-0.40716221928596497	-0.15337134897708893
ENSMUSG00000021733	0.09274305403232574	0.08822011202573776	0.9305484294891357	-0.041476041078567505	-0.1833767145872116	0.1891033947467804	-0.034353941679000854	0.06622002273797989
ENSMUSG00000082832	-0.18249084055423737	0.08999556303024292	0.06479907780885696	0.03604011610150337	-0.8122024536132812	-0.15293708443641663	-0.24694278836250305	-0.09671857953071594
ENSMUSG00000050157	-0.04826725646853447	0.05335148423910141	0.8939195871353149	0.2780907154083252	0.3624315559864044	0.09594058990478516	0.06270262598991394	-0.0011836588382720947
ENSMUSG00000081326	-0.19773803651332855	0.0869472399353981	-0.3857404291629791	-0.0038911860901862383	0.14301781356334686	-0.11947301030158997	0.05874672904610634	-0.07287241518497467
ENSMUSG00000044501	0.01170608401298523	0.055877603590488434	0.24313178658485413	-0.01366638857871294	-0.10568170249462128	0.2465401291847229	-0.03205840662121773	0.07789243757724762
ENSMUSG00000040848	-0.13953518867492676	-0.0018757660873234272	0.025583932176232338	-0.052183203399181366	0.05381157249212265	0.3003947138786316	0.09537073969841003	0.14355342090129852
ENSMUSG00000017064	-0.07016923278570175	0.08309981971979141	-0.09230418503284454	-0.036744341254234314	-0.36150386929512024	-0.051106829196214676	-0.183911994099617	-0.07988893240690231
ENSMUSG00000075553	-0.03243201971054077	-0.016819242388010025	-0.36191147565841675	-0.057043932378292084	0.7322373986244202	0.35385191440582275	0.196782186627388	0.13806559145450592
ENSMUSG00000115803	-0.0974077507853508	0.08596537262201309	-0.08457987010478973	-0.030272260308265686	-0.37646156549453735	-0.08819729089736938	-0.14026930928230286	-0.07558003813028336
ENSMUSG00000045330	-0.01757669448852539	0.13093452155590057	0.23268575966358185	0.08165816962718964	-0.9247466325759888	-0.16009914875030518	-0.22099700570106506	-0.10069447755813599
ENSMUSG00000053007	-0.16840362548828125	0.0845208391547203	-0.1589292287826538	-0.2902463674545288	-0.09984645247459412	-0.03666769340634346	0.12247373908758163	0.0834181010723114
ENSMUSG00000114352	0.009884758852422237	0.12107539921998978	-0.10045327246189117	0.023179495707154274	-0.3867325484752655	-0.14085263013839722	-0.09738851338624954	-0.0425800196826458
ENSMUSG00000059498	-0.1517382115125656	-0.07837095111608505	0.09125197678804398	-0.34206926822662354	0.267051637172699	0.173005148768425	0.10878049582242966	0.035991180688142776
ENSMUSG00000033965	-0.19696231186389923	0.08377201855182648	-0.011880508624017239	-0.256959468126297	-0.8349370360374451	0.025340840220451355	0.04335182160139084	0.16115781664848328
ENSMUSG00000038227	1.0193411111831665	-0.23841924965381622	-2.300766706466675	-0.6216041445732117	2.007289171218872	-0.10604485869407654	0.04196811839938164	0.022481046617031097
ENSMUSG00000113832	-0.004655501339584589	0.13369086384773254	-0.15836197137832642	0.02461312711238861	-0.37761977314949036	-0.17453423142433167	-0.08034253120422363	-0.025608668103814125
ENSMUSG00000078838	-0.11943371593952179	-0.025687722489237785	-0.00555448280647397	-0.0656747817993164	0.17868077754974365	0.22217342257499695	0.16185081005096436	0.11942053586244583
ENSMUSG00000068745	-0.042069535702466965	0.04897303134202957	-0.09610845893621445	-0.027371225878596306	0.3902677595615387	-0.11268573999404907	0.1000996083021164	-0.030286328867077827
ENSMUSG00000014837	0.5343890190124512	-0.14204983413219452	-0.680839478969574	-0.10573503375053406	0.9684609770774841	0.2275497317314148	0.17260174453258514	0.09614962339401245
ENSMUSG00000024063	-0.05889308825135231	-0.11679128557443619	-0.40248873829841614	-0.22123751044273376	0.38229653239250183	0.1491810530424118	0.11288085579872131	0.005933417472988367
ENSMUSG00000116867	-0.05028513818979263	0.081687793135643	0.12511838972568512	-0.03793644905090332	-0.23462456464767456	-0.16995573043823242	-0.17254237830638885	-0.0993003100156784
ENSMUSG00000005687	0.05372076854109764	0.07515136152505875	1.2322945594787598	0.02679145149886608	0.43671202659606934	0.23236173391342163	0.029216067865490913	0.026155292987823486
ENSMUSG00000101815	-0.19015741348266602	0.01291972678154707	1.151767373085022	0.37371310591697693	-1.973536729812622	-0.27486178278923035	-0.8611443042755127	-0.2082962840795517
ENSMUSG00000060057	-0.04072428122162819	0.10916468501091003	-0.1815849095582962	-0.022277459502220154	-0.22697743773460388	-0.14750534296035767	-0.13615326583385468	-0.03760392963886261
ENSMUSG00000086193	-0.06684941053390503	0.04784167930483818	0.7273783683776855	0.10880981385707855	0.11243171989917755	0.241877481341362	0.022007787600159645	0.02385384775698185
ENSMUSG00000045174	0.0017725767102092505	-0.08806782960891724	-0.4343640208244324	-0.1570381224155426	-0.26091381907463074	0.2684426009654999	0.1348874419927597	0.021915368735790253
ENSMUSG00000020263	-0.05823256075382233	0.06399422883987427	0.7433464527130127	-0.0521773099899292	-0.21189309656620026	0.15926355123519897	0.023219000548124313	0.09743812680244446
ENSMUSG00000086816	0.03320525586605072	0.08006830513477325	1.1259077787399292	0.09507147967815399	0.0651736855506897	0.039121199399232864	0.011366412974894047	0.013841617852449417
ENSMUSG00000028637	-0.12574662268161774	0.03819378465414047	-0.05137305706739426	-0.03567058593034744	0.01366408821195364	0.20930857956409454	0.1169034093618393	0.12270216643810272
ENSMUSG00000109761	-0.04484391584992409	0.0952671617269516	-0.1177481934428215	-0.03663095831871033	-0.3474746644496918	-0.09612271189689636	-0.03749855235219002	-0.03907925263047218
ENSMUSG00000004285	-0.01860068179666996	0.0596269816160202	1.149744987487793	0.03405466303229332	-0.19714033603668213	0.12048342823982239	0.1152254119515419	0.004783821292221546
ENSMUSG00000021302	0.10749686509370804	0.07548363506793976	1.089658498764038	0.11250775307416916	-0.24422401189804077	0.16095973551273346	-0.06606703996658325	0.028680114075541496
ENSMUSG00000030653	-0.007771051023155451	0.08994179964065552	-0.2663007080554962	0.23145852982997894	-0.02754874899983406	-0.21632999181747437	0.1437186449766159	-0.0008235768764279783
ENSMUSG00000050350	0.05780887231230736	0.12108725309371948	0.6981866359710693	0.2813396751880646	-0.14573439955711365	-0.021147020161151886	-0.05177227035164833	-0.014159065671265125
ENSMUSG00000030666	-0.07967361807823181	-9.823143045650795e-06	-0.4327123761177063	-0.004645488690584898	-0.0025146303232759237	-0.051696375012397766	0.1771443784236908	0.03814561665058136
ENSMUSG00000105795	-0.041863907128572464	0.07023965567350388	0.7049625515937805	0.04089663177728653	-0.09183388948440552	0.09061507135629654	-0.01990620605647564	-0.02131648361682892
ENSMUSG00000028552	-0.08209147304296494	0.07206431776285172	0.3261454105377197	-0.08801886439323425	-0.03233591467142105	0.1752336323261261	0.0468912348151207	0.1656598299741745
ENSMUSG00000099955	-0.44247519969940186	-0.1245674416422844	0.7983140349388123	0.1720278412103653	-1.4709662199020386	-0.14906348288059235	-0.6107576489448547	-0.191549152135849
ENSMUSG00000026807	-0.07499215006828308	0.050844740122556686	-0.04953593760728836	-0.04299657791852951	-0.07168201357126236	0.11031839996576309	0.08479449898004532	0.06663072854280472
ENSMUSG00000099748	-0.46988391876220703	-0.08887334167957306	0.39433982968330383	0.339168518781662	-1.441603422164917	-0.23232555389404297	-0.5909685492515564	-0.027807865291833878
ENSMUSG00000102772	-0.15102656185626984	-0.045366253703832626	0.27416926622390747	0.09426391869783401	-1.3956965208053589	-0.16811637580394745	-0.5213068127632141	-0.17237205803394318
ENSMUSG00000028042	0.16943974792957306	-0.12659920752048492	-0.5636702179908752	-0.1219390481710434	1.7423754930496216	0.220504030585289	0.15123556554317474	0.11010691523551941
ENSMUSG00000039536	-0.056951336562633514	0.061977025121450424	0.6032811999320984	-0.06134381145238876	0.019357996061444283	0.20864130556583405	0.03764009848237038	0.11477477103471756
ENSMUSG00000110752	0.019741984084248543	0.1266784965991974	0.10534880310297012	0.07827993482351303	-0.3217460513114929	-0.16449850797653198	-0.07116533815860748	-0.059971097856760025
ENSMUSG00000024413	-0.03102291189134121	0.05563297122716904	1.129249095916748	0.05450594797730446	-0.4097776412963867	0.14165425300598145	-0.06875912100076675	0.0010706791654229164
ENSMUSG00000030610	-0.04672151431441307	0.05679074302315712	0.9044357538223267	0.007047319319099188	-0.0021798214875161648	0.19851154088974	0.05035211518406868	0.029075412079691887
ENSMUSG00000003200	-0.03629597648978233	0.06280668824911118	1.2472004890441895	0.0076010883785784245	-0.014038480818271637	0.11693239212036133	0.04128508269786835	0.016451943665742874
ENSMUSG00000036813	-0.05540476366877556	0.0840085968375206	-0.17964908480644226	-0.05255317687988281	-0.16867399215698242	-0.12768717110157013	0.015864606946706772	-0.030987685546278954
ENSMUSG00000109595	-0.00361897936090827	0.1307600736618042	-0.0837138295173645	0.011821678839623928	-0.3321237564086914	-0.14077454805374146	-0.03360147401690483	-0.04658012092113495
ENSMUSG00000099939	-0.30349594354629517	0.0016476805321872234	0.2954482138156891	0.08241820335388184	-1.1494638919830322	-0.20344974100589752	-0.41242289543151855	-0.14209431409835815
ENSMUSG00000086020	-0.009739489294588566	0.10437460988759995	-0.06934726983308792	-0.034637417644262314	-0.4302271604537964	-0.16327831149101257	-0.08150294423103333	-0.03481900319457054
ENSMUSG00000030769	-0.03789372742176056	0.03678681701421738	0.7538451552391052	0.09013769775629044	-0.08950257301330566	0.051493410021066666	-0.002036944031715393	0.00063487229635939
ENSMUSG00000017132	-0.13965584337711334	0.024381078779697418	0.31101277470588684	-0.08731667697429657	0.12938697636127472	0.2515721619129181	0.12722624838352203	0.11648007482290268
ENSMUSG00000054676	-0.10726742446422577	0.017305975779891014	0.21178750693798065	-0.049076393246650696	-0.1818678230047226	0.23687882721424103	0.08581284433603287	0.1349048912525177
ENSMUSG00000116877	0.08441495150327682	0.09387649595737457	1.1271718740463257	0.04869074746966362	-0.5274984240531921	0.015385843813419342	-0.12493177503347397	-0.03792497515678406
ENSMUSG00000025888	-0.18069566786289215	0.06426145881414413	-0.10715191066265106	-0.02274421416223049	-0.1990423947572708	-0.046249810606241226	-0.13475064933300018	-0.11033361405134201
ENSMUSG00000101532	0.016523104161024094	0.09242647886276245	0.2560237646102905	-0.04051090404391289	-0.4888346791267395	-0.10897035896778107	-0.12039288878440857	-0.12594428658485413
ENSMUSG00000110731	-0.032707344740629196	0.12045130878686905	0.2255469113588333	0.10515055060386658	-0.43402811884880066	-0.15428121387958527	-0.1477525681257248	-0.11072826385498047
ENSMUSG00000029664	-0.015685709193348885	0.1366872787475586	-0.27504754066467285	-0.008404649794101715	-0.3369559347629547	-0.1353549361228943	0.01920723356306553	-0.007603250909596682
ENSMUSG00000038180	0.08818414062261581	0.04970451816916466	-0.08436757326126099	-0.042714592069387436	0.1047573983669281	0.24735811352729797	0.14708751440048218	0.11535807698965073
ENSMUSG00000118070	-0.10988572984933853	0.021947866305708885	-0.3753010630607605	0.12179811298847198	0.5344858169555664	0.3570825159549713	0.2669815421104431	0.06424754112958908
ENSMUSG00000108980	-0.06426944583654404	0.07778877764940262	0.9680023193359375	-0.07941211014986038	-0.2371159791946411	0.1302964985370636	0.013228345662355423	0.002727550221607089
ENSMUSG00000082534	-0.06748659908771515	0.09632590413093567	-0.2601831257343292	-0.037209056317806244	-0.3168322741985321	-0.03489713370800018	-0.029098227620124817	0.0008927815360948443
ENSMUSG00000061208	-0.06650007516145706	0.07679776847362518	-0.32093316316604614	-0.039099350571632385	-0.08250169456005096	-0.05058412253856659	-0.03100779838860035	-0.028677530586719513
ENSMUSG00000026413	-0.020124325528740883	-0.15033501386642456	-0.3609388470649719	-0.28495436906814575	0.06474746018648148	0.27544569969177246	0.10657471418380737	-0.03566868603229523
ENSMUSG00000112497	-0.022791072726249695	0.0957568809390068	-0.1666809320449829	0.00828678160905838	-0.29966771602630615	-0.21583323180675507	-0.0983261987566948	-0.00808004755526781
ENSMUSG00000028059	-0.04844856262207031	0.060766804963350296	0.36234620213508606	-0.06830768287181854	0.6253026723861694	0.005371932405978441	0.1909673511981964	-0.017863798886537552
ENSMUSG00000036565	-0.05355161055922508	0.02774222381412983	0.45310255885124207	-0.06257326900959015	-0.037090279161930084	0.24499541521072388	0.08171149343252182	0.09274322539567947
ENSMUSG00000093452	0.0503648966550827	0.05977281928062439	0.4516321122646332	0.01812022179365158	0.3872387409210205	-0.16345006227493286	0.22479011118412018	-0.007676837965846062
ENSMUSG00000018259	-0.1848381757736206	0.08329465240240097	-0.1352710872888565	-0.01797601953148842	-0.41301167011260986	-0.05704966560006142	-0.09837661683559418	-0.06429360061883926
ENSMUSG00000022676	0.1965469866991043	-0.10008519887924194	-0.9127910733222961	-0.2731400430202484	0.10842006653547287	0.32436883449554443	0.14407958090305328	0.04725782945752144
ENSMUSG00000115822	-0.06682071089744568	0.09352848678827286	-0.14073576033115387	0.0005022662808187306	-0.21615487337112427	-0.08687517791986465	-0.09209950268268585	-0.06565787643194199
ENSMUSG00000092220	-0.012278130277991295	0.09310773760080338	-0.34385693073272705	-0.053145989775657654	0.24246087670326233	-0.0474846176803112	0.12028501182794571	-0.04104815423488617
ENSMUSG00000111696	-0.062436360865831375	0.08951759338378906	-0.22336788475513458	-0.013487747870385647	-0.04570109397172928	-0.10463766753673553	-0.08128495514392853	-0.05883175879716873
ENSMUSG00000110557	-0.025406263768672943	0.08450616151094437	-0.22357012331485748	-0.03011314384639263	-0.22192715108394623	-0.11375550180673599	-0.05076589435338974	-0.01910262368619442
ENSMUSG00000085198	-0.010524461045861244	0.0949949249625206	-0.09578949213027954	-0.037882205098867416	-0.3792858123779297	-0.07063334435224533	-0.08651807904243469	-0.05289522558450699
ENSMUSG00000030368	-0.012605542317032814	0.10280652344226837	-0.10895432531833649	-0.014859960414469242	-0.49627524614334106	-0.1366148591041565	-0.06448954343795776	-0.016689689829945564
ENSMUSG00000029634	0.10286184400320053	0.07553555816411972	1.2362747192382812	-0.06210203096270561	-0.0036555808037519455	0.16543781757354736	-0.019486356526613235	0.05256492272019386
ENSMUSG00000107842	-0.011385173536837101	0.08406087756156921	-0.1089494600892067	-0.032549649477005005	-0.00699054729193449	-0.20988810062408447	0.019409483298659325	-0.0041823722422122955
ENSMUSG00000030638	-0.07428073137998581	0.055645957589149475	0.4796466827392578	-0.051975835114717484	-0.06259116530418396	0.04578150436282158	0.049124740064144135	0.0401284322142601
ENSMUSG00000094734	-0.16075581312179565	0.06435593217611313	-0.1285799741744995	-0.04968985915184021	-0.18947412073612213	0.010150384157896042	-0.12228799611330032	-0.1178196519613266
ENSMUSG00000102679	-0.10328739136457443	0.08991841971874237	-0.1141699030995369	-0.01949690654873848	-0.33136942982673645	-0.11599597334861755	-0.12267793715000153	-0.06638532876968384
ENSMUSG00000072568	0.23224714398384094	0.06958964467048645	-1.0533415079116821	-0.1312914788722992	1.2366302013397217	-0.15695609152317047	0.11361061036586761	-0.05787919461727142
ENSMUSG00000091867	-0.0077237579971551895	0.08782947808504105	-0.1879424899816513	-0.025443360209465027	-0.32235991954803467	-0.129049152135849	-0.04841543361544609	0.004586950875818729
ENSMUSG00000047228	-0.03883809968829155	0.0894194096326828	-0.11214654892683029	-0.013620950281620026	-0.21569564938545227	-0.04244210198521614	-0.017068196088075638	-0.004576549399644136
ENSMUSG00000073781	0.0010369920637458563	0.10067734867334366	-0.13669425249099731	-0.04291287437081337	-0.23794446885585785	-0.13870859146118164	-0.018231462687253952	-0.03534802049398422
ENSMUSG00000060030	0.002884604735299945	0.104975625872612	0.21117863059043884	-0.0300851222127676	-0.7065219879150391	-0.126264750957489	-0.08301293104887009	-0.0635109543800354
ENSMUSG00000036768	0.14914700388908386	0.0562799796462059	1.3612438440322876	0.020270295441150665	-0.14113906025886536	0.16770176589488983	-0.08930618315935135	0.04031026363372803
ENSMUSG00000030897	-0.024578189477324486	0.08791977167129517	-0.27584153413772583	-0.019524453207850456	-0.1431698203086853	-0.17120318114757538	0.12223145365715027	0.0006231768638826907
ENSMUSG00000074569	-0.006139655597507954	0.06622935831546783	1.4024311304092407	0.11438591778278351	-0.3527049720287323	-0.002477172529324889	0.02558990754187107	0.03446899726986885
ENSMUSG00000086184	-0.06731504201889038	-0.0011730915866792202	0.40464210510253906	-0.014802605845034122	0.6010515093803406	0.23837342858314514	0.13297636806964874	0.02611217275261879
ENSMUSG00000027823	0.10201528668403625	0.054473381489515305	1.0241937637329102	-0.06317929923534393	-0.1417512595653534	0.17259632050991058	-0.10651248693466187	0.08853831887245178
ENSMUSG00000102457	0.11269832402467728	-0.10474428534507751	-0.8191395401954651	-0.16240853071212769	0.3331001400947571	0.3296535611152649	0.1981544941663742	0.07844861596822739
ENSMUSG00000067787	0.07047395408153534	0.10229925066232681	0.7372757792472839	0.04190349578857422	0.5864875912666321	0.045905910432338715	0.08232501894235611	-0.011980785988271236
ENSMUSG00000066829	-0.05178697407245636	0.05741594359278679	0.5154746174812317	-0.06404086202383041	-0.023062098771333694	0.21674863994121552	0.035776376724243164	0.09129983186721802
ENSMUSG00000115043	-0.08917956054210663	0.140433669090271	-0.153309628367424	0.14033910632133484	-0.34736618399620056	-0.06282263249158859	-0.15119613707065582	-0.060764461755752563
ENSMUSG00000105637	-0.020092038437724113	0.10119911283254623	-0.015925204381346703	0.03277311846613884	-0.3007740080356598	-0.1019725501537323	-0.19652728736400604	-0.08203795552253723
ENSMUSG00000031948	-0.09431164711713791	0.07824452221393585	1.215726613998413	-0.08484169840812683	0.18079343438148499	0.2092886120080948	0.11522219330072403	0.0010137921199202538
ENSMUSG00000061650	-0.08107902854681015	0.09332797676324844	0.3924991488456726	-0.043680816888809204	0.23846504092216492	0.12000307440757751	0.17463117837905884	0.018250642344355583
ENSMUSG00000059897	0.076155886054039	0.07489844411611557	1.2063637971878052	0.015431432984769344	0.07651810348033905	0.1552990972995758	-0.01895289309322834	0.01056022197008133
ENSMUSG00000085500	-0.1583646684885025	0.005062013864517212	-0.27046871185302734	-0.24373307824134827	-0.42875248193740845	0.175819531083107	0.05598597973585129	0.09796056896448135
ENSMUSG00000090637	-0.03182389959692955	0.07371582835912704	-0.383529931306839	-0.03429447486996651	0.21374493837356567	-0.07785212248563766	0.17931169271469116	-0.014688205905258656
ENSMUSG00000023911	0.04438711330294609	0.04060472920536995	0.2272060513496399	-0.04195285961031914	-0.13458919525146484	0.19798283278942108	0.094411201775074	0.027675123885273933
ENSMUSG00000021613	-0.12081967294216156	0.042997874319553375	-0.18197454512119293	-0.14958149194717407	-0.20376178622245789	0.1285482943058014	0.036622628569602966	0.12621363997459412
ENSMUSG00000116737	-0.025901274755597115	0.11161848157644272	0.34149909019470215	0.0987011268734932	0.20143263041973114	-0.05637367069721222	0.06339467316865921	-0.010078792460262775
ENSMUSG00000004897	-0.026632478460669518	0.061015915125608444	1.0522087812423706	0.06591048836708069	0.10537662357091904	0.18806831538677216	-0.0033290607389062643	0.012362859211862087
ENSMUSG00000112855	-0.12651090323925018	0.04643140733242035	-0.12281337380409241	-0.06556305289268494	-0.07351145148277283	-0.007794009521603584	-0.14263103902339935	-0.11239752918481827
ENSMUSG00000055723	-0.11272451281547546	0.06088481843471527	0.4650348722934723	-0.07217708230018616	-0.03245006501674652	0.20378199219703674	0.0798240676522255	0.1416204571723938
ENSMUSG00000084228	-0.023799430578947067	0.12137403339147568	-0.2594865560531616	-0.024211997166275978	-0.18248529732227325	-0.03025607019662857	-0.03154263272881508	-0.036606162786483765
ENSMUSG00000038607	-0.14220090210437775	-0.0926189124584198	-0.3708888590335846	-0.10756653547286987	0.296286404132843	0.30194148421287537	0.1739148199558258	0.08695001900196075
ENSMUSG00000027967	0.7353203296661377	-0.257760614156723	-2.068061590194702	-0.4832012951374054	2.06069016456604	-0.48871177434921265	0.18643228709697723	-0.07910159230232239
ENSMUSG00000066058	0.08889912813901901	0.06543779373168945	0.49614402651786804	-0.013023894280195236	0.11046548187732697	-0.11099842190742493	0.09545635432004929	-0.02442830614745617
ENSMUSG00000053063	0.02120664343237877	0.1186959445476532	0.16998857259750366	-0.02011134847998619	-0.30964380502700806	-0.12400121986865997	-0.12862226366996765	-0.08264753967523575
ENSMUSG00000024754	-0.058521293103694916	0.06492220610380173	0.7940268516540527	-0.05891693755984306	-0.12052568793296814	0.16883538663387299	0.031014656648039818	0.08719424903392792
ENSMUSG00000113970	0.022938333451747894	0.11655845493078232	0.10791026800870895	-0.008312375284731388	-0.27299320697784424	-0.14677372574806213	-0.12203717976808548	-0.08281417191028595
ENSMUSG00000070995	-0.03381238132715225	0.09124043583869934	-0.3544401228427887	-0.020537815988063812	-0.07235351204872131	-0.0658143162727356	0.0441741980612278	-0.005357097834348679
ENSMUSG00000023945	-0.16871051490306854	-0.009907949715852737	-0.4280087947845459	-0.2025710642337799	-0.2290154993534088	0.15891514718532562	0.06878543645143509	0.07815626263618469
ENSMUSG00000087318	-0.030721690505743027	0.07489628344774246	-0.019878603518009186	-0.048830218613147736	-0.20886725187301636	-0.19351068139076233	0.029646897688508034	-0.03198084607720375
ENSMUSG00000029718	-0.037933096289634705	0.07124081999063492	1.06436288356781	0.011904293671250343	0.6453993916511536	0.030998462811112404	0.1606007218360901	-0.010424473322927952
ENSMUSG00000020458	0.07692798972129822	0.047193966805934906	0.984722375869751	0.23728032410144806	0.11530284583568573	0.21171244978904724	-0.1380535364151001	0.02314230240881443
ENSMUSG00000027858	-0.15556563436985016	0.044463127851486206	-0.02288774400949478	-0.18212194740772247	-0.166889950633049	0.22883079946041107	0.07360896468162537	0.14084729552268982
ENSMUSG00000067610	-0.1321873515844345	0.0648992732167244	0.012522220611572266	-0.03798706457018852	-0.290324330329895	-0.05948004871606827	-0.16074103116989136	-0.1255798488855362
ENSMUSG00000113259	-0.009294327348470688	0.12012273073196411	-0.12763065099716187	-0.01647055149078369	-0.4480636715888977	-0.15216504037380219	-0.10932312160730362	-0.03131861612200737
ENSMUSG00000073650	-0.024876687675714493	0.06852621585130692	-0.3482552766799927	-0.01722308248281479	0.5962255597114563	-0.017520442605018616	0.2697741687297821	-0.05244651809334755
ENSMUSG00000053040	-0.15374086797237396	-0.005286272615194321	-0.20811864733695984	-0.1153455376625061	-0.1882750689983368	0.26779553294181824	0.09062717109918594	0.1352231204509735
ENSMUSG00000101041	-0.15675577521324158	-0.22298628091812134	1.3395886421203613	0.04320303350687027	-2.231173515319824	0.07171265780925751	-0.7359398603439331	-0.2563335597515106
ENSMUSG00000094140	-0.015057469718158245	0.10427063703536987	-0.08693946152925491	-0.046226002275943756	-0.3069661259651184	-0.06869111955165863	-0.052980661392211914	-0.03715486079454422
ENSMUSG00000015757	0.12232045084238052	0.05849291384220123	1.2861628532409668	0.04629958048462868	-0.30983448028564453	0.14072471857070923	-0.10191072523593903	0.02063511684536934
ENSMUSG00000106384	-0.025709243491292	0.06837855279445648	-0.3643864393234253	-0.002647489309310913	0.47582679986953735	-0.1412731111049652	0.12200650572776794	-0.014731700532138348
ENSMUSG00000099781	-0.03900761902332306	0.11599273979663849	-0.26986226439476013	-0.011060196906328201	-0.24439987540245056	-0.05069640278816223	-0.05149048939347267	-0.028815092518925667
ENSMUSG00000023467	-0.016077248379588127	0.095804363489151	0.5020914673805237	0.1281084418296814	0.3631143569946289	-0.04183519259095192	0.10081300884485245	-0.0042194826528429985
ENSMUSG00000051977	-0.12741225957870483	0.03243626281619072	-0.39249852299690247	-0.03629937767982483	0.07161379605531693	0.27372992038726807	0.1297014355659485	0.1340104639530182
ENSMUSG00000089914	-0.0965900719165802	0.09224905073642731	-0.20335383713245392	-0.015486124902963638	-0.32509124279022217	-0.08696447312831879	-0.1134733110666275	-0.03595385327935219
ENSMUSG00000079414	-0.013386160135269165	-0.1184299886226654	-0.16175174713134766	-0.08813674747943878	0.32984650135040283	0.3496825098991394	0.1506289541721344	0.10078640282154083
ENSMUSG00000113909	-0.046291571110486984	0.08987890928983688	0.15160882472991943	-0.038392238318920135	-0.6264179348945618	-0.14838926494121552	-0.058721572160720825	-0.06100393831729889
ENSMUSG00000101808	-0.3728852868080139	0.005605352111160755	0.32380855083465576	0.15714207291603088	-1.3848947286605835	-0.16574539244174957	-0.4368230104446411	-0.10701241344213486
ENSMUSG00000021342	-0.11521057039499283	0.07405384629964828	-0.14396914839744568	-0.031851109117269516	-0.35742512345314026	-0.06735987216234207	-0.12146779149770737	-0.06140762194991112
ENSMUSG00000104715	-0.024358734488487244	0.11424663662910461	-0.26156097650527954	-0.029022231698036194	-0.2658142149448395	-0.13260376453399658	0.13149283826351166	-0.012762260623276234
ENSMUSG00000047026	-0.0041578649543225765	0.12621214985847473	-0.19919653236865997	0.030201278626918793	-0.2950214147567749	-0.09379857033491135	-0.02718118205666542	-0.02904600091278553
ENSMUSG00000112920	-0.20073743164539337	0.03653097525238991	-0.38353878259658813	-0.19721800088882446	-0.03775898367166519	0.07548421621322632	0.11581441015005112	0.11789876967668533
ENSMUSG00000112113	-0.1588364839553833	0.07623544335365295	-0.3982888162136078	-0.02885858528316021	-0.041039206087589264	-0.03819230571389198	0.00935402698814869	-0.02991330809891224
ENSMUSG00000113955	0.04835246875882149	0.13671673834323883	0.4579564929008484	0.25499141216278076	-0.07819023728370667	0.008955385535955429	-0.12786009907722473	-0.0123280705884099
ENSMUSG00000093380	-0.013911938294768333	0.0971049964427948	-0.1903262734413147	-0.024184327572584152	-0.30327001214027405	-0.13472722470760345	-0.06002834811806679	-0.02262132801115513
ENSMUSG00000026201	0.009335094131529331	0.07697781175374985	0.9106686115264893	-0.028537344187498093	0.33521297574043274	0.11992603540420532	0.15896949172019958	0.05685543641448021
ENSMUSG00000032451	-0.020691191777586937	0.10441755503416061	-0.28675591945648193	0.08576293289661407	-0.23620864748954773	-0.18394097685813904	0.031832437962293625	0.025302842259407043
ENSMUSG00000023995	0.08624130487442017	0.05837956443428993	-0.12250319123268127	-0.03998462110757828	-0.08601604402065277	-0.027844257652759552	0.06630852073431015	-0.02687647193670273
ENSMUSG00000013275	-0.03612874448299408	0.07466365396976471	1.1422784328460693	-0.06580835580825806	0.014581829309463501	0.1528395265340805	0.08158169686794281	0.025768136605620384
ENSMUSG00000117007	-0.006360293831676245	0.06412678956985474	0.8991824388504028	0.03257600963115692	0.21241922676563263	0.03221893310546875	0.09869779646396637	-0.0002766624093055725
ENSMUSG00000099537	-0.1902247965335846	0.0907648354768753	0.5280197858810425	0.4180132746696472	-1.4270724058151245	-0.27862879633903503	-0.7122385501861572	-0.1762755811214447
ENSMUSG00000114472	0.015817688778042793	0.10515887290239334	0.04938805103302002	-0.02764921635389328	-0.3868129849433899	-0.12055844068527222	-0.08259159326553345	-0.06403350830078125
ENSMUSG00000099548	-0.2889716625213623	0.021330086514353752	0.3270617425441742	0.07922526448965073	-1.120629072189331	-0.14853306114673615	-0.5090535879135132	-0.1207299456000328
ENSMUSG00000020695	-0.1364346444606781	-0.00033201187034137547	0.1558661311864853	-0.1486218273639679	0.07553292065858841	0.2563663721084595	0.12578441202640533	0.12401384115219116
ENSMUSG00000116482	-0.05657683312892914	-0.01262134313583374	-0.15656986832618713	-0.045790769159793854	0.2397126406431198	0.2392866164445877	0.2259523719549179	0.08757584542036057
ENSMUSG00000044365	0.02532680705189705	-0.2273622304201126	-1.1100062131881714	-0.17136377096176147	1.2994717359542847	0.005756623577326536	0.21684597432613373	0.03719066455960274
ENSMUSG00000102173	0.03190316632390022	0.06934955716133118	-0.11702367663383484	-0.05295395851135254	-0.16053363680839539	-0.16480062901973724	-0.005817246623337269	-0.024121111258864403
ENSMUSG00000030789	-0.028276322409510612	0.09845327585935593	-0.015768002718687057	-0.03915189579129219	-0.3149805963039398	-0.1792692244052887	-0.024890029802918434	-0.04581572115421295
ENSMUSG00000035299	-0.029855744913220406	0.14784812927246094	-0.04240180552005768	0.04168050363659859	-0.45801135897636414	-0.22551727294921875	-0.08017301559448242	-0.05515076592564583
ENSMUSG00000112228	0.049342311918735504	0.08577489107847214	0.7669212222099304	0.17272920906543732	-0.1551995724439621	0.15121330320835114	-0.14850454032421112	-0.03788503631949425
ENSMUSG00000095105	-0.10191798955202103	-0.10262008756399155	-0.1883506178855896	-0.2358396351337433	0.11565685272216797	0.29789164662361145	0.13595163822174072	0.033572301268577576
ENSMUSG00000111990	0.0017001763917505741	0.1275901347398758	0.09680043160915375	-0.044506222009658813	-0.569367527961731	-0.074638731777668	-0.1046559140086174	-0.06086994335055351
ENSMUSG00000029513	-0.09341792017221451	0.05669355019927025	0.9999901056289673	-0.05823743715882301	0.20144103467464447	0.20699167251586914	0.12061669677495956	0.04032370075583458
ENSMUSG00000085427	-0.0802198052406311	0.045799173414707184	-0.03467993810772896	0.023155756294727325	-0.11593975871801376	-0.05062350630760193	0.05749981850385666	0.06258250027894974
ENSMUSG00000049123	-0.039412111043930054	0.09618636220693588	0.14878104627132416	0.09638074040412903	-0.12917818129062653	0.11073637753725052	-0.02126525342464447	-0.030061302706599236
ENSMUSG00000087601	-0.09362061321735382	0.025789041072130203	-0.13306787610054016	0.15352541208267212	-0.0250706747174263	0.30175864696502686	0.023468943312764168	0.037511054426431656
ENSMUSG00000059105	-0.06363154947757721	0.1006692573428154	-0.22224591672420502	-0.029206717386841774	-0.4809573292732239	-0.09304347634315491	-0.08790081739425659	-0.003167684655636549
ENSMUSG00000100350	-0.4484407901763916	0.08735434710979462	0.8591130971908569	0.27746760845184326	-1.6530015468597412	-0.5005940198898315	-0.33951374888420105	-0.2765254080295563
ENSMUSG00000117431	-0.11098596453666687	0.050970207899808884	0.17085960507392883	-0.09655025601387024	0.9699974656105042	0.041303399950265884	0.18264886736869812	-0.007998093962669373
ENSMUSG00000038861	0.003418500768020749	0.08737081289291382	0.8271108865737915	0.1394314169883728	-0.08477957546710968	0.12912924587726593	-0.03230945020914078	0.009152787737548351
ENSMUSG00000113833	-0.006635821890085936	0.11292991787195206	-0.1312742829322815	-0.029889080673456192	0.018943117931485176	-0.12100666016340256	-0.04829580336809158	-0.08811989426612854
ENSMUSG00000039375	-0.06569129973649979	0.10127588361501694	-0.22035536170005798	-0.034690309315919876	-0.2950097322463989	-0.04847715422511101	-0.06251361966133118	-0.032396815717220306
ENSMUSG00000052748	0.11361244320869446	0.06836624443531036	0.9020492434501648	-0.014147885143756866	-0.13140420615673065	0.20900768041610718	-0.04015276953577995	0.06804396957159042
ENSMUSG00000050855	0.02920207940042019	0.1046561747789383	0.4870390295982361	-0.05446651577949524	-0.1101916953921318	0.10697268694639206	0.0006705799023620784	0.028846686705946922
ENSMUSG00000020481	-0.08193857967853546	0.025598177686333656	-0.09730491787195206	-0.02673211321234703	-0.04589076340198517	0.0696299746632576	0.04670121148228645	0.005645694676786661
ENSMUSG00000057726	-0.038900360465049744	0.1258520632982254	-0.144308939576149	0.04751060530543327	-0.4334160089492798	-0.13373178243637085	-0.1772051751613617	-0.038782600313425064
ENSMUSG00000097634	-0.039152588695287704	0.09535931795835495	0.1946566253900528	0.20095013082027435	0.09749617427587509	-0.0011173391249030828	0.08696655929088593	-0.015999427065253258
ENSMUSG00000020810	0.5165271759033203	-0.33215606212615967	-0.748633623123169	-0.26860806345939636	0.5526208877563477	0.38111916184425354	0.1883011758327484	-0.03536126762628555
ENSMUSG00000028435	0.2734808027744293	-0.11359419673681259	-0.13929826021194458	-0.03913472965359688	0.5689730048179626	0.3276193141937256	0.1841476559638977	0.1073029488325119
ENSMUSG00000049515	0.06602656841278076	0.08256465941667557	-0.6819509267807007	0.04413076490163803	0.7823206186294556	-0.14638186991214752	0.385103315114975	-0.03432389721274376
ENSMUSG00000024125	-0.04021768271923065	0.06570310890674591	-0.049265872687101364	-0.06259718537330627	-0.07959233969449997	-0.2065114825963974	-0.08037508279085159	-0.0341184027493
ENSMUSG00000021950	-0.0532415397465229	0.08787614107131958	0.06534892320632935	0.10672125965356827	-0.27814942598342896	-0.05432196706533432	-0.07309512794017792	-0.03887655586004257
ENSMUSG00000085456	-0.0389334075152874	0.13600890338420868	-0.1019519791007042	0.08751978725194931	-0.364381343126297	-0.1165560632944107	-0.13744613528251648	-0.05982261151075363
ENSMUSG00000037339	-0.10373970866203308	0.05197478458285332	0.7376202344894409	-0.056002143770456314	-0.024904467165470123	0.2297610342502594	0.0741046592593193	0.07850413024425507
ENSMUSG00000048546	-0.12737146019935608	-0.00816660188138485	0.23788031935691833	-0.044005438685417175	0.6837853193283081	0.22395211458206177	0.17830753326416016	0.11626774817705154
ENSMUSG00000056856	-0.13996368646621704	0.05178840458393097	0.042491231113672256	-0.37135761976242065	-0.3489012122154236	0.13214334845542908	0.10703331977128983	0.04831785708665848
ENSMUSG00000063531	-0.14290384948253632	0.042282767593860626	-0.19604253768920898	-0.20661233365535736	-0.2295733392238617	0.16900478303432465	0.048314064741134644	0.12998436391353607
ENSMUSG00000099528	-0.029397333040833473	0.09273447841405869	-0.06940718740224838	-0.04003889486193657	-0.3824218809604645	-0.12291356921195984	-0.047728490084409714	-0.03284107521176338
ENSMUSG00000022383	-0.1148676872253418	-0.14364081621170044	-0.26837795972824097	-0.21637853980064392	0.037666186690330505	0.3196730315685272	0.12616325914859772	0.044016655534505844
ENSMUSG00000026254	-0.0756426751613617	0.06442919373512268	1.241926908493042	0.08526912331581116	0.4785350561141968	0.20821651816368103	0.061819858849048615	0.009216264821588993
ENSMUSG00000030616	-0.17108561098575592	0.022601261734962463	-0.3398723602294922	-0.26922816038131714	-0.1245894655585289	0.17900004982948303	0.11123640090227127	0.05779685825109482
ENSMUSG00000014195	0.0831122174859047	0.078313447535038	1.3418338298797607	0.07840506732463837	0.009807349182665348	0.10122057795524597	-0.013297486118972301	0.028931720182299614
ENSMUSG00000021930	-0.11302577704191208	0.0895228385925293	0.4337238669395447	-0.10281872004270554	-0.186678946018219	0.17285647988319397	0.05714554712176323	0.17045120894908905
ENSMUSG00000032741	-0.06660949438810349	0.000744102755561471	0.45172324776649475	-0.05128325894474983	0.1725023239850998	0.23967592418193817	0.12064582109451294	0.0950322076678276
ENSMUSG00000055170	-0.03436567634344101	0.08605729043483734	-0.21851995587348938	-0.03946152701973915	-0.14174935221672058	-0.1409662365913391	0.0025832781102508307	-0.017510993406176567
ENSMUSG00000096265	-0.051917485892772675	0.08931027352809906	-0.3498821556568146	-0.020706677809357643	-0.10978658497333527	-0.04024720564484596	-0.001923711271956563	-0.009878096170723438
ENSMUSG00000030275	-0.0836387425661087	0.012738347984850407	0.6352491974830627	-0.04964066669344902	0.32218894362449646	0.2848254442214966	0.10277976095676422	0.0804615318775177
ENSMUSG00000041846	0.12676210701465607	0.07942640036344528	1.304254412651062	-0.03749394789338112	0.014130949042737484	0.1721264123916626	-0.036868058145046234	0.04937054589390755
ENSMUSG00000066747	-0.035184744745492935	0.08160585165023804	-0.17783857882022858	-0.04642327129840851	-0.2470070868730545	-0.06523043662309647	-0.043929267674684525	-0.05621027946472168
ENSMUSG00000102563	0.5558228492736816	-0.18734480440616608	-1.8455865383148193	-0.5292347073554993	1.916262149810791	-0.028383273631334305	0.2734733521938324	0.020287655293941498
ENSMUSG00000100627	-0.10363535583019257	0.01199583150446415	0.023787347599864006	-0.031220488250255585	-0.056698933243751526	0.1480139195919037	0.014121616259217262	0.038141533732414246
ENSMUSG00000058057	-0.10055520385503769	0.06136674806475639	0.06078631803393364	0.016773412004113197	0.37329983711242676	-0.02616613358259201	0.16638213396072388	0.0610373355448246
ENSMUSG00000035596	-0.1310436725616455	0.026030419394373894	0.09060085564851761	0.02545255422592163	0.26999130845069885	0.3221486210823059	0.15736734867095947	0.0721941813826561
ENSMUSG00000023939	-0.11062689870595932	-0.031931232661008835	0.1349441558122635	-0.04636648669838905	0.16731244325637817	0.32980674505233765	0.17740730941295624	0.1139737144112587
ENSMUSG00000046610	-0.06806343793869019	0.06299099326133728	0.13163258135318756	-0.03755176439881325	-0.10309331119060516	0.06462222337722778	0.043321773409843445	-0.01604604721069336
ENSMUSG00000086544	-0.08922193199396133	0.050128038972616196	0.14255580306053162	-0.05459226667881012	0.06315519660711288	0.14592505991458893	0.046040359884500504	0.057380709797143936
ENSMUSG00000000673	-0.007917437702417374	0.04987311735749245	-0.012781661003828049	-0.048159532248973846	-0.22496360540390015	-0.042454443871974945	0.06741606444120407	-0.006625025998800993
ENSMUSG00000086483	-0.03031075745820999	0.08237426728010178	-0.14271220564842224	-0.022423947229981422	-0.1330236792564392	-0.08261179178953171	-0.002767192665487528	0.0065381284803152084
ENSMUSG00000022615	-0.0557929165661335	-0.12752412259578705	0.2998740077018738	0.028280751779675484	1.2616069316864014	0.23117823898792267	0.13405443727970123	0.047998495399951935
ENSMUSG00000071302	0.013980908319354057	0.07252755016088486	0.40578925609588623	0.005009647458791733	-0.21937580406665802	0.18055610358715057	-0.08207166939973831	-0.04050494730472565
ENSMUSG00000100156	-0.07272311300039291	0.11858689039945602	-0.20078936219215393	-0.020207514986395836	-0.5560325384140015	-0.05853475630283356	0.008422466926276684	0.012728719972074032
ENSMUSG00000007908	-0.048108890652656555	0.07732439041137695	0.14391429722309113	-0.04991324990987778	-0.3011317551136017	0.1649893820285797	-0.04139666631817818	0.15873119235038757
ENSMUSG00000038126	0.016210610046982765	0.06556912511587143	0.8395718336105347	0.06689286977052689	-0.06611046940088272	0.1863928586244583	0.002681814832612872	0.010330207645893097
ENSMUSG00000070643	0.7721114158630371	-0.17668552696704865	-0.7535436749458313	-0.15126189589500427	0.9184343814849854	-0.06212374195456505	0.10441619902849197	-0.043931473046541214
ENSMUSG00000112794	-0.041574347764253616	0.05320245772600174	-0.5874999761581421	-0.023998569697141647	0.11714628338813782	-0.08993193507194519	0.1661808043718338	0.033012550324201584
ENSMUSG00000024222	-0.12870731949806213	0.024666428565979004	0.7421223521232605	-0.031820930540561676	0.2713834047317505	0.2338302731513977	0.12410937994718552	0.09520436078310013
ENSMUSG00000026222	-0.021868813782930374	0.11099348962306976	-0.3243063688278198	-0.008987313136458397	0.07393236458301544	-0.026464901864528656	0.01825212500989437	-0.031750623136758804
ENSMUSG00000115793	-0.12851683795452118	0.0666893795132637	0.19231750071048737	-0.052930016070604324	-0.007995828054845333	-0.13813091814517975	-0.018861079588532448	-0.1358295977115631
ENSMUSG00000022269	-0.16550064086914062	0.08325138688087463	-0.08323423564434052	-0.2016586810350418	-0.5079951286315918	0.12502099573612213	0.026327406987547874	0.16284000873565674
ENSMUSG00000033060	-0.14188918471336365	0.044329144060611725	0.37303051352500916	-0.19019533693790436	-0.1284012645483017	0.24364207684993744	0.1033860296010971	0.13521772623062134
ENSMUSG00000048029	-0.010492103174328804	-0.0033305862452834845	-0.5028209090232849	0.022026047110557556	0.04304599389433861	0.25612762570381165	0.15389838814735413	0.021314192563295364
ENSMUSG00000031137	-0.19520166516304016	0.1408080756664276	0.14552420377731323	-0.2683403491973877	-0.9529611468315125	-0.16336137056350708	0.04861685261130333	0.18966694176197052
ENSMUSG00000000202	0.44757118821144104	0.00017054349882528186	-1.361201286315918	-0.02205256000161171	1.6811761856079102	0.048145998269319534	0.13288001716136932	0.0011201148154214025
ENSMUSG00000045114	-0.0067307185381650925	0.03948263078927994	0.42000439763069153	-0.06320653855800629	0.028064683079719543	0.04014701023697853	0.10997039824724197	0.013585235923528671
ENSMUSG00000112823	-0.07158967852592468	0.08783155679702759	-0.056311726570129395	-0.02896416187286377	-0.5931377410888672	-0.07110437005758286	0.014005664736032486	0.047181107103824615
ENSMUSG00000022715	-0.035131264477968216	-0.1948263943195343	-0.4797250032424927	-0.1739729344844818	0.029719330370426178	0.278409868478775	0.14487816393375397	-0.026675842702388763
ENSMUSG00000067835	-0.018828710541129112	0.09223637729883194	0.11495104432106018	-0.014737125486135483	-0.7453234791755676	-0.08052585273981094	-0.15156148374080658	-0.08401493728160858
ENSMUSG00000063157	-0.1722540408372879	0.05474380403757095	-0.015347933396697044	-0.05405924841761589	-0.020687060430645943	-0.0004751187516376376	-0.09738010168075562	-0.12610262632369995
ENSMUSG00000070469	-0.1829892098903656	0.08011007308959961	-0.22815187275409698	-0.37628373503685	-0.13042916357517242	-0.003204558277502656	0.12247268855571747	0.03338421508669853
ENSMUSG00000095276	0.12143894284963608	-0.04424573853611946	-1.0832213163375854	-0.1622433066368103	1.1311408281326294	-0.014262826181948185	0.2335575520992279	0.042054757475852966
ENSMUSG00000078963	-0.04099161550402641	0.10603532195091248	-0.20346340537071228	-0.06012565270066261	0.3422340154647827	-0.18742597103118896	0.19959567487239838	-0.04246249049901962
ENSMUSG00000048206	0.0819203183054924	0.07189551740884781	-0.05099043995141983	-0.05136341601610184	-0.06253057718276978	-0.2051926851272583	0.12375003099441528	-0.021893052384257317
ENSMUSG00000071633	-0.06002584844827652	0.07394754886627197	-0.2466825246810913	-0.010056202299892902	-0.5078255534172058	-0.14334118366241455	-0.010532259941101074	0.03651873767375946
ENSMUSG00000045867	-0.10160046815872192	0.11798862367868423	-0.09327690303325653	0.017503254115581512	0.3886505365371704	0.1712624430656433	0.16739806532859802	0.0037178092170506716
ENSMUSG00000050796	-0.07803363353013992	0.017871515825390816	0.5754936337471008	0.09229190647602081	0.5748258829116821	0.315927118062973	0.1194724589586258	0.036996304988861084
ENSMUSG00000020707	-0.01429338101297617	0.08391161262989044	0.3102278411388397	0.016621340066194534	-0.13739651441574097	0.11104147136211395	0.025838283821940422	0.01638185605406761
ENSMUSG00000098294	-0.007763424422591925	0.0888325572013855	0.23252487182617188	0.03256775066256523	0.13196787238121033	-0.08024542033672333	-0.07344933599233627	-0.022722693160176277
ENSMUSG00000101204	-0.37114575505256653	-0.05063047260046005	0.21885696053504944	0.08410772681236267	-0.9367886185646057	-0.10546182841062546	-0.5115047693252563	-0.19452141225337982
ENSMUSG00000023908	-0.057364873588085175	-0.011625461280345917	0.13005132973194122	-0.05462503060698509	0.14191731810569763	0.29991939663887024	0.17763975262641907	0.12392225116491318
ENSMUSG00000041215	0.04880084842443466	0.06985855102539062	1.0568101406097412	-0.06671507656574249	-0.0815301388502121	0.16915424168109894	-0.023315507918596268	0.04790321737527847
ENSMUSG00000094396	-0.10919876396656036	0.07129700481891632	-0.17205184698104858	-0.041175223886966705	-0.24464021623134613	-0.034602295607328415	-0.11780140548944473	-0.0774572417140007
ENSMUSG00000034112	-0.09886424243450165	-0.06115862727165222	0.05510076507925987	-0.09334713965654373	0.07119251042604446	0.1333661675453186	0.1377275139093399	0.07502247393131256
ENSMUSG00000084984	0.007511069066822529	0.05866626650094986	1.0718423128128052	0.029093241319060326	-0.07206723093986511	0.06268471479415894	-0.06917048990726471	-0.12341087311506271
ENSMUSG00000034452	-0.08871818333864212	0.05137715861201286	-0.25121891498565674	-0.014366336166858673	0.13943535089492798	0.051900170743465424	0.1884862780570984	0.03084757551550865
ENSMUSG00000032872	0.04325776547193527	0.07596131414175034	0.5105296969413757	-0.047163281589746475	-0.2245262712240219	0.13702161610126495	-0.048405326902866364	0.062736876308918
ENSMUSG00000109155	-0.06851129233837128	0.10120134055614471	-0.15871979296207428	-0.019547976553440094	-0.4607146978378296	-0.07833369821310043	-0.07374569773674011	-0.0440901555120945
ENSMUSG00000113898	0.0225004181265831	0.07345503568649292	1.2718385457992554	0.4114167392253876	-0.46218785643577576	0.022488804534077644	-0.14488257467746735	0.04781947657465935
ENSMUSG00000032269	-0.058125343173742294	0.08352039009332657	0.09460707753896713	-0.04874376952648163	-0.3169845938682556	-0.0890440046787262	-0.003752043005079031	0.011659765616059303
ENSMUSG00000037337	-0.08723660558462143	0.06660094112157822	0.1385466754436493	0.19743551313877106	0.1915353536605835	0.20621046423912048	0.1282738447189331	-0.007932016626000404
ENSMUSG00000051037	-0.010256562381982803	0.12645959854125977	-0.15304534137248993	0.01191029790788889	-0.13136902451515198	0.08089239150285721	-0.04418464004993439	-0.031261004507541656
ENSMUSG00000090773	-0.21176113188266754	0.039412662386894226	-0.013945121318101883	-0.04756462201476097	-0.24798637628555298	-0.06658950448036194	-0.143022820353508	-0.1189771294593811
ENSMUSG00000041538	-0.02956494316458702	0.1033419817686081	-0.22417525947093964	-0.031666580587625504	-0.24332599341869354	-0.17473138868808746	0.03545185178518295	-0.007611527573317289
ENSMUSG00000020238	-0.05819162726402283	0.06847130507230759	1.381994366645813	-0.028983183205127716	0.2539067268371582	0.1513722687959671	0.12250480055809021	0.006222254130989313
ENSMUSG00000097006	0.36906376481056213	-0.3196217715740204	-0.932412326335907	-0.1964569091796875	1.4164782762527466	0.04342997074127197	0.07922687381505966	0.0071596307680010796
ENSMUSG00000096370	0.009542327374219894	0.0808037593960762	1.189520001411438	0.15141955018043518	0.2654187083244324	0.19625602662563324	0.04142100736498833	0.014216508716344833
ENSMUSG00000079014	-0.04770464450120926	0.06727597862482071	0.6513167023658752	0.17713996767997742	-0.3764423727989197	-0.008857919834554195	-0.1330820918083191	-0.051531318575143814
ENSMUSG00000038422	0.026772646233439445	0.05883001908659935	-0.7211914658546448	-0.036799248307943344	0.7511103749275208	-0.10950277000665665	0.29569995403289795	-6.979927275096998e-05
ENSMUSG00000049806	-0.04838418960571289	0.08700353652238846	-0.2571745216846466	-0.03675369545817375	-0.03286273777484894	-0.021515093743801117	0.03246748074889183	-0.019483041018247604
ENSMUSG00000052560	-0.17632737755775452	0.13351167738437653	0.13397818803787231	-0.2461404651403427	-0.3633500337600708	-0.01345420628786087	0.07351358234882355	0.17815274000167847
ENSMUSG00000113567	-0.04028722271323204	0.08664552867412567	-0.29365718364715576	-0.05150677636265755	-0.050012506544589996	-0.04972081258893013	0.011334779672324657	-0.057651858776807785
ENSMUSG00000085310	0.04226655140519142	0.06410542130470276	0.9123603701591492	0.03189484775066376	0.18522799015045166	0.23388823866844177	0.07942801713943481	0.04498075321316719
ENSMUSG00000107509	0.07710172235965729	0.10096048563718796	0.8101487755775452	0.5448696613311768	0.5943548083305359	0.017852144315838814	0.027328701689839363	0.05189691111445427
ENSMUSG00000035486	0.47036266326904297	-0.2730165123939514	-0.597252607345581	-0.2020501345396042	0.8860092163085938	0.04935634136199951	0.036051347851753235	-0.05765492469072342
ENSMUSG00000101265	-0.06082537770271301	0.015902644023299217	-0.392505407333374	-0.04839956387877464	0.4678959548473358	-0.005210710223764181	0.2088034749031067	-0.01844417303800583
ENSMUSG00000103800	0.0740172266960144	0.033634837716817856	-1.0174474716186523	-0.14817655086517334	0.7259050011634827	0.08022846281528473	0.3080854117870331	0.05127822980284691
ENSMUSG00000066652	-0.01972443051636219	-0.030015263706445694	-0.38732993602752686	-0.033870842307806015	1.038522481918335	0.06218758225440979	0.2704160213470459	0.03497178852558136
ENSMUSG00000022174	0.03983355313539505	0.0723855197429657	1.2351195812225342	0.05824706703424454	-0.08063921332359314	0.1302579641342163	-0.023350611329078674	0.022498836740851402
ENSMUSG00000101465	-0.05359988659620285	-0.015942467376589775	0.7177903652191162	0.12326569855213165	-1.469884991645813	-0.19273687899112701	-0.570133626461029	-0.21005979180335999
ENSMUSG00000024055	0.012507723644375801	0.10125736892223358	0.30787959694862366	0.1972639113664627	0.03330858051776886	-0.002972592134028673	0.04166935384273529	-0.01596832647919655
ENSMUSG00000024845	-0.035870518535375595	0.06562457233667374	1.2235149145126343	-0.017001358792185783	-0.012982349842786789	0.11328154802322388	0.05529623478651047	0.01842959225177765
ENSMUSG00000116843	0.12834303081035614	0.07001686841249466	-0.7838469743728638	-0.05745049566030502	1.151057243347168	-0.15733031928539276	0.2633349895477295	-0.04203171283006668
ENSMUSG00000086844	0.018130110576748848	0.07710683345794678	-0.5303947925567627	-0.04039131477475166	0.4288504123687744	-0.15088027715682983	0.280488520860672	-0.035032253712415695
ENSMUSG00000041333	-0.025759844109416008	0.09210501611232758	-0.2681100070476532	-0.019918417558073997	-0.12731726467609406	-0.05291419103741646	-0.002271439181640744	-0.03738503158092499
ENSMUSG00000104184	-0.03213416785001755	0.09438174217939377	-0.15863507986068726	-0.036659859120845795	-0.16082243621349335	-0.17103874683380127	0.09253603219985962	-0.016927316784858704
ENSMUSG00000078591	-0.19141045212745667	0.1380029022693634	-0.15306682884693146	-0.2721685469150543	-0.1950237900018692	-0.15041965246200562	0.11470825225114822	0.1247071623802185
ENSMUSG00000112035	-0.004264693707227707	0.004876548890024424	-0.010538583621382713	-0.06156846135854721	0.38551414012908936	0.2578164339065552	0.18246334791183472	0.08438194543123245
ENSMUSG00000103732	0.04281364753842354	0.13058947026729584	0.3414146900177002	0.0019315045792609453	-0.2610056400299072	-0.06912288814783096	-0.0025661527179181576	-0.13080260157585144
ENSMUSG00000074965	-0.15611594915390015	0.028499945998191833	0.4940727949142456	-0.026159457862377167	-0.297868013381958	0.005237355828285217	-0.24870111048221588	-0.14495113492012024
ENSMUSG00000051817	-0.16667501628398895	0.040440112352371216	0.46946316957473755	0.10283474624156952	1.1790179014205933	0.3950028121471405	0.19863921403884888	0.06163511797785759
ENSMUSG00000117277	-0.3041064739227295	0.08292055875062943	-0.24447448551654816	0.008792526088654995	-0.23991769552230835	-0.07135412842035294	-0.06253933161497116	-0.06906469911336899
ENSMUSG00000030276	-0.03549012914299965	0.091197669506073	0.21205569803714752	0.15919789671897888	0.27161383628845215	-0.0442320741713047	0.1763923019170761	-0.006978188641369343
ENSMUSG00000024170	-0.0407642126083374	0.07883765548467636	1.4005781412124634	-0.05146089568734169	0.006163584068417549	0.14741204679012299	0.05610135942697525	0.022960873320698738
ENSMUSG00000112681	-0.053762827068567276	0.0878095030784607	-0.2209993600845337	-0.041647009551525116	-0.2712539732456207	-0.07232481241226196	0.0041926708072423935	-0.028178637847304344
ENSMUSG00000110599	0.06490530073642731	0.058838993310928345	0.052876777946949005	-0.05851619690656662	-0.12253906577825546	-0.06672848016023636	0.05731549113988876	-0.024628834798932076
ENSMUSG00000099384	-0.0204008836299181	0.07341308891773224	0.21552272140979767	-0.043686337769031525	-0.2265234738588333	-0.1928541362285614	-0.027710916474461555	-0.03616498038172722
ENSMUSG00000107351	-0.048932574689388275	0.05654465779662132	-0.18991178274154663	0.04217071458697319	0.09574305266141891	-0.1026187315583229	0.060864485800266266	-0.024141602218151093
ENSMUSG00000116500	-0.05729210004210472	0.07371144741773605	-0.27197137475013733	-0.004079435486346483	-0.2535070478916168	-0.14161688089370728	0.07734218239784241	0.011944405734539032
ENSMUSG00000022661	-0.09333337098360062	0.06825221329927444	-0.20269283652305603	-0.07107509672641754	-0.4649633765220642	-0.031772781163454056	-0.00497774314135313	0.08593174070119858
ENSMUSG00000036117	-0.027814283967018127	0.11253243684768677	-0.20287933945655823	-0.037242237478494644	-0.19799503684043884	-0.10716107487678528	0.0182011928409338	-0.03658817708492279
ENSMUSG00000105640	-0.009977761656045914	0.10444283485412598	-0.2656468451023102	-0.010752333328127861	-0.12422353774309158	-0.1814035177230835	0.03873138502240181	0.0036135632544755936
ENSMUSG00000086332	-0.000501497182995081	0.07645607739686966	-0.1901428997516632	0.008662231266498566	-0.3027500510215759	-0.09295975416898727	-0.06446515768766403	-0.02176181599497795
ENSMUSG00000111176	0.022908467799425125	0.1030731126666069	-0.21440234780311584	0.027012381702661514	0.01578926481306553	-0.246850848197937	0.04786674678325653	2.8671324798779096e-06
ENSMUSG00000040616	-0.1198839470744133	0.028442801907658577	0.6935299634933472	-0.06736169010400772	0.4390908181667328	0.2768622636795044	0.11556486040353775	0.07416456192731857
ENSMUSG00000045464	0.05298975855112076	0.0771755799651146	0.9988994598388672	0.04045851156115532	0.25555840134620667	0.21531084179878235	0.014161570928990841	0.0326223261654377
ENSMUSG00000109686	-0.0749516710639	0.12509630620479584	-0.1253131926059723	-0.0058765471912920475	-0.4651877284049988	-0.1128300353884697	-0.05329267680644989	-0.061601147055625916
ENSMUSG00000116793	0.03347980976104736	0.06454528123140335	0.0018710659351199865	-0.01639080047607422	0.0769343301653862	-0.10521503537893295	0.005458405241370201	-0.05569780245423317
ENSMUSG00000097585	-0.06470316648483276	0.07962051779031754	0.242845818400383	0.20361316204071045	0.06790058314800262	0.21692921221256256	0.0007609068416059017	-0.003322756616398692
ENSMUSG00000094634	-0.166329026222229	0.012759207747876644	-0.10419832170009613	-0.09944319725036621	0.18750101327896118	0.25415000319480896	0.1201934888958931	0.14805805683135986
ENSMUSG00000026004	-0.1712932139635086	0.06656121462583542	-0.02770220674574375	-0.19880826771259308	0.20082390308380127	0.17884260416030884	0.12312374264001846	0.14218904078006744
ENSMUSG00000095914	-0.13797928392887115	0.07862197607755661	-0.28860995173454285	-0.024015555158257484	-0.19266462326049805	-0.020010897889733315	-0.0963476151227951	-0.01700514182448387
ENSMUSG00000032667	-0.1507565677165985	0.015071084722876549	0.19823546707630157	-0.12738697230815887	-0.18284983932971954	0.25294989347457886	0.08544432371854782	0.14083100855350494
ENSMUSG00000102036	-0.07105658203363419	0.13565592467784882	-0.09136619418859482	0.12438607215881348	-0.3183995485305786	-0.04101528227329254	-0.17076678574085236	-0.0772746205329895
ENSMUSG00000114810	-0.04780099540948868	0.09646327048540115	-0.20515203475952148	-0.026710249483585358	-0.25820598006248474	-0.13915833830833435	-0.017015663906931877	-4.01154175051488e-05
ENSMUSG00000038240	-0.04384538531303406	0.05751439183950424	0.29939302802085876	0.009445345029234886	-0.11150356382131577	0.23240149021148682	-0.009523524902760983	0.04561305418610573
ENSMUSG00000030345	-0.07888231426477432	0.03976813331246376	-0.22824813425540924	0.0851544663310051	-0.28359001874923706	0.11634550243616104	-0.009025385603308678	-0.023680778220295906
ENSMUSG00000026531	0.020908797159790993	0.11472038179636002	-0.0017548800678923726	-0.04917308688163757	-0.17781279981136322	-0.14866755902767181	-0.07849280536174774	-0.08999419957399368
ENSMUSG00000050310	0.0003854608512483537	0.05937514826655388	0.7158075571060181	-0.03485312685370445	-0.062295518815517426	0.1947675198316574	0.016408298164606094	0.09294845908880234
ENSMUSG00000101553	-0.04364318773150444	0.05514761433005333	0.32708922028541565	0.11337678879499435	-0.2002829909324646	0.042542412877082825	-0.005417099688202143	-0.0034437186550348997
ENSMUSG00000022702	0.10910840332508087	0.05953921750187874	1.2135796546936035	0.18238544464111328	-0.15742714703083038	0.19332361221313477	-0.09975097328424454	0.02761971205472946
ENSMUSG00000087670	-0.003309106221422553	0.13364329934120178	0.10513755679130554	0.07320098578929901	-0.23313011229038239	-0.031143341213464737	-0.005492762196809053	-0.049344949424266815
ENSMUSG00000075189	-0.32063281536102295	-0.021688906475901604	1.0638973712921143	0.0927792340517044	-0.26900795102119446	-0.03768370673060417	-0.25054121017456055	-0.18669742345809937
ENSMUSG00000046449	-0.0890979990363121	0.10274697095155716	0.6246845126152039	-0.1294882595539093	-0.4714275300502777	-0.035020194947719574	0.03421897068619728	0.16266602277755737
ENSMUSG00000038528	0.00790474098175764	0.05895332992076874	-0.5719625949859619	-0.008997458964586258	0.3578737676143646	-0.1856570988893509	0.15760208666324615	0.005108202807605267
ENSMUSG00000091043	-0.004343921318650246	0.09918056428432465	-0.1954861283302307	-0.024739442393183708	-0.39100468158721924	-0.16814632713794708	-0.013465714640915394	0.004901926498860121
ENSMUSG00000059873	-0.20647966861724854	0.11605913192033768	0.5144598484039307	0.1664513647556305	-0.8939111232757568	-0.0640951469540596	-0.39317306876182556	-0.18352462351322174
ENSMUSG00000037706	-0.04436172544956207	0.10214883089065552	1.52922785282135	-0.06003338843584061	-0.2372521162033081	0.11623895913362503	0.061677467077970505	0.017838001251220703
ENSMUSG00000110507	-0.037408553063869476	0.10901017487049103	-0.23984618484973907	-0.02561538852751255	-0.31688663363456726	-0.11275811493396759	0.05587732791900635	-0.013605307787656784
ENSMUSG00000083466	-0.048991087824106216	0.15545208752155304	-0.04923052713274956	0.11818629503250122	-0.3644218444824219	-0.2542555332183838	-0.12160158157348633	-0.04843874275684357
ENSMUSG00000041319	-0.014962570741772652	0.0519365593791008	0.6019008159637451	-0.06680456548929214	0.1307554841041565	0.1565733700990677	0.09997466951608658	0.0349503792822361
ENSMUSG00000117805	-0.09003495424985886	0.07085027545690536	-0.20031972229480743	-0.05673953518271446	-0.17081217467784882	0.008069557137787342	-0.023504240438342094	-0.0880642682313919
ENSMUSG00000115242	-0.021256951615214348	0.11253052949905396	-0.2251964509487152	-0.036708712577819824	-0.03084878996014595	-0.00685490807518363	-0.03891157731413841	-0.04388979449868202
ENSMUSG00000022995	0.0656559020280838	0.06509696692228317	1.1397491693496704	0.06496693193912506	0.10687419772148132	0.22534729540348053	-0.0029681611340492964	0.03664147108793259
ENSMUSG00000112899	-0.03756337985396385	0.09715314209461212	-0.23211103677749634	-0.0061605507507920265	-0.454048752784729	-0.10114434361457825	0.061153098940849304	0.002065980341285467
ENSMUSG00000035455	-0.019399769604206085	0.06836347281932831	0.6420162320137024	0.13189727067947388	-0.10739109665155411	0.21146677434444427	0.0006873826496303082	0.013099532574415207
ENSMUSG00000092166	-0.1573982685804367	0.10048531740903854	0.8381584286689758	0.625286340713501	-1.5516194105148315	-0.30317944288253784	-0.4873376190662384	-0.17105090618133545
ENSMUSG00000111863	-0.18698856234550476	0.05145206302404404	-0.16178657114505768	-0.009388227947056293	-0.17568746209144592	-0.089385986328125	-0.09710574150085449	-0.04299990087747574
ENSMUSG00000100819	-0.05547870695590973	0.12713783979415894	-0.1346788853406906	-0.019793767482042313	-0.5385868549346924	-0.08488724380731583	-0.02785150706768036	-0.0034397291019558907
ENSMUSG00000060205	-0.020365536212921143	0.11892449110746384	-0.029237816110253334	0.005717598367482424	-0.303602397441864	0.0023507678415626287	-0.10891687124967575	-0.07587077468633652
ENSMUSG00000022894	-0.16232267022132874	-0.15327857434749603	-0.6575872302055359	-0.1657526195049286	0.8819349408149719	-0.006074407137930393	0.09726755321025848	0.026026928797364235
ENSMUSG00000089729	0.074691541492939	0.11225132644176483	0.8473520874977112	0.31295281648635864	0.05327897518873215	-0.0721164345741272	-0.021927887573838234	0.02764185704290867
ENSMUSG00000117818	0.006441218312829733	0.1089804470539093	0.7257674336433411	0.08030503988265991	-0.1355624794960022	0.05630240589380264	-0.07544483989477158	-0.059119172394275665
ENSMUSG00000054206	-0.017317021265625954	0.054638348519802094	0.5451183915138245	0.4203364849090576	-0.08850233256816864	0.0030361548997461796	0.04339155554771423	0.016362261027097702
ENSMUSG00000046318	-0.02802952378988266	0.0919242575764656	-0.2078213095664978	-0.02672491781413555	0.017808571457862854	-0.15553216636180878	0.10954926162958145	-0.014817771501839161
ENSMUSG00000058207	-0.02401246316730976	0.09659728407859802	-0.05262871831655502	-0.0284379031509161	-0.5622336268424988	-0.07950324565172195	-0.10764279961585999	-0.06337297707796097
ENSMUSG00000056043	0.5111926794052124	-0.21295160055160522	-1.1197917461395264	-0.22405914962291718	1.0790579319000244	0.01805104687809944	0.18839040398597717	-0.014451085589826107
ENSMUSG00000096137	-0.45272496342658997	0.05350085347890854	0.8117260932922363	0.28730177879333496	-0.7819420695304871	-0.4046681523323059	-0.41040974855422974	-0.18765094876289368
ENSMUSG00000032382	-0.047774042934179306	0.060470886528491974	0.7639514803886414	0.013980832882225513	0.18089240789413452	0.20048250257968903	0.029932279139757156	0.02980145625770092
ENSMUSG00000028834	-0.061050210148096085	0.07580764591693878	0.6411186456680298	0.03428639471530914	0.2191486358642578	0.14387772977352142	0.08145801723003387	0.0030850700568407774
ENSMUSG00000017404	-0.17042399942874908	0.012166094966232777	1.4385180473327637	0.03221247345209122	0.8168754577636719	0.283822625875473	0.1418614238500595	0.011407282203435898
ENSMUSG00000035133	0.06871939450502396	0.07580211758613586	0.8543479442596436	0.017431320622563362	-0.09343767911195755	0.20511852204799652	-0.03171710669994354	0.07972437143325806
ENSMUSG00000030095	-0.05194332078099251	0.059156183153390884	1.2263221740722656	0.07497955113649368	-0.21658135950565338	0.18622758984565735	0.030409526079893112	0.018510857596993446
ENSMUSG00000108035	0.04635490104556084	0.09997358918190002	0.4177495539188385	-0.04029973968863487	0.016554685309529305	-0.13503998517990112	0.007570347748696804	-0.09893598407506943
ENSMUSG00000108861	0.01425204612314701	0.10866358131170273	-0.1471029669046402	-0.0060505797155201435	-0.31233832240104675	-0.19081540405750275	-0.034537699073553085	-0.01515582948923111
ENSMUSG00000075114	-0.16879703104496002	0.10910122096538544	-0.007416701875627041	0.06005643308162689	-0.23068895936012268	-0.12020085006952286	-0.20818272233009338	-0.08890878409147263
ENSMUSG00000021987	-0.03217194974422455	0.08893514424562454	0.27540531754493713	-0.03590066730976105	-0.23577424883842468	0.11361733078956604	-0.004582644440233707	0.11109381914138794
ENSMUSG00000036242	-0.028185784816741943	0.04465070366859436	0.03288155049085617	-0.011244523338973522	-0.4407004117965698	0.10261832922697067	-0.024391844868659973	0.0986040011048317
ENSMUSG00000085320	0.012325736694037914	0.08964572101831436	0.07706800103187561	-0.019894592463970184	-0.4105970859527588	-0.05799279734492302	-0.06802134215831757	-0.07569326460361481
ENSMUSG00000042333	-0.029157845303416252	0.06723234057426453	-0.09057841449975967	-0.04140293225646019	-0.2311340868473053	-0.10360646992921829	0.1000915914773941	0.004311288706958294
ENSMUSG00000030600	-0.02812245301902294	0.06646079570055008	-0.5302950143814087	0.03003014624118805	0.951434850692749	0.04112422466278076	0.3896443843841553	0.006999594625085592
ENSMUSG00000079641	0.09770724922418594	0.07085128128528595	1.3143614530563354	0.39431485533714294	-0.1345975250005722	0.08084381371736526	-0.13250035047531128	0.01910356990993023
ENSMUSG00000100945	-0.04877190291881561	0.06318618357181549	0.12797310948371887	-0.018168015405535698	-0.19956433773040771	-0.1381767988204956	-0.07657726109027863	-0.05567654222249985
ENSMUSG00000025810	-0.18304681777954102	0.06310942023992538	-0.15964561700820923	-0.31747424602508545	0.20379440486431122	-0.07611975073814392	0.13381965458393097	0.09013018757104874
ENSMUSG00000108269	0.10274466872215271	0.0891864076256752	1.0516252517700195	0.1133708581328392	0.3480481803417206	-0.006789694540202618	-0.018892137333750725	0.014098410494625568
ENSMUSG00000114317	-0.04942826181650162	0.07797269523143768	-0.24748475849628448	-0.009364493191242218	-0.2938971221446991	0.02629442699253559	-0.03367987275123596	0.00751110352575779
ENSMUSG00000084803	-0.03473678603768349	0.1446322649717331	-0.3075416386127472	0.40972834825515747	0.2612488865852356	-0.13673023879528046	0.13839426636695862	-1.9779279682552442e-05
ENSMUSG00000044499	-0.20518459379673004	0.1015104129910469	-0.23156289756298065	-0.3041282594203949	-0.12013854086399078	0.047999199479818344	0.10257088392972946	0.1261165738105774
ENSMUSG00000106845	0.09093612432479858	0.06230185925960541	-0.838267982006073	-0.013739137910306454	0.5984315872192383	-0.06683006137609482	0.3084965646266937	-0.02044241689145565
ENSMUSG00000020524	0.0002671152469702065	0.08680100739002228	0.09239701181650162	-0.025621730834245682	-0.5416693687438965	-0.16392719745635986	-0.10004162788391113	-0.02396318130195141
ENSMUSG00000066141	0.039321113377809525	0.12626990675926208	0.5225200057029724	0.03038840740919113	-0.2092473804950714	-0.11291680485010147	-0.05781037360429764	-0.09359659254550934
ENSMUSG00000095293	-0.44968223571777344	0.03405218943953514	0.40117618441581726	0.2271115630865097	-0.9761287569999695	-0.181234210729599	-0.4371437430381775	-0.1627167910337448
ENSMUSG00000004894	0.5336222648620605	0.01960587315261364	-1.5958874225616455	-0.1687559336423874	1.5957732200622559	-0.013168211095035076	0.04669138044118881	0.05081987753510475
ENSMUSG00000094145	-0.1706036925315857	0.13742075860500336	0.10313399136066437	0.1933722347021103	-0.44172847270965576	-0.2895576059818268	-0.16484007239341736	-0.06885810196399689
ENSMUSG00000035875	0.009069588035345078	0.09860572963953018	-0.09071578085422516	-0.027979230508208275	-0.23575639724731445	-0.12560194730758667	-0.043612122535705566	-0.03402912989258766
ENSMUSG00000097738	-0.10098882764577866	0.00179767282679677	-0.2992682158946991	-0.04960198327898979	0.4314086139202118	0.3026796579360962	0.23778623342514038	0.094302237033844
ENSMUSG00000072423	-0.03229203075170517	0.10123199224472046	-0.4584164023399353	0.011428139172494411	0.0796915590763092	-0.13259050250053406	0.28960031270980835	-0.03781679645180702
ENSMUSG00000039552	0.0055185649544000626	0.0911066085100174	0.6723409295082092	0.2770000696182251	0.01736532524228096	0.1179853156208992	-0.12665529549121857	-0.044278450310230255
ENSMUSG00000099473	-0.040264662355184555	0.10529113560914993	-0.187687486410141	-0.012583526782691479	-0.46503403782844543	-0.09555312991142273	-0.06313985586166382	-0.01511217001825571
ENSMUSG00000114637	-0.00013922560901846737	0.10724670439958572	0.1465143859386444	-0.024124756455421448	-0.4697127044200897	-0.03607066720724106	-0.021191120147705078	-0.07883861660957336
ENSMUSG00000089819	-0.042483821511268616	0.10055719316005707	-0.19795480370521545	-0.019278759136795998	-0.36312058568000793	-0.1255626678466797	-0.08151645958423615	-0.022075479850172997
ENSMUSG00000101922	-0.044097498059272766	0.0592595711350441	-0.2561246156692505	-0.02892090380191803	-0.20792613923549652	-0.03453584387898445	-0.010133055038750172	-0.0149607602506876
ENSMUSG00000066551	-0.09431727230548859	0.0975283607840538	-0.2504996657371521	0.17974384129047394	0.42645227909088135	0.25058600306510925	0.16302934288978577	-0.030181370675563812
ENSMUSG00000098082	-0.030388055369257927	0.1034267321228981	-0.16455276310443878	-0.024490345269441605	-0.3486335277557373	-0.09255221486091614	-0.09337592124938965	-0.04656179994344711
ENSMUSG00000005625	0.10442472249269485	0.07504952698945999	1.6758655309677124	0.05257995426654816	-0.07957296073436737	0.13645821809768677	-0.04152899608016014	0.040992461144924164
ENSMUSG00000051046	-0.02275962196290493	0.10593391209840775	-0.3039850890636444	-0.008065268397331238	-0.22121860086917877	-0.12564200162887573	0.05968921631574631	0.007022509351372719
ENSMUSG00000045339	-0.016690021380782127	0.10079078376293182	-0.09733745455741882	-0.061761870980262756	-0.0419745109975338	-0.12214574962854385	0.042707134038209915	-0.0404023751616478
ENSMUSG00000114439	-0.02113479934632778	0.06253401935100555	0.8570102453231812	-0.09943240880966187	0.6673805117607117	0.1236381083726883	0.06813094019889832	-0.030283309519290924
ENSMUSG00000117096	-0.043892428278923035	0.08463674783706665	-0.09634287655353546	-0.036653585731983185	-0.3760794699192047	-0.1470915824174881	-0.03415464609861374	-0.02033735066652298
ENSMUSG00000075102	-0.09523895382881165	0.06786443293094635	-0.013686064630746841	-0.05951478332281113	-0.16252920031547546	-0.06471813470125198	-0.11563833057880402	-0.11910267919301987
ENSMUSG00000053950	-0.05045286566019058	0.06211171671748161	1.0506811141967773	0.03722969815135002	0.14621621370315552	0.18471184372901917	0.03432350605726242	0.01961464248597622
ENSMUSG00000002409	-0.026944773271679878	0.06118227541446686	1.4396241903305054	0.19926194846630096	0.042354896664619446	0.13272245228290558	0.02841443568468094	0.015043236315250397
ENSMUSG00000040713	-0.0007024683873169124	-0.17331114411354065	-0.5149447917938232	-0.11576568335294724	0.47089165449142456	0.33345916867256165	0.19325610995292664	0.07634805142879486
ENSMUSG00000066007	0.027149245142936707	0.09044423699378967	0.3967720866203308	0.056043826043605804	0.015511090867221355	0.146675705909729	-0.09858578443527222	-0.033307768404483795
ENSMUSG00000085810	-0.003002357203513384	0.09940724074840546	-0.08546435087919235	-0.03837230056524277	-0.17274203896522522	-0.18207058310508728	-0.03234812244772911	-0.02849973924458027
ENSMUSG00000111986	0.004034396260976791	0.13377688825130463	-0.14244890213012695	-0.019811632111668587	-0.40161484479904175	-0.15194258093833923	-0.05240505561232567	-0.03161856532096863
ENSMUSG00000030549	0.13391424715518951	-0.12275734543800354	-0.7016615867614746	-0.1219291016459465	0.39983969926834106	0.11688713729381561	0.18352195620536804	0.028236355632543564
ENSMUSG00000020684	0.4010334014892578	-0.19713610410690308	-1.208185076713562	-0.3182305693626404	0.9677038788795471	0.4212011396884918	0.2252732664346695	0.09281836450099945
ENSMUSG00000110848	-0.06967834383249283	0.11027445644140244	-0.0613977387547493	0.0021633561700582504	-0.5737064480781555	-0.09994490444660187	-0.1400713473558426	-0.05608165264129639
ENSMUSG00000048429	-0.07336324453353882	0.10453156381845474	0.37189725041389465	0.1452748328447342	0.3435797393321991	0.26334208250045776	0.1434253305196762	0.028063654899597168
ENSMUSG00000045034	0.34654390811920166	-0.14767412841320038	-0.9686002135276794	-0.14649364352226257	1.013187050819397	-0.2505589425563812	0.1524972915649414	-0.04694434627890587
ENSMUSG00000057789	-0.019696922972798347	0.06743130087852478	1.3636817932128906	0.05911622941493988	-0.13179126381874084	0.07954617589712143	0.0484086237847805	0.024918105453252792
ENSMUSG00000116380	-0.05109986662864685	0.08107548952102661	0.05681484192609787	-0.04320232942700386	0.2599276006221771	-0.15702669322490692	0.1270672082901001	-0.012153235264122486
ENSMUSG00000021799	-0.04960561916232109	0.07337284833192825	-0.04188172519207001	-0.07617462426424026	0.1716063916683197	-0.10051644593477249	0.10822547972202301	-0.05721857026219368
ENSMUSG00000035024	0.0738246887922287	0.061459846794605255	1.339624047279358	-0.01989760249853134	-0.2930035889148712	0.14958994090557098	-0.0662699043750763	0.03887706995010376
ENSMUSG00000073158	-0.07126732915639877	0.07099699229001999	0.5809019207954407	-0.03727636858820915	-0.5943729281425476	0.15125180780887604	-0.028827453032135963	0.12491485476493835
ENSMUSG00000079522	-0.20444799959659576	0.0665702372789383	0.3129350244998932	0.009823606349527836	-0.7189304828643799	-0.17998510599136353	-0.21332602202892303	-0.131112203001976
ENSMUSG00000114081	0.04933353513479233	0.11093328148126602	0.6996809244155884	0.10109987109899521	-0.04243924096226692	-0.13325348496437073	0.014821261167526245	-0.043579719960689545
ENSMUSG00000112810	-0.05694494768977165	0.10744857788085938	-0.05412031710147858	0.019660312682390213	-0.15147832036018372	-0.10520561039447784	-0.12128280848264694	-0.08314322680234909
ENSMUSG00000053979	-0.011197284795343876	0.1254558116197586	-0.27099698781967163	-0.007916228845715523	-0.10321255773305893	-0.09497951716184616	-0.0022104850504547358	-0.024227911606431007
ENSMUSG00000097635	0.07158178836107254	-0.2091864049434662	-0.6878755688667297	-0.1583041548728943	0.5799729824066162	0.27783921360969543	0.21380671858787537	0.003898129565641284
ENSMUSG00000033860	-0.03835194185376167	0.08302590250968933	-0.31428903341293335	-0.012146174907684326	-0.14837753772735596	-0.14252746105194092	0.10709181427955627	0.006644991226494312
ENSMUSG00000049797	-0.05177102982997894	0.0863560363650322	-0.12364295870065689	-0.02984435297548771	-0.2868611514568329	-0.12564797699451447	-0.11335012316703796	-0.05223900452256203
ENSMUSG00000106537	-0.01317482441663742	0.10961201786994934	-0.1192791536450386	-0.02544199489057064	-0.4113446772098541	-0.14101722836494446	-0.05763912573456764	-0.01975978910923004
ENSMUSG00000041857	-0.051203757524490356	0.0845954641699791	-0.2169674038887024	-0.013032772578299046	-0.32179927825927734	-0.14263266324996948	-0.056767724454402924	-0.008561855182051659
ENSMUSG00000022629	-0.17989656329154968	0.07163406163454056	-0.040289659053087234	-0.2748841941356659	-0.08478505909442902	0.12842561304569244	0.11892794817686081	0.10233575850725174
ENSMUSG00000049556	0.020815638825297356	-0.16303198039531708	-0.27834656834602356	-0.21784693002700806	0.6808305978775024	0.03894995152950287	0.050072625279426575	0.011076143942773342
ENSMUSG00000028603	0.03305163234472275	0.12505920231342316	0.5768327116966248	0.2408570647239685	-0.05816614255309105	0.05900708585977554	-0.027079548686742783	-0.011329423636198044
ENSMUSG00000037924	-0.04327259957790375	0.10079751163721085	-0.18458013236522675	-0.033711519092321396	-0.2651996910572052	-0.07320716232061386	-0.06286010146141052	-0.052865758538246155
ENSMUSG00000058486	-0.038548246026039124	0.05953618884086609	0.5917636752128601	-0.06973245739936829	0.06232501566410065	0.18945005536079407	0.07565359771251678	0.03786616399884224
ENSMUSG00000097990	0.013927732594311237	0.06842967122793198	1.1578010320663452	0.02886991575360298	-0.19863468408584595	0.025547660887241364	0.040195394307374954	0.022124193608760834
ENSMUSG00000032322	-0.045908428728580475	0.042484283447265625	0.21498583257198334	-0.05816265195608139	0.03800533711910248	0.057820700109004974	0.06712441891431808	0.0441645011305809
ENSMUSG00000057179	-0.06097085401415825	0.10140487551689148	-0.21727724373340607	-0.011535931378602982	-0.37783363461494446	-0.11529503017663956	-0.062085237354040146	-0.020352693274617195
ENSMUSG00000051680	-0.15195421874523163	0.06572917103767395	-0.01839474029839039	-0.013206284493207932	-0.38998332619667053	-0.087224081158638	-0.24115997552871704	-0.09308671206235886
ENSMUSG00000028691	0.1681496649980545	0.08031447231769562	1.6133050918579102	0.08332988619804382	-0.18530553579330444	0.15935121476650238	-0.05958890542387962	0.033986207097768784
ENSMUSG00000108244	0.010686064139008522	0.1270289272069931	0.23457185924053192	0.1401519477367401	0.1155293732881546	0.24121879041194916	0.03799146041274071	0.0396713949739933
ENSMUSG00000102225	-0.3415805399417877	-0.07221756875514984	1.6701539754867554	0.2659297287464142	0.538352906703949	-0.010616390965878963	0.027858978137373924	-0.02684430032968521
ENSMUSG00000025978	-0.10241875052452087	0.07830177247524261	-0.006416320335119963	-0.0032083275727927685	0.1397486925125122	0.03540131449699402	0.1373683214187622	0.10448545217514038
ENSMUSG00000104237	-0.06121567264199257	0.042456213384866714	-0.30335599184036255	0.005494401324540377	-0.31992828845977783	-0.10789334028959274	0.05591290816664696	0.01624291203916073
ENSMUSG00000112129	-0.0700872391462326	0.02383260242640972	0.016795342788100243	-0.04998001083731651	0.06680112332105637	-0.05233209952712059	0.13464166224002838	0.005251792725175619
ENSMUSG00000116982	-0.06501206010580063	0.10857932269573212	-0.21501627564430237	0.018436290323734283	-0.34200233221054077	-0.16723757982254028	-0.062179822474718094	-0.02260247990489006
ENSMUSG00000034467	-0.07546289265155792	0.10076972842216492	-0.10946696996688843	-0.03183111175894737	-0.2719094157218933	0.07521907985210419	0.006041507236659527	0.051250383257865906
ENSMUSG00000037451	-0.03098629042506218	0.0821666270494461	0.3919944763183594	-0.002034713514149189	-0.09064681082963943	-0.10488589107990265	0.049025554209947586	-0.023401403799653053
ENSMUSG00000039710	-0.06686053425073624	0.08051973581314087	-0.2558337450027466	-0.014238188043236732	-0.2284526228904724	-0.09679317474365234	-0.08245516568422318	-0.028388336300849915
ENSMUSG00000096056	0.0011284203501418233	0.09595406800508499	0.5701545476913452	0.8998783826828003	-0.6510095000267029	-0.3292064368724823	-0.1363326609134674	0.07697007060050964
ENSMUSG00000101566	-0.02784297615289688	-0.20966209471225739	0.6443639993667603	0.07454534620046616	-1.7279285192489624	-0.12279081344604492	-0.7414981722831726	-0.2971283197402954
ENSMUSG00000091492	0.05218784883618355	0.1268073469400406	0.6116945743560791	0.09728874266147614	0.7477589249610901	-0.029008762910962105	0.11568763107061386	-0.012998770922422409
ENSMUSG00000066800	-0.10283620655536652	-0.012480996549129486	-0.28984224796295166	-0.008414777927100658	-0.158629909157753	0.06682304292917252	0.07555356621742249	0.030484342947602272
ENSMUSG00000074826	0.002305867150425911	0.0942343920469284	0.7526201009750366	0.14298389852046967	0.33344143629074097	0.11150514334440231	0.0608341209590435	0.007573513314127922
ENSMUSG00000027206	0.050097737461328506	-0.029321638867259026	1.2862499952316284	-0.0294211283326149	-0.010851395316421986	0.20391343533992767	-0.09828335046768188	0.03636140003800392
ENSMUSG00000097643	-0.10706181824207306	-0.05198466405272484	-0.05807662010192871	-0.017824063077569008	1.2018719911575317	0.2639046609401703	0.20455928146839142	0.11928077042102814
ENSMUSG00000046109	0.7476210594177246	-0.2643399238586426	-2.1197197437286377	-0.5223416686058044	1.980868935585022	-0.36213740706443787	0.15786032378673553	-0.03425883874297142
ENSMUSG00000022556	-0.07630069553852081	0.036187898367643356	0.6825625896453857	0.06783237308263779	-0.007375187706202269	0.20007194578647614	0.07518605142831802	0.019464433193206787
ENSMUSG00000095765	-0.10685749351978302	0.06737294793128967	-0.06178496032953262	-0.02038266509771347	-0.37271109223365784	-0.058636683970689774	-0.1406240016222	-0.04965152591466904
ENSMUSG00000037957	-0.10776393115520477	0.079585500061512	0.7578519582748413	-0.05349138751626015	0.11371789127588272	0.1881510317325592	0.10727999359369278	0.11896684765815735
ENSMUSG00000059256	-0.031719133257865906	0.09769091010093689	-0.11367405205965042	-0.041292399168014526	-0.38859257102012634	-0.1604042947292328	0.041271477937698364	-0.0207439586520195
ENSMUSG00000071037	-0.0784464105963707	0.10193084925413132	-0.03178378567099571	0.03222068399190903	-0.018051456660032272	0.2330213338136673	0.044730715453624725	0.05825498700141907
ENSMUSG00000114688	0.00015397889364976436	0.12367605417966843	-0.047775980085134506	-0.037025466561317444	-0.3483770787715912	-0.07245644181966782	-0.07355793565511703	-0.08212902396917343
ENSMUSG00000033313	0.4619370996952057	-0.1893261969089508	-1.713710069656372	-0.424162358045578	1.9104485511779785	0.16668842732906342	0.22976726293563843	0.055892154574394226
ENSMUSG00000108956	-0.09853089600801468	0.0682583749294281	-0.30780836939811707	-0.045984622091054916	-0.05393211916089058	-0.015421036630868912	-0.07363169640302658	-0.05156031996011734
ENSMUSG00000100288	-0.15249449014663696	-0.01594872958958149	0.44013655185699463	0.20876434445381165	-1.7039060592651367	-0.13097475469112396	-0.5372437238693237	-0.16754886507987976
ENSMUSG00000019846	-0.11213136464357376	0.0439324826002121	-0.186515673995018	-0.06857790797948837	-0.19154202938079834	0.1142684668302536	0.033316921442747116	0.11469697952270508
ENSMUSG00000025558	-0.129136860370636	0.07229115813970566	0.4215828776359558	-0.09612653404474258	-0.08395276963710785	0.17941156029701233	0.06990185379981995	0.14122126996517181
ENSMUSG00000085148	-0.042552947998046875	0.0651417225599289	0.7455955743789673	0.1851547807455063	0.45008009672164917	0.2585524320602417	0.019257422536611557	0.01855570264160633
ENSMUSG00000100235	0.049638208001852036	0.07442978024482727	0.6292650699615479	-0.03720720857381821	-0.10822928696870804	0.18738898634910583	-0.07454222440719604	0.02781057171523571
ENSMUSG00000075115	-0.17024652659893036	0.07730994373559952	-0.21556000411510468	-0.028071222826838493	-0.2298000305891037	-0.029151152819395065	-0.06603577733039856	-0.06783238053321838
ENSMUSG00000116933	0.012715318240225315	0.11970465630292892	0.2650778591632843	0.5226162672042847	0.04586722329258919	-0.0747944712638855	0.05090885981917381	0.032117389142513275
ENSMUSG00000090798	-0.0031504894141107798	0.11932530254125595	-0.19099771976470947	-0.030911844223737717	-0.3123721182346344	-0.12532620131969452	-0.01733679138123989	-0.03149239346385002
ENSMUSG00000117220	-0.04079297557473183	0.04368741065263748	-0.45343104004859924	-0.04165402799844742	0.9868096709251404	-0.004443681798875332	0.25949057936668396	-0.0278951246291399
ENSMUSG00000057182	0.03295907750725746	0.16134002804756165	0.10085070878267288	0.056151341646909714	-0.07229524850845337	-0.17779767513275146	-0.04659868776798248	-0.060177646577358246
ENSMUSG00000024525	-0.09791528433561325	0.03052782453596592	1.0060737133026123	-0.03411715105175972	0.3303021192550659	0.23563213646411896	0.10660035163164139	0.026260165497660637
ENSMUSG00000078235	0.6252714395523071	-0.24647121131420135	-2.2142751216888428	-0.647246778011322	2.2707386016845703	-0.26486435532569885	0.2796751856803894	-0.04447555914521217
ENSMUSG00000100280	0.039329081773757935	-0.2382335215806961	-0.863467276096344	-0.20520175993442535	0.5523372888565063	0.2641865015029907	0.19730699062347412	0.04020722210407257
ENSMUSG00000105475	-0.01612960174679756	0.09577314555644989	-0.16670314967632294	-0.0446639284491539	-0.28187617659568787	-0.09317339956760406	-0.0005803106469102204	-0.03485112264752388
ENSMUSG00000031216	-0.042257968336343765	0.09032362699508667	0.6967304944992065	0.07164432853460312	-0.7787990570068359	-0.22042842209339142	-0.07890507578849792	-0.07576701045036316
ENSMUSG00000070867	-0.1673566699028015	0.08580265939235687	-0.06287647783756256	-0.31477344036102295	-0.343680739402771	0.06801951676607132	0.0984310433268547	0.0903271958231926
ENSMUSG00000022659	-0.011546945199370384	0.11919209361076355	-0.19456684589385986	-0.03626377508044243	-0.2010936737060547	-0.17740441858768463	-0.04317581653594971	-0.01756512187421322
ENSMUSG00000000142	-0.07674705982208252	0.004090772941708565	-0.06692139804363251	-0.05800648778676987	0.8192694187164307	0.25324293971061707	0.24585489928722382	0.08260294795036316
ENSMUSG00000097988	-0.04864667356014252	0.04334798455238342	0.4892228841781616	-0.007104243617504835	0.3456144332885742	0.05167095363140106	0.07473677396774292	-0.008228537626564503
ENSMUSG00000049536	-0.0685589611530304	0.13511738181114197	-0.3631729185581207	0.03652198612689972	-0.057981058955192566	0.2280099242925644	0.18429359793663025	0.04551578685641289
ENSMUSG00000086354	0.07397279143333435	0.11265012621879578	0.7676081657409668	0.13752368092536926	-0.051746487617492676	0.012785229831933975	-0.050666652619838715	-0.027417318895459175
ENSMUSG00000025083	-0.1415669322013855	-0.06996851414442062	0.23511210083961487	-0.22502537071704865	-0.017698906362056732	0.29810988903045654	0.12038271874189377	0.07310114055871964
ENSMUSG00000025326	0.10235734283924103	0.06251596659421921	0.9774389863014221	0.1904161125421524	-0.23162950575351715	0.22741760313510895	-0.16311147809028625	0.03930465131998062
ENSMUSG00000084880	0.15137790143489838	0.04285387694835663	-1.1253551244735718	0.34906813502311707	1.1602485179901123	0.20290210843086243	0.4346267282962799	0.005936408415436745
ENSMUSG00000035329	-0.07312775403261185	0.05641436576843262	0.538202702999115	-0.041180286556482315	0.12063997238874435	0.21074743568897247	0.07594612240791321	0.09082016348838806
ENSMUSG00000067369	-0.06076910346746445	0.108261339366436	0.24469859898090363	0.2665412724018097	-0.6573053002357483	-0.08278178423643112	-0.11214035749435425	-0.03208683431148529
ENSMUSG00000038347	-0.15274369716644287	-0.028652038425207138	-0.0009592236019670963	-0.12370913475751877	0.16185909509658813	0.27973002195358276	0.14683620631694794	0.11387524753808975
ENSMUSG00000106692	-0.013071638531982899	0.11316179484128952	0.22733549773693085	-0.019121743738651276	-0.17986217141151428	0.04598875343799591	-0.03608755022287369	-0.03895890340209007
ENSMUSG00000015488	-0.06991337984800339	0.05927875638008118	0.6508495807647705	-0.05018730089068413	-0.08314818143844604	0.05276630446314812	0.0717327818274498	0.07219398766756058
ENSMUSG00000042988	0.4698869287967682	-0.22374457120895386	-0.760707676410675	-0.14782975614070892	1.1287318468093872	0.2440630942583084	0.14407074451446533	0.04370772838592529
ENSMUSG00000086753	0.169326514005661	-0.11944924294948578	-0.5476690530776978	-0.1129084900021553	0.5621702075004578	0.32607364654541016	0.20291687548160553	0.09631823748350143
ENSMUSG00000046774	-0.04537948966026306	0.1236179769039154	1.9648382663726807	0.0009958893060684204	-0.5666190981864929	0.12218321859836578	0.045545924454927444	0.01876961998641491
ENSMUSG00000103313	0.016161208972334862	0.06338297575712204	1.5515496730804443	0.14436914026737213	-0.0807843953371048	0.031010275706648827	0.026204371824860573	0.048531122505664825
ENSMUSG00000002222	0.0722283273935318	0.061754874885082245	0.9279506802558899	0.07185976207256317	-0.044173549860715866	0.2342187762260437	-0.007818249054253101	0.05664074793457985
ENSMUSG00000004651	-0.08565668761730194	0.08067673444747925	-0.21136507391929626	-0.01629634201526642	-0.23059538006782532	-0.11367692798376083	-0.07690545916557312	-0.03507241606712341
ENSMUSG00000035868	-0.03041701391339302	0.13510625064373016	-0.1556314080953598	0.12405136227607727	-0.04927729442715645	0.1989934742450714	-0.07273632287979126	-0.03117522783577442
ENSMUSG00000026083	0.06920220702886581	0.059764761477708817	0.9618656635284424	0.020525656640529633	-0.19903817772865295	0.1892957240343094	-0.07152286916971207	0.06139473617076874
ENSMUSG00000020374	-0.14681991934776306	-0.10793153941631317	-0.1601199507713318	-0.22481133043766022	-0.16008633375167847	0.31964102387428284	0.10330250859260559	0.06115151569247246
ENSMUSG00000014294	-0.07880710810422897	0.06193997710943222	1.236680269241333	0.1670094132423401	0.5237202048301697	0.19010654091835022	0.014344250783324242	-0.0007099668146111071
ENSMUSG00000092586	0.16598504781723022	-0.01532901544123888	-0.18926815688610077	-0.04349054768681526	0.24466854333877563	0.23533223569393158	0.27690640091896057	0.09037276357412338
ENSMUSG00000053332	0.14125658571720123	0.08802462369203568	1.6569935083389282	-0.008440271951258183	0.5774284601211548	0.18234285712242126	-0.010314226150512695	0.04869159683585167
ENSMUSG00000097638	0.33626294136047363	-0.24397273361682892	-1.7462239265441895	-0.5819094777107239	1.7020450830459595	0.26917123794555664	0.2932415306568146	0.050222449004650116
ENSMUSG00000103528	-0.22579379379749298	-0.03622690215706825	0.7694504261016846	0.381895512342453	-1.4716113805770874	-0.3677838146686554	-0.5249820351600647	-0.2417144626379013
ENSMUSG00000021010	-0.20480287075042725	0.0883382111787796	-0.17066654562950134	-0.3016303479671478	0.030422426760196686	-0.07823594659566879	0.13255250453948975	0.10539388656616211
ENSMUSG00000031451	-0.10232178866863251	-0.08978836238384247	0.12953373789787292	-0.17341165244579315	0.2142876237630844	0.3093213140964508	0.13102662563323975	0.0842391774058342
ENSMUSG00000091649	-0.0029347436502575874	0.1414993405342102	0.590323805809021	0.29340794682502747	-1.0299712419509888	-0.25138404965400696	-0.2976478636264801	-0.10549748688936234
ENSMUSG00000103037	0.16109773516654968	-0.14887621998786926	-1.1758449077606201	-0.2214822769165039	1.4314563274383545	0.31134089827537537	0.25446629524230957	0.1447943150997162
ENSMUSG00000062103	-0.07164314389228821	0.10383322834968567	-0.2189316749572754	-0.015061539597809315	-0.20966589450836182	-0.03152012452483177	-0.05176118016242981	-0.06489108502864838
ENSMUSG00000095318	-0.03650268167257309	0.08989091962575912	-0.06510632485151291	-0.024171650409698486	-0.4937433898448944	-0.08172770589590073	-0.1402481198310852	-0.051407814025878906
ENSMUSG00000090235	0.04609007015824318	0.07178743183612823	1.0756372213363647	-0.025002606213092804	0.3984966576099396	0.23191501200199127	0.04457786679267883	0.039920829236507416
ENSMUSG00000032965	-0.09091457724571228	0.06899681687355042	0.16547593474388123	-0.06964531540870667	-0.2628907263278961	0.20064447820186615	0.012862049043178558	0.16177888214588165
ENSMUSG00000073678	-0.08355572819709778	0.08505018055438995	0.4838029146194458	-0.07492132484912872	-0.04376731812953949	0.19753749668598175	0.05188044160604477	0.15394531190395355
ENSMUSG00000059816	-0.03807463496923447	-0.19919593632221222	-0.03368854150176048	-0.1777990162372589	0.29705771803855896	0.3529043197631836	0.13828051090240479	0.04568466171622276
ENSMUSG00000011752	-0.00652418565005064	0.05997968837618828	1.4041023254394531	0.06307166814804077	0.3490339517593384	0.2141781598329544	0.04241656884551048	0.016087090596556664
ENSMUSG00000117666	0.03410471975803375	0.05538967251777649	1.6829237937927246	0.137944296002388	-0.166354238986969	0.00548116210848093	-0.043573733419179916	0.04028085619211197
ENSMUSG00000013236	0.06345920264720917	-0.13961800932884216	-0.09767041355371475	-0.10917942970991135	0.6425182223320007	0.16786791384220123	0.13047781586647034	0.10629227012395859
ENSMUSG00000112134	-0.029846014454960823	0.07951424270868301	0.21056625247001648	0.07489082962274551	0.3248283863067627	-0.04930724576115608	0.0865117758512497	-0.021191710606217384
ENSMUSG00000066899	-0.11370304226875305	0.09232848882675171	-0.1375994086265564	-0.026740413159132004	-0.40897759795188904	0.012492158450186253	-0.1421893686056137	-0.06763036549091339
ENSMUSG00000042256	-0.18763487040996552	0.06831628829240799	-0.33003804087638855	-0.20355011522769928	-0.3126020133495331	0.11348655074834824	0.06629271805286407	0.1367393136024475
ENSMUSG00000105320	-0.09331359714269638	0.09377642720937729	-0.1480792611837387	-0.022329406812787056	-0.3581283688545227	-0.07675230503082275	-0.11324357986450195	-0.05440470576286316
ENSMUSG00000085720	-0.19630597531795502	-0.029302094131708145	-0.35727769136428833	-0.22079043090343475	0.6434563994407654	-0.24200424551963806	0.07829049974679947	0.09365089237689972
ENSMUSG00000101308	0.05805380269885063	0.10524415224790573	0.926414966583252	0.12739771604537964	-0.2852800786495209	0.031191516667604446	-0.13992662727832794	-0.05725887790322304
ENSMUSG00000030406	-0.01045332569628954	-0.0031169303692877293	-0.5322669148445129	-0.03262216970324516	0.9810207486152649	0.1270989626646042	0.23078836500644684	0.033186618238687515
ENSMUSG00000075599	-0.02508987858891487	0.09405756741762161	-0.19921541213989258	0.0005359798669815063	0.003295107278972864	-0.11835513263940811	-0.08985959738492966	-0.0472729355096817
ENSMUSG00000010095	-4.92574654344935e-05	0.09451097249984741	0.9951857924461365	0.07961060851812363	0.6302174925804138	0.21981313824653625	0.08053375035524368	0.004137509968131781
ENSMUSG00000054523	0.03286736458539963	0.17752832174301147	0.10356763750314713	0.08116093277931213	-0.39697808027267456	-0.11541702598333359	-0.07044637203216553	-0.07595589756965637
ENSMUSG00000050148	-0.1314949244260788	0.048105716705322266	0.5266527533531189	0.1954415738582611	0.618270218372345	0.19529280066490173	0.20901130139827728	-0.0023206134792417288
ENSMUSG00000061887	-0.11082074791193008	0.04510022699832916	0.6282098293304443	-0.03755142539739609	0.09338212758302689	0.24413937330245972	0.10312142223119736	0.07643356919288635
ENSMUSG00000114088	-0.035282302647829056	0.09965004771947861	0.011102822609245777	-0.03350665792822838	-0.25224924087524414	-0.18191421031951904	-0.030124254524707794	-0.0431525893509388
ENSMUSG00000096275	-0.29908469319343567	0.04296419769525528	0.4018092751502991	0.1724374145269394	-1.2649376392364502	-0.2534927427768707	-0.45533666014671326	-0.1699810028076172
ENSMUSG00000103357	-0.07465692609548569	0.01496077049523592	-0.25102582573890686	-0.03515951707959175	-0.03200112283229828	0.0035575407091528177	0.0878329947590828	-0.02610873058438301
ENSMUSG00000095193	-0.010923522524535656	0.07586897164583206	0.46259036660194397	0.16426557302474976	0.1042427271604538	0.165349543094635	-0.17052501440048218	-0.03118676133453846
ENSMUSG00000040661	0.03463773801922798	0.07620187848806381	0.8377122282981873	-0.04101557284593582	-0.1904158741235733	0.13555140793323517	-0.027793044224381447	0.11730006337165833
ENSMUSG00000024749	0.015364869497716427	0.13109105825424194	0.12149544060230255	0.05871234089136124	-0.40233612060546875	-0.19052091240882874	-0.15063442289829254	-0.07729794830083847
ENSMUSG00000030615	0.08041279762983322	0.07359375804662704	1.1610534191131592	-0.018133297562599182	0.08736341446638107	0.1788480132818222	0.05913330614566803	0.03711266815662384
ENSMUSG00000083270	0.017450010403990746	0.12619926035404205	0.06654384732246399	0.026728587225079536	-0.5449791550636292	-0.19402027130126953	-0.18965646624565125	-0.06151849403977394
ENSMUSG00000055942	-0.03035004436969757	0.09123234450817108	0.07702678442001343	-0.013451656326651573	-0.6366003751754761	-0.16246455907821655	-0.14669720828533173	-0.06052757427096367
ENSMUSG00000016995	0.48793885111808777	-0.30697375535964966	-1.3447768688201904	-0.3790641725063324	1.1670500040054321	0.3091031312942505	0.13082638382911682	0.004993588197976351
ENSMUSG00000069873	-0.028251441195607185	0.09921614825725555	-0.13084478676319122	-0.012585091404616833	-0.40245094895362854	-0.19719678163528442	-0.016679320484399796	-0.008797425776720047
ENSMUSG00000022217	-0.039855122566223145	-0.07916805148124695	-0.6382286548614502	-0.056662291288375854	0.678174614906311	0.2435721606016159	0.22605852782726288	0.10518887639045715
ENSMUSG00000025237	-0.05405021831393242	0.05907797813415527	0.6944558024406433	-0.03999738022685051	-0.07859200239181519	0.2113327980041504	0.01996423676609993	0.07240942120552063
ENSMUSG00000085757	0.007610953878611326	0.0909041315317154	0.8477966785430908	0.2562989890575409	-1.3549652099609375	-0.12112779915332794	-0.38798344135284424	-0.13199838995933533
ENSMUSG00000113020	0.0712510198354721	0.10306393355131149	0.9232661724090576	0.17762798070907593	0.11707539856433868	-0.01785457693040371	-0.09091576933860779	-0.03636052459478378
ENSMUSG00000102482	-0.0585438497364521	0.08327057957649231	0.6192111372947693	0.09581412374973297	-0.28857794404029846	0.013665654696524143	-0.1888815462589264	-0.12846481800079346
ENSMUSG00000020169	-0.09861908853054047	0.009283178485929966	-0.2844499349594116	0.013171008788049221	0.21335536241531372	-0.008522863499820232	0.1816374659538269	0.06950821727514267
ENSMUSG00000118423	0.04710587114095688	0.12348828464746475	0.8459880948066711	0.25612735748291016	-0.10626836121082306	-0.02226787805557251	-0.09154830127954483	-0.010547557845711708
ENSMUSG00000028549	-0.01620185561478138	0.078777976334095	0.4906507730484009	-0.04353565722703934	-0.5166917443275452	0.17758002877235413	-0.005799103993922472	0.16393810510635376
ENSMUSG00000102084	-0.011007088236510754	0.051107268780469894	-0.46787184476852417	-0.008707749657332897	0.7439514994621277	-0.06309033930301666	0.27488818764686584	-0.02039099670946598
ENSMUSG00000112270	-0.06309016793966293	0.06803369522094727	-0.03825676068663597	-0.02165638841688633	-0.4023246765136719	-0.06290188431739807	-0.21418803930282593	-0.05487312003970146
ENSMUSG00000023191	-0.0241310503333807	-0.09410282969474792	-0.229509174823761	-0.061616335064172745	0.3622061014175415	0.32376107573509216	0.17304003238677979	0.11608204245567322
ENSMUSG00000113017	-0.006787583697587252	0.13132700324058533	-0.0980939120054245	0.046271029859781265	-0.3813799321651459	-0.03605819493532181	-0.12976497411727905	-0.07016181200742722
ENSMUSG00000097777	0.08756117522716522	0.09189405292272568	0.9724835753440857	0.10536213219165802	0.20960867404937744	0.018158409744501114	-0.02657570317387581	-0.02058998867869377
ENSMUSG00000097397	-0.028763795271515846	0.07464959472417831	1.2642951011657715	0.17949828505516052	-0.3289060890674591	0.11261552572250366	0.022631783038377762	-0.002115214942023158
ENSMUSG00000049148	-0.16700634360313416	0.059633854776620865	-0.17697300016880035	-0.3030094802379608	-0.4819079637527466	0.14389537274837494	0.0400877445936203	0.12707704305648804
ENSMUSG00000114632	-0.00035615035449154675	0.08085094392299652	0.05352698639035225	-0.050064124166965485	-0.2198297530412674	-0.13678184151649475	-0.10552778095006943	-0.061186447739601135
ENSMUSG00000103485	0.03267607092857361	0.11556610465049744	0.5153970122337341	0.19529160857200623	-0.18399721384048462	0.011851293966174126	-0.07229052484035492	-0.018916500732302666
ENSMUSG00000040029	0.029490938410162926	0.07137295603752136	0.9163935780525208	-0.0326911099255085	-0.2360553741455078	0.13712884485721588	-0.04941365122795105	0.02519903890788555
ENSMUSG00000019960	0.0836857259273529	-0.08079875260591507	0.06283661723136902	-0.06680630892515182	0.8941010236740112	0.3412781059741974	0.18679246306419373	0.10108774900436401
ENSMUSG00000035238	0.6910926103591919	-0.2961650788784027	-1.5086357593536377	-0.5275716781616211	1.0282477140426636	0.4584167003631592	0.1482311189174652	0.02020447887480259
ENSMUSG00000021065	-0.10294806212186813	0.07612647861242294	-0.020302778109908104	-0.08707015216350555	-0.13463662564754486	0.21487115323543549	0.019820071756839752	0.16468892991542816
ENSMUSG00000086591	-0.042105551809072495	0.030617954209446907	-0.24889299273490906	-0.07895974814891815	1.0264101028442383	0.03269229456782341	0.27042222023010254	-0.012293793261051178
ENSMUSG00000044265	0.020035941153764725	0.14356349408626556	-0.10514160990715027	-0.006022807210683823	-0.2942265272140503	-0.2227901816368103	-0.06101297214627266	-0.04012937843799591
ENSMUSG00000022075	-0.10685110837221146	0.054412592202425	0.5559742450714111	-0.06445145606994629	0.03050151839852333	0.2098858654499054	0.11871730536222458	0.10564194619655609
ENSMUSG00000060470	-0.009133132174611092	0.06225050985813141	-0.03366226330399513	0.09347234666347504	-0.030765075236558914	-0.21459271013736725	0.0038803929928690195	-0.01625869795680046
ENSMUSG00000109853	0.03818639740347862	0.09336651861667633	0.38495075702667236	0.06494712084531784	-0.5307262539863586	-0.11868367344141006	-0.12596063315868378	-0.04044659063220024
ENSMUSG00000029203	0.0948982909321785	0.07249172776937485	1.0048290491104126	-0.017150195315480232	0.09420748054981232	0.22483903169631958	0.0025472003035247326	0.05970586836338043
ENSMUSG00000078451	-0.13145914673805237	0.025996137410402298	0.3230442404747009	-0.05626508593559265	-0.04144985228776932	0.21699342131614685	0.08716338872909546	0.1330588310956955
ENSMUSG00000034205	-0.10617340356111526	0.08967552334070206	1.0075165033340454	-0.029167652130126953	-0.9540091753005981	0.0763285830616951	-0.05710527300834656	0.11642448604106903
ENSMUSG00000024181	-0.0343841090798378	0.06693459302186966	1.477932333946228	0.12120968103408813	-0.1050514429807663	0.1406068205833435	0.04760660603642464	0.011725902557373047
ENSMUSG00000110639	-0.003629769431427121	0.09640142321586609	-0.14408297836780548	-0.014720400795340538	-0.44273072481155396	-0.14797216653823853	-0.056026287376880646	0.0006987450760789216
ENSMUSG00000038668	-0.10779950022697449	0.03490138426423073	0.32417160272598267	-0.04663955047726631	-0.013112516142427921	0.22963061928749084	0.023576123639941216	0.09582294523715973
ENSMUSG00000031994	0.04472341388463974	-0.1607707142829895	-0.4518655836582184	-0.2235710322856903	0.5415990948677063	0.1502709984779358	0.10388177633285522	-0.023249424993991852
ENSMUSG00000021901	0.025882141664624214	0.10610175132751465	1.5869325399398804	-0.09185263514518738	-0.13189572095870972	0.11296455562114716	0.04964834079146385	0.026141488924622536
ENSMUSG00000066839	-0.06852195411920547	0.05570816621184349	0.856739342212677	-0.07228201627731323	0.21701526641845703	0.1255205273628235	0.09612245857715607	0.03295886516571045
ENSMUSG00000115816	0.0024190566036850214	0.09671058505773544	-0.007888572290539742	-0.03680659830570221	-0.4180099070072174	-0.13562868535518646	-0.11617466807365417	-0.06049944460391998
ENSMUSG00000091275	-0.1647471785545349	-0.067268006503582	-0.358408123254776	-0.08561686426401138	0.26968953013420105	0.3030322790145874	0.1275620013475418	0.13092155754566193
ENSMUSG00000085336	0.048072196543216705	0.055644143372774124	-0.04417218640446663	0.01165962964296341	0.24804408848285675	-0.0526144802570343	0.1621895581483841	-0.03474406898021698
ENSMUSG00000015966	-0.12605509161949158	-0.17672158777713776	0.0781901404261589	-0.19450069963932037	-0.02144678309559822	0.21999186277389526	0.1273384690284729	0.022761700674891472
ENSMUSG00000097766	-0.08174096047878265	-0.046823810786008835	-0.42810139060020447	-0.08903069794178009	0.04409391060471535	0.26915261149406433	0.13165010511875153	0.11043892800807953
ENSMUSG00000101712	-0.29652509093284607	0.23532283306121826	0.28134480118751526	0.2994483411312103	-0.839890718460083	-0.22892890870571136	-0.28398239612579346	-0.02596188522875309
ENSMUSG00000069085	-0.03952687606215477	0.08688660711050034	-0.524428129196167	-0.03424139320850372	0.06881130486726761	-0.04926607012748718	0.11857575178146362	0.027744172140955925
ENSMUSG00000100594	-0.09226901084184647	0.08202190697193146	-0.5448911190032959	0.05829453468322754	0.2698836624622345	0.32956618070602417	0.13661235570907593	0.07187522202730179
ENSMUSG00000002825	-0.052734822034835815	0.06836847960948944	1.4805587530136108	0.015979653224349022	0.20529071986675262	0.17743608355522156	0.054242733865976334	0.01477870624512434
ENSMUSG00000030452	0.09474076330661774	0.07837239652872086	0.9259420037269592	0.014524945989251137	-0.10482632368803024	0.143607035279274	-0.09104782342910767	0.04001830145716667
ENSMUSG00000034161	0.3934665322303772	-0.1251317709684372	-0.7899657487869263	-0.12641580402851105	0.3858894407749176	0.2119947224855423	0.30125892162323	0.09124067425727844
ENSMUSG00000034758	0.10670902580022812	0.00684297876432538	-0.11685685068368912	-0.06754212826490402	0.3935030996799469	0.14188343286514282	0.2613620460033417	-0.016913829371333122
ENSMUSG00000021481	0.012480347417294979	0.0689481720328331	1.3126647472381592	-0.03618760406970978	-0.21409545838832855	0.10607004165649414	-0.015254635363817215	0.029186498373746872
ENSMUSG00000118319	-0.013525132089853287	0.0815030112862587	0.2737242877483368	0.05360431224107742	-0.41180118918418884	-0.21285955607891083	0.06349445134401321	-0.04011822119355202
ENSMUSG00000026365	-0.06044120341539383	0.1449853926897049	-0.22176791727542877	0.24615009129047394	-0.23688358068466187	-0.16143962740898132	-0.11140643060207367	-0.033929262310266495
ENSMUSG00000097133	-0.005378177389502525	0.08861050009727478	0.8482273817062378	0.23382875323295593	0.4487721621990204	-0.2311299741268158	-0.12173052877187729	-0.012818386778235435
ENSMUSG00000115365	-0.04185289517045021	0.12813270092010498	0.008633318357169628	0.016079572960734367	-0.7634225487709045	-0.16589674353599548	-0.11073821038007736	-0.017370613291859627
ENSMUSG00000026150	-0.026680706068873405	0.07855147868394852	0.6916353702545166	-0.09213870763778687	0.24705278873443604	0.1771612912416458	0.06518115848302841	0.11323206126689911
ENSMUSG00000025785	0.006650334224104881	0.05318010225892067	1.2552629709243774	0.0483521930873394	-0.28947311639785767	0.1458815634250641	-0.10012474656105042	0.017972376197576523
ENSMUSG00000030983	0.0511816032230854	0.06520278751850128	1.4058243036270142	0.0473456084728241	-0.2396039217710495	0.15898600220680237	0.0033400552347302437	0.02250916324555874
ENSMUSG00000032786	-0.04288602992892265	0.03246799111366272	0.4979226589202881	-0.05652715265750885	0.11566047370433807	0.2070159912109375	0.1330609768629074	0.0897737666964531
ENSMUSG00000111633	-0.0160266924649477	0.11243769526481628	-0.17654457688331604	-0.02152043767273426	-0.3428023159503937	-0.13349458575248718	-0.037998102605342865	-0.02054455317556858
ENSMUSG00000085527	-0.007057397160679102	0.10283204168081284	-0.08457181602716446	0.10160095244646072	-0.22618159651756287	0.2184377908706665	-0.03057648241519928	-0.032657440751791
ENSMUSG00000023106	0.09887200593948364	0.07817544788122177	1.5853681564331055	-0.026242008432745934	-0.3297131061553955	0.1365833729505539	-0.03542054444551468	0.03661838918924332
ENSMUSG00000043948	-0.03424027934670448	0.10252200067043304	-0.0680420771241188	-0.042457837611436844	-0.405070960521698	-0.041369400918483734	-0.09062132984399796	-0.043910641223192215
ENSMUSG00000027346	0.06243390217423439	0.08864038437604904	0.8101201057434082	-0.0874902531504631	-0.024677930399775505	0.033314287662506104	0.014865238219499588	-0.07326526939868927
ENSMUSG00000113576	0.0016946214018389583	0.11812877655029297	-0.05667043849825859	-0.000502496084664017	-0.17351949214935303	-0.1825513243675232	-0.025436395779252052	-0.05836750566959381
ENSMUSG00000040247	-0.06967028975486755	0.0904746726155281	0.3480317294597626	0.0774979293346405	0.1559257060289383	0.1458347886800766	0.09760832786560059	-0.006770140025764704
ENSMUSG00000086539	-0.1610495150089264	0.03278982266783714	-0.18684373795986176	-0.15167635679244995	-0.1300010234117508	0.23685239255428314	0.0857006162405014	0.14037065207958221
ENSMUSG00000022187	-0.03160591796040535	0.09548177570104599	-0.06990024447441101	-0.03958087041974068	-0.20284952223300934	-0.17538970708847046	-0.004849710967391729	-0.03460489585995674
ENSMUSG00000087136	0.005605905782431364	0.07858357578516006	-0.08399101346731186	0.3265209496021271	0.08327239751815796	-0.28423893451690674	0.06366417557001114	0.021123874932527542
ENSMUSG00000037905	-0.07126202434301376	0.055651046335697174	0.892383337020874	-0.05167391896247864	0.07697129994630814	0.17235682904720306	0.063863605260849	0.038663048297166824
ENSMUSG00000084898	-0.20923839509487152	0.003356475615873933	-0.5148727893829346	-0.31095656752586365	-0.2492891252040863	0.13863259553909302	0.09768956154584885	0.07382018864154816
ENSMUSG00000034336	0.5327780842781067	-0.24837346374988556	-0.8833710551261902	-0.16063541173934937	1.1050782203674316	-0.15460221469402313	0.0207224041223526	-0.04686397686600685
ENSMUSG00000024354	0.003447870025411248	0.0716465637087822	1.1877459287643433	0.11691103875637054	-0.03188672661781311	-0.004043741151690483	0.023546544834971428	0.027389919385313988
ENSMUSG00000107364	0.07092419266700745	0.09216853976249695	0.9583671689033508	0.11233792454004288	0.0764971524477005	-0.06119747459888458	-0.025146985426545143	0.016922080889344215
ENSMUSG00000052371	0.5960516929626465	-0.07155873626470566	-1.7239195108413696	-0.30113741755485535	1.975884199142456	0.28156134486198425	0.12058914452791214	0.07868371158838272
ENSMUSG00000024533	-0.14115461707115173	0.01168510876595974	-0.024161767214536667	-0.04739147797226906	-0.011821129359304905	0.23004373908042908	0.07351386547088623	0.14654387533664703
ENSMUSG00000026087	0.06570961326360703	0.080523282289505	0.9741283655166626	0.018669918179512024	-0.008004964329302311	0.17003971338272095	0.0007344438345171511	0.021817706525325775
ENSMUSG00000101933	-0.4173019826412201	-0.057914040982723236	0.5176607966423035	0.22688566148281097	-1.3522027730941772	-0.20263390243053436	-0.4843572676181793	-0.11266890168190002
ENSMUSG00000112513	-0.0005829965812154114	0.09047668427228928	0.1614532321691513	-0.050022415816783905	-0.16434729099273682	-0.06419141590595245	-0.0016894134460017085	-0.01359994150698185
ENSMUSG00000061210	-0.09866302460432053	0.0943574532866478	-0.27557572722435	-0.017350921407341957	-0.22145617008209229	-0.12366466224193573	-0.050524450838565826	-0.019363023340702057
ENSMUSG00000032112	-0.01014467142522335	0.05947708711028099	0.9449302554130554	0.18457448482513428	-0.4792090356349945	0.157659649848938	-0.027418920770287514	-0.0030824679415673018
ENSMUSG00000005505	0.030703580006957054	0.07984811067581177	1.277664065361023	0.08953952044248581	-0.22560296952724457	0.09671475738286972	0.015768179669976234	0.019916096702218056
ENSMUSG00000079564	-0.0347711481153965	0.08062312752008438	0.33607766032218933	0.017533116042613983	-0.30238276720046997	-0.11457658559083939	-0.05592203140258789	-0.06638564169406891
ENSMUSG00000105263	-0.048502177000045776	0.09082043915987015	-0.24497529864311218	-0.03666387125849724	0.3744262456893921	-0.10772518068552017	0.2745624780654907	0.021081754937767982
ENSMUSG00000031996	-0.10499642044305801	0.05943267419934273	0.6153525114059448	-0.07047688215970993	-0.07155343890190125	0.20299461483955383	0.09449266642332077	0.11651118099689484
ENSMUSG00000090659	0.030894529074430466	0.09372394531965256	0.5472367405891418	0.09267756342887878	-0.023211948573589325	0.14674001932144165	-0.015015434473752975	-0.030359584838151932
ENSMUSG00000107797	-0.046427417546510696	0.0891152024269104	0.06205829605460167	0.10150476545095444	-0.42171618342399597	-0.17185035347938538	-0.03860165923833847	-0.0377921424806118
ENSMUSG00000019210	0.07523873448371887	0.0664113387465477	1.1664552688598633	0.07288321852684021	-0.243612140417099	0.15223993360996246	-0.10963509231805801	0.016530001536011696
ENSMUSG00000032894	-0.010392410680651665	0.11997499316930771	0.2432573288679123	0.2109866589307785	-0.9386948943138123	-0.28924670815467834	-0.2899751365184784	-0.04981496185064316
ENSMUSG00000032002	0.09554474800825119	0.06556939333677292	0.8778594136238098	0.0263611301779747	-0.21331357955932617	0.21751901507377625	-0.08216331154108047	0.04603692516684532
ENSMUSG00000020044	-0.13511013984680176	-0.022273458540439606	0.14560969173908234	-0.061210766434669495	-0.006487863138318062	0.2633512616157532	0.08805012702941895	0.13768842816352844
ENSMUSG00000092401	-0.1264611780643463	0.08860696107149124	-0.004521465394645929	-0.01063052099198103	-0.4072689414024353	-0.09241458773612976	-0.12064500153064728	-0.10658525675535202
ENSMUSG00000018543	-0.05986104533076286	0.03520374372601509	-0.07690311223268509	0.21060684323310852	0.18658986687660217	0.21898938715457916	0.13571219146251678	0.014980320818722248
ENSMUSG00000113885	0.026053622364997864	0.11293428391218185	-0.07213668525218964	-0.03498110547661781	-0.08183407783508301	-0.21703281998634338	-0.057091351598501205	-0.037470199167728424
ENSMUSG00000108081	-0.043668366968631744	0.09246169030666351	-0.12390300631523132	0.02568630501627922	-0.29517680406570435	-0.19966432452201843	-0.025128928944468498	-0.026232009753584862
ENSMUSG00000105347	-0.03665432333946228	0.12120208144187927	-0.03742779418826103	0.012548677623271942	-0.27419039607048035	-0.18761853873729706	-0.086161307990551	-0.07050523906946182
ENSMUSG00000106594	-0.007872035726904869	0.047323621809482574	-0.5245134234428406	0.07240040600299835	0.47012093663215637	-0.022924259305000305	0.13330887258052826	-0.01418890431523323
ENSMUSG00000031816	0.0986388772726059	-0.0028063803911209106	0.05240083858370781	-0.05654112994670868	0.31742554903030396	0.2690862715244293	0.23625019192695618	0.08151966333389282
ENSMUSG00000084941	0.06933070719242096	0.10760548710823059	1.0197792053222656	0.25963133573532104	-0.07583071291446686	-0.11814816296100616	-0.048471566289663315	0.02472769282758236
ENSMUSG00000026205	-0.018055947497487068	0.05612153559923172	-0.35034915804862976	-0.03691542521119118	0.18353497982025146	-0.10314328223466873	0.1763259768486023	-0.007745674811303616
ENSMUSG00000063455	-0.1640656292438507	0.01020513754338026	0.09300460666418076	-0.1994684338569641	0.012208807282149792	0.2562641501426697	0.12136407941579819	0.09166715294122696
ENSMUSG00000052374	-0.06109456717967987	0.0988815426826477	1.0617403984069824	-0.05578562617301941	-0.2019377201795578	0.11693596094846725	0.0320933498442173	0.03931325674057007
ENSMUSG00000024175	-0.006029757671058178	0.07909539341926575	-0.40752482414245605	0.046738721430301666	0.13053235411643982	-0.16165989637374878	0.2123151421546936	-0.026618879288434982
ENSMUSG00000051936	-0.036176033318042755	0.08533976227045059	-0.1728820949792862	-0.03248109668493271	-0.2237449288368225	-0.12176238745450974	-0.1184072196483612	-0.03954213485121727
ENSMUSG00000027291	0.04246591031551361	0.07273957878351212	1.0818175077438354	-0.028740374371409416	-0.2958433926105499	0.12954169511795044	-0.04360564053058624	0.013870089314877987
ENSMUSG00000097924	0.25693991780281067	-0.24845625460147858	-0.9399425387382507	-0.2393597811460495	0.4505336284637451	0.16919682919979095	0.11649488657712936	-0.12255235016345978
ENSMUSG00000113771	-0.08651641756296158	0.006943407002836466	-0.3156207799911499	-0.005764641799032688	-0.30109524726867676	-0.07108302414417267	0.09983944892883301	0.03919272497296333
ENSMUSG00000086370	-0.10754184424877167	0.07561595737934113	0.6069833636283875	-0.07799306511878967	-0.467510461807251	0.15207037329673767	0.027319326996803284	0.15481770038604736
ENSMUSG00000019699	-0.09349404275417328	0.05774426832795143	0.07846257835626602	-0.015482820570468903	-0.08420967310667038	0.05451229587197304	0.011528396978974342	0.13622595369815826
ENSMUSG00000015053	0.7757751941680908	-0.23626475036144257	-2.069969415664673	-0.5033382177352905	2.066983222961426	-0.18825656175613403	0.11287981271743774	0.004512077197432518
ENSMUSG00000101583	-0.1508430391550064	0.0478954091668129	-0.24085529148578644	-0.12697602808475494	0.20587047934532166	0.046453289687633514	0.14440880715847015	0.12970851361751556
ENSMUSG00000014592	-0.1229071244597435	0.052086904644966125	0.06184227019548416	0.13040898740291595	0.03646305203437805	0.2618018388748169	0.09373001009225845	0.049945130944252014
ENSMUSG00000115324	-0.1336403787136078	0.03148825466632843	-0.054199233651161194	-0.04766131937503815	0.24359790980815887	0.32482650876045227	0.14414067566394806	0.1237247958779335
ENSMUSG00000104527	-0.011958061717450619	0.11071698367595673	-0.024439649656414986	0.06206364184617996	-0.30155906081199646	-0.13243162631988525	-0.23521314561367035	-0.0665493756532669
ENSMUSG00000055216	-0.02066820114850998	0.09757623076438904	0.2621418833732605	0.15352490544319153	0.09157621115446091	0.03225386515259743	-0.23359689116477966	-0.07303975522518158
ENSMUSG00000043592	-0.07032928615808487	0.0536249540746212	-0.09190402925014496	-0.057711161673069	-0.031060034409165382	-0.039401762187480927	0.06201259791851044	-0.006120591890066862
ENSMUSG00000095304	-0.2074628472328186	0.08408202975988388	1.539608120918274	0.15355612337589264	-1.4550743103027344	0.0729469507932663	-0.10946686565876007	0.04005638509988785
ENSMUSG00000086916	-0.0784653052687645	0.051691774278879166	0.17899015545845032	-0.08294764161109924	0.5597979426383972	0.059722114354372025	0.13089147210121155	-0.005916001740843058
ENSMUSG00000103303	-0.142952561378479	0.05472498759627342	0.2896873652935028	0.02157086320221424	0.3027909994125366	-0.022796399891376495	-0.1658760905265808	-0.08328472077846527
ENSMUSG00000031362	-0.010877621360123158	0.08702003210783005	0.039983395487070084	0.0008028164738789201	-0.7392477989196777	0.05766742676496506	-0.10687735676765442	-0.07144450396299362
ENSMUSG00000020783	0.07042918354272842	0.07267013192176819	1.0495350360870361	-0.0397924929857254	-0.20492273569107056	0.12755435705184937	-0.02410230226814747	0.04174243286252022
ENSMUSG00000086842	0.02591162733733654	0.1374741494655609	-0.03978179022669792	0.010520548559725285	-0.38950079679489136	-0.22546963393688202	-0.07951853424310684	-0.032933324575424194
ENSMUSG00000013465	-0.030384156852960587	0.08636581152677536	1.3678147792816162	-0.0736808106303215	-0.11208602786064148	0.10974683612585068	0.09451426565647125	0.017273303121328354
ENSMUSG00000029547	-0.0425870455801487	0.05927449092268944	1.3070989847183228	0.023772725835442543	-0.07767104357481003	0.12181446701288223	0.062366414815187454	0.010917365550994873
ENSMUSG00000057594	-0.08772420883178711	0.03381884843111038	0.5766844153404236	-0.016450675204396248	0.40660133957862854	0.2522379457950592	0.15796491503715515	0.02882416546344757
ENSMUSG00000028086	-0.022629382088780403	0.06462198495864868	0.5913272500038147	-0.05129200965166092	-0.1058068722486496	0.20222000777721405	0.017306320369243622	0.13324421644210815
ENSMUSG00000059208	0.1404767781496048	0.09147798269987106	1.466606616973877	-0.08024096488952637	0.46653586626052856	0.11036019027233124	0.036762431263923645	0.05118964612483978
ENSMUSG00000002058	-0.0706988200545311	0.04511465132236481	0.37291595339775085	-0.07402800768613815	0.32361021637916565	0.17547281086444855	0.11458927392959595	0.06417495012283325
ENSMUSG00000030805	-0.09660376608371735	0.03049640916287899	-0.0327693447470665	0.027628710493445396	0.5520671606063843	-0.015489529818296432	0.1638772040605545	0.0733376294374466
ENSMUSG00000036299	0.050446461886167526	0.1138974204659462	0.7690933346748352	0.16920194029808044	0.1586901992559433	0.06813916563987732	0.050098203122615814	0.012417825870215893
ENSMUSG00000050963	0.23060457408428192	-0.2290288507938385	-1.141628623008728	-0.32506614923477173	0.7561632394790649	0.38166874647140503	0.19849178194999695	0.0401187427341938
ENSMUSG00000001802	0.3608689606189728	-0.2542749345302582	-0.9385942220687866	-0.2540509104728699	0.8065575957298279	0.36349669098854065	0.21336574852466583	0.045011673122644424
ENSMUSG00000033306	-0.05867771804332733	0.033531419932842255	0.2571371793746948	0.045932378619909286	-0.4067334234714508	0.24242953956127167	-0.06132345274090767	0.09554100036621094
ENSMUSG00000105278	0.007642985787242651	0.1074439138174057	-0.104355089366436	-0.035614971071481705	-0.30570054054260254	-0.16248361766338348	0.018072443082928658	-0.026021922007203102
ENSMUSG00000024803	0.015783606097102165	0.08566548675298691	-0.435930073261261	-0.02920711599290371	-0.06938497722148895	-0.20892375707626343	0.14538879692554474	0.020259521901607513
ENSMUSG00000022155	-0.00869475957006216	0.0898425355553627	-0.14952923357486725	-0.013279459439218044	-0.4398540258407593	-0.14650565385818481	-0.054513946175575256	0.0005330699495971203
ENSMUSG00000017670	-0.05706772208213806	0.043396495282649994	0.743096113204956	-0.04073788598179817	-0.02198582887649536	0.1578286737203598	0.1048509031534195	0.07918179780244827
ENSMUSG00000050288	0.7443792819976807	-0.09694772958755493	-1.866871953010559	-0.4639952778816223	2.0390279293060303	0.06374731659889221	0.3740987777709961	-0.10408937186002731
ENSMUSG00000114864	0.007663511671125889	0.11411955207586288	-0.10262838006019592	0.00784213189035654	-0.4066234529018402	-0.15124553442001343	-0.07509971410036087	-0.0347963348031044
ENSMUSG00000041577	-0.030823376029729843	0.0809798464179039	-0.14166471362113953	-0.048339299857616425	0.03049788437783718	-0.20768146216869354	0.1553274244070053	-0.01932021975517273
ENSMUSG00000049323	-0.02005634270608425	0.05957450345158577	1.3678958415985107	0.1814277619123459	0.03694761544466019	0.19140265882015228	-0.006814522668719292	0.004215792287141085
ENSMUSG00000111733	-0.09150613099336624	0.15729662775993347	-0.049231287091970444	0.07245639711618423	-0.4823649525642395	-0.12911449372768402	-0.07706281542778015	-0.08959224820137024
ENSMUSG00000095366	0.019760048016905785	0.11613479256629944	0.13885004818439484	-0.01166381873190403	-0.21346557140350342	-0.02674604207277298	-0.0834164172410965	-0.02700906991958618
ENSMUSG00000055109	-0.21189060807228088	0.16870109736919403	0.39605507254600525	-0.22213320434093475	-1.0786221027374268	-0.20863452553749084	0.03908915817737579	0.21213583648204803
ENSMUSG00000039830	0.6758652329444885	-0.21241405606269836	-2.5134801864624023	-0.7406713366508484	2.9548895359039307	-0.2810133993625641	0.2979537844657898	-0.0814971998333931
ENSMUSG00000040687	-0.09509331732988358	0.09710762649774551	0.014366429299116135	-0.004994151182472706	-0.04151280224323273	0.2063770741224289	0.08158781379461288	0.06281431019306183
ENSMUSG00000074805	-0.045429881662130356	0.10090760886669159	-0.18038006126880646	-0.03488852083683014	-0.39564722776412964	-0.17141258716583252	0.031041612848639488	-0.01585761457681656
ENSMUSG00000028989	0.00752370897680521	0.08493304997682571	1.0326781272888184	0.17436915636062622	-0.22679485380649567	-0.007285674102604389	0.029374442994594574	0.013596061617136002
ENSMUSG00000089871	-0.07147643715143204	0.0902104303240776	-0.35356947779655457	-0.02927345782518387	-0.07070338726043701	0.016967924311757088	0.029278475791215897	0.0040303380228579044
ENSMUSG00000100578	-0.4226527512073517	-0.01568189263343811	0.3603338897228241	0.12685149908065796	-1.046702265739441	-0.1863795667886734	-0.4473034739494324	-0.19511204957962036
ENSMUSG00000006717	-0.06730978190898895	0.04118333384394646	0.382324755191803	-0.029058411717414856	0.1056869626045227	0.25241202116012573	0.07427038997411728	0.03194436803460121
ENSMUSG00000094623	-0.32244837284088135	0.015932761132717133	0.4307475984096527	0.08341846615076065	-1.1366289854049683	-0.16631053388118744	-0.47317466139793396	-0.2271425426006317
ENSMUSG00000108025	-0.0392942912876606	0.09333536773920059	-0.06507871299982071	-0.013517950661480427	-0.426218718290329	-0.038846589624881744	-0.12793901562690735	-0.022837644442915916
ENSMUSG00000043953	0.028417102992534637	0.0374688021838665	-0.7615470290184021	-0.06370407342910767	0.5366315245628357	-0.095784492790699	0.3396025002002716	0.016635552048683167
ENSMUSG00000068373	-0.154327854514122	0.030763866379857063	-0.15521374344825745	-0.35657578706741333	0.05304769426584244	0.05961998924612999	0.1267545223236084	0.04758386313915253
ENSMUSG00000027938	-0.09963138401508331	0.04677392169833183	0.01766042411327362	-0.07101644575595856	0.3973549008369446	0.15086877346038818	0.18218733370304108	0.013668013736605644
ENSMUSG00000036062	0.23858286440372467	-0.28181928396224976	-0.7887365221977234	-0.245346799492836	0.48732584714889526	0.3480023145675659	0.14449521899223328	-0.07335072010755539
ENSMUSG00000111962	0.005360147450119257	0.1632099598646164	-0.23346538841724396	0.027859877794981003	-0.25916439294815063	-0.09448796510696411	-0.02742653526365757	-0.04647781699895859
ENSMUSG00000072672	-0.009495774284005165	0.07210902124643326	0.9287790656089783	0.029511692002415657	-0.9924697279930115	0.03848417103290558	-0.20975172519683838	-0.016024569049477577
ENSMUSG00000071042	0.00480831041932106	0.10558642446994781	-0.026588957756757736	-0.05961421877145767	-0.2612702250480652	-0.11136738955974579	-0.05599481239914894	-0.06806430220603943
ENSMUSG00000106136	-0.0019883031491190195	0.07248923927545547	-0.5751734972000122	-0.06047943979501724	0.046013928949832916	-0.18826307356357574	0.1974181979894638	0.021168818697333336
ENSMUSG00000102459	-0.02950194850564003	0.0876060277223587	-0.2143700271844864	-0.0020828391425311565	-0.3074965476989746	-0.1931464970111847	0.08640007674694061	0.02860758826136589
ENSMUSG00000020801	-0.10454842448234558	0.06049034744501114	0.8521090149879456	0.01623782329261303	0.2417319118976593	0.19973959028720856	0.07294730097055435	0.031074965372681618
ENSMUSG00000036814	-0.1267392486333847	-0.04749403893947601	-0.46258440613746643	-0.24554526805877686	0.012600207701325417	0.18424148857593536	0.12425999343395233	-0.006957219447940588
ENSMUSG00000091730	-0.02463393472135067	0.11888046562671661	0.26231881976127625	-0.04071684181690216	-0.3544694781303406	-0.07943861186504364	-0.010286408476531506	-0.07490424811840057
ENSMUSG00000038304	-0.04191870987415314	0.06406980007886887	0.14259116351604462	-0.057205695658922195	0.015902992337942123	-0.05358708277344704	0.06399259716272354	-0.043118175119161606
ENSMUSG00000020577	-0.12919580936431885	0.05404194816946983	0.09098101407289505	-0.05296124517917633	-0.18150751292705536	0.20231886208057404	0.030707543715834618	0.14994873106479645
ENSMUSG00000029427	0.02797587215900421	0.07244227081537247	1.0894092321395874	0.05119343101978302	0.0061378986574709415	0.17794787883758545	0.016885114833712578	0.02840511128306389
ENSMUSG00000068606	-0.039318375289440155	0.09779731929302216	-0.18488439917564392	-0.013634040020406246	-0.25866857171058655	-0.154353529214859	-0.030131004750728607	-0.026785006746649742
ENSMUSG00000074165	0.07790015637874603	0.08042992651462555	0.7073414325714111	0.1687396615743637	-0.22704154253005981	0.1790427267551422	-0.11899532377719879	-0.0046423315070569515
ENSMUSG00000037780	0.0204449649900198	0.14089961349964142	-0.048984985798597336	0.03801770508289337	-0.4957951605319977	-0.16074112057685852	-0.05291314050555229	-0.04820721223950386
ENSMUSG00000117958	0.028868339955806732	0.07466495037078857	0.2931022644042969	0.1551753431558609	-0.03768555447459221	-0.07480385899543762	0.06894029676914215	-0.025501765310764313
ENSMUSG00000038888	0.04451773315668106	0.02867666259407997	-0.8286954760551453	-0.0273238867521286	0.7376893758773804	0.17999249696731567	0.45010510087013245	0.02813848666846752
ENSMUSG00000112784	0.022377625107765198	0.06310077756643295	1.3808561563491821	0.2924887537956238	-0.12218055874109268	-0.03601578623056412	-0.04824342206120491	0.061785683035850525
ENSMUSG00000117465	0.10553071647882462	0.07673101127147675	-0.7318280935287476	-0.02179945446550846	0.9622001647949219	0.28076472878456116	0.35249385237693787	0.1298483908176422
ENSMUSG00000039067	0.02469802089035511	0.08321762084960938	1.4749406576156616	0.1277124434709549	0.191334530711174	0.11379116028547287	0.03450864925980568	0.023338735103607178
ENSMUSG00000118006	-0.05591267719864845	0.09611232578754425	-0.17732349038124084	-0.021208370104432106	-0.29285040497779846	-0.13419319689273834	-0.07860971987247467	-0.036534372717142105
ENSMUSG00000091652	-0.021538274362683296	0.07621829211711884	-0.07453695684671402	-0.0484473817050457	-0.19437266886234283	-0.09369517117738724	-0.08508086204528809	-0.06917877495288849
ENSMUSG00000020773	0.1444285362958908	-0.012341540306806564	-0.9288346767425537	-0.10731449723243713	1.4923465251922607	0.10887646675109863	0.274616539478302	0.02804490551352501
ENSMUSG00000028803	-0.07896696031093597	0.04849424958229065	0.7098209261894226	0.03500603139400482	-0.04767407849431038	0.20782478153705597	0.03276355192065239	0.034734636545181274
ENSMUSG00000049076	-0.10463730990886688	0.049503475427627563	0.4509980082511902	-0.05631400644779205	-0.03942357003688812	0.22933945059776306	0.06356866657733917	0.13515418767929077
ENSMUSG00000014959	-0.07282991707324982	0.05196748673915863	0.6126322746276855	-0.05839448422193527	0.04202299192547798	0.22156620025634766	0.07637644559144974	0.1114451140165329
ENSMUSG00000077450	0.05979905277490616	0.08485443145036697	0.857949435710907	0.271022230386734	-0.12489195168018341	0.1556808054447174	-0.11483721435070038	-0.012863682582974434
ENSMUSG00000019715	0.0014407705748453736	0.04319668188691139	1.4067410230636597	-0.0031109838746488094	-0.28075090050697327	0.12415914237499237	-0.08076462149620056	0.02079378440976143
ENSMUSG00000058761	-0.07783536612987518	0.07020159810781479	0.42944812774658203	0.013891334645450115	0.04806810989975929	0.1979600340127945	0.03960869461297989	0.027171431109309196
ENSMUSG00000104277	0.032205089926719666	0.1152203381061554	0.38312652707099915	0.4659457802772522	-0.06587326526641846	-0.1922018676996231	-0.07726054638624191	0.024907821789383888
ENSMUSG00000115122	-0.11214116215705872	0.0678492859005928	-0.09983569383621216	-0.034573689103126526	-0.47957777976989746	0.039189763367176056	-0.13089260458946228	-0.008482791483402252
ENSMUSG00000041809	-0.07219397276639938	0.053614918142557144	-0.15587453544139862	-0.02631443738937378	-0.25736144185066223	0.06856360286474228	0.0165764931589365	0.026987938210368156
ENSMUSG00000042548	0.10628627985715866	0.08329405635595322	1.0881527662277222	0.2537340819835663	0.015552477911114693	0.17490597069263458	-0.06702008843421936	0.011773467995226383
ENSMUSG00000086810	-0.0008713108254596591	0.06723426282405853	0.4296128749847412	0.14936162531375885	0.3573361933231354	0.02311588078737259	0.1578853279352188	-0.013358267955482006
ENSMUSG00000111646	-0.014433814212679863	0.0963626578450203	-0.16073763370513916	-0.04329533874988556	-0.3123457133769989	-0.056600429117679596	-0.013954267837107182	-0.052446044981479645
ENSMUSG00000025733	0.068396657705307	0.07557912170886993	1.160791277885437	0.010114815086126328	0.12068529427051544	0.1085808053612709	0.1307046115398407	0.004292794968932867
ENSMUSG00000106525	-0.01808265410363674	0.0925828069448471	0.04961511120200157	-0.04506739228963852	-0.25474414229393005	-0.15724432468414307	-0.056267909705638885	-0.025464536622166634
ENSMUSG00000117615	-0.061758674681186676	0.07098791003227234	0.4663250744342804	0.00619035167619586	-0.40085017681121826	-0.04818330332636833	-0.20523644983768463	-0.11216824501752853
ENSMUSG00000050390	-0.008724221959710121	0.050954669713974	-0.0641736090183258	0.11364970356225967	0.7870984077453613	0.040316179394721985	0.2694839537143707	-0.032442983239889145
ENSMUSG00000022543	-0.08014369010925293	0.059413742274045944	0.3298996090888977	-0.005948933307081461	-0.11667882651090622	0.1903955042362213	-0.01603475771844387	0.002287259791046381
ENSMUSG00000042073	0.11939134448766708	0.003322816686704755	-0.3590773046016693	-0.03902372717857361	0.4874376952648163	0.1756865531206131	0.31015413999557495	0.08980876207351685
ENSMUSG00000107961	-0.12313281744718552	0.043067559599876404	0.4109063446521759	-0.06495396792888641	0.1379823237657547	0.2654159963130951	0.06405970454216003	0.1121283620595932
ENSMUSG00000112323	-0.14094746112823486	0.0698440670967102	-0.12802723050117493	-0.1322268843650818	-0.6637526750564575	0.05739104375243187	-0.03549826517701149	0.07470320910215378
ENSMUSG00000086968	-0.11636951565742493	-0.03785627707839012	-0.31001660227775574	-0.06427782773971558	0.007161454763263464	0.19038842618465424	0.12930431962013245	0.09606840461492538
ENSMUSG00000112437	0.01795988157391548	0.08206026256084442	0.7458572387695312	-0.01905830204486847	0.04131726920604706	0.01287037506699562	-0.04766811802983284	-0.12407034635543823
ENSMUSG00000100707	0.6714545488357544	-0.23892496526241302	-1.2780804634094238	-0.34148451685905457	0.8402815461158752	0.1575956791639328	0.1235029473900795	-0.07715992629528046
ENSMUSG00000022074	-0.04675856605172157	0.0635286271572113	1.0634100437164307	-0.03823927789926529	0.019817089661955833	0.15879449248313904	0.05740562826395035	0.029002320021390915
ENSMUSG00000118217	-0.03711620718240738	0.08480535447597504	0.4145873785018921	0.04720979556441307	0.23831723630428314	-0.02788526937365532	0.04439340531826019	-0.031585123389959335
ENSMUSG00000085949	0.05948498845100403	0.06312944740056992	0.06853547692298889	-0.0720020979642868	0.21847021579742432	-0.04178929328918457	0.07483036071062088	0.010356842540204525
ENSMUSG00000027849	-0.08307866752147675	-0.1624951958656311	-0.3253631293773651	-0.2626056373119354	0.41021528840065	0.18297408521175385	0.08584542572498322	-0.015218117274343967
ENSMUSG00000025157	-0.01960836723446846	0.05702345445752144	1.0681416988372803	0.013938366435468197	-0.14607806503772736	0.17891786992549896	0.01147440355271101	0.02845650166273117
ENSMUSG00000053825	-0.13569186627864838	0.028397008776664734	-0.315951943397522	-0.24302920699119568	-0.2847302556037903	0.12077552080154419	0.03367476165294647	0.11299419403076172
ENSMUSG00000106786	-0.24096688628196716	0.055721163749694824	0.05082443729043007	-0.01960931532084942	-0.28060591220855713	-0.08489122986793518	-0.1585308164358139	-0.13220873475074768
ENSMUSG00000078653	-0.12297964096069336	0.027451906353235245	0.34572264552116394	-0.0867585688829422	0.2848026752471924	0.2751878798007965	0.13161700963974	0.08636727929115295
ENSMUSG00000097726	-0.1580643206834793	0.007409326266497374	-0.28285908699035645	-0.2625392973423004	0.4920940101146698	-0.20946046710014343	0.09749101847410202	0.08568739891052246
ENSMUSG00000026773	-0.09437447786331177	-0.07563786208629608	-0.046189986169338226	-0.22685043513774872	0.5641436576843262	0.12358365952968597	0.11854927241802216	0.0362691767513752
ENSMUSG00000003528	0.08383619040250778	-0.0004159058735240251	0.09851142019033432	-0.04201182350516319	0.6080257296562195	0.3670039474964142	0.2307577133178711	0.09322487562894821
ENSMUSG00000104605	-0.07438655197620392	-0.05638248845934868	-0.6290874481201172	-0.10655064880847931	0.5394293069839478	0.12594491243362427	0.13924816250801086	0.06700118631124496
ENSMUSG00000092425	0.013569014146924019	0.11566922068595886	0.1033298671245575	-0.030893243849277496	-0.6586855053901672	-0.10692885518074036	-0.03172742575407028	-0.06869590282440186
ENSMUSG00000113136	0.16231748461723328	0.06303326785564423	-0.9460923671722412	-0.00317594176158309	0.9064341187477112	-0.1205911636352539	0.2820063829421997	-0.028665635734796524
ENSMUSG00000026830	-0.004679471720010042	0.11109906435012817	-0.18183256685733795	-0.02761790342628956	-0.3660182058811188	-0.13618327677249908	-0.04081914573907852	-0.018901072442531586
ENSMUSG00000092204	-0.26120319962501526	-0.004058511462062597	0.21667277812957764	-0.05223720520734787	-0.3344176411628723	0.058661941438913345	-0.2306521236896515	-0.1423405110836029
ENSMUSG00000043692	-0.034268561750650406	0.09457674622535706	-0.17430715262889862	-0.01733405888080597	-0.36857205629348755	-0.1288890689611435	-0.1159946620464325	-0.0246077012270689
ENSMUSG00000070304	-0.014791537076234818	0.0646694079041481	-0.02308359369635582	-0.00868142768740654	0.3571416437625885	-0.1595819890499115	0.1990942507982254	-0.02150704152882099
ENSMUSG00000022614	-0.07284372299909592	0.06465480476617813	0.9391942024230957	0.060083385556936264	0.4417688250541687	0.13868407905101776	0.14230041205883026	-0.00455085514113307
ENSMUSG00000046532	-0.09107900410890579	0.11085967719554901	0.2224506437778473	-0.193209707736969	-0.6009632349014282	0.04553195834159851	0.05134258419275284	0.1873801201581955
ENSMUSG00000021086	-0.036749862134456635	0.07017073035240173	-0.1979229599237442	0.004704140592366457	-0.1660536229610443	-0.1430724859237671	0.03856293857097626	0.01829552836716175
ENSMUSG00000053470	0.1096624881029129	0.10129408538341522	1.6106981039047241	0.10978835821151733	0.08495071530342102	0.11950253695249557	-0.011025507003068924	0.03287017345428467
ENSMUSG00000030364	-0.022367559373378754	0.08185423165559769	0.20296919345855713	-0.067770816385746	-0.1133079081773758	0.009915771894156933	-0.10712174326181412	-0.11729835718870163
ENSMUSG00000078314	0.00437738373875618	0.1487080454826355	0.7809639573097229	0.23365850746631622	-0.8027480244636536	-0.3041224181652069	-0.33955028653144836	-0.13207358121871948
ENSMUSG00000022711	-0.04456881433725357	0.060282282531261444	1.0924712419509888	0.1524801254272461	-0.13058868050575256	0.14852994680404663	-0.002370463451370597	0.002330687129870057
ENSMUSG00000103506	0.09598829597234726	0.10683581233024597	1.32863187789917	0.10963930189609528	-0.3363730311393738	-0.06509548425674438	0.09388180077075958	0.02471730299293995
ENSMUSG00000005102	-0.08438417315483093	0.07027100771665573	0.5280057787895203	-0.05511962249875069	-0.14348775148391724	0.15596166253089905	0.039171427488327026	0.09070870280265808
ENSMUSG00000032290	-0.168472021818161	0.09773832559585571	0.22636401653289795	-0.19269594550132751	0.03344224765896797	0.07821258902549744	0.12656162679195404	0.14150451123714447
ENSMUSG00000012443	0.11146125942468643	0.07676316052675247	1.3683868646621704	0.005079558119177818	0.00246956804767251	0.14114759862422943	-0.005991591606289148	0.0346822552382946
ENSMUSG00000035585	-0.14082106947898865	0.002355121308937669	0.2732890844345093	-0.05277577042579651	0.7651870846748352	0.27816033363342285	0.15716925263404846	0.1243603304028511
ENSMUSG00000097053	-0.07646884024143219	0.022288523614406586	-0.18466100096702576	-0.044705018401145935	-0.08377954363822937	0.1565021425485611	0.009029471315443516	-0.0026389083359390497
ENSMUSG00000114830	-0.097023144364357	0.07898319512605667	0.10014674812555313	-0.05824882537126541	0.46071964502334595	0.24377645552158356	0.08473090827465057	0.14268428087234497
ENSMUSG00000039891	-0.0040758834220469	0.11574874073266983	-0.16179199516773224	0.028294561430811882	-0.06042000278830528	-0.012898718938231468	-0.009043228812515736	-0.040683161467313766
ENSMUSG00000053600	-0.0612090602517128	0.05810299515724182	0.5623352527618408	-0.057866621762514114	0.10883370041847229	0.21520891785621643	0.06930897384881973	0.09567403793334961
ENSMUSG00000001082	-0.1224188432097435	0.05754140391945839	1.2774165868759155	0.1470254510641098	0.5131452679634094	0.21241526305675507	0.1245618611574173	-0.009808052331209183
ENSMUSG00000037916	-0.009914188645780087	0.05093438923358917	1.5229765176773071	-0.014082138426601887	-0.176064133644104	0.11340009421110153	0.011898311786353588	0.027353625744581223
ENSMUSG00000087360	-0.06353104114532471	0.12693166732788086	0.09517630934715271	0.05895889177918434	-0.6718524098396301	-0.20296558737754822	-0.18554610013961792	-0.07708105444908142
ENSMUSG00000098008	0.01424111146479845	0.1034473106265068	0.2996464967727661	-0.055641040205955505	-0.0791005864739418	-0.1321510225534439	-0.1374991089105606	-0.1239752545952797
ENSMUSG00000107070	-0.12204111367464066	0.08654799312353134	-0.16242830455303192	0.021207988262176514	-0.2515970766544342	-0.12809452414512634	-0.11450337618589401	-0.060487281531095505
ENSMUSG00000032099	-0.04274766519665718	0.1068706214427948	-0.1972978264093399	-0.013921517878770828	-0.38191211223602295	-0.153090700507164	-0.03938208147883415	-0.019492151215672493
ENSMUSG00000073769	-0.012996677309274673	0.1193503737449646	-0.22663997113704681	-0.04006157070398331	-0.1236044242978096	-0.04206960275769234	-0.043696675449609756	-0.04847081005573273
ENSMUSG00000021390	-0.015086118131875992	0.10656697303056717	0.47763416171073914	0.12166652828454971	-0.13468022644519806	0.07432815432548523	-0.13900943100452423	-0.09470080584287643
ENSMUSG00000103424	0.0075648571364581585	0.13535037636756897	0.2054145634174347	-0.04440191388130188	-0.599440336227417	-0.045791495591402054	-0.050467438995838165	-0.10503067076206207
ENSMUSG00000044248	-0.01685382053256035	0.10980045050382614	-0.11926881968975067	-0.012187940999865532	-0.32730528712272644	-0.11903408914804459	-0.08604127168655396	-0.05802721157670021
ENSMUSG00000100832	-0.052970461547374725	0.09011388570070267	-0.04659060016274452	-0.04761628806591034	-0.4136808514595032	-0.06497342884540558	-0.11515522003173828	-0.09224363416433334
ENSMUSG00000026034	0.13610680401325226	0.058498773723840714	2.082672357559204	0.19837211072444916	0.24958866834640503	0.19941259920597076	-0.020051555708050728	0.038857992738485336
ENSMUSG00000084873	-0.09091868251562119	0.06914489716291428	-0.1998438984155655	-0.05964772403240204	-0.4435359239578247	0.027587926015257835	-0.06138744205236435	0.07538773119449615
ENSMUSG00000022596	0.11161275207996368	0.07044070959091187	0.4825926125049591	-0.034633513540029526	0.0866764560341835	-0.09658374637365341	0.11437385529279709	-0.028155729174613953
ENSMUSG00000060739	0.015687722712755203	0.06954196840524673	0.9799526333808899	0.1696227490901947	0.2178017497062683	0.13087794184684753	-0.031557876616716385	-0.02071347087621689
ENSMUSG00000094205	-0.02998960204422474	0.09341464191675186	0.08976000547409058	0.009338680654764175	-0.6705434322357178	-0.11927171051502228	-0.19593007862567902	-0.08695854991674423
ENSMUSG00000113530	-0.057683587074279785	0.08343584835529327	0.10794024169445038	-0.0512143038213253	-0.678774893283844	-0.06395219266414642	-0.06682529300451279	-0.09986273944377899
ENSMUSG00000097413	0.045297786593437195	-0.19807647168636322	-0.769864559173584	-0.1558302789926529	0.7400205135345459	0.07138907164335251	0.086615189909935	0.0007103073876351118
ENSMUSG00000104786	0.2114097774028778	-0.19231095910072327	-1.0310038328170776	-0.14966411888599396	1.159642219543457	-0.43079864978790283	0.007549085654318333	-0.012744426727294922
ENSMUSG00000039197	-0.0687248483300209	0.05555567145347595	0.055258989334106445	0.03575818985700607	-0.0709056630730629	0.22268562018871307	-0.021927714347839355	0.05521298944950104
ENSMUSG00000107068	-0.0734674409031868	0.033988066017627716	0.7775388956069946	-0.08237682282924652	0.42610859870910645	0.07306618988513947	0.13437971472740173	0.019536733627319336
ENSMUSG00000028571	0.0006137369782663882	0.08203020691871643	0.19164009392261505	-0.03199796378612518	-0.2758074998855591	0.06613531708717346	-0.1059202179312706	0.04997804015874863
ENSMUSG00000117485	0.011167109943926334	0.05806426703929901	-0.050934575498104095	-0.007367354817688465	-0.04659193009138107	-0.10095652937889099	0.09848193824291229	0.042042266577482224
ENSMUSG00000040268	-0.09749805182218552	0.05220026895403862	0.6304380893707275	-0.07001130282878876	0.0254182331264019	0.219602569937706	0.09366019070148468	0.11182055622339249
ENSMUSG00000016933	-0.10265150666236877	0.07294303178787231	0.7708103060722351	-0.04976291209459305	-0.14450468122959137	0.16740812361240387	0.07061021029949188	0.1107216477394104
ENSMUSG00000028910	-0.05970221385359764	0.08867397159337997	1.0787217617034912	-0.04647262394428253	-0.2070610225200653	0.09221705794334412	0.06130320578813553	0.07291215658187866
ENSMUSG00000091779	-0.029542308300733566	0.0917147845029831	-0.21697241067886353	-0.05331914871931076	-0.04005730524659157	-0.05261407792568207	-0.060345638543367386	-0.04652605950832367
ENSMUSG00000046879	-0.09910136461257935	0.0037153256125748158	-0.23882049322128296	-0.014766819775104523	-0.18422016501426697	0.03621942922472954	0.09980925917625427	0.06555403023958206
ENSMUSG00000087112	-0.09941727668046951	0.10299062728881836	-0.16867271065711975	-0.01034577377140522	-0.3257307708263397	-0.07022366672754288	-0.10444430261850357	-0.0668826773762703
ENSMUSG00000092515	-0.06709156185388565	0.07600615918636322	-0.2530294358730316	-0.0044039045460522175	-0.4702422022819519	-0.1402217149734497	0.04439360648393631	0.023700958117842674
ENSMUSG00000073247	-0.45611321926116943	0.0655132383108139	0.33500197529792786	0.2632093131542206	-0.9101383686065674	-0.29788684844970703	-0.34667789936065674	-0.1414152830839157
ENSMUSG00000085402	-0.11765989661216736	0.016522198915481567	0.03480501472949982	-0.053050268441438675	-0.17730635404586792	0.03497111052274704	0.079023577272892	0.0941336527466774
ENSMUSG00000032582	0.08378538489341736	0.06912273913621902	0.9513718485832214	-0.029024638235569	-0.07073566317558289	0.210713192820549	-0.0025572136510163546	0.0653848871588707
ENSMUSG00000112383	-0.00973211694508791	0.10158619284629822	-0.19221021234989166	-0.012080774642527103	-0.47917240858078003	-0.1039210855960846	0.054631754755973816	-0.008229619823396206
ENSMUSG00000111554	-0.01282154954969883	0.09077275544404984	-0.19432884454727173	-0.019523978233337402	-0.2929847836494446	-0.14974205195903778	-0.09667199850082397	-0.013048670254647732
ENSMUSG00000095466	0.001213537878356874	0.08999263495206833	0.0584765300154686	-0.05499865859746933	-0.27116858959198	-0.10777550935745239	-0.1596333235502243	-0.09673526883125305
ENSMUSG00000038122	0.016136912629008293	0.06655827909708023	0.21042709052562714	0.062101416289806366	-0.2786582112312317	0.23526974022388458	-0.08382415026426315	-0.012110301293432713
ENSMUSG00000022770	-0.0022329504135996103	0.06664172559976578	0.626560389995575	-0.052102457731962204	-0.011775604449212551	0.22682882845401764	0.04297669976949692	0.11837588995695114
ENSMUSG00000054951	0.00894347857683897	-0.11636805534362793	-0.6511456966400146	-0.15536685287952423	0.35090118646621704	0.2708020806312561	0.18352803587913513	0.036879368126392365
ENSMUSG00000030486	-0.03197946771979332	0.0750097781419754	0.364497572183609	0.010027101263403893	-0.2224428802728653	0.06853042542934418	0.001049474929459393	-0.021411966532468796
ENSMUSG00000003812	-0.011884491890668869	-0.016185136511921883	-0.14108741283416748	-0.06492733955383301	1.0734516382217407	0.2926662564277649	0.25489532947540283	0.04400830715894699
ENSMUSG00000115231	-0.0023237222339957952	0.11930140852928162	-0.13530443608760834	0.06421735882759094	-0.3606043756008148	-0.08707746863365173	-0.10305148363113403	-0.035625096410512924
ENSMUSG00000048677	-0.027648260816931725	0.06506092846393585	0.4536304175853729	0.23721665143966675	-0.14940276741981506	-0.003556125098839402	0.008266495540738106	-0.013411518186330795
ENSMUSG00000117815	-0.04537408798933029	0.09235256910324097	-0.111028291285038	-0.06597722321748734	0.001593227032572031	-0.08220680058002472	0.042598702013492584	-0.036217786371707916
ENSMUSG00000044308	0.11623191088438034	0.06749086081981659	0.9651927947998047	0.050817351788282394	-0.09835008531808853	0.18109101057052612	-0.10433609783649445	0.04933750256896019
ENSMUSG00000035885	0.07159563899040222	0.09713690727949142	1.4820491075515747	0.15675236284732819	0.6392849087715149	0.14542077481746674	0.06809642165899277	0.02846638485789299
ENSMUSG00000097047	-0.001846414990723133	0.11317608505487442	0.08258820325136185	0.24241800606250763	-0.15121625363826752	0.18642495572566986	-0.07245656102895737	-0.001020653871819377
ENSMUSG00000113117	-0.16184459626674652	0.0513669028878212	-0.22446365654468536	-0.050744328647851944	0.014004590921103954	0.0044896299950778484	-0.08674666285514832	-0.07503966987133026
ENSMUSG00000025534	-0.11900599300861359	-0.0025290893390774727	0.15549488365650177	-0.04973122477531433	0.35288184881210327	0.2736167013645172	0.1809798628091812	0.12451362609863281
ENSMUSG00000027284	-0.019661761820316315	0.06772392988204956	0.5363298058509827	-0.0397287979722023	0.0063316659070551395	0.1973533183336258	0.04428534954786301	0.13430652022361755
ENSMUSG00000020709	-0.15185576677322388	-0.013036811724305153	0.29978111386299133	-0.15665148198604584	0.07073094695806503	0.2690761089324951	0.1477617770433426	0.09567668288946152
ENSMUSG00000104981	-0.031991105526685715	0.0875096395611763	-0.2431430071592331	-0.04331628978252411	-0.15230998396873474	-0.04561905935406685	0.009592514485120773	-0.045284029096364975
ENSMUSG00000025915	-0.10738471895456314	-0.05658198520541191	-0.506999135017395	-0.20262689888477325	0.2861246168613434	0.07982689887285233	0.12697143852710724	0.030597208067774773
ENSMUSG00000028807	-0.1385936290025711	0.02705591917037964	0.615166425704956	-0.06312531232833862	0.3982096016407013	0.26982834935188293	0.1656820923089981	0.08493958413600922
ENSMUSG00000078198	-0.15115368366241455	0.08308964967727661	-0.10863964259624481	-0.01905655860900879	-0.2871668338775635	-0.11852414906024933	-0.06462342292070389	-0.08712761104106903
ENSMUSG00000094918	-0.0017432041931897402	0.11655581742525101	0.0053989519365131855	0.010712776333093643	-0.4521007835865021	-0.0562417209148407	-0.13863013684749603	-0.06288759410381317
ENSMUSG00000045392	-0.06286463886499405	0.08612166345119476	-0.2669258713722229	-0.008007052354514599	-0.20826201140880585	-0.017506206408143044	-0.07876253128051758	0.00403616763651371
ENSMUSG00000028617	0.02415458858013153	0.06214451417326927	0.8576851487159729	0.042230620980262756	0.03229526802897453	0.2006167769432068	-0.04290609806776047	0.04057328402996063
ENSMUSG00000019996	-0.13497647643089294	0.06664455682039261	0.634552001953125	-0.0841025710105896	0.020362699404358864	0.2057444006204605	0.11319943517446518	0.12415078282356262
ENSMUSG00000105983	-0.11070384085178375	0.09219149500131607	-0.30244046449661255	-0.006294433958828449	-0.24724918603897095	-0.11706121265888214	-0.07815384119749069	-0.011452791281044483
ENSMUSG00000074115	0.0036642388440668583	0.10163912177085876	-0.10531583428382874	0.05425550788640976	0.3190975487232208	-0.2214329093694687	0.13142439723014832	-0.023668969050049782
ENSMUSG00000050747	-0.0544842928647995	-0.023920705541968346	-0.4078578054904938	0.016594145447015762	-0.010273300111293793	-0.03046896681189537	0.12484867125749588	0.03380599245429039
ENSMUSG00000099364	-0.02389415353536606	0.13614486157894135	-0.020656723529100418	0.10934953391551971	0.19747091829776764	-0.1428104043006897	0.045996904373168945	-0.026877516880631447
ENSMUSG00000074731	0.08492220193147659	0.07646313309669495	0.9771381616592407	0.16362974047660828	0.02481001615524292	0.13265560567378998	-0.08548004180192947	0.012978499755263329
ENSMUSG00000037426	0.03916743025183678	0.06648761034011841	1.0949170589447021	-0.03844570741057396	-0.23569433391094208	0.15956208109855652	-0.06047596409916878	0.020844345912337303
ENSMUSG00000041674	-0.11497431993484497	0.04536335915327072	-0.21501663327217102	-0.3417736291885376	0.022965168580412865	-0.003432072466239333	0.12162194401025772	0.04410553351044655
ENSMUSG00000062074	-0.04673880711197853	0.0732479840517044	0.3151790499687195	-0.0627683624625206	-0.08524332195520401	0.03661179170012474	0.014396388083696365	0.023555150255560875
ENSMUSG00000029330	-0.11467795073986053	-0.04164997115731239	-0.02692454122006893	-0.1698346585035324	0.1857011467218399	0.2336585372686386	0.14460204541683197	0.09234173595905304
ENSMUSG00000102520	-0.01541800145059824	-0.13550296425819397	0.4023580849170685	0.04458727315068245	-1.6146931648254395	0.08998192846775055	-0.7933908700942993	-0.15663570165634155
ENSMUSG00000034906	-0.013751978054642677	0.0667758584022522	1.3020328283309937	-0.005577221978455782	-0.056860994547605515	0.13291266560554504	0.005029567051678896	0.021067176014184952
ENSMUSG00000048398	-0.03973865509033203	0.10693570971488953	-0.21724092960357666	-0.013330476358532906	-0.46631336212158203	-0.12221583724021912	-0.04990290477871895	-0.0033820737153291702
ENSMUSG00000086806	0.013443349860608578	0.083377905189991	0.6552293300628662	0.3808180093765259	0.4122036397457123	-0.05649438872933388	-0.011317914351820946	0.03339438512921333
ENSMUSG00000083331	-0.011514591984450817	0.12462897598743439	-0.16196973621845245	-0.023679791018366814	-0.23760290443897247	-0.03427118808031082	-0.0651472955942154	-0.05249180644750595
ENSMUSG00000034164	-0.13376224040985107	-0.06368555873632431	0.27972277998924255	-0.18068808317184448	-0.0424262173473835	0.32795727252960205	0.1208738163113594	0.0755845457315445
ENSMUSG00000102852	-0.04556235298514366	0.08055207878351212	-0.3004731833934784	-0.006931958254426718	-0.11245546489953995	-0.10293174535036087	0.012982934713363647	0.010159933939576149
ENSMUSG00000050538	-0.022147204726934433	0.08535736799240112	0.6888055205345154	0.06605410575866699	0.02826784923672676	0.05274190008640289	-0.0004963937681168318	-0.030256805941462517
ENSMUSG00000046761	0.1097196415066719	0.0414535254240036	-0.713899552822113	0.11500589549541473	1.4587875604629517	0.036688342690467834	0.30935046076774597	-0.011270301416516304
ENSMUSG00000109382	-0.012657754123210907	0.1199609637260437	-0.16423584520816803	-0.021999964490532875	-0.3976723849773407	-0.11310765892267227	-0.05589786916971207	-0.03845600411295891
ENSMUSG00000015335	-0.05116790905594826	0.07345691323280334	1.3069367408752441	0.10198456794023514	0.4603489637374878	0.10988815128803253	0.12915796041488647	0.007823247462511063
ENSMUSG00000073413	-0.060133468359708786	0.005616477224975824	0.3540559411048889	0.046297360211610794	0.6276019811630249	0.062352538108825684	0.20196020603179932	-0.014340128749608994
ENSMUSG00000097650	-0.10822922736406326	0.04730270430445671	0.11409514397382736	-0.0628504678606987	0.9910178184509277	0.25464776158332825	0.2011706531047821	0.09365222603082657
ENSMUSG00000031592	0.14810459315776825	0.0753864049911499	1.0993813276290894	0.14725732803344727	-0.1505689024925232	0.1880643516778946	-0.1098959892988205	0.031219668686389923
ENSMUSG00000046856	0.0067078787833452225	0.05185471847653389	0.4517563581466675	0.08936218172311783	0.49450358748435974	0.07728438824415207	0.057963598519563675	0.001189708011224866
ENSMUSG00000106306	-0.03528434783220291	0.09238338470458984	-0.21875464916229248	-0.007652925793081522	-0.10293075442314148	-0.08764440566301346	0.014648158103227615	-0.02999109774827957
ENSMUSG00000022008	0.02826162800192833	0.07183775305747986	0.8146415948867798	-0.08353696018457413	0.015142538584768772	0.1885773241519928	0.01580839417874813	0.07560870796442032
ENSMUSG00000095300	-0.02082531526684761	0.08934859931468964	0.11690794676542282	-0.014512365683913231	-0.35187146067619324	-0.1772429645061493	-0.09148107469081879	-0.058307304978370667
ENSMUSG00000075463	-0.08600988239049911	0.07208126038312912	0.5378590226173401	-0.056318845599889755	-0.13687846064567566	0.19174861907958984	0.049888353794813156	0.13496027886867523
ENSMUSG00000108822	-0.020668618381023407	0.09905419498682022	0.04221406579017639	-0.001850549248047173	-0.23278717696666718	-0.1848386526107788	-0.044993806630373	-0.04057902842760086
ENSMUSG00000037681	-0.1455114185810089	-0.006018051411956549	0.3108830153942108	-0.20654509961605072	-0.0022906213998794556	0.24335765838623047	0.13246768712997437	0.09353195875883102
ENSMUSG00000022178	-0.04049580171704292	-0.151992529630661	0.739194393157959	-0.07172290980815887	1.1739330291748047	0.3394335210323334	0.08676890283823013	0.0480051152408123
ENSMUSG00000032458	0.15590041875839233	0.06965669989585876	1.3041836023330688	-0.03181372582912445	-0.37338635325431824	0.153460294008255	-0.06882224231958389	0.050357636064291
ENSMUSG00000085609	0.1775248497724533	-0.17178817093372345	-0.6343100666999817	-0.14752590656280518	0.7091572284698486	0.09446477890014648	0.09313511848449707	-0.0002782327646855265
ENSMUSG00000029512	-0.01868915930390358	0.07439065724611282	1.5586873292922974	-0.026165010407567024	0.2095167338848114	0.12980814278125763	0.06091338023543358	0.031752053648233414
ENSMUSG00000043036	-0.01856968365609646	0.09554753452539444	0.2613206207752228	0.1283988505601883	0.2554987967014313	-0.08051028847694397	0.11477416753768921	-0.01923518255352974
ENSMUSG00000054446	-0.05913020297884941	0.08129753917455673	-0.15732188522815704	-0.04857160896062851	-0.25662192702293396	-0.10525026172399521	0.01914101466536522	-0.03058031015098095
ENSMUSG00000072814	-0.09372316300868988	0.17159143090248108	0.6318784952163696	0.6738012433052063	-1.3043023347854614	-0.40814322233200073	-0.4845309555530548	-0.05373607203364372
ENSMUSG00000073510	-0.6134668588638306	-0.16702435910701752	1.412244439125061	0.49229395389556885	-1.9957181215286255	-0.2489502727985382	-0.5102465152740479	-0.21292231976985931
ENSMUSG00000102005	-0.3623713254928589	-0.06821387261152267	0.7813984155654907	0.13432399928569794	-1.0848736763000488	-0.2624403238296509	-0.6632320284843445	-0.1860072910785675
ENSMUSG00000106212	0.015499463304877281	0.11232242733240128	-0.02877710573375225	-0.01870640553534031	-0.5325271487236023	-0.1601378470659256	-0.006411476526409388	-0.03183137997984886
ENSMUSG00000091402	0.001744499895721674	0.10455325990915298	-0.3313184082508087	0.0008738303440622985	0.09846258163452148	-0.17818334698677063	0.025647833943367004	-0.014818067662417889
ENSMUSG00000091568	-0.0023115030489861965	0.09462571144104004	-0.33434730768203735	-0.032876402139663696	0.24196448922157288	-0.12411628663539886	0.13873650133609772	-0.031030133366584778
ENSMUSG00000024197	-0.03847832605242729	0.06745085120201111	0.8876722455024719	-0.04024748504161835	0.5196743607521057	-0.037125471979379654	0.10534551739692688	0.0060909204185009
ENSMUSG00000031872	0.018442697823047638	-0.1759975403547287	-0.6523032188415527	-0.2331102341413498	0.2575744390487671	0.1661105751991272	0.08768495917320251	-0.0807870477437973
ENSMUSG00000022419	-0.03184599056839943	0.06429081410169601	0.5837942361831665	-0.0386948436498642	-0.15067711472511292	0.1956007331609726	-0.03291351720690727	0.061997395008802414
ENSMUSG00000116892	-0.048243917524814606	0.09169994294643402	-0.2203308641910553	0.0017690476961433887	0.18776625394821167	-0.13338813185691833	0.09802735596895218	-0.006095559801906347
ENSMUSG00000024137	-0.09017655998468399	0.056361641734838486	0.8406118154525757	-0.05640735477209091	0.054903775453567505	0.20502033829689026	0.1125328540802002	0.09259150177240372
ENSMUSG00000054412	0.11440099775791168	-0.17122508585453033	0.05124969035387039	-0.16070395708084106	0.38591456413269043	0.33945873379707336	0.12388192117214203	0.036469973623752594
ENSMUSG00000022598	0.13396793603897095	0.08478289842605591	-0.23960672318935394	-0.010078972205519676	-0.3900695741176605	-0.19361945986747742	0.04954913258552551	0.005052924156188965
ENSMUSG00000024266	0.09310521185398102	-0.1064697653055191	-0.1919715851545334	-0.049796439707279205	0.8559237122535706	0.30426856875419617	0.20565851032733917	0.09812779724597931
ENSMUSG00000024777	0.056208375841379166	0.049644943326711655	0.5607449412345886	0.040259819477796555	0.028764139860868454	0.18137241899967194	0.10952730476856232	0.021212976425886154
ENSMUSG00000100180	-0.023078639060258865	0.09199967235326767	-0.08202500641345978	-0.027078179642558098	-0.3474856913089752	-0.13464480638504028	-0.0818086713552475	-0.03916570916771889
ENSMUSG00000032423	0.18736928701400757	0.09277492761611938	1.5791747570037842	0.1137538030743599	0.21219567954540253	0.244120255112648	-0.025249065831303596	0.05394021421670914
ENSMUSG00000045731	-0.07270166277885437	0.08270962536334991	-0.196120947599411	-0.024721406400203705	-0.1650066375732422	-0.03679964691400528	0.05576112121343613	0.01002941932529211
ENSMUSG00000066442	0.03397871553897858	0.1355036199092865	0.09630117565393448	0.3755256235599518	-0.3534995913505554	0.14395231008529663	-0.14665551483631134	-0.008680325001478195
ENSMUSG00000069670	-0.16951178014278412	0.0845341682434082	-0.26173484325408936	-0.17481151223182678	-0.3416469991207123	0.13799618184566498	0.006153241265565157	0.17453017830848694
ENSMUSG00000084298	-0.09322049468755722	0.1117553785443306	0.10301467776298523	0.05910416692495346	-0.4205785393714905	-0.07226981967687607	-0.22538335621356964	-0.1135467067360878
ENSMUSG00000024472	-0.014420028775930405	0.05049498379230499	1.1086939573287964	0.14726413786411285	-0.15470586717128754	0.21518801152706146	-0.017582809552550316	0.01716548763215542
ENSMUSG00000042453	-0.18751077353954315	0.11103928834199905	-0.29823312163352966	-0.3202632963657379	-0.15792140364646912	-0.12256624549627304	0.11850813031196594	0.07492068409919739
ENSMUSG00000025626	-0.009638216346502304	0.0869872197508812	1.1700810194015503	-0.05230800807476044	-0.9822414517402649	0.1282070279121399	-0.07493676990270615	0.08701575547456741
ENSMUSG00000108692	-0.016944140195846558	0.09855883568525314	-0.1736350655555725	-0.026815466582775116	-0.36100906133651733	-0.10400974005460739	-0.08353244513273239	-0.027874546125531197
ENSMUSG00000085761	-0.009631565771996975	0.07653307169675827	0.44518426060676575	-0.038309503346681595	0.031164713203907013	0.0359775573015213	0.029595214873552322	0.05009235441684723
ENSMUSG00000085051	-0.08621443063020706	0.045950423926115036	0.11374198645353317	-0.04070873185992241	-0.23540158569812775	0.2162850946187973	0.009181603789329529	0.06940333545207977
ENSMUSG00000042099	-0.1484602391719818	0.06732946634292603	0.5559835433959961	-0.07207081466913223	1.093752384185791	0.08901868760585785	0.16643185913562775	-0.005801807623356581
ENSMUSG00000025525	0.01944197341799736	0.020983289927244186	1.2727665901184082	0.1865391582250595	-1.0837231874465942	0.10361028462648392	-0.37179404497146606	-0.06729191541671753
ENSMUSG00000039637	-0.06635001301765442	0.06537264585494995	0.6823486089706421	-0.07470995932817459	-0.067959725856781	0.12114908546209335	0.05627710372209549	0.04154687374830246
ENSMUSG00000097424	0.0063849627040326595	0.04697270691394806	-0.07254160195589066	-0.041543807834386826	-0.10252810269594193	-0.07523991167545319	0.08574815094470978	-0.03006981685757637
ENSMUSG00000034789	-0.10812447220087051	-0.03151180222630501	0.2934051752090454	-0.0021121420431882143	0.2925695776939392	0.3317748010158539	0.1925106942653656	0.06341329216957092
ENSMUSG00000039623	-0.015036939643323421	0.06199188530445099	0.8604583144187927	0.020264524966478348	0.152622789144516	0.13850493729114532	0.07464449107646942	-0.006980142090469599
ENSMUSG00000034613	-0.12684117257595062	0.0669930949807167	-0.10927201062440872	-0.2164381742477417	0.27246400713920593	-0.08459928631782532	0.14093255996704102	0.11005295068025589
ENSMUSG00000006678	0.10276493430137634	0.045136354863643646	1.3307523727416992	0.37492579221725464	-0.9057652354240417	0.17636559903621674	-0.2792372405529022	-0.05623738840222359
ENSMUSG00000067144	-0.011859690770506859	-0.044767655432224274	-0.32206055521965027	-0.0592670738697052	0.7691452503204346	0.18116885423660278	0.2815767228603363	0.04757724702358246
ENSMUSG00000030236	-0.04558451473712921	0.08796391636133194	-0.2134186029434204	-0.025691404938697815	-0.15056228637695312	-0.07696478813886642	-0.058653559535741806	-0.055045973509550095
ENSMUSG00000087205	-0.12387064099311829	-0.008618037216365337	-0.48413726687431335	-0.01999167911708355	0.2806263864040375	0.3467956781387329	0.20005574822425842	0.11635217815637589
ENSMUSG00000109542	-0.0419146828353405	0.10807707905769348	-0.2782838046550751	-0.029401686042547226	-0.2275395393371582	-0.10098590701818466	0.007964149117469788	-0.024634741246700287
ENSMUSG00000031969	0.036004263907670975	0.06481191515922546	0.9557631015777588	-0.03967496007680893	-0.21795789897441864	0.1740812510251999	-0.06762134283781052	0.05446760728955269
ENSMUSG00000108464	-0.03382524475455284	0.12131159007549286	-0.17485250532627106	-0.011787155643105507	-0.36114048957824707	-0.10480768233537674	-0.10163082182407379	-0.04383404552936554
ENSMUSG00000057406	-0.1650274395942688	0.05362575128674507	-0.12705758213996887	-0.17697979509830475	0.15831239521503448	0.018770312890410423	0.1383073627948761	0.1134410947561264
ENSMUSG00000032612	-0.061646103858947754	0.06618137657642365	0.9024294018745422	-0.061027973890304565	-0.21768978238105774	0.16722849011421204	0.024530800059437752	0.06691654026508331
ENSMUSG00000106053	-0.09341569244861603	0.08996046334505081	-0.15673702955245972	-0.02959877997636795	-0.2489132434129715	-0.08216582983732224	-0.11197168380022049	-0.06716755777597427
ENSMUSG00000029055	0.032863374799489975	0.033765535801649094	-0.3664846420288086	-0.03316698223352432	0.27039819955825806	-0.07053231447935104	0.3007532060146332	-0.009617973119020462
ENSMUSG00000030114	-0.01712506264448166	0.08563262224197388	-0.17602641880512238	-0.031418461352586746	-0.10126876831054688	-0.08356615155935287	0.015650656074285507	-0.011397862806916237
ENSMUSG00000118254	0.014847677201032639	0.10881051421165466	0.13473784923553467	-0.02336178719997406	-0.42815208435058594	-0.1459880918264389	-0.061449769884347916	-0.07339689135551453
ENSMUSG00000070810	-0.09767889231443405	0.0958360880613327	-0.1753295511007309	-0.024705670773983	-0.321598619222641	-0.05397607386112213	-0.10188956558704376	-0.06594135612249374
ENSMUSG00000043583	-0.03419964760541916	0.10723501443862915	-0.1126270741224289	0.1634645313024521	-0.04748421162366867	0.009630991145968437	0.02120589092373848	-0.03213850036263466
ENSMUSG00000037221	-0.053734082728624344	0.05493995174765587	0.9667882323265076	0.07357782125473022	1.0744565725326538	0.21237695217132568	0.10433404892683029	0.012651633471250534
ENSMUSG00000005950	-0.12879343330860138	-0.07154776901006699	0.08129304647445679	-0.14214056730270386	0.2421225607395172	0.2824113965034485	0.1509438455104828	0.06801767647266388
ENSMUSG00000117991	-0.056664519011974335	0.022749144583940506	-0.48019474744796753	0.005119975656270981	0.2246498316526413	-0.09613737463951111	0.2166794389486313	0.03553984686732292
ENSMUSG00000020265	-0.012020218186080456	0.0719330906867981	1.4535987377166748	0.1129496768116951	0.31628525257110596	0.19200588762760162	0.04172772541642189	0.016457807272672653
ENSMUSG00000021395	-0.09020300954580307	0.04147224500775337	0.8941839337348938	0.08147332072257996	0.2391997128725052	0.25709667801856995	0.05575692281126976	0.026851754635572433
ENSMUSG00000043880	-0.013867915607988834	0.1307486891746521	-0.01387830451130867	0.024323150515556335	-0.5693951845169067	-0.08599471300840378	-0.059653833508491516	-0.04962405189871788
ENSMUSG00000009376	-0.17450055480003357	0.045607272535562515	-0.07026942074298859	-0.30101460218429565	-0.32422348856925964	0.19889625906944275	0.09667455404996872	0.10228267312049866
ENSMUSG00000045479	-0.046596795320510864	0.09727703779935837	-0.1890866458415985	-0.017803626134991646	-0.37119442224502563	-0.07393884658813477	-0.08959583938121796	-0.02464255318045616
ENSMUSG00000040236	-0.002107335953041911	0.008164823055267334	-0.5677800178527832	-0.03543201833963394	0.39456066489219666	0.18842549622058868	0.3355492651462555	0.07618460804224014
ENSMUSG00000060183	-0.03975727781653404	0.05587894096970558	-0.3069661855697632	-0.019991980865597725	-0.03998706117272377	-0.13340286910533905	0.11540794372558594	-0.0017697789007797837
ENSMUSG00000113591	0.039613157510757446	0.1261661946773529	0.3851361572742462	0.22475923597812653	0.07004553079605103	-0.056914057582616806	-0.012627138756215572	-0.015263816341757774
ENSMUSG00000110329	-0.0423562228679657	0.09440597891807556	-0.08625629544258118	-0.02682839147746563	-0.4477991461753845	-0.09650592505931854	-0.12384346127510071	-0.06028689444065094
ENSMUSG00000057540	-0.12320151925086975	0.06209331005811691	-0.04013173654675484	-0.04420185089111328	-0.35234493017196655	-0.059047359973192215	-0.10031959414482117	-0.10303691029548645
ENSMUSG00000046818	0.0762900561094284	-0.023934168741106987	-1.1156729459762573	-0.2055560052394867	0.9765223860740662	0.01796535588800907	0.2523379921913147	0.03736594319343567
ENSMUSG00000093503	-0.09955046325922012	0.0800011157989502	0.27184340357780457	-0.025892019271850586	-0.08475496619939804	-0.08167672902345657	-0.0778411477804184	-0.14906668663024902
ENSMUSG00000105190	-0.06534001976251602	0.10206529498100281	-0.21973945200443268	-0.0016539517091587186	-0.23482221364974976	-0.0645846277475357	-0.09778019785881042	-0.054551851004362106
ENSMUSG00000068079	0.12283151596784592	-0.06859957426786423	0.6775354743003845	-0.058330997824668884	0.4093644618988037	0.2807638645172119	0.12415294349193573	0.04628726467490196
ENSMUSG00000071847	-0.14992886781692505	0.023189587518572807	-0.11033960431814194	-0.18229709565639496	-0.29943954944610596	0.23990385234355927	0.08088404685258865	0.1160377487540245
ENSMUSG00000099719	0.02003306709229946	0.1309165358543396	0.28567230701446533	0.27021780610084534	-0.0977884829044342	-0.17835254967212677	-0.11681639403104782	-0.06344306468963623
ENSMUSG00000099353	-0.021658584475517273	0.09608350694179535	-0.20600788295269012	-0.02615954913198948	-0.245679572224617	-0.1719127595424652	0.006262319162487984	-0.00463171536102891
ENSMUSG00000032015	-0.05488325655460358	0.02192741446197033	-0.08362528681755066	0.0645575001835823	0.16464340686798096	0.11649425327777863	0.14682593941688538	-0.022385645657777786
ENSMUSG00000044165	-0.04198948293924332	0.10411126911640167	-0.2444065660238266	-0.045468732714653015	-0.010964696295559406	-0.03162186220288277	-0.012434079311788082	-0.04279476776719093
ENSMUSG00000079669	-0.07864894717931747	0.02071044221520424	-0.35241714119911194	-0.035108134150505066	-0.09316254407167435	0.0332246869802475	0.1475755274295807	0.06472482532262802
ENSMUSG00000112248	-0.016788993030786514	0.1314096748828888	-0.10611506551504135	-0.03473582863807678	-0.38457539677619934	-0.12895271182060242	-0.04390981048345566	-0.057781849056482315
ENSMUSG00000040432	0.36992400884628296	-0.19920901954174042	-1.370775580406189	-0.3426644802093506	1.3072443008422852	0.39640170335769653	0.21450531482696533	0.1295941025018692
ENSMUSG00000090461	-0.02426321804523468	0.08424805849790573	-0.17601189017295837	-0.04201122373342514	-0.14525195956230164	-0.11487647891044617	-0.02613929659128189	-0.024959595873951912
ENSMUSG00000001672	0.11180181801319122	-0.17595167458057404	-0.7262030839920044	-0.1764572262763977	0.40037402510643005	0.36415791511535645	0.22125926613807678	0.031569935381412506
ENSMUSG00000023348	-0.026536932215094566	-0.025311226025223732	0.11074330657720566	-0.03793426975607872	0.18573373556137085	0.2493397295475006	0.13397634029388428	0.11377236247062683
ENSMUSG00000100526	-0.15821939706802368	-0.0019039468606933951	1.0157434940338135	0.3132450580596924	-1.7840626239776611	-0.2930348813533783	-0.949659526348114	-0.2466081827878952
ENSMUSG00000102605	0.12101200222969055	0.05719175189733505	-0.6806690096855164	-0.029335742816329002	0.34393540024757385	-0.13108764588832855	0.2920040786266327	-0.010947844944894314
ENSMUSG00000085267	-0.05303662270307541	0.07159951329231262	0.02352222427725792	0.0038037181366235018	0.5589691400527954	-0.013417923822999	0.23755885660648346	-0.03355247527360916
ENSMUSG00000060373	0.047596629709005356	0.04960564523935318	1.7642347812652588	0.2087917923927307	0.028119895607233047	0.12825000286102295	-0.05662454292178154	0.013722351752221584
ENSMUSG00000032244	0.036263398826122284	0.06147964298725128	1.1606647968292236	0.07385404407978058	-0.07811716198921204	0.20142896473407745	-0.011305971071124077	0.02782268449664116
ENSMUSG00000054128	0.12007025629281998	-0.08769399672746658	-0.8402687311172485	-0.19867482781410217	0.16250017285346985	0.03501521795988083	0.1920057237148285	0.011552495881915092
ENSMUSG00000054400	-0.05503902584314346	0.0564655065536499	0.5814118981361389	-0.015918292105197906	0.15429766476154327	0.20016023516654968	0.06244289502501488	0.025817226618528366
ENSMUSG00000081207	-0.021179797127842903	0.10417894273996353	-0.03548767417669296	-0.0089490357786417	-0.15710659325122833	-0.07379258424043655	-0.11842864751815796	-0.08335006982088089
ENSMUSG00000039515	-0.08128909021615982	0.07136725634336472	0.9253741502761841	-0.08055765926837921	-0.010636763647198677	0.16778258979320526	0.07632812857627869	0.07160358130931854
ENSMUSG00000114373	0.07012367993593216	0.09674742817878723	0.9629642963409424	0.17116405069828033	-0.1056029200553894	-0.16897350549697876	-0.064551442861557	-0.02310788631439209
ENSMUSG00000116813	-0.03336349502205849	0.09833719581365585	-0.15524965524673462	-0.03426402434706688	-0.3878830671310425	-0.13372692465782166	0.006228270009160042	-0.021954700350761414
ENSMUSG00000089859	0.011410301551222801	0.15668775141239166	0.20621682703495026	0.14632657170295715	-0.5356089472770691	-0.3011634647846222	-0.17712345719337463	-0.06245800852775574
ENSMUSG00000041359	0.012010021135210991	-0.02038990519940853	0.06846021860837936	0.007513299118727446	0.3326752781867981	0.3558768033981323	0.12556444108486176	0.048049625009298325
ENSMUSG00000029836	0.0933753103017807	0.0753806084394455	1.2462867498397827	0.18864421546459198	0.2015254944562912	0.21835362911224365	-0.02875307947397232	0.024254288524389267
ENSMUSG00000100499	-0.3129958510398865	-0.05302337557077408	0.5846227407455444	0.08235981315374374	-1.378567099571228	-0.23910650610923767	-0.3733436167240143	-0.2830299139022827
ENSMUSG00000078512	0.00401582196354866	0.11321158707141876	-0.2025928497314453	-0.03618025407195091	0.00408366322517395	-0.11845163255929947	-0.040967486798763275	-0.055946797132492065
ENSMUSG00000087326	-0.04455811530351639	0.10384324193000793	-0.20018933713436127	0.014135434292256832	0.19978652894496918	-0.19582262635231018	0.13242337107658386	-0.03179267793893814
ENSMUSG00000093847	-0.04100169241428375	0.11888647079467773	-0.2259337604045868	0.11064441502094269	-0.311090886592865	-0.12240230292081833	-0.13796433806419373	-0.007671613246202469
ENSMUSG00000087124	-0.04355372488498688	0.07572443038225174	0.19643111526966095	-0.0511772483587265	-0.41085419058799744	-0.10248301178216934	0.016291266307234764	-0.029004111886024475
ENSMUSG00000086173	-0.0794115662574768	0.058188773691654205	0.033011190593242645	0.14002776145935059	0.7616233229637146	0.2914827764034271	0.15121930837631226	0.009870649315416813
ENSMUSG00000115970	-0.02704547718167305	0.08800210803747177	0.10363217443227768	-0.041426919400691986	-0.011865493841469288	-0.06939208507537842	0.030597705394029617	-0.050255969166755676
ENSMUSG00000094782	-0.44306784868240356	-0.02118579111993313	0.5916599035263062	0.35912024974823	-1.3019791841506958	-0.28421077132225037	-0.5027449131011963	-0.16959497332572937
ENSMUSG00000118234	-0.025303518399596214	0.06700371950864792	0.8054047226905823	0.2528528869152069	0.1352393925189972	0.025352483615279198	0.04368022456765175	0.0071423109620809555
ENSMUSG00000114709	1.202074408531189	-0.2115316540002823	-2.0965354442596436	-0.551849365234375	1.593714714050293	-0.29403069615364075	0.03553135320544243	-0.04474260285496712
ENSMUSG00000086239	-0.08704554289579391	0.057467661798000336	-0.04888278618454933	-0.03623619303107262	-0.2857552766799927	0.15398940443992615	0.022288741543889046	0.0669325441122055
ENSMUSG00000094793	-0.08399851620197296	0.07595758140087128	0.1796545386314392	0.05467325076460838	-0.4339641332626343	0.08317088335752487	-0.24483686685562134	-0.12456528842449188
ENSMUSG00000113540	-0.008755036629736423	0.10778409242630005	0.04578350484371185	-0.0239995289593935	-0.4016900360584259	-0.1760515719652176	-0.04435064643621445	-0.048120107501745224
ENSMUSG00000030298	0.09310980886220932	0.0621676966547966	1.27899968624115	-0.04134024307131767	-0.03156282752752304	0.13935670256614685	-0.007973045110702515	0.039649199694395065
ENSMUSG00000086199	-0.06035511940717697	0.05281846597790718	-0.27720847725868225	-0.03599003702402115	0.023261545225977898	-0.11381837725639343	0.09172835946083069	-0.01673717424273491
ENSMUSG00000041241	-0.08802255988121033	0.06595174223184586	1.4426101446151733	0.06488995999097824	0.32702910900115967	0.17478862404823303	0.11375127732753754	0.005806035362184048
ENSMUSG00000000168	-0.09173045307397842	0.08953693509101868	0.9615693688392639	-0.06689038872718811	-0.25344401597976685	0.1424953192472458	0.07855809479951859	0.09106457978487015
ENSMUSG00000015733	0.1410335898399353	0.078537218272686	1.14240562915802	0.027851199731230736	-0.13924965262413025	0.16396957635879517	-0.06321808695793152	0.028915666043758392
ENSMUSG00000027230	-0.017156735062599182	-0.06718519330024719	0.09249547123908997	-0.08521730452775955	0.3531954884529114	0.3221370279788971	0.15414004027843475	0.07705619186162949
ENSMUSG00000032327	0.09260156750679016	0.06195259094238281	-0.04945160448551178	-0.04431065544486046	0.04736873134970665	-0.11966113746166229	0.11890081316232681	-0.04320799931883812
ENSMUSG00000090751	-0.03880869597196579	0.11391320079565048	-0.15819667279720306	-0.030332088470458984	-0.18200300633907318	-0.06687694787979126	-0.09310678392648697	-0.06953068822622299
ENSMUSG00000085492	-0.07929190248250961	0.0518171563744545	0.2466726452112198	-0.07227861136198044	-0.09822500497102737	0.2393094003200531	0.04685571789741516	0.12212733179330826
ENSMUSG00000118202	-0.04122168570756912	0.12354421615600586	-0.2606882154941559	0.0719800591468811	-0.18085309863090515	-0.1402961015701294	-0.08047819137573242	-0.032107263803482056
ENSMUSG00000028626	-0.12110242992639542	-0.09266272187232971	0.4115980863571167	-0.05268825963139534	0.5852978825569153	0.22862660884857178	0.15230722725391388	0.05932576209306717
ENSMUSG00000114336	-0.01309236604720354	0.1020464152097702	-0.2899010181427002	-0.03401995822787285	-0.06839482486248016	-0.12447674572467804	-0.011845980770885944	-0.02041269838809967
ENSMUSG00000025485	-0.07663707435131073	0.04758644104003906	0.8279644250869751	-0.015408091247081757	0.32202792167663574	0.24869371950626373	0.12103599309921265	0.03488372638821602
ENSMUSG00000099442	-0.3976113796234131	-0.003248523222282529	0.5093024969100952	0.3856450915336609	-1.2845120429992676	-0.26783430576324463	-0.576202929019928	-0.1612914800643921
ENSMUSG00000034949	0.009267976507544518	0.024305634200572968	-0.5004464983940125	-0.030796272680163383	0.6740280389785767	0.061136070638895035	0.3879740238189697	-0.016752615571022034
ENSMUSG00000020817	0.0487917885184288	0.07790151983499527	0.9593639373779297	-0.051561519503593445	-0.03435926139354706	0.18006323277950287	-0.010646091774106026	0.06568370759487152
ENSMUSG00000107044	-0.01193994376808405	0.11687393486499786	-0.2909707725048065	-0.017254648730158806	-0.12873515486717224	-0.07339572161436081	-0.00744051206856966	-0.02854827791452408
ENSMUSG00000117961	0.02454424649477005	0.10934554785490036	0.5071017742156982	0.14207157492637634	0.3477204442024231	0.11265882849693298	0.07704263925552368	-0.00726226344704628
ENSMUSG00000026928	0.002603299682959914	0.06891810148954391	-0.13496293127536774	0.09555552154779434	0.38356104493141174	-0.08127972483634949	0.24599149823188782	-0.029997698962688446
ENSMUSG00000036975	-0.07774680852890015	0.03815774619579315	0.527514636516571	-0.07402443140745163	0.20725969970226288	0.1603890210390091	0.09122290462255478	0.033908333629369736
ENSMUSG00000099761	-0.06914407014846802	-0.09673920273780823	0.6868097186088562	0.1537432223558426	-1.6663898229599	-0.10216205567121506	-0.7538800239562988	-0.18950705230236053
ENSMUSG00000048100	0.035584673285484314	0.049009036272764206	0.7071672677993774	-0.06189083680510521	0.28276878595352173	0.19178485870361328	0.07771936058998108	0.05142591521143913
ENSMUSG00000109057	0.007320017088204622	0.13007131218910217	0.1898307353258133	-0.03452838584780693	0.1871948391199112	-0.13664260506629944	-0.04440051689743996	-0.08080451935529709
ENSMUSG00000112276	-0.041094426065683365	0.08161749690771103	0.14550450444221497	-0.05073248967528343	-0.3409370183944702	-0.1305847465991974	-0.029995253309607506	-0.029034042730927467
ENSMUSG00000005501	-0.07358139753341675	0.09368494898080826	0.7048051953315735	-0.08420977741479874	0.16665905714035034	0.13436806201934814	0.07283689081668854	0.1303994059562683
ENSMUSG00000054792	-0.12069563567638397	0.06044550985097885	0.3297075033187866	-0.0573919378221035	-0.1474270522594452	0.18674592673778534	0.05993889644742012	0.14264239370822906
ENSMUSG00000104414	-0.05078482627868652	0.04616285488009453	0.21023772656917572	-0.05241984874010086	0.12389108538627625	-0.04463918134570122	0.06003588065505028	0.004084628541022539
ENSMUSG00000026455	0.027478067204356194	0.0752018615603447	1.0324548482894897	-0.062492433935403824	-0.12875157594680786	0.143825963139534	-0.008785159327089787	0.0749424546957016
ENSMUSG00000105453	-0.02503911778330803	0.07451813668012619	0.37886178493499756	0.09180780500173569	-0.16116684675216675	-0.12553465366363525	0.012534532696008682	-0.037679631263017654
ENSMUSG00000053646	-0.09240113198757172	0.06286663562059402	0.7784871459007263	-0.06951242685317993	-0.21859461069107056	0.18978315591812134	0.06515082716941833	0.08351373672485352
ENSMUSG00000057766	-0.13173797726631165	-0.026815447956323624	-0.1728622317314148	-0.07669397443532944	-0.2508225739002228	0.1065538227558136	0.05873361602425575	0.09130453318357468
ENSMUSG00000109322	-0.2015906572341919	0.032486945390701294	0.3364379405975342	-0.0544702373445034	-0.04103882238268852	-0.011181285604834557	-0.12999191880226135	-0.18314246833324432
ENSMUSG00000114995	0.013114226050674915	0.09628190100193024	0.7876843214035034	0.014335735701024532	-0.21890932321548462	-0.21781915426254272	-0.09867947548627853	-0.08150430023670197
ENSMUSG00000060303	-0.09727095812559128	0.07142765074968338	-0.1306406855583191	-0.032033830881118774	-0.4271027445793152	-0.07748553901910782	-0.12514515221118927	-0.03213744983077049
ENSMUSG00000091238	0.15275022387504578	0.07467568665742874	1.7004932165145874	0.23130804300308228	-0.5146284103393555	0.028995459899306297	-0.13578855991363525	0.020888006314635277
ENSMUSG00000111195	-0.113182432949543	0.07319846749305725	-0.23913982510566711	-0.030916351824998856	-0.1899212896823883	-0.06599866598844528	-0.070961594581604	-0.04605028033256531
ENSMUSG00000046634	-0.005032764747738838	0.09691888093948364	-0.07348811626434326	-0.05031917616724968	-0.2097434252500534	-0.14954523742198944	-0.0028198843356221914	-0.03753066062927246
ENSMUSG00000022490	0.03398045152425766	-0.12848781049251556	-0.3491843044757843	-0.086717888712883	0.3459673821926117	0.35249876976013184	0.17006097733974457	0.09223947674036026
ENSMUSG00000108795	-0.06498610973358154	0.07775597274303436	-0.24860547482967377	-5.3957701311446726e-05	-0.3507455587387085	-0.10580181330442429	0.178884357213974	0.034101709723472595
ENSMUSG00000084965	0.011777708306908607	0.10518986731767654	-0.18160738050937653	0.006506747100502253	-0.1378723829984665	-0.18980202078819275	-0.02514846809208393	-0.01642533764243126
ENSMUSG00000085890	-0.07202655076980591	0.06576227396726608	0.8326942920684814	0.2669675350189209	0.3341803252696991	0.1352338194847107	0.056924428790807724	-0.009653333574533463
ENSMUSG00000079525	-0.19749164581298828	0.15057438611984253	0.27539271116256714	0.2165411114692688	-0.8210324048995972	-0.3077288866043091	-0.280342698097229	-0.038441888988018036
ENSMUSG00000030265	0.0017610405338928103	0.06897714734077454	0.722273588180542	-0.06955032050609589	0.10704511404037476	0.20001739263534546	0.06410510838031769	0.10590454190969467
ENSMUSG00000055547	0.024652892723679543	0.08851201087236404	0.25337815284729004	-0.03553929924964905	-0.28100478649139404	-0.07165909558534622	-0.008435916155576706	-0.0652388259768486
ENSMUSG00000084833	-0.09575815498828888	0.09054391831159592	-0.07625685632228851	-0.02504388801753521	-0.36604925990104675	-0.09634798020124435	-0.13800083100795746	-0.06530164927244186
ENSMUSG00000015980	-0.08118759840726852	0.06068914011120796	0.3866080939769745	-0.07894791662693024	0.3290073871612549	0.16959148645401	0.126601904630661	0.05146324262022972
ENSMUSG00000023940	0.08930236846208572	0.07107646763324738	1.490483283996582	0.12372221797704697	-0.08595956116914749	0.18532100319862366	-0.06899777799844742	0.014359785243868828
ENSMUSG00000030545	-0.08480091392993927	0.03311939164996147	0.4032987952232361	-0.05580146610736847	0.14125294983386993	0.24359044432640076	0.17937923967838287	0.11724305897951126
ENSMUSG00000003273	0.266075998544693	-0.29353204369544983	-0.5159276723861694	-0.09300637990236282	1.412695288658142	0.1698703169822693	0.05505475029349327	-0.021824490278959274
ENSMUSG00000085568	-0.20347818732261658	0.13816848397254944	0.38191020488739014	-0.2703176736831665	-0.86756432056427	-0.08852260559797287	0.056160345673561096	0.18424591422080994
ENSMUSG00000043439	0.044764913618564606	-0.1129881739616394	-0.20003148913383484	-0.12616170942783356	1.921919345855713	0.357072651386261	0.040359511971473694	0.08505265414714813
ENSMUSG00000107237	-0.04593389481306076	0.07636238634586334	0.7429929375648499	-0.05171625316143036	-0.3697551488876343	-0.11791221797466278	-0.028978874906897545	-0.030887849628925323
ENSMUSG00000032633	-0.0427091158926487	0.06857827305793762	1.4016830921173096	0.03337256982922554	-0.1094643697142601	0.14461195468902588	0.03762771189212799	0.014700165949761868
ENSMUSG00000117942	0.10774734616279602	0.09966893494129181	1.1497981548309326	0.20728765428066254	-0.06886451691389084	0.030031971633434296	-0.0790942832827568	0.01012533437460661
ENSMUSG00000075210	-0.1408996880054474	0.03186443820595741	0.5197306871414185	0.04795125126838684	-0.7982115745544434	-0.14209632575511932	-0.3993641138076782	-0.18337562680244446
ENSMUSG00000020189	-0.050856709480285645	0.0521441213786602	0.30659276247024536	-0.04564027488231659	-0.032828640192747116	0.2399078756570816	0.04631110280752182	0.15407277643680573
ENSMUSG00000069520	-0.0400775708258152	0.09386935085058212	0.34794890880584717	-0.025378765538334846	0.10888893902301788	0.13692812621593475	0.025666773319244385	-0.02063177153468132
ENSMUSG00000024580	0.09044969826936722	0.07735384255647659	1.2867013216018677	0.04671034961938858	-0.018922030925750732	0.18102750182151794	0.0180097296833992	0.030492613092064857
ENSMUSG00000094156	-0.08288630843162537	0.08527033776044846	-0.19011913239955902	-0.024731101468205452	-0.3237438499927521	-0.11262539774179459	-0.08161423355340958	-0.028699690476059914
ENSMUSG00000117596	0.14108005166053772	0.09377170354127884	1.5298850536346436	0.17433492839336395	-0.2190149426460266	0.03681100532412529	-0.02116614393889904	0.025169089436531067
ENSMUSG00000025876	0.1759047657251358	-0.10974636673927307	-0.39275500178337097	-0.1791670173406601	0.37205085158348083	0.10832162946462631	0.13357263803482056	0.0006969852838665247
ENSMUSG00000104994	-0.06431411951780319	0.061351608484983444	0.7634716033935547	0.14428111910820007	-0.7095274329185486	-0.12648795545101166	-0.3135976493358612	-0.1387808620929718
ENSMUSG00000002205	-0.04298888519406319	0.05940753594040871	0.9954785108566284	0.058208879083395004	-0.32989302277565	0.12427200376987457	-0.020446447655558586	0.01287924125790596
ENSMUSG00000059375	-0.07204024493694305	0.09209208190441132	-0.222300186753273	-0.01727144978940487	-0.21626634895801544	-0.14646638929843903	-0.0441630519926548	-0.029825346544384956
ENSMUSG00000031548	-0.11139319092035294	0.01861756108701229	0.29001015424728394	-0.19507968425750732	0.12384482473134995	0.11103453487157822	0.13212957978248596	0.08471885323524475
ENSMUSG00000042460	0.04209574684500694	0.11753572523593903	0.2641471028327942	-0.0043908171355724335	-0.2401944100856781	0.047103747725486755	-0.06138225644826889	0.07169812172651291
ENSMUSG00000070034	-0.05130014941096306	0.07578029483556747	-0.31434330344200134	-0.011604886502027512	0.07050418108701706	-0.02879703976213932	0.04789512977004051	0.006860545836389065
ENSMUSG00000028081	0.12831084430217743	0.08130872994661331	1.776890516281128	0.02662064880132675	0.36398959159851074	0.16743165254592896	0.01496159564703703	0.05870379880070686
ENSMUSG00000031422	0.06190233677625656	0.029115550220012665	1.8752282857894897	0.08755984902381897	-0.08299194276332855	-0.1621626615524292	-0.14640755951404572	-0.047522664070129395
ENSMUSG00000052642	-0.049969032406806946	0.08575174957513809	0.013111811131238937	0.023882227018475533	-0.49339279532432556	-0.07326290756464005	-0.05258895456790924	-0.04871797189116478
ENSMUSG00000030102	-0.08076129853725433	0.06661852449178696	0.6500484347343445	-0.04887797310948372	-0.11503225564956665	0.18340961635112762	0.0408196747303009	0.10351978987455368
ENSMUSG00000113179	0.009266562759876251	0.16635596752166748	-0.04479452967643738	0.14375239610671997	-0.7032934427261353	-0.12875743210315704	-0.1411483734846115	-0.04045433551073074
ENSMUSG00000021591	-0.002007103059440851	0.0694342702627182	0.8760098218917847	0.039933156222105026	-0.00881487037986517	0.009637363255023956	0.006806164979934692	0.009522817097604275
ENSMUSG00000085924	-0.06708745658397675	0.09175080060958862	-0.16563326120376587	-0.011407196521759033	-0.3898094892501831	-0.13861660659313202	-0.11678791791200638	-0.022223617881536484
ENSMUSG00000054909	-0.05164910852909088	0.04946175962686539	-0.4881960153579712	-0.02144610323011875	0.3546690344810486	0.09750495105981827	0.3253956735134125	-0.01986999809741974
ENSMUSG00000117478	-0.059645120054483414	0.08266768604516983	0.024395950138568878	-0.03419523313641548	-0.513740599155426	-0.076316237449646	-0.19708366692066193	-0.09342098981142044
ENSMUSG00000109449	-0.13403207063674927	0.057273492217063904	0.09742335230112076	-0.04140835627913475	-0.34921661019325256	0.058161661028862	-0.19361357390880585	-0.12231483310461044
ENSMUSG00000111979	-0.1242513433098793	0.09488220512866974	-0.34155139327049255	-0.02147996984422207	-0.19073542952537537	-0.0498550683259964	0.017666783183813095	0.014330047182738781
ENSMUSG00000101931	-0.33868855237960815	-0.03505724295973778	0.4530717134475708	0.11489584296941757	-1.401676058769226	-0.05129113048315048	-0.484386682510376	-0.07855957746505737
ENSMUSG00000100313	0.06972184777259827	0.09149109572172165	0.803254246711731	0.04812394455075264	0.07852990925312042	-0.04966117814183235	0.06629981845617294	0.011973431333899498
ENSMUSG00000023079	-0.0480390265583992	0.06923603266477585	0.9811965227127075	0.08244802802801132	0.19384916126728058	0.14605043828487396	0.0382440909743309	0.0032528582960367203
ENSMUSG00000062480	-0.00878096092492342	0.09148002415895462	0.6248973608016968	-0.044633325189352036	-0.3083689212799072	-0.09274817258119583	-0.030572181567549706	-0.009606266394257545
ENSMUSG00000109547	-0.17952173948287964	0.0494571290910244	0.13164998590946198	-0.04260045662522316	-0.4169866144657135	-0.006969444919377565	-0.1555883288383484	-0.12392037361860275
ENSMUSG00000036523	-0.14454224705696106	0.030126504600048065	0.04876596853137016	-0.2278863489627838	-0.5318011045455933	0.2269706130027771	0.05611466243863106	0.1284138560295105
ENSMUSG00000100140	-0.4691137373447418	0.043190848082304	0.6520671844482422	0.22236113250255585	-1.1754833459854126	-0.3816564977169037	-0.450745552778244	-0.212138369679451
ENSMUSG00000035394	0.029597613960504532	0.13003061711788177	0.14961469173431396	0.1371530294418335	-0.33572447299957275	-0.01685655117034912	-0.15110225975513458	-0.03286705166101456
ENSMUSG00000030766	-0.05725120007991791	0.05607711151242256	0.7993578314781189	-0.05217168480157852	-0.08648515492677689	0.15236970782279968	0.015078381635248661	0.04054144024848938
ENSMUSG00000118081	-0.0009689706494100392	0.0701112449169159	0.7072721123695374	0.24407453835010529	-0.06983019411563873	-0.000592460623010993	0.023084359243512154	-0.00030882767168805003
ENSMUSG00000085820	-0.04455225169658661	0.09919962286949158	0.01765868254005909	-0.03768960386514664	-0.41467446088790894	0.0014947825111448765	-0.0491524413228035	-0.05934260040521622
ENSMUSG00000107318	0.027644937857985497	0.054437071084976196	-0.24521930515766144	0.027081353589892387	-0.0922602191567421	-0.1549999862909317	0.09800386428833008	0.035958874970674515
ENSMUSG00000074232	-0.04677834361791611	0.030600346624851227	-0.4669586420059204	0.00098315323702991	0.04494737088680267	-0.1266501396894455	0.16970495879650116	0.02569078654050827
ENSMUSG00000102203	-0.09139109402894974	0.07853014767169952	-0.1344272941350937	-0.028887342661619186	-0.3317842185497284	-0.06949659436941147	-0.11199069768190384	-0.07284354418516159
ENSMUSG00000097134	-0.07360771298408508	0.06470655649900436	0.8978874087333679	0.2122560292482376	0.596217691898346	0.19574056565761566	0.036205679178237915	-0.007564402185380459
ENSMUSG00000070853	-0.25115376710891724	0.03281914442777634	0.13987092673778534	-0.03453204035758972	-0.31593355536460876	-0.0205061212182045	-0.15287087857723236	-0.08881186693906784
ENSMUSG00000117433	-0.12206222862005234	0.0749380886554718	0.02130039781332016	-0.029288671910762787	-0.32677096128463745	-0.1272512972354889	-0.15763501822948456	-0.09415517002344131
ENSMUSG00000094822	-0.11141566187143326	0.08219551295042038	-0.0840558260679245	-0.01812809891998768	-0.45621106028556824	0.0011048800079151988	-0.15844547748565674	-0.07791393995285034
ENSMUSG00000056735	-0.1464477926492691	0.00589943490922451	0.5522977709770203	-0.07010245323181152	0.43876010179519653	0.2587249279022217	0.16411837935447693	0.0986761674284935
ENSMUSG00000038840	-0.023282332345843315	0.061349187046289444	0.46088775992393494	0.06258339434862137	0.03656653314828873	-0.01091244351118803	0.057778116315603256	-0.00939693208783865
ENSMUSG00000093701	-0.03988032042980194	0.12847504019737244	-0.2366127371788025	0.12326152622699738	0.410849928855896	-0.06931658834218979	0.29904624819755554	-0.031378135085105896
ENSMUSG00000029605	-0.05107039958238602	0.057801127433776855	-0.21775397658348083	-0.056386128067970276	-0.07455428689718246	-0.10163815319538116	0.022671528160572052	-0.026932697743177414
ENSMUSG00000107887	-0.012862113304436207	0.07435038685798645	0.04619373008608818	-0.05981163680553436	-0.2150380164384842	-0.047261759638786316	-0.00039688945980742574	-0.051833562552928925
ENSMUSG00000112929	-0.11646726727485657	0.08759967982769012	-0.15878750383853912	-0.018583960831165314	-0.35411930084228516	-0.029286403208971024	-0.12717129290103912	-0.0697249099612236
ENSMUSG00000022753	0.005144098307937384	0.11699370294809341	-0.27487218379974365	-0.03539096936583519	0.09651575982570648	-0.12897789478302002	0.046222519129514694	-0.040763482451438904
ENSMUSG00000108794	-0.049887917935848236	0.077363021671772	0.2568621337413788	-0.054811086505651474	-0.2591908574104309	-0.20411691069602966	-0.10679800063371658	-0.06190897896885872
ENSMUSG00000111098	-0.04949229583144188	0.09963656216859818	0.05388490855693817	-0.07075619697570801	-0.1798740029335022	-0.14795340597629547	-0.04332239553332329	-0.04438861832022667
ENSMUSG00000046410	0.05755285173654556	-0.22626589238643646	-0.3739820718765259	-0.18713298439979553	0.4368259906768799	0.3353700339794159	0.14733389019966125	0.022852545604109764
ENSMUSG00000022451	-0.011331499554216862	0.08977171033620834	0.9314354062080383	-0.018601523712277412	0.012201818637549877	0.07306891679763794	0.08892608433961868	0.02084054984152317
ENSMUSG00000101536	-0.028248794376850128	0.2743613123893738	0.6770550012588501	0.3212417960166931	-1.9415826797485352	-0.23100927472114563	-0.6954052448272705	-0.19147484004497528
ENSMUSG00000035509	-0.11816059052944183	0.021875157952308655	-0.36464205384254456	-0.02275853417813778	0.07970690727233887	0.2434014528989792	0.14228035509586334	0.09477771818637848
ENSMUSG00000027531	-0.03434847667813301	0.06922279298305511	0.9000867605209351	-0.0571189746260643	-0.051089268177747726	0.1462288647890091	0.04764100909233093	0.07528182864189148
ENSMUSG00000032384	0.06249416247010231	0.08161953836679459	0.6329338550567627	0.16770711541175842	-0.20766419172286987	0.14529025554656982	-0.10673162341117859	0.012576328590512276
ENSMUSG00000085436	-0.08700811117887497	0.030673110857605934	0.39965587854385376	-0.01541952881962061	0.24989736080169678	0.2209346741437912	0.09890816360712051	0.03036757931113243
ENSMUSG00000054385	0.029216332361102104	0.09486902505159378	0.6055696606636047	0.061078786849975586	-0.20857511460781097	-0.12883082032203674	-0.0671730637550354	-0.07605831325054169
ENSMUSG00000078606	-0.08341022580862045	0.1171974390745163	0.07919647544622421	0.05569959804415703	-0.5909268856048584	-0.16023865342140198	-0.1620793491601944	-0.09015155583620071
ENSMUSG00000030423	-0.024938466027379036	0.062696672976017	1.1834337711334229	-0.0761212557554245	0.004313420504331589	0.09957003593444824	0.04572064056992531	0.030854234471917152
ENSMUSG00000033009	-0.06796713173389435	0.0591595321893692	0.5481641888618469	-0.04489189013838768	0.04363768920302391	0.1656009554862976	0.06279052793979645	0.10748034715652466
ENSMUSG00000111061	-0.030570607632398605	0.10935762524604797	-0.1242276206612587	-0.025960082188248634	-0.3270723223686218	-0.09092547744512558	-0.11261351406574249	-0.06327246129512787
ENSMUSG00000019487	-0.05642348900437355	0.06192920356988907	0.9330931901931763	-0.0034899108577519655	0.012505934573709965	0.16990546882152557	0.0673418939113617	0.013779418542981148
ENSMUSG00000110419	0.3436688184738159	-0.24670812487602234	-1.0745785236358643	-0.15966197848320007	0.9889914989471436	-0.13621750473976135	0.07033160328865051	-0.061760131269693375
ENSMUSG00000041488	-0.08370968699455261	-0.036527764052152634	-0.23522670567035675	-0.16734032332897186	0.16756877303123474	0.2223394513130188	0.14294517040252686	0.07026511430740356
ENSMUSG00000112635	-0.13247326016426086	0.0854814425110817	-0.2658787667751312	-0.016062960028648376	-0.19132961332798004	-0.08553098887205124	-0.0722484290599823	-0.0432218462228775
ENSMUSG00000052414	-0.031141700223088264	0.04984685778617859	0.4867209494113922	0.05111265555024147	-0.07572581619024277	0.24010224640369415	0.004529446829110384	0.03131670877337456
ENSMUSG00000034785	-0.051962967962026596	0.09124748408794403	0.005436924286186695	-0.057412128895521164	-0.27471238374710083	-0.09808675944805145	0.05141068622469902	-0.04101990535855293
ENSMUSG00000085338	-0.02246231772005558	-0.11189845949411392	-0.29762428998947144	-0.05026797950267792	0.26365578174591064	0.2548356056213379	0.2417733520269394	0.11018484085798264
ENSMUSG00000074966	-0.2237570881843567	0.05647239834070206	-0.1862117201089859	-0.015633804723620415	0.05181363224983215	-0.12569890916347504	-0.12106000632047653	-0.0756566971540451
ENSMUSG00000031785	0.051604975014925	0.056434597820043564	0.0044787852093577385	-0.06221400201320648	0.07814966887235641	-0.07999277114868164	0.10453183948993683	-0.04280974343419075
ENSMUSG00000091450	-0.1017523854970932	0.07513988763093948	-0.1579163819551468	-0.045378103852272034	-0.16829927265644073	0.005224528256803751	-0.07614593207836151	-0.06659401208162308
ENSMUSG00000102775	-0.06443922966718674	0.0746312364935875	0.2826661169528961	-0.07149112969636917	0.8681994080543518	0.2741897702217102	0.1595611274242401	0.12167822569608688
ENSMUSG00000116114	-0.007384154945611954	0.0669163390994072	-0.0835563912987709	-0.054243579506874084	-0.13617829978466034	-0.14915576577186584	0.08612336963415146	-0.03877813741564751
ENSMUSG00000048200	0.36893028020858765	-0.21687310934066772	-1.5187329053878784	-0.4273662567138672	1.502385139465332	0.36644870042800903	0.20331361889839172	0.11393138766288757
ENSMUSG00000021156	-0.17986556887626648	0.03556648641824722	-0.023563027381896973	-0.19181549549102783	0.21651731431484222	0.08800183981657028	0.14813640713691711	0.1233382448554039
ENSMUSG00000070880	0.28671759366989136	0.06384207308292389	-0.9468782544136047	-0.032963648438453674	1.5797065496444702	0.05846259742975235	0.16525934636592865	-0.026096127927303314
ENSMUSG00000031492	-0.031006500124931335	0.10661670565605164	-0.19486618041992188	-0.013741889968514442	-0.32280346751213074	-0.13183282315731049	-0.0012347730807960033	0.003130881814286113
ENSMUSG00000118291	-0.004049212206155062	0.11191032081842422	0.05152614042162895	0.036452893167734146	-0.6285027861595154	-0.18877732753753662	-0.14484313130378723	-0.04593009129166603
ENSMUSG00000026090	-0.1265786737203598	0.0052211894653737545	-0.1776508092880249	-0.19879694283008575	0.06576795876026154	0.21049514412879944	0.1370687335729599	0.08813440054655075
ENSMUSG00000030201	-0.011015478521585464	0.07172674685716629	0.6248515844345093	-0.05929647013545036	-0.03268688917160034	0.1911008656024933	0.014656140469014645	0.1388964205980301
ENSMUSG00000038042	-0.16650733351707458	0.0259449053555727	-0.11015921831130981	-0.17391380667686462	0.008363207802176476	0.1624143272638321	0.12140205502510071	0.1387716829776764
ENSMUSG00000056329	0.6315808296203613	-0.28665482997894287	-1.5661486387252808	-0.5443077683448792	1.1611261367797852	0.3394121825695038	0.128803089261055	0.014324264600872993
ENSMUSG00000113757	0.009259471669793129	0.13178345561027527	-0.05097411572933197	0.02537177875638008	-0.3164476752281189	-0.1460229605436325	-0.12613053619861603	-0.05776238813996315
ENSMUSG00000094025	-0.01232114527374506	0.10275626927614212	0.17045879364013672	0.05443286523222923	-0.4231245517730713	-0.13853102922439575	-0.13363909721374512	-0.10418850183486938
ENSMUSG00000105848	-0.0863601490855217	0.05214284732937813	0.6765967011451721	-0.044107504189014435	0.5227691531181335	0.16429537534713745	0.03778200224041939	0.007868567481637001
ENSMUSG00000086924	0.20975996553897858	-0.018832774832844734	-0.5298595428466797	-0.020371150225400925	0.4090743362903595	0.06653115898370743	0.2603684961795807	-0.01301996223628521
ENSMUSG00000087413	0.1128648966550827	-0.10647105425596237	-0.8150076270103455	-0.09550336003303528	1.4505120515823364	0.3352404534816742	0.32759204506874084	0.08881515264511108
ENSMUSG00000104445	0.15101414918899536	-0.12482389807701111	-0.1324448436498642	-0.06436104327440262	0.5852388143539429	0.19296520948410034	0.22365285456180573	0.07386048138141632
ENSMUSG00000053835	0.018022459000349045	0.08929979056119919	0.4831148087978363	0.16028152406215668	-0.14235129952430725	-0.0973091721534729	-0.07360430061817169	-0.012169096618890762
ENSMUSG00000110519	-0.06104423850774765	0.08603169769048691	-0.13302069902420044	-0.053692806512117386	-0.20422382652759552	-0.025579262524843216	-0.07694290578365326	-0.09828434884548187
ENSMUSG00000109333	0.008789115585386753	0.10699480772018433	0.07644560188055038	-0.05156281962990761	-0.4066591262817383	-0.13326816260814667	-0.11302872747182846	-0.08775454759597778
ENSMUSG00000027207	0.008101851679384708	0.11016687750816345	0.28936609625816345	-0.01071474701166153	-0.18036332726478577	0.18589669466018677	-0.10625679045915604	0.008243602700531483
ENSMUSG00000029158	-0.0355500727891922	0.10727118700742722	-0.04302358627319336	-0.03391415253281593	-0.41372978687286377	-0.16873283684253693	0.011174473911523819	-0.06912116706371307
ENSMUSG00000073007	-0.15878961980342865	0.19232648611068726	0.36733847856521606	0.6250641942024231	-0.7094067931175232	-0.26903262734413147	-0.26851046085357666	-0.06326302886009216
ENSMUSG00000029375	-0.025648100301623344	0.08884525299072266	-0.24015448987483978	-0.016151973977684975	-0.2373383343219757	-0.15413862466812134	-0.030968837440013885	-0.007769058924168348
ENSMUSG00000075383	-0.03793976083397865	0.12820498645305634	-0.010929238982498646	-0.02066652849316597	-0.49472206830978394	-0.10047326982021332	-0.12199719250202179	-0.0775216743350029
ENSMUSG00000113523	-0.04877354949712753	0.09693778306245804	-0.34514567255973816	-0.033319249749183655	-0.12003055214881897	-0.0849282294511795	-0.0016407780349254608	-0.020719092339277267
ENSMUSG00000101009	-0.03438154235482216	0.0796336904168129	0.032608889043331146	0.014743509702384472	-0.13223478198051453	-0.20213788747787476	0.0003149862459395081	-0.03290056064724922
ENSMUSG00000073492	-0.21700142323970795	0.06758321076631546	0.4346281886100769	0.22984857857227325	-0.6818228363990784	-0.09529025852680206	-0.2482432872056961	-0.18939168751239777
ENSMUSG00000100722	-0.5353202819824219	-0.0662323459982872	0.5288264155387878	0.22091872990131378	-1.0773738622665405	-0.286003440618515	-0.4048031270503998	-0.22366876900196075
ENSMUSG00000102761	-0.010535267181694508	0.10643045604228973	-0.14986735582351685	-0.04925564303994179	-0.25401532649993896	-0.06947613507509232	-0.04379921033978462	-0.05087458714842796
ENSMUSG00000038914	-0.014637598767876625	0.06671415269374847	1.1528187990188599	0.06561186909675598	0.2013164460659027	0.18178707361221313	0.0705156922340393	0.013041701167821884
ENSMUSG00000029426	-0.04106443002820015	0.06257518380880356	0.6235975027084351	-0.03820103779435158	0.003519126446917653	0.138999342918396	0.07516214996576309	0.07441446930170059
ENSMUSG00000106341	0.054366335272789	0.10962791740894318	0.7747390866279602	0.07377929985523224	-0.348267138004303	0.15356861054897308	0.013875109143555164	-0.05914054065942764
ENSMUSG00000036693	-0.03768855705857277	0.09934244304895401	1.3194056749343872	-0.11058351397514343	0.04274093732237816	0.15724343061447144	0.0945081114768982	-0.018945924937725067
ENSMUSG00000085958	-0.06417687237262726	0.08298292756080627	0.11431275308132172	0.06504115462303162	-0.25937873125076294	0.09381284564733505	-0.05261098966002464	-0.04776467755436897
ENSMUSG00000055602	-0.03733186796307564	0.07974434643983841	-0.015849392861127853	-0.0508737675845623	-0.44375595450401306	-0.12250399589538574	-0.04435466602444649	-0.04379703104496002
ENSMUSG00000113424	-0.11731908470392227	0.09543643146753311	0.5944837927818298	0.1809505969285965	-0.10473305732011795	-0.29303890466690063	-0.13407835364341736	-0.10785480588674545
ENSMUSG00000105784	0.8236013054847717	-0.28108033537864685	-1.5128108263015747	-0.40241169929504395	1.1651647090911865	0.009559682570397854	0.09704280644655228	-0.07070877403020859
ENSMUSG00000024907	0.07867340743541718	-0.1150105744600296	-0.3669315576553345	-0.14861857891082764	-0.2894999086856842	0.12588438391685486	0.16385099291801453	0.014986982569098473
ENSMUSG00000085278	0.17529132962226868	0.00029331573750823736	0.2849026322364807	-0.03785809874534607	0.32854947447776794	0.2400464564561844	0.19501884281635284	0.07851520925760269
ENSMUSG00000103560	-0.018275892361998558	0.0831383541226387	-0.12461621314287186	-0.03582631051540375	-0.19096511602401733	-0.13815270364284515	-0.11087295413017273	-0.03622102737426758
ENSMUSG00000100989	-0.3851976692676544	0.027149222791194916	0.62651526927948	0.4482056498527527	-1.2954108715057373	-0.3911416530609131	-0.5010715126991272	-0.14729705452919006
ENSMUSG00000019977	0.0496746264398098	0.06972082704305649	0.9860924482345581	-0.019601091742515564	-0.24991866946220398	0.16324922442436218	-0.030563058331608772	0.03024682030081749
ENSMUSG00000059851	-0.0659003034234047	0.07096486538648605	1.3994441032409668	0.08953657746315002	0.29339799284935	0.1440388560295105	0.11794038116931915	0.009105738252401352
ENSMUSG00000032782	-0.06159165874123573	0.0561659038066864	1.0699414014816284	-0.060946203768253326	0.0010677430545911193	0.15683238208293915	0.09715454280376434	0.035352129489183426
ENSMUSG00000037563	-0.07550010830163956	0.050752073526382446	1.0855491161346436	0.053180843591690063	0.3593551516532898	0.17198383808135986	0.13078436255455017	0.0004604145942721516
ENSMUSG00000103277	0.018197964876890182	0.12986046075820923	0.041638001799583435	-0.022824492305517197	-0.555609405040741	-0.05865425616502762	-0.019682878628373146	-0.05475572496652603
ENSMUSG00000061458	0.07177243381738663	0.05629928410053253	1.3535102605819702	0.0438985601067543	-0.18075166642665863	0.1359783560037613	-0.0907307043671608	0.021152496337890625
ENSMUSG00000108760	-0.0498335137963295	0.08186329901218414	0.10046679526567459	-0.023960299789905548	-0.28725704550743103	-0.11311763525009155	0.009042383171617985	-0.02085556834936142
ENSMUSG00000026544	-0.07735416293144226	0.11661376804113388	-0.40018409490585327	0.032680951058864594	-0.24173641204833984	0.15130634605884552	0.24207164347171783	-0.008717245422303677
ENSMUSG00000023391	0.919218897819519	-0.12517760694026947	-2.430859327316284	-0.7640441656112671	2.8840394020080566	-0.07188872992992401	0.26184120774269104	-0.10479702055454254
ENSMUSG00000091556	-0.016241595149040222	0.22505469620227814	0.049435634166002274	0.40123921632766724	-0.6733679175376892	-0.25546538829803467	-0.211692675948143	-0.03934274986386299
ENSMUSG00000117143	-0.019575688987970352	0.0949944332242012	-0.1536160707473755	-0.032945338636636734	-0.35662218928337097	-0.120218925178051	-0.07261054217815399	-0.02831464447081089
ENSMUSG00000063286	-0.015910692512989044	0.10556326061487198	0.004770531319081783	0.0024861956480890512	-0.4773007333278656	-0.12222708016633987	-0.13666866719722748	-0.07587839663028717
ENSMUSG00000000216	-0.12006384134292603	-0.06899791210889816	-0.3171144723892212	-0.14823885262012482	-0.07047190517187119	0.2269907146692276	0.13187307119369507	0.03980432078242302
ENSMUSG00000098847	-0.058176737278699875	0.10335766524076462	-0.25665566325187683	-0.02475774474442005	-0.34662926197052	-0.12810631096363068	-0.043298378586769104	-0.012336313724517822
ENSMUSG00000102951	0.030594592913985252	0.10696309059858322	0.538056492805481	0.056209202855825424	-0.13917960226535797	-0.05625339597463608	-0.08603834360837936	-0.048606276512145996
ENSMUSG00000104407	-0.5901039838790894	-0.06737890094518661	0.5748360753059387	0.165715754032135	-1.1903108358383179	-0.2827252745628357	-0.3919886648654938	-0.23308950662612915
ENSMUSG00000022263	-0.02460932545363903	0.01860939897596836	-0.13982273638248444	-0.21007680892944336	0.19727283716201782	0.029341792687773705	0.13245686888694763	0.0733494907617569
ENSMUSG00000021639	0.08799358457326889	0.06760873645544052	1.0141462087631226	-0.00802911352366209	-0.08256445080041885	0.16867080330848694	-0.0735684186220169	0.03139568492770195
ENSMUSG00000027349	0.020616931840777397	0.08163414150476456	0.4607541263103485	-0.056669726967811584	-0.050616249442100525	0.21788224577903748	-0.02604554407298565	0.07641175389289856
ENSMUSG00000036403	-0.042640943080186844	0.06714004278182983	0.7183809876441956	-0.0351259745657444	-0.07493402808904648	0.17489656805992126	0.07698848098516464	0.12017335742712021
ENSMUSG00000041763	0.11948758363723755	0.07924928516149521	1.1674364805221558	-0.041183825582265854	-0.08345219492912292	0.17707206308841705	-0.057374659925699234	0.04208322614431381
ENSMUSG00000050619	-0.13652019202709198	-0.008762615732848644	0.11626683175563812	-0.0529240183532238	-0.00543561577796936	0.24849672615528107	0.12320412695407867	0.14913049340248108
ENSMUSG00000094954	-0.03525527939200401	0.08180005103349686	-0.35153812170028687	-0.01954987831413746	0.025953983888030052	-0.1267039030790329	0.03295191377401352	-0.010035352781414986
ENSMUSG00000045690	0.00195724586956203	0.06060979887843132	0.5932932496070862	0.24652203917503357	0.043093517422676086	0.20239639282226562	0.010137766599655151	-0.0005359977367334068
ENSMUSG00000092242	0.006818260531872511	0.1180918887257576	0.23488330841064453	-0.05034635588526726	-0.34326526522636414	-0.17156614363193512	-0.05024156719446182	-0.06785976141691208
ENSMUSG00000045148	-0.20745231211185455	0.04538007080554962	-0.13656893372535706	-0.03571420535445213	-0.2203795313835144	-0.0040040528401732445	-0.17386667430400848	-0.08712048828601837
ENSMUSG00000069720	-0.002870694501325488	0.13575172424316406	-0.2671055197715759	-0.005039732437580824	-0.17117395997047424	-0.17814311385154724	-0.020050926133990288	-0.01234615221619606
ENSMUSG00000104082	-0.022536680102348328	0.0591830313205719	-0.048548370599746704	0.00764653692021966	-0.08171731233596802	-0.016756653785705566	0.023409180343151093	-0.03016752563416958
ENSMUSG00000111275	0.234416201710701	-0.4307975471019745	-0.9855288863182068	-0.24211129546165466	1.1528037786483765	0.2013748735189438	0.10098439455032349	0.006445155944675207
ENSMUSG00000024049	-0.08943648636341095	0.07042277604341507	0.048699673265218735	-6.825863965786994e-05	-0.13605037331581116	0.23777414858341217	0.0064127203077077866	0.043663810938596725
ENSMUSG00000049709	-0.007782365661114454	0.10727401077747345	-0.25711363554000854	0.0016027960227802396	-0.3266749083995819	-0.14656133949756622	0.007728678174316883	-0.001560173463076353
ENSMUSG00000101013	0.08630368113517761	-0.01838618516921997	-0.442546546459198	-0.026601210236549377	0.3965708911418915	0.3192657232284546	0.21051935851573944	0.12753742933273315
ENSMUSG00000079029	-0.06662556529045105	0.06631087511777878	-0.30941808223724365	-0.032275594770908356	-0.001776227611117065	0.019519252702593803	-0.04243050515651703	-0.05332958325743675
ENSMUSG00000106719	0.04023899883031845	0.10949841141700745	0.6387351751327515	-0.049553751945495605	-0.05227595940232277	-0.0273929163813591	-0.022532759234309196	-0.026545429602265358
ENSMUSG00000103220	-0.05206485092639923	0.06830005347728729	-0.19612577557563782	-0.021921712905168533	-0.11422018706798553	-0.09397506713867188	0.0362129732966423	-0.035473234951496124
ENSMUSG00000085600	-0.07992680370807648	0.04732038825750351	-0.05970168486237526	0.0026553254574537277	-0.3403436541557312	-0.048836831003427505	0.018142035230994225	0.05887855216860771
ENSMUSG00000000581	-0.009676930494606495	0.07776261121034622	0.30154579877853394	-0.05918320268392563	-0.28086090087890625	0.19559170305728912	-0.06382665038108826	0.0769839733839035
ENSMUSG00000050447	-0.1607847362756729	0.060218434780836105	-0.03974249213933945	-0.16723209619522095	-0.35780999064445496	0.19706004858016968	0.0558285266160965	0.15400823950767517
ENSMUSG00000004535	0.1251952350139618	0.07374169677495956	1.0782119035720825	0.08999806642532349	-0.06059230864048004	0.2160397320985794	-0.04549813270568848	0.03917611017823219
ENSMUSG00000096650	-0.332475483417511	-0.0488349050283432	0.425573468208313	0.24396514892578125	-1.3412108421325684	-0.24797673523426056	-0.44049927592277527	-0.15928949415683746
ENSMUSG00000033770	-0.012962091714143753	0.05159473419189453	-0.007332089357078075	-0.05597821623086929	-0.015355042181909084	-0.052418433129787445	0.1240222230553627	-0.005270886234939098
ENSMUSG00000029550	-0.04111374914646149	0.037292007356882095	0.7995191216468811	-0.04893922805786133	0.08719107508659363	0.2397640347480774	0.07496240735054016	0.07230886816978455
ENSMUSG00000042102	-0.15488247573375702	0.0026373951695859432	-0.14374639093875885	-0.13687177002429962	-0.06496331095695496	0.25343257188796997	0.10949945449829102	0.1296168714761734
ENSMUSG00000023439	0.11254163831472397	0.06212541460990906	0.38297054171562195	0.1440272480249405	0.16109472513198853	-0.029722563922405243	0.11652065068483353	-0.016335967928171158
ENSMUSG00000117092	-0.052283644676208496	0.08267967402935028	0.2468453198671341	-0.00878217164427042	-0.36607471108436584	-0.07798982411623001	-0.06222636625170708	-0.05511041730642319
ENSMUSG00000046865	-0.0334482379257679	0.0649208277463913	1.2002540826797485	0.05746009945869446	0.31503307819366455	0.212416872382164	0.07484959065914154	0.01708545722067356
ENSMUSG00000035104	-0.15689481794834137	-0.07958094775676727	0.01865238882601261	-0.07863183319568634	0.29662400484085083	0.30295512080192566	0.1496099829673767	0.12915365397930145
ENSMUSG00000051008	0.025082344189286232	-0.008737697266042233	-0.2951887547969818	0.03250867873430252	0.7691702246665955	0.3310733735561371	0.31372278928756714	0.04417680203914642
ENSMUSG00000034245	-0.07344760745763779	0.06921552121639252	0.3925066888332367	-0.05041789636015892	-0.2522704303264618	0.03315110504627228	0.03645448759198189	0.04242309182882309
ENSMUSG00000085743	0.022262778133153915	-0.3663378059864044	-0.9917037487030029	-0.19406284391880035	1.0004489421844482	0.06645448505878448	0.05954381823539734	-0.041649702936410904
ENSMUSG00000021596	-0.21344339847564697	0.1329246163368225	-0.16912832856178284	-0.36249473690986633	-0.30783960223197937	-0.04292962700128555	0.09548715502023697	0.12782682478427887
ENSMUSG00000115041	0.1417412906885147	0.0683366060256958	1.8087445497512817	0.0016505899839103222	-0.27732110023498535	-0.145135760307312	-0.013825164176523685	0.010073715820908546
ENSMUSG00000033105	-0.02330091968178749	0.07375083863735199	1.6107337474822998	-0.05616537481546402	-0.25343093276023865	0.11313783377408981	0.010723289102315903	0.041242703795433044
ENSMUSG00000037686	0.058594703674316406	0.06695322692394257	0.5452126860618591	-0.07008097320795059	-0.03647332638502121	0.020414650440216064	0.105404794216156	0.02128360979259014
ENSMUSG00000106432	-0.11682770401239395	0.11559831351041794	-0.21184445917606354	-0.004458770155906677	-0.16316017508506775	-0.08161447197198868	-0.03537769988179207	-0.058059144765138626
ENSMUSG00000068391	-0.04145706072449684	0.0570506826043129	0.9288936853408813	0.06855446845293045	-0.075432188808918	0.18227358162403107	-0.017004992812871933	0.01352864783257246
ENSMUSG00000112945	0.12959511578083038	-0.19195803999900818	-0.8896214962005615	-0.23982113599777222	0.33714115619659424	0.3208598792552948	0.13322260975837708	-0.04549132660031319
ENSMUSG00000059409	-0.07501720637083054	0.05284442380070686	0.9969210624694824	-0.010999045334756374	0.20840036869049072	0.19562824070453644	0.10716258734464645	0.019663939252495766
ENSMUSG00000106197	0.07627641409635544	0.10438848286867142	0.8086225986480713	0.08385083079338074	0.10614524036645889	-0.3320753872394562	-0.07834281772375107	-0.038180481642484665
ENSMUSG00000059089	-0.03709022328257561	0.08374617248773575	-0.24893684685230255	-0.02719110995531082	-0.17319528758525848	-0.16240574419498444	0.11589060723781586	-0.003373368177562952
ENSMUSG00000066030	-0.048490971326828	0.09095552563667297	-0.10068686306476593	-0.02438804879784584	-0.4636610448360443	-0.08662588894367218	-0.115883007645607	-0.05432017147541046
ENSMUSG00000111448	-0.14232835173606873	0.06599010527133942	-0.056461434811353683	-0.0317169614136219	-0.3434138596057892	0.023843832314014435	-0.19105938076972961	-0.07116643339395523
ENSMUSG00000108847	0.02220732904970646	0.12742868065834045	0.2727698087692261	0.014917382039129734	-0.6503348350524902	-0.13167351484298706	-0.049303021281957626	-0.08909595757722855
ENSMUSG00000040383	0.10037817806005478	0.06994707882404327	1.375504970550537	-0.07649777829647064	-0.12492693215608597	0.016935700550675392	-0.03442009538412094	-0.044104043394327164
ENSMUSG00000102067	-0.021592717617750168	0.1056954488158226	-0.12009338289499283	-0.03492050617933273	-0.4015452265739441	-0.13093183934688568	-0.05558799207210541	-0.03324936330318451
ENSMUSG00000037603	-0.03615796938538551	0.11033622920513153	-0.12010219693183899	-0.053719449788331985	-0.1586349904537201	-0.13263210654258728	-0.007466173730790615	-0.03741452842950821
ENSMUSG00000039795	0.038674045354127884	0.09005287289619446	0.46134933829307556	0.054581426084041595	0.16640116274356842	0.14701950550079346	0.03527923300862312	-0.006194062996655703
ENSMUSG00000086980	-0.08092305064201355	0.012586226686835289	-0.1662658303976059	0.027574563398957253	-0.16250687837600708	-0.10440690070390701	0.07696173340082169	0.05030476674437523
ENSMUSG00000025287	0.1540682464838028	0.050333742052316666	2.011141061782837	0.32553091645240784	-1.049534559249878	0.07910053431987762	-0.25985732674598694	-0.017587102949619293
ENSMUSG00000026781	0.009126330725848675	0.0686340257525444	0.6698535084724426	-0.0007329380605369806	-0.045738112181425095	0.18960827589035034	-0.007664749398827553	0.08839863538742065
ENSMUSG00000054510	-0.009058441035449505	0.1123623475432396	0.04304056242108345	-0.01847986690700054	-0.20747901499271393	0.013846534304320812	-0.12018487602472305	-0.08448896557092667
ENSMUSG00000113649	-0.02915976755321026	0.12070513516664505	-0.1502569615840912	-0.037086762487888336	-0.4139366149902344	-0.12442778795957565	0.037728603929281235	-0.027577359229326248
ENSMUSG00000079465	-0.14493517577648163	-0.023277418687939644	-0.43143314123153687	-0.1341841071844101	0.03465479612350464	0.17373809218406677	0.09788475930690765	0.07005377113819122
ENSMUSG00000061130	0.08322187513113022	0.08578959107398987	0.986725926399231	0.16622062027454376	0.007113426458090544	0.16697531938552856	-0.05329814553260803	-0.029589923098683357
ENSMUSG00000105813	-0.00630797678604722	-0.009205500595271587	-0.46303805708885193	0.1866140216588974	1.215559482574463	0.33857500553131104	0.24696815013885498	0.03230993449687958
ENSMUSG00000030663	-0.18363505601882935	-0.006131351459771395	-0.30129772424697876	-0.30252179503440857	0.18577547371387482	0.08863382041454315	0.12409139424562454	0.059639304876327515
ENSMUSG00000038005	0.029171355068683624	0.07453550398349762	0.8626888394355774	-0.06147972494363785	-0.04009446129202843	0.16934210062026978	0.0728011503815651	0.0625554770231247
ENSMUSG00000018849	-0.1295383721590042	0.056622061878442764	0.6351895332336426	-0.0703340619802475	-0.011764750815927982	0.21744926273822784	0.10551862418651581	0.11955727636814117
ENSMUSG00000106379	-0.19269758462905884	0.08349687606096268	-0.22604866325855255	-0.33833491802215576	-0.4399394690990448	0.09855981916189194	0.07745034247636795	0.09641429781913757
ENSMUSG00000109697	0.7133642435073853	-0.25847893953323364	-1.9400593042373657	-0.5371462106704712	1.8195704221725464	0.0250299833714962	0.09800661355257034	0.04545462131500244
ENSMUSG00000099615	-0.11011885851621628	0.07040995359420776	-0.24852193892002106	-0.05796807259321213	0.07036716490983963	0.06021120026707649	-0.03252775967121124	-0.07856152206659317
ENSMUSG00000026450	-0.0471605509519577	0.10957636684179306	-0.07190645486116409	0.28460022807121277	-0.06988263875246048	-0.008969925343990326	0.05679655075073242	-0.01893473044037819
ENSMUSG00000002329	0.04176385700702667	0.04883512854576111	0.2857207953929901	-0.04701422154903412	0.22033663094043732	0.12408103048801422	0.1613347977399826	0.040166568011045456
ENSMUSG00000078687	-0.07845548540353775	0.06266527622938156	0.37562981247901917	-0.01877739280462265	-0.6432912945747375	-0.1447937935590744	-0.23826605081558228	-0.14006909728050232
ENSMUSG00000079339	-0.043440647423267365	0.08965125679969788	-0.20609840750694275	-0.07106287777423859	0.14168645441532135	0.07219229638576508	0.05703090503811836	-0.053357359021902084
ENSMUSG00000030323	-0.025105541571974754	0.09734521806240082	0.5018884539604187	0.250858873128891	-0.12781575322151184	0.11323077976703644	0.007283518090844154	-0.015924302861094475
ENSMUSG00000085383	-0.048597171902656555	0.08648549765348434	-0.04747738689184189	-0.022337622940540314	-0.5513025522232056	-0.07988040149211884	-0.10864556580781937	-0.05096619203686714
ENSMUSG00000085448	-0.08981095254421234	0.05833706259727478	-0.05408404394984245	-0.041809894144535065	-0.28193745017051697	0.1799185425043106	0.007205360569059849	0.1501649171113968
ENSMUSG00000115597	-0.01697603054344654	0.08683720231056213	0.6312539577484131	0.05618749558925629	-0.22341841459274292	-0.12481250613927841	-0.022721583023667336	-0.06805291771888733
ENSMUSG00000050945	-0.01599966734647751	0.059939756989479065	0.17777490615844727	0.14134344458580017	-0.462929368019104	0.20814856886863708	-0.15172187983989716	-0.03243707865476608
ENSMUSG00000116874	-0.021400272846221924	0.08166009187698364	0.23793913424015045	0.2589871883392334	-0.4327162206172943	-0.2385265976190567	-0.054371174424886703	-0.014072170481085777
ENSMUSG00000112424	-0.06868568807840347	0.09991928935050964	-0.058969639241695404	-0.053243692964315414	-0.40069031715393066	-0.034349653869867325	-0.009347795508801937	-0.041341282427310944
ENSMUSG00000067235	0.6392626762390137	-0.28417009115219116	-1.222533941268921	-0.2712295353412628	1.159813642501831	-0.032182130962610245	0.0956023782491684	-0.057362113147974014
ENSMUSG00000078521	-0.05377725511789322	0.06203358992934227	0.9950632452964783	-0.01736331358551979	-0.06498938798904419	0.1466510146856308	0.041498322039842606	0.022148961201310158
ENSMUSG00000028309	0.17728085815906525	0.04955938830971718	1.6653872728347778	0.043673258274793625	-0.42491957545280457	0.14952024817466736	-0.14771002531051636	0.03411228954792023
ENSMUSG00000111498	-0.04796651378273964	0.06837203353643417	0.06874485313892365	-0.06465315818786621	-0.12226992845535278	-0.14105822145938873	0.027390487492084503	-0.038606587797403336
ENSMUSG00000096606	0.9293864965438843	-0.2231239527463913	-1.8139822483062744	-0.5298572778701782	1.4513238668441772	-0.029384342953562737	0.08840135484933853	0.010999427177011967
ENSMUSG00000102633	-0.0018585327779874206	0.11103037744760513	-0.1627950668334961	0.032968565821647644	-0.3311383128166199	-0.01356619130820036	-0.0981808602809906	-0.031949225813150406
ENSMUSG00000105011	-0.0489356704056263	0.076230987906456	-0.17533297836780548	-0.03942696750164032	-0.2160729020833969	-0.08495248109102249	-0.09813512861728668	-0.0505267009139061
ENSMUSG00000100726	-0.38145214319229126	-0.006172912195324898	0.47136712074279785	0.2160443365573883	-1.2175281047821045	-0.2490977644920349	-0.3968060314655304	-0.1904396265745163
ENSMUSG00000027857	-0.009040520526468754	0.14147347211837769	-0.01433274894952774	-0.036520496010780334	-0.3944562077522278	-0.02298249490559101	-0.06946888566017151	-0.07223241031169891
ENSMUSG00000021509	-0.09510739147663116	-0.2078871876001358	-0.24427783489227295	-0.21630577743053436	0.03383101895451546	0.36213061213493347	0.1166306808590889	0.022645292803645134
ENSMUSG00000006736	-0.1783948689699173	0.026296375319361687	1.406097412109375	-0.026527564972639084	0.8743711709976196	0.2279127538204193	0.15141801536083221	-0.0051515609957277775
ENSMUSG00000020548	-0.009567474015057087	0.08823724091053009	0.5809526443481445	-0.017042463645339012	-0.5147229433059692	-0.044809237122535706	-0.03920828178524971	-0.031607553362846375
ENSMUSG00000031840	0.2557637095451355	-0.05599825456738472	-0.1969626247882843	-0.033256836235523224	0.6248939037322998	0.31119224429130554	0.23962374031543732	0.12148354202508926
ENSMUSG00000087290	-0.027870329096913338	0.09884855896234512	-0.02674091048538685	-0.03204435110092163	-0.29234206676483154	-0.03630679473280907	-0.03779015690088272	-0.027488403022289276
ENSMUSG00000032580	0.12139271944761276	0.06290140002965927	1.5149660110473633	-0.014409534633159637	-0.11799175292253494	0.12100349366664886	-0.037770938128232956	0.04497029259800911
ENSMUSG00000073913	-0.13737381994724274	0.07942573726177216	-0.0768532007932663	-0.011040771380066872	-0.4605541527271271	-0.1234038919210434	-0.1144055724143982	-0.05974183604121208
ENSMUSG00000078698	-0.10458996146917343	0.06203394755721092	0.6189723014831543	0.14659957587718964	-1.311354637145996	-0.12807272374629974	-0.3594345152378082	-0.1825169175863266
ENSMUSG00000101667	-0.25634047389030457	0.06319546699523926	0.3740425407886505	0.11137301474809647	-0.9493858218193054	-0.18786253035068512	-0.5100234150886536	-0.13062483072280884
ENSMUSG00000027242	0.08701017498970032	0.07521448284387589	1.1216373443603516	-0.0634489357471466	-0.00975903868675232	0.17354744672775269	-0.007818253710865974	0.04275015741586685
ENSMUSG00000062524	-0.021310042589902878	0.0926237478852272	-0.0835074782371521	-0.018448520451784134	-0.4646105468273163	-0.13825377821922302	-0.07662374526262283	-0.024157602339982986
ENSMUSG00000052236	-0.050609663128852844	0.08872277289628983	-0.21664531528949738	-0.0381501205265522	-0.08276772499084473	-0.06848516315221786	-0.06655603647232056	-0.044319793581962585
ENSMUSG00000110020	0.9401777386665344	-0.0026170227210968733	-1.8156561851501465	-0.3530386984348297	1.8329131603240967	0.30736079812049866	-0.1241798996925354	0.08344925194978714
ENSMUSG00000056258	-0.18333691358566284	0.08870986104011536	-0.22658416628837585	-0.2192183881998062	-0.3748364746570587	0.043015006929636	0.061201997101306915	0.13705863058567047
ENSMUSG00000033917	-0.07309266924858093	0.06273850798606873	0.9167173504829407	-0.07167404890060425	-0.08177313208580017	0.18465279042720795	0.07386545091867447	0.05871961638331413
ENSMUSG00000025330	0.0041872658766806126	0.06517890095710754	0.11854620277881622	0.0751756876707077	0.011663611978292465	0.020697833970189095	0.11152277886867523	-0.01181531697511673
ENSMUSG00000020519	0.06199146807193756	-0.13931208848953247	-0.3434607684612274	-0.07582029700279236	0.14139381051063538	0.368515282869339	0.21642795205116272	0.08385935425758362
ENSMUSG00000114606	-0.006756445858627558	0.08273837715387344	0.974894642829895	0.04179256409406662	-0.34517917037010193	0.005692358128726482	-0.02282724343240261	-0.07183542847633362
ENSMUSG00000047828	-0.0398661307990551	0.09523758292198181	-0.00789683498442173	-0.04661114513874054	-0.12719908356666565	-0.18343734741210938	0.06596393883228302	-0.040110405534505844
ENSMUSG00000056665	0.46878159046173096	-0.15312814712524414	-0.42966973781585693	-0.07966718077659607	0.7524094581604004	0.33722642064094543	0.19226999580860138	0.09344424307346344
ENSMUSG00000027698	-0.1477510780096054	0.024284211918711662	0.059024009853601456	-0.06765436381101608	0.023912735283374786	0.2650759816169739	0.08631306886672974	0.15305796265602112
ENSMUSG00000018171	0.043881796300411224	0.0724981352686882	0.6959795355796814	-0.06503298878669739	-0.04615600407123566	0.20277096331119537	-0.01719369925558567	0.07751375436782837
ENSMUSG00000030219	-0.04391252622008324	0.0743996649980545	-0.3501585125923157	-0.013602571561932564	0.051536139100790024	-0.14071865379810333	0.1401030570268631	-0.019102470949292183
ENSMUSG00000071506	-0.09552169591188431	0.04554859176278114	0.04182982072234154	-0.008966355584561825	1.147584080696106	0.02214893326163292	0.2336474359035492	0.04182083532214165
ENSMUSG00000021614	-0.17445345222949982	0.07154164463281631	0.14422179758548737	-0.202834352850914	0.2550564110279083	0.12516750395298004	0.14377258718013763	0.1386956423521042
ENSMUSG00000021904	-0.033983293920755386	0.06252778321504593	-0.2631736695766449	-0.04347075894474983	0.33825749158859253	-0.1413770616054535	0.2041911631822586	-0.030943846330046654
ENSMUSG00000020513	-0.021064139902591705	0.061534177511930466	0.6696226000785828	0.030135517939925194	-0.0927109643816948	0.2110784351825714	-0.014397991821169853	0.04890650138258934
ENSMUSG00000038255	0.6927192211151123	-0.2094648778438568	-2.2005112171173096	-0.6587837338447571	2.401510238647461	-0.14215345680713654	0.3325135111808777	-0.09742388129234314
ENSMUSG00000111928	-0.032523203641176224	0.11877492070198059	-0.31008008122444153	-0.01899118162691593	-0.2528148889541626	-0.09166865050792694	0.006809860002249479	-0.017161238938570023
ENSMUSG00000021811	-0.06738191843032837	0.06595876812934875	1.305304765701294	-0.018695887178182602	0.47249647974967957	0.20005327463150024	0.07033342123031616	0.0181734636425972
ENSMUSG00000056656	-0.07061062753200531	0.06570106744766235	0.14830107986927032	0.07732836157083511	-0.405539333820343	0.02547891065478325	-0.026646876707673073	-0.03142685443162918
ENSMUSG00000117671	-0.12931858003139496	-0.00338050932623446	-0.41491714119911194	-0.15653178095817566	-0.17882570624351501	0.24357889592647552	0.09698528051376343	0.07224058359861374
ENSMUSG00000115174	-0.020941447466611862	0.10334771126508713	-0.2453405261039734	-0.03604395315051079	-0.11148065328598022	-0.11177147924900055	-0.039545342326164246	-0.043378427624702454
ENSMUSG00000043207	0.1070089116692543	0.020842459052801132	1.1092500686645508	-0.06417703628540039	-0.13436490297317505	0.17863616347312927	-0.10228176414966583	0.05105040967464447
ENSMUSG00000082976	0.0053789252415299416	0.10546073317527771	-0.11324283480644226	-0.050667066127061844	-0.27153193950653076	-0.11166907101869583	-0.010625247843563557	-0.0585281178355217
ENSMUSG00000019803	1.269510269165039	-0.2342727780342102	-1.9213007688522339	-0.40634286403656006	1.5476500988006592	-0.3652592897415161	-0.02198140323162079	-0.04784616082906723
ENSMUSG00000107429	0.012356295250356197	0.0887126699090004	0.5827572345733643	-0.03267839178442955	0.1884935349225998	0.16885524988174438	-0.0018261715304106474	-0.020139802247285843
ENSMUSG00000096538	-0.32791802287101746	-0.010484615340828896	0.6012300252914429	0.33521801233291626	-1.2382315397262573	-0.2661723494529724	-0.5191658735275269	-0.22180140018463135
ENSMUSG00000089992	-0.09044484049081802	0.045972295105457306	0.04591656103730202	-0.021209225058555603	-0.47950994968414307	-0.026186667382717133	-0.24927598237991333	-0.0702027827501297
ENSMUSG00000073627	-0.10873386263847351	0.019832825288176537	0.20861183106899261	0.019959818571805954	0.2440030872821808	0.30258211493492126	0.05000683665275574	0.002199702663347125
ENSMUSG00000114098	-0.006152245216071606	0.14517740905284882	-0.0313238650560379	0.09688715636730194	-0.20257948338985443	-0.23391671478748322	-0.12311656773090363	-0.05795695260167122
ENSMUSG00000001588	0.013986432924866676	0.06709437072277069	0.3534075617790222	0.11742561310529709	0.0765451192855835	-0.03009900264441967	0.12863849103450775	-0.013194525614380836
ENSMUSG00000116907	-0.16415712237358093	0.07778091728687286	-0.21655532717704773	-0.0073066591285169125	-0.10568267107009888	-0.09973090142011642	-0.13380864262580872	-0.06295911967754364
ENSMUSG00000028629	0.10343806445598602	0.08861814439296722	1.264301061630249	0.06972049921751022	-0.07037670910358429	0.14000557363033295	0.012198355980217457	0.025136923417448997
ENSMUSG00000040883	-0.04740550369024277	0.05805346369743347	0.869148850440979	-0.03452327102422714	0.17884527146816254	0.10238426923751831	0.12636002898216248	0.0014714482240378857
ENSMUSG00000000948	-0.1681472361087799	0.054571982473134995	0.7647656202316284	0.316175639629364	-0.28760260343551636	0.11709677428007126	-0.20024028420448303	-0.08777334541082382
ENSMUSG00000022149	-0.012316081672906876	0.09330909699201584	-0.17186656594276428	-0.024836625903844833	-0.34371623396873474	-0.12859056890010834	-0.06266598403453827	-0.0233561173081398
ENSMUSG00000091882	-0.0045744567178189754	0.10262951999902725	-0.3901194632053375	-0.032563112676143646	0.09000250697135925	-0.14022645354270935	0.08863791823387146	-0.019009048119187355
ENSMUSG00000029064	0.055713195353746414	0.06814862042665482	1.1135387420654297	-0.037400152534246445	-0.014389682561159134	0.18828999996185303	0.015538375824689865	0.04184270277619362
ENSMUSG00000033697	-0.13025152683258057	0.03051186166703701	0.4669281840324402	-0.06708213686943054	0.19532901048660278	0.2597551643848419	0.12365562468767166	0.11394169926643372
ENSMUSG00000105337	0.00842195376753807	0.08279397338628769	0.1522941142320633	0.0018618947360664606	-0.2507127523422241	-0.07320240139961243	-0.03023247793316841	-0.07722422480583191
ENSMUSG00000097313	-0.08882899582386017	-0.08099415153265	-0.12433698028326035	-0.06491002440452576	-0.260285884141922	0.14286348223686218	0.06680998206138611	0.09401781857013702
ENSMUSG00000087651	-0.12615114450454712	0.040081705898046494	0.3991453945636749	-0.03566105291247368	0.08694522827863693	0.19976477324962616	0.08746673911809921	0.12290413677692413
ENSMUSG00000107512	0.027345314621925354	0.12536972761154175	0.17317745089530945	0.03332850709557533	-0.549792468547821	-0.2144784927368164	-0.06967312097549438	-0.06364292651414871
ENSMUSG00000039253	-0.11452300101518631	0.018863201141357422	0.00020328722894191742	-0.021128477528691292	-0.1885298490524292	0.10389962047338486	0.04312873259186745	0.09554991871118546
ENSMUSG00000104717	0.007123344112187624	0.12617401778697968	0.10991638898849487	-0.03745798021554947	-0.40847235918045044	-0.08093968033790588	-0.09960242360830307	-0.07623474299907684
ENSMUSG00000061847	-0.0642230212688446	0.08240726590156555	-0.22068607807159424	-0.035533346235752106	-0.2267753630876541	-0.07692329585552216	-0.045570340007543564	-0.048323918133974075
ENSMUSG00000037679	-0.06425097584724426	-0.10587846487760544	0.45589178800582886	-0.1209401860833168	0.18840333819389343	0.3079851567745209	0.14166396856307983	0.06702478229999542
ENSMUSG00000115657	0.030928755179047585	0.12268601357936859	-0.5773186087608337	0.31422317028045654	0.6688782572746277	-0.08758851885795593	0.22174856066703796	-0.026655828580260277
ENSMUSG00000074807	-0.05514173582196236	0.10638550668954849	0.10191651433706284	0.2583390176296234	0.9399117231369019	0.3200930058956146	0.16009220480918884	0.02363467402756214
ENSMUSG00000059206	-0.042617667466402054	0.11788657307624817	0.026317546144127846	-0.004346976988017559	-0.3828839063644409	-0.09985817223787308	-0.11551731079816818	-0.09782999008893967
ENSMUSG00000004415	-0.05205613747239113	-0.22801247239112854	-0.26048874855041504	-0.2641391456127167	0.21614938974380493	0.3747345209121704	0.10081914812326431	-0.04005058854818344
ENSMUSG00000061132	-0.05651496350765228	0.06587988883256912	0.13424772024154663	-0.05039441958069801	-0.18161292374134064	-0.08136177808046341	0.0025444715283811092	-0.0013075281167402864
ENSMUSG00000051427	-0.09018464386463165	0.042155638337135315	0.3899729549884796	-0.04626366123557091	-0.07008720934391022	0.2277507334947586	0.05769222229719162	0.02040637470781803
ENSMUSG00000041949	0.01617869734764099	0.08630664646625519	0.8841668963432312	0.056936293840408325	-0.17006784677505493	0.09764134138822556	-0.050597384572029114	-0.01620955392718315
ENSMUSG00000102451	0.014144666492938995	0.11921102553606033	0.3956395089626312	0.07463444024324417	-0.04497229680418968	0.04604677855968475	-0.054938338696956635	-0.0818430483341217
ENSMUSG00000063380	-0.1473950892686844	0.08232658356428146	-0.11480477452278137	-0.01898938976228237	-0.32010164856910706	-0.049870047718286514	-0.16721069812774658	-0.04678832367062569
ENSMUSG00000016319	-0.05345741659402847	0.055035900324583054	1.0674803256988525	0.29481735825538635	0.1934281289577484	0.12231601774692535	-0.052053388208150864	0.0019717502873390913
ENSMUSG00000028259	-0.028366826474666595	0.1012830063700676	-0.2194545418024063	-0.032681409269571304	-0.2730425000190735	-0.08415713161230087	-0.06166666001081467	-0.035809531807899475
ENSMUSG00000028229	-0.14255207777023315	0.07792599499225616	0.010245654731988907	-0.108314648270607	-0.021771840751171112	0.17115779221057892	0.04579433798789978	0.1590537130832672
ENSMUSG00000037747	0.009824839420616627	0.11110703647136688	-0.055441178381443024	-0.037440523505210876	0.02475179359316826	-0.023678407073020935	0.021077249199151993	-0.05451947823166847
ENSMUSG00000073803	-0.027857260778546333	0.07666168361902237	-0.3170868158340454	-0.012491920031607151	-0.24442344903945923	-0.15416964888572693	0.09168853610754013	-0.00040908739902079105
ENSMUSG00000054892	-0.014859715476632118	0.11689844727516174	-0.1676950305700302	-0.02477230504155159	-0.184809610247612	-0.15030957758426666	0.011679214425384998	-0.02606075443327427
ENSMUSG00000085463	-0.06239524856209755	0.027336066588759422	-0.43354877829551697	-0.01342992763966322	-0.07383712381124496	-0.09333913028240204	0.2681834101676941	0.03413804993033409
ENSMUSG00000109506	0.005086686462163925	0.13258926570415497	-0.11847793310880661	-0.015964793041348457	-0.36195072531700134	-0.12349609285593033	-0.0755268856883049	-0.025300709530711174
ENSMUSG00000037974	-0.03259823098778725	0.09093871712684631	0.2166205644607544	0.14556223154067993	-0.31955647468566895	-0.13080880045890808	-0.07223719358444214	-0.05441823974251747
ENSMUSG00000023473	0.2000555545091629	-0.12138129025697708	-0.7041462659835815	-0.08789656311273575	0.7948557138442993	0.3883815407752991	0.31907835602760315	0.13843916356563568
ENSMUSG00000114091	-0.022766292095184326	0.1037975624203682	-0.0629059299826622	-0.02270037680864334	-0.3960381746292114	-0.08833548426628113	-0.09008721262216568	-0.06604776531457901
ENSMUSG00000009112	0.018933463841676712	0.07350563257932663	0.8431459069252014	-0.06063982844352722	-0.09118931740522385	0.1557716578245163	-0.01474829576909542	0.03294944763183594
ENSMUSG00000097274	-0.021000351756811142	-0.034463368356227875	-0.7741439342498779	-0.04379318282008171	0.7373821139335632	0.001195151242427528	0.21232841908931732	0.034717217087745667
ENSMUSG00000030852	-0.07707826793193817	0.0704454630613327	0.6456369757652283	-0.04792380332946777	-0.003208595560863614	0.06750737875699997	0.04692512005567551	0.049497947096824646
ENSMUSG00000086197	-0.06718924641609192	0.11435866355895996	0.04801677539944649	-0.016634108498692513	-0.42453038692474365	-0.1362280547618866	-0.007786950096487999	-0.08972519636154175
ENSMUSG00000031026	-0.08753576129674911	0.056681498885154724	0.03877671808004379	-0.0386514887213707	-0.21816764771938324	0.04152561351656914	0.016460420563817024	0.038760796189308167
ENSMUSG00000090873	-0.09011448919773102	-0.03659501671791077	-0.0834110900759697	-0.05241317301988602	-0.16666309535503387	0.3100838363170624	0.09586823731660843	0.14061623811721802
ENSMUSG00000105705	-0.09511804580688477	0.07424405217170715	-0.2450989931821823	-0.04067884013056755	-0.08440187573432922	0.017217455431818962	-0.06834979355335236	-0.030212581157684326
ENSMUSG00000020790	0.08539995551109314	0.07111088931560516	1.1612757444381714	0.003471674397587776	-0.15243852138519287	0.13958650827407837	-0.03194647282361984	0.028071684762835503
ENSMUSG00000103607	-0.17165666818618774	0.08354029059410095	0.007885606028139591	-0.0038043661043047905	-0.45761820673942566	-0.08648817986249924	-0.1692567616701126	-0.10498294979333878
ENSMUSG00000074673	-0.10116099566221237	0.06825051456689835	0.06784834712743759	-0.054174020886421204	-0.023930635303258896	0.1761166900396347	0.10637713223695755	0.05942075699567795
ENSMUSG00000118403	-0.013323250226676464	0.10285712033510208	0.25264668464660645	0.13717269897460938	-0.05113288760185242	-0.10230015963315964	-0.002685828832909465	-0.03019656613469124
ENSMUSG00000117407	-0.1523270457983017	0.06914584338665009	0.11927226185798645	-0.004611348733305931	-0.43790069222450256	-0.023424558341503143	-0.1330765187740326	-0.004095728974789381
ENSMUSG00000033285	0.08901084959506989	0.09617049247026443	1.5875211954116821	-0.055488552898168564	-0.389760822057724	0.14005902409553528	-0.012751080095767975	0.025851931422948837
ENSMUSG00000109111	-0.05008029565215111	0.04179511219263077	0.5926039218902588	0.16104868054389954	0.1930290013551712	0.14700360596179962	0.04677240923047066	-0.01411441434174776
ENSMUSG00000025968	0.13389922678470612	0.07527772337198257	1.3500571250915527	0.07833065837621689	-0.023359861224889755	0.1837645322084427	-0.08137907087802887	0.02666284143924713
ENSMUSG00000086512	-0.05044292286038399	0.10024640709161758	-0.2379981279373169	-0.027409877628087997	-0.17368291318416595	-0.0994056984782219	-0.056902483105659485	-0.038894012570381165
ENSMUSG00000111366	-0.048648811876773834	0.06267472356557846	-0.2101738601922989	-0.04984423145651817	0.034042343497276306	-0.08918274194002151	0.1022522822022438	-0.020941056311130524
ENSMUSG00000026065	-0.07282055169343948	0.08064396679401398	-0.06719996780157089	-0.02034110762178898	-0.45796212553977966	-0.038981061428785324	-0.01177789643406868	0.05670081079006195
ENSMUSG00000015217	0.24819879233837128	-0.08598066121339798	-0.8961164355278015	-0.1309138536453247	1.126163363456726	0.22255298495292664	0.29675057530403137	0.08739729225635529
ENSMUSG00000024293	0.04266149178147316	0.059250812977552414	0.6781511902809143	-0.016488246619701385	-0.043419670313596725	0.21334964036941528	-0.06540041416883469	0.08749404549598694
ENSMUSG00000033152	-0.06241755560040474	-0.14233852922916412	-0.43038031458854675	-0.17736296355724335	0.1914358139038086	0.2933954894542694	0.15007951855659485	0.06971614062786102
ENSMUSG00000035045	-0.012677351012825966	0.06694157421588898	0.16122649610042572	0.0045568449422717094	-0.7536770105361938	0.15755580365657806	-0.18727998435497284	0.05411254242062569
ENSMUSG00000066090	-0.007084984332323074	0.1049116998910904	-0.19528287649154663	-0.042305175215005875	-0.19313496351242065	-0.09934097528457642	-0.005220718216150999	-0.04223329946398735
ENSMUSG00000050860	0.34520572423934937	-0.20360982418060303	-1.3633099794387817	-0.3054840564727783	1.545772671699524	0.2769818603992462	0.2243494987487793	0.10566774010658264
ENSMUSG00000091930	-0.17838023602962494	0.07089245319366455	-0.14755047857761383	-0.016904402524232864	-0.30335569381713867	-0.0734429806470871	-0.1720079630613327	-0.06845706701278687
ENSMUSG00000024273	0.10215466469526291	0.07981742918491364	1.1892163753509521	-0.06382611393928528	-0.2598741352558136	0.13687582314014435	0.02666350081562996	0.04035485163331032
ENSMUSG00000025656	0.0380050428211689	0.08826929330825806	0.4617476165294647	0.01243215799331665	-0.8995271921157837	-0.007987014949321747	-0.1470840871334076	0.06529337912797928
ENSMUSG00000073111	-0.08224214613437653	0.09121396392583847	-0.12251600623130798	-0.03656504303216934	-0.33150362968444824	-0.038721244782209396	-0.12046211957931519	-0.08286833763122559
ENSMUSG00000074650	-0.005309178959578276	0.05976099520921707	-0.5886653065681458	-0.005009108688682318	0.32002490758895874	-0.04769015312194824	0.23074251413345337	-0.006657259073108435
ENSMUSG00000026389	-0.021116938441991806	0.11686941236257553	0.1359967589378357	0.2825835943222046	0.13274326920509338	-0.15839329361915588	0.0726756602525711	-0.0034345961175858974
ENSMUSG00000086298	-0.019749030470848083	0.06917324662208557	0.9522058963775635	-0.05955672264099121	-0.04935360327363014	-0.07039692252874374	0.048329517245292664	-0.003377392888069153
ENSMUSG00000091272	1.272263765335083	-0.2210504710674286	-1.7854424715042114	-0.5135601758956909	1.1902375221252441	-0.1651172637939453	0.0225581843405962	-0.047851916402578354
ENSMUSG00000113621	-0.09582389891147614	0.05387381464242935	-0.022675054147839546	-0.03154824674129486	-0.1533268243074417	0.25906187295913696	0.007228642236441374	0.13239651918411255
ENSMUSG00000017765	-0.04172571748495102	-0.04846709594130516	0.3929278254508972	-0.08890710026025772	0.2803509831428528	0.2970978915691376	0.13445016741752625	0.08595394343137741
ENSMUSG00000053119	0.07627072185277939	0.06883092224597931	0.8057971000671387	0.10712049156427383	-0.11146461218595505	0.19989266991615295	-0.1003323569893837	0.02825084887444973
ENSMUSG00000115587	-0.06371257454156876	0.06966398656368256	-0.20613647997379303	-0.003988936077803373	-0.3363434076309204	-0.09244649857282639	0.03345319256186485	0.011244957335293293
ENSMUSG00000015829	-0.05595925450325012	0.08624967932701111	-0.07573464512825012	0.008345609530806541	-0.37607237696647644	-0.10007934272289276	-0.020362962037324905	0.04268794134259224
ENSMUSG00000045098	-0.0496588759124279	0.09407046437263489	0.8220972418785095	-0.08268018066883087	-0.057219333946704865	0.1464531272649765	0.07444790750741959	0.10851774364709854
ENSMUSG00000115726	-0.03703966736793518	0.08860407024621964	-0.12289868295192719	-0.024396877735853195	-0.45491164922714233	-0.13291987776756287	-0.016054043546319008	-0.012862656265497208
ENSMUSG00000033214	0.5028873682022095	-0.08173839747905731	-1.6918656826019287	-0.44978389143943787	1.6829034090042114	0.0116199292242527	0.3640160858631134	0.02647453360259533
ENSMUSG00000059336	-0.042676325887441635	0.09581027925014496	-0.2526240646839142	0.0011089476756751537	-0.14521484076976776	-0.20009039342403412	0.06270883232355118	-0.017771173268556595
ENSMUSG00000075184	-0.054699815809726715	0.06178627535700798	-0.21257396042346954	-0.029394671320915222	-0.1993163824081421	-0.12938304245471954	0.055087652057409286	-0.006009175907820463
ENSMUSG00000000244	-3.7419051750475774e-06	0.06469783186912537	0.6593815684318542	0.1883378028869629	0.2635865807533264	-0.08817796409130096	0.06793960183858871	0.015322799794375896
ENSMUSG00000113454	0.03855447098612785	0.11090907454490662	0.7075645923614502	0.033082515001297	-0.2535882890224457	-0.006087166257202625	-0.12001926451921463	-0.08304892480373383
ENSMUSG00000022472	0.017849668860435486	0.09474123269319534	0.8990581631660461	0.19837686419487	0.014476208947598934	-0.01547208521515131	0.03826829418540001	0.009272314608097076
ENSMUSG00000087613	0.05472647026181221	0.12380232661962509	0.3803378939628601	0.14851610362529755	0.015740597620606422	-0.10413655638694763	-0.07839547097682953	-0.03731824457645416
ENSMUSG00000019320	0.006431529298424721	0.02881525456905365	0.2513468265533447	-0.02861892618238926	0.1245228573679924	0.21326404809951782	0.08316883444786072	0.0628768801689148
ENSMUSG00000109286	0.005632626824080944	0.06922271847724915	-0.08671286702156067	0.04010272026062012	-0.23694036900997162	-0.23552696406841278	-0.030474640429019928	-0.03156639635562897
ENSMUSG00000029165	-0.08974647521972656	0.052932191640138626	0.8367599248886108	0.03617904707789421	0.11724244058132172	0.21958225965499878	0.06128177046775818	0.027865977957844734
ENSMUSG00000103472	0.19858144223690033	-0.1311580091714859	-1.1844162940979004	-0.23582643270492554	1.4831408262252808	0.3270191252231598	0.2137662172317505	0.14953762292861938
ENSMUSG00000112206	-0.0690215528011322	0.09981758892536163	0.049417585134506226	0.07006420195102692	-0.194525808095932	0.051201339811086655	-0.16146865487098694	-0.08946472406387329
ENSMUSG00000051517	0.032264094799757004	0.03612593188881874	0.3454365134239197	-0.06064020097255707	0.28701797127723694	0.21013124287128448	0.19205313920974731	0.07915645092725754
ENSMUSG00000040459	0.05119043216109276	0.06641414016485214	1.2866238355636597	0.07493434101343155	-0.11871977150440216	0.18854305148124695	-0.012513058260083199	0.02651793882250786
ENSMUSG00000006920	-0.0944671630859375	0.052790723741054535	0.5765928626060486	-0.025945886969566345	0.06418704241514206	0.23619556427001953	0.0960257351398468	0.04863031953573227
ENSMUSG00000110089	0.025319792330265045	0.09886220842599869	0.26410093903541565	-0.07293326407670975	-0.09357123076915741	-0.0920940712094307	-0.04796011000871658	-0.06347823888063431
ENSMUSG00000090059	-0.25451645255088806	0.08722090721130371	0.2012389898300171	0.07338585704565048	-0.32691776752471924	-0.09239135682582855	-0.16698907315731049	-0.12232004851102829
ENSMUSG00000020434	-0.07452598214149475	-0.009590309113264084	-0.36179906129837036	-0.018365520983934402	-0.10384614765644073	0.17968697845935822	0.1518595665693283	0.05564489960670471
ENSMUSG00000104781	-0.0038141501136124134	0.1017979234457016	-0.11762169748544693	-0.024715662002563477	-0.3518967926502228	-0.1401582509279251	-0.10285262018442154	-0.038058068603277206
ENSMUSG00000117636	-0.1788652390241623	0.105234794318676	0.29904335737228394	0.3490835130214691	-0.2092498391866684	-0.1279231607913971	-0.33447185158729553	-0.1155112236738205
ENSMUSG00000041566	0.09541391581296921	0.07464514672756195	-0.1800736039876938	-0.03413036838173866	-0.32079800963401794	-0.143219456076622	0.0608132965862751	-0.007953042164444923
ENSMUSG00000110923	-0.07644973695278168	0.07551134377717972	-0.07265563309192657	-0.03673066943883896	-0.2678687572479248	-0.04487353935837746	-0.1314111053943634	-0.05060657858848572
ENSMUSG00000033632	-0.03644697740674019	0.06513123214244843	0.12304248660802841	-0.04478491470217705	-0.17654253542423248	0.235613152384758	-0.05910573527216911	0.11521362513303757
ENSMUSG00000114898	-0.05319305509328842	0.06906960904598236	-0.14036285877227783	-0.02283189445734024	-0.3233543634414673	-0.16390343010425568	0.014184948056936264	-0.01832675375044346
ENSMUSG00000112277	-0.032437764108181	0.11108997464179993	-0.2072138786315918	0.1822049468755722	-0.07438886165618896	-0.19885320961475372	0.03577973693609238	-0.008261950686573982
ENSMUSG00000026339	-0.08490177243947983	0.055136360228061676	0.7405345439910889	-0.07045792043209076	0.09761012345552444	0.2104591727256775	0.08491917699575424	0.08098099380731583
ENSMUSG00000007907	-0.16036634147167206	0.05661154165863991	0.2762187719345093	-0.03210790827870369	0.11186617612838745	-0.10314546525478363	-0.10117847472429276	-0.12307660281658173
ENSMUSG00000032549	-0.024610646069049835	-0.031324733048677444	0.15056142210960388	-0.13512472808361053	0.3411264419555664	0.21550075709819794	0.13627785444259644	0.07736843824386597
ENSMUSG00000085576	-0.167889803647995	0.03822226822376251	-0.3020220398902893	-0.22840365767478943	-0.4086909890174866	0.14158295094966888	0.030825939029455185	0.11231082677841187
ENSMUSG00000109644	-0.04266614839434624	0.07437056303024292	1.0033012628555298	0.01074716541916132	0.6859455108642578	-0.04976540058851242	0.13396286964416504	0.028266478329896927
ENSMUSG00000021090	-0.1264021396636963	0.013022082857787609	-0.17721496522426605	-0.04722381755709648	-0.02765187807381153	0.27148547768592834	0.0892489030957222	0.12425333261489868
ENSMUSG00000110428	0.2086194008588791	0.07320638746023178	0.10541389137506485	0.13235437870025635	0.3868999183177948	-0.1749841272830963	0.2555955648422241	-0.011078324168920517
ENSMUSG00000106210	-0.03181758522987366	0.11613035947084427	-0.1889147013425827	-0.02206389233469963	-0.32276302576065063	-0.09920131415128708	-0.087216317653656	-0.029458191245794296
ENSMUSG00000039656	-0.1647225022315979	0.0315936841070652	0.6603850722312927	0.11463019996881485	0.6010397672653198	0.25562143325805664	0.1893530786037445	0.053407929837703705
ENSMUSG00000067909	-0.5738922357559204	0.004283873364329338	0.7218478322029114	0.4332234263420105	-1.039745569229126	-0.3018668591976166	-0.42121461033821106	-0.22321896255016327
ENSMUSG00000046589	0.22897204756736755	-0.0745348334312439	-0.43630310893058777	-0.09149406105279922	0.0644214004278183	0.14159728586673737	0.18806049227714539	0.06234946846961975
ENSMUSG00000086714	-0.07047346979379654	0.0546412318944931	0.6477029919624329	0.025243554264307022	0.13809356093406677	0.17185913026332855	0.037193477153778076	0.012967133894562721
ENSMUSG00000112781	-0.05086076632142067	0.07684263586997986	0.21624904870986938	0.08206777274608612	-0.9043216109275818	-0.16064384579658508	-0.21601930260658264	-0.09189773350954056
ENSMUSG00000029148	-0.08300819247961044	0.04190870746970177	-0.32352715730667114	-0.0517159029841423	0.24706079065799713	0.31173253059387207	0.23341211676597595	0.14711132645606995
ENSMUSG00000093904	0.14651469886302948	0.07813991606235504	1.4359920024871826	0.13134804368019104	0.18479876220226288	0.23759637773036957	0.010212483815848827	0.023538801819086075
ENSMUSG00000063240	-0.06175758317112923	0.08798304200172424	-0.23216526210308075	-0.02005893923342228	-0.2624739408493042	-0.12257707864046097	-0.06948906183242798	-0.019415339455008507
ENSMUSG00000056854	0.21948868036270142	-0.05382328853011131	-1.3116836547851562	-0.23854555189609528	1.4659019708633423	0.15204663574695587	0.2787497341632843	0.14845120906829834
ENSMUSG00000114069	-0.0073359147645533085	0.10768614709377289	0.4800971746444702	-0.025732094421982765	-0.25708359479904175	-0.09692171961069107	-0.058031801134347916	-0.07170461863279343
ENSMUSG00000116955	-0.015213234350085258	0.10077628493309021	-0.09042198210954666	-0.03278134763240814	-0.4374608099460602	-0.14952778816223145	-0.0515841543674469	-0.030921606346964836
ENSMUSG00000029788	-0.0457882359623909	0.09095584601163864	-0.15028229355812073	-0.060761433094739914	-0.15894249081611633	-0.1551552712917328	0.09397456049919128	-0.039912525564432144
ENSMUSG00000101941	-0.002228995319455862	0.09936223924160004	-0.04783698543906212	-0.04169399291276932	-0.41868847608566284	-0.08711448311805725	-0.05818266421556473	-0.05240491032600403
ENSMUSG00000052632	-0.13546355068683624	0.020241066813468933	0.12024685740470886	-0.04008762910962105	-0.007993379607796669	0.24738000333309174	0.08200827240943909	0.15492305159568787
ENSMUSG00000002083	0.014974207617342472	0.09240299463272095	-0.39401158690452576	0.0035469187423586845	1.0998883247375488	0.062417563050985336	0.30279091000556946	-0.020508766174316406
ENSMUSG00000031781	-0.028102591633796692	0.0703291967511177	1.391627311706543	-0.04253941401839256	-0.19783177971839905	0.1239122599363327	0.019533054903149605	0.025072738528251648
ENSMUSG00000049630	0.3201107084751129	-0.3278641104698181	-1.630064845085144	-0.39770981669425964	1.6159679889678955	-0.0467444472014904	0.19112293422222137	-0.013213063590228558
ENSMUSG00000085915	-0.030244026333093643	0.08389005064964294	-0.06337893009185791	-0.05559677258133888	-0.05081108212471008	-0.15790259838104248	0.04814118891954422	-0.026124946773052216
ENSMUSG00000038037	0.30592119693756104	-0.10048732161521912	-1.0180236101150513	-0.14277976751327515	1.1256273984909058	0.3795602023601532	0.36607661843299866	0.11007064580917358
ENSMUSG00000026245	-0.0025196929927915335	0.05966014787554741	0.9011105895042419	-0.020860590040683746	0.11817536503076553	0.21261005103588104	0.050943389534950256	0.03542131930589676
ENSMUSG00000038507	-0.15999574959278107	0.07773295789957047	0.03647223860025406	-0.24742013216018677	-0.02568247728049755	0.02200464718043804	0.13139967620372772	0.10886082798242569
ENSMUSG00000031667	-0.024436593055725098	0.09314668923616409	0.07195470482110977	-0.054871708154678345	-0.08086822181940079	-0.17933732271194458	0.04724596068263054	-0.03853509575128555
ENSMUSG00000107929	-0.006603225599974394	0.10743770748376846	0.004587143659591675	0.06988254189491272	-0.407965749502182	-0.12817800045013428	-0.08075888454914093	-0.04731094837188721
ENSMUSG00000037326	-0.10194264352321625	0.04434552788734436	0.7094677090644836	-0.05892755091190338	-0.07409510016441345	0.2169244885444641	0.09127351641654968	0.08116579800844193
ENSMUSG00000079007	0.05020865797996521	0.11028194427490234	0.630662202835083	0.08533523231744766	-0.0367700420320034	-0.16214369237422943	-0.07470053434371948	-0.05051087960600853
ENSMUSG00000112654	0.020111149176955223	0.07144239544868469	1.0446239709854126	-0.025097034871578217	-0.2985367476940155	0.06985417008399963	-0.011720368638634682	0.034060489386320114
ENSMUSG00000060180	-0.008948240429162979	0.10244150459766388	0.16570718586444855	-0.031563472002744675	-0.18152371048927307	-0.14729401469230652	-0.03211759403347969	-0.07525567710399628
ENSMUSG00000020128	0.11090417206287384	0.07369747757911682	0.7672279477119446	0.07229962199926376	-0.07320234924554825	0.19591380655765533	-0.10187900811433792	0.058698054403066635
ENSMUSG00000026938	0.09348137676715851	0.07729943096637726	0.027316730469465256	-0.022500954568386078	-0.4106000065803528	-0.15055003762245178	0.03361836075782776	-0.03277581185102463
ENSMUSG00000031491	-0.03334866091609001	0.10195937007665634	-0.16636230051517487	-0.02191084809601307	-0.43819186091423035	-0.16217811405658722	-0.015669740736484528	-0.005619743373245001
ENSMUSG00000103385	-0.01989486999809742	0.0729595199227333	-0.50786954164505	-0.02307550422847271	0.2416984587907791	-0.12405663728713989	0.09519266337156296	-0.001980863744392991
ENSMUSG00000073421	0.2977599799633026	0.06138956919312477	-1.1872206926345825	-0.1311335265636444	1.3692710399627686	-0.09807799011468887	0.11859400570392609	-0.018279321491718292
ENSMUSG00000067614	-0.015542637556791306	0.061134468764066696	-0.46784159541130066	-0.04046036675572395	0.49857547879219055	-0.11802662909030914	0.21723224222660065	-0.030569005757570267
ENSMUSG00000091594	0.03867616131901741	0.11033102869987488	0.6355684399604797	0.10630397498607635	-0.020904231816530228	-0.0551011748611927	-0.0922367200255394	-0.07912269979715347
ENSMUSG00000085640	-0.03616003319621086	0.10701071470975876	-0.037640418857336044	-0.047842808067798615	-0.3279261291027069	-0.0706920400261879	-0.12772627174854279	-0.08340303599834442
ENSMUSG00000118292	-0.07974696159362793	0.1322251409292221	-0.1643476039171219	0.032898079603910446	-0.4362872242927551	0.10445314645767212	-0.09053680300712585	0.01891152374446392
ENSMUSG00000006057	-0.08901581913232803	0.06642422825098038	1.3127096891403198	0.19675999879837036	0.6884327530860901	0.2598608136177063	0.11038382351398468	-0.0014585533645004034
ENSMUSG00000059087	-0.18588684499263763	0.05740892514586449	-0.032016217708587646	-0.03878869116306305	-0.18348665535449982	0.004377766977995634	-0.0954369381070137	-0.1059105396270752
ENSMUSG00000051223	0.1456228792667389	0.08725357800722122	1.6092634201049805	0.27661535143852234	-0.0852392315864563	0.022146258503198624	-0.0637468546628952	0.0318048819899559
ENSMUSG00000108317	-0.019106516614556313	0.0767974779009819	0.10198932886123657	-0.010808663442730904	0.7872459888458252	-0.12975674867630005	0.2630465626716614	-0.029141802340745926
ENSMUSG00000072952	-0.11957130581140518	-0.09209541231393814	-0.18981213867664337	-0.19385093450546265	-0.0014199163997545838	0.26741787791252136	0.14203046262264252	0.04505385458469391
ENSMUSG00000050666	-0.15367503464221954	-0.08652064949274063	-0.0875430777668953	-0.23555998504161835	-0.36791640520095825	0.2522388994693756	0.08151007443666458	0.05440239608287811
ENSMUSG00000096122	-0.09988082945346832	0.1525939404964447	0.8502964973449707	0.2383834719657898	-1.3082445859909058	-0.28449293971061707	-0.49383917450904846	-0.1813483089208603
ENSMUSG00000114771	-0.0018333416664972901	0.11320332437753677	-0.2837292551994324	-0.02146059274673462	0.1819225698709488	-0.07895373553037643	0.10987851768732071	-0.03748578950762749
ENSMUSG00000117645	-0.023669028654694557	0.08719488978385925	-0.09599575400352478	-0.012154839001595974	-0.5894260406494141	-0.12611538171768188	-0.10278858989477158	-0.00415026443079114
ENSMUSG00000030703	0.0006093326373957098	0.07180969417095184	0.7787835001945496	0.33070293068885803	-0.030589884147047997	0.004315062891691923	0.02087211422622204	0.01926972158253193
ENSMUSG00000106863	-0.03407364711165428	0.09178170561790466	-0.01047859899699688	-0.010808749124407768	-0.3222343325614929	-0.030669093132019043	-0.013789718970656395	0.0511036217212677
ENSMUSG00000073900	-0.10075905174016953	0.07075215876102448	-0.15597492456436157	-0.03142106905579567	-0.22218745946884155	-0.10678610950708389	-0.09577358514070511	-0.05678202211856842
ENSMUSG00000037735	-0.09148988127708435	-0.0037782019935548306	-0.4980372190475464	-0.22454828023910522	-0.22064945101737976	0.029550520703196526	0.10909142345190048	0.015966633334755898
ENSMUSG00000001366	-0.1499931365251541	0.007610040251165628	0.01952187716960907	-0.056435246020555496	0.13750077784061432	0.28947022557258606	0.1460859179496765	0.1482129544019699
ENSMUSG00000029681	-0.07465414702892303	0.051406387239694595	0.939353883266449	0.04432971775531769	0.1925133466720581	0.21979522705078125	0.06405764818191528	0.01652488298714161
ENSMUSG00000027533	0.13549602031707764	-0.08227299898862839	-0.31718266010284424	-0.04524969682097435	0.6103178262710571	0.34617966413497925	0.17460840940475464	0.1252688467502594
ENSMUSG00000001249	-0.024393219500780106	-0.004729268606752157	-0.3924473822116852	-0.0035594431683421135	-0.03552816063165665	0.01651661843061447	0.18299070000648499	0.05311710759997368
ENSMUSG00000049686	-0.1281379759311676	-0.0011967058526352048	0.48656636476516724	-0.05810565501451492	0.26284992694854736	0.2925751209259033	0.13494881987571716	0.0944732129573822
ENSMUSG00000014453	-0.020268293097615242	0.10665906220674515	0.006757734343409538	-0.011065111495554447	-0.25189316272735596	-0.22363436222076416	0.013912291266024113	-0.03314592316746712
ENSMUSG00000111765	-0.026184089481830597	0.1032424345612526	-0.15534183382987976	-0.027089495211839676	-0.26020604372024536	-0.1081266701221466	-0.09064806997776031	-0.040579844266176224
ENSMUSG00000093386	-0.045395202934741974	0.0866599977016449	-0.08780665695667267	0.012031931430101395	-0.3195844888687134	-0.12351672351360321	-0.028779156506061554	-0.037308696657419205
ENSMUSG00000090744	0.03805867210030556	0.13099941611289978	0.2925509810447693	0.1293836086988449	0.061348725110292435	-0.010134854353964329	-0.07628808915615082	-0.0766967236995697
ENSMUSG00000071547	0.137775257229805	-0.06731995940208435	-0.12586291134357452	-0.02722114510834217	0.7550854682922363	0.3078189194202423	0.22848346829414368	0.11987520009279251
ENSMUSG00000103012	-0.05160437151789665	0.07680614292621613	-0.021093064919114113	-0.06025819852948189	-0.37381434440612793	-0.1396741271018982	-0.061545319855213165	-0.0592014342546463
ENSMUSG00000115381	-0.14871487021446228	0.08482600003480911	-0.08736202865839005	-0.018070464953780174	-0.41248375177383423	-0.0693850964307785	-0.11610136926174164	-0.09033288806676865
ENSMUSG00000038437	-0.19489030539989471	0.06896322220563889	1.3370133638381958	0.13960495591163635	0.7576931118965149	0.21317654848098755	0.1474458873271942	-0.008027911186218262
ENSMUSG00000045410	0.045448850840330124	0.1600458174943924	0.4034792184829712	0.17615726590156555	-0.20113319158554077	0.07471887022256851	-0.09321156144142151	-0.031428828835487366
ENSMUSG00000021661	-0.12543001770973206	0.027393776923418045	-0.05275930464267731	-0.05455191060900688	0.1536971777677536	0.2926901876926422	0.16180765628814697	0.13901475071907043
ENSMUSG00000035900	-0.07734882086515427	-0.012160953134298325	0.2715238630771637	-0.050645861774683	-0.05925149470567703	0.2435329258441925	0.09874394536018372	0.1270449310541153
ENSMUSG00000086690	0.04446883127093315	0.11856719851493835	0.6980590224266052	0.2491159588098526	-0.23206740617752075	-0.10214496403932571	-0.007788720075041056	0.01030291710048914
ENSMUSG00000043505	-0.07585541158914566	0.0581594854593277	-0.02356136403977871	-0.012393128126859665	-0.18163539469242096	0.0401591882109642	0.00667211040854454	0.0936608761548996
ENSMUSG00000107662	-0.10755722969770432	0.08257699757814407	-0.1596536785364151	-0.0350317619740963	-0.24433134496212006	-0.07995513826608658	-0.0793326199054718	-0.06752032041549683
ENSMUSG00000046886	0.0029051913879811764	0.12269601970911026	-0.036768585443496704	-0.025453438982367516	-0.49967482686042786	-0.14456912875175476	-0.09752094000577927	-0.04184906184673309
ENSMUSG00000000125	0.8036010265350342	-0.36135974526405334	-1.2076678276062012	-0.33474934101104736	1.0032994747161865	0.1427234411239624	0.08810654282569885	-0.09945596009492874
ENSMUSG00000027079	0.0469515360891819	0.07370077818632126	1.278656005859375	-0.05653877556324005	0.2844485938549042	0.14038382470607758	0.0246205423027277	0.035482797771692276
ENSMUSG00000043089	0.0054018814116716385	0.09397438168525696	-0.150491401553154	-0.012270751409232616	-0.3046802580356598	-0.1737871915102005	-0.13172703981399536	0.006665945518761873
ENSMUSG00000056423	-0.05785076692700386	0.09224537014961243	-0.1990007758140564	-0.009058765135705471	-0.39738643169403076	-0.1046319305896759	-0.09330127388238907	-0.022566134110093117
ENSMUSG00000030272	-0.06727804243564606	0.07637528330087662	0.6367316246032715	-0.044402312487363815	-0.14677177369594574	0.03980718553066254	0.05669845640659332	0.07759500294923782
ENSMUSG00000113773	0.01734854094684124	0.12251236289739609	-0.04040912538766861	-0.07011688500642776	-0.04068968817591667	-0.13270296156406403	0.02631896547973156	-0.07218894362449646
ENSMUSG00000029658	-0.12619051337242126	0.030673401430249214	-0.12062233686447144	-0.020349401980638504	0.01864708587527275	0.14156080782413483	0.09220513701438904	0.12837348878383636
ENSMUSG00000112232	-0.19978418946266174	0.08785027265548706	-0.1253681480884552	0.014214393682777882	-0.4001370668411255	-0.1482420116662979	-0.11170027405023575	-0.06150713562965393
ENSMUSG00000003154	-0.03780670836567879	-0.11144895851612091	-0.28905898332595825	-0.12047349661588669	0.5520575046539307	0.28238731622695923	0.14283427596092224	0.03693223372101784
ENSMUSG00000105247	-0.024389661848545074	0.07985875755548477	-0.17641212046146393	-0.06144409999251366	-0.02324971929192543	-0.06353354454040527	-0.051894091069698334	-0.06838725507259369
ENSMUSG00000100985	-0.048256922513246536	0.053485024720430374	0.150790274143219	0.17632266879081726	-0.1388593167066574	-0.027723517268896103	-0.027561059221625328	-0.029517652466893196
ENSMUSG00000048003	-0.04150743782520294	0.07805607467889786	0.0445835217833519	-0.036648448556661606	-0.3395535945892334	-0.2201160043478012	0.0024986451026052237	-0.021350834518671036
ENSMUSG00000043384	0.0830412283539772	0.023494796827435493	1.244352102279663	0.19446156919002533	-0.9381773471832275	0.14283275604248047	-0.2862139940261841	-0.02655385248363018
ENSMUSG00000033960	-0.11742173880338669	0.07606679201126099	0.3303222358226776	-0.07431719452142715	-0.5868055820465088	0.16600574553012848	-0.008071168325841427	0.17067164182662964
ENSMUSG00000037979	-0.14660272002220154	0.024068575352430344	0.1662406474351883	-0.06493780016899109	0.14311672747135162	0.2647094130516052	0.13942530751228333	0.1167214885354042
ENSMUSG00000057037	-0.09122912585735321	0.07161328941583633	-0.17850880324840546	-0.05047382041811943	-0.06318114697933197	-0.03531350940465927	-0.11342769861221313	-0.07055040448904037
ENSMUSG00000024553	0.17966672778129578	-0.29579123854637146	-0.8049073815345764	-0.23260118067264557	0.5731119513511658	0.18523725867271423	0.062395352870225906	-0.09777720272541046
ENSMUSG00000102925	-0.037685032933950424	0.0978248119354248	-0.15901005268096924	-0.045619260519742966	-0.09488306194543839	-0.08643907308578491	0.03065510466694832	-0.01435808651149273
ENSMUSG00000087226	-0.01034692395478487	0.099197156727314	-0.13624154031276703	-0.06018836051225662	-0.17706750333309174	-0.12494147568941116	-0.03273405507206917	-0.044884756207466125
ENSMUSG00000049843	-0.1397748440504074	0.05494523048400879	-0.19145292043685913	-0.041853733360767365	-0.14180070161819458	-0.05670332536101341	-0.12810494005680084	-0.059590958058834076
ENSMUSG00000005150	-0.09725549817085266	0.07674290984869003	0.6695904731750488	-0.07074739784002304	0.4271477162837982	0.15093685686588287	0.13756853342056274	0.026985498145222664
ENSMUSG00000117600	0.017321880906820297	0.1561630517244339	-0.028028417378664017	0.0405866764485836	-0.5918100476264954	-0.19765333831310272	-0.10229147225618362	-0.04135242477059364
ENSMUSG00000037857	0.09210344403982162	0.07790983468294144	1.0489933490753174	0.17616042494773865	0.08365236222743988	0.14585565030574799	-0.054219380021095276	0.016753247007727623
ENSMUSG00000041477	-0.08052513003349304	0.05992007255554199	0.3456246852874756	-0.0525420717895031	-0.012004299089312553	0.19716064631938934	0.05329107120633125	0.07029708474874496
ENSMUSG00000052143	0.02458508312702179	0.10534895211458206	0.5469915866851807	0.10849076509475708	-0.12430991977453232	-0.16985754668712616	-0.013363132253289223	-0.041681841015815735
ENSMUSG00000113686	-0.007837443612515926	0.14222481846809387	-0.11211670190095901	0.017394984140992165	-0.6600244641304016	-0.1271909922361374	-0.0494898222386837	-0.023605184629559517
ENSMUSG00000031139	0.09874871373176575	0.0681227371096611	1.2272465229034424	0.158524751663208	-0.8948002457618713	0.1407892107963562	-0.16087347269058228	0.01456668134778738
ENSMUSG00000117457	-0.009839368052780628	0.08557402342557907	-0.3228398263454437	0.11439172923564911	0.0629887655377388	-0.14761625230312347	0.1429120898246765	-0.024718686938285828
ENSMUSG00000084768	-0.02335551753640175	0.08206024765968323	0.16279667615890503	-0.05796058475971222	-0.07672679424285889	-0.1368778944015503	0.0031222435645759106	-0.04480423778295517
ENSMUSG00000092295	-0.023201894015073776	0.1024610698223114	-0.06828748434782028	-0.03715326637029648	-0.35934746265411377	-0.10629099607467651	-0.09747052937746048	-0.06728272140026093
ENSMUSG00000086166	-0.041222766041755676	-0.19497543573379517	-0.3376607894897461	-0.11482329666614532	0.21675404906272888	0.31167471408843994	0.1313381940126419	0.06976134330034256
ENSMUSG00000109315	-0.06586411595344543	0.10849974304437637	-0.18119779229164124	-0.01635885424911976	-0.32064518332481384	-0.0572080984711647	-0.12695364654064178	-0.04295174777507782
ENSMUSG00000021814	0.043459754437208176	0.06748799979686737	0.9956715106964111	-0.0327630415558815	-0.05064068362116814	0.1900511533021927	-0.011108802631497383	0.04367832839488983
ENSMUSG00000015312	0.4322114586830139	-0.23052220046520233	-1.439711332321167	-0.3733578026294708	1.5528265237808228	0.3459235429763794	0.16195058822631836	0.12473082542419434
ENSMUSG00000094325	-0.40375542640686035	-0.08945934474468231	0.6671289205551147	0.10893113166093826	-1.3854976892471313	-0.18636874854564667	-0.5327363014221191	-0.2086515575647354
ENSMUSG00000002325	-0.03610609471797943	0.05970540642738342	0.7826360464096069	0.1843862384557724	0.12791965901851654	0.05798138305544853	0.04424240067601204	-0.0014777794713154435
ENSMUSG00000074996	-0.19716070592403412	0.0614045150578022	-0.16607588529586792	0.011840306222438812	-0.05363130941987038	0.012696039862930775	-0.16609330475330353	-0.11340383440256119
ENSMUSG00000024485	-0.05098644271492958	0.0573442317545414	0.012606813572347164	-0.025372229516506195	-0.03986918553709984	-0.12184647470712662	0.05466751009225845	-0.017871901392936707
ENSMUSG00000060044	-0.14775054156780243	-0.021996278315782547	-0.31895172595977783	-0.17198380827903748	-0.3053079843521118	0.1717330366373062	0.07594241946935654	0.07671850174665451
ENSMUSG00000111546	-0.06333161145448685	0.09269098937511444	-0.25530096888542175	0.01607142761349678	0.2143135666847229	-0.06585414707660675	0.08013306558132172	-0.05834958702325821
ENSMUSG00000031845	-0.05014657601714134	0.0545567087829113	-0.21529249846935272	-0.047314152121543884	-0.06731277704238892	-0.10593336820602417	0.0725739449262619	-0.020854556933045387
ENSMUSG00000041297	0.09047859162092209	0.06302046030759811	0.7196131348609924	0.12124907225370407	0.025361578911542892	0.26305702328681946	-0.02221684716641903	0.061218392103910446
ENSMUSG00000086172	-0.04130703583359718	0.09156238287687302	-0.20000408589839935	-0.03260127827525139	-0.26230213046073914	-0.06362282484769821	0.09798220545053482	-0.013798585161566734
ENSMUSG00000078898	0.08244088292121887	0.026451511308550835	2.0231785774230957	0.40715232491493225	-1.0619235038757324	-0.157236248254776	-0.3118883967399597	-0.018391858786344528
ENSMUSG00000087201	-0.16352565586566925	0.12906679511070251	0.11628063023090363	0.1376904994249344	-0.6763610243797302	-0.22922271490097046	-0.2188490480184555	-0.08725990355014801
ENSMUSG00000021785	-0.12608028948307037	0.07002298533916473	0.02040119655430317	-0.0917714387178421	-0.28297969698905945	0.206238254904747	0.018861519172787666	0.1651141494512558
ENSMUSG00000070323	-0.015140793286263943	0.08783150464296341	-0.0804171934723854	-0.026053499430418015	-0.39172935485839844	-0.12308122962713242	-0.09194551408290863	-0.03869982063770294
ENSMUSG00000024642	0.08691832423210144	0.05634275823831558	0.9079589247703552	0.07839695364236832	-0.23517079651355743	0.230045884847641	-0.05544164031744003	0.05733027309179306
ENSMUSG00000031097	0.009211539290845394	0.06293827295303345	0.17646797001361847	0.04912882298231125	-0.298134982585907	-0.11330907046794891	-0.009700712747871876	-0.017897309735417366
ENSMUSG00000057058	-0.1390378326177597	-0.16918857395648956	-0.24829892814159393	-0.12399332970380783	0.07441669702529907	0.2110956758260727	0.12468580901622772	0.033675748854875565
ENSMUSG00000102376	-0.08040030300617218	0.05938399210572243	0.2013624906539917	-0.0030499291606247425	0.5171110033988953	0.2891934812068939	0.0752425417304039	0.028243770822882652
ENSMUSG00000109071	-0.08712088316679001	0.08166023343801498	-0.1284709870815277	-0.029768219217658043	-0.27576830983161926	-0.07016618549823761	-0.1296527236700058	-0.05517836660146713
ENSMUSG00000106837	0.07013794034719467	0.12920299172401428	0.6578769683837891	0.07887889444828033	-0.17965787649154663	-0.1999329924583435	-0.06327683478593826	-0.056153830140829086
ENSMUSG00000021140	-0.14877253770828247	0.0035111315082758665	-0.062222547829151154	-0.06921963393688202	0.0580909363925457	0.2952038645744324	0.10001226514577866	0.14748774468898773
ENSMUSG00000118266	0.009769739583134651	0.10228198766708374	0.47312644124031067	0.10223990678787231	-0.7241069674491882	-0.18704265356063843	-0.24283863604068756	-0.09144537895917892
ENSMUSG00000110101	-0.040026407688856125	0.10908761620521545	-0.16044707596302032	-0.03529537841677666	-0.28576815128326416	-0.16177618503570557	-0.0018621939234435558	-0.031057994812726974
ENSMUSG00000000317	0.38110026717185974	-0.09184487164020538	-0.8552460670471191	-0.12513893842697144	1.0202559232711792	0.4349745810031891	0.23080559074878693	0.16717644035816193
ENSMUSG00000100005	-0.12029317021369934	-0.2601146996021271	-0.5060687065124512	-0.19269903004169464	0.6896345019340515	0.23082281649112701	0.09476273506879807	0.026642467826604843
ENSMUSG00000101146	-0.39333873987197876	-0.021838253363966942	0.44142046570777893	0.27649304270744324	-1.1349506378173828	-0.2673227787017822	-0.4291360080242157	-0.20610184967517853
ENSMUSG00000060475	0.1340230107307434	0.09145252406597137	1.3447349071502686	0.04634775221347809	0.2688855528831482	0.12295272201299667	0.048788636922836304	0.022952625527977943
ENSMUSG00000035069	0.0012462297454476357	0.06705863028764725	0.5128437876701355	-0.020415067672729492	-0.19446773827075958	0.21019668877124786	-0.017700109630823135	0.0521804615855217
ENSMUSG00000068815	-0.09414654970169067	0.07137500494718552	-0.1353406310081482	-0.05190370976924896	-0.10258334875106812	-0.052024055272340775	-0.09846129268407822	-0.09114966541528702
ENSMUSG00000032878	-0.14206701517105103	0.0788930356502533	-0.11845394968986511	-0.15038590133190155	-0.31721851229667664	0.18847200274467468	0.03856465965509415	0.17221194505691528
ENSMUSG00000106818	-0.005740062799304724	0.13217689096927643	0.14162904024124146	0.08574090898036957	-0.3938950002193451	-0.1704031229019165	-0.035377565771341324	-0.04250665009021759
ENSMUSG00000027502	0.039017852395772934	0.08438750356435776	1.1928119659423828	0.20142625272274017	-0.2363816201686859	0.06657710671424866	-0.015690801665186882	0.019913773983716965
ENSMUSG00000060288	0.0690031349658966	0.07125845551490784	1.1519184112548828	0.07218910753726959	0.06100843846797943	0.19117233157157898	-0.006679221522063017	0.01899666152894497
ENSMUSG00000031461	-0.02390914037823677	0.10832131654024124	-0.03983397036790848	0.23385672271251678	-0.2827646732330322	-0.22177548706531525	-0.05539068207144737	-0.012207052670419216
ENSMUSG00000115727	-0.026624219492077827	0.0951882153749466	-0.14240127801895142	-0.028936274349689484	-0.30041614174842834	-0.037039998918771744	-0.08995039761066437	-0.0251837819814682
ENSMUSG00000028639	-0.017275789752602577	0.06561003625392914	1.505421757698059	0.08990775793790817	0.4355795383453369	0.24302470684051514	0.09669051319360733	0.014579924754798412
ENSMUSG00000072574	0.0065432386472821236	0.17973843216896057	-0.13446611166000366	0.10319286584854126	-0.30202820897102356	-0.22078964114189148	-0.10572457313537598	-0.042193952947854996
ENSMUSG00000042549	-0.08087854087352753	0.020439933985471725	1.2173552513122559	0.06722265481948853	0.41688254475593567	0.17886245250701904	0.09028714150190353	-0.0008691775728948414
ENSMUSG00000001870	-0.17567436397075653	0.11146657168865204	0.06384894251823425	-0.19285857677459717	-0.24963752925395966	-0.02607138641178608	0.08491325378417969	0.16941983997821808
ENSMUSG00000117634	-0.0645429790019989	-0.033768318593502045	-0.2600672245025635	-0.04749045521020889	0.4965876638889313	0.365646630525589	0.23104625940322876	0.11478868126869202
ENSMUSG00000047324	-0.004820404574275017	0.1087539792060852	-0.10806309431791306	-0.030443832278251648	-0.3544861674308777	-0.17872042953968048	-0.03681991249322891	-0.016515592113137245
ENSMUSG00000093984	-0.4819023609161377	0.024994784966111183	0.5218105316162109	0.12960104644298553	-1.2003015279769897	-0.24739086627960205	-0.4952819049358368	-0.18314716219902039
ENSMUSG00000115855	-0.05569317191839218	0.08636630326509476	-0.2887711524963379	-0.016894305124878883	-0.15365926921367645	-0.023152898997068405	-0.01134438719600439	0.008479702286422253
ENSMUSG00000022526	-0.1277744024991989	0.03056519106030464	0.13649319112300873	-0.03729299083352089	0.4757463037967682	0.24344274401664734	0.20954902470111847	0.1234113797545433
ENSMUSG00000030678	-0.2641054093837738	0.08575715124607086	0.8573961853981018	0.6439350247383118	1.371972680091858	0.20407336950302124	0.2459155023097992	-0.015431273728609085
ENSMUSG00000035638	-0.029570892453193665	0.09334750473499298	0.155103400349617	-0.0423622690141201	-0.028736218810081482	-0.02651032991707325	0.020101267844438553	-0.05721839889883995
ENSMUSG00000094488	-0.12543290853500366	0.05459856614470482	-0.006834388244897127	-0.04266732186079025	-0.3504439890384674	-0.0598931685090065	-0.18409568071365356	-0.09963464736938477
ENSMUSG00000020156	0.01443550456315279	0.06997426599264145	1.195108413696289	0.007572351489216089	0.042632170021533966	0.08017916977405548	0.11593315750360489	0.002598028862848878
ENSMUSG00000074166	0.004715372808277607	0.09723744541406631	0.3003319203853607	0.1529446691274643	-0.31375810503959656	0.19672280550003052	-0.09749650210142136	0.013475053012371063
ENSMUSG00000087043	-0.06319322437047958	0.09195978194475174	-0.12929454445838928	-0.017357662320137024	-0.3114595115184784	-0.09146489948034286	-0.13286997377872467	-0.06473777443170547
ENSMUSG00000113370	-0.014334307983517647	0.1112581342458725	-0.11774624139070511	0.26224735379219055	-0.30440667271614075	0.012964759953320026	-0.1448550820350647	-0.050576504319906235
ENSMUSG00000105872	0.024928322061896324	0.06284583359956741	-0.19051721692085266	0.01761784590780735	-0.24660024046897888	-0.19240473210811615	-0.004885643254965544	-0.022425634786486626
ENSMUSG00000114869	-0.07065128535032272	0.06349863857030869	-0.06166462600231171	0.023389006033539772	-0.340448796749115	-0.0003985375224146992	0.018372606486082077	-0.02328307181596756
ENSMUSG00000046434	0.08059560507535934	0.0724790170788765	1.5899015665054321	0.2323572039604187	0.581809937953949	0.2550158202648163	0.022937841713428497	0.018163762986660004
ENSMUSG00000105264	-0.030456485226750374	0.0768258348107338	0.06663034856319427	-0.04362776130437851	-0.3671967387199402	-0.13581645488739014	-0.032522886991500854	-0.035011351108551025
ENSMUSG00000022987	0.001829962246119976	-0.12961922585964203	-0.45888835191726685	-0.11487987637519836	-0.005777732003480196	0.1467273235321045	0.15784002840518951	-0.01942453905940056
ENSMUSG00000107809	-0.0241334717720747	0.1028144434094429	-0.16849994659423828	-0.023330723866820335	-0.39986512064933777	-0.08861882984638214	-0.08165062963962555	-0.03439536690711975
ENSMUSG00000046550	-0.025499219074845314	0.09928802400827408	-0.26617395877838135	-0.013813736848533154	-0.42860981822013855	0.03041061945259571	0.133345365524292	0.08386209607124329
ENSMUSG00000086431	-0.06934300065040588	0.02722351625561714	0.9876139163970947	0.12578828632831573	-1.0998817682266235	-0.11288035660982132	-0.42915961146354675	-0.2019706517457962
ENSMUSG00000031701	0.16964948177337646	0.06008658930659294	1.4976295232772827	-0.09026779979467392	0.030340487137436867	0.1377946138381958	-0.09041458368301392	0.05028446763753891
ENSMUSG00000101745	-0.16136793792247772	-0.02879996784031391	0.4548974931240082	0.1574104130268097	-1.364603877067566	-0.2511344254016876	-0.5127561092376709	-0.21452128887176514
ENSMUSG00000035671	-0.054788123816251755	0.06543944031000137	0.9157368540763855	0.09925822913646698	0.018025338649749756	0.15340621769428253	0.0417892262339592	0.0060692643746733665
ENSMUSG00000109619	-0.0017852304736152291	0.09168625622987747	0.03740668296813965	-0.047973815351724625	-0.29325589537620544	-0.08017268776893616	-0.009939266368746758	-0.07796896249055862
ENSMUSG00000103610	-0.057264603674411774	0.04439636692404747	-0.4298667013645172	-0.002701052464544773	-0.026617662981152534	0.046192266047000885	0.1337650567293167	0.020447315648198128
ENSMUSG00000115852	-0.004643143620342016	0.1214841902256012	-0.036928221583366394	-0.042745910584926605	-0.3971933424472809	-0.13508757948875427	-0.08127126097679138	-0.05665494501590729
ENSMUSG00000029130	-0.039021819829940796	0.05272933840751648	0.3494020104408264	-0.02281518466770649	-0.04738632217049599	0.23723389208316803	-0.0015044859610497952	0.046929046511650085
ENSMUSG00000098014	0.00835062563419342	0.07790225744247437	-0.32314956188201904	-0.019717788323760033	-0.08477286249399185	-0.17519624531269073	0.07932949811220169	0.0009367327438667417
ENSMUSG00000036492	0.3425943851470947	-0.21366003155708313	-0.8876429796218872	-0.2108955830335617	1.3289766311645508	0.3237699270248413	0.14328469336032867	0.13461576402187347
ENSMUSG00000074340	0.00401194766163826	0.11793547868728638	0.15045419335365295	-0.0034773508086800575	-0.4031708538532257	0.012141351588070393	-0.08261572569608688	-0.04576282948255539
ENSMUSG00000031078	0.026403231546282768	0.06607227027416229	1.4842349290847778	0.008954720571637154	-0.15969829261302948	0.11376626789569855	-0.015248213894665241	0.03138710558414459
ENSMUSG00000103952	-0.27276819944381714	0.06714150309562683	-0.029436903074383736	0.050597138702869415	-0.08584656566381454	-0.059811025857925415	-0.16471359133720398	-0.1081271544098854
ENSMUSG00000082815	-0.704099714756012	-0.19300414621829987	2.236374855041504	0.09404949843883514	-2.343163013458252	-0.04549172893166542	-0.27871543169021606	-0.10247483104467392
ENSMUSG00000092031	-0.025044210255146027	0.08954546600580215	-0.19970853626728058	-0.03639350086450577	-0.1959659457206726	-0.10634813457727432	-0.09109549224376678	-0.03618406131863594
ENSMUSG00000085934	-0.11759709566831589	0.08785673975944519	-0.009122747927904129	-0.023272881284356117	-0.48235270380973816	-0.07743570953607559	-0.13394537568092346	-0.10360091924667358
ENSMUSG00000097007	-0.019938619807362556	0.046727728098630905	0.13216398656368256	0.2125196009874344	0.09880748391151428	0.28981950879096985	-0.0430695042014122	0.03555978834629059
ENSMUSG00000079626	-0.03690917044878006	0.08748759329319	0.5857610702514648	-0.02465137280523777	-0.645280659198761	-0.27790698409080505	-0.09500942379236221	-0.027677737176418304
ENSMUSG00000034845	0.20901191234588623	-0.13438567519187927	-0.804111123085022	-0.16758456826210022	0.880401611328125	0.16551458835601807	0.2579543888568878	0.10352649539709091
ENSMUSG00000025779	-0.045279111713171005	0.05739450454711914	-0.1722302883863449	-0.0032678551506251097	-0.34204182028770447	0.11410334706306458	-0.05107535049319267	0.01581338606774807
ENSMUSG00000102400	0.09046565741300583	-0.15437787771224976	1.4331964254379272	0.2292570322751999	-2.1586785316467285	-0.2937413454055786	-1.0807671546936035	-0.36849281191825867
ENSMUSG00000100782	-0.06493892520666122	0.07942072302103043	-0.1660967767238617	-0.04517783224582672	-0.2976248860359192	-0.031864579766988754	-0.0009352817432954907	-0.026559755206108093
ENSMUSG00000023972	-0.07581592351198196	0.02846435457468033	0.6908414363861084	-0.03818412497639656	0.01822226494550705	0.1511039137840271	0.09330959618091583	0.08171064406633377
ENSMUSG00000026788	-0.05806257203221321	0.05892682075500488	1.2584660053253174	0.020627329126000404	0.13122762739658356	0.17405496537685394	0.07261043041944504	0.012621622532606125
ENSMUSG00000079346	-0.02127230167388916	0.11243700981140137	-0.2481357753276825	-0.020002534613013268	-0.2293383926153183	-0.11652179062366486	-0.0021875747479498386	-0.003924396354705095
ENSMUSG00000025597	-0.1318930834531784	0.06737546622753143	0.18962615728378296	-0.0024824778083711863	-0.6144326329231262	-0.10230623185634613	-0.19320324063301086	-0.0865086242556572
ENSMUSG00000021763	-0.15698033571243286	0.01901538297533989	0.09155718982219696	-0.19152621924877167	-0.14496923983097076	0.26146695017814636	0.09013455361127853	0.11978984624147415
ENSMUSG00000086614	0.0010146775748580694	0.11329011619091034	-0.12152548134326935	-0.024860886856913567	-0.1354343295097351	-0.022970011457800865	-0.03318376839160919	-0.03979332745075226
ENSMUSG00000026012	0.005069910082966089	0.09573051333427429	-0.1658654659986496	-0.036896973848342896	-0.14773441851139069	-0.16609007120132446	0.007429633755236864	-0.023479390889406204
ENSMUSG00000059964	-0.21894599497318268	0.06734845042228699	-0.15896473824977875	-0.014549286104738712	-0.21320810914039612	-0.05246241018176079	-0.1549052894115448	-0.07562620937824249
ENSMUSG00000024295	-0.11308633536100388	0.019910873845219612	-0.350792795419693	-0.028714867308735847	0.08523450046777725	0.23218661546707153	0.1492919921875	0.08742127567529678
ENSMUSG00000035247	-0.10822993516921997	0.09735598415136337	0.6071534156799316	-0.10365927964448929	-0.13354657590389252	0.1163971796631813	0.11102735251188278	0.1194566935300827
ENSMUSG00000039233	0.08966145664453506	0.07493633031845093	0.9407967925071716	0.026882339268922806	-0.2560877501964569	0.154153972864151	-0.11736246198415756	0.01875145360827446
ENSMUSG00000093570	0.030492307618260384	0.10842016339302063	0.29400959610939026	0.030389146879315376	-0.2834762930870056	-0.003098517656326294	-0.10273963212966919	-0.0848354622721672
ENSMUSG00000031708	-0.1052073985338211	0.036507997661828995	0.5798772573471069	-0.020609350875020027	0.30640503764152527	0.2572420537471771	0.0864739641547203	0.04175330325961113
ENSMUSG00000102293	-0.0520019568502903	0.09016153961420059	-0.31326723098754883	-0.026577329263091087	-0.07359282672405243	-0.0419960580766201	0.049656547605991364	-0.021457385271787643
ENSMUSG00000104974	-0.029542166739702225	0.07583353668451309	-0.05338410288095474	-0.044678278267383575	-0.18280020356178284	-0.04628393054008484	-0.024684585630893707	-0.018480777740478516
ENSMUSG00000035372	-0.07197625190019608	0.060819968581199646	1.061205506324768	-0.03824262320995331	0.03924945369362831	0.1820315718650818	0.06686291843652725	0.02749427780508995
ENSMUSG00000078656	-0.09028209745883942	0.07078256458044052	0.7134206891059875	-0.05910578742623329	0.01827932707965374	0.19880364835262299	0.16836336255073547	0.07135556638240814
ENSMUSG00000105297	-0.04177483916282654	0.0998084619641304	-0.011741111055016518	-0.028645891696214676	-0.27196016907691956	-0.07023101300001144	-0.043299350887537	-0.04432397335767746
ENSMUSG00000108976	-0.02380107156932354	0.07319860905408859	-0.0875268280506134	0.11996687203645706	0.7861133813858032	-0.13653875887393951	0.22370581328868866	-0.021071700379252434
ENSMUSG00000070644	0.050604771822690964	-0.09744662046432495	-0.12652917206287384	-0.09329431504011154	0.4044005274772644	0.3244313895702362	0.18705041706562042	0.08604323118925095
ENSMUSG00000002668	0.05080590769648552	0.05176370590925217	-0.3149949312210083	0.02684631757438183	0.24435606598854065	-0.10512088984251022	0.2687169015407562	-0.035478319972753525
ENSMUSG00000050808	-0.1219552680850029	0.07030519843101501	0.08292087912559509	-0.016055675223469734	-0.4486567974090576	-0.03453970327973366	-0.1776031106710434	-0.09985078126192093
ENSMUSG00000106483	-0.010125942528247833	0.10560434311628342	0.2790065109729767	-0.057563140988349915	-0.505470335483551	-0.1128273755311966	-0.0674351379275322	-0.08881572633981705
ENSMUSG00000103167	-0.17367008328437805	-0.029686758294701576	0.45787501335144043	0.37155449390411377	-1.4224754571914673	-0.23388196527957916	-0.634573757648468	-0.21521678566932678
ENSMUSG00000048489	-0.05202113464474678	0.1198078915476799	-0.15222421288490295	0.012735776603221893	-0.6671684384346008	-0.11075456440448761	0.08196758478879929	-0.026154085993766785
ENSMUSG00000038421	-0.025792120024561882	0.09897057712078094	-0.16501840949058533	0.004582291468977928	-0.1984545886516571	-0.15894663333892822	0.04805859923362732	-0.02412555180490017
ENSMUSG00000004945	-0.008257420733571053	0.07669271528720856	0.796970546245575	-0.024826951324939728	-0.11045902222394943	0.15045127272605896	-0.007242090068757534	0.03525209426879883
ENSMUSG00000042182	-0.16534459590911865	-0.00021365076827351004	-0.22595718502998352	-0.13875636458396912	0.10036179423332214	0.21971163153648376	0.13320308923721313	0.1302715539932251
ENSMUSG00000037341	-0.13620054721832275	0.08085933327674866	0.09292171150445938	-0.22494961321353912	-1.0288381576538086	0.08124814927577972	0.0018030263017863035	0.1870584636926651
ENSMUSG00000115681	-0.03475775197148323	0.09705399721860886	0.028155170381069183	0.016740620136260986	-0.6195098757743835	-0.11627974361181259	-0.16456976532936096	-0.07506851851940155
ENSMUSG00000106190	0.08134175091981888	-0.15241481363773346	-0.9851924777030945	-0.27285417914390564	0.3856300413608551	0.14547547698020935	0.16448600590229034	0.0019071258138865232
ENSMUSG00000061742	0.06788356602191925	0.05908204987645149	0.04836023226380348	-0.03748195245862007	0.011363137513399124	-0.1003156453371048	0.14396077394485474	-0.020044634118676186
ENSMUSG00000032355	-0.007163435686379671	0.11617783457040787	-0.12272796779870987	0.024469513446092606	-0.31855857372283936	-0.17264175415039062	-0.08502887934446335	-0.031408585608005524
ENSMUSG00000030650	-0.13907931745052338	-0.04961199685931206	0.04558891803026199	-0.07887747883796692	0.009326859377324581	0.19279909133911133	0.0962929055094719	0.11267958581447601
ENSMUSG00000104377	-0.03702226281166077	0.13244973123073578	-0.184623584151268	-0.03199329972267151	-0.3409763276576996	-0.008998301811516285	-0.015646090731024742	-0.0491081103682518
ENSMUSG00000048824	-0.04790468513965607	0.08375177532434464	-0.24178117513656616	-0.005910055711865425	-0.4106738567352295	-0.17546747624874115	0.06059100106358528	0.007645809557288885
ENSMUSG00000020483	-0.08151444792747498	0.04555513709783554	1.1308317184448242	-0.014901835471391678	0.10244274139404297	0.20761390030384064	0.10162819921970367	0.025366902351379395
ENSMUSG00000033063	-0.09701872617006302	0.0632578432559967	-0.2542436718940735	-0.05842519924044609	-0.30312326550483704	0.03270108997821808	-0.009466366842389107	0.08001887053251266
ENSMUSG00000050473	0.7560529112815857	-0.22646959125995636	-2.141969680786133	-0.5940288305282593	2.1018028259277344	-0.29675352573394775	0.2106553465127945	-0.057450760155916214
ENSMUSG00000107087	-0.03325457125902176	0.10381171852350235	0.12546810507774353	-0.05688612535595894	-0.13475096225738525	-0.13628298044204712	-0.03660091757774353	-0.04108612984418869
ENSMUSG00000043644	-0.01880483143031597	-0.04587192460894585	-0.14767076075077057	0.13849429786205292	1.8365916013717651	0.39106056094169617	0.2195485532283783	0.034000083804130554
ENSMUSG00000072720	-0.007431434001773596	0.08150425553321838	-0.009926662780344486	0.17730304598808289	-0.21692007780075073	-0.2434644103050232	0.0066425250843167305	-0.015070974826812744
ENSMUSG00000115676	-0.007402440998703241	0.10908904671669006	-0.05760043486952782	-0.037669721990823746	-0.3468897342681885	-0.1097993403673172	-0.03438447415828705	-0.03253078833222389
ENSMUSG00000112904	-0.10018480569124222	0.09245651960372925	-0.14067460596561432	-0.027375688776373863	-0.3221438527107239	-0.1054467186331749	-0.10558868199586868	-0.058874644339084625
ENSMUSG00000067220	-0.0402197539806366	0.06921965628862381	-0.24458913505077362	0.032816819846630096	-0.23597167432308197	-0.16000618040561676	0.06564730405807495	0.033940743654966354
ENSMUSG00000034120	-0.015341918915510178	0.06257141381502151	1.4959039688110352	0.1236712858080864	0.3112896680831909	0.2332114577293396	0.0982123389840126	0.01249605417251587
ENSMUSG00000000701	-0.05667988210916519	0.08557630330324173	-0.17801214754581451	-0.02944483794271946	-0.3539562523365021	-0.14008428156375885	0.011927830055356026	-0.01495395414531231
ENSMUSG00000085477	-0.03381511569023132	0.08985218405723572	0.0006584557122550905	-0.07934477180242538	-0.04174516350030899	-0.030378995463252068	-0.00803479552268982	-0.05766001716256142
ENSMUSG00000101804	-0.25046810507774353	-0.07194426655769348	0.3712432086467743	0.06055808067321777	-1.2228927612304688	-0.09422408044338226	-0.5834265351295471	-0.17352858185768127
ENSMUSG00000026818	-0.035513028502464294	0.07797688990831375	0.309102863073349	0.004347491078078747	-0.42616504430770874	-0.10383571684360504	-0.06459686160087585	-0.07744908332824707
ENSMUSG00000108558	0.0030598845332860947	0.12383104115724564	0.35001206398010254	0.013063780963420868	-0.4173881411552429	-0.1620909869670868	-0.171747088432312	-0.1322852075099945
ENSMUSG00000085669	0.00217620306648314	0.04877723380923271	2.3553922176361084	0.2678551971912384	-0.7255861759185791	-0.005954043474048376	-0.2549608647823334	0.04560669884085655
ENSMUSG00000020624	-0.043103452771902084	0.07433944195508957	-0.15034779906272888	-0.04057113826274872	-0.22053396701812744	-0.16086086630821228	0.024805637076497078	-0.01888788305222988
ENSMUSG00000028692	0.06908762454986572	0.06385883688926697	1.3488662242889404	-0.055913690477609634	0.056485481560230255	0.12298189848661423	-0.016903935000300407	0.04227883741259575
ENSMUSG00000117183	-0.012067105621099472	0.09476535022258759	0.6127725839614868	0.024194085970520973	0.10437086224555969	-0.09387195855379105	-0.04487098380923271	-0.10527681559324265
ENSMUSG00000087093	0.034647565335035324	0.12016773968935013	0.2082119733095169	0.020598387345671654	-0.2585650086402893	-0.12872543931007385	-0.06586270034313202	-0.07807888090610504
ENSMUSG00000112376	0.01026685256510973	0.09227224439382553	-0.01891804113984108	0.014041309244930744	-0.3929213583469391	0.052550576627254486	-0.0942634642124176	-0.047960877418518066
ENSMUSG00000075085	-0.1066666692495346	0.09237106144428253	0.03195369988679886	-0.031248901039361954	-0.3818519115447998	-0.09202231466770172	-0.10528447479009628	-0.10528108477592468
ENSMUSG00000113822	-0.060838546603918076	0.0847330093383789	-0.0434693768620491	-0.02766355127096176	-0.5539919137954712	-0.14311926066875458	-0.07874884456396103	-0.04840162768959999
ENSMUSG00000053004	-0.14412817358970642	0.014807281084358692	0.1820911169052124	-0.23260498046875	-0.23746345937252045	0.26175862550735474	0.10185068845748901	0.10981650650501251
ENSMUSG00000040280	0.18683090806007385	-0.06075675040483475	-0.3322885036468506	-0.07154369354248047	1.3645130395889282	0.22314485907554626	0.1670287698507309	0.07423801720142365
ENSMUSG00000004113	-0.1640910655260086	0.0864059329032898	0.23932217061519623	-0.255960613489151	-0.14643555879592896	0.11834169179201126	0.11875227093696594	0.12223932147026062
ENSMUSG00000028938	-0.03103066049516201	0.11440541595220566	-0.21924033761024475	0.1213252991437912	-0.2224382907152176	-0.19388504326343536	-0.004798935726284981	-0.012283405289053917
ENSMUSG00000087050	0.008077755570411682	-0.044395383447408676	0.11950904875993729	-0.049125805497169495	0.7195205092430115	0.283379465341568	0.163637176156044	0.10709585249423981
ENSMUSG00000028646	-0.04620148241519928	0.039909057319164276	0.8671618103981018	0.01319445576518774	0.03996856138110161	0.2495267689228058	0.05344719439744949	0.05208282545208931
ENSMUSG00000022518	-0.05707781761884689	0.08684203773736954	-0.0162030216306448	-0.031883805990219116	-0.27828752994537354	-0.15675759315490723	0.0025556939654052258	-0.015541564673185349
ENSMUSG00000022462	-0.16216197609901428	0.030023586004972458	1.167099952697754	-0.005395083222538233	0.6547639966011047	0.2862741947174072	0.13981939852237701	0.02046988718211651
ENSMUSG00000101554	0.0025662106927484274	0.07583637535572052	0.609996497631073	0.09031651169061661	-0.6716057062149048	-0.19881829619407654	-0.3450130522251129	-0.1419789344072342
ENSMUSG00000026383	-0.06266990303993225	0.05939989537000656	0.43484261631965637	-0.07017117738723755	0.133045494556427	0.24170595407485962	0.032981112599372864	0.1033444032073021
ENSMUSG00000026180	-0.049058474600315094	0.07507689297199249	-0.11695454269647598	-0.06251215189695358	0.19528302550315857	-0.15494590997695923	0.0880727469921112	-0.03011467307806015
ENSMUSG00000060938	0.015357106924057007	0.08097165822982788	1.3772135972976685	-0.07793740928173065	0.47569239139556885	0.12610292434692383	0.09340275824069977	0.04491260647773743
ENSMUSG00000018986	-0.007710674311965704	0.09459419548511505	-0.2120971530675888	-0.037393368780612946	-0.18704921007156372	-0.10408177971839905	0.0037111907731741667	-0.02751152217388153
ENSMUSG00000111936	-0.016194269061088562	0.06762401014566422	0.006375453434884548	-0.059104397892951965	0.048196908086538315	-0.13141359388828278	0.03148499131202698	-0.029138095676898956
ENSMUSG00000037263	-0.03982160985469818	0.0828595757484436	0.1692160665988922	-0.03624575585126877	-0.3029954433441162	-0.17364554107189178	-0.023689279332756996	-0.04820297285914421
ENSMUSG00000073917	-0.11372613161802292	0.05699894577264786	-0.07122746855020523	-0.041345156729221344	-0.2537497580051422	-0.09293215721845627	-0.14478641748428345	-0.07924669235944748
ENSMUSG00000102494	-0.04322722926735878	0.11219201236963272	-0.15760749578475952	-0.020313810557127	-0.5183595418930054	-0.13240018486976624	0.0034435209818184376	-0.016423329710960388
ENSMUSG00000118427	0.016611116006970406	0.07351966202259064	0.5547672510147095	-0.03887595608830452	-0.0674109160900116	0.12862664461135864	-0.15187197923660278	-0.07287732511758804
ENSMUSG00000027861	-0.059255219995975494	0.022295262664556503	0.3358263075351715	-0.007051998283714056	-0.18466392159461975	-0.07169751822948456	0.04560667648911476	0.0656459704041481
ENSMUSG00000110618	-0.10474304109811783	0.017094995826482773	-0.17673364281654358	-0.005274536088109016	0.13016855716705322	0.04718539118766785	0.11226357519626617	0.04606301337480545
ENSMUSG00000107458	0.022203903645277023	0.09230174124240875	0.8347564935684204	0.12496048212051392	-0.311173677444458	-0.15489740669727325	-0.04698359966278076	-0.04263368993997574
ENSMUSG00000070797	-0.01754428818821907	0.09242372214794159	0.0010551767190918326	-0.03989468142390251	-0.5171929001808167	-0.14352509379386902	-0.10592661052942276	-0.05431807041168213
ENSMUSG00000000049	-0.13879120349884033	-0.0031827979255467653	-0.2810615599155426	-0.24411126971244812	-0.027499590069055557	0.20665888488292694	0.11821763217449188	0.04320548474788666
ENSMUSG00000055188	-0.0651850476861	0.03521506488323212	0.9481983780860901	0.4134225845336914	-0.4026535153388977	0.13920646905899048	-0.24616970121860504	-0.02591697685420513
ENSMUSG00000100724	-0.050507038831710815	0.1739826202392578	0.13703203201293945	0.11676202714443207	-1.426415205001831	-0.17641803622245789	-0.5257392525672913	-0.15570302307605743
ENSMUSG00000097523	-0.0920405313372612	0.026197779923677444	0.4765728712081909	-0.0524401031434536	-0.06668446213006973	0.2458040863275528	0.12618833780288696	0.09754886478185654
ENSMUSG00000029710	-0.03261587768793106	-0.048622630536556244	0.16623416543006897	-0.06066013500094414	0.38030335307121277	0.31592440605163574	0.14295178651809692	0.11540398746728897
ENSMUSG00000085431	-0.032607294619083405	0.07868845760822296	-0.07552308589220047	-0.035003889352083206	-0.27015164494514465	-0.08729478716850281	-0.0827537328004837	-0.052273254841566086
ENSMUSG00000035941	0.12628567218780518	0.06972894072532654	1.1065809726715088	0.0806855857372284	-0.14639584720134735	0.21337176859378815	-0.0359494648873806	0.045377861708402634
ENSMUSG00000037295	-0.011212397366762161	-0.05400621518492699	0.1839095950126648	-0.08050400763750076	0.16554492712020874	0.3212834596633911	0.13313715159893036	0.10547266900539398
ENSMUSG00000110042	-0.14839695394039154	0.09300947934389114	-0.13471870124340057	-0.017253132537007332	-0.3438900113105774	-0.08009172230958939	-0.05996863543987274	-0.08643265813589096
ENSMUSG00000090623	-0.0463060662150383	0.13925468921661377	-0.2061270922422409	0.25293639302253723	-0.139067605137825	-0.05670376867055893	-0.10182614624500275	-0.04308364540338516
ENSMUSG00000085822	-0.1582629531621933	0.08202056586742401	-0.09936169534921646	-0.005969198886305094	-0.3342898488044739	-0.030276963487267494	-0.12977108359336853	-0.08256301283836365
ENSMUSG00000020629	-0.05215948447585106	0.0645541176199913	1.2186394929885864	0.0020424395333975554	-0.3775489926338196	0.12428393214941025	-0.03094201721251011	0.010987440124154091
ENSMUSG00000003438	-0.01625233143568039	0.07236240059137344	1.407016396522522	-0.024608954787254333	0.0928550511598587	0.1148729994893074	0.09192664921283722	0.019534101709723473
ENSMUSG00000112803	-0.0018717232160270214	0.07628804445266724	0.045286618173122406	-0.03470539674162865	-0.3377445340156555	-0.06944752484560013	-0.030568700283765793	-0.009786028414964676
ENSMUSG00000039714	-0.05376109108328819	-0.06154452636837959	-0.21074698865413666	-0.03594307228922844	-0.06180191412568092	0.08015361428260803	0.11081419885158539	0.06512478739023209
ENSMUSG00000000826	0.00544755207374692	0.054395534098148346	0.8785336017608643	0.010992326773703098	0.12962637841701508	0.23560293018817902	0.003427008166909218	0.04944898560643196
ENSMUSG00000106623	-0.012858713045716286	0.08735501021146774	0.8328607678413391	0.1631186157464981	0.08657112717628479	0.0504552461206913	0.02249140292406082	-0.0016278106486424804
ENSMUSG00000090708	-0.019270556047558784	0.06759458035230637	0.35791462659835815	-0.07264363765716553	-0.11011569947004318	-0.04783361032605171	0.030170120298862457	-0.006178475450724363
ENSMUSG00000114959	0.005391184240579605	0.10540977120399475	-0.1385536640882492	-0.03548465669155121	-0.2444445937871933	-0.1338154822587967	-0.053902603685855865	-0.0386594794690609
ENSMUSG00000114161	-0.012467393651604652	0.10491619259119034	-0.048655226826667786	-0.028831234201788902	-0.4657081365585327	-0.20109832286834717	-0.06260117143392563	-0.01900026574730873
ENSMUSG00000101448	-0.04804651811718941	0.11025351285934448	-0.083837129175663	-0.026349904015660286	-0.28027117252349854	-0.1071138009428978	-0.11501646786928177	-0.06998404115438461
ENSMUSG00000021143	-0.10063160210847855	0.0549267902970314	0.6986530423164368	-0.058567605912685394	-0.07917918264865875	0.19564640522003174	0.08220778405666351	0.09911660850048065
ENSMUSG00000071517	-0.030778801068663597	0.07195863872766495	0.17611539363861084	-0.07565269619226456	-0.33172106742858887	0.05022292956709862	-0.15278004109859467	-0.11735180020332336
ENSMUSG00000020740	-0.05899053439497948	0.06267523765563965	1.372148871421814	-0.022277165204286575	0.13695207238197327	0.15239103138446808	0.09401311725378036	0.012153430841863155
ENSMUSG00000052955	-0.03982836753129959	0.08238624781370163	0.0014129808405414224	-0.06313333660364151	-0.15390856564044952	-0.15335343778133392	0.05281122773885727	-0.04281194135546684
ENSMUSG00000042992	-0.02072186954319477	0.061322394758462906	0.33213740587234497	-0.05528964847326279	-0.048930760473012924	0.04681478440761566	0.03344681113958359	-0.01899418979883194
ENSMUSG00000069258	-0.285788357257843	0.03685149922966957	-0.1622331589460373	-0.03674483671784401	-0.20477336645126343	-0.0003265994891989976	-0.1724431961774826	-0.10321688652038574
ENSMUSG00000055385	-0.1690526008605957	-0.054560426622629166	-0.4100871980190277	-0.23939615488052368	-0.15124793350696564	0.21495893597602844	0.10967575758695602	0.09497077018022537
ENSMUSG00000101820	-0.7872735857963562	-0.040653809905052185	0.366877943277359	0.17066171765327454	-1.0453555583953857	-0.27501893043518066	-0.27708375453948975	-0.16311372816562653
ENSMUSG00000048067	-0.040424495935440063	0.09034876525402069	-0.2837931513786316	-0.012414582073688507	-0.22296981513500214	-0.13465382158756256	0.022289417684078217	0.007316914387047291
ENSMUSG00000104027	-0.0930825024843216	0.10536748170852661	0.004192890599370003	0.047566164284944534	-0.4344073534011841	-0.17800721526145935	-0.1345706284046173	-0.07875555008649826
ENSMUSG00000042216	-0.07225020229816437	-0.01876150816679001	-0.10416275262832642	-0.009821426123380661	0.23188208043575287	0.1300850659608841	0.1682831346988678	0.0981210246682167
ENSMUSG00000085145	0.002985598985105753	0.052231982350349426	2.0263962745666504	0.14277034997940063	-0.33152079582214355	0.02301516942679882	-0.029741723090410233	0.0790543481707573
ENSMUSG00000025337	0.13319307565689087	0.08629677444696426	1.8567906618118286	0.1295326054096222	0.02310323715209961	0.19087818264961243	0.014470616355538368	0.036788880825042725
ENSMUSG00000033411	0.13384929299354553	0.09503065794706345	1.1601637601852417	-0.07086865603923798	0.11373694241046906	0.19218260049819946	0.0013006716035306454	0.07412174344062805
ENSMUSG00000028687	-0.03541553020477295	0.07002034783363342	0.7153801918029785	0.050459712743759155	0.04858064278960228	0.1403576135635376	0.11014142632484436	0.005138124339282513
ENSMUSG00000029510	0.21401157975196838	-0.10478265583515167	-0.35616686940193176	-0.0911838561296463	0.48240992426872253	0.24935224652290344	0.2543967366218567	0.10327346622943878
ENSMUSG00000043140	-0.06069643795490265	0.06508416682481766	0.7127960920333862	0.19782783091068268	0.3040941655635834	0.19762706756591797	0.04931151494383812	-0.0012508331565186381
ENSMUSG00000096405	-0.03409700095653534	0.08968237787485123	-0.1428595781326294	-0.0408947691321373	-0.36002182960510254	-0.053659435361623764	-0.08044182509183884	-0.044472042471170425
ENSMUSG00000099407	0.29918307065963745	0.07918381690979004	-1.0290969610214233	0.08788768947124481	1.2008135318756104	-0.1721525639295578	0.16829518973827362	-0.050662923604249954
ENSMUSG00000037106	-0.03233068436384201	0.10257638245820999	-0.1564653515815735	-0.025223277509212494	-0.3091862201690674	-0.09404008835554123	-0.01383594423532486	-0.015849614515900612
ENSMUSG00000020277	-0.037505242973566055	0.079806387424469	1.3892624378204346	-0.03179900720715523	-0.28470316529273987	0.10907062888145447	0.03140867128968239	0.019019095227122307
ENSMUSG00000111533	0.051589034497737885	0.02077401429414749	-0.5523817539215088	-0.0126276183873415	0.5954883098602295	-0.08986694365739822	0.2399488091468811	0.018854020163416862
ENSMUSG00000032358	-0.14166207611560822	0.040203437209129333	-0.14026199281215668	-0.2157243937253952	-0.22764350473880768	0.18979603052139282	0.06342834234237671	0.12987589836120605
ENSMUSG00000020982	0.16969354450702667	0.07066638022661209	1.3998267650604248	-0.029934007674455643	-0.10736649483442307	0.138723686337471	-0.07110711187124252	0.04826030135154724
ENSMUSG00000029811	-0.011077246628701687	0.10127526521682739	-0.17798085510730743	-0.019357111304998398	-0.3583862781524658	-0.14827732741832733	-0.06110300123691559	-0.01681775413453579
ENSMUSG00000108403	-0.009139892645180225	0.09934518486261368	-0.0298285074532032	-0.06483525037765503	-0.18464386463165283	-0.13783803582191467	-0.036128535866737366	-0.05510556325316429
ENSMUSG00000022288	-0.04057276248931885	0.12497039884328842	-0.170613631606102	-0.002425555605441332	-0.3548356294631958	-0.08688166737556458	-0.033698953688144684	-0.03411790728569031
ENSMUSG00000097384	0.021558111533522606	0.06489984691143036	-0.0335281640291214	0.08777368813753128	0.046470221132040024	-0.07796261459589005	0.15190057456493378	-0.03676442801952362
ENSMUSG00000103778	-0.04983978345990181	0.10617296397686005	0.33805447816848755	0.1977333128452301	-0.4809302091598511	-0.11010497063398361	-0.24346821010112762	-0.05449725687503815
ENSMUSG00000112910	0.0024028699845075607	0.1003669798374176	0.11622825264930725	-0.052333272993564606	-0.3338663876056671	-0.15188857913017273	-0.11640794575214386	-0.08248927444219589
ENSMUSG00000018750	0.004328594077378511	-0.019924484193325043	-0.31851208209991455	-0.0390002578496933	0.4432007968425751	0.3741227686405182	0.24241216480731964	0.13591068983078003
ENSMUSG00000109173	-0.02475213073194027	0.08420833945274353	0.008196767419576645	-0.03824147209525108	-0.5326277017593384	-0.09283334761857986	-0.15957847237586975	-0.08288010954856873
ENSMUSG00000030872	0.020008893683552742	0.07065421342849731	1.2482322454452515	-0.013220577500760555	-0.2394201159477234	0.14944538474082947	-0.018425771966576576	0.022117771208286285
ENSMUSG00000005800	-0.02594069391489029	0.11408527195453644	-0.22829091548919678	-0.006828222423791885	-0.3742579519748688	-0.13729475438594818	-0.04013088718056679	-0.004112841561436653
ENSMUSG00000109031	-0.0842289924621582	0.07750651985406876	-0.2265167087316513	-0.030267542228102684	-0.1964227557182312	-0.05704038217663765	-0.06653784215450287	-0.04367472603917122
ENSMUSG00000018501	0.17837515473365784	0.08300447463989258	1.4424333572387695	0.08299585431814194	0.022648965939879417	0.20530599355697632	-0.07844286412000656	0.03608083352446556
ENSMUSG00000030737	-0.045051682740449905	0.08003483712673187	-0.01392773911356926	0.0019965339452028275	-0.23240278661251068	-0.105073481798172	0.02511061355471611	-0.039187073707580566
ENSMUSG00000049128	-0.0067286016419529915	0.10020614415407181	-0.16410619020462036	-0.03659612312912941	-0.38975921273231506	-0.10222125798463821	0.015226226300001144	-0.028596019372344017
ENSMUSG00000029253	0.11367513984441757	0.07323186844587326	1.1316570043563843	0.10679984092712402	-0.18330302834510803	0.17227819561958313	-0.10727892816066742	0.002075156196951866
ENSMUSG00000078779	0.012728763744235039	0.07610422372817993	1.265419602394104	0.07476101070642471	0.0069042290560901165	0.1188996434211731	0.02669427916407585	0.018653888255357742
ENSMUSG00000106185	-0.0597652830183506	0.09072951227426529	-0.010226207785308361	-0.03793324902653694	-0.3044220507144928	-0.02034662291407585	-0.13702359795570374	-0.10666633397340775
ENSMUSG00000085449	-0.00807457510381937	0.08668921142816544	-0.01685226336121559	-0.023962870240211487	-0.48776328563690186	-0.11313002556562424	-0.09762226045131683	-0.04891681671142578
ENSMUSG00000118590	0.0009630126296542585	0.10776633024215698	0.034300126135349274	-0.0732351765036583	0.3436528742313385	-0.03244207426905632	0.051879558712244034	-0.06090177223086357
ENSMUSG00000115296	0.015706099569797516	0.1330351084470749	-0.1350683867931366	-0.028465205803513527	-0.3451845049858093	-0.14750587940216064	0.02594921365380287	-0.0473862923681736
ENSMUSG00000037013	-0.10327702760696411	0.0752323642373085	0.7249641418457031	-0.08461171388626099	-0.0941266417503357	0.1799326092004776	0.10334304720163345	0.10413291305303574
ENSMUSG00000102776	-0.07636374235153198	0.07623273134231567	-0.33133986592292786	-0.0479491725564003	0.16636618971824646	-0.0016744023887440562	-0.00589497946202755	-0.0532316192984581
ENSMUSG00000053420	-0.0354878306388855	0.08264228701591492	-0.16603796184062958	-0.02372095175087452	-0.39609286189079285	-0.1310180276632309	-0.024735458195209503	-0.011383340694010258
ENSMUSG00000040189	-0.07727015763521194	0.057874392718076706	0.483114629983902	0.10113734006881714	0.0205448716878891	0.23399730026721954	0.025825468823313713	0.012880036607384682
ENSMUSG00000103151	-0.03147847577929497	0.10096783936023712	-0.21590425074100494	-0.008649148046970367	-0.38952627778053284	-0.17649978399276733	-0.018442312255501747	0.00973490159958601
ENSMUSG00000086485	0.04199030250310898	0.0712902620434761	1.0185304880142212	-0.01768101193010807	-0.10021822154521942	-0.054077472537755966	0.05327282100915909	0.014824884943664074
ENSMUSG00000046876	-0.18605110049247742	0.1219249814748764	-0.03521852195262909	-0.27549001574516296	0.0685625821352005	-0.19761690497398376	0.13791780173778534	0.1385144293308258
ENSMUSG00000074240	-0.00923237670212984	0.10425683856010437	-0.05168132856488228	-0.017613667994737625	-0.19382184743881226	-0.10466364026069641	-0.058980852365493774	-0.05660661682486534
ENSMUSG00000114558	0.02317722886800766	0.10405611991882324	0.31792914867401123	-0.016832198947668076	0.2668268382549286	-0.10173214226961136	-0.009098111651837826	-0.0315881073474884
ENSMUSG00000043391	-0.07587447762489319	-0.0317775197327137	-0.3828350901603699	-0.189377561211586	0.22921518981456757	0.12668661773204803	0.13096992671489716	0.052175525575876236
ENSMUSG00000106749	-0.039788078516721725	0.09112340211868286	0.1615375280380249	-0.07874710857868195	-0.2334442287683487	-0.07510729134082794	-0.037103161215782166	-0.08692483603954315
ENSMUSG00000100948	-0.08889588713645935	0.0060731191188097	0.566146194934845	0.5093719959259033	-1.723953127861023	-0.26237210631370544	-0.6298332214355469	-0.1376149207353592
ENSMUSG00000047592	-0.029275670647621155	0.10980881005525589	-0.23863106966018677	-0.04202321916818619	-0.16336332261562347	-0.09249980002641678	0.030010409653186798	-0.024701712653040886
ENSMUSG00000112944	-0.029937846586108208	0.09681317210197449	-0.1335933655500412	-0.02394873835146427	-0.23492175340652466	-0.17316648364067078	-0.05264587700366974	-0.04238445684313774
ENSMUSG00000026751	0.26782160997390747	-0.0934048742055893	-1.5044137239456177	-0.2680022418498993	2.0991439819335938	0.22730563580989838	0.13633736968040466	0.1260724663734436
ENSMUSG00000030035	-0.03637043759226799	0.013553738594055176	0.29023292660713196	-0.022636812180280685	0.33319091796875	0.32259437441825867	0.2313188761472702	0.07938296347856522
ENSMUSG00000058802	-0.027404965832829475	0.10326198488473892	-0.278138130903244	-0.015644380822777748	-0.13554826378822327	-0.10453476756811142	-0.04687081277370453	-0.029225392267107964
ENSMUSG00000087077	0.02640083059668541	0.12781213223934174	-0.07407915592193604	-0.03544319048523903	0.09945368021726608	-0.18248647451400757	0.14811289310455322	-0.04803423583507538
ENSMUSG00000101958	-0.041227731853723526	0.07037457823753357	-0.3519369065761566	-0.005150052718818188	-0.13569483160972595	-0.16147060692310333	0.10244954377412796	0.011704190634191036
ENSMUSG00000115304	-0.0862267017364502	0.0894826352596283	0.03599092364311218	-0.003942647483199835	-0.5362231731414795	-0.03205273300409317	-0.19022491574287415	-0.11378481239080429
ENSMUSG00000114316	-0.02072536014020443	0.0337652787566185	-0.3187791407108307	0.012159202247858047	0.04771711304783821	-0.11647293716669083	0.19380596280097961	0.039811309427022934
ENSMUSG00000031751	-0.16137301921844482	0.01072659995406866	-0.088704913854599	-0.12387571483850479	0.16654109954833984	0.2301386445760727	0.14244377613067627	0.11550125479698181
ENSMUSG00000114268	-0.11433406174182892	0.012948837131261826	0.2316710650920868	0.2749866843223572	-1.5823774337768555	-0.3849543333053589	-0.6378969550132751	-0.24161992967128754
ENSMUSG00000066148	0.1268095076084137	0.06603661924600601	1.5719666481018066	0.09636513888835907	-0.18189376592636108	0.16598039865493774	-0.06560852378606796	0.02873307280242443
ENSMUSG00000097455	0.022907478734850883	0.05803559720516205	-0.562712550163269	-0.05451679229736328	0.9441570043563843	-0.0909658819437027	0.23328745365142822	-0.03504413738846779
ENSMUSG00000028009	-0.009887639433145523	0.10214009135961533	-0.15487661957740784	-0.06135649234056473	0.018053816631436348	-0.03230798617005348	-0.00814148224890232	-0.06246174871921539
ENSMUSG00000079357	0.018541067838668823	0.12104246765375137	0.2113841027021408	0.0404302179813385	-0.17927880585193634	-0.010670814663171768	-0.10033103078603745	-0.09539565443992615
ENSMUSG00000033542	-0.04869673773646355	-0.13643570244312286	-0.39024117588996887	-0.20605522394180298	-0.17616577446460724	0.3282720148563385	0.10832428187131882	0.005783007014542818
ENSMUSG00000105702	-0.09237851947546005	0.09276771545410156	-0.13607516884803772	-0.037346646189689636	-0.31438907980918884	-0.07803868502378464	-0.06464783102273941	-0.07715647667646408
ENSMUSG00000026833	-0.029846275225281715	-0.14889657497406006	-0.366775780916214	-0.1276608258485794	0.2985643446445465	0.2930629253387451	0.19275876879692078	0.021218376234173775
ENSMUSG00000051495	0.03736474737524986	-0.0728965699672699	-0.14598271250724792	-0.0245954766869545	1.2583616971969604	0.3588230013847351	0.266387015581131	0.06188702583312988
ENSMUSG00000110548	0.003163922345265746	0.09962091594934464	-0.16182315349578857	0.017663046717643738	-0.2381034791469574	-0.20120741426944733	-0.0596153624355793	-0.022344350814819336
ENSMUSG00000025762	-0.17414942383766174	0.038368478417396545	-0.4269472062587738	-0.1484786868095398	0.30157461762428284	-0.043311577290296555	0.14090804755687714	0.12732012569904327
ENSMUSG00000000127	-0.1551945060491562	0.1260271519422531	0.4341760575771332	-0.28196582198143005	-0.1790332943201065	0.14401444792747498	0.10897315293550491	0.15974058210849762
ENSMUSG00000074677	-0.09137944877147675	0.06662117689847946	-0.31923526525497437	-0.0359133705496788	-0.13781237602233887	-0.0461098812520504	-0.04878086969256401	-0.024693742394447327
ENSMUSG00000081807	-0.26034051179885864	0.04306851699948311	0.3761613070964813	0.039852216839790344	-0.7997013330459595	-0.1246156245470047	-0.3080032467842102	-0.18944916129112244
ENSMUSG00000043243	0.06823322921991348	-0.03113507479429245	-0.777905285358429	-0.05382522940635681	1.5281271934509277	0.01821400225162506	0.3009743392467499	0.004856796469539404
ENSMUSG00000031246	-0.09600520879030228	0.10340768843889236	0.6140597462654114	0.32464420795440674	-0.8385891914367676	-0.06875857710838318	-0.3006153404712677	-0.10883493721485138
ENSMUSG00000045795	-0.09315718710422516	0.04278352111577988	0.40376541018486023	-0.050281018018722534	0.022172441706061363	0.23960541188716888	0.09655864536762238	0.13858667016029358
ENSMUSG00000030403	-0.11554843187332153	0.035687461495399475	0.9893611669540405	0.03567377105355263	0.4294333755970001	0.25172629952430725	0.11629585176706314	0.019771801307797432
ENSMUSG00000086125	0.013556921854615211	0.11602922528982162	0.009416396729648113	-0.03832187503576279	-0.32267820835113525	-0.13111060857772827	-0.08204059302806854	-0.06355097889900208
ENSMUSG00000032601	-0.05373261496424675	0.05096675455570221	0.15412737429141998	-0.06837914139032364	0.6396359205245972	0.027767548337578773	0.1816069781780243	-0.005349057726562023
ENSMUSG00000028469	0.058151114732027054	-0.21312202513217926	-0.420240581035614	-0.21500223875045776	0.1602507382631302	0.3487797975540161	0.14014017581939697	-0.005244224797934294
ENSMUSG00000040321	0.0753667801618576	0.07172277569770813	0.8959842920303345	-0.04622028395533562	0.03649342060089111	0.21041712164878845	-0.024287326261401176	0.03846259042620659
ENSMUSG00000035356	-0.05675186216831207	0.028052058070898056	-0.4746948480606079	-0.04632304981350899	0.3998088538646698	0.20066525042057037	0.2589888274669647	0.12235157936811447
ENSMUSG00000099494	-0.2910541892051697	-0.053447991609573364	0.5463524460792542	0.08824631571769714	-1.3381333351135254	-0.2013676017522812	-0.4058220386505127	-0.2136259526014328
ENSMUSG00000024052	-0.17220713198184967	-0.00417451374232769	0.09987016022205353	-0.21675609052181244	0.20698265731334686	0.20128373801708221	0.15098854899406433	0.1146131157875061
ENSMUSG00000060012	0.08024320006370544	0.08450400084257126	1.190852403640747	0.025609305128455162	-0.06455722451210022	0.04168626293540001	-0.036460693925619125	-0.01660812273621559
ENSMUSG00000109524	-0.014956524595618248	0.1087050512433052	-0.13056254386901855	-0.0006851863581687212	-0.38980042934417725	-0.043152619153261185	-0.08901998400688171	-0.052707768976688385
ENSMUSG00000031853	0.183466374874115	-0.1404542624950409	-0.5953452587127686	-0.1778089851140976	0.6552909016609192	-0.08687887340784073	0.05928868427872658	-0.020650038495659828
ENSMUSG00000089924	-0.10556603223085403	0.1052166298031807	-0.1620684564113617	-0.002353215590119362	-0.21168211102485657	-0.13530687987804413	-0.07354725897312164	-0.0706329271197319
ENSMUSG00000115279	-0.0008142624283209443	0.13780421018600464	-0.11954555660486221	-0.0056042480282485485	-0.5076485872268677	-0.13697503507137299	-0.08848506957292557	-0.03543572127819061
ENSMUSG00000045004	-0.03895677626132965	0.0692455992102623	0.34693023562431335	-0.060856014490127563	-0.004920014180243015	-0.03980134800076485	0.04677949100732803	-0.027031730860471725
ENSMUSG00000020681	-0.05655455216765404	-0.13755078613758087	-0.19707521796226501	-0.23091860115528107	0.10223305970430374	0.32590439915657043	0.13902226090431213	0.015706392005085945
ENSMUSG00000002129	0.02185637690126896	0.09248515963554382	1.7221086025238037	-0.030412154272198677	-0.1241748109459877	0.14039278030395508	-0.004248839803040028	0.027466924861073494
ENSMUSG00000025225	0.4491235315799713	-0.13512051105499268	-1.0493361949920654	-0.19811274111270905	1.2870850563049316	0.3720114827156067	0.16804559528827667	0.15307888388633728
ENSMUSG00000034685	0.06257631629705429	-0.10484371334314346	-0.8170245885848999	-0.10107394307851791	1.3632715940475464	0.30539700388908386	0.3021804690361023	0.13820476830005646
ENSMUSG00000058586	-0.12512780725955963	0.011083142831921577	0.3735855221748352	-0.0062500666826963425	0.17192120850086212	0.07679832726716995	0.10890993475914001	0.11232186108827591
ENSMUSG00000036136	0.28049445152282715	-0.29916051030158997	-1.2181185483932495	-0.3695005476474762	0.7797947525978088	0.3441862165927887	0.1270398646593094	-0.012619886547327042
ENSMUSG00000028333	-0.02363949827849865	0.07171173393726349	1.3837623596191406	0.0376107320189476	0.7572122812271118	0.24534203112125397	0.10413635522127151	0.028758492320775986
ENSMUSG00000104506	-0.41213536262512207	0.17211449146270752	0.9029235243797302	0.21577203273773193	-1.508628249168396	-0.3002566397190094	-0.7066980600357056	-0.282431960105896
ENSMUSG00000116979	-0.017023557797074318	0.10162234306335449	-0.0349237397313118	-0.0495445616543293	-0.2829219698905945	-0.04867073893547058	-0.05529974400997162	-0.03311388939619064
ENSMUSG00000104217	0.07381444424390793	0.079289510846138	0.8623260259628296	0.09994984418153763	0.047935571521520615	0.15507416427135468	-0.03301973640918732	0.02780192345380783
ENSMUSG00000087461	-0.10483565926551819	0.07886965572834015	0.07249239832162857	-0.035507068037986755	-0.2829970121383667	0.03635873273015022	0.022460870444774628	0.10421592742204666
ENSMUSG00000059013	-0.018246537074446678	0.07850342243909836	-0.4259587824344635	0.03291013091802597	0.30715420842170715	-0.11334960162639618	0.3041214048862457	-0.03780844062566757
ENSMUSG00000036469	-0.12364684790372849	0.05496532842516899	-0.21809139847755432	-0.18473973870277405	-0.40266716480255127	0.09144821017980576	-0.008142472244799137	0.12565171718597412
ENSMUSG00000024548	-0.19014860689640045	0.11381415277719498	0.041853733360767365	-0.24221278727054596	-0.4364579916000366	-0.16654855012893677	0.06525889784097672	0.1878892332315445
ENSMUSG00000087089	0.009375463239848614	0.11979217827320099	-0.03827417269349098	-0.024054186418652534	-0.4338027238845825	-0.17704087495803833	-0.10212386399507523	-0.03925419971346855
ENSMUSG00000054641	-0.06345761567354202	0.1265181303024292	-0.1826077699661255	0.00012515306298155338	-0.27198320627212524	-0.006267894990742207	-0.11272624880075455	-0.07958921790122986
ENSMUSG00000026841	0.19049400091171265	-0.14436344802379608	-0.36301717162132263	-0.27923861145973206	0.3872964382171631	0.07045909017324448	0.08067195862531662	-0.044579945504665375
ENSMUSG00000021972	0.06910112500190735	0.12916246056556702	0.5022873878479004	0.2376309633255005	-0.12542232871055603	0.09550744295120239	-0.10946406424045563	0.01194736734032631
ENSMUSG00000048949	0.055548474192619324	-0.04930836707353592	-0.8879112005233765	-0.2237074077129364	0.23261983692646027	0.19805505871772766	0.24837513267993927	0.054532431066036224
ENSMUSG00000030474	-0.04057442769408226	0.08058705180883408	-0.19712646305561066	-0.04786893352866173	-0.19299787282943726	-0.1671549379825592	0.06410092115402222	-0.02497834712266922
ENSMUSG00000087045	0.03367164731025696	0.01429719291627407	-0.20969001948833466	-0.009210854768753052	-0.06273671239614487	-0.05962236225605011	0.10692015290260315	0.03357158601284027
ENSMUSG00000055333	-0.027091722935438156	0.09415902197360992	0.0751948282122612	0.022275147959589958	-0.3024154007434845	-0.14808949828147888	-0.0407080352306366	-0.04908183962106705
ENSMUSG00000029602	-0.021270686760544777	-0.02056180313229561	-0.15778079628944397	-0.034835610538721085	0.245435893535614	0.2463941127061844	0.17429201304912567	0.11915800720453262
ENSMUSG00000090691	-0.1671718806028366	0.03467981144785881	-0.0758262574672699	-0.1324867606163025	0.06894303113222122	0.23215141892433167	0.10976199060678482	0.14912599325180054
ENSMUSG00000031818	-0.13666026294231415	0.04724044352769852	1.3516104221343994	0.016261639073491096	0.5090211629867554	0.24009215831756592	0.13384534418582916	0.0007334726979024708
ENSMUSG00000092579	0.017078211531043053	0.010374813340604305	0.10226937383413315	0.04275892302393913	-1.1259807348251343	-0.032659322023391724	-0.4304695129394531	-0.12344717979431152
ENSMUSG00000109338	0.0004502980154938996	0.11821013689041138	-0.08910945802927017	-0.03865597024559975	-0.33390772342681885	-0.10968273878097534	-0.08954121917486191	-0.054025668650865555
ENSMUSG00000022208	0.25243112444877625	-0.09115450829267502	-1.207754373550415	-0.2082827389240265	1.6602493524551392	0.31378665566444397	0.28320765495300293	0.10332508385181427
ENSMUSG00000110682	-0.04362374171614647	0.06760411709547043	0.15493109822273254	-0.05191980302333832	-0.133972629904747	-0.10530145466327667	0.03487924113869667	-0.014239409938454628
ENSMUSG00000109566	-0.02256246656179428	0.11124756932258606	-0.013652915135025978	-0.0029130815528333187	-0.4524751305580139	-0.09716551750898361	-0.14018002152442932	-0.08543732762336731
ENSMUSG00000019505	0.0660790279507637	0.07590459287166595	1.9524286985397339	0.15966667234897614	0.7392322421073914	0.15545707941055298	0.07703018188476562	0.035844191908836365
ENSMUSG00000073012	-0.1784851998090744	0.11187751591205597	0.10841992497444153	0.11656434834003448	-0.6427936553955078	-0.1726437360048294	-0.2092389315366745	-0.10248617082834244
ENSMUSG00000110719	-0.016293037682771683	0.09259562194347382	0.05035524442791939	-0.0488506555557251	-0.1512189358472824	-0.16108299791812897	-0.003217126242816448	-0.0318630114197731
ENSMUSG00000111312	0.05703997611999512	-0.18242307007312775	-0.861284077167511	-0.0887269526720047	0.937743604183197	0.339518278837204	0.3108311593532562	0.103976309299469
ENSMUSG00000028556	-0.10596217960119247	0.07945628464221954	0.4460887610912323	-0.16102252900600433	-0.07944653928279877	0.20758941769599915	0.0768854096531868	0.1564466953277588
ENSMUSG00000009614	-0.04902910068631172	0.07056419551372528	0.37386554479599	-0.031277094036340714	-0.3252951502799988	-0.12288246303796768	-0.016469577327370644	-0.045636631548404694
ENSMUSG00000069796	0.012063554488122463	0.059597935527563095	-0.18519622087478638	-0.03631763905286789	0.5948282480239868	-0.11602912843227386	0.20261766016483307	-0.043120600283145905
ENSMUSG00000107023	0.12656638026237488	0.07253460586071014	1.5994945764541626	0.22199590504169464	-0.18959493935108185	0.02305428497493267	-0.07551836222410202	0.029755380004644394
ENSMUSG00000110457	-0.05525431036949158	0.06762389838695526	-0.0031100003980100155	-0.05232251062989235	0.1585100144147873	0.042715203016996384	0.0914933979511261	-0.04767396301031113
ENSMUSG00000091983	-0.0434219166636467	0.09516263008117676	-0.13111001253128052	-0.032375358045101166	-0.3230588138103485	-0.08100631088018417	-0.10819996893405914	-0.06115087866783142
ENSMUSG00000050914	-0.01220167987048626	0.09307922422885895	0.004674436524510384	-0.07397084683179855	0.8768465518951416	-0.1739613115787506	0.15093746781349182	-0.03550649434328079
ENSMUSG00000034023	0.06030283123254776	0.0713222473859787	1.1002590656280518	0.02087188884615898	-0.19028164446353912	0.14471642673015594	-0.07212941348552704	0.0019758292473852634
ENSMUSG00000108750	-0.01727604679763317	0.06598664075136185	-0.585889995098114	-0.020849736407399178	0.3507727384567261	-0.06656718999147415	0.1932206153869629	0.010124585591256618
ENSMUSG00000022139	-0.053023215383291245	0.05653640627861023	0.5179956555366516	-0.04344172403216362	-0.057464323937892914	0.14864656329154968	0.027796458452939987	0.022310545668005943
ENSMUSG00000024097	0.15623562037944794	0.08860089629888535	1.5763909816741943	0.08675703406333923	0.40278270840644836	0.2170388251543045	0.0019100281642749906	0.04204345867037773
ENSMUSG00000114800	-0.035560574382543564	0.03189045190811157	-0.3506945073604584	-0.009489087387919426	-0.28038424253463745	-0.05858778581023216	0.09873165190219879	0.03656850755214691
ENSMUSG00000030782	0.09537649899721146	-0.044729843735694885	-0.6828163862228394	-0.03861271217465401	0.5875535011291504	0.13193024694919586	0.29210564494132996	0.05482367053627968
ENSMUSG00000021967	-0.10056261718273163	-0.003622199408710003	0.5314309597015381	0.01074208039790392	0.7385197281837463	0.3506961762905121	0.17094692587852478	0.0750497579574585
ENSMUSG00000028047	-0.0851355642080307	0.051178887486457825	0.12687915563583374	-0.07749860733747482	0.5356343984603882	0.2332323044538498	0.17307229340076447	0.0634743869304657
ENSMUSG00000022181	-0.03336714208126068	0.09510482102632523	-0.16322307288646698	-0.03149046003818512	-0.411620169878006	-0.10446734726428986	-0.07457798719406128	-0.031603943556547165
ENSMUSG00000028964	-0.13498671352863312	0.039408858865499496	0.9838365316390991	-0.05413920804858208	0.7966412305831909	0.28903916478157043	0.15013191103935242	0.047710128128528595
ENSMUSG00000040138	-0.015575237572193146	0.09686803072690964	0.2693229913711548	0.028055725619196892	-0.982362687587738	-0.1190485879778862	-0.11208686232566833	0.025347823277115822
ENSMUSG00000109297	-0.015333947725594044	0.10294697433710098	-0.06858806312084198	-0.033391546458005905	-0.3741059899330139	-0.14517635107040405	-0.05045848339796066	-0.040868453681468964
ENSMUSG00000038264	0.06973592936992645	-0.07997754961252213	-0.290974885225296	-0.16160719096660614	0.3309836983680725	0.25006917119026184	0.153572216629982	0.01308709941804409
ENSMUSG00000021775	0.014844218268990517	0.06060199812054634	0.5333958268165588	0.0410848893225193	-0.14842024445533752	0.205123633146286	-0.05579120293259621	0.03953506797552109
ENSMUSG00000104887	-0.053999852389097214	0.09765028953552246	-0.09817922860383987	0.007486509159207344	-0.045562755316495895	-0.0971253290772438	0.04121553897857666	0.012237961404025555
ENSMUSG00000104987	0.12211117148399353	-0.14940637350082397	-0.7356077432632446	-0.1302124708890915	0.2969170808792114	0.08274415135383606	0.16555042564868927	0.009427291341125965
ENSMUSG00000074375	-0.06417571753263474	0.11723137646913528	-0.11715174466371536	0.03159843757748604	-0.15892107784748077	-0.10248860716819763	-0.08386614918708801	-0.08179082721471786
ENSMUSG00000113455	-0.04232707992196083	0.09968079626560211	-0.2921994626522064	-0.02027452550828457	-0.3289339542388916	-0.1353926807641983	0.1104779839515686	0.012986654415726662
ENSMUSG00000111234	-0.043918341398239136	0.1099802702665329	0.0016070209676399827	-0.02367469295859337	-0.3389526307582855	-0.034084733575582504	-0.13889259099960327	-0.09444297850131989
ENSMUSG00000028542	-0.057286012917757034	-0.07664372771978378	-0.02488243393599987	-0.06015600636601448	0.6094069480895996	0.27725163102149963	0.1812293827533722	0.0989401564002037
ENSMUSG00000031608	-0.13133130967617035	0.012348056770861149	-0.30101579427719116	-0.18232974410057068	0.3015579283237457	-0.036257948726415634	0.1349104344844818	0.09214268624782562
ENSMUSG00000090083	-0.07877057790756226	0.0543096549808979	0.8882572054862976	-0.035605572164058685	0.08007799834012985	0.1960277557373047	0.069122813642025	0.036062754690647125
ENSMUSG00000064262	-0.047464918345212936	0.06579148024320602	-0.2692953646183014	-0.03682447969913483	-0.11850143224000931	-0.09677109122276306	0.0433616004884243	-0.013340985402464867
ENSMUSG00000037400	0.08485782891511917	0.06843097507953644	0.7876455783843994	-0.03501119464635849	-0.07058782875537872	0.21714216470718384	-0.043217942118644714	0.09201391041278839
ENSMUSG00000089742	0.013074347749352455	0.06748580187559128	0.4242517352104187	0.029248032718896866	-0.11273078620433807	-0.0680229440331459	0.11838116496801376	-0.007569316774606705
ENSMUSG00000093619	-0.0067518772557377815	0.0496680848300457	-0.27995219826698303	0.0005919170216657221	-0.16966450214385986	0.17383573949337006	0.1826891005039215	0.0416213758289814
ENSMUSG00000047674	-0.020905468612909317	0.07767347246408463	-0.41278088092803955	-0.07239080220460892	0.44267332553863525	0.02965804561972618	0.08320324867963791	-0.054933276027441025
ENSMUSG00000096956	0.10834083706140518	-0.1742100864648819	-0.5614948272705078	-0.1877768188714981	-0.19304834306240082	0.24814392626285553	0.14126041531562805	-0.01926393434405327
ENSMUSG00000098768	-0.004502076655626297	0.1070714220404625	-0.1291830688714981	-0.04807344079017639	-0.2532658278942108	-0.08082662522792816	-0.05350467562675476	-0.05777500942349434
ENSMUSG00000004096	0.1869879961013794	0.06749385595321655	1.5180915594100952	0.0797804743051529	-0.20501205325126648	0.15780754387378693	-0.06084365025162697	0.04178120940923691
ENSMUSG00000116920	-0.02219848893582821	0.09373845160007477	-0.09461914747953415	-0.03679544851183891	-0.3524768054485321	-0.055923596024513245	-0.09838564693927765	-0.053429897874593735
ENSMUSG00000020901	-0.1029948964715004	-0.004320849664509296	-0.14604604244232178	-0.04761906713247299	-0.1925240308046341	0.055076174437999725	0.07226632535457611	0.08512131869792938
ENSMUSG00000066750	-0.06348375976085663	0.06892700493335724	-0.15794742107391357	-0.0304957777261734	-0.29021939635276794	-0.07701241970062256	-0.12068089842796326	-0.047936782240867615
ENSMUSG00000000617	0.3340498208999634	-0.29974162578582764	-0.818997859954834	-0.22866803407669067	0.7057551741600037	0.12739983201026917	0.07533488422632217	-0.07275766134262085
ENSMUSG00000091243	-0.1678491085767746	0.057325199246406555	-0.29771101474761963	-0.13389313220977783	-0.10118111968040466	0.19246678054332733	0.07886640727519989	0.14303608238697052
ENSMUSG00000097472	0.01176415104418993	0.09879279136657715	0.47711074352264404	0.38969165086746216	0.13614793121814728	-0.11742798984050751	0.05525418743491173	0.03425754979252815
ENSMUSG00000105991	-0.056213751435279846	0.037021249532699585	-0.003454439574852586	-0.039572279900312424	0.5769465565681458	0.24788391590118408	0.08276715129613876	0.04083207994699478
ENSMUSG00000024371	-0.10969790816307068	-0.04967682436108589	-0.22722646594047546	0.08393539488315582	0.7277379035949707	0.40203607082366943	0.28132957220077515	0.07493703067302704
ENSMUSG00000024155	-0.12969207763671875	0.05056221783161163	-0.1098865494132042	-0.06963369995355606	-0.07149450480937958	0.2356538325548172	0.06261657178401947	0.15637683868408203
ENSMUSG00000053303	-0.03334672749042511	0.11600837856531143	-0.1611013263463974	0.0013782675378024578	-0.4742107093334198	-0.17817626893520355	-0.10150893032550812	-0.009358862414956093
ENSMUSG00000054940	-0.12685349583625793	0.07283587753772736	-0.11060567945241928	-0.04227185249328613	-0.2533114552497864	-0.0066509973257780075	-0.10980395972728729	-0.09631086140871048
ENSMUSG00000023868	-0.14594963192939758	-0.05393027886748314	-0.26050952076911926	-0.2053530514240265	0.40949562191963196	0.218329519033432	0.1445932537317276	0.0642535537481308
ENSMUSG00000032940	-0.052791714668273926	0.005557050928473473	-0.7519800066947937	-0.17454887926578522	0.22310516238212585	0.26248830556869507	0.21916480362415314	0.07156737893819809
ENSMUSG00000035757	-0.09123479574918747	-0.07599297910928726	0.22765246033668518	-0.07644595950841904	0.1991538107395172	0.2950109541416168	0.17202572524547577	0.08574692904949188
ENSMUSG00000089701	0.06382493674755096	0.04954101890325546	-0.7246720790863037	0.019046250730752945	1.1763930320739746	-0.05608311668038368	0.32948142290115356	-0.03996611759066582
ENSMUSG00000102672	0.028384730219841003	0.16837196052074432	0.4698588252067566	0.3026213049888611	-0.38423821330070496	-0.045689187943935394	-0.21856671571731567	-0.08371186256408691
ENSMUSG00000109176	0.01072804443538189	0.09340713173151016	0.581109344959259	-0.05827147886157036	-0.3595679998397827	-0.057706598192453384	-0.06895924359560013	-0.02156597375869751
ENSMUSG00000114521	-0.013235615566372871	0.11118180304765701	-0.42735618352890015	0.03290001302957535	0.057738520205020905	-0.18356066942214966	0.21458640694618225	-0.01361774280667305
ENSMUSG00000095640	-0.03367668762803078	0.09219051152467728	-0.0002721864730119705	-0.030973833054304123	-0.4564526677131653	-0.10206513106822968	-0.15997697412967682	-0.08204308152198792
ENSMUSG00000109544	-0.07336115092039108	0.12101145088672638	-0.06577277928590775	0.006537525448948145	-0.493417352437973	-0.08739300072193146	-0.15069293975830078	-0.07259800285100937
ENSMUSG00000097447	-0.010075381025671959	0.09665890038013458	-0.39168068766593933	-0.0414130836725235	0.22971685230731964	-0.09051511436700821	0.1114770770072937	-0.02649260126054287
ENSMUSG00000022584	-0.0006178535986691713	0.0838385596871376	0.5631315112113953	0.04975594952702522	-0.2875380218029022	-0.04470982402563095	-0.06191222742199898	-0.0685751810669899
ENSMUSG00000078202	0.3757326006889343	-0.16596204042434692	-1.4389094114303589	-0.321882426738739	1.8343292474746704	-0.08159206062555313	0.31275036931037903	0.0076017826795578
ENSMUSG00000114602	-0.040688179433345795	0.11208739131689072	0.8120884895324707	0.35912707448005676	-0.3914938271045685	0.02245503105223179	-0.09864653646945953	-0.08977921307086945
ENSMUSG00000021477	-0.0541846789419651	0.06480751186609268	0.8425965905189514	-0.07717398554086685	-0.003637425834313035	0.18173208832740784	0.0340251550078392	0.05443589389324188
ENSMUSG00000001150	0.06340672075748444	0.07002301514148712	1.2900989055633545	-0.04248787462711334	-0.1497485190629959	0.10350296646356583	-0.03454503417015076	0.04025500267744064
ENSMUSG00000105530	-0.2551506757736206	0.010577269829809666	0.07839781045913696	-0.027750510722398758	-0.17524147033691406	-0.04639549180865288	-0.3096119165420532	-0.092264823615551
ENSMUSG00000105897	-0.15731114149093628	0.07701752334833145	-0.12047609686851501	-0.009286811575293541	-0.16241884231567383	0.024039339274168015	-0.12174626439809799	-0.11325328797101974
ENSMUSG00000034926	-0.07790584862232208	0.07290244847536087	1.2142788171768188	-0.022670762613415718	8.101522689685225e-05	0.192214235663414	0.06760804355144501	0.029396161437034607
ENSMUSG00000039461	-0.0013719801791012287	0.07824768871068954	1.1145808696746826	0.0896858423948288	0.2564373314380646	0.16707167029380798	0.050103720277547836	0.016895093023777008
ENSMUSG00000078952	0.05766603350639343	-0.003768857102841139	-0.05871564894914627	0.026522094383835793	0.39624667167663574	0.16398826241493225	0.14898191392421722	-0.014901292510330677
ENSMUSG00000102686	-0.0224432535469532	0.07351899892091751	-0.35763731598854065	-0.04989565908908844	0.27889010310173035	-0.09506335109472275	0.0725446343421936	-0.025958526879549026
ENSMUSG00000109405	-0.2550266981124878	0.041251420974731445	0.40475669503211975	0.1535906046628952	-1.044860601425171	-0.21511854231357574	-0.3917061686515808	-0.10167355835437775
ENSMUSG00000108374	-0.04957490786910057	0.09118138253688812	-0.16141994297504425	-0.03711912781000137	-0.4183562099933624	-0.05072341486811638	-0.05918252840638161	-0.042018938809633255
ENSMUSG00000054383	0.0533529557287693	0.03549998626112938	-0.1835288554430008	-0.04142490401864052	-0.14301060140132904	0.09205129742622375	0.22566209733486176	0.021779630333185196
ENSMUSG00000102069	0.0024024974554777145	0.1343224197626114	-0.11461425572633743	0.07004264742136002	-0.4704444110393524	-0.094200000166893	-0.12267264723777771	-0.04799337685108185
ENSMUSG00000043448	0.4896751344203949	0.06993072479963303	-1.2038005590438843	0.3946034908294678	1.4102615118026733	-0.1164463460445404	0.08894263207912445	-0.005513700190931559
ENSMUSG00000085105	0.07103334367275238	0.0777563825249672	1.3114612102508545	0.06861622631549835	0.11354316025972366	0.13202553987503052	0.0327635258436203	0.02344353497028351
ENSMUSG00000044667	-0.14648427069187164	-0.0153526421636343	-0.3390200734138489	-0.19251319766044617	-0.24453842639923096	0.1409452110528946	0.07279784232378006	0.07901778817176819
ENSMUSG00000097111	0.02091989666223526	0.08261518180370331	0.7090745568275452	0.141226127743721	-0.3088376522064209	-0.03911515697836876	-0.016728315502405167	-0.018208054825663567
ENSMUSG00000118138	0.07735323160886765	0.15445919334888458	0.7080671787261963	0.32664206624031067	-0.1429370939731598	-0.08381371200084686	-0.03382542356848717	-0.05640622600913048
ENSMUSG00000075297	-0.11266285181045532	-0.1533009558916092	-0.3246912658214569	-0.14957590401172638	0.5572834610939026	0.2718799412250519	0.12812422215938568	0.06938345730304718
ENSMUSG00000022494	-0.1904386579990387	0.13168734312057495	-0.13681639730930328	-0.3594394028186798	-0.5692971348762512	-0.06885410100221634	0.0808754563331604	0.09311976283788681
ENSMUSG00000091199	-0.02692219242453575	0.11981800198554993	-0.20458316802978516	0.051952362060546875	0.08446012437343597	0.00022261618869379163	-0.05047544091939926	-0.038512617349624634
ENSMUSG00000062753	0.0673719197511673	0.04539937153458595	0.5523735880851746	-0.07150483131408691	0.6097307801246643	0.13512727618217468	0.17896808683872223	0.03734593093395233
ENSMUSG00000069816	-0.1314726173877716	0.09472385048866272	-0.057258669286966324	0.04719731956720352	-0.4515363574028015	-0.055621128529310226	-0.14117299020290375	-0.09743385016918182
ENSMUSG00000084330	-0.0837283805012703	0.05157923325896263	0.45921066403388977	0.0028478449676185846	-0.7581695318222046	-0.0834449976682663	-0.24724265933036804	-0.0905739814043045
ENSMUSG00000021759	-0.05612035095691681	0.04083723947405815	0.6728915572166443	0.036892976611852646	-0.017692524939775467	0.24242228269577026	0.025908419862389565	0.04676513373851776
ENSMUSG00000005378	-0.05243932828307152	0.06611128151416779	1.2208795547485352	-0.05292665585875511	0.11652510613203049	0.13177698850631714	0.08943543583154678	0.02159780263900757
ENSMUSG00000031903	-0.0436493344604969	0.06187818571925163	0.7749062180519104	0.005970221944153309	-0.00687527796253562	0.08717634528875351	0.07293196022510529	0.006362435407936573
ENSMUSG00000017007	0.1990184783935547	-0.22520767152309418	-1.2933862209320068	-0.3034003674983978	1.234900951385498	0.3180062770843506	0.2669127881526947	0.11069270968437195
ENSMUSG00000085912	-0.06537304073572159	0.06986167281866074	0.5569269061088562	0.011093704961240292	0.4491284489631653	0.03901270031929016	0.11995131522417068	-0.009785640053451061
ENSMUSG00000012483	0.03866739943623543	0.09942637383937836	1.1664400100708008	-0.06983162462711334	0.6027621626853943	0.21092140674591064	0.046701885759830475	0.07412932068109512
ENSMUSG00000040048	-0.027157355099916458	0.058579619973897934	1.5955674648284912	0.02335464395582676	0.05252945423126221	0.11283820867538452	0.06426003575325012	0.030444622039794922
ENSMUSG00000071256	-0.03789311647415161	0.010622642934322357	-0.39667120575904846	-0.0015990168321877718	0.7663969397544861	0.28781354427337646	0.37915337085723877	0.026107873767614365
ENSMUSG00000043153	-0.11431533843278885	0.08152727037668228	-0.07438258826732635	-0.08993994444608688	-0.4100652039051056	0.1754416823387146	-0.02210952527821064	0.1736762821674347
ENSMUSG00000019986	-0.13165922462940216	0.058643244206905365	0.046249326318502426	-0.07028406858444214	0.04527057334780693	0.25015130639076233	0.09037386626005173	0.15511105954647064
ENSMUSG00000020038	-0.07863269001245499	0.1398342400789261	0.9214919805526733	-0.1194886565208435	0.13867008686065674	0.011560560204088688	0.12400005012750626	0.11986331641674042
ENSMUSG00000020660	-0.10101383924484253	-0.006265087053179741	-0.14069706201553345	0.05089198052883148	0.47795361280441284	-0.010718570090830326	0.16301415860652924	0.06720272451639175
ENSMUSG00000102516	0.007400328293442726	0.07897606492042542	0.2880431115627289	0.03329049050807953	-0.33740517497062683	-0.18198011815547943	0.03387469798326492	-0.07536923140287399
ENSMUSG00000038178	-0.12158025056123734	0.04256991297006607	0.5204310417175293	-0.07107879966497421	0.08254991471767426	0.24405662715435028	0.10346207022666931	0.1035294309258461
ENSMUSG00000055932	-0.04818843677639961	0.07320624589920044	0.4126921594142914	0.031315576285123825	-0.19252273440361023	0.13195548951625824	-0.020900411531329155	0.005788018926978111
ENSMUSG00000013653	-0.033751629292964935	0.10080824047327042	-0.12492870539426804	-0.02926768735051155	-0.4388256371021271	-0.15984982252120972	-0.04086606204509735	-0.019713785499334335
ENSMUSG00000022303	0.0037575059104710817	0.10790479928255081	0.1492248773574829	-0.02545987069606781	-0.05132276937365532	-0.0903567522764206	0.0007017508614808321	-0.02952546998858452
ENSMUSG00000093865	-0.005137051455676556	0.1105085089802742	-0.16754135489463806	-0.02479703351855278	-0.15460701286792755	-0.0825035497546196	-0.028592586517333984	-0.037426263093948364
ENSMUSG00000104501	-0.048097435384988785	0.05446651577949524	0.9216485619544983	-0.06929609924554825	0.03702973574399948	0.10020197927951813	0.09413093328475952	0.01921621523797512
ENSMUSG00000105804	-0.011154329404234886	0.0838339552283287	0.6800387501716614	0.18117839097976685	-0.42693257331848145	-0.10391930490732193	-0.021182142198085785	0.0017016903730109334
ENSMUSG00000000031	0.004334736615419388	0.06753255426883698	-0.0014933226630091667	-0.07171007990837097	-0.05603524670004845	-0.05093654990196228	0.11434006690979004	-0.027183840051293373
ENSMUSG00000027750	-0.03090280294418335	0.09716511517763138	-0.0841413140296936	-0.026706207543611526	-0.28896433115005493	-0.1447046995162964	-0.08036667108535767	-0.03637422248721123
ENSMUSG00000013643	-0.03512931987643242	0.08328548073768616	-0.13036641478538513	-0.02919183485209942	-0.329761803150177	-0.1886453777551651	0.0040277838706970215	0.0019265587907284498
ENSMUSG00000032079	0.12336799502372742	-0.005427898373454809	-1.1007513999938965	-0.1651495099067688	1.0626007318496704	-0.06946726143360138	0.2840694785118103	0.015724677592515945
ENSMUSG00000078308	0.010589954443275928	0.1547909826040268	-0.06877443194389343	0.065629743039608	-0.48584720492362976	-0.12938742339611053	-0.12782275676727295	-0.05299479886889458
ENSMUSG00000005952	-0.026278791949152946	0.11219793558120728	-0.039902832359075546	-0.038678914308547974	-0.22291238605976105	-0.15333232283592224	-0.0001713661040412262	-0.04213021695613861
ENSMUSG00000117874	0.5375559329986572	0.012624897062778473	-1.3994708061218262	-0.164842888712883	1.723259449005127	0.2855469882488251	0.15635313093662262	0.06788790971040726
ENSMUSG00000102748	0.26118648052215576	-0.23124158382415771	-1.2090338468551636	-0.269000381231308	1.4596842527389526	0.3291953206062317	0.18085569143295288	0.12378328293561935
ENSMUSG00000097673	-0.12530797719955444	-0.0005680758040398359	0.033904027193784714	-0.03929917514324188	-0.1322067379951477	0.28653213381767273	0.02289620414376259	0.05514542758464813
ENSMUSG00000063252	-0.08133061230182648	0.09815803170204163	-0.031442634761333466	0.008517402224242687	-0.5244858264923096	-0.15611763298511505	-0.1886117309331894	-0.06330204755067825
ENSMUSG00000021470	0.03310582786798477	0.06585120409727097	0.8088272213935852	0.11879841983318329	-0.1195933073759079	0.19420267641544342	-0.0412379689514637	-0.006571304984390736
ENSMUSG00000115747	0.014075851067900658	0.09073495864868164	-0.033557094633579254	-0.04280178248882294	-0.23863758146762848	-0.17444977164268494	-0.043038319796323776	-0.03418510779738426
ENSMUSG00000102047	-0.001270840410143137	0.06917140632867813	1.0206865072250366	0.0982787236571312	0.27531999349594116	-0.0861985981464386	0.09494339674711227	0.029047055169939995
ENSMUSG00000105809	0.06754886358976364	-0.038804732263088226	-0.49521470069885254	-0.04103727266192436	-0.281016081571579	-0.05639244616031647	0.09329219162464142	0.01015663892030716
ENSMUSG00000061701	0.014628998003900051	0.11511002480983734	-0.10718975216150284	0.013908836990594864	-0.2262040674686432	-0.13156114518642426	-0.06897158920764923	-0.03724892809987068
ENSMUSG00000029815	0.07204689830541611	0.07436911761760712	1.1628830432891846	0.07901829481124878	-0.18573878705501556	0.16154032945632935	-0.03768114745616913	0.018722811713814735
ENSMUSG00000097823	0.6805967688560486	-0.1409941166639328	-0.9349843859672546	-0.1453016698360443	0.33662688732147217	0.16992110013961792	0.2577535808086395	-0.021977392956614494
ENSMUSG00000097604	-0.05403582751750946	0.06648892164230347	0.9709526300430298	0.05621180683374405	0.2353518307209015	0.12191547453403473	0.06455480307340622	0.0055248308926820755
ENSMUSG00000030057	0.05616815388202667	0.09042470157146454	1.426701307296753	0.08716882765293121	0.47627684473991394	0.16996772587299347	0.018411880359053612	0.03927208483219147
ENSMUSG00000098036	-0.06903412193059921	0.0738677978515625	0.44103682041168213	0.005331351887434721	-0.07495316863059998	-0.06230849772691727	-0.16712862253189087	-0.12709328532218933
ENSMUSG00000087165	-0.08802104741334915	-0.07403909415006638	0.06746749579906464	-0.05062275752425194	0.32817021012306213	0.33642446994781494	0.1649663746356964	0.10966339707374573
ENSMUSG00000031928	0.040098972618579865	0.07158668339252472	1.400014042854309	0.07176372408866882	-0.17718756198883057	0.16194266080856323	-0.05851563811302185	0.009121299721300602
ENSMUSG00000041670	-0.1688724160194397	0.021159298717975616	-0.22820085287094116	-0.2745485007762909	-0.3636644780635834	0.20103874802589417	0.08589574694633484	0.092647485435009
ENSMUSG00000095156	-0.29512670636177063	0.0043547614477574825	0.23084893822669983	-0.02856442891061306	-0.3679140508174896	0.08079573512077332	-0.24049650132656097	-0.16541482508182526
ENSMUSG00000021772	-0.02944142371416092	0.0695592612028122	0.6581990718841553	0.058988671749830246	-0.3194870948791504	0.05048789083957672	-0.0012322110123932362	0.008216474205255508
ENSMUSG00000055024	0.12969104945659637	0.06527577340602875	1.3415085077285767	0.11508948355913162	-0.04761577770113945	0.18879276514053345	-0.08913193643093109	0.03094741888344288
ENSMUSG00000027831	-0.010563677176833153	0.09599342942237854	-0.22671163082122803	-0.021429486572742462	-0.20531029999256134	-0.12565383315086365	0.030976301059126854	-0.004977262578904629
ENSMUSG00000000276	0.08058394491672516	0.08623749762773514	1.4371140003204346	0.15165512263774872	0.08668408542871475	0.04695978760719299	-0.0007435251609422266	0.03863068297505379
ENSMUSG00000083728	-0.13288773596286774	0.05852995067834854	1.0395817756652832	0.17187799513339996	-0.4523545503616333	-0.01534083392471075	-0.18161934614181519	-0.0879940539598465
ENSMUSG00000031397	0.005253585055470467	0.07682564854621887	0.27249181270599365	-0.026865076273679733	-0.8518087267875671	0.11560617387294769	-0.14811420440673828	-0.061278920620679855
ENSMUSG00000095533	-0.036898642778396606	0.0932641476392746	-0.3148144483566284	-0.02678350731730461	-0.09691841155290604	-0.05429008975625038	0.04781094193458557	-0.009776139631867409
ENSMUSG00000026942	-0.08224212378263474	0.05867120251059532	0.7804944515228271	-0.059531550854444504	-0.105617456138134	0.18994666635990143	0.04510798305273056	0.059075962752103806
ENSMUSG00000040859	-0.012130677700042725	0.0700777918100357	1.1326884031295776	0.06410577148199081	-0.010692859068512917	0.061153750866651535	0.03290525823831558	0.011570296250283718
ENSMUSG00000043485	-0.04567153379321098	0.09091715514659882	-0.1727401316165924	-0.03573201969265938	-0.4032837152481079	-0.1301230937242508	0.05437566339969635	-0.01613813079893589
ENSMUSG00000095959	0.0019790458027273417	0.11305031925439835	0.04776646941900253	-0.015003770589828491	-0.24533869326114655	-0.047349706292152405	-0.12590213119983673	-0.04690815508365631
ENSMUSG00000109054	0.012511496432125568	0.12572388350963593	-0.1650235950946808	0.0067914146929979324	-0.33424389362335205	-0.19612400233745575	-0.0749986320734024	-0.016703667119145393
ENSMUSG00000051344	-0.0926920473575592	0.07514523714780807	0.22083692252635956	-0.03500452637672424	0.16502290964126587	0.18761268258094788	0.06711262464523315	0.1469685435295105
ENSMUSG00000112148	-0.03210122510790825	0.08373519778251648	-0.27367642521858215	0.0019143435638397932	-0.20487213134765625	-0.14738765358924866	-0.04834652319550514	0.018602432683110237
ENSMUSG00000116810	-0.057245150208473206	0.08799555897712708	-0.06647162139415741	-0.032686423510313034	-0.3104719817638397	-0.139552041888237	-0.10650181025266647	-0.06622345000505447
ENSMUSG00000118437	-0.037167008966207504	0.08847470581531525	0.26665499806404114	-0.05820836126804352	-0.134449303150177	-0.18187518417835236	-0.0015273785684257746	-0.04249916225671768
ENSMUSG00000111157	-0.027264313772320747	0.11285209655761719	-0.09307418763637543	-0.044442109763622284	-0.30218034982681274	-0.13216671347618103	0.03044326789677143	-0.021962491795420647
ENSMUSG00000083190	-0.04180529713630676	0.10273203998804092	-0.18553917109966278	-0.016390405595302582	-0.20196884870529175	-0.19022293388843536	-0.022830698639154434	-0.03822452202439308
ENSMUSG00000027832	0.10209596902132034	-0.2134368121623993	-1.231045126914978	-0.39507195353507996	0.8493465185165405	0.3205655813217163	0.29106682538986206	0.029420292004942894
ENSMUSG00000112208	-0.05828387662768364	0.0762544572353363	-0.2822517454624176	-0.012389675714075565	-0.1555907279253006	-0.0036647331435233355	-0.005904104094952345	0.022588882595300674
ENSMUSG00000074206	-0.006855583284050226	0.09559275954961777	-0.074628084897995	-0.05020740628242493	-0.334942102432251	-0.09158394485712051	-0.03431812673807144	-0.05421172082424164
ENSMUSG00000030815	-0.005920277908444405	0.0689951553940773	1.111395239830017	0.17627811431884766	-0.1553352326154709	0.05981404706835747	-0.05059313774108887	0.014578756876289845
ENSMUSG00000044906	0.11669901013374329	0.07551154494285583	1.014498233795166	-0.026345454156398773	-0.09701497107744217	0.17610354721546173	-0.04899943992495537	0.04206162318587303
ENSMUSG00000105509	-0.13604816794395447	-0.019450955092906952	0.3764651119709015	-0.0183579009026289	0.550544023513794	0.3370102047920227	0.14652876555919647	0.09621953219175339
ENSMUSG00000097282	-0.13447606563568115	0.039546575397253036	0.2157357782125473	0.06301260739564896	0.988373875617981	0.21830721199512482	0.20408959686756134	-0.005492165684700012
ENSMUSG00000040818	0.07858225703239441	0.08604316413402557	0.9220014810562134	-0.078140988945961	0.012465756386518478	0.04860735312104225	-0.0025603927206248045	0.005416385363787413
ENSMUSG00000107577	-0.08216780424118042	0.06552375853061676	1.0722413063049316	-0.06010179594159126	0.06306124478578568	0.15906034409999847	0.13070213794708252	0.05163269862532616
ENSMUSG00000011171	-0.16153593361377716	0.02965732291340828	-0.15686646103858948	-0.2551017701625824	-0.31834009289741516	0.19733946025371552	0.06723757833242416	0.11619561910629272
ENSMUSG00000100984	-0.15334215760231018	-0.020676059648394585	0.39195960760116577	0.12353324145078659	-1.581441044807434	0.022842857986688614	-0.6533633470535278	0.02700517140328884
ENSMUSG00000113768	-0.02142154611647129	0.10655869543552399	0.9935122728347778	0.20030996203422546	-1.1907097101211548	-0.152952179312706	-0.2707718014717102	-0.13961640000343323
ENSMUSG00000109396	-0.18871766328811646	0.12540100514888763	0.347788006067276	0.32056498527526855	-1.0548850297927856	-0.332886278629303	-0.4616521894931793	-0.03692987188696861
ENSMUSG00000095964	-0.1144006997346878	0.11653471738100052	-0.04190247505903244	0.024116504937410355	-0.6386595964431763	-0.11109805107116699	-0.13077430427074432	-0.058874182403087616
ENSMUSG00000055862	-0.03668360412120819	0.01352621428668499	0.21007415652275085	-0.03369702026247978	0.5661530494689941	0.2871110439300537	0.20614922046661377	0.02335471101105213
ENSMUSG00000031342	-0.1795361489057541	0.13533231616020203	0.4070802927017212	-0.35214725136756897	-0.9982489943504333	-0.0009130099206231534	0.05499107390642166	0.17372684180736542
ENSMUSG00000025519	-0.0637650266289711	0.08313803374767303	-0.23314456641674042	-0.0424959771335125	-0.15678757429122925	0.1766282021999359	0.04240976274013519	0.006960698403418064
ENSMUSG00000102739	-0.7033042907714844	-0.079124316573143	0.4238252341747284	0.03964225575327873	-0.9571524858474731	-0.21898433566093445	-0.332650363445282	-0.20427581667900085
ENSMUSG00000108472	-0.08237101882696152	-0.03749735280871391	-0.5671471953392029	-0.0873255655169487	0.3508250415325165	0.28706997632980347	0.14142468571662903	0.09584696590900421
ENSMUSG00000100823	0.05330619215965271	-0.03765823319554329	0.27788880467414856	0.2978197932243347	-1.681557059288025	-0.18442964553833008	-0.8700127601623535	-0.12452711164951324
ENSMUSG00000110654	-0.0688493475317955	0.07327912002801895	-0.06595544517040253	-0.027711354196071625	-0.29456594586372375	-0.09782310575246811	-0.007975304499268532	-0.0007237914833240211
ENSMUSG00000115711	0.008412645198404789	0.17946919798851013	-0.18996261060237885	0.08702649921178818	-0.4601486921310425	-0.156169131398201	-0.01684369333088398	-0.025901570916175842
ENSMUSG00000062470	-0.03684826195240021	0.14144115149974823	-0.3350770175457001	0.10338354110717773	-0.028093982487916946	0.20747613906860352	0.010301590897142887	0.016069484874606133
ENSMUSG00000029001	-0.08502034842967987	-0.012011313810944557	0.6515312194824219	-0.04742545261979103	0.6729172468185425	0.24021747708320618	0.1502981036901474	0.07148775458335876
ENSMUSG00000025223	-0.1683928519487381	0.05533882603049278	0.7456076741218567	0.1445632129907608	0.8178707957267761	0.3084343671798706	0.1350468397140503	0.0065664141438901424
ENSMUSG00000111183	-0.01835125871002674	0.09460970759391785	-0.18067842721939087	-0.030938951298594475	-0.23936687409877777	-0.12829652428627014	-0.03952651843428612	-0.017903324216604233
ENSMUSG00000013736	0.12320476770401001	0.1087580993771553	1.5335484743118286	-0.01797177828848362	0.04064270853996277	0.11048927158117294	-0.007482136599719524	0.042674269527196884
ENSMUSG00000094427	-0.6388468742370605	0.0006321828113868833	0.6758872270584106	0.20748749375343323	-0.6563668847084045	-0.21061837673187256	-0.3568170666694641	-0.2117220163345337
ENSMUSG00000109363	-0.09124165773391724	-0.01402241550385952	-0.38416600227355957	-0.04264148697257042	-0.29449647665023804	-0.03927905112504959	0.12871888279914856	0.026454543694853783
ENSMUSG00000067377	-0.013656280003488064	0.08283212780952454	0.5856890082359314	-0.027223747223615646	-0.8993281722068787	0.05077424645423889	-0.12345609068870544	0.0282626673579216
ENSMUSG00000034235	0.03580520302057266	0.07650507986545563	0.5990210771560669	0.101647287607193	-0.0804765447974205	0.21733711659908295	-0.06423267722129822	-0.004874364472925663
ENSMUSG00000101028	-0.01928482949733734	0.052326690405607224	-0.130066379904747	-0.03477204963564873	0.2912161350250244	-0.057906121015548706	0.20734289288520813	-0.03146692365407944
ENSMUSG00000041798	-0.05307992920279503	0.07971079647541046	-0.26388439536094666	0.18547655642032623	0.3583565950393677	-0.011344744823873043	0.18440446257591248	-0.029211655259132385
ENSMUSG00000104331	-0.19378109276294708	0.08462123572826385	0.06653577834367752	0.020588260143995285	-0.2758071720600128	-0.1051797866821289	-0.1713625192642212	-0.11867363750934601
ENSMUSG00000081302	-0.011740353889763355	0.11859069764614105	-0.32253745198249817	-0.02265791967511177	-0.25349804759025574	-0.1834201216697693	-0.012242629192769527	0.00599977932870388
ENSMUSG00000030898	-0.09837160259485245	-0.06825921684503555	-0.4840807020664215	-0.12235903739929199	0.38515639305114746	0.28225186467170715	0.16050530970096588	0.07005469501018524
ENSMUSG00000032567	0.0949089452624321	0.09979534149169922	1.4264682531356812	-0.0840325579047203	-0.24879780411720276	0.13153882324695587	-0.03115735575556755	0.04364422708749771
ENSMUSG00000044216	0.29448944330215454	-0.16663473844528198	-0.4481174051761627	-0.20743560791015625	0.4665471613407135	0.11300859600305557	0.1069331094622612	-0.03570069000124931
ENSMUSG00000070495	-0.11317422240972519	0.048541855067014694	0.5339174866676331	-0.007978284731507301	0.05134430527687073	0.20647478103637695	0.09672369062900543	0.04757838323712349
ENSMUSG00000032050	-0.025070371106266975	0.0722036063671112	0.7259832620620728	-0.043127428740262985	0.11208288371562958	0.18490968644618988	0.1068749725818634	0.13557904958724976
ENSMUSG00000006215	-0.016371754929423332	0.0677032396197319	0.7894992828369141	-0.051008518785238266	0.0622943677008152	0.10469783842563629	0.11548574268817902	0.03495263680815697
ENSMUSG00000087066	-0.034915462136268616	0.08904682844877243	-0.07972678542137146	-0.030194461345672607	-0.2541114091873169	-0.15800398588180542	-0.01543260458856821	-0.011076115071773529
ENSMUSG00000050410	-0.10781411826610565	0.04621976986527443	0.9325959086418152	-0.0450347363948822	0.6107898354530334	0.17553386092185974	0.14961695671081543	0.01066601276397705
ENSMUSG00000049737	-0.018698299303650856	0.10424982011318207	-0.3552067279815674	-0.029411792755126953	-0.1900748610496521	-0.14277146756649017	0.04701707884669304	0.0042745196260511875
ENSMUSG00000086519	0.003729724558070302	0.11126984655857086	0.5113933682441711	0.12543798983097076	0.02820231206715107	-0.15814408659934998	-0.15199781954288483	-0.09685427695512772
ENSMUSG00000029338	-0.19618913531303406	0.04264766350388527	-0.29252204298973083	-0.31884756684303284	-0.12667520344257355	0.06362086534500122	0.12068340182304382	0.0627480149269104
ENSMUSG00000021541	-0.07296127080917358	0.07681342959403992	-0.05514055863022804	0.02216242626309395	-0.24805335700511932	-0.1502179205417633	0.05664421245455742	0.048106599599123
ENSMUSG00000047379	0.3605371117591858	-0.24162249267101288	-1.3396490812301636	-0.3197105824947357	1.3311254978179932	0.2813650667667389	0.2364112138748169	0.07894639670848846
ENSMUSG00000047213	0.1522952914237976	0.07621683925390244	1.2367961406707764	-0.07489486038684845	-0.1419716328382492	0.18198762834072113	-0.07853900641202927	0.07484357059001923
ENSMUSG00000027487	0.09441951662302017	0.08292941004037857	0.9857850670814514	0.06510204076766968	-0.1264708936214447	0.1619081050157547	-0.06025180220603943	0.015063382685184479
ENSMUSG00000020955	-0.026278626173734665	0.09450392425060272	0.33168476819992065	0.1962103694677353	0.10197507590055466	0.22634422779083252	0.01140211895108223	0.021858051419258118
ENSMUSG00000086224	-0.02070287987589836	-0.12161996215581894	-1.0963821411132812	-0.1783568561077118	1.0258599519729614	0.2606090307235718	0.2696078419685364	0.10486511886119843
ENSMUSG00000075307	0.026716724038124084	0.10488545149564743	0.16546989977359772	-0.055104389786720276	0.1304072141647339	-0.043745603412389755	0.020750325173139572	-0.010685008019208908
ENSMUSG00000115460	-0.08878178894519806	0.07803268730640411	0.20381473004817963	-0.03832414373755455	-0.25749173760414124	-0.02285955473780632	-0.12223741412162781	-0.12039507925510406
ENSMUSG00000094233	0.0026950729079544544	0.15156660974025726	0.01614905148744583	0.14503946900367737	-0.5703704357147217	-0.14432373642921448	-0.2199290692806244	-0.061777763068675995
ENSMUSG00000097652	-0.018289839848876	0.07345173507928848	-0.048418670892715454	-0.056004349142313004	0.04588489234447479	-0.17940178513526917	0.17998963594436646	-0.019738435745239258
ENSMUSG00000081665	-0.035504985600709915	0.03862584009766579	0.3864172101020813	0.5397183895111084	-0.8543484210968018	-0.4820133447647095	-0.26984989643096924	0.06179627403616905
ENSMUSG00000118149	-0.0008935401565395296	0.07721434533596039	0.021615976467728615	-0.07673180848360062	0.028476392850279808	-0.1254199594259262	0.22794602811336517	-0.0576903261244297
ENSMUSG00000036972	0.6830082535743713	-0.2357739508152008	-1.9625442028045654	-0.4755628705024719	2.017664909362793	-0.3352890908718109	0.17643779516220093	-0.0310194231569767
ENSMUSG00000046845	-0.03907109051942825	0.10974065959453583	-0.031131668016314507	-0.026300325989723206	-0.6758065819740295	-0.07867854833602905	-0.014237935654819012	-0.04535742849111557
ENSMUSG00000051243	0.6333621144294739	-0.044270358979701996	-1.4829879999160767	-0.022543542087078094	2.0913538932800293	0.42200812697410583	0.16698147356510162	0.04122437909245491
ENSMUSG00000112149	-0.06878925114870071	0.07798901200294495	-0.3768174648284912	-0.020755665376782417	0.11942250281572342	-0.10959505289793015	0.06275970488786697	-0.017717868089675903
ENSMUSG00000110183	0.03210368752479553	0.10517165064811707	0.21025076508522034	0.020671769976615906	-0.06662748008966446	-0.0361398383975029	-0.045542772859334946	-0.0626358836889267
ENSMUSG00000117210	-0.04582414776086807	0.10518904030323029	0.030661577358841896	0.25264593958854675	-0.57145094871521	-0.07195056974887848	-0.18408919870853424	-0.06644558161497116
ENSMUSG00000086801	-0.1632453352212906	0.02845681831240654	0.016748668625950813	-0.27105239033699036	-0.06613446027040482	0.2216639369726181	0.11925919353961945	0.09537836164236069
ENSMUSG00000019437	-0.11925347149372101	0.03178098425269127	1.1266196966171265	-0.07847525924444199	1.3342419862747192	0.29592737555503845	0.14579972624778748	0.04487111419439316
ENSMUSG00000106590	-0.06516241282224655	0.007553088013082743	-0.057614345103502274	-0.04316210746765137	0.04897187650203705	0.2385123372077942	0.09470193088054657	0.10776526480913162
ENSMUSG00000031179	-0.020619850605726242	0.09347081929445267	0.26903286576271057	0.04166746512055397	-1.1465182304382324	-0.10831445455551147	-0.2467862367630005	-0.10950218886137009
ENSMUSG00000101243	-0.2635776102542877	0.010741066187620163	0.532462477684021	0.13259588181972504	-1.300351619720459	-0.2506846487522125	-0.43879422545433044	-0.21357010304927826
ENSMUSG00000024539	0.03912010043859482	0.05983752757310867	0.7758429050445557	0.041198600083589554	-0.08579955250024796	0.22304946184158325	-0.039839718490839005	0.054501451551914215
ENSMUSG00000038697	-0.027283241972327232	0.051519058644771576	1.0900185108184814	0.21308410167694092	0.08652288466691971	0.22055767476558685	-0.0628277137875557	0.0049321637488901615
ENSMUSG00000093993	-0.23876279592514038	0.007096241693943739	0.36867499351501465	0.14488038420677185	-1.1407538652420044	-0.22618244588375092	-0.404558002948761	-0.19972214102745056
ENSMUSG00000113468	0.024715332314372063	0.10876050591468811	0.31063055992126465	-0.0460633747279644	0.0256966445595026	0.029850391671061516	-0.06612696498632431	-0.061548590660095215
ENSMUSG00000089907	-0.010782011784613132	0.10770418494939804	-0.1710173636674881	-0.007727754767984152	-0.3187084496021271	-0.12441780418157578	-0.10950932651758194	-0.03450905159115791
ENSMUSG00000060317	-0.021829254925251007	0.1074979305267334	-0.18862077593803406	-0.032740864902734756	-0.2642001211643219	-0.10314354300498962	-0.060173921287059784	-0.03762209042906761
ENSMUSG00000020473	0.15846891701221466	-0.19340521097183228	0.08583718538284302	-0.2160230129957199	0.21017056703567505	0.35556721687316895	0.14463797211647034	0.006144299637526274
ENSMUSG00000109730	0.007811224088072777	0.07969535142183304	0.6645000576972961	0.07876858115196228	-0.6485442519187927	-0.14684313535690308	-0.309761643409729	-0.16017435491085052
ENSMUSG00000004937	-0.031417954713106155	0.0622473768889904	1.3172552585601807	0.09324200451374054	-0.06408509612083435	0.12593093514442444	0.03669120371341705	0.011623087339103222
ENSMUSG00000111100	0.007311482913792133	0.15555410087108612	-0.025082198902964592	-0.009710495360195637	-0.6334380507469177	-0.1266525685787201	-0.02923795022070408	-0.043529871851205826
ENSMUSG00000115888	-0.020446322858333588	0.08660370856523514	0.20961959660053253	0.0963059589266777	-0.01968485303223133	-0.138569176197052	-0.021709831431508064	-0.03170419856905937
ENSMUSG00000112607	-0.05594060570001602	0.06653304398059845	0.3728369474411011	0.021413736045360565	-0.046364933252334595	0.18029886484146118	0.004342474974691868	-0.06578291207551956
ENSMUSG00000023279	-0.02526320144534111	0.09276118129491806	0.6180641055107117	0.08210349082946777	-1.083546757698059	-0.11795148253440857	-0.23383869230747223	-0.1268201470375061
ENSMUSG00000084204	-0.24394932389259338	0.06722644716501236	0.2920483648777008	0.07276187092065811	-0.4400638937950134	0.0006880873697809875	-0.2585349380970001	-0.167445570230484
ENSMUSG00000117893	-0.03641352429986	-0.005844675470143557	-0.3665042221546173	-0.021001476794481277	0.2099779099225998	0.32427433133125305	0.19325058162212372	0.09057606756687164
ENSMUSG00000115074	-0.07318023592233658	0.06401252001523972	1.2129809856414795	-0.006527703255414963	0.15969990193843842	0.1942663937807083	0.16830547153949738	0.025551708415150642
ENSMUSG00000101728	-0.11941149830818176	-0.1988832801580429	0.7437785863876343	0.1293969750404358	-1.214686393737793	-0.09907733649015427	-1.183475375175476	-0.163319930434227
ENSMUSG00000026121	0.2562234103679657	-0.2558043599128723	-0.4665818512439728	-0.13645730912685394	1.0169568061828613	0.1297711431980133	0.08977065980434418	0.006675491109490395
ENSMUSG00000059473	-0.023344090208411217	0.09223334491252899	-0.13191470503807068	-0.031683679670095444	-0.32942935824394226	-0.11070340126752853	-0.05376400426030159	-0.04264351725578308
ENSMUSG00000107217	-0.1887451410293579	0.06921084225177765	-0.09473644942045212	-0.018392693251371384	-0.38264137506484985	-0.03016667626798153	-0.15669873356819153	-0.08104965090751648
ENSMUSG00000022439	-0.01752578467130661	0.0744929388165474	0.03895627707242966	-0.03047291748225689	-0.2800753712654114	-0.1456272006034851	0.045502301305532455	-0.001498663448728621
ENSMUSG00000075117	-0.16101543605327606	0.05365889146924019	0.16189031302928925	-0.008651595562696457	-0.4313603937625885	0.0023147230967879295	-0.2859470844268799	-0.1446116715669632
ENSMUSG00000022160	-0.0016693670768290758	0.0639878436923027	1.0438979864120483	0.16078320145606995	-0.32282280921936035	0.1343681961297989	-0.08407208323478699	0.004995641764253378
ENSMUSG00000111000	0.7327606081962585	-0.35513946413993835	-1.117187738418579	-0.40023672580718994	0.4941188395023346	0.43640872836112976	0.11494499444961548	-0.09778069704771042
ENSMUSG00000028707	0.6905245780944824	-0.29587361216545105	-1.211854100227356	-0.24654938280582428	1.2166717052459717	-0.18132837116718292	0.07970695197582245	-0.06435860693454742
ENSMUSG00000087593	-0.1483752280473709	0.03674548119306564	0.8600441813468933	0.10851549357175827	0.9298940896987915	0.23553875088691711	0.15206219255924225	0.0001100081208278425
ENSMUSG00000091757	-0.06631671637296677	0.09121768176555634	-0.18528112769126892	-0.038017626851797104	-0.1679728478193283	-0.048673346638679504	-0.10025878995656967	-0.047531113028526306
ENSMUSG00000020142	-0.14448675513267517	0.03611341118812561	0.10960394889116287	-0.0672702044248581	0.18865233659744263	0.26906251907348633	0.09225551784038544	0.153477743268013
ENSMUSG00000060036	-0.10775703191757202	0.020404687151312828	0.6032135486602783	-0.04562811926007271	0.7275424003601074	0.2515706717967987	0.14805550873279572	0.11604629456996918
ENSMUSG00000016503	-0.09560691565275192	0.03653939440846443	1.0745161771774292	0.0019059687620028853	0.3909815847873688	0.23898357152938843	0.14865224063396454	0.020829275250434875
ENSMUSG00000031715	0.0967341959476471	0.1078857034444809	1.2723362445831299	-0.054399263113737106	0.10665011405944824	0.15272049605846405	0.01695648767054081	0.057000163942575455
ENSMUSG00000064302	-0.04532972350716591	0.059502921998500824	0.5043469667434692	0.09632155299186707	0.13263553380966187	0.2502385377883911	0.005793177522718906	0.027943899855017662
ENSMUSG00000068874	-0.06235514581203461	0.0728285014629364	0.0035729389637708664	-0.053361643105745316	-0.23960469663143158	-0.10960310697555542	0.011403505690395832	-0.016140041872859
ENSMUSG00000079434	-0.01703968085348606	-0.10532678663730621	-0.48165321350097656	-0.27971595525741577	0.37316814064979553	0.11587285250425339	0.09964905679225922	-0.03442595899105072
ENSMUSG00000117235	0.006615465972572565	0.12670643627643585	0.024905947968363762	-0.0055937981233000755	-0.4027169942855835	-0.1367521435022354	-0.08127689361572266	-0.06814387440681458
ENSMUSG00000028403	-0.10631880164146423	0.09724895656108856	0.5421488285064697	-0.13985806703567505	-0.1510257124900818	0.14043191075325012	0.08297913521528244	0.15976683795452118
ENSMUSG00000047710	-0.03932545334100723	0.06691059470176697	0.9193671345710754	0.009951638989150524	-0.2583658695220947	0.13248878717422485	0.026367034763097763	0.022569449618458748
ENSMUSG00000112104	-0.0706281065940857	0.08736398816108704	-0.21620330214500427	-0.012880831956863403	-0.24861937761306763	-0.05937141925096512	-0.05931386351585388	0.04013427346944809
ENSMUSG00000106285	-0.03993303328752518	0.10922659188508987	0.2587313950061798	0.031102340668439865	-0.3438478410243988	-0.00788230262696743	-0.14041943848133087	-0.10592406243085861
ENSMUSG00000113905	-0.05365126579999924	0.08916247636079788	-0.11653708666563034	-0.008404676802456379	-0.2506903111934662	-0.10512446612119675	-0.15054376423358917	-0.06776158511638641
ENSMUSG00000112422	-0.08665548264980316	0.056724537163972855	0.0875948816537857	-0.015327627770602703	-0.06703818589448929	-0.041897907853126526	0.09628908336162567	0.059696588665246964
ENSMUSG00000105709	0.0011499790707603097	0.11067173629999161	0.07983248680830002	-0.016506746411323547	-0.17257805168628693	-0.022297648712992668	-0.04054896533489227	-0.07786746323108673
ENSMUSG00000116245	-0.035670872777700424	0.12970036268234253	-0.10537215322256088	0.08716040849685669	-0.32305046916007996	-0.10907749086618423	-0.1345689445734024	-0.058014966547489166
ENSMUSG00000115709	-0.021641697734594345	0.08248576521873474	-0.1106230840086937	-0.012514744885265827	0.1538454294204712	-0.1888086199760437	0.1224304661154747	-0.04548254981637001
ENSMUSG00000107703	-0.025575196370482445	0.09734337031841278	-0.2965819239616394	0.011576315388083458	0.004882903303951025	-0.20999200642108917	-0.09270943701267242	0.002135193906724453
ENSMUSG00000106143	-0.013352138921618462	0.0938514769077301	-0.22124731540679932	-0.009742079302668571	-0.29032647609710693	-0.17607131600379944	-0.03188572824001312	-0.003851771354675293
ENSMUSG00000107244	-0.05430269241333008	0.08660534769296646	0.020846733823418617	0.00029363424982875586	-0.24937185645103455	-0.07682351768016815	-0.013977856375277042	0.014087134972214699
ENSMUSG00000026420	-0.030474916100502014	0.09414328634738922	-0.3231094777584076	-0.0005429688026197255	-0.2899759113788605	-0.21977466344833374	0.08320201188325882	0.018847189843654633
ENSMUSG00000036718	-0.02767374739050865	-0.13441172242164612	-0.2041797637939453	-0.11943145096302032	0.02251623198390007	0.20142705738544464	0.13776585459709167	0.05252659693360329
ENSMUSG00000045584	-0.09742669761180878	0.05686746537685394	0.02972714975476265	-0.05786816030740738	-0.2149646133184433	-0.07085654139518738	-0.14314663410186768	-0.11038605868816376
ENSMUSG00000103383	-0.005838172044605017	0.09911199659109116	-0.15162283182144165	-0.045053645968437195	-0.2788298726081848	-0.08526741713285446	-0.03475571051239967	-0.04827528074383736
ENSMUSG00000102732	-0.020986022427678108	0.10203854739665985	-0.008114082738757133	0.044211193919181824	-0.4447614252567291	-0.11640726774930954	-0.06420651078224182	-0.05354222655296326
ENSMUSG00000043895	-0.07308286428451538	0.020802631974220276	0.5530645251274109	-0.038801535964012146	0.45647841691970825	0.2995280921459198	0.14905257523059845	0.061621565371751785
ENSMUSG00000095432	0.04556544870138168	0.13471432030200958	0.5157670974731445	0.0638393685221672	0.06976331025362015	0.1655193716287613	0.010656068101525307	0.014366695657372475
ENSMUSG00000032431	-0.0598960816860199	0.05614394322037697	0.906740128993988	0.1243518814444542	0.02877962589263916	0.21009118854999542	0.04457507282495499	0.012741705402731895
ENSMUSG00000048138	0.7254973649978638	-0.272683322429657	-1.806164264678955	-0.40222838521003723	1.7571486234664917	-0.3601585626602173	0.1261189579963684	-0.036146700382232666
ENSMUSG00000107859	1.0304049253463745	-0.16956372559070587	-1.9893215894699097	-0.469187468290329	1.9112643003463745	-0.22990737855434418	0.0031295395456254482	0.021706148982048035
ENSMUSG00000033278	-0.19959120452404022	0.14034248888492584	0.004128103144466877	-0.34774407744407654	-0.2534051835536957	-0.1013808622956276	0.11448225378990173	0.11755453050136566
ENSMUSG00000083855	-0.18154962360858917	0.035176753997802734	-0.14641283452510834	-0.055892299860715866	-0.08264431357383728	0.0023027239367365837	-0.19500908255577087	-0.09967439621686935
ENSMUSG00000103762	0.017582612112164497	0.10882030427455902	0.04090036824345589	-0.0606677308678627	-0.17926986515522003	-0.13887853920459747	-0.008757156319916248	-0.05588114261627197
ENSMUSG00000038296	-0.16194431483745575	0.040839821100234985	0.034045882523059845	-0.2597058415412903	-0.44859373569488525	0.21981482207775116	0.07123179733753204	0.12037249654531479
ENSMUSG00000047446	-0.08713692426681519	0.05367104709148407	-0.035776544362306595	-0.00452031847089529	-0.08485641330480576	0.24543845653533936	0.017719801515340805	0.03492666035890579
ENSMUSG00000101963	-0.0014896094799041748	0.11610891669988632	0.06696836650371552	-0.042503681033849716	-0.3920075595378876	-0.16677384078502655	0.08054903894662857	-0.04741295799612999
ENSMUSG00000109612	-0.0006949210655875504	0.11723747104406357	-0.18466922640800476	0.003909732215106487	-0.20512515306472778	-0.04958418011665344	-0.03783274069428444	-0.04611581936478615
ENSMUSG00000089730	-0.05914457142353058	0.07422579079866409	0.15332554280757904	-0.06952033936977386	0.3799120783805847	-0.05241311714053154	0.07345949113368988	-0.04963437467813492
ENSMUSG00000031099	0.05717092379927635	0.07671736925840378	0.7428073287010193	-0.017088841646909714	-1.0058883428573608	0.12729975581169128	-0.17899173498153687	0.09434839338064194
ENSMUSG00000093901	-0.013362484984099865	0.11694873124361038	0.23423588275909424	-0.029688553884625435	-0.6269304752349854	-0.06026304140686989	-0.13804024457931519	-0.08636802434921265
ENSMUSG00000032368	0.7119202613830566	-0.10326375812292099	-2.0550289154052734	-0.5532428026199341	2.2126474380493164	-0.06558170169591904	0.39452171325683594	-0.07656272500753403
ENSMUSG00000085604	0.06172022968530655	0.07191070169210434	-0.44084975123405457	0.03884370997548103	0.2264835387468338	-0.20392006635665894	0.2715858221054077	-0.026515953242778778
ENSMUSG00000043909	-0.10570821911096573	0.0694665014743805	0.4662390947341919	-0.0503229945898056	-0.07520150393247604	0.1847623884677887	0.029758019372820854	0.09245172142982483
ENSMUSG00000002233	0.15463833510875702	-0.034721530973911285	-0.18634292483329773	-0.0176225658506155	0.6332667469978333	0.2101890593767166	0.2607731819152832	0.11139784008264542
ENSMUSG00000087180	-0.1329086720943451	0.0728411078453064	-0.10113663971424103	-0.018742801621556282	-0.34365329146385193	-0.030734095722436905	-0.14958249032497406	-0.10254082828760147
ENSMUSG00000085565	-0.11253448575735092	0.008687220513820648	0.10824450850486755	-0.06798185408115387	0.6347560286521912	0.22352731227874756	0.17136511206626892	0.08752885460853577
ENSMUSG00000028068	-0.05156613513827324	0.061647482216358185	1.058248519897461	-0.02257898636162281	-0.1245047003030777	0.13689260184764862	0.05860313028097153	0.025217566639184952
ENSMUSG00000094483	-0.04726683720946312	0.05247313156723976	0.9482517242431641	0.10314341634511948	0.4092758595943451	0.26695966720581055	0.10029328614473343	0.026583418250083923
ENSMUSG00000115317	-0.13174328207969666	0.04320109263062477	-0.21609503030776978	-0.13402290642261505	-0.651991605758667	0.10007470101118088	0.015619589015841484	0.10752998292446136
ENSMUSG00000029617	0.06769141554832458	0.0674649253487587	1.1749554872512817	0.011426026932895184	-0.15774720907211304	0.12253787368535995	-0.04712322726845741	0.03354048728942871
ENSMUSG00000026956	0.09399566054344177	-0.1286739856004715	-0.26007306575775146	-0.10361293703317642	0.3528362512588501	0.28741341829299927	0.2037298083305359	0.08624894171953201
ENSMUSG00000115100	0.04053203761577606	-0.10734719038009644	-0.7116947770118713	-0.22040098905563354	0.3044784665107727	-0.07937107980251312	0.08414744585752487	-0.029862115159630775
ENSMUSG00000107619	-0.017317354679107666	0.0975375846028328	-0.060085102915763855	-0.013124451972544193	-0.268285870552063	-0.1832808554172516	-0.0010129234287887812	-0.026767535135149956
ENSMUSG00000070385	0.02599739283323288	0.1681859791278839	0.09741739928722382	0.09657938033342361	0.19658061861991882	-0.11742956191301346	0.06264229863882065	-0.05725737661123276
ENSMUSG00000058869	0.0014885099371895194	0.08993823826313019	0.4592530131340027	-0.04530467838048935	-0.25777125358581543	-0.009882320649921894	-0.04218770191073418	-0.054818294942379
ENSMUSG00000093426	-0.17201171815395355	0.06835248321294785	-0.08767091482877731	-0.020401256158947945	-0.385030597448349	-0.032459571957588196	-0.21519121527671814	-0.08571819961071014
ENSMUSG00000050002	-0.12009746581315994	0.028591634705662727	0.2792505919933319	-0.014492366462945938	0.12989015877246857	0.12155567109584808	0.1367066502571106	0.11352400481700897
ENSMUSG00000074282	-0.08278699219226837	0.07044268399477005	1.002783179283142	-0.038906894624233246	-0.07928148657083511	0.18361826241016388	0.0647084042429924	0.03783233463764191
ENSMUSG00000108866	0.05707620456814766	0.08519074320793152	1.2104202508926392	0.12722353637218475	0.23402710258960724	0.044149283319711685	-0.008651399984955788	0.013772744685411453
ENSMUSG00000114182	-0.07845477759838104	0.10425246506929398	-0.1622464805841446	-0.026292497292160988	-0.2593064606189728	-0.08002932369709015	-0.10726697742938995	-0.07046422362327576
ENSMUSG00000039148	-0.0694984495639801	0.06235973909497261	1.37213134765625	0.12236648797988892	-0.007731554564088583	0.16883902251720428	0.06401482969522476	0.0033273727167397738
ENSMUSG00000028334	-0.05086462199687958	0.05365706607699394	0.751503586769104	-0.059856656938791275	-0.018389934673905373	0.14901994168758392	0.11648660898208618	0.03918161988258362
ENSMUSG00000029501	0.12401758134365082	0.07744584232568741	1.1301532983779907	-0.051406633108854294	-0.21841569244861603	0.15051475167274475	-0.016005240380764008	0.0893036276102066
ENSMUSG00000110240	-0.013138107024133205	0.0995878055691719	0.24707671999931335	0.1435629427433014	-0.43267273902893066	-0.21693411469459534	-0.046588074415922165	-0.03965300694108009
ENSMUSG00000061802	-0.05317804962396622	0.07964629679918289	-0.07214250415563583	-0.013696317560970783	-0.5662645101547241	-0.016076350584626198	-0.08303476125001907	0.019724402576684952
ENSMUSG00000052139	0.006939074955880642	0.08514690399169922	0.29964348673820496	0.07492539286613464	-0.1699449121952057	0.18782839179039001	-0.0717032253742218	-0.02452937886118889
ENSMUSG00000031217	0.14075952768325806	-0.11581697314977646	-0.34335193037986755	-0.1119888424873352	-0.22562232613563538	0.34367167949676514	0.15897928178310394	0.07847399264574051
ENSMUSG00000028525	-0.18608523905277252	0.08132699877023697	-0.14438211917877197	-0.33401286602020264	-0.321864515542984	0.12672555446624756	0.09488048404455185	0.08802603930234909
ENSMUSG00000115013	-0.009386016055941582	0.10463077574968338	-0.08068002015352249	-0.01963295042514801	-0.3765314221382141	-0.17895199358463287	-0.1514081507921219	-0.03896987810730934
ENSMUSG00000107205	0.10817980021238327	0.10386129468679428	1.0907020568847656	0.08024626970291138	0.31691786646842957	0.04804645851254463	0.0725712850689888	0.010113546624779701
ENSMUSG00000100111	-0.044420383870601654	0.09113670140504837	-0.22214986383914948	-0.01794595830142498	-0.25791433453559875	-0.14801083505153656	0.0012174267321825027	-0.0013361516175791621
ENSMUSG00000114112	-0.11330263316631317	0.08558287471532822	-0.1694023758172989	-0.02904883772134781	-0.34156692028045654	-0.05890650302171707	-0.1139233410358429	-0.05773544684052467
ENSMUSG00000056004	-0.181676983833313	0.06814970821142197	-0.2744375765323639	-0.24438518285751343	-0.3341115713119507	0.15152350068092346	0.05151515081524849	0.12947015464305878
ENSMUSG00000097503	-0.09596636891365051	0.05535672605037689	-0.1565757840871811	-0.00783739984035492	0.2049887627363205	0.20145870745182037	0.0378706194460392	-0.027407027781009674
ENSMUSG00000085941	-0.010348895564675331	0.06777125597000122	0.6220537424087524	0.1968284249305725	-0.17734798789024353	-0.1840943545103073	-0.021595407277345657	-0.01062152348458767
ENSMUSG00000030116	-0.025185873731970787	0.08253846317529678	0.06701324135065079	-0.08354422450065613	0.6788533926010132	-0.10197602957487106	0.15236671268939972	-0.04932166263461113
ENSMUSG00000113602	-0.022147834300994873	0.126159206032753	-0.14613567292690277	0.0034339940175414085	-0.48942050337791443	-0.09024763107299805	-0.11170270293951035	-0.036781277507543564
ENSMUSG00000024481	-0.16200140118598938	0.024717312306165695	-0.35058674216270447	-0.2554429769515991	-0.07819628715515137	0.1369374394416809	0.12068778276443481	0.06016034632921219
ENSMUSG00000102636	-0.02400454692542553	0.09485247731208801	-0.18545328080654144	-0.019507769495248795	-0.3335820436477661	-0.10639769583940506	-0.06188666447997093	-0.011372075416147709
ENSMUSG00000097654	-0.03182907775044441	0.06829629838466644	-0.1841678023338318	-0.04474861919879913	-0.0204311516135931	-0.15305083990097046	0.11384589225053787	-0.007473616395145655
ENSMUSG00000028847	-0.05982876196503639	0.052940044552087784	0.30349886417388916	-0.07399323582649231	0.3584466576576233	0.06521934270858765	0.1811799257993698	-0.005281161051243544
ENSMUSG00000091707	-0.04923829436302185	0.1138698160648346	0.07553309202194214	-0.03668612986803055	-0.21891191601753235	-0.20602793991565704	-4.2144358303630725e-05	-0.06621896475553513
ENSMUSG00000102287	-0.018802892416715622	0.10853700339794159	-0.2719639539718628	-0.02847118303179741	-0.04028281569480896	-0.16147422790527344	0.07570036500692368	-0.019167963415384293
ENSMUSG00000071291	0.0194545965641737	0.09490816295146942	0.5433971881866455	-0.027355603873729706	-0.22601762413978577	0.04703707993030548	-0.05393476039171219	-0.04691765457391739
ENSMUSG00000116635	0.014804517850279808	0.09461725503206253	0.46578583121299744	-0.048015303909778595	-0.41253384947776794	-0.04830120503902435	-0.09059605002403259	-0.08998581767082214
ENSMUSG00000092578	0.2699681222438812	0.07254185527563095	-1.107530951499939	0.024620402604341507	1.0634511709213257	-0.1650182157754898	0.23178018629550934	-0.029697753489017487
ENSMUSG00000112058	0.003015769412741065	0.07759343832731247	0.33392783999443054	-0.06578207015991211	0.3566921353340149	-0.0977133959531784	0.08744015544652939	-0.010012613609433174
ENSMUSG00000115131	-0.032963406294584274	0.09045055508613586	-0.07475633919239044	-0.03734547272324562	-0.2823476493358612	-0.136358380317688	-0.08565910160541534	-0.061727285385131836
ENSMUSG00000079700	-0.043732672929763794	0.09361674636602402	-0.32320407032966614	-0.02572069689631462	-0.21016693115234375	-0.0756472647190094	0.027552247047424316	0.0037250411696732044
ENSMUSG00000101365	-0.027068452909588814	0.09427410364151001	0.1446828693151474	0.23137955367565155	0.06119624152779579	-0.017716912552714348	0.08137466758489609	-0.011948144063353539
ENSMUSG00000044937	-0.12369054555892944	0.02019265852868557	-0.24504660069942474	0.07644455134868622	-0.07338085025548935	0.30365028977394104	0.07306840270757675	0.04028727114200592
ENSMUSG00000080222	-0.03276447579264641	0.06881982088088989	0.34445685148239136	-0.03820338845252991	-0.7449007630348206	-0.02032909169793129	-0.21418127417564392	-0.13515222072601318
ENSMUSG00000093639	-0.020069513469934464	0.08262021839618683	0.6092092394828796	0.1099894642829895	-0.015864737331867218	-0.012387442402541637	0.051897067576646805	-0.01824534498155117
ENSMUSG00000082882	-0.2679939866065979	0.053917497396469116	0.029073990881443024	-0.026022937148809433	-0.2693626880645752	-0.08134879916906357	-0.11639752984046936	-0.14344142377376556
ENSMUSG00000085871	0.07995051145553589	-0.023932063952088356	-0.5229210257530212	-0.029266763478517532	-0.10244856774806976	-0.05515635386109352	0.1200348362326622	0.011742147617042065
ENSMUSG00000048387	0.5023553967475891	-0.08029255270957947	-1.7449520826339722	-0.43932387232780457	1.8848659992218018	0.3008582592010498	0.22985798120498657	0.07644949108362198
ENSMUSG00000110750	0.16911984980106354	-0.2428530901670456	-0.9322477579116821	-0.22074465453624725	0.6459069848060608	0.3589092493057251	0.19547349214553833	0.01754477247595787
ENSMUSG00000109996	-0.03681645542383194	0.12090765684843063	-0.0868149846792221	0.0445622093975544	-0.6208985447883606	-0.14474055171012878	-0.05056406557559967	-0.030847836285829544
ENSMUSG00000005107	-0.02539823018014431	0.09404124319553375	-0.06682129204273224	0.07820528745651245	-0.3347536325454712	-0.17914730310440063	-0.047733813524246216	-0.022916030138731003
ENSMUSG00000109006	-0.1381719410419464	0.10016009956598282	-0.17779111862182617	-0.020703108981251717	-0.38354742527008057	-0.02413119561970234	-0.1296447217464447	-0.027838103473186493
ENSMUSG00000073601	-0.06985758244991302	0.08510272949934006	-0.22241848707199097	-0.04332417622208595	0.09732532501220703	-0.04681231081485748	-0.05455274507403374	-0.07139047980308533
ENSMUSG00000098204	0.04042501747608185	0.10413674265146255	0.16295009851455688	-0.02199009247124195	-0.06558647751808167	-0.21949522197246552	-0.009310058318078518	-0.06472767889499664
ENSMUSG00000117011	-0.08235619217157364	0.07923156023025513	0.0768541693687439	-0.03231143578886986	-0.2945821285247803	0.05170459672808647	-0.008885282091796398	0.04403148591518402
ENSMUSG00000086296	-0.02279876172542572	-0.09667124599218369	-0.4066193699836731	-0.07082195580005646	0.4252151846885681	0.28460270166397095	0.195938378572464	0.0883936807513237
ENSMUSG00000032291	0.2870716452598572	-0.29597824811935425	-0.7414381504058838	-0.17625513672828674	1.0635640621185303	0.0708501935005188	0.08360371738672256	-0.026081643998622894
ENSMUSG00000026153	-0.17115801572799683	0.05852559208869934	-0.21293905377388	-0.1310518980026245	-0.036410823464393616	0.14272433519363403	0.10391745716333389	0.15549248456954956
ENSMUSG00000109843	-0.03959173709154129	0.08044184744358063	-0.20846612751483917	0.012545997276902199	-0.321321576833725	-0.15254291892051697	-0.055883266031742096	-0.008534679189324379
ENSMUSG00000038094	-0.03113730438053608	0.09553218632936478	-0.18800856173038483	-0.01622464694082737	-0.3803747892379761	-0.08322468400001526	-0.04663364961743355	-0.006282973103225231
ENSMUSG00000026255	0.14384515583515167	-0.17810924351215363	-0.43672680854797363	-0.1849457174539566	0.7787454128265381	0.004352650139480829	0.05142207071185112	-0.010127739049494267
ENSMUSG00000045205	0.04870082810521126	0.06475156545639038	0.802590012550354	-0.054894767701625824	-0.29806041717529297	0.16923531889915466	-0.06680013239383698	0.08871132880449295
ENSMUSG00000097476	0.2702751159667969	-0.20130980014801025	-0.5701101422309875	-0.1701488345861435	0.4810957610607147	0.27200183272361755	0.21598917245864868	0.058693479746580124
ENSMUSG00000102325	-0.20719093084335327	0.05848640576004982	-0.3611898124217987	-0.028513066470623016	0.015119755640625954	-0.04288069158792496	-0.001361549599096179	-0.049841150641441345
ENSMUSG00000032491	-0.12485600262880325	0.03937036916613579	0.9396800994873047	0.025257425382733345	0.5106403827667236	0.26744115352630615	0.10434674471616745	0.023616867139935493
ENSMUSG00000092036	-0.025633273646235466	0.084492988884449	-0.1282394379377365	-0.03772951662540436	-0.1360599249601364	-0.05249318107962608	-0.018920913338661194	-0.032325379550457
ENSMUSG00000068699	-0.01005711778998375	-0.14674112200737	0.15351857244968414	-0.18429622054100037	0.6866014003753662	0.077399842441082	0.05086798220872879	0.032768186181783676
ENSMUSG00000108513	-0.032076962292194366	0.1031922698020935	-0.03805849328637123	-0.03216029331088066	-0.34898483753204346	-0.17257827520370483	-0.035749051719903946	-0.002701479010283947
ENSMUSG00000034438	0.023257844150066376	0.08082319051027298	-0.10368017107248306	0.5068368315696716	-0.23680870234966278	-0.0962987169623375	-0.10697141289710999	0.01606886088848114
ENSMUSG00000031984	-0.00904786679893732	0.051696743816137314	0.8165222406387329	0.08361946046352386	0.10218688100576401	0.23832280933856964	0.04762234538793564	0.02783346176147461
ENSMUSG00000115284	-0.009650688618421555	0.0860162153840065	-0.09241171926259995	-0.002447558334097266	-0.2479594200849533	-0.13640230894088745	-0.030907783657312393	-0.025689400732517242
ENSMUSG00000006095	0.004344480577856302	0.05591408163309097	1.0030544996261597	0.13637839257717133	0.05214416980743408	0.18666619062423706	-0.024319639429450035	0.018039224669337273
ENSMUSG00000114120	-0.06973803043365479	0.054639801383018494	0.5363901257514954	0.21196924149990082	-0.9026696681976318	-0.23578324913978577	-0.27688688039779663	-0.0012395229423418641
ENSMUSG00000107801	0.001843176200054586	0.11641836166381836	-0.12527017295360565	0.03963185474276543	-0.5069490671157837	-0.1296255886554718	-0.0938248410820961	-0.027115458622574806
ENSMUSG00000022951	-0.06328697502613068	0.0922694280743599	0.22645050287246704	-0.04712808504700661	0.21855127811431885	-0.013015401549637318	0.1281595379114151	-0.012172817252576351
ENSMUSG00000070990	0.7184380888938904	-0.1722882091999054	-2.3648414611816406	-0.7133464813232422	2.6494879722595215	-0.19506065547466278	0.37738993763923645	-0.1251671016216278
ENSMUSG00000107624	-0.033305924385786057	0.07028920948505402	0.30899518728256226	-0.004280535504221916	-0.3573661148548126	-0.10385759174823761	0.01023592334240675	-0.02966790273785591
ENSMUSG00000031465	-0.010528791695833206	0.06678806990385056	0.9795369505882263	0.056671686470508575	-0.2574303150177002	0.07849358767271042	-0.01915677823126316	1.9825138224405237e-05
ENSMUSG00000085514	-0.04494582116603851	0.0806669294834137	0.2750014066696167	-0.023049339652061462	-0.08671998977661133	-0.00921064242720604	0.0047979820519685745	-0.05611714720726013
ENSMUSG00000105034	-0.004270268604159355	0.09464547038078308	-0.11067464202642441	-0.017958171665668488	-0.27799078822135925	-0.12203607708215714	-0.11299009621143341	-0.04745683819055557
ENSMUSG00000043119	-0.058117009699344635	0.12056054174900055	-0.22434166073799133	0.008463399484753609	-0.27796441316604614	-0.10845886170864105	-0.111714668571949	-0.03989227116107941
ENSMUSG00000085008	-0.030427275225520134	0.11932895332574844	-0.012212388217449188	0.0704621821641922	-0.23296184837818146	-0.23219965398311615	-0.03312784060835838	-0.03412929177284241
ENSMUSG00000040901	-0.08240979164838791	0.0809747576713562	0.0808960348367691	-0.0396321564912796	-0.314778208732605	-0.008797189220786095	0.01567598059773445	0.028857752680778503
ENSMUSG00000045684	-0.06757509708404541	0.08318828791379929	-0.14134198427200317	-0.021277697756886482	-0.47650063037872314	-0.11582007259130478	0.008140123449265957	-0.011288193054497242
