	H2AK119ub1 mean gb	H2AK119ub1 mean promoter	H3K27me3 mean gb	H3K27me3 mean promoter	RING1B mean gb	RING1B mean promoter	SUZ12 mean gb	SUZ12 mean promoter
ENSMUSG00000096743	-0.0050755034228873175	0.08055210653390422	-0.21749850386130617	-0.19868224695584302	-0.016543014563249747	-0.48284106334942456	0.015146112775300685	-0.1283212767155116
ENSMUSG00000110027	-0.005339199947105411	0.06980901813260994	-0.1095832771693086	-0.0295513459814743	-0.03899576301572544	-0.6732195602143888	0.021249449653871304	-0.09447589644230107
ENSMUSG00000085683	-0.0208573625037951	0.08011108800739786	-0.16996839752259243	0.0969297959911828	-0.08073639057198445	-0.505831478180921	0.006954761396635312	-0.1936540395214982
ENSMUSG00000032116	0.12456652942647592	0.07175776505857387	0.49502454515163885	0.3805723049945147	-0.015779558323225196	0.49655610175960785	0.026154421351624157	0.0069117150720653005
ENSMUSG00000062757	-0.023766506325303822	0.05505189649455075	-0.19157955973268775	0.05475535736377248	-0.03162733519536004	-0.5910663409862296	-0.006558649182270115	-0.24344099531976932
ENSMUSG00000109419	0.027323634118697867	0.07328527020544355	-0.08199761061089762	0.061481699982108	-0.043879462465126334	-0.721844359150124	0.019026073129347565	-0.14609204732034642
ENSMUSG00000027225	0.279591603472907	-0.27662744266319567	-0.3968821402188139	-0.7115687713930048	0.2518983320208903	0.9849124695468042	-0.42554838548991125	0.10564726141706116
ENSMUSG00000052310	-0.07863190162025306	-0.006287337248182779	0.1450279297759051	0.14973111900850666	0.03503493987532953	0.7760821426594066	0.002087708453590631	0.08808791407769524
ENSMUSG00000055809	-0.037303763425278046	0.006679927559078379	-0.1539276785248301	-0.278891195935933	0.13402662757112116	0.1142841715000019	0.000840452599256844	0.09424869998173577
ENSMUSG00000112907	-0.0037650351881177713	0.06366284550439358	-0.022894616978807715	0.043463150934095994	0.07395363371654667	-0.7390769102892806	0.023975769238321825	-0.15642659733814968
ENSMUSG00000029405	0.06412643079035628	0.013506875175570254	0.3259241142988478	0.25696873847945645	0.04868015211333157	0.7435859724585805	0.04261276218047942	0.09302668289479939
ENSMUSG00000031552	0.005156656285245864	0.07937308025549317	-0.14729830604632713	-0.036710221718794185	-0.05726411333524936	-0.6556355227095791	0.016226712136406637	-0.08174994575800046
ENSMUSG00000050335	-0.09132735607757216	0.012454878152589527	-0.051207232765588175	0.13079595257943744	0.03751881653756641	0.07135978875725929	0.03558534518804917	0.08936320317589985
ENSMUSG00000038335	-0.009770927424097797	-0.021079743845907533	0.3824657341833414	0.1279547449687866	0.1349345880335567	0.863306259598336	0.02338517559792517	0.12218782255719161
ENSMUSG00000046806	-0.10825843068700884	-0.06687263528765906	0.07963524318244067	0.1377012029650664	0.05591947974484186	0.4395792113001673	-0.0006853828511430571	0.20789800153442115
ENSMUSG00000113361	-0.007098262866816918	0.05442688008743284	0.10416436092067705	0.4248943854813795	0.2673658475436057	0.12719197734193222	0.02195191112149158	0.00410491837353639
ENSMUSG00000079389	-0.001239613374886983	0.07529161612740178	-0.20967943928257046	-0.13798417409426764	0.029028226339152922	-0.470651015396945	0.02712698915708656	-0.04845113360552187
ENSMUSG00000045013	0.014088709195025471	0.06121505434287205	-0.23228485449742942	-0.03712364620051547	-0.0014988996859608417	-0.5155247143766264	0.008566610125219915	-0.21976028131224964
ENSMUSG00000063049	0.017471291545052326	-0.06490562550268208	0.027120861914231315	0.16911448675059026	0.2220718728536669	0.8890359695593306	-0.03580480620990323	0.17796243070836967
ENSMUSG00000025533	-0.009581757823721393	0.07481945255937303	0.07068743555684955	0.2266939399993805	0.06750600805758243	0.7115655749038191	0.02559683916090215	0.14093087995917009
ENSMUSG00000050211	-0.022131675523381293	-0.20872417076624358	0.06159889658968788	-0.2873120209432021	0.00014007681120559168	0.4711671556351606	0.033629278326325215	0.2896135175427228
ENSMUSG00000108620	-0.024479583656422818	0.061306625793590044	-0.004647898443222373	0.07966055678649539	0.0027222683937349057	-0.6491661367194675	0.01851372216628835	-0.031750017930916925
ENSMUSG00000079227	-0.004206487308679674	0.05840228156045132	-0.0902890640740385	-0.08004620147784769	-0.10644769106775118	-0.48667583967201755	-0.0201907231089039	-0.20578486220228362
ENSMUSG00000030846	0.08543903894189883	0.011190060359853149	0.19077595041738746	0.35362411533201366	0.1076319384058321	0.8771961599689401	0.03454932632330144	0.07558358934104766
ENSMUSG00000090764	0.0043961033381250125	0.08407132696339047	-0.18444664510653258	-0.12928265349306345	0.04417608317862189	-0.5833368480024985	0.024266722916123234	-0.04081643893265143
ENSMUSG00000060017	0.010138066676815586	0.03218321709498344	-0.16161003024221093	0.0304035839411371	-0.0059915193472983574	-0.7114224121718897	0.014234415624211887	-0.264141058661317
ENSMUSG00000049659	0.06267664251175965	0.07327091704663295	0.10062601081993036	0.05986202176119592	0.029065375662017834	0.7782848646359287	0.045856708666494106	0.20844536862291152
ENSMUSG00000031618	-0.030481666018807183	-0.3111204169822376	-0.07215246195134375	-0.6145324903388223	0.05725329663115405	1.0517910633885141	0.02336558941658494	0.012948577840053266
ENSMUSG00000109202	0.010445751156792228	0.05650876875030903	-0.06858192029245046	-0.04213994168116924	-0.12702725391147052	-0.7053182107550643	0.00651056221127666	-0.139413303202219
ENSMUSG00000067006	0.009995281790702304	0.07040466702318775	-0.18428239543555744	-0.10760720690982925	0.0334865427140112	-0.3408814239590742	0.03117899713876242	-0.03407970918287795
ENSMUSG00000066235	-0.0008332246178071601	0.0030735773476598272	-0.18315248275765286	-0.14594527645579894	0.08562335921653334	-0.28852933660492314	0.009692172313949156	0.11966730714840573
ENSMUSG00000116130	0.003355829257309706	0.07176655912879618	-0.11476264469061355	0.07360577120965574	-0.049645763213024385	-0.7891015566767807	0.019302209580546563	-0.15598028635003652
ENSMUSG00000110378	-0.016999131811112678	0.07008915515574517	-0.1348743351234887	-0.08122360203908816	0.08885041319794829	0.8101983735214746	0.043067400738627824	0.2507170685666232
ENSMUSG00000038408	0.12095759605130506	-0.37136951014171926	-0.27897163243570783	-0.6460189382222861	0.24408947708830972	1.0627303718332226	-0.24452639269313367	-0.006898474007452984
ENSMUSG00000075153	-0.05059487142124101	0.06604082898721586	-0.17300232146270525	-0.13055857373452143	-0.0031825854232465645	-0.5689276080987449	0.0153813312164464	-0.16054254017611488
ENSMUSG00000073051	-0.024498904925707443	-0.030531851370948417	0.09471361582716224	0.0370139516945948	-0.15061090131270105	0.24664871960015622	0.023071134385837997	0.2440568276350411
ENSMUSG00000111685	-0.04522967387997004	0.032528160089791334	-0.11526960423159201	0.14538103590769064	0.02047894359188915	-0.6954970047705208	0.0009754559802722662	0.009693422089664642
ENSMUSG00000100177	0.03136720142087685	0.10979746854970635	-0.21852204537267425	-0.1338686296282699	0.028166967316233627	-0.18851609946899237	0.009870186287986082	-0.0997119964412887
ENSMUSG00000042909	0.020659534983536555	0.06966072716066876	-0.12250326307029752	0.021506964883382516	-0.012863970019283633	-0.8576623417257004	0.021021656476189872	-0.10570994224318044
ENSMUSG00000040197	0.011010001319141205	0.048909981906068864	-0.1472073715886774	0.05562925948787745	-0.07977075608699627	-0.8348854964206748	0.014382227115896196	-0.13636128556936278
ENSMUSG00000106018	0.021663877420449285	0.06621592242069847	-0.08993822353776885	-0.015256847921016566	-0.04206022499891704	-0.8152136868431671	0.025135701067173867	-0.12089045259188458
ENSMUSG00000113942	-0.0015022926458900798	0.06207514820842628	-0.17867668661115396	0.02486755224248307	-0.12020376350087802	-0.6304165621105042	-0.0034060375141529977	-0.14623781675729158
ENSMUSG00000096175	0.012006706284194424	0.07063786942544917	-0.1451631057337374	-0.03667361680672647	-0.029513251582007495	-0.6955849980465127	0.020691846106881705	-0.1248843273504795
ENSMUSG00000073430	0.05161525784490714	-0.21071110126232476	-0.1427663004810734	-0.49332944462683487	0.10522629108557148	0.968133571381075	-0.04230013220987583	0.1788714496570321
ENSMUSG00000105084	0.011494496940045562	0.12468554110023124	0.4899032271426894	0.44917458765253404	0.032823597944892535	-0.3027299870104765	0.01811166716312474	-0.09914878649852837
ENSMUSG00000029569	0.08094877404592037	0.02692935259622386	0.12834922529763398	0.05077816189916878	-0.0186805785044315	0.7839189773945169	0.046234418944519184	0.16411745349582466
ENSMUSG00000113779	0.0792551581755235	0.02663542741907127	-0.24043054299688713	-0.13108686705396463	0.15785699439920314	-0.5080802467512769	-0.02464288615560211	0.012223183786995384
ENSMUSG00000118361	-0.00594551798697629	0.05771232867925127	-0.02983620907170176	-0.07128335327818033	-0.16460247322830526	-0.783058191972605	0.03088883098601746	-0.11007695981444765
ENSMUSG00000086662	-0.016024430724274213	0.06697172201324823	-0.10554565804360169	0.020587240864491374	-0.07404992878767082	-0.8767174030443572	0.02223697516924671	-0.08192357002337272
ENSMUSG00000085806	0.015334348184202096	0.05051021562980973	-0.10894211775296156	-0.038094785876793255	-0.07471402222221595	-0.7857348216729839	0.02165470860027571	-0.14543676266154643
ENSMUSG00000041779	0.0048947815680739915	-0.1814517042357726	0.1141055862772622	-0.36142967116446784	-0.112244689996422	0.7781238361046849	0.047170831041216964	0.23329439431968868
ENSMUSG00000070003	-0.0199407349517422	-0.10773954017639609	0.01827162336366115	0.03772290084598804	0.3535038710724455	1.0431923221671338	-0.1370059904049824	0.11292284188974258
ENSMUSG00000104072	0.009850029858819142	0.04899126813927014	-0.14880726203735714	-0.05105605719446397	-0.08595066860597976	-0.7137490538670602	0.008655832575597655	-0.15860633100505292
ENSMUSG00000024248	0.03426070114264989	0.09582163990241271	0.2463663784543281	0.24044256398349947	0.14296445617152817	-0.635799000174689	0.015127134717204692	-0.10234145597473206
ENSMUSG00000074946	0.002304675548931878	0.04962938550579013	-0.1961955841293516	-0.037545666325224866	-0.02584941805657033	-0.402143184368558	-0.01917625895086941	-0.31372694544973034
ENSMUSG00000099400	-0.0063957060256529825	0.04410703222730703	-0.12421299793921525	0.014202778543873373	-0.1455829732122389	-0.7071746996742715	-0.0047492957760091326	-0.19403660351610375
ENSMUSG00000071522	0.001433651517836032	0.07641272186416531	-0.21077474550684944	-0.10520468661425635	-0.001492989754323926	-0.6257389799683953	0.02060963199646303	-0.0691458009397263
ENSMUSG00000086408	0.015573967462929517	0.07729899664888037	-0.1909537796355459	0.026289135723079463	0.013936706200404547	-0.6852211980017044	0.020655595612980804	-0.07874618442728061
ENSMUSG00000027004	0.036731274171230566	-0.32691570808915654	-0.2217859570288566	-0.7327365378525452	0.18859548514844704	1.0500404137511898	-0.15119102288935266	0.024933197302902
ENSMUSG00000055971	0.014669492334850931	0.05014066582211136	-0.11100357174556094	-0.08529922884606496	-0.05946961264166822	-0.6896305700728107	0.021870647459250128	-0.17610110833824139
ENSMUSG00000022372	-0.00014658547858159565	0.0516692634849957	-0.07167815544655962	-0.0018105973125446852	-0.11557123345442204	-0.8548665058483607	0.029253293167769076	-0.15140637529362852
ENSMUSG00000020261	-0.02048795147474347	-0.02931889172019351	0.12733284393356317	-0.1337548147669566	-0.07315606360392532	0.8290244567142815	0.041511995837126434	0.18018377705320213
ENSMUSG00000045776	0.009117055832885024	0.060048479382916325	-0.05613028985109655	0.08397711748702483	-0.08604150061713291	-0.9033319765039358	0.02255213269622594	-0.15033785277197623
ENSMUSG00000109535	-0.1482250569185989	-0.0032055104370696252	0.12071723828676023	0.1726943816379524	-0.3390939202830607	-0.8187916967373658	-0.06742755173637549	-0.2718924807610914
ENSMUSG00000072726	0.002439344804719523	0.08353288965577063	-0.19400470242623186	-0.1154387860445635	0.05313546235426012	-0.5619779808743295	0.02464486795329591	-0.05850194233362346
ENSMUSG00000105385	0.0	0.06881044448486831	0.03073152168757164	0.1153958016004029	-0.062256131150677414	-0.7431920791253414	0.025646767951403193	-0.13499462086051633
ENSMUSG00000098306	-0.06969299468638515	-0.003914997472513868	-0.12584603598080593	-0.001395100969598717	0.04994044603568801	-0.16261178629997805	0.03208804923262911	-0.017132359112266838
ENSMUSG00000112074	0.02941432549291449	0.08784328699158024	-0.16356455948927298	-0.0908909318998388	-0.06864972343709189	-0.41559893569340545	0.0025663619910542	-0.08849438428369524
ENSMUSG00000028923	-0.03352980189118907	0.07228387621530769	0.19693739364838372	0.08659918435825663	0.005850507414377981	0.4322616337719192	0.019443308706518052	0.20099101690728868
ENSMUSG00000109385	0.010837051919704854	0.08035725830282671	-0.16539900495523038	-0.057880183401069596	-0.07383755325432856	-0.5946583294202664	0.017885642001572773	-0.13679449088314735
ENSMUSG00000090588	0.01135229530263393	0.09755495985807415	-0.15553558754825816	0.19119502750921752	-0.038801783204726825	-0.5818688850429233	0.032642496402922515	-0.16129450850856472
ENSMUSG00000045996	0.07170376984825205	0.11580599337993866	0.36210061230630214	-0.10912538748441751	-0.0638545613820178	0.44945300193746685	0.022025028093514698	0.14885195726214603
ENSMUSG00000024099	0.05843381773876761	0.04357781050051939	0.19132057859706603	0.18298631991600295	0.013669196929270155	0.7303651100724989	0.03842631287081374	0.13418510969006714
ENSMUSG00000109247	-0.17501525397758458	-0.05609167750166266	0.15369433499365126	0.22766540399311502	-0.323290833368344	-0.9283626436979088	-0.0812126202597216	-0.3260337819915389
ENSMUSG00000113360	-0.18301234347517004	-0.18553961443211126	0.2545177938311264	0.4412777102969691	-0.49990643945684754	-1.453653868204781	-0.09542108231954094	-0.2404300028909478
ENSMUSG00000024384	0.10668963239094129	0.07001480357466551	0.36129262851948296	0.19973974721854149	-0.0072739788923803506	0.7606874343923611	0.04668227556321549	0.07407054106282714
ENSMUSG00000114004	-0.06561725509481629	0.06869122683530934	0.2933424106541977	0.5455282257032915	0.04554136542812884	-0.39430334090995384	0.0020285897552650978	-0.03400265782315528
ENSMUSG00000000303	-0.07934485058807825	-0.1315332959486135	0.17847052430413493	-0.13825607146427502	0.11721581343447655	0.9649207099367925	0.02584233340082287	0.16434176310821522
ENSMUSG00000099730	-0.3417251697396214	-0.140036615353737	0.25816756125951557	0.44698782027010675	-0.4778622802765939	-1.3536233862498852	-0.10859322729631408	-0.29195116479669475
ENSMUSG00000038997	-0.031166721714043267	0.08142689049880475	-0.15470699848762925	-0.004701783079641753	0.020868756941619198	-0.5968847105788937	0.01766098558619228	-0.13132167071730821
ENSMUSG00000029260	0.028202468988965473	0.07836538809876625	-0.11236827274737839	-0.07634108048526027	0.03233021383196208	-0.538389320173721	0.01939860520220482	-0.17007266413277197
ENSMUSG00000091583	-0.02366037011426669	0.06883112659510834	-0.09879209601389088	-0.02784080520678629	-0.03514638535457201	-0.5922319735094745	0.018505010238526687	-0.046070105246701756
ENSMUSG00000052373	-0.0369206643925025	-0.29540623391172627	-0.02849441121781454	-0.5215689309790751	0.12122831745578236	0.3757637661250734	-0.04457857140478389	0.22560871568672902
ENSMUSG00000091661	0.026567792853761825	0.09566899723703624	-0.15589315546798432	0.7076573607462149	-0.051897129442730734	-0.6456802048259466	-0.003192844902252079	-0.24593081550214246
ENSMUSG00000099861	-0.14689450000490703	-0.07749544143510544	0.21086887875768962	0.2938179638203167	-0.537441433567602	-1.097823925946854	-0.06360882044267813	-0.30192425084607866
ENSMUSG00000034285	-0.031527702531869393	0.005587399355863831	0.3062407376344248	0.023222285932539367	0.02725792785720383	0.21160509317679507	0.02359022553179006	0.01976365804874911
ENSMUSG00000022558	-0.06710956022694066	-0.09094811752079596	0.10100055876256564	-0.12879624282282587	0.015748471737912644	0.8253351844388556	0.011041828125539221	0.20658581820790234
ENSMUSG00000118352	0.00010956700358710769	0.050961419460565226	-0.14237069998892707	-0.03709968241452962	-0.0505947755912759	-0.7467227052012896	0.02041354298879427	-0.1426108012077877
ENSMUSG00000033538	0.015209056292733237	0.06276637073553068	-0.1501247069965237	-0.06913290972124213	-0.054872485589176415	-0.5699163029588897	0.010734849763806564	-0.19186964103673318
ENSMUSG00000113997	0.017314794453857793	0.06911766072017723	-0.15117109265487627	-0.09977888889278243	-0.06419902356047665	-0.6073516539386828	0.0084256040520857	-0.14181358358445037
ENSMUSG00000031939	0.11914493199442604	0.03882860390777696	0.5055371056665809	0.6034873787226509	0.14624402066231187	0.46038547335651975	0.0216196224573393	0.006620384546789593
ENSMUSG00000041733	-0.029346070240657357	0.07524781146471714	0.2987503432977639	0.1336566046393752	0.005366554480030095	0.5172346433331043	0.02790224014289165	0.12494128515786386
ENSMUSG00000098072	-0.06491903473390004	0.03480770911343041	-0.1730756484268065	-0.0051868893178977915	0.07329533531947181	-0.2894342394663867	0.03150829748333014	0.0072341615625755445
ENSMUSG00000022228	-0.007242229004005978	-0.019105937510965707	0.2121203874713095	-0.08244374421633203	0.0024593017722360777	0.559041289627895	0.02860590272916584	0.19819294930983888
ENSMUSG00000030148	0.0013172921759270206	0.07252807871210738	-0.19924219841186555	-0.12808371994973466	-0.008844428329048831	-0.6000860010056764	0.02125007924007785	-0.11958442463088008
ENSMUSG00000104068	0.0016070443456570604	0.07208871488129776	-0.12863635655531827	-0.07263112819772448	-0.10735036662175845	-0.4370059551356081	0.0028255107073107528	-0.07853746469246861
ENSMUSG00000086534	0.16908693391589716	-0.3993962773024592	-0.20473578672921927	-0.695860663279429	0.17129612161904553	1.0826929139445653	-0.15165805867278823	0.04305574757639724
ENSMUSG00000024182	0.035906918857636146	0.02916870529744986	0.22559110686159675	0.2903754099631147	0.03923762139724585	0.6839609277204765	0.03771563021515888	0.11035902261884312
ENSMUSG00000010277	0.04492296006756425	0.012993896871486593	0.43972312153031956	-0.001280853408665017	0.021152842750025505	0.734720841659478	0.04692302339449526	0.12541259424955678
ENSMUSG00000085798	0.04719108239906674	-0.16140285186964062	-0.07344520439350899	-0.41104457907659436	-0.0008821904430548755	1.0571467125993634	-0.028051639233381265	0.020516297275825372
ENSMUSG00000004865	-0.0437928748479659	-0.048845189270941364	0.21926369013205516	0.10537568732268807	0.0868075851615523	0.8694851597424303	0.03270320248560437	0.11971064984068122
ENSMUSG00000026443	-0.053218932975757825	-0.2482966260928125	-0.007187591735916543	-0.08167767082114291	0.05293475986371265	0.9720339202598446	-0.023811527676727718	0.20365439525851553
ENSMUSG00000057903	0.0018580044335327894	0.04827568098764394	-0.15428617582786103	-0.07351058617384859	-0.07057549425880748	-0.6231202470513516	0.005176826213629224	-0.19293435942217696
ENSMUSG00000034116	-0.03970816438134386	-0.06833433448944261	-0.12545742671722906	-0.3810310393737852	-0.023829427372924518	-0.039642720518952825	0.0277276470007507	0.2702002619857434
ENSMUSG00000060284	0.11510496421910764	-0.015421156369213818	-0.2802554074145602	-0.33028965486186723	0.1031243748547929	-0.02925844910071433	-0.027967362849897426	0.16964803433943357
ENSMUSG00000063796	-0.007604271180423727	0.06509038296448319	-0.1561117636103	0.10035697664696708	-0.08384414046725856	-0.7693516110168611	0.012872978941686559	-0.15638303383255028
ENSMUSG00000021895	-0.013696338880370362	-0.18696546093404687	0.08231984914837329	-0.3691955558730093	0.03521092594961529	0.7798306597897295	0.04218494645410288	0.28243050409811155
ENSMUSG00000079704	-0.02473349391288989	0.008685421183618834	-0.0052944484099073374	0.03614522690535936	-0.1024292307624581	-0.9149042670579014	0.022145623239850615	-0.1994085342365112
ENSMUSG00000019088	0.06771159771154064	0.1314407181939266	0.29196506817278794	0.45481906188238297	-0.06254265309593146	-0.06288437616935766	0.007125555516149684	-0.031595259277230114
ENSMUSG00000030228	0.043007539490107806	0.0813965191526536	0.022812813697824015	-0.13287270954534874	-0.0886881272615528	-0.48674584626996675	0.014572000872467683	-0.04170515820930148
ENSMUSG00000020877	-0.09082394994472523	0.0044924649345610135	-0.03631751058171247	0.10156437251303944	0.07495814113874645	0.2979013022806394	0.02599698758193274	0.1793246858269118
ENSMUSG00000021134	0.10037100570219758	0.07901315801863655	0.4311496560677443	0.38935233164435123	0.16848239347150248	0.5633221313904734	0.025614380107559676	0.03857443924664686
ENSMUSG00000112264	0.018206930709344205	0.0744417992130947	-0.07661510066735898	0.018374719829527427	-0.057508536100698046	-0.8540769517687093	0.025194776429249516	-0.06856928289499534
ENSMUSG00000020064	0.1123384713445562	0.09681390948752969	0.43557827774458463	0.3465147517058034	0.057656506826875245	0.5398665069698633	0.032217456405170264	0.05324506513116017
ENSMUSG00000026573	0.008406762635563059	0.07612812270520943	-0.15047416400551425	-0.07895345777626356	-0.021854232113272778	-0.7253680335638185	0.022233371079218855	-0.0412523611278669
ENSMUSG00000041736	-0.054220003749124515	-0.10796169516900074	0.05220642125924796	-0.1095100185884746	-0.016284163206281566	0.7708452988861315	0.025526107827278013	0.26230455930699975
ENSMUSG00000097430	-0.039192263532221966	0.03185250511448402	-0.13737239628995024	-0.1369612818038853	-0.004368799270787815	-0.5105820583307052	0.027566497351435706	0.12016349919022314
ENSMUSG00000086433	0.059139547823477044	0.126545171448092	0.26490999529668074	0.4053896337114566	0.02046595982088463	-0.27718380400648823	0.018681016431152442	-0.1400608015084518
ENSMUSG00000086680	-0.02637685389545985	0.09579753870929544	0.15020625911483695	0.5987190945935781	0.28478475298895	0.524180708722744	0.006459901991000803	0.09438362710031403
ENSMUSG00000040650	0.01687910227134545	0.09985635547285683	0.16629611454512727	0.19953100054785006	-0.008763142537537849	-0.6432622484213774	0.02501138965115676	-0.20361506787325923
ENSMUSG00000054555	-0.027455792462084468	0.040868357284076916	-0.1106772992357432	-0.028176697062450066	0.0006845220873025193	-0.665901872638892	0.015330621922734643	0.006577385749895631
ENSMUSG00000101061	0.051208987423523686	0.16297181294821025	0.07815984075180528	0.23850877140591162	0.028385868670535434	-0.21443823872264764	0.02583291424714426	-0.06157163569695262
ENSMUSG00000109370	-0.009612256883960715	0.04465350279094024	-0.16457438872616767	0.02232225403942779	-0.06421109877044225	-0.7867429560642388	0.01197620481840067	-0.1258906688675301
ENSMUSG00000099879	-0.006105743942927164	0.06605349510130719	0.24850024200241125	0.3524132812810573	-0.037334352815756706	-0.6663888257524235	0.027629206747760388	-0.09946955963020675
ENSMUSG00000086368	-0.07160183765512126	-0.025411659605919713	-0.0677880267968197	0.2526933770471761	0.08986497734890374	0.9675103395065989	0.003840328481798494	0.15016612421458542
ENSMUSG00000106255	-0.018601302979113412	0.056630626405485135	-0.1814800611233244	-0.08172014879519386	0.04022923622468698	-0.38504863679011064	0.06136485923435579	0.006274811873358321
ENSMUSG00000114741	0.0052763805247238935	0.07178503791263022	0.015266017499018613	0.013224993200237989	-0.13970653205988404	-0.6316601735489887	-0.005042744972341806	-0.2028794668692965
ENSMUSG00000028158	0.012368101336771775	0.12591700260317348	-0.001750018968349254	0.5429924892202962	0.040207866478487876	0.2792025555183099	0.0355635980931873	-0.07399406976313616
ENSMUSG00000042477	0.11493540465461567	-0.25078447145335003	-0.27610521620173717	-0.702215137087019	0.29330751193074417	1.005412488712465	-0.3511318397137315	0.049760995800624985
ENSMUSG00000105341	-0.04397857485746792	0.0814925650341788	-0.06560239541602492	-0.007697688108280559	0.017147378989756733	-0.09564498953804614	0.033445377445193505	0.14430125191318782
ENSMUSG00000033257	0.003249923040443914	0.034061510028789474	0.14446239195057195	0.11342032146699207	0.06423408487517407	0.8081285876997513	0.039650275047768066	0.12417817317658422
ENSMUSG00000069089	0.09851061780325131	0.08976816974798402	0.3747766947574373	0.3279522348046126	0.028396743975307195	0.580962801664977	0.031957968424591976	-0.034354518488033614
ENSMUSG00000053729	-0.009027291436731418	0.06699330971439242	-0.20358525402789804	-0.13149465321428905	-0.050326815912287985	-0.5311877083457139	0.006460775540323649	-0.1484319726180853
ENSMUSG00000042042	0.04893459197179063	0.12076730054804347	0.004300016724099187	-0.03349729706921125	0.026249248555423533	0.10924853319279204	0.034222468243136364	0.19934339447890315
ENSMUSG00000059060	0.030625491449879506	0.011594508623123286	0.01738200594342418	0.10464097075892168	0.008726789601162244	0.873486823536068	0.035098743537637096	0.11633031149088839
ENSMUSG00000066613	0.10005950437923058	0.11056609163999705	0.2026635602212023	0.42063690128569814	0.04329981101025726	0.5151195502324435	0.029981266221254615	-0.041369307527921784
ENSMUSG00000029029	-0.04949434409488651	-0.2186437477684435	0.09705531185727703	-0.3196087192469992	0.17260927882993704	1.0599010659165373	-0.0753798621202075	0.13931235275288745
ENSMUSG00000096528	0.014038902914232487	0.09166688710344043	-0.054314686806309624	0.0814763775941323	0.0457804308355949	-0.7469833656624222	0.02304299657086143	-0.13821461496987544
ENSMUSG00000092142	0.012198843872591625	0.07784784040116935	-0.1155560710839614	-0.07275943134742523	-0.110853389997281	-0.5759630643218179	0.01317417405035148	-0.13881186011000057
ENSMUSG00000027166	0.05483800942626372	0.12429932015011416	0.1454982556437805	-0.258045018754791	0.006992468177026923	-0.41913446764186096	0.024711953122792205	0.04633655927746533
ENSMUSG00000009207	0.07629915003847601	0.02750918691489526	0.09254595638405758	0.0006213386143392174	0.03930466099620427	0.8899308620209323	0.04695367843295328	0.18092908828790347
ENSMUSG00000000223	0.00864603148162762	0.07875190500022082	0.1449990984984835	-0.09627749767393921	-0.2182195685891383	-0.5286977655010201	0.003917228717799648	0.10526446015367709
ENSMUSG00000052477	0.03163745915201544	0.06573856595218906	-0.1727077422752162	-0.24389232562780697	0.055822210403413154	-0.013164713573095038	0.030520100624915728	0.0718076269649109
ENSMUSG00000087225	0.01036709194455063	0.07505350271568248	-0.11903390048090909	-0.022424463646792743	-0.005577934008367702	-0.8005595492456187	0.02183574477327967	-0.0875557871665671
ENSMUSG00000028278	-0.00871507342183575	-0.21821161104593323	-0.0483741488582837	-0.318119892869328	0.11592759900037652	1.0886627385273437	-0.052858731424225536	0.1328688848678905
ENSMUSG00000021007	0.06375677658637516	0.08635034460097854	0.10779809950292578	-0.13375798994341537	0.01683749141260593	0.31796380438389915	0.03130938254618823	0.20782550406291192
ENSMUSG00000113079	-0.03552056229135603	-0.0006973820202891279	-0.08836051202145931	-0.21741671326132908	0.019073590438555794	-0.4383218518051494	0.01717924390064394	0.0879932518394393
ENSMUSG00000079093	0.013037692759698016	0.07023322870640959	-0.1078442392109352	0.019268353807222662	-0.0650510734824614	-0.7759223007369149	0.024402351812017036	-0.14550416728265683
ENSMUSG00000032040	0.008299741108026405	0.06597989172063053	0.1858339326307492	0.29599613829226096	-0.022204795426575163	0.6033021341510534	0.030715992109880894	0.05959207927292488
ENSMUSG00000048921	-0.07143033764865825	0.043705795173583535	-0.11990714915216848	0.33280821255581133	0.13302448052833496	0.3043971726977217	0.04457004292447489	0.1793613983515068
ENSMUSG00000029012	0.08843303247162931	0.12164555677502883	0.574255938136814	0.33628020088951577	-0.007413861561318624	-0.022277625381692815	0.014055619806133807	-0.07742183329095324
ENSMUSG00000101313	-0.18957357829672844	-0.1549824983097189	0.13274325095936668	0.2658047641754732	-0.34600114447194746	-1.1193916941250304	-0.12168838429662336	-0.3187062573697127
ENSMUSG00000117185	-0.011972056569974243	-0.19725776506464368	-0.10357970751330328	-0.38149444567621904	-0.05576162157967675	0.9028579908186024	0.02626393714773585	0.2060617779305088
ENSMUSG00000038503	0.020366477720516703	-0.09979787472475761	0.1203165262122574	-0.007974467643469874	0.1037577107717285	0.9564950316242848	0.03581283499307635	0.16878771714469454
ENSMUSG00000024518	0.22476584920025	-0.27423373367655063	-0.3561089558017017	-0.7051025001473176	0.26104789406652285	0.9470064693613792	-0.4224531419715501	0.131937386232155
ENSMUSG00000049985	-0.024827003952824358	-0.05547306751181904	0.002249315906486915	-0.05598656915293778	0.02882094325857965	0.68614034869597	0.0314420722231418	0.22278814871791552
ENSMUSG00000026547	-0.09851082631164547	-0.1017043007160565	-0.004158811166986021	-0.07958276635835683	0.12475683665647164	0.6321909252391048	-0.02788600887353662	0.22541848824151864
ENSMUSG00000024122	0.034192134195356993	0.036620586026855396	0.2224051011150852	-0.033698638414832206	0.01061542737710941	-0.30751437300555096	0.029337808982696757	-0.06675262432374476
ENSMUSG00000032523	-0.02452805352498909	0.05085850041432516	-0.14435752258611392	0.0025656975263166266	0.000517506878567553	-0.6928833458967926	-0.002373408793268855	0.005143708819788066
ENSMUSG00000110007	0.0175187709000067	0.05700843568122166	-0.13117615311073488	0.0672786012748793	-0.0751895813086273	-0.8680424448655992	0.0156972986627133	-0.10121532286587549
ENSMUSG00000111748	0.049501097558764855	0.12524763035811454	0.1026960809494268	0.36233931389741275	-5.8572388136196585e-05	-0.43521890953369297	0.02129912761655383	-0.10748341339809167
ENSMUSG00000027985	0.028065566012868026	-0.3419731203818448	-0.1162093231651131	-0.5239832030003186	0.2282284457166012	1.1204760245311325	-0.13112536020108695	0.045114792518557476
ENSMUSG00000049553	0.07830117557268715	0.12690322231504889	0.4771698465913194	0.49049068399559514	0.008226278942525589	0.01898101267968353	0.01716056411187259	-0.06678933706731048
ENSMUSG00000058267	0.0862275330169877	0.09733689380201309	0.3909454425288897	0.41028859972238857	0.048749712111505784	0.5561178396518132	0.02463552134174412	-0.11288627706364451
ENSMUSG00000070997	0.01591474955134625	0.06588029962615728	-0.03404254585705768	0.1612517388185226	0.15168814352027632	0.8760646763061388	0.010548491694438627	0.1622943590119947
ENSMUSG00000021711	0.08448416279663507	0.10229907809464173	0.3182986755290689	0.2713390356735814	0.017874330062402688	0.5281453047782657	0.034988287065503026	0.10990123657821306
ENSMUSG00000062310	-0.027284304331592298	0.09503972026421681	-0.10821942807334649	-0.008552688563641553	0.053894879554545846	-0.7131434346311496	0.016006199830974024	-0.08604932319490073
ENSMUSG00000046460	-0.022339885832403185	0.07301169986156332	-0.08761176758316713	-0.014589024812383295	0.022968126697522552	-0.7881276527925662	0.01628851190604841	-0.09176041066787749
ENSMUSG00000047126	0.0813415878642441	0.05320157588393762	0.2476605524151988	0.299394914577296	0.04524320017639436	0.6716498260054531	0.03963132785835888	0.08738805402771407
ENSMUSG00000054939	-0.02415649619136651	-0.10489165738483838	-0.06329768494215206	-0.35618407626621096	-0.02233644111224997	0.2533500188539276	0.029006876045271468	0.15844194612961077
ENSMUSG00000091192	-0.012583240471208512	0.06831467975543044	0.04684009905199307	0.19585999897016082	-0.05878049119647939	-0.7852918919634201	0.02441952613134147	-0.1284425930225653
ENSMUSG00000032068	-0.052836188252169736	0.059114560899139794	0.05148366591310958	0.20242799464416789	0.017230008745356833	0.030372168403656127	0.02679735746243184	0.08040870773110977
ENSMUSG00000112430	-0.0007830138789766128	0.08653134302037956	-0.144100715422779	0.07666190452368235	0.011059432920547615	-0.6665201928864818	0.01850914754641301	-0.16373275225283537
ENSMUSG00000025743	0.19748485872188815	-0.3318574153425975	-0.1562955099067959	-0.5941299049731905	0.06964328371830084	1.0134525768719873	-0.06205932017585081	0.1106705850529366
ENSMUSG00000086405	-0.008679448513733423	0.040800513289073824	-0.15897177822430925	0.35660568772118145	0.08014047768399717	-0.5976891055576402	0.032183633115002205	-0.024010525110873673
ENSMUSG00000067049	-0.011656853715588096	0.08517033706437334	-0.011732982324254971	0.20352722677281643	-0.07927327667738533	-0.6190402082561224	0.012068766535112574	-0.1196070300233377
ENSMUSG00000108958	0.004018429536687629	0.045338266410657954	-0.00951589543289645	0.07642206982556464	-0.11809095674208042	-0.8380214881118481	0.010352783461628918	-0.1836882207830377
ENSMUSG00000108576	-0.0037347642114663	0.07020929450726979	-0.14355328954185917	0.1583859887985937	-0.07680915507781363	-0.3883397154768755	0.0021321742557017798	-0.2482115995093455
ENSMUSG00000107179	-0.03707526273461595	0.03188328201937808	-0.09119099605611736	0.08263516683017444	-0.02048473281236538	-0.5219628788928264	0.01151091428620854	-0.08770776746801859
ENSMUSG00000062342	0.014433637507807165	0.043017377231133885	-0.153214422274795	-0.019478637570290846	-0.07158833502279349	-0.6535278237643355	0.010266445402804969	-0.22587234136517959
ENSMUSG00000117123	-0.008369652128397354	-0.1559889810280216	-0.10476773032998939	-0.5010745675079125	0.023551888865755363	1.008961377663428	0.017731873233779987	0.15345040133092433
ENSMUSG00000099782	-0.22048047229798332	-0.046324411855317216	0.14046240986774094	0.35356217080400254	-0.33234298497096654	-1.0455936719670476	-0.06766554168267323	-0.33938535351359717
ENSMUSG00000029863	0.057238965014438	0.03198895815975389	0.3421741649837303	0.2967146169184519	-0.04637353479341155	0.7815525117223584	0.04594628370404461	0.07756970843706129
ENSMUSG00000109101	-0.013514153042990862	0.06656726806266976	-0.1737782878937468	-0.16166422894865765	0.05532302603464917	-0.4716002047579094	0.02758244737927791	0.016579727219750928
ENSMUSG00000028405	-0.028039064780799983	0.010120203636480245	0.017041591387675588	0.02419572736736953	0.02711771271238135	0.9928747197434938	0.024449024853469288	0.13927194355252862
ENSMUSG00000016239	-0.009542319468005989	-0.18728447402457185	0.026013383097560787	-0.41283934651927523	0.06743359567320438	1.0431614247731733	-0.02552506502080881	0.09713504093513786
ENSMUSG00000043308	-0.017628668917530826	0.030467744726672068	-0.1587694311924967	-0.019799692850232222	-0.03265877206662355	-0.7446695645808358	0.018690178391991052	-0.1660792069270784
ENSMUSG00000103965	-0.02270091749265024	0.07123036351235386	-0.0987550347214501	0.011445003813853272	-0.045311191327773885	-0.792827476517222	0.01858203856886594	-0.10448318413828077
ENSMUSG00000023935	0.0043374699887293085	0.0006270925223468282	0.23243402321431145	0.3519531072983055	0.1284592814602406	0.6718393905007156	0.028629647665050995	0.07593143509444389
ENSMUSG00000098370	0.018541915318910713	0.06001197947374681	-0.14106732266917918	-0.0313726762649843	-0.010129121923430951	-0.5168672309080504	0.0022914713539107234	-0.22275860370037787
ENSMUSG00000067430	0.05820269267055727	0.13107251162871972	0.18213698392466673	0.06683061200680833	0.0026154980671628802	0.32671146431890047	0.034700127038980934	0.1018392431393122
ENSMUSG00000091050	-0.0658037361785269	0.08532909531152606	0.17847929333094503	0.33662619714377223	0.26555176057755603	0.725160709771573	-0.019673891583715575	0.0915300240554624
ENSMUSG00000102786	-0.02322962511754061	0.018311934339655167	-0.1006969758601128	-0.1786784168933711	-0.05943860813937133	-0.4358737784366603	0.020352827773964605	0.06532918140143297
ENSMUSG00000036820	-0.064381413155204	-0.04003876862489104	0.10826124398952228	0.10869134627399202	-0.0009687497261409161	0.7049015620911403	0.018834141616860967	0.14320542691552224
ENSMUSG00000087525	-0.018249297037297052	0.040669824652216684	0.2232527825407803	0.2122582530131455	-0.022041072527704875	-0.5152536448627192	0.01887102893145482	-0.10285386975004152
ENSMUSG00000097108	-0.07319799450060681	-0.001999102694921817	-0.16919311520022556	-0.07344867773390731	0.04762896890288573	0.06610095755795185	0.04065637936287742	0.22504851348014426
ENSMUSG00000016349	0.1692424098255837	-0.2867745943671547	-0.2746047242439983	-0.6945491491059201	0.13807841748537547	0.6448832984480246	-0.10781503093371009	0.2582609748832274
ENSMUSG00000036775	-0.05600345708786091	-0.015717487867147883	0.22716657186590794	0.24980196459217682	0.02090632441682583	0.35082881675964656	0.019860269138453356	0.12273913913292943
ENSMUSG00000067352	0.014918641737415195	0.05951221573794713	-0.1387877215372787	0.17991502682610647	-0.015481877268406649	-0.8301376493582078	0.012126296424977423	-0.1751730496377449
ENSMUSG00000061273	0.009196165421411662	0.08393639164216575	0.7180155071185513	0.6571879980120693	-0.10817719016246523	-0.25919338836097083	-0.04731708919877049	-0.21756902299127504
ENSMUSG00000099779	0.01950275739021068	0.10481710177683448	-0.04289634771515365	0.09663294925689289	-0.03493917953801816	-0.5934715814375765	0.009000914312153774	-0.18005911725945142
ENSMUSG00000117721	0.013152369194561047	0.0773536498282705	-0.1426091763835418	0.049064169415323836	-0.0040087755024774685	-0.5824622771734488	0.018905481162748723	-0.1258923916162618
ENSMUSG00000005089	-0.014151737668752135	-0.2577933743209249	-0.09725365916437384	-0.6091040656847445	-0.049583808405013946	1.0483398643999655	0.025860890713438625	0.03884197076238953
ENSMUSG00000027404	0.042471638931969605	-0.003964757300251032	0.3984406277667712	0.1848786133302918	0.09970608444822622	0.5474845392325742	0.030225556420847483	0.15764364347175863
ENSMUSG00000024497	0.32139277224696156	-0.25771497359982304	-0.39665782299781116	-0.7400324325081011	0.2654355044178694	1.0083245284154232	-0.4388566631822641	0.09335761047145102
ENSMUSG00000055560	-0.010012924510556243	0.03463741398141307	0.2060562201975535	0.44689001798848893	0.04743423350091034	0.39979676685411625	0.021817424328947062	0.04926115393140797
ENSMUSG00000093806	-0.5480022383036031	0.04598792144853858	0.5316542361197141	-0.12454383552930273	-0.18847133037242986	-0.7596001707834055	-0.02307573112445442	-0.07445558341367198
ENSMUSG00000031447	0.07403060554078071	0.052999228246623606	0.3542097660525876	0.32591139618095727	0.0022889626145892183	0.655024783006871	0.039539557134018403	0.07257707255932996
ENSMUSG00000086067	-0.09452084769647492	-0.1730981056883988	0.023951040254033384	-0.13999163979424872	0.11714432194233504	0.7254587572521924	-0.04027915849301473	0.24754629604743242
ENSMUSG00000102509	-0.08630210870797617	-0.05674376079542489	-0.08498287392889499	0.030024346110697014	0.05100182500942109	0.22511915097829868	0.027278294754502053	0.12564180206094802
ENSMUSG00000059397	0.021460943987756893	0.07447085108359347	-0.10783727807798438	0.045823034153674676	-0.02749419999654596	-0.8432956217654506	0.02076849204383091	-0.11928846955417678
ENSMUSG00000033825	0.011439724345392088	0.07003394473317909	0.12101464442443152	0.1320273168505237	-0.05200226942634166	-0.6741929813427575	0.03883720192296413	-0.05192171469395719
ENSMUSG00000106987	-0.00752189903731375	0.06573603482065905	-0.032704109147748836	0.15659357046410016	-0.059854661661330244	-0.544474077399739	0.011464726053598717	-0.13344642934734977
ENSMUSG00000021624	-0.022894288296078175	0.039869420719210485	-0.04041811134011939	0.19436553241599483	-0.007252398068460897	-0.5599917462200412	0.017372528881141804	-0.052306057625411684
ENSMUSG00000079092	-0.012559403009336556	0.08297620977967798	-0.27210599023187554	-0.20375733673522226	0.050300614316983266	-0.4359066524431121	0.026374636752517035	-0.06551701610724077
ENSMUSG00000066643	0.04052346402251856	0.008942535298870569	0.1509809349611475	-0.23248236044825876	-0.05611818317577859	0.8032515128639895	0.04630309549095372	0.21544129761528397
ENSMUSG00000118237	-0.00653274644028012	0.07567692981409625	-0.14973695861000164	0.10777466949487959	-0.07762644781938222	-0.734456510597263	0.007048034760967381	-0.12942048913694845
ENSMUSG00000103561	-0.00788074035941523	0.06499597614037704	0.043079413814646986	-0.016082028558700806	-0.06475241909197478	-0.656375355955567	0.012058906691902349	-0.25047837732481987
ENSMUSG00000022861	-0.012548479044657059	-0.3138498803250466	-0.09364859700654297	-0.7409281176541374	0.05234809458699535	0.8943565507733067	0.005449577927838942	0.1416147188355082
ENSMUSG00000056267	0.036915457697888295	-0.12278184052020152	0.14773804209437105	-0.026845343162410717	0.026150377868419665	0.9046168546776023	0.05103740686011293	0.1274379272640676
ENSMUSG00000003477	0.04067849808284672	0.06970176982453652	0.033590283717357984	0.2049014360541754	-0.07292379716483646	-0.8240793384068419	0.01760001615772322	-0.0915665864754073
ENSMUSG00000112600	-0.027617964279148963	0.06851991756467754	-0.042144724190338025	0.01722705868980723	-0.021361484210946746	-0.46336842947195833	0.017978344871294145	-0.09397660207793672
ENSMUSG00000106078	0.2969491975836902	-0.2794287000427017	-0.4054088245912856	-0.7404029323886272	0.24073575121131865	0.9443058702427914	-0.4140864388047047	0.13790421207943937
ENSMUSG00000087598	-0.009714967958858067	0.08720434376420183	0.08999016970350354	-0.09909766419975262	0.027589507455293316	-0.5386341669073132	0.021625279666927264	-0.12096761080576733
ENSMUSG00000022214	-0.05175297632857269	0.0992090860850649	0.051109974279587723	0.3939389719207962	0.0997422945832385	0.9420822945895723	0.0037891145679453953	0.05138895174127471
ENSMUSG00000045598	-0.1345861026406428	-0.011332423921329271	0.16230584171354526	0.33728610749369525	0.2632807501038113	0.6790327713591156	-0.029434886083623768	0.10543648932894747
ENSMUSG00000097491	0.018922084877492414	0.08402254772214103	0.26344689063698123	0.33542361146512867	-0.035379591368771855	-0.33911555521637765	0.020150297351594033	0.00268439505069068
ENSMUSG00000023913	-0.031681885040400745	-0.1502200825867462	-0.032349949099785245	-0.4027479059890426	0.023779025548239963	0.5819072850553574	0.027655287789061813	0.27024067688732967
ENSMUSG00000044148	0.06643968232423116	0.09230804589781871	0.6134752543929985	0.8663144627926247	-0.19285891145847542	-0.19036054611086942	-0.06100782464180954	-0.07775863233012129
ENSMUSG00000117069	-0.014912828560686764	-0.0636498505599585	0.09538308341443001	-0.07068956871713858	0.3691644073654233	0.7070785222149274	-0.17579918809800077	0.23407922202639533
ENSMUSG00000099722	-0.025831344154066432	0.06613954106763616	-0.1522905457651932	0.13680757992260079	-0.008710785791592124	-0.4455053548648039	0.02155097146428373	-0.16739923097126894
ENSMUSG00000076617	-0.023565222431603864	0.038979079416913746	-0.11437450363780376	0.033331732994019043	-0.05767189802758981	-0.3304939296299833	0.005747148651705447	-0.15860787338698462
ENSMUSG00000028799	-0.0051228343835119095	-0.07634987172420037	-0.04195913512541158	-0.22206007357602434	0.1224712132053431	1.0347503860400888	-0.0890329985929988	0.13040577218528301
ENSMUSG00000054408	0.0961464502205212	0.1005598098554587	0.38073098972651054	0.24951682764854316	0.007807899004255825	0.21289054118126144	0.024554629685908914	0.10041137344261923
ENSMUSG00000096344	-0.015989847965600254	0.0712638274472099	-0.165783748256152	0.015394144373980123	0.04595057750570034	-0.7774258752696682	0.01981127402157765	-0.07365270675572584
ENSMUSG00000051331	-0.025539451083606998	0.07323986569695985	-0.10734350831618407	0.22509956925716504	0.03406694573184105	-0.8420128072232934	0.00974482553507161	-0.09218583278856246
ENSMUSG00000054890	-0.00840657052300629	0.07637510906592525	-0.2560586426054734	-0.10082993041701022	-0.01845124236477432	-0.5628209242028149	0.015021852601466046	-0.09113825195164746
ENSMUSG00000042675	-0.05182800300535497	0.021794118360087333	0.11302452966014051	0.18350738205529524	0.1470087790065513	0.5145334731759859	-0.0010732256068897161	0.13813899305920482
ENSMUSG00000111387	-0.00349957090890729	0.06071420183028819	-0.12026137398628306	-0.08808244900414508	-0.12042935927847624	-0.6892414871108677	0.01557124821386409	-0.04466165352896815
ENSMUSG00000009927	-0.027094719109619136	0.09164697058361948	0.43546653023872656	0.3448380725210343	0.12928806360870132	0.6958823836248644	0.018435841676281504	0.027528127903758127
ENSMUSG00000033326	-0.06181640345063643	0.024060952407322252	0.22386367273360158	0.3176626242116652	0.0024776613680947968	0.5100030800227286	0.01841933781356742	0.12165979200883294
ENSMUSG00000075704	-0.0804027551358567	-0.09593656923337408	-0.012011839286228215	-0.13661286201523107	0.03253743808925352	0.6798556460719393	0.0004465665810560182	0.2748199144313133
ENSMUSG00000028718	0.06939082094085347	0.009902617046694685	0.24373368247316998	0.056409328022632696	-0.023632783660493484	0.7901390664759765	0.0418403181578722	0.11303624073281122
ENSMUSG00000041703	0.12627296533319377	-0.20396910305440025	-0.1899012480367907	-0.4813676066919558	0.3803135942041797	1.0096339444549236	-0.40362825108087963	0.10711973491796678
ENSMUSG00000068882	0.1292777116567818	0.05514568477174787	0.41585864978735787	0.333287240794693	0.07760977948390113	0.5293127620185178	0.033994168883314524	0.14511397726433353
ENSMUSG00000027447	-0.1102884512650217	0.038488882277462944	-0.12582482652637828	0.28537469053542086	0.04880519146616311	0.6713177009482807	0.03584890740566693	0.11719157572664618
ENSMUSG00000092308	-0.03869878048684629	0.0311472175621509	-0.04249042487045352	-0.04534394352461258	-0.04918394522601225	-0.734862972231756	0.012573283945969571	-0.1722035187887366
ENSMUSG00000002413	0.08771868249688435	0.0431111114572248	0.1672481251951079	-0.03554607845477564	0.05303333400268649	0.672750624681533	0.046559626960391266	0.16812799261175673
ENSMUSG00000029541	-0.06205751536553847	-0.02087138185842219	-0.07363483466849276	0.11279267819759314	0.010184137655100678	-0.2745491678084502	0.025784277777688776	0.07383785825440042
ENSMUSG00000117207	-0.05215321657308064	0.0453696673826402	-0.012336693497655335	0.052804567189025695	-0.1195945423504072	-0.675340740402689	-0.00637208312968407	-0.3013613354971135
ENSMUSG00000111245	0.010585815939564905	0.05248739571711084	-0.16369251259709364	0.004741326979587179	-0.04008884497836907	-0.6027753105107202	0.01072910827720717	-0.2404755404291513
ENSMUSG00000033488	0.03664152706395481	0.04451556520512458	0.04246946286083178	0.3333149328088784	0.0	0.42054894868676646	0.026427259856558694	0.15428625156720502
ENSMUSG00000058152	-0.06284540910904898	-0.23787672320205203	-0.10921270061038507	-0.6056872131578624	-0.1720962979206139	1.0112349162309653	0.0567944186783868	-0.008503433059731086
ENSMUSG00000052336	-0.04073657734486491	0.055263174642215404	-0.004362827112431633	0.09255143224379518	0.06251667628142844	-0.7604230155216197	-0.0049447051881689455	-0.042598077115645755
ENSMUSG00000034837	0.0795877874678997	0.014602131441370403	-0.35744003859458495	-0.06077033767419076	0.20059480585413914	-0.21058834222295061	-0.03777903699621458	0.03220958663441677
ENSMUSG00000091304	0.024131181427008798	0.06677267545015955	-0.09365827632639671	-0.026129142245616074	-0.07073585802744502	-0.7137634839773987	0.014410409029977367	-0.10306749763436297
ENSMUSG00000087469	-0.015864146215694604	0.06977680483887298	-0.14036674259325546	0.0030782077615901793	-0.046699934136081714	-0.7338051055060484	0.017464874275528036	-0.1319825074764212
ENSMUSG00000028003	0.07006297743374738	-0.31483160094397344	-0.20142599893602647	-0.7818974071188208	0.05569455491502399	1.0109533666828905	-0.0560648845127033	0.0461147163661266
ENSMUSG00000031633	0.22460056352045432	-0.23629850315011927	-0.1275515634590462	-0.34748518985598054	0.13994692944545614	1.0309004267668818	-0.11831905951634869	0.17518214624656958
ENSMUSG00000019338	-0.05933044625043582	0.05142709984645595	0.10824971561503871	0.13799673284611252	0.044231152692179566	0.9303300783074161	0.03420923784215183	0.08386268931470771
ENSMUSG00000026821	-0.06270202520738687	-0.027086422007307192	0.052530817913264305	-0.07637021891511456	0.05008056792599893	0.945401007050893	0.004711946455239202	0.15400304858403796
ENSMUSG00000035148	0.0032074777727018056	0.06883229074790267	-0.13864802986824531	-0.011317075181477138	-0.07040939382461256	-0.7588118621040933	0.017836328315305933	-0.0908532976500812
ENSMUSG00000087053	-0.01805251189913321	0.05904233528671727	0.23211123427053731	0.3693581181605016	-0.03275948286411466	-0.5605189030476709	0.004464305828832282	-0.10559746027122686
ENSMUSG00000024858	-0.09426641454798589	-0.06564172927461703	0.15635747586356374	-0.04429112633692379	0.023558451884291835	0.1871614628158051	0.016185085459001047	0.2782737985883913
ENSMUSG00000008140	-0.0959015726579033	-0.01566916386675219	0.08385387686922195	0.45722977648369195	0.015164475218300897	0.5887748547326346	0.0017134107127538822	0.1034236178965444
ENSMUSG00000113055	0.016474066000972454	0.06116891495542093	-0.1546563893711522	-0.033041202096887025	-0.02375023656655322	-0.7642916338948001	0.01979422566427889	-0.10967905169261892
ENSMUSG00000066122	0.012022933695281679	0.08020752458253295	-0.2014843320115431	0.008769091005450858	0.00235627103499092	-0.601346087341003	0.020685535797923538	-0.05933612937746104
ENSMUSG00000040584	0.005495451678284649	-0.06320034913829468	-0.13499202316318	-0.5480012755359728	0.011185002941644045	0.4407493064667274	0.03684992141831178	0.3741930853292787
ENSMUSG00000028960	-0.002767792869013075	0.11234194225532344	0.26728322291905054	0.2312562651683561	0.040760730303168444	0.5791273273534994	0.03118970664777911	0.0755567595661388
ENSMUSG00000029576	-0.08277350324420076	-0.03335087546676431	-0.00759104199683347	0.08646454306814755	0.09521343420168728	0.8518244252884045	-0.012644896406199896	0.1844172274045782
ENSMUSG00000014704	0.30767408303471877	-0.3517646901284028	-0.4079318273542121	-0.824927808434467	0.20775507520941286	0.9906076803743152	-0.3369395418002122	0.08166020688449516
ENSMUSG00000046321	-0.012416528568950522	-0.282142336137218	-0.13138806271442766	-0.5752305934190464	0.07282075134011959	1.0743880805445578	-0.03336353032553236	0.017252595132856888
ENSMUSG00000032449	0.13075049812741188	0.014034570971558802	0.4319480076515825	0.41940339020533907	0.06523462413799487	0.5656008181138769	0.03558930347808884	0.061166622044070036
ENSMUSG00000040987	-0.04246948467672054	0.07218564653105183	-0.03914403496758826	0.2879607986275689	-0.024972451961409837	-0.017123812775314932	0.005857721623667322	0.04669085260294517
ENSMUSG00000095789	-0.01785054497532155	-0.10244620675088759	0.011215271402548157	-0.2213001222332935	0.1486974715496625	0.868663380120729	-0.004287413617713565	0.24199031728076925
ENSMUSG00000106334	-0.021042084166539868	0.08157224005295644	-0.09979362285244532	0.09255666057145627	0.05596682334584067	-0.5751761440608091	0.018421880880471142	-0.09122313045152984
ENSMUSG00000026644	-0.03803980064610465	-0.06210961295564222	-0.12706054106874382	-0.40959491853175956	0.03689496318786875	0.19186937195912784	0.03352821109216589	0.18303280547848727
ENSMUSG00000041255	0.0106107323230267	0.07498991022980288	-0.13077671496159	0.007870577817668534	-0.024932241747913978	-0.6940968999677065	0.019913695597432723	-0.15993455662256492
ENSMUSG00000103332	0.11350131153348877	-0.011275414883773427	-0.28183129890485314	-0.1920257128441964	0.11994283884536344	0.3400647973942541	-0.03822304327214361	0.26728954774923436
ENSMUSG00000029720	-0.16405650136160915	0.04240274731765592	0.1669134822675917	0.4531600477880818	0.2273053692064138	0.5848696079441288	-0.006436690434186154	0.07016436409626754
ENSMUSG00000007655	-0.01254314486527264	-0.2664908613426224	-0.2087945018167434	-0.6807005672230468	0.03041809224910084	0.8781212512419901	-0.0028733554140887435	0.1576462090233323
ENSMUSG00000055761	-0.06927999516793111	-0.19331290409850918	-0.1638200140452346	-0.6249810651141829	-0.10162852722036443	0.9602955297664524	0.056873922326897544	0.10617148770048167
ENSMUSG00000000561	0.12413857620258821	0.0824088746670125	0.505271982589342	0.3842409913191225	0.0991093758257389	0.5431169016211471	0.027864444369007445	-0.026227299367087564
ENSMUSG00000108085	0.001042235391833679	0.07706155854984854	0.5761527552721047	0.10153596032294047	0.08568272165461178	-0.24021589582756117	0.01966801310904724	-0.05801487190482868
ENSMUSG00000020647	0.021799358274483982	-0.10368008871057771	0.03905913410505759	-0.24486346856329191	0.05183874568226403	0.9426094371677761	0.05122547472843555	0.23113905569781384
ENSMUSG00000090709	-0.027579211879533456	0.055937891793201966	-0.17255141850762262	0.07798167025140165	0.06162759829256612	-0.9166294534995229	-0.009281273300937976	-0.08804903413160511
ENSMUSG00000094804	0.018854986933689144	0.09251274279659022	-0.16463090184990967	-0.07032330537559002	0.043758871719714834	-0.610825780473123	0.02375030401938395	-0.05502383291113286
ENSMUSG00000097378	0.011109979487709865	0.0896643542549233	0.04390613547824648	0.20906143729320073	0.04585539695754237	0.7405570953332348	0.029186463549271516	0.15656673807708765
ENSMUSG00000085010	-0.049872851749185015	-0.014627528495666398	-0.1059186569832077	0.1845513139499737	-0.02763032448320398	0.39283171622698065	0.05459531130332854	0.17638981260250458
ENSMUSG00000056671	0.03646484847260873	-0.03566454402028929	0.19908137618439734	0.15835738605232416	-0.05052039139108784	0.46262560035421	0.026126465519289162	0.07092288411633181
ENSMUSG00000093658	0.00675877536485836	0.07213443591964563	-0.15323543742549	-0.022357774609312247	-0.0670259166147342	-0.7078842553095803	0.016082631534640898	-0.10088535784897733
ENSMUSG00000026754	0.06072994932397386	0.06527149722713538	0.1747553413814246	0.1686829172816631	-0.026092254025609662	0.8823255439993026	0.04710324248550113	0.07889764007105815
ENSMUSG00000110766	-0.01476489686381855	0.07178689392290832	-0.1332575301836002	-0.07936039870243247	-0.07512580116426454	-0.5661338763097646	0.014582196428611804	-0.10938559607905221
ENSMUSG00000117403	-0.2068670700266899	-0.04153145950145123	0.2743247744903908	0.30894653433285013	-0.32797969530459925	-1.2375072669571894	-0.025952225560746722	-0.27396975382058375
ENSMUSG00000038872	-0.03066478375668584	0.058665330268359205	-0.11445142198297248	-0.14867109405275156	0.04857369464122288	-0.45806378896444633	0.015664364638501516	-0.03404893810720304
ENSMUSG00000091863	-0.0011377987255528632	0.0556159897946876	-0.04678824774027425	0.09447344747369961	-0.14937767459784426	-0.6953653638047674	-0.010729432089096158	-0.24257294218645917
ENSMUSG00000031659	-0.023279086803258905	-0.17333172309215322	0.06345325300930496	-0.3767387786483031	0.0320883960452561	1.053746402089481	0.013897287141055759	0.1517280596818386
ENSMUSG00000096997	-0.08265341480673159	-0.053699860571667944	0.03437563994659461	-0.24190824674223035	0.08701056618333039	0.2176936135041717	0.008761521781470716	0.3285257012202789
ENSMUSG00000099994	0.02389440451917722	0.08451192510426495	-0.07442501364851238	0.20043259995592497	0.02361761668665806	-0.6269409111234217	0.011163176781946782	-0.2186868484032929
ENSMUSG00000085325	-0.10785430540529838	-0.07727439685663895	0.09264239393781651	0.15992866676483342	-0.23311976698830475	-0.9895306565568477	-0.035032679272878564	-0.3054234821262794
ENSMUSG00000033849	0.07229288364751375	0.14447396623414066	0.3273013186991358	0.4369359982772114	0.040613730780967375	-0.07866107366177919	0.0213187199735687	0.01475471997838318
ENSMUSG00000028125	-0.056411125125766334	0.01839150674810197	-0.09393185238300134	-0.27197198271808976	0.04385197955726223	-0.3317432800246996	0.024238095476586684	0.24313309813612866
ENSMUSG00000111933	-0.03378359853198757	0.06586266707053347	-0.18230304471507036	0.12332479848055505	0.0019125489476683466	-0.7142052122609572	0.010304401072870627	-0.1190615756525982
ENSMUSG00000109015	-0.048443143404957256	0.035378342215353666	0.027885155491237736	0.2978968586911339	0.07075543868343043	0.8254877849721477	0.028362000443305366	0.08622231601137918
ENSMUSG00000058145	-0.012584607315099656	-0.2052590623098446	0.00026641346097028284	-0.4242535276947562	-0.11599260929858254	1.0685374640992327	0.054311426508746284	0.05076796366208442
ENSMUSG00000097072	0.28976289747899725	-0.3216475145908768	-0.3880518643259192	-0.7758800388389545	0.2870982871028352	1.0169820730376287	-0.4348129040160147	0.014520430109338733
ENSMUSG00000117895	0.016084749182334046	0.09134565129901275	0.12329273918841975	0.25810275661023413	-0.037532284632144704	-0.5254082546356302	0.01830514094561746	-0.18053893571556076
ENSMUSG00000021706	0.010907196045537075	-0.053836431076116166	-0.0074722079044557965	-0.1837260199259256	0.025836679526030384	1.072864579890162	0.03559756512503859	0.15518479565097057
ENSMUSG00000102705	0.03554395181439632	0.10269519163949631	0.09571444643159951	0.08943681756989974	-0.06903504406243181	-0.4965093386565905	0.025114362680581537	-0.18567006770739874
ENSMUSG00000006740	0.13050298461816068	0.043497789669777465	0.4855835128770029	0.2700586929968993	0.023781620876803578	0.5140858269526525	0.03478026777893878	0.06939975683383297
ENSMUSG00000025370	0.03829450371828585	0.07994167826097937	-0.05913369786139174	-0.05521806550545089	-0.05020434166137916	-0.5080096403222656	0.010877433292488248	-0.06238961336211962
ENSMUSG00000024038	-0.09229807478871366	0.04989809511986674	0.20985723278844925	0.5555035641389251	0.03474377342070799	0.2653601948939918	0.016342218823722554	-0.0769278774383279
ENSMUSG00000020225	0.0021930690777558492	-0.06616505715302978	0.04884851333732979	-0.15282486594107547	0.17057195504756675	1.0451507196177614	0.0038626623481189484	0.1810417871107053
ENSMUSG00000093768	-0.028506901197022143	0.07891806745489449	-0.07863616754185822	0.08835357573632835	0.04252627578959214	-0.7128045080735191	0.015133319752466012	-0.09482921147593185
ENSMUSG00000085152	-0.09293078149829112	0.046981023406747285	0.2367784182761317	0.3991994407721484	0.11912903523198955	0.37504132090316655	0.018646973698306906	-0.0013742326798444893
ENSMUSG00000020954	0.09190676000157946	0.10123510796962416	0.18394693412799817	0.4198131196039085	0.044997276817192955	0.6930626971816587	0.04012408400991685	0.11076453377475776
ENSMUSG00000097386	0.3760421087578773	-0.11523560867495697	-0.3367694223290865	-0.43610185883014285	0.2275445417350333	0.927448369780418	-0.2472889276876338	0.251404991498373
ENSMUSG00000054387	0.02284022418983203	0.06306143821814414	0.24677839286526265	-0.077778016761091	0.04752357656416229	-0.3848682883650291	0.028721342181753175	-0.06760540102331028
ENSMUSG00000087629	0.09693255325244055	0.10606693506428932	0.534321977257292	0.8787844156199817	0.0642457464418799	-0.4898798070427939	0.0036304204674790785	-0.1352235684323916
ENSMUSG00000031881	-0.03969221168396579	0.05974541996070543	-0.16210162331660388	0.10018954897492507	-0.012739405614334644	-0.6781863474639888	0.016583555860559707	-0.05401920398474989
ENSMUSG00000001313	0.08081937197754609	-0.00972107812234646	-0.13403915233381522	0.23369553605556143	0.22347161655191689	0.9620467272302838	-0.07603049473973435	0.20108728450516383
ENSMUSG00000050815	-0.004282377770866708	0.04984308380802074	-0.13089643486570193	-0.04088965456354869	-0.09111148078039193	-0.8015508200235455	0.015499689391697925	-0.09898916905430336
ENSMUSG00000021569	0.09272491158133603	0.02664541160570484	0.37272550741765736	0.15896608438767526	0.021503467915443553	0.735958842478036	0.046717924489963515	0.09998299644620826
ENSMUSG00000106855	0.009010207247493362	0.07042348991637025	-0.13936798295530303	-0.05316369799251712	-0.07088114417124314	-0.4395415650476141	-0.0004683988727171018	-0.28184020611549354
ENSMUSG00000092019	0.027800826267998124	0.07636351361539742	-0.15378683256876674	0.09168058282482892	-0.03651702669891193	-0.47402002865187076	0.0070413842504032376	-0.24814354331641858
ENSMUSG00000101374	-0.18801187063878336	-0.10570110172878028	0.199104182645363	0.29445634569254237	-0.5218756110768685	-1.1362023652214803	-0.11133349993568863	-0.26029079410153544
ENSMUSG00000100352	-0.3018233191849298	-0.18697962516660763	0.22144786910307523	0.3121117824205127	-0.4044273808932871	-1.161145153619893	-0.17782471921391982	-0.34434797976086545
ENSMUSG00000096374	-0.1698977988878495	-0.10163961855102932	0.25432208027774433	0.4889504573196217	-0.3027069287063662	-1.0606141503577244	-0.10995061953139376	-0.3877272774687614
ENSMUSG00000026425	0.04257245493396896	-0.11713158066032654	0.07939321076403016	-0.010823526328415323	0.04258897576762084	0.9431982828685183	0.052861365411525495	0.20373440056919218
ENSMUSG00000018930	0.014622563819052359	0.07555535832217017	-0.10842986104619487	-0.05771969630505577	-0.06984536349498774	-0.7103639222976218	0.02144819865490416	-0.08034650125669426
ENSMUSG00000026825	0.03909547893850018	-0.1092125965900305	-0.07786735102396551	-0.35415856899912923	0.131669322380525	1.025009793664447	-0.09970236006361595	0.15319306089645837
ENSMUSG00000034570	-0.045595046718453075	0.03406191290401293	-0.11856984451493738	0.04913531940634137	0.037216710817008766	-0.8260332305824842	-0.020605208415163202	-0.009207291601766143
ENSMUSG00000021345	-0.01776686745766204	0.04088437729677837	-0.17916720142784917	0.015161164083090503	-0.07188337196091528	-0.7223673543789555	0.004601380043282477	-0.17928331414240709
ENSMUSG00000035311	-0.00791388116734803	-0.03784091487731749	0.06991713153748574	-0.03218288907767547	-0.0006775930848168521	0.8899200156984954	0.04360173596265814	0.19430654201718872
ENSMUSG00000049516	-0.018778349595025445	-0.003638083043502771	0.06806395471404637	0.1366060603457908	0.022880844342117394	0.8776559606833141	0.028844039663187267	0.13458176325659182
ENSMUSG00000045693	0.0034169174902871635	0.00950601930626325	-0.1074924277572391	0.39839996721112353	-0.08841414342685323	-0.8988444660719568	-0.003666893263470478	-0.32819319481902254
ENSMUSG00000049164	0.1014295036100575	0.055482225370928666	0.21423406530888436	0.32146549455163953	-0.01125773049859391	0.8482323297749448	0.047284820306418715	0.0823677616816199
ENSMUSG00000087362	0.02666909411374096	0.11412766455318316	0.001723162870084033	0.2743388385970892	0.07165368087207853	-0.3451129022818362	0.023150638315224514	-0.21435216585128253
ENSMUSG00000051403	-0.07892746595527272	-0.04233029630837651	0.07064862999810635	0.04225406309565239	0.10517968581793449	0.9194454537034071	-0.028489196567826225	0.11655170490381726
ENSMUSG00000041859	0.05196349823129474	0.047590263241494825	0.45452029975220154	0.1787770576330645	-0.004875015079496725	0.7330936697825886	0.0334984610063888	0.046893007182955464
ENSMUSG00000104653	-0.00952106463606317	0.020924122984656048	-0.18890359036996104	-0.257795352116857	0.027669158204458904	-0.29220816847404835	0.029629128130722524	0.017235583886653565
ENSMUSG00000023151	0.017407148177505216	0.06459530534555583	-0.18253819390495848	0.051336239020920625	-0.020592508975652794	-0.6917189058530433	0.01941846250810153	-0.18083288694250974
ENSMUSG00000108274	0.002916841316497387	0.08394306725578365	-0.10504120543089389	0.12984905924308512	-0.04038199669097347	-0.6503874099071735	0.015465200482492811	-0.09990164217793335
ENSMUSG00000037815	0.09880929120358732	0.058591058656702756	0.22137542894637988	0.20520441857335522	0.04052517868417227	0.6363022084851357	0.04612064486666496	0.1703878049294032
ENSMUSG00000085817	0.0012188352132533756	0.04053447988798762	-0.18961898963443438	0.02991479049368607	-0.08239808636415467	-0.6018315191781411	0.00010103289426122153	-0.24755558356727644
ENSMUSG00000094739	-0.1757876917464319	-0.04866317184723168	0.17350875151080294	0.2871893260938736	-0.4284770856263876	-1.0725115666151022	-0.051238848362305356	-0.32989455888359387
ENSMUSG00000063334	0.09717904254249414	0.08697200141256374	0.43150104079227886	0.21714316451651036	0.052644519979808756	0.6234957949163308	0.03351284207793097	0.007498987207825714
ENSMUSG00000075092	0.007103688637159378	0.05623076049774188	-0.11080816884899891	-0.03612226273768891	-0.09630391425645736	-0.6851599521919907	0.008983669636914524	-0.15840177652647144
ENSMUSG00000114921	-0.012633878836356293	0.07751800456250617	-0.21184754632025263	0.23783564649972774	-0.006533742516739216	-0.5680710805219734	0.014790382934962413	-0.13291317060015018
ENSMUSG00000085911	0.01809630577522971	0.07671620686483925	-0.061123762062639475	0.1690689827308763	-0.05813898184572686	-0.7133632849083439	-0.005686984952007479	-0.17926955998875985
ENSMUSG00000063434	-0.039106555416466675	-0.3087755545241176	-0.0675907828100623	-0.6104186073664656	-0.19000764391999148	1.0498550784513379	0.0584267652186527	-0.028085878367891736
ENSMUSG00000044461	-0.009801124598833422	-0.18575176450479788	-0.04228231780761983	-0.18753783999204351	0.1350354045785294	1.039875389333243	-0.11687099428245723	0.1542706156953085
ENSMUSG00000002799	-0.007154262800504019	-0.08974912166917003	-0.05427129860899458	-0.14405344765801706	0.23625441092979985	1.0058461754001862	-0.12751440655492705	0.1460482620251676
ENSMUSG00000112813	0.011317367162576475	-0.14848355635560542	-0.09516085622042973	-0.43008086808195534	-0.007900247748649914	-0.06966760246397077	0.02086272278475679	0.22592032101529172
ENSMUSG00000085895	-0.029605681712124444	0.05377417194498524	-0.012702665582256134	0.08747628660099713	0.045957485428447145	-0.5555076704938253	0.01719075930797076	-0.09734502601146389
ENSMUSG00000108119	0.017395429169166754	0.10505665220446156	-0.2644366419285281	0.10561757343679759	-0.0526726757917588	-0.260092635339345	0.03293191370256727	-0.12896216754327783
ENSMUSG00000027263	0.041347390496979664	-0.13040269512969266	0.3321791138507296	-0.24621829809425116	0.04804023240979529	0.7136652997868085	0.04643207826166012	0.28913497140289807
ENSMUSG00000031527	0.0656640418989586	0.07126491830869584	0.12591010921479895	0.18793654413172217	0.03956268321776002	0.9351139691920942	0.04569271825724068	0.08258372788902343
ENSMUSG00000029711	-0.09012466670132405	-0.057018584465333616	-0.01346868037978588	0.0754747249198277	0.13414992895976932	0.8333193395573849	-0.041095218593500245	0.18441235907814824
ENSMUSG00000035274	0.22322351996348688	-0.13792826218216997	-0.3349007207268084	-0.5967180400497816	0.270873219656923	0.9587021714439649	-0.41259487307302073	0.169128972611376
ENSMUSG00000031770	-0.060430697832868474	-0.1677500196805141	0.08304048281890095	-0.23271367033582147	0.06663530641241161	0.9430866981800907	-0.06856177666026389	0.19654609888700833
ENSMUSG00000020123	0.25031384127868256	-0.24294900551709983	-0.3429594534840149	-0.782080072600517	0.19012298284223492	1.0151978218067763	-0.2786614933362069	0.0590044099957516
ENSMUSG00000109193	-0.030588520791697278	-0.1546951203619549	-0.08913992095019835	-0.2772949866179895	0.05614229576159069	0.749091652082396	0.017081362124149013	0.22767778612057474
ENSMUSG00000107933	-0.0438035193474438	0.06442229383074588	-0.10181887068204437	0.05487854462001719	0.02278237322098554	-0.7075568528785645	0.0034307567722120513	-0.05577746785524039
ENSMUSG00000106044	-0.0035583954019642317	0.07254315330230901	0.08143986039676684	0.09502000784802239	0.007738205901142865	-0.691592152870373	0.015662612624915022	-0.2367919060455054
ENSMUSG00000070498	-0.0020663556229980062	-0.30543363656211814	-0.09883046254326958	-0.47491014774746404	0.12740159527475997	1.125646856224526	-0.04535673646453881	0.04235034463615892
ENSMUSG00000079555	0.11717302775892943	0.10443356880732078	0.30952714812014753	0.5260125017673967	0.06131198869485497	0.4476805552679345	0.03153625270273905	0.030481273666264075
ENSMUSG00000110242	0.015865870111879343	0.0890377920797316	-0.20638645375149514	-0.10572317104499737	-0.03013419086183143	-0.4717182772901413	0.019580363396779654	-0.08547039795883062
ENSMUSG00000102416	-0.04744384129952714	0.08159010591605687	-0.04221520267927328	0.5090292933436001	0.001729119668973711	0.45306890632744656	0.03511033958274227	0.08881745642208846
ENSMUSG00000106874	0.06519548770666472	0.10621897191646582	0.10400405103160726	0.5415845798711811	-0.010232182900275598	0.7610247126077554	0.027981065133089993	-0.006287093739593574
ENSMUSG00000100923	0.02320000660584364	0.06201273303851312	-0.08429154303488079	0.016068488216939292	-0.04363979421428462	-0.8570908402590129	0.024622195672590122	-0.10291080990113166
ENSMUSG00000108063	0.02634288218416342	0.09069067933098098	-0.10389897238200219	0.07143749732364789	-0.08248924136302772	-0.4507947848975473	-0.008204478113068903	-0.07854124034562435
ENSMUSG00000052102	-0.023158673803871814	0.0003509361455666937	0.24473735665563942	0.10720134285926657	0.0206992590687831	0.776016748644617	0.04479519499027995	0.12257276504879201
ENSMUSG00000005447	-0.09394372854159624	-0.04443407359560478	-0.03724622460243944	0.12859158321309455	0.07186801641398992	0.7664658171999575	-0.01596855869551883	0.1566219225122345
ENSMUSG00000114369	0.05612911182625431	-0.10144433845718047	0.3538267292911105	-0.2511396449220995	-0.1268878421298482	0.7797959458691346	0.05445140461679798	0.23431914434070977
ENSMUSG00000036270	-0.03463058530044871	0.06087251166037265	0.32026606001362995	0.25225169383570933	0.06048636997067322	0.34257373331993646	0.01584503395347481	0.1291580051458378
ENSMUSG00000027420	-0.002246405434882031	-0.17970191201615357	-0.10023862343758876	-0.5454972902286802	0.02151634889114102	0.9490706501177826	0.001107967962454104	0.16310393731197648
ENSMUSG00000028851	-0.015912130019942516	0.0573854041833202	0.434447320185826	0.2690586778926609	0.005390345537741122	0.5069689509759441	0.02548090282936956	0.05472891597093094
ENSMUSG00000100583	-0.06649023356214726	-0.02487161981709699	-0.0582639545274302	0.4036990102764135	0.14759185449393336	0.5862042669779016	0.015095255873534663	0.15477435673753143
ENSMUSG00000022801	0.07074933722328275	-0.03650948072151916	0.2210482600018033	-0.1852680852503139	0.03822145444088281	0.6797727035255965	0.05418804046214092	0.2803133419407498
ENSMUSG00000037725	0.06342119459752768	0.07457672286752308	0.28096639444151134	0.2560446802114375	0.0307488005212595	0.6042216333439383	0.03539866822128236	0.06098242523308459
ENSMUSG00000006611	-0.07461863868336467	-0.02532506126392264	0.0026509982647049957	-0.1787985230537495	-0.014227328930169375	0.3285514080370664	0.022947737223882526	0.179786515729927
ENSMUSG00000091809	0.0024974578087308963	0.04636413992960216	-0.1610560693191727	-0.02787842390364968	-0.06175822905465758	-0.7738735155926086	0.011947173153897303	-0.10170105674406235
ENSMUSG00000118076	-0.043013101189649024	0.052231932841396204	-0.05097911882015249	0.08358963385429194	-0.0035087305351763076	-0.5156740610667896	0.015097642659341012	-0.032395622122835886
ENSMUSG00000106137	-0.034580360375534344	0.057375120427546444	0.20667686110485908	0.4087880085781017	0.09970064381653597	-0.4233760950055517	0.0072870070076536675	-0.09524185632066674
ENSMUSG00000028927	-0.06318650338344914	-0.18744974528506197	0.045478898945182554	-0.24843950082719327	-0.001012856267711082	0.5062919076465674	0.01810078397993687	0.2530998587145286
ENSMUSG00000056973	0.009242371643559122	0.08149969870073907	-0.12183315995183813	-0.09327487326584803	-0.0323877141409531	-0.5942788140275979	0.020047416122097175	-0.12285597901448089
ENSMUSG00000038587	0.0036907537105075328	-0.03689047792742699	0.21020902990373416	0.4571590552973694	0.048682229009695356	0.6078330749131475	0.03542065591211683	0.1173748719430054
ENSMUSG00000035735	-0.045052518639089795	-0.2124391303035681	-0.028248186044624674	-0.4130190061247615	0.05052521149574218	0.5833824543385661	0.004351681087392478	0.27126987519254403
ENSMUSG00000044708	0.04527917409297408	-0.33629377760762974	-0.15528570969590696	-0.6810552029021975	0.07951093959949279	0.9110246790594496	-0.04994758488497925	0.14954731473031038
ENSMUSG00000085246	-0.02931021461098282	0.042180565912152634	0.34804993904314546	0.37310507047016156	0.07217556033558178	0.028553202374876522	0.022155785544681016	-0.07735803297311615
ENSMUSG00000078794	-0.0006881613536827702	0.03430137517334034	-0.17510055577764327	-0.036884517627180334	0.15357797021024813	0.5066517529068133	-0.028559830635337503	0.11064321984026206
ENSMUSG00000086708	0.01867185620753828	0.06091222090266066	-0.10255217444251605	0.055491007186664346	-0.0637085713000323	-0.7311756120899631	0.01630866201877279	-0.20100009326583626
ENSMUSG00000038883	0.010778191014594618	0.05644088935550928	-0.15928394110899102	-0.035941420647631034	-0.061717455484526895	-0.6446257378512454	0.004409831521331231	-0.1580441671954607
ENSMUSG00000042451	-0.051707031491508584	0.04315543114033082	0.05737313810208392	0.3370777608414267	0.0019734402732852862	-0.36656686584956066	0.014613950755959884	0.0017214755041091018
ENSMUSG00000054630	0.0035295849104728383	0.04174974612869693	-0.18928905617240246	0.08200233637882225	-0.04502550185461915	-0.6835520671894024	-0.002301467664952216	-0.20752638388017938
ENSMUSG00000021318	0.0023947295794455314	-0.04180650970681153	-0.002563421326157325	-0.2441040102479611	-0.07009664358811	1.0177661055364842	0.05467278611387013	0.12772909013246858
ENSMUSG00000114209	-0.03994863940853026	0.03139800855669661	-0.17675233294605364	-0.0699929266057447	0.0785932758204478	-0.2859283947952469	0.0400899396182621	0.04574000863514202
ENSMUSG00000003345	-0.14222352936410404	0.10536607938274423	0.187299079483285	0.8141108463147695	0.0715651905471333	0.09791297234062349	0.00906301806285792	-0.08159977074496712
ENSMUSG00000035878	0.008004891670522263	0.017409094358851553	-0.07029311400877121	-0.08770099057627623	0.03151839681709546	0.30877911786754353	0.041003376916300335	0.20174780937485795
ENSMUSG00000113273	0.02184504853102357	0.08703671743659067	-0.11438748821220676	0.24851131932730883	-0.04775054732907558	-0.6978055044058238	0.00954943492349658	-0.2064488646576016
ENSMUSG00000074651	0.3671665863992469	-0.2649140716880685	-0.36615686455976876	-0.721591158151102	0.23160412794029497	1.052971661753807	-0.33642384828174593	0.055120306689878856
ENSMUSG00000097923	-0.030157600646836386	-0.04670565092360194	-0.1684766667417521	-0.31900141545780997	0.012804137793986578	0.39911157386572516	0.04867875312761599	0.17484954528344968
ENSMUSG00000104459	0.007886294762689539	0.04774002649821164	-0.21154552032611426	-0.29835531970080253	0.056170972854165446	-0.4305064631840532	0.0239060624585747	0.03626526220221254
ENSMUSG00000058328	-0.0062961050589857015	0.06332471089445785	-0.028588432418185976	0.304859732458658	-0.1701291716563814	-0.9669870408232939	0.013425472104998915	-0.18164026956071258
ENSMUSG00000028378	-0.00990705886592691	-0.04863676213542129	0.07260803710214901	-0.021249269676795152	0.012371098642407102	0.4991879898409105	0.029882538203580132	0.22767378580420017
ENSMUSG00000116341	0.02110603000537197	0.053695134133110604	-0.13223351055767463	0.028783950231319584	-0.01530377735790911	-0.7798916136530385	0.022853038249202814	-0.18242448463405858
ENSMUSG00000002578	-0.07667997413463379	0.008070730488775435	-0.14158690606485672	0.03529130760069381	0.07466703331639367	0.14624645736204944	0.05520401645620582	0.1567094603432651
ENSMUSG00000024561	-0.005094820811292422	0.060921944849112945	0.326671393953907	0.09100823141392263	0.03407161779916771	0.5519553920404846	0.031234165944355557	0.09283406267747166
ENSMUSG00000001864	-0.02964276345900954	-0.21100578310332085	-0.03705770617682025	-0.44703540076403125	0.037753260992546805	0.8413975382271591	-0.006058410866587538	0.22703560508132598
ENSMUSG00000049866	0.10926267776807942	-0.27491616858034995	-0.18402840747766808	-0.6471777932996022	0.19646974860849836	1.0917403411424835	-0.1346445973057869	0.03249118560957448
ENSMUSG00000057409	0.07977530450038521	0.07883728449256783	0.1980731953326812	0.0929843902372341	0.0023104751345894847	0.6708296567059386	0.03833965917470171	0.10415544674276696
ENSMUSG00000109680	-0.03620969696558423	0.09723382440078865	-0.056701721998263295	0.012542117349447213	-0.030462767522511806	-0.5307273148216564	0.022182232689653646	-0.06624724946609904
ENSMUSG00000055114	-0.030979969856117225	0.05574179002035873	-0.133974349990993	-0.09770539924648475	-0.029500691796650807	-0.4864159670664898	0.019002827208783213	-0.05466081584314267
ENSMUSG00000115140	-0.02221287116124805	0.0014726074466768768	-0.11182171431907541	0.2109089979479924	-0.11703873888729305	-0.8361879069745943	-0.011271915449186043	-0.28082167940008274
ENSMUSG00000086361	0.08025904968504967	0.009193841538035541	-0.34968146021096935	0.03812505570830404	0.22900629694436714	-0.348616609070107	-0.035716591490728186	0.03968044148154652
ENSMUSG00000082751	-0.22958022885207208	-0.08582526476226882	0.22373496103455157	0.3361148204677346	-0.2501595429452498	-0.9196300170933369	-0.08692363035231693	-0.44534657979897935
ENSMUSG00000111364	-0.041902521173234605	0.07827464506231806	0.017986597674198506	-0.006410392978566715	-0.06143662524509763	-0.3586569954581496	0.019088146734717787	0.044297110851041724
ENSMUSG00000045875	-0.013463583335188893	-0.34409037501395945	-0.13343864377026138	-0.7244247024991028	0.012396032904938634	0.9896251711018267	-0.0002431217793253393	0.0802369617583322
ENSMUSG00000025132	-0.09162353962012575	-0.03925412534278691	0.2943794852526418	0.28868522204004476	0.18615448422030015	0.879984667775326	0.002748702973906836	0.08926642562794254
ENSMUSG00000023048	-0.10165928738423696	0.0640460051162672	0.2271018278150906	0.5810051243722445	0.18111081246109484	-0.11985581079091986	0.018276323693972026	-0.014021083283081714
ENSMUSG00000086139	-0.05246346067192072	0.073277462977673	-0.10078829184308075	0.1713213158483243	-0.009122804200225543	-0.2156062557770845	0.024094076919706563	-0.06532629638834526
ENSMUSG00000105520	-0.01318685556303141	0.07540011206492905	-0.12972216353596253	-0.06830273023600238	-0.059889625394377755	-0.6717933575102562	0.017614914698530493	-0.046813392563681694
ENSMUSG00000103845	-0.002077134092935168	-0.27193241040515087	-0.037617065751621825	-0.657220505362423	0.046332736398473344	0.7547453800638346	0.03035328073217381	0.2290995060303387
ENSMUSG00000031424	-0.032139994715377686	0.0016510345134987947	-0.05579890159127365	0.05260137073700544	-0.1632029833553705	-0.8542252598554966	0.005815972010831129	-0.22285513118619635
ENSMUSG00000115123	-0.04913058714348992	0.07950420541996549	-0.04205016947593809	0.1719013605425765	0.05642393201125328	0.16853174357628842	0.02629033053460436	0.04726153372045813
ENSMUSG00000091618	0.015057747925682485	0.04632250542505111	-0.060789823106500884	-0.006014697861202123	-0.08031751578161832	-0.7481856028933203	0.01923844295701252	-0.22447224953070194
ENSMUSG00000101174	0.31193201407310456	-0.2736033738520446	-0.32895039712140534	-0.7013211038951342	0.23857961354852955	1.0412418927230878	-0.3267511573629954	0.07472588043597914
ENSMUSG00000028039	0.22974576883400638	-0.169026598300691	-0.27789110161839675	-0.3739482447489285	0.2774485581801398	0.9997720587155067	-0.33122686244788363	0.18336817785384069
ENSMUSG00000001847	-0.030496349671074154	-0.0004496571673489047	0.14152585359303524	0.27443697643986753	0.0032335887868262772	0.7091701181453683	0.02156063638003159	0.14195021856196194
ENSMUSG00000040364	-0.04989479656616869	-0.147438846992813	-0.02104935163716415	-0.16551465637538615	0.09060941711743233	1.154936990262473	-0.058212460907626946	0.10381459872047277
ENSMUSG00000079563	-0.01264201064576282	0.05490104991745938	-0.1973669801848198	-0.000418712346944905	0.08310839436811	-0.5249685734770714	0.023987886226315706	-0.08286367761582772
ENSMUSG00000007338	-0.06162890404347047	0.07340897101601035	0.27574648583088285	0.45001495881038844	0.03785835128723317	0.32683213233912023	0.016238345451410785	-0.046491520816083924
ENSMUSG00000051616	-0.0027253048343078845	0.0547088420308528	-0.12072006589825225	-0.08702658684781715	-0.06461960716089778	-0.6539394040545065	0.0119578097176563	-0.15100737653548787
ENSMUSG00000037994	-0.020100843624163534	-0.12442759424197983	0.0349319765502268	-0.342181065216075	0.06485986370580656	0.5020727360738777	0.02763719435702854	0.1751767690027956
ENSMUSG00000113737	-0.04006099672938756	0.0721359314451107	-0.14689246930831998	0.08813117687967097	-0.019348536781996384	-0.49023797246617096	0.013903271396248917	-0.12247909634707839
ENSMUSG00000059205	0.012210650431709838	0.0782274342919113	-0.062459111597781475	0.031265908425002806	-0.07521145038988625	-0.5872736986397189	-0.0016983054709395207	-0.21214143552868786
ENSMUSG00000042644	-0.07577848624623998	-0.0778186762247687	0.22553654895596922	0.0790833175183858	0.06494459081140495	0.7656457377372174	0.01628851000416809	0.1433729220794867
ENSMUSG00000035953	-0.07195537144268478	0.039105218354741005	0.3003114537878308	0.42499055637551836	0.2118401776494657	0.8176981395677787	0.013251823188762613	0.052294039992040874
ENSMUSG00000108942	0.003931324080595822	0.06675696998282292	-0.16899904368316881	0.013060413959065027	-0.02980486536086171	-0.7499323422740783	0.014640954550460225	-0.09670003636377938
ENSMUSG00000103598	0.015359991435684027	0.05293610304639103	-0.17027462935164592	0.16291538521593454	-0.0070165961722098436	-0.7650819814367208	0.010981403813244854	-0.24087984955696115
ENSMUSG00000025377	-0.12430971456291229	-0.004235074318631793	0.2705179007553604	0.24256062182015378	0.10024720123422445	0.43547823254042245	0.0019318962832036266	0.06212434402955477
ENSMUSG00000115715	-0.017400865245128544	0.07167060711589265	-0.09932176014838029	0.06062907019955646	-0.04878580069717014	-0.8207366578326134	0.01780360803016623	-0.09745074690327656
ENSMUSG00000063672	0.17739936656730657	-0.13515448059128535	-0.3347202650962429	-0.4536992663732453	0.1030365403916561	0.24433562644250073	-0.14810391984712729	0.19660410213475193
ENSMUSG00000017288	0.02288283249901119	-0.007308206075339634	0.12037608297640728	0.11519248890864484	-0.004646922716586399	0.664039014097928	0.037747261587602686	0.20522505144236705
ENSMUSG00000017548	0.10882596648034945	0.02375821698996683	0.33614458875505787	0.35536377338880043	0.028423402621849343	0.864060592221988	0.05988121709905638	0.07910100788269357
ENSMUSG00000018974	-0.03287536999494592	0.0018873847077398587	0.26615441121800926	0.2636050170014158	0.0678460521935931	0.8919918585516302	0.019072816740794255	0.07845886087540692
ENSMUSG00000098164	0.01611927216019394	0.05684624950706612	-0.24777004506906788	-0.08964061908673869	0.03680241443636897	0.008673446755180357	0.037667895169242384	0.19516785291677496
ENSMUSG00000062691	-0.04218624764061052	0.03530466847232511	0.2552424761434856	0.5959014624881961	0.009884917124386964	0.38791940775797945	0.018714002043630773	0.014269608515089979
ENSMUSG00000021590	0.016931467368898945	0.08084750681878834	-0.20417929140841867	-0.05489659648364227	-0.023096168079577685	-0.4644923087003614	0.018136908391420934	-0.16434802209014915
ENSMUSG00000031703	0.09191864245166594	0.10579584747181402	0.14743275441163145	0.32597278096478066	-0.012083492010199537	0.4070747005229191	0.02583349776497728	0.1467026225767725
ENSMUSG00000024842	-0.047099683616229404	0.008983812247149836	0.021707978906746157	-0.047455906708844475	0.03422987920668392	-0.6556883726895297	-0.01216071946512392	-0.037217774443043895
ENSMUSG00000028071	-0.05320329495358243	0.015464826979575016	-0.028518515930846543	-0.11507675480767614	-0.008738258434477859	-0.482385750175676	0.004333128542527875	-0.01566533728429368
ENSMUSG00000068048	-0.029395243068133344	-0.017220665288647463	-0.1656086614503758	-0.36622737434067726	-0.018422844961283543	-0.17593689566844772	0.055122872604364666	0.2487344104700941
ENSMUSG00000029112	0.3297783138110439	-0.2971272764079577	-0.3503971995206332	-0.6727542844672699	0.3446823428095424	0.9854735508435293	-0.5523331676245499	0.03701421705703861
ENSMUSG00000106505	0.014701028123335588	0.07602366190431707	0.029847106099632807	0.135052922605924	-0.00029862026365456984	-0.613545085623569	0.015766317471173782	-0.2055960525559257
ENSMUSG00000101539	-0.1870759689354852	-0.11920265601536228	0.18176269076291396	0.21983428170260055	-0.49559005563667535	-1.111684547660143	-0.09292996417034995	-0.2808584585164288
ENSMUSG00000087184	0.3928954297430018	-0.15311705951165144	-0.34919656290198864	-0.4966840809982004	0.23783092912232603	1.0039218920069084	-0.26535634450497203	0.21187927615316124
ENSMUSG00000106426	-0.054758347760187294	0.06743369371403878	-0.07621106693971236	0.292922831152819	0.0046326174611436705	-0.3093759711961507	0.02588145705917773	-0.057101807696256925
ENSMUSG00000046991	-0.004246538334462979	0.006030151087317824	-0.03801547099425932	0.33518051902254453	0.020840177013273318	0.985117044042527	0.030518774720189445	0.07811416946002442
ENSMUSG00000107773	0.02961525283906984	0.0739618385962179	0.06661714242025614	-0.012373941043564374	0.03316116673143332	-0.8023941488862182	0.035212413205078	-0.13566930887111925
ENSMUSG00000116092	0.022537632741675924	0.09643458213294648	0.046429689703390474	0.5090195369150927	-0.07968729060612412	-0.6818796566365224	0.008518460571920627	-0.20784758753401567
ENSMUSG00000044454	-0.0010632474740478312	0.028209528178806474	-0.15042990289665162	-0.0006485888874971923	-0.03509143095578583	-0.6924945862755115	0.00737079605906313	-0.259181856202657
ENSMUSG00000116587	-0.0002824938692345125	0.03845348979816025	-0.16010112678370475	0.011996270931705617	-0.04413133350139234	-0.6136168791420509	-0.004681066781384031	-0.2351682527211877
ENSMUSG00000087033	-0.027452088993907862	0.06723224377450142	-0.13963952802146135	0.018705295328403634	-0.04019127344108711	-0.6996364842709527	0.014771017401825626	-0.11420552448422742
ENSMUSG00000021662	-0.01374695445119431	-0.31529814394228445	-0.043216162225772826	-0.5803675804366074	0.03228687954449805	0.9771807580031315	0.015124750282176826	0.12763397336742868
ENSMUSG00000114575	0.03391474447640912	0.10238819733423152	0.23062516460178262	0.5541680927369658	-0.06458056100600983	-0.44822964267699633	0.007853871331941265	-0.2263521983033714
ENSMUSG00000046337	-0.05574561049239821	-0.09198840137562572	0.07395117316914093	-0.12935496247431236	0.03186160837395285	1.0840291244236908	0.027803460696576243	0.11210384692702596
ENSMUSG00000071644	0.04529816993183093	0.10328004665446804	0.5646592683209117	0.4239605511114809	0.013121005341669559	0.22032648786281983	0.018478234940159093	-0.04613073072583673
ENSMUSG00000099436	-0.33900560494101034	-0.06813755605582283	0.2696758976478408	0.44492603189534563	-0.5268072217037454	-1.1390559980656156	-0.14678026209087036	-0.3137145481323467
ENSMUSG00000022555	-0.06150751026476891	-0.1962067415826123	0.08801867627322361	-0.2733523779508514	0.023842926609556447	0.9436968976724295	0.0038944810207588443	0.2060288341789937
ENSMUSG00000050334	0.025143609501645237	-0.3326430551240201	-0.25361127695227353	-0.6417260235743146	0.18484030789365868	1.0255535877510362	-0.15263949831748821	0.09655741527355727
ENSMUSG00000032513	-0.043731016713712906	-0.07889957998224285	0.3780566111028285	0.014570173221666531	0.005421135542507172	-0.06060606216657909	0.01994550659565345	0.06893868511838841
ENSMUSG00000085555	0.27866194092634766	-0.23948568576189347	-0.2988805760816002	-0.5190832967207315	0.33033706932230505	1.0643439696046673	-0.38020318397171593	0.04341016339726991
ENSMUSG00000063623	-0.0028482590689450455	0.08528375065456764	-0.05339094011065	0.0016982146170320678	0.11219692116117083	-0.007871828087008233	0.03136131883233364	0.17179211619454154
ENSMUSG00000079407	0.023779781794700174	0.08606193779253644	-0.14289154186842132	-0.09212377499834012	-0.011128106563129903	-0.5004134891013025	0.02125303191263057	-0.09417773342576226
ENSMUSG00000112266	-0.01017913154782488	0.07240582982616106	-0.12118847938261904	-0.044463896719262486	-0.09172176503561433	-0.7392725136786924	0.017525933725150877	-0.03409533033884564
ENSMUSG00000105852	0.08905166034480592	0.08110993250371447	0.2086414921690282	0.4065555664609792	0.024696234319929528	0.5876579469009763	0.031088534230347842	-0.03435057077407744
ENSMUSG00000097414	0.21422046314580326	-0.332739527721418	-0.21535836130854516	-0.6247290421692145	0.24768663604657626	1.0881275319420336	-0.23759859373620368	0.03033638466645025
ENSMUSG00000024922	0.14487627813570889	-0.33944729173190036	-0.15881254859532878	-0.652954213330073	0.2339246653977082	1.0653214598417386	-0.22519138578839684	0.01859277950331642
ENSMUSG00000117654	-0.013041507333553248	-0.05513578817929849	0.009926159375153393	0.11274100817437803	0.07224806916560417	0.8124230350772945	0.024166532794328486	0.17069724261768554
ENSMUSG00000073407	-0.02659696733775281	-0.09391843259321704	-0.17775112888802336	-0.3923961760127644	0.015708784349273197	-0.0539628202019555	0.04068596612844516	0.22722757286128073
ENSMUSG00000070837	0.009202701778875333	0.049701969757104794	0.38637998765169346	0.3002767021665157	-0.04683272595203139	-0.1546648857799587	0.02475697334076414	-0.08850147878823147
ENSMUSG00000058568	0.024724879745698865	0.07624798917171392	-0.027984589903222314	0.0019558738062790404	-0.10736487041249211	-0.4912047177044311	-0.014334992509535434	-0.15101823179544788
ENSMUSG00000097463	-0.06293685300489675	-0.16382629135448443	-0.00225617689222557	-0.10115673566085555	0.2051371967453454	0.9416070212741832	-0.04891769850391984	0.19471720366974513
ENSMUSG00000042167	0.09562080066030924	0.09623770294202018	0.33114945613416663	0.2063039462621051	0.021586169293726254	0.6718612662212561	0.04008159888930476	0.09249232874475906
ENSMUSG00000034424	-0.05970583315880934	-0.16092716266820664	0.16546437107957307	0.004737340396528511	0.06916520876729522	0.8393023519368429	-0.011062685423737591	0.16318651003578846
ENSMUSG00000111180	-0.013270152349822872	0.03612407579992011	0.03222207824318745	0.0320993568119395	-0.06571942983841465	-0.6430185794455695	0.0338841947904087	-0.07253822069530029
ENSMUSG00000056941	-0.07151502113645529	-0.03942598632154821	-0.08166498435936108	-0.04779663477768152	0.0997856183032493	0.6837611597264502	-0.005194129530697977	0.315878301488687
ENSMUSG00000086087	-0.024828207618749872	0.0638461373922132	-0.13979300450608037	0.04382829667528712	-0.0769558417088505	-0.6450799818677878	0.01749338684826507	-0.05969063957891749
ENSMUSG00000020000	-0.02338849499954561	-0.32263148180439455	-0.14765916484895747	-0.7677524986600788	-0.0566286451165191	0.9327309665600438	0.02520171637509966	0.0963747968128979
ENSMUSG00000110653	-0.047890409162396654	0.03437347582080793	-0.01535823828365415	0.14273004333842787	0.03326193536647354	-0.2815664098522496	0.01142064024731328	0.00011174005381515972
ENSMUSG00000020646	-0.013849253814288032	0.0629915643114457	0.07917901063281131	0.060933858086105984	-0.014419286781513175	0.7014631786668971	0.03577761353639995	0.2146848834599838
ENSMUSG00000057421	0.07640877245121092	0.09372742367442231	0.5682414643194627	0.6795508359810907	-0.1964249938500199	0.08922808795950672	-0.034360227766771466	-0.033663501793862016
ENSMUSG00000113472	-0.0322669874839462	0.04357145280576697	0.13997763231288912	0.10047134175243928	-0.03238740927519876	-0.3482121811268735	0.015995551414597575	-0.06589666940567535
ENSMUSG00000024792	0.08793189962105946	0.11863639057879631	0.28159978765417926	0.611479089179152	0.0822446749586486	0.490953060515538	0.028821649036386593	-0.05480224411181078
ENSMUSG00000046080	0.015855326791485568	0.07775357013614027	-0.219990798448036	-0.026637826792947267	0.012859162207049413	-0.48418055806448734	0.01551098146726356	-0.2456555950686816
ENSMUSG00000062995	-0.01487108398342224	-0.23000242047836897	-0.04040506880708174	-0.6555370498433876	-0.1453186392104601	0.8974234569927113	0.05243595442727868	0.1490173976087048
ENSMUSG00000022440	-0.05631920314506089	-0.0610266164276882	0.03605909939503311	0.06432831778316578	-0.004470001853245489	-0.20898503556956502	0.015392165943471276	0.11872665970645055
ENSMUSG00000092048	0.04632454564955501	0.13874709057815715	0.24042149318688227	0.1974238083640613	0.019973081829027947	-0.1833360425767406	0.010105324671442262	-0.13729422346316988
ENSMUSG00000040653	-0.01745694718907176	-0.20999987828516495	-0.08401158639578568	-0.5393144670200742	-0.0480087747798109	1.038633847542773	0.03467433297898246	0.08987210642772708
ENSMUSG00000110268	0.011491698878400292	0.06985803169342511	-0.21134740722445455	0.018788615442552194	-0.018674439169083484	-0.6718116743978578	0.015615509953627902	-0.09654184946859835
ENSMUSG00000036249	-0.034191869334347674	-0.16366100949690493	0.07352280102420532	-0.3198114693135611	0.04985385793506049	0.8855610647184934	0.015586864017688051	0.23163881824752686
ENSMUSG00000108436	0.18341535801370362	-0.33067765554418294	-0.26754374935164316	-0.7878929160786668	0.0974511824221295	0.8610014333508974	-0.07430159757912733	0.17505773211636522
ENSMUSG00000022400	0.08216862168244737	0.076156395444895	0.43436807905596025	0.3132092992045331	0.0801880410181497	0.27775742549260346	0.028154042015228642	0.10864527190344672
ENSMUSG00000116280	-0.03799630494357015	0.08848486924239618	-0.0388115511304013	0.07086917584433886	0.04220509715196217	-0.3952521818408417	0.017925889581625887	-0.12098624456377068
ENSMUSG00000031756	0.007285910135370388	0.06877236006864365	0.240206329847331	0.19078585991720268	0.06781891591268333	0.697354425579725	0.028812896027037935	0.11389723484477296
ENSMUSG00000020799	-0.07354309351247737	-0.013963303580274311	0.1317015192329014	-0.07100804574187175	0.05806466181984704	0.5047353589046444	0.019739007630036144	0.20136662198303776
ENSMUSG00000025213	0.2653729288091502	-0.033761635593139716	-0.3599533387801321	-0.20194889707695857	0.20232594737304	0.8912164408814132	-0.24045750360718726	0.22687967538517517
ENSMUSG00000106828	0.002668417083050656	0.0853994715847909	-0.06015455222802548	0.012208375559062555	0.027622672109869573	-0.6486626932243421	0.02270756461477156	-0.1584346030660077
ENSMUSG00000039130	0.04660713672824352	0.14497293732281682	0.5794070142186178	0.20735913181877344	0.0043894116032813235	-0.30084479600535546	0.01912135459578765	-0.08079938450579462
ENSMUSG00000028990	-0.018303348199749214	0.042250405643572436	0.22686674619939512	0.11666222117705193	0.06176703811383126	0.7086079003591033	0.025919446058290562	0.1521708176361179
ENSMUSG00000103719	0.0022132013734457168	0.08143903762232159	-0.1626927336613192	-0.06252632747269742	0.020709323231044595	-0.5688900237304559	0.02155290129000531	-0.14509107465362306
ENSMUSG00000079516	0.02283154239462884	0.06649798849423302	-0.16457581567989135	-0.025130407680764053	-0.034522803623448645	-0.5897388222192154	-0.004586399117807227	-0.15388448206327632
ENSMUSG00000073551	0.01664269166153291	0.06433611768258328	-0.11202430322083722	0.0011083553575768068	-0.049914677198451135	-0.8399748873942545	0.022415698326607763	-0.11608860036520614
ENSMUSG00000050217	0.016245424818068455	0.06818788845821262	-0.1415957055891203	-0.019419929981770563	-0.04934646730063717	-0.7194420836779539	0.02152767087397386	-0.13167085854650945
ENSMUSG00000068819	-0.00917679137510968	0.03907673716322932	-0.10228343108180772	0.017080398397636122	-0.042740397634221806	-0.7819793352267073	0.006584029041207806	-0.23334840160050768
ENSMUSG00000041476	-0.004252839533411823	0.04699856870479509	-0.07190247918252368	0.04378426030833784	-0.14433263414140282	-0.8048219162097509	0.011032827430459228	-0.1683701224082379
ENSMUSG00000111620	-0.030235034807097202	0.07174608964903598	-0.09308151019014164	-0.058627302573444326	-0.00802627036923842	-0.7859137328576518	0.023807608883618978	-0.04780475352182146
ENSMUSG00000118212	0.008069544936953665	0.0357569344962987	-0.12042628838141269	0.15509863529361134	-0.08248730720246761	-0.988757024963269	0.013162036504887824	-0.11186256031930338
ENSMUSG00000001472	-0.055418458748337285	0.04549006029395922	0.1924467922473708	0.22547037772524026	0.03951967644711969	0.6746781750203003	0.018533936234227635	0.11658829395791805
ENSMUSG00000104761	0.07656588902724962	0.05856517377415748	0.04922456941080986	-0.08938270873962617	0.07373871666884509	0.763667503994426	0.04699868845516487	0.18522863182334443
ENSMUSG00000108449	-0.02566577740329248	0.07933504810654413	-0.14210376115252146	0.08699562093363822	-0.042697609135706166	-0.6536044089998665	0.014822431588451535	-0.09755082987382832
ENSMUSG00000066477	0.32012716419216986	-0.2538013260764876	-0.39033481169393813	-0.6974275152761601	0.2234393690728272	0.9857513399407819	-0.3553022993117732	0.14150743322397175
ENSMUSG00000038751	-0.05761236590298544	0.03180258720192817	-0.07541312621820143	0.08989967333796717	0.0009782022181211714	-0.40093741301744085	0.019299222337119157	-0.006931611328040788
ENSMUSG00000019809	0.09084367867872285	0.13784820283841961	0.2309779652383562	0.09330130279414774	0.007145598588398139	0.39837648494469674	0.028904125951727158	0.14750572670253456
ENSMUSG00000085852	-0.04322266305863131	0.06355357493947345	-0.030421433330972067	0.3456428032294669	-0.03146693818979283	-0.14913975287857015	0.01355767705408556	0.0017628066823467958
ENSMUSG00000078737	0.029771355664273663	0.12031689983730734	0.20290263132381425	0.36241952157111507	-0.06796384243686934	-0.5232312205366053	0.007111138243241999	-0.16778991070469587
ENSMUSG00000106518	0.24453358537542158	-0.23596502738533115	-0.26780330841920863	-0.7703763919279584	0.12445766591377658	1.00650927032904	-0.15718826875147862	0.103852581924992
ENSMUSG00000002010	0.09054718835277963	0.10196712207995226	0.6306768150340043	0.633337312066004	-0.11819883769431166	0.14194305661993442	-0.027499295363229592	-0.08242096124069871
ENSMUSG00000110564	0.010005296730794129	0.07537961330817637	-0.2527186975085053	0.032768851638884336	-0.00902654019876259	-0.5705555038630901	0.012610474311572861	-0.12170459660931288
ENSMUSG00000054764	-0.012852037643289821	0.05856280580350325	-0.22263365277491728	0.2282994728586026	-0.012390267819176355	-0.08222035584625205	0.02539840326924065	-0.04495026400138648
ENSMUSG00000117487	-0.06951479915115918	0.07916652033435144	-0.16971946218603481	0.13600444432624684	0.11564563723836851	-0.21577281175039703	0.05961641370259511	0.12478605621550948
ENSMUSG00000079875	0.012336299408654413	0.04346484064384625	-0.1579030279898825	0.007061523870095288	-0.08393963101231783	-0.5845540973096465	-0.008029368040271729	-0.27246254433335243
ENSMUSG00000047221	0.03966922090353037	-0.055985277192922796	0.13706788668997258	-0.048333810775386295	-0.02006476103234256	0.9929526648207619	0.07235787528021671	0.14671416535433013
ENSMUSG00000079156	0.029441457888766183	0.07758178248905205	-0.12983935619222223	0.0670749544690333	0.009397276264292098	-0.6671223614741503	0.017609148438838255	-0.14425280995916748
ENSMUSG00000047225	0.015022639639900736	0.03803579140181444	-0.18459263923880398	-4.744736002737504e-05	-0.011836908669720696	-0.7563860603674715	0.012907369295247313	-0.1452794652917557
ENSMUSG00000031224	0.012801990527299231	-0.006109904719083958	-0.13646010416483145	-0.2789310537308824	-0.08162446218616835	0.35206873357508783	0.07578340448412578	0.27740388015435236
ENSMUSG00000074003	-0.02909852085041042	0.057566284458013546	-0.061969502205839404	-0.09684255729707394	-0.03708646425192673	-0.7627075117033636	0.01793894562159315	-0.008042613287285564
ENSMUSG00000081919	0.017943503070436	0.07063253129997328	-0.1572770724692589	0.03110425885665278	-0.0931768940474222	-0.6248444674233824	-0.00039405253954849506	-0.14656292955231728
ENSMUSG00000102658	0.017330642957164355	0.10451592451143824	-0.24155859992556367	0.02892570294310593	0.0340248331565205	-0.28472099026036785	0.05610917629800196	-0.14463413498730282
ENSMUSG00000112753	-0.02134926487477057	0.1080955570500165	-0.05848918344501339	0.16308516658843297	0.03907411996459305	-0.5229894350812198	0.017990371254854032	-0.1015201241683762
ENSMUSG00000049521	0.17250336188492782	-0.3250405503671858	-0.16154541619035095	-0.6014294646995174	0.21896721470565872	0.9912665573033638	-0.1637682909580151	0.15054324476735043
ENSMUSG00000040209	-0.03133555469854718	-0.020820434703123558	0.0994718967537691	0.19600200787766478	0.03889799636859119	0.6512541187406057	0.03226177764058974	0.21609896826343455
ENSMUSG00000063779	-0.008692795742589854	0.090480708675512	-0.27917266304767024	-0.23068099277258167	0.027357954468537542	-0.3748667507922533	0.019290342236449303	-0.10265233883228521
ENSMUSG00000091160	0.040267133130643486	0.1366830394237067	0.21663026943584232	0.6262047515704469	-0.05138271631775331	-0.43033012401376	-0.0004093560727491674	-0.14234152615211637
ENSMUSG00000078307	0.1836458154381461	-0.20197008714386339	-0.3560718554593617	-0.7029728457270418	0.18766002273433588	0.9469088643460338	-0.27943811589936823	0.16005189848156184
ENSMUSG00000079057	-0.01866731141534477	-0.22183450512962938	-0.1607235306930305	-0.6331973278019146	-0.05425340626318363	0.8687060539257514	0.023307282435318245	0.16879804787168604
ENSMUSG00000097157	0.011118357403731904	0.07589109505490979	-0.11616656431938528	-0.12851216702363383	-0.04864832219115108	-0.7137195966562767	0.029062868872343026	-0.02612430010995569
ENSMUSG00000115973	0.013642850748741655	0.06675553230837712	-0.16856767793770705	0.06907472535151826	-0.027280124069741698	-0.7996827048988714	0.010832893518724185	-0.1184500374197192
ENSMUSG00000102263	0.02231228346366107	0.08413812348735207	0.07440427132301067	0.3497211059399372	-0.07267027713330057	-0.46239889577967064	0.00039358025928848406	-0.27226137636732756
ENSMUSG00000056493	-0.08742894096974696	-0.1173342200638401	0.058162123032581434	-0.08141627537699994	0.08678478625481852	0.9799751996384631	0.005223939979282832	0.16212177597681907
ENSMUSG00000117251	0.02019408283139747	0.08475213439138822	-0.1928139527322654	-0.06579689231985922	-0.021447366256387795	-0.5567720567003217	0.014145100476838257	-0.10342361870842552
ENSMUSG00000103441	0.02213852122233784	0.07400446384855788	-0.0663342644467118	0.12798806869320506	-0.05493996372252013	-0.7146642497889051	0.009429986244116395	-0.19978042849966185
ENSMUSG00000114729	-0.10248588054783479	0.03246759607261762	0.31879062355914	0.5156065531143689	-0.1869479311496773	-0.46236682227920556	-0.12286705995567568	-0.33294296248858013
ENSMUSG00000035456	0.26084381700173903	-0.2559368464531153	-0.37242611942335185	-0.6658377247761932	0.26065991047162074	1.0008199451674016	-0.40563584801699387	0.11475432840716931
ENSMUSG00000027901	-0.017283868158135568	-0.18937616530040535	-0.07543842673140555	-0.6794152622582769	-0.10775365279741123	0.5403411328535292	0.03069731772243509	0.2647900280420186
ENSMUSG00000106497	0.006636405904954901	0.07490327350849585	0.4377476328840123	0.21506389024198475	-0.1220356452373838	-0.21510086600714717	0.013955641325697578	-0.09021194426367733
ENSMUSG00000078317	-0.03364425052634121	0.04454216000667321	-0.05490307663434965	-0.05660672500155144	-0.027061589409090647	0.8428943959084718	0.030551747716177823	0.28109104455713985
ENSMUSG00000117030	-0.014471052667025648	0.07553613194249685	-0.08774624442094855	0.2589465189911107	-0.05717460025695817	-0.43533431309620174	0.015294381881372665	-0.1032121497075219
ENSMUSG00000042046	-0.013113617191965243	-0.09347934206325825	0.10387508375824613	-0.24150710486032126	0.06091397850747867	0.8517952359748808	0.024208185800729535	0.264433137048395
ENSMUSG00000054545	-0.012832293618095838	0.07465071115471035	-0.18784922891202316	-0.030660447058512705	0.11547111476948736	-0.5943682712932831	0.004901824342283589	-0.10688725903422142
ENSMUSG00000079005	0.014747521792682735	0.08015125989004737	-0.20420978013357877	0.11661130324945765	0.0031077668307143425	-0.6320865376103515	0.016528141503125204	-0.0938930562310169
ENSMUSG00000032583	-0.031026487704608044	0.04052976045230563	-0.1186217413862267	-0.22431704366608757	0.10993919418833978	0.4790843497062253	0.010089347618366884	0.2161856252660991
ENSMUSG00000024563	0.05356530074138415	0.041024464616147636	0.11817714312725919	0.2504749204658843	-0.001301981902752436	0.9829789525670957	0.043928184839256104	0.0640597796045665
ENSMUSG00000029270	0.02229533274080714	-0.012303468987443132	0.05352480773478715	0.010065206003077297	0.0025458440042733788	0.8847679871494392	0.04154762669870203	0.194607010105579
ENSMUSG00000040985	-0.013797497256537332	-0.14276408760349293	-0.19956993480201266	-0.4788338794751917	-0.05683168349833939	0.524013807803974	0.031016786734678663	0.2727784407639322
ENSMUSG00000058979	-0.07236390351363615	-0.14243027271966327	0.13299397714947175	-0.22309936064414768	0.037263235556236715	0.850738019189115	0.005907515869296276	0.2189989955092048
ENSMUSG00000031347	0.03846189289707145	0.099091912661686	0.5697118468800798	0.7019526250385273	-0.14843628105947715	-0.32518655129175633	-0.03266909449112154	-0.10611976434106102
ENSMUSG00000103928	0.016569819471152797	0.10872511560202805	0.33803635818637834	0.5299320698542767	-0.04871535562974584	-0.3824063991584018	-0.0018462614931833432	-0.18833234006927208
ENSMUSG00000066571	0.05521376267972617	0.01544996383237636	0.15592488799493162	0.009974190698669894	0.01376120738988518	0.9546805405766331	0.057612019402561346	0.11907954485472394
ENSMUSG00000082170	-0.041884466936627625	0.012489064177126474	-0.054010378852842766	0.27563107329266084	-0.2714087441024028	-0.9807703292795522	-0.010835257770249395	-0.18145720874496718
ENSMUSG00000095134	0.00017477914856522947	0.08310872792593804	-0.18495508079189965	0.13016797353134038	0.06403942711218705	-0.8266012162875248	0.019995424106157997	-0.14943264396930897
ENSMUSG00000063765	0.026516989567545668	-0.08062134355951998	-0.20767306430347315	-0.30086160574738585	0.16536202112604903	0.05319645597640503	-0.14113963685535175	0.2148963832603036
ENSMUSG00000058690	0.06762959269671634	0.06411487946606657	0.1428031881347937	0.06033660593298141	-0.04331768763309207	0.6513260435230717	0.03839771296574718	0.19503857481606218
ENSMUSG00000114134	0.0013756337236543459	0.04095944828830546	-0.11483424287665009	-0.04789827769899006	-0.0747153789774937	-0.7382090964049003	0.01756984631091696	-0.1596312254883136
ENSMUSG00000032374	0.055410956457740405	-0.08569149478571898	0.2270834132928556	-0.12077414061572558	-0.027266878070481226	1.0294801882919231	0.07882520729607098	0.14201801999704766
ENSMUSG00000111610	0.023021558498459795	0.1125697863903636	-0.04824904160117835	0.2463285014096419	-0.03064402742315201	-0.5122264419666402	0.014169960893647804	-0.12845571783031992
ENSMUSG00000028873	-0.02246655689480248	0.08486870940729516	0.5225013562307341	0.549941844761528	0.06436174707568071	-0.19524349923540865	0.017662286650676207	-0.036824702359408164
ENSMUSG00000085133	-0.03122325931123782	0.08729031818012177	0.001065019905409137	0.2538485662937818	0.06352768653344897	-0.683558848422822	0.011521787265647628	-0.10484400567788188
ENSMUSG00000100153	-0.0030364193340849436	0.0853534512334808	0.15879205779434777	-0.0026070722909639077	-0.1661892636863797	-0.8123670469961297	0.029364442216459827	-0.09617058344051094
ENSMUSG00000029135	0.10710780418886173	-0.2752746059725061	-0.19216706996268176	-0.609210455272678	0.22251410870669777	1.0783845614346657	-0.18758511005983647	0.010833664609904925
ENSMUSG00000037613	0.013960827988009723	-0.001207777678259801	-0.11705811057048128	-0.553715883408035	0.055906347553170595	0.22137161956471843	0.037356810335610155	0.3284434134055172
ENSMUSG00000113906	0.00991572000445784	0.07710988780677133	-0.037846835540258805	0.07801248135224752	-0.12972370081016985	-0.7037452105942135	0.009744923604645739	-0.1058711802466946
ENSMUSG00000027601	0.0616852228365711	-0.05059123894910293	0.22630616442719215	0.06876968265875882	-0.0033650978780395135	1.0113917307916358	0.07007783406543949	0.09001310518261897
ENSMUSG00000023018	-0.09390001350874824	0.08931340631364539	0.351517772810116	0.42895231990275634	0.05670677275151894	0.44920624062275116	0.019246128296725118	0.09927755754726164
ENSMUSG00000027359	0.00742013009792214	-0.3080748987804716	-0.07945229712861047	-0.40711179235656475	0.12739471651376022	1.0880487065109987	-0.05720058922703049	0.1296981172652786
ENSMUSG00000064210	-0.019764568085723185	-0.108317725145063	0.09480966810496048	-0.04749007163214118	0.0042047255186770105	0.9554045791633788	0.05068188827892624	0.16678248939055534
ENSMUSG00000096229	0.015191385471903632	0.053853790197751286	-0.18626742316849995	-0.04704016675690543	-0.05583964087848819	-0.5766879918677079	0.0024827069354019793	-0.20388984542142816
ENSMUSG00000097012	-0.012905557091050871	0.017579330958279692	-0.13997246305299013	0.02363471764197437	0.0032636571016733612	0.0007995712720474113	0.01457077535011928	-0.08088044386717584
ENSMUSG00000035093	0.04391411056915774	0.018459553347901177	0.2369404718392336	-0.12909056910597458	-0.028514748164500503	0.6675757322938448	0.04814858033772436	0.23789127839586108
ENSMUSG00000042682	0.054442638517848786	0.044968635116417514	0.198409369117764	0.1376036668283494	0.010544416905962528	0.7124361265904389	0.027354401680202863	0.09943849250193063
ENSMUSG00000067206	-0.038743705531093096	0.0685655238972121	-0.13207364273080455	0.19102376364424323	-0.024615510866750734	0.2412031826516408	0.035792165593520504	0.11134068147550374
ENSMUSG00000094429	0.005479082005134028	0.038500918778580945	-0.20527403045873008	-0.0363449506576288	0.013919382393770644	-0.6808197537736737	0.018475176718346267	-0.169641636477964
ENSMUSG00000113907	0.03252696567550364	0.11788866266660024	0.02124026394371974	0.3570122129587333	0.00915088642666198	-0.6144436887473058	0.016812138839226293	-0.17759863033720213
ENSMUSG00000097031	0.005294497920580676	0.07188286429687388	-0.13524927385568739	-0.10113999656568592	-0.03353111304804427	-0.711282753483983	0.026032028746718245	-0.07850629499038314
ENSMUSG00000099411	-0.03769875692117991	0.04592099800039098	-0.08749830366138317	0.10931525683422637	-0.042870359998195745	-0.4193617194630792	0.012689313334211139	-0.02156291922361979
ENSMUSG00000051003	0.0010083765909094655	0.032744673422406445	-0.1326733280887996	0.05572968083182492	-0.11614003481643598	-0.8240229269057312	0.005410147817557305	-0.1458265749759951
ENSMUSG00000109688	-0.014301067422660225	0.08218261165379807	-0.12008971960742762	0.11163265049809999	-0.059957617673400763	-0.7204469470763383	0.017219507089459074	-0.16882100617826273
ENSMUSG00000094378	-0.030963267232512047	0.07216477980792904	0.22035159416383016	0.05938742318665149	-0.16959355959911346	-0.45456844863226564	-0.024715387911309006	-0.19922424272546785
ENSMUSG00000037336	-0.033362392114707366	-0.19072907549019552	0.031146862405323994	-0.263434555272014	-0.05789104403558356	0.6696062994551654	0.026940423279044057	0.19358236732800885
ENSMUSG00000026837	-0.019313303181968444	-0.19523210066698038	0.1388854650754675	-0.24150576358126408	-0.0888506283819631	1.0351710459436831	0.060301662025268286	0.1573114183588859
ENSMUSG00000040841	0.3408044727811713	-0.17606176605218235	-0.22303444580174075	-0.4392547177617351	0.2685623113699743	1.0762857226894216	-0.29371817669979494	0.09964942478250649
ENSMUSG00000063698	0.06738760683721114	0.13305579173298218	0.18233663580897702	0.2567495358255577	-0.04286873858385138	0.08665845554903122	0.006478654456155919	0.024569937316200507
ENSMUSG00000115072	-0.009210058063860882	0.06268495400293002	-0.20365790266155454	-0.06561437024396194	0.036073740954586826	-0.6330341622605854	0.02399574118594427	-0.1451878778445254
ENSMUSG00000027777	-0.0022236450301799104	0.06379229525097525	-0.09918324784355197	-0.3306855405416874	-0.012910102964897736	-0.5518974290003218	0.02803088514541666	0.10769336979046366
ENSMUSG00000035105	0.036091705231182325	-0.21014752214982393	-0.0959392028150727	-0.42136397654709484	0.10966644341780397	1.0661609240575716	-0.053162512508346624	0.14092735381317337
ENSMUSG00000086870	-0.002586651688365027	0.07562409262533121	-0.013069095660479677	-0.022352012124291082	-0.041707978231572476	-0.9068356095591192	0.033029452343279996	-0.08815388300965098
ENSMUSG00000100759	-0.027963437776300625	0.07135851769627558	-0.11615506629468199	-0.038820826896917245	-0.06361221461134108	-0.7716449921292328	0.017347851600770237	-0.06524482168012143
ENSMUSG00000097908	-0.10492241023956782	0.0037642886350073967	0.061920836092752986	0.20418893892313852	0.06646253468123582	0.8374036287881331	-0.0036222220522634796	0.09404239844030465
ENSMUSG00000033256	-0.06267517698202581	-0.0409797789178101	-0.05935577784424427	-0.07142115228297083	0.07956338671917033	0.7943801700196793	-0.02589262123906877	0.2581165357683627
ENSMUSG00000101701	-0.00817618105077481	0.0751672749860524	-0.21224489557883738	-0.13542136756946216	-0.023275028346413585	-0.5492578124769479	0.018688433465190557	-0.15430382485153316
ENSMUSG00000003348	-0.09409109894523382	-0.028754837147623127	0.08786812461211146	0.1691723418911763	0.06278194818450945	0.7866477389026456	-0.0039013021382736657	0.10684330685992904
ENSMUSG00000074491	0.009572972862523565	0.06331032921023674	-0.14195999378324958	-0.04900215250198355	-0.013970178677473402	-0.750752280035452	0.020955898402297852	-0.12001390941335847
ENSMUSG00000109324	-0.02416365433475076	0.06373150621442533	0.3436040078554764	0.3685384550029153	0.10846903541882356	0.7922104035196436	0.02900899137167055	0.014309423009965789
ENSMUSG00000110839	0.011559518417591508	0.05861620956937191	-0.1287286780403446	-0.007855926040194652	-0.07382961089299761	-0.6497057316114203	0.01303838801411363	-0.20473640323630676
ENSMUSG00000114461	0.01880296199197055	0.06068953659091696	-0.12579606780649485	0.08742891224624051	-0.03177671083597205	-0.7001471910523925	0.013389867775837505	-0.1956720269221877
ENSMUSG00000092575	0.012255400786503192	0.08554107558875404	-0.2774474958326788	-0.08446032206307671	0.009526407298581008	-0.34156322980300147	0.010717651544831522	-0.20421359721748014
ENSMUSG00000028099	-0.05788639679402862	-0.04646526485794666	0.3167384326481951	-0.12082317990598816	0.05310239172303082	0.6291614269681842	0.018242446377913613	0.21034974721680266
ENSMUSG00000078502	0.05169177035925761	0.09337602453987022	-0.06593496149203025	0.2904999702947989	0.04974367550321944	-0.13510342367259232	0.016960437717418453	-0.09261075700596581
ENSMUSG00000017478	-0.010789435330686548	0.017092574871103185	0.2641313210930709	0.35776586038356856	0.012640413879166028	0.7530514507787467	0.03795577596003062	0.07600162488020148
ENSMUSG00000064115	-0.08840095433865792	-0.05189606653613347	-0.14274424815982736	-0.40182386791030783	-0.07898543892955259	1.0144884709174111	0.05188837260258439	0.11748082462034098
ENSMUSG00000062526	-0.018289247741193893	-0.1892329845567081	-0.02561829157388358	-0.420774979093385	0.0625574409249383	0.9821338939307632	-0.0231087564557369	0.166821495760583
ENSMUSG00000085400	0.0072147842175122046	0.06467894254909405	-0.17106783460663685	-0.1708732206404916	0.020830575534249388	-0.4751154744404608	0.02509591506135426	-0.03397519258245408
ENSMUSG00000033498	-0.02609249768778947	0.0784650943531586	-0.11059211386280833	0.12330262529955328	0.008333523198048528	-0.8356852575651996	0.00781199588251047	-0.13812589293503588
ENSMUSG00000113913	0.009434898362232443	0.0468352328921102	-0.13273365409752572	0.003918501390350659	-0.07132961904288601	-0.8052766815651704	0.018244957800456745	-0.14378456130932785
ENSMUSG00000112353	-0.010738033703378481	-0.030556561760617048	-0.2477432189690714	-0.48303854983654554	-0.0481166798070696	-0.2059906111250213	0.014493444303669611	0.13476034413564694
ENSMUSG00000032080	-0.03693033786179411	0.05518075091105126	-0.11285036409718498	0.12978014555345255	-0.016105467131724508	-0.6841308607087172	0.010167385369688753	-0.07884537046799577
ENSMUSG00000096009	-0.014881309707553393	0.04046939223943188	-0.14557940242429	-0.07412473650437755	-0.03194320246678636	-0.7330850667811839	0.01643284600921846	-0.14098713827125536
ENSMUSG00000043279	-0.06671166697714667	-0.11494342331014037	-0.09870953938826392	0.10254915651890352	0.0952841850799061	0.5278403938430123	0.012213942463463079	0.2631666185466976
ENSMUSG00000031292	0.03713354099595755	0.06623421118361562	0.2525259614650005	0.2728310024860256	-0.27760033889774716	0.6136776788381745	0.01768675397328523	0.13850743918298633
ENSMUSG00000035057	-0.03195847233968525	-0.07325040913222217	-0.04904900757501421	-0.2570582216087927	0.015407351325748442	0.409490823738497	0.022944270005346226	0.12500682510890748
ENSMUSG00000105651	0.00824621432501027	0.07474866003485818	-0.14482602782638504	0.12698750260521469	-0.07272941506253763	-0.7632589391841956	0.01251120946952364	-0.15833008323935358
ENSMUSG00000102308	0.011497604857412913	0.06665864255972719	0.10284319807104396	0.059057161323170335	-0.0798407155542736	-0.7590972363347698	0.025350139400852855	-0.15965002007145135
ENSMUSG00000085894	0.028723254533115392	0.12337202853628398	0.4589720200228079	0.47561681608969114	0.037808119623831085	-0.5033385183865694	0.018099081525455585	-0.11057174970828405
ENSMUSG00000063089	-0.008708229856508706	0.078661365371918	-0.027654169610230154	0.1992807733105063	-0.1032349460871605	-0.8168648444907695	0.013442538905720003	-0.15049461771833791
ENSMUSG00000111922	0.03101457946355118	0.07488943410470675	-0.09709144278906578	-0.0057536865258237535	-0.008625322432682755	-0.5599950238484197	0.022782022344252324	-0.15563880751103373
ENSMUSG00000113650	-0.03538369307131911	0.07145276533946937	-0.1534265600389881	0.007993175873032277	-0.04580180376136619	-0.5749501473668196	0.01343655598804798	-0.09676417969056877
ENSMUSG00000035785	-0.027122152750850642	0.06794472185877035	-0.14260120666510936	-0.023863798297058803	-0.011881089487912028	-0.6798383819164809	0.021235232326104178	-0.0010153414499056712
ENSMUSG00000107385	0.07317118885546925	0.10905356431908474	0.3437804916148304	0.22382243477285182	0.060158170760465535	-0.09393547117674982	0.023425627782977607	-0.053983478938813834
ENSMUSG00000028382	0.02312904541715355	-0.10446014226206315	0.08836120889369191	-0.2423736969686143	0.06317437567426644	1.0595067910979408	0.04842344617634744	0.16130693655349507
ENSMUSG00000064023	-0.07831074872759802	-0.1337990594044456	0.031400832475879985	-0.04932731568256227	-0.006452126535704372	0.7149534219292796	0.011368474006674699	0.2294939841632108
ENSMUSG00000038206	0.06189820679938641	0.05822161271588568	0.07053304276149991	0.13672883589300902	-0.00958876173401113	1.0171433033493749	0.044011064058120136	0.07296046252728283
ENSMUSG00000090176	0.016755221487578163	0.055048098806046136	-0.18993236242595485	0.00558559314492757	-0.03507256428685524	-0.6368301995917779	0.012385798420956651	-0.20648452361399927
ENSMUSG00000113507	0.038651411551128646	0.09007052650387737	-0.13352697706031072	-0.10720135683798697	-0.061451879132323965	-0.34030276959439054	-0.0029530396759214206	-0.10922706066892497
ENSMUSG00000025352	0.03760201729871504	-0.23750440260074926	-0.07254708669820857	-0.32648967149700336	0.1716687470586666	1.09923559381021	-0.10770140305545657	0.12380067409599982
ENSMUSG00000003929	0.04624679443353781	0.04843491338264792	-0.017775262054647877	-0.11520039795811837	-0.002838899503543546	0.8685343878648942	0.04007419048083988	0.16570631073629036
ENSMUSG00000046367	0.006151131832027201	0.1204446848976483	0.14091084941083407	0.45535482275842143	0.07019463322559752	0.00628214185086771	0.02604006571786498	0.037686210244486325
ENSMUSG00000091474	0.11428436616428109	0.09489832350809793	0.4090027487276943	0.31864264956381344	0.034900741941281406	0.40353319283720196	0.03040715599550614	0.060144589677349015
ENSMUSG00000062110	0.029360159323787542	0.008365523799377708	0.045164144231175034	-0.004217745137657047	-0.019204896154667132	0.8965116612853089	0.04326847717009157	0.18324768588694493
ENSMUSG00000031367	0.047629493120927145	0.08495940492117769	0.21878338774704328	0.32956647834420755	-0.21062899966989068	0.6014440792489777	0.027203245307013457	0.14145813889894304
ENSMUSG00000110112	0.020025913100993758	0.09158068497452142	0.10365355819625523	0.28529883192376543	-0.023871392513997433	-0.6675432229561037	0.015192798623713644	-0.1811847133682642
ENSMUSG00000072884	-0.06146874434169401	-0.03630015122527147	-0.011040401336106065	0.11433728312598222	0.1240069535020657	0.961534430934065	-0.01256444977237823	0.13266051970110862
ENSMUSG00000032313	0.002148684829895886	-0.20747228686742275	-0.10420225887362658	-0.5368643211517795	0.07814845164665775	0.9961903337585081	-0.00931458924117573	0.1519826429459891
ENSMUSG00000115924	-0.03773294959412965	0.06013406041309019	-0.12874297673506765	0.011083474961266156	-0.000748914980261528	-0.6435249714885908	0.012614846402792625	-0.08777469617849787
ENSMUSG00000116693	-0.03777662466490812	0.06219465899635147	-0.07373081447377378	0.042134593001483076	0.022726374874413813	-0.5094124581663904	0.014941986082125047	-0.12238938687793532
ENSMUSG00000046916	0.007135563722997396	0.07642775098108744	-0.15311286629954082	-0.06540816960138018	-0.013088904466834295	-0.6410459222559419	0.022878871143612634	-0.07594617808453148
ENSMUSG00000079620	-0.028562173983468178	0.05207651235550039	-0.07434911443646361	0.09338433367122581	0.0035180832423172825	-0.690614894977595	0.014607106948535032	-0.09864532203757763
ENSMUSG00000032494	-0.09691100684287261	0.05314594755761649	0.3968390763476445	0.3068904877027709	0.13021822589393175	0.5801967317250991	0.020868410473841914	0.04408050394037211
ENSMUSG00000039304	-0.02005747749935658	0.07274661406175979	-0.12670155730764865	-0.03872974909274046	-0.03707855488916517	-0.7032839161558895	0.018625800685417082	-0.06806302321545883
ENSMUSG00000114432	0.01610610701482218	0.07405898568786647	-0.15686704227515488	-0.05434951051528354	-0.031112476651850532	-0.6951974920395161	0.020442219301118367	-0.08993158337844373
ENSMUSG00000099684	-0.28284926885604555	-0.0512718537340735	0.2747107272804269	0.442133056856209	-0.4227302178519941	-0.912920146852518	-0.14397173560979998	-0.45048016172872235
ENSMUSG00000026628	0.010670523602632008	0.04680426714529703	-0.2980731987690974	-0.12240970320956922	0.21102874342900388	-0.34631996721320774	-0.03995552479472135	-0.0013691631226153689
ENSMUSG00000031157	0.031089134418320473	0.1093392820414791	0.5337699717263567	0.6793887101445009	-0.07230244738661001	0.027372031061322567	0.013973698659781819	-0.03604348755510169
ENSMUSG00000067229	0.0009079061134942279	0.03380522152377343	-0.118438624524897	-0.07402851571330467	-0.055028376182009356	-0.7928561161037102	0.019389201569921632	-0.12378801106986118
ENSMUSG00000035964	0.34233384110636844	-0.3453760908648378	-0.28043433528507195	-0.7017429939641331	0.16871275845024963	1.0063958695237702	-0.1826637843309236	0.12863161462727682
ENSMUSG00000020149	0.11007485749890268	0.12854522373356533	0.42889647808544906	0.3530120241424906	0.06998840240114201	0.3103909070742885	0.028970383904019847	0.03908643151677355
ENSMUSG00000118114	-0.020665499399850504	0.006590126362976179	-0.12814256892422551	0.1222743901009827	-0.08642186124123406	-0.8618110983015509	-0.004200468035597897	-0.20935661638119887
ENSMUSG00000029475	-0.07264657879471709	-0.050711110930159765	-0.037802487251310746	0.046790516733092355	0.1551460489434606	0.8181677369010678	-0.053228351878888615	0.2183386467770312
ENSMUSG00000105004	-0.021535557915083325	0.030485290664144026	-0.04270432812799977	0.26102811915928076	0.09523422800986348	1.022728607549997	0.017114534237221916	0.17782002682296985
ENSMUSG00000107960	0.0044864908270189074	0.07497358677337465	-0.2252108665999454	-0.08866974741842276	-0.03078820950090542	-0.4721979660262888	0.014980025845935874	-0.09991092888550482
ENSMUSG00000040771	-0.01132876075388456	0.06531481898805422	0.3135093400301337	0.261047852620868	0.0870631795855386	0.7649157680319333	0.036126120571013415	0.0641012050712442
ENSMUSG00000055313	0.03199414609024264	0.05744818666228314	-0.06842436729033574	-0.1349399724572044	0.03262475363460406	0.3626853819713503	0.03636042070366269	0.21390486734738806
ENSMUSG00000032666	-0.005675235215536589	-0.1465832477444451	-0.012279491512620231	-0.3543567447591874	0.02057196243828948	1.0825019686388937	0.03530281047013804	0.11439183425734739
ENSMUSG00000025777	0.00705959366240505	0.09809010089962823	-0.27602751389274216	-0.19155789066977266	-0.027087815713835842	-0.30260094449170793	0.017986365883499885	0.08277665367876065
ENSMUSG00000005514	-0.06143342486038014	0.011129862826242932	0.14289757571525638	0.10771853737014477	0.03168657093022903	-0.1123624897487546	0.011157436739387372	-0.09214498926329817
ENSMUSG00000110576	0.015050062271829479	0.030565113058772953	-0.12091525685088826	0.042076041486599096	-0.037854260800713156	-0.9084754739667206	0.021984156244612137	-0.14834257757446995
ENSMUSG00000022225	-0.017597871464553553	0.06041638134532551	-0.13752426417009672	-0.16587443780504033	-0.04516927765806176	-0.5725109769099902	0.01683981863606987	-0.02104412604988211
ENSMUSG00000091430	-0.11841164368223873	-0.024553770706688516	0.02004553430301517	0.5007195017551862	0.06225153952861644	0.39974068047880446	0.014318749451289628	0.09047212202753652
ENSMUSG00000032171	-0.037027706268431035	0.08573382355846225	0.41273731774566486	0.4068283811656273	0.011099658340515406	0.4062432022774009	0.023125604852418956	-0.04072261959493387
ENSMUSG00000033831	0.0034558140816025595	0.09292147661365065	-0.23369083931138362	0.004929504793344462	-0.03086492320148022	-0.3657821436123324	0.03814079001143485	-0.06226342022932512
ENSMUSG00000039977	-0.015853480048832747	-0.10937679945900325	-0.06329277974498229	-0.5762116966079895	-0.08500378475737526	0.15274325094895222	0.02764870239725399	0.29753768336779024
ENSMUSG00000029869	0.00973294267042446	-0.08589921145893	-0.1065725905148503	-0.3480416290279305	-0.0409722114681505	0.9795948183695298	0.019451659546250694	0.1954237340427782
ENSMUSG00000030954	0.00700752066393906	0.07452233980988228	-0.15816244336884452	-0.020669538710548316	-0.05578655777185521	-0.6225818111227701	0.015115904588606505	-0.12667651318874792
ENSMUSG00000097736	0.0011934150405405464	-0.33513339512815626	-0.10242135351620729	-0.5468791682351177	-0.03289938578354481	1.1048764293068822	0.009718271061994337	0.030661734866527453
ENSMUSG00000115751	-0.00870586752489877	0.06622979310372623	0.008569179781311997	0.11711021393327838	-0.11470988954102629	-1.0432062122730865	0.04920435067277707	-0.07140045884787945
ENSMUSG00000107503	-0.03338179398272136	0.10111194112250498	-0.20667100251002665	-0.07894018406478029	0.11690447106100907	-0.3981482831957687	0.025435560715136973	-0.0788505817633011
ENSMUSG00000000183	0.05255127689280209	-0.009638368382327567	-0.22526315584333012	-0.30925833095590344	0.03400865451582117	-0.3737534077843003	0.01618630880033964	0.06886645706567875
ENSMUSG00000111853	-0.025725279944756797	0.06197531779424519	-0.1872679287829121	-0.1654219502487846	0.02003089291947577	-0.35617224706632894	0.04464783565160797	0.007255524241360778
ENSMUSG00000015143	-0.03541232966325209	-0.09404512921919399	0.17598957003231458	-0.032256158514476274	0.03476859174213192	0.8884758878115576	0.0467165943529914	0.17239171379698032
ENSMUSG00000059654	0.025443984109699443	0.06371001852886428	-0.1719382496504964	0.07821482698652196	-0.04653276723200453	-0.6678325718736671	-0.00036356830121042627	-0.13499476812800648
ENSMUSG00000085860	-0.08498768058672931	0.09822929579615004	0.260906257478541	0.5559922177532705	0.04084205369484672	0.19793446106757268	0.01373614870480333	-0.05672960858588085
ENSMUSG00000062444	0.044430063127124324	-0.207198722089873	-0.12082557130048954	-0.35119696226185926	0.09444020679049289	0.9231103152717941	-0.026719957644014358	0.22404615650892792
ENSMUSG00000032265	0.22619126277403584	-0.20877791928670406	-0.27080912410416763	-0.693104703009997	0.2296786647296695	1.0455329160366407	-0.279387244221995	0.030050621874772726
ENSMUSG00000084866	0.01717329309988255	0.06824920870158536	-0.13045470743505008	0.011341226870208554	0.012565324904479687	0.3847161265845181	0.021666095558398924	0.21134147327878539
ENSMUSG00000092626	0.061325398892770666	-0.20998199438165677	-0.12225873146063272	-0.3024959987239244	0.26809212623560785	0.7793940808701332	-0.1118985392377906	0.2649612120025785
ENSMUSG00000021361	-0.08986858724414211	-0.040487767941479354	0.1605453189252272	0.24971955881013197	0.01679318054898128	0.3319750071173338	0.010440497893674627	0.12363426439180207
ENSMUSG00000071178	-0.10463378659199798	-0.01343197213370062	0.16195372182280363	0.4010276758492969	-0.2723237987799064	-0.995854755851054	-0.059502586341203825	-0.2703896931820592
ENSMUSG00000042390	0.10869281702666267	0.10547494177910159	0.28893115317158324	0.4671148816351023	0.037155407786230006	0.6340023314520618	0.03420819184339033	0.03010280383004149
ENSMUSG00000073563	0.08158587013870205	0.03185240351893001	0.10753012748682592	0.12558464168499384	-0.009619487882648992	0.8357457997142301	0.051345838651870694	0.16121716206216077
ENSMUSG00000057378	-0.028318638848658536	-0.2654299015574846	-0.1176997192462583	-0.5928403336908207	-0.02076325825831904	1.0332616377301307	0.04432077413801325	0.053905943172121315
ENSMUSG00000109648	0.0003152050370629489	0.052040105830065006	-0.04266677236510041	-0.03611019217191132	-0.08745934052951	-0.7262781663827694	0.020126240982065852	-0.15838124586834398
ENSMUSG00000079657	-0.11326714838915483	0.04685439297042266	0.20774902664647726	0.20838676592987296	0.1332551012306449	0.06151723590420573	0.01138666444975378	0.13546593034133805
ENSMUSG00000090634	0.015600043338088017	0.08952944304197064	-0.2171442459173297	-0.11951191641427446	0.003384700850549427	-0.3355852606668904	0.016068388623569393	-0.0808202635450716
ENSMUSG00000031995	-0.003300613822644516	-0.30902381112039057	-0.036205198355754344	-0.5329988469945462	0.10761986194371169	1.0580298747098413	-0.05119294359239587	0.10818582325474974
ENSMUSG00000082371	-0.06808076303475695	0.018867273377449312	-0.1347529497430985	0.03729691303925939	-0.05618311154296957	-0.67373752264686	-0.015814629833691484	-0.21249913357528974
ENSMUSG00000004360	0.02771686000392064	0.0888580416008641	0.0681509966728139	0.42905068089183607	-0.04984650602630689	-0.7198755048849109	0.009099948056891904	-0.23291485864626688
ENSMUSG00000079259	-0.09097315220791244	-0.09310905050980882	0.16907462504524498	0.13543225904295578	0.2475673241466227	0.894286721638146	-0.04647264048471156	0.13645654191314582
ENSMUSG00000015869	-0.08163891356417326	0.06644768916274665	0.28417475647936863	0.2207757124432571	0.1465692373706912	0.21843821625364795	0.009859836035435832	0.046131139110960576
ENSMUSG00000106710	0.029284330802345177	0.07390796231084806	-0.1043005787566391	0.011815786567159092	-0.019440077157594864	-0.6511956085722759	0.017306553556289656	-0.1553718970878362
ENSMUSG00000092075	0.009034153309290804	0.06789181776734457	-0.03352985282948443	-0.03596846594027097	-0.13535556926105416	-0.646293379373523	0.014899012048441112	-0.20483182755454152
ENSMUSG00000074472	-0.01942377208852694	0.05186459219220857	-0.21190979041848856	-0.29353274503336607	0.05683122765379842	-0.043944394014994864	0.05127588290618895	0.18397709134941795
ENSMUSG00000104903	-0.00812897678597746	0.06218764887511357	0.1334384973778528	0.23796569025852332	-0.012680046740998244	-0.753786218778498	0.01257398762303611	-0.24041226518842349
ENSMUSG00000086095	-0.01592808876693342	0.05806306522255426	-0.15728004886933708	-0.1651955017164677	-0.019783540165128594	-0.5600745287761838	0.020360835754044238	-0.02381250221684613
ENSMUSG00000020907	-0.03175122686530354	0.04491707103863876	-0.20780492786760574	-0.2568802103581468	-0.043252237995540746	0.028334503754738803	0.025984746667201963	0.07516773194126727
ENSMUSG00000034761	0.024455559349660705	-0.12637605718428033	0.15658868925552027	-0.17564443240751462	0.043636719543813665	0.9467681380142493	0.04845843092288205	0.21556406909594308
ENSMUSG00000035031	0.001729139116265821	0.08250450322548694	-0.1114017140795694	-0.021329715231138077	-0.027841247464937893	-0.7123597598119717	0.019117058981982158	-0.1409219973890075
ENSMUSG00000030518	-0.014145538693300624	-0.27021323079760384	-0.021268724059364152	-0.5073414195199109	-0.02242350674070796	1.0805106424945181	0.03261378767582531	0.007047938141905519
ENSMUSG00000042532	-0.019737556206604733	0.058268502162499555	-0.15592026706348705	-0.08539331682615438	0.03198985901699717	-0.5669371350860952	0.006429205789503456	-0.03844701343033202
ENSMUSG00000115062	-0.031324889745883246	0.06157828319401393	0.29590827286518956	0.28637061066773356	0.04705370708019446	-0.5564316252881778	0.0006855783261420709	-0.10151289973638562
ENSMUSG00000110001	-0.0019621657983963647	0.0650782466243939	-0.08625601307672962	-0.15904620445994308	-0.15043370993958688	-0.48342031139978164	0.012085217453538258	0.04413651830738534
ENSMUSG00000000732	-0.09897248479637194	-0.15024691964906417	0.1745293200385204	-0.17111713609889492	0.054460850124059046	0.7866072280651746	0.009953628250492508	0.2526747019072746
ENSMUSG00000042105	0.026605889708669762	0.030690973009461102	0.07357892135387316	-0.047281593296558455	0.053579615636792394	0.6266754581208963	0.0351975973104104	0.22008588392763778
ENSMUSG00000035529	0.054959477323800965	0.06472835493876627	0.3363972893663042	0.15140143600307548	-0.011598012562366922	0.7328214065801498	0.04691367528741803	0.10530492571880044
ENSMUSG00000101275	-0.035490907406021864	0.06419720057666363	-0.16897694888049117	0.016994270870951178	-0.0285394122152317	-0.45332292025202037	0.02387651918427364	-0.13866104727973128
ENSMUSG00000113158	-0.0652843025290012	0.03064272907926857	-0.11509833306865937	-0.08148891190382133	0.03541168864601988	0.20586260179100443	0.04594080075431526	0.16265493137798717
ENSMUSG00000079685	0.01700999028566704	-0.08201263857119351	-0.02051338996423513	0.042152116990590065	0.06532362090033982	1.015974342187562	0.021280850103472974	0.12053735113817365
ENSMUSG00000107431	-0.0124875744850194	0.06624265462217399	-0.19964589746102065	-0.14250618349413235	-0.0266183670705566	-0.6065056001932507	0.019510095514636117	-0.11381796289181134
ENSMUSG00000028953	-0.046016774199100385	-0.014952435986617777	0.3408852812923855	0.19550027956836105	-0.004955049717292548	0.7749802465109469	0.023010454044309837	0.09972339829566544
ENSMUSG00000100083	-0.3845283310921076	-0.08321633469619316	0.2537275906995923	0.42800230852429966	-0.3990578102962619	-1.0433336434768155	-0.12889195087281535	-0.45287115554354024
ENSMUSG00000103348	-0.009873448739598601	0.0688283666160006	-0.18599503507088658	-0.17870965306186895	0.007328334117790103	-0.3921975252622928	0.02839437388063108	-0.052754094969395385
ENSMUSG00000107858	-0.024433228497384107	0.021007522375526527	-0.1395381595234457	0.019371074800056974	-0.05786934330450555	-0.8315418354742995	0.01656404013307955	-0.15384136816435973
ENSMUSG00000107285	-0.18449299386026077	-0.09920134797646894	0.19171168255269344	0.5367478072664374	-0.5445998518378062	-1.1915984366572878	-0.08273217776966865	-0.38570245665263275
ENSMUSG00000073795	-0.085176507428304	-0.09053548950301837	-0.03801737361113973	-0.06691899584744594	0.08387191200598883	0.33481981156712814	0.007256054561889269	0.16256380635236312
ENSMUSG00000038298	-0.025559944693824988	0.01759491775383796	0.008982311168071577	-0.11660435565647966	-0.021955585693354755	-0.42547088719896253	0.022360540423849357	-0.0865446069298548
ENSMUSG00000086909	0.025120638838740727	0.07822333937774258	-0.15616077141760767	-0.0035929670429665217	-0.024112724816036362	-0.6693947615772434	0.017523902021856757	-0.10204890083949981
ENSMUSG00000084845	0.03697924543930109	-0.06284593721332306	-0.09524518027609216	-0.1530962544846162	0.11823173685189353	0.8061970699772996	-0.05522936137250699	0.2837574680326987
ENSMUSG00000039988	0.09023008200246849	0.035085944753518165	0.1720684782112423	0.06266122832967866	0.02498031644822163	0.8079674452012582	0.05918869317872963	0.18079800408771618
ENSMUSG00000019726	0.004851202923067621	-0.07841049088348506	-0.055177086701749194	-0.3519469023286746	-0.03162233734353363	0.8715360819985737	0.04342859484892557	0.24237681283569495
ENSMUSG00000110988	-0.022661147191272924	0.06267222934620784	-0.1012367053530527	0.3213710846175678	-0.03191498116817907	-0.4826357006781415	0.017273184296475952	-0.07085731034543205
ENSMUSG00000074652	0.0326999024098381	0.04022709086424129	-0.2667778762513246	0.06089638997034852	0.21985753595166366	-0.5151506041835394	0.015521255493454237	-0.020401740738900775
ENSMUSG00000086396	0.023094858742117506	0.07685534179442562	0.3419935339824274	-0.07695783717291586	-0.2918539792377991	0.1465435806289702	-0.022284380181575025	0.14543707823672639
ENSMUSG00000035545	-0.00241203159798542	0.07631010183303912	0.4172975106179003	0.40152108317279084	0.0418050575355997	0.4980936138145925	0.022573364124249318	0.05787319399133294
ENSMUSG00000000811	0.04944681309222623	0.056704753629238824	0.17870660748185968	0.17156532841730812	-0.019702718502845773	0.7723499492968613	0.032940515977677075	0.018157196223217105
ENSMUSG00000022358	-0.0009291166899068615	-0.2523539476335823	-0.0717563831475877	-0.5592685566131302	0.027230453738278333	1.0670839285560125	-0.00544003632323608	0.08740532423917813
ENSMUSG00000110009	-0.012754900593465401	0.034766842424348486	0.012061697748817789	0.36998429465523625	0.007727386178804254	0.17306998072553645	0.025578235446205005	-0.02338010599984709
ENSMUSG00000058290	-0.01007507100963223	0.014749082435661183	0.45463420089167955	0.20139999223700591	0.03262520090526477	0.5529019878090191	0.024407332748458833	0.05442385287597893
ENSMUSG00000031227	0.011534490901029721	0.003992317701119408	-0.11779926207702467	-0.20325309217434398	0.15053767281891683	0.7519375640625703	-0.045117075709883284	0.3263625634915963
ENSMUSG00000101951	-0.059033420017120586	0.04504243077731154	-0.17507574191662206	0.04675475608643933	0.08476633206758957	-0.40455430053947217	0.017411829444544558	-0.060965970079912724
ENSMUSG00000026567	0.009165322190665421	0.09231607241601246	-0.10442487894271583	0.20362660846274552	-0.0037057636240460656	-0.5928225122483098	0.01943226520308114	-0.1649290614614273
ENSMUSG00000111852	-0.006207687428330555	0.07189601115722426	-0.14431287595736705	0.06602504188761729	-0.010374053933642489	-0.8811172965662931	0.018229695317945792	-0.08945177027793207
ENSMUSG00000021822	0.01674992438469932	-0.21019609090374525	-0.16881190493872827	-0.6788020726743854	0.04469326684023879	0.5830046171701914	-0.013154066579037366	0.26428510243067443
ENSMUSG00000107017	0.003969241060868267	0.06320046540269715	-0.12396807948568711	0.005013911781270075	-0.13045548036086269	-0.7299856572742653	0.012811270499611074	-0.15587743108621346
ENSMUSG00000103692	0.0073239209920823445	0.10225170628572747	-0.053581324173486204	0.10574132431693853	-0.0514128641456205	-0.585345762254502	0.014499493346348846	-0.1623376288682175
ENSMUSG00000040963	-0.03997093332079965	0.07011016986763373	-0.09680341592486034	0.10048229513327094	0.006321633081020961	-0.5928301712082364	0.007559506695197103	-0.1340611380897023
ENSMUSG00000030137	-0.0029872176741338186	-0.39538700441032143	-0.10729156854643951	-0.6677160048568368	0.07718222602022426	0.8881798677219862	-0.034236805749147205	0.15404894722222603
ENSMUSG00000099601	-0.30773946789984546	-0.13573699713012713	0.27424686768912476	0.407892180571868	-0.5104685801595078	-1.2692180693460502	-0.12024478296314624	-0.3491686268920733
ENSMUSG00000018865	-0.083247841516033	-0.18769108813514956	0.15368041149101208	-0.37777797562525245	0.04999535996806791	0.7463814422035924	0.015722920833230902	0.27775895155690233
ENSMUSG00000105309	0.032623246857320584	0.09400863233007728	-0.06563172851867184	-0.042060843883085716	0.07313089166203078	-0.5603192200737943	0.025740805491502594	-0.11423736021867788
ENSMUSG00000062040	0.07956676801253591	0.09793971505225249	0.24346564597457207	0.34800514809907834	0.08577064750639339	0.25349461094110065	0.030090259188715433	-0.007445154746873683
ENSMUSG00000090214	-0.0016177892480135903	0.08619599461849838	-0.0020986589517096275	0.11127515292138415	-0.047896995470249316	-0.5866276848384516	0.018883896628157287	-0.11554669303601606
ENSMUSG00000050612	-0.031029742201195525	0.0833254640017124	-0.04195106126542869	-0.046558052596916734	-0.010646547933435285	-0.4836068460935774	0.01781327415156786	-0.1172168903704625
ENSMUSG00000085582	0.014313123658442728	0.08154362824677695	-0.1513680187297355	-0.08133906576195633	-0.03543545163704388	-0.5471613845325016	0.017967421158757445	-0.11663344779366654
ENSMUSG00000022791	-0.09054755337187399	0.009664426594225617	0.19446653591222723	0.12339241138733102	0.06633396169341917	0.6160995320395829	0.011878149463196208	0.18226082751663666
ENSMUSG00000028614	0.08002157868700838	0.04204384076067324	0.5018429555886542	0.20582092940211805	-0.0166897603285161	0.39400614200747125	0.029527306492948976	0.05915880272900086
ENSMUSG00000112941	0.12710421219069806	-0.3586609480190044	-0.25431599590025267	-0.7944784500076124	0.28509595866729254	0.9622416202460244	-0.2793977213375058	0.10380217282537224
ENSMUSG00000112934	-0.04579728990328551	-0.05432118992376928	-0.12617380098447256	-0.2998706849616998	0.011320589256351266	-0.03563238540700044	0.03364473886511046	0.2590547585855789
ENSMUSG00000037625	-0.025898881920783347	-0.24035920012319437	-0.12032450401691362	-0.6501389340558376	-0.028328475736772617	0.11039423914092655	0.02434869837812592	0.2267189426706952
ENSMUSG00000021843	0.08113999644499537	0.017597129230152442	0.2605134020725854	0.10244571779633854	0.029782942083122835	0.6074923428653922	0.04798984629383094	0.2033097414060293
ENSMUSG00000085643	0.012978650399395941	0.06992381718032942	-0.13611927988157055	-0.09452912751251584	-0.07683319204092277	-0.6011855695411811	0.015129293363451856	-0.18273940406476177
ENSMUSG00000029865	-0.036587627098834195	0.06419027002888901	-0.20635378179310387	-0.07851563181413232	-0.022390222733964234	-0.6893835190179104	0.01899671294980232	-0.09519110668895586
ENSMUSG00000101786	-0.19216557727275896	-0.11407297467503283	0.12277942721246271	0.32884463474180226	-0.37829601763623955	-1.1702756993398389	-0.11501465330649256	-0.25498390360390405
ENSMUSG00000036924	0.023157623781587085	0.0920304616961113	0.0021837821127950185	0.06354035487392269	-0.07704607503856128	-0.5634880863094782	0.017287254087849	-0.2196545148142075
ENSMUSG00000004356	0.09616701055534736	0.12687753875414645	0.5544336447569757	0.24602256957648536	-0.011184103001465379	0.4162296846539012	0.017753909002592237	-0.000329110547063971
ENSMUSG00000030968	-0.006705142818768661	0.07052838730051449	-0.12479692856403292	0.0198809161959637	-0.028454614069414606	-0.8532277771341408	0.019475899539581357	-0.06766432532122019
ENSMUSG00000025503	-0.031866425077963	-0.03400233755078239	0.32189273571251975	0.14249413064711586	0.09756194341999462	0.6372521315748966	0.020127363528890014	0.1162697268014231
ENSMUSG00000085972	-0.052349470280022445	0.02689274557606501	-0.04674938922383365	0.13049775590307933	-0.0015381347767419729	-0.46109267085382494	0.016841795331084288	0.01986171342627913
ENSMUSG00000025949	0.0768565281361029	-0.02041489784079431	0.16565823676719255	-0.033433418143441425	0.08294831382777251	0.7606565348985588	0.053698178064064885	0.21975706488441968
ENSMUSG00000030472	-0.03313087293716765	0.06951273220010355	-0.08446298974250997	0.17681034363159617	0.01160056700217226	-0.7103966036615571	0.011333712644706062	-0.09589849139625102
ENSMUSG00000086310	0.030211539247687144	0.10690133097186236	0.3396648759489988	0.23160438237643896	0.12623893550194681	-0.6552519009718928	0.02808723022314656	-0.19051654711177543
ENSMUSG00000009628	0.019892679429182575	-0.10017623952794623	0.0015242848785583796	-0.07857133538982981	0.00973429747977557	1.1826474201752777	0.04324791756838455	0.11090341567682278
ENSMUSG00000030158	0.01848955325715073	0.0692361486566001	-0.10162989839327888	0.04009979407110677	-0.09619565807810007	-0.6966330554608045	0.01629212311349648	-0.17170100695468052
ENSMUSG00000030016	0.048329422994030674	-0.09964986074875615	0.2145476817680088	-0.2958149746298281	0.1017993509047809	0.9891297921724899	0.058958393308252144	0.20016429605078778
ENSMUSG00000040148	0.31271315114730275	-0.25345476704541586	-0.3501493663621863	-0.6358885206763936	0.33625425828321037	0.989972937912726	-0.5342895605361121	0.06703717062613818
ENSMUSG00000020229	-0.021173000074975613	0.06780051127719705	-0.15376360593434377	0.0793055498143002	0.013556382069411623	-0.2362385697152061	0.020835744950308665	-0.0037105000082248984
ENSMUSG00000068299	-0.018186739323077267	0.03278821926702046	0.12282407002654246	0.043476333648327474	0.04110934691959568	-0.05847532606771502	0.022249793578925103	-0.0702444063075195
ENSMUSG00000042699	0.11457432535780995	0.09712483687972008	0.5415827978604942	0.4659168284848859	0.05682714792880623	0.5020658749797889	0.02888342330028637	0.07443621085426849
ENSMUSG00000040936	-0.02231630309615296	0.046513422230554005	-0.006287357975909735	0.05494557468139581	0.012029083813086122	1.1046911890303555	0.028094940532991483	0.07613971158476947
ENSMUSG00000026313	0.004686317800726925	0.05585023342638425	0.1234355758422058	-0.08191587902422809	0.07481370855417707	-0.8219455536916211	0.028173793674720875	-0.04182630686739639
ENSMUSG00000104159	0.04676837933556015	0.04995054187140827	0.2805078163911947	0.33331179385973153	0.008551213641704636	0.14958469033657493	0.026626836962966915	0.019805632612764194
ENSMUSG00000028643	-0.09292742856411107	-0.01981896893370766	0.019642669150632865	-0.16471402235664365	0.018665371775657427	0.1777359762054102	0.022004604519479914	0.17041221021897138
ENSMUSG00000103813	-0.3170527589023926	-0.10225323420991364	0.19671979530504102	0.1636530342085818	-0.3760547005204927	-1.0025206943915546	-0.08073270423775494	-0.37561727680442847
ENSMUSG00000041774	-0.04043831711948441	0.05447416392876843	0.24682879725106943	0.15353566554237932	0.21589187524700548	-0.12517250625779675	0.008996895534528426	-0.04871190219066022
ENSMUSG00000051978	-0.003585568911086745	-0.12342456367776962	0.13127324353045922	-0.12778069836938294	0.03895223552940387	0.7026808520152755	0.03502992291253009	0.27571394246221237
ENSMUSG00000035528	-0.005795801706950432	-0.07146233246701678	-0.15739241254622519	-0.4843198272501054	0.01778990163926124	-0.04516674705298864	0.03167470373512202	0.23649653034098422
ENSMUSG00000073867	0.05312390883103145	0.09188073422241728	0.2659576315482334	0.45768783286757886	0.12846467446278542	0.611530564901654	0.028542583692698464	0.050549904432405875
ENSMUSG00000020388	-0.014941831429245045	-0.2690983747170066	-0.05440087653730781	-0.5409617037991211	0.04606020017085258	0.7298352367938693	-0.024188214970054585	0.23739136911234532
ENSMUSG00000087639	-0.016695511678228775	0.053033859005687155	0.1937511901150922	0.38427600609001067	-0.020824773905088224	-0.46929037613922925	0.02005172048978977	-0.09268546265303318
ENSMUSG00000050627	-0.029000380534858664	-0.1486380107230101	0.10360234166870909	-0.13468106357366322	-0.02229078387522765	0.9623188655087008	0.026872399768941905	0.19029593896347516
ENSMUSG00000058046	-0.004944309212437904	0.046396102530607775	-0.07084552270224102	-0.11059913777385401	-0.0030355882154242675	0.8915921212878146	0.03559372592557735	0.15161444351549064
ENSMUSG00000117868	-0.019412535941076017	0.059563983238967645	-0.1600985935417129	-0.04684271056187244	-0.019860432254268964	-0.5494718391803479	0.01837489510560586	-0.044811095465450514
ENSMUSG00000032098	-0.042237747136151034	0.05301461763131327	-0.08859026047911074	0.00218410672917677	-0.010766284861373624	-0.7750070271306602	0.003601532095705081	-0.000291232467182323
ENSMUSG00000037216	-0.09121876569651399	0.04746879514439254	-0.033630356182207	-0.1387421916804403	0.09393734018648191	0.4659144890664717	0.023752954706776814	0.0790446021115207
ENSMUSG00000102968	-0.2377821311221013	-0.0998474470373667	0.37917943240919605	0.5361075318248516	-0.5519135934438749	-1.0638269155354627	-0.1377205929286482	-0.43850117190981563
ENSMUSG00000107645	0.018100166264930606	0.0866567779092846	-0.14716898801364117	-0.07651398640983585	-0.03540516734840559	-0.5756177295262892	0.020709166842544303	-0.08986479863490505
ENSMUSG00000102916	-0.017204922360631078	0.06748756289190873	-0.14152844753174462	-0.0759168391193251	-0.03824608520774872	-0.6453732011926453	0.015585230801870686	-0.12633957411694732
ENSMUSG00000038970	-0.018832075954669476	-0.01521227317676821	0.23817605183910165	0.011377226934660046	0.008811658852734066	0.42769874652232814	0.03328465993681935	0.25607568380037554
ENSMUSG00000022507	0.0996892786087009	0.0284827253200044	0.2717769795488452	0.24012628782126208	0.07246310942957566	0.8420522747126515	0.0489794604749699	0.09604072586347388
ENSMUSG00000084056	-0.018767330048539987	0.034046367589968804	-0.03395401405742455	0.007210625482912292	-0.2123419496357835	-0.9088343400100944	0.021162449132696676	-0.13238394812719384
ENSMUSG00000004542	-0.014945946734937285	0.06909293947156411	-0.08396920725207434	0.038285787650428144	-0.10553369462945841	-0.7653567765560949	0.020170783731776498	-0.117234530107775
ENSMUSG00000046280	8.037406119087986e-05	-0.31816723779874606	-0.013460165588000136	-0.48219702913682466	0.17772456303011241	1.1036228984028416	-0.07627391067470138	0.07497366005528139
ENSMUSG00000028778	0.09446112048287039	-0.3048482895922341	-0.13316065909210179	-0.6464298445602397	0.03452782292806353	1.007523071242623	-0.041814450499264334	0.0975171383040772
ENSMUSG00000054679	-0.001482230755143643	-0.15799873012767324	-0.1668591296928615	-0.51198561060812	0.017650135374394905	0.8666441784463795	0.017907568193500346	0.21726275834013553
ENSMUSG00000116539	0.029338222003635867	0.08968050261769953	-0.15590484997300086	0.16056203146277137	-0.03452673285283143	-0.17265375215920192	0.038224286167958206	-0.10613411902186436
ENSMUSG00000039741	0.12858001681757109	-0.1758934005167812	-0.1104403433877944	-0.32844443623611513	0.3118560059685599	1.0668894637825237	-0.2369585227717359	0.1491502271830086
ENSMUSG00000081357	-0.015247179261735114	0.05814822548258213	-0.02265933515499843	0.15823141305452687	-0.16945763297129676	-0.8668731145221356	0.01551926881656418	-0.17492635679512755
ENSMUSG00000039159	0.048476856641300976	0.02091104481449335	0.11461231725859256	0.10998618015088192	0.05185599687313648	0.7622498996395254	0.04341775120495286	0.1806833404770562
ENSMUSG00000023367	-0.01577322306046995	0.05645831735134618	-0.0879912584032519	0.09424924507944389	-0.013841329262072386	-0.7851581936052077	0.014140345871554216	-0.03639507642830922
ENSMUSG00000110400	0.003627088270863943	0.08158894617621963	0.15135300814577496	0.21768696991075848	-0.02004962442176351	-0.5853386152617753	0.031257771325322994	-0.2087796421509214
ENSMUSG00000031074	0.24146628411361323	-0.28004630397373625	-0.2926571203190446	-0.6517289840130465	0.3247696718697975	1.0102656668861987	-0.42485522467035775	0.059284795630718506
ENSMUSG00000044938	-0.0009941213820506833	0.04970417591556564	-0.2954432648710433	-0.1264400007266165	0.1579725629278565	-0.39368270016893553	-0.024391535979397732	-0.016387240320782648
ENSMUSG00000073982	-0.040361940470074034	0.06982254396240539	-0.1348906122273116	-0.03688473989439811	0.13081784765869595	-0.6925925359736095	-0.012909599778677006	-0.06227195743504777
ENSMUSG00000113791	-0.016044559558504704	0.06355552212638835	-0.035522611382403126	0.10319020868660836	-0.040570443231111177	-0.6832836548844876	0.021479905926783283	-0.0888780256443906
ENSMUSG00000030905	-0.0165568677941903	-0.1826174267690545	-0.13421478170667892	-0.4646350854524442	-0.0037416768879932616	0.7540928076962741	0.02373540412942597	0.23165949842750203
ENSMUSG00000024081	0.0714361935737787	0.0687851852390393	0.5104897460522151	0.1848225610063417	-0.033198505754168384	0.3916603394350264	0.02896072202392116	0.06634528547554629
ENSMUSG00000103923	-0.03459901489432374	0.044423627955522016	-0.07578195351720281	-0.07426176592753365	0.051682969099570174	-0.438316945136352	0.020227957641846407	-0.011921920900844207
ENSMUSG00000107388	-0.03502878145299038	-0.07592840019107594	-0.13965445502843368	-0.3401617732882542	0.0624889100192953	-0.12790488215884988	0.013505659249820168	0.1393760351194739
ENSMUSG00000111963	-0.05843540291865329	0.05964684245466398	-0.20715010910985407	0.004412133624104753	-0.03292187555043626	-0.6942885862987601	0.015583480393449119	-0.1287133687050453
ENSMUSG00000052428	0.07894882892070358	0.1281517855044783	0.40933255245733574	0.3509097872524095	0.01860023897568319	0.3396220546025662	0.026870809586837442	0.011713167963355975
ENSMUSG00000107966	-0.02987228863251208	0.07549615718865843	-0.03351020289666178	0.1769986500801228	-0.016061861403828735	-0.5525629784809177	0.017188037851109172	-0.08455974596022388
ENSMUSG00000071552	-0.004755187149982465	0.07376465589491853	-0.11242561880491053	0.052183570676098016	-0.09645507941891546	-0.6597023007205337	0.01550016515670803	-0.14378825564619638
ENSMUSG00000116123	-0.0023561921904422523	0.07761133295194422	0.20590135060936665	0.15317790817697938	-0.14246896665846975	-0.536856461043619	0.017621752987969714	-0.11214383544300906
ENSMUSG00000025431	0.007488428585013862	0.035814135708421437	-0.17434147318750734	0.029334074792155423	-0.05789360268374446	-0.583902203755648	-0.0051319587789401665	-0.28701907206097294
ENSMUSG00000028127	0.04237530423487403	-0.028885511693086268	0.13171088222919938	0.005890160850267723	0.03349135812964855	0.8028837906509261	0.04694229618822444	0.1782125862138433
ENSMUSG00000086245	0.012702567017299049	-0.24098050435515597	-0.13677534783878487	-0.49622232537369787	0.09327803544067888	0.7265141157596301	-0.03562263799689396	0.23692070594922301
ENSMUSG00000118576	-0.016323917886464215	0.06503507306677205	-0.10018265282970615	-0.03751075125547464	-0.07130037223165343	-0.6220865709342093	0.01735614690633136	-0.05175165474312392
ENSMUSG00000086255	-0.02651846994315387	-0.03517507598038654	0.008644283909203104	0.19649457086949085	0.009074941246487243	-0.3379194231831607	0.01946725156902188	0.025507950603153955
ENSMUSG00000102004	0.004829164546776177	0.07225110454639098	-0.07726632510432889	-0.04124307181843852	-0.11887594055921877	-0.7561423302316708	0.019990648346350226	-0.09286721095541019
ENSMUSG00000074212	0.006433586888340321	-0.024991037094241664	0.020409490345717256	0.1522061291317049	0.028131152662419365	0.642937493334247	0.030579874957755784	0.24524225198689012
ENSMUSG00000056952	-0.025807875461496543	-0.08312879996557443	0.20801099487782906	0.07479228397758594	0.02862848573731393	0.9181222940108353	0.02690744511887001	0.12770785682213293
ENSMUSG00000021066	-0.0059394642612670134	-0.16394455629183854	-0.03535081008543596	-0.26047854758338046	0.04688255077911464	0.9921938164146057	0.0118431446194233	0.18880227212258804
ENSMUSG00000116378	0.025983462382013545	-0.1365458494499807	-0.08038160296964628	-0.15483033804182045	0.13929716251436933	0.9199358303514568	-0.07457411971541282	0.22264744024030317
ENSMUSG00000084401	0.014151480884144862	0.07144903311796462	-0.11916915156437027	-0.11792967583415069	0.05197229880538719	-0.5390614687964737	0.019571407269583715	-0.1538655385387596
ENSMUSG00000111803	-0.016756437114832087	0.0672013170979359	-0.12720267735405705	0.05695190868568716	-0.07085173901358859	-0.8433934682669787	0.023218458782449658	-0.05541288242629326
ENSMUSG00000113640	-0.1363161237306092	0.051287613176558965	0.09444697123352051	0.45804497093176927	0.15961393981642968	0.42681665724013673	0.0004441589363484155	0.05778328764395685
ENSMUSG00000013936	-0.07430290270732125	0.011011036478010994	-0.06365840326198392	-0.07321787853352646	0.04198559992931883	-0.3454098692637725	0.015937403354328382	0.09417693089963323
ENSMUSG00000044542	-0.049193536928307725	0.04971237831077492	-0.21187016390547653	0.058487827438943624	0.08844953113877103	-0.45076243518654324	0.0307166794992136	-0.012981321331727746
ENSMUSG00000050520	-0.012473064858036564	0.06452620839123452	-0.12083883160097517	0.03283969572152737	0.07181262920836431	-0.7664134898248641	0.024728523943249096	-0.11454875640896281
ENSMUSG00000098161	-0.11348436273849571	-0.06751401129528034	0.029865371345036834	0.4298348618120473	0.06622273799145997	0.6054433963992147	0.017686800791964163	0.034306992564784033
ENSMUSG00000059623	-0.03903316503617921	0.05066979435158881	-0.16838528189925844	-0.09770288195964645	0.039980844060679976	-0.5952258035895224	0.019184916583794842	-0.20241965684281354
ENSMUSG00000086727	0.0219352488103816	0.07155765244310595	-0.13693365665510016	0.04554615326848147	-0.06256285384517878	-0.669998408509815	0.014836677535280618	-0.17008531798550677
ENSMUSG00000079402	-0.0035871137278455922	-0.1572796378784809	-0.041684727439299865	-0.2787476568094567	0.0735819352913377	1.0905148019034614	0.017206450092472906	0.14708847026367625
ENSMUSG00000015176	-0.03239160252915285	0.028573151898569703	0.3580606642601746	0.3204813001781961	0.03488074660159061	0.7612798032124328	0.027191402800186615	0.03278532767376985
ENSMUSG00000025002	0.01881354942082051	0.06127052925643369	-0.10780229067547306	-0.018762400275721906	-0.07763278909659577	-0.7124218386382719	0.013522725230049493	-0.13709837558134502
ENSMUSG00000034889	-0.15762846264195915	0.0551815635614692	0.35699221613462534	0.3497091425080576	0.3074292111663248	0.47851473448405907	-0.024105448462545587	0.11323580724014543
ENSMUSG00000113283	0.003465904220219031	0.04446880846983768	-0.1450534485262834	0.004545369346315745	-0.1088663312082221	-0.756150624290207	0.0030505734375876337	-0.13641895350826527
ENSMUSG00000097740	0.011911200371681474	0.08292486110509215	-0.25919197299550684	0.4239625499468061	0.04359685497670562	-0.5663993796752999	0.03386398778580421	-0.18304735392067495
ENSMUSG00000112857	-0.04077277435740858	-0.06260459087698562	-0.030945110878713312	-0.24641173299777636	0.016579059274236696	-0.06887175538433513	0.02499564493721867	0.19957937580401544
ENSMUSG00000078619	-0.06115748093658276	-0.016046752516584384	0.08700535919583363	0.15287271997599508	0.02331361159439681	0.8675837497180322	0.016165978158978345	0.132470392543699
ENSMUSG00000115846	-0.03469621242409494	0.0637057963224678	-0.11127915743429104	0.12733950960532667	-0.006554201327497178	-0.6474132014314256	0.014912087347164931	-0.08906845935912434
ENSMUSG00000101774	-0.23824839063839431	-0.1370908136375542	0.293337439106387	0.4183104151842227	-0.42246351600761056	-1.185666930425729	-0.15586452577732404	-0.32754397295688686
ENSMUSG00000066189	-0.024235621111201405	-0.09019568040259969	-0.13878805069368186	-0.5398852030776045	-0.02897714229686911	0.2516228806250461	0.029724180023417923	0.24072009390538923
ENSMUSG00000020193	-0.00886096999536945	0.03037843152122515	-0.1152213770433627	-0.07800166770071998	-0.026736098697862715	1.1277020407622915	0.041389752451940494	0.1445791501285577
ENSMUSG00000017781	-0.038665659054082924	-0.056070589997067814	0.2544096238341902	0.01594495581235679	0.05316443125723626	0.5217100146274594	0.026552050262578435	0.19983323267292125
ENSMUSG00000041199	-0.07967566413851318	-0.0031866504709872068	0.34565481451081426	0.3609347000890845	0.020557138074819712	0.5077534676034036	0.008389981565560407	0.06645504055299178
ENSMUSG00000100708	-0.2222593858496995	-0.06804438736968108	0.10513455072921674	0.35448200561289384	-0.37535439403263215	-1.2744985940986884	-0.05710841281751594	-0.23609392631970344
ENSMUSG00000034000	-0.02545389702729321	0.06738690492841518	-0.14820453695171235	-0.006460526486492535	0.05947127816441179	-0.7174976062100218	0.01179101470834512	-0.026901621041725433
ENSMUSG00000114267	-0.03881768438197004	0.09800736754528325	0.2133712704913371	0.5215745552361175	0.04674748694529747	-0.47941851982396144	0.01733753543693034	-0.14107557885877506
ENSMUSG00000067017	0.01175631024446544	0.08729784980165094	-0.0638269984912869	-0.03850814998520272	-0.022145940267216335	-0.5059542510095666	0.019744676354725273	-0.14757964976402088
ENSMUSG00000082499	-0.009992018006491946	0.031349322838094835	-0.13342117482078458	-0.010571962632494722	-0.07610062322771156	-0.8031926190484725	0.012904371780125823	-0.12866191375146377
ENSMUSG00000003269	-0.09525268324182973	0.050397383092995324	0.36562647684997757	0.25017063830112296	0.014440946606577462	0.22105308588007241	0.0030369699822103565	-0.0005036649921801306
ENSMUSG00000075091	-0.00017923650109108458	0.051348188447861556	-0.18430258363212368	-0.013769597417820332	-0.042393709515603	-0.7598864262225256	0.011014806525827196	-0.11421330238917256
ENSMUSG00000031452	-0.02668911401512144	0.06784809201580419	-0.00889699876619058	-0.0919557779441653	-0.02970734341655629	-0.5437297415635735	0.0213179400814143	-0.07658778935730626
ENSMUSG00000081659	-0.0819008195214926	-0.02264045805988779	0.14732576131461514	0.15801678495800986	-0.26511563278456685	-0.8738140915226676	-0.044921300489104664	-0.31368110743768773
ENSMUSG00000057050	0.007587498106063529	0.04658034817871109	-0.14203201892265202	-0.0045222023067972295	-0.09148602643812294	-0.6924762705636568	0.013391531104120794	-0.19487401490625922
ENSMUSG00000022752	0.12160224571249076	0.06464549618254326	0.37457300327350695	0.3435643780009412	0.026866227070653892	0.6939503440035456	0.04257958161167528	0.04587969199987104
ENSMUSG00000092602	-0.029396959086879115	0.07569635576183273	-0.13458014583310962	-0.06866486256391194	0.02701685466172039	-0.6318720205556537	0.014938409765595462	-0.05897227071679053
ENSMUSG00000086187	-0.061666766580943624	0.004129246825142381	0.030978896528207372	0.3507029297186744	0.026241981733489537	-0.08311408386506194	0.023658399392916415	-0.004678688746012405
ENSMUSG00000116088	0.0033260965152297484	0.0701005031897173	-0.04963244056642015	0.2612480453976931	-0.09898224166924284	-0.8912412376768899	0.01838106245433171	-0.14721049547125875
ENSMUSG00000087196	-0.003215663777738742	0.0791508187731192	-0.04008986229118224	0.030783935314427857	0.01193679020678995	-0.6510651083407284	0.023412951734549447	-0.13577777417324985
ENSMUSG00000086582	-0.004685183975124518	0.037843906949882405	0.10450903261191545	0.13277546957217942	0.027377928839095178	0.7363301912940731	0.033715750665207884	0.13733036996776224
ENSMUSG00000021078	0.03980402305420247	0.07827341398358836	0.006453475721502067	-0.2560774049713962	-0.04321662044733811	0.02000573469866795	0.03448244864515715	0.32681698661977315
ENSMUSG00000097268	0.01702457464513063	0.09178214576421055	-0.23964795710387007	-0.1408778513678606	0.0671121451514772	0.6410096900260146	0.06492322133919984	0.2825018256490949
ENSMUSG00000050134	0.01821805741837374	0.06758177447163419	-0.19090481554463204	0.003261327599115349	-0.035886409816018885	-0.6146565350834922	0.006983538609745684	-0.14009842917297194
ENSMUSG00000079031	0.031374873165836654	0.08244602559679298	-0.10706955640008285	0.03226051576472719	-0.006864941438748051	-0.4252436964276729	0.020689757355815713	-0.25257091147195104
ENSMUSG00000059379	-0.125594219908722	-0.015363082962028936	0.07515837497756774	0.08377007072861975	-0.20304591939889582	-0.9055970613817522	-0.006979067171333231	-0.22372171066927948
ENSMUSG00000021264	0.05782787457215552	0.09233752023758128	0.2054144280453621	0.6015412621480342	0.0859394254691783	0.6337928981465889	0.02915163244049257	0.08219141587817168
ENSMUSG00000049422	-0.100779400528804	-0.08435939714605899	0.017774706869279042	0.1349551021434019	0.19130774290364513	0.5031072707844457	-0.006597758791178299	0.14416504846040223
ENSMUSG00000014074	0.0580996350370564	0.07016326684028004	0.10362569385319645	0.1604430674490302	0.10663515084477214	0.8719506772095124	0.04321690746979345	0.12650203397244877
ENSMUSG00000046711	-0.1009597218026069	-0.025865251445926996	0.09543457218897149	0.3865140699165802	0.21827728579082753	0.8820795260542523	-0.030567064758429383	0.09560668753930601
ENSMUSG00000113161	0.041580467961314184	0.13284207587574232	-0.20873923596767194	0.23281766423957517	-0.0010373206763176941	-0.11916613496549247	0.027512258660044125	-0.13183850012684695
ENSMUSG00000027335	0.22990055668912457	-0.3326135047817966	-0.3481247315789055	-0.8345658780989377	0.24249670679601912	1.0179113755176343	-0.3176107701041418	0.0018596168280967662
ENSMUSG00000022860	0.00420863373188783	-0.02864437780761327	-0.20199303073542493	-0.5858944323124354	0.0025110132185203193	-0.05142784670291375	0.03388555144783556	0.272286366324759
ENSMUSG00000046330	-0.06929714879220045	-0.0585030329163838	0.40570920462671983	0.18257450366058625	0.23818335479393252	0.8895893174851012	0.007999562018247586	0.08684542876572397
ENSMUSG00000020116	0.06926062975621877	0.07588805399551983	0.39339073955832177	0.23045385324299966	0.02328433829668297	0.7272448474503376	0.03606562542661083	0.05592232070318273
ENSMUSG00000106555	-0.05304787469551275	-0.10724796582964516	-0.007358509754783693	0.01305266738764717	0.10829865725515171	0.9586118699628827	-0.008335350352061533	0.1783814216736029
ENSMUSG00000101628	-0.03387264940416747	0.08723141440648739	-0.11706331417109364	0.0031993071725008315	0.05373157823044057	-0.5364636168322745	0.018466970824850867	-0.10308426344817624
ENSMUSG00000109708	0.038531345590168915	0.1266324163237857	0.16614980329280676	0.3163878516408524	0.006324316816125669	-0.607057585990355	0.004295916229836383	-0.14183733252679837
ENSMUSG00000095390	0.013373926580534708	0.05047220668658853	-0.15771527104353314	-0.04028634106518278	-0.031363174584861736	-0.6305879555048265	0.011812836285030048	-0.22238455774681204
ENSMUSG00000020893	-0.10793134055114513	-0.08339132629307694	0.050573348975042155	-0.017998606620836965	0.1593694713593545	0.8174080353827998	-0.02543762987200807	0.13799773594934162
ENSMUSG00000043059	-0.1527539725515425	0.04173282414811786	0.24114011815146352	0.5051898325631103	0.24447157524874946	0.5300777403151183	-0.015184361315880412	0.10446747214509071
ENSMUSG00000055835	-0.04171670071337119	0.09326110761745232	0.122011638022552	0.25369084643129186	0.08575407434512998	0.7329314182126916	0.017294117002857077	0.08651365909818441
ENSMUSG00000102874	0.0201399026066732	0.09860253537945167	-0.17723253362604036	0.09079516288269135	0.0301693515309682	-0.4889550528413118	0.021877270015486817	-0.1929297303256623
ENSMUSG00000109976	0.014257734810809164	0.07563636716120786	0.021097658029105532	0.3332647933418135	-0.08542076907862788	-0.6188587505617954	-0.021572417300295577	-0.28809542753105916
ENSMUSG00000032470	-0.05701950810325651	-0.2209269772162183	0.13462222256123357	-0.2925255752405829	0.1673690951455775	1.0081948893397699	-0.08629792845106962	0.16338295820905674
ENSMUSG00000054453	-0.04655703054118756	-0.0008538771351107588	-0.0074762101481009495	0.05471028392123103	-0.1785384491334575	-0.9483088500748932	0.008739162798165187	-0.16581900686163073
ENSMUSG00000055652	-0.018942925488183087	-0.04629223115261139	0.1402942216511187	-0.018597746983834318	-0.04935347944025192	0.762726980355915	0.05055928569931591	0.21111256538508458
ENSMUSG00000064294	-0.019582363968565383	0.0673966488900231	-0.14337165509159192	0.07620095842411548	-0.04746592291883528	-0.5472179123134888	0.016066877360102927	-0.1281911973470887
ENSMUSG00000117118	0.0011140505666343836	0.07067211109136042	-0.09370475884284082	0.12151438249971132	-0.08246527760637612	-0.88605513809894	0.01954436960953859	-0.11473331989443834
ENSMUSG00000026321	0.004939774147310921	-0.3384619670508337	-0.17719523851988622	-0.7426501263486285	0.12497323247353724	0.9890544437252342	-0.06023530153939135	0.09510768436174526
ENSMUSG00000099393	-0.22076192606050235	-0.12878513884946752	0.18616865006548577	0.391901400635719	-0.3999489490715318	-1.1262621375158948	-0.14304274149129437	-0.35308845356730767
ENSMUSG00000039131	-0.0008366012832615732	-0.23944236614145392	-0.0960472172466064	-0.3427875704787709	0.05243403132534388	1.0505615224681304	-0.014076279532651061	0.14627030470152882
ENSMUSG00000104708	0.0072605539096251	0.06990976072743893	-0.0916834569815015	0.10548369327031998	-0.11637972685197871	-0.6419690960386087	0.012484358154572606	-0.12976045265470806
ENSMUSG00000106398	-0.0099145185282809	0.05773295936101316	0.09872411568226333	0.19619921989907316	-0.13985160252874013	-0.8358749297363905	0.00783100309684448	-0.20061506321166056
ENSMUSG00000087578	-0.020249565560419014	-0.0988091952805144	-0.04488026123370958	-0.3120026620496698	0.1799505190163026	0.7772898880894439	-0.0897864160907644	0.27234778816182437
ENSMUSG00000051678	0.03901945066731415	-0.02754113787875435	-0.27884828848650506	-0.5104310745249019	0.0486046683900897	0.008587864700574321	0.027095749066940625	0.24416605931906069
ENSMUSG00000109776	-0.006974226524967486	0.04038100562701814	-0.13217203404268849	0.2549347373272466	0.09649782166762895	0.7321377333912706	0.04149315894419104	0.1588210873148326
ENSMUSG00000090358	0.0347337871470186	-0.07276284878993543	-0.20218349942550662	-0.31485775344419303	0.011616519037474404	0.7518432250494321	0.05152992698052137	0.2476538730248887
ENSMUSG00000031789	-0.04786127565277305	0.03160841316715414	-0.015055429680824897	-0.0811043023579195	-0.0008043752927691106	-0.46893607859946695	0.015306653554706161	-0.04920896208909209
ENSMUSG00000045350	-0.025922945974081606	0.07132758996619205	-0.057091307060776815	-0.10051253769783103	0.009063679304984085	-0.5518843797259875	0.01895962946911567	-0.06954701089177992
ENSMUSG00000086887	0.01479204512494292	0.10152405519152252	-0.047767813052557326	0.06277548884814667	-0.01520640830895244	-0.4983800896170246	0.018407936813215536	-0.21902438824971707
ENSMUSG00000026679	0.024828715731406326	0.10640193783939521	-0.1698837301039506	-0.03014984180788126	-0.017416671031970865	0.4846589944699307	0.039645480994863466	0.17182680655591565
ENSMUSG00000089709	-8.348057267115738e-05	0.0772731799834449	-0.16328897396170994	-0.00259037169749594	-0.032832054005692626	-0.6323361503301672	0.021182365054817773	-0.11830311494415512
ENSMUSG00000117718	-0.038463430664299275	-0.03423357157162799	-0.09435658622933253	-0.14005047654993036	0.08538674918375351	0.5732833096960105	0.033285093804712895	0.2742865313776526
ENSMUSG00000102018	-0.015377065474623586	-0.1503430375576538	-0.047956074374575615	-0.05327069163886133	0.11809464746758186	0.9395857962581696	-0.09151683798259443	0.21572840130854193
ENSMUSG00000104784	-0.007224753559757798	-0.0845235768330477	-0.10321698945190264	-0.2629468103057041	-0.0071850612533785885	0.9143562794066159	0.019329501807570277	0.23305310142587515
ENSMUSG00000026028	0.05847402470803986	-0.04134942615064894	0.19450342406474563	-0.1316731963476016	0.004164788953570975	0.8080119010648037	0.0694074893103665	0.272164500894835
ENSMUSG00000027775	0.0	-0.10742144403989365	0.1645815411155374	-0.1988656307746801	-0.025221145092955588	1.0523955044471187	0.034705965059715654	0.1512950054942674
ENSMUSG00000000411	0.09841897147161476	-0.2216885268705001	-0.05749083966210233	-0.4702119327242336	0.13908173565002144	1.0163465079849432	-0.08672072097254317	0.16259316284771771
ENSMUSG00000117677	0.002134390074763585	0.053531312151193916	-0.12365854630102212	0.04137332887995471	-0.1309445515714032	-0.7388934907436262	0.0014162847652730015	-0.1868470328908117
ENSMUSG00000110308	-0.03940162056652401	0.030199759860236503	-0.06200591826663197	0.05066978193737027	-0.043615692062005065	-0.6811246948908172	0.008355559419370717	-0.2979622118711206
ENSMUSG00000043614	-0.0668584512121033	-0.01200094873075519	-0.025495024320563574	-0.1506893396559547	0.18449912320345463	0.7351254760346677	-0.065496776719973	0.2675572368626569
ENSMUSG00000027582	0.005644215702843791	-0.04465149988009198	0.1676004010653894	0.13390607071421182	0.06312967969274609	0.8487053059665217	0.028957381138479107	0.14020489986717635
ENSMUSG00000022636	-0.04080137112724143	-0.13877955207435563	-0.1818055096759997	-0.6074800848545231	0.06189434821158561	0.9799361443552966	0.0102817659054103	0.15795418232669473
ENSMUSG00000097749	-0.09117081447486507	-0.07089296763827306	-0.002765923967948876	0.15513721430984215	0.0885379560966446	0.5143095945330595	0.0005803117613565334	0.13361785702392542
ENSMUSG00000043241	0.09679556159088637	0.07677604314720649	0.24476246517930889	0.35279333622172526	0.03667832940564016	0.5646504286333388	0.034764196340115294	0.06000317695523182
ENSMUSG00000103253	-0.006055565527200213	0.06760971638570185	-0.08959589879763906	0.07302028474733496	-0.16475129316714643	-0.7838995377595884	0.012076498528445376	-0.0661388960013965
ENSMUSG00000103684	0.011135492053058083	0.06622495067802332	-0.06771894365422766	0.04868465391893904	-0.07002527069877593	-0.7556855853727245	0.01624902683430425	-0.08712341224644728
ENSMUSG00000020067	-0.017045768113623905	0.06921832515728724	0.03637721535846207	0.017526677810519357	0.09426549011849567	-0.5410474949456765	0.013629801214234004	-0.053596897623788164
ENSMUSG00000031109	0.04510718429101579	0.10576290249623341	0.20001986079461187	0.4548533727953461	-0.1784094113549543	0.13021832461846933	-0.053866277711421495	-0.10940427007175323
ENSMUSG00000117704	0.020562171579656435	0.15594585020749302	0.09363462525864948	0.21214693583987224	0.007567407266606735	-0.5879863742047522	0.02623303618440696	-0.09323806963742234
ENSMUSG00000090352	-0.05544988349607522	-0.0347256674800001	-0.06756122322333374	0.030633704409236222	-0.08082566601192628	-0.9133465832866389	-0.0010416192140756397	-0.18795753104441196
ENSMUSG00000046862	0.10463131361417512	0.1143106318876042	0.5166499998030675	0.4986687921689616	0.03965027329979121	0.023170995544519797	0.01898568279367899	0.0019433687702850033
ENSMUSG00000087133	-0.31601059738663845	-0.08093642339089906	0.12025410436029049	0.20881063198475788	-0.2847069333436256	-1.030481590928377	-0.053285248169208196	-0.3006209118631742
ENSMUSG00000112701	0.09189430036979554	0.04065940207578425	-0.2994712178465348	-0.07791344395634422	0.15762927635366988	-0.44988097022140966	-0.0016627897517910162	-0.009876795153964755
ENSMUSG00000097194	-0.03153031833213792	-0.0038618810259235803	-0.18481606965340655	-0.4299886949337479	0.0352674540693543	0.058054153286975385	0.04437980404656638	0.2858295317004959
ENSMUSG00000085704	0.04858776470003324	0.019095000253711275	-0.1347671419119053	-0.0022600830022789786	0.16939721811417474	0.6442139088878706	-0.03656980095868689	0.38217467210769723
ENSMUSG00000050931	0.00390581193439965	-0.16693040837220158	0.22532770153799256	-0.41774241143032576	-0.33062527549467613	0.8696473435203975	0.048063478443801384	0.16538862598358633
ENSMUSG00000033767	-0.03429508854730001	-0.16971950858205778	0.08079255403449118	-0.2268244941076214	0.04090742335472016	1.09773409336883	0.04176384367003278	0.15284340824445547
ENSMUSG00000063245	0.03686791147204971	0.05959587929534206	0.07882224896605011	0.23450235598552338	0.05386117013926295	0.11423117250598154	0.020771857642838197	-0.060023647766993204
ENSMUSG00000063358	0.09394362637433241	0.02142100102090283	0.2903610839396441	0.19942727274211958	0.03630459157634856	0.7213568750793737	0.048642609683140874	0.12489391751016644
ENSMUSG00000100931	0.05784707182769777	0.09829647396830525	0.41916591329834685	0.5137480474496268	0.009821091647132296	-0.5633417157077006	0.021709272344151872	-0.13961728788824096
ENSMUSG00000063777	-0.030408673796571674	0.031537248714664935	-0.11565383378700397	-0.061422020671715954	-0.10197326144206594	-0.6999494603814874	0.008800072914747936	-0.18823577659267898
ENSMUSG00000031107	0.06914608055008864	0.12060748150061686	0.15622117815692668	0.8201252667918557	-0.056837638944309495	-0.16235449045058173	0.004435528664078037	-0.1939657693308051
ENSMUSG00000003617	0.019550346365098788	0.07382678704772498	-0.1286686872388748	-0.006805777942403113	-0.05410388116260213	-0.730605773258261	0.01883216354131615	-0.10793791230896543
ENSMUSG00000002881	-0.0046716542612640355	-0.12169632286992894	-0.07593859479564995	-0.31559287905716715	0.07350904241916875	1.0444664804209873	0.006117495795519525	0.15911255992493686
ENSMUSG00000102181	0.0074728764836373696	0.06109807851975154	-0.14472092950717177	-0.09051111429213016	-0.06731440217801576	-0.6033513759804957	0.012641151071648232	-0.17960675978921728
ENSMUSG00000048251	0.10910751299405728	-0.22800664858473624	-0.15186190934930308	-0.4831807665135633	0.2710607720900208	1.062138481438024	-0.24729711497378717	0.05328807814579689
ENSMUSG00000107633	0.028123958981375326	0.07853981217776745	-0.07202992210658558	0.01220549639515639	0.11904565565421528	-0.3357466905359038	0.022900774559559973	-0.1690375673245257
ENSMUSG00000109412	-0.009459520092179763	0.07580652876041884	-0.11329096340467451	0.019491161326671416	-0.08727922301494365	-0.7767688931763619	0.0166073304551207	-0.10733885986680404
ENSMUSG00000111674	-0.004935363534585457	0.08205840798756447	-0.024060346373884798	0.06242776276068913	-0.10899569316055066	-0.7588861053548408	0.017171450661526456	-0.08249812958198428
ENSMUSG00000108796	-0.021990427258304024	0.0657541886272971	-0.13439977274527182	0.013558226103212705	-0.10001588554733244	-0.6886407373485075	0.013520499187465118	-0.06897562517749123
ENSMUSG00000072100	-0.061051987150045846	-0.024371529734766816	0.024713873314379225	0.08491801666154297	-0.21241931655046867	-0.9334916316804821	0.004424284817158286	-0.28837958470996744
ENSMUSG00000112870	0.06923546301489662	0.08582189440007708	0.21282212971872622	0.2091815061276716	0.11061651968158029	-0.1528501953254619	0.027081923729080637	-0.08472830092855249
ENSMUSG00000114865	-0.0495179713572224	0.04605234780943221	-0.03154273829255734	0.31818390089836285	0.011371998146287893	-0.3092233666519009	0.01656629972495342	-0.05508575556925292
ENSMUSG00000044405	-0.025071078088562695	0.07195497810271152	-0.053734367559676796	0.1800148906804151	-0.041468714611743895	-0.587082855572784	0.01637827679341064	-0.1335063665699385
ENSMUSG00000052949	-0.02716716605519317	-0.2106215080606441	-0.012849064894449924	-0.22606700490712453	0.07169894011971228	1.0892455922810333	-0.03621276374968206	0.12688760999932286
ENSMUSG00000034255	0.07996542133825979	-0.23840588161080148	-0.15969347533909314	-0.4260933921832315	0.22066928438873035	0.7679170274669419	-0.1507595087349457	0.24741772374198379
ENSMUSG00000028523	-0.02369206147909948	-0.21733967276720423	-0.19333807834133762	-0.6706759760288261	-0.0006937492949000701	0.29183698379150824	0.03076974309314497	0.2576203069542996
ENSMUSG00000102253	0.03822570918082823	0.12413999295129986	0.0018753155640210128	0.269480829465421	0.04826108272164092	-0.27033221191095175	0.0040194771356977035	-0.30240438816619636
ENSMUSG00000031264	0.0004206516539551064	0.06453188980211069	-0.056390454703419586	0.010560943788123252	-0.15906961863451857	-0.92599019335043	0.021671090835708236	-0.039749547171372294
ENSMUSG00000102277	0.018401858646835856	0.0896986937283978	-0.02066266187772539	0.031646902488058924	-0.020071354651510227	-0.6371029864551622	0.021629854587507557	-0.14843249069552486
ENSMUSG00000010048	-0.0496801573474424	-0.07041886029111276	0.01759790780999415	0.21556980444744034	0.1861239326850385	0.9997471679416127	-0.05006250044513043	0.07940710044588016
ENSMUSG00000030671	-0.02229625519279363	-0.24104259547289322	-0.15749012353562775	-0.530569047456646	0.10989142208064943	1.0647179599324292	-0.017638251429354983	0.02485244013292562
ENSMUSG00000113410	0.021321613190839805	0.07642755571858387	-0.11047084605938079	-0.06142943426575965	-0.028165138931885384	-0.6530337727299017	0.021739631039060195	-0.1349805465012867
ENSMUSG00000024431	0.013303696636804481	0.07516480725417386	-0.15603107933243912	-0.006174202503439446	0.10524629193037266	-0.7371720738351091	0.005315133705227959	-0.12943552422851287
ENSMUSG00000029082	0.035270516560203684	0.06527665898497036	-0.051574436043635576	-0.03208561011657346	0.028358312808930367	-0.638573333654457	0.02832770303498211	-0.06694850863618472
ENSMUSG00000093846	0.07087032497334238	-0.09080623368611425	0.11833577986402452	-0.06607627116579183	-0.03319453093587699	0.7377710648637349	0.05827638615502669	0.28670573074586686
ENSMUSG00000110054	0.01293289956608971	0.057881005650553194	-0.16381761684568646	0.016517900074359115	-0.05662838387761499	-0.6423731158097271	-0.0006211529153328232	-0.17079630189701955
ENSMUSG00000096546	-0.0027781457478053273	0.07589872233816755	-0.07965760693409259	0.22694871642278377	-0.08934398984050321	-0.8612754779753437	0.016538576597074323	-0.12645157482304606
ENSMUSG00000000486	-0.11064537736123316	-0.013576173428229366	0.15720933796834818	0.30263285616631697	0.1677101036110592	0.7257516895526958	0.007149928739128599	0.1106138700555672
ENSMUSG00000068082	0.017205411404504156	0.07668950351152674	-0.16070878306503583	-0.03678947059807605	-0.04368128448920491	-0.7046223149580811	0.017905543433974446	-0.0592705158786418
ENSMUSG00000024975	-0.010071365522503883	0.06717853934916108	-0.07795819868388965	0.098068437923455	0.12511785952888888	-0.8117690694516365	-0.0017572589463604738	-0.053202118340177386
ENSMUSG00000104252	0.10454457730750033	-0.2307038153923912	-0.3254950927187599	-0.796032078714469	0.13585770876668368	0.8811831709372133	-0.19136588280155176	0.1664512951610203
ENSMUSG00000040714	0.12018609032409913	-0.2930149223865967	-0.17518840909588262	-0.6500578281124813	0.14905789915036743	0.8716918059079789	-0.09509916344543107	0.19116027073213784
ENSMUSG00000109371	-0.017291787906477268	0.0773868157554107	-0.12590907959476536	-0.0588150669322171	-0.04992706751021072	-0.6725936302861174	0.018211597705329763	-0.0829615738737716
ENSMUSG00000101639	-0.022447034301702813	0.06346812695028085	-0.039823582971167094	-0.028105926811593088	-0.0700121386270189	-0.724767059390317	0.03317546741030286	-0.09688563169512164
ENSMUSG00000021890	0.0334811543600054	0.028902983572548623	0.3519351247994247	0.3997857108161745	0.03909227945039112	0.5028103401981635	0.026280028726907156	0.06771875627859766
ENSMUSG00000053219	-0.0010746414773466495	-0.3546278683274394	-0.12997694871712331	-0.5611715409474235	0.1335528858998477	1.0612843762873274	-0.03415312514462814	0.11369595357493695
ENSMUSG00000047777	0.18963315357694796	-0.1295181242834359	-0.1352572162851362	-0.28081851789301215	0.2507077211655405	1.0209602549712118	-0.23368604861254436	0.16589539287495814
ENSMUSG00000056820	-0.07221162613957562	-0.05691662843860961	0.0974324604807162	-0.11537522894233855	0.09689210256890417	0.9395391757465662	-0.013626233747921823	0.14258309428433494
ENSMUSG00000112418	0.009169512397158797	0.07101383503487557	-0.14513909714476547	-0.06895697865901901	-0.04809054836866457	-0.5697158961479464	0.025593950301024963	-0.019500022478578453
ENSMUSG00000040563	-0.0007834468286292695	-0.022569639035146836	-0.19821871556570977	-0.1942897673010751	0.09713043495280875	0.34178597092604945	0.02709503911078477	0.09739168894912761
ENSMUSG00000114522	0.020780388901345093	0.07966054296226169	-0.18543539851038124	-0.11227134050421556	-0.0416114619475187	-0.4443619207086015	0.007081428879235463	-0.1920941463923732
ENSMUSG00000024579	-0.08549206443728408	-0.06242293292059904	0.00038671822744085205	-0.08705324254831737	0.12542659442892792	0.5289287727621423	-0.00917048647109502	0.21026319047905156
ENSMUSG00000068647	-0.030439541241958596	0.032704135080603845	-0.13051592748343427	-0.005473068777430567	-0.0222409408765216	-0.6727006489242171	-0.0005368370917970822	-0.2594779024302365
ENSMUSG00000029577	-0.06878333933337384	0.025018651803900366	0.2211644791038667	0.19331478596080934	0.0016763006342783715	0.596800231733548	0.018583523664840097	0.16893516908807885
ENSMUSG00000057604	-0.03894748018216164	-0.09444641376698226	-0.04364345859778449	-0.3329718876098412	0.012369033571802135	0.18862431113222355	0.02707824308069492	0.24369949703544352
ENSMUSG00000101967	-0.19217536328662746	-0.10181615016104634	0.09602391752909334	0.3229257565993576	-0.352117500452904	-1.0245517961811277	-0.10366809142018658	-0.3672075111846001
ENSMUSG00000041258	0.002044660639112017	0.049667953851999486	0.19843199567966419	0.24375650097123572	-0.012098413206863856	0.44971029743610097	0.03155115619250418	0.1846905300518511
ENSMUSG00000102570	-0.022542829053848232	0.10197042851516135	0.129615013880521	0.042995634243618894	0.0013547089890534325	-0.4396915769721205	0.0240011853933776	-0.125630239737734
ENSMUSG00000002342	-0.03228597786899845	0.06894449182255616	0.28578563955598846	0.5744202813875738	-0.009205229718106889	-0.013307400498106133	0.020357701628949627	-0.054775502451515905
ENSMUSG00000075073	0.01766040373303495	0.062367357679812475	-0.12617600188711434	0.12158706112397792	-0.03689382414544867	-0.7346922519348229	0.01009204818641507	-0.18891533563518445
ENSMUSG00000050014	-0.027184353186028007	0.06151926994177333	-0.13733879809162508	-0.027652431370019926	-0.044072608113658804	-0.44900526682658354	0.01535460468163019	-0.10798001993526521
ENSMUSG00000109716	-0.03392323975723999	0.03112880587525397	-0.11238087008670578	-0.059885265666892146	-0.03377246817634713	-0.455487087659195	0.016097220174929427	-0.03738976080548461
ENSMUSG00000044551	-0.08340161781644503	-0.10176248852650438	0.02502752427681587	-0.15218944522827738	0.09881385342759512	0.7651315166218667	-0.0413351618432445	0.25747777723883175
ENSMUSG00000067656	0.0008220417488735698	0.04806844432942843	-0.14894965138759128	-0.04068174543440536	-0.07029342939377545	-0.7983572725425334	0.01321331688868603	-0.09085329464202893
ENSMUSG00000085114	-0.041139990920348465	0.022410316662889736	-0.031292408871142874	0.07255953718166473	-0.1707737941080984	-0.8032331832780794	0.006430920888602865	-0.24520343720758447
ENSMUSG00000111717	0.021355085795518175	0.06860254137895322	-0.12101560145795968	-0.018094561312789255	-0.02214101313303519	-0.42784976092482113	-0.0027119403985669255	-0.23949884537789878
ENSMUSG00000117024	-0.05484292658941586	0.005667642446113064	-0.09401869149137908	0.07547935116228115	-0.04187016626220855	-0.8095549930708386	-0.0024036507635082664	-0.23778751709333296
ENSMUSG00000099395	-0.3344044065516132	-0.06930431109920332	0.22455113165745155	0.3482572973006552	-0.538455585731723	-1.275525647393746	-0.0705273820373732	-0.29649079341983525
ENSMUSG00000118092	0.003821986590776816	0.07206685948055216	-0.14316701123094855	-0.021651145120262925	-0.041846450042680436	-0.7205139017184817	0.01848098165014388	-0.10821084224764559
ENSMUSG00000037351	-0.022999030516827747	0.06330383774727345	0.3098894741770815	0.03993589364760318	0.06211167515109651	-0.5222435777092265	0.011692616651277216	-0.09253752195814206
ENSMUSG00000086470	0.017069850218874007	0.08465567181274852	-0.1349657916387565	-0.06430607522922695	0.001530372520186729	-0.6192763956714782	0.01947362713241037	-0.11595740791245483
ENSMUSG00000072888	-0.06607112282039584	-0.026764354467244036	0.08948137150922636	0.07508436624504371	-0.18136648727201357	-0.9559126670360687	0.008838994898121788	-0.21848902509292153
ENSMUSG00000117719	0.015958024019150252	0.09403891604380402	-0.163039450766152	-0.08979683154981428	-0.02440725731628357	-0.4700499841477104	0.021452110035932663	-0.0486850758892356
ENSMUSG00000044573	0.06060313009196573	0.056644221697065074	0.2933240675450942	-0.04162738361630902	-0.13989179825095585	0.7078641022774329	0.050503257058731474	0.17338266076320188
ENSMUSG00000114298	0.01636872887771586	0.07438331716044747	-0.028747453435040777	0.005514577170669166	-0.10354946301442172	-0.7400618155264002	0.020710944518071123	-0.1361035607211303
ENSMUSG00000103281	-0.0026036647272192903	0.059091058139293884	-0.14198005161215377	-0.009662787502085372	-0.04532813966367906	-0.6581688178672904	0.008206442973262024	-0.1478237616966065
ENSMUSG00000013415	-0.06578658762484382	-0.09911184937774678	0.2038159841775375	0.2719402492625858	0.16247339644660375	0.8823045821407342	0.0010851791017716383	0.11548970397516739
ENSMUSG00000102813	-0.01662539957699224	0.07401740880982911	0.3701307754762426	0.39999928420551156	0.12173724805199548	-0.7927826838977439	0.005304592005362055	-0.09316233392586297
ENSMUSG00000085689	-0.02129817517876251	-0.12869645170149713	-0.04926400118492631	0.0015707422309831909	0.0054714100073401	0.8780759977792553	0.029386765500161772	0.2490013093165531
ENSMUSG00000059714	-0.11472213039396575	-0.04963216831311397	0.14268144281334855	-0.07080274218878126	0.043673661571566116	0.37450434020803847	0.008732927481419628	0.23036983127968252
ENSMUSG00000112319	0.01805173982364285	0.06879696518721759	-0.20747540726939026	0.10373092587618932	-0.018097756968177413	-0.6034444497853247	0.013216038398519148	-0.1915847168401267
ENSMUSG00000037646	0.06477290380670647	0.09131580150002469	0.08510633586178021	0.019984421261416627	-0.036689573289009125	0.7825200539967396	0.047493888695610595	0.23810408407341152
ENSMUSG00000037885	-0.03286250446859107	-0.09726695053556607	0.10798837812467507	0.03137853620645874	0.054078404431796845	0.947918418776417	0.01800237644885726	0.13812497053042105
ENSMUSG00000005483	-0.08556818247223458	-0.008637190241225001	0.24106343167945873	0.14618698686625015	-0.01083419393989614	0.678595917678329	0.030818371674463094	0.12610322372769744
ENSMUSG00000025049	0.0032901371131965895	0.048975973478220886	0.16674434437339872	0.24259813910350891	0.036911814218586074	0.5540393789801422	0.03394737040784033	0.18298178545346644
ENSMUSG00000022754	0.04651896832079484	0.04467663062548986	-0.0176159628605429	-0.04199471343414327	0.02493079724492754	0.5912153511270516	0.026535981123499863	0.08957137065657585
ENSMUSG00000073016	0.06128170989546414	0.08448860497208306	0.132599410772962	0.09530864974018813	-0.21286401231834162	0.5413635770207149	0.0172968880437	0.21230349602881143
ENSMUSG00000085174	-0.04227006115467879	0.057777564704379385	0.2777876681369412	0.5999521186851584	-0.019795886106942908	-0.06549686813909611	0.02190537938243696	-0.009450485929642372
ENSMUSG00000033579	0.0030632127643572815	-0.1739247101289149	-0.12475405933355255	-0.5932350827220144	0.02291444091705944	0.9436540872892283	-0.006689488373675729	0.15583937720188062
ENSMUSG00000022505	-0.03257114249714946	-0.21782974288591048	-0.05712003813972468	-0.4636066505115189	-0.03617177757193001	0.6736054347128942	0.024015697405623093	0.2679366104195739
ENSMUSG00000047237	0.018461241239254536	0.07735715890294802	-0.1107744784739017	0.09494083393167746	-0.032902327053416836	-0.7650014479604784	0.018072381770713797	-0.1772944679802676
ENSMUSG00000089669	-0.08973806587121036	0.02300409244961469	0.09514751787762764	0.4424021038882176	0.06992496323396971	-0.047588663144229285	0.011769978629203454	-0.011876852810336569
ENSMUSG00000085794	0.25600164150762994	-0.34958932210663657	-0.36657022271363454	-0.7562434825931609	0.33131737784327264	1.003131163635649	-0.4312592836311809	0.03746221868550614
ENSMUSG00000040113	0.026431417781306383	0.07477485500097185	-0.14070915405251458	-0.031229140574575025	-0.003816916866920872	-0.5848648780747352	0.02123239547460525	-0.18174149030373488
ENSMUSG00000036376	0.04326062691903192	0.14736970037747799	0.3214858644680417	0.371899981449028	0.1010782801101637	0.3751063442833919	0.02635287519500107	0.09147547151335766
ENSMUSG00000016257	0.016046632077297486	0.023932080045822146	0.20160064023190946	0.27341066336358644	0.015451379052698222	0.8464217626852615	0.0395379325018932	0.07207209942385936
ENSMUSG00000075284	-0.007310322363824784	-0.1591118378471756	-0.05218961726730454	-0.39914039506732796	0.07311021411904528	1.0645610764234112	-0.022776012366464392	0.08770042314558425
ENSMUSG00000054141	0.006484298648188669	0.07248914055614375	-0.1527590011030568	-0.07133884129579424	-0.062356752545331816	-0.719344613520389	0.01899356934463751	-0.08152978907731452
ENSMUSG00000095032	-0.22354016647093497	-0.04505616917150574	0.15325251004711912	0.2799837349260379	-0.502691426329602	-1.199394203401168	-0.04111750287203053	-0.2683659568447948
ENSMUSG00000100809	-0.1467030071529278	-0.13525821133736288	0.14245958920538482	0.3680530769428926	-0.418404642218387	-1.1849159503247888	-0.09897411514410086	-0.33521037038971313
ENSMUSG00000108621	0.03750187511851732	-0.025372920541669508	0.07729606677298906	-0.19266936405315693	0.027908597378047708	0.5863883007578328	0.038229069394900825	0.3163447227427326
ENSMUSG00000107253	-0.024022678715197168	0.06506779791793939	-0.034120714719418195	0.13143091811253652	-0.03941171342610208	-0.8038906546172984	0.021142965831535077	-0.045494737990192866
ENSMUSG00000115328	0.006984952265455813	0.0792646974328473	-0.14434426783977566	-0.06480106664899114	-0.04033769536158066	-0.6931051639667953	0.019444809797136746	-0.0652999187566016
ENSMUSG00000118280	0.06822511733609916	0.13696640558851705	-0.13562398104396223	0.10095946401850991	-0.113534470228176	0.4032023304951041	-0.04096707520485132	0.14973598756293255
ENSMUSG00000095258	-0.0882544700788326	0.0657795762709325	0.3740109662126417	0.16047208133139204	-0.4452336632177635	-0.7185678167399766	-0.03270250175424116	-0.018187846808084496
ENSMUSG00000049493	0.000538945902011867	-0.04489278376998296	-0.024474997689736953	-0.25873072586051066	0.04508323852563727	0.9845772395687508	0.02964990085256133	0.20252732542873134
ENSMUSG00000117635	0.034612626868166185	0.08873323014905317	-0.09525955382294572	0.029246301455993513	-0.02315222679758568	-0.5413165918847954	0.010362664549890654	-0.14389637999378646
ENSMUSG00000032047	0.007804244794360081	-0.12557842849660447	0.05391224841318186	-0.25602454250291556	0.004472292896618546	1.1650825440327477	0.04876428645385837	0.11401150536182064
ENSMUSG00000026281	0.007131568618223058	-0.019966700010118466	0.2783651330751571	0.18774987559062867	0.12138602033655317	0.8856664963492589	0.03745660925705649	0.08825496310496099
ENSMUSG00000081502	-0.11722873413912163	-0.002505283499280697	0.18915173146100955	0.15924739589617498	-0.21111418139516555	-0.9070994780801164	-0.01679441143055265	-0.24528420934730702
ENSMUSG00000081026	0.014462989570561913	0.04254481868327202	-0.1606380718229223	-0.022830162215639205	-0.03140402799559444	-0.7289991275308506	0.01827887290836437	-0.18039468075948056
ENSMUSG00000105033	-0.04259443809159918	0.06812762301679566	-0.14496644744897436	-0.015581315737769174	-0.002469188464268912	-0.5263229252861363	0.013287730369444955	-0.08870784401605859
ENSMUSG00000030556	0.039089751594897734	0.02133120516327545	0.09894204576653676	-0.04315918443621975	-0.010897957482897902	0.5198947167327541	0.03037124732592074	0.19804502144871236
ENSMUSG00000033671	0.07280716855902701	0.026532670121170464	0.1624460078662017	-0.0164359129505697	0.0011219140018683404	0.7493394240283051	0.05236825543561531	0.23079585291061414
ENSMUSG00000107134	0.027755096726101155	0.07556915265360692	-0.11180757847899671	-0.05456600141899583	-0.001058132024039704	-0.5587174417585266	0.01904501524927278	-0.19189549544152165
ENSMUSG00000116581	-0.024191942579700212	0.037276678318327774	0.008996021022802225	0.3150901753846406	-0.009955160465063537	-0.2515981847275689	0.01800560935364393	-0.032294176732188346
ENSMUSG00000056912	0.003744743465793343	0.09062066423795498	-0.24056710498372386	-0.25555272131388784	-0.05122965994478144	-0.29070319287941937	0.01777277859808826	-0.0799963204832432
ENSMUSG00000091378	0.01988107536351547	-0.11486914604299851	-0.20982874184868522	-0.4506159834114388	0.014303188786359666	0.8935846516532941	0.01678768418962415	0.22002279119612053
ENSMUSG00000006651	-0.08563517269310754	-0.10511052898131276	0.142232609915049	0.06620018905267257	0.3196273542547958	0.7319516633431666	-0.018927538480710604	0.16841572755002127
ENSMUSG00000112593	-0.041443665635615835	-0.06532126472286193	-0.023062761500872456	-0.14952738409540436	0.23736237022366982	-0.023139995862015705	-0.018212937856586744	0.1476873310912693
ENSMUSG00000029468	-0.0786135156798703	-0.08636312513831391	0.04234828316270003	0.09604995941600204	0.06316727021989972	0.5488212167406348	0.018253949790997925	0.1396579887227553
ENSMUSG00000101848	-0.009447392946972704	0.005361714006815843	-0.18021760828278668	-0.38684124862077485	0.04102944933383796	-0.11571633431178921	0.03010863324447332	0.06389739583617188
ENSMUSG00000021346	-0.07805276898849309	0.0649285139845798	-0.17397162109688846	-0.12753171273602276	-0.05492026591293858	-0.5533193076427714	0.001084201184020639	-0.15365194953733252
ENSMUSG00000108005	-0.0009764794635636065	0.048876474114259494	-0.16450627646913227	0.03267067115917307	-0.08706522278241612	-0.7250152133014178	0.009280680341378326	-0.1598610290624503
ENSMUSG00000001707	0.06903500578208571	0.07352230853927427	0.6596343190031516	0.29834686690628265	-0.00717350385306359	0.12053180867799217	0.01016155573981023	-0.07746799631097137
ENSMUSG00000109130	-0.023579640155150454	0.05431698937711036	0.14134401043139347	0.2272115076969415	0.0055960430198371824	-0.7393345756622021	0.010993333904163011	-0.051543603070097435
ENSMUSG00000022622	-0.04897230314737878	0.06150838272095128	-0.1625558957578173	-0.02773637869330062	0.06191109053972566	-0.6379135402739687	0.002531157206540957	-0.025504944931785286
ENSMUSG00000113966	-0.06139265956955782	-0.03926849758000416	0.02732391944219957	0.04377705601047152	-0.00783766971625978	-0.0880783146730664	0.020448406770760687	0.1330518193547512
ENSMUSG00000015759	0.011351860029492622	0.064201353601185	0.2178899742274543	0.19553703261173463	0.033864408815427245	0.5929723709637623	0.027165042170895735	0.12985954276773473
ENSMUSG00000032606	-0.03433141006227669	0.14747067045438775	0.061256404923120594	0.2643735123511744	0.07799324390367139	0.38686616233656407	0.030964692277535517	0.01650803934255986
ENSMUSG00000078349	0.12271278309706239	-0.2559937522694171	-0.18559811359747908	-0.6348328858419428	0.14606855258865853	1.0358304276382606	-0.1642604521519885	0.07531976772701963
ENSMUSG00000020741	0.0003374035047090107	-0.0175650869583004	0.358306246264479	0.26409502593287265	0.012577466442625782	0.6479554347911989	0.038731530579892016	0.12694727057045585
ENSMUSG00000053654	-0.04937216813148305	0.028340834745280912	0.15192692432982033	0.12521508648285187	0.11551435399439353	-0.5167334166838712	-0.010606897420630118	-0.04807797726627193
ENSMUSG00000029673	-0.01468022276417037	-0.05896272790817856	-0.007105533127970576	-0.10158828219209697	0.02125355607749268	1.0499590039998845	0.032046626235643146	0.16110323926893813
ENSMUSG00000092219	0.0023647768763872534	0.038168122752948876	-0.21982929508427068	-0.215094228404325	0.1300381371124611	-0.19203534562708413	0.005308778862266783	0.07421999706722218
ENSMUSG00000063011	-0.0255573550115197	-0.04371533976829176	0.11091196176662667	0.06446091520551309	-0.01039267394557381	-0.4179426253091799	0.012456385043659368	-0.02894336534969974
ENSMUSG00000074582	0.026430041781899484	0.03934169031188701	0.37810936369027043	0.09991830279544914	0.0005700143619401521	0.18401718804193376	0.028106541214670377	0.059836230236340326
ENSMUSG00000093916	-0.05118140799191472	0.0053984351813387565	-0.022180212922873567	0.20783719575828544	-0.17766510967566215	-0.9720209996803112	-0.0024587976446506297	-0.21828176393790508
ENSMUSG00000086044	-0.019555967808622628	0.0820030125851291	-0.17020822180356945	0.06658909733358859	-0.019401397123780577	-0.7588107768492321	0.02283089484025491	-0.13517618387762179
ENSMUSG00000020312	-0.008154088392012149	-0.21360862290992272	-0.024743881490330685	-0.35915829903729213	0.03490250611686356	1.0408420983627438	-0.01947563840483375	0.13886751677895753
ENSMUSG00000069565	-0.09524595394656012	-0.06986751507045716	0.18279315930273485	-0.04774595276908811	0.12993379915793105	0.8271205811405519	-0.028308402844679392	0.18557074758999545
ENSMUSG00000034930	0.10674575008976672	-0.26690348230691485	-0.18492159549729464	-0.6693452119342849	0.16839119563592397	0.7168120909994483	-0.1279860542839361	0.24139531015045956
ENSMUSG00000030878	0.009206969691613142	-0.01752889763313482	0.08708012742699506	-0.005603952282877096	-0.0004006026570348986	0.896431982028751	0.04334172684057196	0.1723563727334955
ENSMUSG00000040312	-0.1078242096159201	-0.01666471066203363	0.05746980138188864	0.1215731111612307	0.04968258881977338	0.4879867273046668	0.0002703098173579832	0.09366528971174083
ENSMUSG00000071763	-0.026347930800951887	0.019195906665191883	-0.030559422791351983	0.19390324464694172	-0.27780695191856924	-1.04055607937604	0.01188754947994064	-0.1314904667251651
ENSMUSG00000020327	-0.12206260401670319	-0.0712258165349247	0.1480365570497888	-0.19770661203863205	0.10634368744063366	0.36129966696810945	-0.01740590022992833	0.19937250087269184
ENSMUSG00000062991	-0.05144648317182023	-0.3360491596515587	-0.1490662009048092	-0.6573382651803176	-0.06747742762534333	1.0312863976810913	0.03481215325539249	-0.007939238542073818
ENSMUSG00000022562	-0.0988899052535379	0.07320762781268664	-0.08275919467418036	0.47294282220322104	0.08568088933667259	0.46748947286104375	0.036263756784694456	0.17039899789198898
ENSMUSG00000019471	-0.02868193178556533	0.14477743862118894	0.32918924563719226	0.327555947250739	0.012673112430889746	0.38606457771639846	0.023595624531141605	0.03740761347216438
ENSMUSG00000026698	0.06929488339975734	0.14917125994309718	-0.0053424192379265545	0.16079767578573165	0.03589106844742754	0.5041427947544652	0.0418145332853949	0.11995875170036392
ENSMUSG00000074623	-0.024932933170510672	0.06224658481943402	-0.09976902616465727	0.016127481045303038	-0.04775180265266572	-0.8305173596772595	0.01889118663900554	-0.02918188525057232
ENSMUSG00000064215	-0.020182817453767536	0.06604656734675225	-0.07847331992751065	-0.09017147347220685	-0.1082187830847089	-0.6686517682092973	0.01759648501146208	-0.004041355293117221
ENSMUSG00000034087	0.013269587625747007	0.05640412771299207	-0.1398347191174059	0.24443141310019934	-0.06956571040577836	-0.6968852460375298	-0.004662515427954483	-0.2562809475079446
ENSMUSG00000021244	0.09407107632616823	0.053149115743705934	0.24320951260654164	0.2002201810980114	0.01607711578681781	0.745124322023972	0.04746856773375639	0.12255287997253388
ENSMUSG00000030287	-0.013447910437476451	-0.31373270675431436	-0.05091869290287677	-0.6483467427569289	-0.02286388851165138	1.045284953888602	0.03562322393647833	0.05440954984050867
ENSMUSG00000071521	0.0007442937870532074	0.04491347337150017	-0.18649032559029632	0.014750902933708784	-0.03960384531311705	-0.6545834970618666	0.008979665606804316	-0.21393367204652733
ENSMUSG00000096151	0.021715155986374017	0.07528438445411645	-0.13037390638239707	-0.11044298590021309	0.005267579845381953	-0.486324451945532	0.018666754702165642	-0.1521264397662401
ENSMUSG00000002014	0.05566300593500802	0.10212809066874114	0.5830697000758766	0.5786048881104425	-0.15900665329525732	0.1606180071866163	0.0046520807770760175	-0.07513234532886127
ENSMUSG00000118365	-0.030912480524941187	-0.3532709933708331	-0.2215009298386231	-0.7673045893421372	0.05087539240019229	1.0187486259501857	-0.023797926169141167	-0.0033582828054891656
ENSMUSG00000109028	-0.00038952113817591894	0.06401820041621593	-0.13767258446152217	0.013660704982429616	-0.10542427218440147	-0.7520366018514634	0.011016459168876686	-0.1282544743277078
ENSMUSG00000104791	0.014879359259238556	0.06831824317511676	-0.15689949859560112	-0.03795357022745104	-0.03867762151077914	-0.7477659221807136	0.01820032987768964	-0.10026082847425458
ENSMUSG00000112765	-0.035497135581421785	0.05569590543887328	-0.08880030765778374	0.09599730455472837	0.004400050969273872	-0.5891707394808049	0.012808954618322111	-0.11804920045060036
ENSMUSG00000089956	0.010090700956958631	0.07228514595603168	-0.16402598878320127	-0.043600223755131846	-0.05226933951286909	-0.6511549427007545	0.014780099329044396	-0.11989302336873672
ENSMUSG00000019832	-0.008440467550704675	-0.002556008405067811	-0.186388438662477	-0.48063875112334575	-0.047697903591486346	0.7168975687668029	0.034058777466765916	0.30391296182304217
ENSMUSG00000034708	-0.11840832107384516	0.03389898096025384	0.07758768711565184	0.2571153469606284	0.08627471910330177	0.4266618661253099	0.004461582825425525	0.08835945961352629
ENSMUSG00000056167	0.03948884065334545	0.11434369540941286	0.2808445279771732	0.4649362235687793	0.03869446848105482	0.5234779289505874	0.029851735575949334	0.07607907111130134
ENSMUSG00000110529	-0.02744067975141201	0.10355808089301162	-0.08746701016589653	0.0286448219884027	0.057645539030878164	-0.7125070440510389	0.012196635629261987	-0.06519079123769347
ENSMUSG00000109884	0.004172422541947385	0.07073002369567753	-0.08940606739699905	-0.052736314871226854	-0.011419225670068178	-0.4789812106836775	0.018103564052061264	-0.26337112296714965
ENSMUSG00000115168	-0.004632654787303513	0.07204917160994874	-0.12225713870941067	-0.0020177068540205845	-0.11989470264790458	-0.7554116077151992	0.017730862575270467	-0.12790482074066456
ENSMUSG00000074024	0.08891571570662372	-0.02006964447928339	0.32434817897346585	0.008043756741880247	0.08340378879816988	0.7117779977746316	0.05237543171609569	0.1618282184003169
ENSMUSG00000025877	-0.02547346609773479	0.06457963250738756	-0.12882588054079466	0.20199291666057212	0.037896404642524084	-0.6546856575491162	-0.0008475951324491415	-0.14936237050662068
ENSMUSG00000117355	-0.03209924010441084	0.006730638515663798	0.034920119056233136	0.3252990437338776	0.1472392616862954	-0.11775111343794523	0.016397829012679	-0.007691051745394195
ENSMUSG00000029883	0.011211334733005174	0.05918515790314698	-0.1330212583228706	0.04730484503409161	-0.10101384568285841	-0.8452420972353719	0.013403254838115096	-0.09222275790757449
ENSMUSG00000105748	-0.003226642999012541	0.08687564331733934	-0.012545943616396637	0.05927542941526302	-0.09106169085711663	-0.7465229133687178	0.01866985739347338	-0.08966959844071251
ENSMUSG00000028582	-0.00222708012854822	-0.021435863478252538	0.21307107502253386	0.19413686903707067	0.014727642260789032	0.9020996826408684	0.05471822721481616	0.0851232593334972
ENSMUSG00000014301	-0.037849301426621906	0.07428449558243393	0.18310322813114108	0.5102765831006318	0.10419925034043238	0.499679597853777	0.019282451978420646	0.1057690672403864
ENSMUSG00000027261	0.025614729511618698	0.0819601004308272	-0.10867765237413317	-0.14034737034511258	-0.061851282080334545	-0.5180362573040486	0.01580695738245541	-0.15135750701509235
ENSMUSG00000038770	0.009298851893743073	0.005825577648656065	0.030831081341067972	0.039694584232535766	0.0033250197475271914	0.6942601507510691	0.031017255562199742	0.15649269712856348
ENSMUSG00000095452	-0.35443588802243464	-0.14081391443756264	0.3184965800134769	0.6971277873960708	-0.40637976018576916	-1.05167314718745	-0.17912203063783766	-0.5732287587994523
ENSMUSG00000032487	-0.007134413465025746	-0.12749601241208344	-0.14602534042568427	-0.6018060952544252	0.06055485818831861	0.6983513843563459	0.018469901807444403	0.2602291097963607
ENSMUSG00000094285	-0.008539873704235701	0.04724498393877023	-0.09534118292941438	-0.08851803935621348	-0.06755587633396136	-0.8006008597229497	0.025412870153130474	-0.09017181571791331
ENSMUSG00000085885	-0.03902259386404567	-0.2804087233749627	-0.21275420530183645	-0.6897599057097845	-0.06917262877253111	0.9922415881080588	0.03873336853768031	0.05143008794891216
ENSMUSG00000034932	-0.038959087014433624	0.04010134488715654	0.42322627982173766	0.016829470246913142	0.04553783809183505	0.7582155818093099	0.014165353598593259	0.08882439118706528
ENSMUSG00000020436	-0.018058298979283443	0.07472951313893081	-0.14710378723519923	-0.1578782562965306	-0.07323076369377668	-0.7526430454958916	0.02464649547010178	-0.01629505542732926
ENSMUSG00000090213	-0.07261876737757306	-0.042750529076093766	-0.029386637339957833	-0.048813301015532065	0.10488176638326017	0.9813158573284899	-0.03586199008054133	0.17225666486600036
ENSMUSG00000116760	-0.0027595732286987973	0.07943914369211201	-0.0573277208140852	-0.051111380743774845	-0.08034285791226585	-0.7604393175318547	0.02235659488540232	-0.07536128362026918
ENSMUSG00000027805	-0.0015988902815765593	0.014098492019758586	-0.070482001273669	-0.2281053683942064	0.14448516978799716	0.9450309004326366	-0.0851606964260166	0.2419365310119107
ENSMUSG00000043866	-0.10250582563990965	-0.040828454803368094	0.04028861283642933	0.12942480028673475	0.07686980646770634	0.7556019922120304	-0.04049637313892618	0.16513079527753682
ENSMUSG00000097262	-0.08767143956975158	-0.03854913849525132	0.11970641403932793	0.09109160366023461	0.06595124386572872	0.35476310717566917	0.015778386900028793	0.06955905485901469
ENSMUSG00000095545	-0.03480609291344284	0.0768720039930888	0.6337864373529054	0.6287275958944074	-0.1430237050328629	-0.7386843650232857	-0.027987550859176785	-0.22932725432006196
ENSMUSG00000036281	0.004553922164806369	0.04866733599208318	0.46024657430215715	0.39841811183116704	-0.0459787944333611	0.5306633577124447	0.032546927082025105	0.0034192990043817595
ENSMUSG00000061136	0.1186514705145262	0.05230717706705699	0.31730750694375925	0.3807326208733121	0.01794505042802097	0.7905317084205837	0.053018312952401045	0.06883568449834111
ENSMUSG00000079426	-0.00025734673840860367	0.09098045307186076	0.2544122882136145	0.5301161840948864	-0.0024230612651372804	0.40234573229901344	0.020894392245258755	0.07848183227416665
ENSMUSG00000087213	-0.029843786765917375	-0.1872011504384794	-0.0016532701878092526	-0.1323452656755758	0.05560710720912761	0.9284904603124331	0.026206105460843166	0.23190685715111625
ENSMUSG00000029917	-0.011634329699625467	-0.13108696154588764	-0.21005677202296189	-0.7580586788455017	-0.02807608283144083	0.4887579561383872	0.03577384315049571	0.27501147283419614
ENSMUSG00000093538	0.006855505811735552	0.09142404807264821	-0.11517013057005383	0.21091905611339393	-0.04176497608283224	-0.5655771385168904	0.010977873596245719	-0.2645337471391483
ENSMUSG00000058794	-0.06922531892354677	0.04101857025154969	-0.11756851838908063	-0.08479776070027727	0.04972018835456124	-0.33339582083201175	0.03322705310532431	0.13009221029411377
ENSMUSG00000113694	-0.025622958610020563	0.07173632519780063	-0.13433291544616696	0.010766182240616923	-0.00518119077753687	-0.6683989353071703	0.016704860539773273	-0.11659167496833497
ENSMUSG00000110260	0.029446606872770884	-0.024645708485375457	-0.08864260422023879	-0.14592785852920315	-0.03939116170488553	-0.13518372763544906	0.01900613287788011	0.16077556908286622
ENSMUSG00000073139	0.045979585978042206	0.05817151770682606	0.280408736264114	0.2385432432783457	-0.29172810692312134	0.5493206995662372	0.015478063909246997	0.08928595797208257
ENSMUSG00000084306	0.034231292085896585	0.08943885371159602	0.01896185224631808	0.210467886330484	0.08231880703219378	-0.7860591236999221	0.023024408091238683	-0.19491404225959352
ENSMUSG00000033799	0.07158951780341098	-0.07158017854958683	0.2911105050378194	-0.15182924246985235	0.02758867115760455	1.0626667898414657	0.08396311343167989	0.14091259482534318
ENSMUSG00000100456	-0.21086890224967422	-0.061643302937148356	0.10784315096770647	0.2537177650200144	-0.39234062897202093	-0.9184640061685314	-0.11539911253666743	-0.3409441061235533
ENSMUSG00000047227	0.010015976503680024	-0.05700575784114638	-0.23382142943146939	-0.40442727635206893	0.036673604048480135	0.6755487054689452	0.03806631472352252	0.29142841739567
ENSMUSG00000096935	-0.06624147117184341	0.019089104464553936	0.09908657906368067	0.35213735085725195	0.06866434608300356	0.8613179385816325	0.008619193367272793	0.06606045830980982
ENSMUSG00000118008	-0.028789505054186447	0.06868084852805713	-0.16445438566987008	0.03846574049225075	0.013431279186685408	-0.753094028369735	0.01607474794983884	-0.0767801148965943
ENSMUSG00000103445	0.018340640668785917	0.07981251116537895	0.1602565304816152	0.10676642018933534	-0.01728148662040711	-0.3729548048903083	0.02393467200378486	-0.00933940706686124
ENSMUSG00000090306	-0.010209152170177847	-0.024522155100963866	-0.046362348773172225	0.24809813566527641	-0.16915093078318477	-1.2419078035602777	0.004034314584637544	-0.17175670930885056
ENSMUSG00000049672	-0.06856923904949382	0.052769623013034554	-0.01346971716327161	0.3536548606543147	0.1539888413647233	0.732309224835821	-0.029384824887935125	0.20222959544271055
ENSMUSG00000030465	0.014655790006271707	0.06851469034299132	-0.12880931406216276	-0.09104077735656994	-0.035428157713720036	-0.7277219237523936	0.020747996732239656	-0.11467542048602068
ENSMUSG00000039205	0.058528790547503984	-0.3097705870454458	-0.12274461508189587	-0.5797106434315926	0.19287137362822082	1.0043444577277856	-0.16906450338229626	0.12184901767164996
ENSMUSG00000101860	-0.018924067141556835	0.08776747298396871	-0.1357167715489493	-0.06040973301800535	-0.04649402604852508	-0.5788009585650437	0.017109433351071845	-0.07657917675154345
ENSMUSG00000017221	-0.08632711552708619	0.02896234449065671	0.31739344352652793	0.3034885774110119	0.08798523120949674	0.6489440436758319	0.00959644904783663	0.0928590456948418
ENSMUSG00000030087	-0.0902886196782918	-0.20581162985819815	0.11791270589244351	-0.18642181339387442	0.13016423097434537	0.9769486095890035	-0.04215072567555467	0.18937663518388254
ENSMUSG00000044715	-0.022860192761660958	0.09940234629902377	0.05412771911907589	0.2352989690177727	0.048314129034483254	0.7545281002212417	0.02408996805217032	0.17689322297865123
ENSMUSG00000027323	0.06640995989255577	0.03990344049712108	0.27868453284917805	0.23581061719840207	-0.014467338092161608	0.832581777222767	0.04710971495316948	0.08838239560500906
ENSMUSG00000103391	0.022427658717452222	0.10358318687988745	-0.02764670635819591	0.2332893708322129	-0.0009561428253633819	-0.6280196876586245	0.03203746526794399	-0.2882000491161736
ENSMUSG00000067996	-0.0058493601573712615	0.067629208857507	-0.09473365953392052	0.0012249092515341786	-0.03462167805287998	-0.9162348383074148	0.02588903783330314	-0.08037447786408213
ENSMUSG00000048721	0.009636953277975313	0.06702496424142242	0.1225209691246797	0.11644189058523279	-0.05425545457494893	-0.5497282664585892	0.02423647478259181	-0.14153072704639946
ENSMUSG00000040652	-0.004874486271274403	0.10657955499526334	0.317086753833233	0.23948980495042935	0.06896254762272887	-0.5823376955781638	0.023774668582889395	-0.09018521600451755
ENSMUSG00000040086	0.015525299485304345	0.048185753274686986	-0.11376424305976619	0.016521377906939052	-0.04574134415827204	-0.9347858202199402	0.02197332063962617	-0.1025924949708697
ENSMUSG00000014747	0.08781992690654536	-0.28536224445689345	-0.10851129861884957	-0.4773484335836323	0.05836431572045653	0.9597523678840071	-0.06116379545842164	0.16696407233310975
ENSMUSG00000099746	0.0051955951735846995	0.09859260297429227	0.14069878867473884	0.11830393118014265	-0.09370553848404621	-0.6025708797215075	0.021243472970149283	-0.17892347910188436
ENSMUSG00000096316	0.025869361755196992	0.0833262222546796	0.11650087376892462	0.04654084808761331	0.09637261636784145	-0.33709885320351723	0.025541861664634753	-0.029976644112652162
ENSMUSG00000061376	0.04323269816473717	0.09310873563221195	0.11007820501059622	-0.01933718617084662	0.016249516050485954	-0.46597804063418025	0.024565910105150694	-0.13258571213413436
ENSMUSG00000038085	-0.03285013452417181	-0.08421630082820658	0.018451473919124658	-0.18250585114798837	-0.012093020725310488	0.7501191726863762	0.027296616404078086	0.3013933544556646
ENSMUSG00000108111	-0.03366031935150291	0.05868413891532902	0.09415059999790096	0.30824019965280597	0.0020431839681808173	-0.2291793573064732	0.02022720421467382	-0.03628708197590553
ENSMUSG00000111769	-0.05944317496418927	0.05384358492813886	-0.06765388765064853	0.09833168966130473	0.10247435158239394	0.8549453699233753	0.029414319589997226	0.19518981967377153
ENSMUSG00000001120	0.015020080762341138	-0.1129586049800541	0.08879360601700398	-0.0730808024067762	-0.006901676008194357	0.9472093530512404	0.054279811747886667	0.20199058970931694
ENSMUSG00000111587	-0.010462221780224039	0.0734468033819104	-0.14387115865851796	0.0021274139642829537	-0.052865697745911024	-0.7122138877041061	0.01721427903561652	-0.08937957976581344
ENSMUSG00000105561	0.028853133760273195	0.10996231919298691	0.18372245481094884	0.4892569616920612	-0.04285781372930476	-0.567458619941007	-0.0028205792785515743	-0.23643124462637619
ENSMUSG00000112287	-0.01689623279603427	0.0747420905812167	-0.06870904037331094	0.18387601977630122	-0.07894942831634962	-0.7282309061862161	0.01137267984407797	-0.08189610333107308
ENSMUSG00000027439	0.057347344267483044	0.04924966058554081	0.3193662950937394	0.21252276332819026	-0.009581070152082649	0.45475995513797113	0.03163606458606381	0.09821261232643731
ENSMUSG00000027998	0.0835920686117815	0.07126500515288585	0.531240230827793	-0.023555154843074577	-0.028971575404029944	0.46944958747581805	0.0323288235658975	0.13749832184651326
ENSMUSG00000075555	-0.05571651831952041	-0.21293331749741698	-0.03775360632988635	-0.3081017637750493	0.05882244696194626	0.4560065467209297	0.0045079320279377	0.2824378014758638
ENSMUSG00000117848	-0.005886423707367139	0.08251286170120012	-0.23820500775690723	0.6431804629674477	0.20349450450433826	0.22145979041750977	0.08076165962504907	-0.061818276876328106
ENSMUSG00000117318	-0.022818405319750306	0.06731017793864838	-0.18303417692048654	0.02786635576893052	-0.06748130872056077	-0.6239719954138152	0.007234288876744599	-0.13329336696745878
ENSMUSG00000028977	0.04616527160742723	-0.25959569301528174	-0.05441508998257716	-0.35731189064290725	0.20687254010809347	1.074714022610289	-0.16318101604589116	0.10145303870832417
ENSMUSG00000107597	-0.01663628925967675	0.07523586476287891	-0.18700809505914598	0.10040975523365964	0.049314776821005636	-0.7253060381936882	0.01804283073934902	-0.14772007090802627
ENSMUSG00000079362	0.017440554474434822	0.07506070417359066	-0.10985861355494743	0.15928741303312718	-0.020423722288528328	-0.7257388078582483	0.017967365702456724	-0.13051792797814665
ENSMUSG00000107841	0.014289369956322143	0.11117188858309754	0.12033179016213219	0.44096334658079334	0.012079415645347868	-0.4486160958090706	0.016184325804154565	-0.18337527986514882
ENSMUSG00000006056	-0.004649846275599945	0.1267278919216849	0.21994156567143414	0.33792759341031536	0.03953552300898121	-0.2176160870049423	0.022421262413251125	-0.08876655630925988
ENSMUSG00000110136	-0.08144922811784172	0.022611609272478222	-0.00961991923968361	0.279638936483079	0.09139344302571349	0.8104575942147609	-0.0043943667149177745	0.17249416472448598
ENSMUSG00000028546	0.010871985831826006	0.023378667145203643	-0.07033704681598343	-0.25683734958479787	-0.009950748826913602	0.9593654524605661	0.040679218604852255	0.23037097035303583
ENSMUSG00000085673	-0.012607812650965633	0.01422366493370948	0.35623166503434117	0.3626945649033924	0.0002067699162232317	-0.6064301103943492	0.03350333153319639	-0.04237995412561153
ENSMUSG00000027016	-0.013944696085611441	-0.17530261774733022	-0.10768465084325303	-0.5588402377057234	0.042904377529164366	-0.06542855116208014	0.02228388074709661	0.2172933066059366
ENSMUSG00000105279	0.02718460865194121	0.07461033331415094	-0.09755037706088612	-0.038606283318656974	-0.060739213874554325	-0.7458422603282072	0.01921328531518629	-0.06406102437224928
ENSMUSG00000051663	0.1948659318746962	-0.14445463714754608	-0.31396723791731124	-0.7662045922993224	0.09534534325180251	0.7337785981887884	-0.06892122547826741	0.2556770128710507
ENSMUSG00000096747	0.060094724052189574	0.13714446152102153	0.24176865320027474	0.28374924804858087	-0.06977967567652857	-0.15495737845867738	0.003204756025777855	-0.09207277514398583
ENSMUSG00000025912	0.07487956690811375	0.03235493679923828	0.10864725912207578	0.03493948221552259	-0.01014720797458235	0.8696547917711418	0.051677501821417365	0.1731718185887853
ENSMUSG00000020766	-0.11307536742473408	-0.08951936803658142	0.06265956453743697	0.017692036114301226	0.09899159247866146	0.7101578931367538	-0.02390830052979598	0.1622373289713978
ENSMUSG00000116858	0.011616921364535404	0.10909936699992469	0.11738233357659383	0.8005260096225586	-0.02095789969265126	-0.6217177858972762	0.018806666042144832	-0.16741921195540163
ENSMUSG00000116117	0.016898268227355694	0.08029523618517226	-0.15740337458573253	-0.10336918382159199	0.013099002370531632	-0.49551803070396544	0.023398664339436125	-0.10416596379587027
ENSMUSG00000027854	0.06529923921737536	0.04749835932420383	0.24620605105175308	0.09181289124012468	0.0023401176936226342	0.755747764651283	0.03196344165033119	0.1229063280097495
ENSMUSG00000110159	0.04843287262830219	0.09584415489006837	0.3711079364738712	0.42387303862820425	0.005831902382153908	-0.4464140602904844	-0.0031195710565709023	-0.11305999367224955
ENSMUSG00000085353	-0.01201575784505252	0.06628257976011943	-0.1237840803761479	-0.06423902405948054	-0.05792636538463024	-0.7528621817978843	0.018311730477449606	-0.041446150509477454
ENSMUSG00000019080	-0.07666970956239652	0.009862701298343657	0.3759317879531684	0.27272608296551326	0.07879452631732965	0.4548853740232598	0.02632554807469042	0.0850018403943277
ENSMUSG00000026655	-0.002305975766067392	0.07435006913214443	-0.13566052210581223	0.02401718953935966	-0.05998594490049084	-0.8012112155611664	0.016943937323033474	-0.09866011850419773
ENSMUSG00000031536	0.04906137278939627	0.07964295652735626	0.2895705674271048	-0.1691091115667797	0.015213084141898259	0.528880325459734	0.040016882007341416	0.1983841348054439
ENSMUSG00000049109	0.02082180516956601	0.06553132200181326	-0.17965601318498622	0.06064634476818314	-0.03434566911472621	-0.6822285775241591	0.014668427745838097	-0.17616798937385456
ENSMUSG00000046396	0.00869599565895552	0.05392882069787393	-0.13603667644725673	0.02487500362933463	-0.023218641170422476	-0.6876562098433504	0.0024302537665616963	-0.21796288696918298
ENSMUSG00000099794	0.022296866070890747	0.07195028061693394	-0.0655623087447478	0.00767575937818088	-0.06356941807424105	-0.6365574734256539	0.013143888547702052	-0.22228533970200834
ENSMUSG00000023044	-0.09990390977738708	0.003312066103492217	0.22862997879656347	0.5620334542095097	0.06552248887511429	0.34535715504050596	0.009367528006814896	0.08175609457821452
ENSMUSG00000023826	0.01502236247345459	0.051186627873636155	-0.010812788473058	-0.07530033548252471	-0.08831417725201086	1.0571687361880693	0.04312186220477892	0.17139131742310237
ENSMUSG00000038916	-0.02538161884582224	-0.1686142451069369	-0.0340141481110118	-0.17891825806306141	0.14988445541595327	0.7938014607630667	-0.035927987230087624	0.24972896833488592
ENSMUSG00000086446	-0.02643615071804237	0.062101696071742644	-0.18687462592942036	0.26476805548908455	0.09985340104226614	-0.6387358155161361	0.025366676382637565	-0.09168623596595794
ENSMUSG00000096788	0.009868941057767255	0.0262618053640714	-0.10748548159560324	0.16771827972865702	-0.06851648579523459	-0.9963874323192585	0.019481193051632244	-0.16897588511458686
ENSMUSG00000020823	-0.10725852392385928	-0.07947661198528566	0.05676408355713194	-0.05923867715272753	0.07446796292596942	0.8815024681728564	-0.009097847437309015	0.17945223147341524
ENSMUSG00000112087	0.02842216756577228	0.0806543441370202	-0.07820534733868088	0.4454964298127761	-0.037763036481138185	-0.7996955479403122	0.003913269944986697	-0.12321609423579051
ENSMUSG00000026147	0.009026956658086949	0.07531174846132557	-0.13739558388010326	-0.062159780005227455	-0.03521503297323888	-0.7241737862502244	0.021607514617279392	-0.04201738312661271
ENSMUSG00000026417	-0.012775697469338343	0.0811945562306275	-0.1804703470313502	0.07052304783804232	-0.019065786634140554	-0.547033296271446	0.019528609339237946	-0.13637204659031327
ENSMUSG00000101643	-0.021082222937455413	0.06894031413051993	-0.12004647921110967	0.013907172496742781	-0.061893204564947055	-0.7594810888906582	0.021032283296726642	-0.10096171329442498
ENSMUSG00000107821	-0.05886786255004442	0.026537378687699082	-0.21603042667529698	0.048932317262263665	0.037454699986797346	-0.19520029453897988	0.04886024482632106	0.004682947756034783
ENSMUSG00000093880	-0.07409784753747346	0.014776300946008456	-0.01926427472655498	0.1020893573065781	0.03056465968961082	-0.2096968740327913	0.01767430279398156	0.029119540178907482
ENSMUSG00000063594	0.12181574085233439	-0.11917196791883893	-0.21447905596070244	-0.21287822022987407	0.1412926089292238	0.8394072030309937	0.0057005236152075645	0.23937576403114658
ENSMUSG00000042655	-0.013270738254086492	-0.24215101676808024	-0.16885408791286646	-0.6412622156538669	0.046519877782022094	0.7386275107120815	0.0077105050556568674	0.22610859490951957
ENSMUSG00000030213	0.038880541363883234	0.10327478195542177	0.27105183373868486	0.22296658933059083	0.0355135269468636	-0.7723654448453121	0.031732265723912245	-0.10720939563734275
ENSMUSG00000094660	-0.16496612234592903	-0.06559110988742975	0.13132774788157958	0.1958814377795628	-0.4367672176713586	-1.2016583220753365	-0.03435337617964329	-0.19075830568442506
ENSMUSG00000001380	0.05580964176407783	0.11310288103295094	0.3417282154282458	0.3344861879091827	-0.015043963995286846	0.37999088380059737	0.027819140035263725	0.04592324482727915
ENSMUSG00000112006	-0.0022396882246256133	0.07497927795235312	-0.14125014770145272	-0.11951953321449936	-0.09713250579657988	-0.7260800002843326	0.016424721168307625	-0.05171855709069559
ENSMUSG00000022385	-0.10435521633391172	0.05139543014611296	0.4804664097444759	0.3176514696747013	0.06344164638065984	0.18117378641611986	0.014370309586498653	0.06522561212185776
ENSMUSG00000114139	-0.015743513761659063	0.06595096877172447	-0.003496783970448258	-0.0009333541084375341	-0.22308981930996546	-0.6169649652468429	0.0070594002041413665	-0.15720845671242045
ENSMUSG00000048217	0.3290106954952619	-0.20800472398855116	-0.313516489035804	-0.5566294862472088	0.22040472631220542	0.9575292484265878	-0.27088943488908857	0.20112259384351663
ENSMUSG00000034282	0.137825425455621	-0.18905155168227913	-0.2749567611604564	-0.5509465257205262	0.10559530001824258	0.2048796639133026	-0.07286009900534601	0.2719016622578306
ENSMUSG00000053194	-0.02464328916212139	0.07354917693629208	-0.08321432062513102	-0.0756779440894998	-0.025463274918694254	-0.7620111600720978	0.01625110407022301	-0.1047834266091824
ENSMUSG00000026416	0.009271182438820635	0.07842109926149425	-0.1001394362882396	-0.09961923776306159	-0.012620111678426443	-0.5680331309232375	0.02248053546383932	-0.09932873533693018
ENSMUSG00000073085	-0.07822999793107585	0.009199626164727803	0.015112143593574911	0.061143816770500674	-0.1812267245236374	-0.9871415419849137	0.020684175327512464	-0.1478787156729111
ENSMUSG00000114991	-0.04285519083956511	0.07394687388378988	-0.14998622016767532	0.10988704362169241	0.01798045611038463	-0.6878526497451706	0.0110793013261693	-0.04499676668046657
ENSMUSG00000100204	-0.01071359207001954	0.05338457506854714	-0.12774733793358123	0.036550443958879866	-0.14830705908640607	-0.5894235582391005	-0.012081930030476981	-0.13291090935338618
ENSMUSG00000099362	-0.2297684874673207	-0.10216739826949713	0.163748207083237	0.4007617213821376	-0.36743709856537254	-1.2825184980322768	-0.09196737002264462	-0.2796716020121902
ENSMUSG00000102571	-0.025375973068654505	0.07170426890921522	-0.20194106174818605	0.012684746592034224	-0.017747528491112313	-0.4280685919741524	0.024232949730318625	-0.16492209563427385
ENSMUSG00000018395	-0.04678500953554204	-0.02215927393380661	0.017409788970138226	-0.1604538573258369	0.09811447983978286	0.7418831252442355	0.01263458510342974	0.2805110307455739
ENSMUSG00000111874	0.0008994138967721721	0.07674416504929767	-0.18417795684581167	-0.05329254492435911	-0.02358737564696906	-0.4750713741691042	0.02214192627097533	-0.06610913923016297
ENSMUSG00000020358	0.009616219855463681	0.02799421359258813	0.3796054958596265	0.3691076562863869	0.06945700412073086	0.7401854226871811	0.03034709218041682	0.08734249885480447
ENSMUSG00000109616	-0.07516654683530409	0.010787625196122086	0.09202684285600686	-0.013848145177212166	-0.10276051393795001	-0.8452883305013837	0.01951102016654305	-0.2110514624653664
ENSMUSG00000029994	-0.03325532869770242	-0.23651621807679532	0.0748820723550812	-0.3589364904448929	-0.009448545868207425	0.5723453548402435	0.03201458672154619	0.2924388981461791
ENSMUSG00000059504	-0.014618682104586753	0.09333203641578125	-0.14971522295697173	0.3165752529443051	-0.03402572107247491	-0.5914242950057214	0.021895371108548778	-0.12584381445003182
ENSMUSG00000056863	0.02174469972501721	0.06741820816876633	-0.14606965809052178	-0.08918961144931509	-0.019689241314858916	-0.6085099892115908	0.013664754653117117	-0.14387607182265166
ENSMUSG00000074345	-0.011130215636954209	-0.12851498349826643	-0.1768145429117656	-0.5766626080625401	0.007928482773635587	0.9034917283762626	0.02191378752299294	0.18891478746012197
ENSMUSG00000066440	0.047669725157960134	0.06892937460008948	0.29364269591983155	0.26892569843522707	-0.042334704992185834	0.6546856719710914	0.036685120880186835	0.03362010847061284
ENSMUSG00000025264	0.10385035382228772	0.10535404142455797	0.6793232277452079	0.580566557568752	-0.07760736759831444	0.19965732650189819	-0.024409801770112427	-0.08937526879534785
ENSMUSG00000085688	-0.03664763624467807	0.05408615311294483	-0.08945581295779395	0.08152944424562747	-0.016926959231724274	-0.5504358864182248	0.012781646239830025	-0.03919712208032846
ENSMUSG00000116786	0.031697410961094276	0.08622690591167124	-0.15389281565383575	0.04618986953385148	-0.044482704276977474	-0.4286384747879745	-0.0017402468342503363	-0.18552405977728167
ENSMUSG00000009772	-0.02671969251513917	-0.3257657492244315	0.08239353008792437	-0.4850945566191638	0.1744312839938759	1.0320355781517099	-0.07588851674521466	0.16741619117427547
ENSMUSG00000111763	0.04135686159628229	0.09821558101209824	-0.0638952513325251	0.2229650572682782	0.015295376634105769	-0.3545734934429387	-0.0005253544810162325	-0.19873106877176758
ENSMUSG00000115002	-0.012669332431362534	0.062004011141016634	0.08267337550707124	0.22560929313608127	-0.057160411567481924	-0.6297096015190526	0.022027279381256717	-0.15963006758719198
ENSMUSG00000085121	-0.03142685508788409	0.022020321422090348	-0.15697447094669167	-0.29985341766748647	-0.03579365417183642	-0.34421782788707517	0.01873235717526267	0.09734497858086064
ENSMUSG00000027022	0.007265394408731973	0.028525835937060085	-0.1335285987410975	-0.032066456222586685	-0.04353605113558061	-0.7963775051141979	0.01798466309554862	-0.16040875978433214
ENSMUSG00000075143	0.01208964847072969	0.06049077446105754	-0.09529531365662895	-0.03978706145210853	-0.05018224635725149	-0.618433869328598	0.008323121022442703	-0.2005060222550985
ENSMUSG00000037432	-0.03066660267173219	0.014119658951707624	-0.06768780200776485	-0.15716011157446447	-0.04454332313085543	-0.4940944068556565	0.0200739962262811	0.011400082217883467
ENSMUSG00000056643	0.05904455428366051	-0.1824924961190518	-0.2523035127486672	-0.5721010858952544	0.12555786711592284	0.1026695717028302	-0.07275182958254348	0.19340545757764036
ENSMUSG00000095107	0.01815466740584198	0.07060189125862297	-0.14778194903555106	-0.024276305181922784	-0.04979100737328913	-0.5457572244849703	-0.0019697764150045094	-0.1902339794262871
ENSMUSG00000104358	0.036215580493379695	0.09052674979238812	0.4596928702714234	0.7167179291314525	0.012093263540986499	-0.12368030877637962	0.020338268120981336	-0.07244437253486084
ENSMUSG00000019917	0.0021958097463952164	-0.21020835821805137	0.047599216554449056	-0.23691997242348123	0.030476718800061635	1.0903461828312082	0.04666317572071266	0.14159934417407297
ENSMUSG00000026999	0.056060712017280766	0.10950385678858578	0.10895887887298653	0.28220492657735113	0.0367671039237673	-0.13168430575686918	0.02848193173319738	-0.29656747599032646
ENSMUSG00000070815	0.001822486422445313	0.07973613733996003	-0.2003959208987804	-0.14793027378211962	-0.06654605980348334	-0.49577891160698334	0.01429098463014967	-0.09822440510239325
ENSMUSG00000046585	-0.027128432694967237	-0.12617953304989124	-0.13473433291043435	-0.39801316050063856	-0.04086901908374278	0.29128172488982285	0.031534741554021806	0.21555448232325297
ENSMUSG00000027510	-0.08602914931524804	-0.2132057684385083	0.2657609692424991	-0.39076171963296724	0.20750415917068332	0.9459761540507983	-0.03423958548200223	0.21611524835549287
ENSMUSG00000070814	-0.0559580202503519	0.0807123776602579	-0.06152382977371291	0.2277665428362032	0.046130232828195325	0.6283862523468112	0.04277958968122583	0.06204246985783703
ENSMUSG00000107390	-0.052257993497732864	0.052094746745383565	-0.18114968576874124	0.05435514163310149	0.08586731692076602	-0.31917591767234393	0.0392160150175464	-0.04935883140890551
ENSMUSG00000083475	-0.15733888316337818	-0.1063643152950722	0.11963290386898451	0.23799273238938443	-0.251668177955479	-1.0590313245106084	-0.06820242084577807	-0.2965516690922367
ENSMUSG00000005442	-0.1288237701798838	0.074060695152489	0.06913645753579467	0.38059818794858563	0.1736927170428021	0.6353065395203007	-0.005985097309894494	0.01965039111439454
ENSMUSG00000117519	0.07848216504818312	0.11072022919761985	0.031043438310592582	0.3529480808810988	0.026490184159314714	0.6840667048237963	0.022400193734132712	0.1189873705728653
ENSMUSG00000101398	0.006928963342100358	0.03421036399794203	-0.15610612720947545	-0.02132712684338289	-0.056096727526694555	-0.7166296786395916	0.016089795488841332	-0.1982115085560861
ENSMUSG00000063659	0.060815837216560455	0.012857958141375025	-0.06149234346812384	-0.020463030876408023	0.14774140211615097	0.9386050773799891	-0.0798511986107956	0.2665385793186016
ENSMUSG00000030523	-0.03643263835846895	0.05636241820016116	-0.15373037405445147	0.13392256336904534	0.01319240626588804	-0.7496549660856113	0.00922311546429011	-0.09258215741712149
ENSMUSG00000083524	0.01878486980588262	0.10355381300519137	0.07228456347668008	0.17515169535958058	-0.11686191929077884	-0.4617494284951832	-0.03486795245127676	-0.20105812712428003
ENSMUSG00000038721	0.41388941505310395	-0.28287657424711893	-0.3359537593330486	-0.6819013198415788	0.26959037417257675	1.0692659435745397	-0.36223557777596244	0.06205954521504237
ENSMUSG00000069804	-0.08335013748999581	0.023429747541995533	0.43914941452177814	0.2487922974571718	0.09696076081586537	-0.27070979877267537	-0.0060931140630943945	-0.003221454232919918
ENSMUSG00000066892	0.007332775851289036	-0.0014175456590240136	-0.0009883679328632766	0.09856430948768806	0.0996194085544194	0.8739411638344818	0.02386351191424848	0.13598210573351613
ENSMUSG00000075010	-0.0046655468582672555	0.07862585314239084	-0.1629223599309714	-0.12591162653955212	-0.06192279759366703	-0.6177376474129097	0.02148108873701551	-0.06908240434207014
ENSMUSG00000110076	0.003362152068546782	0.0679633720535578	0.08581336398812407	0.2187675758381676	-0.12985575061047183	-0.7467810596983221	0.00047311068965871783	-0.2022525127597387
ENSMUSG00000099895	0.006176871210020973	0.04322924263393407	-0.10902481147628416	-0.06868984219727275	-0.06414738727344359	-0.7427573048186937	0.01901628851277017	-0.14614425739119863
ENSMUSG00000097139	-0.029832949462395394	0.05136451682754295	-0.07067368314327598	0.05374092117610354	-0.04838708566463011	-0.6111166680907804	0.015383530269766021	-0.07287781379465148
ENSMUSG00000021337	-0.026790535633895177	-0.06861239540867685	-0.1172828398819668	-0.1977968602990513	-0.05608795265328985	0.06487938937021949	0.011548940149062326	0.1567747640943875
ENSMUSG00000090404	0.0037551650253104807	0.07725090925485041	-0.15779256559459834	-0.10572020096608097	0.01954833247120033	-0.6877672163120642	0.021816696921375413	-0.04405715947552699
ENSMUSG00000104388	-0.04450933467170294	0.05889340582374194	-0.1326670831114689	0.05698502265237361	0.02170634660829905	-0.7610911127160922	-0.003553264964282876	-0.05742647425190669
ENSMUSG00000064006	0.014382388764725881	0.07929542380859962	-0.16166572085758327	-0.10091997893786736	-0.0794608421525011	-0.6066848994087949	0.00023365284122844887	-0.09562423312823848
ENSMUSG00000002803	-0.09363445620413942	0.0071497311000212555	-0.006452161766757558	0.034932202954932705	0.02199769049958579	0.7975263041542114	-0.02363983873537751	0.2103857353165577
ENSMUSG00000085303	0.006542057598218132	-0.08736980594287369	-0.1658625493156516	-0.19660414637617604	0.09166140785700125	0.7788387332987584	0.010460420306048459	0.22495777729452715
ENSMUSG00000023017	0.0164465688755292	-0.3135632955885073	-0.052339911836561594	-0.4756823122902869	0.1459408287844892	1.0099077963422545	-0.083256749282554	0.147677095880879
ENSMUSG00000109372	-0.02896169163309399	-0.2683817990703633	-0.10030819786918224	-0.7467181298541803	-0.10842682752484828	0.4130900552592859	0.026686038388736177	0.26523307722293055
ENSMUSG00000109599	-0.022871998818856362	0.005567368205355638	-0.07886385194787095	0.11544869724651156	-0.05201011292820881	0.8355675274091545	0.032272974054852764	0.12539072241474614
ENSMUSG00000002489	-0.04559958861288709	-0.19592219802119934	0.026586304914060017	-0.07115165598083108	0.0520480511873386	1.0518095611187865	0.014487638993500807	0.16224503927690628
ENSMUSG00000111710	-0.004567932153950238	0.07224729070496683	-0.19972118101104105	-0.24972469159403754	0.009160952887932982	-0.4320469713188567	0.049833790795716974	0.011011915126161951
ENSMUSG00000105162	0.018826594098300904	0.061892965530827695	-0.1650784251732328	0.11697287099670169	-0.053502628576132645	-0.6367492045210666	-0.001454815000098919	-0.2414333916820781
ENSMUSG00000011118	-0.018970743602946216	0.07100142737928103	-0.12551407111804153	0.03948700009592973	-0.05403029384027334	-0.6289978035500832	0.018292584421842006	-0.05840514752496279
ENSMUSG00000072675	-0.008280574630134652	0.061297214313133466	0.24365963695732892	0.11321300580867563	-0.20312336524246224	-0.7462442927254078	0.026862153136691113	0.01872737982785757
ENSMUSG00000091816	-0.0445356742424729	0.02702123252546849	-0.12427926657860874	-0.028112804596576065	0.006891472502791429	-0.5549593638251938	0.007534550605972889	0.029285972564005478
ENSMUSG00000085956	-0.003517028430641389	0.06960310536213349	0.007305065664952134	0.2125406205628307	0.08575017510110634	1.0640784158110672	0.01803871049692894	0.08501763830271998
ENSMUSG00000024913	-0.007231159690499478	-0.25150680772504963	0.1689957657694366	-0.3466380357568846	-0.014815335245069587	1.0664582123098143	0.056777040574808375	0.12979706123927748
ENSMUSG00000023964	-0.04356137018869365	-0.3460058448746705	-0.24317018389773568	-0.7530790745666269	0.021711680027750063	0.8688285107265125	0.013428930575333897	0.12897099943949733
ENSMUSG00000096228	0.015156674273890542	0.05803764605877003	-0.15715266807530323	0.05496845352316891	-0.07384521913507157	-0.7722740635617891	0.012596821808536829	-0.16030738992759935
ENSMUSG00000100684	0.025236155971890047	0.07903412405478177	-0.20574692510813142	0.0029721237408304457	0.01138927847270148	-0.5406911576732736	0.011570151334109786	-0.13073200771490204
ENSMUSG00000086752	0.027715509150577005	0.09948016008534102	-0.09884029483883636	0.10736373389250246	-0.029648216954533905	-0.499458120285703	-0.008351839634831104	-0.21505931986727136
ENSMUSG00000115170	0.003419192626545442	0.053213854253580384	-0.1839625306009513	-0.07838340941649681	-0.05090758666206195	-0.6054435371150276	0.00970916267665085	-0.18378795941641038
ENSMUSG00000048329	0.041184547948455545	-0.014001135772558543	-0.23239729547744165	-0.36902549856950995	0.05467469161841812	0.08320939313922468	0.03035647729470714	0.2195121112060372
ENSMUSG00000114616	0.07439373926296804	0.15201994306907626	0.21858527702277072	0.36980274676005725	0.031228700635425096	0.19469562033163718	0.010640136973814163	-0.06369465714565001
ENSMUSG00000103015	-0.04760732554560521	0.05834474378163441	-0.1151162273123128	0.013411068643166152	0.01792570409700325	-0.48932632416143046	0.013273828144535482	-0.10322333680500735
ENSMUSG00000020831	-0.12452347403631839	-0.015260738554205512	0.1266468951021031	0.3588686479445626	0.07321007671774697	0.6791488383324428	0.002214573124455166	0.10815612080494653
ENSMUSG00000010054	-0.05153267467344244	-0.09785799321935273	-0.00861283903253367	-0.07889873216012895	0.09071537016518928	0.09229403250950273	0.005685048483427296	0.21406046625467345
ENSMUSG00000030402	0.20178052745307282	-0.19002761644365843	-0.19103846359641619	-0.5340090777698141	0.23709362362957148	1.0268220848597314	-0.2115769456471392	0.15399545814018967
ENSMUSG00000028044	-0.07298942004830487	0.07164773848444343	0.22313873059698353	0.5641255974743423	0.032589915778245514	0.5958732172470337	0.028440258078596514	-0.0007499381872033695
ENSMUSG00000094775	-0.1793348577116459	-0.07798864432167767	0.11821969019159773	0.2173075259731394	-0.2681476512548729	-1.0962424132917012	-0.050737097567988367	-0.22268631036554154
ENSMUSG00000019494	-0.004796429599559948	0.10478254831948074	0.4377085689853348	0.4322788438547068	0.16491745483143186	0.4518979481465291	0.022566543278978033	0.037880285761288
ENSMUSG00000027860	-0.060000331874603616	-0.17152246354950396	0.0319434939316513	-0.17881755997524726	0.12514169556556856	0.984387456522791	-0.009136997873183228	0.2089975613992591
ENSMUSG00000006585	-0.12922229366285082	-0.050861592685918486	0.26314197773538306	0.2398654756973884	0.20490985292706596	0.8616786976040868	0.0031862676534668566	0.10352495765527077
ENSMUSG00000085656	0.010588655773101974	0.0738134119604929	-0.14281969734986974	-0.07905508900920552	-0.07865967024788738	-0.6290702023655282	0.01775083196189087	-0.08500426391085754
ENSMUSG00000030617	0.009539202832973659	0.021030780659315063	-0.09458289535649213	0.035818762178632946	0.01101182367080955	0.3219098549603532	0.03303071876299734	0.05274251883552696
ENSMUSG00000005609	0.03306696200251834	0.056427190620219156	0.43891349551646275	0.162135749998792	0.01392174612044883	0.26837069437454786	0.031096844435276404	0.12575642676236543
ENSMUSG00000112986	-0.01802342422201869	0.07146985368568257	0.21308373221738278	0.11142966983950087	-0.0065120348625812285	-0.38928392404131296	0.030207052122006053	-0.13602299797439663
ENSMUSG00000104563	-0.008213722668059531	0.06028630128269282	-0.09214786863995778	0.23202086287571916	0.09749855140524	0.48110888874158003	0.03817624403599114	0.043342875105774635
ENSMUSG00000020641	-0.008714251918520662	0.06896978723474974	-0.10211067176568528	0.2532832142446346	-0.12109971533105728	-0.7276518430483853	0.010210921449082533	-0.20645612064600397
ENSMUSG00000084878	-0.001326340145379093	0.06966465584358378	0.2396561294241862	0.26585332143506696	0.00020151926767623257	-0.43988478980924955	0.031337471590847356	-0.14725709262412348
ENSMUSG00000091306	-0.05786720507245824	-0.19611823278455034	0.05973842619398709	-0.33446165846371245	0.18061467691722194	0.7261663587359737	-0.07827337482563804	0.279135691219956
ENSMUSG00000026172	-0.0644528222790937	0.042722299437835266	0.11695423072915746	0.19324612268766028	0.07788613192055417	0.6411472410097974	0.005417030123564981	0.09746960747862073
ENSMUSG00000027528	-0.019583965163921593	0.08370857035256213	-0.18599813984725147	-0.06921335666542512	-0.005322835600890752	-0.5866568284596967	0.030940017852757826	-0.043861056090567466
ENSMUSG00000118487	-0.060559357488490735	-0.061064292503275136	0.24786736060857179	0.31557326936077673	0.06801287829779208	0.6571927054442308	0.012451679502777147	0.09258294484005998
ENSMUSG00000006782	-0.05405586978561159	-0.07996256343748669	0.2987207665940248	-0.021495419316078457	0.01690215123620511	0.4743398010433821	0.026954769573191498	0.200829419235504
ENSMUSG00000108367	0.2479504052678564	-0.3395466874269502	-0.19921865512197126	-0.6119693773118133	0.18852229665201237	1.083536008349679	-0.19365092297587339	0.0524504227382675
ENSMUSG00000053024	-0.05401327082876204	-0.18112114476899385	0.03008995407167137	-0.42846095009211577	0.0069444163274194615	0.5448025552824399	0.01326999744695104	0.2898770632047801
ENSMUSG00000056600	-0.014609894098851217	0.0992932386649927	0.2296972794049657	0.12609483936191632	-0.026872389645011794	-0.2919819617155877	0.021621685226671697	-0.10411559883220232
ENSMUSG00000086111	-0.036054719807103404	0.0739129082259323	-0.16977247015211855	0.18064051640733625	0.048327165638469574	-0.8270965594188828	0.009384306956949029	-0.08515087167626252
ENSMUSG00000043925	-0.024958401035965524	0.07019216289462989	-0.17463783423185059	0.09678751082326556	0.005862740022751112	-0.6603878727627165	0.015283544148679181	-0.17701736004616764
ENSMUSG00000032194	-0.09139100083827291	0.013930910032153607	0.12282643711029448	0.0723031680190235	0.09688154009374118	0.5804986231881737	0.00676709398998554	0.12762266629949653
ENSMUSG00000102906	-0.2609214313667035	-0.10919339130422365	0.1452530514334569	0.24707136430804275	-0.38642718240470425	-1.0909384789676944	-0.0952929561056207	-0.3373536832362879
ENSMUSG00000032013	-0.04473430570981288	-0.10290216894880647	-0.0683133823776027	-0.35692168771947863	0.0012382423284589272	-0.07344261793631235	0.021739277404085426	0.23643912125361574
ENSMUSG00000101507	-0.2138642671957379	-0.10413914053640877	0.1508350059888015	0.3060591050169641	-0.38778471946109977	-1.0729990895985804	-0.1225806119692976	-0.34083439245337827
ENSMUSG00000020354	-0.05875326206137751	-0.261473122272098	-0.11956286913156397	-0.6741231012027289	-0.1464814211481468	1.0015604361819919	0.05790220532802169	0.007360503068646107
ENSMUSG00000027324	-0.04111028433994868	0.05167028944298547	0.13167048454285818	0.09682952173387384	0.12828641405620686	0.8369064834690269	0.012245194712588732	0.12377362015804691
ENSMUSG00000070360	-0.04806327550633939	0.07128211373405496	-0.2534012863733894	-0.12037707298479533	0.030760759687723176	-0.603662438044487	0.023168841683085195	-0.09807136306132701
ENSMUSG00000028456	0.012653678378371464	-0.1256555696312642	0.03068581135373308	-0.30154497322785045	0.009521462934379055	0.957211232058593	0.04895014387863466	0.21285841676791908
ENSMUSG00000039114	0.296708264908416	-0.2912077399433022	-0.3809831856135464	-0.7043569528570516	0.29484578198416095	1.0151151027315477	-0.46126296277545187	0.06466485825010632
ENSMUSG00000066721	0.03369742802567002	-0.11895749828473162	-0.2789225176915337	-0.3867292477573255	0.10736296273217691	0.631642443774204	-0.0777964486266409	0.19506414327747926
ENSMUSG00000039835	0.0009056580074822129	-0.29590117333408233	-0.07487292993348457	-0.5095126191260589	0.0807826509493115	1.1113692304689626	-0.02081504860695877	0.023888899037905406
ENSMUSG00000110106	-0.03682620709933435	0.08017943275896595	-0.061250044110833964	0.08971901221112487	-0.01681465646100339	-0.5713717317066613	0.01785830069072325	-0.06237201305391256
ENSMUSG00000091985	-0.010046935951779745	0.10964923477829369	0.37269804138382956	0.48530879295030827	0.053937072647680884	-0.17121954711178314	0.02084872272628418	-0.07446057674509585
ENSMUSG00000045751	0.11313929368879573	0.042794011522992725	0.27830166047383376	0.29656936815139134	0.020093286450023617	0.8555741222024859	0.056112112290322626	0.07212363235486208
ENSMUSG00000097048	0.052313339392022096	0.02999218195534148	0.08994058554010681	0.5024175665009961	0.046040108537242545	0.8853648564652977	0.044516586467035095	0.07100971726323826
ENSMUSG00000066000	0.07914819795329754	0.13020233948040993	0.21718947077300507	0.3889671597255392	0.04568093163203499	0.030554849309851393	0.01783391259555367	-0.11147327810543066
ENSMUSG00000108841	-0.005529083661089933	0.07140836284422969	-0.12949742802332462	0.10386345065782636	-0.09099797083554312	-0.3787524680655455	0.0037863088135468015	-0.14969951238469825
ENSMUSG00000026975	0.008259663662912614	0.02793102816820398	0.458019437879467	0.43500568613250784	-0.007867857815402557	-0.1604153416186302	0.02837399048956637	-0.04722936306530868
ENSMUSG00000029714	-0.12456526553417116	0.028808144063685245	0.26108299023919385	0.5943607493894979	0.1299997459888396	-0.0768734073251025	0.009222848952448952	0.006212111429285794
ENSMUSG00000024985	-0.03891291879789676	-0.057901962048994525	-0.00720443836805936	-0.03770087497073452	0.040757073993278686	1.0084065400895335	0.0040098432548805185	0.17235326401413337
ENSMUSG00000106386	0.022551916143658327	0.08013612272677703	-0.1499623033409353	0.021119244983644852	-0.01896292328882232	-0.4780885692779711	0.02438138695924729	-0.17623394260334932
ENSMUSG00000113124	0.013687020021556084	0.07875017096964458	-0.09383726956238268	-0.06768755689850316	-0.08400333361994537	-0.7184892705124121	0.02012412791071031	-0.1013641769384249
ENSMUSG00000046603	-0.03393927030485206	0.009206070116476093	0.01759048138942141	-0.006138114125711747	0.003498141780843894	0.8451466470537863	0.028368993721444833	0.2001616922731967
ENSMUSG00000026199	-0.11168217796870758	0.001180155728883081	0.11475375884988114	0.06994799340373678	0.09563862938004702	0.7009250833108851	-0.020188660813347782	0.17073508313487049
ENSMUSG00000024039	-0.01641999591371313	-0.2560324258146324	0.002877628160959711	-0.3879007598043823	0.04404394467245926	1.1084190775121625	-0.020778527593305368	0.11373784378198093
ENSMUSG00000024078	0.07805050485062698	0.13459618830459752	0.2542829713438203	0.25353511817670654	-0.01077693195778573	0.561434674562872	0.025583497588166075	0.023904393571734562
ENSMUSG00000048379	0.07021816150894945	0.008720363494395311	0.07545559601444982	0.08253171113694786	0.05262738592556734	1.0070002165336205	0.04519980758038886	0.11362661394368477
ENSMUSG00000051592	-0.010241471138218156	0.004963639511454114	-0.02215039899463284	-0.2778081075381355	-0.3077431013157405	0.6594963831276691	-0.021750129696847753	0.04035037881804504
ENSMUSG00000021099	0.3207644911540053	-0.22158020790678531	-0.39734502534336524	-0.7530255805649294	0.24573819177053907	0.9963193433989671	-0.4012907647640464	0.1222907744224046
ENSMUSG00000069296	0.014551241494080935	0.07533808694687093	-0.14724984651677575	-0.08516134707379007	-0.019199432237231865	-0.7255979723233448	0.023829154187602543	-0.060487127872489006
ENSMUSG00000021404	0.020699469857222708	0.06731483582116152	-0.1258641909591615	-0.01954889590832148	-0.05355610008319921	-0.718869250675181	0.02260185411628032	-0.15125663735495534
ENSMUSG00000101268	0.07609409181731695	-0.013204384955856357	-0.23432889043273383	-0.15969344784769537	0.1038707025409725	-0.45268010132166536	-0.003821630849619062	0.06324308173959164
ENSMUSG00000039556	-0.006253088894925707	0.040601601575830315	0.10942342444658115	0.5352794234643974	-0.19528923608790805	0.7635459354900228	0.03892948029707257	0.06548268602515604
ENSMUSG00000056023	0.024696020738637733	0.11362815816421368	-0.16029067404717534	0.016073288298735056	-0.06268525180766128	-0.35496835758540063	0.017855930510954302	0.030930777046745978
ENSMUSG00000041750	-0.04253363465198906	0.010474422066663797	-0.18608363492940008	-0.24177346773131925	0.02740162848507171	0.08726297854581275	0.05156977803978435	0.19931645013841476
ENSMUSG00000094732	0.012884879712623216	0.04976416621939079	-0.13118945388149925	-0.03090137216458309	-0.09057378615684591	-0.7439538873106328	0.006154210632077772	-0.13958889558720985
ENSMUSG00000028232	0.09689145278693856	0.08263365188716003	0.11951393527005975	0.3954715140712646	0.0013859681405958835	0.5622496445813038	0.026691501198034727	0.02493686250379393
ENSMUSG00000054199	0.038971033015215796	0.04084131743382487	0.30963844596604445	0.3385510630688536	-0.003125625442533808	0.6452116276114132	0.03740524786931628	0.045454161853296315
ENSMUSG00000037544	0.05531149026329299	0.07891732494153827	0.47118325480426926	0.44305885731419026	0.005492868997213915	0.1456420426084066	0.023845930130161216	-0.003166937029955408
ENSMUSG00000113736	0.03131628976126591	0.13829299811071297	0.08266253777114448	0.28481874668807866	-0.00829615946683241	-0.37673330693808815	0.009109533915104405	-0.1233796584010672
ENSMUSG00000042371	-0.05797602710135776	0.03227985783958577	-0.09659478945801	0.05044145877762499	0.06710276440914018	-0.37878653817684105	0.008820994277893734	-0.06168120751627462
ENSMUSG00000031156	0.025361586514618197	0.08369316313607153	0.4615264144492825	0.7183539416152418	-0.14760211602635656	-0.1023178831055857	0.01427118679268502	-0.04609128506967909
ENSMUSG00000106906	0.01660617179785785	0.05678190241236187	-0.127357185281512	-0.03366536015086656	-0.040654663247721934	-0.48394530114690193	0.01632169360920488	-0.018200218779467155
ENSMUSG00000071452	0.01123025530377586	0.05274462576364836	-0.15333448955593817	-0.03651095834709793	-0.052950856942938274	-0.6370334442477718	0.011500986896231363	-0.1950872532943445
ENSMUSG00000102868	0.0037771676565536705	0.07216116119469229	-0.10720140775805259	-0.11339042166346647	-0.050037319581603984	-0.7469601878806159	0.02030430650235378	-0.10658640677124917
ENSMUSG00000033436	0.01854712979302553	0.12889553148960434	0.5177790938076773	0.28020547327575146	-0.0804964602230941	-0.33080587486830487	0.018625466020645038	-0.14100363633028962
ENSMUSG00000027863	-0.04155780891588793	0.0422249837527179	-0.02206047338378594	0.13891707692862293	0.064089422482225	-0.7653761631650532	0.004581168054740403	-0.0207619503846182
ENSMUSG00000023949	-0.0035963227427318056	-0.0748231974978391	-0.1802730052359069	-0.17578470825973624	0.05823423554959426	0.09409473832863259	0.04057085448003629	0.08410215492377647
ENSMUSG00000100257	0.006941264727830521	0.07594751843248798	-0.18308864527958102	0.029249438624823754	-0.04861454919689727	-0.6258586639433507	0.011301824948748582	-0.1467792741392539
ENSMUSG00000030342	-0.06783134659840852	-0.11476848684325028	0.2775379967124363	0.21087745216096104	0.09047425764534207	0.636792466671016	0.01647894691274554	0.12287937384422726
ENSMUSG00000114460	-0.008313387048456966	0.0709438341137698	-0.06866819099298552	0.061665601816798386	-0.10608059015909233	-0.8254729071120173	0.02133394203116542	-0.0956306632317586
ENSMUSG00000090126	0.024074118107728765	0.08964351660684551	-0.2882146451903702	0.3156455722420784	-0.017232887635436782	-0.3269320488266667	0.006465702548092589	-0.1816155737612342
ENSMUSG00000035523	-0.0025519417796366906	0.02042514634589165	-0.12610633927882212	-0.052169415222194454	-0.08021207817858002	-0.6942717587666216	0.016045577798756292	-0.21075100111684855
ENSMUSG00000021385	0.029658432380085278	-0.01045548946893815	0.1951515655145749	0.09390837222355998	-0.04523542442632163	0.8106569722681172	0.05614608027414257	0.1438517403323782
ENSMUSG00000101505	-0.022109667364498778	0.08861891950644238	-0.12426205298715172	-0.08898438872543109	-0.012267112142033262	-0.3503248592607759	0.023007785324010946	0.01742449242853933
ENSMUSG00000086689	-0.0548203331612915	-0.15957827876644526	0.11707604855325426	0.07838648604191176	0.024590698401043463	0.08997486711538208	0.019568979209094256	0.04975513447259391
ENSMUSG00000056228	-0.06534723982271676	0.0347718870426077	0.2298678661003362	0.06314614274444326	-0.0027326470263948632	0.58891550578137	0.029092079890043508	0.17391393446298273
ENSMUSG00000084063	-0.1467405955294951	-0.0568305794782368	0.12671608509020488	0.21097685639847544	-0.24571899012574488	-1.0482668140575317	-0.02285486385049773	-0.28186889367635787
ENSMUSG00000033207	-0.010297757832145343	-0.10419085599423399	-0.1453473056882915	-0.45561173827263546	-0.041803876032319574	0.26456906696339044	0.02733020493228844	0.29845093922989674
ENSMUSG00000086355	0.0038045546560490084	0.06659291439147656	-0.11786719053900203	0.013459879570133577	-0.03229678049542484	-0.8044880969912179	0.020872279110137178	-0.1560704366802976
ENSMUSG00000087596	0.05390524978079717	0.07721023846742059	0.32519533214988944	0.2082943626220901	0.05399652153342855	-0.48938423541225706	0.027702627116144074	-0.08070118672709865
ENSMUSG00000068523	0.07168648679052539	-0.0012275369360896793	0.25816954086424604	0.048069191682822775	0.1669881742239544	0.8884344304609996	0.048672170361918454	0.15655894867741982
ENSMUSG00000019066	-0.013137906831650977	-0.027023871838466617	-0.09897498470962891	-0.2980673606859246	0.010313948843352017	0.7112256495186171	0.016135825796131157	0.30997194677738626
ENSMUSG00000037325	0.011578152278008964	-0.10054830233075428	-0.05749180507037401	-0.4913094165426797	-0.0455843714819615	0.3671607167651897	0.03409532612430917	0.28619361300732665
ENSMUSG00000109088	-0.05788459762736775	0.058242298807222	0.00025135992147307107	-0.3637340137093379	-0.19752052327753522	-0.5775626002169336	0.013548664029583974	0.17732060499526223
ENSMUSG00000115212	0.03386169878232017	0.08609556089208993	0.10674281983963474	0.09266865349180366	0.06170666250232439	-0.5519157408033452	0.024556536195735612	-0.17204530411718882
ENSMUSG00000002108	-0.053781536107751826	0.13300841361294838	-0.15037254801972472	0.20052036683822033	0.0680592414575096	0.21130758201000677	0.07896285579816639	0.023305419389494913
ENSMUSG00000060380	-0.004830878933543059	0.03672287840358805	-0.17278672819881796	-0.12905893986270353	0.1564548878640547	-0.519400175792496	-0.017903353105746523	0.009435959480098963
ENSMUSG00000113453	-0.0004816590864247239	0.0869079518463649	-0.12360588519039495	-0.04322936608351952	-0.05245614228160434	-0.6120448823050382	0.02027677256673273	-0.05677425251146157
ENSMUSG00000001445	-0.0897469218569692	0.035697238213007715	0.3263703181812639	0.1579772270124442	0.06384744934294145	0.13288904776056035	0.007643311329765479	0.09256350092854945
ENSMUSG00000061392	-0.08689072324712235	-0.016898454492220147	0.01428638640366537	0.14764337063179822	-0.1578723264197691	-1.0346997638704303	0.011266653085165057	-0.21832587520936955
ENSMUSG00000031889	-0.03520713087416508	0.007043170295947254	0.2746598376175897	0.3392704624639804	0.05600940851370058	0.43669323430922347	0.018356462829438105	0.12013344769493559
ENSMUSG00000034601	0.06762064043155722	0.04415154133844318	0.13026286844596285	0.17749236240156224	0.04099832205527276	0.9985296559313278	0.04279264320391854	0.06349297440668056
ENSMUSG00000108984	0.00301790184062364	0.07487798558469237	0.3635107745040227	0.20729515357202682	-0.08411914615991894	-0.4308508366691101	0.018520325875518873	-0.1442520703045963
ENSMUSG00000112160	0.09018728977329522	0.10867466190593077	0.18556460039373968	0.2666045722671562	0.0018762565701992973	0.70299072353801	0.036153643548363014	0.07780846054304345
ENSMUSG00000085236	0.04001716940139149	0.06595836836277129	-0.1558823055361747	0.25002516225782356	-0.02785582376974327	0.393122265923647	0.021550096215399887	0.10685086619975864
ENSMUSG00000109995	-0.025679065490032838	0.06407618160251725	-0.13654110797631358	0.10173736332231677	-0.057023467046165635	-0.6795316386142608	0.014572435301782982	-0.10822852562590272
ENSMUSG00000021782	-0.03107658678599281	-0.17566721993474585	0.11425571998341247	-0.2882583522044808	0.00827229918427097	1.0332486663096898	0.03748979990891291	0.14471726288463993
ENSMUSG00000102312	0.11421193075647587	-0.19838809171896124	-0.3214744082041693	-0.6819332978336275	0.142195391954945	0.8547108705077022	-0.18412079953698107	0.2053702706152993
ENSMUSG00000043354	0.01058131436486811	0.0504232142265102	-0.08016211090113044	-0.06634960421734727	-0.005807691795047809	-0.7426092062323437	0.031083587258553824	-0.1489175173546331
ENSMUSG00000031927	-0.03437410308019941	0.048372037203157414	-0.13998117003689312	-0.2360137594169771	-0.022925286422071697	-0.4942332593233945	0.027953099849840624	0.10907634643680729
ENSMUSG00000039201	0.05754638115091111	0.12190750487729025	0.5788977014603932	0.599940397526782	-0.07311881463212863	0.056845417541006464	0.0005167880279146608	-0.11403428205934345
ENSMUSG00000036510	-0.07482846724711875	-0.2528081037847996	-0.17998994538738314	-0.6881760762474334	-0.06146188669585534	1.0029873642408649	0.043498400165174776	0.01910768374828678
ENSMUSG00000039105	0.012323325403890388	0.005620555631921764	0.20355747195866367	0.16309937584309656	0.06165754327933383	0.6832715838265677	0.023830815414844657	0.10650569791750265
ENSMUSG00000033272	-0.023204399391009822	0.00628366094226052	0.16519399239089733	0.30108317119694766	0.027542684976867585	0.7126105326244605	0.02180944594381441	0.09648658112869203
ENSMUSG00000035472	-0.030040386042932018	-0.3370314859103331	-0.13710181595459525	-0.7385959836453804	-0.06379297764064201	0.9127092552440961	0.04278535507398595	0.09760427638244173
ENSMUSG00000102419	0.047605071842101575	0.07205733378677708	-0.024657733752687604	0.06105889800986324	-0.10270263167229343	-0.2756050649825286	-0.01744693852943996	-0.06387898419771476
ENSMUSG00000085664	-0.06111998119523329	0.08745363347502572	-0.05920216435917836	0.157828141648343	0.011759095173353662	-0.061222730020359835	0.03552896137505409	0.06580269567050027
ENSMUSG00000022021	0.07384764689706164	0.03216962061489072	0.0823262773000515	0.09673173706460017	-0.009087302321034274	0.9577841502608794	0.05336508084458941	0.10885949156155998
ENSMUSG00000071796	0.04911749989610235	0.05137273324450227	0.013000262792330856	-0.000270040912007552	0.09172457454026996	0.8471269152461903	0.039966867476241896	0.20922632064880725
ENSMUSG00000048758	0.0108959925037182	0.13193218180749153	0.6536905595801198	0.36900803644700003	0.02082342513587135	-0.0759059377769672	0.014035324300646496	0.027782760483507443
ENSMUSG00000030930	-0.004852251930855256	-0.2596353097035579	-0.029973170074365996	-0.443709085661549	0.133944282179892	1.116110737164196	-0.04616189154778977	0.06921265323309087
ENSMUSG00000097446	-0.0501122539018867	-0.32576657890636457	-0.1586708243652342	-0.7298012042011693	-0.08522316073133314	0.880119377898635	0.029587687071775615	0.11255509612575408
ENSMUSG00000047046	-0.021586603485131986	0.03892009691821523	-0.15284690291712166	0.13434604447381404	-0.002279807856989083	-0.5646649193500533	0.01277261917306376	0.001454740826188905
ENSMUSG00000060743	0.07909360584212179	-0.006193005048044986	0.304510840945	0.08557870739994315	0.06712245332786633	0.8140000147157724	0.03915016005512344	0.13395594418037285
ENSMUSG00000105092	0.024233091051480127	0.0749675231894569	-0.12954156303313955	0.08358175759850649	-0.08018188735649606	-0.5971120160676621	0.006584397722139257	-0.09505546632205501
ENSMUSG00000063179	0.06866763214777646	-0.016387043217764186	0.13776231351708407	-0.08798120127785715	0.0194304646433787	0.7504867847476533	0.04404267987417513	0.17965826118024214
ENSMUSG00000097876	0.05177936455752598	0.08891796867386124	0.15413910142191375	0.3213743696019196	0.04728555361755186	0.59388983180393	0.026063801405637355	0.03652647035656739
ENSMUSG00000058019	0.010636181909785103	0.07412776608071882	-0.13108327696753483	0.017949013509159503	-0.04520650337674292	-0.7697815841436393	0.01983020337720143	-0.08661289838302386
ENSMUSG00000008789	0.0022372817112199517	0.05772340303389814	-0.16051766553898023	-0.06628025215223368	-0.06836307944752465	-0.6308836353681081	0.014428941156374123	-0.17111383606340444
ENSMUSG00000101481	-0.021599806287275706	0.04123940546946314	-0.07176959315385824	0.20909531780065294	-0.21853113877208052	-0.9033765260219956	0.0	-0.16527937111894814
ENSMUSG00000095603	0.008328946536207527	0.05239691606611161	-0.1636891944668682	-0.09737431066027619	-0.02591638893833215	-0.6148626751554571	0.017256783295603224	-0.19470416928471226
ENSMUSG00000086148	0.03488335115639869	0.07680737156520602	-0.12804485622667586	0.00915432159777807	0.012035735071012292	-0.6534694902015288	0.022249924488918434	-0.07863844165886913
ENSMUSG00000018433	0.09232596553733019	0.07807240913583395	0.5146360706175797	0.11882575605130903	0.04409312300768333	0.6148107109042105	0.03057061127574845	0.03062536021255681
ENSMUSG00000097617	0.058904375120296365	-0.35984853004157136	-0.14832241745208985	-0.6051198156828566	0.12824666282533337	0.8682552217347048	-0.08796273472277585	0.18125661176914865
ENSMUSG00000091933	-0.005607745418209045	0.06494770630811898	-0.02937054977728655	0.012545058825115677	-0.18120712021308402	-0.7286774854708229	0.00265595796948237	-0.13081379250895564
ENSMUSG00000090394	-0.010946920386433912	-0.06418270646280864	-0.12675987715283502	-0.4685022233323371	-0.05785340211920435	0.5011528393307972	0.032441157964500415	0.30623628481274373
ENSMUSG00000090116	-0.007447895801023452	0.07719351379100182	-0.25518089744993594	-0.08332502926942675	0.09249636073780684	-0.5663035173252041	0.01309463388330094	-0.12443533733085906
ENSMUSG00000074704	-0.0029149419794760045	0.062685416658854	-0.2557562024828408	-0.507694569249616	0.028177580387543557	-0.029923166083091268	0.04209149579584743	0.19536125651661002
ENSMUSG00000027643	-0.07215721680323926	0.06216909304558298	0.026240982651870942	-0.03454064907199297	0.045405320914879345	-0.25480787395622057	0.01940197749378253	0.0740182912669893
ENSMUSG00000021196	0.021420141813819345	-0.05762876068053647	0.3393001887342823	0.003940296566789281	0.00033240475257079183	0.8283027813294904	0.052866002768942245	0.11323907475553908
ENSMUSG00000087301	0.004989950054160586	-0.08897591697435692	-0.17994087352646557	-0.5049097809877678	-0.04032756748569782	-0.012386026396689521	0.028115307129438757	0.13260728389477916
ENSMUSG00000118107	-0.043001772346114964	0.05928908629803493	0.05750726940872353	0.32114086156772065	0.006043088107424619	0.06808206408764121	0.023254484709331117	-0.010102674930673239
ENSMUSG00000046191	0.17478441461307026	-0.14087536229965616	-0.4055284594027299	-0.7932500194708471	0.07833405721182163	0.24218951094290844	-0.14768018276876793	0.22461339109424808
ENSMUSG00000025016	0.05058631739930247	-0.05657522546886584	0.20702592530534136	-0.1399826789156716	0.032884182352799676	0.862587754121781	0.06015011110141763	0.24467485429036104
ENSMUSG00000020515	0.05486133080054969	0.04328421946812089	0.2420480428413633	0.37482838471709456	0.05432495763839902	0.7093726579291217	0.045558742406294664	0.10753889826674723
ENSMUSG00000026887	-0.006427852716006911	0.14668067429503315	0.15111377101546342	0.3018102864076269	0.00043996237534349447	0.36269035015309237	0.028960552740162137	0.10131957799277744
ENSMUSG00000060560	-0.03234558447243408	0.05753171730677964	-0.16190238675812202	-0.010678269362144778	0.0031632505644969555	-0.6038021653395935	0.029446469237059975	0.018802583171190233
ENSMUSG00000104805	-0.0004567898910294854	0.025311748771570833	-0.03705544706339443	0.15270171603370852	-0.028974804223565506	-0.9939269382310663	0.012786903174344909	-0.15621664500428092
ENSMUSG00000073954	-0.009164807185294468	0.02075043312075941	-0.1486205126360001	0.004494486104579254	-0.028981786610601624	-0.6982965277184051	0.009339607061562198	-0.2708791551239616
ENSMUSG00000118064	0.022446293902438585	0.06761727724031387	-0.0741569153375685	-0.08353720379928765	-0.012076772410151482	-0.5016612617236837	0.023595113423391496	-0.09214650559415516
ENSMUSG00000022387	-0.07464469933849965	-0.09644472839887674	0.1716261183294345	0.0378448356155004	0.14084931069399387	0.78002578344302	-0.01767394454712279	0.2056316301086208
ENSMUSG00000028266	0.1287551294488995	-0.08340367729693898	-0.15298443590799596	-0.2912356976277156	0.2585609519477932	1.0629866222732947	-0.22774076014861402	0.15927237568621944
ENSMUSG00000115775	0.01569775016204672	0.09477768192012093	-0.131384426551667	0.15510539191184192	-0.040804236202191875	-0.10552081847028502	-0.04550533008159434	-0.21720811351857489
ENSMUSG00000090374	-0.049082409028002975	0.0843428076267387	0.4642161877690565	0.4383219675911421	0.08063364212914839	-0.061954468459533237	0.019523500006154024	0.008298086892582601
ENSMUSG00000062826	0.01546336297961437	0.05859362739930788	-0.11589135152988352	0.07306868655017361	-0.07293258897019343	-0.8950240148213179	0.019469187573351747	-0.12380221844832226
ENSMUSG00000024991	0.11074571332838576	0.008810098575685377	0.3765425585385907	0.23574289584968852	0.10774482177007699	0.9358107244698052	0.05059483704532802	0.06958996589882206
ENSMUSG00000029005	0.04556829631259418	-0.2768204759896753	-0.08263759092706355	-0.5189997936498235	0.1495526308712248	1.055784893701594	-0.08622607868985424	0.11246254303813659
ENSMUSG00000114479	0.031039162670728537	0.0789649832709163	-0.07608130133605934	0.09655041168563001	0.0311126830784721	-0.6682495762541115	0.024091268029018287	-0.1736146762135609
ENSMUSG00000116608	-0.05004200983919879	0.04872225105667261	-0.13945944219327802	0.043358377253609845	0.012183265521663031	-0.610693042081994	0.005819623325077461	-0.039007953830817656
ENSMUSG00000087466	0.05484456003074072	-0.1471275175089027	-0.21021195346882662	-0.5678304039530223	0.10572794044524982	0.8931240028767085	-0.040018908653729424	0.21756315685852498
ENSMUSG00000053046	0.011682005998158496	-0.21038358079405967	-0.0650000484648702	-0.3860951774897257	0.012253229707032685	1.081140364274493	-0.027645101210308175	0.04469956909889663
ENSMUSG00000061589	-0.05362088208946392	0.04540672879534353	0.2830207236133294	0.32422444755029	0.028543915180201867	0.5232735845578308	0.018607451212410888	0.1326345692333446
ENSMUSG00000026421	-0.04107912486374245	0.035642051039203974	0.0308733798077152	0.25027235281970944	0.012068848218363215	-0.48483306200347054	0.0070300715535365765	-0.07449899378635416
ENSMUSG00000015755	0.06106311861130862	0.07253769425397864	0.11947352162063893	0.4270663852425374	0.009684186856088628	0.7129725713053169	0.04004046786670927	0.12655832407008524
ENSMUSG00000050756	0.012718209275597747	0.0558869266550875	-0.17749741772426872	-0.04759116364373724	-0.02413912057866595	-0.6539387408534024	0.015026817105655019	-0.1619867466275589
ENSMUSG00000099747	0.02029396423152877	0.07190899372308393	-0.18761720801688844	0.03149958526063509	-0.05187313779493537	-0.6318000545589496	0.008376107623911722	-0.12373403310143928
ENSMUSG00000090892	-0.004949651390809162	0.036184015369449915	-0.15210788721276847	0.00985219562969563	-0.03577859846148852	-0.8204666889835135	0.01991125191951699	-0.12532354805080476
ENSMUSG00000112809	-0.013236234444849943	0.07268604860064098	-0.1663453426627111	-0.12951119947571668	-0.09055980328498975	-0.5764289451857996	0.013339737246627625	-0.048310423064926736
ENSMUSG00000071267	0.08453125715486273	0.026443657367521276	0.1353491210778768	-0.04360995508618041	-0.019288047125352037	0.6497169396496035	0.04607816069274273	0.2625274262490923
ENSMUSG00000039620	-0.007150808466672089	-0.27066735298147604	-0.10477419901937286	-0.6005942921762387	-0.00011883718185934367	0.9891231352563048	0.019563633051689303	0.1279616962087905
ENSMUSG00000031545	-0.04465675201715777	0.008874184500844429	0.09876599030812624	0.09104323355401708	0.009093481924059926	0.7713284295683204	0.018200365612420825	0.17332680701049272
ENSMUSG00000086617	-0.03579270861259573	0.07916994131358014	0.25295990933861234	0.3501148267722776	0.0124488259024651	-0.12006639115368514	0.021779011683025873	-0.10460142204551083
ENSMUSG00000022265	-0.014665323687438003	-0.17183890437253574	0.024323302012920187	-0.32199745955115877	-0.04617613545442491	1.0247858752933834	0.03473021385880522	0.14379252681561305
ENSMUSG00000008393	-0.07230544334584187	-0.13734913043216382	0.27228625896497	-0.2575212483611676	0.026280855832074956	0.7960351408399389	0.0417746472558694	0.20554942662944103
ENSMUSG00000039153	-0.01560611030636505	0.07523869883313233	-0.1663432268293393	-0.08291685609387309	0.17581910054881428	-0.6313224802107044	-0.022956930025979764	-0.06886448832962201
ENSMUSG00000017740	0.08030485368042171	-0.019453526977504115	-0.18905089382616821	-0.14461336624226476	0.11802631554337559	0.4705557704299665	0.006873193685889234	0.23778676235435878
ENSMUSG00000117809	0.10681613460082122	0.12546805291490803	0.5014601668953019	0.21729433345778446	0.014742009868348654	0.28003542837017303	0.027011648462339683	0.005070907099332667
ENSMUSG00000099485	0.006520872696193614	-0.03230018211579567	-0.12269581587682891	0.32000499546176736	-0.09091978658467925	-1.1845215162575202	0.006847017593830738	-0.2161939819909386
ENSMUSG00000034738	-0.004946399173519855	0.035948650248544656	-0.07736472029250505	-0.017012268103582744	-0.012573954009285657	-0.3772701874405353	0.016726757095821335	-0.06689400576847652
ENSMUSG00000026659	0.028379415805011108	0.07707983304922758	0.26573268928147936	0.3771676097303885	0.014674806516732808	0.5225218023496535	0.03014510377654875	0.10279238041900132
ENSMUSG00000113704	-0.0888377348786493	0.07599774489705793	-0.054667568304274106	0.5377032063077313	0.08767546774691735	0.15159653553958496	0.03742493929079307	-0.029619342851965325
ENSMUSG00000024958	-0.05560325515157731	0.012652278716871069	-0.0978360721483439	0.26641145129379556	0.14635949535916987	0.631662179331423	-0.009731741889479562	0.1928361842690285
ENSMUSG00000102251	-0.30031980027074034	-0.06055706672412464	0.27465412379305437	0.41454993072064966	-0.5588765341046543	-1.0918566499470843	-0.12644204138571155	-0.3207683150879779
ENSMUSG00000019907	0.08406016469571294	0.009232989228419752	0.15572040177830912	0.04895306612782609	0.045568510884024166	0.847102411489702	0.05573683556344443	0.17226040495943234
ENSMUSG00000033701	0.06015020888214284	0.07598816689140034	0.08523602288184079	-0.03844906852795238	0.029651678567841414	0.6169742214424666	0.04219338709009901	0.32762983253046546
ENSMUSG00000039801	0.09597772255142907	0.009899176641720908	0.2781099872176764	-0.17128764196345175	0.011322822204473742	0.6009257084790781	0.050843507594019684	0.2341933660079674
ENSMUSG00000102742	0.13463082770223264	-0.36560284308425184	-0.1965052407387609	-0.6698864039459541	0.23930743875217572	1.038047785736706	-0.18700891914876738	0.09237986114462249
ENSMUSG00000037791	0.023571500484076857	0.05684587640279993	0.25790073081415255	0.4456547198514018	0.025796643558703067	0.5752257750105474	0.026241169337649466	0.09591412778194414
ENSMUSG00000075272	-0.03555414625676191	0.026558639558659447	-0.2339782514210484	-0.1558187241246262	0.060687746699790344	-0.06085612322222307	0.04453924143762581	0.13833321556253522
ENSMUSG00000053044	-0.013592640740483303	0.0739919601504553	-0.061773685199248925	0.25602138825580395	-0.020822255436138266	-0.6138158586496326	0.013356214864979288	-0.07310138768459001
ENSMUSG00000110481	-0.005281376704034058	0.08423730966609895	-0.2265670357282531	-0.015304856540587672	0.09471607461165785	-0.5380902474516734	0.02391471011803888	-0.1186397995386269
ENSMUSG00000027030	-0.006570778499603136	-0.23777279666506843	-0.07829258255978025	-0.45727210113704536	0.08016311268673146	1.105936808224425	-0.014935132920855108	0.04061242388915881
ENSMUSG00000000903	-0.03725059135779111	0.022809926098907297	-0.013981589005434059	0.002251323940943406	0.04014897967849717	-0.5750134411439987	-0.00397716479836063	-0.0700908951131996
ENSMUSG00000015950	-0.019073751774703336	0.04591702970157397	-0.2687379183496074	0.4328040009409522	0.08860005489910644	-0.24325885592880744	0.10508310773103696	-0.11395151940216516
ENSMUSG00000096446	0.008218154205772876	0.08046028238008407	-0.16904752384246152	-0.05369864958975728	-0.009852181650455021	-0.5894025175634525	0.020287272649276565	-0.13654320474757306
ENSMUSG00000104645	-0.1924342376264765	-0.413081050804703	0.17315395541821887	0.6730806076104978	-0.5162032314582754	-1.497932320958321	-0.12118444030212619	-0.42119302212295207
ENSMUSG00000036330	0.018084573684426633	0.03264952537307402	-0.1170053272824687	0.11639267162559319	0.0032780065694884564	0.08974166399974962	0.01973327406892691	0.06287869331131093
ENSMUSG00000026102	-0.013525741188386675	-0.20447207476870835	-0.09539141255241267	-0.5519380277073317	-0.03402857100948621	0.7671189952663626	0.02914311755610119	0.2314666642708849
ENSMUSG00000105772	0.01313486495851246	0.0786854847399205	-0.0856891556756089	0.028095197294118454	0.013568550119145812	-0.5699478359367802	0.01933501531526821	-0.13555715225744414
ENSMUSG00000084295	-0.022904907173522705	0.09950957686534118	-0.297026351342532	-0.2693015831896875	0.1341772212040678	0.014569178958715106	-0.006260385811308611	0.044432733248177
ENSMUSG00000060206	0.013393910964522776	-0.027706116212192988	0.19357042610345282	0.07882014420405187	0.05989419202753817	0.8427738972001604	0.043108068857210594	0.13792221791147324
ENSMUSG00000081108	-0.043437800372472996	0.017866183641058034	0.12490083462431546	0.08571415551940924	-0.21490841438528138	-1.0284409961778946	0.014351062827154815	-0.13778291303041143
ENSMUSG00000052182	-0.01002920613019787	0.042150765265554974	-0.22131395674956306	-0.02442361675346968	-0.0468387526364044	-0.5835863039388031	0.002621299975236191	-0.22128418370062355
ENSMUSG00000030621	-0.002195308864320178	-0.18035636718134027	-0.11829895017082795	-0.757005573532188	-0.03177024625200252	0.3656324209870931	0.03883704947414159	0.2946723271017188
ENSMUSG00000028642	-0.04976273254217525	0.026716890644500554	-0.1097374436826201	0.0415003295130304	-0.023908900614826357	-0.3392295305464762	0.021906167211320333	0.02165317404228978
ENSMUSG00000044787	-0.01947338827353584	-0.14707204937678717	-0.11286362456119783	-0.41969162481283284	0.0925608628155425	0.532925484746193	-0.01986481745216013	0.3269618282039969
ENSMUSG00000091929	-0.008619080535244093	0.033068853023910265	-0.05441773832666366	0.04143246358103725	-0.17777028178824603	-0.7544605146406294	0.001657786254519955	-0.24580334133058276
ENSMUSG00000100126	-0.20526425618553718	-0.09336764651468328	0.15671393950582413	0.32769851891967505	-0.32391673200239884	-0.9047744094867269	-0.13655473635149634	-0.4423528503111059
ENSMUSG00000107533	-0.006687568366954744	0.08457330861469375	0.03771517686792312	0.13266646103870075	-0.16074698393534606	-0.6472368140228698	-0.003692759877427565	-0.16477073953319357
ENSMUSG00000032875	-0.053048938913344064	-0.13125459024134722	-0.0071365737566037035	-0.1451551547908979	0.1088915633234094	0.9932953962738875	-0.060010196693170204	0.1542306476889999
ENSMUSG00000117892	-0.004372149801175063	0.07086486448634395	-0.10316679248606624	0.1052459575363233	-0.08385143994627077	-0.8975313420298966	0.01781659967648965	-0.12146240822279321
ENSMUSG00000062077	-0.001996780144603194	0.03703384864725417	-0.25597035876276925	-0.17661359310468475	0.18791552414717058	-0.2482418998556736	-0.04764147335723371	0.049845431187485835
ENSMUSG00000000439	0.03995345898013823	0.12187699406251933	0.28262968776116404	0.027262247617635727	-0.04021105230351063	0.4102213703893029	0.033268071132060574	0.2126274801405393
ENSMUSG00000031697	0.12197511068597823	0.051784340779226674	0.4409867104012275	0.2402734003657424	0.012670783542818143	0.47427286176404015	0.036435392952454466	0.13068301403122076
ENSMUSG00000099799	-0.2508003772320698	-0.04912510801303341	0.08933611913754991	0.21561108380078767	-0.41627723632990954	-0.9570180921083552	-0.05012317334131316	-0.3874605042458675
ENSMUSG00000020700	0.038269537997340085	0.02747318651148345	0.08143587153125867	0.20468075643950467	0.03753781674548451	0.8039250403267713	0.039454413104701755	0.16046396079164027
ENSMUSG00000095302	-0.1624627477976335	-0.07890598004125658	0.10370059546086052	0.2970731639692421	-0.4020050483785545	-1.0866317373163068	-0.08575539188006437	-0.27823596037217946
ENSMUSG00000073976	0.02070137619243797	0.06734285681140946	-0.1542492225320301	0.023033445043430783	-0.06818010045514723	-0.5997080972418048	0.009856810557896778	-0.19310371564852813
ENSMUSG00000112716	-0.060892848960474505	0.052294708046953506	-0.1445030555936975	0.04456155466255201	0.0301493116070047	-0.3402612088632472	0.03250945121265886	-0.009249274512030281
ENSMUSG00000041782	0.09822021947493988	-0.3679895432999377	-0.1429737625440458	-0.6931692076568085	0.12838779500615743	1.0081012923171684	-0.11598156219680437	0.09372404001536193
ENSMUSG00000078518	-0.03291848402831567	0.06423144084919269	-0.15641182388610095	0.10713511421538757	-0.010579573477499318	-0.612996989886878	0.015036245777906299	-0.1463674114307547
ENSMUSG00000067336	0.04181131695569368	-0.046216716417120995	0.05801345851585405	-0.07063546107696284	0.05700949902248359	0.9683393757994436	0.051932282512745495	0.17916404848059111
ENSMUSG00000116840	-0.024146574477953875	0.05748126135661643	0.024000204370830152	0.33690075917071255	0.06229001236120375	0.47859697205771856	0.02614784729843341	0.20578978629292344
ENSMUSG00000058820	0.009440564748612094	0.03197915820601098	-0.19393287019439023	0.030774500978590334	-0.03359300774772707	-0.722475039859189	0.00850705316806688	-0.1941617697940498
ENSMUSG00000030980	-0.01252684046113206	-0.0575056395830783	0.4614209419589776	-0.054315032931927985	0.09966842402512595	0.6016402679015987	0.029651101021615354	0.1697132676220465
ENSMUSG00000028848	-0.06794854598365152	0.05074482414031375	0.3085990506973947	0.5698220349219618	0.05645891003823675	0.26060815663043135	0.01508800808183368	0.04556364052713288
ENSMUSG00000022591	-0.04955501248179746	0.0728413871289151	-0.17550518633463325	-0.010894527361354047	-0.015142115002082344	-0.3946482225508547	0.008041685685076572	-0.0849123096301414
ENSMUSG00000086029	0.03499705335958144	-0.4731450614738379	-0.24588523209858518	-0.7826351104458408	0.2816020367969611	1.034985358881352	-0.1896374841785681	0.013530274714742219
ENSMUSG00000116767	0.014280421956715276	0.08806945191766438	0.04790420100359224	0.2328834639964073	-0.11471393454234492	-0.5304717886966839	0.004010048121593113	-0.252309098454511
ENSMUSG00000023075	0.03443368137788081	0.021994440524917724	0.31608211038948414	0.11674362588314295	0.032335856759115496	0.5682509321310001	0.031422959120985645	0.1375562247363282
ENSMUSG00000038776	-0.0636442854752038	-0.0016415811497548227	-0.048886451177580066	-0.18067341888471172	0.043653158961296526	-0.12000614321526408	0.021926320999756273	0.04607970745161223
ENSMUSG00000048502	-0.025362046066167605	0.08343892748733822	0.3089605527663126	0.2085066997693805	-0.26174119226984877	-0.6473475348649101	-0.0256843902568269	0.006110963643847223
ENSMUSG00000051527	0.001232322829484711	-0.014235492397002694	-0.09163969440714308	-0.2676463880667003	-0.11276766639183664	0.9704422193240484	0.03650643463231194	0.20283984142477812
ENSMUSG00000093725	0.020867706369167793	0.07660878058706665	-0.157413199560789	-0.055117241118766175	-0.022996536378867536	-0.5920574295743306	0.015755995698592318	-0.13273687737766085
ENSMUSG00000027312	0.05328046029196829	0.020375654367419716	0.1244108114850737	-0.06789727199126094	0.02639388162061878	0.8559149258780833	0.05376334844383376	0.2218912274997867
ENSMUSG00000113224	0.014560970855353905	0.08073445992929362	-0.14368268222627537	-0.06877532665450933	-0.015495248055158301	-0.6648662322387874	0.021864969336634368	-0.07438991738026385
ENSMUSG00000112468	0.0015455864672133668	0.07090613487582084	-0.1317787024898726	-0.01957205579047503	-0.0918912761491225	-0.7923959105004812	0.018609183769184096	-0.04407291208869677
ENSMUSG00000024953	-0.07421012204966995	0.03171795336986676	0.08101354246346368	0.32537995307044687	0.02651989972627055	0.7883755317915195	-0.013260774651583596	0.07920177303719672
ENSMUSG00000117459	-0.001085101955812573	0.0768141774511496	-0.13284450871420947	0.0231484016520622	-0.039548151395354496	-0.6632098065015076	0.015928688684861053	-0.1639044619415222
ENSMUSG00000093666	-0.056908132723499504	0.03608218432859198	-0.010479812255461034	-0.11761089229156237	-0.058095961293660174	-0.535979723368464	-0.0065154075903712805	-0.315429833932157
ENSMUSG00000116830	0.0010972831955929907	0.07680957225111794	-0.14857911812890795	-0.0028601182640960155	0.018611861679800286	-0.6726103329758452	0.020271426061315042	-0.06720826807312416
ENSMUSG00000117093	0.01831143466442352	-0.15703704868080104	-0.21054498443210706	-0.6260170488742903	0.011361669427065013	0.18921804547295448	0.054498323119821314	0.2590634458677263
ENSMUSG00000115344	-0.009259867349029505	-0.3759813885414115	-0.19755789497952547	-0.7334080499272715	-0.01565439055140173	0.8511984184608543	0.016389315971559352	0.14199542934375023
ENSMUSG00000053211	-0.1503041512776756	-0.09055188180718617	0.13219933972137404	0.26975076726126984	-0.28370777601628017	-1.0963755297829125	-0.052300719903098036	-0.3125657839459154
ENSMUSG00000108446	0.032054295070058345	0.09880081361472916	0.09617650650181989	0.19800727444947805	0.05277843745808138	-0.4302745498784302	0.01122732417160266	-0.2884753630662603
ENSMUSG00000003072	-0.06435403525719705	-0.09011623219671558	-0.02144738421161585	0.03290701845238849	0.2848328959340887	0.8503534403471218	-0.08236408372963454	0.22291923472437217
ENSMUSG00000037845	0.0007959957126417727	0.16387836413396456	0.1321635591720395	0.382026258094483	-0.036275803341927065	0.5786001085253636	0.029090024817384017	0.02535066810059236
ENSMUSG00000026357	-0.017765762782725902	0.05941962269227508	-0.11759723980697394	0.40444437327417376	-0.05104675483073107	-0.6248641757404021	-0.02318456550958323	-0.3156643969563685
ENSMUSG00000114961	-0.06701300940601303	0.03669166327407935	-0.12641920688290437	-0.06830698564112783	0.0288656758430052	-0.20531971232011312	0.03744346150096968	0.06433795794454643
ENSMUSG00000059273	-0.022508694635905657	0.061469521109538475	0.228974478826526	0.5133168031893206	0.039692606145243635	0.5745166381952785	0.023678004022302218	0.08130077627086872
ENSMUSG00000027523	0.09793951304268811	-0.1877574166704448	-0.16439333940665446	-0.20230822172288762	0.29298751370550935	1.015444744537086	-0.267624642861717	0.17023776168965635
ENSMUSG00000095190	-0.3043770236548076	-0.09644880219332409	0.1574157192423596	0.46969522968468735	-0.6210944008659355	-1.4041416267140145	-0.04048956078943222	-0.27552734531194684
ENSMUSG00000002102	-0.028824521172785555	0.05376411885343038	0.4198346359535017	0.32599345225715837	0.027494684367840038	0.3628481891822621	0.02383376561202515	0.07601423973325326
ENSMUSG00000110278	-0.03542096572255875	0.06323961634209893	-0.1299654177267757	0.038847105850227964	0.021552009239690025	-0.4020509627037355	0.015432411682629765	-0.11589702821065787
ENSMUSG00000000743	-0.028889097623272617	-0.022335654443376374	0.34236214596439685	-0.04259618191731312	-0.028823126596325237	0.6382425138552152	0.027243016130483116	0.1631172865293043
ENSMUSG00000020170	0.03419817851069456	-0.07158665980116208	0.13825034176161766	-0.17001279393378635	0.0339386355010936	0.9190822758108346	0.05093859041837299	0.2233391368388446
ENSMUSG00000058454	-0.019323251990538304	0.024872934825447175	0.25677444541817634	0.2561001331787639	0.021632402743056223	0.27793365426857225	0.026416581022169705	0.0780041971356134
ENSMUSG00000115419	0.014486419924603755	0.053409438053429716	-0.1361867953534999	-0.03935780305646614	-0.041930275148758654	-0.7053783291836463	0.017885139504475567	-0.1789757368733135
ENSMUSG00000016487	0.03844521618154529	-0.0452732329861067	0.10538491096958733	-0.07310592942198249	-0.030963041452477302	0.8793064210994651	0.04961988265085858	0.2017656722031932
ENSMUSG00000073959	-0.011725396873082716	0.0634751105630388	-0.08685708284808409	0.09978548758778216	-0.05645217464959952	-0.4648517119486811	-0.017603701206601246	-0.27173385323585286
ENSMUSG00000074300	0.020168266281735514	0.07794605313767129	-0.10586326003107407	-0.08450921306295214	-0.03585468781408881	-0.5689151593497371	0.021414136342878178	-0.17382359828274974
ENSMUSG00000107109	-0.012782134304548012	0.08663436027571836	0.16717838798852372	0.4852714046636612	0.006524603581498589	-0.39143750609841815	0.01912536086529001	-0.08662477390798631
ENSMUSG00000075593	-0.03983148728688874	-0.032465309851290466	-0.09173861537965357	-0.33553295367409053	-0.027721030464055912	-0.20083533246481627	0.029225270952811355	0.17768999221583903
ENSMUSG00000028005	-0.01735933491226051	-0.15798939953012014	-0.16812223110940172	-0.6421938753422576	-0.039778259273602914	0.9472788223279582	0.012257042281234032	0.13586501094122075
ENSMUSG00000058488	0.013972333879904928	-0.3448800311531766	-0.1834237184150503	-0.7837170915506728	0.12300464694803365	1.0319025068640895	-0.07700892723453386	0.007472203349664253
ENSMUSG00000026782	0.0025995095487909383	0.02062628488279288	-0.003891840511133552	-0.002186456497586642	0.044370017930913205	0.958545007109616	0.04111765046402428	0.22072179510328663
ENSMUSG00000057321	0.034317977214515925	0.09559930505422233	0.06936539746548316	0.37487525332730176	0.013481103791762705	-0.8614543558057016	0.021746389425063746	-0.17100390279022565
ENSMUSG00000012705	-0.04596458894236993	0.0630510239355618	-0.149772429415573	-0.002027577753869636	-0.03235209879105058	-0.4231080413415042	0.014953998275885522	-0.07132151137204495
ENSMUSG00000093866	0.004941495487884806	0.04761933724827872	-0.0949383012182324	-0.13591797996144075	-0.02387203778135024	-0.8231474087160854	0.020906813027028005	-0.05675926501204393
ENSMUSG00000117599	0.029729430714879518	0.07271227650633218	-0.065963013801391	-0.016503222406325728	-0.05165573057057251	-0.6165817173362019	0.01127430226472459	-0.14510881811039436
ENSMUSG00000116849	-0.04190116340419891	0.05992417233123865	-0.14147343599246381	0.10044505315721086	0.0411700191921848	-0.751156081785905	0.001505860694569705	-0.03705944331403184
ENSMUSG00000031095	0.0774173447091066	0.07247916485794316	0.6749354605726712	0.35654323609310445	-0.14590971044365778	0.5490422790490903	-0.016063181711717167	-0.05922910657166694
ENSMUSG00000113115	-0.0064961828916223485	0.054186130158148826	-0.10069185868531522	0.06652282768535388	-0.1615721755927068	-0.8274060733046628	0.011262308809724004	-0.14252648417665778
ENSMUSG00000022471	-0.016026356554454557	0.07425370810638077	0.3322327610492459	0.23863359366557274	0.02198654087010507	-0.39313733812958757	0.01867206117199212	-0.038808697167318607
ENSMUSG00000022209	0.02086808430989285	0.07800856989301395	-0.07810779948645664	0.006627637651631324	-0.01729707159547204	-0.7417401042496319	0.02303243688665659	-0.050055633729454964
ENSMUSG00000105653	-0.005401477035017132	0.058420212614037424	-0.061831221134582726	-0.006229075969480319	-0.1793720315478345	-0.7656399953915022	0.011020959593517565	-0.13765408908781385
ENSMUSG00000068817	0.020397981781829902	0.09737135730967546	-0.147133875889926	-0.055324081539855526	-0.008628110723372773	-0.38707597694134943	0.015481425100179778	-0.24973719185474638
ENSMUSG00000087300	0.00942514033039088	0.08472204026027956	0.3540839971224047	0.5341037481861993	-0.01867227282210318	-0.4518417492755662	0.02700113933263531	-0.10505211918045577
ENSMUSG00000113669	-0.01269061446464418	0.06632287865309058	-0.08082671605259334	0.060987691722499016	-0.14703484323030205	-0.7589295518571288	0.01660534024498872	-0.1099112815451422
ENSMUSG00000003429	-0.06956119901730816	-0.019269897640863176	0.364238115326446	0.40717416939201345	0.1600296915328382	0.8423248543610498	0.02476469333048726	0.04295270708972962
ENSMUSG00000073664	0.08300946589280814	0.06852607493009578	0.13368439610501762	0.03927729825097808	0.033476154497422694	0.8270673961219985	0.0513704086510618	0.1516050418842387
ENSMUSG00000117863	0.00011486380747394165	0.029590060969225476	-0.12030530573147184	0.016990558048204457	-0.07960772987035326	-0.8105850276993413	0.013978199024951421	-0.16319769512705465
ENSMUSG00000112818	-0.02579722063133691	0.06047612320587215	-0.018738628729564045	0.10514860474448574	-0.013856669602221788	-0.775276099250436	0.01986165833398279	-0.07734849924356908
ENSMUSG00000074852	-0.017819894966507537	-0.35642458688473666	-0.13194756026898047	-0.6749859145377196	0.007902734995515304	0.8090872857743452	0.02622934911152403	0.17505940305479195
ENSMUSG00000056130	-0.010021850837434565	-0.1544070537370332	-0.11184293747857732	-0.43459644686359705	0.03620440424296163	0.7963252350349929	0.015389506572740358	0.23967807762077564
ENSMUSG00000033985	0.005768606412511534	-0.051969053726353014	0.09217191526945709	-0.0187666477127768	0.053985855379054495	0.674809863235447	0.0366497929163254	0.21349146245943082
ENSMUSG00000109040	-0.002730612114364317	0.0798647241722685	-0.12817070584206403	-0.08376520091304482	-0.017961876706947006	-0.6403489840466734	0.020468049955427205	-0.08992042266683006
ENSMUSG00000057346	-0.03603340624397881	0.07192740491380871	-0.05370031906185114	0.13902865716648194	0.015849498733815522	-0.5879733676255371	0.01547152413284203	-0.07937601177021635
ENSMUSG00000032534	0.051077970025060725	0.053684760781851575	0.08960201429633474	0.3424622956990005	0.012398217147692625	0.8785167847888938	0.038267796130009885	0.09891155264666217
ENSMUSG00000101191	-0.06562083852339098	0.01811717213354331	0.3532852690185198	0.5566781057591501	0.12019955762911222	-0.12363757927766411	0.012925049110978581	-0.09138956781496715
ENSMUSG00000031740	-0.05158097993857847	-0.12600081493422502	0.08274542157474511	-0.19313025460209512	-0.040438728868722976	0.5077567680252593	0.025996986568276592	0.2878585626434074
ENSMUSG00000114185	0.025850688855934924	0.10031713163081002	-0.10863838707362089	-0.021544995355700345	-0.022079465392569494	-0.48139729088702776	0.018900335426667025	-0.13614574434133098
ENSMUSG00000038279	-0.06196862927195566	0.0012853260135143874	0.4494823406975521	0.273976987357984	0.05182238802704335	0.64617557616307	0.022024760418684494	0.07952266366265291
ENSMUSG00000086119	0.020555315820245612	-0.22584261144842044	-0.06725339229463495	-0.31900865659787864	0.1311117584967741	1.109009659184279	-0.0698083461307031	0.07789803428259778
ENSMUSG00000075105	-0.023865786260948263	-0.0019382539804899664	-0.11486942493572747	0.012884911512827092	-0.023476186589270125	-0.7799314936639827	0.004415027487159717	-0.2511432949602512
ENSMUSG00000118546	-0.033335263633579366	0.07897069021988093	-0.1758832264173121	-0.11925538705032565	0.00983884372993038	-0.46495038555861484	0.03716518539046389	-0.03292004073561554
ENSMUSG00000117694	0.10847594067687044	0.040114788349646525	0.4312710808314715	0.09474069847398743	0.10655327038951384	0.48181346042892853	0.0351788832570159	0.046415016582742594
ENSMUSG00000027442	0.013554890271296971	0.07482216252980464	-0.13648986630601823	-0.015216597454678904	-0.09981584966635297	-0.5563197880623721	0.014114556993106549	-0.1860752246765477
ENSMUSG00000108467	0.011659069712603776	0.03168339313326372	-0.14038548242735366	0.07566357410540618	-0.06562136838699337	-0.9183288905710916	0.015536120492563223	-0.1327462815237881
ENSMUSG00000015970	-0.03306065154018339	-0.41485176668297835	-0.0780190965955983	-0.7733334827550443	-0.02287707546261878	0.5965854882728734	0.006439026185687591	0.21018325198469545
ENSMUSG00000087032	-0.007546832956493259	0.07978584236591144	-0.1443547651743599	0.09616257281544575	-0.08282569172750304	-0.697235386679159	0.0009832371624328706	-0.14575750898864456
ENSMUSG00000049287	-0.08310711445082655	0.013464534011351873	0.03211480490458652	0.32542149584772934	0.02638706953983038	0.8255756400456379	-0.005818378666442081	0.10108762209058478
ENSMUSG00000045591	0.29670556734237713	-0.2532023250778916	-0.3780487171774744	-0.752346346753476	0.22293132993551332	0.9775783633863762	-0.34147051271169193	0.12953830859945312
ENSMUSG00000026669	0.03062114348260439	0.05973781774666948	0.43843786013505937	0.45944543037596797	0.021263535056428456	0.39179874505402423	0.026891848376175947	-0.012108144343442762
ENSMUSG00000113386	0.003195903681276757	0.08381618826999958	-0.026127087788528083	0.005266946066316598	-0.019128781094745265	-0.7422758987193846	0.024299780543289174	-0.15253896949368212
ENSMUSG00000112219	0.01356983088462882	0.06588604980192342	-0.10340622782373898	-0.03476630774979889	-0.10627561496301076	-0.7459754644300837	0.01790437752445159	-0.10918527564701722
ENSMUSG00000048327	0.08118822849320707	0.06356007102963308	0.31816485105696507	0.25632259071067476	0.008576511126433317	0.4799683776613676	0.03306149825405527	0.06445013281970557
ENSMUSG00000108584	-0.029568428704330834	0.09578610771854042	0.12096486259012366	0.6987074104425697	-0.0010261591949481397	-0.49003557989917296	0.018596732141384513	-0.14166431994180392
ENSMUSG00000100429	-0.024990363695369805	0.07442050042751536	-0.15850886823049923	0.036685139589453554	0.015242483691129127	-0.5021510726564633	0.02284441331421657	-0.07679700555155114
ENSMUSG00000031503	0.024062412277139678	-0.35596279341845705	-0.06615416701665519	-0.6171917371734731	0.05723502761053132	1.1017308510560815	-0.023956327129019468	-0.017704157682050633
ENSMUSG00000024773	-0.08688964339079767	0.0784619817864105	0.3532792025931731	0.3903904690157534	0.02409243639522247	0.26281133248600624	0.014097917686840638	-0.026052362773472115
ENSMUSG00000087484	-0.07635156229791462	-0.03917726892154434	-0.006194775935645658	0.18171735428638114	0.04245933160453891	0.5371168032175354	0.024987210843441313	0.2000720690663094
ENSMUSG00000022858	0.12339416130552935	0.04691572234183469	0.386462708946699	0.3285469121149111	0.08429209000957813	0.7367078799586098	0.032433477267580724	0.05318596142897891
ENSMUSG00000022034	0.11266956941315662	0.09248842500289473	0.4257192276654953	0.5606632749522877	0.04203689074228891	0.3554630677095378	0.02454631405662755	0.0359964633657345
ENSMUSG00000028690	0.05158592747263782	0.05386336903088804	0.2886629510283565	0.32900954837546104	0.04392908841501857	0.6627270292274305	0.028792733683799865	0.07545598796477518
ENSMUSG00000024240	0.07176776947207981	0.03746444800044075	0.2353702883714091	-0.0418681915142296	0.011190237140271222	0.5481758370198545	0.04234713117682391	0.20317261280802404
ENSMUSG00000112485	-0.012233019886664408	0.03300862383226332	0.12924881271415928	0.4533826348083905	-0.12737050837085168	-0.8811893546973476	-0.011813423897460318	-0.3208672519847855
ENSMUSG00000002031	0.06727421214843102	0.01765388935570424	0.34267498477957775	0.0032521540717298514	0.030438617365091552	0.49591420183596246	0.037886222658994745	0.21811595531594485
ENSMUSG00000047604	0.3279302766089897	-0.09246102696888259	-0.21131157075854182	-0.27676565404244513	0.25198519441069717	1.0129401439779426	-0.22823388542712583	0.21629454728268194
ENSMUSG00000015094	0.08696947096753527	-0.33181160599490545	-0.243056060270906	-0.7059869605507607	0.15349562335529157	0.33641946104758114	-0.13178793870565542	0.24416010788223072
ENSMUSG00000005683	0.035326234408505346	0.08095579656417638	0.38395502223585365	0.29808917930262785	0.01307235604770507	0.29969824726749794	0.029758906189756046	0.12026661633440609
ENSMUSG00000061013	-0.014733439378301016	-0.34176344515838564	-0.15104001509626805	-0.6333128852407024	0.2256749588894155	1.0613963982754016	-0.1394584780142057	0.054065663514339446
ENSMUSG00000058729	0.04088051293766576	-0.05909078921272193	0.20185532152909166	0.07386160289485727	0.019117790695546415	0.7955545656658688	0.04310564737888287	0.16409794701614694
ENSMUSG00000056073	-0.06718399664942647	-0.2945657805581381	-0.19849855113336298	-0.7589457343796118	-0.06290902423817181	0.8155339096875427	0.050835285987485046	0.14505234963077854
ENSMUSG00000048400	-0.02542341348934722	0.07254168902816127	-0.13376559442774374	0.07049951761026407	-0.06055505015236008	-0.560787259036225	0.01422613191313915	-0.09376867999446914
ENSMUSG00000110147	0.001760238783009127	0.035034398570252506	-0.048396075739902185	0.012386665482013361	-0.009500710523120367	-0.9094092310383188	0.023118861617197436	-0.11739154321039258
ENSMUSG00000108867	-0.0022308105739050374	0.07064040579114413	-0.20162454728525772	-0.08989240988630919	-0.06034243247181136	-0.5093966858930878	0.0008461007733502335	-0.17858900736574088
ENSMUSG00000029044	-0.006175896546144588	0.06015470160721585	-0.08526073303997588	0.1395047983513996	-0.09000827882864848	-0.6934630945004654	0.01648483853050613	-0.12208792570205763
ENSMUSG00000001555	-0.03247604685468308	-0.11063056307535293	-0.04609591160153425	-0.20762889821809175	0.11483882536271221	0.93106542362408	-0.05837613638812741	0.22341145289318817
ENSMUSG00000091006	0.005805447217686721	0.07213433754872076	-0.17180315741912894	0.015626871550679346	-0.045397007081450405	-0.4973243997106647	-0.017097502311786073	-0.2321897956448833
ENSMUSG00000000817	0.022301388670961986	0.07509791729311192	-0.17668051059610765	0.07118896505823212	-0.01006601537018148	-0.6431032806824248	0.018157300811323752	-0.15000528892972428
ENSMUSG00000109607	-0.04316337577390293	0.050911671143220594	-0.17783005107718952	0.09262178189711984	0.11657861221884983	-0.5459770894615001	0.011525593768879627	-0.04516151267076562
ENSMUSG00000113324	-0.009715067428446078	0.03582590203544597	-0.14550697566940796	-0.18814821633386497	-0.038693347127817766	-0.33908545947085544	0.03349865240412476	0.038590123267765945
ENSMUSG00000091553	0.0149829298247951	0.07735483038583142	-0.11153532226214773	0.06853813792520784	-0.06861896176206041	-0.7138374519659252	0.018264480883950975	-0.12400747345323253
ENSMUSG00000039878	-0.010413818185794088	0.03853029044286093	0.07752058377217393	0.40030849886091113	-0.003960527489400817	-0.5211350256567442	0.002767176273877181	-0.1088237850928471
ENSMUSG00000109456	0.01124105450662749	0.07401770205977208	-0.09975726169616399	-0.07861192762857734	-0.11309016675044141	-0.6627610361692966	0.019781487248211743	-0.09393423905395433
ENSMUSG00000022544	-0.022253794968363324	-0.0033205431658933637	0.3839725191322385	0.13760052454848726	-0.019529923610292273	0.5142124264185471	0.03933066279461255	0.09012118361232428
ENSMUSG00000093661	0.009262349815789772	-0.30399329135263137	-0.11056895042225763	-0.5959572726724451	0.016818407728891	0.9793208546255077	-0.02848626778190876	0.09745178389893215
ENSMUSG00000048766	-0.020813461833830545	0.02960605328944408	-0.09587340418078504	-0.09028021503991121	-0.06629970290780379	-0.7430878375679902	-0.0037192833106769463	-0.1429270926110405
ENSMUSG00000048402	-0.07622561954314218	-0.21507607697221479	0.14549861187880883	-0.04551916575781342	0.08831828665060551	0.9079314987350189	0.023972941605931886	0.18518971622598968
ENSMUSG00000024501	-0.003430381823083639	-0.16724862596305745	-0.07191620621597263	-0.5434283733773111	-0.011316188912180298	0.7715983544487556	0.03645092053264707	0.24961746547852554
ENSMUSG00000097292	0.014350118656976107	0.03797562077370265	-0.07700202612270962	0.42844717577386265	0.0789335418216622	0.8276804666370157	0.03531080830770417	0.08378688580919932
ENSMUSG00000096714	0.018379604674854704	0.06837773930446121	-0.16102391240296857	-0.031151956539501112	-0.06275174197975412	-0.5869279108053612	0.011066165759887281	-0.182229877440936
ENSMUSG00000057465	-0.012168081057920777	0.06682940359083867	0.09086873713130579	0.24497371007491953	-0.11687248769395747	-0.603286468132423	0.02013627984336346	-0.0957592275969125
ENSMUSG00000026944	-0.07577288882233273	-0.09915579539379643	-0.0040149854846806	-0.151327122551778	0.0497305150825931	0.8278189255140782	-0.03617059447657438	0.25082063611754063
ENSMUSG00000078442	0.014272581476861168	-0.01998425210246448	-0.16441764018625213	-0.38418479473118167	0.18465315666445417	0.7327906015282364	-0.048200788996519146	0.31178001393872695
ENSMUSG00000024990	0.169052115387784	-0.2059804088515938	-0.21433844270800392	-0.6889080414464775	0.19845336625906246	1.027278192949626	-0.2039660633055152	0.09216696645114444
ENSMUSG00000066516	-0.019627525020929397	0.06653638668068149	0.028648071266092076	-0.02583766517815664	-0.07076852117730659	-0.6818327834594279	0.028089156417646866	-0.10501348260598906
ENSMUSG00000062785	-0.06310724141010524	-0.11769451776858557	-0.03316539420611675	-0.09906604771803706	0.16248967883435594	0.8925204872176472	-0.09477128529998965	0.21228091267200164
ENSMUSG00000041444	0.044991354812103215	0.12793897378022173	0.20877648760050369	0.46025217239652494	0.011694651762268526	-0.3946740236815627	0.018793804007862906	-0.16841963942624047
ENSMUSG00000079009	0.09740487628386867	0.12730945961378154	0.3524042543861655	0.3816462446534488	0.06913768469063732	0.46322127183125467	0.026759049235935306	-0.001317505392964602
ENSMUSG00000025505	0.03341992274103045	-0.34376900086301065	-0.08542845095283523	-0.4524678420458772	0.06999537522039255	1.0785476196888004	-0.0740083866507855	0.10608344069370952
ENSMUSG00000029255	-0.0034340772982695	0.09391336125993166	-0.1708034756127893	-0.11774341447674218	0.012980724252605729	-0.5546475216211726	0.026694210879766686	-0.06311252494527773
ENSMUSG00000090863	0.27680526178046067	-0.26041117976269373	-0.35989695813040634	-0.6857681110474554	0.32113653084718574	1.0193916519767703	-0.4607289862495692	0.03572089821335117
ENSMUSG00000107985	-0.013340942788867716	0.025590115642464478	-0.020114739050627526	0.3977879816349294	0.024062226213913844	-0.405993483232797	0.016470952642263757	-0.10105253235190234
ENSMUSG00000118599	-0.020543513200682345	0.0734009774661115	-0.16021542595534694	0.005793636677869252	-0.03422265545372199	-0.7235167977714309	0.013975232917009231	-0.09510756705529279
ENSMUSG00000051424	-0.07639203176631901	-0.016527356212129002	-0.04056091470438426	0.030110660637197917	-0.04946376063061881	-0.866299271354827	-0.009634537777712664	-0.22365570457517617
ENSMUSG00000107660	-0.06858254746636848	-0.01724562206571237	-0.06930370736932394	0.05980753064268815	0.11941070894622148	0.8148049153043523	0.002614894288047953	0.19385358040350875
ENSMUSG00000117838	0.02528042209748129	0.10158572862251795	0.1444761449249399	-0.04712606016286322	-0.08323446864829127	-0.6289833761916309	0.021100269251069226	-0.07029260145800825
ENSMUSG00000079144	-0.029622906431277362	0.06975910847734028	0.06544633242544744	0.06758551676816033	0.189848280605264	-0.6072948679405993	-0.007062823266129115	-0.07678163145645553
ENSMUSG00000118300	-0.0012380183905331688	0.10719426340249978	-0.07542420228943739	0.13172554882109663	-0.0434278877519726	-0.5073627109425094	0.01821559798535728	-0.2119715588923592
ENSMUSG00000021478	0.17172784225156965	-0.1479619759660768	-0.2287328964364092	-0.6813896948562222	0.10273254703800587	0.8374927191682335	-0.08479606993296951	0.23089969386998055
ENSMUSG00000102371	0.018297578143186204	0.06759599300402318	-0.11078687126597354	-0.015068606733293792	-0.08977001000353266	-0.6042479390569563	0.0009006849678319107	-0.19067968103190516
ENSMUSG00000094637	0.002288392339558243	0.07012610137157345	-0.13480134771904856	-0.07547955065846314	-0.041595747000935476	-0.7917087999993846	0.02059232928816227	-0.06453233473876849
ENSMUSG00000094410	0.11162016760307111	0.11252804453200321	0.46193800152111325	0.4542490209022926	0.03492703519963511	0.48908731635187414	0.026334059525223996	0.007356852173017625
ENSMUSG00000032017	-0.029659360724659738	-0.1352829692829335	0.004568704422230563	-0.1519896474131249	0.006208264078538098	1.0235799004936088	0.02228358206129896	0.1696968894763121
ENSMUSG00000046546	0.2808761821017054	-0.20889255458193495	-0.20923671582025488	-0.4737430153559185	0.2581357389223009	0.9570025061926601	-0.2985183822837014	0.1996446780006686
ENSMUSG00000052922	-0.06720004209394166	0.0244401356381236	-0.04829117539793321	-0.11862635080195782	0.020798522472483483	0.3304454112769678	0.03482052350876611	0.179968088693775
ENSMUSG00000030562	0.062143404688511344	0.13268556533460027	-0.10367395222001412	-0.1517728001057669	-0.03150294528065397	0.1658110933966027	0.004773502147937092	0.24280073925825413
ENSMUSG00000042626	-0.12988866157560422	0.065650245250166	0.1745140573290741	0.5845529540294853	0.11154084868109711	0.6023264574670605	0.007617577817702325	-0.008650955700942875
ENSMUSG00000118347	0.058296008655546856	-0.09988477896745707	-0.1229545926719594	-0.12855078802751813	0.0712840046502179	0.5159185421768857	0.006618178005852293	0.3092012120802296
ENSMUSG00000024608	-0.059977513907083384	-0.213740881451907	0.03152819919198887	-0.2366818025615332	0.0930219346379545	0.3915992142547404	0.004482746808085941	0.21728616731662143
ENSMUSG00000109154	0.02572780241238753	0.11580828796498963	0.25525277088327525	0.4350185775122518	-0.010946456484414835	-0.6866961693624261	0.02334640322255208	-0.15273262484501549
ENSMUSG00000074997	-0.03678860552972598	0.017464613577780452	-0.19088179294561622	0.26496824883341213	0.12518307547467059	-0.1446281069991946	0.08086756178137339	0.057059047516974694
ENSMUSG00000030249	-0.017053234701954467	0.05919096310259989	-0.12263308691694748	0.05004033124636199	-0.027176891634207077	-0.37965936131866007	0.013347889981137576	-0.005268660883128551
ENSMUSG00000111285	0.015801762251868957	0.07266020597629164	-0.14855577577486465	-0.07522611256071896	-0.08011050047540545	-0.5844019947060812	0.012639728615624346	-0.1488677295199484
ENSMUSG00000080317	0.01434965081081468	0.05074584230444156	-0.15573708384496904	0.006209344147943607	-0.01886571864382168	-0.8049451720732413	0.018707833855229023	-0.11747705137878121
ENSMUSG00000078350	-0.04862993448469264	-0.22139262468550502	-0.004455706148643511	-0.34876942200014016	0.06564592089379105	0.413041786476899	-0.00394650329573959	0.2598539027727666
ENSMUSG00000078503	0.05867945641161078	0.09674577655080818	0.18559003727510714	0.07889487208519659	0.05627722064847092	-0.12762964323440026	0.022649825320545464	-0.15139385794284865
ENSMUSG00000113978	0.008398897434974795	0.056967929448107815	-0.16863658646141708	0.06719834727260342	-0.03838632149304569	-0.7115092337034896	0.013132182479655922	-0.172162870817535
ENSMUSG00000102501	-0.025242545599022254	0.05582914105873281	-0.16901107346558325	-0.02388155207446299	0.0003783666976873157	-0.5675073837124643	0.02052136056649611	-0.028211101727300333
ENSMUSG00000103693	0.022540527838254908	0.06971081880425505	-0.02689683055789881	0.015126437090132902	0.005165933853852889	-0.7336448014107914	0.02320054634528479	-0.1871096725307139
ENSMUSG00000042258	0.24968453477808183	-0.2566715630608828	-0.3130213306537107	-0.6803317069374952	0.2244987036820588	1.0545956131755507	-0.30536230908924855	0.030298596421193508
ENSMUSG00000085377	-0.021206290216067954	0.06937237897926679	-0.03164274349502972	0.01870888020030817	-0.05984819508910147	-0.6760031302691254	0.015636121880933662	-0.10736956674734519
ENSMUSG00000052854	-0.06609991855564211	-0.04751069276300679	0.06954134483256087	-0.29255099827932485	-0.3699503681403583	0.9209545684899928	0.05202622765631023	0.11585955948797198
ENSMUSG00000028602	-0.024566511390698986	-0.17024735057502427	0.23620254183174264	-0.264139622305747	0.05822660906802967	0.428480343860033	0.044654786474553496	0.24916578578339188
ENSMUSG00000085504	0.031457627343500924	0.08523150108628687	-0.1430624741878058	0.17235436388996184	-0.036314441462358356	-0.4913035408604508	0.0029879300584587654	-0.1955672000463618
ENSMUSG00000104284	0.010256103092686653	0.05856085460166759	-0.10135109805118486	0.02229117086404723	-0.12090616431911518	-0.8036246829405537	0.015922755675956628	-0.1201130788334742
ENSMUSG00000043366	0.013688957619281794	0.048975124216393044	-0.16081191871488157	0.018005349655963416	-0.06289619748804195	-0.7898917090031322	0.015472405178715941	-0.14821999948828174
ENSMUSG00000095248	0.009635012893006945	0.06806598367857561	-0.18002337822914088	-0.059580873916230764	-0.013968463887560609	-0.661526850492292	0.016071005249544693	-0.11850797127063113
ENSMUSG00000021715	0.10034838041698356	0.09500414266733627	0.1651896837038262	0.22009227289641256	0.012608190826073118	0.4124085653715779	0.030125863106928087	0.18896532600415186
ENSMUSG00000060509	-0.01657700778582555	0.035442683680256895	-0.11066811971074769	0.011370696789997914	0.04071692830942515	-0.7449805180511684	0.018472205845688924	-0.2058717501069815
ENSMUSG00000024735	0.0053588127206623095	0.058759963385054056	0.4667610018500814	0.17897288456574298	-0.016048661586781362	0.5135569723636798	0.03312106065474482	-0.0015508424804020482
ENSMUSG00000079344	0.003762826402695315	0.03305140628041558	-0.1671066420592278	-0.00039167007845142265	-0.030820446033351344	-0.7601823867851767	0.014834424629723082	-0.1806894377585397
ENSMUSG00000105392	0.002939300111277965	0.07711752506509012	-0.18311274636631694	-0.10416392813188152	-0.054473244395807585	-0.6242981253865506	0.017076708772309553	-0.028175554642177768
ENSMUSG00000000531	0.08876748996557182	-0.2052617529895611	-0.1339393563286852	-0.4850594019034897	0.18837997578289098	0.7840823887512987	-0.10648869360255478	0.24813089758458826
ENSMUSG00000031358	0.005500560492054718	-0.02419162287719854	0.2170489786072543	-0.09800309946225033	-0.46632616740684085	0.8369011443660971	0.04934187533315666	0.11932742822800367
ENSMUSG00000044067	0.03603560700213021	0.09752694535403046	-0.12691836526124067	-0.1246302827665404	-0.004238850646716474	-0.3977338428347696	0.02236851947173242	-0.11507131800539012
ENSMUSG00000115923	0.0510411611575179	0.15956803785019227	0.1779116268612559	0.21816707956766387	0.06980565954946275	-0.27175573672758335	0.0257221966931655	-0.18399617728611348
ENSMUSG00000061787	-0.08960475551075486	0.057272445789002945	0.5509308814737367	0.37113057119575055	0.2575121388767337	0.3439151948334618	0.026163533588696414	0.07955793472804648
ENSMUSG00000084831	-0.05141291550638726	0.004840929861732235	0.05380805102953844	0.1376988314378108	-0.16423741806816977	-0.9839278032271029	-0.007622302932102423	-0.16566282018351144
ENSMUSG00000098463	0.009971815340375167	0.06779392190094098	0.4119448273045166	0.602046527817701	-0.19535874037058498	-0.9673507400859345	0.012312745640470829	-0.23631857895464722
ENSMUSG00000094840	0.03705184422793338	0.05436866198003217	-0.18394587137223978	0.34364981730924704	-0.023012547538989642	-0.7633221258160996	0.005757215656787662	-0.1078022930327885
ENSMUSG00000024487	0.10479754948060992	0.1258429560067204	0.396581709504861	0.4369079208004719	0.005586313630446149	0.3111552869017623	0.012439935757594103	0.02511497322484955
ENSMUSG00000117044	-0.006503006565044215	0.06613796009417484	-0.12642534366272956	0.07544754190736308	-0.0038574818606280648	-0.6951927828644192	0.017615025559087633	-0.13777759666908038
ENSMUSG00000048215	-0.0310951577426959	0.0574227861746393	-0.10415740737317586	0.00614233453391777	0.007998096357456267	-0.843420248705956	-0.005738395334693723	-0.03067850190729128
ENSMUSG00000033106	0.04822405950543786	-0.05095504957753949	0.3113789547414145	0.08744599141815906	0.06298708982411537	0.7747795402346176	0.04391278369123274	0.14691271684560991
ENSMUSG00000022132	-0.05009553179537849	0.06581169869289473	-0.16946251906480186	-0.016033264426606932	0.06386611866046779	-0.5105855593671903	0.01879928351543081	-0.07282600304952902
ENSMUSG00000022528	0.21367345474733684	-0.03550840020319135	-0.17773264596325442	0.0030506717093885527	0.2903297795825608	0.983648679680949	-0.17287823333246247	0.1828847819570819
ENSMUSG00000086866	0.018004576833419068	0.0771263811736366	-0.15363126649663217	0.041863972495468915	-0.012469072345902554	-0.6429825719921649	0.018641167357151482	-0.18830832634748276
ENSMUSG00000096330	0.0021369522752829884	0.09381442208535379	-0.06475786905910828	-0.008896683587222915	0.027085459095190577	-0.8200367520507867	0.016882550599636337	-0.10357746268414786
ENSMUSG00000049999	0.3365625466709178	-0.20523935126424342	-0.32868175262517735	-0.6600792563163764	0.24140756047275025	1.0735628689327772	-0.30025845013268615	0.07196045271579216
ENSMUSG00000075610	-0.016385684437240276	0.07190765392241939	-0.05373626534044079	-0.00015756906855390884	-0.055041451292261255	-0.6145007905251157	0.019697431185819434	-0.09571496313389342
ENSMUSG00000069922	-0.016462625619656415	0.06886655816566366	-0.13622937090625412	-0.07533001471183723	-0.06925448944389172	-0.7444330088115075	0.018064938704915434	-0.012008478743090438
ENSMUSG00000029385	0.05013304054829422	0.06855045075792247	0.23699341097500817	0.22997831823937623	0.0532804347133074	0.7740965782728084	0.03438596889200851	0.05684938338405383
ENSMUSG00000067199	0.28012625233848837	-0.10642705517476025	-0.22105447320212995	-0.26067715124692215	0.30051445629340595	1.0190879411811684	-0.28794910212885766	0.1979405047249501
ENSMUSG00000053553	-0.08436804701377762	0.014821299571799222	0.15184811109734553	-0.03574749252310039	0.014756448071200735	0.19348668989535603	0.019350764110819867	0.09999926694744932
ENSMUSG00000105556	0.014242712457958462	0.09681586578904053	0.5125785243432386	0.3602714752945846	-0.11545193891748018	-0.5459960286622964	0.01333112875858547	-0.11202262811720128
ENSMUSG00000037993	0.02891174200019026	0.1492606898198732	0.5013365228904061	0.13945323154384873	-0.026965686724581106	0.17820314840557705	0.02594936738924421	0.074844301354217
ENSMUSG00000073380	-0.05854910912893246	0.10046260811926402	-0.011669348659097847	0.03985317050504234	0.09857240307526967	-0.4238364611164563	0.010859157778132678	-0.06362466579935393
ENSMUSG00000048424	0.001651745858145759	-0.004340402095011045	0.032367020601789406	-0.32326067454487156	-0.21825676043062178	-0.2641932200626404	0.012771247977988068	0.04739138997549846
ENSMUSG00000049291	-0.07764075454539915	0.09632348190405665	-0.04555142289490555	0.2590020430825384	0.03330447855739261	0.3261902328947083	0.029696285358734795	0.03867325050463279
ENSMUSG00000087266	0.003856076800664243	0.09961835172282935	-0.12195633625814624	0.05431312162010635	-0.023538331709547947	-0.7398574957070906	0.021827695825967323	-0.11021596694046999
ENSMUSG00000021125	0.03435593869295654	-0.31778433527633104	-0.18126903671046865	-0.6627758656403137	0.0890955162264982	1.027488916334609	-0.0684499736399404	0.09464389470598657
ENSMUSG00000066803	0.01156180244259064	0.06756399622765773	-0.18178203386878325	-0.05127875345186312	-0.04120316289526426	-0.7095789829464081	0.012821135940565932	-0.08550202693280616
ENSMUSG00000074377	0.041690228546108495	0.09612995651617769	-0.16057602905382878	0.03601744108254456	-0.04697607543522965	-0.45390223134320995	-0.011320458388386578	-0.06483883573337654
ENSMUSG00000041698	0.01758713134100263	0.06188441446040664	-0.18999765645695904	0.09247476559975157	-0.03675251652055745	-0.5810471621850002	0.009299817768372742	-0.2655120416592961
ENSMUSG00000094192	6.240434048354615e-05	0.07498795661769565	-0.18800162774254597	-0.1402916592360958	-0.04106864637005523	-0.6170848956161695	0.01968131466835573	-0.06463766416868431
ENSMUSG00000061614	-0.005819739371397903	0.05274581669004085	-0.11979756568451219	0.05217076471629847	-0.0878000464997898	-0.5794603695295342	-0.043648952694792485	-0.2308430221075103
ENSMUSG00000014763	-0.020916018787704396	-0.007869541609690936	0.09046523420140136	-0.20725963579817938	-0.0028289097500774907	0.13107506505526392	0.029288118130278703	0.3049750711497303
ENSMUSG00000027716	-0.009679707528955526	-0.28665670356057404	-0.1578913908820176	-0.6484186923745036	0.007860040549767452	1.056539554781926	-0.009947154160439288	0.029555007726267808
ENSMUSG00000068680	0.015084278602813694	0.06597465299238406	-0.10929789116162378	0.07290982058271919	-0.09491697750900065	-0.8655001242647512	0.020755656213745973	-0.0992819927136691
ENSMUSG00000100227	-0.18309757513667607	-0.12352519309510607	0.1808821271856455	0.16821688295067005	-0.4245020199940521	-1.1162548894254147	-0.09322575141548962	-0.2622412941301815
ENSMUSG00000047094	0.019003229346969908	0.07293044491552544	-0.1074054968135737	0.0443838277014727	-0.07877611587606614	-0.743140732293848	0.01755041545860092	-0.13114543927776176
ENSMUSG00000026615	0.09946315386091319	0.04347581782896479	0.46642385336162057	0.3368173815113447	-0.019219891451355497	0.45509143256246676	0.031185375511342556	0.0802794536100555
ENSMUSG00000116839	0.009435239553255047	0.056203601805771206	-0.17117002667309017	-0.002919074509314168	-0.048524933838599314	-0.751347505182304	0.012543117875577289	-0.10565687854423189
ENSMUSG00000100287	0.019712378321110502	0.0740917368080429	-0.16235154716088923	0.051777839976816224	0.021721719373990412	-0.7562804448934214	0.020584237435105533	-0.12729242553152767
ENSMUSG00000116802	0.10125917576806155	0.08966898023979998	0.19883689087939369	0.2837271570102622	0.07118795927446658	0.5629460201845057	0.03570922016001187	0.009980558349651503
ENSMUSG00000117244	-0.013039109912938244	0.07048166098869418	-0.13785893615295491	-0.03678461291902829	-0.1588701291191861	-0.5822043074876005	-0.0017572721523828605	-0.11766656060360879
ENSMUSG00000020357	0.0828659759815974	-0.22809117705621265	-0.13918246767983847	-0.5601198584683613	0.13625083276461983	1.0636265408792576	-0.10044645451074893	0.09323113818551516
ENSMUSG00000039232	0.12839341733878284	-0.2295532543357822	-0.2285195099397083	-0.5725745582523111	0.12656153045059446	0.8965395699289435	-0.10413011189354193	0.19535771555381048
ENSMUSG00000028455	-0.08539187073403313	0.08628424359830986	0.3716831389636274	0.3448880369066773	0.025294410193723346	0.47825742434767204	0.011056747744897955	0.04665946595422621
ENSMUSG00000027199	-0.012065116244309412	-0.21990933095408244	-0.1700498636699542	-0.7459524400043077	-0.02767282570153782	0.7087531956864523	0.010610633327425234	0.2050615997920679
ENSMUSG00000109398	0.020709671330846544	0.13291289422241626	0.08611548206155058	0.3622457799480252	-0.02887928893944869	0.3478353861045722	0.0270183469266926	0.12071618592377864
ENSMUSG00000090581	0.01833175312655358	0.0657419551061896	-0.21156445674377963	0.12351952712244207	-0.06447155122131151	-0.5148979437845604	-0.008143583884281491	-0.23002421409716417
ENSMUSG00000052155	0.010978722727941042	-0.0735285106383392	0.048680968203907604	-0.25802362715377414	0.008676633613639018	0.9849616329011632	0.05873882802428381	0.1801388674786529
ENSMUSG00000073945	-0.01382170301605119	0.014466987742563926	-0.14752741549261553	0.032008060855922886	-0.04663542206951868	-0.7868151264760959	0.011698468684199659	-0.20443466696485174
ENSMUSG00000062929	0.049645328574228834	0.029366821798505062	0.1147287635632851	0.02321484789685191	0.19846885194603828	0.7848780133648642	0.04133194974240449	0.20449749940563466
ENSMUSG00000027867	0.021939443988666898	0.07712546371472448	-0.14545917727545538	0.09723298953130582	-0.051075466475827204	-0.720611746336052	0.013134297829033192	-0.14349841328541343
ENSMUSG00000085837	0.30871362598581314	-0.17488743806574739	-0.3748469500194344	-0.6348522298504873	0.24140681891145147	1.0171774278529626	-0.34459457427530255	0.14636095916426956
ENSMUSG00000080283	-0.05139424255976133	0.03158215950833929	0.11197887191425214	0.10604769366732701	-0.22804394672224582	-0.8743629044365843	-0.003298665946544821	-0.2127062491412093
ENSMUSG00000050035	0.04220633431162517	-0.007857842931395798	0.022494409374584426	0.40778296868898445	0.12936622324867816	0.9301758450960946	0.02479387694507646	0.09227223795281823
ENSMUSG00000111450	0.0023837020203537618	0.07134891750977138	-0.15075109299241873	0.007783153031304836	-0.032611372696293404	-0.7692820519601383	0.017293670892942682	-0.09604706307572149
ENSMUSG00000086839	-0.03225844861092719	-0.05398694971681673	0.048282185576665616	0.26167159344049035	0.04792863207099336	0.7446287639931205	0.02452906477460067	0.1838232481761616
ENSMUSG00000100292	-0.3258161784888233	-0.06915518429943712	0.18334569750749571	0.2660787731391293	-0.40370295995026956	-1.1312546369987424	-0.1021302079278089	-0.25695011797848866
ENSMUSG00000037225	-0.01207159637263278	-0.28599582256544415	-0.12976791462328918	-0.5765927166377213	-0.0499921826826028	1.0263680485402489	0.0003009453404326061	0.04813942250393417
ENSMUSG00000109532	0.018759384332321407	0.07496686464025934	-0.1434074528180759	0.1296951900766194	-0.05770236210668354	-0.753189750049366	0.012088347191215876	-0.14139487833476863
ENSMUSG00000117446	-0.08689913118285775	-0.010736099701673663	0.07862225411331071	0.28400081257058163	0.01799967777524039	0.17695118708599322	0.018894490958297244	0.1393478110263754
ENSMUSG00000115550	0.03489682437115409	0.12375891614868478	-0.014242815877566456	0.26641634076435416	0.04533867214089027	-0.4850474729849385	0.006461930103787122	-0.10327853468886877
ENSMUSG00000027956	-0.012743485700342162	0.06788874275531108	-0.11581854268471194	0.005924668405908107	0.055302148752487415	-0.8384975811285913	0.006550391842996692	-0.04631404961976344
ENSMUSG00000030555	-0.05415615187178922	0.10917330724989584	-0.11749646543960082	0.34864322663085945	0.07798095708789095	-0.1505794521762561	0.04803380464231985	-0.13122433505222583
ENSMUSG00000095601	-0.025291129020765465	0.029349801223304328	-0.050551271141638196	0.10782590439227799	-0.18967538451244767	-0.9204588067734621	0.0057629886219929816	-0.1560621079107184
ENSMUSG00000024538	-0.07539558896750335	-0.0713051026020628	-0.019149929629159068	-0.1769935190861266	0.10594436352429419	0.9612054604865842	-0.03415541666269257	0.20989084872585406
ENSMUSG00000079197	-0.07663901978355826	0.007548787691897096	0.004249138629479177	0.2836863133601483	0.018915999171869643	0.7873550728487936	0.019823315553119433	0.1751232568602245
ENSMUSG00000074734	0.17970540493644777	-0.06351492860268856	-0.26563242615437965	-0.5596407703417153	0.12610093886224666	0.9729119830521813	-0.03927835710699645	0.22375240743559624
ENSMUSG00000079258	-0.057920438921758965	-0.01232314961115567	-0.06132681334713085	-0.007252683801550364	0.017173711287720456	-0.2801551250305775	0.01934734137579376	0.11810604094294969
ENSMUSG00000117020	0.03539004028505038	0.07874956123483665	0.1392978191602852	0.270726319861832	-0.010296363766045745	-0.5513074288897086	-0.0018580400138343556	-0.13025475809046014
ENSMUSG00000079168	-0.03475100646615886	0.06767797484512307	-0.14863707221731343	-0.008852157876769568	-0.027969369111286647	-0.6957449464630701	0.012188444252636321	-0.07515171697902669
ENSMUSG00000103070	0.03436964244307922	0.08397322264630076	-0.07526053061357509	-0.1403893516700647	-0.04554251514913712	-0.45747176880714396	0.013710664736925948	-0.14751818397731176
ENSMUSG00000001506	-0.0026601582030905124	-0.16087623341938487	-0.15104524456128218	-0.4895161242879326	0.05062741955625571	0.23973280378876644	0.008113968943046836	0.2547598497023319
ENSMUSG00000001767	0.06982979266303915	0.14212815337356563	0.4403399023870645	0.11222128149889567	0.036220141548576563	0.41445753896492327	0.030396565126630026	0.09259802690099261
ENSMUSG00000020111	0.004625004901253615	0.04842480683068462	0.12364947138257146	-0.2188019027376339	0.0370943978734289	0.02939195113293362	0.03193643098979866	0.2337317891563854
ENSMUSG00000022404	0.049771311905737414	0.08995406245413112	0.359435276352419	0.18711701843176407	0.022714351984406966	0.14553153574569416	0.02400740507628176	-0.14561185257756737
ENSMUSG00000108066	-0.0397532365083292	0.04716632600526915	-0.1293719281292427	0.10835294255939817	-0.0438764878241905	-0.502065894370229	-0.01588587784449136	-0.3213289177810034
ENSMUSG00000020122	-0.020655659984255614	-0.28316992766217414	-0.10306487467696812	-0.7228592544985417	-0.060432517090549046	1.0304764151593675	0.03616887191203281	0.03315027055798017
ENSMUSG00000042558	-0.08401995807592388	-0.0843304827891256	0.13449825913690366	-0.12510095291335566	0.07701079869663355	0.8751664598145342	-0.03057333897499359	0.17403538571171495
ENSMUSG00000035629	-0.014123861341005961	-0.016678090258243888	0.03924759593470186	-0.029414814950455167	0.09509623347423564	0.9929157875873805	0.026605103045004533	0.1583733716481564
ENSMUSG00000079671	-0.011632214319764092	0.06975785422615438	-0.1711979059498712	0.0840580863618057	-0.023789119123441584	-0.6406491521966231	0.01716930470176159	-0.10229655318793333
ENSMUSG00000087061	0.00734031384333161	0.0716378272688709	-0.17355593096995237	-0.062435472219879204	-0.05227800082810487	-0.5824290905808821	0.00385794537461015	-0.14312636806657947
ENSMUSG00000087246	-0.013794049023815159	0.037907395046033375	-0.18069054769918166	-0.18707337051102427	-0.004959267561881364	-0.3544895046433266	0.039103827031763766	0.0925573364663549
ENSMUSG00000079184	0.09576403307054297	0.04052594221275395	0.4914222278039073	0.2738991951675266	0.02011855409085528	0.4189774542878264	0.028948463553065455	0.08074652127562242
ENSMUSG00000029134	-0.022112246263920145	0.060129892357844536	-0.04916155861863311	0.038308931741846	-0.04389907674621474	-0.3094237472154671	0.014393784447745805	-0.09160536420202291
ENSMUSG00000022015	0.059880056427530894	-0.26831391024106527	-0.15391482586223335	-0.5455272690668965	0.09073058200511816	1.0233110187812229	-0.021824084480257966	0.13433840344465647
ENSMUSG00000045027	-0.03401347843744285	0.060635698951484254	-0.1664381858647014	0.1307027761597842	-0.015439866773664627	-0.6787666782328869	0.011246498388606918	-0.09174499669911076
ENSMUSG00000113837	-0.004636685392166884	0.0676971664502219	-0.11934941079856663	0.1041557447174123	-0.066550520404302	-0.8918962908432937	0.019393524279980454	-0.11821090308771265
ENSMUSG00000090472	-0.0007462430810126763	0.07257211569191123	-0.13596877035946028	-0.07904735376585488	-0.012783758568333114	-0.7174500948541646	0.021777500728892306	-0.0347872231638007
ENSMUSG00000028116	0.012439360022802548	0.0797784754256765	-0.10349202469271981	-0.06578378761865518	-0.026360078126949286	-0.5092180054091359	0.019993531571230183	-0.06507790533270713
ENSMUSG00000043003	-0.037589643255779105	-0.28570344357563043	-0.11988154875412209	-0.6721888108034936	-0.061439595659990805	1.0342862260932848	0.04439996042990128	0.048107527904144506
ENSMUSG00000073607	-0.019390043381175337	-0.07310800888155673	-0.1096485940948131	-0.054532228224779405	0.04193764720054323	0.79007098030986	0.038389632393649446	0.22248122200646134
ENSMUSG00000032860	0.07847815937297146	-0.32388911132823145	-0.185464990324448	-0.7020097725091251	0.0714218785563307	0.7612267136035206	-0.040421543172794894	0.20145220916893716
ENSMUSG00000105176	0.07401820385837773	0.13139457823187484	0.6180147461512168	0.6222451524039823	0.04379672595391756	-0.3120313156695784	0.013274945004213667	-0.24997827943589324
ENSMUSG00000057054	-0.03777739700378641	-0.005420807414900697	-0.06113551256197034	0.10971079625534831	0.07909183689196134	0.8196378082175976	0.02762624364554477	0.28110056814666157
ENSMUSG00000049217	0.012742616648904427	0.05581872403390615	-0.05933565430463654	0.022455928789925413	-0.07482973486370466	-0.7047353796731197	0.007584738577764649	-0.21326861245641177
ENSMUSG00000037286	0.05660769623691535	0.084598542577506	0.06114709727252416	0.032139660356939846	0.027034079617827823	-0.3072616563340944	0.02346757651396994	-0.10665589331365252
ENSMUSG00000055116	-0.018895813530545306	-0.10952725181532663	0.07666498408034583	-0.1866242395662003	-0.0013186552491973869	0.9224400927743578	0.02790076671394171	0.21825953640555504
ENSMUSG00000103829	-0.2266743363712854	-0.15179261197219251	0.2251144732066246	0.29997557153870397	-0.34963818422656406	-1.1879626870750106	-0.11320229599042278	-0.33935247893956183
ENSMUSG00000024302	0.008592304946501539	0.06801773567422605	-0.11621071669077451	0.0129766362541201	-0.07321653107178622	-0.8187403311139259	0.019983774642892933	-0.10699198775569171
ENSMUSG00000098234	-0.03441233320374004	0.0875251590210013	0.3535260697439235	0.3325085878995378	0.06823154969284422	0.3344629145177219	0.02786706413178729	0.04367956282552845
ENSMUSG00000030945	-0.00020121991313049037	0.07430802825046703	-0.1320242292169806	-0.09496080506870144	-0.06992799517943096	-0.6360495230145078	0.018202042238958164	-0.12078708729100635
ENSMUSG00000006529	-0.03537969540699354	0.06334218343338407	-0.06471639950358155	0.08463118944814413	-0.028788208811823212	-0.4907967430770849	0.015202267739531261	-0.0753994576275725
ENSMUSG00000021552	-0.009527341719287707	-0.206590977980876	-0.0813877581408674	-0.5027305994407906	0.27967020526494435	0.9698153625714484	-0.20531411950510703	0.17754527119808275
ENSMUSG00000030385	0.015720501160939385	0.0466929938313654	-0.18268287922729518	0.11015381177777389	-0.02715146716361236	-0.8218856333587707	0.013601446068497003	-0.1664407383543968
ENSMUSG00000060201	0.0061448164393141935	0.07709627563785768	-0.1609408453157396	-0.009534655365290011	-0.016825329361034428	-0.6724117413836223	0.016168865173935426	-0.09177020836783709
ENSMUSG00000037509	0.033951461486675605	-0.3620578016400754	-0.17947677198456788	-0.7653856566486017	0.14460221873665488	0.9741492382534959	-0.09099390834283956	0.09848474349833147
ENSMUSG00000111709	-0.012998663369284014	0.08504752133911647	-0.13338058254323157	0.020013217498328986	0.017267685343106475	-0.70070062995009	0.019114750998374237	-0.06654980460562371
ENSMUSG00000026986	0.04384769337548708	0.0787856039887908	-0.12202774977886152	-0.09998321523553828	-0.027894789031429053	-0.32811703456259983	0.012446444235911236	-0.0990357766251798
ENSMUSG00000087491	-0.12765487831626937	-0.04275968037390071	0.14586466833435766	0.31274098624503727	-0.262760901352756	-1.0068372046280636	-0.04248537389683249	-0.33099079755514815
ENSMUSG00000115576	-0.023859029004190832	0.06990883264091577	-0.16762395314349318	0.018576096513731002	-0.0024787266958887777	-0.5692681572035573	0.01961356261860901	-0.10071153741801683
ENSMUSG00000035392	0.02281604127106341	0.027286282926159044	-0.0008182344642664319	0.07596587232918099	-0.004710618709071853	0.8919098753636023	0.03753782890272031	0.21104995687982192
ENSMUSG00000027744	-0.03137554611056402	0.07609998744973986	-0.10939523544595663	-0.04143125212194968	-0.05096902963998371	-0.70591783796919	0.01673499110508847	-0.0457335078113093
ENSMUSG00000054321	0.06605774062253283	-0.0745609723723298	0.1282599700296801	-0.04870813639100646	-0.051308314533779015	0.8973510684971425	0.06365920511890415	0.19160569935692284
ENSMUSG00000029683	0.007853175285931324	0.10049126883592362	-0.03388922110180202	0.12841071868203335	-0.06522118665791195	-0.6619151818643074	0.008738103481537196	-0.09590391206087576
ENSMUSG00000078625	-0.016765430605925342	0.09888275036059307	-0.09451318031784973	-0.08865737031015944	-0.025236064313369885	-0.6582006598037283	0.02084972816849162	-0.02840523480433028
ENSMUSG00000052676	0.0683810078563901	0.10712479205555382	-0.1410755986912199	1.0786267351549637	-0.10989991363875333	-0.05059514306861858	-0.022219738583759585	-0.10945873537074668
ENSMUSG00000031937	-0.04180982180527413	-0.1651990009035844	0.008554155938185967	-0.4050068032880678	-0.04348809875763414	0.2846550231619386	0.022697796521711566	0.2961309237226097
ENSMUSG00000044106	0.012470777251089925	0.06254830784373033	-0.23889941055541136	-0.007114575242548202	-0.020169076842089535	-0.6183115353621256	0.0026753309785846335	-0.17124348106774764
ENSMUSG00000107036	-0.019448970393960117	0.06919121213725282	-0.11367584188625628	0.030452133099905146	-0.08157239768911732	-0.6971411765002925	0.015945773222577064	-0.08999406291722958
ENSMUSG00000025333	0.02585007072180134	0.057989448098995915	0.06505247159665982	-0.23442377403357395	-0.22989720831679808	-0.16066625153646533	-0.01303851803823658	0.21259507406842645
ENSMUSG00000100879	-0.22825987899860709	-0.09471896066638497	0.30343449829291136	0.3233702672321563	-0.4044598840861388	-0.9076492950514172	-0.1819688288029902	-0.4569711396700145
ENSMUSG00000053399	-0.01773235266850548	-0.3219732521180216	-0.09940286351047586	-0.669752945444504	-0.12087300423276537	1.0237637321772846	0.03578072314883199	0.03017632501460666
ENSMUSG00000045288	0.2938108688727562	-0.2491264406628314	-0.36066446308735045	-0.7106538019526482	0.12836113923194675	0.6596921085918785	-0.17223864491980226	0.24969567257214184
ENSMUSG00000108782	-0.034915525457505266	-0.023338897370798483	-0.037648536372418356	0.12587148923772354	-0.1530526260558381	-0.9841237894957322	-0.014706606793486232	-0.2042913449133162
ENSMUSG00000117042	0.03548433769719735	0.02424220652632858	0.24494430998075803	0.07124619942781388	-0.2283473410591851	0.17667771172835353	-0.020747254797823633	0.12700270466091326
ENSMUSG00000031601	0.06859611293773273	0.14223467009268234	0.37755562710617907	0.07815762720470501	0.05626902045783726	-0.2741177125894586	0.028656768813376303	-0.046958852800440154
ENSMUSG00000106643	-0.01028125609186148	0.08479242068445048	-0.059688014558491445	0.06834779776365205	0.10955056813733283	-0.4713509943753515	0.020729556172929552	-0.1472276204384219
ENSMUSG00000087199	-0.010424379596808642	0.07752519710092771	-0.11193209611706703	-0.07126876495047864	0.05004353760669291	-0.42197409015105675	0.021863599212993547	-0.12947365001132766
ENSMUSG00000118633	-0.14231457007524112	-0.04541926576876676	0.4084578011473248	0.8857249290202975	-0.43127253870325377	-1.130444486426858	-0.11639587832792442	-0.2967439431458483
ENSMUSG00000091477	0.013889916486078124	0.08547805733836725	-0.19427307995942794	-0.12927591722561738	-0.040794709012079926	-0.4105639972209768	0.01266057758388539	-0.11860257842296454
ENSMUSG00000101609	-0.031658857587973044	-0.05310984440544969	-0.07041093418043196	0.375844179863209	0.02669910022947578	0.5159835195079758	0.02933529692881987	0.10571857402792256
ENSMUSG00000103183	0.022050430236933673	0.08688834371195844	0.08419853713691208	0.3724842875320712	0.09375874944761349	-0.6576292098823177	0.018166612874302254	-0.06941754837329646
ENSMUSG00000074406	-0.03891056817570493	0.08099580330171059	-0.19315093817397536	0.5500951569498389	0.17203611667092683	0.32954015085759	0.08133757392022184	0.04849955097599464
ENSMUSG00000081836	-0.024142619062427338	0.045264054230692	-0.09874001828130918	-0.13777411973915257	-0.04026152506233231	-0.5017957164803386	-0.004507587330941032	-0.2859570800622123
ENSMUSG00000112121	-0.00047901313762588327	0.08058080691206347	-0.06318733349505105	-0.05110074485469321	-0.02390274356484738	-0.6962516384489406	0.021376534548426664	-0.06723691392093772
ENSMUSG00000117594	-0.00957286900723428	-0.18770057141398885	-0.1402786938503117	-0.6631549732465416	-0.03748726469051938	0.9066080533103413	0.02855568142402783	0.1618148367404349
ENSMUSG00000095457	-0.007448626947232029	0.04465791757896778	-0.016605435685180088	0.08659309930785163	-0.15964813479996345	-0.8871587983237784	0.014261532637558097	-0.18512779675894295
ENSMUSG00000115020	0.021959930743883062	0.08925534027224978	-0.20571768517001301	-0.028140527186551186	-0.04577563923542315	-0.44279662241466977	0.0019250558034710208	-0.05274435195295798
ENSMUSG00000024211	-0.058548765542112295	-0.3395304242141424	-0.1559345050634977	-0.6309241046759295	-0.0818243430922335	1.0421700979785666	0.043406988776810485	-0.031035809150292065
ENSMUSG00000101441	-0.3016480607504228	-0.16021249753249422	0.24054923509705306	0.34112257791160067	-0.2547324189081555	-0.8479287691917865	-0.3038646594479919	-0.39590437039099535
ENSMUSG00000095804	0.02883940260078941	0.13446687760577472	-0.07591939462222572	0.1967511413416775	-0.02738775048901366	-0.3440093148779741	-0.0005474150354919383	-0.2402053746792792
ENSMUSG00000020051	0.004971923596115979	0.07404485237680675	-0.12594977643649033	-0.058808156338917575	-0.04331727303741254	-0.7099508664500871	0.02049794589044554	-0.11286817475670723
ENSMUSG00000047415	0.02865556463249086	-0.22853484548831426	-0.19541850035063743	-0.6028678536756169	0.06709968193735893	0.3737878767307077	-0.024300081344471702	0.2800718592832635
ENSMUSG00000026458	-0.049403273704390196	0.04178729542201627	-0.0384141609980778	0.0910262281666487	0.07531762755043173	-0.623203400837056	-0.009534936005272554	-0.03205503530856053
ENSMUSG00000028737	-0.10950579975111001	-0.06255023776859883	0.011311220230242669	-0.041925014175309853	0.07623334290237138	0.8243803288030112	-0.018071983510274264	0.16135127638521066
ENSMUSG00000031521	0.08292736798209954	0.11433255436234102	0.32206088049343823	0.1475812533480029	-0.09649955030541713	0.30164801869671004	0.011585429506913658	0.08420472988136915
ENSMUSG00000041556	0.18159978302375096	-0.10347297109708348	-0.2333393326776898	-0.20242346570344674	0.14020117272773663	0.6228131038111642	-0.058049124150375664	0.22798119595651128
ENSMUSG00000020654	-0.018628895334409964	-0.23631026079498976	-0.01969504730885425	-0.4046994574245828	0.07207866672130417	1.0491754704956737	0.0013775507605221504	0.1476150426387581
ENSMUSG00000020593	-0.018340910312976577	0.04443914277508935	0.06607732457482798	0.10598769536768786	-0.07219455325881169	-0.6904185901189217	0.02843958205078252	-0.029686812192633884
ENSMUSG00000061374	-0.160068907324315	0.10629402155232816	0.15947820656500336	0.60481858779205	0.19683792036795061	0.5658681503811235	-0.004674207539689723	-0.012467600615859033
ENSMUSG00000114721	-0.06039068116746578	-0.11966597673766716	-0.0932597872314159	-0.06155791847135767	0.01879863355000605	-0.11350387902595235	0.02178269520983558	0.1523820529385806
ENSMUSG00000075573	-0.023644779770323664	0.0679593528978903	-0.11577436048059635	0.017882235033135536	-0.10114885513401867	-0.6410983730896889	0.012893304084039992	-0.09156926260964877
ENSMUSG00000081146	-0.0032668942037317183	0.037409412748916834	-0.08038110959032549	0.05677466468325356	-0.1503558295976389	-0.9434510351262558	0.015826624783114005	-0.14459564957165771
ENSMUSG00000025475	-0.04214533336425083	-0.22215763441713204	-0.05758411279856895	-0.6624277586130535	0.0036183705696031243	0.13233005025806358	0.021068508604763437	0.3019145093487438
ENSMUSG00000042269	-0.06283023471399307	-0.02285022827541683	-0.03456538027137236	0.3309027403559388	-0.004574774009302174	0.204993059722805	0.03228833912743494	0.09114018883905556
ENSMUSG00000034533	-0.048908677021775475	0.07856333723166588	-0.12376767692343318	-0.07840823526004678	-0.0165867126375965	-0.5259572943192556	0.019890604965819736	0.03490469072854142
ENSMUSG00000110396	0.003975472096027555	0.07059962318452247	-0.07014010889932269	0.036254480518014755	-0.1065165448406201	-0.8979349379213821	0.023104420727271157	-0.057282336705633194
ENSMUSG00000113290	-0.028508379250721753	0.0577525819971475	-0.24915930107513534	0.01336419510425803	-0.02825197794462114	-0.5389309503827947	-0.0012935728773030286	-0.14391121992446393
ENSMUSG00000021258	0.01725922376843402	0.034063615352524675	0.274838243348065	0.16097236921378202	-0.032940307331870367	0.7273106208562322	0.04608876936763409	0.14718968247933978
ENSMUSG00000073542	0.0416414208894216	-0.03875336340580482	0.2644063811884197	-0.0598357333068231	0.0873674229834981	0.8546321757645807	0.054081742779022356	0.19314377767525476
ENSMUSG00000021371	-0.020396277297961708	-0.07601810112739826	-0.003920700836709035	-0.19535363738268433	0.035904053506140655	0.9855681735427586	0.007976034877699196	0.20631121547346834
ENSMUSG00000107872	0.03960708054605339	0.13181230693670704	0.18320944631172964	0.16824689659081427	-0.012637990445351917	-0.43917394020168604	0.011704594078511718	-0.14736792520051795
ENSMUSG00000102116	-0.30711944872340347	-0.0941176419841895	0.22220613400860872	0.2930532156181827	-0.4407061104187924	-1.2139641535511827	-0.08303173366552952	-0.3136520445499872
ENSMUSG00000114087	0.014270191882876164	0.0534795672074308	-0.16608599678424646	0.09354318691446417	0.0009199796327462595	-0.6559538768398395	0.01813699540146242	-0.27944045376620896
ENSMUSG00000027351	0.02995307627353867	-0.01818695788040766	0.053770014302760114	0.002314065375730756	0.05007265206339958	0.9186545419754063	0.05021814400116936	0.18194942184067653
ENSMUSG00000082766	-0.0062729596458877684	0.14709915327382164	-0.10781101055224164	0.4257987200586081	0.003681565431207615	0.37639656486169965	0.02841927447558649	0.0002811584799609079
ENSMUSG00000032740	0.07790056748892747	0.0494902615023481	0.08529639438426008	-0.0034139568306146284	0.014483782719240524	0.7862240909947067	0.05148075148591793	0.23369436114462147
ENSMUSG00000101300	-0.15660547237223307	-0.13093788975334286	0.12665746264483513	0.2195452507564787	-0.377557877104792	-1.280980179492083	-0.06664805605368371	-0.20516040004241198
ENSMUSG00000086831	-0.0010577788664334342	0.07779579488578102	-0.17151113073916335	0.031654692855317315	-0.01334607116751335	-0.48412498713397595	0.016216023347243834	-0.19519035350138209
ENSMUSG00000048012	-0.031716738883781695	0.10138289984794495	0.14958787104475033	0.14069944869427278	0.09245989631771437	-0.6132597989190528	0.002590058889712421	-0.08336160218458062
ENSMUSG00000097363	-0.026791210186735713	0.0711964829412622	-0.12013032862553406	0.013577097784574705	0.011193036810142942	-0.46490056018509057	0.024722951910127047	-0.017188266433240285
ENSMUSG00000052736	-0.18709147782639618	0.0025291759123259316	0.37547477735198265	0.3094432969993724	-0.30555580934995735	-0.6092528929651292	-0.14681197019972658	-0.3413520651879711
ENSMUSG00000032299	-0.06522866621465775	0.11404914723977165	0.14850587813193328	0.13787911278677922	0.06730672118649447	0.08078291767076434	0.02169273093430698	-0.01630785403801638
ENSMUSG00000028224	0.08638193302847406	0.10842137670439975	0.26991027548515245	0.27709927761896674	-0.028040225167764943	0.5313840529106522	0.030888639558066373	0.11009276383880225
ENSMUSG00000029632	0.0779879682142568	0.09067445954560847	0.4400913698696285	0.3066206089930647	-0.022418658631817134	0.2171882238997831	0.01766719460779786	0.04634420042764542
ENSMUSG00000050128	-0.10979869822667955	-0.0679752110866892	0.05184334067759955	0.21970395469574117	-0.25986153004118306	-1.0228584706138852	-0.026246476434109062	-0.31547587046737324
ENSMUSG00000022200	0.0381490561126121	-0.14777640521961133	0.2577105865335441	-0.24472054169689858	0.05698224595205849	0.7372483235232391	0.053481076226885735	0.2742205709348119
ENSMUSG00000024008	0.002777636300410613	-0.34051855613575605	-0.0068515351620233944	-0.47131660144398557	0.14200018505149453	1.0806344598490047	-0.048771081555237114	0.1095714943394581
ENSMUSG00000071788	-0.07358587980885886	-0.046104562334393515	0.015450909588958561	0.26886362413079945	-0.19336799075599773	-1.0644626703922426	-0.015577849165145688	-0.2670464575851377
ENSMUSG00000109278	0.004569262256682305	0.05120821147561838	-0.18552145257254127	-0.03198314434724702	-0.029574990605496634	-0.5748855488335879	0.008860106339163553	-0.23621450644360606
ENSMUSG00000080705	0.008078744051566805	-0.014268463657660746	-0.10021481568814362	0.007726700209946147	-0.04994221597532056	-0.8694100609432979	0.024560502867957076	-0.19269857225603518
ENSMUSG00000096323	0.00925208520255727	0.0711328766431781	-0.17013800958808697	-0.030874398393483663	0.00926229609252988	-0.6498802560593789	0.020754178933314684	-0.1467751578806757
ENSMUSG00000058884	-0.08410395495078472	-0.04527736734014462	0.022232960049152428	0.12005426467030368	-0.24744500232299374	-0.97635804871203	-0.02067168641017343	-0.2256003277051893
ENSMUSG00000097120	0.06522421327764671	0.0654608681309939	0.23030066777044064	0.14218769015523108	0.13764567391776547	0.4491548328348283	0.02545751761329118	0.15205166392218186
ENSMUSG00000101468	0.0086937305062329	0.07516801255787144	-0.11044903458386038	-0.08458074635760954	-0.11971208704207414	-0.710295592269478	0.013440792603192945	-0.0888853413465841
ENSMUSG00000026349	0.10590607991186085	0.10415589550236082	0.34405601559593785	0.429242954219417	0.027816645614270552	0.4465157220826434	0.03068404739020226	0.046874865587546485
ENSMUSG00000032578	-0.04894033184433318	-0.07675168860142806	-0.06262589958352299	-0.15367256798620713	0.11236437114052762	0.792298350289528	-0.045995782624676185	0.2012690181410846
ENSMUSG00000028370	0.0016901892188229961	-0.1946690063613126	-0.20942902191497975	-0.6572575417582558	-0.03565373993427602	0.9969894622706296	0.01952488584138777	0.07911988501873982
ENSMUSG00000100892	-0.2863987477534647	-0.07879869043045867	0.16885525088046016	0.41035690459994134	-0.4521722679741701	-1.24152367123337	-0.08970922783050397	-0.30778415369226836
ENSMUSG00000094464	0.028235543843537925	0.07626959050834807	-0.12390150616231901	0.0019209654982462743	-0.025643400540609824	-0.6811999868560438	0.019678523996526448	-0.11979852821004588
ENSMUSG00000118367	-0.008832766432234596	0.0524141546044698	-0.006894847824242323	-0.10130424713855193	-0.15977910730360953	-0.6114962473755456	0.03348462511783003	-0.04079008904850295
ENSMUSG00000047216	0.008848980350752766	0.035887754366238325	-0.16070081803070385	0.0423503115321207	0.030632427820871125	-0.7672357692049093	0.01543449488170003	-0.2098636705594502
ENSMUSG00000044441	0.010132664818811341	0.05535787518462395	-0.1898709331614697	-0.010004825318276166	-0.06201565397284611	-0.6224682671422055	0.007906821999900226	-0.18338297733254605
ENSMUSG00000039763	-0.026659869022493843	-0.03401121604672117	-0.0954102054313187	-0.12053656652070376	0.057671469031861045	0.7336748038372708	0.027788551603519746	0.23528038632147757
ENSMUSG00000015943	-0.04113834702821973	-0.039872412787426315	-0.059887987801239446	0.09593167255659844	0.16581535613716	1.0115172286608036	-0.01794599988658807	0.1767061577493179
ENSMUSG00000034768	-0.04025792522720408	0.03568350523745244	-0.13753507483022517	0.2705034222630056	0.1694998334194033	-0.23718791476835535	0.03868497004760521	-0.030962957879845335
ENSMUSG00000028089	0.01719438255679322	0.013368058401862662	0.14495872801760984	0.14626946842901165	-0.041539313613476736	0.8487000715805135	0.048941232679272396	0.11697883384508416
ENSMUSG00000028480	-0.07992613049401186	-0.030743232757612697	-0.014479240536090498	-0.06813649148177836	0.09037238339686235	0.8964806220433585	-0.010267253905069551	0.2095432225087595
ENSMUSG00000051671	-0.009062649010282753	0.06524036362203954	0.4316262099193168	0.19737668642399778	0.12614896119162267	0.7160227119210879	0.024904190210539145	0.08908033681573727
ENSMUSG00000060024	0.026483136977919645	0.08854070855051739	0.11704716063095934	0.1588231494029978	0.026786858928656	-0.5250126987724891	0.02262483849751079	-0.2549935128169137
ENSMUSG00000090561	-0.07117487895549757	0.04147053439214326	0.17368867749297281	0.3421013382780347	0.20788193910592967	-0.2516083556862887	0.010274405379899987	-0.04025453176111222
ENSMUSG00000062687	0.019779055363406964	0.07311343191995877	-0.04973735243926012	-0.04699292366694885	-0.09330725183507949	-0.6677480300406207	0.013881673193560706	-0.10773774129872477
ENSMUSG00000026709	0.0822991690708002	0.08887277390874486	0.27146236794872064	0.29457128102475383	0.012671071912482734	0.5889159849501846	0.03511272720132042	0.08217566916213404
ENSMUSG00000115099	0.016948043066066003	0.07841442835196002	-0.13185683981938748	-0.08816520191628813	-0.001269766281433271	-0.792229897229839	0.022914663926931814	-0.04093028720921256
ENSMUSG00000117789	0.0352289261404683	-0.2661279326040699	-0.05157492906110757	-0.4446525185219062	0.2510374177689987	1.0305686757930923	-0.17639042751827086	0.14726581165369282
ENSMUSG00000100070	-0.38455275430854996	-0.059149032908951904	0.24608969838288683	0.36597252792952856	-0.45625216562967946	-1.0565323805862594	-0.13628789647036277	-0.3932292862819605
ENSMUSG00000074781	0.10318818160003139	0.03777005315377102	0.22043152123716495	0.20945420705280268	0.07506762940955153	0.7082375581687301	0.04193445690418821	0.1517785770266811
ENSMUSG00000019998	0.02260357514083416	-0.029053454306794402	0.1339281144906194	-0.16328213740380376	-0.03942009797644714	0.5947861149509964	0.040705092245859865	0.2869259271949816
ENSMUSG00000092073	-0.15307443767777545	-0.049243981918298374	0.1914455661816391	0.389662352675544	-0.3409823546640202	-1.073783507964323	-0.06933856133887098	-0.30759302089844504
ENSMUSG00000001415	0.03913814723788113	0.08025331379594464	0.414840761379832	0.5648321301070878	0.03058152670096901	0.41820807559766315	0.025597827523061056	0.035543548496492786
ENSMUSG00000029049	-0.08332730040397517	0.09115561452079457	0.11522747784934909	0.13114088372566154	0.0326358406462334	0.6406081908456597	0.016792491122399777	0.11845909870407316
ENSMUSG00000095562	0.08078853419450892	0.12747728722117765	0.16466822635047362	0.39447417072622676	0.06049431644283862	0.3453770005943371	0.014769284544694165	-0.05738600876657518
ENSMUSG00000045929	-0.02282071154348098	0.06921493934254053	-0.1686020368497005	-0.04687143221123971	-0.023321415920968862	-0.5585872660809942	0.028843929417575964	-0.04586625240220312
ENSMUSG00000062761	0.01815542051374436	0.06716627485313703	0.22911796612461816	0.0376049616498394	0.007904632401992961	0.08430831782254418	0.02206359237410503	-0.11976004925461085
ENSMUSG00000029676	0.09852497954454563	0.12204820186242074	0.41993342706020503	0.3267363992894452	-0.01907703024318086	0.40155485194004825	0.016150707851808097	-0.0418658018795686
ENSMUSG00000033863	-0.027525860639566805	-0.026376980903556557	0.22023519624300664	0.38399285582437886	0.19703292516239115	0.839298826652514	0.01538150112724676	0.0944870034809157
ENSMUSG00000110103	-0.009893119293350244	0.0503691816226067	0.059550208603266555	0.06700547906552987	-0.0902994939296024	-0.6406920243898149	-0.007643205942741704	-0.2492699161799213
ENSMUSG00000087128	0.060996870976386015	0.10521980047661808	0.2177300031226345	0.20973314584602912	-0.021890188594951118	-0.07259490448464977	0.001562423750119668	-0.05965704792392447
ENSMUSG00000094772	0.05018378965891801	0.15681964664045933	-0.08926883662789381	0.35154961812812924	0.0035051049918918276	-0.05442453377542536	0.009057272735424353	-0.1062801804956255
ENSMUSG00000053146	-0.015879957787865367	0.04949647884330934	-0.08334667560542466	0.02700435897592404	-0.05957892293984046	-0.8301782412156908	0.01742798591738115	-0.13535482668888865
ENSMUSG00000025856	0.12315041558701746	-0.28291243637621316	-0.14854788527974197	-0.5567477448742686	0.4060429957634133	1.0063413774872223	-0.3846475430018999	0.11516076198605418
ENSMUSG00000097356	0.030702686870207222	0.10965192249646426	-0.21933776552392173	0.06913627966329128	-0.06668924469820492	0.647696228678849	0.04167863066838674	0.11815645249373517
ENSMUSG00000053101	0.015846062615829437	0.049589614825496016	-0.12271120811313097	0.04321357685047	-0.06782645301905628	-0.8965442828460344	0.019936696494101187	-0.11882528535137303
ENSMUSG00000095135	-0.22132188758485075	-0.06835077893633464	0.14099146314149769	0.2958328679615378	-0.36377296374689483	-1.1142945784847773	-0.06287711871478956	-0.30223772717878106
ENSMUSG00000020940	-0.013424176423892709	0.040228059811806	-0.22334339163683609	0.07068627602620799	0.1653731572660759	-0.38371877966917584	0.0407077562656097	0.031206811651147828
ENSMUSG00000046110	-0.06347837041554077	0.08238693425829054	0.06005370951174528	0.49941032349015174	0.1486003260894477	0.5391535601030001	0.010800612858162362	0.07659176018171168
ENSMUSG00000026032	0.08765837681864994	0.14405474751593275	0.30894674230559843	0.1285998819739129	-0.009114899388515396	0.22064696506061598	0.01632959364170027	0.09598628100429848
ENSMUSG00000111342	0.009918716377955605	0.09779669924332064	-0.0620278622456236	0.06752711435840585	-0.02039637120051188	-0.7673130488478977	0.02064656314117119	-0.10750445667245881
ENSMUSG00000074397	-0.0670440327267267	-0.0046128529880409275	-0.03336425613532094	-0.09411764673619068	0.022450449351179524	0.5765670735300717	0.02681717984543953	0.25700990501791704
ENSMUSG00000036534	-0.09082614773582032	0.03291779784521512	0.10748899495740974	0.13577755232090666	0.050006412291956064	0.4848293005922007	0.013878906580309436	0.0999801159154653
ENSMUSG00000108857	0.018249959511354254	0.043209538519631836	-0.1597639221451124	0.04001838290899879	-0.0041563976534683906	-0.6507171055817186	-0.00297336501753076	-0.22585649996048635
ENSMUSG00000087198	-0.04179510988399162	0.033184676675619966	-0.020393781341346506	-0.04517374563045169	0.014095779966229405	-0.4716062953203982	0.017528358661938314	0.06764719175277488
ENSMUSG00000090062	-0.010502841702068387	0.04223649191196289	-0.10547938825814378	0.18258952330645073	0.04301306982721938	-0.5796497861024335	0.0038923646259807487	-0.0074797526990831205
ENSMUSG00000066150	0.03716650233562811	0.03704877187795513	0.1510056328786329	0.09121837219243906	0.035482594862467076	0.5502787193082516	0.03579091047425668	0.18414736633801207
ENSMUSG00000085418	-0.03233145226065039	0.1565422912771489	-0.030960749058369406	0.10287615549161667	0.011659495826711243	-0.16452276359777332	0.02430093414519599	-0.03361076915252006
ENSMUSG00000113855	-0.017210205648042664	0.0657738136897647	-0.12568930092108274	0.03749044709813418	-0.11720003712473472	-0.7310905359243505	0.01642850124582307	-0.12637073105503435
ENSMUSG00000092134	-0.0121205367657971	0.05546405751406647	0.010826722370288366	0.04346643085615027	-0.042849227745895294	-0.35944400088929584	0.017113400114814988	-0.041942905091627
ENSMUSG00000017764	-0.14472618491860603	0.012542076760167555	0.18076693596264676	0.3270738759024544	0.23356805472160438	0.442893974407525	-0.0058216333262262054	0.07600818692628965
ENSMUSG00000075146	0.01802426226050793	0.12001044395156224	-0.2835845330200559	0.16528213073580886	-0.03370268672820709	-0.05870097665426789	-0.006310489207088654	-0.2099042985705407
ENSMUSG00000017737	0.11022570229078948	-0.07238276221664092	-0.24833524538326163	-0.34964964652397007	0.13603584082605433	-0.18283031493046922	-0.05748488677851027	0.11059004586435763
ENSMUSG00000047048	0.023946827768192173	0.08344414465579907	0.0869257231940809	0.07304541731886575	-0.0033378597517836894	-0.8270906331860105	0.021202830946263067	-0.1302602283065482
ENSMUSG00000067561	0.03074210550538959	0.14819508103003312	0.06310629812881109	0.027012763192189315	-0.08293593253165343	0.1390196460445493	0.02326276274188361	0.07977282709325335
ENSMUSG00000105153	-0.050671669942196865	0.04128510680436416	-0.07990531996021204	0.009593656819246843	0.05735568981458827	-0.4090449384950916	0.017084252335244406	-0.02425006842994054
ENSMUSG00000023943	0.02815976632591268	0.0748110709059473	-0.10144209634626555	-0.04398716309648538	-0.015260612234723192	-0.6920991572747665	0.0288200691368776	-0.14521292169963565
ENSMUSG00000020526	0.03041297581768975	0.16222788955729084	0.6119428870720987	0.07113957532801878	0.05583283895870087	0.13161237636035603	0.022781348194145633	-0.015501361062772334
ENSMUSG00000097892	0.008547053030529106	-0.23854446197568235	-0.1980062442687098	-0.46456092806656185	0.10835553871975277	0.7759647063959001	-0.03829074723343112	0.2483006032839946
ENSMUSG00000028879	0.021585876171681416	-0.020356371833725084	0.20081398012812587	0.10983353911832243	-0.012664179840077505	0.8029224610571742	0.04551593447780384	0.14025446620104506
ENSMUSG00000048978	0.016069393364834254	0.11342654160636252	-0.1275710335440091	-0.20506524056526837	0.008720268881049265	0.49513612330816337	0.0336313039738473	0.18979799036020178
ENSMUSG00000022594	-0.0945969926888493	0.0037463796094878957	-0.06939864755625622	0.0009234759180400953	0.046480465388142565	0.21785029979352252	0.032232898446771775	0.15444822136204753
ENSMUSG00000085586	-0.05871187468934176	-0.06509461533828526	0.10787695589398501	0.41631917385401346	0.14155105589526465	0.787630171783099	0.01759975930890323	0.12003932090680597
ENSMUSG00000094973	-0.023263421514110115	0.06961168435203599	-0.1727062383350625	-0.13537309320225274	0.06725117402694954	-0.40454000608620355	0.025131162107132954	-0.05609532971381215
ENSMUSG00000026490	0.03331590384994468	-0.06312288429506019	0.10337629112774781	-0.24365629698166058	0.047406591966435346	0.9648137132511662	0.06412810944464489	0.21015134289014234
ENSMUSG00000070354	0.034828339180990056	0.11283217719561177	0.13730757812953082	0.20292604903065584	-0.02237431244957866	-0.4419551851262268	0.015064968827889056	-0.25230763452252647
ENSMUSG00000043681	0.0038816884986642153	0.06850716511062394	0.4084744560344484	0.5506975275576612	0.05127803223772269	-0.4424308002288447	0.024173325328122292	-0.13153060658429302
ENSMUSG00000114545	0.0010241199550213853	0.08460257615233531	-0.11731108343896117	0.041381123104525755	-0.0401665352228908	-0.743901713305058	0.017585778649880562	-0.0882507601215342
ENSMUSG00000099216	-0.006387054170256312	0.07192022910001991	-0.16576873916062443	0.061086422064839455	0.010433406843153177	-0.7187910711646778	0.018690751203130917	-0.13535710619385308
ENSMUSG00000029279	0.004217780085210454	-0.1361110928203436	0.023055713376795635	-0.2872855572878837	-0.01152670035702323	1.1286971560350099	0.03603419879182856	0.12251772820271548
ENSMUSG00000070645	-0.0540030591768901	0.04470243238187362	-0.16898780790357873	-0.004273968937029693	0.037475629349811246	-0.5214030537748967	0.012096620182990073	-0.02298316919960781
ENSMUSG00000111474	-0.01663175438140088	-0.18052514948491333	-0.14656467578782437	-0.6354797214336486	-0.025573239882494953	0.6006066433879035	0.031992338962668475	0.27638940187452776
ENSMUSG00000060029	-0.03499796428307579	-0.06710743863331092	0.04854717212454917	-0.026949483937145503	0.014111501475362553	0.960568922211275	0.019711456784690874	0.15684355263931107
ENSMUSG00000070380	-0.0004722364035669724	0.052442168275973366	-0.15119035790120558	0.021399733578584133	-0.06304261109992325	-0.7348212099808573	0.015271229316642015	-0.1583188934916365
ENSMUSG00000032051	0.03598125541293281	-0.10818814014792352	0.1711371784138755	-0.17556834682117503	-0.01481242422136586	0.7455574450278067	0.04927296849217267	0.266135280699454
ENSMUSG00000102801	-0.006296887462083456	0.04336131288610291	-0.1617551576202182	-0.04197239906573038	-0.015406185374906985	-0.7591282542992877	0.01596758462312973	-0.1358834780140902
ENSMUSG00000105471	0.06162613442870246	0.06845514136921552	-0.042838283784420894	0.2519876914579846	0.027301942510254903	0.3191912562027674	0.02265918971337314	0.06806185248506087
ENSMUSG00000064121	-0.010569348342282427	0.07390028039517306	-0.12495414171316081	-0.18684716987466435	-0.04798017795775459	-0.615459827978894	0.021678902045474072	-0.0065076293995102175
ENSMUSG00000018858	-0.136425173897515	0.06165466051093982	0.07643707107030755	0.04332130834984013	0.10156302984051467	0.427698547673005	-0.008010011996828492	0.23390394196750097
ENSMUSG00000074029	-0.01720402085833639	0.04017479173004876	-0.04955049904753205	0.08869458895941434	-0.03393009329952665	-0.7132330908368911	0.03139400470863189	-0.05368984331472857
ENSMUSG00000036306	0.0044094579135252	-0.3887036244164817	-0.14670614690789566	-0.7834974045887138	-0.009581040796097588	0.8413537050163604	0.0009348395962273659	0.1276688396043743
ENSMUSG00000035048	-0.015260310005049016	0.03381103716541212	0.05984134183984777	0.31178686247442927	0.04273672426592263	0.9029281078219158	0.02484520360425273	0.09925863131898953
ENSMUSG00000030324	-0.07006402957277676	0.03975345280907891	0.007924635411338782	-0.09500600260748336	-0.0013710775222003369	-0.2737585193110395	0.017408019262999327	0.058321701509181874
ENSMUSG00000113087	0.0143308792588287	0.09248100445422873	0.21591616306639913	0.2879981573055227	-0.0637932325677028	-0.5906654438178376	0.020823763980044756	-0.14288247786459218
ENSMUSG00000091370	-0.010398930499958714	0.07397401801700484	0.043314439821175464	0.2633829219029496	0.018801927911445384	-0.5840833039660309	0.017417240141930794	-0.1172724786062229
ENSMUSG00000068289	-0.016596439605727764	0.07003589870567296	-0.15375980430032343	-0.007465434751167432	-0.0029133579032073476	-0.6765188981942653	0.018204432710575612	-0.09691670306780382
ENSMUSG00000103050	0.011638773808331893	0.0725359520918585	-0.11965016117026082	-0.04165087141768452	-0.0576348559495185	-0.755887931443501	0.01881834668255188	-0.10109883707656649
ENSMUSG00000097195	-0.0059438014724643206	-0.0764523425338555	0.028208534645756313	0.011179638995229568	-0.005733173875387854	0.8451150229525873	0.034346130079505224	0.15994746598371792
ENSMUSG00000107811	-0.03490078324535152	0.051902061289069844	-0.16791842626531486	-0.04900901390472277	0.014341970555795114	-0.49830984019523744	0.026227997227988693	-0.011269013537174832
ENSMUSG00000021686	-0.035271977113553454	-0.10084096394007754	0.05373034187818348	-0.0723012420946471	0.05437126827719936	0.8953562022917558	0.029959097394576348	0.21909375561186456
ENSMUSG00000096468	-0.24907171534617548	-0.10648417479416131	0.24354721895811182	0.4045466308572843	-0.30105581944906457	-0.9815362743405137	-0.11134707491818933	-0.45539091854816005
ENSMUSG00000039206	-0.01709666893444191	-0.12369473857285589	0.1553528651871742	-0.2491734414917087	0.010825467573454595	0.9954699047183776	0.03930248191334743	0.17860931682223208
ENSMUSG00000024757	0.00767617606047165	0.046847873310950666	-0.12138990665460538	-0.004657754889632271	-0.08468320213357078	-0.8272581960773411	0.018953938026984505	-0.11361868358868861
ENSMUSG00000099572	-0.12757723655021191	-0.13749557499063486	0.14830161290662125	0.40933126548777493	-0.3383156483766687	-1.2385991719743938	-0.09123837870476051	-0.3184323718815854
ENSMUSG00000028409	0.10091531346216065	0.0500328974739258	0.5633975413189379	-0.10208736193318198	-0.0004651589691337943	0.504892416940218	0.03400324078791088	0.07941139743131151
ENSMUSG00000025381	0.022258850480096015	0.052952234063179004	0.21196747749287867	0.4616656308894081	0.20472001116425656	0.634381296028693	0.026778914929009877	0.07758628825845156
ENSMUSG00000091813	0.02464963384538244	0.08575197938771727	-0.07621307583460672	0.16419637759363953	-0.031095678434877864	-0.49496534983526475	0.0023753963191760485	-0.3145061372608282
ENSMUSG00000093968	0.005435860375316959	0.07468234817590623	-0.1452850498056122	-0.029823580339112435	-0.0332023376708206	-0.6666058239170406	0.017011916285059422	-0.10244756216314156
ENSMUSG00000093587	0.2631628767374344	-0.2708643811683952	-0.30879753614286504	-0.5773552472202448	0.3476005794804742	1.0366918541389665	-0.4199971436620595	0.0343983352140122
ENSMUSG00000007411	-0.026661483497436134	-0.13162478120185567	0.16017996383285504	-0.1541472451654461	0.0784538361050915	0.8179268277114446	0.029371481324551488	0.27267534348509764
ENSMUSG00000109167	-0.03439694905563901	0.06353027488164148	-0.1665312444904064	-0.05582387074488205	-0.015469908373457044	-0.5477357993687583	0.014668417305860843	0.003048331201540022
ENSMUSG00000115398	-0.02566287350091658	0.07035400882949619	-0.09965568700549332	-0.01626832367708404	-0.03777224498267216	-0.7908123487106651	0.016722962083900006	-0.02838447688726948
ENSMUSG00000030532	-0.0752339029312357	-0.1083639418561554	-0.0012640393164602415	-0.047495336738364445	0.032132392271318616	0.7089505448569187	0.016535187133629812	0.22944656464157046
ENSMUSG00000021620	-0.010570973330459282	-0.1796243552370475	-0.1392386684192626	-0.7223109589372017	-0.032877705361467176	0.6166095345640604	0.03191877185747454	0.2574990031962736
ENSMUSG00000104851	0.008821482957842854	0.0563459084657995	-0.13046322081000059	0.013632506839600036	-0.112947701775141	-0.7538014675061353	0.006508720116449762	-0.12185604824446646
ENSMUSG00000104665	0.01986623170077389	0.08743485577004736	-0.025949465606454725	0.09059507101194167	0.088357674905653	-0.5810399943627241	0.024737873587833175	-0.2586558791426868
ENSMUSG00000103585	0.1823470158705835	-0.230396075646241	-0.2908760789257629	-0.6812517344161751	0.1883467201728088	0.7257199765689238	-0.20961027306837965	0.23408568706627816
ENSMUSG00000115018	-0.11615037518252135	0.019136189957348282	0.2937040983705092	0.5017917462254848	0.052195688522651586	0.09206678866735417	-0.01747345548186685	0.12900088629409062
ENSMUSG00000032311	-0.008229249883618672	-0.21411009190950167	-0.05536292070564418	-0.5171468915289076	0.045508520958216565	0.9961284202693031	0.012333954186085046	0.1526590754358939
ENSMUSG00000085564	0.3707085704601446	-0.3065743888842521	-0.3425841614988353	-0.7336808082847681	0.22551879289265775	1.0617372999138461	-0.2868489877609253	0.014901815247707062
ENSMUSG00000054360	0.2359706521020652	-0.19681806947626457	-0.40674529767109807	-0.699213017263417	0.14123627224827073	0.6049393923448414	-0.3640821318496177	0.1930590080271375
ENSMUSG00000074060	0.00385593907941445	0.08918828225618684	-0.013302049679984303	0.17172149938646883	-0.06487358035159516	-0.4518689371290833	0.007005504767914918	-0.16506932087379814
ENSMUSG00000087641	0.00014785239567793873	0.08903498357301746	-0.19159850979829834	-0.002580819224077905	0.031301091024377725	-0.6944071507211877	0.03289555370110587	-0.01787216447356064
ENSMUSG00000026014	0.04554602374479096	-0.0550447710360622	0.14905447681270298	-0.11600825804247544	0.05075050738956998	0.9337659584098118	0.06454826762132243	0.21095225588311878
ENSMUSG00000102158	0.02770829284068141	-0.14206730801955192	-0.20908170658509367	-0.612784092657587	0.04970522048004234	0.13879247799326397	0.006267568024216685	0.27057428355574553
ENSMUSG00000098485	-0.19654010188815607	-0.09215235518530884	0.1554678553199742	0.16080801689903151	-0.28152947643607706	-1.0290330254385411	-0.06005871070137814	-0.27435520695857935
ENSMUSG00000092571	0.06916722109591346	0.06610501754756368	0.20963966000458362	0.4257521507987282	0.05998921798227462	-0.3610587914565214	0.023823898828686407	-0.17706042193966812
ENSMUSG00000015542	-0.09707446089847459	-0.03544920261085235	0.034608727214824456	0.24686498147852057	0.020212513076382214	0.4962875388191217	0.0052526029494761595	0.1769250713769502
ENSMUSG00000084871	-0.05067927861812177	0.044056470124485894	-0.15284353515537927	-0.16276941770122982	-0.022387203634339707	-0.21157871249725307	0.017584155696787007	0.08550269680313594
ENSMUSG00000062712	-0.007417042957132592	0.06880414223519762	-0.11126789403117093	-0.0032179567105302676	-0.0316112090512895	-0.7718422321812081	0.026134342230567723	-0.13712860012097844
ENSMUSG00000041570	0.018009477966654197	-0.19617205617060898	0.16731687717575125	-0.23782775764719247	0.03621580409429264	0.9763616769447134	0.046951656750412296	0.2045726379843697
ENSMUSG00000085372	0.05399657279502744	0.1066451817728154	0.40456969173643814	0.2015427745215346	0.061042283496220526	-0.36532822081505356	0.02655494008165621	-0.13952282325545973
ENSMUSG00000040712	-0.10576929102825355	-0.04028405302984052	-0.000669624891449061	-0.059445783880977085	0.12084886632769697	0.7830601398246356	-0.025513982273593964	0.25699978221808134
ENSMUSG00000029482	-0.0662755236234027	-0.2019406171339298	0.1893998685713118	-0.253749606558581	0.004765680651638182	0.7814034196476557	0.025057847695160652	0.2395256792831705
ENSMUSG00000107286	0.05916997212862353	0.09263736460582112	0.2021636824396608	0.4301470289101086	0.043757417576405486	-0.41408452294082626	0.025234034020389717	-0.04953301880888983
ENSMUSG00000079445	0.0717369197374837	-0.09923248066970611	-0.12767276628230378	-0.010417480124675249	0.16175156554770825	0.9618008862597736	-0.05736823987996889	0.18991471799866685
ENSMUSG00000086540	-0.028549508433805562	0.011603836052616279	-0.07060490834120062	0.19202976786736647	-0.16715846609731955	-0.8145913153855517	-0.0076185129790966215	-0.3142607272874974
ENSMUSG00000074890	-0.02544562463122239	0.004649442918352786	0.006516147695805962	0.27681610630483067	0.025119811475814147	0.9088288222936424	0.022674785263402497	0.11365747953295367
ENSMUSG00000028836	-0.08900646564132508	-0.18909925565266636	0.11408109221366182	-0.1996354637190511	0.0932317958803548	0.9730809528920118	-0.039106864792859186	0.1821279015515052
ENSMUSG00000029449	-0.10430405097996008	-0.08126879583523383	-0.02179779366700206	0.133233115698343	0.05603150415013763	0.5401074884473375	0.011337749156541288	0.19193213964086298
ENSMUSG00000083282	-0.10468804361663267	-0.14794421674505695	0.1306430410642994	-0.17222412206636914	0.04200717042418099	0.6167806387507604	-0.00871386178864042	0.19527232380778414
ENSMUSG00000096701	-0.012698550785408713	0.06102925809259231	0.07559822212488453	0.09406022872778276	-0.21219927926298818	-0.9204294665869449	0.02829536828896532	-0.16618939472912894
ENSMUSG00000105478	0.021392595621994324	0.10361277955481914	-0.17403766088906825	0.012935658332252964	0.028085451900422685	-0.3957737408315758	0.025518771349215156	-0.19198530745565942
ENSMUSG00000049926	-0.013522272799888496	0.03377949565025743	-0.17048715736127568	-0.07210945686886049	-0.028142429729976336	-0.6965832590994993	0.01673096610979008	-0.16689749998501652
ENSMUSG00000063998	0.024829521041185378	0.07668212553158564	-0.1340038336111193	0.03152993981567313	-0.0075039214515348895	-0.6173421790217583	0.013060506564247345	-0.1935856883122453
ENSMUSG00000024392	-0.047656794686505854	0.12827190083833037	0.4177302940191674	0.334840949893505	0.10329665864060367	0.4905144392825678	0.019314635159484197	0.04312848961987954
ENSMUSG00000104100	0.004709429990418235	0.06654821226303216	-0.12192467401820453	-0.0988583433492919	-0.10610460851401543	-0.7450635263815119	0.013730407240652612	-0.10265127613183261
ENSMUSG00000000544	-0.06397924191886167	0.08496295583997394	0.22031146615678818	0.252678308663659	0.09247340615446244	-0.3770158941717406	0.002587095798625094	-0.04859922485336249
ENSMUSG00000103139	-0.03771138123067256	0.03927419218345282	0.1378401186613145	0.4726084957940376	0.04249609695297001	-0.5340162091077784	0.002896212689854745	-0.08346126770842646
ENSMUSG00000116885	0.026329236917609675	0.08259849993844381	-0.17386875171339716	0.0804241957554928	-0.059783938468939764	-0.5574545742593041	0.002024618009234147	-0.17283141993981704
ENSMUSG00000109784	0.03271156214475438	0.14187503888267	0.372565854813671	0.5707278848800164	0.029527502006314266	-0.27313528865432807	0.020864778485960134	-0.14346374091690361
ENSMUSG00000015711	0.024951817073291416	0.0702322090829501	0.2255820715025019	0.19374035818912377	0.11390338600354488	0.650941235732261	0.037126365069722465	0.16347311699107805
ENSMUSG00000055838	0.003891236643939755	0.0580849206914467	-0.16333862668273685	0.004753072854792883	-0.0672096228151008	-0.6437272205124663	0.0087539715241875	-0.18136259121852466
ENSMUSG00000042709	0.0015289845570376492	-0.09441231683590558	0.2727638234733578	-0.017380148959490933	0.06473660495081365	0.6195209058178414	0.045411057168657655	0.19704816901867075
ENSMUSG00000117063	0.003842212735979511	-0.1164358655023845	0.12509041791188025	-0.23556908825356163	-0.23669549772343165	0.9628358858878935	0.06727197210134582	0.15473533938128356
ENSMUSG00000109659	0.01055881481875487	0.035745977356113304	-0.03899166140921221	-0.061267617437590835	-0.03946790938248908	-0.7353075539930619	0.027058740747020662	-0.17076949787787596
ENSMUSG00000062963	0.02453880703572997	0.15525552073236762	0.1618867351289508	0.3707921794330597	0.08452931401138564	0.13683442144941999	0.027177183636070704	0.048496725747396406
ENSMUSG00000021036	0.05752638125221541	0.029631480868486326	0.19578519679614095	0.1600130789573417	0.0390210056166717	0.6337432094589338	0.04098207199691859	0.16878174408802404
ENSMUSG00000004698	0.022266212558621892	0.08186070588699734	-0.12244117664967938	-0.11609187769863953	-0.08360122566684604	-0.5605173746275335	0.012876024532804897	-0.08726787422958224
ENSMUSG00000084775	0.004720221370517641	0.07973218430039794	-0.21979371453735858	0.1607858907146082	-0.024926007985705503	-0.4419000329626991	0.018996008242289857	-0.06389390511647325
ENSMUSG00000116439	0.012730238436834074	0.075445819086185	0.0814897518288625	-0.06118128755969591	-0.11148874084118696	-0.7751973338010957	0.02277089490002478	-0.14384892404516364
ENSMUSG00000033721	-0.029031739737108878	-0.15224129024249336	-0.10111950589972081	-0.43571276248933355	-0.06428219967103617	1.0332655634752976	0.042034230352937185	0.0448620231733296
ENSMUSG00000027109	0.11201760374086343	0.0779580088963741	0.28485477152350447	0.32092093270719607	0.09006971755128482	0.6708759093579926	0.0392251192772155	0.12780326828041152
ENSMUSG00000062186	-0.011832784026342111	0.043687911382361916	-0.13085368461410019	-0.061185874806080114	-0.07092747681606393	-0.7943128169330425	0.017513458104663204	-0.09671358730451547
ENSMUSG00000087373	-0.03236759945756119	0.09305454859229763	-0.1302080164096386	0.22335006121787657	0.03960307624996219	-0.714843820299092	0.020112211854832363	-0.07484764799958908
ENSMUSG00000020437	-0.01750007448582208	0.10041330035431567	0.23958671271471632	0.4818817604521983	0.032640532171380014	-0.42118612733693245	0.020880862242246303	-0.19583995120830533
ENSMUSG00000036553	-0.06603930241285215	-0.10739274960738064	0.17295587479724334	0.019951495531288166	0.0070364056446179934	0.19270441999282675	0.017947672333538722	0.11477322193231485
ENSMUSG00000070056	-0.012087235115365871	-0.2984623904685499	-0.09062362045255849	-0.5899651687887721	0.004014821129523102	1.0656481493186098	-0.018274980701831364	0.004181777007430289
ENSMUSG00000029097	0.00397339288882953	-0.0017835667127963362	0.4639210012182802	0.03107308388462297	-0.047408355514435806	0.3318733330347677	0.03407487508774046	0.19134714754884663
ENSMUSG00000108553	-0.005902191782917843	0.0600233070326849	-0.1482554969507535	-0.059823341931508456	-0.054011181059636086	-0.61155977152668	0.018591031142133646	-0.04213189587241599
ENSMUSG00000048852	0.013133614194198028	0.07551340869440445	-0.21072596706943816	0.015715671714881172	-0.012464131087027708	-0.5848147860450587	0.020859529398130343	-0.13964984537930974
ENSMUSG00000033530	-0.03678719242163581	-0.08291508651340304	0.0883877577523962	0.026269695299858165	0.009821845462190892	0.6201742512286851	0.035177932036101506	0.23643255141087652
ENSMUSG00000114181	-0.019734426611121788	0.06721925768270577	0.025807253418893228	0.1052778183405399	-0.07672455807184882	-0.5958789563088923	0.017539710937106823	-0.027475637093983325
ENSMUSG00000070802	0.35548443565281823	-0.20508571301673081	-0.31543640398568357	-0.53687467776127	0.22699119863671985	0.9777921272002407	-0.2959489466847578	0.1931104828766814
ENSMUSG00000029407	0.048278976316979715	-0.10037531721577785	0.27266195706333063	-0.2242106674790007	0.03256722072047613	0.8673552406163947	0.05743817316458025	0.22189449469937284
ENSMUSG00000007207	-0.06723673626424655	-0.14396208084290144	-0.053485924529194796	-0.19851639831777212	0.07267815956124522	0.6048522886420388	0.011051907586714982	0.25442662048667486
ENSMUSG00000118310	0.026839340968599565	0.03062528984825527	0.08653005455802351	0.11530721563474555	-0.04631657112673506	-0.5770425351110479	0.002217748064166858	-0.03681329258446334
ENSMUSG00000046262	0.021055383717759942	0.07323314422827754	-0.1347881688324407	0.11818113837621552	-0.04563847753212568	-0.700268658300011	0.017440426423631306	-0.2067712379430589
ENSMUSG00000068245	-0.012104582085101345	0.08857514297101593	0.7268575316622357	0.4864970600128612	-0.16618649093092117	-0.4563303166480238	-0.035235793329845784	-0.18691074957038417
ENSMUSG00000029104	0.0632786872096114	-0.01026745252844239	0.1693732402040786	-0.03789060940145675	-0.006768328020336778	0.8591953531987727	0.06253313385042371	0.18563977224577555
ENSMUSG00000063971	-0.03698199982040956	0.057803915114136226	-0.08711958205987742	-0.024413921635925172	-0.026751147508674886	-0.7304146212993291	0.0037981087500410515	-0.011674399315836534
ENSMUSG00000111013	-0.003385821646071624	0.059169241109962384	-0.15924796224231463	-0.14904732785477035	0.036607544014578844	-0.14392044673525956	0.031991434005379606	0.10633153943581719
ENSMUSG00000078670	0.007813332115067932	-0.30759624793114787	-0.08314249198156498	-0.4819515500436554	0.032425753799154265	1.1256209900277832	-0.0020165140886423405	0.07617821554861116
ENSMUSG00000020990	-0.02555463471928115	-0.2840168882286539	-0.11956662407405881	-0.7172766237012289	0.06910498021839812	0.6344697039382678	-0.0025896547028652628	0.2372873539076701
ENSMUSG00000032403	0.008431194900347716	-0.12496015056985468	-0.1615337185165221	-0.3271341710099566	0.10930494743008895	0.9869223628427649	-0.07511438600047138	0.19599940251937076
ENSMUSG00000087541	0.19559855059126438	-0.23552661980339584	-0.19594332852182075	-0.6315448612181382	0.13401923861210313	1.0325913884386575	-0.13188789587561317	0.10962873016548097
ENSMUSG00000022876	0.02507981175236697	0.07153218501626407	-0.09744856837355947	-0.07368112867484301	-0.0502469912240731	-0.6808546600770002	0.022445237668715978	-0.1271118233687514
ENSMUSG00000110678	-0.00012558828827624602	0.030544886043769277	-0.09439284912088894	0.07078647235398454	-0.11726680772534798	-0.7989808566693779	-0.00065889956858874	-0.15118456859051746
ENSMUSG00000020180	0.07648727033284754	0.023492175864251008	0.3993902288901479	0.0694817955013304	0.0525036648424603	0.6648081634915826	0.04127060044453735	0.1284857364339325
ENSMUSG00000044950	0.07009657288441204	0.10052369592821726	0.17343293441380392	0.3656298427889146	0.03903796131632482	0.6890854621963052	0.03684414271905312	0.13239707721922006
ENSMUSG00000055312	-0.014958993525407312	-0.2040330417875975	-0.13684540756114222	-0.6121340536671173	0.004818284231399489	0.7542408820518642	0.019414248403127228	0.23323152717000892
ENSMUSG00000017376	0.06644444602885297	0.10032528128770454	0.1748698876431698	0.17608096601571424	0.020653832748779966	0.6964131725349526	0.03715619625476679	0.11624185022013243
ENSMUSG00000099032	0.2105502628242149	-0.22996191210470138	-0.26946829863634136	-0.6685439885629298	0.18341794891154892	1.036422036746511	-0.22105120644533582	0.06370978397960733
ENSMUSG00000028982	-0.0558407868278079	-0.1356347395166859	0.06487553343911913	-0.17188454071793036	0.06917290719796565	0.998076202766322	0.014523832483591126	0.19220491548359617
ENSMUSG00000029564	-0.060800803660034805	-0.0061660618235824805	-0.11964478891372253	0.017569538584844648	0.010669442686744945	-0.3854274956802039	0.020263821254465002	0.03483000965110187
ENSMUSG00000080710	-0.04620998419306956	0.03071081461669878	-0.07615587389712243	0.09928588457414471	-0.1805484041246294	-0.8078973249622767	-0.023881114733027613	-0.15966009733473038
ENSMUSG00000024502	0.01619462768198925	0.05953799521520633	-0.14637607866646196	-0.27291636656755164	-0.07431336245929776	-0.2961774169787551	0.00980760693694549	0.09822768267148611
ENSMUSG00000085217	0.02846007531812309	0.07252619340892194	-0.07065695357027153	0.1759789316660461	-0.058075304223797065	-0.6640304332060312	0.011242619681397392	-0.13811205256895326
ENSMUSG00000005698	0.0819647620314015	0.035047807805682396	0.22531963144323303	0.24533224455744132	0.039991865613000444	0.7817079729681562	0.0387804896606261	0.11767509785130942
ENSMUSG00000102918	0.12384825071770264	-0.2795515292266966	-0.11922269950446229	-0.45355081084355303	0.1860037234530289	1.058032903265823	-0.13418937966895375	0.1444807741257637
ENSMUSG00000078919	-0.10064517043843431	-0.07703518892408041	0.007995572610819845	-0.06391323138240669	0.12046668925815682	0.8920673550029118	-0.020377637976608003	0.19754959832822114
ENSMUSG00000022476	-0.008390593185280126	-0.06771949292496049	0.2788980191400927	0.148161730215876	0.04223786903485505	0.9480473766244806	0.045744849678806467	0.062499952977107365
ENSMUSG00000075270	-0.00875379715471624	-0.17307257346910887	-0.1108964696219283	-0.613068440940857	-0.0034289215227927827	0.7133789128276885	0.03134964656635186	0.25304390719968173
ENSMUSG00000044952	-0.0792382583259991	0.01752906516811363	0.011207273113877037	0.4136696228477673	0.024980458206797864	0.5829128562636694	0.022752271182009558	0.1238504650816704
ENSMUSG00000108851	-0.02120923444047171	0.06405602259947749	-0.017840314272616748	0.09506678788198802	-0.04345430792831243	-0.7499407377541432	0.01695956933210896	-0.05317825932763392
ENSMUSG00000026708	0.10990913855461025	0.08502798668272976	0.31055407057197143	0.2888331321138001	0.044675238783615255	0.594792396612521	0.038924915415974315	0.08693534297285019
ENSMUSG00000026960	0.1221274898857402	0.05095538383491171	0.3480871178166924	0.36924298797539157	0.0208053589193129	0.785143893722376	0.05123970048533575	0.06767196074494719
ENSMUSG00000116429	-0.07413840305939023	0.011261274127527159	0.18726717263734077	0.5736329994185113	0.07653842751094064	0.447772291756413	0.009113821221631735	0.06792903575439968
ENSMUSG00000097980	0.0013285048679432254	0.05770654694678067	-0.09200233046675406	0.050741014885281654	-0.09738691557244294	-0.9521178832435214	0.02019087513534089	-0.12201235139600816
ENSMUSG00000020520	-0.04712032623620881	-0.1477416094823797	0.13267676383228136	-0.22982773146794575	-0.033983927205231024	0.9036473901783435	0.04331460648707189	0.22403272916323683
ENSMUSG00000070458	0.0003121792543059332	0.04519499543092334	-0.153142817197041	0.10392924777343923	-0.05193689196257123	-0.7039854383498039	-0.00103521302018076	-0.21961275333745428
ENSMUSG00000025014	-0.025142794256995463	0.07812427188142525	-0.14378232645810246	-0.027247378279922532	-0.028560462088261376	-0.5101367209185527	0.018006150459602077	-0.12005157855238513
ENSMUSG00000045648	0.0012733878140857025	0.014380942292746815	-0.19251050889617957	-0.40973304191348514	0.034562868852823884	-0.2895324042513628	0.030787877470004287	0.08157160078194406
ENSMUSG00000082461	-0.01663097198339021	0.03843013559415771	0.0349972024666574	0.06880557868770816	-0.16924483311115476	-0.8733372437934143	0.012595617482322963	-0.17261072647966363
ENSMUSG00000071661	0.0049862065434439495	0.12141032499600454	0.41250193453900136	0.5490458178629785	-0.012902250133516095	-0.1728015053609202	0.02108390352328228	-0.1467335954169261
ENSMUSG00000102997	0.29895098717180146	-0.32412235704195425	-0.22247694278512145	-0.6604699267711499	0.1691591897903637	1.0572927765786313	-0.20570013833822567	0.08297629139459012
ENSMUSG00000105540	0.0012557904757276998	0.052234301942863645	-0.1095426897938989	0.0718822304779342	-0.14687808552428086	-0.815367338941131	6.854861894556308e-05	-0.10190496975219003
ENSMUSG00000087059	0.07397229834320096	-0.3346993478485442	-0.16926063557551488	-0.6818749182019717	0.2385601827891381	1.0598201731175299	-0.18898666518242793	0.03890321777801459
ENSMUSG00000033373	-0.05667861961690418	0.13063794456493058	-0.011186939970858956	0.1756230834455812	0.0794552665715306	0.34632240420855187	0.03792818538917044	0.09327820729673475
ENSMUSG00000046049	-0.031384583723941484	0.01723261578249379	-0.08714921536171194	0.3443909773308101	-0.012137909840582333	-0.18730204568379175	0.016033882740856202	-0.0400446638179054
ENSMUSG00000051339	-0.09816238205364419	-0.08107981384471132	0.016354635298704963	0.037559865395989524	0.0503093678272534	0.6867948357617663	-0.0007042262864563886	0.24533620715677737
ENSMUSG00000078664	0.016625158384251937	0.0778918416769661	-0.2030909542439042	-0.053095400304469874	0.03721875498849653	-0.5411643004511085	0.02320213408123023	-0.13659966334044307
ENSMUSG00000050248	0.0013855449765241001	-0.22942840011091464	0.28067953052787503	-0.1858477213399769	-0.06990139412518262	0.8622348654451221	0.06941814738527972	0.2373988422476853
ENSMUSG00000020234	0.09672562441955511	-0.05554712165057463	-0.2623633630910733	-0.018065758620623124	0.11170015471625243	0.10510034027738496	0.015578580069156885	0.11877891924399975
ENSMUSG00000089959	0.0008000329948343321	0.08446114264379423	0.04979186387987375	0.26681090315223505	-0.05879673560332399	-0.8221268417582095	0.022242923500195654	-0.1370427105110562
ENSMUSG00000101434	-0.25658097125965096	-0.09414124181802919	0.2518828347039739	0.3791923351113719	-0.37973799043329043	-1.0055705443365774	-0.17608872997362998	-0.3652263123118524
ENSMUSG00000037716	-0.05136438770622721	-0.0010818696997213495	-0.03599874213881076	-0.005976771130658623	0.0158998844558506	-0.238040918994048	0.012096058260657964	0.020764207060535254
ENSMUSG00000019883	0.06608533238807116	0.08423880514887704	0.022263169238540454	-0.101028557850925	-0.02482131723914005	0.7856096366690956	0.036745955121293944	0.16135268387373855
ENSMUSG00000032913	0.042497481181802445	0.016880215227625592	0.08366292867579977	-0.008521972442736336	0.011053712242505164	0.7010523341834657	0.043036228309999265	0.2618731655530604
ENSMUSG00000050714	0.10340248618699362	0.10637085484434369	0.3068315404153562	0.5429489800776589	0.051649853964221774	0.07131167448201074	0.023095779618649875	-0.027829694493711754
ENSMUSG00000021403	0.034620493376574794	0.07115665469788296	0.1670053926862969	0.4950180848246672	-0.008558265175238056	-0.19138403673271592	0.008667371778165194	-0.06319334588844526
ENSMUSG00000005899	0.021869943252539815	0.06332748714337895	0.3557951888120064	0.22777925938236307	-0.03432358766221433	0.45554538262721267	0.03308629404035673	0.11028021614856187
ENSMUSG00000117952	0.010191051594041212	0.11699405136707985	-0.08800636532921806	0.08252170498188491	-0.014810877564765918	-0.5272097593563089	0.025452678978104815	-0.02933559986727141
ENSMUSG00000048332	-0.012971536637507625	-0.24409045335156268	-0.1356930184878155	-0.6615786268392752	0.010805195468885698	1.0168064050081547	0.021248702631631238	0.07662843079334636
ENSMUSG00000058093	0.03860437094402837	0.10273499961857459	0.12725499149291292	0.7071758889140495	-0.016527997180285914	-0.6592934722255123	0.009335821827550078	-0.2745509080943015
ENSMUSG00000004610	0.013912384063160742	-0.026490752762856618	0.2508404675986849	0.19675205188668696	-0.05446386222657215	0.5690742670748609	0.03667348500232656	0.1587795579638707
ENSMUSG00000035298	0.06597577389694706	-0.08044852125700813	-0.24975122240372707	-0.1839086906947494	0.15776456202247288	0.015394795005936907	-0.08514727261391238	0.12722002856799988
ENSMUSG00000035179	-0.03684992609554951	0.055731168864872345	-0.10843292403083066	0.04897894646046907	-0.025887064843214628	-0.32238564431180816	0.02756658416545257	-0.010531087194861233
ENSMUSG00000026385	-0.09134182386451599	-0.0988821944345581	0.14122488893358975	0.23296657958103018	0.1174630967864652	0.8109566671294691	-0.0015035449431739512	0.11999433872887237
ENSMUSG00000108870	-0.0023452573140591015	0.05020415643326623	-0.01590288991338675	0.09960350724541187	-0.05413246830535237	-0.5515115498030808	0.0167759419079829	-0.10908384954704334
ENSMUSG00000070983	0.010818712653065887	0.058782786640714235	-0.15368349180458254	0.02414852443124747	-0.07290694169387989	-0.7291119150873083	0.016235054246156105	-0.17731633588626383
ENSMUSG00000110053	0.05627636033337556	0.04668132118997587	-0.2351573451541926	-0.009639113830338424	0.08454423516444852	-0.6096781095224078	-0.0068907903973808304	-0.04332514208279336
ENSMUSG00000031012	-0.028693141457067268	0.03849009135901071	0.051763300789264687	-0.015703942572345087	-0.18058122202005697	-0.9516178687619399	0.030851579235749375	-0.09714483532444325
ENSMUSG00000114815	0.010215411078892345	0.07453943271162701	-0.09374752525310118	-0.058599342760163764	-0.05472616720880573	-0.7077655131087157	0.023454578527739585	-0.0601008363080258
ENSMUSG00000064036	-0.023925278314016696	0.06676090210424994	-0.11485067507164463	-0.04491585168951516	-0.024296544987687005	-0.7816521557298044	0.016348854324950368	-0.007374620366753594
ENSMUSG00000026581	0.004583986801589259	0.11009938401701476	-0.16281954740392135	0.21379996768940265	0.000284791926593142	-0.666701618566938	0.01985419045255641	-0.09828525742315994
ENSMUSG00000116188	-0.03439957462694856	0.06801162032172743	-0.08921284003647671	-0.066120274511561	-0.04579860002405202	-0.6604889333122763	0.014579699632259358	-0.08087369159916308
ENSMUSG00000072677	-0.017463767715524926	0.06744603943656327	-0.08727475696609716	0.061298216534011477	-0.10345846735905768	-0.7591538053276213	0.020362061348673577	-0.10341557317573608
ENSMUSG00000100356	-0.315943191289352	-0.08378198733729603	0.3554369548450783	0.36288264863538966	-0.52512696617506	-0.9374351227409363	-0.16315494327259017	-0.47498628317029556
ENSMUSG00000066584	0.03399192537351684	0.09639098525948217	-0.03930155003599214	0.27072992689266895	0.04997649008618358	-0.6746710055839241	0.022247258633563693	-0.19373733734836548
ENSMUSG00000008450	0.02577953578909309	0.03928685702012211	0.2873718435296493	0.413871543623318	0.06992836195854202	0.6927652046048783	0.03234407049648827	0.07377859008637157
ENSMUSG00000064194	0.03406873527055235	0.11172594929632196	-0.029037164967683864	0.25477026971976285	0.0764972543471781	-0.4370485067352293	0.016722296346977972	-0.26434457900373715
ENSMUSG00000118462	-0.04677047315575676	-0.14053635680826437	0.06527154598679516	-0.13496756484264869	0.14914989521238303	0.2346134370252772	-0.023164560493022845	0.19231301741886858
ENSMUSG00000032312	-0.0997882216054722	-0.09632086275753726	0.009053611565014677	-0.1067602013791438	0.0757075642005346	0.3531585500684566	0.0009234055078192749	0.2771243530809803
ENSMUSG00000107442	0.00860703571232957	0.07384676820544418	-0.17520276932588658	-0.07830792279841162	-0.056883580628827216	-0.6515009120792055	0.01263986948591965	-0.09268174202198178
ENSMUSG00000030976	-0.021533535967006114	0.05789106493538238	-0.1205475005256053	0.05443486875968139	-0.025964982909890723	-0.7090766217086086	0.016487268261142773	-0.08795945024389613
ENSMUSG00000004642	0.0707320735699231	0.06376035471529462	0.37709665186215874	0.24878518714901343	0.09732505938607033	0.5635694951124275	0.031631484103068264	0.08200072943926645
ENSMUSG00000031505	-0.07802696786346569	-0.07447577392341573	0.32039008630819343	-0.02304670761667993	0.026170190218359545	0.36011047898218096	0.015483299653215328	0.24396697706418624
ENSMUSG00000114192	-0.013329230715316187	0.08103661845138475	-0.026175138895481793	0.10666036635158227	-0.08676489881941106	-0.7600041065437485	0.018151655904075525	-0.11740345078618207
ENSMUSG00000020635	0.014921082535399494	-0.19627402711921263	-0.14757230471639451	-0.419610440425685	0.06986874281477956	0.8295051841588285	-0.006073407327477132	0.23874359653598767
ENSMUSG00000093839	-0.0208681231964519	0.06583901273447336	-0.1528484814324675	0.038168825975640336	-0.0553929299600286	-0.7567136601462912	0.01715966174838468	-0.13789108055907146
ENSMUSG00000107427	0.009958578965637344	0.08199406232367891	-0.08340358953466787	-0.0605112564236089	-0.04920362451897248	-0.5628110507154964	0.018124184642585677	-0.08146844023170664
ENSMUSG00000084906	0.01607632515593432	0.07777401340815326	-0.11800860348956667	-0.08890791237800462	-0.10728098395431851	-0.5694690997323179	0.012800251874208968	-0.15179195231963238
ENSMUSG00000099596	-0.008674267604716391	0.06415574453440713	-0.06676499480049854	0.027327620584581713	-0.1778762206444242	-0.6879850530512874	0.006416671837992327	-0.20073517816531666
ENSMUSG00000027978	-0.034124818485605855	-0.366333766510906	-0.19449643903359393	-0.7938641422482885	0.00680357925166164	1.00039329825918	-0.010627930231303885	-0.022469916423122016
ENSMUSG00000071528	0.012198733482707667	-0.010277128136617408	0.31640535887998106	0.33441778391291305	0.10016726379974514	0.5955157885712674	0.025090203507522307	0.07452285141858044
ENSMUSG00000027676	0.024077629409394032	0.07597945742653975	-0.12877516074151568	-0.17088712698384506	0.008000556226407565	-0.02280572675703181	0.03331919123460533	0.14025086487188118
ENSMUSG00000070345	0.006596571175252142	-0.2758672928831337	-0.09957745906430103	-0.45090942898919145	0.09986715130539593	1.1246293684538236	-0.0442781996059216	0.08075597946151905
ENSMUSG00000026355	0.09208686001729682	0.05107844381057889	0.3751821166865396	0.44807547344566345	0.0009791205238398604	0.6397161262782017	0.03880129859912637	0.031159177763085136
ENSMUSG00000025907	0.036652123905074656	0.09646200523446764	0.19125435081795444	0.07850568354127337	0.008924477203337	-0.6577628964755703	0.026899676765237013	-0.142409743759257
ENSMUSG00000086392	0.048593115032081795	0.09416235330089938	-0.21404980908822013	0.120373245001875	-0.04447276250278449	-0.04692383085250213	0.011489956346193764	-0.0693947082863908
ENSMUSG00000020412	0.018045307368109886	0.13773803082404307	0.32517347272150193	0.28952539582927556	-0.0033090522925822707	0.35302074193386035	0.026287789096780492	0.06700058764920223
ENSMUSG00000054757	0.008033888818148371	0.07337357723772812	-0.17875740384774555	-0.11961862220931603	-0.035812245177115724	-0.49101374539040815	0.01347773550630006	-0.17818455915389605
ENSMUSG00000063821	-0.02861426707423896	0.06890161382130665	-0.09343661185242062	0.007986913022606235	-0.02023370492517877	-0.7859611661836552	0.010706125377891812	-0.09123448985018727
ENSMUSG00000069581	-0.03933894535350434	-0.11132658328710347	-0.04651175266882009	-0.2909513848604989	-0.026028022691668866	-0.03458693891979972	0.02137656982802366	0.14831335848834826
ENSMUSG00000030516	-0.004219172359876788	-0.23809459606403802	0.060314523190474936	-0.47304786592722997	0.030932971086729214	1.0129124154634976	0.03355009365079369	0.14403119050494087
ENSMUSG00000109200	-0.024811818729603658	0.05912680294995443	-0.04110694927712487	0.24994725222784292	-0.007522132230960155	-0.5665372326438038	0.01445861877662871	-0.01383173316033244
ENSMUSG00000086372	-0.0018801397946297538	0.08061857865395904	-0.1547064640819829	-0.03692353736594092	-0.01477104551345582	-0.5577780613772475	0.02004050245075686	-0.02208789961635294
ENSMUSG00000112943	-0.02439450787484125	0.07988448641334135	-0.14980971638551852	-0.043499163782567	0.09073327204755999	-0.6567629205445215	0.01778001334662138	-0.0648313617207424
ENSMUSG00000045539	0.004425435043775128	0.08604218651341208	-0.14027315943484903	-0.04956244772760332	-0.052370068522865486	-0.5893456322728114	0.011563222198443524	-0.1651868454920171
ENSMUSG00000028028	-0.01869895336237681	-0.10014772308520548	-0.16410423864842952	-0.5612933544715416	-0.021132400550952533	0.6359829874857283	0.03626173489425036	0.19544378591693642
ENSMUSG00000045514	0.009232022690334074	0.08319413166285773	-0.1795545761356094	-0.1664092259928986	-0.04269079339928222	-0.5165012189050433	0.018044329085632048	-0.1108002866152397
ENSMUSG00000031337	-0.05954162760197102	0.03256992307295429	0.2387874409554547	0.08084211269898207	-0.2382072125256936	-0.9310233030117707	-0.003653028030735417	-0.17757244033260755
ENSMUSG00000036529	-0.009032712270101051	0.004295498174823334	0.31801481675575793	0.04527147570096604	-0.07116854874225222	0.6044244108098782	0.040274448410855	0.17601710395579134
ENSMUSG00000043274	0.019710279219977797	0.14332771097093497	-0.13094560569976565	-0.21196393169620656	-0.02097264186910459	-0.2605621152047195	0.01481210686276957	-0.12595727903407797
ENSMUSG00000049265	0.09672226524985233	-0.20810755637238149	-0.1436966099452622	-0.404044243711817	0.21037141536213866	0.9066510013918023	-0.13339743897776418	0.2261682269301929
ENSMUSG00000068431	0.007406648015027822	0.07137938803455339	-0.17117503839067633	-0.07372412475041128	-0.04442016608799262	-0.5272246069980997	0.006404264152125139	-0.168521515580358
ENSMUSG00000117984	0.020599160759940394	0.06535220354152511	-0.1320921973540885	0.0458260385643674	-0.062183453110884614	-0.8003465935984458	0.021148410835444678	-0.12714880543405882
ENSMUSG00000016382	0.0645828826895996	0.09411328986718175	0.11922479371871732	0.29046311966114646	-0.20767780530349034	0.3961969837139508	-0.0012383051943400947	0.1909201124393401
ENSMUSG00000071645	0.023829639868911647	0.05415213290661346	0.4611487175986346	0.44171134523636985	-0.0306012596878793	0.24596987304314188	0.02855710999800406	0.021448154565564932
ENSMUSG00000079677	-0.08350167180929326	-0.009771677900593634	0.11061693805540627	0.35329304243835274	0.032535058675796015	0.5349230580999851	0.010851783141962258	0.1376295858886589
ENSMUSG00000042810	-0.026079390449649464	-0.0574292158671497	0.19935132187294421	-0.043424320104075424	-0.03000522031186218	0.8755110847986882	0.03553531756068502	0.15149277028423622
ENSMUSG00000083200	0.006224571092001823	0.06919678808278001	0.2734528542489503	0.42916613407076626	-0.08350636626293229	-0.8649093973042138	-0.0006655206241480971	-0.21203327487226206
ENSMUSG00000078974	0.08068347182271847	0.039495442957520485	0.4323875204124626	-0.08353951507872416	0.08592534433714694	-0.030161158958619816	0.0325148008632426	0.16682151791274985
ENSMUSG00000073985	-0.026090685613836095	-0.1473828398731393	0.07468247820075613	-0.062193564742461564	0.2675289968680813	0.8680832076767331	-0.07510391241954155	0.22094745221023496
ENSMUSG00000086962	-0.002737238723484303	0.06326514985467506	0.09900800310431171	0.07120326297252363	-0.05230877569162517	-0.5500724899116478	0.02138930282229387	0.020085802473743784
ENSMUSG00000025147	-6.327643022108198e-05	-0.1473557683942362	0.22018119316924337	-0.17202273323263678	-0.04998442881502852	0.8807925597662892	0.04612511997148168	0.22404884774166198
ENSMUSG00000108106	0.004231413411811223	0.06532941175163601	-0.18336649778790395	-0.052460757791672155	0.0019946785895256225	-0.7004825215995953	0.021075807476932176	-0.10840093694593278
ENSMUSG00000034543	0.08440525784169779	0.016131597139154227	0.30887568194321213	0.30940008723012563	0.006786448275462487	0.8358313511555262	0.054348412938562365	0.07575354933075462
ENSMUSG00000001655	0.30667654376278985	-0.14347418713166427	-0.21238441720076315	-0.32951626128351785	0.24966671510101568	1.0854930863289356	-0.27188502759079003	0.12273664504250104
ENSMUSG00000082736	-0.020136666347350066	0.014826112638610889	0.13148960367812199	0.2421811886564576	-0.21708692559314427	-1.0161184168498942	-0.014689721865781134	-0.18954181918609686
ENSMUSG00000034175	-0.06118318139859924	0.08606863592624094	0.2068406009334442	0.30613250483828663	0.04404162640877936	0.6725068726254787	0.024138501468839384	0.08950264269423726
ENSMUSG00000104752	-0.013927221211641447	0.06234447958954882	-0.07711658534298517	0.024599674014567054	-0.17728522314857942	-0.7954732394241125	0.019264762938727253	-0.1557025477319886
ENSMUSG00000041679	-0.033383199607960955	0.018968280272142094	0.20142045066936684	0.421566012295275	-0.018909599143436262	0.4329876663810386	0.02409720910005394	0.0594070382467199
ENSMUSG00000028779	-0.05683541264062799	-0.12671323742941076	0.062401408262861266	-0.11958383032167443	0.07505863254959849	0.5757156760088702	0.020494777206773285	0.05905845507905213
ENSMUSG00000027187	-0.006900168835589304	-0.10353005581129078	0.1706787714157779	-0.08673522988999888	-0.01643759662153342	0.7701664795797355	0.03402830120453762	0.17400280106499322
ENSMUSG00000019734	-0.04235839016780422	0.07563279416086784	-0.002835800884640874	0.3126664538470798	0.03728724511450284	-0.2642755655499821	0.023151803379654154	-0.05630282565506039
ENSMUSG00000039904	0.013433419171794192	-0.18409487174117997	-0.3308240130768754	-0.8137638460063966	0.11198871311798132	0.8568700909246275	-0.12517392488627077	0.1771395534506078
ENSMUSG00000029161	-0.021523599489644996	-0.18707707309336855	0.06441806616342745	-0.3349940782338657	-0.043814462792334904	0.6931971007876975	0.030954238589021982	0.28138802753981934
ENSMUSG00000114525	-0.017603392137948228	0.08063222384446149	-0.17053991406733066	-0.11923947945132586	-0.044862945016430976	-0.5186135379510367	0.023965767711280672	-0.012690474612269369
ENSMUSG00000112227	0.06772388961366828	0.06132076970167742	-0.008063249564139063	0.41664093814630665	-0.06887590535685524	-0.0426207887678259	-0.020394533931803353	0.024255101262413942
ENSMUSG00000063932	0.025093252521269583	0.08081660339503835	-0.209567299324287	0.07589918384064016	-0.01668315645303729	-0.5857336264070838	0.013535095921144324	-0.09296346990817071
ENSMUSG00000017943	-0.06252930030614759	-0.09616867238506911	-0.0020401144807705718	-0.3679106679421641	0.022896953185412402	0.4572558331012351	0.014507202457354068	0.33627933761130313
ENSMUSG00000063374	0.01276693462754387	0.0673313792000474	-0.1887285222740389	0.03467967498469013	-0.05656918739689405	-0.7210809187570696	0.010442534012540694	-0.08895066759994104
ENSMUSG00000118090	-0.0005349892013071234	0.04636477442618885	-0.1260455730692976	0.055333126588415535	-0.1104860642934112	-0.9127706055085101	0.015104255205865367	-0.11210365226134394
ENSMUSG00000089755	-0.0792412836851079	0.010825794812698603	0.043236138045726125	0.006700140600235799	0.06272107328904311	-0.34628611974782525	0.011108791715856867	0.08089866318272441
ENSMUSG00000072966	0.0815845097434604	0.11342099527469533	0.4486974751298238	0.2734324004482586	-0.07726347223729868	0.07220849194619713	0.019373344284927402	0.12600407251595747
ENSMUSG00000024366	-0.022814111281380462	-0.23035357130005446	-0.1389014224276373	-0.7055329217635901	0.025756283719817197	0.5166310340561017	0.008213940609106296	0.26442824315318925
ENSMUSG00000110137	-0.021366600629917444	0.09739766254284504	-0.17576402601458455	0.04989461374237187	-0.044781625253683136	-0.4195674448098115	0.023992170207100316	-0.09164382198341384
ENSMUSG00000055204	0.13044429871429727	0.06997333910246636	0.2956809888956701	0.5165240518211944	0.02915215364573176	0.593615989671931	0.04194586558132309	0.090628284138129
ENSMUSG00000086554	-0.029362038475891257	0.03566214083047155	0.10097430807574198	0.2675232420551195	-0.015857170724288952	-0.4597175771994922	0.016830325225796038	-0.0527322259644018
ENSMUSG00000085396	0.001815964444235374	0.10567168204220174	0.8170494696417112	0.5596693916691342	-0.12168634095995223	-0.4914428423004077	-0.05888811731224154	-0.14528450691706052
ENSMUSG00000030996	-0.008052725500100055	0.03349853665577774	-0.23825049091235065	0.216108564533214	0.14423232956519996	0.1785440098653894	0.07197106258110025	0.06370140856219086
ENSMUSG00000075415	-0.06900372963052438	-0.15802993643716262	0.1284718439154898	-0.18491711957308252	0.06931036930467498	0.9321927165639818	0.023801049455263068	0.21957306273162447
ENSMUSG00000038806	0.08437877824055454	0.02741769747419838	0.3818048566390852	0.31769818453711796	0.0007748175631749898	0.5270629471503656	0.03892930303023097	0.12903091047269755
ENSMUSG00000026405	0.012593653008330548	0.07996695204449678	-0.20543675560006586	0.011060194483822006	-0.01924597256809466	-0.5185651728309171	0.016554743422858502	-0.12710680109647415
ENSMUSG00000025576	-0.007054805657584623	-0.29611194980420874	-0.0977584686457972	-0.508240845790102	0.14459397783680708	0.6883108675356832	-0.06206512255736455	0.25420938205548593
ENSMUSG00000031400	0.06990992571691133	0.08170811901341885	0.4262194859259676	0.47963094292292124	-0.20988161659381702	0.344468927578865	0.008529852457947795	0.055911639312322285
ENSMUSG00000103787	-0.25047892877380273	-0.0850573431662	0.2060620484484872	0.3563085760429853	-0.47199675532201874	-1.0775118989628918	-0.09446979214747829	-0.4205060735559062
ENSMUSG00000047767	-0.014066648775397206	-0.22458898233969438	-0.04686166163671953	-0.3753639221083665	0.07496585265988971	1.0157507446470424	-0.03162267038862179	0.15852055098599901
ENSMUSG00000034891	0.27817577988718434	-0.2801505359891979	-0.2483379787394871	-0.6918505468054105	0.14510333636162212	0.988431638718377	-0.15340235389472442	0.1376148103275151
ENSMUSG00000111544	0.011957386770417577	0.07351463271506388	-0.14158408327997732	0.12839228499767044	-0.015830455081882407	-0.8389043608407578	0.019729659698408102	-0.17102019835052107
ENSMUSG00000087001	0.03683093358842707	-0.20900665802803953	-0.18012270690967808	-0.4729428940650819	0.11688550378026914	0.4059014856240172	-0.045287468917321695	0.2730754066689731
ENSMUSG00000017718	-0.08196528617819371	-0.04139731745979993	0.09918854900992724	0.31669566796328974	0.08412075623696323	0.5649183478595029	0.008783168378729389	0.09794363748761893
ENSMUSG00000078765	-0.05933610709049067	0.040431163311190996	0.29584362689486055	0.2706444891087796	-0.028935724969037402	0.6837853653296185	0.025106972759501186	0.06269801146740936
ENSMUSG00000026080	-0.06521223163271057	-0.10893110167792325	0.04147037701060691	-0.171152868816765	0.013705063778812865	0.837423070277196	0.028349219057811424	0.24912739888072188
ENSMUSG00000046085	0.01114782085194721	-0.09370691647329643	-0.23974387808378816	-0.5523869723914675	0.1649703470521123	0.3108586465711297	-0.09868875743557531	0.2300473548385986
ENSMUSG00000107711	0.02122600790179925	0.069398333745078	-0.08555762326258746	-0.06563079458432437	-0.06359374516828233	-0.7799256017628713	0.019692540650459445	-0.09763460920536403
ENSMUSG00000021054	0.01091542599086287	-0.2658082631647365	-0.13324710684231245	-0.5626826471983096	0.11199984897120716	1.0827863161545235	-0.07908868260371785	0.07020917797288184
ENSMUSG00000101909	0.006721166767094074	0.06963353480074652	-0.15359650022761176	0.13933200780072372	-0.022295286303925726	-0.6134324517149133	0.004434096614699512	-0.22281365755217825
ENSMUSG00000083725	-0.005711443629541568	0.0777339786082443	-0.12013968707158568	-0.09325694407240599	-0.024176177998370168	-0.6640413941478	0.02034861368801007	-0.05656530067958707
ENSMUSG00000084757	-0.07288820476567842	-0.044608106820865516	-0.12568034114666823	0.0664812606423687	0.020737873304755405	0.15740995257838564	0.04822712994096333	0.18422636013850768
ENSMUSG00000033854	-0.015055063996570972	-0.3297910554073626	-0.18999763725797542	-0.7360579937937346	0.10028019326050504	0.7186159292817602	-0.03518332713625289	0.20454964281071256
ENSMUSG00000105063	-0.018418646395382852	0.06620772502273603	-0.15793288520763377	-0.1612394958735338	-0.004182020665497332	-0.5512876041983409	0.03302021115616085	0.01841051312591181
ENSMUSG00000108919	-0.016138025113260325	0.01969179126510884	-0.18871407148536695	0.03283927882118494	-0.03285522296630245	-0.7381794263924182	-0.0027433720749308055	-0.22247028510210756
ENSMUSG00000024695	0.09193152864404427	0.08494202690995237	0.2963522292711883	0.3676718946717724	0.025551486406362844	0.7581000475175848	0.0397400736239493	0.06001671273938985
ENSMUSG00000015665	-0.037208322906521096	0.04351008949083769	0.025684365678685053	0.18001128725979884	-0.2456116747820697	-1.12253731604058	0.02004709988815634	-0.1204654977371685
ENSMUSG00000111952	0.013047170887056007	0.08120389119481755	-0.17161470467538506	-0.08209252422992948	0.0024504023827632837	-0.4945293706018346	0.020938781948124333	-0.1378555635718684
ENSMUSG00000090681	0.040661320150100426	0.09841712715608292	0.1145607442970671	0.04763635856404253	0.11677729169934897	-0.4238466346957752	0.02782229642595352	-0.1826329531982191
ENSMUSG00000024130	-0.01666256361130647	-0.15106236700500628	0.10657952431252155	-0.23723127417561893	-0.028839651269187007	1.0244217930191206	0.050957999416722875	0.1771220103036627
ENSMUSG00000037279	0.03753528709808143	-0.3234621994008607	-0.13944979329757706	-0.6234278455767569	0.3456646279161991	1.0325499704828407	-0.2606257634746668	0.047346587338635365
ENSMUSG00000048970	0.023954824663266816	0.0949312219315624	0.6589094935171911	0.511425985329914	-0.09881993882442208	-0.22091512051677226	-0.0250335953785238	-0.10453388723435886
ENSMUSG00000037139	-0.06001506270447599	0.036148710575258335	-0.013569157070831265	0.022127432343305227	0.035425136530509375	-0.3575249822178338	0.011779664043895355	-0.056955764470252225
ENSMUSG00000101053	-0.18250052474205353	-0.0334056727769263	0.09266576662385595	0.25366613649922914	-0.4636133911779841	-1.1003544812544463	-0.049712216668892625	-0.21490780214334312
ENSMUSG00000024454	0.014610331967324069	-0.008285033131574249	0.23540060247550681	-0.09656055873557332	0.04736006121588056	0.921073856087325	0.051475698983848385	0.16319155499011032
ENSMUSG00000087162	-0.013018488058426522	0.08488740973530277	-0.13642503950463	-0.09675810216546182	-0.0020778989755655397	-0.6323015030640238	0.021057120658136582	-0.06590604105452742
ENSMUSG00000107634	0.06403563569090816	0.12816828451861265	0.07309081887413284	-0.008085334606357186	0.084215409195679	0.7602227827696407	0.04109814174748696	0.11719322954305453
ENSMUSG00000114323	0.012401027897265755	0.052740127457531955	-0.2010206904296541	0.004719450115161394	-0.08100472433574668	-0.5680188499238019	-0.00987246855649756	-0.20829614899793705
ENSMUSG00000034066	-0.004763317365373387	-0.15718340492574065	-0.02109753564017505	-0.3117947568863212	0.10786949350280081	0.8962721052253229	0.017657100623288336	0.2315136049843291
ENSMUSG00000098071	-0.0181887365206791	0.07247049522603889	-0.21587708013905202	-0.17854522625050245	0.021988760792195645	-0.4490837856312304	0.020319572594233892	-0.16634683173054698
ENSMUSG00000030541	-0.054554915553911905	-0.13756602416978875	0.1746503824500718	-0.13283753265996553	0.1094222731015392	0.9363628305993721	0.021663136545050143	0.20200775888044623
ENSMUSG00000022144	0.14973545370958075	-0.35826977742846083	-0.3523860782855841	-0.7728244937325831	0.3111303631363693	0.9888790771789806	-0.3549088126854556	-0.00965901960898441
ENSMUSG00000000766	0.020132535895121585	0.06927606752652844	-0.15772502010760203	-0.020984328310454776	-0.06858866222676878	-0.5671183454340167	0.008863499570977651	-0.20624691071138937
ENSMUSG00000064201	-0.030670347160551916	0.04860085302657598	-0.1865723963046099	-0.26967777893439493	-0.02209881257533619	-0.38651602818953423	0.038515959854228225	0.14249210625835784
ENSMUSG00000084890	-0.01808700037276294	0.07647572981911267	-0.14917409784002042	-0.06243216541675185	0.012028338617979473	-0.5969805748154081	0.025173192988429172	-0.08047009775688062
ENSMUSG00000117479	0.014719115267934901	0.07941836943038746	-0.18622573304492773	-0.023899705228319572	0.033247476445941934	-0.618749006791677	0.023660608137934896	-0.11609675475834827
ENSMUSG00000086552	0.20366593602990846	-0.3689282842422182	-0.30390227377926665	-0.7243809932300121	0.27824950777499863	1.0178611764092398	-0.3316055297410899	0.054350584250428324
ENSMUSG00000107696	0.0035411834048509933	0.07814728942948948	-0.21155095232394044	-0.00045876949904299913	-0.04387364247510881	-0.5974240177199402	0.026504129337476954	-0.12293220670529516
ENSMUSG00000046456	-0.05133721419605813	0.0411052493133093	0.11038233999209336	-0.1320771805781771	0.008785730756185939	-0.34832917070788066	0.015931011384274017	0.03686894383293342
ENSMUSG00000085658	0.017903156238399665	-0.051663006277456035	-0.14846819635956535	-0.24960146225485252	-0.026586294111000806	0.905883329068988	0.03209752935911259	0.25369093916151203
ENSMUSG00000028838	-0.001147730076401815	0.07995202142316452	-0.10299401742945176	0.4456647966035831	0.2639910818231107	-0.7268389274511308	0.03295666153000185	-0.09994288302420602
ENSMUSG00000100487	-0.015164775958586474	0.06864607557629585	-0.1144103049198643	0.23040682585329328	-0.004619997397164954	-0.5679683985776725	0.012214395799327309	-0.0609830410713494
ENSMUSG00000105679	0.013037205834144916	0.06071421956336712	0.2892795279740921	0.46589238949636613	0.28124969140810246	-0.3731343571038495	0.019396128087879643	-0.07327532227578551
ENSMUSG00000017309	-0.04266644260768016	0.05810076830058093	-0.13842848559876447	0.10913544254893989	0.019608248572397416	-0.6480595703515676	0.009677268426701913	-0.09385640315138341
ENSMUSG00000114619	0.03539522592952159	0.09714743469598928	-0.2056907744939175	-0.13138636969516043	-0.0229943676331979	-0.15431604089903997	0.025472883605366523	0.12636836595977163
ENSMUSG00000057715	-0.014991086816833393	-0.1280044197294005	-0.08543551725161383	-0.5450456721861884	-0.057639053241674815	0.747150296828463	0.05328621037571205	0.2509082244984985
ENSMUSG00000026771	0.08344843268462365	0.027027918816291883	0.11035149592174029	-0.10227161315038247	0.0039985422984036845	0.6588977777071128	0.04762971196167476	0.2653001514677534
ENSMUSG00000002820	-0.04963945494396951	0.0054993768665124575	0.4162843078963174	0.09902764684427756	-0.0008679217350913149	0.3894948664459396	0.021720810588704075	0.14580505697713242
ENSMUSG00000031365	-0.0059284248883207935	0.07363681502683096	0.34152189014719403	0.42065659616938655	-0.048581222410977065	-0.09650784098522525	0.023918570722950387	-0.06032429009500676
ENSMUSG00000071226	0.0402985173843007	0.004063721154730636	0.06562335036198018	0.26699726929945383	-0.0011720520623232922	0.8361989744895457	0.04522054391693279	0.1439625914002072
ENSMUSG00000075139	-0.02378275389051359	0.06325261289804776	-0.1695307796132177	-0.07405084679828422	-0.03126710080734813	-0.6652811795148029	0.017434582611508986	-0.15182574907514504
ENSMUSG00000055138	0.006121920339403841	0.05472779442557516	-0.2288508089589955	-0.21110705943043762	-0.0050158718743500575	-0.41953435396785327	0.03008354741375668	-0.013055547595533274
ENSMUSG00000103625	0.04677702638646196	0.12859486206199458	0.3205878737771152	0.5833000236867747	0.04373875202331673	-0.3302348147377842	0.019692013598641034	-0.15189368594873837
ENSMUSG00000095011	-0.2304265526688664	-0.1520354613579907	0.17382319324146245	0.4897589501733808	-0.4086786597067615	-1.1858093748155172	-0.14157238094665248	-0.40203978686582914
ENSMUSG00000087211	0.2967973187606076	-0.3295377366583279	-0.34751525675800754	-0.7362874223804016	0.27251920952752307	1.0331376450238863	-0.36168663624589953	-0.003828068334959245
ENSMUSG00000097354	0.04932707317313205	0.09003827346951684	-0.0842438098571974	-0.14798591560758378	0.006198992237497147	-0.27408477009082544	0.01609019120147819	-0.01028764869059555
ENSMUSG00000040463	-0.009377788142994614	-0.035603464583703705	0.37572070175621053	0.36047195412182675	0.08627911470233482	0.848177430451212	0.026905002864142685	0.06179349726176099
ENSMUSG00000025578	0.3532018020228483	-0.2512758038171315	-0.3427704835414865	-0.5773850187311939	0.29486227806482956	1.029681644566639	-0.431974228046531	0.11766298262328001
ENSMUSG00000096518	-0.21030482689032537	-0.09707456456271052	0.16069116289930996	0.2604426742206412	-0.34312818845735094	-1.1605168106263528	-0.05718656740742811	-0.3051964263199454
ENSMUSG00000004929	-0.09912624180307783	-0.008702687444320567	0.3050810482711464	0.08101525890103907	0.03653820638659515	0.7542475048735926	0.005592196011860403	0.08466256471558271
ENSMUSG00000020168	-0.009336615876720836	0.030321492967113235	-0.16719191392338478	0.030357779700424452	-0.02956513547338332	-0.6778556764687244	-0.0014462294787542795	-0.23770369958713083
ENSMUSG00000020037	0.04168621276351825	-0.35312375054916917	-0.12444008746777512	-0.503038533901675	0.2477282531933261	1.1035506845854075	-0.15247512003352384	0.05031465438459557
ENSMUSG00000038604	0.07262446528985878	-0.08259930702982704	-0.09024665168844484	-0.24788181886389968	0.16620998766946965	0.9815554039583602	-0.12563616473178027	0.21386360225509227
ENSMUSG00000029095	-0.05674722512816163	-0.16533851914049502	0.058209241516157306	-0.10560694199895808	0.022297065628212653	0.8889323278997237	0.027889718007241507	0.22383129510532115
ENSMUSG00000111550	0.029792517497676096	0.09635101085745937	0.06951313254046437	0.23089271081847787	-0.05946814624900672	-0.634538384623968	0.012963151846610343	-0.16869877935290148
ENSMUSG00000102885	-0.017595687703371624	0.07912762602257215	-0.0915578098039864	-0.09374726242990426	-0.0395133348630396	-0.605478565540284	0.019138274438051384	-0.053729159929604524
ENSMUSG00000031068	-0.005028932619182802	0.042431410630488234	0.3123109136582896	0.28678930032387295	0.014448402117247608	0.487163663100803	0.02682979547506338	0.0876877200621397
ENSMUSG00000031411	0.0032850864975038085	0.03796498701425216	-0.13392123683436408	0.10950788964660356	-0.13193684186769813	-0.7852041965234716	-0.014846704649603823	-0.1713807291654816
ENSMUSG00000102346	-0.23742968421449134	-0.06624737140688428	0.23358988029707128	0.32896912553217045	-0.5406822787740848	-1.1898629488722077	-0.06053748458251618	-0.3256658704122206
ENSMUSG00000006731	0.28890517729200665	-0.22164106431373662	-0.21454690126156514	-0.5085399809123392	0.3145132351395759	1.0591527730310384	-0.3204894314266491	0.06552750175091282
ENSMUSG00000008874	-0.009784524883424517	0.07389924341042625	-0.12456596916524325	0.04599871699831068	-0.06379023238353793	-0.735927210560034	0.015851935773795775	-0.1576913347341128
ENSMUSG00000112320	-0.003922824764187149	0.09118260076335173	0.1430430083859865	0.22199474984983783	0.1315643367862633	-0.20450791286609413	0.015662983777707817	-0.12579416334575003
ENSMUSG00000054582	-0.0503759894263656	0.0434562923266058	-0.04382791430270025	-0.13787856376488777	-0.028254204420019528	-0.5076660218891965	0.015856232262032366	0.07022656526952768
ENSMUSG00000008301	-0.02896632496253	0.001460818774811301	0.09119254946663292	0.10218601861947574	0.1121274935049845	0.6645524860152551	0.012569183362197691	0.1309311590747667
ENSMUSG00000051391	-0.07561024930909954	0.03878106415634012	0.30570708255762963	0.4436027950994651	0.07845677298174715	0.5369803026873956	0.019796449365486336	0.054760079059244404
ENSMUSG00000097525	-0.05669719283913718	0.08169879114728489	0.18934968997961343	0.16195628786106356	0.167707757217945	-0.34374920814011806	-0.0006767057692273482	-0.10947783846113637
ENSMUSG00000113459	0.01574530276270403	-0.2552642891116386	-0.20367964363855204	-0.6008091415658176	0.05423065863352829	0.4265911125844981	0.009516400624466348	0.2300005063687586
ENSMUSG00000037708	0.09975784434301238	-0.2789449357714721	-0.26397506627944717	-0.7293870575609589	0.2784210874820009	1.0326219468544937	-0.2632552511795667	0.024155420272799488
ENSMUSG00000071550	-0.0307972271782036	0.07696534546757995	-0.1779057768016962	0.02662481892531873	0.02460802231312587	0.11362404280338152	0.05737679189716053	0.044022737560824435
ENSMUSG00000041771	0.001954151328374272	-0.2986193473485283	-0.08519724888825911	-0.6017785877564819	0.0033291388093356715	1.0852004138724678	0.0007330502724887805	-0.017534535558711473
ENSMUSG00000039981	-0.025257044557173848	-0.012916587317808204	-0.15526133243255558	-0.20899921143103728	0.028940847564151218	-0.29162221294246055	0.034774197272362	0.062407021992566446
ENSMUSG00000049807	-0.09496622201003643	-0.0035807783818884165	0.019384517833928503	0.22691804383809208	0.1193324872078773	0.8110028808836712	-0.03855802167351282	0.11996329289177664
ENSMUSG00000020070	-0.015595350567032547	0.0037054254439443657	0.3226223538638647	-0.056878231841889046	0.036711887040726386	0.442586698455369	0.03518070537008405	0.2499084069853025
ENSMUSG00000043557	0.003304993427140024	0.04347253294937923	-0.18706378584819677	0.017689628222214645	0.30093476694834004	-0.5081934454879763	-0.031470392306152506	-0.04079600817680909
ENSMUSG00000055675	0.2033729346916266	-0.3050645315834199	-0.33040327102311784	-0.8036413838456469	0.2675752769621345	0.9468224891033937	-0.35178663695770396	0.10870736755416538
ENSMUSG00000020205	0.17462700372711193	-0.1623963892562007	-0.18523042605838794	-0.3121621703308351	0.24690660682356977	0.9912337058133633	-0.23606467309914914	0.1973521781709364
ENSMUSG00000109857	-0.017359531318628905	0.07618051065067502	-0.031535972366454404	0.13304181667656645	0.02680174159149132	-0.3944331240842551	0.017142225280653234	-0.13757921732405667
ENSMUSG00000038670	-0.01616882733528914	-0.19104014157406812	-0.07233423842248261	-0.25730970009876947	0.037810248858353955	0.7255757247863666	-0.006217527636712683	0.27350517091792037
ENSMUSG00000030322	0.06936179340573131	0.10366060107828372	0.30572856003777	0.49460112590342104	0.06551944589570795	0.2787521874372236	0.025868067109029193	-0.07114825209122366
ENSMUSG00000087700	0.015007189746545026	-0.2158622878897621	0.0035310090070218014	-0.4188916006990104	0.00563285239928219	0.6577547161828919	0.038397411629353735	0.26706428771412005
ENSMUSG00000096035	-0.029584411572723436	0.07510894660901002	-0.08517904580251166	0.09359481951449387	0.0941347835289951	-0.5474940243119274	0.013212449120524883	-0.12659574789243755
ENSMUSG00000033740	0.016880861402223647	0.05254406793042168	-0.16490414065927972	0.06858656468580285	-0.0534722424790761	-0.742538289550215	0.01459488022497224	-0.19257944070798327
ENSMUSG00000070368	-0.062385975545526	0.04847203029976962	-0.09854722433795741	-0.03124563847548994	0.005572706896410928	-0.2694839373333494	0.020288111833827005	-0.02937993101155522
ENSMUSG00000038602	-0.032434006589269995	-0.08143124610177567	-0.14310053206251405	-0.47520665742040125	-0.061669457236274317	1.010012070356233	0.046744273494400024	0.11476345566389949
ENSMUSG00000098270	-0.04085708792352678	0.06149158581760504	0.4682229462663466	0.49048503082666145	-0.2233304719468535	-0.9994041292277441	-0.004700800327719412	-0.20483468027744467
ENSMUSG00000073987	-0.00890738840793176	-0.21305978935664477	-0.04811388890440456	-0.4608070146954947	-0.05952001954866223	0.8899341183544575	0.041305321863642955	0.19393777307197885
ENSMUSG00000026790	0.03291853320163103	0.012930179698689148	0.38683598486974874	-0.11307943085303895	0.040676644770795106	0.8546542467839845	0.049027165086187034	0.10431149679814665
ENSMUSG00000110789	0.017254816667765516	0.07885741329597162	-0.06585666314137825	-0.0026956355197557402	-0.019744218656015056	0.32470964676836406	0.012491351740370969	-0.1444962726942449
ENSMUSG00000049090	0.2275750162064043	-0.21268994405957908	-0.25458348286927673	-0.4660011055319167	0.28957000814009926	1.0595414602870945	-0.3203029452935991	0.035960710556384834
ENSMUSG00000019900	-0.053302284534987275	-0.2337501591234489	-0.24264471839208895	-0.8082145624784838	-0.041812500151270623	0.8392295172381143	0.034718389313956544	0.1379555014012986
ENSMUSG00000024552	-0.009480377992712001	0.08392493495498363	-0.1705709639416288	-0.03984247341060822	-0.05252831097084282	-0.5340471045981051	0.010606660159613757	-0.09002794606623676
ENSMUSG00000085265	0.015571270501193297	0.07547072165138606	-0.1290700204514376	-0.039130960689492074	-0.08931873218967024	-0.6853079064469971	0.01229776237125424	-0.1110498038996755
ENSMUSG00000109051	-0.03864235410252473	-0.02330709678525333	0.0005290582215268236	-0.06482927908160474	0.2438638438851729	-0.5088058289432941	-0.019581493127579695	0.01286003422211917
ENSMUSG00000022449	-0.006487200192940689	0.07021535476343306	-0.1227105969926279	0.004622474553834799	0.0288767729814996	-0.7927989908684222	0.008858693934092025	-0.03879445992508112
ENSMUSG00000021969	0.0704849074618976	0.10639851245293747	0.20310601000686632	0.23564545314151059	0.04713826525404389	0.587043791297535	0.03673152065123064	0.15610723472391105
ENSMUSG00000116961	0.0015693130436896796	0.0876924005119405	-0.17897870617404946	0.04972972477615941	-0.03932754072069965	-0.6128595023277306	0.019820322504372538	-0.06054149269491685
ENSMUSG00000038543	-0.09490084428827367	-0.07043897818011347	0.008251404869978872	0.254892135899054	0.0572865945650736	0.7515762043936747	-0.006669509693641107	0.1493961818928686
ENSMUSG00000038369	0.04050114892779451	-0.08338757953674285	0.12440770842199166	-0.06399865384528258	0.03906520304752147	0.9356752598043234	0.056135630557231454	0.1782120748115821
ENSMUSG00000097847	0.24975148392057847	-0.29671959460564645	-0.26640243831204125	-0.7052780766298107	0.23540426729379424	1.0157133869732273	-0.23901768165346834	0.11464735118094216
ENSMUSG00000029472	0.026895860342564994	0.10059889063849818	0.23991686300170117	0.36801002469126376	-0.033412013095484694	0.7472382997662248	0.03367929884350191	0.06322657203609798
ENSMUSG00000038260	-0.07212737989908945	-0.0008053648662648127	0.1637641074002994	0.10117596967971913	0.051766763416852456	0.4486090691980939	0.017231657449844718	0.1162112388977088
ENSMUSG00000021379	0.2637540542886809	-0.1827564981881123	-0.32286333950127216	-0.5431438091396459	0.25490764266325106	1.0705084050970188	-0.3290786797655894	0.09396743612762737
ENSMUSG00000097434	0.0075253643016472875	0.07125581382728864	-0.15886687410855788	0.004507101558197335	-0.0317818062844118	-0.735570123856427	0.01843161128649514	-0.09698101471250957
ENSMUSG00000108364	0.016583824140312776	0.06907447008153561	-0.1489981287929394	-0.037559860476714176	-0.09041569160677468	-0.6389766409023226	0.005815605982841809	-0.1387674081247272
ENSMUSG00000094365	0.03663103435593973	0.11328658798952097	0.45547380719084163	0.09448473930488524	0.010568575241110656	0.31270017308430365	0.02815741821540763	0.0966868309061407
ENSMUSG00000028917	-0.01518736718063407	-0.33468071024738216	-0.021118527311717834	-0.4927136624650869	0.15955738966827163	0.887818587622441	-0.09421451812034042	0.1997213940174996
ENSMUSG00000098509	0.0003133836951453306	0.06300842866788958	-0.16282525319153426	-0.02997576973867356	-0.040302182510787106	-0.5458104838078953	-0.003842672466852969	-0.2004970883828839
ENSMUSG00000101102	-0.028659109215270342	0.06109288275221404	-0.03741589859238634	0.2474674144364824	0.0009601510871867225	-0.6816790937312633	0.009844765936358552	-0.07781808953550079
ENSMUSG00000049670	-0.03935780727250168	0.0965768191514336	-0.07240901089322445	-0.05994062745739625	-0.004045045993749552	0.09500092873543141	0.049358909587169694	0.21588068473999333
ENSMUSG00000022092	-0.009650967124302256	-0.23882329262618138	-0.04165101846903518	-0.4930145258352278	0.06537772808670303	1.0817629068675851	-0.008918796372403337	0.06834576830237883
ENSMUSG00000062561	0.011416252496985068	0.10084431525220369	0.08340235200796095	0.19371828281953868	-0.1487866844133194	-0.5711994415554408	-0.001248393755075461	-0.22266018446860258
ENSMUSG00000043219	0.3366051562988044	-0.2704876199433627	-0.38733199173296334	-0.7041132216244647	0.2761514424409302	0.9865000984665317	-0.4676055792498504	0.10877812133188886
ENSMUSG00000024862	-0.09198752479231515	-0.1393272726806324	0.028141228626797354	-0.21719070958867462	0.13746072693141803	0.7775589077425992	-0.032946773835130325	0.26844952061351945
ENSMUSG00000041939	-0.10779726251816368	-0.013717369225002995	0.1456250783233802	0.2039916718687323	0.03430441358603187	0.5753192650526949	0.010917189972280429	0.12240645335234275
ENSMUSG00000111678	-0.016506822261429726	0.08616664130628846	-0.08923367349027501	-0.1826284971611377	-0.016856928854587283	-0.40264198995651207	0.00640989987504248	-0.1359566190835455
ENSMUSG00000020288	0.0038301253430212956	-0.011858729259438879	0.26270165723308053	-0.06036394347200511	0.03272603974864399	0.6241543144689605	0.04178889166146031	0.19050904817429112
ENSMUSG00000022175	-0.07453816539698253	-0.011776176916099557	0.21043734824635119	0.11489216916633241	0.014127966918961864	0.7568565842627041	0.01613817266374668	0.1358463187271084
ENSMUSG00000012187	-0.001675322922499889	-0.22691124554119257	-0.20875080551444133	-0.7396296396081367	0.06676702641471656	0.446121556674001	0.006422432419940974	0.24860515844344486
ENSMUSG00000049908	-0.019255633151528388	0.06774817391010968	-0.1259888061639166	0.03744231613857889	-0.005642037416537127	-0.8351887397759566	0.014116344176466462	-0.05657514452904139
ENSMUSG00000116879	-0.03245482725334269	0.13639812898510972	-0.13133697908039188	0.19148118013665905	0.07172872319703497	-0.1367510105109448	0.027855909357853176	-0.19549771653371054
ENSMUSG00000071335	0.007184025721535536	-0.12695990442472974	-0.14078257015270046	-0.36114872394663927	0.055576438948843385	1.0259616457609995	0.010972417354970733	0.1797656452610392
ENSMUSG00000086546	0.006810337187501014	0.09478675528045234	-0.18660699809201217	-0.07710080800224055	-0.012950174893700801	-0.5305051804574258	0.03203023072339646	-0.09202584918706823
ENSMUSG00000001930	-0.052075108322185856	0.036093774287852994	-0.04911948541396512	-0.05639290858382127	0.019805286981337468	-0.45287963496431405	0.01592548935942693	-0.004255579018766054
ENSMUSG00000026251	-0.06854516116855452	-0.05175215179801099	-0.08536040857859312	0.05428296224965767	0.05259996223871883	-0.2142129983790917	0.01831649794362683	0.060216678112977914
ENSMUSG00000089761	0.0	0.05554429338480703	-0.03579461357186398	0.07579229969907604	-0.07829107360854713	-0.6716708263738573	-0.0012354741880118425	-0.20642242513743678
ENSMUSG00000084094	0.011982410487986237	0.0775612080024323	-0.2386209683192522	0.010663228357935428	-0.04359447165364467	-0.5164212416066428	0.012884298371776771	-0.09861327708876869
ENSMUSG00000096621	0.010440462858610333	0.07581927963724222	-0.19895526677998968	-0.05744706725594502	-0.030886497816747016	-0.6295574625627114	0.013899164623423244	-0.09232408347017562
ENSMUSG00000092366	-0.054044909897650005	-0.1442730535861734	-0.030898511893239982	-0.5578525383682643	-0.6166137713538556	0.6632501885412728	0.02214728448041814	0.11978066198991036
ENSMUSG00000098137	0.0028818711017853937	0.09146047072861516	-0.24214108649371996	-0.2660825935482382	0.02398529404075333	-0.3129618682576747	0.020985845297452267	-0.05005769949555681
ENSMUSG00000096982	0.015712965126692537	0.056041766376111815	-0.1006459109103583	-0.043624740561071726	-0.07759372000806226	-0.621560726600359	0.00326647581829298	-0.25218449479483157
ENSMUSG00000102145	-0.006364336583685404	0.07851779358411978	-0.108236121315598	-0.11738482395356839	-0.07581325688948731	-0.7337244255069434	0.021546103547110947	-0.03859410687242337
ENSMUSG00000104519	-0.014678682958872497	0.07650697870953552	-0.10192638954438957	-0.008426943329107095	-0.018067738129349382	-0.8028300288657305	0.010477465922328677	-0.1090148878349903
ENSMUSG00000097504	-0.02440295995598485	-0.024921315806359444	0.1072376233402709	0.18980059904654195	0.03709484692650105	0.6401076050174166	0.017511264851412026	0.057190998489079874
ENSMUSG00000027880	-0.006856682046254655	0.07705586220845935	-0.16075456276436065	-0.09247257425077968	-0.0026668388936540444	-0.6714599034165531	0.021682102046360917	-0.02915499017325375
ENSMUSG00000086206	-0.03620545712654111	0.1364780209265675	-0.17204869582381402	0.2069792984253775	0.05315578790039307	0.2292009231901661	0.064281427769501	0.026439252637599563
ENSMUSG00000043020	-0.018869149543266378	0.01953373915125334	-0.10914838104532461	-0.4509051614980936	0.05253188409887549	0.15532054350861788	0.03163630994849455	0.3364370000567234
ENSMUSG00000044798	0.017026163826440087	0.06551598862086735	-0.11535121239747954	-0.007255066809486066	-0.02076447512654494	-0.7272593486354748	0.020868269313210494	-0.1583747554086557
ENSMUSG00000032688	0.02331646811346544	-0.13360932506982326	0.09051049679125252	-0.22979184907696107	0.02723141939240132	0.8975111215851911	0.05214659003021552	0.24558560049469882
ENSMUSG00000023022	-0.011248360229545524	-0.005132899595296614	0.07541049710945762	0.13193104210279288	0.031140550095912923	0.9534637853292185	0.031715635930046275	0.09096531088552987
ENSMUSG00000069910	0.10763041664150318	0.0773996630440819	0.4894956249339205	0.34753319477466765	0.02472759367273092	0.48998254297234456	0.027826248689253857	0.027268717527665243
ENSMUSG00000029276	0.06812090488496453	0.081759424808109	0.14146373530483583	0.1840428474040833	0.014761226414111484	0.726912303199594	0.03616264088616828	0.09761070313726034
ENSMUSG00000113867	0.021845454410257648	0.07134656983976169	-0.14407773784501107	0.0799443339747564	-0.05205683311060422	-0.6958228175471165	0.004515602489160053	-0.14627679226033402
ENSMUSG00000116769	-0.004886142719027679	0.046504799903769455	-0.20879257748309038	0.026552670115439075	-0.03377903618349816	-0.5581237660778208	0.006495095615963509	-0.2818268037176913
ENSMUSG00000092584	-0.09768359498363499	-0.0027777949927909606	0.12647851771421884	0.20267792002596263	-0.2421692837337028	-0.8979561827387124	-0.027653299334725896	-0.2812220699683913
ENSMUSG00000116992	-0.07734514594365732	-0.031766968343197956	-0.014487345620758213	-0.19016214659945063	0.07006775766726062	-0.07864853268486637	0.01778791964690174	0.0862725048758566
ENSMUSG00000026835	-0.01784250489759325	0.07656061909966932	-0.05973107732703627	0.19073574633524973	-0.052895257323292394	-0.878334272706501	0.01683463692016407	-0.09648485628168711
ENSMUSG00000115925	-0.0811278417307232	0.05777053492686916	-0.08063515907627108	0.08132725580671421	0.10352606787643585	-0.15531695542056895	0.018997492148802423	0.007214841931109203
ENSMUSG00000047747	-0.010491653542498036	-0.1097167107900333	-0.09512522228517037	-0.46696902719557387	-0.023097054285122712	1.0472777317548025	0.02803630827639885	0.05211415225596683
ENSMUSG00000027165	0.01924184723418787	0.09418190145424823	-0.11606867036576239	-0.17428337657486975	-0.013199440628701573	-0.5401418358136069	0.022963224161832257	-0.013449452547158186
ENSMUSG00000112880	0.025501350095140873	0.09006297517770666	0.053641307035347974	0.38717696460879064	0.10860312883854158	0.6109412580478564	0.029313874307733256	0.02690615653518732
ENSMUSG00000006576	-0.04001378452788672	-0.13701446910359447	-0.03865261585884727	-0.16078533576976206	0.13094490403992545	0.8943574964214343	-0.08559155214029973	0.22864420241114103
ENSMUSG00000048368	0.03652503026322872	0.1257793660551508	0.10315672631321836	0.14186591221959774	-0.05206365220593412	-0.4184914144129753	0.0012650645978025121	-0.14098235710342366
ENSMUSG00000111172	0.01285436135166762	-0.042516924101118216	0.07627758290297697	-0.07557360430172733	0.17509430687805125	0.8917010561088127	-0.03028512724817023	0.20116558781777474
ENSMUSG00000039199	-0.013821604677513255	-0.16609965855711256	-0.06114177403688661	-0.311006141729454	0.14411979983409726	0.9066815135521084	-0.05763214470509808	0.22388341450778954
ENSMUSG00000044726	-0.01021125785273129	-0.16452160231369284	-0.2151751692019038	-0.6902941158109468	0.010467548994863086	0.757334021799103	0.012458178394479791	0.22072892329525273
ENSMUSG00000079164	-0.007078906625602261	-0.1425690668281914	-0.13491720113293082	-0.37161575671051555	0.066873947221269	0.2253898207842201	0.003390145870541747	0.2751702280990843
ENSMUSG00000075012	0.28181240099072663	-0.06116150708120849	-0.3623221907710089	-0.2236712505011076	0.20053930382213875	0.8704469361178332	-0.27104173376613916	0.2017494005845211
ENSMUSG00000023886	0.0013789957051031365	-0.38807093624183164	-0.1222515670813339	-0.741597377841022	-0.06308716643692734	1.03022988935006	0.01778496436056964	0.02639458816547269
ENSMUSG00000113040	0.014727626193040466	0.07523957453590513	-0.042225200047844864	-0.08105576441285678	-0.08396793128254021	-0.824362301704274	0.034376310480279594	-0.057887783627733544
ENSMUSG00000110148	0.11631292903855595	-0.25836010970984813	-0.11753529695377707	-0.3533247145176145	0.24308896005377847	0.9640808118534122	-0.20234956233555665	0.19268684755915136
ENSMUSG00000078497	0.07406861647651435	0.13313715600655415	0.1626309185041286	0.2913252014915852	0.049966213121493984	0.054994336867502866	0.020391247391356004	-0.11809300501629727
ENSMUSG00000114196	-0.03288951390014799	0.04203445563159959	-0.1936294921577903	-0.06549489349215522	0.045474276277278715	0.31884322749668054	0.04944800717461052	0.12080749774707292
ENSMUSG00000024019	-0.009128014879547619	0.09641285511241739	0.3415130575766747	0.1420608716277398	0.023780681315841695	0.4598858788873546	0.03140653269626449	0.0937415833932386
ENSMUSG00000040957	-0.004718417742869185	-0.28879708601970716	-0.05096574566599928	-0.5155580918428428	0.08948339364813974	1.099231689276452	-0.039136702374137966	0.022150051954946393
ENSMUSG00000009731	0.01692202035579241	0.06936294389058449	0.3953023988760676	0.7005488951182139	-0.11079664901935513	-0.23972169732690307	0.017054744774145113	0.010402902022254024
ENSMUSG00000096697	-0.004929878125233516	0.02326126552879444	-0.18456264222585586	-0.0014305346136385122	-0.04150529202343393	-0.687460655719994	0.0045510087367876245	-0.23686682163890485
ENSMUSG00000036779	0.04119939589480403	0.10841390267437209	0.14349056860846565	0.22762732071735767	0.03582683611212326	0.6854874643438137	0.03198387250087675	0.16345944590111994
ENSMUSG00000107376	-0.16863646563676876	-0.09529282636761094	0.12194094644711351	0.2627356177627858	-0.41142351579874264	-1.1575062370519849	-0.07038641602689896	-0.29030033356989415
ENSMUSG00000032127	-0.02305098463638841	-0.006654740592922925	0.3655780965300013	0.08304522940652267	0.04385557734973759	0.786278361468137	0.023362487731578657	0.030318810448720864
ENSMUSG00000110138	0.03827335846893326	0.11186954646379302	0.23091290095926184	0.4745440468794334	-0.012445463066001028	-0.5093802852268123	0.01782434264556704	-0.1930620899314075
ENSMUSG00000016308	0.09285270985721256	0.06968578603756341	0.42438370749504817	0.26456846355230207	-0.059282503651028495	0.2766433917133805	0.03000948277928017	0.1593757405039037
ENSMUSG00000090481	0.009782371771064224	0.06536861799092927	-0.147480215525354	-0.021688020136078196	-0.06540149124205988	-0.7399701282267035	0.018380285302477886	-0.11385634815143508
ENSMUSG00000030762	-0.059797684210774485	0.04741890289968261	-0.14027999877549385	0.20998227387922921	0.0048631699111067045	-0.09742160441259635	0.03327994705509034	0.029192540602916962
ENSMUSG00000068134	0.06358762584211419	0.1363781037589396	0.14611937717568205	0.17836432206646508	0.014997473384349647	-0.17891729703557535	0.02093593220346766	0.0351907009504315
ENSMUSG00000086437	-0.029316786955194525	0.03704114239055897	0.06065602211193068	0.10669306093950294	0.0001515852200153489	-0.5965005831997938	0.019498687084885884	-0.08992614861302016
ENSMUSG00000026003	-0.009045563841641208	-0.24846297089609906	-0.11616386211713904	-0.6284512204041927	0.038445868250619436	0.9780150489675411	0.014474875586465947	0.1268336543988306
ENSMUSG00000074634	-0.23503042374143424	-0.0092634028398458	0.4524056726331836	-0.1621867126766684	-0.9610947240834165	0.7039455246684155	0.0017157580622950142	0.11296631963305277
ENSMUSG00000029388	0.016514020938132385	0.12963239902463233	0.5775824907394815	0.3549150645315209	0.037346270789473474	0.11164519621435018	0.017432196019239645	-0.03584530908873629
ENSMUSG00000054258	-0.023069461212318797	0.05927201827042537	-0.09106073096359264	0.05167048668888037	-0.032244708448867364	-0.6202701561778718	0.022452428818643844	-0.11065302464436294
ENSMUSG00000087292	-0.09300100360361038	0.03261801607893657	-0.05494811647023212	0.16667661427062064	0.06410347017449419	0.15657307141458393	0.03579989098241701	0.05423104666405465
ENSMUSG00000011254	0.03317515935275216	0.12112347542654185	0.24651564245367003	0.25377649532476954	-0.05645394920169067	0.5623621055785532	0.027905999944451074	0.035672427487838713
ENSMUSG00000028420	0.04477958038699093	0.08770269447422081	0.14153895891660315	0.08867854707402062	0.050324456783918954	0.7596233492172099	0.03752474149265783	0.14992521158449593
ENSMUSG00000051176	-0.050013653353826945	0.114135518983741	0.5644270323801339	0.5362817388040149	0.1600144322280903	-0.2681528471155321	0.019704075495498352	-0.1490413531646086
ENSMUSG00000103476	-0.0016725783143429762	0.05269239434345242	-0.2173542009351149	-0.052949426141673486	0.0844729620424775	-0.6621661096458006	0.023074123686045413	-0.15362160004999378
ENSMUSG00000085412	-0.10812608832423791	-0.032776406289358385	0.21359623284640822	0.2029986012518368	0.16889346651556286	0.40973644406969983	0.005168602576968384	0.047676832890233126
ENSMUSG00000058230	0.05060043056489273	0.0009835892533669455	0.16914382575993434	0.2931550671876979	-0.01855518203767317	0.9169497697289242	0.05203089401485049	0.0754731883887279
ENSMUSG00000031147	0.010162116112290474	0.08272085949378512	0.19210976050398826	0.05171563761676256	0.10180433103588148	-0.7449378557844206	0.010126346421411137	-0.05768166459815082
ENSMUSG00000103647	-0.023742003039281902	-0.056552499734057335	0.2137663504850775	0.16157435282641186	-0.05091906910952453	-0.008030993134961278	0.019037534720636927	-0.022690834555511824
ENSMUSG00000007653	-0.05442670490803325	-0.17751454414386525	-0.1900628569482609	-0.5362878842091995	-0.11863530394582157	0.8538350250530837	0.04226793290477299	0.17825711696835378
ENSMUSG00000104669	-0.03376782447721841	-0.07253603398355125	-0.15165628828309735	-0.049175442164000036	0.11107827732134945	0.010538518733251678	0.016632703314082363	0.11598547470989468
ENSMUSG00000029167	0.021061628754809304	0.07438697897068303	-0.12890741290195495	-0.007619721561689885	-0.05818166197279315	-0.7820299857223924	0.019920729712770115	-0.06221250067035892
ENSMUSG00000009876	-0.03795830204897862	-0.1477431063481525	-0.07307088668971226	-0.4263913039210857	0.028109902681501243	0.21186350930786504	0.015549740853852162	0.26715032912003633
ENSMUSG00000003208	-0.0905254192217427	0.1638027191684826	0.18416910888638846	0.49964037559488633	0.03339006086237033	0.2669952423943933	0.013327384262991737	0.024458418781908263
ENSMUSG00000034024	0.03684821884623427	0.12764348148832375	0.5465843377508723	0.45966174830971845	0.10505472816409257	0.23030684371237484	0.018096609322675653	-0.051542923818959085
ENSMUSG00000054850	-0.021084814527623452	0.09054920580992788	0.06516729276043398	0.060242340836013715	-0.1820458132115512	0.47162733862391726	0.02194969185235486	0.24105835422890587
ENSMUSG00000011486	-0.051454154218155634	0.056752457066116375	-0.17789903986784716	0.050195836745477895	0.013851580906284466	-0.5114674193761963	0.02284076397426516	-0.08776881479811774
ENSMUSG00000010660	-0.01728945697608608	-0.3059841647023749	0.03217305837181741	-0.4569403474823312	0.19783456134327213	0.9071979216476341	-0.08564366816768458	0.2202153987494937
ENSMUSG00000070448	0.004633966135615619	0.016949929258957434	-0.1724213572408653	0.0671867321729378	-0.02710916721591984	-0.859470601710151	0.013911594197079928	-0.19493502184643077
ENSMUSG00000086010	-0.0205180287455064	0.07107925333363617	-0.1068923436165384	0.029324525287162225	0.0011984247759947442	-0.8394892232265825	0.016925446099325323	-0.09948780558046134
ENSMUSG00000096664	-0.021309904518723184	0.07336538601590757	-0.09601735091736163	0.1363060204392053	-0.10955750695681153	-0.5698096472252387	0.005162681501297728	-0.08926925022456357
ENSMUSG00000031285	-0.03358499206593703	0.03178907531344457	0.0011526774424466257	0.051938840507115634	-0.20918081395581564	-0.9987926309391393	0.02532487357327358	-0.10306588646779265
ENSMUSG00000058200	-0.0013175761928942986	0.018840639633660828	-0.08630622663525253	-0.0145353709231192	-0.12078119883180856	-0.8350918411687932	0.014291490145312719	-0.1411210122282741
ENSMUSG00000031278	0.038456140743258184	0.02778211119836121	0.44348717281104744	0.025963479978423097	-0.24277487270243847	0.344939590004223	0.0105995927182706	0.19960645191084583
ENSMUSG00000078722	-0.005657088751827022	0.08044019933827745	0.1820322740327181	0.02774733483820791	-0.19695271077031687	-0.6964782163420015	0.022668473158789205	-0.11916519562835554
ENSMUSG00000107411	-0.015236575875290806	-0.1194461876411283	-0.08738450579131644	-0.5037021113464759	-0.007543916345200519	-0.03990833535236211	0.019486625029899916	0.2928411205456783
ENSMUSG00000040560	0.03936226247823181	0.13916568947163271	0.08814056784713943	0.2011847547930681	-0.005473766954006476	-0.4185521021972003	0.015987528143770136	-0.09809426082761949
ENSMUSG00000093863	0.028487002440957896	0.0698920038065265	-0.08593374557407792	-0.05895896772644574	-0.04217488694179503	-0.6062496761349836	0.019587588864724004	-0.17065927602005887
ENSMUSG00000027765	0.21291024133148037	-0.2274311302721257	-0.28855408551735784	-0.7439661375124252	0.1453273059641241	0.9976890184333125	-0.16850768181988582	0.11516133633219686
ENSMUSG00000086359	0.005697002972178344	0.053020867158147335	0.30021360195196223	0.676568522992112	-0.06684419989866544	-0.5263422955668264	0.02399094264553027	-0.0706249857536567
ENSMUSG00000118232	-0.061889041253638574	0.011004220887025684	-0.09925937479724233	-0.13010470944084226	0.015493980372114514	-0.3889214777680156	0.015113759678301187	0.06267270971823591
ENSMUSG00000075589	0.36204293563446316	-0.35920689711708	-0.3761742277726699	-0.8035601943309428	0.21049486579676685	1.0449808215784184	-0.3067842546596711	0.047392875905966525
ENSMUSG00000017723	-0.07993742225121064	-0.09958221754427274	-0.013866253285804042	-0.03017958091124973	0.176929092109205	0.7530774572344945	-0.07664829300094658	0.23360494755182604
ENSMUSG00000115474	0.025488196483382488	0.06943772035681822	-0.0973095674065767	0.02317174389892837	-0.05889299425520589	-0.7548786209009127	0.022206677476460768	-0.13283325350964162
ENSMUSG00000001942	-0.028262960445307204	-0.05338776915607271	-0.10527451600306748	-0.22712359871440252	0.00726448226642451	-0.5595977239232165	0.015623712118884296	0.09022204938410487
ENSMUSG00000039032	-0.0029947096996817413	0.0699406125369606	-0.14599271512108614	-0.0996546522437577	-0.016321531634928017	-0.6741168556052088	0.021279121606602093	-0.04466981790621859
ENSMUSG00000019731	0.01210507553136804	0.004014018029543154	0.2504261631887976	0.19175451343505362	0.017158732340316247	0.6162384189123947	0.026897755531124376	0.11871300318979189
ENSMUSG00000110511	-0.007685628050322468	0.040999512165318844	-0.1253041920329261	0.013798843435115095	-0.036021731035462905	-0.6834905106343603	0.014333840916056426	-0.2159227344130733
ENSMUSG00000092277	0.04374614236695459	-0.1349330745052184	-0.24400448302490937	-0.5772732073481727	0.058511907712143305	0.08135060886602488	0.009225668273140308	0.23158011391217706
ENSMUSG00000034126	0.006359002776448125	0.03728202728405923	0.13639745196834815	0.42821164837549125	-0.007868879401561113	0.559694941425592	0.02800495466591205	0.09364808667585503
ENSMUSG00000038957	0.019592360832038823	0.09296947055376975	0.41857735396150564	0.22524537793479668	0.0037267039740783796	-0.05905140505709423	0.02452834866739902	-0.004742737548619647
ENSMUSG00000086212	-0.04082922741899033	-0.06991326509229204	-0.0033272896805076613	-0.2052616685876561	0.05463435061880927	0.5726495248325219	0.02439411996839744	0.35518470061973073
ENSMUSG00000116624	0.013629998499689377	0.10931696116592285	0.3032366616879379	0.09031355601892364	-0.027712889092860016	-0.6143564425909437	0.024342130877129775	-0.1264520479847875
ENSMUSG00000022668	0.07458039921970148	0.0829409624526018	0.1684781091457956	0.0633078582759113	0.02931406062996822	0.7237804215916461	0.03686919783039869	0.1446605781015997
ENSMUSG00000100335	-0.028729686215941262	0.07015460297558872	-0.1033830436490666	0.026277394861786315	-0.04402305373271055	-0.6808716117846587	0.01583845715709531	-0.11543436524014149
ENSMUSG00000033557	-0.008382352482859012	-0.09593116007262471	0.08049639024765584	-0.09971486342147941	0.027640131607878524	0.9106309767886911	0.030881956894643542	0.2195264519758784
ENSMUSG00000113415	-0.001409978648988397	0.07407182475438163	-0.008458748892179098	-0.054764656587962715	-0.10911603536926838	-0.662597932362147	0.026176309242763037	-0.09856177663793841
ENSMUSG00000033808	0.1237301622576965	0.08496767417477047	0.3805153890154409	0.3985333271843075	0.03309752445083758	0.5614114880280574	0.03655361490805875	0.06526702240179379
ENSMUSG00000105057	-0.053541464917151525	-0.00950172848952995	-0.017806782509613157	0.0047093517740548485	0.01889676412619745	0.9811837070914273	0.022353163336442	0.18904340109269285
ENSMUSG00000048699	-0.014850268076865833	0.06431130882033169	-0.13442960486430405	-0.018885551993817095	-0.009574121458331112	-0.7803808401740904	0.00224353244165032	-0.020673040138295507
ENSMUSG00000005982	-0.02616237517350743	-0.00996982511481559	0.14233002649503299	0.092252775030724	0.017079565097222766	0.4627545950330341	0.025595163910018256	0.06941858911682552
ENSMUSG00000031529	0.07199806398150803	0.05529135570778034	0.21881047165391546	0.12451306211627479	-0.031025622512107054	0.6569651500126996	0.04516990162228119	0.17259545230015813
ENSMUSG00000029368	0.01901988232078307	0.06420547054188074	-0.14516739274048454	0.08891306166903627	-0.02404720308689544	-0.7191390053015934	0.014410947653900053	-0.18307867557139376
ENSMUSG00000098055	-0.07250230020641102	0.00795209835174504	-0.02064909902378381	0.014030813589360125	0.016569940838239396	-0.2696875207990951	0.016919067729747314	0.06330414120545838
ENSMUSG00000105663	0.006136332865183114	0.0629451216212397	-0.05709333571852341	-0.01948286027488042	-0.10549459718155607	-0.9147145511781372	0.023054887709062975	-0.08400657642728517
ENSMUSG00000115585	-0.0007964727895888313	-0.2495402364451953	-0.04061342707945468	0.81239765967085	-0.010577634028714492	-1.751397944507676	0.007522359305483162	-0.3071911872989183
ENSMUSG00000113092	0.0024325192297111053	0.04562409118531051	-0.1454354656438625	0.11894657018507207	-0.03162911567512421	-0.5914173249949582	0.0042889475842812766	-0.3266972238333172
ENSMUSG00000034485	-0.014021504579116627	-0.17186794275364217	0.07006485869728998	-0.17714600580824547	-0.005101070694850107	1.0127430159683397	0.03358235814812237	0.18201804817634162
ENSMUSG00000105425	-0.020364617076306612	0.05378581841034913	-0.09611567395462646	0.15119293727693994	0.01018706428562366	-0.7111018560740484	0.01042789037215438	-0.22902093878390542
ENSMUSG00000021709	-0.004213440096725751	-0.07708884971155118	-0.03325534113725059	-0.24019483297971572	0.07662403345936852	1.0019137203695423	0.03959389495495282	0.13748769367928584
ENSMUSG00000030170	0.0332553631532225	-0.33390365513552583	-0.11178151861930158	-0.5723726081429863	0.14954164983947277	1.0996890512628013	-0.09973339855399597	0.017934296656063914
ENSMUSG00000028248	0.09361063742227388	0.12500834983705342	0.3190104822077791	0.24177683645071046	0.05767267362252417	0.6425470129193999	0.03217283362693439	0.016725942771055102
ENSMUSG00000006345	-0.02001809441161149	-0.44214011672250103	-0.005170445220343073	-0.5188519957272167	0.1021660678951184	0.8589093073218123	-0.0421657831138668	0.20435075833119673
ENSMUSG00000112404	0.0027176666106645264	0.04787505510738933	-0.10742057855107112	0.003473618536395397	-0.1322325576469839	-0.7508352185201219	0.011658901220317985	-0.16395099710265634
ENSMUSG00000117364	0.01803689256176728	0.05466793098605625	-0.09839198810064617	0.07414182076065849	-0.044497084718570855	-0.8149842760888081	0.014987755382861123	-0.1924476859630633
ENSMUSG00000072791	0.021843208490417963	0.0917029732953689	-0.13838186553823423	-0.17339318755261895	-0.021494566769239318	-0.4265253345746501	0.019421841862672262	-0.12418275947006086
ENSMUSG00000103921	0.004663611285255165	0.05814787173135664	-0.21750706187385163	0.019589811885682464	0.009749806605825518	-0.618254059109705	0.015103123570142832	-0.18702067383713408
ENSMUSG00000040564	-0.04201076752408541	0.055295730971142314	0.2375165899837886	0.5391216950122822	0.06579316803162275	0.3124689087009339	0.019582538362645528	-0.0218059895017666
ENSMUSG00000097265	0.3004209146831223	-0.23202393696948986	-0.356050610926017	-0.6342157293643249	0.23990391945795672	1.0071180363552048	-0.3589219254980901	0.14223570168051045
ENSMUSG00000114841	0.025485412327216222	0.07513705242782888	-0.08600718284955998	-0.0036648285004284853	-0.07246991495475295	-0.8396405441485086	0.020156694881589467	-0.03153222496737764
ENSMUSG00000096429	-0.001119222670835418	0.03320104541457329	-0.13276825740677403	0.011081173357021636	-0.13477532649083163	-0.7624250123210256	-0.003227857277086109	-0.16112224039922832
ENSMUSG00000027954	0.13668688552954444	-0.24627813259222064	-0.13004653381606657	-0.4510052988569017	0.23424518886639314	1.0292410320751915	-0.1814671622482785	0.15555959178758116
ENSMUSG00000086026	-0.0034617407077495556	0.03441301415058935	-0.13224886629207408	0.09564031499108694	-0.06719105840891142	-0.7789136224362821	0.004153140368416075	-0.2027560211905236
ENSMUSG00000111662	0.05078452895627151	0.08308414605568551	0.14359276942809693	0.34488476582822475	0.015066762998757754	0.42577831310830094	0.030548735894476223	0.06941578430001381
ENSMUSG00000043929	0.02875758911061531	0.0882809873569269	0.131501947260065	-0.00922569273563334	-0.22473060438078918	0.7709878428049118	0.03526317795212429	0.18531250732935345
ENSMUSG00000110405	-0.0005991445788361416	0.07489354524264694	-0.1356023011952059	-0.050766274084727114	-0.10255171238384242	-0.6268207753243754	0.01867150404457172	-0.07688982734858521
ENSMUSG00000029248	-0.005906283813131602	-0.09898499699455292	-0.09815031795834332	-0.5168457519711982	0.024244983998425257	0.49934331865987625	0.030644845648565	0.2560262408231547
ENSMUSG00000094638	-0.019198420251938828	0.12836588492625917	0.1743391061795064	0.6503906045569078	0.09270275118136363	-0.006684127413355556	0.023097222553678447	-0.028085741278011087
ENSMUSG00000105957	0.03094419540322734	0.07426742888911424	-0.09823070053268901	0.2552758127717724	0.069680340134829	0.9471794801811906	0.03551988663840703	0.17435161081804573
ENSMUSG00000111143	-0.02737119974595571	0.06672582635577165	-0.12413674331806289	0.0568712071337009	-0.05084546145836939	-0.8478592545978986	0.013192973381222273	-0.06873051258560992
ENSMUSG00000031343	0.004605157883023514	0.07916090746070026	-0.04658986367281659	-0.15228708101847327	-0.14590792690470078	-0.5079968189736945	-0.004213717227018502	0.0518268289773364
ENSMUSG00000111052	0.002271879913861352	0.09578431051893425	-0.06762172479646586	-0.015612820726184624	-0.013228782839167737	-0.5832466785621467	0.0201576066906784	-0.12122241237876584
ENSMUSG00000109582	-0.05734913250678734	-0.13933569837401918	-0.025081978138127823	-0.008766889011984524	0.245147197347793	0.8984485302409414	-0.05624607615581153	0.17476176536112187
ENSMUSG00000038615	-0.06017314980146865	0.046300639108043176	0.2474987814267826	0.4664426083828969	0.18446570540373708	0.7605697341536098	0.010993615411543756	0.0610943705544459
ENSMUSG00000028245	-0.01767713896108509	-0.2699963115392779	-0.09562678849642751	-0.5272900059600754	0.03481752767024109	1.082830879742829	0.00047614763983450104	0.062056080137729334
ENSMUSG00000108930	-0.033336344165822526	0.06378806519650108	-0.13232417919134423	0.1597071379850937	0.14333579844238276	-0.6290540979613697	0.0028987502670050347	-0.11122470142876599
ENSMUSG00000099027	-0.019885652814607052	0.0543702864099245	0.5190014598727941	0.5810502692259545	-0.20890860915012888	-0.7761885459320306	-0.03315483115854511	-0.28118618683261526
ENSMUSG00000017165	0.005849795267338559	0.09421649084881362	0.029662157963477046	0.030349944303600232	0.10087973609050602	-0.2956413566349413	0.02421596948859058	-0.01916943578342076
ENSMUSG00000102222	0.16657162686240137	-0.25303222074098236	-0.2245844030745287	-0.6224071122765703	0.23357657177042573	0.925072264876079	-0.2073487741012476	0.18469490054505255
ENSMUSG00000050471	0.06591630171273546	-0.06883949465852437	0.15514737442519977	0.01709117273874191	-0.009915661412673638	0.8738179104808002	0.05605364267508966	0.16233344271142466
ENSMUSG00000019773	0.015217154761927976	0.06625474670008592	0.3528385122870174	0.44731274907422447	0.10369694850683053	0.6858422886143836	0.021622072566562688	0.01966044138148729
ENSMUSG00000023030	-0.06379329332596972	-0.19154513118112754	0.14745710055675887	-0.4889253601786056	0.11731063347717456	0.30880906379110784	-0.00789402419341162	0.3339292648094172
ENSMUSG00000025579	-0.08961310650400439	-0.0990648294032282	0.1337465129353444	-0.09728615037168531	0.0549820393773186	0.7668570156556639	0.004947560669312234	0.14533017146055713
ENSMUSG00000066752	0.09323244885609719	-0.11772919145565838	-0.2201460401227581	-0.5489130814929201	0.130632893514548	1.0404070571864203	-0.042159932847565695	0.15764182525107664
ENSMUSG00000058354	-0.013231622298102211	0.05866871568256811	-0.12490150612835288	-0.05067839089015053	-0.05294994214194437	-0.7035679236999363	0.019010469777183903	-0.03105014435857433
ENSMUSG00000050266	0.030578394894232187	0.08127271494544144	-0.09249693737725542	-0.05454905241805414	-0.053828728045208704	-0.5010461163362482	0.016566194618576113	-0.16503198126994426
ENSMUSG00000102332	-0.012734317665583094	0.024428756463589333	-0.15469980619608656	0.17001960798814386	-0.04926675337130671	-0.7709781890546687	-0.007708115157471829	-0.2674442682290863
ENSMUSG00000114982	-0.001648556936939817	0.0036114073683632952	-0.16493243522463258	0.12589490262122435	-0.07127207652269103	-0.7752594385060577	-0.00670885350275847	-0.2906213925969808
ENSMUSG00000111885	0.02127282876129468	0.07356507266752803	-0.103543168827234	0.0904527749926833	-0.03427166978967664	-0.8101636765099328	0.011088210286770317	-0.08396974086914914
ENSMUSG00000105097	-0.057647088728282635	0.047847979234040855	-0.19001707789404973	0.020017865074576147	0.02771430003959014	-0.21853405573685028	0.07412246374065813	0.10542906356704324
ENSMUSG00000037578	-0.016560962332007725	0.058559302445885246	-0.11030826907989941	-0.03762140897423617	-0.012134592840495432	-0.6317250132717479	0.018393729479488474	-0.09565047865116573
ENSMUSG00000022285	0.03997943623026844	0.04731510706303921	0.431361111551649	0.3735178652610886	0.07487125432325883	-0.21832342655188972	0.021048919725315862	-0.09605776318744354
ENSMUSG00000092492	0.2008039504493449	-0.18550995435525847	-0.3169468712390064	-0.7310756352190673	0.09544871223921625	0.7671354772679718	-0.11002672339408673	0.24687691538446474
ENSMUSG00000110170	-0.09312538276474248	-0.025321165781458196	0.3818396353647399	0.5300186447507352	0.10084059870854431	-0.06377345895225879	0.010944116158690509	-0.02709466218425932
ENSMUSG00000081377	0.019595135370788136	0.04910154594693158	-0.13386815922456785	0.01696041686223071	-0.026314346801659123	-0.7551658191138158	0.01817668745451304	-0.18807596415866287
ENSMUSG00000099924	0.023647191224843676	0.08366967517470478	-0.02840886301196288	0.08983741760141561	0.04111790732193775	-0.7253346135493123	0.02690159362323361	-0.1461582508232115
ENSMUSG00000105926	0.014501991030693051	0.07875292699536268	-0.17080187917417286	-0.056581905918425615	-0.019629358781450924	-0.5858610026682057	0.019134123218806965	-0.13460418910781646
ENSMUSG00000085488	0.09319242403966344	-0.28230756019056397	-0.323817086492742	-0.8705946650124173	0.13626981502199054	0.7490593335408602	-0.14969786120118495	0.19657028556257075
ENSMUSG00000091572	0.022582874869883515	0.06379595901638499	-0.07080387738995637	-0.005903240573470581	0.013303113283464698	-0.8358254439197901	0.023813386133614483	-0.11833690259444367
ENSMUSG00000015224	0.05870610432770106	0.1118611319241028	-0.0791292076542546	-0.011661588704407781	-0.011501845818639644	-0.23431010090703341	0.000566391483515255	0.022483411313031887
ENSMUSG00000092210	-0.015459026613240676	0.07606627980643754	-0.14531044383493086	-0.05570906418168162	0.0027807810475267702	-0.6137398838259792	0.02481250266427096	-0.07093017968672798
ENSMUSG00000037224	-0.018235561407503598	-0.15947125434799936	0.12886849803834216	-0.17178074363047555	0.03970102464204964	1.0091823425243065	0.03544432435837645	0.18291949981039488
ENSMUSG00000113628	-0.006135399367758643	0.034978182800259154	-0.03166835593342028	0.05077365373011117	-0.15327152152249798	-0.9831686966024736	0.031671295871141085	-0.11692251374433948
ENSMUSG00000107954	0.02268594384092855	0.08613207326578891	-0.15775940323882556	0.3169451066197685	-0.049080589787474746	-0.6078538650743879	0.01443551848557112	-0.2663362421747199
ENSMUSG00000099991	-0.27090550583375017	-0.15084106718907786	0.27827697622049463	0.6203251085977926	-0.5592932740996038	-1.22164738207057	-0.13924109610008562	-0.44443748573125114
ENSMUSG00000089947	0.03295847961855652	0.0852281368227667	-0.07710857180028874	0.10637781153195212	0.027368846901954937	-0.6801023543983277	0.022516462402169757	-0.13555199197386064
ENSMUSG00000051390	-0.017089614291734348	0.06619285935592206	-0.15144716523001123	0.4541425531625446	0.19985627021383592	0.11117297644803129	0.04944639690783046	-0.009351085467477316
ENSMUSG00000046792	-0.06296327300355395	0.06110547026180427	-0.0584855040468847	0.31436819941839	0.0928682414351045	0.5870292317844128	0.006470339487885779	0.186296621931216
ENSMUSG00000027412	-0.06579307784713329	0.03832199622531928	-0.08227460555476056	-0.12815044067691966	0.034816130776326344	-0.29042496237843624	0.021640275967780093	0.020472909577076037
ENSMUSG00000033478	-0.07913242993294164	-0.045874662484498945	0.0976110013746184	0.1760348704298376	0.06425762871255965	0.8076914143372731	0.00579161013409335	0.15322058023667917
ENSMUSG00000052488	0.008665725006162361	0.010331644563096926	0.35681480800051574	0.2600851068879515	0.032860719189960357	0.8059450007309085	0.04318945915135965	0.10158112544191103
ENSMUSG00000026894	-0.07435969235406445	0.019120779674199954	-0.0443373192054979	-0.12541421536000094	0.01675874945193867	0.5765503883135704	0.03319253671981169	0.22895250455417432
ENSMUSG00000056753	-0.05645621171378623	0.08733849362787373	-0.14311704984083157	0.34978537305674356	0.1665745280401093	0.21195331833110553	0.04740190783678177	0.05014401126533982
ENSMUSG00000103644	-0.025788068075793424	0.07605687260063822	-0.03498917641112461	0.022936528318993323	-0.07105540456639292	-0.6532616047876799	0.01631774283691667	-0.10395716908486527
ENSMUSG00000091722	-0.02479904751516374	0.062378570552508825	-0.10096001023902734	-0.09939240241472821	-0.028960632775031497	-0.7545507570377212	0.02191694601658502	0.011958874731246238
ENSMUSG00000111657	0.020039778333551195	0.05970034610735502	-0.08917692804715513	0.06696346584867385	-0.06016714497906727	-0.875489831398705	0.023204064101529715	-0.1257711309573899
ENSMUSG00000102151	0.23947098727438051	-0.15028534956815356	-0.11668457720202123	-0.4182154179950035	0.14631181272721622	1.1467192335878678	-0.11677388679624896	0.10129581818619948
ENSMUSG00000066760	0.03467967713558494	0.09373712522815235	-0.08227621742328668	-0.3275384007949512	-0.11526224608323667	-0.11539457266773662	-0.009871775739137556	0.022665997203135467
ENSMUSG00000013822	-0.08417318766842545	-0.0245941391358616	0.22732073168927974	0.07679930065365481	0.023631087353701716	0.702377760214292	-0.00835588473954263	0.12434023028952082
ENSMUSG00000094841	-0.00960988000591355	0.07403153727311311	-0.14504374051977154	-0.023483314949198336	-0.05019957882380284	-0.6459389745401448	0.016407237958383503	-0.13610684505721274
ENSMUSG00000089862	0.0410337026640541	0.019806418515706112	0.0004670603564604914	-0.03313811972425665	-0.08753946753513746	1.011113263625759	0.04271957385407518	0.15077252310570852
ENSMUSG00000108550	-0.0029601922190531926	0.07901057404340539	-0.10602493721701826	-0.11251843648397711	0.042667893808001414	-0.5013808943716884	0.025475889477512448	-0.1465489564188928
ENSMUSG00000053768	0.08954714779479235	0.11978159805617532	0.2441624899468758	0.41424723455295426	-0.004551699144592858	0.33031181447858177	0.02087643583152051	0.004055986851005583
ENSMUSG00000072772	-0.11334882528647566	0.04590657552871657	0.10945873287688627	0.5145821832426507	0.16730577514663866	0.6574100070342406	-0.0028514599234168436	0.05502765777144907
ENSMUSG00000092176	-0.0820635337314503	-0.1271710618109874	0.07924741710818435	-0.189181028727462	0.09393145485364479	0.9731628379299831	-0.025283636901377804	0.18389926883714697
ENSMUSG00000025838	0.03396244296775358	0.10307854654386188	0.2320418372627933	0.22206202684954815	-0.030858225030373637	-0.6368256788632438	0.025484908952238667	-0.18529566734712544
ENSMUSG00000109160	0.012849355262761097	0.06602421083571222	-0.11608419519936392	0.2169936989219492	-0.10025859663372905	-0.7004878415970772	-0.011002989247563424	-0.24248598244034172
ENSMUSG00000085833	0.0008080806968563947	-0.03958264860478939	-0.18846022228632298	-0.4206982789058185	0.011299132265754618	0.10256185415350368	0.04710954900503146	0.2591319274820168
ENSMUSG00000112800	-0.0032089283933461887	0.07260431174162615	-0.19152136359066527	-0.10308934988760379	-0.03648635612365037	-0.5741979460215751	0.016882911617110048	-0.1228067494291723
ENSMUSG00000105158	-0.04238006175880967	0.0016279185234218119	-0.03458885817126544	-0.061554452151703916	0.03543277714409521	-0.8264884644058675	0.021532187476483118	-0.182248307751626
ENSMUSG00000091803	0.08156777983053859	0.12759153383766836	0.062155455379225996	0.08853341842542461	0.012687691493710962	0.45489969071522934	0.024261607758276207	0.06098620271526374
ENSMUSG00000087316	0.018219272720744334	0.07523451006872445	-0.1656116897357069	0.036640274288102376	-0.02925549203749807	-0.6455826697571936	0.015710205917207065	-0.13158933575240106
ENSMUSG00000027665	0.0632078710851861	0.11152486011762663	0.14589825307906915	0.0486518727657971	-0.02621500836907953	0.6812239284579137	0.04225644503501884	0.22254254285624225
ENSMUSG00000056824	-0.0027225853128989286	-0.11867903643681535	-0.0929995021018333	-0.3659525311253977	0.10815303264923765	0.8397475896756964	-0.034540243148697324	0.23372998637749418
ENSMUSG00000114715	0.0035683760482137505	0.10673744057937691	-0.10315975365058373	0.3021434477081413	-0.010979998418009023	-0.5626132433879354	0.012975324543162657	-0.21699907347172517
ENSMUSG00000078912	-0.0425424436498979	0.06846916398761566	-0.1156009922502403	0.16491052976945925	0.030859737790878927	-0.47905911617708996	0.017449678936801494	-0.09678646868607305
ENSMUSG00000038611	0.023673890560342102	0.0373072599585737	0.4201677130411493	0.2629203699403771	0.02154071118719325	0.5950452721368136	0.029547031579975624	0.09350769539532237
ENSMUSG00000035184	0.010601509797764017	-0.30093503571052704	-0.1287652598481171	-0.6032521462517616	0.012513526673631961	1.0608798194493045	-0.013331531672187097	0.0760978810943054
ENSMUSG00000117489	-0.02815966187372369	-0.0032612454903869215	-0.057677642109570416	0.16854327349129047	0.03184131753249688	-0.5335969660210856	0.006354757006221789	-0.032310356106482335
ENSMUSG00000086070	-5.232937001320437e-05	0.05323631420318287	-0.16684539661176925	-0.06492729890263793	-0.024649293638477263	-0.7152889649416834	0.015632801975284338	-0.11531348954585315
ENSMUSG00000070382	0.011237786686657425	0.061728811596574104	-0.23644974903105725	0.10973902706175101	-0.05110079702021814	-0.5885280780470947	-0.00933028912682836	-0.2066999046115408
ENSMUSG00000100621	0.045708348647308675	0.10772979160742906	0.16126631749781273	0.4554570238899901	0.1394675745818103	-0.5241181191021118	0.022580360769137886	-0.2188518729190682
ENSMUSG00000032577	-0.06898236220277683	-0.07981708984244382	0.1520015362319409	0.01834108623945041	0.028759226661921475	0.8440764571880093	0.03908305742190361	0.14161742258941273
ENSMUSG00000011427	0.00017332140130538187	0.07805054061758962	0.11676667663868896	-0.0065464105646949634	0.05190302575412097	0.17086894010799053	0.031042248367763564	-0.006838144569083319
ENSMUSG00000082853	-0.08244118738812804	-0.02696173238110018	0.0538582441920609	0.10358685451594425	-0.28509298519396553	-1.0190821620397268	-0.01211971104041476	-0.20755175636626555
ENSMUSG00000041688	0.03867456932898501	0.06296535424095837	0.2053548898901052	-0.12035605119064505	-0.2995415596536694	0.31403421737625314	-0.017262869753503274	0.20253153595437523
ENSMUSG00000079244	0.016751676072633382	0.058387496438990494	-0.13811709930871185	0.031365708888088754	-0.07999044724615999	-0.6748963401884642	0.009162370435376155	-0.21691221970051422
ENSMUSG00000094511	-0.09694138901363755	-0.07010374150541072	0.08240127393658225	0.4591826284365269	-0.08360687312397974	-1.0092719455556958	-0.045488088349717674	-0.35441769247114885
ENSMUSG00000097154	-0.050584902903893905	0.10907025834268387	0.14877286874056944	0.1599209487210054	0.08937363601914744	-0.3252751881190505	0.014648151476362517	-0.0461161430465505
ENSMUSG00000050917	-0.06587650597633928	0.016273498655624	0.22187956967387543	0.21908851175512306	0.1775002332933794	-0.26918827411716595	-0.0026795289884788964	-0.01665419772619009
ENSMUSG00000030316	-0.039365857750403334	-0.0045325422338236	0.22374333176174188	0.06566016371206113	0.012632250026390476	0.6927743431784883	0.037014410778415496	0.13632873568429832
ENSMUSG00000024571	-0.12185946609158475	0.0030068266474919006	0.35598219698731326	0.24721446716046253	0.16138957388845493	0.7819725202435703	-0.003711551712632044	0.044814930738560264
ENSMUSG00000090758	-0.07061193164931368	-0.03649910261246178	0.2898579038168063	0.6564915688554394	0.051030924884010995	-0.21217176801344806	0.014117862617905486	0.056882497833181535
ENSMUSG00000109881	0.015117000624700814	0.11641728438897461	0.6221452998300376	0.27195196287593637	-0.02039621732552513	-0.696958039464849	0.01656251490070281	-0.11334776159115932
ENSMUSG00000052014	-0.011792114299756757	0.07257255379305676	-0.11716436530851226	-0.03198992916406005	-0.06648286003919766	-0.7542090750137196	0.018480032626216003	-0.04945028859377886
ENSMUSG00000028291	0.11915436829504529	0.11112674414351731	0.33590744468010697	0.5502111033239373	0.058678285142429114	0.359938986747844	0.031517986189401714	0.10264894419226032
ENSMUSG00000028176	-0.06183439649716411	-0.2901049539023157	-0.1640782824867165	-0.6733992749106615	-0.02665686581003259	1.0163458385441637	0.044740033692136624	0.0322268579696002
ENSMUSG00000104449	0.018794548068460697	0.07671160913401598	0.15243010043118568	0.31310479487626136	-0.06559299539088985	-0.7231821082497862	0.018793982108280816	-0.19584409132473876
ENSMUSG00000027889	-0.06272219722306288	-0.05512711636318845	0.21211007482659477	0.08698958722194473	0.005991878293090114	0.7996315131641828	0.016147981349406086	0.09058488238185373
ENSMUSG00000044022	0.16352169757301857	-0.1306234335962035	-0.400157252100432	-0.686874882186752	0.08835785816108063	0.07357371337522678	-0.1466386207413056	0.20732859997893247
ENSMUSG00000116745	0.003092793981982034	0.02177219190782223	-0.07934837865276946	0.02422248889896621	-0.011369846284059282	-0.7745710256697801	0.019141998416189715	-0.2460145796027426
ENSMUSG00000066368	-0.029892660778041917	0.03455070764460831	-0.07446254003619023	-0.1143688643382744	-0.021038157538218822	-0.5642524342206408	0.004149504802810844	0.038668629596701816
ENSMUSG00000112093	0.06715295036360079	-0.05345689139566874	-0.16920626281327739	-0.006720224815856546	0.04010174795922237	0.7182526383305238	0.06186948390979725	0.2969292469742353
ENSMUSG00000106946	0.05296344318784429	0.1101921925250216	0.28907142914048456	0.4610327885247336	0.040490512516631834	-0.5835801993814963	0.01778696993297335	-0.16533514669078792
ENSMUSG00000073274	-0.1339360831253829	-0.009381799871346718	0.1612932935867921	0.14515652476137145	-0.24349614602463046	-1.113799750685211	0.009639597674293121	-0.1677068880041147
ENSMUSG00000114644	-0.007083489332223256	0.07527258341329393	-0.14076142079721898	-0.1335009605993042	-0.11568815779852176	-0.6445945934949011	0.01542969242426373	-0.03381175288520909
ENSMUSG00000113038	0.017695573148508174	0.05023050997557526	-0.14100983810896725	-0.03254515639923708	-0.05503246406860185	-0.6721163371016314	0.011030371243608394	-0.1975014894561575
ENSMUSG00000051431	0.02159389384579867	0.08583080528043306	-0.0688370714833588	0.1166520002959702	-0.0675584202112984	-0.7765148805722155	0.015369425998499997	-0.12771443449904066
ENSMUSG00000027559	-0.10266359247109677	-0.005062309038961849	-0.13301826753569018	0.09604563250687807	0.07021753237816111	0.07170937389685215	0.03149802878744379	0.18119342419766948
ENSMUSG00000026333	0.051177706489091514	-0.009834912251846652	0.06334010794099286	-0.08845251593560285	-0.0017600119868090847	0.8319737592085498	0.040461691201389254	0.17869899370673606
ENSMUSG00000071036	-0.007722680665925741	0.08294984140172539	0.06253424370294683	0.11506267658841889	-0.08970375159528729	-0.8385377720327719	0.02736763459178362	-0.11687887810447267
ENSMUSG00000117733	0.009123436328423495	0.07138110138276417	-0.07649372872670043	0.07361976666391534	-0.09648374914018899	-0.8196575047534488	0.018799534584279156	-0.14288692931633537
ENSMUSG00000110199	0.005731445736957719	0.0786214396924712	-0.16036828487401106	0.07169860554437296	-0.030265514467362045	-0.776023985787699	0.016183351712533173	-0.02616873328723986
ENSMUSG00000109744	-0.013775806938116518	0.0571674996465435	-0.20480090182332059	-0.05370658575837388	-0.03338748132779559	-0.6364417663278651	0.006911393712699665	-0.14566550314818466
ENSMUSG00000047180	0.058918319818414513	0.029316210847338625	-0.26792873702199493	-0.01339593190552979	0.16983756591509505	-0.5078353742813577	0.011173879892809588	0.047017264815062035
ENSMUSG00000114658	-0.031368361025401637	0.07159100937395678	-0.0437510839958017	0.372318285284097	0.12941502279764075	-0.010934089715219919	0.0344860412448339	-0.0523804561283321
ENSMUSG00000097074	0.10801381488489752	-0.2502235334976951	-0.21431019142296995	-0.641479548687457	0.24350302283646466	1.0294470398836826	-0.26490278663225025	0.06767656244162072
ENSMUSG00000030155	0.025993932510202728	0.07794395045548223	-0.017241965549046147	-0.055301053266423525	-0.025490966302652365	-0.45567756747084043	0.009412744518383698	-0.2698788304972146
ENSMUSG00000032245	-0.07786996380625391	-0.0557732794694857	-0.004628339432871886	-0.11594485850922766	0.0154447674909304	0.6650256708499928	0.013804996312134698	0.2763001574797017
ENSMUSG00000106352	-0.017905287346201323	0.06873543519145563	-0.10552665637516058	0.05589097500889168	0.002582430172755834	-0.7720452809416148	0.010526658246896295	-0.11848420986461204
ENSMUSG00000034127	0.011012999141870783	0.10471633475026226	-0.0359821495635416	0.14370731336773052	0.002127731537033717	-0.7105833742375826	0.020943955834901704	-0.057197993545362605
ENSMUSG00000094380	-0.0016263829459127743	0.059942610964117994	-0.11161459648294902	0.04041215049761325	-0.011096543861118878	-0.5772743915751145	-0.0035235165980992806	-0.23197495092657294
ENSMUSG00000042428	-0.06313203452963759	-0.13644941957022028	-0.002893150849819004	-0.14079738477703285	0.10654638870173004	0.9375958654082047	-0.04543688782519778	0.2145916745873009
ENSMUSG00000044533	-0.06760708652486877	0.06444055267922268	0.1808939125053013	0.6884997442443389	0.2616229081901838	-0.13747713651369026	0.024191537033706023	-0.05774512330486411
ENSMUSG00000097204	-0.06013909823270058	0.05015942382557045	0.10874367657238308	0.37725420874951243	0.018080179251686992	0.5844191364622472	0.01754932896465768	0.0255563152876886
ENSMUSG00000022637	0.07008150127347192	0.03532527868214801	0.1275779610768639	0.008193987643886347	-0.09317523561159294	0.8378525721239898	0.051649400728974254	0.17255407009086782
ENSMUSG00000100681	-0.03965935912647556	0.07284439135774316	-0.17130201361069583	0.02010965638770507	0.04526991781341305	-0.5985234044035718	0.013434767154651306	-0.14378989659205307
ENSMUSG00000109002	-0.029710708342587395	0.05598816602841131	-0.11708606631169774	0.05035618787946805	-0.007198917814927652	-0.816470560811014	0.014300704463928076	-0.04281068105501722
ENSMUSG00000027953	0.05106017054011125	-0.1629773722795926	-0.07538933233563423	-0.18367767602667007	0.19605634108261144	0.7668896089294656	-0.15518811033355584	0.23648075353880738
ENSMUSG00000018927	0.019911648359914325	0.07526527609855733	-0.09947945402705637	0.03244150447771614	-0.027162592751056803	-0.8568140467478562	0.020507927431092	-0.1058631157868636
ENSMUSG00000094808	0.0030408083029833726	0.04714200450001922	-0.06313214625685834	-0.05351644517928837	-0.15165728062446054	-0.7315731988389104	0.0015381272453300898	-0.16094112563593332
ENSMUSG00000085562	-0.07252906579539281	-0.15733547220296087	-0.05416286564299369	-0.013382557950652352	0.03134569505732925	0.47239602011910975	0.022617264832886997	0.2299368723333332
ENSMUSG00000028584	0.10230125682439119	-0.35788768532794996	-0.1886022815713975	-0.7107879910537214	0.20092740570557382	1.071440389906723	-0.15543502888548996	0.029041827525271943
ENSMUSG00000101968	-0.016851787356839183	0.08030583321537144	-0.1725756830873586	-0.11215109184793565	0.0302807646306694	-0.37536545905629304	0.02806928948316328	-0.013469785263916179
ENSMUSG00000117707	-0.005613117517162536	0.06973271283177195	-0.11966374759736097	0.034480661005530856	-0.1205993614484941	-0.6612710422424652	0.008756727761823348	-0.12908029049841288
ENSMUSG00000091908	-0.028073058797074016	0.04351111112994341	0.16160412971217256	0.17975569665795504	0.023010175584886428	-0.5975842327858734	0.012724656109890209	-0.08380407746373401
ENSMUSG00000074863	0.06778676067909556	0.06531204698523127	0.04075264895845902	0.0478206058881228	0.03838187843226086	0.28223042988314084	0.030613902754612954	0.15060377875459047
ENSMUSG00000101952	0.0004235403672967486	0.08757749785991666	0.21375731404347337	0.15268731320527934	0.05650293061989385	0.10454055772415032	0.025912023864388803	-0.03202318502600957
ENSMUSG00000021965	0.05873353761629118	-0.025095159420801316	0.3020057268193408	0.1283042089065818	0.09528650301017029	0.9162532171224225	0.058333687627400106	0.1037983821830389
ENSMUSG00000027940	0.01082973258783626	0.06231062468288176	0.38460156136120954	0.020013229441160584	0.1067782915933489	-0.5443180302157761	0.020718382062625232	-0.08256603321082306
ENSMUSG00000109827	0.030529942780091468	0.0759921349390944	-0.027203889964744817	-0.05850358535258399	-0.06576694667408724	-0.7636197377737115	0.033567903668971014	-0.04600341856424911
ENSMUSG00000058709	-0.05188956872862227	0.06281272581723317	0.13359108055443156	0.32198367380864235	0.06148089776485775	0.4133981266051367	0.01939551466322533	0.12110956191072858
ENSMUSG00000032295	0.002854346601049329	0.10285902001658276	0.33891994618903093	0.467354113070312	-0.04034874542677908	0.4530193597331065	0.027192495819984126	0.03258536852796673
ENSMUSG00000104062	-0.2240790338727477	-0.10440150203563525	0.10252017977439265	0.3103944041244459	-0.37344353904496375	-1.1228696439126074	-0.06900597851281381	-0.36155929395476005
ENSMUSG00000026174	0.07785830827984427	0.08091361853794961	0.2467073972599015	0.26354973936515846	0.09235868988548808	0.8571458992051296	0.041296083641499504	0.06095970877681458
ENSMUSG00000075188	-0.012605009049937487	0.015233073679475656	-0.15650411233387165	0.01712299712644343	0.0018510780399150172	-0.7271581150718728	0.0009879715017055979	-0.20808368372919586
ENSMUSG00000097797	0.06192573563008156	0.12434914542584186	0.09627642718386907	0.6680158735953918	-0.01242037505427179	0.25868761815082897	-0.009295864827819633	-0.07797281281448956
ENSMUSG00000113666	-0.017053394424754023	0.06450037351164961	-0.14120019799616348	0.17830095086016506	-0.11478903780918091	-0.7183624666361252	0.010060632949559944	-0.14812779510389024
ENSMUSG00000049436	-0.032131526744467655	0.047323266141836746	-0.11430835590932537	-0.09051441138357749	-0.024029795317521436	-0.5343772265123904	0.018155399133706007	-0.014205986731865421
ENSMUSG00000109232	0.006513752888399615	0.07337354727901295	-0.11988830663250129	-0.04341698821050195	-0.04945600504904979	-0.7974450297161879	0.02268486153573878	-0.03166504547594958
ENSMUSG00000033126	0.06107480485149267	0.07891235122837659	0.18100338724904902	0.18009318185385143	0.010490770748580625	0.08915825579953048	0.03331167398602219	0.14024900940822255
ENSMUSG00000115693	0.050304004867232494	0.1265218105953243	0.28091256195951286	0.3537729492074545	-0.0055609499743285995	-0.45984685938351416	0.020955542997028162	-0.14785635056548957
ENSMUSG00000086542	0.017075114394888864	0.08128794236791041	0.01501669377573438	-0.08234510108168965	0.011127545672737327	-0.4297201143277214	0.0242278095620852	-0.047602150610447445
ENSMUSG00000026307	-0.0638139533257891	-0.20846429921610757	0.04950472799198754	-0.28979181463347553	0.08149586326953921	0.7836817628401306	-0.0029368350966306744	0.2611146940727538
ENSMUSG00000086238	-0.036372895212730696	0.004371088177540727	0.03739516928599573	0.4015494101885391	0.22533115870775117	-0.182056293840347	0.014246624216837488	-0.05951401778373023
ENSMUSG00000086037	-0.011361468126764307	0.07457689898635382	-0.03917942158811453	0.18210530905552297	-0.16735042399561878	-0.4812154799190723	-0.01963366017351319	-0.19280474172871945
ENSMUSG00000087009	-0.10902403094993583	-0.14432673202709828	0.1304488050553291	0.0956247682533869	0.11300658121888217	0.6098858494618972	-0.02632891337183274	0.20025854848638916
ENSMUSG00000017686	0.08491621726191859	0.08706613605311121	0.31905344775304534	0.19269955722872534	0.03393998927570396	0.4468705080769358	0.035130392164365414	0.13526288681235735
ENSMUSG00000024620	-0.06296079227208061	-0.05764470871699422	-0.018166791968122285	-0.2134435749112212	0.008397107009695648	-0.1751585547404402	0.013894692973530342	0.1548275033302868
ENSMUSG00000114742	0.05940693941105942	-0.18121201889794902	-0.12228238916821264	-0.46418342655539996	0.1281341878789299	1.0950126131806637	-0.07926767877648362	0.03662642189872434
ENSMUSG00000085861	0.03368774179820809	0.0872334420243425	0.4378250847859605	0.5037797165933968	-0.06478874070106237	-0.39777629756656807	0.016960601316859503	-0.08493029246255919
ENSMUSG00000102815	0.005751455596311628	0.04903731448734204	-0.08085444688289699	-0.09927505986973752	-0.0890925250527876	-0.6235996388161501	0.009226964168792848	-0.18830857127766046
ENSMUSG00000025369	-0.06036264598568675	-0.09357868787342992	0.007417699265126698	-0.13086334696256954	0.06575786397163685	0.9956403105255934	-0.01930969747588139	0.16651058456542647
ENSMUSG00000028955	-0.014628774491775465	-0.03248294062184084	0.1364403211616314	-0.05828737582319528	0.04159382009290178	0.7674189859004013	0.012277805748770305	0.21611337614773402
ENSMUSG00000093772	-0.0017805476308810908	0.07568641449850431	-0.12179551568087593	-0.04394798801458261	-0.12172119158322514	-0.7277721082052729	0.011514942006341572	-0.03153002319914766
ENSMUSG00000107704	-0.030116961628175686	0.009297555493008813	-0.010186627925159501	-0.06937420011197269	-0.037848112784129063	-0.39975421649277365	0.019799866443158076	0.013262226796696397
ENSMUSG00000050919	-0.03620015808944525	0.07557372559542049	-0.14083290537461063	-0.03960077184028327	0.019033277864804004	-0.570816155531877	0.01843353947241777	-0.0905783660176264
ENSMUSG00000062939	0.007874820020592055	0.08469243193797446	-0.10599794699390834	-0.004894997202857243	0.005539363246055405	-0.7694731104298409	0.020887521305345182	-0.11391190677563026
ENSMUSG00000074870	0.0234250438683603	0.06776727138566463	-0.13399701028305647	-0.02967983193518548	-0.008686528854993103	-0.7065091915949056	0.019326560556580902	-0.1130850328635311
ENSMUSG00000022803	-0.05625283553769942	0.07592151779308112	-0.13212451217150784	0.15077863946276163	0.12259765463603442	-0.27852102576606835	0.03107127136449797	-0.07243811781374226
ENSMUSG00000006143	-0.06200300452179332	0.040804334450855045	-0.050130874611355306	0.1835243617636381	0.05341737681992086	-0.3177010031877091	0.02003378565266694	-0.017269306548524183
ENSMUSG00000115050	0.02624147958718859	0.08235599013681372	-0.19879159629388	0.01900753127387308	-0.039078916639870113	-0.517415796743481	0.008754178764782683	-0.1301973846368152
ENSMUSG00000042857	-0.007924118865627291	-0.1057715941804577	-0.07440541963469047	-0.1037710962599002	0.10163382015563098	0.9228191215535375	-0.00025946706549462295	0.24700274991559634
ENSMUSG00000034839	-0.011915696759237562	-0.2618397487569143	-0.14358244049769261	-0.6862948355762974	0.04289764416910628	0.9356811524040791	0.003228625650153149	0.1302989018093193
ENSMUSG00000020420	0.030682293996531204	0.06914687934157647	0.14534842691451055	0.35309925474906395	0.031440556897916555	-0.2472953761579208	0.023860012886323737	-0.02806913723220056
ENSMUSG00000026774	0.0010012678952402432	0.07790217560390382	-0.19683878600491259	0.027717967274988962	0.003620359762046364	-0.6242410151200667	0.03875251757225005	-0.05034661109294378
ENSMUSG00000101032	-0.24967021756350607	-0.1927804445672292	0.189246372231898	0.6454155776897379	-0.4684335283898889	-1.327844998582149	-0.16093253223413553	-0.37673345723981444
ENSMUSG00000030030	0.1345013389545113	-0.10974288479404365	-0.3521952344422055	-0.427689500048983	0.13269819154125626	0.5083588585719693	-0.19215156488783708	0.2359407473594023
ENSMUSG00000039238	-0.011327976536881593	0.02987122225857677	0.27473584244736055	0.30077868718987505	-0.043003044231312376	-0.40074171592836966	0.02691271546050308	-0.007192471954838131
ENSMUSG00000086416	-0.006835767992048103	0.08603883831397775	-0.11170384969337256	-0.009163217059375443	-0.04301017859189922	-0.6990060881848409	0.0188327897963137	-0.10670355099732122
ENSMUSG00000109725	0.0002159581112350928	0.04153682889797224	-0.17322205798740406	-0.019645487432673532	-0.02455661838420207	-0.729499701489126	0.015233696320642146	-0.162197238674563
ENSMUSG00000028284	0.06353421078842574	0.04224491128846077	0.19807527911045497	0.08245039319375617	-0.02199022263081507	0.7908656281692861	0.048217293485101266	0.12466827200457399
ENSMUSG00000034216	-0.1232421052472459	0.04016852047244286	0.04476349335374268	0.12720855643871298	0.09712845776631399	0.36654334453589815	-0.005234102463547496	0.18428916609705526
ENSMUSG00000022510	0.0014191411502444407	0.05805013630412656	-0.17897609040348128	0.0650444030410094	-0.08376557983199373	-0.7068753215804678	0.005229243383552881	-0.19499654417907597
ENSMUSG00000037822	-0.0007535395128259736	-0.009431061862465277	0.017442979929847315	0.14188844232798667	0.0630925287293333	0.8861065159096636	0.017850396478737554	0.1446917308869942
ENSMUSG00000030301	0.07057436439304414	0.01252299570455844	0.1452053837794509	-0.015456111318971733	-0.08762756641011785	0.7952298203289458	0.043742266800017464	0.13924377946019784
ENSMUSG00000096914	-0.08037298253499679	-0.21895040449934045	-0.1917913982314575	-0.7182566741232621	-0.10595746650063609	0.9232318822480132	0.050379329137490436	0.09964317773218954
ENSMUSG00000021579	0.03034308856542119	0.12153659042863373	0.5098022515055318	0.2076733721605057	0.01744720790760474	-0.05430265006822523	0.023039819389818895	-0.03984283194525684
ENSMUSG00000109097	0.06719019422360684	-0.4032128352847884	-0.2553227749043719	-0.6699959856035683	0.25191805143275403	1.0330537153491042	-0.21504657792469548	0.07620250314752464
ENSMUSG00000027245	-0.006658093237946305	0.06360586521104811	0.3029278888714403	0.6577229151008077	0.23289142415229214	-0.48294646511764955	0.021142013091543167	-0.06463286802758657
ENSMUSG00000044433	-0.07794711501523695	-0.02903168862938954	0.08409170836189694	-0.10660582704878259	0.036411478660278634	0.7954899175092325	0.024333313582430464	0.23671282915458622
ENSMUSG00000086748	0.25020119587364315	-0.3190762437558713	-0.3461515009577702	-0.7269077757453929	0.2230582954663543	1.0805418800635886	-0.25394220902907544	0.05420399306736101
ENSMUSG00000106035	-0.01750799311711848	-0.07783726234186697	-0.055535887505992414	-0.20990385212148965	0.32884695881457976	0.930928116600712	-0.03422008855728874	0.21097119249146823
ENSMUSG00000026415	-0.01782076654976664	0.07359796745662676	-0.13504633028011698	0.01301069849087877	-0.05776658908503278	-0.6873783169068951	0.017583045200306333	-0.08914037304676117
ENSMUSG00000090054	-0.012376823185395569	0.08488591442051885	-0.1612403628680633	0.14515569710191606	0.1132273569800306	-0.8009745345173263	0.015300999672110013	-0.08557747548067898
ENSMUSG00000029915	0.008850690364333502	0.074715491532149	-0.1642979300079514	-0.04155652988292088	-0.07296260344243674	-0.6565540660238023	0.011233139965820364	-0.08849924884277352
ENSMUSG00000087219	0.01518393781269585	0.09510894483672286	-0.08661299783260193	0.08284956194081373	-0.043091979651917266	-0.6740769862301174	0.013428879043921649	-0.140958779179768
ENSMUSG00000103305	0.014336019802186017	0.07304977479822874	-0.05053184733873467	-0.05015469201092119	-0.08723993255922882	-0.9223224049396456	0.034505606573362234	-0.022995289380175057
ENSMUSG00000061184	0.02090994578204215	0.07445576687744061	-0.1761029025355062	-0.08140045771203429	-0.017600555551894402	-0.4838106360943272	0.01279191329391205	-0.1853770185426615
ENSMUSG00000085020	-0.01172692789884168	0.06517940387482492	-0.08372650679880816	0.05115733808668334	-0.15241129394430994	-0.6918041209885782	0.012939455064428396	-0.15236587607642546
ENSMUSG00000101182	-0.26362999280092914	-0.08993439276128129	0.18218092471505765	0.18799778039230633	-0.4042411092619587	-1.0221022443995404	-0.09005919642023714	-0.34756402334891234
ENSMUSG00000074121	0.3074994007204492	-0.16418118024886436	-0.27311582637099374	-0.4204934507392221	0.1652930992253666	0.7404540924989592	-0.14043568902722214	0.27205128911357357
ENSMUSG00000018862	0.05156873492297304	-0.18491750045821165	-0.1936720955878534	-0.5882902706078292	0.03173186236963088	0.01522303185878906	0.002629224873331504	0.2547760782474593
ENSMUSG00000020397	0.05784852334286949	0.02867339193101818	0.42314332105588814	0.17522238478952576	0.06842303703803446	0.37214426816905716	0.026913649119502114	0.09926400820065324
ENSMUSG00000032402	-0.020525674026078765	-0.23942285978466712	0.0643055314920564	-0.38057589533840325	0.010636193384822525	1.0909039752320941	0.005170557006389909	0.08166278746439264
ENSMUSG00000097199	0.01684165055037712	0.0806868062713803	-0.15158290473735267	-0.05927585127983041	0.0866048877301414	-0.6177562411962185	0.022919605159229268	-0.12199849266862148
ENSMUSG00000022445	-0.004396768330079424	0.0719728810307571	-0.003920256571503411	0.2728867688990169	-0.041887713867963486	-0.8369530408306112	0.027316379800602173	-0.13612650262716344
ENSMUSG00000055933	0.0076083840216463194	0.05374267130872833	-0.17088762029100507	0.059811421563879974	-0.08768320912701523	-0.7331403764184741	0.008597739142604801	-0.15127133454331862
ENSMUSG00000095547	-0.06731976268926149	0.017581693131926146	0.13179047276448363	0.25105700407865356	-0.22654716322398238	-0.9808546860053806	-0.013748758043848397	-0.22865288033698886
ENSMUSG00000085715	0.030646332362374844	0.1437403854544834	0.5016690156626101	0.5762960979809343	0.046963442001423675	-0.6098280831935197	0.017140921410897236	-0.20462964492070135
ENSMUSG00000073722	0.06119954237266004	0.0962745930640348	-0.11837008749420323	-0.1300539536040595	-0.06986170583792753	0.38141571519145095	-0.0008985818463537187	0.11381254864214872
ENSMUSG00000097710	-0.00967189351722654	-0.30978685780043397	-0.21655839860315068	-0.7174105556469937	-0.020179215689865415	1.0008199516638892	0.002538724321807073	0.029070490182942516
ENSMUSG00000052819	0.05813284074811625	-0.024852492992105412	-0.25524893072677246	-0.2420312851238506	0.09132717232295784	-0.059535322032262736	0.020009280167941956	0.13070785789026634
ENSMUSG00000070594	0.0199465241387109	0.08842768690369768	-0.1798455178248612	0.1312698814936379	0.003096248184535799	-0.44585471084522027	0.005404190874883997	-0.2699557727380035
ENSMUSG00000101799	0.012081238024748253	0.08041093373388074	-0.11519051111880692	-0.1007780781535794	-0.05066212640973522	-0.7807147784585419	0.024423557435289896	0.018234094847260674
ENSMUSG00000025239	-0.019080575581466832	-0.07555722059223986	0.09431961622664593	-0.11471008330679738	0.004146360322914822	0.7956886278730874	0.042211610605465744	0.23926845532855318
ENSMUSG00000075549	-0.017756064232304823	0.07693410634142923	-0.11439551941781928	-0.05874485298905432	0.03084411834894381	-0.848965701468275	0.012114048662587428	0.001745304045267737
ENSMUSG00000091832	0.037942829837737356	0.10891864073211255	-0.055437023364737215	-0.05990863679158499	0.058254871971927406	-0.3468028733238006	0.03215943468401544	-0.1663312308388672
ENSMUSG00000032743	-0.010743228127714888	-0.012337140130495033	0.04519475434073575	0.18599953226117483	-0.04056358460821012	0.9242569428619483	0.03416663978385176	0.09542301911004565
ENSMUSG00000028496	-0.005265171848023886	-0.10244324665018391	-0.029618511773034557	-0.3095262410668923	0.1009959195427907	1.0241133838014354	0.011284592063959214	0.1260184371445523
ENSMUSG00000073902	0.016580994838723637	0.06864104613690732	-0.027548902209593756	0.27484283643751933	-0.08611529750051487	-0.7934795395725753	0.008897451872097228	-0.2532511966712614
ENSMUSG00000034607	-0.07735709408378952	0.027753890008420903	0.046101064242581084	0.29982247661944755	-0.1885112564950469	-0.9538336690961917	-0.0131105496266124	-0.18783950810872246
ENSMUSG00000050345	0.017979826621179855	0.07057933801702762	-0.15129877341901046	-0.012337173388176881	-0.05687809600541306	-0.7333425179644141	0.01784957445536184	-0.115517296696373
ENSMUSG00000100733	0.016155186497743224	0.08340095697897977	-0.14198307177271904	0.010288445377062083	-0.04630072046564642	-0.5524808213955027	0.011231973851588646	-0.14442309787734928
ENSMUSG00000034486	0.4246564213603325	-0.2697411345282896	-0.32935946160549584	-0.6697070504588927	0.29136555263702907	1.0675175897959388	-0.3809851836696125	0.05734228317332407
ENSMUSG00000053678	0.01924931687897292	0.071568104431747	-0.18100677522356237	-0.00800889293838436	0.016877311312120925	-0.6614982409610789	0.02052549655361546	-0.13601879522951363
ENSMUSG00000115919	0.017656039275258384	0.0745684419793893	-0.11228064052855793	-0.016833010124045752	-0.04426213114768168	-0.7407208840654382	0.02325717056583349	-0.09900279045365558
ENSMUSG00000118333	0.013772451231240964	0.06652386307000888	-0.1380540265754285	0.04111529879384413	-0.08163460789268726	-0.7703200835951024	0.013513779804086856	-0.13600839062026085
ENSMUSG00000045767	-0.005954866675559556	0.036684069568936814	0.2528588861708465	0.35059888642409964	0.05770066839295658	0.6088431049507851	0.01895089699696372	0.09527052552503962
ENSMUSG00000029598	-0.10575347585878803	0.04190514775058259	0.2065923356969522	-0.08623517733016323	0.09229600871464859	0.528811793829073	0.0030009952470170242	0.2661909609606913
ENSMUSG00000087480	-0.007937461577761429	0.040570962320663116	-0.030679649975310818	0.16706994640944253	0.08976346852101937	0.7234985268963617	0.020983961158974697	0.12961130401425344
ENSMUSG00000079037	0.027157327971077595	-0.12278251158675178	0.004099970553053223	-0.21618203255379553	0.041768959210605604	0.6485519425945659	0.03818435378383569	0.22001678364252492
ENSMUSG00000029534	-0.011304733274685591	-0.29838396910859444	-0.08228170244996523	-0.6428321190717714	-0.014625795139675903	0.6986126565996814	0.030931893730058824	0.2215840393961081
ENSMUSG00000005883	-0.05445516468015157	-0.07501828673856192	-0.12843225066210742	-0.15887152737313412	0.1375790329845188	0.29433845371544143	0.011218789795819722	0.19269068734057904
ENSMUSG00000029767	0.0741681909963688	0.022820107474109896	0.2269571496411311	0.12306518224361135	0.0936258362915297	0.7992127640033222	0.03474917954646324	0.12783967061950738
ENSMUSG00000032725	0.004579497574493913	0.07995558067768661	0.16903873712812106	0.44142981489139366	0.023643462577685948	-0.6079720026102766	0.021206816830706406	-0.1349634398773866
ENSMUSG00000032726	0.08971878141146639	-0.14696158088097422	-0.11272744087089485	-0.36185531275756355	0.20840937255763847	1.0338573282136037	-0.1668830972870615	0.164658748424519
ENSMUSG00000067653	-0.024917669289289412	0.07392267369279269	0.09858571601492719	0.48182389943952714	-0.0037427318248619973	-0.6337317978557447	0.011913377190053937	-0.1107951102194598
ENSMUSG00000028527	-0.040907983944977196	-0.07344955423557523	0.06719510556312605	-0.08292551379531958	0.10220024356026543	0.9297529531850892	-0.006255126777956033	0.194824440110512
ENSMUSG00000022553	-0.021062584132769555	0.05634039493033655	0.39792527738477	0.15882828778209346	-0.014757633478889476	0.3954933083611269	0.03358454896218077	0.11395633498058351
ENSMUSG00000024261	-0.0009576056151433532	0.08157522611840895	-0.25334336867193535	-0.49445235627498013	-0.010394826269802945	-0.033292027135857195	0.042967295905003526	0.131974074173619
ENSMUSG00000027075	0.12844904221490794	-0.3089797209666806	-0.16770846106956153	-0.5517119490488831	0.23920090066343042	1.05724814835524	-0.1921210971196827	0.10597627949953797
ENSMUSG00000113024	-0.004664763002704131	0.06096526014082426	0.07528098363388314	-0.09751192965067751	-0.0974520429722498	-0.6989505025093601	0.041853857672740434	-0.1496841723813615
ENSMUSG00000037720	0.07896189241907184	0.09368875418423865	0.18880809010731733	0.08141952058182086	0.03799615967434074	0.5788274829692625	0.03721609289105232	0.12674594572361925
ENSMUSG00000095718	-0.13169862692583947	-0.04998210286562421	0.17588951363005217	0.26495988976553747	-0.4374854342142188	-0.9802280666618493	-0.08516119575856108	-0.24677522198200533
ENSMUSG00000026856	-0.11737386896621836	0.06078480640227801	0.20767776167002341	0.35126949748055664	0.02289324697232203	0.48737631855623736	0.015707567286918023	0.04421772162114058
ENSMUSG00000107283	-0.0296053850057314	0.06544289069161455	0.29053672044730744	0.34858279381277707	0.026010146159690075	0.12811708480308018	0.013099190965643376	-0.07975264236174365
ENSMUSG00000106743	0.08131925897680753	-0.10366746155817784	-0.28904376164183526	-0.6759433483282384	0.058545842358642894	0.12434273365039744	-0.0009596809431789977	0.25489804997551546
ENSMUSG00000111435	0.003521067807731426	0.07319717170389263	-0.05923168724124677	0.14786796100594032	-0.017753230849090293	-0.7541223335024515	0.0201114134979311	-0.075513996923436
ENSMUSG00000113526	-0.007947498409007395	0.04472632861549419	-0.15515825392611637	0.11231864514139218	-0.059245343286074205	-0.764900265390694	0.007827609236426225	-0.20068653815329235
ENSMUSG00000117936	0.024959341713863967	0.0711666218729628	-0.08957878423044141	0.0026589041327487184	-0.06843607278406089	-0.73544269383687	0.021249699050069463	-0.13263686467528815
ENSMUSG00000050762	-0.03714391259675786	0.06354795438621243	0.029825606969254213	0.045224488063783326	0.034141004441103226	-0.7401508416947509	0.012594830400853518	-0.02581527301534885
ENSMUSG00000038393	-0.14794327162219464	-0.05553261825400347	0.19896933881274276	0.28815327771946003	0.18372557680374513	0.6172852172956653	-0.009409145557195409	0.09726333404342186
ENSMUSG00000004961	-0.020991288196386515	-0.023150257854630464	-0.09171826013451034	-0.14647684050175724	0.0989531473099339	0.9319873278394374	0.024435843352869503	0.18005446540520104
ENSMUSG00000103349	0.0083539831402063	0.04853897688326154	-0.09140160751178004	0.17836463167477395	-0.05135354240246662	-0.8257719718768858	0.008562343352391057	-0.20319919483817145
ENSMUSG00000093568	-0.02183357997463259	0.04499933534295043	0.21077271548175244	0.32755244870377725	-0.004622892800633008	-0.4742133128710266	0.009245109193637472	-0.12794662854842484
ENSMUSG00000029073	-0.09420086752257133	-0.00675219565596034	0.17106473037634548	0.36392021083023046	0.05340622948576999	0.45368523704399927	0.0012129346723770418	0.12859957857102136
ENSMUSG00000078721	-0.013662795526638011	0.0607532785973803	0.08155828276839759	0.14725804370762596	-0.08342967444601261	-0.8617584251790733	0.012629506470320573	-0.06988781578225597
ENSMUSG00000117427	-0.07930956650796282	-0.024215174331656417	0.10963952395735058	0.26006044116857896	0.10956053075007473	-0.12154124930347755	0.008545659821989961	0.0011997043541636665
ENSMUSG00000100037	0.02665689519365977	-0.3128359959655718	-0.06745934632575787	-0.4749522727673452	0.160064303331034	1.1190024576963635	-0.07152414230563464	0.07056020782866523
ENSMUSG00000112451	-0.018095727954766935	0.0757122142651522	-0.15398876754012328	-0.10310909185632669	-0.02117900558474934	-0.5077871624276505	0.01872768449372242	-0.094561604128897
ENSMUSG00000005667	-0.034460995907644926	-0.003149263788745138	0.055723105860063425	0.03638452024210806	0.05184028424516959	0.935342756613965	0.013614547329273542	0.11370079586144144
ENSMUSG00000032259	-0.02119367972756259	-0.16212396441735283	-0.10938294833104584	-0.5105509349149172	-0.015759424986292125	0.7872104838470099	0.029442068137457773	0.24674502618784183
ENSMUSG00000097907	0.2650239142817518	-0.3416750242732918	-0.4206197835049159	-0.8031852015403764	0.2918927179554428	0.9716003899145765	-0.4781778229101805	0.05546580848413207
ENSMUSG00000028719	0.05053170820758799	0.017459526841883788	0.07642938420641496	0.23856510210517778	0.05197156042995217	0.8884823151353151	0.03106600850982327	0.12394434767145292
ENSMUSG00000022130	0.030814379297397103	0.06977175314912551	0.4325354515621265	0.03255727783667537	-0.08245139496676757	0.4401265887068156	0.035061191369066526	0.09916511730124036
ENSMUSG00000031535	0.011275453068563137	0.06883120870058435	-0.03175098838029513	-0.06652184472221703	0.041829176810931144	-0.4504779856442552	0.024052546306349162	-0.00559419047612858
ENSMUSG00000047638	-0.017070744025300403	0.06759517013164505	-0.13277060617292305	-0.03375676654115395	-0.009454687860500167	-0.5708689521672697	0.020897569705908503	-0.04086382876803465
ENSMUSG00000001023	-0.0325590752130685	0.07121234557746914	-0.09714158593412782	-0.13635130420094224	-0.04315023123467507	-0.5546598008303595	0.0197486461621047	-0.11058310703757904
ENSMUSG00000101321	-0.19792061846482897	-0.06313985786972	0.12360524719681762	0.1443053086518643	-0.3453581600887992	-1.1154662274389597	-0.026624775753469443	-0.22072667799956372
ENSMUSG00000073490	0.02163589402085607	0.06073134601485775	-0.10921391334868653	0.05268194131194465	-0.022888604713904012	-0.6907856210130734	0.01743031274909046	-0.2251474348572021
ENSMUSG00000001986	-0.037262392894013896	0.03177030762996008	0.025390222893476633	-0.2988659599023929	-0.41664679963445067	0.8498224628321929	0.030639929428806913	0.17026321519230758
ENSMUSG00000054426	-0.020291265011742055	-0.006403658423739245	-0.026385789692893784	0.1349096569535727	0.0436849647857382	0.8795840614706569	0.02857285668201339	0.15943404882935364
ENSMUSG00000090558	-0.005084874479174273	0.08017558513607294	-0.15965223581629437	-0.1512042144777727	0.025350704006466003	-0.5779135416740837	0.024755871061497632	-0.03027853770110498
ENSMUSG00000050022	-0.03742982547530052	0.06183587308277618	-0.13430873400644922	0.011436289104513109	0.1194103809792676	-0.689329400157793	-0.013064254657055237	-0.08412357961214299
ENSMUSG00000027737	0.01915248453110991	0.07453661798138664	-0.12831741869673022	-0.14492326297065114	-0.06508962264437144	-0.5824308128963643	0.020867480602758073	-0.009756695203093635
ENSMUSG00000044292	0.03830167372740439	0.09876461744397107	0.026928719286609722	0.08905498840952351	-0.021138979761364418	-0.5315787767417225	0.020950143480277388	-0.16814647172901886
ENSMUSG00000073000	-0.03115383064079269	0.049747934461862625	0.30293662985069797	0.41539725843058095	0.031058933372131704	0.24280604809041423	0.024925141620925025	-0.03836037666256166
ENSMUSG00000036899	0.00857768602420772	0.062038521117407736	-0.15777669327639446	-0.07347701999374918	-0.05421154836508494	-0.5289214192820618	0.019048934504400504	-0.09443068428737683
ENSMUSG00000110489	0.017145915322692024	0.08081663489091444	0.12601717458065706	0.3097549442585874	0.060514250320825254	-0.5261397700763989	0.025262858064037358	-0.19997546836007526
ENSMUSG00000047459	0.05569753218288944	0.11029344028710762	0.2516639710813546	0.24271055829989427	0.03960250816866422	0.5557883935897432	0.03361009668608106	0.11261403142515516
ENSMUSG00000013646	0.030417548065253614	0.034418255045917064	0.3316024966948112	0.2137680924886688	-0.1166170666234374	0.6375195798905503	0.0407684016731815	0.0971275269685495
ENSMUSG00000055561	0.013745700914415293	0.04735070534405733	-0.12689882237936637	-0.013144198522866685	-0.03753835624608309	-0.8516372746629611	0.023457190468023203	-0.10454619614568408
ENSMUSG00000040624	-0.01793986591309224	-0.2833195921773043	-0.10567710272310737	-0.6708280483071142	-0.0380204328885598	0.7837111324046117	0.03820299272420331	0.19986722213602737
ENSMUSG00000063386	0.020282865119668026	0.06370303396507514	-0.1728583432014756	0.12102344353714302	-0.04124967509871858	-0.6642816180313694	0.0012953142939239326	-0.19409757384718254
ENSMUSG00000024271	0.02618437873048407	-0.1254217723459391	0.36711230249493554	-0.2230819993298806	0.0474246038869705	0.9651800951826275	0.05626908458305771	0.18864068654872404
ENSMUSG00000029790	0.019271701106517776	-0.016718264956250062	0.03324963292241726	0.09581866115087871	0.018629428033219625	1.064762555116771	0.03122665379975334	0.058559559612889577
ENSMUSG00000051920	-0.06846262455878778	-0.3079935922322007	-0.1870709742996537	-0.7744840906756609	-0.09542662315874383	0.9588503544438067	0.04245246716179619	0.027986695915730386
ENSMUSG00000042757	-0.011686626827072211	-0.23736892516789548	0.08284746818489704	-0.2992917534524342	0.004877696747566551	1.0342398834403055	0.04784031668121573	0.17829502269719247
ENSMUSG00000106905	0.017041279006816786	0.03689792234946093	-0.16439145660778628	0.0970459729757301	0.007077412399877803	-0.4799825357625769	0.008383668164486628	-0.046949142666539045
ENSMUSG00000025243	0.01722331175115272	0.084601940287069	-0.13094961623946236	0.014283146320065845	-0.042534612171505976	-0.5486744871289853	0.013451431149309467	-0.09017433400151464
ENSMUSG00000073758	-0.0917767740259418	-0.10374496373312055	-0.03346325557796841	0.14788505509718428	0.07919466901195887	0.8416166275292871	-0.007114222734666553	0.20639873886655902
ENSMUSG00000113679	-0.07852770376405589	-0.10426123844179036	0.018680426394296817	-0.1985572714021606	0.0478030905544449	0.3417733990259586	0.02278768895773334	0.1329727210029234
ENSMUSG00000110172	-0.035225673905253226	0.06889502168570705	-0.12805599194548853	0.0219672824099384	-0.03647185107485985	-0.6921768155705077	0.015005814543740392	-0.06664635182686686
ENSMUSG00000027371	-0.0016799320237628201	0.026194338486818923	0.3431373233020456	0.10259780065567085	0.01560035307250747	0.34713178706336745	0.021142131479989366	0.10306445902385238
ENSMUSG00000041000	0.04655348127101836	-0.19119575789195964	-0.08638184409347231	-0.4813235520890505	0.07137625736937316	1.0994013621742367	-0.045876208211599656	0.0758906916126774
ENSMUSG00000029603	0.19068926780533657	-0.2822604743776568	-0.21032882505248746	-0.6173660297338974	0.24900800171391274	1.0013637361585555	-0.2453254703435246	0.11647577053508718
ENSMUSG00000053395	-0.029396653898738904	0.020487294197948813	-0.09310281631427618	0.3954551758604338	0.21126048022545868	-0.18671861023538902	0.042408137431837495	-0.026475585659528903
ENSMUSG00000020363	-0.0333884659145427	-0.13888167132326537	0.2079255853605138	-0.07558722066141861	0.02408998421332573	0.7825149277072334	0.03190798722267556	0.213925013179112
ENSMUSG00000027408	-0.07181822159711353	-0.12883393242704708	0.05350479831122993	-0.17418699161976622	0.0141425035968612	0.9827511473557594	-0.022993140346842463	0.16715828972771568
ENSMUSG00000027481	-0.011143591066064697	0.09123210691436712	-0.09179522917065668	0.07294158511579145	-0.08166325277010837	-0.49339925943759594	0.0016626958076549903	-0.07459550429765086
ENSMUSG00000024223	-0.030602029105797252	-0.0027835238586453315	-0.18749016650967748	-0.07303257834755318	0.09736073116843928	-0.19852547776386784	0.030221109101927563	0.0176522395179822
ENSMUSG00000097976	0.028983677494157405	0.0761935003609442	-0.19970491529128662	0.07582988444520146	-0.043995080182948454	-0.4983037538622876	0.009483058254646015	-0.10407641616532243
ENSMUSG00000058685	-0.005432807430163993	0.024051432070078427	-0.16381048640147547	-0.052973352027893786	-0.06650298464077935	-0.5055476185880847	-0.01600491560237711	-0.329353376428373
ENSMUSG00000102344	0.004557321287732341	0.07627490301463706	-0.18138815497672126	-0.04771980820725186	0.008268292815270795	-0.571473305657689	0.018367504501763696	-0.10413915696230863
ENSMUSG00000029769	-0.05032688101203718	-0.2137991726219067	0.060061305316530485	-0.27379131671262136	0.07791733139669682	0.9364217585817235	-0.030950139082114747	0.21339343709912564
ENSMUSG00000082376	0.008962405087856729	0.024700145193428204	-0.16216293987981992	0.07584599818164758	-0.028400770105136627	-0.9163696300435467	0.019240440248709016	-0.13140580902462662
ENSMUSG00000104245	0.007066841550240344	0.04335737354896893	0.046098033782122745	0.08547084844252817	-0.028051622937832983	-0.5856601799946828	0.02270482500869464	-0.028278086763622073
ENSMUSG00000023262	-0.11246065822859422	-0.10937383845511543	0.03772246913936035	-0.1555882485575427	0.09410547738731921	0.7282899712673763	-0.017864327690583992	0.18154005532027892
ENSMUSG00000103354	0.010635817269476263	0.040197934515972464	-0.10932088302758132	0.01581630699955495	-0.05401226839997174	-0.7280979892486882	0.007742269467778229	-0.18837387294244304
ENSMUSG00000045333	-0.0390082078050571	-0.20448375522219933	0.03655067297716495	-0.23298218178390084	0.09003667843579068	0.9851010733447987	-0.023757415132739546	0.10011448340483489
ENSMUSG00000045482	0.029657837971114084	0.10025213762347542	0.4202181634138186	0.2667289125367513	-0.020315223780006386	0.3906114655444781	0.031020622560910243	0.11216183283032834
ENSMUSG00000085004	0.010155172698856107	0.07516416413781932	0.06407699079779236	0.08039188105862086	-0.09050251959536854	-0.7103200691383287	0.006972340313921133	-0.17664057693651722
ENSMUSG00000096959	-0.011608709248711878	-0.005999587857172528	-0.10981497456683044	-0.34465308413279727	0.05083465470713335	-0.26089979238442973	0.02655811050058541	0.15448595468876944
ENSMUSG00000101523	-0.1986799709698437	0.040476481566467215	0.7660671148908471	0.3808828512514529	-0.3288123206369366	-0.7141089891805581	-0.17188607653415244	-0.2732947517511036
ENSMUSG00000107153	-0.01422925751175791	0.05670163966773612	-0.13473457733606892	-0.06671016195171849	-0.0026379541544206964	-0.4667908894761103	0.020461184381971226	-0.04677395949761819
ENSMUSG00000114934	0.08381553815984569	0.12453898674258622	0.4729265092519937	0.8455349945752163	-0.01496139192467516	-0.47469398881255415	0.018015855821679885	-0.13511597598419411
ENSMUSG00000026737	-0.011050264774476171	-0.24589526764136285	-0.01564321760289561	-0.3633966660939684	-0.007312771994688494	1.1103720762733211	0.026984152679483335	0.06063435916160967
ENSMUSG00000031963	-0.030821642032005023	-0.2534561572468659	-0.1131695171525149	-0.6340511114864574	-0.10865220462570248	1.0387344159798653	0.04197178007750175	-0.01362391654234419
ENSMUSG00000078786	0.015310878375147581	0.08013791955227868	0.32244079809226167	0.35908273361700666	0.015528929685333415	0.6084538272371003	0.02768446587801439	0.0065091759619084755
ENSMUSG00000023064	-0.0383160441528443	-0.004584281618595698	0.30633228882282687	0.0541055960864902	0.057706149334594746	0.1266573145599035	0.02735843865185969	0.14824473260379326
ENSMUSG00000108651	-0.015076504669901198	0.06563835395463598	-0.11072526296849745	-0.03682045533160697	-0.1229210280123024	-0.6813033548068027	0.01645620146990201	-0.06469163513865878
ENSMUSG00000048281	-0.01913254139785225	-0.11188010021139036	-0.023685604555003754	-0.20807133802222993	-0.039760012368247534	0.9869627101432461	0.01647814531232561	0.1891386640706522
ENSMUSG00000092080	0.011730923809098405	0.058685654046502625	-0.19964276576047274	-0.034318097227409805	-0.03490467508204791	-0.5205735105900373	0.0035734997308405347	-0.2338864723947933
ENSMUSG00000040365	-0.014954986387745839	0.10217476994309449	0.4970279879736517	0.47079982709115165	0.04321707781793969	-0.019558877597131458	0.019985477614461677	0.017199238900416244
ENSMUSG00000099380	-0.2018665809288562	-0.09888443561714691	0.15371963747171372	0.1484888595229749	-0.4610715398530391	-1.1508642248193193	-0.05027819415700652	-0.2779382246930482
ENSMUSG00000087151	-0.0487332991679906	-0.0406348823589634	-0.042651156364814	0.001888400839199278	0.1260174282714387	0.8789483004319265	0.019194675967410237	0.25120834826711175
ENSMUSG00000089774	-0.01882233084210161	-0.06373327430486599	0.08257678265922078	-0.08589920738008085	0.013459642785142093	0.8756490048918274	0.02256851557450128	0.21723590940749787
ENSMUSG00000034390	-0.06270524697431104	-0.1215305895862943	0.182690953086014	-0.012312269932727715	0.020712091052525833	0.7519053565892889	0.036850144138219326	0.20305836391702228
ENSMUSG00000106962	-0.009361279246683658	0.07842789142257763	-0.14712231124283576	-0.09904859839173748	-0.061990474591482554	-0.509038752512436	0.013314489243090422	-0.10797692031006688
ENSMUSG00000079003	0.1825276072381584	0.010480925224915616	-0.15507656633768896	0.1230680355322753	0.31261337489356994	0.9652841826208642	-0.16110263644346742	0.21532003797022878
ENSMUSG00000109106	-0.028807556649741564	0.06849288517283497	-0.142708610325677	0.04639180412667515	-0.045810534390983204	-0.7388008464882706	0.012436895418775129	-0.08850700413564332
ENSMUSG00000058935	0.00661649684547605	0.0752642488427045	-0.1450717636218244	0.030143606320965372	-0.020577491974334363	-0.8094673250270502	0.019585774959776432	-0.07446037657092958
ENSMUSG00000070691	0.03049270971213816	0.04995842588394592	-0.27107300946244467	0.1561242476688071	0.22494634620070084	-0.3208170588455717	0.034202739372284845	0.03232030526138744
ENSMUSG00000022463	-0.0827841810538814	-0.02727551875419879	0.0939028929939019	0.10369935304577899	0.06768141089228533	0.8076604921602226	-0.004405401006464249	0.15803922319696823
ENSMUSG00000025468	0.05074112554932284	-0.16568364494141763	-0.2505962769806574	-0.6663419330457655	0.09082940764224069	0.3260165297861974	-0.04138733142503903	0.23466953397931575
ENSMUSG00000000194	-0.020562468166056558	0.09054847174752567	0.41021078669292654	0.2746114220771932	0.0065073476113164715	0.1419976653007444	0.026147742001511022	0.10618500692246456
ENSMUSG00000114232	-0.002800244931652504	0.06172684114008274	-0.19664377722329354	0.07586109958365521	-0.0017869333998559167	-0.6674999133723065	0.008373345875952249	-0.04538371506851332
ENSMUSG00000036907	0.2727528906782836	-0.29783364166120735	-0.3917959133711547	-0.7392787169332133	0.3032924413582057	0.9590774779723378	-0.5368370950936338	0.07284628525869857
ENSMUSG00000101768	-0.030715266080515755	0.08299091768704121	-0.10848774728510917	0.2539386912727496	-0.007572123271470721	-0.5656621478572961	0.016946619012166663	-0.13499483448616836
ENSMUSG00000104793	-0.024116193187025004	0.060237305634433996	-0.1622659858299344	0.015126431045039301	-0.023752028849645133	-0.5227211696083298	0.0160737293699277	-0.06639140518121364
ENSMUSG00000030447	0.040765944970282075	0.0011685118656423743	0.1855225098798536	0.08707914072224458	0.016558034976664207	0.5543141623012451	0.04401697296135509	0.24458274656679557
ENSMUSG00000095550	-0.007816326272992336	0.08514932304347408	-0.1634359268462945	-0.12483175701238293	0.09002821839181444	-0.6193170771884707	0.015462906264494784	0.034911394577330876
ENSMUSG00000029772	0.016775840005224744	0.01165663426496022	0.04055551541921739	0.11057670160274606	0.032798856304296575	0.9118804073357522	0.03736707472869566	0.15539819335180563
ENSMUSG00000096751	-0.07350008943792787	0.010988474645858861	0.1573316531956435	0.2695691024622497	0.08807523003187649	-0.24112341406356547	0.0038041584090834635	-0.017587564069280352
ENSMUSG00000019944	-0.020987238385364062	0.07384811877017404	-0.1434327309375863	-0.009724355308537425	0.09724250198112856	-0.6067455105531496	0.004867019403318684	-0.08684680999225833
ENSMUSG00000100837	-0.04287094886525407	0.07697690569781046	-0.09666569898829763	-0.02897740772513757	0.007426972653577835	-0.46175891105752814	0.01920229014603803	-0.054836640305571865
ENSMUSG00000027597	0.029216462064040105	-0.010491518365386643	0.3837033280977314	0.23180822549076846	-0.014933463589894717	0.6287213824706279	0.041435475672273195	0.10649270294530516
ENSMUSG00000085209	-0.003371183833290048	0.05800875181413804	-0.13997976217265465	-0.0941586055351458	-0.05144187758720502	-0.5265623901680532	-0.008593405185633219	-0.2234503172817987
ENSMUSG00000116645	0.04553178767650853	0.10822178337054512	0.5707451388389121	0.6910244239410092	-0.01847808309513932	-0.49868065997808214	0.012991699505517868	-0.12605129305834006
ENSMUSG00000045030	0.002079172997057732	0.05041983992848267	-0.11974616835861075	-0.05076707886180733	-0.11008051046908873	-0.7903053108794967	0.016111827242577283	-0.10117278631834917
ENSMUSG00000062478	-0.0313492356902342	0.08263709561397536	0.07708085922882915	0.20261032899019213	0.05984027196575851	-0.6280781326445555	0.013933364588594233	-0.08228501755075578
ENSMUSG00000110652	0.022478698870384672	-0.2954271637144543	-0.14942854297127198	-0.757711116572663	0.04378995133597515	0.7036664383749087	-0.030926980138700266	0.20352202031753347
ENSMUSG00000040483	-0.028065838994770838	0.06249803147229098	0.11523644751267713	0.28250998714057063	-0.01959558521051047	-0.22448656160767363	0.02096518323322226	-0.07884970177120548
ENSMUSG00000022956	-0.007976616689851612	0.07087652561710275	0.5835252807009981	0.192853843743674	0.020766077087540424	0.2739838459571461	0.021209847758656045	0.047079518988495
ENSMUSG00000061032	-0.07767980147032441	0.0020667863625305483	0.3231517287124118	0.07237787223349061	0.04213610012923187	0.7494133316425956	0.01505949635870459	0.12697031087358657
ENSMUSG00000100799	0.018025528046397742	0.04797524262809967	-0.16530575832796565	0.0598788639078306	-0.006252617097949997	-0.84127343523055	0.019391323152914672	-0.14223766141654248
ENSMUSG00000117423	-0.047166337656857266	0.039154648794688274	-0.06609079737370935	0.24520213436604746	-0.010642197379749141	0.1901132767240958	0.04657491997698878	0.18662952767148475
ENSMUSG00000085845	0.008184817513965404	0.07609888852818686	-0.1156006429888495	-0.05404898171010686	-0.002685355941234313	-0.7258636493619829	0.01964865961141344	-0.12854260879958185
ENSMUSG00000024028	-0.045488605959183685	0.028537793230749838	-0.05798727324179515	0.08421535806921213	0.027268169793222125	-0.5722357193453594	0.0012898639092283615	-0.06590834993171754
ENSMUSG00000030124	-0.02461742276097105	-0.15987011274436688	-0.09535022993280333	-0.20117920509544587	0.10429976261903623	0.12415682840430053	-0.009552042325836799	0.20055685495754294
ENSMUSG00000028016	0.09259537645739283	0.08327323583189859	0.2565122551224402	0.17942450344822714	-0.008864499256231895	0.7718179116817143	0.04543186729151816	0.08640652314222134
ENSMUSG00000022226	0.020788582141052676	0.07455882367812722	-0.207154274228373	-0.030141526404633277	-0.0031539955625508043	-0.6066831083044142	0.010923259843319098	-0.07786500360393057
ENSMUSG00000068522	0.04115321671861871	-0.22883659209583068	-0.14454870933886974	-0.46943645208362134	0.16014774374994625	0.9399886055891451	-0.06761570693727528	0.20070422105400304
ENSMUSG00000075302	-0.0024176566775018504	-0.1819724198369311	-0.1641037018785668	-0.5853686558597305	0.04913705116453345	0.9206324018990164	-0.00439128808173428	0.17873272220113967
ENSMUSG00000107103	-0.00011450699381981844	0.08643853448201072	0.14092225943446182	0.2574660099654149	0.05663335414447531	-0.5372663381502558	0.01989243953857231	-0.19793257473630096
ENSMUSG00000031645	-0.027434209261921305	0.06896381930796341	-0.17476458972851702	0.053500524922664904	0.002370704544353064	-0.5686128551900447	0.019587080269445806	-0.17048319746129179
ENSMUSG00000038685	0.015448186969611477	0.08027502373006355	0.4295172427608678	0.26081891946404806	0.027393434907412955	0.35832678403940055	0.027510586110480503	0.06650637661192944
ENSMUSG00000055978	-0.057375681854743746	0.027461217818124592	-0.08702689413180031	-0.004054048069777383	0.05927282075302151	-0.35085998525193574	0.01958267907230628	0.011141585046842473
ENSMUSG00000036478	-0.021674507051806957	-0.05963531138688079	0.10756394936098448	-0.0744679129011443	0.13493176297660403	0.8388289424020662	0.024882135462035028	0.2326133606001207
ENSMUSG00000091048	0.0172212182707554	0.058313895439316636	-0.05151695784643391	-0.05500800954325975	-0.05913683246130061	-0.8896806864998932	0.03454947224157923	-0.0815167320262976
ENSMUSG00000115680	-0.048377238665172115	0.007110630313012567	-0.03617428264804671	-0.09067074174648598	0.060432925870572474	-0.3065117311640918	0.014506631745205579	-0.03378896365227141
ENSMUSG00000021606	0.031131848842612997	0.08229325600526918	0.41641738344385937	0.3371371315497304	-0.011939457223463457	0.38745472500330896	0.029099041322849666	0.05606008757896857
ENSMUSG00000022337	0.06918209008192043	0.06159000376877077	0.10529619719178958	0.05349426113356078	-0.005052852952456721	0.9736469022361083	0.0541694977276286	0.09717272400695674
ENSMUSG00000049387	0.030441693461660622	0.09409982847251686	-0.2140461121286306	0.027231790404708654	-0.02935204279005599	-0.40264067519494684	0.007133231725558131	-0.16602731990234548
ENSMUSG00000036391	0.06719663973642082	0.16536682355691798	0.18819260325984366	0.05701571398218563	0.04534002676814178	0.19180808558940732	0.03411656633163762	0.15589021087829283
ENSMUSG00000026494	-0.002178535610411542	-0.38569337021540173	-0.12444419642200123	-0.70284048390654	0.02640795306867886	1.0656902114539828	0.001587510726226815	-0.06766358503973627
ENSMUSG00000075065	0.01506067323609206	0.06823996814127298	-0.15629213740175749	-0.03153854171192523	-0.07532856177650929	-0.5707213733744417	-0.0062027306023395715	-0.15403061568824478
ENSMUSG00000031922	0.10720857260844961	0.05593247712891779	0.385689466017245	0.25204414033411454	0.009220553071155102	0.8734532227769349	0.051739542055665555	0.05889755765211346
ENSMUSG00000111246	0.016934112223594984	0.08668112774216742	0.20454333306186362	0.4686787999467869	0.24839646906047072	0.6048882913486109	0.01201125535364822	0.10020587711460599
ENSMUSG00000051220	0.044597668028100675	0.10599957099349437	0.6258460378576667	0.5387076787142926	-0.10406225671469402	-0.26540731479735913	-0.014261401560143439	-0.13224208503966484
ENSMUSG00000108417	-0.08830317238743615	-0.03233819293443581	-0.03970781073618421	0.12451510843686041	0.1822728691482435	0.7562825868729529	-0.0014923460739530992	0.12916135191315248
ENSMUSG00000099931	-0.03619476893004933	0.05047948066165104	0.1680619268543587	0.444190113042913	0.014917181689698926	-0.5284300350808827	-0.0007806049576203414	-0.09035869046657403
ENSMUSG00000049744	0.020276861768214787	0.060281193164589575	-0.1263331273704133	0.045157275459143206	-0.0545430996922189	-0.8023562878944134	0.018079120522309977	-0.14504099324083863
ENSMUSG00000003974	-0.04573851594154695	-0.28444945709731556	-0.19402828559933177	-0.8260914698087597	-0.0950160632789051	0.877217397701841	0.04834633317591641	0.10360035404550798
ENSMUSG00000029415	0.03993408109615373	0.11869196845707237	0.6048861537158173	0.04099105674923565	-0.06688289617930798	0.34289855884804843	0.025995738888555556	0.01825730347966483
ENSMUSG00000110030	0.07836535542774241	-0.005188745697674801	-0.1824289119355336	-0.07484545508120616	0.2351848573777183	0.9389170490896446	-0.21697701357544072	0.22405093792472183
ENSMUSG00000113343	0.021925155972043673	0.08016926214320161	-0.16738406398812902	-0.056422172471831636	-0.04767697929274174	-0.5880391632453317	0.012922779538890317	-0.08316359227883982
ENSMUSG00000089922	0.2752013435367455	-0.18492787431541716	-0.3258380727706102	-0.5988686698668642	0.2884863122251999	1.0666084316379734	-0.3684956559857314	0.05782151052016818
ENSMUSG00000089775	-0.04531485392151121	-0.11289369862139598	-0.017550176752768154	-0.19788524749036976	0.06994835287067007	1.006055829688085	0.03247692888670638	0.10099428149903432
ENSMUSG00000024883	0.04827387374542763	-0.032695796250043124	-0.16968512123846027	-0.025911537199161325	0.12442400132809485	0.5410754134901281	0.009201812701444378	0.22102562161654288
ENSMUSG00000031142	-0.016681335418380024	0.08113050770260875	-0.08081321292729532	-0.17457115198537043	-0.14427458321948766	-0.7740150914016805	0.01767992458277412	0.02392956526906827
ENSMUSG00000031392	0.039930908869801204	0.09737246024268995	0.5070277971271414	0.5710148599732803	-0.16059318726165023	0.07010755470074159	0.0010808296232780457	0.012485808270131219
ENSMUSG00000037855	-0.011338524059357202	-0.05590227573373587	0.025263134362220472	-0.13149366544353938	-0.021165783326943334	0.8462291097775376	0.02507192518199361	0.2595547110145935
ENSMUSG00000020910	-0.03793155388594038	0.02905864930265994	0.15901079332368664	0.1661623767380088	0.06055402480687281	0.6922746581155904	0.03020790827489117	0.14921178265010066
ENSMUSG00000045362	0.013875756061738723	0.09040145937882545	-0.016674235153485095	0.09846037007948816	0.015284558993979997	-0.5612120334881153	0.02122497435582752	-0.1448161381332244
ENSMUSG00000102835	-0.2086182184400365	-0.12427469224764766	0.2606948245690277	0.5343801166609335	-0.4213043839228216	-1.132601306877733	-0.15779345292368932	-0.3966903262122556
ENSMUSG00000026941	-0.06697499437414035	-0.06482153169312974	0.08177469532535675	-0.07759130651347239	-0.044971041189355666	0.9181848092652019	0.015187247580520591	0.14786777748830482
ENSMUSG00000086822	0.008404566495380572	0.09671248837255476	0.10100983333510465	0.4103896530432586	0.05260708473936852	-0.1720397744694747	0.020861075502503	-0.1635455017221374
ENSMUSG00000031910	0.005024937703404064	-0.3570366766700034	-0.03626425846835515	-0.5236940082039393	0.15962839357496006	0.8987199823761952	-0.06904307907580817	0.1985984339105685
ENSMUSG00000108049	-0.01981466530967338	0.06494192294940261	0.17284154370314472	0.21208128510739932	0.03105765978325806	-0.4602942250760665	0.013445658228514533	-0.11016912007719909
ENSMUSG00000041565	-0.02524407168243234	-0.22386328400982197	-0.05695221635457784	-0.7499271203983101	-0.15984115091914158	0.8131904890671865	0.056786118753948685	0.16180480069223047
ENSMUSG00000024069	0.06989540995251609	0.04206431221349506	0.30700523332331575	0.2795770655786234	-0.00340881956288408	0.5259262042029577	0.03262280285805252	0.01713770628011818
ENSMUSG00000049115	-0.0067884222123012206	-0.1293652355760013	-0.1052807111667953	-0.5110420799174051	-0.04543615378109226	0.3039050109284263	0.03012916928161224	0.2770467519492516
ENSMUSG00000118655	-0.0018872456625033673	0.07066048478977878	0.1576194882347162	0.4206985082439954	-0.0863870279163945	-0.7571544286088517	0.02891309012188417	-0.1201598739693146
ENSMUSG00000034243	0.07441880498786656	0.11560010457750247	0.2265854351064418	0.24126114499623205	-0.019795977337387693	0.6011718791143396	0.0328818149466584	0.1015736100811286
ENSMUSG00000043913	-0.08257141131369336	-0.04929488357301667	-0.03530973509412888	0.03245261374073444	0.03294879494603866	0.7578345097567867	0.02100177802863945	0.18081011679355533
ENSMUSG00000022542	0.004696016049966278	0.069456567590692	0.02629026889264786	0.09259836913535066	-0.037101233472194836	-0.8423181690180087	0.018621657994630832	-0.09157469109581011
ENSMUSG00000079702	-0.04964530258980487	0.009110382715978986	-0.0002094576935749437	0.04763861906293467	-0.22831641005052714	-0.9897650283418846	0.021839073104542733	-0.13544913646370427
ENSMUSG00000025955	0.02042740889800846	0.10383122094952454	-0.13358000388475755	-0.010210229282116623	0.059976857061469234	-0.44882414226866124	0.026993416654461467	-0.07952266041422554
ENSMUSG00000102582	-0.3256000634016606	-0.08310865280895463	0.2786248734060942	0.21859033515842297	-0.40955419446663044	-1.0807951369174837	-0.09935505083369142	-0.34197238293486054
ENSMUSG00000109850	0.054374830972306075	-0.007346639620130491	0.0777575278144178	0.024499145167956395	0.04136157828396025	0.775761839471392	0.045705823761969154	0.24911720978930657
ENSMUSG00000024827	0.030256307359563642	-0.052884357549054795	0.1701502521638056	-0.025634276911527448	-0.007027878581647329	0.8263050160663169	0.0532528532971582	0.2026066803980643
ENSMUSG00000034135	0.0013240541274710605	-0.00769743686834255	0.11878069361871905	-0.053050409225906835	-0.0018898714995791988	0.7177455358922146	0.04219290433361622	0.21382213070152264
ENSMUSG00000028636	-0.0886817665923814	-0.07740499300557867	0.056928228747662984	0.014518723463811445	0.13151767891205576	0.8255055954302928	-0.04655242021990494	0.19065561997180908
ENSMUSG00000033653	0.020901140554900378	0.01065115151443402	0.04801993732931255	0.0955727351209094	-0.014670404582740826	0.926974349616785	0.041793298998136656	0.13779829497853915
ENSMUSG00000029414	0.07906576299094296	0.09509462147706708	0.3700037447269679	0.4369043820410425	0.010544761939388803	0.6181667644414082	0.0323466760562094	0.019034363854747306
ENSMUSG00000081560	-0.1433997309502709	-0.05499151658712059	0.17113358450640873	0.16944078732099976	-0.1931277320461467	-1.0344765663738549	-0.0151662160902859	-0.2805887114359153
ENSMUSG00000026946	-0.011338664699992188	-0.10070107326933478	-0.16705643647851612	-0.44504782891901734	-0.03641967176656836	0.30399767019975815	0.032543642185642055	0.32835700971664467
ENSMUSG00000111016	0.021908473026500386	0.0744439664742625	-0.018468034449111864	-0.048889986053914154	0.05974783056309952	-0.5268010039742639	0.015573869173453936	-0.1993094453285655
ENSMUSG00000009079	0.10961404221655573	0.0787271938168552	0.37738103276176627	0.3644962446814846	0.09111705355404007	0.7096845097016012	0.03704845484988306	0.08271232553238018
ENSMUSG00000053801	-0.0753118183828374	-0.13379276205028795	0.362488173805348	-0.2538628118416661	0.08240901824831529	0.8100938115178842	-0.010033008266426613	0.22983890482581407
ENSMUSG00000041308	0.04720385758877906	-0.056682835415900294	0.1814075382304324	-0.023724012454904964	0.055377032720581455	0.860485195003972	0.05912140311555142	0.20085117365686614
ENSMUSG00000025933	-0.008960183625968954	0.025272274913001887	0.14121288660416112	0.02025617295042687	-0.02892186652315405	-0.19583015848107663	0.020691684223645427	-0.0707281318672151
ENSMUSG00000031286	-0.0009371208298905587	-0.22901252065678207	-0.18165883688359438	-0.5868913379333583	0.0375366511497867	0.9651856295999455	-0.0018908997452137253	0.1486977960986709
ENSMUSG00000091422	0.011936467639938941	0.04051733891240527	-0.07136265391389718	0.07530822622146387	-0.06858476711194471	-0.8859506458440711	0.013929894742947948	-0.18181672114549702
ENSMUSG00000063683	0.012487075797700475	0.06706634611987404	-0.15067914364694415	-0.030037163279307628	-0.07896450490663495	-0.6693973879713071	0.015284318661766652	-0.13691326446349833
ENSMUSG00000102232	-0.014331032389358522	0.07160507188276509	-0.16499679517873464	-0.1654126534475125	-0.0634148591538657	-0.5694753177775301	0.034546348444969774	-0.004212759880424688
ENSMUSG00000047034	-0.034320179804567676	0.004594681312843864	-0.04558058555032781	0.23937997886494658	0.0850129531990349	-0.5922237667316211	0.003741198742121754	0.028819680920102914
ENSMUSG00000106229	-0.047232976639340556	-0.047091584808038094	-0.06345601151760057	-0.20430728404219797	-0.024390776039919515	0.35393155294159817	0.04336312708241218	0.24597207022180498
ENSMUSG00000096127	-0.2888160989126322	-0.12499292687068352	0.30484336968912196	0.3402388327530334	-0.29892191744227836	-0.9528555529481552	-0.17709867380553534	-0.44137585895731335
ENSMUSG00000039263	-0.05175589376747621	-0.078017907934185	-0.040311849364955354	-0.14890522818338653	0.1524818901333328	0.953335036300678	-0.08964972428755516	0.1997924118731433
ENSMUSG00000073759	0.04915538657343191	0.03282718696893233	-0.25307027548597516	-0.14231442342881612	0.04423586071909124	-0.2837946039437191	0.042754437855096215	0.07405568370956758
ENSMUSG00000116560	-0.05645482549754432	0.07593431538030022	-0.09921623371425257	-0.019272225732394684	0.12474523032481773	-0.3299779877891489	0.013793712615783493	-0.08718852501840466
ENSMUSG00000118467	0.00038720492907928783	0.08451685729277629	-0.14668943265169643	-0.03657392109131549	0.029655579595882053	-0.47256851357199703	0.02028940167792601	-0.04430606508354432
ENSMUSG00000022763	-0.053624934294003154	-0.07124585238610523	-0.06695555655953485	-0.21877219942657275	0.0398623404723403	0.5702137220777294	0.022042227289182814	0.3179182745151995
ENSMUSG00000105617	0.020226833382034792	-0.08025494744039198	0.08630212559744896	-0.0672729673132299	0.07432045523609943	0.6779084106510861	0.04078632180838787	0.27708682119990585
ENSMUSG00000023952	-0.07926902307966682	0.06339344814702187	0.16608110976500348	0.15672308018379172	0.0038073076639733514	0.6307197721860682	0.0003913478142021365	0.13796728458798083
ENSMUSG00000108256	-0.01337790417461393	0.09336556282242502	-0.23470318332297355	0.07859405787011332	0.07516815991548526	-0.5485437527067606	0.029343451760669024	-0.11014046428714376
ENSMUSG00000091873	0.019768103110567203	0.10600941609391809	-0.2058086548727973	-0.07620451798827896	-0.023039623566071837	-0.4278424480200597	-0.008427920934875184	-0.12468978927985735
ENSMUSG00000028538	-0.05861624228844586	-0.05295390939130471	0.04964328882861605	0.003920321195043597	0.02099451733878546	0.7862636596325303	0.02567200035498249	0.2174454325039295
ENSMUSG00000066154	0.016901643183672255	0.07509417121147707	-0.16943954232444214	-0.001030912448597432	-0.011824961565772405	-0.6349327620236896	0.01913059733110447	-0.13361835090433713
ENSMUSG00000101242	0.01576026895776428	0.09571652750331003	-0.048238350594366604	0.06486550235371762	-0.1263042222676746	-0.4669851577902441	0.017878904781236705	-0.20444426351136677
ENSMUSG00000027222	-0.09826020021418293	0.017770424995217804	0.08252389745161635	-0.0591656188067989	0.03916845192493872	0.6750563945647963	-0.0028671389039295336	0.21017406901550642
ENSMUSG00000051934	-0.0421104250740756	-0.11948918416107653	0.08949915228213356	-0.012197162922314764	0.07376506117997708	0.8687263915459881	0.014656807555653541	0.19394853583822486
ENSMUSG00000054727	0.03637269571080671	0.09211378189644874	-0.1301742914243041	0.06310559246856852	-0.10548486353475835	-0.33923907534446796	-0.02018690470511819	-0.10370668689273341
ENSMUSG00000053499	0.05888144993447374	0.1374620425641784	-0.052777929313882456	0.7092307464526398	0.012204186753667523	-0.16739815644480285	0.018920822221221885	-0.20195342017477114
ENSMUSG00000039608	0.0031712004571029517	0.06901552174662472	-0.13335039349377356	-0.1960861396833008	-0.017051453086795273	-0.49674370144144064	0.0033907409104875323	-0.18248254372158465
ENSMUSG00000040310	0.1401418874647216	-0.3238923162281396	-0.23420442188932755	-0.6581531029751254	0.31389973219097045	1.0266197578920015	-0.30088511797901746	0.01673921132067277
ENSMUSG00000087197	0.0002799109941166722	0.07250343926450058	-0.22267928181368202	0.38841640501516567	0.2301289415301089	-0.7618049648738086	0.03492840973093838	-0.18228467012168922
ENSMUSG00000062115	0.06096890688463369	-0.20575013163152925	-0.09301014561023509	-0.4353949011651186	0.2716286674833204	1.0583275664635536	-0.19536920825357623	0.07569289762888161
ENSMUSG00000107791	-0.016807311704442274	0.07958330535701885	0.026664176200803573	0.02038456857958918	-0.07094802844664248	-0.5578118571928548	0.022622996935368445	-0.16694424408674713
ENSMUSG00000038781	-0.01666096146223512	0.0056556743498660245	-0.210147486588976	-0.10629852689973529	0.08775647965335728	-0.15134900284598482	0.039591438103835405	0.0780149577206681
ENSMUSG00000031834	-0.01824321307268677	-0.1339846315143636	-0.04168816389081536	0.0035880866511204257	0.2646571833521335	0.9794989385721622	-0.09424986543471885	0.13385064714655875
ENSMUSG00000043510	0.04539621569741997	0.0788861334447169	0.2317884535961404	0.3870360061912999	-0.002658752186027291	0.40868871430815834	0.02711903746569071	0.003527071340392727
ENSMUSG00000074227	-0.025949805556104266	-0.04508196991449561	0.18780424740638646	0.013391367958683145	0.022501660279708183	1.0101094288303816	0.054569705714051266	0.08773471864229318
ENSMUSG00000004936	0.037969448092566915	0.016086448418627386	0.23649849993666008	0.37928443907072545	0.05538262933366501	0.5475275605366865	0.04011458891126348	0.15278445320255493
ENSMUSG00000064289	0.014609650942326738	0.09117870305536242	-0.15108014864286334	-0.061649716541770906	0.019816012940499204	-0.5866415431870976	0.027644562920316786	-0.0040790681273948914
ENSMUSG00000047842	-0.027223610813363594	-0.13613760406680753	-0.13370301895207126	-0.4940042093235058	0.0295929816006392	0.40359937020837144	0.015139804645203214	0.3426115466061703
ENSMUSG00000085526	0.022072116608799354	-0.01964708246695257	-0.0858763449243352	-0.09101782442371405	0.014245613486996796	0.5779091571174914	0.034669897064813014	0.3171084959237455
ENSMUSG00000016409	0.050655820974365315	0.12820750521061586	0.5302534550533049	0.05542165412429001	-0.16709975761641424	0.23044757928718385	-0.008444508604502632	0.13620609019207108
ENSMUSG00000081355	0.01694675566186721	-0.0923694205798535	-0.013476487797566605	-0.15803140297902238	-0.025111117615638143	1.0657353825596196	0.05194543483989897	0.16703329265325204
ENSMUSG00000019312	-0.10084820535445581	-0.05280450648203163	0.3541133524513096	0.1303681352276863	0.06561811096181541	0.3294292775022978	0.00036727805578296024	0.11204809590450562
ENSMUSG00000110467	-0.0265046254870866	0.03660556235372075	-0.16270567908898748	0.08958532819149127	0.043747658826431994	-0.42890128726558474	0.012877596064364116	-0.08544826885221923
ENSMUSG00000110673	-0.06556000629845242	0.017573169108742855	-0.06725877883976855	0.04396893867583275	0.09242731272943419	-0.3641988037828377	0.008610040574326072	0.018608654604042842
ENSMUSG00000032921	-0.016302822185869443	0.07008593049201169	-0.06370288453297386	0.015297093107320196	-0.0027692080015914167	-0.8048823597365551	0.014783643711318175	-0.06230782136073692
ENSMUSG00000032827	-0.03249825942493523	-0.040017451802232595	0.03512421431929659	0.09896387695521561	0.03572223553303056	0.9009535715941568	0.03694997619565994	0.16271334998674483
ENSMUSG00000110028	0.01283820160413307	0.028867787503971655	-0.11811590799105261	0.07342224637705716	-0.052783018827644294	-0.9371380428360482	0.021695063215030043	-0.14281798909701807
ENSMUSG00000096916	0.10445492069115442	0.04608315599599416	0.22311742200646167	0.19257155176762228	0.012186516203213094	0.7669743774285577	0.044592356459136374	0.10352697791862772
ENSMUSG00000059291	-0.04899446532616956	0.0854677402491007	-0.007834322325854681	0.31591120704799674	0.009339190349486801	0.2812330961448886	0.03169254611518152	-0.11379319123137235
ENSMUSG00000085682	-0.04546723189620376	-0.061229679211594716	0.02000334381637131	0.019054275594556754	-0.018172917405487956	0.0003393542591076937	0.017944351423052705	0.022173508793927276
ENSMUSG00000105179	0.03619397899957445	0.10520711237597939	0.40489713371778857	0.5524991459407462	-0.02339007745464433	-0.6143114926508882	0.02029494710524787	-0.1723502785973839
ENSMUSG00000026934	0.22812068227954663	-0.1403283537545626	-0.4007473395185853	-0.5001763139111469	0.09340625653431606	0.3758353103464967	-0.19969771114395876	0.19004548153873202
ENSMUSG00000085067	0.07797748847852776	-0.15906893500005617	-0.24426732755273317	-0.6404061452088625	0.07570662916790608	0.9140561887709626	-0.03872054709720074	0.19215928086463158
ENSMUSG00000024807	-0.11903489745523398	0.021587494989807436	0.23827641516479542	0.346128135593655	0.07272143949229178	0.41147975901965067	0.001590098250777272	0.15256568384837366
ENSMUSG00000002319	-0.07722698433660563	-0.04582602617656493	0.3364213420148637	0.05712902116298511	0.05931118354066231	0.7934408909349324	0.004505274330141695	0.14571046751091168
ENSMUSG00000092456	-0.004812371749936206	0.08517951601762702	-0.2120849228273296	-0.12231099656102326	-0.057732643037593984	-0.5562971553708808	0.019497038510140348	-0.10276088888755533
ENSMUSG00000108623	0.013013401433824338	0.089188506691344	0.06761222101573217	0.1600181657787721	-0.09113406925696625	-0.6778035592761148	0.010403928331444434	-0.13803653214006015
ENSMUSG00000097931	-0.018912501278064247	0.0655515806218887	-0.16729388821533228	-0.026049564761215754	0.033483788060673515	-0.6630652624759852	0.01345090672321847	-0.05804987004816563
ENSMUSG00000087268	0.06479017749392227	-0.27834959902376255	-0.11356755374802836	-0.46965736405972963	0.08774653051243372	0.7771775619504223	-0.06324549578940358	0.2420187113280897
ENSMUSG00000000325	-0.07551627425491955	-0.10924329397526543	0.09189223527520715	-0.1515990009611017	0.07249211085455573	0.8890233390481536	0.0039012623498432264	0.21196377192994878
ENSMUSG00000103728	0.024605757867410236	0.07856681013503354	-0.20168087183112607	0.004636675320232375	-0.04509895792143257	-0.44085294896529814	0.010961389490834314	-0.19877664419788418
ENSMUSG00000024397	-0.058355276111036594	0.07926356741941715	-0.08687572675948409	0.02871014496493548	-0.015479021105166694	-0.40329345450424436	0.023335116902496456	-0.028923374412489437
ENSMUSG00000029122	-0.035630353219403776	-0.17878415858800104	0.13120013710937947	-0.18881469663010725	-0.0745964409257207	0.9576901210098272	0.04667105296876149	0.1927639806757807
ENSMUSG00000004902	0.007479056392163841	0.08641541646399739	0.30629574217739436	0.5532722396825809	-0.016144802385753797	-0.3802909561191794	0.023341574468199157	-0.08202637006393584
ENSMUSG00000018239	0.07370567663502603	0.15356905265272539	0.5707782057026652	0.39238398288021487	0.022141476118024504	0.14392647140799705	0.017933479152831538	-0.05730848173576075
ENSMUSG00000022474	-0.0698020276349358	0.055168966442090406	0.2741205719132097	0.22543752734363282	0.09738257072770787	0.7791122112554801	0.014317032512799699	0.08233331882460085
ENSMUSG00000052146	-0.07907300119833331	0.016775584282577194	0.49894360243403985	0.2726565797650192	0.1387062040974153	0.19793641817886876	0.016845976021572003	0.17327558629158615
ENSMUSG00000023050	-0.02293010516606175	-0.1093685605141893	0.17723146477711238	0.12145564129708968	0.1368965499889606	0.6901168052418039	0.005760756733152572	0.16747237732749892
ENSMUSG00000038174	0.08513605925126089	0.15815538020259318	0.15881301166214043	0.1054694595497786	0.02508293061510548	0.21586442525119706	0.02313981745782656	0.0967822983016662
ENSMUSG00000070407	0.11447359296577732	-0.3492284769010804	-0.27107481007796835	-0.7250262458596111	0.3360015686566441	0.9952724350327943	-0.33101935699718527	-0.006181692239823122
ENSMUSG00000086765	-0.05254911691189269	0.020304410302505637	-0.05760610599488516	0.16014650693895763	-0.01278993372997106	-0.2333969508490776	0.01905248108305386	0.020294911219876078
ENSMUSG00000022212	-0.03624370323856726	0.00798579321830976	-0.15383146553532462	-0.08751631113809438	0.0036652377871723707	-0.16397316690326755	0.06072901957077864	0.10685401698652447
ENSMUSG00000101227	0.012666412552186479	0.06300147433249616	-0.13681547126101143	-0.05103590660657533	-0.06757221205102329	-0.7259503421220693	0.01889366544654906	-0.12674218092348366
ENSMUSG00000114888	0.02761460018242997	0.06960526732555385	-0.062005360756115895	-0.020327377699444055	-0.08337647296257561	-0.4757655374229979	0.01548440920781935	-0.15116890467733973
ENSMUSG00000097832	-0.011741885356990833	-0.07326062313766457	-0.06408057717607273	-0.27923581211395965	0.2390907101599006	0.8072931773502983	-0.09348141089362827	0.2608111021733696
ENSMUSG00000057778	0.005500702273809284	-0.0007136119937514174	-0.0233846642447797	-0.13504691529681265	0.02182417592417952	0.9211360530993714	0.028584821110889714	0.24795030547322738
ENSMUSG00000109214	0.0025599735054907258	0.05018245462590185	0.25993367703391784	0.317005181022093	-0.07080633627589995	-0.37594193464768627	0.01976796962768971	-0.011574894098122799
ENSMUSG00000094992	0.020395421859050644	0.07279145731809296	-0.12126276300987253	0.05631693897368039	-0.058176735524780275	-0.7681828972714718	0.01766533067565157	-0.13167638117342378
ENSMUSG00000097705	-0.033421513885791974	0.06866693018546659	-0.1571040611223524	-0.10901402891273175	0.10025241798768687	-0.4482216543390323	0.013662604036684733	-0.04708871216724205
ENSMUSG00000049723	0.003066370113201433	0.03352085946422286	-0.1119776144619212	0.08848498572598838	-0.050561575354845616	-0.8644521846782804	0.014541145915692342	-0.15895779068126897
ENSMUSG00000059406	-0.02140618854982696	0.052108790210594294	-0.15515201853221008	-0.05371293381123535	0.10630628416106384	-0.7521614908013927	-0.027843358355352413	0.013796138332476615
ENSMUSG00000030051	0.041912884838407286	0.054754488484623505	0.09504809559041347	0.08019071649854106	0.04141214288520252	0.7261150018822227	0.03604395546484174	0.1232204129772718
ENSMUSG00000048602	0.019603380180522142	0.04420052943433224	-0.15373882760745622	-0.16989030350089895	-0.03849866442026803	0.04889246847979507	0.022334776577924282	0.15795474380210545
ENSMUSG00000041974	0.07050995601751778	0.09018562444111483	0.031125128523501376	-0.08017663096718959	-0.0019473059272570037	0.4256755542142638	0.02536961223165072	0.18341813000674598
ENSMUSG00000074199	0.04735961625337958	-0.08402867404189496	-0.22705516558372404	-0.4398059237209787	0.05061147302383821	-0.2039786984846909	0.013218134089561961	0.14453083437149475
ENSMUSG00000081073	0.026798559155336067	0.10766590007472186	-0.11310511824010161	0.35094724074156647	-0.0662514842778658	-0.5939660180216482	-0.0034547925377522715	-0.1768354647013363
ENSMUSG00000003421	-0.021163761412023696	0.15797640933288612	0.3723898101511677	0.30850506409025186	0.08800081886858767	0.20199442319040928	0.02181244077821726	0.042857506210529084
ENSMUSG00000054181	-0.007510330005838783	-0.07547411933305938	-0.08913909013414056	0.13891478438522223	0.2138206322465736	0.9228563413088658	-0.07084684440202207	0.19324436006312573
ENSMUSG00000112747	0.02192052416238902	0.06694119939250336	-0.10618872633684287	0.016338355255985218	-0.0724095881985354	-0.6043870265461857	0.0026167606882300243	-0.2103790047215564
ENSMUSG00000111747	0.016977162395421463	0.08273783620741292	-0.21626516538598514	0.0343779717824565	0.026624545605377716	-0.43822053773535263	0.01724655435752989	-0.25156959472990903
ENSMUSG00000060245	-0.0027518166826661083	0.05512919924290201	-0.18282648678853333	-0.06935117155409627	-0.06107191492371458	-0.5526605238089904	0.007272569912388688	-0.20721287687616854
ENSMUSG00000032656	-0.009653377320482383	-0.21927227636977517	-0.11066544275264698	-0.4848024076522116	0.008853295076685364	1.0748644597324257	0.021764261512887878	0.08563441179556627
ENSMUSG00000052942	-0.01662239429564458	-0.30137061264432485	-0.04771212804314781	-0.5439307575933451	-0.041444781139248266	1.0943507385965936	0.03749289348749319	0.003104896016774328
ENSMUSG00000015441	-0.001706333773584534	0.08153381061948446	-0.14808462469126354	-0.06330338489351539	-0.04189886364460808	-0.7362976144908474	0.020170336002556775	-0.08786141851414407
ENSMUSG00000046623	-0.027736756437000402	0.020722320322170803	0.3513665126104301	0.4705763008134099	-0.01177291309465356	-0.5041999130579893	0.0006070255814720205	-0.012661924777692117
ENSMUSG00000014529	0.013308448104124798	0.09052405686631161	-0.15711230926553255	0.2381694986609733	-0.012077178206286565	-0.4773130392164507	0.01284640063552671	-0.18534616126839104
ENSMUSG00000114903	-0.06608587541692355	-0.08611045588259834	-0.00136401917254525	-0.030886148882959263	0.0833341580049997	1.0349465507634652	0.015683936103479384	0.1489018908273846
ENSMUSG00000063450	-0.008105579308488334	-0.26843815605885474	-0.03712971879226615	-0.5267050666123384	0.05889607759150919	1.093711256955064	-0.006111208176530658	0.030183346149573968
ENSMUSG00000094539	0.0037270103901745344	0.055554269395021234	-0.20347722502068666	-0.03943450339719147	-0.050637688690401535	-0.5072287788552453	0.003877771578726018	-0.26945293407684595
ENSMUSG00000041872	0.0002544753453131987	0.07667949646760865	-0.12963240205417706	-0.021745583148761037	-0.023130499681682088	-0.5894494581281874	0.020794366025767865	-0.08826540708082252
ENSMUSG00000097110	-0.027593142014224605	-0.05604276806779672	-0.1784547454707235	-0.33894144421818756	-0.0900869131851253	-0.23297150143982215	0.031043202161773253	0.1699291386632481
ENSMUSG00000111510	0.020846631842068683	0.06554469899705967	-0.09964465945267996	-0.06605151975739781	-0.07781584605596376	-0.6125800249542532	0.012277700747895137	-0.17455924776443024
ENSMUSG00000064052	0.12487720417163208	-0.302483756193282	-0.15601836167952382	-0.6326748625880149	0.17624368230750656	1.0880509247074561	-0.15653600082082011	0.02797611737570438
ENSMUSG00000019982	0.052240837159927056	-0.2988504548096921	-0.21264779059227193	-0.611351446107442	0.2786128794324665	1.058199705665811	-0.23202527343127724	0.0361303000160087
ENSMUSG00000025521	0.03437384148178417	0.07136573336427149	0.08511486630166369	-0.10423125625417565	0.004523833198475158	0.773179539959421	0.043142948140522816	0.22079171476842888
ENSMUSG00000093553	-0.09564710885347168	-0.02750541896970532	0.0726686641085972	0.3995743532637836	0.23961792961083747	0.9334540394919022	-0.005060974613044111	0.07127767305583035
ENSMUSG00000067855	-0.04387580504423585	0.045729060153031534	0.1129786212382831	0.11990345790226804	-0.2756789267831287	-0.7547702846914492	-0.0091828327339889	-0.23515998308948266
ENSMUSG00000029192	-0.020336413178427177	0.09870484112490091	0.1345124062739486	0.22086304881977897	0.00831080151388039	-0.22044983689435857	0.021404486994504937	-0.06593453222716165
ENSMUSG00000026479	-0.03174073913756764	-0.18836362168066986	0.046825356469587194	-0.20993904845500252	0.029682982668450934	0.922006434499468	0.010874972316422205	0.2257063137993567
ENSMUSG00000026319	0.09575528025964504	0.03469063362955027	0.19203433001227302	0.3023022360709807	0.06367332372060998	0.7252183898021899	0.04624215123558848	0.11888231939056489
ENSMUSG00000001021	-0.03132381880263529	0.037372179835738595	-0.06180406615865623	-0.03537819170590055	-0.03723120785944454	-0.4316238068397623	0.01858619170892961	-0.13478812087101505
ENSMUSG00000037358	-0.059690216608607946	-0.05543837241932666	0.03591309184725433	0.1880958878206465	-0.24163927979824332	-1.0818994946360425	-0.016166494468021354	-0.2510437339987031
ENSMUSG00000103591	0.030418018097459823	0.11160387018468756	0.1976970641153446	0.29658518141388135	0.16569029403217458	-0.41772741626849785	0.01724008281335876	-0.09881434080663352
ENSMUSG00000110633	0.02729901716112475	0.07875292087001869	-0.16432276639406257	0.06446623895477534	-0.058378015437238764	-0.5742112804464237	0.00815698974246859	-0.1585925731493895
ENSMUSG00000030790	0.2593668970480229	-0.2605491029719131	-0.4081345911425537	-0.7359284006208099	0.21482247993265183	0.9262176223327235	-0.41011429987512776	0.1449514744498417
ENSMUSG00000001054	-0.03361329056290807	0.09117764824353378	0.2809541800866598	0.3232293173958414	0.06469485534580811	0.5717739647335569	0.02162868925338048	0.11384197722257554
ENSMUSG00000110382	-0.02945324577433803	0.10380370068628321	-0.15070088491666903	-0.049591663467810576	0.01325269910251865	-0.29392588593381347	0.012280863108057538	-0.12452805626369759
ENSMUSG00000041730	0.012295103770845918	-0.4425061746909972	-0.13140715552300297	-0.801389331256599	0.0003548515795075424	1.0192343957465582	-0.01723831204250442	0.01176862505573692
ENSMUSG00000069223	0.018016476961523253	0.06582831083192436	0.0006817505635623444	0.16453791902241588	0.008956279467304862	-0.8150030982817329	0.017766342466547222	-0.19638813558995216
ENSMUSG00000101599	0.06639053119009389	0.09452287596785053	0.480831384085527	0.2683530141740194	0.028362868430732067	-0.08749324206784465	0.021498061920236733	-0.11550771188054317
ENSMUSG00000072974	0.05078887790797023	0.16297122513351484	0.2346802545037523	0.26789865809655167	0.029193422128858865	-0.3975839354291822	0.030110152570430756	-0.16105076704324073
ENSMUSG00000118113	0.008808584934423935	0.05036516657176507	-0.06842456002953139	0.07371615394623417	-0.03766588194182401	-0.8396227260391926	0.011446248673829972	-0.1431792099566441
ENSMUSG00000022945	-0.054807533747158854	-0.058774947313982556	0.21660075097808648	-0.18953949216848234	0.07449669872283232	0.7419215207415077	0.015702120409269438	0.20798687712677136
ENSMUSG00000104425	-0.24930913803103227	-0.03662804038704959	0.13794954912746904	0.24377304562159727	-0.46184823595064883	-1.0617637519655707	-0.08898550318403523	-0.22770011316010821
ENSMUSG00000102255	-0.2285439425556973	-0.10076708869939208	0.15638889745074147	0.27749698608188134	-0.38948638199542174	-1.2498895384507518	-0.07018266810721162	-0.2526344639978874
ENSMUSG00000115820	0.020820947315893394	0.06998630816792852	-0.14080006884226695	0.06354017705075891	-0.07370141488512978	-0.7326255122461928	0.014305163209748062	-0.13361541202110222
ENSMUSG00000021268	-0.03144057522097302	-0.014658664058465215	0.2015978291457902	-0.08100851010265785	-0.0007244035564171747	0.16373502207925678	0.02882717698698341	0.2294179450387574
ENSMUSG00000021608	0.004414811148067004	-0.005548746665777093	0.23395337482535003	0.015271429200528968	-0.018279599573289167	0.7657798637868887	0.05058153405024326	0.16319044856704176
ENSMUSG00000100738	-0.008548165710922873	0.06217894643494863	0.18251281554335433	0.315368631936131	-0.18739639791345486	-0.6165814669167229	0.018677821995715518	-0.12751550241067144
ENSMUSG00000045761	-0.043992697553390955	0.04273445918163557	-0.08360852869642314	-0.027978554086450842	-0.03216787155172819	-0.4248362975711988	0.017301516297387298	-0.03055465708351763
ENSMUSG00000115447	-0.0563279754704255	0.0759394524273101	-0.14805665377171856	-0.07311539049290008	-0.07082624100379578	-0.617627352255147	0.02012928803352998	-0.15199836432353914
ENSMUSG00000024669	-0.03103478269856753	0.05887267095962919	-0.012291285310744715	0.07285517980485992	-0.027207492166233513	-0.6703022648738405	0.016683943965131287	-0.049294344857843016
ENSMUSG00000075588	0.2630628966055505	-0.23974586454207086	-0.38876810228263764	-0.7051611445994018	0.223574292776595	0.8003122290247051	-0.4694368278514615	0.1532909758207358
ENSMUSG00000112532	-0.05277133441024564	0.033140083704819856	-0.07679470968096404	0.08439235700998537	0.03770427299933761	-0.22736142460268707	0.025863996490015	-0.027606653318500447
ENSMUSG00000063656	0.00084145355540996	0.05809515022330907	0.11847501829317562	0.43537381357665644	0.05055811717456444	-0.4799699293598651	0.01790742022277852	-0.08318795789180555
ENSMUSG00000048516	0.002825029338816898	0.07319849681058843	-0.2204996669507223	-0.1440309745697304	-0.013064484381058755	-0.5880188840939208	0.012710430236345818	-0.0993583039058795
ENSMUSG00000104121	0.03632283192021234	0.07997406319739964	-0.00886257738012497	0.03732963532854842	0.0327235896982507	-0.6219638835646313	0.023378888635102436	-0.18615847107755162
ENSMUSG00000032959	-0.10313048677613945	-0.05893589796546238	0.2500008360427064	0.030105386793992835	0.1343145612449075	0.9209425304180082	-0.025835029500902662	0.10452235079361333
ENSMUSG00000114648	-0.0088296969787893	0.07702214245913193	-0.07821481416186875	-0.03198402892956488	-0.050736586439532265	-0.6668899365351068	0.01994506279795316	-0.10185938053375303
ENSMUSG00000060407	-0.004930256881068962	0.06994707954096613	-0.138665291290841	-0.061857934156246935	-0.08247627913207335	-0.7271226189123579	0.01747070536339502	-0.06633828963522426
ENSMUSG00000115529	-0.0019653404717338008	0.07530623557593608	-0.21026060215480732	-0.09485507301644308	-0.008473499974386116	-0.6809484976798491	0.019809526350875416	-0.059059570767650206
ENSMUSG00000023960	-0.03598309745798122	-0.06502780447307825	-0.05625822501639342	-0.2808316908632397	-0.01507938245590508	0.24287725717287542	0.030671466073804977	0.19611227803459205
ENSMUSG00000115129	-0.01576502328127538	0.08528800234452563	-0.05436249378766833	-0.08906697776311563	-0.05190364291004031	-0.40548579924706274	-0.017471115973281458	-0.04717102346563553
ENSMUSG00000003970	-0.11977799796747805	0.017470822088547878	0.27613366375538806	0.3453466105835763	0.2085088182321105	0.29693782095147997	0.010673092236133996	0.012131618161931845
ENSMUSG00000042498	0.006659999060875903	-0.00011609549481958817	0.13222248437301082	-0.3858054912834127	-0.2657823043238945	0.273160328214486	0.005522801618746341	0.24279206511867965
ENSMUSG00000028348	0.03170088478969201	0.12264444203854094	0.4424963357695458	0.6936483837647015	-0.023243051679611715	-0.34289125532319253	0.018289529054947257	-0.11156863397919517
ENSMUSG00000023915	-0.01573912391416099	-0.06383262166794781	0.08040891974412656	-0.20331852260182148	0.023998412684610376	0.9940387829296169	0.016949523977859	0.16531323048437854
ENSMUSG00000112157	0.03182093631374424	0.08793806031650676	-0.14394792908677673	0.18752397389955222	0.021852116668502952	-0.5919942235532528	0.02940129241594955	-0.10462412940403228
ENSMUSG00000103655	-0.029826950351775263	0.07149246584293477	-0.18555118998868486	0.1917046332298978	-0.016038967775420594	-0.7668447657253324	0.01684924701508206	-0.13292185949401236
ENSMUSG00000030101	0.05236053380673867	0.06759826037612567	0.08878890194388696	0.030710883762515295	0.013992494752107287	0.8717929883850477	0.03962173611098546	0.1025529554686144
ENSMUSG00000091228	0.050023121217786085	0.11730483561959147	0.552425341291105	0.8169884769010954	-0.05713523650107601	-0.46232428272033066	0.00014519863129980326	-0.18308984988838128
ENSMUSG00000050017	0.025478104506977167	0.0008945750107225425	0.25684087256211807	0.14389973426031255	0.029437297954583403	0.7020140371379624	0.04176254261158063	0.1243617598198823
ENSMUSG00000074156	-0.02375499642629164	-0.0541661717962885	-0.1973817271686083	-0.4295499567806361	-0.03015590003388	-0.17103214368809377	0.02888469712959163	0.15245349531663935
ENSMUSG00000039194	-0.07606745812083333	-0.08059903183350577	0.005622252879392275	-0.007176682686456104	0.01679805905829227	0.32760767976855953	0.024323814173103673	0.176322036908164
ENSMUSG00000022496	0.02773468253535619	0.11072846758593159	0.07193436099706958	0.11824006932904615	-0.0410919494297199	-0.7700283527038668	0.023007453610674022	-0.12073606087941288
ENSMUSG00000109965	-0.052129629376084174	0.05746060843399416	-0.08117326135161926	0.03525107665649404	0.04505428436180986	-0.4384286342432284	0.01299067343124194	-0.11138208294922576
ENSMUSG00000029594	-0.05119820361911969	0.06240432101636305	0.338025518163352	0.20731702434393182	-0.007916354058699726	0.425983025064647	0.02216735680061464	0.06555818031351131
ENSMUSG00000015776	-0.04972749062888316	0.048234982542186555	0.292904346341974	0.24552276336899437	0.10862761482799209	0.6784492459768676	0.008034565849768471	0.06926180542105422
ENSMUSG00000045934	-0.05498525177954662	-0.02087882557775944	-0.061452084742110974	-0.28389471810234335	0.04973828753894673	0.4677133505932621	0.029067139517919366	0.2702105073022306
ENSMUSG00000086363	-0.003366438948065986	0.07197025514314774	-0.11913042017539562	-0.022396513136013187	-0.05128444872608417	-0.6470699956059796	0.01852622642473981	-0.08604717549941676
ENSMUSG00000034341	-0.0790401116991672	0.12233258377405147	0.27879582956108695	0.5954400992921168	0.029702963763988	-0.08030057684980815	0.014865886552401064	-0.06369513666181627
ENSMUSG00000116207	0.04769577130028593	0.018193766525506968	0.047674382257094194	0.02396246581006245	-0.009571761940337042	0.9073501313306624	0.04599047393962157	0.17803839373792232
ENSMUSG00000004558	-0.06614913534178567	-0.0321089260822969	-0.0018330517829880932	-0.1142354106910144	0.13450611190233572	0.9276567407115522	-0.006378230247363379	0.1951135358525476
ENSMUSG00000031953	0.006588060457615397	0.0606182414478427	0.19018230723204746	0.26855116642746557	0.03186311808386585	0.49211661782457167	0.027428983994365528	0.07469569401373563
ENSMUSG00000092411	-0.0020671907640564813	0.07415187940447673	-0.183770582150286	-0.1282495635417911	-0.056557963267781855	-0.5723111559171704	0.011129986161069763	-0.1266664228507878
ENSMUSG00000097214	-0.09093207616069944	-0.00511834535597222	0.2276129441442822	0.40229314639801816	-0.20777211896916584	-0.8367770319669928	-0.04971925622921614	-0.3761861464143887
ENSMUSG00000093749	-0.06072241755195133	-0.022089717239099364	-0.07468498384882732	-0.15242954973542372	0.11166909217942314	0.0021382932354864076	0.013750573814594777	0.06522243818381046
ENSMUSG00000040328	0.011405327822379241	0.07800115709071538	-0.1837747356575843	-0.030276109607773445	-0.026663827339348183	-0.5783466685014957	0.02012811156715135	-0.12554504508717565
ENSMUSG00000084996	-0.02951033433834336	0.06889030888887003	-0.11007968815917686	-0.0350212494619263	-0.0516455143788708	-0.5766852607860424	0.01449622936733741	-0.06916234464960551
ENSMUSG00000040812	0.03040480393600692	-0.04484634676993415	0.021602230283638012	-0.09346507042227888	0.04042786194379356	0.31644753126446745	0.033904352907404234	0.3021122976747773
ENSMUSG00000039396	0.047975747370054285	0.019573946890048165	-0.02737735830547467	-0.3627304783179804	-0.07434035675484901	0.10670283091410819	0.018862584702915346	0.18333153178224076
ENSMUSG00000031438	0.008312331131626882	0.027238030689852515	-0.04809691567652216	0.0315458107189045	-0.07092032644060182	-0.8745912964945308	0.020126694220951067	-0.24502119991694984
ENSMUSG00000087327	-0.119577238609159	-0.05301362421520263	0.26587403530845827	0.1435496171155511	0.2175844794138105	0.36603502986428604	-0.00533829266358854	0.10798683533644579
ENSMUSG00000111658	-0.09149256932536201	-0.04819527326592138	0.059743512922264375	0.3246703562980534	0.04267715274093956	0.43376298610152897	0.01802211104086482	0.02786176376107329
ENSMUSG00000082789	-0.04741308055835117	-0.18942973428046256	-0.06636076051391611	-0.3838671198963928	-0.012272781445806458	1.0221985098751596	0.052885539851388025	0.10586631028419603
ENSMUSG00000040856	0.2744708584544333	-0.25255183358625344	-0.24803184494145877	-0.6401105081192844	0.20298096917455566	1.060494692487568	-0.25203898800437396	0.06721097502256423
ENSMUSG00000089797	0.003154999709766626	0.07317988168064736	0.06480142698431517	0.24158439330836315	-0.04617977075115234	-0.76834147462122	0.0255893136027193	-0.13916529671763495
ENSMUSG00000095935	0.03995618727396266	0.09681911127526188	-0.05101701880812625	0.04487959616752686	-0.018187283838974968	-0.3166739745961046	0.0015474334703685089	-0.2094452450397511
ENSMUSG00000037234	0.06683779688821283	0.0018916337568300164	0.08570067360715125	-0.006575866736483915	0.031190400850445256	0.7742118902856606	0.04975248863399055	0.2609153554156127
ENSMUSG00000034278	-0.05708743634765853	0.06681210062317054	0.10796423594206735	0.3957812622792399	-0.001510956702716948	0.473659486692001	0.022759281096293906	0.11220259285223749
ENSMUSG00000024519	-0.028474154456482915	0.07217310834736063	-0.14409208614817084	-0.05108876064584076	0.001650159848089472	-0.6586379016287064	0.017909944184807406	-0.055916255899063426
ENSMUSG00000020544	0.12246748441523173	0.07599615344900537	0.48003195121706	0.255787205852383	0.08149582361264265	0.5408467716692134	0.03554987830993772	0.10509072652854567
ENSMUSG00000026739	0.3453912229035789	-0.09132983961491359	-0.23250895055841003	-0.22004481950838436	0.3112328533381471	1.0981022886206375	-0.2790024661024327	0.12792470461776437
ENSMUSG00000110010	-0.022280892796624853	0.09034631839313578	-0.023025995120391104	0.30570050501007384	-0.042303943055693426	-0.4951738030103411	0.008821781113816929	-0.13828552575766653
ENSMUSG00000087306	0.034422037959226486	0.09622257692549104	-0.18826178065445304	-0.03840296179052344	-0.060742063922593424	-0.41319279519460866	-0.007657325366999923	-0.06649835515585296
ENSMUSG00000030557	0.0013613008501783819	-0.11960726345066663	0.03638139680766597	-0.29093601411051306	-0.034751189251395365	1.0147276794382003	0.05960759426870483	0.1609936551670672
ENSMUSG00000021665	-0.04976025306481869	-0.03995072428135571	0.16396278887368892	0.09797970845708268	0.05237661154397415	0.6846355748644273	0.021290986455001996	0.1581321162624155
ENSMUSG00000068341	0.01207056779635196	0.05462920262160581	-0.12052167487110031	-0.03669950132881886	-0.0788705310534975	-0.7795237613328062	0.019247045430916432	-0.14830839610816784
ENSMUSG00000078906	0.07891253139067245	0.15683656976675697	0.4124075090772518	0.5915873164256513	0.07992143976669862	0.0029266657698481247	0.01782298393979661	-0.07430172246052501
ENSMUSG00000031620	0.014922272189894814	0.05081927449280473	-0.15756726952512165	0.056362245467883744	-0.048408141775990704	-0.7220150927553238	0.010775184078192668	-0.19065367848093018
ENSMUSG00000024160	-0.07571545424276989	0.05456170649724109	0.39584772334499824	0.4491636249501649	0.05474094667103866	0.3332651294205603	0.011278572791410424	0.07374837941043828
ENSMUSG00000025898	0.06775745255790108	0.13048424392576738	0.3268716982359991	0.19452361300355725	0.019851436361236544	0.5049401785862369	0.01684862212873321	-0.054610166752858236
ENSMUSG00000115992	-0.017080242695247674	0.0810179868470356	-0.1500496722481039	0.14701320334686108	0.056608102558929084	-0.662722530128848	0.016962845806163362	-0.15209247452529948
ENSMUSG00000034108	-0.06877828977634445	-0.14849857476589615	0.12132813160871836	-0.22566183178517266	0.14025786069439916	0.7283871961721157	-0.004444100456577393	0.2556742434232019
ENSMUSG00000100634	-0.15581186687288875	-0.06963624112911734	0.024080908126186795	0.33074211374886353	-0.30729187346735887	-1.1982495068999979	-0.043654329818840716	-0.20857486787354984
ENSMUSG00000051748	-0.00027419730552813437	0.06276184087463119	-0.21894117026262375	-0.11151883090621943	0.04238723713973216	-0.5048250649704292	0.024914587806366954	-0.037940964885692034
ENSMUSG00000068036	0.04283075160284643	-0.08940098303215185	0.16073965810041363	-0.16660212826308016	0.0018166791951457206	0.9740923195216276	0.0683122498424941	0.18226096210955098
ENSMUSG00000112304	0.030630487359711613	0.08035129411263783	-0.1545564498819456	-0.029980084497886843	-0.03946783674003192	-0.6006657018698831	0.014399645543453854	-0.05476791451402848
ENSMUSG00000020840	0.01895311767226255	0.07702819937671802	0.14494778041562917	-0.10773680071226023	0.014679544537321343	-0.588979398980117	0.026751413465098264	-0.09586496704387486
ENSMUSG00000100254	-0.08111765632212675	0.03980356961948116	-0.10578186253747923	0.29049115675696274	0.055576140857618514	0.11210156429633042	0.05835512849517359	0.12546739967930365
ENSMUSG00000110157	-0.0399090601107656	0.094028251412206	-0.20531084154455678	-0.07135872124235146	0.01299541150464989	-0.47670407386951247	0.02766535662321924	-0.01214047744573696
ENSMUSG00000018565	0.00110408877269208	-0.06416260461328654	0.31857737001948283	0.157463910388802	0.11661284942207151	0.45466435218122814	0.01114055703926033	0.1470452919044989
ENSMUSG00000060765	0.007307336516900742	0.07526837205286205	-0.08719772110418698	-0.06951871293807216	-0.06503159713230158	-0.6482537612078915	0.02285293143545169	-0.09342782892524919
ENSMUSG00000085263	0.3015610504638566	-0.31248732521694106	-0.2152685239815871	-0.6286269609142303	0.13520817548253566	1.0349451352332923	-0.15570519152865572	0.10488258571678366
ENSMUSG00000032199	0.09017923334400002	0.09110156447704497	0.5655443057466997	0.47515468952755485	0.015880384595432118	0.3413808335622718	0.010079909317155078	0.010626425191869123
ENSMUSG00000111270	-0.009744294759931705	0.08470891161544356	-0.1213390606430835	0.0024520375968618557	0.022912858482713547	-0.6698924821712542	0.01932308333699211	-0.12150625850748191
ENSMUSG00000086447	0.001957192743053948	0.0756901824180064	-0.005401308574440775	-0.03173496609176997	0.036228405499431356	-0.6208796798139553	0.02329929510367823	-0.06382953331921778
ENSMUSG00000008658	-0.03242500302319043	-0.3537075716815368	-0.06695386210173919	-0.7924829962037512	-0.3271656111179569	0.7201148742544842	0.03411624684824022	0.14860924016961852
ENSMUSG00000040329	0.015416642680537869	-0.16083104304956808	-0.008713524589952004	-0.5052249622633792	0.027000279698175148	0.6990253020643004	0.04457423228939555	0.27276909278162353
ENSMUSG00000025900	0.014097355996954164	0.07464089681357076	-0.16887823645485317	-0.12127540891762499	-0.04255391879459825	-0.5446759583804665	0.015263223257381883	-0.13945938034134422
ENSMUSG00000037437	0.01948564496079496	0.017646089653125658	-0.11172861585796144	-0.15341313684714475	-0.028974069171942476	0.14341358742765845	0.021227276601475956	0.12425757412964984
ENSMUSG00000114957	0.014314737064949427	0.07435744528274216	-0.1713492533111109	0.13826368510294448	-0.03859832451049263	-0.6725111649179539	0.008133797307821378	-0.2259660598155274
ENSMUSG00000023026	-0.01613216241382065	-0.059183992583709696	0.11876796185397903	-0.12942300609551707	0.03557227863597996	0.7763053133724059	0.04280209696366548	0.25961159677458845
ENSMUSG00000024659	0.011452665998604505	0.06453213044115629	-0.09144617834668209	-0.03959675565904828	-0.11947918580811623	-0.6802936673193508	0.012021841568924916	-0.15747968255791905
ENSMUSG00000103691	0.025364182597491625	0.0915704624852841	-0.17009794611316217	0.1683107157768487	-0.04378954972751067	-0.41600625644456923	-0.017345888594717453	-0.27989969044078195
ENSMUSG00000063760	-0.03422812355142157	-0.23148009736597183	-0.10861136043996979	-0.5569295760863763	-0.040759050724038674	1.0314178128233924	0.027819448723305412	-0.0009505725823311384
ENSMUSG00000013928	-0.08112326256996442	0.09182216961963015	0.06899046374169196	0.6439354426049847	0.06323415368266816	0.6498903752190439	0.01385179452177699	-0.019396805393436578
ENSMUSG00000079513	-0.06837380424780108	0.0016698740314742277	0.07462741963791297	0.22788823800622396	-0.169271780078888	-0.9662414830147603	-0.025316718112619405	-0.20616249704002076
ENSMUSG00000038233	-0.047710576966986856	0.00039245573121635124	-0.03411286511054438	0.1893493052955099	-0.0031790444542127236	-0.3152254630914953	0.018060329929882286	-0.01413648406793161
ENSMUSG00000094112	-0.0025009155605995037	0.07382404999591118	-0.17421469206559265	0.0451636003275836	-0.07718711217717826	-0.45361744521896386	0.01361648015604891	-0.11525710213994522
ENSMUSG00000037373	0.02437944145261659	0.08184481007369207	0.30283619740673945	0.35025117135488204	-0.04307929618556572	0.5507607647151216	0.03457083433995551	0.10962099622824274
ENSMUSG00000016534	0.04117655910922439	0.09445274879837333	0.5732578719782145	0.7640377581732154	-0.12436629912234486	-0.4077799536142358	-0.026097717961627742	-0.09617721748502214
ENSMUSG00000114594	0.021003812948014317	0.06667411636280841	-0.12369661621942615	-0.052038262970956865	0.022701076425587604	-0.5431766055382518	0.018790936456507756	-0.26296916891508554
ENSMUSG00000039720	-0.04422734307729215	0.0572222894443483	0.09071432840609377	0.4945226154325345	0.0413635459500325	0.3043800927468077	0.02353338194178422	0.04402948792675163
ENSMUSG00000032757	0.052775239473408564	0.1478327350375111	0.1264319639012712	0.24875978019518669	-0.043958987280747645	-0.22330051314496271	-0.006638060417734348	-0.09974527378054628
ENSMUSG00000031577	0.06664387218189989	0.09486584703869992	0.4646651493401711	0.35023320650215534	0.0720003441925301	0.400155653104881	0.025390913492942202	0.03860730150573258
ENSMUSG00000046287	-0.007312438674795928	0.006886759011784649	-0.05512318121346924	-0.24505742382517187	-0.12752613792790865	-0.08820061443204603	0.02320051822035404	0.167802393060922
ENSMUSG00000107588	0.07326542018056072	0.03026751340751732	-0.23008705388864997	-0.20403577346413346	0.2588116862280572	-0.5480638234790254	-0.0926582706397094	0.06945512708507384
ENSMUSG00000035678	0.21247936481333257	-0.1318547521497178	-0.13749528540744302	-0.2740861597798682	0.12129636853481625	0.9797561141187906	-0.06703482880654799	0.22979837346057658
ENSMUSG00000074195	0.02410060711500952	0.08658059202269977	-0.16557258467600186	0.11048933865298441	-0.021416097214698383	-0.5001267566675149	0.008533175581576402	-0.2502215193001354
ENSMUSG00000056306	0.04833248469810917	-0.26043819555310366	-0.17547668522005905	-0.6527356783960155	0.051310853842344475	1.0281850292494559	-0.047663664941602735	0.07062156515815515
ENSMUSG00000109835	-0.018644963969870254	0.0788916528589643	-0.11563317222813167	0.08473882246738977	-0.07310014565775974	-0.3453718479690255	-0.04602716559916164	-0.3009592055698213
ENSMUSG00000099922	-0.023450537454652087	0.07392174188913274	0.04539304979957051	0.19152977489581124	-0.02455360784101625	0.16248172287846216	0.021820209885727727	0.03214370320915909
ENSMUSG00000058147	-0.018843677035075397	0.07060483848268986	0.1184517248916491	0.22955040967972465	-0.24169864180711143	-0.5432265744258855	-0.016441148553841822	-0.17823620799438353
ENSMUSG00000100182	0.010797340886506662	0.09587334850895173	-0.182034857481209	-0.007088235314753777	0.03692239418800686	-0.38572946106718536	0.018794517543519587	-0.05430231613155479
ENSMUSG00000112731	0.007718732619022308	0.08693268754622879	-0.045268887666497684	-0.0029591159844844506	-0.014698247061816973	-0.44095478290497675	0.020202978894986887	-0.11283593856089726
ENSMUSG00000105586	0.01707298363823699	0.08215539782992602	-0.14166684638190655	-0.18559841608805536	-0.005858161017620711	-0.5219802781961769	0.024957505127121863	-0.07306788739778905
ENSMUSG00000038068	-0.010158827261241414	-0.26542655597997716	-0.09204761821489679	-0.552939932318396	0.046754959314126314	0.9638587080198924	-0.009278555369538977	0.14864940645412383
ENSMUSG00000020850	0.030648581417729658	0.11628227679634273	0.6126894898387283	0.35079020710484854	0.027662816068464467	0.13950462695095597	0.016631847215385565	-0.0015470932125811743
ENSMUSG00000049420	-0.014033870840687634	-0.12547631189502567	-0.12134962174154809	-0.5918858918024966	-0.029208387802052684	1.0028876822726296	0.04038635184791631	0.11505717406077078
ENSMUSG00000036291	0.06358782737671126	0.051963504045622194	0.1403354165532099	0.07408729355800703	0.0072906909682484144	0.7249571339714799	0.043826822818457026	0.16896322022151236
ENSMUSG00000114426	-0.06566915554746316	0.05144337040423415	0.24409304429577172	0.8036265477369837	0.008848885684290562	-0.8803258898597223	-0.0014232180583352017	-0.2618555456106511
ENSMUSG00000003779	0.0035237588985038274	0.0914766770496201	0.374470817611257	0.46640294138236277	-0.03326676816656002	0.5768415656022147	0.02599291327619312	-0.0013742338493889505
ENSMUSG00000086825	0.027476346801637453	0.07901633996213331	-0.13058781191274688	0.09519611258370043	0.010377568112250102	-0.6333151790642751	0.018580080116184443	-0.17996404048620943
ENSMUSG00000056055	-0.016745296940207544	0.08467665597661767	-0.11042982913178766	0.1408396682746637	0.049461775062017585	-0.6617161397386565	0.01864531536223888	-0.08061880321348502
ENSMUSG00000101317	-0.35826336118232166	-0.08550035940673184	0.18923472308044684	0.2379523899970694	-0.3305065580116223	-1.1077912655574318	-0.06831823279971361	-0.28738316655090523
ENSMUSG00000102780	0.007724877706959952	0.0502860789354423	-0.1320064886830678	-0.0006401337975874277	-0.026518093205178304	-0.6268409812199867	0.012238355161412787	-0.2580942103438534
ENSMUSG00000045075	-0.04285205918347045	0.0024183770975852448	-0.17341195649664265	-0.09347378731285022	0.09707574216869859	-0.20778423228239284	0.02456101963906338	0.03050358997139181
ENSMUSG00000118106	0.13869227020409136	-0.08447862597007248	-0.08682272416062567	-0.1598898960560166	0.138839923883173	1.026702109871989	-0.07879967091436502	0.21586535874516227
ENSMUSG00000061143	0.003257384152921483	-0.28475157432009934	-0.09820167839856088	-0.47748441773083977	0.09653682513571082	1.1224647312779887	-0.03049193600990543	0.025562220992046133
ENSMUSG00000028001	-0.03280512153557433	0.08791925393294361	-0.17623567488855793	0.16978110668578716	0.07720051141228429	-0.5611887151200142	0.030339624324278613	-0.12478754556614857
ENSMUSG00000108596	-0.007705229894226752	0.05185446576840832	-0.09658928569241944	-0.1124588673123359	-0.02091637886764292	-0.643035601508994	0.021991482681563805	0.0029787357234773992
ENSMUSG00000029613	0.015239180620720518	0.02121573515145637	0.5253512804730104	0.08629781668842444	-0.46954394017605583	0.4596832003515392	0.010042479714901131	0.14908981940897847
ENSMUSG00000027070	-0.013471647963428146	-0.2688413190452475	0.022900202452090544	-0.3878088357537416	0.08965971631072714	1.0962849599059996	0.011491239796920434	0.06407831833537915
ENSMUSG00000032186	-0.006237686890298133	-0.22204275458131012	-0.08552505543351724	-0.5193318805772585	0.010597144084866603	1.0254605025831418	0.006564409125107955	0.12289020489254866
ENSMUSG00000028357	0.05006805590543257	-0.1741301175159565	-0.203910026506688	-0.6196782859989294	0.02687061413710995	0.06124519771496337	0.0217516367935201	0.29606731594845664
ENSMUSG00000050379	-0.010583271263050253	0.06334350388865345	0.0883799925827215	0.04986024697537341	-0.19436429595013355	-0.8605191023099741	0.03370866658244491	-0.0784478737326555
ENSMUSG00000084951	-0.07028237401841203	-0.06097524380797227	-0.02192074752001083	-0.2294544212694426	0.04459063191923665	0.5197461724350103	0.023022798240300825	0.28483925436789675
ENSMUSG00000032184	0.03901097607413018	-0.18056920901410586	-0.12075887345981333	-0.46751533002611145	0.13586879929677842	1.0751775286876173	-0.10899540236740297	0.05707786775372015
ENSMUSG00000085122	-0.00812419032846845	0.06746466453075477	0.11230354060894628	-0.026880227768328123	0.034472072435475974	-0.39916016130618204	0.03291464745294698	-0.15778842127272497
ENSMUSG00000101329	-0.40848584757614614	-0.15845881110813156	0.29781071560938255	0.3591185360034329	-0.34128077813743124	-1.2232013852455725	-0.12934416602125337	-0.3773365347895361
ENSMUSG00000010476	0.056336823406216305	-0.3399600625441404	-0.1905679148571779	-0.5807170122082832	0.32119383022358716	1.027008785325781	-0.24197608528405992	0.009959931960266663
ENSMUSG00000053821	0.20689128907269994	-0.19033379039748716	-0.2290507347237804	-0.5359116607266856	0.08181042816560166	0.8473331295275855	-0.052098634153984524	0.2368792410619054
ENSMUSG00000025163	-0.04118900350101836	0.046597075032986573	-0.1884557808020785	0.1419301318069266	0.004008326789062933	-0.6040238911831616	0.014960646117413963	-0.041648660733516966
ENSMUSG00000029660	-0.02958353794364621	0.02897634395829841	-0.04656172479226644	-0.0825341074138509	0.036220430414518	0.7076106136762836	0.031190409498797984	0.2849955298446056
ENSMUSG00000117713	-0.05402056792176241	0.06180691103417612	-0.06075984125719418	0.19238577635623216	0.013274732056169386	-0.3347329803856193	0.01695456863659802	-0.04555654162929123
ENSMUSG00000115784	-0.009962884300949416	0.06061840619791863	-0.13245867087266172	0.05261872228950868	-0.14847075807160917	-0.7095277187787723	0.006444181691127593	-0.15616071316951272
ENSMUSG00000114730	0.002485680119897804	0.09479530289883054	-0.08362151122417516	-0.008009515264805082	0.048978072474463626	-0.45650037940378996	0.019007869796235435	-0.14342711578093117
ENSMUSG00000111882	0.02268082075423924	0.08406754658648552	0.051757171072114534	0.2222819742241628	-0.047019814887539264	-0.5984035776387516	0.0007638821875719515	-0.2707455926972971
ENSMUSG00000024053	0.0012793168025705959	-0.19544152631584133	-0.09703032646457738	-0.5319579731751661	0.1041130903213269	0.9562952041180256	-0.06971043390561621	0.16832635427319678
ENSMUSG00000107653	0.017602774370228728	0.05869277679592623	-0.11160264025373245	0.037200311038681294	-0.056312527515324985	-0.6720809295596741	0.012336770649724604	-0.2298612051446613
ENSMUSG00000021737	0.09389252766579734	0.1313924597843456	0.5925632178661241	0.09445608406526755	0.02056300673127876	-0.08270970394898425	0.025057238790183	0.07525407929165795
ENSMUSG00000107519	-0.0021292911738596265	0.10615795974345277	-0.2056897466437242	-0.2630865846075349	-0.02285635174062342	-0.20662943200743422	-0.007935641527055618	-0.1399213632553755
ENSMUSG00000023057	0.016298862851543527	0.08688169635807498	-0.16716989541644467	-0.09714272569128411	0.0013204137195389487	-0.5700580333432517	0.025784881480105454	-0.10053604953927275
ENSMUSG00000110826	0.015526624819145974	0.05378760434391028	-0.07738759848393995	0.16594227488467475	-0.04363810009868881	-0.7102149361199428	0.008809614680367006	-0.04504430933741269
ENSMUSG00000099456	-0.2051935124280937	-0.16411349336294215	0.22738962931170814	0.36621571245989554	-0.31593012364322515	-1.1643534878540462	-0.14444306093251283	-0.3412252127167351
ENSMUSG00000043154	0.02216307210112464	0.005155844962938971	-0.035113322619046435	-0.2750577163200583	-0.008696628751362769	0.8401525492666657	0.046371677230382984	0.2758114418442023
ENSMUSG00000071658	0.008139194962642959	0.005468186467905589	0.30485338490882263	0.4723141462809361	0.4115447315021499	0.23684626609297835	0.022902169114739416	-0.026887522050813947
ENSMUSG00000006288	0.09434493776008793	0.110443777186733	0.5140985450159182	0.41268487831879586	0.011280111270062454	0.05152040595101243	0.018350470818155804	-0.061609722972068716
ENSMUSG00000061474	0.07560767336557066	0.09477290280343303	0.14431683440412188	0.3321295794007932	0.034751319850679946	0.4688805875169312	0.027369883869345912	0.05148400873450126
ENSMUSG00000068614	-0.01908925838414401	0.07932894585652144	-0.08206482065497232	0.20486031059825333	-0.05232878178140032	-0.7397594010058683	0.016500380667012537	-0.09673383328245949
ENSMUSG00000092278	-0.010674039579871786	-0.015806069252523768	-0.20115345793740577	-0.21224129893376717	0.04046944749074532	-0.34921806091992963	0.04285055980843331	0.1773810936767399
ENSMUSG00000001763	0.0007441176894555368	-0.20296665259005103	-0.08472638748012867	-0.5153809410951284	0.05148866474322417	0.9436258401559107	-0.0402519674444724	0.1651312464521018
ENSMUSG00000106767	0.059886502219236026	0.11492744610296343	0.6044114776247348	0.6633787698826242	-0.015583010460207969	-0.42830381683894503	0.00020973779067501308	-0.14878544941708546
ENSMUSG00000081044	-0.003658353373641546	0.062065411739876064	0.35726043925673245	0.000629291806390167	-0.12024930812167173	-0.4338079069044546	0.027937278167079516	0.009871743601796974
ENSMUSG00000103170	0.043031716920911046	-0.08411144742513797	-0.25604966729882594	-0.5612793359742343	0.087935988725815	0.2893371615005243	-0.006066047974696787	0.19723240829314997
ENSMUSG00000111303	0.014127410478068425	0.07226118472944999	-0.12291767746168154	0.10685203071824093	-0.06784532291743932	-0.7664499603109719	0.015929496293027316	-0.08028146703467179
ENSMUSG00000086407	-0.02009836217715606	0.07878564192111429	-0.24728922601798467	0.004940451271822965	0.12032832210397296	-0.5725097130603818	0.019419012798433024	-0.0277905061220438
ENSMUSG00000023802	0.015237802601004772	0.06797137044319951	-0.17875135537716952	0.07978741088764701	-0.06146032762165267	-0.7028258568459286	0.004740994635826334	-0.18368523576180273
ENSMUSG00000114049	-0.015298621486922988	0.05733113541377769	0.05901597625420089	-0.008213264968268463	-0.12946759104013097	-0.5227402521383303	0.023304924233294864	-0.0903905810805446
ENSMUSG00000116569	0.32078684015748316	-0.3516971043400972	-0.38857618786202075	-0.7643167524365457	0.27720329862574816	1.0197843723390179	-0.4188576568061216	0.015176555390746305
ENSMUSG00000073876	-0.026824197555331015	0.05474751807226658	0.21050206931909335	-0.060768928183223186	-0.5505850249003822	-0.42814365080393463	-0.006473575967824052	0.10685839399822038
ENSMUSG00000090996	0.018949848641620488	-0.0016981953209675993	-0.1676947781747663	0.015758414381489023	0.16011696227741226	0.5028519256917321	-0.032935544132156054	0.27398438401326397
ENSMUSG00000020978	0.023798826480004656	-0.10776508462429349	0.19802682383227146	-0.2690200045477462	0.07837500383740352	0.9500715167235886	0.008447325946091544	0.2092000337567968
ENSMUSG00000052316	-0.05236800880149098	-0.17208869816767813	-0.010218168256233284	-0.43324520509022324	0.04160907826696831	0.6358614800629053	0.01065556266929491	0.26205880042455376
ENSMUSG00000107756	0.03692472082636855	0.12327562975836151	0.2217162342609139	0.5057054853022614	0.09883775818751442	-0.3449729027143519	0.021249625115725257	-0.06457519855081563
ENSMUSG00000089829	-0.04401864985425481	-0.06419988663967692	-0.07315562564787509	-0.23852169073817917	0.0818644004365517	0.28035880701468696	0.02217553739281536	0.25466932996334934
ENSMUSG00000021109	0.051932578592786265	0.0923933849834783	0.1609223918292546	0.12414061298735002	0.034285471052139194	-0.5351357433890646	0.025574138237124646	-0.06020914917175768
ENSMUSG00000079265	0.022764623664366244	0.07954463148664605	-0.16845787842860388	0.14559034113847238	-0.05881496391870115	-0.6770386789230289	0.0018304135450172287	-0.15726342109193556
ENSMUSG00000096846	0.009437407302883116	0.04219336470682138	-0.08152482302713801	0.01161319238728757	-0.09046248571743458	-0.8624362628423405	0.017500304165339344	-0.13504088699525144
ENSMUSG00000051726	0.2718498020453487	-0.26902665356388844	-0.29230586286998755	-0.6620043369692343	0.18229871746382875	0.9594177634228116	-0.21775896320332172	0.16042295940587648
ENSMUSG00000085802	-0.05504480086469698	0.04975275229634378	0.4444527326273293	0.5746864745892136	0.0069398110164961	-0.16529177890802318	0.017913018314788573	-0.055139659123938145
ENSMUSG00000048022	0.22103054830698882	-0.09839968435196154	-0.3111854130942385	-0.5382102601160608	0.277388419190965	1.0587481421546476	-0.31300822687654006	0.09654610344426867
ENSMUSG00000047841	-0.09007435054270782	-0.05787711731502907	-0.055925997316501025	0.008939098628876374	0.030434034873075805	0.3752256132719627	0.029532802212352924	0.24451250132797298
ENSMUSG00000097910	0.27994513765905726	-0.28057194982681694	-0.3960068708285497	-0.732549687122598	0.18524543097975224	0.9329880338785327	-0.2878949771191891	0.16172843281369875
ENSMUSG00000045312	0.007244724726716445	-0.2446670818930665	-0.09150156684408028	-0.5413054337478389	0.06608759521169884	1.0728824606904352	-0.03436504987915945	0.058226903223945525
ENSMUSG00000086874	-0.032302056878020326	0.06750377614812833	-0.11074173626283976	-0.016195434116044103	-0.0012336564884808388	-0.7371634256126025	0.017783463020548593	-0.11037087282887438
ENSMUSG00000085090	-0.0151701906559099	0.06969959520372636	-0.1499466517340829	-0.11895965354355134	-0.06204995379263072	-0.6174431623717246	0.018336004110267812	-0.06942621133932132
ENSMUSG00000110691	-0.006815537011838402	0.11523680721463872	-0.019255401285287462	0.399492045398552	-0.07256718433348891	-0.3822639048224183	-0.03359775574648962	-0.21237662068342472
ENSMUSG00000013419	0.11720321448985212	-0.18464710151063973	-0.11589041868497219	-0.35555078141133883	0.19407536627820274	0.9719636445958292	-0.12279574864841045	0.20701945801464966
ENSMUSG00000051278	0.10969696854129998	0.11410874673644732	0.3366917880528462	0.49429823468595	0.0011968191638696002	0.5112528272052772	0.029576206653872658	-0.013133796325814701
ENSMUSG00000115383	0.06678039465600623	0.16441235465305193	0.38139221931989836	0.5225931051050123	0.019211197591101677	-0.3221641179272951	0.017311943163084043	-0.13624830010760913
ENSMUSG00000071862	0.053974040843419765	0.1189366535617418	0.2650254206151226	0.31801771764861	0.07954780236950149	-0.39080756966769936	0.023950317425257606	-0.13492037826050424
